{
    "animation": [
        {
            "name": "Root",
            "time": [0.0, 0.3333, 0.8333, 1.3333, 1.6667],
            "transform": [
                [0.780084, -0.061987, -0.622596, -5e-06, -0.616013, -0.250288, -0.746916, 0.000946, -0.109529, 0.966185, -0.23343, 0.614777, 0.0, 0.0, 0.0, 1.0],
                [0.780084, -0.061987, -0.622596, -5e-06, -0.616013, -0.250288, -0.746916, 0.000946, -0.109529, 0.966185, -0.23343, 0.614777, 0.0, 0.0, 0.0, 1.0],
                [0.780084, -0.061987, -0.622596, -5e-06, -0.616013, -0.250288, -0.746916, 0.000946, -0.109529, 0.966185, -0.23343, 0.566233, 0.0, 0.0, 0.0, 1.0],
                [0.780084, -0.061987, -0.622596, -5e-06, -0.616013, -0.250288, -0.746916, 0.000946, -0.109529, 0.966185, -0.23343, 0.566233, 0.0, 0.0, 0.0, 1.0],
                [0.780084, -0.061987, -0.622596, -5e-06, -0.616013, -0.250288, -0.746916, 0.000946, -0.109529, 0.966185, -0.23343, 0.614777, 0.0, 0.0, 0.0, 1.0]
            ]
        },
        {
            "name": "Thigh_R",
            "time": [0.0, 0.3333, 0.8333, 1.3333, 1.6667],
            "transform": [
                [0.77942, 0.139907, -0.61068, 0.139708, 0.089403, -0.989607, -0.112613, 0.00723, -0.620089, 0.033176, -0.78383, -0.042079, 0.0, 0.0, 0.0, 1.0],
                [0.77942, 0.139907, -0.61068, 0.139708, 0.089403, -0.989607, -0.112613, 0.00723, -0.620089, 0.033176, -0.78383, -0.042079, 0.0, 0.0, 0.0, 1.0],
                [0.815222, -0.101336, -0.570213, 0.139708, 0.077043, -0.956845, 0.280195, 0.00723, -0.574, -0.272351, -0.772236, -0.042079, 0.0, 0.0, 0.0, 1.0],
                [0.815222, -0.101336, -0.570213, 0.139708, 0.077043, -0.956845, 0.280195, 0.00723, -0.574, -0.272351, -0.772236, -0.042079, 0.0, 0.0, 0.0, 1.0],
                [0.77942, 0.139907, -0.61068, 0.139708, 0.089403, -0.989607, -0.112613, 0.00723, -0.620089, 0.033176, -0.78383, -0.042079, 0.0, 0.0, 0.0, 1.0]
            ]
        },
        {
            "name": "Leg_R",
            "time": [0.0, 0.3333, 0.8333, 1.3333, 1.6667],
            "transform": [
                [1.0, -0.0, 1e-06, 0.0, -0.0, 0.965677, 0.259748, 0.374726, -1e-06, -0.259748, 0.965676, 0.0, 0.0, 0.0, 0.0, 1.0],
                [1.0, -0.0, 1e-06, 0.0, -0.0, 0.965677, 0.259748, 0.374726, -1e-06, -0.259748, 0.965676, 0.0, 0.0, 0.0, 0.0, 1.0],
                [1.0, -1e-06, 1e-06, -0.0, -0.0, 0.321645, 0.94686, 0.374726, -1e-06, -0.946861, 0.321645, -0.0, 0.0, 0.0, 0.0, 1.0],
                [1.0, -1e-06, 1e-06, -0.0, -0.0, 0.321645, 0.94686, 0.374726, -1e-06, -0.946861, 0.321645, -0.0, 0.0, 0.0, 0.0, 1.0],
                [1.0, -0.0, 1e-06, 0.0, -0.0, 0.965677, 0.259748, 0.374726, -1e-06, -0.259748, 0.965676, 0.0, 0.0, 0.0, 0.0, 1.0]
            ]
        },
        {
            "name": "Knee_R",
            "time": [0.0, 0.3333, 0.8333, 1.3333, 1.6667],
            "transform": [
                [1.0, 0.0, 0.0, 0.0, -0.0, 1e-06, -1.0, 0.399479, -0.0, 1.0, 1e-06, 0.0, 0.0, 0.0, 0.0, 1.0],
                [1.0, 0.0, 0.0, 0.0, -0.0, 1e-06, -1.0, 0.399479, -0.0, 1.0, 1e-06, 0.0, 0.0, 0.0, 0.0, 1.0],
                [1.0, 0.0, 0.0, -0.0, 0.0, 1e-06, -1.0, 0.399479, -0.0, 1.0, 1e-06, 0.0, 0.0, 0.0, 0.0, 1.0],
                [1.0, 0.0, 0.0, -0.0, 0.0, 1e-06, -1.0, 0.399479, -0.0, 1.0, 1e-06, 0.0, 0.0, 0.0, 0.0, 1.0],
                [1.0, 0.0, 0.0, 0.0, -0.0, 1e-06, -1.0, 0.399479, -0.0, 1.0, 1e-06, 0.0, 0.0, 0.0, 0.0, 1.0]
            ]
        },
        {
            "name": "Thigh_L",
            "time": [0.0, 0.3333, 0.8333, 1.3333, 1.6667],
            "transform": [
                [0.829837, -0.145672, -0.538655, -0.030258, -0.139173, -0.988848, 0.053015, 0.026454, -0.540371, 0.030973, -0.840856, 0.115787, 0.0, 0.0, 0.0, 1.0],
                [0.829837, -0.145672, -0.538655, -0.030258, -0.139173, -0.988848, 0.053015, 0.026454, -0.540371, 0.030973, -0.840856, 0.115787, 0.0, 0.0, 0.0, 1.0],
                [-0.139579, -0.677853, -0.721825, -0.084407, -0.077172, -0.719297, 0.690402, -0.015613, -0.987198, 0.152071, 0.048088, 0.174542, 0.0, 0.0, 0.0, 1.0],
                [-0.139579, -0.677853, -0.721825, -0.084407, -0.077172, -0.719297, 0.690402, -0.015613, -0.987198, 0.152071, 0.048088, 0.174542, 0.0, 0.0, 0.0, 1.0],
                [0.829837, -0.145672, -0.538655, -0.030258, -0.139173, -0.988848, 0.053015, 0.026454, -0.540371, 0.030973, -0.840856, 0.115787, 0.0, 0.0, 0.0, 1.0]
            ]
        },
        {
            "name": "Leg_L",
            "time": [0.0, 0.3333, 0.8333, 1.3333, 1.6667],
            "transform": [
                [1.0, -0.0, 1e-06, 0.0, -0.0, 0.906733, 0.421706, 0.374726, -1e-06, -0.421705, 0.906733, 0.0, 0.0, 0.0, 0.0, 1.0],
                [1.0, -0.0, 1e-06, 0.0, -0.0, 0.906733, 0.421706, 0.374726, -1e-06, -0.421705, 0.906733, 0.0, 0.0, 0.0, 0.0, 1.0],
                [1.0, -1e-06, 1e-06, 0.0, -0.0, 0.657615, 0.753354, 0.374726, -1e-06, -0.753354, 0.657616, 0.0, 0.0, 0.0, 0.0, 1.0],
                [1.0, -1e-06, 1e-06, 0.0, -0.0, 0.657615, 0.753354, 0.374726, -1e-06, -0.753354, 0.657616, 0.0, 0.0, 0.0, 0.0, 1.0],
                [1.0, -0.0, 1e-06, 0.0, -0.0, 0.906733, 0.421706, 0.374726, -1e-06, -0.421705, 0.906733, 0.0, 0.0, 0.0, 0.0, 1.0]
            ]
        },
        {
            "name": "Knee_L",
            "time": [0.0, 0.3333, 0.8333, 1.3333, 1.6667],
            "transform": [
                [1.0, 0.0, 0.0, 0.0, 0.0, 1e-06, -1.0, 0.37472, -0.0, 1.0, 1e-06, -0.0, 0.0, 0.0, 0.0, 1.0],
                [1.0, 0.0, 0.0, 0.0, 0.0, 1e-06, -1.0, 0.37472, -0.0, 1.0, 1e-06, -0.0, 0.0, 0.0, 0.0, 1.0],
                [1.0, 0.0, 0.0, 0.0, 0.0, 1e-06, -1.0, 0.37472, 0.0, 1.0, 1e-06, 0.0, 0.0, 0.0, 0.0, 1.0],
                [1.0, 0.0, 0.0, 0.0, 0.0, 1e-06, -1.0, 0.37472, 0.0, 1.0, 1e-06, 0.0, 0.0, 0.0, 0.0, 1.0],
                [1.0, 0.0, 0.0, 0.0, 0.0, 1e-06, -1.0, 0.37472, -0.0, 1.0, 1e-06, -0.0, 0.0, 0.0, 0.0, 1.0]
            ]
        },
        {
            "name": "Torso",
            "time": [0.0, 0.3333, 0.8333, 1.3333, 1.6667],
            "transform": [
                [0.844692, -0.096263, 0.526525, -0.0, -0.008458, 0.981172, 0.192953, 0.05, -0.535185, -0.167439, 0.827974, 0.0, 0.0, 0.0, 0.0, 1.0],
                [0.844692, -0.096263, 0.526525, -0.0, -0.008458, 0.981172, 0.192953, 0.05, -0.535185, -0.167439, 0.827974, 0.0, 0.0, 0.0, 0.0, 1.0],
                [0.844692, -0.096263, 0.526525, -0.0, -0.008458, 0.981172, 0.192953, 0.05, -0.535185, -0.167439, 0.827974, -0.0, 0.0, 0.0, 0.0, 1.0],
                [0.844692, -0.096263, 0.526525, -0.0, -0.008458, 0.981172, 0.192953, 0.05, -0.535185, -0.167439, 0.827974, -0.0, 0.0, 0.0, 0.0, 1.0],
                [0.844692, -0.096263, 0.526525, -0.0, -0.008458, 0.981172, 0.192953, 0.05, -0.535185, -0.167439, 0.827974, 0.0, 0.0, 0.0, 0.0, 1.0]
            ]
        },
        {
            "name": "Chest",
            "time": [0.0, 0.3333, 0.8333, 1.3333, 1.6667],
            "transform": [
                [0.98423, -0.054921, 0.168151, -0.0, -0.008604, 0.934592, 0.355618, 0.3, -0.176683, -0.351456, 0.919381, 0.0, 0.0, 0.0, 0.0, 1.0],
                [0.929283, -0.105968, 0.353842, -0.0, 0.281276, 0.823931, -0.491958, 0.3, -0.239409, 0.556695, 0.795471, 0.0, 0.0, 0.0, 0.0, 1.0],
                [0.968024, 0.060401, 0.243478, 0.0, -0.206666, 0.742169, 0.637554, 0.3, -0.142193, -0.667486, 0.73092, 0.0, 0.0, 0.0, 0.0, 1.0],
                [0.968024, 0.060401, 0.243478, 0.0, -0.206666, 0.742169, 0.637554, 0.3, -0.142193, -0.667486, 0.73092, 0.0, 0.0, 0.0, 0.0, 1.0],
                [0.98423, -0.054921, 0.168151, -0.0, -0.008604, 0.934592, 0.355618, 0.3, -0.176683, -0.351456, 0.919381, 0.0, 0.0, 0.0, 0.0, 1.0]
            ]
        },
        {
            "name": "Head",
            "time": [0.0, 0.3333, 0.8333, 1.3333, 1.6667],
            "transform": [
                [0.999848, 0.017133, 0.003238, 0.0, -0.016881, 0.997671, -0.066084, 0.4, -0.004363, 0.06602, 0.997809, 0.0, 0.0, 0.0, 0.0, 1.0],
                [0.998896, 0.022987, -0.040974, -0.0, -0.025651, 0.997507, -0.065733, 0.4, 0.039361, 0.066711, 0.996996, -0.0, 0.0, 0.0, 0.0, 1.0],
                [0.999848, 0.017133, 0.003238, 0.0, -0.016881, 0.997671, -0.066084, 0.4, -0.004363, 0.06602, 0.997809, 0.0, 0.0, 0.0, 0.0, 1.0],
                [0.999848, 0.017133, 0.003238, 0.0, -0.016881, 0.997671, -0.066084, 0.4, -0.004363, 0.06602, 0.997809, 0.0, 0.0, 0.0, 0.0, 1.0],
                [0.999848, 0.017133, 0.003238, 0.0, -0.016881, 0.997671, -0.066084, 0.4, -0.004363, 0.06602, 0.997809, 0.0, 0.0, 0.0, 0.0, 1.0]
            ]
        },
        {
            "name": "Shoulder_R",
            "time": [0.0, 0.3333, 0.8333, 1.3333, 1.6667],
            "transform": [
                [-0.018195, 0.962396, 0.271038, 0.0, 0.047011, -0.269959, 0.961723, 0.4, 0.998728, 0.030241, -0.040331, 0.0, 0.0, 0.0, 0.0, 1.0],
                [-0.018195, 0.962396, 0.271038, -0.0, 0.047011, -0.269959, 0.961723, 0.4, 0.998728, 0.030241, -0.040331, -0.0, 0.0, 0.0, 0.0, 1.0],
                [-0.018195, 0.962396, 0.271038, 0.0, 0.047011, -0.269959, 0.961723, 0.4, 0.998728, 0.030241, -0.040331, 0.0, 0.0, 0.0, 0.0, 1.0],
                [-0.018195, 0.962396, 0.271038, 0.0, 0.047011, -0.269959, 0.961723, 0.4, 0.998728, 0.030241, -0.040331, 0.0, 0.0, 0.0, 0.0, 1.0],
                [-0.018195, 0.962396, 0.271038, 0.0, 0.047011, -0.269959, 0.961723, 0.4, 0.998728, 0.030241, -0.040331, 0.0, 0.0, 0.0, 0.0, 1.0]
            ]
        },
        {
            "name": "Arm_R",
            "time": [0.0, 0.3333, 0.8333, 1.3333, 1.6667],
            "transform": [
                [0.06583, -0.09156, -0.993621, 0.0, 0.815017, 0.579436, 0.000603, 0.39386, 0.575685, -0.809858, 0.112767, 0.0, 0.0, 0.0, 0.0, 1.0],
                [0.185489, -0.982454, -0.019417, 0.0, 0.974926, 0.181524, 0.128716, 0.39386, -0.122933, -0.042806, 0.991491, 0.0, 0.0, 0.0, 0.0, 1.0],
                [0.245093, -0.949241, -0.197155, 0.0, 0.917717, 0.292726, -0.268528, 0.39386, 0.31261, -0.115118, 0.94288, -0.0, 0.0, 0.0, 0.0, 1.0],
                [0.245093, -0.949241, -0.197155, 0.0, 0.917717, 0.292726, -0.268528, 0.39386, 0.31261, -0.115118, 0.94288, -0.0, 0.0, 0.0, 0.0, 1.0],
                [0.06583, -0.09156, -0.993621, 0.0, 0.815017, 0.579436, 0.000603, 0.39386, 0.575685, -0.809858, 0.112767, 0.0, 0.0, 0.0, 0.0, 1.0]
            ]
        },
        {
            "name": "Hand_R",
            "time": [0.0, 0.3333, 0.8333, 1.3333, 1.6667],
            "transform": [
                [0.985207, -0.120358, -0.121986, 0.0, 0.037042, 0.844582, -0.534144, 0.300003, 0.167316, 0.521724, 0.836546, 0.0, 0.0, 0.0, 0.0, 1.0],
                [1.0, -0.0, 0.0, -0.0, 0.0, 0.550858, -0.834599, 0.300003, 0.0, 0.834599, 0.550858, -0.0, 0.0, 0.0, 0.0, 1.0],
                [1.0, -0.0, 0.0, -0.0, 0.0, 0.628885, -0.777499, 0.300003, -0.0, 0.777498, 0.628885, -0.0, 0.0, 0.0, 0.0, 1.0],
                [1.0, -0.0, 0.0, -0.0, 0.0, 0.628885, -0.777499, 0.300003, -0.0, 0.777498, 0.628885, -0.0, 0.0, 0.0, 0.0, 1.0],
                [0.985207, -0.120358, -0.121986, 0.0, 0.037042, 0.844582, -0.534144, 0.300003, 0.167316, 0.521724, 0.836546, 0.0, 0.0, 0.0, 0.0, 1.0]
            ]
        },
        {
            "name": "Tool_R",
            "time": [0.0, 0.1667, 0.3333, 0.5, 0.8333, 1.3333, 1.6667],
            "transform": [
                [0.998134, 0.019335, 0.056392, 0.001877, 0.044204, -0.874409, -0.482415, 0.285422, 0.04, 0.483843, -0.874082, -0.036183, 0.0, 0.0, 0.0, 1.0],
                [0.750219, 0.620674, -0.226564, 0.016309, 0.629072, -0.775922, -0.041282, 0.248029, -0.201358, -0.111592, -0.973103, 0.071363, 0.0, 0.0, 0.0, 1.0],
                [-0.106256, -0.036835, 0.993634, 0.016309, 0.42461, -0.905094, 0.011886, 0.248029, 0.898623, 0.423312, 0.111875, 0.071363, 0.0, 0.0, 0.0, 1.0],
                [-0.489279, -0.854877, -0.171436, 0.016309, 0.870871, -0.48759, -0.055673, 0.248029, -0.035986, -0.176598, 0.983604, 0.071363, 0.0, 0.0, 0.0, 1.0],
                [-0.579624, -0.81126, -0.07366, 0.016309, 0.814329, -0.577787, -0.04849, 0.248029, -0.003221, -0.088119, 0.996087, 0.071363, 0.0, 0.0, 0.0, 1.0],
                [-0.579624, -0.81126, -0.07366, 0.016309, 0.814329, -0.577787, -0.04849, 0.248029, -0.003221, -0.088119, 0.996087, 0.071363, 0.0, 0.0, 0.0, 1.0],
                [0.998134, 0.019335, 0.056392, 0.001877, 0.044204, -0.874409, -0.482415, 0.285422, 0.04, 0.483843, -0.874082, -0.036183, 0.0, 0.0, 0.0, 1.0]
            ]
        },
        {
            "name": "Elbow_R",
            "time": [0.0, 0.3333, 0.8333, 1.3333, 1.6667],
            "transform": [
                [-1.0, -0.0, -0.0, -0.0, 0.0, -0.0, -1.0, 0.402854, 0.0, -1.0, -0.0, -0.0, 0.0, 0.0, 0.0, 1.0],
                [-1.0, 0.0, 0.0, 0.0, -0.0, -0.0, -1.0, 0.402854, -0.0, -1.0, -0.0, -0.0, 0.0, 0.0, 0.0, 1.0],
                [-1.0, 0.0, -0.0, -0.0, 0.0, -0.0, -1.0, 0.402854, 0.0, -1.0, 0.0, -0.0, 0.0, 0.0, 0.0, 1.0],
                [-1.0, 0.0, -0.0, -0.0, 0.0, -0.0, -1.0, 0.402854, 0.0, -1.0, 0.0, -0.0, 0.0, 0.0, 0.0, 1.0],
                [-1.0, -0.0, -0.0, -0.0, 0.0, -0.0, -1.0, 0.402854, 0.0, -1.0, -0.0, -0.0, 0.0, 0.0, 0.0, 1.0]
            ]
        },
        {
            "name": "Shoulder_L",
            "time": [0.0, 0.3333, 0.8333, 1.3333, 1.6667],
            "transform": [
                [-0.084269, -0.95005, -0.300505, 0.0, 0.022067, -0.303283, 0.952645, 0.4, -0.996198, 0.073647, 0.046523, 0.0, 0.0, 0.0, 0.0, 1.0],
                [-0.084269, -0.95005, -0.300505, -0.0, 0.022068, -0.303283, 0.952645, 0.4, -0.996198, 0.073647, 0.046523, -0.0, 0.0, 0.0, 0.0, 1.0],
                [-0.084269, -0.95005, -0.300505, 0.0, 0.022067, -0.303283, 0.952645, 0.4, -0.996198, 0.073647, 0.046523, 0.0, 0.0, 0.0, 0.0, 1.0],
                [-0.084269, -0.95005, -0.300505, 0.0, 0.022067, -0.303283, 0.952645, 0.4, -0.996198, 0.073647, 0.046523, 0.0, 0.0, 0.0, 0.0, 1.0],
                [-0.084269, -0.95005, -0.300505, 0.0, 0.022067, -0.303283, 0.952645, 0.4, -0.996198, 0.073647, 0.046523, 0.0, 0.0, 0.0, 0.0, 1.0]
            ]
        },
        {
            "name": "Arm_L",
            "time": [0.0, 0.3333, 0.8333, 1.3333, 1.6667],
            "transform": [
                [0.077392, -0.066524, 0.994779, -0.0, -0.829937, 0.548591, 0.101254, 0.39386, -0.552463, -0.83344, -0.012754, -0.0, 0.0, 0.0, 0.0, 1.0],
                [0.077392, -0.066524, 0.994779, -0.0, -0.829937, 0.548591, 0.101254, 0.39386, -0.552463, -0.83344, -0.012754, 0.0, 0.0, 0.0, 0.0, 1.0],
                [0.077392, -0.066524, 0.994779, -0.0, -0.829937, 0.548591, 0.101254, 0.39386, -0.552463, -0.83344, -0.012755, -0.0, 0.0, 0.0, 0.0, 1.0],
                [0.077392, -0.066524, 0.994779, -0.0, -0.829937, 0.548591, 0.101254, 0.39386, -0.552463, -0.83344, -0.012755, -0.0, 0.0, 0.0, 0.0, 1.0],
                [0.077392, -0.066524, 0.994779, -0.0, -0.829937, 0.548591, 0.101254, 0.39386, -0.552463, -0.83344, -0.012754, -0.0, 0.0, 0.0, 0.0, 1.0]
            ]
        },
        {
            "name": "Hand_L",
            "time": [0.0, 0.3333, 0.8333, 1.3333, 1.6667],
            "transform": [
                [0.99992, -0.002001, 0.012455, -0.0, 0.008802, 0.817947, -0.575228, 0.300003, -0.009036, 0.575292, 0.817899, 0.0, 0.0, 0.0, 0.0, 1.0],
                [0.99992, -0.002001, 0.012455, -0.0, 0.008802, 0.817947, -0.575228, 0.300003, -0.009036, 0.575292, 0.817899, 0.0, 0.0, 0.0, 0.0, 1.0],
                [0.99992, -0.002001, 0.012455, 0.0, 0.008802, 0.817947, -0.575228, 0.300003, -0.009036, 0.575292, 0.817899, -0.0, 0.0, 0.0, 0.0, 1.0],
                [0.99992, -0.002001, 0.012455, 0.0, 0.008802, 0.817947, -0.575228, 0.300003, -0.009036, 0.575292, 0.817899, -0.0, 0.0, 0.0, 0.0, 1.0],
                [0.99992, -0.002001, 0.012455, -0.0, 0.008802, 0.817947, -0.575228, 0.300003, -0.009036, 0.575292, 0.817899, 0.0, 0.0, 0.0, 0.0, 1.0]
            ]
        },
        {
            "name": "Tool_L",
            "time": [0.0, 0.3333, 0.8333, 1.3333, 1.6667],
            "transform": [
                [0.994423, 0.020557, 0.099624, -0.006931, 0.033894, -0.990182, -0.134189, 0.286809, 0.095869, 0.136844, -0.985935, -0.054563, 0.0, 0.0, 0.0, 1.0],
                [0.994423, 0.020557, 0.099624, -0.006931, 0.033894, -0.990182, -0.134189, 0.286809, 0.095869, 0.136844, -0.985935, -0.054563, 0.0, 0.0, 0.0, 1.0],
                [0.994424, 0.020557, 0.099624, -0.006931, 0.033894, -0.990182, -0.134189, 0.286809, 0.095869, 0.136844, -0.985935, -0.054563, 0.0, 0.0, 0.0, 1.0],
                [0.994424, 0.020557, 0.099624, -0.006931, 0.033894, -0.990182, -0.134189, 0.286809, 0.095869, 0.136844, -0.985935, -0.054563, 0.0, 0.0, 0.0, 1.0],
                [0.994423, 0.020557, 0.099624, -0.006931, 0.033894, -0.990182, -0.134189, 0.286809, 0.095869, 0.136844, -0.985935, -0.054563, 0.0, 0.0, 0.0, 1.0]
            ]
        },
        {
            "name": "Elbow_L",
            "time": [0.0, 0.3333, 0.8333, 1.3333, 1.6667],
            "transform": [
                [-1.0, 0.0, 0.0, 0.0, -0.0, -0.0, -1.0, 0.371354, 0.0, -1.0, -0.0, 0.0, 0.0, 0.0, 0.0, 1.0],
                [-1.0, 0.0, 0.0, -0.0, 0.0, 0.0, -1.0, 0.371354, 0.0, -1.0, 0.0, 0.0, 0.0, 0.0, 0.0, 1.0],
                [-1.0, 0.0, 0.0, 0.0, 0.0, 0.0, -1.0, 0.371354, -0.0, -1.0, 0.0, 0.0, 0.0, 0.0, 0.0, 1.0],
                [-1.0, 0.0, 0.0, 0.0, 0.0, 0.0, -1.0, 0.371354, -0.0, -1.0, 0.0, 0.0, 0.0, 0.0, 0.0, 1.0],
                [-1.0, 0.0, 0.0, 0.0, -0.0, -0.0, -1.0, 0.371354, 0.0, -1.0, -0.0, 0.0, 0.0, 0.0, 0.0, 1.0]
            ]
        }
    ]
}