{
    "animation": [
        {
            "name": "Root",
            "time": [0.0, 0.3333, 0.8333],
            "transform": [
                [0.993921, 0.0, -0.110094, 0.041335, -0.110094, 0.0, -0.993921, -0.003633, 0.0, 1.0, 0.0, 0.683181, 0.0, 0.0, 0.0, 1.0],
                [0.993921, 0.0, -0.110094, 0.041335, -0.110094, 0.0, -0.993921, -0.003633, 0.0, 1.0, 0.0, 0.683181, 0.0, 0.0, 0.0, 1.0],
                [0.993921, 0.0, -0.110094, 0.041335, -0.110094, 0.0, -0.993921, -0.003633, 0.0, 1.0, 0.0, 0.683181, 0.0, 0.0, 0.0, 1.0]
            ]
        },
        {
            "name": "Thigh_R",
            "time": [0.0, 0.3333, 0.8333],
            "transform": [
                [0.625261, 0.553927, 0.549739, 0.124994, 0.407365, -0.832492, 0.37551, -0.002831, 0.665659, -0.010847, -0.746177, -1.2e-05, 0.0, 0.0, 0.0, 1.0],
                [0.625261, 0.553927, 0.549739, 0.124994, 0.407365, -0.832492, 0.37551, -0.002831, 0.665659, -0.010847, -0.746177, -1.2e-05, 0.0, 0.0, 0.0, 1.0],
                [0.625261, 0.553927, 0.549739, 0.124994, 0.407365, -0.832492, 0.37551, -0.002831, 0.665659, -0.010847, -0.746177, -1.2e-05, 0.0, 0.0, 0.0, 1.0]
            ]
        },
        {
            "name": "Leg_R",
            "time": [0.0, 0.3333, 0.8333],
            "transform": [
                [0.999999, 0.000849, -0.001119, 0.0, 4.9e-05, 0.775078, 0.631866, 0.374726, 0.001404, -0.631866, 0.775076, 0.0, 0.0, 0.0, 0.0, 1.0],
                [0.999999, 0.000849, -0.001119, 0.0, 4.9e-05, 0.775078, 0.631866, 0.374726, 0.001404, -0.631866, 0.775076, 0.0, 0.0, 0.0, 0.0, 1.0],
                [0.999999, 0.000849, -0.001119, 0.0, 4.9e-05, 0.775078, 0.631866, 0.374726, 0.001404, -0.631866, 0.775076, 0.0, 0.0, 0.0, 0.0, 1.0]
            ]
        },
        {
            "name": "Knee_R",
            "time": [0.0, 0.3333, 0.8333],
            "transform": [
                [0.999928, 0.011432, -0.003544, -0.0, 0.003543, -0.565541, -0.824712, 0.486932, -0.011432, 0.824641, -0.565541, -0.001311, 0.0, 0.0, 0.0, 1.0],
                [0.999928, 0.011432, -0.003544, -0.0, 0.003543, -0.565541, -0.824712, 0.486932, -0.011432, 0.824641, -0.565541, -0.001311, 0.0, 0.0, 0.0, 1.0],
                [0.999928, 0.011432, -0.003544, -0.0, 0.003543, -0.565541, -0.824712, 0.486932, -0.011432, 0.824641, -0.565541, -0.001311, 0.0, 0.0, 0.0, 1.0]
            ]
        },
        {
            "name": "Thigh_L",
            "time": [0.0, 0.3333, 0.8333],
            "transform": [
                [0.959446, -0.245867, 0.137886, -0.125006, -0.280544, -0.785057, 0.55225, -0.002831, -0.027532, -0.568537, -0.822196, -1.2e-05, 0.0, 0.0, 0.0, 1.0],
                [0.959446, -0.245867, 0.137886, -0.125006, -0.280544, -0.785057, 0.55225, -0.002831, -0.027532, -0.568537, -0.822196, -1.2e-05, 0.0, 0.0, 0.0, 1.0],
                [0.959446, -0.245867, 0.137886, -0.125006, -0.280544, -0.785057, 0.55225, -0.002831, -0.027532, -0.568537, -0.822196, -1.2e-05, 0.0, 0.0, 0.0, 1.0]
            ]
        },
        {
            "name": "Leg_L",
            "time": [0.0, 0.3333, 0.8333],
            "transform": [
                [0.998194, 0.053179, -0.02793, 0.0, -0.031022, 0.854566, 0.518415, 0.374726, 0.051437, -0.516612, 0.854673, 0.0, 0.0, 0.0, 0.0, 1.0],
                [0.998194, 0.053179, -0.02793, 0.0, -0.031022, 0.854566, 0.518415, 0.374726, 0.051437, -0.516612, 0.854673, 0.0, 0.0, 0.0, 0.0, 1.0],
                [0.998194, 0.053179, -0.02793, 0.0, -0.031022, 0.854566, 0.518415, 0.374726, 0.051437, -0.516612, 0.854673, 0.0, 0.0, 0.0, 0.0, 1.0]
            ]
        },
        {
            "name": "Knee_L",
            "time": [0.0, 0.3333, 0.8333],
            "transform": [
                [0.99986, -0.016129, 0.004365, 0.0, -0.004365, -0.504269, -0.863536, 0.459884, 0.016129, 0.863396, -0.504269, -0.004006, 0.0, 0.0, 0.0, 1.0],
                [0.99986, -0.016129, 0.004365, 0.0, -0.004365, -0.504269, -0.863536, 0.459884, 0.016129, 0.863396, -0.504269, -0.004006, 0.0, 0.0, 0.0, 1.0],
                [0.99986, -0.016129, 0.004365, 0.0, -0.004365, -0.504269, -0.863536, 0.459884, 0.016129, 0.863396, -0.504269, -0.004006, 0.0, 0.0, 0.0, 1.0]
            ]
        },
        {
            "name": "Torso",
            "time": [0.0, 0.3333, 0.8333],
            "transform": [
                [1.0, 0.0, 0.0, -0.0, 0.0, 0.999266, -0.038303, 0.05, 0.0, 0.038303, 0.999266, 0.0, 0.0, 0.0, 0.0, 1.0],
                [1.0, 0.0, 0.0, -0.0, 0.0, 0.999266, -0.038303, 0.05, 0.0, 0.038303, 0.999266, 0.0, 0.0, 0.0, 0.0, 1.0],
                [1.0, 0.0, 0.0, -0.0, 0.0, 0.999266, -0.038303, 0.05, 0.0, 0.038303, 0.999266, 0.0, 0.0, 0.0, 0.0, 1.0]
            ]
        },
        {
            "name": "Chest",
            "time": [0.0, 0.3333, 0.8333],
            "transform": [
                [1.0, -0.0, 0.0, 0.0, 0.0, 0.991945, 0.126667, 0.3, -0.0, -0.126667, 0.991945, 0.0, 0.0, 0.0, 0.0, 1.0],
                [1.0, -0.0, 0.0, 0.0, 0.0, 0.992311, 0.123765, 0.3, -0.0, -0.123765, 0.992312, 0.0, 0.0, 0.0, 0.0, 1.0],
                [1.0, -0.0, 0.0, 0.0, 0.0, 0.991945, 0.126667, 0.3, -0.0, -0.126667, 0.991945, 0.0, 0.0, 0.0, 0.0, 1.0]
            ]
        },
        {
            "name": "Head",
            "time": [0.0, 0.3333, 0.8333],
            "transform": [
                [1.0, 0.0, -0.0, -0.0, 0.0, 0.999681, 0.025253, 0.4, 0.0, -0.025253, 0.999681, -0.0, 0.0, 0.0, 0.0, 1.0],
                [1.0, -0.0, -0.0, -0.0, -0.0, 0.999681, 0.025253, 0.4, 0.0, -0.025253, 0.999681, 0.0, 0.0, 0.0, 0.0, 1.0],
                [1.0, 0.0, -0.0, -0.0, 0.0, 0.999681, 0.025253, 0.4, 0.0, -0.025253, 0.999681, -0.0, 0.0, 0.0, 0.0, 1.0]
            ]
        },
        {
            "name": "Shoulder_R",
            "time": [0.0, 0.3333, 0.8333],
            "transform": [
                [0.125448, 0.943813, 0.305743, -0.0, -0.040284, -0.303078, 0.952114, 0.4, 0.991282, -0.131757, 0.0, -0.0, 0.0, 0.0, 0.0, 1.0],
                [0.125448, 0.943813, 0.305743, -0.0, -0.040284, -0.303078, 0.952114, 0.4, 0.991282, -0.131757, 0.0, 0.0, 0.0, 0.0, 0.0, 1.0],
                [0.125448, 0.943813, 0.305743, -0.0, -0.040284, -0.303078, 0.952114, 0.4, 0.991282, -0.131757, 0.0, -0.0, 0.0, 0.0, 0.0, 1.0]
            ]
        },
        {
            "name": "Arm_R",
            "time": [0.0, 0.3333, 0.8333],
            "transform": [
                [0.146504, -0.89177, -0.428116, 0.0, 0.057289, 0.439708, -0.896312, 0.39386, 0.98755, 0.106787, 0.115508, -0.0, 0.0, 0.0, 0.0, 1.0],
                [-0.300921, -0.944704, -0.130311, -0.0, 0.819274, -0.186157, -0.542343, 0.393861, 0.488095, -0.269963, 0.82999, 0.0, 0.0, 0.0, 0.0, 1.0],
                [0.146504, -0.89177, -0.428116, 0.0, 0.057289, 0.439708, -0.896312, 0.39386, 0.98755, 0.106787, 0.115508, -0.0, 0.0, 0.0, 0.0, 1.0]
            ]
        },
        {
            "name": "Hand_R",
            "time": [0.0, 0.3333, 0.8333],
            "transform": [
                [1.0, 0.0, 0.0, -0.0, 0.0, 0.726189, -0.687495, 0.300003, 0.0, 0.687495, 0.726189, 0.0, 0.0, 0.0, 0.0, 1.0],
                [0.999092, -0.001913, 0.042571, -0.0, 0.027397, 0.794017, -0.607277, 0.300003, -0.03264, 0.607892, 0.793349, 0.0, 0.0, 0.0, 0.0, 1.0],
                [1.0, 0.0, 0.0, -0.0, 0.0, 0.726189, -0.687495, 0.300003, 0.0, 0.687495, 0.726189, 0.0, 0.0, 0.0, 0.0, 1.0]
            ]
        },
        {
            "name": "Tool_R",
            "time": [0.0, 0.3333, 0.8333],
            "transform": [
                [0.999116, -1.1e-05, 0.042, 0.0, 0.022262, -0.84782, -0.529363, 0.272858, 0.035636, 0.529962, -0.84686, 0.0, 0.0, 0.0, 0.0, 1.0],
                [0.999116, -1e-05, 0.042001, 0.0, 0.022263, -0.84782, -0.529363, 0.272858, 0.035635, 0.529963, -0.84686, -0.0, 0.0, 0.0, 0.0, 1.0],
                [0.999116, -1.1e-05, 0.042, 0.0, 0.022262, -0.84782, -0.529363, 0.272858, 0.035636, 0.529962, -0.84686, 0.0, 0.0, 0.0, 0.0, 1.0]
            ]
        },
        {
            "name": "Elbow_R",
            "time": [0.0, 0.3333, 0.8333],
            "transform": [
                [-1.0, 0.0, 0.0, -4.9e-05, 0.0, -0.0, -1.0, 0.370249, -0.0, -1.0, -0.0, 0.000652, 0.0, 0.0, 0.0, 1.0],
                [-1.0, -0.0, 0.0, -4.9e-05, 0.0, -0.0, -1.0, 0.370249, 0.0, -1.0, -0.0, 0.000652, 0.0, 0.0, 0.0, 1.0],
                [-1.0, 0.0, 0.0, -4.9e-05, 0.0, -0.0, -1.0, 0.370249, -0.0, -1.0, -0.0, 0.000652, 0.0, 0.0, 0.0, 1.0]
            ]
        },
        {
            "name": "Shoulder_L",
            "time": [0.0, 0.3333, 0.8333],
            "transform": [
                [0.0, -0.952114, -0.305743, -0.0, 0.0, -0.305743, 0.952114, 0.4, -1.0, 0.0, -0.0, -0.0, 0.0, 0.0, 0.0, 1.0],
                [0.0, -0.952114, -0.305743, -0.0, -0.0, -0.305743, 0.952114, 0.4, -1.0, -0.0, 0.0, 0.0, 0.0, 0.0, 0.0, 1.0],
                [0.0, -0.952114, -0.305743, -0.0, 0.0, -0.305743, 0.952114, 0.4, -1.0, 0.0, -0.0, -0.0, 0.0, 0.0, 0.0, 1.0]
            ]
        },
        {
            "name": "Arm_L",
            "time": [0.0, 0.3333, 0.8333],
            "transform": [
                [-0.056669, 0.955317, 0.290101, 0.0, -0.060749, 0.28673, -0.956083, 0.39386, -0.996543, -0.071803, 0.041786, 0.0, 0.0, 0.0, 0.0, 1.0],
                [-0.085572, 0.956363, 0.27937, 0.0, 0.016769, 0.281741, -0.959344, 0.39386, -0.996191, -0.077408, -0.040146, 0.0, 0.0, 0.0, 0.0, 1.0],
                [-0.056669, 0.955317, 0.290101, 0.0, -0.060749, 0.28673, -0.956083, 0.39386, -0.996543, -0.071803, 0.041786, 0.0, 0.0, 0.0, 0.0, 1.0]
            ]
        },
        {
            "name": "Hand_L",
            "time": [0.0, 0.3333, 0.8333],
            "transform": [
                [1.0, 0.0, -0.0, -0.0, -0.0, 0.838714, -0.544572, 0.300003, 0.0, 0.544572, 0.838714, -0.0, 0.0, 0.0, 0.0, 1.0],
                [0.997971, 0.063398, -0.005916, 0.0, -0.048677, 0.699732, -0.712746, 0.300003, -0.041047, 0.711587, 0.701398, -0.0, 0.0, 0.0, 0.0, 1.0],
                [1.0, 0.0, -0.0, -0.0, -0.0, 0.838714, -0.544572, 0.300003, 0.0, 0.544572, 0.838714, -0.0, 0.0, 0.0, 0.0, 1.0]
            ]
        },
        {
            "name": "Tool_L",
            "time": [0.0, 0.3333, 0.8333],
            "transform": [
                [1.0, 0.0, 0.0, 0.0, 0.0, -0.999836, 0.018117, 0.272858, 0.0, -0.018127, -0.999247, 0.0, 0.0, 0.0, 0.0, 1.0],
                [1.0, -0.0, 0.0, 0.0, 0.0, -0.999835, 0.018117, 0.272858, -0.0, -0.018127, -0.999247, 0.0, 0.0, 0.0, 0.0, 1.0],
                [1.0, 0.0, 0.0, 0.0, 0.0, -0.999836, 0.018117, 0.272858, 0.0, -0.018127, -0.999247, 0.0, 0.0, 0.0, 0.0, 1.0]
            ]
        },
        {
            "name": "Elbow_L",
            "time": [0.0, 0.3333, 0.8333],
            "transform": [
                [-1.0, -0.0, -0.0, -0.000104, 0.0, 0.0, -1.0, 0.367344, 0.0, -1.0, 0.0, 7.1e-05, 0.0, 0.0, 0.0, 1.0],
                [-1.0, 0.0, -0.0, -0.000104, 0.0, 0.0, -1.0, 0.367344, -0.0, -1.0, -0.0, 7.1e-05, 0.0, 0.0, 0.0, 1.0],
                [-1.0, -0.0, -0.0, -0.000104, 0.0, 0.0, -1.0, 0.367344, 0.0, -1.0, 0.0, 7.1e-05, 0.0, 0.0, 0.0, 1.0]
            ]
        }
    ]
}