{
    "animation": [
        {
            "name": "Root",
            "time": [0.0, 0.0333, 0.0667, 0.1, 0.1167, 0.1333, 0.4],
            "transform": [
                [0.297886, -0.008814, -0.954561, -5e-06, -0.912985, -0.294665, -0.282191, 0.000946, -0.278788, 0.95556, -0.095824, 0.512301, 0.0, 0.0, 0.0, 1.0],
                [0.910109, -0.324774, -0.25734, -5e-06, -0.213456, 0.164841, -0.962945, 0.300946, 0.355159, 0.931316, 0.080698, 0.4549, 0.0, 0.0, 0.0, 1.0],
                [0.888431, -0.039207, 0.457333, -5e-06, 0.373992, 0.639482, -0.671708, 0.540946, -0.266121, 0.767805, 0.582799, 0.473972, 0.0, 0.0, 0.0, 1.0],
                [0.638343, 0.063061, 0.767165, -5e-06, 0.688133, 0.399876, -0.605452, 0.847613, -0.344951, 0.914397, 0.211864, 0.523452, 0.0, 0.0, 0.0, 1.0],
                [0.490615, 0.145697, 0.85911, -5e-06, 0.80866, 0.291142, -0.51118, 1.000946, -0.3246, 0.94552, 0.025019, 0.548193, 0.0, 0.0, 0.0, 1.0],
                [0.321036, 0.318442, 0.891925, -5e-06, 0.897068, 0.199711, -0.394189, 1.000946, -0.303653, 0.926666, -0.22155, 0.571106, 0.0, 0.0, 0.0, 1.0],
                [0.183374, 0.236466, 0.954179, -5e-06, 0.974716, 0.082337, -0.207725, 1.000946, -0.127684, 0.968145, -0.215388, 0.552933, 0.0, 0.0, 0.0, 1.0]
            ]
        },
        {
            "name": "Thigh_R",
            "time": [0.0, 0.0333, 0.05, 0.0667, 0.1, 0.1333, 0.4],
            "transform": [
                [0.850951, 0.252433, -0.460606, 0.124994, 0.524614, -0.365558, 0.76886, -0.002831, 0.025708, -0.895904, -0.443502, -1.2e-05, 0.0, 0.0, 0.0, 1.0],
                [0.939075, 0.343707, 0.000923, 0.124994, 0.313138, -0.856655, 0.409982, -0.002831, 0.141704, -0.384715, -0.912092, -1.2e-05, 0.0, 0.0, 0.0, 1.0],
                [0.954404, 0.259865, 0.146909, 0.124994, 0.215815, -0.940651, 0.261878, -0.00283, 0.206246, -0.218231, -0.953848, -1.2e-05, 0.0, 0.0, 0.0, 1.0],
                [0.840302, 0.499356, -0.210993, 0.124994, 0.512805, -0.605986, 0.608106, -0.002831, 0.175805, -0.619197, -0.765289, -1.2e-05, 0.0, 0.0, 0.0, 1.0],
                [0.742634, 0.66937, -0.019504, 0.124994, 0.64469, -0.706774, 0.291181, -0.002831, 0.181128, -0.228824, -0.956432, -1.2e-05, 0.0, 0.0, 0.0, 1.0],
                [0.851924, 0.480397, 0.208183, 0.124994, 0.493734, -0.869439, -0.014162, -0.002831, 0.174209, 0.114859, -0.977927, -1.2e-05, 0.0, 0.0, 0.0, 1.0],
                [0.921124, 0.346418, 0.177152, 0.124994, 0.352781, -0.935594, -0.004677, -0.00283, 0.164141, 0.066808, -0.984087, -1.2e-05, 0.0, 0.0, 0.0, 1.0]
            ]
        },
        {
            "name": "Leg_R",
            "time": [0.0, 0.0333, 0.0667, 0.1, 0.1333, 0.4],
            "transform": [
                [0.989072, -0.062336, -0.133607, -0.0, 0.142154, 0.162873, 0.976351, 0.374726, -0.039101, -0.984675, 0.169954, 0.0, 0.0, 0.0, 0.0, 1.0],
                [0.963468, -0.226956, -0.142185, 0.0, 0.210076, 0.311147, 0.926851, 0.374726, -0.166114, -0.922862, 0.347459, -0.0, 0.0, 0.0, 0.0, 1.0],
                [0.983591, -0.115421, -0.13868, 0.0, 0.15591, 0.156856, 0.975235, 0.374726, -0.090811, -0.980851, 0.172277, 0.0, 0.0, 0.0, 0.0, 1.0],
                [0.99248, -0.045054, -0.113827, -0.0, 0.121621, 0.468852, 0.874866, 0.374726, 0.013952, -0.882114, 0.470813, 0.0, 0.0, 0.0, 0.0, 1.0],
                [0.994255, 0.040633, -0.099017, 0.0, 0.073832, 0.409392, 0.90936, 0.374726, 0.077488, -0.911446, 0.40404, 0.0, 0.0, 0.0, 0.0, 1.0],
                [0.991408, -0.064623, -0.113769, -0.0, 0.129096, 0.341582, 0.930948, 0.374726, -0.021299, -0.937642, 0.346984, -0.0, 0.0, 0.0, 0.0, 1.0]
            ]
        },
        {
            "name": "Knee_R",
            "time": [0.0, 0.0333, 0.0667, 0.1, 0.1333, 0.4],
            "transform": [
                [0.996899, -0.05577, -0.055521, 0.0, -0.00651, 0.644658, -0.764443, 0.37472, 0.078425, 0.762434, 0.642296, 0.0, 0.0, 0.0, 0.0, 1.0],
                [0.989907, -0.137275, -0.035207, -0.0, 0.049974, 0.570604, -0.819703, 0.37472, 0.132614, 0.80967, 0.571705, -0.0, 0.0, 0.0, 0.0, 1.0],
                [0.995338, -0.083455, -0.048334, 0.0, 0.016846, 0.643927, -0.764901, 0.37472, 0.094958, 0.760522, 0.642332, -0.0, 0.0, 0.0, 0.0, 1.0],
                [0.997974, -0.038353, -0.050768, -0.0, -0.023865, 0.514013, -0.85745, 0.37472, 0.058981, 0.856926, 0.512056, 0.0, 0.0, 0.0, 0.0, 1.0],
                [0.998437, 0.005668, -0.055603, -0.0, -0.049746, 0.543614, -0.83786, 0.37472, 0.025477, 0.839318, 0.543045, 0.0, 0.0, 0.0, 0.0, 1.0],
                [0.997636, -0.0503, -0.046815, 0.0, -0.00968, 0.571634, -0.82045, 0.37472, 0.06803, 0.818971, 0.569791, -0.0, 0.0, 0.0, 0.0, 1.0]
            ]
        },
        {
            "name": "Thigh_L",
            "time": [0.0, 0.0333, 0.05, 0.0667, 0.1, 0.1333, 0.4],
            "transform": [
                [0.956394, -0.252293, 0.147162, -0.125006, -0.279529, -0.936728, 0.210721, -0.002831, 0.084688, -0.242668, -0.966405, -1.2e-05, 0.0, 0.0, 0.0, 1.0],
                [0.885654, -0.085277, 0.456447, -0.125006, -0.459453, -0.303341, 0.834787, -0.002831, 0.067273, -0.949046, -0.307835, -1.2e-05, 0.0, 0.0, 0.0, 1.0],
                [0.981226, 0.018846, 0.191943, -0.125006, -0.146151, -0.57673, 0.803751, -0.00283, 0.125848, -0.816713, -0.563148, -1.2e-05, 0.0, 0.0, 0.0, 1.0],
                [0.994537, 0.103453, 0.013876, -0.125006, 0.026792, -0.381497, 0.923983, -0.00283, 0.100882, -0.918563, -0.382185, -1.2e-05, 0.0, 0.0, 0.0, 1.0],
                [0.981512, -0.094465, 0.166463, -0.125006, -0.181272, -0.737947, 0.650058, -0.00283, 0.061433, -0.668215, -0.741429, -1.2e-05, 0.0, 0.0, 0.0, 1.0],
                [0.947685, -0.270495, 0.169233, -0.125006, -0.278, -0.960278, 0.021866, -0.00283, 0.156602, -0.06777, -0.98531, -1.2e-05, 0.0, 0.0, 0.0, 1.0],
                [0.882481, -0.359498, 0.303081, -0.125006, -0.453469, -0.821114, 0.346415, -0.00283, 0.124334, -0.443157, -0.887728, -1.2e-05, 0.0, 0.0, 0.0, 1.0]
            ]
        },
        {
            "name": "Leg_L",
            "time": [0.0, 0.0333, 0.0667, 0.1, 0.1333, 0.4],
            "transform": [
                [0.998773, 0.049313, -0.004416, -0.0, -0.021637, 0.514958, 0.856941, 0.374726, 0.044533, -0.855794, 0.515394, -0.0, 0.0, 0.0, 0.0, 1.0],
                [0.998447, 0.03006, 0.046824, 0.0, -0.034318, -0.329703, 0.943461, 0.374726, 0.043798, -0.943605, -0.328161, 0.0, 0.0, 0.0, 0.0, 1.0],
                [0.983435, 0.177785, 0.035274, -0.0, -0.064681, 0.162436, 0.984597, 0.374726, 0.169317, -0.97057, 0.171245, 0.0, 0.0, 0.0, 0.0, 1.0],
                [0.984821, 0.172497, -0.019288, 0.0, -0.085251, 0.577503, 0.811925, 0.374726, 0.151194, -0.797957, 0.583443, -0.0, 0.0, 0.0, 0.0, 1.0],
                [0.991043, 0.102049, -0.086208, 0.0, -0.068725, 0.942836, 0.326067, 0.374726, 0.114556, -0.317217, 0.941409, 0.0, 0.0, 0.0, 0.0, 1.0],
                [0.980099, 0.196362, 0.02908, -0.0, -0.145563, 0.611365, 0.77786, 0.374726, 0.13496, -0.766608, 0.627787, -0.0, 0.0, 0.0, 0.0, 1.0]
            ]
        },
        {
            "name": "Knee_L",
            "time": [0.0, 0.0333, 0.0667, 0.1, 0.1333, 0.4],
            "transform": [
                [0.999672, 0.024084, -0.008701, -0.0, -0.019427, 0.49189, -0.87044, 0.37472, -0.016683, 0.870324, 0.492196, -0.0, 0.0, 0.0, 0.0, 1.0],
                [0.999509, 0.027129, 0.015654, -0.0, -0.013045, 0.814933, -0.579407, 0.37472, -0.028476, 0.578918, 0.814888, 0.0, 0.0, 0.0, 0.0, 1.0],
                [0.995297, 0.0957, -0.014988, -0.0, -0.073074, 0.640224, -0.764705, 0.37472, -0.063587, 0.762204, 0.644206, 0.0, 0.0, 0.0, 0.0, 1.0],
                [0.995977, 0.084222, -0.030584, -0.0, -0.065539, 0.451988, -0.889613, 0.37472, -0.061101, 0.888039, 0.455689, -0.0, 0.0, 0.0, 0.0, 1.0],
                [0.997741, 0.047574, -0.047422, 0.0, -0.054566, 0.162275, -0.985237, 0.37472, -0.039176, 0.985597, 0.164505, 0.0, 0.0, 0.0, 0.0, 1.0],
                [0.994755, 0.101979, -0.00789, 0.0, -0.051125, 0.428913, -0.901899, 0.37472, -0.08859, 0.897569, 0.431879, -0.0, 0.0, 0.0, 0.0, 1.0]
            ]
        },
        {
            "name": "Torso",
            "time": [0.0, 0.0333, 0.0667, 0.1, 0.1333, 0.4],
            "transform": [
                [0.943972, -0.21517, 0.25024, -0.0, 0.320192, 0.780839, -0.53644, 0.05, -0.079971, 0.586509, 0.805986, -0.0, 0.0, 0.0, 0.0, 1.0],
                [0.975401, -0.179761, -0.127589, -0.0, 0.199448, 0.966171, 0.16351, 0.05, 0.09388, -0.184935, 0.978256, -0.0, 0.0, 0.0, 0.0, 1.0],
                [0.993698, -0.079518, -0.079002, 0.0, 0.089097, 0.987994, 0.126218, 0.05, 0.068017, -0.132461, 0.988852, 0.0, 0.0, 0.0, 0.0, 1.0],
                [0.9853, -0.076896, -0.152549, -0.0, 0.117461, 0.953339, 0.278117, 0.05, 0.124044, -0.291947, 0.948357, -0.0, 0.0, 0.0, 0.0, 1.0],
                [0.972634, -0.062342, -0.223822, -0.0, 0.153964, 0.894395, 0.419945, 0.05, 0.174005, -0.442914, 0.879517, 0.0, 0.0, 0.0, 0.0, 1.0],
                [0.98955, -0.003836, -0.144143, -0.0, 0.009182, 0.999294, 0.036443, 0.05, 0.143901, -0.037385, 0.988886, 0.0, 0.0, 0.0, 0.0, 1.0]
            ]
        },
        {
            "name": "Chest",
            "time": [0.0, 0.0333, 0.05, 0.0667, 0.1, 0.1333, 0.4],
            "transform": [
                [0.962885, -0.006604, -0.269831, -0.0, 0.211665, 0.638801, 0.739683, 0.3, 0.167484, -0.769344, 0.61649, 0.0, 0.0, 0.0, 0.0, 1.0],
                [0.388657, 0.632111, -0.67036, 0.0, -0.51329, 0.752744, 0.412202, 0.3, 0.765167, 0.183884, 0.617014, -0.0, 0.0, 0.0, 0.0, 1.0],
                [0.616257, 0.547878, -0.565736, 0.0, -0.455885, 0.833931, 0.311011, 0.3, 0.642181, 0.066248, 0.763685, 0.0, 0.0, 0.0, 0.0, 1.0],
                [0.914597, 0.403251, -0.030023, -0.0, -0.401284, 0.895965, -0.190313, 0.3, -0.049844, 0.186108, 0.981264, 0.0, 0.0, 0.0, 0.0, 1.0],
                [0.822032, 0.151236, 0.548992, 0.0, -0.112557, 0.98822, -0.103696, 0.3, -0.558207, 0.023448, 0.82937, -0.0, 0.0, 0.0, 0.0, 1.0],
                [0.494932, -0.104239, 0.862656, -0.0, 0.062486, 0.994478, 0.084318, 0.3, -0.866682, 0.012172, 0.498712, 0.0, 0.0, 0.0, 0.0, 1.0],
                [0.753949, -0.213812, 0.621165, -0.0, -0.031826, 0.932554, 0.359626, 0.3, -0.656162, -0.290909, 0.696293, -0.0, 0.0, 0.0, 0.0, 1.0]
            ]
        },
        {
            "name": "Head",
            "time": [0.0, 0.0333, 0.0667, 0.1, 0.1333, 0.4],
            "transform": [
                [0.329428, 0.043997, 0.943154, -0.0, 0.008, 0.998747, -0.049385, 0.4, -0.944147, 0.023814, 0.328663, -0.0, 0.0, 0.0, 0.0, 1.0],
                [0.243104, -0.095224, 0.965315, -0.0, -0.053739, 0.992319, 0.111421, 0.4, -0.968511, -0.078962, 0.23612, 0.0, 0.0, 0.0, 0.0, 1.0],
                [0.914344, -0.374858, -0.153154, -0.0, 0.212195, 0.76567, -0.607225, 0.4, 0.344889, 0.522714, 0.77963, 0.0, 0.0, 0.0, 0.0, 1.0],
                [0.392025, -0.470079, -0.790785, -0.0, -0.036655, 0.850928, -0.524002, 0.4, 0.919224, 0.234408, 0.316355, -0.0, 0.0, 0.0, 0.0, 1.0],
                [-0.221441, -0.179985, -0.958421, 0.0, -0.106241, 0.981422, -0.159758, 0.4, 0.96937, 0.066446, -0.236449, -0.0, 0.0, 0.0, 0.0, 1.0],
                [-0.084785, 0.048465, -0.99522, -0.0, -0.150659, 0.986708, 0.060885, 0.4, 0.984944, 0.155101, -0.076357, -0.0, 0.0, 0.0, 0.0, 1.0]
            ]
        },
        {
            "name": "Shoulder_R",
            "time": [0.0, 0.0333, 0.05, 0.0667, 0.1, 0.1333, 0.4],
            "transform": [
                [-1e-06, 0.965964, 0.258674, -0.0, -3e-06, -0.258674, 0.965965, 0.4, 1.0, 0.0, 3e-06, -0.0, 0.0, 0.0, 0.0, 1.0],
                [-1e-06, 0.965964, 0.258674, -0.0, -3e-06, -0.258674, 0.965965, 0.4, 1.0, 0.0, 3e-06, 0.0, 0.0, 0.0, 0.0, 1.0],
                [-1e-06, 0.906371, 0.422482, 0.0, -3e-06, -0.422482, 0.906371, 0.4, 1.000001, -0.0, 3e-06, 0.0, 0.0, 0.0, 0.0, 1.0],
                [-0.137265, 0.897664, 0.418757, -0.0, 0.036755, -0.417851, 0.907772, 0.4, 0.989853, 0.139996, 0.024363, 0.0, 0.0, 0.0, 0.0, 1.0],
                [-0.065497, 0.938905, 0.337887, -0.0, 0.017536, -0.337479, 0.94117, 0.4, 0.997699, 0.067569, 0.005639, -0.0, 0.0, 0.0, 0.0, 1.0],
                [-1e-06, 0.965964, 0.258674, 0.0, -3e-06, -0.258674, 0.965965, 0.4, 1.0, 0.0, 3e-06, -0.0, 0.0, 0.0, 0.0, 1.0],
                [-1e-06, 0.965964, 0.258674, -0.0, -3e-06, -0.258674, 0.965965, 0.4, 1.0, 0.0, 3e-06, -0.0, 0.0, 0.0, 0.0, 1.0]
            ]
        },
        {
            "name": "Arm_R",
            "time": [0.0, 0.0333, 0.05, 0.0667, 0.0833, 0.1, 0.1333, 0.4],
            "transform": [
                [-0.353898, 0.225225, -0.90776, -0.0, 0.082899, 0.974305, 0.209417, 0.393861, 0.931602, -0.00114, -0.363476, -0.0, 0.0, 0.0, 0.0, 1.0],
                [0.922962, 0.194886, -0.331903, 0.0, -0.182266, 0.98082, 0.069068, 0.39386, 0.338997, -0.003252, 0.940781, 0.0, 0.0, 0.0, 0.0, 1.0],
                [0.822182, 0.420145, 0.384047, 0.0, -0.550616, 0.758111, 0.34941, 0.39386, -0.144348, -0.498742, 0.854645, -0.0, 0.0, 0.0, 0.0, 1.0],
                [-0.882408, 0.384436, 0.271227, 0.0, 0.122023, 0.743759, -0.657214, 0.39386, -0.454385, -0.546835, -0.703209, 0.0, 0.0, 0.0, 0.0, 1.0],
                [0.40838, 0.08477, -0.908866, 0.0, 0.249752, 0.947307, 0.200576, 0.39386, 0.87798, -0.308903, 0.36569, 0.0, 0.0, 0.0, 0.0, 1.0],
                [-0.22587, -0.193153, 0.954815, -0.0, -0.569984, 0.82106, 0.031261, 0.393861, -0.79, -0.537168, -0.295547, 0.0, 0.0, 0.0, 0.0, 1.0],
                [0.951717, -0.065902, 0.299818, 0.0, -0.169697, 0.700936, 0.692741, 0.39386, -0.255806, -0.710172, 0.655909, 0.0, 0.0, 0.0, 0.0, 1.0],
                [0.951717, -0.065902, 0.299818, -0.0, -0.169697, 0.700936, 0.692741, 0.39386, -0.255806, -0.710172, 0.655909, -0.0, 0.0, 0.0, 0.0, 1.0]
            ]
        },
        {
            "name": "Hand_R",
            "time": [0.0, 0.0333, 0.0667, 0.1, 0.1333, 0.4],
            "transform": [
                [0.976888, -0.204246, 0.063042, 0.0, 0.169286, 0.55918, -0.811578, 0.300003, 0.13051, 0.803492, 0.580833, -0.0, 0.0, 0.0, 0.0, 1.0],
                [0.839116, -0.532148, -0.112709, 0.0, 0.539842, 0.840127, 0.052495, 0.300003, 0.066755, -0.104894, 0.99224, -0.0, 0.0, 0.0, 0.0, 1.0],
                [0.999992, -0.003648, 0.001708, 0.0, 0.00373, 0.998679, -0.051232, 0.300002, -0.001519, 0.051238, 0.998685, 0.0, 0.0, 0.0, 0.0, 1.0],
                [0.999623, -0.025339, -0.010661, -0.0, 0.024496, 0.997038, -0.072898, 0.300002, 0.012476, 0.07261, 0.997282, -0.0, 0.0, 0.0, 0.0, 1.0],
                [0.998665, -0.046644, -0.022216, 0.0, 0.044358, 0.994568, -0.09415, 0.300003, 0.026487, 0.093038, 0.99531, -0.0, 0.0, 0.0, 0.0, 1.0],
                [0.9908, -0.121675, -0.059266, -0.0, 0.130872, 0.972942, 0.190408, 0.300002, 0.034495, -0.196412, 0.979914, 0.0, 0.0, 0.0, 0.0, 1.0]
            ]
        },
        {
            "name": "Tool_R",
            "time": [0.0, 0.0333, 0.05, 0.0667, 0.1, 0.1333, 0.4],
            "transform": [
                [1.0, 0.0, 0.0, -0.02, 0.0, -0.996194, -0.087156, 0.291425, 0.0, 0.087156, -0.996196, -0.0, 0.0, 0.0, 0.0, 1.0],
                [1.0, 0.0, 1e-06, -0.02, -0.0, -0.965925, 0.258819, 0.291425, 1e-06, -0.258819, -0.965927, 0.0, 0.0, 0.0, 0.0, 1.0],
                [0.095999, -0.30523, 0.947428, -0.02, -0.394517, -0.885536, -0.245316, 0.291425, 0.91386, -0.350226, -0.20543, 0.0, 0.0, 0.0, 0.0, 1.0],
                [-0.198846, -0.378993, -0.903784, -0.02, 0.940819, -0.33207, -0.067744, 0.291425, -0.274445, -0.863767, 0.422595, 0.0, 0.0, 0.0, 0.0, 1.0],
                [-0.258403, 0.025976, 0.965689, -0.02, -0.319492, -0.945683, -0.060053, 0.291425, 0.911676, -0.324047, 0.252667, 0.0, 0.0, 0.0, 0.0, 1.0],
                [0.93941, -0.283231, -0.193105, -0.02, -0.340152, -0.84002, -0.422684, 0.291425, -0.042494, 0.462758, -0.885466, -0.0, 0.0, 0.0, 0.0, 1.0],
                [0.911506, -0.408591, -0.047009, -0.02, -0.404329, -0.86928, -0.284376, 0.291425, 0.07533, 0.278218, -0.957561, 0.0, 0.0, 0.0, 0.0, 1.0]
            ]
        },
        {
            "name": "Elbow_R",
            "time": [0.0, 0.0333, 0.0667, 0.1, 0.1333, 0.4],
            "transform": [
                [-1.0, 0.0, -1e-06, 0.0, 1e-06, 0.455059, -0.890462, 0.329779, 0.0, -0.890462, -0.455059, -0.0, 0.0, 0.0, 0.0, 1.0],
                [-1.0, 0.0, -0.0, -0.0, 0.0, -0.052637, -0.998614, 0.329779, -0.0, -0.998614, 0.052637, -0.0, 0.0, 0.0, 0.0, 1.0],
                [-1.0, -0.0, -1e-06, -0.0, 1e-06, 0.025628, -0.999672, 0.329779, 0.0, -0.999672, -0.025628, -0.0, 0.0, 0.0, 0.0, 1.0],
                [-1.0, 0.0, 0.0, 0.0, 0.0, 0.036332, -0.99934, 0.329779, 0.0, -0.99934, -0.036332, 0.0, 0.0, 0.0, 0.0, 1.0],
                [-1.0, 0.0, -0.0, 0.0, 0.0, 0.036332, -0.99934, 0.329779, -0.0, -0.99934, -0.036332, 0.0, 0.0, 0.0, 0.0, 1.0],
                [-1.0, 0.0, 0.0, 0.0, -0.0, -0.098747, -0.995113, 0.329779, 0.0, -0.995113, 0.098747, -0.0, 0.0, 0.0, 0.0, 1.0]
            ]
        },
        {
            "name": "Shoulder_L",
            "time": [0.0, 0.0333, 0.0667, 0.1, 0.1333, 0.4],
            "transform": [
                [0.0, -0.965964, -0.258674, -0.0, -0.0, -0.258673, 0.965965, 0.4, -1.0, 0.0, -0.0, -0.0, 0.0, 0.0, 0.0, 1.0],
                [0.0, -0.965964, -0.258674, -0.0, -0.0, -0.258673, 0.965965, 0.4, -1.0, -0.0, 0.0, 0.0, 0.0, 0.0, 0.0, 1.0],
                [-0.0, -0.965964, -0.258674, -0.0, -0.0, -0.258673, 0.965965, 0.4, -1.0, 0.0, -0.0, 0.0, 0.0, 0.0, 0.0, 1.0],
                [-0.0, -0.965964, -0.258674, -0.0, -0.0, -0.258673, 0.965965, 0.4, -1.0, 0.0, -0.0, -0.0, 0.0, 0.0, 0.0, 1.0],
                [-0.0, -0.965965, -0.258674, 0.0, 0.0, -0.258673, 0.965965, 0.4, -1.0, 0.0, 0.0, -0.0, 0.0, 0.0, 0.0, 1.0],
                [-0.0, -0.965964, -0.258674, -0.0, -0.0, -0.258673, 0.965965, 0.4, -1.000001, -0.0, 0.0, -0.0, 0.0, 0.0, 0.0, 1.0]
            ]
        },
        {
            "name": "Arm_L",
            "time": [0.0, 0.0333, 0.0667, 0.1, 0.1333, 0.4],
            "transform": [
                [-0.055026, 0.34929, 0.935397, -0.0, -0.335409, 0.875913, -0.346808, 0.39386, -0.940464, -0.332824, 0.068957, -0.0, 0.0, 0.0, 0.0, 1.0],
                [-0.279889, 0.788782, 0.54725, 0.0, -0.03121, 0.562256, -0.826373, 0.39386, -0.959525, -0.248372, -0.132751, -0.0, 0.0, 0.0, 0.0, 1.0],
                [-0.236134, 0.684568, 0.689642, -0.0, -0.131699, 0.680618, -0.720703, 0.39386, -0.962754, -0.261008, -0.07056, 0.0, 0.0, 0.0, 0.0, 1.0],
                [-0.156315, 0.526202, 0.835868, -0.0, -0.244896, 0.799198, -0.548914, 0.39386, -0.956865, -0.290505, 0.003938, -0.0, 0.0, 0.0, 0.0, 1.0],
                [-0.055026, 0.34929, 0.935397, -0.0, -0.335409, 0.875913, -0.346808, 0.39386, -0.940464, -0.332824, 0.068957, -0.0, 0.0, 0.0, 0.0, 1.0],
                [-0.055026, -0.165205, 0.984722, -0.0, -0.335409, 0.931967, 0.137612, 0.39386, -0.940464, -0.322713, -0.106693, -0.0, 0.0, 0.0, 0.0, 1.0]
            ]
        },
        {
            "name": "Hand_L",
            "time": [0.0, 0.0333, 0.0667, 0.1, 0.1333, 0.4],
            "transform": [
                [0.668789, 0.318837, -0.671613, -0.0, -0.643721, 0.700295, -0.308561, 0.300003, 0.371946, 0.638693, 0.673592, 0.0, 0.0, 0.0, 0.0, 1.0],
                [0.266028, 0.313993, -0.911393, 0.0, -0.898129, 0.424147, -0.116029, 0.300003, 0.350133, 0.849416, 0.394841, 0.0, 0.0, 0.0, 0.0, 1.0],
                [0.230399, 0.305095, -0.924031, 0.0, -0.922181, 0.371592, -0.107246, 0.300003, 0.310642, 0.876834, 0.366967, -0.0, 0.0, 0.0, 0.0, 1.0],
                [0.312404, 0.226242, -0.922615, 0.0, -0.869572, 0.459098, -0.181863, 0.300002, 0.382426, 0.859094, 0.340158, 0.0, 0.0, 0.0, 0.0, 1.0],
                [0.531578, 0.273143, -0.801759, 0.0, -0.844993, 0.236295, -0.479741, 0.300003, 0.058413, 0.932501, 0.356413, 0.0, 0.0, 0.0, 0.0, 1.0],
                [0.838943, 0.056325, -0.541297, -0.0, -0.544138, 0.104077, -0.832515, 0.300003, 0.009445, 0.992973, 0.117963, 0.0, 0.0, 0.0, 0.0, 1.0]
            ]
        },
        {
            "name": "Tool_L",
            "time": [0.0, 0.0333, 0.0667, 0.1, 0.1333, 0.4],
            "transform": [
                [1.0, 0.0, 0.0, 0.02, 0.0, -1.0, -0.0, 0.291426, 0.0, -0.0, -1.0, -0.0, 0.0, 0.0, 0.0, 1.0],
                [1.0, 0.0, 0.0, 0.02, 0.0, -1.0, -0.0, 0.291426, 0.0, -0.0, -1.0, 0.0, 0.0, 0.0, 0.0, 1.0],
                [1.0, 0.0, -0.0, 0.02, 0.0, -1.0, -0.0, 0.291426, 0.0, 0.0, -1.0, 0.0, 0.0, 0.0, 0.0, 1.0],
                [1.0, 0.0, 0.0, 0.02, -0.0, -1.0, -0.0, 0.291426, -0.0, 0.0, -1.0, 0.0, 0.0, 0.0, 0.0, 1.0],
                [1.0, -0.0, -0.0, 0.02, -0.0, -1.0, -0.0, 0.291426, -0.0, 0.0, -1.0, 0.0, 0.0, 0.0, 0.0, 1.0],
                [1.0, 0.0, -0.0, 0.02, -0.0, -1.0, 0.0, 0.291426, -0.0, -0.0, -1.0, 0.0, 0.0, 0.0, 0.0, 1.0]
            ]
        },
        {
            "name": "Elbow_L",
            "time": [0.0, 0.0333, 0.0667, 0.1, 0.1333, 0.4],
            "transform": [
                [-1.0, -0.0, -0.0, -0.0, -0.0, 0.370368, -0.928885, 0.329779, -0.0, -0.928886, -0.370368, -0.0, 0.0, 0.0, 0.0, 1.0],
                [-1.0, 0.0, -0.0, -0.0, 0.0, 0.537808, -0.843067, 0.329779, -0.0, -0.843067, -0.537808, 0.0, 0.0, 0.0, 0.0, 1.0],
                [-1.0, -0.0, -0.0, -0.0, -0.0, 0.554046, -0.832486, 0.329779, 0.0, -0.832487, -0.554045, 0.0, 0.0, 0.0, 0.0, 1.0],
                [-1.0, 0.0, -0.0, 0.0, -0.0, 0.562075, -0.827086, 0.329779, -0.0, -0.827086, -0.562075, 0.0, 0.0, 0.0, 0.0, 1.0],
                [-1.0, -0.0, 0.0, 0.0, 0.0, 0.566999, -0.823718, 0.329779, -0.0, -0.823718, -0.567, 0.0, 0.0, 0.0, 0.0, 1.0],
                [-1.0, -0.0, 0.0, 0.0, -0.0, 0.66409, -0.747653, 0.329779, 0.0, -0.747652, -0.664091, -0.0, 0.0, 0.0, 0.0, 1.0]
            ]
        }
    ]
}