{
    "animation": [
        {
            "name": "Root",
            "time": [0.0, 0.3333, 0.5833, 0.7, 1.0, 1.1667, 1.6667],
            "transform": [
                [0.986355, 0.0, -0.164633, -5e-06, -0.164633, 0.0, -0.986355, -0.044067, 0.0, 1.0, 0.0, 0.581658, 0.0, 0.0, 0.0, 1.0],
                [0.986355, 0.0, -0.164633, -5e-06, -0.164633, 0.0, -0.986355, -0.044067, 0.0, 1.0, 0.0, 0.581658, 0.0, 0.0, 0.0, 1.0],
                [0.986355, 0.0, -0.164633, -5e-06, -0.164633, 0.0, -0.986355, -0.044067, 0.0, 1.0, 0.0, 0.581658, 0.0, 0.0, 0.0, 1.0],
                [0.986355, 0.0, -0.164633, -5e-06, -0.164633, 0.0, -0.986355, -0.044067, 0.0, 1.0, 0.0, 0.581658, 0.0, 0.0, 0.0, 1.0],
                [0.986355, 0.0, -0.164633, -5e-06, -0.164633, 0.0, -0.986355, -0.044067, 0.0, 1.0, 0.0, 0.581658, 0.0, 0.0, 0.0, 1.0],
                [0.986355, 0.0, -0.164633, -5e-06, -0.164633, 0.0, -0.986355, -0.044067, 0.0, 1.0, 0.0, 0.581658, 0.0, 0.0, 0.0, 1.0],
                [0.986355, 0.0, -0.164633, -5e-06, -0.164633, 0.0, -0.986355, -0.044067, 0.0, 1.0, 0.0, 0.581658, 0.0, 0.0, 0.0, 1.0]
            ]
        },
        {
            "name": "Thigh_R",
            "time": [0.0, 0.3333, 0.5833, 0.7, 1.0, 1.1667, 1.6667],
            "transform": [
                [0.914131, 0.397669, 0.078879, 0.124994, 0.278081, -0.75661, 0.591786, -0.002831, 0.295015, -0.519034, -0.802228, -1.2e-05, 0.0, 0.0, 0.0, 1.0],
                [0.914131, 0.397669, 0.078879, 0.124994, 0.278081, -0.75661, 0.591786, -0.002831, 0.295015, -0.519034, -0.802228, -1.2e-05, 0.0, 0.0, 0.0, 1.0],
                [0.914131, 0.397669, 0.078879, 0.124994, 0.278081, -0.75661, 0.591786, -0.002831, 0.295015, -0.519034, -0.802228, -1.2e-05, 0.0, 0.0, 0.0, 1.0],
                [0.914131, 0.397669, 0.078879, 0.124994, 0.278081, -0.75661, 0.591786, -0.002831, 0.295015, -0.519034, -0.802228, -1.2e-05, 0.0, 0.0, 0.0, 1.0],
                [0.914131, 0.397669, 0.078879, 0.124994, 0.278081, -0.75661, 0.591786, -0.002831, 0.295015, -0.519034, -0.802228, -1.2e-05, 0.0, 0.0, 0.0, 1.0],
                [0.914131, 0.397669, 0.078879, 0.124994, 0.278081, -0.75661, 0.591786, -0.002831, 0.295015, -0.519034, -0.802228, -1.2e-05, 0.0, 0.0, 0.0, 1.0],
                [0.914131, 0.397669, 0.078879, 0.124994, 0.278081, -0.75661, 0.591786, -0.002831, 0.295015, -0.519034, -0.802228, -1.2e-05, 0.0, 0.0, 0.0, 1.0]
            ]
        },
        {
            "name": "Leg_R",
            "time": [0.0, 0.3333, 0.5833, 0.7, 1.0, 1.1667, 1.6667],
            "transform": [
                [0.999999, 0.00084, -0.001126, 0.0, 4.9e-05, 0.780089, 0.625669, 0.374726, 0.001404, -0.62567, 0.780087, 0.0, 0.0, 0.0, 0.0, 1.0],
                [0.999999, 0.00084, -0.001126, 0.0, 4.9e-05, 0.780089, 0.625669, 0.374726, 0.001404, -0.62567, 0.780087, 0.0, 0.0, 0.0, 0.0, 1.0],
                [0.999999, 0.00084, -0.001126, 0.0, 4.9e-05, 0.780089, 0.625669, 0.374726, 0.001404, -0.62567, 0.780087, 0.0, 0.0, 0.0, 0.0, 1.0],
                [0.999999, 0.00084, -0.001126, 0.0, 4.9e-05, 0.780089, 0.625669, 0.374726, 0.001404, -0.62567, 0.780087, 0.0, 0.0, 0.0, 0.0, 1.0],
                [0.999999, 0.00084, -0.001126, 0.0, 4.9e-05, 0.780089, 0.625669, 0.374726, 0.001404, -0.62567, 0.780087, 0.0, 0.0, 0.0, 0.0, 1.0],
                [0.999999, 0.00084, -0.001126, 0.0, 4.9e-05, 0.780089, 0.625669, 0.374726, 0.001404, -0.62567, 0.780087, 0.0, 0.0, 0.0, 0.0, 1.0],
                [0.999999, 0.00084, -0.001126, 0.0, 4.9e-05, 0.780089, 0.625669, 0.374726, 0.001404, -0.62567, 0.780087, 0.0, 0.0, 0.0, 0.0, 1.0]
            ]
        },
        {
            "name": "Knee_R",
            "time": [0.0, 0.3333, 0.5833, 0.7, 1.0, 1.1667, 1.6667],
            "transform": [
                [0.999928, 0.011432, -0.003544, 0.0, 0.003543, -0.565541, -0.824712, 0.486932, -0.011433, 0.824641, -0.565541, -0.001311, 0.0, 0.0, 0.0, 1.0],
                [0.999928, 0.011432, -0.003544, 0.0, 0.003543, -0.565541, -0.824712, 0.486932, -0.011433, 0.824641, -0.565541, -0.001311, 0.0, 0.0, 0.0, 1.0],
                [0.999928, 0.011432, -0.003544, 0.0, 0.003543, -0.565541, -0.824712, 0.486932, -0.011433, 0.824641, -0.565541, -0.001311, 0.0, 0.0, 0.0, 1.0],
                [0.999928, 0.011432, -0.003544, 0.0, 0.003543, -0.565541, -0.824712, 0.486932, -0.011433, 0.824641, -0.565541, -0.001311, 0.0, 0.0, 0.0, 1.0],
                [0.999928, 0.011432, -0.003544, 0.0, 0.003543, -0.565541, -0.824712, 0.486932, -0.011433, 0.824641, -0.565541, -0.001311, 0.0, 0.0, 0.0, 1.0],
                [0.999928, 0.011432, -0.003544, 0.0, 0.003543, -0.565541, -0.824712, 0.486932, -0.011433, 0.824641, -0.565541, -0.001311, 0.0, 0.0, 0.0, 1.0],
                [0.999928, 0.011432, -0.003544, 0.0, 0.003543, -0.565541, -0.824712, 0.486932, -0.011433, 0.824641, -0.565541, -0.001311, 0.0, 0.0, 0.0, 1.0]
            ]
        },
        {
            "name": "Thigh_L",
            "time": [0.0, 0.3333, 0.5833, 0.7, 1.0, 1.1667, 1.6667],
            "transform": [
                [0.782008, -0.504238, -0.366342, -0.125006, -0.099007, -0.680813, 0.725735, -0.002831, -0.615353, -0.53126, -0.582325, -1.2e-05, 0.0, 0.0, 0.0, 1.0],
                [0.782008, -0.504238, -0.366342, -0.125006, -0.099007, -0.680813, 0.725735, -0.002831, -0.615353, -0.53126, -0.582325, -1.2e-05, 0.0, 0.0, 0.0, 1.0],
                [0.782008, -0.504238, -0.366342, -0.125006, -0.099007, -0.680813, 0.725735, -0.002831, -0.615353, -0.53126, -0.582325, -1.2e-05, 0.0, 0.0, 0.0, 1.0],
                [0.782008, -0.504238, -0.366342, -0.125006, -0.099007, -0.680813, 0.725735, -0.002831, -0.615353, -0.53126, -0.582325, -1.2e-05, 0.0, 0.0, 0.0, 1.0],
                [0.782008, -0.504238, -0.366342, -0.125006, -0.099007, -0.680813, 0.725735, -0.002831, -0.615353, -0.53126, -0.582325, -1.2e-05, 0.0, 0.0, 0.0, 1.0],
                [0.782008, -0.504238, -0.366342, -0.125006, -0.099007, -0.680813, 0.725735, -0.002831, -0.615353, -0.53126, -0.582325, -1.2e-05, 0.0, 0.0, 0.0, 1.0],
                [0.782008, -0.504238, -0.366342, -0.125006, -0.099007, -0.680813, 0.725735, -0.002831, -0.615353, -0.53126, -0.582325, -1.2e-05, 0.0, 0.0, 0.0, 1.0]
            ]
        },
        {
            "name": "Leg_L",
            "time": [0.0, 0.3333, 0.5833, 0.7, 1.0, 1.1667, 1.6667],
            "transform": [
                [0.999112, 0.019811, -0.037199, 0.0, 0.014842, 0.660704, 0.7505, 0.374726, 0.039446, -0.750385, 0.659823, -0.0, 0.0, 0.0, 0.0, 1.0],
                [0.999112, 0.019811, -0.037199, 0.0, 0.014842, 0.660704, 0.7505, 0.374726, 0.039446, -0.750385, 0.659823, -0.0, 0.0, 0.0, 0.0, 1.0],
                [0.999112, 0.019811, -0.037199, 0.0, 0.014842, 0.660704, 0.7505, 0.374726, 0.039446, -0.750385, 0.659823, -0.0, 0.0, 0.0, 0.0, 1.0],
                [0.999112, 0.019811, -0.037199, 0.0, 0.014842, 0.660704, 0.7505, 0.374726, 0.039446, -0.750385, 0.659823, -0.0, 0.0, 0.0, 0.0, 1.0],
                [0.999112, 0.019811, -0.037199, 0.0, 0.014842, 0.660704, 0.7505, 0.374726, 0.039446, -0.750385, 0.659823, -0.0, 0.0, 0.0, 0.0, 1.0],
                [0.999112, 0.019811, -0.037199, 0.0, 0.014842, 0.660704, 0.7505, 0.374726, 0.039446, -0.750385, 0.659823, -0.0, 0.0, 0.0, 0.0, 1.0],
                [0.999112, 0.019811, -0.037199, 0.0, 0.014842, 0.660704, 0.7505, 0.374726, 0.039446, -0.750385, 0.659823, -0.0, 0.0, 0.0, 0.0, 1.0]
            ]
        },
        {
            "name": "Knee_L",
            "time": [0.0, 0.3333, 0.5833, 0.7, 1.0, 1.1667, 1.6667],
            "transform": [
                [0.99986, -0.016129, 0.004365, -0.0, -0.004365, -0.504269, -0.863535, 0.459884, 0.016129, 0.863396, -0.504269, -0.004006, 0.0, 0.0, 0.0, 1.0],
                [0.99986, -0.016129, 0.004365, -0.0, -0.004365, -0.504269, -0.863535, 0.459884, 0.016129, 0.863396, -0.504269, -0.004006, 0.0, 0.0, 0.0, 1.0],
                [0.99986, -0.016129, 0.004365, -0.0, -0.004365, -0.504269, -0.863535, 0.459884, 0.016129, 0.863396, -0.504269, -0.004006, 0.0, 0.0, 0.0, 1.0],
                [0.99986, -0.016129, 0.004365, -0.0, -0.004365, -0.504269, -0.863535, 0.459884, 0.016129, 0.863396, -0.504269, -0.004006, 0.0, 0.0, 0.0, 1.0],
                [0.99986, -0.016129, 0.004365, -0.0, -0.004365, -0.504269, -0.863535, 0.459884, 0.016129, 0.863396, -0.504269, -0.004006, 0.0, 0.0, 0.0, 1.0],
                [0.99986, -0.016129, 0.004365, -0.0, -0.004365, -0.504269, -0.863535, 0.459884, 0.016129, 0.863396, -0.504269, -0.004006, 0.0, 0.0, 0.0, 1.0],
                [0.99986, -0.016129, 0.004365, -0.0, -0.004365, -0.504269, -0.863535, 0.459884, 0.016129, 0.863396, -0.504269, -0.004006, 0.0, 0.0, 0.0, 1.0]
            ]
        },
        {
            "name": "Torso",
            "time": [0.0, 0.3333, 0.5833, 0.7, 1.0, 1.1667, 1.6667],
            "transform": [
                [1.0, -0.0, -0.0, 0.0, 0.0, 0.999239, -0.039005, 0.05, 0.0, 0.039005, 0.999239, -0.0, 0.0, 0.0, 0.0, 1.0],
                [1.0, -0.0, -0.0, 0.0, 0.0, 0.999239, -0.039005, 0.05, 0.0, 0.039005, 0.999239, -0.0, 0.0, 0.0, 0.0, 1.0],
                [1.0, -0.0, -0.0, 0.0, 0.0, 0.999239, -0.039005, 0.05, 0.0, 0.039005, 0.999239, -0.0, 0.0, 0.0, 0.0, 1.0],
                [1.0, -0.0, -0.0, 0.0, 0.0, 0.999239, -0.039005, 0.05, 0.0, 0.039005, 0.999239, -0.0, 0.0, 0.0, 0.0, 1.0],
                [1.0, -0.0, -0.0, 0.0, 0.0, 0.999239, -0.039005, 0.05, 0.0, 0.039005, 0.999239, -0.0, 0.0, 0.0, 0.0, 1.0],
                [1.0, -0.0, -0.0, 0.0, 0.0, 0.999239, -0.039005, 0.05, 0.0, 0.039005, 0.999239, -0.0, 0.0, 0.0, 0.0, 1.0],
                [1.0, -0.0, -0.0, 0.0, 0.0, 0.999239, -0.039005, 0.05, 0.0, 0.039005, 0.999239, -0.0, 0.0, 0.0, 0.0, 1.0]
            ]
        },
        {
            "name": "Chest",
            "time": [0.0, 0.1667, 0.3333, 0.5833, 0.8333, 1.0, 1.1667, 1.6667],
            "transform": [
                [0.970866, -0.210582, -0.114341, -0.0, 0.235712, 0.925134, 0.297601, 0.3, 0.043111, -0.315882, 0.947819, 0.0, 0.0, 0.0, 0.0, 1.0],
                [0.983732, -0.141763, -0.110341, -0.0, 0.129608, 0.985389, -0.110494, 0.3, 0.124392, 0.094395, 0.987733, 0.0, 0.0, 0.0, 0.0, 1.0],
                [0.986159, -0.119049, -0.115397, -0.0, 0.087906, 0.965557, -0.244889, 0.3, 0.140577, 0.231355, 0.96266, 0.0, 0.0, 0.0, 0.0, 1.0],
                [0.986159, -0.119049, -0.115397, -0.0, 0.087906, 0.965557, -0.244889, 0.3, 0.140577, 0.231355, 0.96266, 0.0, 0.0, 0.0, 0.0, 1.0],
                [0.971397, -0.15027, 0.183865, -0.0, 0.02671, 0.83853, 0.5442, 0.3, -0.235953, -0.523724, 0.818559, 0.0, 0.0, 0.0, 0.0, 1.0],
                [0.999481, -0.032146, -0.001999, -0.0, 0.022113, 0.639768, 0.768251, 0.3, -0.023418, -0.767896, 0.640147, 0.0, 0.0, 0.0, 0.0, 1.0],
                [0.999481, -0.032146, -0.001999, -0.0, 0.022113, 0.639768, 0.768251, 0.3, -0.023418, -0.767896, 0.640147, 0.0, 0.0, 0.0, 0.0, 1.0],
                [0.970866, -0.210582, -0.114341, -0.0, 0.235712, 0.925134, 0.297601, 0.3, 0.043111, -0.315882, 0.947819, 0.0, 0.0, 0.0, 0.0, 1.0]
            ]
        },
        {
            "name": "Head",
            "time": [0.0, 0.3333, 0.5833, 0.7, 0.8333, 1.0, 1.1667, 1.6667],
            "transform": [
                [0.970461, 0.08537, 0.225648, 0.0, -0.081695, 0.996329, -0.025591, 0.4, -0.227004, 0.006401, 0.973873, -0.0, 0.0, 0.0, 0.0, 1.0],
                [0.992752, 0.0, 0.120184, -0.0, -0.040805, 0.940599, 0.337059, 0.4, -0.113045, -0.33952, 0.933781, 0.0, 0.0, 0.0, 0.0, 1.0],
                [0.992752, 0.033833, 0.115323, -0.0, -0.040805, 0.997445, 0.058636, 0.4, -0.113045, -0.062917, 0.991596, 0.0, 0.0, 0.0, 0.0, 1.0],
                [0.992752, 0.033833, 0.115323, -0.0, -0.040805, 0.997445, 0.058636, 0.4, -0.113045, -0.062917, 0.991596, -0.0, 0.0, 0.0, 0.0, 1.0],
                [0.992752, 0.033833, 0.115323, -0.0, -0.040805, 0.997445, 0.058636, 0.4, -0.113045, -0.062917, 0.991596, -0.0, 0.0, 0.0, 0.0, 1.0],
                [0.992752, 0.033833, 0.115323, 0.0, -0.040805, 0.997445, 0.058636, 0.4, -0.113045, -0.062917, 0.991596, -0.0, 0.0, 0.0, 0.0, 1.0],
                [0.992752, 0.033833, 0.115323, 0.0, -0.040805, 0.997445, 0.058636, 0.4, -0.113045, -0.062917, 0.991596, -0.0, 0.0, 0.0, 0.0, 1.0],
                [0.970461, 0.08537, 0.225648, 0.0, -0.081695, 0.996329, -0.025591, 0.4, -0.227004, 0.006401, 0.973873, -0.0, 0.0, 0.0, 0.0, 1.0]
            ]
        },
        {
            "name": "Shoulder_R",
            "time": [0.0, 0.3333, 0.5833, 0.7, 0.8333, 1.0, 1.1667, 1.6667],
            "transform": [
                [0.040229, 0.894967, 0.444313, 0.0, 0.22242, -0.441537, 0.869237, 0.4, 0.97412, 0.063856, -0.216822, -0.0, 0.0, 0.0, 0.0, 1.0],
                [-0.073617, 0.949264, 0.305743, -0.0, 0.02364, -0.304828, 0.952114, 0.4, 0.997006, 0.07732, -0.0, 0.0, 0.0, 0.0, 0.0, 1.0],
                [-0.073617, 0.949263, 0.305743, -0.0, 0.02364, -0.304828, 0.952114, 0.4, 0.997006, 0.07732, -0.0, 0.0, 0.0, 0.0, 0.0, 1.0],
                [0.05822, 0.950332, 0.305743, -0.0, -0.018696, -0.305171, 0.952114, 0.4, 0.998128, -0.061148, 0.0, -0.0, 0.0, 0.0, 0.0, 1.0],
                [0.346327, 0.886893, 0.305743, -0.0, -0.111213, -0.284799, 0.952114, 0.4, 0.931498, -0.363745, 0.0, -0.0, 0.0, 0.0, 0.0, 1.0],
                [0.650877, 0.650292, 0.391764, 0.0, -0.168495, -0.379425, 0.90975, 0.4, 0.740249, -0.658146, -0.137388, -0.0, 0.0, 0.0, 0.0, 1.0],
                [0.650877, 0.650292, 0.391764, 0.0, -0.168495, -0.379425, 0.90975, 0.4, 0.740249, -0.658146, -0.137388, -0.0, 0.0, 0.0, 0.0, 1.0],
                [0.040229, 0.894967, 0.444313, 0.0, 0.22242, -0.441537, 0.869237, 0.4, 0.97412, 0.063856, -0.216822, -0.0, 0.0, 0.0, 0.0, 1.0]
            ]
        },
        {
            "name": "Arm_R",
            "time": [0.0, 0.1667, 0.3333, 0.4667, 0.5833, 0.7, 0.8333, 1.0, 1.1667, 1.6667],
            "transform": [
                [-0.207969, -0.626917, -0.750815, -0.0, 0.546607, 0.56207, -0.620723, 0.39386, 0.811153, -0.539493, 0.225784, -0.0, 0.0, 0.0, 0.0, 1.0],
                [0.787711, -0.597636, -0.149475, 0.0, 0.589552, 0.801699, -0.098531, 0.39386, 0.17872, -0.010509, 0.983844, -0.0, 0.0, 0.0, 0.0, 1.0],
                [-0.110126, -0.816101, 0.56732, -0.0, 0.990791, -0.135379, -0.002417, 0.393861, 0.078775, 0.56183, 0.823494, -0.0, 0.0, 0.0, 0.0, 1.0],
                [0.111324, -0.239421, 0.964513, -0.0, 0.984174, 0.16121, -0.073576, 0.39386, -0.137873, 0.957439, 0.253578, -0.0, 0.0, 0.0, 0.0, 1.0],
                [-0.27676, -0.080093, 0.957596, 0.0, 0.956262, 0.075249, 0.282668, 0.393861, -0.094698, 0.993943, 0.055765, 0.0, 0.0, 0.0, 0.0, 1.0],
                [-0.176298, 0.133508, 0.975241, -0.0, 0.966614, 0.210644, 0.145902, 0.39386, -0.18595, 0.968404, -0.166186, -0.0, 0.0, 0.0, 0.0, 1.0],
                [0.41622, -0.673375, -0.611005, 0.0, 0.780439, 0.609371, -0.139935, 0.393861, 0.466557, -0.418609, 0.779161, 0.0, 0.0, 0.0, 0.0, 1.0],
                [0.671059, -0.60483, -0.428791, 0.0, 0.650027, 0.758125, -0.052077, 0.393861, 0.356574, -0.243779, 0.901902, 0.0, 0.0, 0.0, 0.0, 1.0],
                [0.671059, -0.60483, -0.428791, 0.0, 0.650027, 0.758125, -0.052077, 0.393861, 0.356574, -0.243779, 0.901902, 0.0, 0.0, 0.0, 0.0, 1.0],
                [-0.207969, -0.626917, -0.750815, -0.0, 0.546607, 0.56207, -0.620723, 0.39386, 0.811153, -0.539493, 0.225784, -0.0, 0.0, 0.0, 0.0, 1.0]
            ]
        },
        {
            "name": "Hand_R",
            "time": [0.0, 0.3333, 0.5833, 0.7, 0.8333, 1.0, 1.1667, 1.6667],
            "transform": [
                [0.999722, -0.003141, 0.023384, 0.0, 0.016325, 0.807624, -0.589471, 0.300002, -0.017034, 0.589689, 0.807451, 0.0, 0.0, 0.0, 0.0, 1.0],
                [1.0, -0.0, -0.0, -0.0, 0.0, 0.866817, -0.498627, 0.300003, 0.0, 0.498627, 0.866817, -0.0, 0.0, 0.0, 0.0, 1.0],
                [0.999722, -0.003141, 0.023384, -0.0, 0.016325, 0.807624, -0.589471, 0.300003, -0.017034, 0.589689, 0.807451, -0.0, 0.0, 0.0, 0.0, 1.0],
                [0.999722, -0.003141, 0.023384, 0.0, 0.016325, 0.807624, -0.589471, 0.300003, -0.017034, 0.589689, 0.807451, -0.0, 0.0, 0.0, 0.0, 1.0],
                [0.999722, -0.014307, 0.018761, 0.0, 0.016325, 0.993544, -0.112265, 0.300002, -0.017034, 0.11254, 0.993501, 0.0, 0.0, 0.0, 0.0, 1.0],
                [0.999722, -0.014307, 0.018761, -0.0, 0.016325, 0.993544, -0.112265, 0.300003, -0.017034, 0.11254, 0.993501, 0.0, 0.0, 0.0, 0.0, 1.0],
                [0.999722, -0.014307, 0.018761, -0.0, 0.016325, 0.993544, -0.112265, 0.300003, -0.017034, 0.11254, 0.993501, 0.0, 0.0, 0.0, 0.0, 1.0],
                [0.999722, -0.003141, 0.023384, 0.0, 0.016325, 0.807624, -0.589471, 0.300002, -0.017034, 0.589689, 0.807451, 0.0, 0.0, 0.0, 0.0, 1.0]
            ]
        },
        {
            "name": "Tool_R",
            "time": [0.0, 0.3333, 0.5833, 0.7, 0.8333, 1.0, 1.1667, 1.6667],
            "transform": [
                [1.0, 0.0, 0.0, 0.0, -0.0, -0.999836, 0.018117, 0.272858, -0.0, -0.018127, -0.999244, -0.0, 0.0, 0.0, 0.0, 1.0],
                [1.0, 0.0, -0.0, -0.0, -0.0, -0.999836, 0.018117, 0.272858, -0.0, -0.018127, -0.999244, 0.0, 0.0, 0.0, 0.0, 1.0],
                [1.0, 0.0, 0.0, 0.0, 0.0, -0.999836, 0.018117, 0.272858, -0.0, -0.018127, -0.999244, 0.0, 0.0, 0.0, 0.0, 1.0],
                [1.0, 0.0, -0.0, -0.0, -0.0, -0.999836, 0.018117, 0.272858, -0.0, -0.018127, -0.999244, -0.0, 0.0, 0.0, 0.0, 1.0],
                [1.0, -0.0, 0.0, 0.0, -0.0, -0.999836, 0.018117, 0.272858, -0.0, -0.018127, -0.999244, 0.0, 0.0, 0.0, 0.0, 1.0],
                [1.0, -0.0, -0.0, 0.012421, 0.0, -0.739716, -0.672483, 0.258495, -0.0, 0.672513, -0.739683, -0.054084, 0.0, 0.0, 0.0, 1.0],
                [1.0, -0.0, -0.0, 0.012421, 0.0, -0.739716, -0.672483, 0.258495, -0.0, 0.672513, -0.739683, -0.054084, 0.0, 0.0, 0.0, 1.0],
                [1.0, 0.0, 0.0, 0.0, -0.0, -0.999836, 0.018117, 0.272858, -0.0, -0.018127, -0.999244, -0.0, 0.0, 0.0, 0.0, 1.0]
            ]
        },
        {
            "name": "Elbow_R",
            "time": [0.0, 0.3333, 0.5833, 0.7, 0.8333, 1.0, 1.1667, 1.6667],
            "transform": [
                [-1.0, 0.0, 0.0, -4.9e-05, 0.0, -0.0, -1.0, 0.370249, 0.0, -1.0, -0.0, 0.000652, 0.0, 0.0, 0.0, 1.0],
                [-1.0, 0.0, 0.0, -4.9e-05, -0.0, -0.0, -1.0, 0.370249, -0.0, -1.0, -0.0, 0.000652, 0.0, 0.0, 0.0, 1.0],
                [-1.0, 0.0, -0.0, -4.9e-05, 0.0, -0.0, -1.0, 0.370249, -0.0, -1.0, -0.0, 0.000652, 0.0, 0.0, 0.0, 1.0],
                [-1.0, -0.0, -0.0, -4.9e-05, 0.0, -0.0, -1.0, 0.370249, 0.0, -1.0, -0.0, 0.000652, 0.0, 0.0, 0.0, 1.0],
                [-1.0, -0.0, -0.0, -4.9e-05, -0.0, -0.0, -1.0, 0.370249, 0.0, -1.0, -0.0, 0.000652, 0.0, 0.0, 0.0, 1.0],
                [-1.0, -0.0, -0.0, -4.9e-05, 0.0, -0.0, -1.0, 0.370249, -0.0, -1.0, -0.0, 0.000652, 0.0, 0.0, 0.0, 1.0],
                [-1.0, -0.0, -0.0, -4.9e-05, 0.0, -0.0, -1.0, 0.370249, -0.0, -1.0, -0.0, 0.000652, 0.0, 0.0, 0.0, 1.0],
                [-1.0, 0.0, 0.0, -4.9e-05, 0.0, -0.0, -1.0, 0.370249, 0.0, -1.0, -0.0, 0.000652, 0.0, 0.0, 0.0, 1.0]
            ]
        },
        {
            "name": "Shoulder_L",
            "time": [0.0, 0.3333, 0.5833, 1.6667],
            "transform": [
                [-0.490685, -0.856992, -0.157458, 0.0, 0.18349, -0.278285, 0.942809, 0.4, -0.851798, 0.43373, 0.2938, -0.0, 0.0, 0.0, 0.0, 1.0],
                [0.214614, -0.927611, -0.305744, -0.0, 0.068917, -0.297875, 0.952114, 0.4, -0.974264, -0.225408, -0.0, 0.0, 0.0, 0.0, 0.0, 1.0],
                [0.214614, -0.927611, -0.305744, -0.0, 0.068917, -0.297875, 0.952114, 0.4, -0.974264, -0.225408, -0.0, 0.0, 0.0, 0.0, 0.0, 1.0],
                [-0.490685, -0.856992, -0.157458, 0.0, 0.18349, -0.278285, 0.942809, 0.4, -0.851798, 0.43373, 0.2938, -0.0, 0.0, 0.0, 0.0, 1.0]
            ]
        },
        {
            "name": "Arm_L",
            "time": [0.0, 0.3333, 0.5833, 1.6667],
            "transform": [
                [-0.267367, 0.016847, 0.963447, -0.0, -0.783202, 0.578666, -0.227465, 0.39386, -0.561347, -0.815391, -0.141521, -0.0, 0.0, 0.0, 0.0, 1.0],
                [-0.267367, 0.016847, 0.963447, 0.0, -0.783202, 0.578667, -0.227465, 0.39386, -0.561347, -0.815391, -0.141521, -0.0, 0.0, 0.0, 0.0, 1.0],
                [-0.267367, 0.016847, 0.963447, 0.0, -0.783202, 0.578667, -0.227465, 0.39386, -0.561347, -0.815391, -0.141521, -0.0, 0.0, 0.0, 0.0, 1.0],
                [-0.267367, 0.016847, 0.963447, -0.0, -0.783202, 0.578666, -0.227465, 0.39386, -0.561347, -0.815391, -0.141521, -0.0, 0.0, 0.0, 0.0, 1.0]
            ]
        },
        {
            "name": "Hand_L",
            "time": [0.0, 0.3333, 0.5833, 1.6667],
            "transform": [
                [0.993005, 0.054407, -0.104793, 0.0, -0.104647, 0.81659, -0.567653, 0.300003, 0.054689, 0.574648, 0.816571, 0.0, 0.0, 0.0, 0.0, 1.0],
                [1.0, -0.0, -0.0, 0.0, 0.0, 0.98566, -0.168744, 0.300003, 0.0, 0.168744, 0.98566, 0.0, 0.0, 0.0, 0.0, 1.0],
                [1.0, 0.0, -0.0, 0.0, -0.0, 0.98566, -0.168744, 0.300003, 0.0, 0.168744, 0.98566, 0.0, 0.0, 0.0, 0.0, 1.0],
                [0.993005, 0.054407, -0.104793, 0.0, -0.104647, 0.81659, -0.567653, 0.300003, 0.054689, 0.574648, 0.816571, 0.0, 0.0, 0.0, 0.0, 1.0]
            ]
        },
        {
            "name": "Tool_L",
            "time": [0.0, 0.3333, 0.5833, 0.7, 0.8333, 1.0, 1.1667, 1.6667],
            "transform": [
                [1.0, 0.0, -0.0, -0.0, -0.0, -0.924054, -0.381871, 0.272858, -0.0, 0.382028, -0.923676, 0.0, 0.0, 0.0, 0.0, 1.0],
                [1.0, -0.0, -0.0, -0.0, -0.0, -0.924054, -0.381871, 0.272858, 0.0, 0.382028, -0.923676, -0.0, 0.0, 0.0, 0.0, 1.0],
                [1.0, 0.0, -0.0, -0.0, -0.0, -0.924054, -0.381871, 0.272858, 0.0, 0.382028, -0.923676, -0.0, 0.0, 0.0, 0.0, 1.0],
                [1.0, 0.0, 0.0, -0.0, 0.0, -0.924054, -0.381871, 0.272858, 0.0, 0.382028, -0.923676, -0.0, 0.0, 0.0, 0.0, 1.0],
                [1.0, 0.0, -0.0, 0.0, -0.0, -0.924054, -0.381871, 0.272858, -0.0, 0.382028, -0.923676, -0.0, 0.0, 0.0, 0.0, 1.0],
                [1.0, 0.0, -0.0, -0.0, -0.0, -0.924054, -0.381871, 0.272858, -0.0, 0.382028, -0.923676, -0.0, 0.0, 0.0, 0.0, 1.0],
                [1.0, -0.0, -0.0, -0.0, 0.0, -0.924054, -0.381871, 0.272858, -0.0, 0.382028, -0.923676, -0.0, 0.0, 0.0, 0.0, 1.0],
                [1.0, 0.0, -0.0, -0.0, -0.0, -0.924054, -0.381871, 0.272858, -0.0, 0.382028, -0.923676, 0.0, 0.0, 0.0, 0.0, 1.0]
            ]
        },
        {
            "name": "Elbow_L",
            "time": [0.0, 0.3333, 0.5833, 0.7, 0.8333, 1.0, 1.1667, 1.6667],
            "transform": [
                [-1.0, -0.0, 0.0, -0.000104, -0.0, 0.0, -1.0, 0.367344, 0.0, -1.0, -0.0, 7.2e-05, 0.0, 0.0, 0.0, 1.0],
                [-1.0, 0.0, -0.0, -0.000104, 0.0, -0.0, -1.0, 0.367344, 0.0, -1.0, 0.0, 7.2e-05, 0.0, 0.0, 0.0, 1.0],
                [-1.0, 0.0, -0.0, -0.000104, 0.0, -0.0, -1.0, 0.367344, 0.0, -1.0, 0.0, 7.2e-05, 0.0, 0.0, 0.0, 1.0],
                [-1.0, -0.0, -0.0, -0.000104, 0.0, -0.0, -1.0, 0.367344, 0.0, -1.0, -0.0, 7.2e-05, 0.0, 0.0, 0.0, 1.0],
                [-1.0, 0.0, -0.0, -0.000104, 0.0, 0.0, -1.0, 0.367344, -0.0, -1.0, 0.0, 7.1e-05, 0.0, 0.0, 0.0, 1.0],
                [-1.0, 0.0, -0.0, -0.000104, -0.0, 0.0, -1.0, 0.367344, -0.0, -1.0, 0.0, 7.1e-05, 0.0, 0.0, 0.0, 1.0],
                [-1.0, -0.0, 0.0, -0.000104, -0.0, -0.0, -1.0, 0.367344, 0.0, -1.0, 0.0, 7.1e-05, 0.0, 0.0, 0.0, 1.0],
                [-1.0, -0.0, 0.0, -0.000104, -0.0, 0.0, -1.0, 0.367344, 0.0, -1.0, -0.0, 7.2e-05, 0.0, 0.0, 0.0, 1.0]
            ]
        }
    ]
}