{
    "animation": [
        {
            "name": "Root",
            "time": [0.0, 1.3333],
            "transform": [
                [0.999671, -0.004197, -0.025306, -5e-06, -0.008057, -0.987975, -0.154401, -0.47621, -0.024353, 0.154554, -0.987684, 1.044536, 0.0, 0.0, 0.0, 1.0],
                [0.999671, -0.004197, -0.025306, -5e-06, -0.008057, -0.987975, -0.154401, -0.47621, -0.024353, 0.154554, -0.987684, 1.044536, 0.0, 0.0, 0.0, 1.0]
            ]
        },
        {
            "name": "Thigh_R",
            "time": [0.0, 1.3333],
            "transform": [
                [0.966404, 0.120265, -0.227153, 0.124994, -0.124464, -0.55427, -0.822978, -0.002831, -0.22488, 0.8236, -0.520681, -1.2e-05, 0.0, 0.0, 0.0, 1.0],
                [0.966404, 0.120265, -0.227153, 0.124994, -0.124464, -0.55427, -0.822978, -0.002831, -0.22488, 0.8236, -0.520681, -1.2e-05, 0.0, 0.0, 0.0, 1.0]
            ]
        },
        {
            "name": "Leg_R",
            "time": [0.0, 1.3333],
            "transform": [
                [1.0, 0.0, 1e-06, 0.0, 0.0, 0.99999, 0.005103, 0.374726, -1e-06, -0.005104, 0.999984, 0.0, 0.0, 0.0, 0.0, 1.0],
                [1.0, 0.0, 1e-06, 0.0, 0.0, 0.99999, 0.005103, 0.374726, -1e-06, -0.005104, 0.999984, 0.0, 0.0, 0.0, 0.0, 1.0]
            ]
        },
        {
            "name": "Knee_R",
            "time": [0.0, 1.3333],
            "transform": [
                [1.0, 0.0, -0.0, -0.0, -0.0, 0.00567, -0.999984, 0.374726, -0.0, 0.999984, 0.00567, -0.0, 0.0, 0.0, 0.0, 1.0],
                [1.0, 0.0, -0.0, -0.0, -0.0, 0.00567, -0.999984, 0.374726, -0.0, 0.999984, 0.00567, -0.0, 0.0, 0.0, 0.0, 1.0]
            ]
        },
        {
            "name": "Thigh_L",
            "time": [0.0, 1.3333],
            "transform": [
                [0.968888, -0.099432, 0.226646, -0.125006, 0.136512, -0.549154, -0.824496, -0.002831, 0.206445, 0.829784, -0.518495, -1.2e-05, 0.0, 0.0, 0.0, 1.0],
                [0.968888, -0.099432, 0.226646, -0.125006, 0.136512, -0.549154, -0.824496, -0.002831, 0.206445, 0.829784, -0.518495, -1.2e-05, 0.0, 0.0, 0.0, 1.0]
            ]
        },
        {
            "name": "Leg_L",
            "time": [0.0, 1.3333],
            "transform": [
                [1.0, 0.0, 1e-06, 0.0, 0.0, 0.999987, 0.00511, 0.374726, -1e-06, -0.00511, 0.999987, 0.0, 0.0, 0.0, 0.0, 1.0],
                [1.0, 0.0, 1e-06, 0.0, 0.0, 0.999987, 0.00511, 0.374726, -1e-06, -0.00511, 0.999987, 0.0, 0.0, 0.0, 0.0, 1.0]
            ]
        },
        {
            "name": "Knee_L",
            "time": [0.0, 1.3333],
            "transform": [
                [1.0, 0.0, -0.0, 0.0, -0.0, 0.00567, -0.999984, 0.374726, -0.0, 0.999984, 0.00567, -0.0, 0.0, 0.0, 0.0, 1.0],
                [1.0, 0.0, -0.0, 0.0, -0.0, 0.00567, -0.999984, 0.374726, -0.0, 0.999984, 0.00567, -0.0, 0.0, 0.0, 0.0, 1.0]
            ]
        },
        {
            "name": "Torso",
            "time": [0.0, 1.3333],
            "transform": [
                [1.0, 0.0, -0.0, 0.0, -0.0, 1.0, -0.0, 0.05, -0.0, 0.0, 1.0, 0.0, 0.0, 0.0, 0.0, 1.0],
                [1.0, 0.0, -0.0, 0.0, -0.0, 1.0, -0.0, 0.05, -0.0, 0.0, 1.0, 0.0, 0.0, 0.0, 0.0, 1.0]
            ]
        },
        {
            "name": "Chest",
            "time": [0.0, 1.3333],
            "transform": [
                [0.99858, -0.004945, -0.053042, 0.0, -0.024575, 0.840643, -0.541032, 0.3, 0.047265, 0.541567, 0.839328, 0.0, 0.0, 0.0, 0.0, 1.0],
                [0.99858, -0.004945, -0.053042, 0.0, -0.024575, 0.840643, -0.541032, 0.3, 0.047265, 0.541567, 0.839328, 0.0, 0.0, 0.0, 0.0, 1.0]
            ]
        },
        {
            "name": "Head",
            "time": [0.0, 1.3333],
            "transform": [
                [1.0, -0.0, -0.0, 0.0, -0.0, 1.0, -0.0, 0.4, -0.0, -0.0, 1.0, 0.0, 0.0, 0.0, 0.0, 1.0],
                [1.0, -0.0, -0.0, 0.0, -0.0, 1.0, -0.0, 0.4, -0.0, -0.0, 1.0, 0.0, 0.0, 0.0, 0.0, 1.0]
            ]
        },
        {
            "name": "Shoulder_R",
            "time": [0.0, 1.3333],
            "transform": [
                [0.0, 0.952114, 0.305743, 0.0, -0.0, -0.305743, 0.952114, 0.4, 1.0, 0.0, 0.0, 0.0, 0.0, 0.0, 0.0, 1.0],
                [0.0, 0.952114, 0.305743, 0.0, -0.0, -0.305743, 0.952114, 0.4, 1.0, 0.0, 0.0, 0.0, 0.0, 0.0, 0.0, 1.0]
            ]
        },
        {
            "name": "Arm_R",
            "time": [0.0, 1.3333],
            "transform": [
                [0.271015, 0.961793, 0.038803, 0.0, -0.931724, 0.272239, -0.240369, 0.39386, -0.241748, 0.02899, 0.969906, -0.0, 0.0, 0.0, 0.0, 1.0],
                [0.271015, 0.961793, 0.038803, 0.0, -0.931724, 0.272239, -0.240369, 0.39386, -0.241748, 0.02899, 0.969906, -0.0, 0.0, 0.0, 0.0, 1.0]
            ]
        },
        {
            "name": "Hand_R",
            "time": [0.0, 1.3333],
            "transform": [
                [1.0, -0.0, 0.0, 0.0, 0.0, 1.0, -0.000994, 0.300003, -0.0, 0.000993, 1.0, -0.0, 0.0, 0.0, 0.0, 1.0],
                [1.0, -0.0, 0.0, 0.0, 0.0, 1.0, -0.000994, 0.300003, -0.0, 0.000993, 1.0, -0.0, 0.0, 0.0, 0.0, 1.0]
            ]
        },
        {
            "name": "Tool_R",
            "time": [0.0, 1.3333],
            "transform": [
                [0.881943, -0.468312, 0.05349, -0.0, 0.469693, 0.863629, -0.183123, 0.271711, 0.039563, 0.186628, 0.981634, -0.028915, 0.0, 0.0, 0.0, 1.0],
                [0.881943, -0.468312, 0.05349, -0.0, 0.469693, 0.863629, -0.183123, 0.271711, 0.039563, 0.186628, 0.981634, -0.028915, 0.0, 0.0, 0.0, 1.0]
            ]
        },
        {
            "name": "Elbow_R",
            "time": [0.0, 1.3333],
            "transform": [
                [-1.0, 0.0, -0.0, 0.0, 0.0, 0.003946, -0.999992, 0.300007, -0.0, -0.999992, -0.003946, -0.001252, 0.0, 0.0, 0.0, 1.0],
                [-1.0, 0.0, -0.0, 0.0, 0.0, 0.003946, -0.999992, 0.300007, -0.0, -0.999992, -0.003946, -0.001252, 0.0, 0.0, 0.0, 1.0]
            ]
        },
        {
            "name": "Shoulder_L",
            "time": [0.0, 1.3333],
            "transform": [
                [-0.0, -0.952114, -0.305743, 0.0, 0.0, -0.305743, 0.952114, 0.4, -1.0, 0.0, 0.0, 0.0, 0.0, 0.0, 0.0, 1.0],
                [-0.0, -0.952114, -0.305743, 0.0, 0.0, -0.305743, 0.952114, 0.4, -1.0, 0.0, 0.0, 0.0, 0.0, 0.0, 0.0, 1.0]
            ]
        },
        {
            "name": "Arm_L",
            "time": [0.0, 1.3333],
            "transform": [
                [0.071322, -0.992254, 0.101706, -0.0, 0.959103, 0.04022, -0.280185, 0.39386, 0.273924, 0.117529, 0.954543, 0.0, 0.0, 0.0, 0.0, 1.0],
                [0.071322, -0.992254, 0.101706, -0.0, 0.959103, 0.04022, -0.280185, 0.39386, 0.273924, 0.117529, 0.954543, 0.0, 0.0, 0.0, 0.0, 1.0]
            ]
        },
        {
            "name": "Hand_L",
            "time": [0.0, 1.3333],
            "transform": [
                [1.0, 0.0, 0.0, 0.0, 0.0, 0.999999, -0.001005, 0.300003, -0.0, 0.001005, 0.999999, 0.0, 0.0, 0.0, 0.0, 1.0],
                [1.0, 0.0, 0.0, 0.0, 0.0, 0.999999, -0.001005, 0.300003, -0.0, 0.001005, 0.999999, 0.0, 0.0, 0.0, 0.0, 1.0]
            ]
        },
        {
            "name": "Tool_L",
            "time": [0.0, 1.3333],
            "transform": [
                [-0.33735, -0.926381, -0.167365, -0.01247, 0.921006, -0.36158, 0.14495, 0.214966, -0.194794, -0.105246, 0.975182, -0.002106, 0.0, 0.0, 0.0, 1.0],
                [-0.33735, -0.926381, -0.167365, -0.01247, 0.921006, -0.36158, 0.14495, 0.214966, -0.194794, -0.105246, 0.975182, -0.002106, 0.0, 0.0, 0.0, 1.0]
            ]
        },
        {
            "name": "Elbow_L",
            "time": [0.0, 1.3333],
            "transform": [
                [-1.0, 0.0, -0.0, 0.0, 0.0, 0.003946, -0.999992, 0.300008, -0.0, -0.999992, -0.003946, -0.001252, 0.0, 0.0, 0.0, 1.0],
                [-1.0, 0.0, -0.0, 0.0, 0.0, 0.003946, -0.999992, 0.300008, -0.0, -0.999992, -0.003946, -0.001252, 0.0, 0.0, 0.0, 1.0]
            ]
        }
    ]
}