{
    "animation": [
        {
            "name": "Root",
            "time": [0.0, 1.3333],
            "transform": [
                [0.99808, -0.026514, 0.055971, -5e-06, 0.014329, -0.780351, -0.625177, -0.25082, 0.060253, 0.624779, -0.778473, 0.763972, 0.0, 0.0, 0.0, 1.0],
                [0.99808, -0.026514, 0.055971, -5e-06, 0.014329, -0.780351, -0.625177, -0.25082, 0.060253, 0.624779, -0.778473, 0.763972, 0.0, 0.0, 0.0, 1.0]
            ]
        },
        {
            "name": "Thigh_R",
            "time": [0.0, 1.3333],
            "transform": [
                [0.983791, 0.0919, -0.15398, 0.124994, -0.0089, -0.832608, -0.55379, -0.002831, -0.179098, 0.546182, -0.818296, -1.2e-05, 0.0, 0.0, 0.0, 1.0],
                [0.983791, 0.0919, -0.15398, 0.124994, -0.0089, -0.832608, -0.55379, -0.002831, -0.179098, 0.546182, -0.818296, -1.2e-05, 0.0, 0.0, 0.0, 1.0]
            ]
        },
        {
            "name": "Leg_R",
            "time": [0.0, 1.3333],
            "transform": [
                [1.0, -0.0, 1e-06, -0.0, -0.0, 0.999992, 0.004758, 0.374726, -1e-06, -0.004758, 0.999986, -0.0, 0.0, 0.0, 0.0, 1.0],
                [1.0, -0.0, 1e-06, -0.0, -0.0, 0.999992, 0.004758, 0.374726, -1e-06, -0.004758, 0.999986, -0.0, 0.0, 0.0, 0.0, 1.0]
            ]
        },
        {
            "name": "Knee_R",
            "time": [0.0, 1.3333],
            "transform": [
                [1.0, 0.0, -0.0, -0.0, -0.0, 0.00567, -0.999984, 0.374726, -0.0, 0.999984, 0.00567, 0.0, 0.0, 0.0, 0.0, 1.0],
                [1.0, 0.0, -0.0, -0.0, -0.0, 0.00567, -0.999984, 0.374726, -0.0, 0.999984, 0.00567, 0.0, 0.0, 0.0, 0.0, 1.0]
            ]
        },
        {
            "name": "Thigh_L",
            "time": [0.0, 1.3333],
            "transform": [
                [0.944712, -0.222175, 0.24116, -0.125006, -0.051079, -0.826195, -0.561063, -0.002831, 0.323899, 0.517724, -0.791865, -1.2e-05, 0.0, 0.0, 0.0, 1.0],
                [0.944712, -0.222175, 0.24116, -0.125006, -0.051079, -0.826195, -0.561063, -0.002831, 0.323899, 0.517724, -0.791865, -1.2e-05, 0.0, 0.0, 0.0, 1.0]
            ]
        },
        {
            "name": "Leg_L",
            "time": [0.0, 1.3333],
            "transform": [
                [1.0, -0.0, 1e-06, -0.0, -0.0, 0.999989, 0.004745, 0.374726, -1e-06, -0.004745, 0.999988, -0.0, 0.0, 0.0, 0.0, 1.0],
                [1.0, -0.0, 1e-06, -0.0, -0.0, 0.999989, 0.004745, 0.374726, -1e-06, -0.004745, 0.999988, -0.0, 0.0, 0.0, 0.0, 1.0]
            ]
        },
        {
            "name": "Knee_L",
            "time": [0.0, 1.3333],
            "transform": [
                [1.0, 0.0, -0.0, -0.0, -0.0, 0.00567, -0.999984, 0.374726, -0.0, 0.999984, 0.00567, -0.0, 0.0, 0.0, 0.0, 1.0],
                [1.0, 0.0, -0.0, -0.0, -0.0, 0.00567, -0.999984, 0.374726, -0.0, 0.999984, 0.00567, -0.0, 0.0, 0.0, 0.0, 1.0]
            ]
        },
        {
            "name": "Torso",
            "time": [0.0, 1.3333],
            "transform": [
                [1.0, -0.0, 0.0, -0.0, 0.0, 1.0, -0.0, 0.05, -0.0, 0.0, 1.0, 0.0, 0.0, 0.0, 0.0, 1.0],
                [1.0, -0.0, 0.0, -0.0, 0.0, 1.0, -0.0, 0.05, -0.0, 0.0, 1.0, 0.0, 0.0, 0.0, 0.0, 1.0]
            ]
        },
        {
            "name": "Chest",
            "time": [0.0, 1.3333],
            "transform": [
                [0.99858, -0.004945, -0.053042, 0.0, -0.024575, 0.840643, -0.541032, 0.3, 0.047265, 0.541567, 0.839328, 0.0, 0.0, 0.0, 0.0, 1.0],
                [0.99858, -0.004945, -0.053042, 0.0, -0.024575, 0.840643, -0.541032, 0.3, 0.047265, 0.541567, 0.839328, 0.0, 0.0, 0.0, 0.0, 1.0]
            ]
        },
        {
            "name": "Head",
            "time": [0.0, 1.3333],
            "transform": [
                [1.0, 0.0, 0.0, 0.0, -0.0, 1.0, -0.0, 0.4, 0.0, -0.0, 1.0, -0.0, 0.0, 0.0, 0.0, 1.0],
                [1.0, 0.0, 0.0, 0.0, -0.0, 1.0, -0.0, 0.4, 0.0, -0.0, 1.0, -0.0, 0.0, 0.0, 0.0, 1.0]
            ]
        },
        {
            "name": "Shoulder_R",
            "time": [0.0, 1.3333],
            "transform": [
                [0.0, 0.952114, 0.305743, 0.0, 0.0, -0.305743, 0.952114, 0.4, 1.0, 0.0, -0.0, -0.0, 0.0, 0.0, 0.0, 1.0],
                [0.0, 0.952114, 0.305743, 0.0, 0.0, -0.305743, 0.952114, 0.4, 1.0, 0.0, -0.0, -0.0, 0.0, 0.0, 0.0, 1.0]
            ]
        },
        {
            "name": "Arm_R",
            "time": [0.0, 1.3333],
            "transform": [
                [0.186192, 0.978191, 0.092071, -0.0, -0.907331, 0.20714, -0.365846, 0.393861, -0.376938, -0.01542, 0.92611, -0.0, 0.0, 0.0, 0.0, 1.0],
                [0.186192, 0.978191, 0.092071, -0.0, -0.907331, 0.20714, -0.365846, 0.393861, -0.376938, -0.01542, 0.92611, -0.0, 0.0, 0.0, 0.0, 1.0]
            ]
        },
        {
            "name": "Hand_R",
            "time": [0.0, 1.3333],
            "transform": [
                [1.0, 0.0, 0.0, 0.0, -0.0, 0.999999, -0.000993, 0.300003, -0.0, 0.000993, 0.999999, 0.0, 0.0, 0.0, 0.0, 1.0],
                [1.0, 0.0, 0.0, 0.0, -0.0, 0.999999, -0.000993, 0.300003, -0.0, 0.000993, 0.999999, 0.0, 0.0, 0.0, 0.0, 1.0]
            ]
        },
        {
            "name": "Tool_R",
            "time": [0.0, 1.3333],
            "transform": [
                [0.941359, 0.333918, 0.048396, 0.0, -0.332333, 0.892839, 0.303964, 0.271711, 0.058289, -0.302223, 0.951454, -0.028915, 0.0, 0.0, 0.0, 1.0],
                [0.941359, 0.333918, 0.048396, 0.0, -0.332333, 0.892839, 0.303964, 0.271711, 0.058289, -0.302223, 0.951454, -0.028915, 0.0, 0.0, 0.0, 1.0]
            ]
        },
        {
            "name": "Elbow_R",
            "time": [0.0, 1.3333],
            "transform": [
                [-1.0, 0.0, -0.0, -0.0, 0.0, 0.003946, -0.999992, 0.300008, -0.0, -0.999992, -0.003946, -0.001252, 0.0, 0.0, 0.0, 1.0],
                [-1.0, 0.0, -0.0, -0.0, 0.0, 0.003946, -0.999992, 0.300008, -0.0, -0.999992, -0.003946, -0.001252, 0.0, 0.0, 0.0, 1.0]
            ]
        },
        {
            "name": "Shoulder_L",
            "time": [0.0, 1.3333],
            "transform": [
                [-0.0, -0.952114, -0.305743, 0.0, 0.0, -0.305743, 0.952114, 0.4, -1.0, -0.0, 0.0, -0.0, 0.0, 0.0, 0.0, 1.0],
                [-0.0, -0.952114, -0.305743, 0.0, 0.0, -0.305743, 0.952114, 0.4, -1.0, -0.0, 0.0, -0.0, 0.0, 0.0, 0.0, 1.0]
            ]
        },
        {
            "name": "Arm_L",
            "time": [0.0, 1.3333],
            "transform": [
                [0.160818, -0.985499, -0.054117, 0.0, 0.931978, 0.169676, -0.320356, 0.39386, 0.324892, 0.001083, 0.94575, -0.0, 0.0, 0.0, 0.0, 1.0],
                [0.160818, -0.985499, -0.054117, 0.0, 0.931978, 0.169676, -0.320356, 0.39386, 0.324892, 0.001083, 0.94575, -0.0, 0.0, 0.0, 0.0, 1.0]
            ]
        },
        {
            "name": "Hand_L",
            "time": [0.0, 1.3333],
            "transform": [
                [1.0, -0.0, 0.0, 0.0, -0.0, 0.999999, -0.001003, 0.300003, -0.0, 0.001003, 0.999999, -0.0, 0.0, 0.0, 0.0, 1.0],
                [1.0, -0.0, 0.0, 0.0, -0.0, 0.999999, -0.001003, 0.300003, -0.0, 0.001003, 0.999999, -0.0, 0.0, 0.0, 0.0, 1.0]
            ]
        },
        {
            "name": "Tool_L",
            "time": [0.0, 1.3333],
            "transform": [
                [0.798995, -0.576344, -0.171565, -0.01247, 0.570997, 0.637665, 0.517055, 0.214966, -0.1886, -0.511087, 0.838583, -0.002106, 0.0, 0.0, 0.0, 1.0],
                [0.798995, -0.576344, -0.171565, -0.01247, 0.570997, 0.637665, 0.517055, 0.214966, -0.1886, -0.511087, 0.838583, -0.002106, 0.0, 0.0, 0.0, 1.0]
            ]
        },
        {
            "name": "Elbow_L",
            "time": [0.0, 1.3333],
            "transform": [
                [-1.0, 0.0, -0.0, -0.0, 0.0, 0.003946, -0.999992, 0.300008, -0.0, -0.999993, -0.003946, -0.001252, 0.0, 0.0, 0.0, 1.0],
                [-1.0, 0.0, -0.0, -0.0, 0.0, 0.003946, -0.999992, 0.300008, -0.0, -0.999993, -0.003946, -0.001252, 0.0, 0.0, 0.0, 1.0]
            ]
        }
    ]
}