{
    "animation": [
        {
            "name": "Root",
            "time": [0.0, 5.0],
            "transform": [
                [0.993362, -0.10913, 0.036374, -5e-06, 0.079146, 0.418929, -0.904563, -0.110939, 0.083477, 0.901437, 0.424785, 0.711094, 0.0, 0.0, 0.0, 1.0],
                [0.993362, -0.10913, 0.036374, -5e-06, 0.079146, 0.418929, -0.904563, -0.110939, 0.083477, 0.901437, 0.424785, 0.711094, 0.0, 0.0, 0.0, 1.0]
            ]
        },
        {
            "name": "Thigh_R",
            "time": [0.0, 5.0],
            "transform": [
                [0.838355, 0.196131, 0.50862, 0.124994, -0.268962, -0.662732, 0.698888, -0.002831, 0.474153, -0.722714, -0.502854, -1.2e-05, 0.0, 0.0, 0.0, 1.0],
                [0.838355, 0.196131, 0.50862, 0.124994, -0.268962, -0.662732, 0.698888, -0.002831, 0.474153, -0.722714, -0.502854, -1.2e-05, 0.0, 0.0, 0.0, 1.0]
            ]
        },
        {
            "name": "Leg_R",
            "time": [0.0, 5.0],
            "transform": [
                [1.0, -0.0, 1e-06, -0.0, -0.0, 0.897131, 0.44177, 0.374726, -1e-06, -0.441771, 0.897125, -0.0, 0.0, 0.0, 0.0, 1.0],
                [1.0, -0.0, 1e-06, -0.0, -0.0, 0.897131, 0.44177, 0.374726, -1e-06, -0.441771, 0.897125, -0.0, 0.0, 0.0, 0.0, 1.0]
            ]
        },
        {
            "name": "Knee_R",
            "time": [0.0, 5.0],
            "transform": [
                [1.0, 0.0, -0.0, -0.0, -0.0, 0.00567, -0.999984, 0.374726, -0.0, 0.999984, 0.00567, -0.0, 0.0, 0.0, 0.0, 1.0],
                [1.0, 0.0, -0.0, -0.0, -0.0, 0.00567, -0.999984, 0.374726, -0.0, 0.999984, 0.00567, -0.0, 0.0, 0.0, 0.0, 1.0]
            ]
        },
        {
            "name": "Thigh_L",
            "time": [0.0, 5.0],
            "transform": [
                [0.863158, -0.372208, -0.341203, -0.125006, 0.103372, -0.531165, 0.840938, -0.002831, -0.494239, -0.761133, -0.420003, -1.2e-05, 0.0, 0.0, 0.0, 1.0],
                [0.863158, -0.372208, -0.341203, -0.125006, 0.103372, -0.531165, 0.840938, -0.002831, -0.494239, -0.761133, -0.420003, -1.2e-05, 0.0, 0.0, 0.0, 1.0]
            ]
        },
        {
            "name": "Leg_L",
            "time": [0.0, 5.0],
            "transform": [
                [1.0, -0.0, 1e-06, 0.0, -0.0, 0.850358, 0.526205, 0.374726, -1e-06, -0.526205, 0.850358, 0.0, 0.0, 0.0, 0.0, 1.0],
                [1.0, -0.0, 1e-06, 0.0, -0.0, 0.850358, 0.526205, 0.374726, -1e-06, -0.526205, 0.850358, 0.0, 0.0, 0.0, 0.0, 1.0]
            ]
        },
        {
            "name": "Knee_L",
            "time": [0.0, 5.0],
            "transform": [
                [1.0, 0.0, -0.0, 0.0, -0.0, 0.00567, -0.999984, 0.376743, -0.0, 0.999984, 0.00567, -1.1e-05, 0.0, 0.0, 0.0, 1.0],
                [1.0, 0.0, -0.0, 0.0, -0.0, 0.00567, -0.999984, 0.376743, -0.0, 0.999984, 0.00567, -1.1e-05, 0.0, 0.0, 0.0, 1.0]
            ]
        },
        {
            "name": "Torso",
            "time": [0.0, 5.0],
            "transform": [
                [1.0, 0.0, 0.0, -0.0, 0.0, 1.0, -0.0, 0.05, -0.0, -0.0, 1.0, 0.0, 0.0, 0.0, 0.0, 1.0],
                [1.0, 0.0, 0.0, -0.0, 0.0, 1.0, -0.0, 0.05, -0.0, -0.0, 1.0, 0.0, 0.0, 0.0, 0.0, 1.0]
            ]
        },
        {
            "name": "Chest",
            "time": [0.0, 5.0],
            "transform": [
                [0.999858, 0.008433, 0.014622, -0.0, -0.015097, 0.834199, 0.551257, 0.3, -0.007549, -0.551399, 0.834207, -0.0, 0.0, 0.0, 0.0, 1.0],
                [0.999858, 0.008433, 0.014622, -0.0, -0.015097, 0.834199, 0.551257, 0.3, -0.007549, -0.551399, 0.834207, -0.0, 0.0, 0.0, 0.0, 1.0]
            ]
        },
        {
            "name": "Head",
            "time": [0.0, 3.3333, 4.1667, 5.0],
            "transform": [
                [0.99946, -0.012081, 0.030571, 0.0, 0.000348, 0.933852, 0.35766, 0.4, -0.03287, -0.357456, 0.933351, -0.0, 0.0, 0.0, 0.0, 1.0],
                [0.99946, -0.012081, 0.030571, 0.0, 0.000348, 0.933852, 0.35766, 0.4, -0.03287, -0.357456, 0.933351, -0.0, 0.0, 0.0, 0.0, 1.0],
                [0.992624, 0.12021, -0.015731, 0.0, -0.094846, 0.689176, -0.71836, 0.4, -0.075513, 0.714553, 0.695494, -0.0, 0.0, 0.0, 0.0, 1.0],
                [0.992624, 0.12021, -0.015731, 0.0, -0.094846, 0.689176, -0.71836, 0.4, -0.075513, 0.714553, 0.695494, -0.0, 0.0, 0.0, 0.0, 1.0]
            ]
        },
        {
            "name": "Shoulder_R",
            "time": [0.0, 5.0],
            "transform": [
                [0.0, 0.952114, 0.305743, 0.0, -0.0, -0.305743, 0.952114, 0.4, 1.0, 0.0, -0.0, -0.0, 0.0, 0.0, 0.0, 1.0],
                [0.0, 0.952114, 0.305743, 0.0, -0.0, -0.305743, 0.952114, 0.4, 1.0, 0.0, -0.0, -0.0, 0.0, 0.0, 0.0, 1.0]
            ]
        },
        {
            "name": "Arm_R",
            "time": [0.0, 5.0],
            "transform": [
                [0.111261, -0.915467, -0.386707, 0.0, 0.927031, 0.235822, -0.291551, 0.39386, 0.358099, -0.326051, 0.874904, -0.0, 0.0, 0.0, 0.0, 1.0],
                [0.111261, -0.915467, -0.386707, 0.0, 0.927031, 0.235822, -0.291551, 0.39386, 0.358099, -0.326051, 0.874904, -0.0, 0.0, 0.0, 0.0, 1.0]
            ]
        },
        {
            "name": "Hand_R",
            "time": [0.0, 5.0],
            "transform": [
                [1.0, 0.0, 0.0, 0.0, 0.0, 1.0, -0.000997, 0.300003, -0.0, 0.000997, 1.0, -0.0, 0.0, 0.0, 0.0, 1.0],
                [1.0, 0.0, 0.0, 0.0, 0.0, 1.0, -0.000997, 0.300003, -0.0, 0.000997, 1.0, -0.0, 0.0, 0.0, 0.0, 1.0]
            ]
        },
        {
            "name": "Tool_R",
            "time": [0.0, 5.0],
            "transform": [
                [0.999072, -0.002645, -0.042995, -0.012222, 0.001367, -0.995664, 0.093013, 0.279758, -0.043055, -0.092985, -0.994737, -0.16476, 0.0, 0.0, 0.0, 1.0],
                [0.999072, -0.002645, -0.042995, -0.012222, 0.001367, -0.995664, 0.093013, 0.279758, -0.043055, -0.092985, -0.994737, -0.16476, 0.0, 0.0, 0.0, 1.0]
            ]
        },
        {
            "name": "Elbow_R",
            "time": [0.0, 5.0],
            "transform": [
                [-1.0, 0.0, -0.0, -0.0, 0.0, 0.003946, -0.999992, 0.300007, -0.0, -0.999992, -0.003946, -0.001252, 0.0, 0.0, 0.0, 1.0],
                [-1.0, 0.0, -0.0, -0.0, 0.0, 0.003946, -0.999992, 0.300007, -0.0, -0.999992, -0.003946, -0.001252, 0.0, 0.0, 0.0, 1.0]
            ]
        },
        {
            "name": "Shoulder_L",
            "time": [0.0, 5.0],
            "transform": [
                [-0.0, -0.952114, -0.305743, 0.0, 0.0, -0.305743, 0.952114, 0.4, -1.0, 0.0, 0.0, -0.0, 0.0, 0.0, 0.0, 1.0],
                [-0.0, -0.952114, -0.305743, 0.0, 0.0, -0.305743, 0.952114, 0.4, -1.0, 0.0, 0.0, -0.0, 0.0, 0.0, 0.0, 1.0]
            ]
        },
        {
            "name": "Arm_L",
            "time": [0.0, 5.0],
            "transform": [
                [0.110715, 0.923415, 0.367485, 0.0, -0.934782, 0.222329, -0.277042, 0.39386, -0.337527, -0.312846, 0.887808, 0.0, 0.0, 0.0, 0.0, 1.0],
                [0.110715, 0.923415, 0.367485, 0.0, -0.934782, 0.222329, -0.277042, 0.39386, -0.337527, -0.312846, 0.887808, 0.0, 0.0, 0.0, 0.0, 1.0]
            ]
        },
        {
            "name": "Hand_L",
            "time": [0.0, 5.0],
            "transform": [
                [1.0, 0.0, 0.0, 0.0, 0.0, 0.999999, -0.000997, 0.300003, -0.0, 0.000997, 0.999999, -0.0, 0.0, 0.0, 0.0, 1.0],
                [1.0, 0.0, 0.0, 0.0, 0.0, 0.999999, -0.000997, 0.300003, -0.0, 0.000997, 0.999999, -0.0, 0.0, 0.0, 0.0, 1.0]
            ]
        },
        {
            "name": "Tool_L",
            "time": [0.0, 5.0],
            "transform": [
                [0.970869, -0.012512, -0.239284, -0.005683, 0.005403, -0.997238, 0.074068, 0.225375, -0.239549, -0.073203, -0.968121, -0.162454, 0.0, 0.0, 0.0, 1.0],
                [0.970869, -0.012512, -0.239284, -0.005683, 0.005403, -0.997238, 0.074068, 0.225375, -0.239549, -0.073203, -0.968121, -0.162454, 0.0, 0.0, 0.0, 1.0]
            ]
        },
        {
            "name": "Elbow_L",
            "time": [0.0, 5.0],
            "transform": [
                [-1.0, 0.0, -0.0, -0.0, 0.0, 0.003946, -0.999992, 0.300007, -0.0, -0.999992, -0.003946, -0.001252, 0.0, 0.0, 0.0, 1.0],
                [-1.0, 0.0, -0.0, -0.0, 0.0, 0.003946, -0.999992, 0.300007, -0.0, -0.999992, -0.003946, -0.001252, 0.0, 0.0, 0.0, 1.0]
            ]
        }
    ]
}