{
    "animation": [
        {
            "name": "Root",
            "time": [0.0, 1.0],
            "transform": [
                [1.0, 0.0, 0.0, -5e-06, 0.0, 0.0, -1.0, 0.000946, 0.0, 1.0, 0.0, 0.731839, 0.0, 0.0, 0.0, 1.0],
                [1.0, 0.0, 0.0, -5e-06, 0.0, 0.0, -1.0, 0.000946, 0.0, 1.0, 0.0, 0.731839, 0.0, 0.0, 0.0, 1.0]
            ]
        },
        {
            "name": "Thigh_R",
            "time": [0.0, 1.0],
            "transform": [
                [0.960031, 0.088358, -0.265581, 0.124994, 0.187004, -0.908486, 0.373737, -0.002831, -0.208254, -0.408464, -0.8887, -1.2e-05, 0.0, 0.0, 0.0, 1.0],
                [0.960031, 0.088358, -0.265581, 0.124994, 0.187004, -0.908486, 0.373737, -0.002831, -0.208254, -0.408464, -0.8887, -1.2e-05, 0.0, 0.0, 0.0, 1.0]
            ]
        },
        {
            "name": "Leg_R",
            "time": [0.0, 1.0],
            "transform": [
                [1.0, -0.0, 1e-06, 0.0, -0.0, 0.915066, 0.40331, 0.374726, -1e-06, -0.403311, 0.915061, 0.0, 0.0, 0.0, 0.0, 1.0],
                [1.0, -0.0, 1e-06, 0.0, -0.0, 0.915066, 0.40331, 0.374726, -1e-06, -0.403311, 0.915061, 0.0, 0.0, 0.0, 0.0, 1.0]
            ]
        },
        {
            "name": "Knee_R",
            "time": [0.0, 1.0],
            "transform": [
                [1.0, 0.0, -0.0, 0.0, -0.0, 0.00567, -0.999984, 0.374726, -0.0, 0.999984, 0.00567, 0.0, 0.0, 0.0, 0.0, 1.0],
                [1.0, 0.0, -0.0, 0.0, -0.0, 0.00567, -0.999984, 0.374726, -0.0, 0.999984, 0.00567, 0.0, 0.0, 0.0, 0.0, 1.0]
            ]
        },
        {
            "name": "Thigh_L",
            "time": [0.0, 1.0],
            "transform": [
                [0.985687, -0.075926, 0.150515, -0.125006, -0.112633, -0.960918, 0.252882, -0.002831, 0.125433, -0.266215, -0.955718, -1.2e-05, 0.0, 0.0, 0.0, 1.0],
                [0.985687, -0.075926, 0.150515, -0.125006, -0.112633, -0.960918, 0.252882, -0.002831, 0.125433, -0.266215, -0.955718, -1.2e-05, 0.0, 0.0, 0.0, 1.0]
            ]
        },
        {
            "name": "Leg_L",
            "time": [0.0, 1.0],
            "transform": [
                [1.0, -0.0, 1e-06, 0.0, -0.0, 0.8561, 0.516809, 0.374726, -1e-06, -0.516809, 0.8561, 0.0, 0.0, 0.0, 0.0, 1.0],
                [1.0, -0.0, 1e-06, 0.0, -0.0, 0.8561, 0.516809, 0.374726, -1e-06, -0.516809, 0.8561, 0.0, 0.0, 0.0, 0.0, 1.0]
            ]
        },
        {
            "name": "Knee_L",
            "time": [0.0, 1.0],
            "transform": [
                [1.0, 0.0, -0.0, -0.0, -0.0, 0.00567, -0.999984, 0.375586, -0.0, 0.999984, 0.00567, -5e-06, 0.0, 0.0, 0.0, 1.0],
                [1.0, 0.0, -0.0, -0.0, -0.0, 0.00567, -0.999984, 0.375586, -0.0, 0.999984, 0.00567, -5e-06, 0.0, 0.0, 0.0, 1.0]
            ]
        },
        {
            "name": "Torso",
            "time": [0.0, 1.0],
            "transform": [
                [1.0, 0.0, 0.0, 0.0, 0.0, 1.0, 0.0, 0.05, 0.0, 0.0, 1.0, 0.0, 0.0, 0.0, 0.0, 1.0],
                [1.0, 0.0, 0.0, 0.0, 0.0, 1.0, 0.0, 0.05, 0.0, 0.0, 1.0, 0.0, 0.0, 0.0, 0.0, 1.0]
            ]
        },
        {
            "name": "Chest",
            "time": [0.0, 1.0],
            "transform": [
                [1.0, 0.0, 0.0, 0.0, 0.0, 1.0, 0.0, 0.3, 0.0, 0.0, 1.0, 0.0, 0.0, 0.0, 0.0, 1.0],
                [1.0, 0.0, 0.0, 0.0, 0.0, 1.0, 0.0, 0.3, 0.0, 0.0, 1.0, 0.0, 0.0, 0.0, 0.0, 1.0]
            ]
        },
        {
            "name": "Head",
            "time": [0.0, 1.0],
            "transform": [
                [1.0, 0.0, 0.0, 0.0, 0.0, 1.0, 0.0, 0.4, 0.0, 0.0, 1.0, 0.0, 0.0, 0.0, 0.0, 1.0],
                [1.0, 0.0, 0.0, 0.0, 0.0, 1.0, 0.0, 0.4, 0.0, 0.0, 1.0, 0.0, 0.0, 0.0, 0.0, 1.0]
            ]
        },
        {
            "name": "Shoulder_R",
            "time": [0.0, 1.0],
            "transform": [
                [0.0, 0.952114, 0.305743, 0.0, 0.0, -0.305743, 0.952114, 0.4, 1.0, 0.0, -0.0, 0.0, 0.0, 0.0, 0.0, 1.0],
                [0.0, 0.952114, 0.305743, 0.0, 0.0, -0.305743, 0.952114, 0.4, 1.0, 0.0, -0.0, 0.0, 0.0, 0.0, 0.0, 1.0]
            ]
        },
        {
            "name": "Arm_R",
            "time": [0.0, 1.0],
            "transform": [
                [0.169163, -0.982079, -0.083104, -0.0, 0.835202, 0.187608, -0.516954, 0.39386, 0.52328, 0.01804, 0.85197, -0.0, 0.0, 0.0, 0.0, 1.0],
                [0.169163, -0.982079, -0.083104, -0.0, 0.835202, 0.187608, -0.516954, 0.39386, 0.52328, 0.01804, 0.85197, -0.0, 0.0, 0.0, 0.0, 1.0]
            ]
        },
        {
            "name": "Hand_R",
            "time": [0.0, 1.0],
            "transform": [
                [1.0, -0.0, 0.0, -0.0, 0.0, 1.0, -0.000997, 0.300003, -0.0, 0.000996, 0.999999, 0.0, 0.0, 0.0, 0.0, 1.0],
                [1.0, -0.0, 0.0, -0.0, 0.0, 1.0, -0.000997, 0.300003, -0.0, 0.000996, 0.999999, 0.0, 0.0, 0.0, 0.0, 1.0]
            ]
        },
        {
            "name": "Tool_R",
            "time": [0.0, 1.0],
            "transform": [
                [-0.220284, -0.864175, 0.452414, -0.0, 0.877225, -0.378331, -0.295537, 0.271711, 0.426557, 0.331767, 0.841416, -0.028915, 0.0, 0.0, 0.0, 1.0],
                [-0.220284, -0.864175, 0.452414, -0.0, 0.877225, -0.378331, -0.295537, 0.271711, 0.426557, 0.331767, 0.841416, -0.028915, 0.0, 0.0, 0.0, 1.0]
            ]
        },
        {
            "name": "Elbow_R",
            "time": [0.0, 1.0],
            "transform": [
                [-1.0, 0.0, -0.0, 0.0, 0.0, 0.003946, -0.999992, 0.300007, -0.0, -0.999992, -0.003946, -0.001252, 0.0, 0.0, 0.0, 1.0],
                [-1.0, 0.0, -0.0, 0.0, 0.0, 0.003946, -0.999992, 0.300007, -0.0, -0.999992, -0.003946, -0.001252, 0.0, 0.0, 0.0, 1.0]
            ]
        },
        {
            "name": "Shoulder_L",
            "time": [0.0, 1.0],
            "transform": [
                [-0.0, -0.952114, -0.305743, 0.0, 0.0, -0.305743, 0.952114, 0.4, -1.0, 0.0, 0.0, 0.0, 0.0, 0.0, 0.0, 1.0],
                [-0.0, -0.952114, -0.305743, 0.0, 0.0, -0.305743, 0.952114, 0.4, -1.0, 0.0, 0.0, 0.0, 0.0, 0.0, 0.0, 1.0]
            ]
        },
        {
            "name": "Arm_L",
            "time": [0.0, 1.0],
            "transform": [
                [0.0, 0.108395, 0.994108, -0.0, -0.952114, 0.303942, -0.033141, 0.39386, -0.305743, -0.946503, 0.103205, 0.0, 0.0, 0.0, 0.0, 1.0],
                [0.0, 0.108395, 0.994108, -0.0, -0.952114, 0.303942, -0.033141, 0.39386, -0.305743, -0.946503, 0.103205, 0.0, 0.0, 0.0, 0.0, 1.0]
            ]
        },
        {
            "name": "Hand_L",
            "time": [0.0, 1.0],
            "transform": [
                [1.0, -0.0, 0.0, 0.0, 0.0, 1.0, -0.001002, 0.300003, -0.0, 0.001002, 0.999999, -0.0, 0.0, 0.0, 0.0, 1.0],
                [1.0, -0.0, 0.0, 0.0, 0.0, 1.0, -0.001002, 0.300003, -0.0, 0.001002, 0.999999, -0.0, 0.0, 0.0, 0.0, 1.0]
            ]
        },
        {
            "name": "Tool_L",
            "time": [0.0, 1.0],
            "transform": [
                [1.0, -2e-06, 2.4e-05, -0.0, 3e-06, -0.982946, -0.183895, 0.271711, 2.4e-05, 0.183895, -0.982946, -0.028915, 0.0, 0.0, 0.0, 1.0],
                [1.0, -2e-06, 2.4e-05, -0.0, 3e-06, -0.982946, -0.183895, 0.271711, 2.4e-05, 0.183895, -0.982946, -0.028915, 0.0, 0.0, 0.0, 1.0]
            ]
        },
        {
            "name": "Elbow_L",
            "time": [0.0, 1.0],
            "transform": [
                [-1.0, 0.0, -0.0, -0.0, 0.0, 0.003946, -0.999992, 0.300007, -0.0, -0.999993, -0.003946, -0.001252, 0.0, 0.0, 0.0, 1.0],
                [-1.0, 0.0, -0.0, -0.0, 0.0, 0.003946, -0.999992, 0.300007, -0.0, -0.999993, -0.003946, -0.001252, 0.0, 0.0, 0.0, 1.0]
            ]
        }
    ]
}