{
    "animation": [
        {
            "name": "Root",
            "time": [0.0, 0.0167],
            "transform": [
                [1.0, 0.0, 0.0, -5e-06, 0.0, 0.0, -1.0, 0.000946, 0.0, 1.0, 0.0, 0.72608, 0.0, 0.0, 0.0, 1.0],
                [1.0, 0.0, 0.0, -5e-06, 0.0, 0.0, -1.0, 0.000946, 0.0, 1.0, 0.0, 0.72608, 0.0, 0.0, 0.0, 1.0]
            ]
        },
        {
            "name": "Thigh_R",
            "time": [0.0, 0.0167],
            "transform": [
                [0.969705, 0.208648, 0.127037, 0.124994, 0.145374, -0.910839, 0.38631, -0.002831, 0.196313, -0.356138, -0.913579, -1.2e-05, 0.0, 0.0, 0.0, 1.0],
                [0.969705, 0.208648, 0.127037, 0.124994, 0.145374, -0.910839, 0.38631, -0.002831, 0.196313, -0.356138, -0.913579, -1.2e-05, 0.0, 0.0, 0.0, 1.0]
            ]
        },
        {
            "name": "Leg_R",
            "time": [0.0, 0.0167],
            "transform": [
                [1.0, -0.0, 1e-06, -0.0, -0.0, 0.898898, 0.438161, 0.374726, -1e-06, -0.438162, 0.898893, -0.0, 0.0, 0.0, 0.0, 1.0],
                [1.0, -0.0, 1e-06, -0.0, -0.0, 0.898898, 0.438161, 0.374726, -1e-06, -0.438162, 0.898893, -0.0, 0.0, 0.0, 0.0, 1.0]
            ]
        },
        {
            "name": "Knee_R",
            "time": [0.0, 0.0167],
            "transform": [
                [1.0, 0.0, -0.0, -0.0, -0.0, 0.00567, -0.999984, 0.374726, -0.0, 0.999984, 0.00567, -0.0, 0.0, 0.0, 0.0, 1.0],
                [1.0, 0.0, -0.0, -0.0, -0.0, 0.00567, -0.999984, 0.374726, -0.0, 0.999984, 0.00567, -0.0, 0.0, 0.0, 0.0, 1.0]
            ]
        },
        {
            "name": "Thigh_L",
            "time": [0.0, 0.0167],
            "transform": [
                [0.966069, -0.193162, -0.17146, -0.125006, -0.10896, -0.906675, 0.407513, -0.002831, -0.234175, -0.375004, -0.896958, -1.2e-05, 0.0, 0.0, 0.0, 1.0],
                [0.966069, -0.193162, -0.17146, -0.125006, -0.10896, -0.906675, 0.407513, -0.002831, -0.234175, -0.375004, -0.896958, -1.2e-05, 0.0, 0.0, 0.0, 1.0]
            ]
        },
        {
            "name": "Leg_L",
            "time": [0.0, 0.0167],
            "transform": [
                [1.0, -0.0, 1e-06, 0.0, -0.0, 0.885292, 0.465035, 0.374726, -1e-06, -0.465035, 0.885292, 0.0, 0.0, 0.0, 0.0, 1.0],
                [1.0, -0.0, 1e-06, 0.0, -0.0, 0.885292, 0.465035, 0.374726, -1e-06, -0.465035, 0.885292, 0.0, 0.0, 0.0, 0.0, 1.0]
            ]
        },
        {
            "name": "Knee_L",
            "time": [0.0, 0.0167],
            "transform": [
                [1.0, 0.0, -0.0, 0.0, -0.0, 0.00567, -0.999984, 0.374726, -0.0, 0.999984, 0.00567, 0.0, 0.0, 0.0, 0.0, 1.0],
                [1.0, 0.0, -0.0, 0.0, -0.0, 0.00567, -0.999984, 0.374726, -0.0, 0.999984, 0.00567, 0.0, 0.0, 0.0, 0.0, 1.0]
            ]
        },
        {
            "name": "Torso",
            "time": [0.0, 0.0167],
            "transform": [
                [1.0, 0.0, 0.0, 0.0, 0.0, 1.0, 0.0, 0.05, 0.0, 0.0, 1.0, 0.0, 0.0, 0.0, 0.0, 1.0],
                [1.0, 0.0, 0.0, 0.0, 0.0, 1.0, 0.0, 0.05, 0.0, 0.0, 1.0, 0.0, 0.0, 0.0, 0.0, 1.0]
            ]
        },
        {
            "name": "Chest",
            "time": [0.0, 0.0167],
            "transform": [
                [1.0, 0.0, 0.0, 0.0, 0.0, 1.0, 0.0, 0.3, 0.0, 0.0, 1.0, 0.0, 0.0, 0.0, 0.0, 1.0],
                [1.0, 0.0, 0.0, 0.0, 0.0, 1.0, 0.0, 0.3, 0.0, 0.0, 1.0, 0.0, 0.0, 0.0, 0.0, 1.0]
            ]
        },
        {
            "name": "Head",
            "time": [0.0, 0.0167],
            "transform": [
                [1.0, 0.0, 0.0, 0.0, 0.0, 1.0, 0.0, 0.4, 0.0, 0.0, 1.0, 0.0, 0.0, 0.0, 0.0, 1.0],
                [1.0, 0.0, 0.0, 0.0, 0.0, 1.0, 0.0, 0.4, 0.0, 0.0, 1.0, 0.0, 0.0, 0.0, 0.0, 1.0]
            ]
        },
        {
            "name": "Shoulder_R",
            "time": [0.0, 0.0167],
            "transform": [
                [0.0, 0.952114, 0.305743, 0.0, 0.0, -0.305743, 0.952114, 0.4, 1.0, 0.0, -0.0, 0.0, 0.0, 0.0, 0.0, 1.0],
                [0.0, 0.952114, 0.305743, 0.0, 0.0, -0.305743, 0.952114, 0.4, 1.0, 0.0, -0.0, 0.0, 0.0, 0.0, 0.0, 1.0]
            ]
        },
        {
            "name": "Arm_R",
            "time": [0.0, 0.0167],
            "transform": [
                [0.196233, 0.105807, -0.974832, -0.0, 0.804419, 0.551125, 0.221747, 0.39386, 0.560716, -0.827688, 0.023036, -0.0, 0.0, 0.0, 0.0, 1.0],
                [0.196233, 0.105807, -0.974832, -0.0, 0.804419, 0.551125, 0.221747, 0.39386, 0.560716, -0.827688, 0.023036, -0.0, 0.0, 0.0, 0.0, 1.0]
            ]
        },
        {
            "name": "Hand_R",
            "time": [0.0, 0.0167],
            "transform": [
                [1.0, -1e-06, 0.0, -0.0, 1e-06, 0.918527, -0.395359, 0.300003, 0.0, 0.395359, 0.918527, 0.0, 0.0, 0.0, 0.0, 1.0],
                [1.0, -1e-06, 0.0, -0.0, 1e-06, 0.918527, -0.395359, 0.300003, 0.0, 0.395359, 0.918527, 0.0, 0.0, 0.0, 0.0, 1.0]
            ]
        },
        {
            "name": "Tool_R",
            "time": [0.0, 0.0167],
            "transform": [
                [0.933082, -0.047765, 0.35648, -0.0, 0.058328, -0.957926, -0.281026, 0.271711, 0.354904, 0.283013, -0.891038, -0.028915, 0.0, 0.0, 0.0, 1.0],
                [0.933082, -0.047765, 0.35648, -0.0, 0.058328, -0.957926, -0.281026, 0.271711, 0.354904, 0.283013, -0.891038, -0.028915, 0.0, 0.0, 0.0, 1.0]
            ]
        },
        {
            "name": "Elbow_R",
            "time": [0.0, 0.0167],
            "transform": [
                [-1.0, 0.0, -0.0, -0.0, 0.0, 0.003946, -0.999992, 0.337288, -0.0, -0.999992, -0.003946, -0.001105, 0.0, 0.0, 0.0, 1.0],
                [-1.0, 0.0, -0.0, -0.0, 0.0, 0.003946, -0.999992, 0.337288, -0.0, -0.999992, -0.003946, -0.001105, 0.0, 0.0, 0.0, 1.0]
            ]
        },
        {
            "name": "Shoulder_L",
            "time": [0.0, 0.0167],
            "transform": [
                [-0.0, -0.952114, -0.305743, 0.0, 0.0, -0.305743, 0.952114, 0.4, -1.0, 0.0, 0.0, 0.0, 0.0, 0.0, 0.0, 1.0],
                [-0.0, -0.952114, -0.305743, 0.0, 0.0, -0.305743, 0.952114, 0.4, -1.0, 0.0, 0.0, 0.0, 0.0, 0.0, 0.0, 1.0]
            ]
        },
        {
            "name": "Arm_L",
            "time": [0.0, 0.0167],
            "transform": [
                [0.193378, -0.176662, 0.965088, -0.0, -0.80748, 0.530078, 0.258829, 0.39386, -0.557298, -0.829341, -0.040146, 0.0, 0.0, 0.0, 0.0, 1.0],
                [0.193378, -0.176662, 0.965088, -0.0, -0.80748, 0.530078, 0.258829, 0.39386, -0.557298, -0.829341, -0.040146, 0.0, 0.0, 0.0, 0.0, 1.0]
            ]
        },
        {
            "name": "Hand_L",
            "time": [0.0, 0.0167],
            "transform": [
                [1.0, -0.0, 0.0, 0.0, 0.0, 0.928427, -0.371516, 0.300003, -0.0, 0.371516, 0.928426, 0.0, 0.0, 0.0, 0.0, 1.0],
                [1.0, -0.0, 0.0, 0.0, 0.0, 0.928427, -0.371516, 0.300003, -0.0, 0.371516, 0.928426, 0.0, 0.0, 0.0, 0.0, 1.0]
            ]
        },
        {
            "name": "Tool_L",
            "time": [0.0, 0.0167],
            "transform": [
                [0.913777, 0.039773, -0.404264, -0.0, -0.051757, -0.975684, -0.21298, 0.271711, -0.402905, 0.21554, -0.8895, -0.028915, 0.0, 0.0, 0.0, 1.0],
                [0.913777, 0.039773, -0.404264, -0.0, -0.051757, -0.975684, -0.21298, 0.271711, -0.402905, 0.21554, -0.8895, -0.028915, 0.0, 0.0, 0.0, 1.0]
            ]
        },
        {
            "name": "Elbow_L",
            "time": [0.0, 0.0167],
            "transform": [
                [-1.0, 0.0, -0.0, -0.0, 0.0, 0.003946, -0.999992, 0.334868, -0.0, -0.999993, -0.003946, -0.001115, 0.0, 0.0, 0.0, 1.0],
                [-1.0, 0.0, -0.0, -0.0, 0.0, 0.003946, -0.999992, 0.334868, -0.0, -0.999993, -0.003946, -0.001115, 0.0, 0.0, 0.0, 1.0]
            ]
        }
    ]
}