{
    "animation": [
        {
            "name": "Root",
            "time": [0.0, 3.3167],
            "transform": [
                [0.995129, -0.093879, 0.030067, -5e-06, 0.076162, 0.538563, -0.839136, 0.272294, 0.062584, 0.837339, 0.54309, 0.360598, 0.0, 0.0, 0.0, 1.0],
                [0.995129, -0.093879, 0.030067, -5e-06, 0.076162, 0.538563, -0.839136, 0.272294, 0.062584, 0.837339, 0.54309, 0.360598, 0.0, 0.0, 0.0, 1.0]
            ]
        },
        {
            "name": "Thigh_R",
            "time": [0.0, 3.3167],
            "transform": [
                [0.746463, 0.639331, -0.184517, 0.124994, 0.165653, 0.090021, 0.982067, -0.002831, 0.644477, -0.763642, -0.03871, -1.2e-05, 0.0, 0.0, 0.0, 1.0],
                [0.746463, 0.639331, -0.184517, 0.124994, 0.165653, 0.090021, 0.982067, -0.002831, 0.644477, -0.763642, -0.03871, -1.2e-05, 0.0, 0.0, 0.0, 1.0]
            ]
        },
        {
            "name": "Leg_R",
            "time": [0.0, 3.3167],
            "transform": [
                [1.0, -1e-06, 1e-06, 0.0, -0.0, 0.475555, 0.879686, 0.374726, -1e-06, -0.879687, 0.475552, 0.0, 0.0, 0.0, 0.0, 1.0],
                [1.0, -1e-06, 1e-06, 0.0, -0.0, 0.475555, 0.879686, 0.374726, -1e-06, -0.879687, 0.475552, 0.0, 0.0, 0.0, 0.0, 1.0]
            ]
        },
        {
            "name": "Knee_R",
            "time": [0.0, 3.3167],
            "transform": [
                [1.0, 0.0, -0.0, -0.0, -0.0, 0.00567, -0.999984, 0.431476, -0.0, 0.999984, 0.00567, -0.000322, 0.0, 0.0, 0.0, 1.0],
                [1.0, 0.0, -0.0, -0.0, -0.0, 0.00567, -0.999984, 0.431476, -0.0, 0.999984, 0.00567, -0.000322, 0.0, 0.0, 0.0, 1.0]
            ]
        },
        {
            "name": "Thigh_L",
            "time": [0.0, 3.3167],
            "transform": [
                [0.863819, -0.437947, -0.249034, -0.125006, -0.23807, -0.790477, 0.56433, -0.002831, -0.444003, -0.428191, -0.787092, -1.2e-05, 0.0, 0.0, 0.0, 1.0],
                [0.863819, -0.437947, -0.249034, -0.125006, -0.23807, -0.790477, 0.56433, -0.002831, -0.444003, -0.428191, -0.787092, -1.2e-05, 0.0, 0.0, 0.0, 1.0]
            ]
        },
        {
            "name": "Leg_L",
            "time": [0.0, 3.3167],
            "transform": [
                [1.0, -1e-06, 0.0, 0.0, -0.0, -0.050646, 0.998717, 0.374726, -1e-06, -0.998716, -0.050646, 0.0, 0.0, 0.0, 0.0, 1.0],
                [1.0, -1e-06, 0.0, 0.0, -0.0, -0.050646, 0.998717, 0.374726, -1e-06, -0.998716, -0.050646, 0.0, 0.0, 0.0, 0.0, 1.0]
            ]
        },
        {
            "name": "Knee_L",
            "time": [0.0, 3.3167],
            "transform": [
                [1.0, 0.0, -0.0, 0.0, -0.0, 0.00567, -0.999984, 0.484724, -0.0, 0.999984, 0.00567, -0.000624, 0.0, 0.0, 0.0, 1.0],
                [1.0, 0.0, -0.0, 0.0, -0.0, 0.00567, -0.999984, 0.484724, -0.0, 0.999984, 0.00567, -0.000624, 0.0, 0.0, 0.0, 1.0]
            ]
        },
        {
            "name": "Torso",
            "time": [0.0, 3.3167],
            "transform": [
                [1.0, 0.0, 0.0, -0.0, 0.0, 1.0, -0.0, 0.05, -0.0, 0.0, 1.0, -0.0, 0.0, 0.0, 0.0, 1.0],
                [1.0, 0.0, 0.0, -0.0, 0.0, 1.0, -0.0, 0.05, -0.0, 0.0, 1.0, -0.0, 0.0, 0.0, 0.0, 1.0]
            ]
        },
        {
            "name": "Chest",
            "time": [0.0, 3.3167],
            "transform": [
                [0.995881, 0.087601, 0.023374, 0.0, -0.067051, 0.538067, 0.840231, 0.3, 0.061028, -0.838338, 0.541725, -0.0, 0.0, 0.0, 0.0, 1.0],
                [0.995881, 0.087601, 0.023374, 0.0, -0.067051, 0.538067, 0.840231, 0.3, 0.061028, -0.838338, 0.541725, -0.0, 0.0, 0.0, 0.0, 1.0]
            ]
        },
        {
            "name": "Head",
            "time": [0.0, 3.3167],
            "transform": [
                [0.988177, -0.110888, 0.105874, 0.0, 0.134735, 0.298577, -0.944827, 0.4, 0.073158, 0.947922, 0.309987, -0.0, 0.0, 0.0, 0.0, 1.0],
                [0.988177, -0.110888, 0.105874, 0.0, 0.134735, 0.298577, -0.944827, 0.4, 0.073158, 0.947922, 0.309987, -0.0, 0.0, 0.0, 0.0, 1.0]
            ]
        },
        {
            "name": "Shoulder_R",
            "time": [0.0, 3.3167],
            "transform": [
                [0.0, 0.952114, 0.305743, 0.0, 0.0, -0.305743, 0.952114, 0.4, 1.0, -0.0, -0.0, -0.0, 0.0, 0.0, 0.0, 1.0],
                [0.0, 0.952114, 0.305743, 0.0, 0.0, -0.305743, 0.952114, 0.4, 1.0, -0.0, -0.0, -0.0, 0.0, 0.0, 0.0, 1.0]
            ]
        },
        {
            "name": "Arm_R",
            "time": [0.0, 3.3167],
            "transform": [
                [0.010133, -0.822271, 0.569006, 0.0, 0.933116, -0.196765, -0.300962, 0.39386, 0.359432, 0.533999, 0.765281, 0.0, 0.0, 0.0, 0.0, 1.0],
                [0.010133, -0.822271, 0.569006, 0.0, 0.933116, -0.196765, -0.300962, 0.39386, 0.359432, 0.533999, 0.765281, 0.0, 0.0, 0.0, 0.0, 1.0]
            ]
        },
        {
            "name": "Hand_R",
            "time": [0.0, 3.3167],
            "transform": [
                [1.0, -0.0, 0.0, 0.0, 0.0, 1.0, -0.001013, 0.300003, -0.0, 0.001014, 0.999999, -0.0, 0.0, 0.0, 0.0, 1.0],
                [1.0, -0.0, 0.0, 0.0, 0.0, 1.0, -0.001013, 0.300003, -0.0, 0.001014, 0.999999, -0.0, 0.0, 0.0, 0.0, 1.0]
            ]
        },
        {
            "name": "Tool_R",
            "time": [0.0, 3.3167],
            "transform": [
                [0.922965, -0.381302, -0.052381, -0.034991, 0.019071, -0.090621, 0.995703, 0.950901, -0.384411, -0.919999, -0.076369, -0.057736, 0.0, 0.0, 0.0, 1.0],
                [0.922965, -0.381302, -0.052381, -0.034991, 0.019071, -0.090621, 0.995703, 0.950901, -0.384411, -0.919999, -0.076369, -0.057736, 0.0, 0.0, 0.0, 1.0]
            ]
        },
        {
            "name": "Elbow_R",
            "time": [0.0, 3.3167],
            "transform": [
                [-1.0, 0.0, -0.0, 0.0, 0.0, 0.003946, -0.999992, 0.300008, -0.0, -0.999992, -0.003946, -0.001252, 0.0, 0.0, 0.0, 1.0],
                [-1.0, 0.0, -0.0, 0.0, 0.0, 0.003946, -0.999992, 0.300008, -0.0, -0.999992, -0.003946, -0.001252, 0.0, 0.0, 0.0, 1.0]
            ]
        },
        {
            "name": "Shoulder_L",
            "time": [0.0, 3.3167],
            "transform": [
                [-0.0, -0.952114, -0.305743, 0.0, 0.0, -0.305743, 0.952114, 0.4, -1.0, 0.0, 0.0, -0.0, 0.0, 0.0, 0.0, 1.0],
                [-0.0, -0.952114, -0.305743, 0.0, 0.0, -0.305743, 0.952114, 0.4, -1.0, 0.0, 0.0, -0.0, 0.0, 0.0, 0.0, 1.0]
            ]
        },
        {
            "name": "Arm_L",
            "time": [0.0, 3.3167],
            "transform": [
                [-0.050451, 0.957831, 0.282865, -0.0, -0.970771, 0.019511, -0.239212, 0.39386, -0.234644, -0.286666, 0.928851, -0.0, 0.0, 0.0, 0.0, 1.0],
                [-0.050451, 0.957831, 0.282865, -0.0, -0.970771, 0.019511, -0.239212, 0.39386, -0.234644, -0.286666, 0.928851, -0.0, 0.0, 0.0, 0.0, 1.0]
            ]
        },
        {
            "name": "Hand_L",
            "time": [0.0, 3.3167],
            "transform": [
                [1.0, -0.0, 0.0, 0.0, 0.0, 0.999999, -0.001002, 0.300003, -0.0, 0.001002, 0.999999, -0.0, 0.0, 0.0, 0.0, 1.0],
                [1.0, -0.0, 0.0, 0.0, 0.0, 0.999999, -0.001002, 0.300003, -0.0, 0.001002, 0.999999, -0.0, 0.0, 0.0, 0.0, 1.0]
            ]
        },
        {
            "name": "Tool_L",
            "time": [0.0, 3.3167],
            "transform": [
                [0.991487, -0.099351, -0.084168, -0.063946, 0.096808, 0.130159, 0.986757, 0.802825, -0.087079, -0.986502, 0.138669, 0.137174, 0.0, 0.0, 0.0, 1.0],
                [0.991487, -0.099351, -0.084168, -0.063946, 0.096808, 0.130159, 0.986757, 0.802825, -0.087079, -0.986502, 0.138669, 0.137174, 0.0, 0.0, 0.0, 1.0]
            ]
        },
        {
            "name": "Elbow_L",
            "time": [0.0, 3.3167],
            "transform": [
                [-1.0, 0.0, -0.0, -0.0, 0.0, 0.003946, -0.999992, 0.300008, -0.0, -0.999992, -0.003946, -0.001252, 0.0, 0.0, 0.0, 1.0],
                [-1.0, 0.0, -0.0, -0.0, 0.0, 0.003946, -0.999992, 0.300008, -0.0, -0.999992, -0.003946, -0.001252, 0.0, 0.0, 0.0, 1.0]
            ]
        }
    ]
}