{
    "animation": [
        {
            "name": "Root",
            "time": [0.0, 0.1667, 0.3333, 0.4, 0.5, 0.7, 0.8, 0.9, 1.0, 1.15, 1.2, 1.35, 1.6667, 2.0, 2.2667, 2.5167, 2.8167],
            "transform": [
                [0.987512, 0.019051, 0.156384, 1.7e-05, 0.15754, -0.119417, -0.980266, 0.000905, 0.0, 0.992661, -0.120927, 0.774191, 0.0, 0.0, 0.0, 1.0],
                [0.91427, -0.290214, 0.282642, -0.050803, 0.266046, -0.09601, -0.959167, -0.073184, 0.3055, 0.952133, -0.010569, 0.478418, 0.0, 0.0, 0.0, 1.0],
                [0.91427, -0.290214, 0.282642, -0.050803, 0.266046, -0.09601, -0.959167, -0.073184, 0.3055, 0.952133, -0.010569, 0.709587, 0.0, 0.0, 0.0, 1.0],
                [0.988628, 0.090514, 0.120097, -0.076632, 0.127436, -0.08019, -0.9886, 0.222692, -0.079852, 0.992661, -0.090813, 1.778162, 0.0, 0.0, 0.0, 1.0],
                [0.988628, 0.090514, 0.120097, -0.076632, 0.127436, -0.08019, -0.9886, 0.222692, -0.079852, 0.992661, -0.090813, 2.317445, 0.0, 0.0, 0.0, 1.0],
                [0.988628, 0.090514, 0.120097, -0.076632, 0.095022, 0.243009, -0.965359, 1.045416, -0.116563, 0.965791, 0.231645, 2.189183, 0.0, 0.0, 0.0, 1.0],
                [0.988628, 0.090514, 0.120097, -0.076632, 0.057275, 0.511784, -0.857202, 1.466051, -0.139053, 0.854332, 0.50078, 1.820986, 0.0, 0.0, 0.0, 1.0],
                [0.856695, -0.149876, 0.493571, -0.076632, 0.381435, 0.828217, -0.410565, 1.756821, -0.34725, 0.539994, 0.766697, 1.184892, 0.0, 0.0, 0.0, 1.0],
                [0.594862, 0.120043, 0.794814, -0.076632, 0.059927, 0.979411, -0.192774, 1.912564, -0.801592, 0.162305, 0.57542, 1.072448, 0.0, 0.0, 0.0, 1.0],
                [0.594862, 0.120043, 0.794814, -0.076632, -0.117674, 0.991138, -0.061624, 2.099218, -0.795169, -0.056871, 0.603716, 0.728529, 0.0, 0.0, 0.0, 1.0],
                [0.594862, 0.120043, 0.794814, -0.076632, -0.282136, 0.957059, 0.066612, 2.099218, -0.752688, -0.26387, 0.603186, 0.728529, 0.0, 0.0, 0.0, 1.0],
                [0.594862, 0.120043, 0.794814, -0.076632, -0.282136, 0.957059, 0.066612, 1.613786, -0.752688, -0.26387, 0.603186, 0.249598, 0.0, 0.0, 0.0, 1.0],
                [0.594862, 0.120043, 0.794814, -0.076632, -0.282136, 0.957059, 0.066612, 1.613786, -0.752688, -0.26387, 0.603186, 0.249598, 0.0, 0.0, 0.0, 1.0],
                [0.736254, -0.143104, -0.661401, -0.165372, -0.368228, 0.735293, -0.568993, 1.437432, 0.567748, 0.662469, 0.488668, 0.484154, 0.0, 0.0, 0.0, 1.0],
                [0.736254, -0.143104, -0.661401, -0.165372, -0.368228, 0.735293, -0.568993, 1.437432, 0.567748, 0.662469, 0.488668, 0.484154, 0.0, 0.0, 0.0, 1.0],
                [0.968498, -0.060829, -0.241476, -0.000709, -0.24527, -0.065377, -0.967248, 1.67676, 0.04305, 0.996005, -0.078237, 0.618337, 0.0, 0.0, 0.0, 1.0],
                [0.987512, 0.019051, 0.156384, 1.7e-05, 0.15754, -0.119417, -0.980266, 1.598743, 0.0, 0.992661, -0.120927, 0.774191, 0.0, 0.0, 0.0, 1.0]
            ]
        },
        {
            "name": "Thigh_R",
            "time": [0.0, 0.1667, 0.3333, 0.4, 0.5, 0.7, 0.8, 0.9, 1.0, 1.15, 1.2, 1.35, 1.6667, 2.0, 2.2667, 2.8167],
            "transform": [
                [0.93052, 0.1997, 0.307005, 0.124994, 0.179964, -0.979396, 0.091615, -0.002831, 0.318975, -0.029999, -0.947289, -1.2e-05, 0.0, 0.0, 0.0, 1.0],
                [0.752944, 0.550211, 0.361028, 0.124994, 0.28923, -0.769455, 0.569457, -0.002831, 0.591118, -0.324349, -0.738497, -1.2e-05, 0.0, 0.0, 0.0, 1.0],
                [0.851853, 0.217998, 0.476259, 0.124994, 0.052775, -0.940366, 0.336039, -0.002831, 0.521115, -0.26112, -0.812561, -1.2e-05, 0.0, 0.0, 0.0, 1.0],
                [0.620415, 0.290828, 0.728359, 0.124994, 0.324002, -0.94079, 0.099668, -0.002831, 0.71422, 0.174153, -0.677911, -1.2e-05, 0.0, 0.0, 0.0, 1.0],
                [0.62098, 0.21671, 0.753275, 0.124994, 0.606229, -0.741968, -0.286301, -0.00283, 0.496863, 0.634442, -0.592124, -1.2e-05, 0.0, 0.0, 0.0, 1.0],
                [0.628103, 0.188856, 0.754866, 0.124994, 0.675731, -0.613414, -0.40879, -0.002831, 0.385844, 0.766846, -0.512904, -1.2e-05, 0.0, 0.0, 0.0, 1.0],
                [0.623813, 0.281789, 0.729009, 0.124994, 0.711152, -0.591578, -0.379865, -0.002831, 0.324224, 0.755398, -0.56943, -1.2e-05, 0.0, 0.0, 0.0, 1.0],
                [0.628102, 0.188856, 0.754866, 0.124994, 0.675731, -0.613414, -0.40879, -0.002831, 0.385844, 0.766846, -0.512904, -1.2e-05, 0.0, 0.0, 0.0, 1.0],
                [0.701171, 0.037214, 0.712022, 0.124994, 0.453248, -0.794149, -0.404835, -0.002831, 0.550387, 0.60658, -0.573703, -1.2e-05, 0.0, 0.0, 0.0, 1.0],
                [0.792295, -0.191646, 0.579259, 0.124994, 0.353584, -0.629495, -0.691892, -0.002831, 0.497239, 0.752997, -0.430984, -1.2e-05, 0.0, 0.0, 0.0, 1.0],
                [0.842846, -0.335397, 0.420857, 0.124994, 0.25399, -0.441536, -0.860544, -0.002831, 0.474448, 0.832196, -0.28696, -1.2e-05, 0.0, 0.0, 0.0, 1.0],
                [0.493591, 0.49872, 0.712493, 0.124994, 0.522427, -0.824989, 0.215547, -0.002831, 0.695298, 0.265833, -0.667754, -1.2e-05, 0.0, 0.0, 0.0, 1.0],
                [0.493591, 0.49872, 0.712493, 0.124994, 0.522427, -0.824989, 0.215547, -0.002831, 0.695298, 0.265833, -0.667754, -1.2e-05, 0.0, 0.0, 0.0, 1.0],
                [0.974298, -0.1817, -0.133151, 0.124994, 0.072503, -0.306695, 0.949043, -0.002831, -0.213278, -0.934302, -0.28564, -1.2e-05, 0.0, 0.0, 0.0, 1.0],
                [0.974298, -0.1817, -0.133151, 0.124994, 0.072503, -0.306695, 0.949043, -0.002831, -0.213278, -0.934302, -0.28564, -1.2e-05, 0.0, 0.0, 0.0, 1.0],
                [0.93052, 0.1997, 0.307005, 0.124994, 0.179964, -0.979396, 0.091615, -0.002831, 0.318975, -0.029999, -0.947289, -1.2e-05, 0.0, 0.0, 0.0, 1.0]
            ]
        },
        {
            "name": "Leg_R",
            "time": [0.0, 0.1667, 0.3333, 0.4, 0.5, 0.7, 0.8, 0.9, 1.0, 1.15, 1.2, 1.35, 1.6667, 2.0, 2.2667, 2.8167],
            "transform": [
                [1.0, -0.0, 1e-06, -0.0, -0.0, 0.869293, 0.494302, 0.374726, -1e-06, -0.494307, 0.869285, 0.0, 0.0, 0.0, 0.0, 1.0],
                [1.0, -1e-06, -0.0, 0.0, -0.0, 0.020861, 0.99978, 0.374726, -1e-06, -0.999787, 0.020861, -0.0, 0.0, 0.0, 0.0, 1.0],
                [1.0, -1e-06, 0.0, -0.0, 0.0, 0.491369, 0.870951, 0.374726, -1e-06, -0.870957, 0.491366, 0.0, 0.0, 0.0, 0.0, 1.0],
                [1.0, 0.0, 1e-06, 0.0, -0.0, 1.000004, 1.1e-05, 0.374726, -1e-06, -1e-05, 0.999996, 0.0, 0.0, 0.0, 0.0, 1.0],
                [1.0, 0.0, 1e-06, 0.0, -1e-06, 0.969058, 0.246849, 0.374726, -1e-06, -0.246851, 0.96905, 0.0, 0.0, 0.0, 0.0, 1.0],
                [1.0, 0.0, 1e-06, -0.0, -1e-06, 0.868388, 0.495889, 0.374726, -1e-06, -0.495893, 0.868381, 0.0, 0.0, 0.0, 0.0, 1.0],
                [1.0, 0.0, 1e-06, 0.0, -1e-06, 0.919672, 0.392695, 0.374726, -1e-06, -0.392699, 0.919664, 0.0, 0.0, 0.0, 0.0, 1.0],
                [1.0, 0.0, 1e-06, -0.0, -1e-06, 0.969058, 0.246849, 0.374726, -1e-06, -0.246851, 0.96905, 0.0, 0.0, 0.0, 0.0, 1.0],
                [1.0, 0.0, 1e-06, 0.0, -1e-06, 0.928705, 0.370828, 0.374726, -1e-06, -0.370831, 0.928697, 0.0, 0.0, 0.0, 0.0, 1.0],
                [1.0, -0.0, 1e-06, -0.0, -1e-06, 0.84878, 0.528749, 0.374726, -1e-06, -0.528754, 0.848773, 0.0, 0.0, 0.0, 0.0, 1.0],
                [1.0, -0.0, 1e-06, 0.0, -1e-06, 0.695802, 0.718233, 0.374726, -1e-06, -0.718239, 0.695797, 0.0, 0.0, 0.0, 0.0, 1.0],
                [1.0, -0.0, 1e-06, -0.0, -0.0, 0.856241, 0.516579, 0.374726, -1e-06, -0.516584, 0.856234, 0.0, 0.0, 0.0, 0.0, 1.0],
                [1.0, -0.0, 1e-06, -0.0, -0.0, 0.856241, 0.516579, 0.374726, -1e-06, -0.516584, 0.856234, 0.0, 0.0, 0.0, 0.0, 1.0],
                [1.0, -1e-06, 1e-06, 0.0, -0.0, 0.619838, 0.784729, 0.374726, -1e-06, -0.784737, 0.619832, 0.0, 0.0, 0.0, 0.0, 1.0],
                [1.0, -1e-06, 1e-06, 0.0, -0.0, 0.619838, 0.784729, 0.374726, -1e-06, -0.784737, 0.619832, 0.0, 0.0, 0.0, 0.0, 1.0],
                [1.0, -0.0, 1e-06, -0.0, -0.0, 0.869293, 0.494302, 0.374726, -1e-06, -0.494307, 0.869285, -0.0, 0.0, 0.0, 0.0, 1.0]
            ]
        },
        {
            "name": "Knee_R",
            "time": [0.0, 0.1667, 0.3333, 0.4, 0.5, 0.7, 0.8, 0.9, 1.0, 1.15, 1.2, 1.35, 1.6667, 2.0, 2.2667, 2.8167],
            "transform": [
                [1.0, -0.0, -1e-06, -0.0, -1e-06, 0.0, -1.0, 0.37472, 0.0, 1.0, 0.0, 0.0, 0.0, 0.0, 0.0, 1.0],
                [1.0, 1e-06, -1e-06, -0.0, -1e-06, -0.0, -1.0, 0.37472, -0.0, 1.0, 0.0, -0.0, 0.0, 0.0, 0.0, 1.0],
                [1.0, 1e-06, -1e-06, -0.0, -1e-06, -0.0, -1.0, 0.37472, -1e-06, 1.0, 0.0, -0.0, 0.0, 0.0, 0.0, 1.0],
                [1.0, -0.0, -1e-06, 0.0, -1e-06, -0.0, -1.0, 0.374721, 0.0, 1.0, 0.0, 0.0, 0.0, 0.0, 0.0, 1.0],
                [1.0, -0.0, -1e-06, 0.0, -1e-06, -0.0, -1.0, 0.374721, -0.0, 1.0, 0.0, 0.0, 0.0, 0.0, 0.0, 1.0],
                [1.0, -0.0, -1e-06, 0.0, -1e-06, 0.0, -1.0, 0.374721, -0.0, 1.0, 0.0, -0.0, 0.0, 0.0, 0.0, 1.0],
                [1.0, -0.0, -1e-06, 0.0, -1e-06, -0.0, -1.0, 0.374721, 0.0, 1.0, 0.0, 0.0, 0.0, 0.0, 0.0, 1.0],
                [1.0, 0.0, -1e-06, -0.0, -1e-06, -0.0, -1.0, 0.374721, -0.0, 1.0, 0.0, 0.0, 0.0, 0.0, 0.0, 1.0],
                [1.0, 0.0, -1e-06, 0.0, -1e-06, -0.0, -1.0, 0.374721, -0.0, 1.0, 0.0, 0.0, 0.0, 0.0, 0.0, 1.0],
                [1.0, 0.0, -1e-06, -0.0, -1e-06, 0.0, -1.0, 0.374721, -0.0, 1.0, -0.0, 0.0, 0.0, 0.0, 0.0, 1.0],
                [1.0, 0.0, -1e-06, 0.0, -1e-06, -0.0, -1.0, 0.374721, 0.0, 1.0, 0.0, 0.0, 0.0, 0.0, 0.0, 1.0],
                [1.0, 0.0, -1e-06, -0.0, -1e-06, -0.0, -1.0, 0.374721, -0.0, 1.0, 0.0, 0.0, 0.0, 0.0, 0.0, 1.0],
                [1.0, 0.0, -1e-06, -0.0, -1e-06, -0.0, -1.0, 0.374721, -0.0, 1.0, 0.0, 0.0, 0.0, 0.0, 0.0, 1.0],
                [1.0, 0.0, -1e-06, -0.0, -1e-06, 0.0, -1.0, 0.374721, 0.0, 1.0, 0.0, -0.0, 0.0, 0.0, 0.0, 1.0],
                [1.0, 0.0, -1e-06, -0.0, -1e-06, 0.0, -1.0, 0.374721, 0.0, 1.0, 0.0, -0.0, 0.0, 0.0, 0.0, 1.0],
                [1.0, -0.0, -1e-06, -0.0, -1e-06, 0.0, -1.0, 0.37472, 0.0, 1.0, 0.0, -0.0, 0.0, 0.0, 0.0, 1.0]
            ]
        },
        {
            "name": "Thigh_L",
            "time": [0.0, 0.1667, 0.3333, 0.4, 0.5, 0.7, 0.8, 0.9, 1.0, 1.15, 1.2, 1.35, 1.6667, 2.0, 2.2667, 2.8167],
            "transform": [
                [0.975902, -0.163312, -0.144718, -0.129359, -0.172545, -0.983539, -0.053651, 0.001259, -0.133574, 0.077329, -0.988017, -0.00355, 0.0, 0.0, 0.0, 1.0],
                [0.810943, -0.351956, 0.467437, -0.129359, -0.560794, -0.239537, 0.792547, 0.001259, -0.166973, -0.904848, -0.391626, -0.00355, 0.0, 0.0, 0.0, 1.0],
                [0.874102, -0.366284, 0.319032, -0.129359, -0.485433, -0.682132, 0.546855, 0.001259, 0.017318, -0.632876, -0.774059, -0.00355, 0.0, 0.0, 0.0, 1.0],
                [0.991366, -0.006687, -0.130951, -0.129359, 0.002976, -0.997294, 0.073458, 0.001259, -0.131087, -0.073213, -0.988664, -0.00355, 0.0, 0.0, 0.0, 1.0],
                [0.938365, -0.315263, 0.141703, -0.129359, -0.3335, -0.933531, 0.131522, 0.001259, 0.09082, -0.170673, -0.981134, -0.00355, 0.0, 0.0, 0.0, 1.0],
                [0.935035, -0.321967, 0.148479, -0.129359, -0.3341, -0.940293, 0.065006, 0.001259, 0.118684, -0.110389, -0.986777, -0.00355, 0.0, 0.0, 0.0, 1.0],
                [0.954476, -0.288799, 0.074634, -0.129359, -0.293277, -0.95426, 0.058109, 0.001259, 0.054438, -0.077352, -0.995517, -0.00355, 0.0, 0.0, 0.0, 1.0],
                [0.935035, -0.321967, 0.148479, -0.129359, -0.3341, -0.940293, 0.065006, 0.001259, 0.118684, -0.110389, -0.986777, -0.00355, 0.0, 0.0, 0.0, 1.0],
                [0.972203, -0.204291, 0.114393, -0.129359, -0.22215, -0.959167, 0.175065, 0.001259, 0.073958, -0.195611, -0.977889, -0.00355, 0.0, 0.0, 0.0, 1.0],
                [0.647201, -0.527622, 0.550223, -0.129359, -0.382473, -0.849101, -0.364339, 0.001259, 0.659427, 0.025355, -0.75134, -0.00355, 0.0, 0.0, 0.0, 1.0],
                [0.623629, -0.520005, 0.583679, -0.129359, -0.210176, -0.830702, -0.515519, 0.001259, 0.752936, 0.198818, -0.627343, -0.00355, 0.0, 0.0, 0.0, 1.0],
                [0.753849, -0.087571, 0.651186, -0.129359, -0.131952, -0.991065, 0.019478, 0.001259, 0.643661, -0.100609, -0.758669, -0.00355, 0.0, 0.0, 0.0, 1.0],
                [0.753849, -0.087571, 0.651186, -0.129359, -0.131952, -0.991065, 0.019478, 0.001259, 0.643661, -0.100609, -0.758669, -0.00355, 0.0, 0.0, 0.0, 1.0],
                [0.906299, -0.293537, 0.304069, -0.129359, -0.402932, -0.382991, 0.831242, 0.001259, -0.127544, -0.875873, -0.46538, -0.00355, 0.0, 0.0, 0.0, 1.0],
                [0.906299, -0.293537, 0.304069, -0.129359, -0.402932, -0.382991, 0.831242, 0.001259, -0.127544, -0.875873, -0.46538, -0.00355, 0.0, 0.0, 0.0, 1.0],
                [0.975902, -0.163312, -0.144718, -0.129359, -0.172545, -0.983539, -0.053651, 0.001259, -0.133574, 0.077329, -0.988017, -0.00355, 0.0, 0.0, 0.0, 1.0]
            ]
        },
        {
            "name": "Leg_L",
            "time": [0.0, 0.1667, 0.3333, 0.4, 0.5, 0.7, 0.8, 0.9, 1.0, 1.15, 1.2, 1.35, 1.6667, 2.0, 2.2667, 2.8167],
            "transform": [
                [1.0, 1e-06, 1e-06, -0.0, -1e-06, 1.0, 7e-06, 0.374726, -1e-06, -7e-06, 0.999999, 0.0, 0.0, 0.0, 0.0, 1.0],
                [1.0, -1e-06, -0.0, -0.0, -0.0, -0.091262, 0.995826, 0.374726, -1e-06, -0.995827, -0.091262, -0.0, 0.0, 0.0, 0.0, 1.0],
                [1.0, -1e-06, 0.0, 0.0, -0.0, 0.424816, 0.905279, 0.374726, -1e-06, -0.90528, 0.424815, 0.0, 0.0, 0.0, 0.0, 1.0],
                [1.0, 0.0, 1e-06, 0.0, 0.0, 1.0, 6e-06, 0.374726, -1e-06, -6e-06, 0.999999, -0.0, 0.0, 0.0, 0.0, 1.0],
                [1.0, -0.0, 1e-06, -0.0, -0.0, 0.866575, 0.499047, 0.374726, -1e-06, -0.499047, 0.866574, -0.0, 0.0, 0.0, 0.0, 1.0],
                [1.0, -1e-06, 1e-06, 0.0, -0.0, 0.685072, 0.728475, 0.374726, -1e-06, -0.728476, 0.685071, -0.0, 0.0, 0.0, 0.0, 1.0],
                [1.0, -0.0, 1e-06, -0.0, -0.0, 0.934365, 0.356317, 0.374726, -1e-06, -0.356317, 0.934364, -0.0, 0.0, 0.0, 0.0, 1.0],
                [1.0, -0.0, 1e-06, 0.0, -0.0, 0.866575, 0.499047, 0.374726, -1e-06, -0.499047, 0.866574, 0.0, 0.0, 0.0, 0.0, 1.0],
                [1.0, -0.0, 1e-06, 0.0, -0.0, 0.916094, 0.400962, 0.374726, -1e-06, -0.400962, 0.916093, 0.0, 0.0, 0.0, 0.0, 1.0],
                [1.0, -0.0, 1e-06, 0.0, -0.0, 0.889492, 0.45695, 0.374726, -1e-06, -0.45695, 0.889491, 0.0, 0.0, 0.0, 0.0, 1.0],
                [1.0, -0.0, 1e-06, 0.0, -0.0, 0.930511, 0.366263, 0.374726, -1e-06, -0.366263, 0.93051, -0.0, 0.0, 0.0, 0.0, 1.0],
                [1.0, -0.0, 1e-06, -0.0, -0.0, 0.981632, 0.190785, 0.374726, -1e-06, -0.190785, 0.981631, 0.0, 0.0, 0.0, 0.0, 1.0],
                [1.0, -0.0, 1e-06, -0.0, -0.0, 0.981632, 0.190785, 0.374726, -1e-06, -0.190785, 0.981631, 0.0, 0.0, 0.0, 0.0, 1.0],
                [1.0, -1e-06, -0.0, 0.0, -0.0, -0.313857, 0.949469, 0.374726, -1e-06, -0.949471, -0.313856, 0.0, 0.0, 0.0, 0.0, 1.0],
                [1.0, -1e-06, -0.0, 0.0, -0.0, -0.313857, 0.949469, 0.374726, -1e-06, -0.949471, -0.313856, 0.0, 0.0, 0.0, 0.0, 1.0],
                [1.0, 1e-06, 1e-06, -0.0, -1e-06, 1.0, 7e-06, 0.374726, -1e-06, -7e-06, 0.999999, -0.0, 0.0, 0.0, 0.0, 1.0]
            ]
        },
        {
            "name": "Knee_L",
            "time": [0.0, 0.1667, 0.3333, 0.4, 0.5, 0.7, 0.8, 0.9, 1.0, 1.15, 1.2, 1.35, 1.6667, 2.0, 2.2667, 2.8167],
            "transform": [
                [1.0, 1e-06, -1e-06, -0.0, -1e-06, -0.0, -1.0, 0.37472, -1e-06, 1.0, 0.0, -0.0, 0.0, 0.0, 0.0, 1.0],
                [1.0, 1e-06, -1e-06, -0.0, -1e-06, 0.0, -1.0, 0.37472, -1e-06, 1.0, 0.0, -0.0, 0.0, 0.0, 0.0, 1.0],
                [1.0, 1e-06, -1e-06, -0.0, -1e-06, 0.0, -1.0, 0.37472, -1e-06, 1.0, 0.0, 0.0, 0.0, 0.0, 0.0, 1.0],
                [1.0, 1e-06, -1e-06, 0.0, -1e-06, -0.0, -1.0, 0.37472, -1e-06, 1.0, 0.0, -0.0, 0.0, 0.0, 0.0, 1.0],
                [1.0, 1e-06, -1e-06, -0.0, -1e-06, -0.0, -1.0, 0.37472, -1e-06, 1.0, 0.0, 0.0, 0.0, 0.0, 0.0, 1.0],
                [1.0, 1e-06, -1e-06, 0.0, -1e-06, -0.0, -1.0, 0.37472, -1e-06, 1.0, 0.0, 0.0, 0.0, 0.0, 0.0, 1.0],
                [1.0, 1e-06, -1e-06, 0.0, -1e-06, -0.0, -1.0, 0.37472, -1e-06, 1.0, 0.0, -0.0, 0.0, 0.0, 0.0, 1.0],
                [1.0, 1e-06, -1e-06, 0.0, -1e-06, -0.0, -1.0, 0.37472, -1e-06, 1.0, 0.0, 0.0, 0.0, 0.0, 0.0, 1.0],
                [1.0, 1e-06, -1e-06, 0.0, -1e-06, -0.0, -1.0, 0.37472, -1e-06, 1.0, 0.0, 0.0, 0.0, 0.0, 0.0, 1.0],
                [1.0, 1e-06, -1e-06, 0.0, -1e-06, 0.0, -1.0, 0.37472, -1e-06, 1.0, 0.0, 0.0, 0.0, 0.0, 0.0, 1.0],
                [1.0, 1e-06, -1e-06, 0.0, -1e-06, -0.0, -1.0, 0.37472, -1e-06, 1.0, 0.0, 0.0, 0.0, 0.0, 0.0, 1.0],
                [1.0, 1e-06, -1e-06, -0.0, -1e-06, -0.0, -1.0, 0.37472, -1e-06, 1.0, 0.0, 0.0, 0.0, 0.0, 0.0, 1.0],
                [1.0, 1e-06, -1e-06, -0.0, -1e-06, -0.0, -1.0, 0.37472, -1e-06, 1.0, 0.0, 0.0, 0.0, 0.0, 0.0, 1.0],
                [1.0, 1e-06, -1e-06, 0.0, -1e-06, -0.0, -1.0, 0.37472, -1e-06, 1.0, -0.0, -0.0, 0.0, 0.0, 0.0, 1.0],
                [1.0, 1e-06, -1e-06, 0.0, -1e-06, -0.0, -1.0, 0.37472, -1e-06, 1.0, -0.0, -0.0, 0.0, 0.0, 0.0, 1.0],
                [1.0, 1e-06, -1e-06, -0.0, -1e-06, -0.0, -1.0, 0.37472, -1e-06, 1.0, 0.0, -0.0, 0.0, 0.0, 0.0, 1.0]
            ]
        },
        {
            "name": "Torso",
            "time": [0.0, 0.1667, 0.3333, 0.4, 0.5, 0.7, 0.8, 0.9, 1.0, 1.15, 1.2, 1.35, 1.6667, 2.0, 2.2667, 2.8167],
            "transform": [
                [0.981127, 0.010985, -0.193052, -0.0, -0.000971, 0.998653, 0.051888, 0.05, 0.193362, -0.050722, 0.979815, 0.0, 0.0, 0.0, 0.0, 1.0],
                [0.999614, 0.000961, -0.027753, 0.0, -0.000756, 0.999973, 0.007382, 0.05, 0.027759, -0.007358, 0.999587, -0.0, 0.0, 0.0, 0.0, 1.0],
                [0.999128, 0.038287, 0.01666, 0.0, -0.040226, 0.989586, 0.138214, 0.05, -0.011194, -0.138764, 0.990262, -0.0, 0.0, 0.0, 0.0, 1.0],
                [1.0, -0.0, -0.0, 0.0, -0.0, 1.0, -0.0, 0.05, 0.0, 0.0, 1.0, -0.0, 0.0, 0.0, 0.0, 1.0],
                [1.0, -0.0, -0.0, -0.0, -0.0, 1.0, -0.0, 0.050001, 0.0, 0.0, 1.0, -0.0, 0.0, 0.0, 0.0, 1.0],
                [1.0, -0.000769, 0.000583, 0.0, 0.000773, 0.99998, -0.006345, 0.05, -0.000578, 0.006345, 0.99998, -0.0, 0.0, 0.0, 0.0, 1.0],
                [1.0, -0.0, -0.0, -0.0, 0.0, 1.0, -0.0, 0.05, 0.0, 0.0, 1.0, 0.0, 0.0, 0.0, 0.0, 1.0],
                [0.995092, 0.091996, 0.036454, -0.0, -0.096733, 0.981968, 0.162424, 0.05, -0.020854, -0.165153, 0.986048, -0.0, 0.0, 0.0, 0.0, 1.0],
                [0.995092, 0.091996, 0.036454, -0.0, -0.096732, 0.981968, 0.162424, 0.05, -0.020854, -0.165153, 0.986048, 0.0, 0.0, 0.0, 0.0, 1.0],
                [0.991673, 0.123286, 0.037223, 0.0, -0.128066, 0.974508, 0.184212, 0.05, -0.013563, -0.187445, 0.982181, 0.0, 0.0, 0.0, 0.0, 1.0],
                [0.958493, 0.280328, 0.052029, -0.0, -0.282999, 0.913217, 0.293167, 0.05, 0.034669, -0.295722, 0.954645, -0.0, 0.0, 0.0, 0.0, 1.0],
                [0.881685, 0.035711, -0.470485, -0.0, -0.208366, 0.924105, -0.320334, 0.05, 0.423338, 0.380467, 0.82221, 0.0, 0.0, 0.0, 0.0, 1.0],
                [0.881685, 0.035711, -0.470485, -0.0, -0.208366, 0.924105, -0.320334, 0.05, 0.423338, 0.380467, 0.82221, 0.0, 0.0, 0.0, 0.0, 1.0],
                [0.775305, -0.291419, 0.560336, 0.0, 0.03594, 0.906107, 0.421518, 0.05, -0.630564, -0.306666, 0.712983, -0.0, 0.0, 0.0, 0.0, 1.0],
                [0.775305, -0.291419, 0.560336, 0.0, 0.03594, 0.906107, 0.421518, 0.05, -0.630564, -0.306666, 0.712983, -0.0, 0.0, 0.0, 0.0, 1.0],
                [0.981127, 0.010985, -0.193052, -0.0, -0.000971, 0.998653, 0.051888, 0.05, 0.193362, -0.050722, 0.979815, -0.0, 0.0, 0.0, 0.0, 1.0]
            ]
        },
        {
            "name": "Chest",
            "time": [0.0, 0.1667, 0.3333, 0.4, 0.5, 0.7, 0.8, 0.9, 1.0, 1.15, 1.2, 1.35, 1.6667, 2.0, 2.2667, 2.5167, 2.8167],
            "transform": [
                [0.89985, -0.108736, -0.42243, 0.0, 0.003745, 0.970322, -0.241789, 0.3, 0.436184, 0.215992, 0.873551, 0.0, 0.0, 0.0, 0.0, 1.0],
                [0.65924, 0.202494, -0.724154, 0.0, -0.637074, 0.661985, -0.394858, 0.3, 0.399422, 0.721646, 0.565411, 0.0, 0.0, 0.0, 0.0, 1.0],
                [0.784484, 0.439254, -0.437768, 0.0, -0.61399, 0.649365, -0.448711, 0.3, 0.087173, 0.620792, 0.779114, -0.0, 0.0, 0.0, 0.0, 1.0],
                [0.979145, -0.178597, -0.096844, -0.0, 0.137476, 0.933414, -0.331421, 0.3, 0.149586, 0.311196, 0.9385, 0.0, 0.0, 0.0, 0.0, 1.0],
                [0.978753, -0.191108, -0.074292, -0.0, 0.131606, 0.863373, -0.4871, 0.3, 0.15723, 0.466974, 0.870181, -0.0, 0.0, 0.0, 0.0, 1.0],
                [0.978663, -0.203207, -0.030421, 0.0, 0.118383, 0.678656, -0.724853, 0.3, 0.16794, 0.705785, 0.688232, 0.0, 0.0, 0.0, 0.0, 1.0],
                [0.978663, -0.203207, -0.030421, 0.0, 0.118383, 0.678656, -0.724853, 0.3, 0.16794, 0.705785, 0.688232, -0.0, 0.0, 0.0, 0.0, 1.0],
                [0.978663, -0.203207, -0.030421, 0.0, 0.118383, 0.678656, -0.724853, 0.3, 0.16794, 0.705785, 0.688232, -0.0, 0.0, 0.0, 0.0, 1.0],
                [0.978663, -0.203207, -0.030421, -0.0, 0.118383, 0.678656, -0.724853, 0.3, 0.16794, 0.705785, 0.688232, 0.0, 0.0, 0.0, 0.0, 1.0],
                [0.984917, -0.14536, -0.093851, -0.0, 0.043731, 0.733937, -0.677809, 0.3, 0.167407, 0.663482, 0.729224, -0.0, 0.0, 0.0, 0.0, 1.0],
                [0.931409, -0.330047, 0.153446, -0.0, 0.31006, 0.498684, -0.809431, 0.3, 0.190629, 0.801489, 0.566813, -0.0, 0.0, 0.0, 0.0, 1.0],
                [0.92674, -0.353264, -0.127898, -0.0, 0.249249, 0.832816, -0.494259, 0.3, 0.281119, 0.426171, 0.859855, 0.0, 0.0, 0.0, 0.0, 1.0],
                [0.92674, -0.353264, -0.127898, -0.0, 0.249249, 0.832816, -0.494259, 0.3, 0.281119, 0.426171, 0.859855, 0.0, 0.0, 0.0, 0.0, 1.0],
                [0.991307, 0.12937, -0.023932, -0.0, -0.082752, 0.754527, 0.651032, 0.3, 0.102281, -0.643392, 0.758674, 0.0, 0.0, 0.0, 0.0, 1.0],
                [0.972637, 0.222025, -0.068423, -0.0, -0.210024, 0.966178, 0.149633, 0.3, 0.099331, -0.131168, 0.986372, 0.0, 0.0, 0.0, 0.0, 1.0],
                [0.999451, 0.001109, 0.033114, -0.0, -0.022581, 0.754168, 0.656294, 0.3, -0.024246, -0.656681, 0.753779, -0.0, 0.0, 0.0, 0.0, 1.0],
                [0.89985, -0.108736, -0.42243, 0.0, 0.003745, 0.970322, -0.241789, 0.3, 0.436184, 0.215992, 0.873551, 0.0, 0.0, 0.0, 0.0, 1.0]
            ]
        },
        {
            "name": "Head",
            "time": [0.0, 0.1667, 0.3333, 0.4, 0.5, 0.7, 0.8, 0.9, 1.0, 1.15, 1.2, 1.35, 1.6667, 2.0, 2.2667, 2.5167, 2.8167],
            "transform": [
                [0.909209, -0.058362, 0.41223, -0.0, -0.041274, 0.972615, 0.228732, 0.4, -0.414289, -0.22498, 0.881901, 0.0, 0.0, 0.0, 0.0, 1.0],
                [0.886581, -0.347608, 0.305194, -0.0, 0.206124, 0.887524, 0.412085, 0.4, -0.414111, -0.302439, 0.858512, 0.0, 0.0, 0.0, 0.0, 1.0],
                [0.886581, -0.347608, 0.305194, -0.0, 0.206124, 0.887524, 0.412085, 0.4, -0.414111, -0.302439, 0.858512, -0.0, 0.0, 0.0, 0.0, 1.0],
                [0.998071, 0.030033, -0.054339, -0.0, -0.025404, 0.996145, 0.083971, 0.4, 0.056651, -0.082428, 0.994985, 0.0, 0.0, 0.0, 0.0, 1.0],
                [0.998071, 0.030033, -0.054339, 0.0, -0.025404, 0.996145, 0.083971, 0.4, 0.056651, -0.082428, 0.994985, 0.0, 0.0, 0.0, 0.0, 1.0],
                [0.998071, 0.030033, -0.054339, 0.0, -0.025404, 0.996145, 0.083971, 0.4, 0.056651, -0.082428, 0.994985, 0.0, 0.0, 0.0, 0.0, 1.0],
                [0.998071, 0.030033, -0.054339, 0.0, -0.025404, 0.996145, 0.083971, 0.4, 0.056651, -0.082428, 0.994985, 0.0, 0.0, 0.0, 0.0, 1.0],
                [0.998168, -0.043591, -0.041964, 0.0, 0.040272, 0.996223, -0.07693, 0.4, 0.045159, 0.075099, 0.996153, -0.0, 0.0, 0.0, 0.0, 1.0],
                [0.881545, -0.366423, -0.29768, -0.0, 0.353938, 0.930235, -0.096908, 0.4, 0.312422, -0.019931, 0.949734, 0.0, 0.0, 0.0, 0.0, 1.0],
                [0.804335, -0.315991, -0.503185, 0.0, 0.415596, 0.904432, 0.096357, 0.4, 0.424649, -0.286625, 0.85879, 0.0, 0.0, 0.0, 0.0, 1.0],
                [0.804335, -0.315991, -0.503185, -0.0, 0.415596, 0.904432, 0.096357, 0.4, 0.424649, -0.286625, 0.85879, -0.0, 0.0, 0.0, 0.0, 1.0],
                [0.989487, 0.073594, -0.124499, 0.0, -0.028207, 0.942519, 0.332961, 0.4, 0.141847, -0.325949, 0.934685, 0.0, 0.0, 0.0, 0.0, 1.0],
                [0.989487, 0.073594, -0.124499, 0.0, -0.028207, 0.942519, 0.332961, 0.4, 0.141847, -0.325949, 0.934685, 0.0, 0.0, 0.0, 0.0, 1.0],
                [0.924834, 0.28785, -0.248646, -0.0, -0.33352, 0.927971, -0.166235, 0.4, 0.182885, 0.236668, 0.954223, -0.0, 0.0, 0.0, 0.0, 1.0],
                [0.924834, 0.28785, -0.248646, 0.0, -0.33352, 0.927971, -0.166235, 0.4, 0.182885, 0.236668, 0.954223, -0.0, 0.0, 0.0, 0.0, 1.0],
                [0.973944, 0.22679, -0.000683, 0.0, -0.226681, 0.973373, -0.03408, 0.4, -0.007065, 0.033347, 0.999419, -0.0, 0.0, 0.0, 0.0, 1.0],
                [0.909209, -0.058362, 0.41223, -0.0, -0.041274, 0.972615, 0.228732, 0.4, -0.414289, -0.22498, 0.881901, 0.0, 0.0, 0.0, 0.0, 1.0]
            ]
        },
        {
            "name": "Shoulder_R",
            "time": [0.0, 0.1667, 0.3333, 0.4, 0.5, 0.7, 0.8, 0.9, 1.0, 1.15, 1.2, 1.35, 1.6667, 2.0, 2.2667, 2.8167],
            "transform": [
                [-0.079395, 0.838604, 0.53893, -0.0, -0.505484, -0.499844, 0.703308, 0.4, 0.859176, -0.216582, 0.463583, 0.0, 0.0, 0.0, 0.0, 1.0],
                [0.074332, 0.933348, 0.351203, -0.0, -0.681279, -0.209655, 0.701358, 0.4, 0.72824, -0.291402, 0.620282, 0.0, 0.0, 0.0, 0.0, 1.0],
                [0.074332, 0.933348, 0.351203, -0.0, -0.681279, -0.209655, 0.701358, 0.4, 0.728241, -0.291402, 0.620282, -0.0, 0.0, 0.0, 0.0, 1.0],
                [-0.478622, 0.876809, -0.046194, -0.0, -0.602393, -0.289643, 0.743793, 0.4, 0.638783, 0.383825, 0.666809, 0.0, 0.0, 0.0, 0.0, 1.0],
                [-0.478622, 0.876809, -0.046194, 0.0, -0.602393, -0.289643, 0.743793, 0.4, 0.638783, 0.383825, 0.666809, 0.0, 0.0, 0.0, 0.0, 1.0],
                [-0.478622, 0.876809, -0.046194, 0.0, -0.602393, -0.289643, 0.743793, 0.4, 0.638783, 0.383825, 0.666809, 0.0, 0.0, 0.0, 0.0, 1.0],
                [-0.485347, 0.872819, -0.051307, 0.0, -0.698303, -0.351658, 0.623466, 0.4, 0.526129, 0.338427, 0.780163, 0.0, 0.0, 0.0, 0.0, 1.0],
                [-0.485347, 0.872819, -0.051307, 0.0, -0.698303, -0.351658, 0.623466, 0.4, 0.526129, 0.338427, 0.780163, -0.0, 0.0, 0.0, 0.0, 1.0],
                [-0.485347, 0.872819, -0.051307, -0.0, -0.698303, -0.351658, 0.623466, 0.4, 0.526129, 0.338427, 0.780163, 0.0, 0.0, 0.0, 0.0, 1.0],
                [-0.485347, 0.872819, -0.051307, 0.0, -0.698303, -0.351658, 0.623466, 0.4, 0.526129, 0.338427, 0.780163, 0.0, 0.0, 0.0, 0.0, 1.0],
                [-0.485347, 0.872819, -0.051307, -0.0, -0.698303, -0.351658, 0.623466, 0.4, 0.526129, 0.338427, 0.780163, -0.0, 0.0, 0.0, 0.0, 1.0],
                [-0.485347, 0.872819, -0.051307, 0.0, -0.698303, -0.351658, 0.623466, 0.4, 0.526129, 0.338427, 0.780163, 0.0, 0.0, 0.0, 0.0, 1.0],
                [-0.485347, 0.872819, -0.051307, 0.0, -0.698303, -0.351658, 0.623466, 0.4, 0.526129, 0.338427, 0.780163, 0.0, 0.0, 0.0, 0.0, 1.0],
                [0.296932, 0.944177, 0.142722, -0.0, -0.345888, -0.032966, 0.937695, 0.4, 0.890052, -0.3278, 0.316789, -0.0, 0.0, 0.0, 0.0, 1.0],
                [0.296932, 0.944177, 0.142722, 0.0, -0.345888, -0.032966, 0.937695, 0.4, 0.890052, -0.3278, 0.316789, -0.0, 0.0, 0.0, 0.0, 1.0],
                [-0.079395, 0.838604, 0.53893, -0.0, -0.505484, -0.499844, 0.703308, 0.4, 0.859176, -0.216582, 0.463583, 0.0, 0.0, 0.0, 0.0, 1.0]
            ]
        },
        {
            "name": "Arm_R",
            "time": [0.0, 0.1667, 0.3333, 0.4, 0.5, 0.7, 0.8, 0.9, 1.0, 1.15, 1.2, 1.35, 1.6667, 2.0, 2.2667, 2.5167, 2.8167],
            "transform": [
                [0.464921, 0.531263, 0.708245, 0.0, -0.799458, 0.595639, 0.078001, 0.393861, -0.380418, -0.602475, 0.701647, -0.0, 0.0, 0.0, 0.0, 1.0],
                [0.645546, 0.763537, 0.016827, 0.0, -0.522653, 0.457737, -0.719246, 0.393861, -0.556872, 0.455511, 0.694555, 0.0, 0.0, 0.0, 0.0, 1.0],
                [-0.29268, 0.313244, 0.903449, 0.0, -0.61299, 0.663677, -0.428694, 0.393861, -0.733883, -0.679274, -0.00223, 0.0, 0.0, 0.0, 0.0, 1.0],
                [0.23192, -0.623862, 0.746333, 0.0, -0.954924, 0.000139, 0.296856, 0.39386, -0.1853, -0.781536, -0.595708, 0.0, 0.0, 0.0, 0.0, 1.0],
                [-0.888951, -0.445758, -0.105207, -0.0, -0.218527, 0.210927, 0.952764, 0.393861, -0.40251, 0.869949, -0.284914, -0.0, 0.0, 0.0, 0.0, 1.0],
                [-0.956287, -0.249626, -0.152328, 0.0, -0.229165, 0.316114, 0.920629, 0.393861, -0.18166, 0.915292, -0.359502, 0.0, 0.0, 0.0, 0.0, 1.0],
                [0.037075, -0.879488, -0.474479, 0.0, -0.998033, -0.00856, -0.062118, 0.39386, 0.05057, 0.475848, -0.878075, 0.0, 0.0, 0.0, 0.0, 1.0],
                [0.021294, -0.807789, 0.58909, -0.0, -0.952791, 0.16211, 0.256735, 0.39386, -0.302885, -0.566745, -0.766201, 0.0, 0.0, 0.0, 0.0, 1.0],
                [0.567783, -0.148163, 0.809737, 0.0, -0.439996, 0.776737, 0.450649, 0.39386, -0.695721, -0.612151, 0.375827, 0.0, 0.0, 0.0, 0.0, 1.0],
                [0.567783, -0.148163, 0.809737, -0.0, -0.439996, 0.776738, 0.450649, 0.39386, -0.695721, -0.612151, 0.375827, 0.0, 0.0, 0.0, 0.0, 1.0],
                [0.535212, -0.349462, 0.769043, -0.0, -0.421114, 0.678831, 0.601543, 0.393861, -0.732265, -0.645807, 0.216155, 0.0, 0.0, 0.0, 0.0, 1.0],
                [0.13162, -0.988455, 0.075072, 0.0, -0.931992, -0.097588, 0.349098, 0.393861, -0.337741, -0.115915, -0.934077, -0.0, 0.0, 0.0, 0.0, 1.0],
                [0.13162, -0.988455, 0.075072, 0.0, -0.931992, -0.097588, 0.349098, 0.393861, -0.337741, -0.115915, -0.934077, -0.0, 0.0, 0.0, 0.0, 1.0],
                [0.555998, -0.275546, -0.784183, -0.0, 0.801415, 0.427968, 0.417831, 0.39386, 0.220474, -0.860766, 0.458774, 0.0, 0.0, 0.0, 0.0, 1.0],
                [0.53537, -0.68265, -0.497364, 0.0, 0.844223, 0.414398, 0.339952, 0.393861, -0.025962, -0.601884, 0.798162, -0.0, 0.0, 0.0, 0.0, 1.0],
                [0.850857, -0.084894, -0.518497, 0.0, 0.445529, 0.639647, 0.626384, 0.393861, 0.27848, -0.763966, 0.58207, -0.0, 0.0, 0.0, 0.0, 1.0],
                [0.464921, 0.531263, 0.708245, 0.0, -0.799458, 0.595639, 0.078001, 0.39386, -0.380418, -0.602475, 0.701647, -0.0, 0.0, 0.0, 0.0, 1.0]
            ]
        },
        {
            "name": "Hand_R",
            "time": [0.0, 0.1667, 0.3333, 0.4, 0.5, 0.7, 0.8, 0.9, 1.0, 1.15, 1.2, 1.35, 1.6667, 2.0, 2.2667, 2.8167],
            "transform": [
                [-0.099765, 0.132127, 0.986203, -0.0, -0.42596, 0.890062, -0.162337, 0.300002, -0.899224, -0.436279, -0.032517, -0.0, 0.0, 0.0, 0.0, 1.0],
                [-0.099765, 0.132127, 0.986202, -0.0, -0.42596, 0.890062, -0.162337, 0.300003, -0.899224, -0.436279, -0.032517, -0.0, 0.0, 0.0, 0.0, 1.0],
                [-0.099765, 0.132127, 0.986202, 0.0, -0.42596, 0.890062, -0.162337, 0.300003, -0.899224, -0.436279, -0.032517, 0.0, 0.0, 0.0, 0.0, 1.0],
                [0.00372, -0.09171, 0.995782, -0.0, -0.093821, 0.991365, 0.091654, 0.300003, -0.995582, -0.093766, -0.004917, -0.0, 0.0, 0.0, 0.0, 1.0],
                [-0.025714, -0.209181, 0.977542, -0.0, -0.063838, 0.976214, 0.207217, 0.300002, -0.997628, -0.057076, -0.038456, -0.0, 0.0, 0.0, 0.0, 1.0],
                [0.00372, -0.09171, 0.995782, 0.0, -0.093821, 0.991365, 0.091654, 0.300003, -0.995582, -0.093766, -0.004916, 0.0, 0.0, 0.0, 0.0, 1.0],
                [0.032637, 0.044885, 0.998462, -0.0, -0.131783, 0.990466, -0.040218, 0.300003, -0.99074, -0.130268, 0.038241, 0.0, 0.0, 0.0, 0.0, 1.0],
                [0.00372, -0.09171, 0.995782, 0.0, -0.093821, 0.991365, 0.091654, 0.300002, -0.995582, -0.093766, -0.004917, -0.0, 0.0, 0.0, 0.0, 1.0],
                [-0.033444, -0.167886, 0.985242, 0.0, -0.264043, 0.952253, 0.153302, 0.300003, -0.96393, -0.255019, -0.076176, 0.0, 0.0, 0.0, 0.0, 1.0],
                [-0.033444, -0.167886, 0.985242, 0.0, -0.264043, 0.952253, 0.153302, 0.300003, -0.96393, -0.255019, -0.076176, 0.0, 0.0, 0.0, 0.0, 1.0],
                [-0.03582, -0.177148, 0.983535, 0.0, -0.303678, 0.939558, 0.158167, 0.300003, -0.952101, -0.293013, -0.087451, 0.0, 0.0, 0.0, 0.0, 1.0],
                [-0.03582, -0.177148, 0.983535, 0.0, -0.303678, 0.939558, 0.158167, 0.300003, -0.952101, -0.293013, -0.087451, 0.0, 0.0, 0.0, 0.0, 1.0],
                [-0.03582, -0.177148, 0.983535, 0.0, -0.303678, 0.939558, 0.158167, 0.300003, -0.952101, -0.293013, -0.087451, 0.0, 0.0, 0.0, 0.0, 1.0],
                [-0.387393, -0.400824, 0.830218, 0.0, 0.914036, -0.049439, 0.402623, 0.300002, -0.120337, 0.914827, 0.385512, 0.0, 0.0, 0.0, 0.0, 1.0],
                [0.148942, -0.384642, 0.910966, -0.0, 0.414791, 0.860588, 0.295546, 0.300002, -0.897653, 0.333843, 0.287718, 0.0, 0.0, 0.0, 0.0, 1.0],
                [-0.099765, 0.132127, 0.986203, -0.0, -0.42596, 0.890062, -0.162337, 0.300003, -0.899224, -0.436279, -0.032517, -0.0, 0.0, 0.0, 0.0, 1.0]
            ]
        },
        {
            "name": "Tool_R",
            "time": [0.0, 0.1667, 0.3333, 0.4, 0.5, 0.7, 0.8, 0.9, 1.0, 1.15, 1.2, 1.35, 1.6667, 2.0, 2.2667, 2.5167, 2.8167],
            "transform": [
                [-0.13209, 0.119228, -0.974725, -0.110348, 0.005844, -0.990976, -0.120105, 0.24909, -0.991205, -0.021731, 0.129186, 0.044157, 0.0, 0.0, 0.0, 1.0],
                [-0.13209, 0.119227, -0.974725, -0.110348, 0.005844, -0.990976, -0.120105, 0.24909, -0.991205, -0.021731, 0.129186, 0.044157, 0.0, 0.0, 0.0, 1.0],
                [-0.13209, 0.119227, -0.974725, -0.110348, 0.005844, -0.990976, -0.120105, 0.24909, -0.991205, -0.021731, 0.129186, 0.044157, 0.0, 0.0, 0.0, 1.0],
                [-0.13209, 0.119227, -0.974725, -0.110348, 0.005844, -0.990976, -0.120105, 0.24909, -0.991205, -0.021731, 0.129186, 0.044157, 0.0, 0.0, 0.0, 1.0],
                [-0.13209, 0.119227, -0.974725, -0.110347, 0.005844, -0.990976, -0.120105, 0.24909, -0.991205, -0.021731, 0.129186, 0.044157, 0.0, 0.0, 0.0, 1.0],
                [-0.13209, 0.119227, -0.974725, -0.110348, 0.005844, -0.990976, -0.120105, 0.24909, -0.991205, -0.021731, 0.129186, 0.044157, 0.0, 0.0, 0.0, 1.0],
                [-0.13209, 0.119227, -0.974725, -0.110348, 0.005844, -0.990976, -0.120105, 0.24909, -0.991205, -0.021731, 0.129186, 0.044157, 0.0, 0.0, 0.0, 1.0],
                [-0.13209, 0.119227, -0.974725, -0.110348, 0.005844, -0.990976, -0.120105, 0.24909, -0.991205, -0.021731, 0.129186, 0.044157, 0.0, 0.0, 0.0, 1.0],
                [-0.13209, 0.119227, -0.974725, -0.110348, 0.005844, -0.990976, -0.120105, 0.24909, -0.991205, -0.021731, 0.129186, 0.044157, 0.0, 0.0, 0.0, 1.0],
                [-0.13209, 0.119227, -0.974725, -0.110347, 0.005844, -0.990976, -0.120105, 0.24909, -0.991205, -0.021731, 0.129186, 0.044157, 0.0, 0.0, 0.0, 1.0],
                [-0.13209, 0.119227, -0.974725, -0.110348, 0.005844, -0.990976, -0.120105, 0.24909, -0.991205, -0.021731, 0.129186, 0.044157, 0.0, 0.0, 0.0, 1.0],
                [-0.13209, 0.119227, -0.974725, -0.110348, 0.005844, -0.990976, -0.120105, 0.24909, -0.991205, -0.021731, 0.129186, 0.044157, 0.0, 0.0, 0.0, 1.0],
                [-0.13209, 0.119227, -0.974725, -0.110348, 0.005844, -0.990976, -0.120105, 0.24909, -0.991205, -0.021731, 0.129186, 0.044157, 0.0, 0.0, 0.0, 1.0],
                [-0.13209, 0.119227, -0.974726, -0.110347, 0.005844, -0.990976, -0.120105, 0.24909, -0.991205, -0.021731, 0.129186, 0.044157, 0.0, 0.0, 0.0, 1.0],
                [-0.13209, 0.119228, -0.974725, -0.110347, 0.005844, -0.990976, -0.120105, 0.24909, -0.991205, -0.021731, 0.129186, 0.044157, 0.0, 0.0, 0.0, 1.0],
                [-0.13209, 0.119227, -0.974725, -0.110348, 0.005844, -0.990976, -0.120105, 0.24909, -0.991205, -0.021731, 0.129186, 0.044157, 0.0, 0.0, 0.0, 1.0],
                [-0.13209, 0.119228, -0.974725, -0.110348, 0.005844, -0.990976, -0.120105, 0.24909, -0.991205, -0.021731, 0.129186, 0.044157, 0.0, 0.0, 0.0, 1.0]
            ]
        },
        {
            "name": "Elbow_R",
            "time": [0.0, 0.1667, 0.3333, 0.4, 0.5, 0.7, 0.8, 0.9, 1.0, 1.15, 1.2, 1.35, 1.6667, 2.0, 2.2667, 2.8167],
            "transform": [
                [-0.974528, 0.224264, -1e-06, -1.7e-05, 1e-06, -0.0, -1.0, 0.3, -0.224265, -0.974523, -0.0, -1.2e-05, 0.0, 0.0, 0.0, 1.0],
                [-0.974528, 0.224264, -1e-06, -1.7e-05, 1e-06, -0.0, -1.0, 0.3, -0.224265, -0.974524, -0.0, -1.2e-05, 0.0, 0.0, 0.0, 1.0],
                [-0.974528, 0.224264, -1e-06, -1.7e-05, 1e-06, -0.0, -1.0, 0.3, -0.224265, -0.974524, -0.0, -1.2e-05, 0.0, 0.0, 0.0, 1.0],
                [-0.974528, 0.224264, -1e-06, -1.7e-05, 1e-06, -0.0, -1.0, 0.3, -0.224265, -0.974524, -0.0, -1.2e-05, 0.0, 0.0, 0.0, 1.0],
                [-0.974528, 0.224264, -1e-06, -1.7e-05, 1e-06, -0.0, -1.0, 0.3, -0.224265, -0.974524, -0.0, -1.2e-05, 0.0, 0.0, 0.0, 1.0],
                [-0.974528, 0.224264, -1e-06, -1.7e-05, 1e-06, -0.0, -1.0, 0.3, -0.224265, -0.974524, -0.0, -1.2e-05, 0.0, 0.0, 0.0, 1.0],
                [-0.974528, 0.224264, -1e-06, -1.7e-05, 1e-06, -0.0, -1.0, 0.3, -0.224265, -0.974524, -0.0, -1.2e-05, 0.0, 0.0, 0.0, 1.0],
                [-0.974528, 0.224264, -1e-06, -1.7e-05, 1e-06, -0.0, -1.0, 0.3, -0.224265, -0.974524, -0.0, -1.2e-05, 0.0, 0.0, 0.0, 1.0],
                [-0.974528, 0.224264, -1e-06, -1.7e-05, 1e-06, -0.0, -1.0, 0.3, -0.224265, -0.974524, -0.0, -1.2e-05, 0.0, 0.0, 0.0, 1.0],
                [-0.974528, 0.224264, -1e-06, -1.7e-05, 1e-06, -0.0, -1.0, 0.3, -0.224265, -0.974524, -0.0, -1.2e-05, 0.0, 0.0, 0.0, 1.0],
                [-0.974528, 0.224264, -1e-06, -1.7e-05, 1e-06, -0.0, -1.0, 0.3, -0.224265, -0.974524, -0.0, -1.2e-05, 0.0, 0.0, 0.0, 1.0],
                [-0.974528, 0.224264, -1e-06, -1.7e-05, 1e-06, -0.0, -1.0, 0.3, -0.224265, -0.974524, -0.0, -1.2e-05, 0.0, 0.0, 0.0, 1.0],
                [-0.974528, 0.224264, -1e-06, -1.7e-05, 1e-06, -0.0, -1.0, 0.3, -0.224265, -0.974524, -0.0, -1.2e-05, 0.0, 0.0, 0.0, 1.0],
                [-0.974528, 0.224264, -1e-06, -1.7e-05, 1e-06, -0.0, -1.0, 0.3, -0.224265, -0.974524, -0.0, -1.2e-05, 0.0, 0.0, 0.0, 1.0],
                [-0.974528, 0.224264, -1e-06, -1.7e-05, 1e-06, -0.0, -1.0, 0.3, -0.224265, -0.974524, -0.0, -1.2e-05, 0.0, 0.0, 0.0, 1.0],
                [-0.974528, 0.224264, -1e-06, -1.7e-05, 1e-06, -0.0, -1.0, 0.3, -0.224265, -0.974523, -0.0, -1.2e-05, 0.0, 0.0, 0.0, 1.0]
            ]
        },
        {
            "name": "Shoulder_L",
            "time": [0.0, 0.1667, 0.3333, 0.4, 0.5, 0.7, 0.8, 0.9, 1.0, 1.15, 1.2, 1.35, 1.6667, 2.0, 2.2667, 2.5167, 2.8167],
            "transform": [
                [0.100477, -0.828832, -0.550406, -0.0, -0.797123, -0.398115, 0.453988, 0.4, -0.595404, 0.393125, -0.70068, 0.0, 0.0, 0.0, 0.0, 1.0],
                [-0.20103, -0.773904, -0.600553, -0.0, -0.132466, -0.585961, 0.799441, 0.4, -0.970591, 0.240264, 0.01528, 0.0, 0.0, 0.0, 0.0, 1.0],
                [-0.20103, -0.773904, -0.600553, -0.0, -0.132466, -0.585961, 0.799441, 0.4, -0.970591, 0.240264, 0.01528, -0.0, 0.0, 0.0, 0.0, 1.0],
                [0.238481, -0.917768, 0.317542, -0.0, -0.658868, -0.393117, -0.641372, 0.4, 0.713461, -0.056263, -0.698436, 0.0, 0.0, 0.0, 0.0, 1.0],
                [0.238481, -0.917769, 0.317542, 0.0, -0.658868, -0.393117, -0.641372, 0.4, 0.713461, -0.056263, -0.698436, 0.0, 0.0, 0.0, 0.0, 1.0],
                [0.238481, -0.917768, 0.317542, 0.0, -0.658868, -0.393117, -0.641372, 0.4, 0.713461, -0.056263, -0.698436, 0.0, 0.0, 0.0, 0.0, 1.0],
                [0.238481, -0.917768, 0.317542, 0.0, -0.658868, -0.393117, -0.641372, 0.4, 0.713461, -0.056263, -0.698436, 0.0, 0.0, 0.0, 0.0, 1.0],
                [0.238481, -0.917768, 0.317542, 0.0, -0.658868, -0.393117, -0.641372, 0.4, 0.713462, -0.056263, -0.698436, -0.0, 0.0, 0.0, 0.0, 1.0],
