{
    "animation": [
        {
            "name": "Root",
            "time": [0.0, 0.4167, 4.6667, 5.0],
            "transform": [
                [0.975026, 0.0, 0.222089, 1.7e-05, 0.222089, 0.0, -0.975026, 0.000905, 0.0, 1.0, 0.0, 0.719394, 0.0, 0.0, 0.0, 1.0],
                [0.975026, 0.0, 0.222089, 1.7e-05, 0.222089, 0.0, -0.975026, 0.000905, 0.0, 1.0, 0.0, 0.719394, 0.0, 0.0, 0.0, 1.0],
                [0.975026, 0.0, 0.222089, 1.7e-05, 0.222089, 0.0, -0.975026, 0.000905, 0.0, 1.0, 0.0, 0.719394, 0.0, 0.0, 0.0, 1.0],
                [0.975026, 0.0, 0.222089, 1.7e-05, 0.222089, 0.0, -0.975026, 0.000905, 0.0, 1.0, 0.0, 0.719394, 0.0, 0.0, 0.0, 1.0]
            ]
        },
        {
            "name": "Thigh_R",
            "time": [0.0, 0.4167, 4.6667, 5.0],
            "transform": [
                [0.972745, 0.125659, 0.194875, 0.124994, 0.105377, -0.988195, 0.111204, -0.002831, 0.206548, -0.087637, -0.974504, -1.2e-05, 0.0, 0.0, 0.0, 1.0],
                [0.972745, 0.125659, 0.194875, 0.124994, 0.105377, -0.988195, 0.111204, -0.002831, 0.206548, -0.087637, -0.974504, -1.2e-05, 0.0, 0.0, 0.0, 1.0],
                [0.972745, 0.125659, 0.194875, 0.124994, 0.105377, -0.988195, 0.111204, -0.002831, 0.206548, -0.087637, -0.974504, -1.2e-05, 0.0, 0.0, 0.0, 1.0],
                [0.972745, 0.125659, 0.194875, 0.124994, 0.105377, -0.988195, 0.111204, -0.002831, 0.206548, -0.087637, -0.974504, -1.2e-05, 0.0, 0.0, 0.0, 1.0]
            ]
        },
        {
            "name": "Leg_R",
            "time": [0.0, 0.4167, 4.6667, 5.0],
            "transform": [
                [1.0, -0.0, 1e-06, 0.0, -0.0, 0.972154, 0.234356, 0.374726, -1e-06, -0.234358, 0.972147, -0.0, 0.0, 0.0, 0.0, 1.0],
                [1.0, -0.0, 1e-06, 0.0, -0.0, 0.972154, 0.234356, 0.374726, -1e-06, -0.234358, 0.972147, -0.0, 0.0, 0.0, 0.0, 1.0],
                [1.0, -0.0, 1e-06, 0.0, -0.0, 0.972154, 0.234356, 0.374726, -1e-06, -0.234358, 0.972147, -0.0, 0.0, 0.0, 0.0, 1.0],
                [1.0, -0.0, 1e-06, 0.0, -0.0, 0.972154, 0.234356, 0.374726, -1e-06, -0.234358, 0.972147, -0.0, 0.0, 0.0, 0.0, 1.0]
            ]
        },
        {
            "name": "Knee_R",
            "time": [0.0, 0.4167, 4.6667, 5.0],
            "transform": [
                [1.0, -0.0, 0.0, -0.0, 0.0, -0.0, -1.0, 0.37472, 0.0, 1.0, 0.0, -0.0, 0.0, 0.0, 0.0, 1.0],
                [1.0, -0.0, 0.0, -0.0, 0.0, -0.0, -1.0, 0.37472, 0.0, 1.0, 0.0, -0.0, 0.0, 0.0, 0.0, 1.0],
                [1.0, -0.0, 0.0, -0.0, 0.0, -0.0, -1.0, 0.37472, 0.0, 1.0, 0.0, -0.0, 0.0, 0.0, 0.0, 1.0],
                [1.0, -0.0, 0.0, -0.0, 0.0, -0.0, -1.0, 0.37472, 0.0, 1.0, 0.0, -0.0, 0.0, 0.0, 0.0, 1.0]
            ]
        },
        {
            "name": "Thigh_L",
            "time": [0.0, 0.4167, 4.6667, 5.0],
            "transform": [
                [0.989059, -0.078802, -0.124711, -0.125006, -0.032298, -0.940537, 0.338155, -0.002831, -0.143942, -0.330427, -0.932791, -1.2e-05, 0.0, 0.0, 0.0, 1.0],
                [0.989059, -0.078802, -0.124711, -0.125006, -0.032298, -0.940537, 0.338155, -0.002831, -0.143942, -0.330427, -0.932791, -1.2e-05, 0.0, 0.0, 0.0, 1.0],
                [0.989059, -0.078802, -0.124711, -0.125006, -0.032298, -0.940537, 0.338155, -0.002831, -0.143942, -0.330427, -0.932791, -1.2e-05, 0.0, 0.0, 0.0, 1.0],
                [0.989059, -0.078802, -0.124711, -0.125006, -0.032298, -0.940537, 0.338155, -0.002831, -0.143942, -0.330427, -0.932791, -1.2e-05, 0.0, 0.0, 0.0, 1.0]
            ]
        },
        {
            "name": "Leg_L",
            "time": [0.0, 0.4167, 4.6667, 5.0],
            "transform": [
                [1.0, -0.0, 1e-06, -0.0, -0.0, 0.933777, 0.357858, 0.374726, -1e-06, -0.357859, 0.933774, -0.0, 0.0, 0.0, 0.0, 1.0],
                [1.0, -0.0, 1e-06, -0.0, -0.0, 0.933777, 0.357858, 0.374726, -1e-06, -0.357859, 0.933774, -0.0, 0.0, 0.0, 0.0, 1.0],
                [1.0, -0.0, 1e-06, -0.0, -0.0, 0.933777, 0.357858, 0.374726, -1e-06, -0.357859, 0.933774, -0.0, 0.0, 0.0, 0.0, 1.0],
                [1.0, -0.0, 1e-06, -0.0, -0.0, 0.933777, 0.357858, 0.374726, -1e-06, -0.357859, 0.933774, -0.0, 0.0, 0.0, 0.0, 1.0]
            ]
        },
        {
            "name": "Knee_L",
            "time": [0.0, 0.4167, 4.6667, 5.0],
            "transform": [
                [1.0, 0.0, -0.0, -0.0, -0.0, 0.0, -1.0, 0.37472, 0.0, 1.0, 0.0, -0.0, 0.0, 0.0, 0.0, 1.0],
                [1.0, 0.0, -0.0, -0.0, -0.0, 0.0, -1.0, 0.37472, 0.0, 1.0, 0.0, -0.0, 0.0, 0.0, 0.0, 1.0],
                [1.0, 0.0, -0.0, -0.0, -0.0, 0.0, -1.0, 0.37472, 0.0, 1.0, 0.0, -0.0, 0.0, 0.0, 0.0, 1.0],
                [1.0, 0.0, -0.0, -0.0, -0.0, 0.0, -1.0, 0.37472, 0.0, 1.0, 0.0, -0.0, 0.0, 0.0, 0.0, 1.0]
            ]
        },
        {
            "name": "Torso",
            "time": [0.0, 0.4167, 4.6667, 5.0],
            "transform": [
                [1.0, 0.0, 0.0, 0.0, 0.0, 0.991761, -0.128102, 0.05, -0.0, 0.128102, 0.991761, -0.0, 0.0, 0.0, 0.0, 1.0],
                [1.0, 0.0, 0.0, 0.0, 0.0, 0.991761, -0.128102, 0.05, -0.0, 0.128102, 0.991761, -0.0, 0.0, 0.0, 0.0, 1.0],
                [1.0, 0.0, 0.0, 0.0, 0.0, 0.991761, -0.128102, 0.05, -0.0, 0.128102, 0.991761, -0.0, 0.0, 0.0, 0.0, 1.0],
                [1.0, 0.0, 0.0, 0.0, 0.0, 0.991761, -0.128102, 0.05, -0.0, 0.128102, 0.991761, -0.0, 0.0, 0.0, 0.0, 1.0]
            ]
        },
        {
            "name": "Chest",
            "time": [0.0, 0.4167, 4.6667, 5.0],
            "transform": [
                [1.0, 0.0, 0.0, 0.0, -0.0, 0.983532, 0.180733, 0.3, -0.0, -0.180733, 0.983532, 0.0, 0.0, 0.0, 0.0, 1.0],
                [1.0, 0.0, 0.0, 0.0, -0.0, 0.983532, 0.180733, 0.3, -0.0, -0.180733, 0.983532, 0.0, 0.0, 0.0, 0.0, 1.0],
                [1.0, 0.0, 0.0, 0.0, -0.0, 0.983532, 0.180733, 0.3, -0.0, -0.180733, 0.983532, 0.0, 0.0, 0.0, 0.0, 1.0],
                [1.0, 0.0, 0.0, 0.0, -0.0, 0.983532, 0.180733, 0.3, -0.0, -0.180733, 0.983532, 0.0, 0.0, 0.0, 0.0, 1.0]
            ]
        },
        {
            "name": "Head",
            "time": [0.0, 0.4167, 4.6667, 5.0],
            "transform": [
                [0.957384, 0.021695, -0.288003, -0.0, -0.009963, 0.999061, 0.042137, 0.4, 0.288647, -0.037472, 0.956703, 0.0, 0.0, 0.0, 0.0, 1.0],
                [0.957384, 0.021695, -0.288003, -0.0, -0.009963, 0.999061, 0.042137, 0.4, 0.288647, -0.037472, 0.956703, 0.0, 0.0, 0.0, 0.0, 1.0],
                [0.957384, 0.021695, -0.288003, -0.0, -0.009963, 0.999061, 0.042137, 0.4, 0.288647, -0.037472, 0.956703, 0.0, 0.0, 0.0, 0.0, 1.0],
                [0.957384, 0.021695, -0.288003, -0.0, -0.009963, 0.999061, 0.042137, 0.4, 0.288647, -0.037472, 0.956703, 0.0, 0.0, 0.0, 0.0, 1.0]
            ]
        },
        {
            "name": "Shoulder_R",
            "time": [0.0, 0.4167, 4.6667, 5.0],
            "transform": [
                [-0.224873, 0.889421, 0.397958, -0.0, 0.027309, -0.402508, 0.915008, 0.4, 0.974006, 0.21663, 0.066223, 0.0, 0.0, 0.0, 0.0, 1.0],
                [0.01099, 0.854457, 0.519411, -0.0, -0.610654, -0.405599, 0.680141, 0.4, 0.791822, -0.324658, 0.517316, 0.0, 0.0, 0.0, 0.0, 1.0],
                [0.01099, 0.854457, 0.519411, -0.0, -0.610654, -0.405599, 0.680141, 0.4, 0.791822, -0.324658, 0.517316, 0.0, 0.0, 0.0, 0.0, 1.0],
                [-0.224873, 0.889421, 0.397958, -0.0, 0.027309, -0.402508, 0.915008, 0.4, 0.974006, 0.21663, 0.066223, 0.0, 0.0, 0.0, 0.0, 1.0]
            ]
        },
        {
            "name": "Arm_R",
            "time": [0.0, 0.4167, 4.6667, 5.0],
            "transform": [
                [0.215158, -0.102438, -0.971202, -0.0, 0.854411, 0.501407, 0.136394, 0.393861, 0.472998, -0.859132, 0.195403, -0.0, 0.0, 0.0, 0.0, 1.0],
                [-0.110398, -0.750237, -0.651899, -0.0, 0.843327, 0.276398, -0.460907, 0.39386, 0.525975, -0.600635, 0.602171, 0.0, 0.0, 0.0, 0.0, 1.0],
                [-0.110398, -0.750237, -0.651899, -0.0, 0.843327, 0.276398, -0.460907, 0.39386, 0.525975, -0.600635, 0.602171, 0.0, 0.0, 0.0, 0.0, 1.0],
                [0.215158, -0.102438, -0.971202, -0.0, 0.854411, 0.501407, 0.136394, 0.393861, 0.472998, -0.859132, 0.195403, -0.0, 0.0, 0.0, 0.0, 1.0]
            ]
        },
        {
            "name": "Hand_R",
            "time": [0.0, 0.4167, 4.6667, 5.0],
            "transform": [
                [0.990776, -0.120037, -0.062727, -0.0, 0.096297, 0.950025, -0.296951, 0.300003, 0.095236, 0.288173, 0.952834, -0.0, 0.0, 0.0, 0.0, 1.0],
                [0.995634, -0.078148, -0.05085, 0.0, 0.058626, 0.948832, -0.310293, 0.300003, 0.072496, 0.30596, 0.949284, 0.0, 0.0, 0.0, 0.0, 1.0],
                [0.995634, -0.078148, -0.05085, 0.0, 0.058626, 0.948832, -0.310293, 0.300003, 0.072496, 0.30596, 0.949284, 0.0, 0.0, 0.0, 0.0, 1.0],
                [0.990776, -0.120037, -0.062727, -0.0, 0.096297, 0.950025, -0.296951, 0.300003, 0.095236, 0.288173, 0.952834, -0.0, 0.0, 0.0, 0.0, 1.0]
            ]
        },
        {
            "name": "Tool_R",
            "time": [0.0, 0.4167, 4.6667, 5.0],
            "transform": [
                [0.99558, -0.022818, 0.090985, -0.0, 0.004478, -0.957405, -0.28833, 0.272858, 0.093814, 0.287848, -0.951798, 0.0, 0.0, 0.0, 0.0, 1.0],
                [0.538667, -0.249026, 0.803801, 0.0, 0.707797, -0.384443, -0.591852, 0.272858, 0.457012, 0.888927, -0.030786, -0.0, 0.0, 0.0, 0.0, 1.0],
                [0.538667, -0.249026, 0.803801, 0.0, 0.707797, -0.384443, -0.591852, 0.272858, 0.457012, 0.888927, -0.030786, -0.0, 0.0, 0.0, 0.0, 1.0],
                [0.99558, -0.022818, 0.090985, -0.0, 0.004478, -0.957405, -0.28833, 0.272858, 0.093814, 0.287848, -0.951798, 0.0, 0.0, 0.0, 0.0, 1.0]
            ]
        },
        {
            "name": "Elbow_R",
            "time": [0.0, 0.4167, 4.6667, 5.0],
            "transform": [
                [-1.0, -0.0, 0.0, 0.0, 0.0, -0.0, -0.999999, 0.3, -0.0, -0.999995, -0.0, -0.0, 0.0, 0.0, 0.0, 1.0],
                [-0.999999, 0.0, -0.0, 0.0, -0.0, -0.0, -0.999999, 0.3, -0.0, -0.999995, -0.0, 0.0, 0.0, 0.0, 0.0, 1.0],
                [-0.999999, 0.0, -0.0, 0.0, -0.0, -0.0, -0.999999, 0.3, -0.0, -0.999995, -0.0, 0.0, 0.0, 0.0, 0.0, 1.0],
                [-1.0, -0.0, 0.0, 0.0, 0.0, -0.0, -0.999999, 0.3, -0.0, -0.999995, -0.0, -0.0, 0.0, 0.0, 0.0, 1.0]
            ]
        },
        {
            "name": "Shoulder_L",
            "time": [0.0, 0.4167, 4.6667, 5.0],
            "transform": [
                [0.109558, -0.863159, -0.492907, -0.0, -0.124541, -0.503905, 0.854735, 0.4, -0.986152, -0.032256, -0.162704, 0.0, 0.0, 0.0, 0.0, 1.0],
                [0.191742, -0.88233, -0.429805, -0.0, 0.516202, -0.281802, 0.808781, 0.4, -0.834734, -0.376942, 0.401425, 0.0, 0.0, 0.0, 0.0, 1.0],
                [0.191742, -0.88233, -0.429805, -0.0, 0.516202, -0.281802, 0.808781, 0.4, -0.834734, -0.376942, 0.401425, 0.0, 0.0, 0.0, 0.0, 1.0],
                [0.109558, -0.863159, -0.492907, -0.0, -0.124541, -0.503905, 0.854735, 0.4, -0.986152, -0.032256, -0.162704, 0.0, 0.0, 0.0, 0.0, 1.0]
            ]
        },
        {
            "name": "Arm_L",
            "time": [0.0, 0.4167, 4.6667, 5.0],
            "transform": [
                [0.061643, 0.134187, 0.989036, 0.0, -0.757265, 0.651804, -0.041236, 0.39386, -0.650192, -0.746421, 0.141794, -0.0, 0.0, 0.0, 0.0, 1.0],
                [-0.528239, 0.707281, 0.469806, 0.0, -0.506725, 0.18138, -0.84281, 0.39386, -0.681317, -0.683269, 0.262585, -0.0, 0.0, 0.0, 0.0, 1.0],
                [-0.528239, 0.707281, 0.469806, 0.0, -0.506725, 0.18138, -0.84281, 0.39386, -0.681317, -0.683269, 0.262585, -0.0, 0.0, 0.0, 0.0, 1.0],
                [0.061643, 0.134187, 0.989036, 0.0, -0.757265, 0.651804, -0.041236, 0.39386, -0.650192, -0.746421, 0.141794, -0.0, 0.0, 0.0, 0.0, 1.0]
            ]
        },
        {
            "name": "Hand_L",
            "time": [0.0, 0.4167, 4.6667, 5.0],
            "transform": [
                [1.000002, -1e-06, -2e-06, 0.0, 0.0, 0.90185, -0.432058, 0.300002, 2e-06, 0.43206, 0.901847, 0.0, 0.0, 0.0, 0.0, 1.0],
                [1.000002, -0.0, 1e-06, 0.0, 1e-06, 0.603199, -0.797593, 0.300003, -0.0, 0.797596, 0.603197, -0.0, 0.0, 0.0, 0.0, 1.0],
                [1.000002, -0.0, 1e-06, 0.0, 1e-06, 0.603199, -0.797593, 0.300003, -0.0, 0.797596, 0.603197, -0.0, 0.0, 0.0, 0.0, 1.0],
                [1.000002, -1e-06, -2e-06, 0.0, 0.0, 0.90185, -0.432058, 0.300002, 2e-06, 0.43206, 0.901847, 0.0, 0.0, 0.0, 0.0, 1.0]
            ]
        },
        {
            "name": "Tool_L",
            "time": [0.0, 0.4167, 4.6667, 5.0],
            "transform": [
                [0.998399, 0.018507, -0.048536, 0.0, 0.008213, -0.978492, -0.204255, 0.272858, -0.051294, 0.203559, -0.977425, -0.0, 0.0, 0.0, 0.0, 1.0],
                [0.314047, -0.699448, 0.64147, 0.262234, -0.552134, -0.684153, -0.475854, 0.289733, 0.772024, -0.204766, -0.60126, -0.07796, 0.0, 0.0, 0.0, 1.0],
                [0.314047, -0.699448, 0.64147, 0.262234, -0.552134, -0.684153, -0.475854, 0.289733, 0.772024, -0.204766, -0.60126, -0.07796, 0.0, 0.0, 0.0, 1.0],
                [0.998399, 0.018507, -0.048536, 0.0, 0.008213, -0.978492, -0.204255, 0.272858, -0.051294, 0.203559, -0.977425, -0.0, 0.0, 0.0, 0.0, 1.0]
            ]
        },
        {
            "name": "Elbow_L",
            "time": [0.0, 0.4167, 4.6667, 5.0],
            "transform": [
                [-1.000001, -0.0, 0.0, -0.0, -0.0, 0.0, -1.0, 0.3, 0.0, -1.0, 0.0, -0.0, 0.0, 0.0, 0.0, 1.0],
                [-1.000001, 0.0, 0.0, 0.0, 0.0, -0.0, -1.0, 0.3, 0.0, -1.0, 0.0, -0.0, 0.0, 0.0, 0.0, 1.0],
                [-1.000001, 0.0, 0.0, 0.0, 0.0, -0.0, -1.0, 0.3, 0.0, -1.0, 0.0, -0.0, 0.0, 0.0, 0.0, 1.0],
                [-1.000001, -0.0, 0.0, -0.0, -0.0, 0.0, -1.0, 0.3, 0.0, -1.0, 0.0, -0.0, 0.0, 0.0, 0.0, 1.0]
            ]
        }
    ]
}