{
    "animation": [
        {
            "name": "Root",
            "time": [0.0, 1.3333, 2.6667],
            "transform": [
                [0.962338, 0.009468, -0.27169, -5e-06, -0.271855, 0.033517, -0.961754, 0.000946, -0.0, 0.999393, 0.034829, 0.591961, 0.0, 0.0, 0.0, 1.0],
                [0.962338, 0.009468, -0.27169, -5e-06, -0.271855, 0.033517, -0.961754, 0.000946, -0.0, 0.999393, 0.034829, 0.607922, 0.0, 0.0, 0.0, 1.0],
                [0.962338, 0.009468, -0.27169, -5e-06, -0.271855, 0.033517, -0.961754, 0.000946, -0.0, 0.999393, 0.034829, 0.591961, 0.0, 0.0, 0.0, 1.0]
            ]
        },
        {
            "name": "Thigh_R",
            "time": [0.0, 1.3333, 2.6667],
            "transform": [
                [0.789664, 0.59652, 0.143503, 0.124994, 0.413685, -0.690397, 0.593477, -0.002831, 0.453095, -0.409281, -0.791956, -1.2e-05, 0.0, 0.0, 0.0, 1.0],
                [0.789239, 0.586996, 0.180377, 0.124994, 0.402521, -0.716338, 0.569943, -0.002831, 0.463767, -0.377214, -0.801642, -1.2e-05, 0.0, 0.0, 0.0, 1.0],
                [0.789664, 0.59652, 0.143503, 0.124994, 0.413685, -0.690397, 0.593477, -0.002831, 0.453095, -0.409281, -0.791956, -1.2e-05, 0.0, 0.0, 0.0, 1.0]
            ]
        },
        {
            "name": "Leg_R",
            "time": [0.0, 1.3333, 2.6667],
            "transform": [
                [1.0, -1e-06, 1e-06, -0.0, -0.0, 0.486907, 0.873456, 0.37472, -1e-06, -0.873453, 0.486905, 0.0, 0.0, 0.0, 0.0, 1.0],
                [1.0, -0.0, 1e-06, 0.0, -1e-06, 0.553423, 0.832903, 0.37472, -1e-06, -0.8329, 0.553421, 0.0, 0.0, 0.0, 0.0, 1.0],
                [1.0, -1e-06, 1e-06, -0.0, -0.0, 0.486907, 0.873456, 0.37472, -1e-06, -0.873453, 0.486905, 0.0, 0.0, 0.0, 0.0, 1.0]
            ]
        },
        {
            "name": "Knee_R",
            "time": [0.0, 1.3333, 2.6667],
            "transform": [
                [1.0, 0.0, -0.0, -0.0, -0.0, 0.0, -1.0, 0.431302, -0.0, 1.0, 0.0, -0.0, 0.0, 0.0, 0.0, 1.0],
                [1.0, 0.0, -0.0, 0.0, -0.0, 0.0, -1.0, 0.423116, -0.0, 1.0, 0.0, -0.0, 0.0, 0.0, 0.0, 1.0],
                [1.0, 0.0, -0.0, -0.0, -0.0, 0.0, -1.0, 0.431302, -0.0, 1.0, 0.0, -0.0, 0.0, 0.0, 0.0, 1.0]
            ]
        },
        {
            "name": "Thigh_L",
            "time": [0.0, 1.3333, 2.6667],
            "transform": [
                [0.886714, -0.448631, 0.111666, -0.125006, -0.397452, -0.61635, 0.679811, -0.002831, -0.236159, -0.647179, -0.724837, -1.2e-05, 0.0, 0.0, 0.0, 1.0],
                [0.890346, -0.447877, 0.08179, -0.125006, -0.38754, -0.651252, 0.652444, -0.002831, -0.238949, -0.612597, -0.753411, -1.2e-05, 0.0, 0.0, 0.0, 1.0],
                [0.886714, -0.448631, 0.111666, -0.125006, -0.397452, -0.61635, 0.679811, -0.002831, -0.236159, -0.647179, -0.724837, -1.2e-05, 0.0, 0.0, 0.0, 1.0]
            ]
        },
        {
            "name": "Leg_L",
            "time": [0.0, 1.3333, 2.6667],
            "transform": [
                [1.0, -0.0, 1e-06, -0.0, -0.0, 0.575996, 0.817453, 0.37472, -1e-06, -0.817451, 0.575996, 0.0, 0.0, 0.0, 0.0, 1.0],
                [1.0, -0.0, 1e-06, -0.0, -0.0, 0.642521, 0.766269, 0.37472, -1e-06, -0.766267, 0.642521, -0.0, 0.0, 0.0, 0.0, 1.0],
                [1.0, -0.0, 1e-06, -0.0, -0.0, 0.575996, 0.817453, 0.37472, -1e-06, -0.817451, 0.575996, 0.0, 0.0, 0.0, 0.0, 1.0]
            ]
        },
        {
            "name": "Knee_L",
            "time": [0.0, 1.3333, 2.6667],
            "transform": [
                [1.0, 0.0, -0.0, 0.0, -1e-06, 0.0, -1.0, 0.420243, -0.0, 1.0, 0.0, -0.0, 0.0, 0.0, 0.0, 1.0],
                [1.0, 0.0, -0.0, 0.0, -1e-06, 0.0, -1.0, 0.411423, -0.0, 1.0, 0.0, -0.0, 0.0, 0.0, 0.0, 1.0],
                [1.0, 0.0, -0.0, 0.0, -1e-06, 0.0, -1.0, 0.420243, -0.0, 1.0, 0.0, -0.0, 0.0, 0.0, 0.0, 1.0]
            ]
        },
        {
            "name": "Torso",
            "time": [0.0, 1.3333, 2.6667],
            "transform": [
                [1.0, 0.000502, 2e-06, -0.0, -0.000493, 0.982368, -0.186958, 0.05, -9.6e-05, 0.186958, 0.982368, 0.0, 0.0, 0.0, 0.0, 1.0],
                [0.999999, -0.001134, 0.000567, 0.0, 0.001217, 0.983496, -0.180927, 0.05, -0.000352, 0.180927, 0.983496, 0.0, 0.0, 0.0, 0.0, 1.0],
                [1.0, 0.000502, 2e-06, -0.0, -0.000493, 0.982368, -0.186958, 0.05, -9.6e-05, 0.186958, 0.982368, 0.0, 0.0, 0.0, 0.0, 1.0]
            ]
        },
        {
            "name": "Chest",
            "time": [0.0, 1.3333, 2.6667],
            "transform": [
                [1.0, 0.0, -0.0, -0.0, 0.0, 0.887414, 0.460973, 0.3, 0.0, -0.460973, 0.887414, -0.0, 0.0, 0.0, 0.0, 1.0],
                [0.999991, 0.004257, 0.000589, -0.0, -0.004071, 0.89439, 0.44727, 0.3, 0.001377, -0.447269, 0.894399, -0.0, 0.0, 0.0, 0.0, 1.0],
                [1.0, 0.0, -0.0, -0.0, 0.0, 0.887414, 0.460973, 0.3, 0.0, -0.460973, 0.887414, -0.0, 0.0, 0.0, 0.0, 1.0]
            ]
        },
        {
            "name": "Head",
            "time": [0.0, 1.3333, 2.6667],
            "transform": [
                [1.0, 0.0, -0.0, 0.0, -0.0, 0.996113, -0.088081, 0.4, 0.0, 0.088081, 0.996113, -0.0, 0.0, 0.0, 0.0, 1.0],
                [1.0, 0.0, -0.0, -0.0, -0.0, 0.993947, -0.109865, 0.4, 0.0, 0.109865, 0.993946, -0.0, 0.0, 0.0, 0.0, 1.0],
                [1.0, 0.0, -0.0, 0.0, -0.0, 0.996113, -0.088081, 0.4, 0.0, 0.088081, 0.996113, -0.0, 0.0, 0.0, 0.0, 1.0]
            ]
        },
        {
            "name": "Shoulder_R",
            "time": [0.0, 1.3333, 2.6667],
            "transform": [
                [0.364498, 0.930451, -0.037438, 0.0, 0.583602, -0.196924, 0.7878, 0.4, 0.725637, -0.309001, -0.614792, -0.0, 0.0, 0.0, 0.0, 1.0],
                [0.374518, 0.926981, -0.021041, -0.0, 0.580467, -0.216703, 0.784919, 0.4, 0.723045, -0.30618, -0.619241, -0.0, 0.0, 0.0, 0.0, 1.0],
                [0.364498, 0.930451, -0.037438, 0.0, 0.583602, -0.196924, 0.7878, 0.4, 0.725637, -0.309001, -0.614792, -0.0, 0.0, 0.0, 0.0, 1.0]
            ]
        },
        {
            "name": "Arm_R",
            "time": [0.0, 1.3333, 2.6667],
            "transform": [
                [0.325804, -0.727781, 0.603479, 0.0, 0.922676, 0.105542, -0.37085, 0.39386, 0.206205, 0.67764, 0.705891, -0.0, 0.0, 0.0, 0.0, 1.0],
                [0.337291, -0.732305, 0.591576, 0.0, 0.915342, 0.108285, -0.387844, 0.39386, 0.219961, 0.672311, 0.706834, 0.0, 0.0, 0.0, 0.0, 1.0],
                [0.325804, -0.727781, 0.603479, 0.0, 0.922676, 0.105542, -0.37085, 0.39386, 0.206205, 0.67764, 0.705891, -0.0, 0.0, 0.0, 0.0, 1.0]
            ]
        },
        {
            "name": "Hand_R",
            "time": [0.0, 1.3333, 2.6667],
            "transform": [
                [1.0, 0.0, -0.0, -0.0, -0.0, 0.153253, -0.988187, 0.3, -0.0, 0.988187, 0.153253, 0.0, 0.0, 0.0, 0.0, 1.0],
                [1.0, 0.0, -0.0, 0.0, -0.0, 0.168442, -0.985712, 0.3, -0.0, 0.985712, 0.168442, 0.0, 0.0, 0.0, 0.0, 1.0],
                [1.0, 0.0, -0.0, -0.0, -0.0, 0.153253, -0.988187, 0.3, -0.0, 0.988187, 0.153253, 0.0, 0.0, 0.0, 0.0, 1.0]
            ]
        },
        {
            "name": "Tool_R",
            "time": [0.0, 1.3333, 2.6667],
            "transform": [
                [1.0, 0.0, 0.0, -0.052977, 0.0, -0.999836, 0.018122, 0.300882, 0.0, -0.018122, -0.999836, 0.001139, 0.0, 0.0, 0.0, 1.0],
                [1.0, 0.0, 0.0, -0.052977, 0.0, -0.999836, 0.018122, 0.300883, 0.0, -0.018122, -0.999836, 0.001139, 0.0, 0.0, 0.0, 1.0],
                [1.0, 0.0, 0.0, -0.052977, 0.0, -0.999836, 0.018122, 0.300882, 0.0, -0.018122, -0.999836, 0.001139, 0.0, 0.0, 0.0, 1.0]
            ]
        },
        {
            "name": "Elbow_R",
            "time": [0.0, 1.3333, 2.6667],
            "transform": [
                [-1.0, 0.0, -0.0, 0.0, 0.0, -0.0, -1.0, 0.443106, -0.0, -1.0, -0.0, 0.0, 0.0, 0.0, 0.0, 1.0],
                [-1.0, 0.0, -0.0, 0.0, 0.0, -0.0, -1.0, 0.441664, -0.0, -1.0, -0.0, -0.0, 0.0, 0.0, 0.0, 1.0],
                [-1.0, 0.0, -0.0, 0.0, 0.0, -0.0, -1.0, 0.443106, -0.0, -1.0, -0.0, 0.0, 0.0, 0.0, 0.0, 1.0]
            ]
        },
        {
            "name": "Shoulder_L",
            "time": [0.0, 1.3333, 2.6667],
            "transform": [
                [0.340783, -0.935739, -0.090878, 0.0, -0.113832, -0.137021, 0.984006, 0.4, -0.933225, -0.324988, -0.153211, -0.0, 0.0, 0.0, 0.0, 1.0],
                [0.342594, -0.933693, -0.104148, -0.0, -0.112366, -0.150784, 0.98216, 0.4, -0.932739, -0.32478, -0.156573, -0.0, 0.0, 0.0, 0.0, 1.0],
                [0.340783, -0.935739, -0.090878, 0.0, -0.113832, -0.137021, 0.984006, 0.4, -0.933225, -0.324988, -0.153211, -0.0, 0.0, 0.0, 0.0, 1.0]
            ]
        },
        {
            "name": "Arm_L",
            "time": [0.0, 1.3333, 2.6667],
            "transform": [
                [0.129879, 0.933324, -0.334719, -0.0, -0.927379, -0.005107, -0.374086, 0.39386, -0.350854, 0.358998, 0.864883, 0.0, 0.0, 0.0, 0.0, 1.0],
                [0.131752, 0.939414, -0.316452, 0.0, -0.923908, 0.00069, -0.382614, 0.39386, -0.359215, 0.342783, 0.868023, -0.0, 0.0, 0.0, 0.0, 1.0],
                [0.129879, 0.933324, -0.334719, -0.0, -0.927379, -0.005107, -0.374086, 0.39386, -0.350854, 0.358998, 0.864883, 0.0, 0.0, 0.0, 0.0, 1.0]
            ]
        },
        {
            "name": "Hand_L",
            "time": [0.0, 1.3333, 2.6667],
            "transform": [
                [1.0, -0.0, -0.0, 0.0, 0.0, 0.500751, -0.865592, 0.3, -0.0, 0.865592, 0.500751, 0.0, 0.0, 0.0, 0.0, 1.0],
                [1.0, 0.0, -0.0, -0.0, 0.0, 0.500359, -0.865817, 0.3, -0.0, 0.865819, 0.500359, 0.0, 0.0, 0.0, 0.0, 1.0],
                [1.0, -0.0, -0.0, 0.0, 0.0, 0.500751, -0.865592, 0.3, -0.0, 0.865592, 0.500751, 0.0, 0.0, 0.0, 0.0, 1.0]
            ]
        },
        {
            "name": "Tool_L",
            "time": [0.0, 1.3333, 2.6667],
            "transform": [
                [1.0, -0.0, 0.0, -0.0, 0.0, -0.999836, 0.018122, 0.272858, 0.0, -0.018122, -0.999836, -0.0, 0.0, 0.0, 0.0, 1.0],
                [1.0, -0.0, 0.0, 0.0, -0.0, -0.999835, 0.018122, 0.272858, 0.0, -0.018122, -0.999836, 0.0, 0.0, 0.0, 0.0, 1.0],
                [1.0, -0.0, 0.0, -0.0, 0.0, -0.999836, 0.018122, 0.272858, 0.0, -0.018122, -0.999836, -0.0, 0.0, 0.0, 0.0, 1.0]
            ]
        },
        {
            "name": "Elbow_L",
            "time": [0.0, 1.3333, 2.6667],
            "transform": [
                [-1.0, 0.0, -0.0, 0.0, 0.0, -0.0, -1.0, 0.408376, -0.0, -1.0, 0.0, -0.0, 0.0, 0.0, 0.0, 1.0],
                [-1.0, 0.0, -0.0, 0.0, 0.0, -0.0, -1.0, 0.408419, -0.0, -1.0, 0.0, 0.0, 0.0, 0.0, 0.0, 1.0],
                [-1.0, 0.0, -0.0, 0.0, 0.0, -0.0, -1.0, 0.408376, -0.0, -1.0, 0.0, -0.0, 0.0, 0.0, 0.0, 1.0]
            ]
        },
        {
            "name": "feet_IK.R",
            "time": [0.0, 1.3333, 2.6667],
            "transform": [
                [1.0, 0.0, 0.0, 0.380961, 0.0, 1.0, 0.0, -0.160235, 0.0, 0.0, 1.0, 0.011421, 0.0, 0.0, 0.0, 1.0],
                [1.0, 0.0, 0.0, 0.380961, 0.0, 1.0, 0.0, -0.160235, 0.0, 0.0, 1.0, 0.011421, 0.0, 0.0, 0.0, 1.0],
                [1.0, 0.0, 0.0, 0.380961, 0.0, 1.0, 0.0, -0.160235, 0.0, 0.0, 1.0, 0.011421, 0.0, 0.0, 0.0, 1.0]
            ]
        },
        {
            "name": "kneel_IK.R",
            "time": [0.0, 1.3333, 2.6667],
            "transform": [
                [1.0, 0.0, 0.0, 0.21543, 0.0, 1.0, 0.0, 0.354908, 0.0, 0.0, 1.0, 0.204773, 0.0, 0.0, 0.0, 1.0],
                [1.0, 0.0, 0.0, 0.21543, 0.0, 1.0, 0.0, 0.354908, 0.0, 0.0, 1.0, 0.220734, 0.0, 0.0, 0.0, 1.0],
                [1.0, 0.0, 0.0, 0.21543, 0.0, 1.0, 0.0, 0.354908, 0.0, 0.0, 1.0, 0.204773, 0.0, 0.0, 0.0, 1.0]
            ]
        },
        {
            "name": "feet_IK.L",
            "time": [0.0, 1.3333, 2.6667],
            "transform": [
                [-0.436519, -0.899695, 0.0, -0.370223, 0.899695, -0.436519, 0.0, 0.250992, 0.0, 0.0, 1.0, 0.011421, 0.0, 0.0, 0.0, 1.0],
                [-0.436519, -0.899695, 0.0, -0.370223, 0.899695, -0.436519, 0.0, 0.250992, 0.0, 0.0, 1.0, 0.011421, 0.0, 0.0, 0.0, 1.0],
                [-0.436519, -0.899695, 0.0, -0.370223, 0.899695, -0.436519, 0.0, 0.250992, 0.0, 0.0, 1.0, 0.011421, 0.0, 0.0, 0.0, 1.0]
            ]
        },
        {
            "name": "kneel_IK.L",
            "time": [0.0, 1.3333, 2.6667],
            "transform": [
                [1.0, 0.0, 0.0, 0.367797, -0.0, 1.0, 0.0, -0.414331, 0.0, 0.0, 1.0, 0.443875, 0.0, 0.0, 0.0, 1.0],
                [1.0, 0.0, 0.0, 0.367797, -0.0, 1.0, 0.0, -0.414331, 0.0, 0.0, 1.0, 0.459835, 0.0, 0.0, 0.0, 1.0],
                [1.0, 0.0, 0.0, 0.367797, -0.0, 1.0, 0.0, -0.414331, 0.0, 0.0, 1.0, 0.443875, 0.0, 0.0, 0.0, 1.0]
            ]
        },
        {
            "name": "hand_IK.R",
            "time": [0.0, 1.3333, 2.6667],
            "transform": [
                [-1.0, 0.0, 0.0, 0.401256, 0.0, -1.0, 0.0, 0.464351, 0.0, 0.0, 1.0, 1.387347, 0.0, 0.0, 0.0, 1.0],
                [-1.0, 0.0, 0.0, 0.401256, 0.0, -1.0, 0.0, 0.464351, 0.0, 0.0, 1.0, 1.396051, 0.0, 0.0, 0.0, 1.0],
                [-1.0, 0.0, 0.0, 0.401256, 0.0, -1.0, 0.0, 0.464351, 0.0, 0.0, 1.0, 1.387347, 0.0, 0.0, 0.0, 1.0]
            ]
        },
        {
            "name": "arm_IK.R",
            "time": [0.0, 1.3333, 2.6667],
            "transform": [
                [1.0, 0.0, 0.0, -0.063337, 0.0, 1.0, 0.0, -0.034654, 0.0, 0.0, 1.0, -0.580912, 0.0, 0.0, 0.0, 1.0],
                [1.0, 0.0, 0.0, -0.063337, 0.0, 1.0, 0.0, -0.034654, 0.0, 0.0, 1.0, -0.580912, 0.0, 0.0, 0.0, 1.0],
                [1.0, 0.0, 0.0, -0.063337, 0.0, 1.0, 0.0, -0.034654, 0.0, 0.0, 1.0, -0.580912, 0.0, 0.0, 0.0, 1.0]
            ]
        },
        {
            "name": "hand_IK.L",
            "time": [0.0, 1.3333, 2.6667],
            "transform": [
                [-1.0, 0.0, 0.0, -0.031168, 0.0, -1.0, 0.0, 0.642187, 0.0, 0.0, 1.0, 1.431855, 0.0, 0.0, 0.0, 1.0],
                [-1.0, 0.0, 0.0, -0.031168, 0.0, -1.0, 0.0, 0.642187, 0.0, 0.0, 1.0, 1.441733, 0.0, 0.0, 0.0, 1.0],
                [-1.0, 0.0, 0.0, -0.031168, 0.0, -1.0, 0.0, 0.642187, 0.0, 0.0, 1.0, 1.431855, 0.0, 0.0, 0.0, 1.0]
            ]
        },
        {
            "name": "arm_IK.L",
            "time": [0.0, 1.3333, 2.6667],
            "transform": [
                [1.0, 0.0, 0.0, 0.19015, 0.0, 1.0, 0.0, 0.110666, 0.0, 0.0, 1.0, -0.666401, 0.0, 0.0, 0.0, 1.0],
                [1.0, 0.0, 0.0, 0.19015, 0.0, 1.0, 0.0, 0.110666, 0.0, 0.0, 1.0, -0.666401, 0.0, 0.0, 0.0, 1.0],
                [1.0, 0.0, 0.0, 0.19015, 0.0, 1.0, 0.0, 0.110666, 0.0, 0.0, 1.0, -0.666401, 0.0, 0.0, 0.0, 1.0]
            ]
        }
    ]
}