{
    "animation": [
        {
            "name": "Root",
            "time": [0.0, 0.1, 0.2667],
            "transform": [
                [0.962338, 0.009468, -0.27169, -5e-06, -0.271855, 0.033517, -0.961754, 0.000946, -0.0, 0.999393, 0.034829, 0.591961, 0.0, 0.0, 0.0, 1.0],
                [0.962338, 0.009468, -0.27169, -5e-06, -0.271783, 0.056583, -0.960694, -0.125429, 0.006277, 0.998353, 0.057025, 0.553513, 0.0, 0.0, 0.0, 1.0],
                [0.962338, 0.009468, -0.27169, -5e-06, -0.271855, 0.033517, -0.961754, -0.077892, -0.0, 0.999393, 0.034829, 0.567975, 0.0, 0.0, 0.0, 1.0]
            ]
        },
        {
            "name": "Thigh_R",
            "time": [0.0, 0.1, 0.2667],
            "transform": [
                [0.789664, 0.59652, 0.143503, 0.124994, 0.413685, -0.690397, 0.593477, -0.002831, 0.453095, -0.409281, -0.791956, -1.2e-05, 0.0, 0.0, 0.0, 1.0],
                [0.87898, 0.473401, -0.057314, 0.124994, 0.343368, -0.54493, 0.76495, -0.002831, 0.330896, -0.692053, -0.641535, -1.2e-05, 0.0, 0.0, 0.0, 1.0],
                [0.848602, 0.529004, 0.005394, 0.124994, 0.376052, -0.61035, 0.697177, -0.002831, 0.372102, -0.589595, -0.71688, -1.2e-05, 0.0, 0.0, 0.0, 1.0]
            ]
        },
        {
            "name": "Leg_R",
            "time": [0.0, 0.1, 0.2667],
            "transform": [
                [1.0, -1e-06, 1e-06, -0.0, -0.0, 0.486907, 0.873456, 0.37472, -1e-06, -0.873453, 0.486905, 0.0, 0.0, 0.0, 0.0, 1.0],
                [1.0, -1e-06, 1e-06, 0.0, -0.0, 0.279783, 0.960065, 0.37472, -1e-06, -0.960062, 0.279782, 0.0, 0.0, 0.0, 0.0, 1.0],
                [1.0, -1e-06, 1e-06, -0.0, -1e-06, 0.341224, 0.939985, 0.37472, -1e-06, -0.939981, 0.341221, -0.0, 0.0, 0.0, 0.0, 1.0]
            ]
        },
        {
            "name": "Knee_R",
            "time": [0.0, 0.1, 0.2667],
            "transform": [
                [1.0, 0.0, -0.0, -0.0, -0.0, 0.0, -1.0, 0.431302, -0.0, 1.0, 0.0, -0.0, 0.0, 0.0, 0.0, 1.0],
                [1.0, 0.0, -0.0, 0.0, -0.0, 0.0, -1.0, 0.454934, -0.0, 1.0, 0.0, -0.0, 0.0, 0.0, 0.0, 1.0],
                [1.0, 0.0, -1e-06, 0.0, -1e-06, 0.0, -1.0, 0.448143, -0.0, 1.0, 0.0, -0.0, 0.0, 0.0, 0.0, 1.0]
            ]
        },
        {
            "name": "Thigh_L",
            "time": [0.0, 0.1, 0.2667],
            "transform": [
                [0.886714, -0.448631, 0.111666, -0.125006, -0.397452, -0.61635, 0.679811, -0.002831, -0.236159, -0.647179, -0.724837, -1.2e-05, 0.0, 0.0, 0.0, 1.0],
                [0.869293, -0.428709, 0.246042, -0.125006, -0.456796, -0.506573, 0.731245, -0.002831, -0.188853, -0.748057, -0.636194, -1.2e-05, 0.0, 0.0, 0.0, 1.0],
                [0.88001, -0.432168, 0.19701, -0.125006, -0.431457, -0.553986, 0.711999, -0.002831, -0.198563, -0.711568, -0.673976, -1.2e-05, 0.0, 0.0, 0.0, 1.0]
            ]
        },
        {
            "name": "Leg_L",
            "time": [0.0, 0.1, 0.2667],
            "transform": [
                [1.0, -0.0, 1e-06, -0.0, -0.0, 0.575996, 0.817453, 0.37472, -1e-06, -0.817451, 0.575996, 0.0, 0.0, 0.0, 0.0, 1.0],
                [1.0, -0.0, 1e-06, 0.0, -0.0, 0.671586, 0.740928, 0.37472, -1e-06, -0.740926, 0.671586, -0.0, 0.0, 0.0, 0.0, 1.0],
                [1.0, -0.0, 1e-06, 0.0, -0.0, 0.622817, 0.782369, 0.37472, -1e-06, -0.782367, 0.622817, 0.0, 0.0, 0.0, 0.0, 1.0]
            ]
        },
        {
            "name": "Knee_L",
            "time": [0.0, 0.1, 0.2667],
            "transform": [
                [1.0, 0.0, -0.0, 0.0, -1e-06, 0.0, -1.0, 0.420243, -0.0, 1.0, 0.0, -0.0, 0.0, 0.0, 0.0, 1.0],
                [1.0, 0.0, -0.0, 0.0, -0.0, 0.0, -1.0, 0.407373, -0.0, 1.0, 0.0, 0.0, 0.0, 0.0, 0.0, 1.0],
                [1.0, 0.0, -1e-06, -0.0, -0.0, 0.0, -1.0, 0.414096, -0.0, 1.0, 0.0, -0.0, 0.0, 0.0, 0.0, 1.0]
            ]
        },
        {
            "name": "Torso",
            "time": [0.0, 0.1, 0.2667],
            "transform": [
                [1.0, 0.000502, 2e-06, -0.0, -0.000493, 0.982368, -0.186958, 0.05, -9.6e-05, 0.186958, 0.982368, 0.0, 0.0, 0.0, 0.0, 1.0],
                [0.989109, -0.036882, -0.142487, -0.0, 0.015255, 0.988571, -0.149986, 0.05, 0.14639, 0.146179, 0.978367, -0.0, 0.0, 0.0, 0.0, 1.0],
                [0.999738, -0.022881, 0.001145, 0.0, 0.022764, 0.986556, -0.161835, 0.05, 0.002574, 0.161818, 0.986817, -0.0, 0.0, 0.0, 0.0, 1.0]
            ]
        },
        {
            "name": "Chest",
            "time": [0.0, 0.1, 0.2667],
            "transform": [
                [1.0, 0.0, -0.0, -0.0, 0.0, 0.887414, 0.460973, 0.3, 0.0, -0.460973, 0.887414, -0.0, 0.0, 0.0, 0.0, 1.0],
                [0.911313, -0.017182, -0.411355, 0.0, 0.225318, 0.857041, 0.46337, 0.3, 0.344587, -0.514961, 0.784904, -0.0, 0.0, 0.0, 0.0, 1.0],
                [0.965111, -0.013834, -0.261476, 0.0, 0.140853, 0.869239, 0.473903, 0.3, 0.220729, -0.494199, 0.84086, 0.0, 0.0, 0.0, 0.0, 1.0]
            ]
        },
        {
            "name": "Head",
            "time": [0.0, 0.1, 0.2667],
            "transform": [
                [1.0, 0.0, -0.0, 0.0, -0.0, 0.996113, -0.088081, 0.4, 0.0, 0.088081, 0.996113, -0.0, 0.0, 0.0, 0.0, 1.0],
                [0.921856, 0.0, 0.387532, 0.0, 0.034134, 0.996113, -0.081198, 0.4, -0.386026, 0.088081, 0.918273, 0.0, 0.0, 0.0, 0.0, 1.0],
                [0.969304, 0.0, 0.245866, -0.0, 0.021656, 0.996113, -0.085377, 0.4, -0.24491, 0.088081, 0.965537, -0.0, 0.0, 0.0, 0.0, 1.0]
            ]
        },
        {
            "name": "Shoulder_R",
            "time": [0.0, 0.1, 0.2667],
            "transform": [
                [0.364498, 0.930451, -0.037438, 0.0, 0.583602, -0.196924, 0.7878, 0.4, 0.725637, -0.309001, -0.614792, -0.0, 0.0, 0.0, 0.0, 1.0],
                [0.696691, 0.688531, -0.201358, 0.0, 0.275653, 0.002195, 0.961254, 0.4, 0.662296, -0.725203, -0.188267, 0.0, 0.0, 0.0, 0.0, 1.0],
                [0.462042, 0.877575, -0.127977, -0.0, 0.46778, -0.118559, 0.875857, 0.4, 0.753458, -0.464548, -0.465292, -0.0, 0.0, 0.0, 0.0, 1.0]
            ]
        },
        {
            "name": "Arm_R",
            "time": [0.0, 0.1, 0.2667],
            "transform": [
                [0.325804, -0.727781, 0.603479, 0.0, 0.922676, 0.105542, -0.37085, 0.39386, 0.206205, 0.67764, 0.705891, -0.0, 0.0, 0.0, 0.0, 1.0],
                [0.848298, -0.524057, -0.07586, -0.0, 0.338683, 0.647106, -0.683043, 0.39386, 0.407043, 0.553732, 0.726427, -0.0, 0.0, 0.0, 0.0, 1.0],
                [0.579239, -0.712553, 0.395916, 0.0, 0.778653, 0.33994, -0.527389, 0.39386, 0.241206, 0.613766, 0.751739, -0.0, 0.0, 0.0, 0.0, 1.0]
            ]
        },
        {
            "name": "Hand_R",
            "time": [0.0, 0.1, 0.2667],
            "transform": [
                [1.0, 0.0, -0.0, -0.0, -0.0, 0.153253, -0.988187, 0.3, -0.0, 0.988187, 0.153253, 0.0, 0.0, 0.0, 0.0, 1.0],
                [1.0, 0.0, 0.0, 0.0, -0.0, 0.042373, -0.999101, 0.3, -0.0, 0.999103, 0.042373, -0.0, 0.0, 0.0, 0.0, 1.0],
                [1.0, -0.0, 0.0, -0.0, -0.0, -0.049493, -0.998775, 0.3, -0.0, 0.998774, -0.049493, 0.0, 0.0, 0.0, 0.0, 1.0]
            ]
        },
        {
            "name": "Tool_R",
            "time": [0.0, 0.1, 0.2667],
            "transform": [
                [1.0, 0.0, 0.0, -0.052977, 0.0, -0.999836, 0.018122, 0.300882, 0.0, -0.018122, -0.999836, 0.001139, 0.0, 0.0, 0.0, 1.0],
                [1.0, 0.0, 0.0, -0.052977, 0.0, -0.999836, 0.018122, 0.300883, 0.0, -0.018122, -0.999836, 0.001139, 0.0, 0.0, 0.0, 1.0],
                [1.0, 0.0, 0.0, -0.052977, 0.0, -0.999836, 0.018122, 0.300883, 0.0, -0.018122, -0.999836, 0.001139, 0.0, 0.0, 0.0, 1.0]
            ]
        },
        {
            "name": "Elbow_R",
            "time": [0.0, 0.1, 0.2667],
            "transform": [
                [-1.0, 0.0, -0.0, 0.0, 0.0, -0.0, -1.0, 0.443106, -0.0, -1.0, -0.0, 0.0, 0.0, 0.0, 0.0, 1.0],
                [-1.0, 0.0, -0.0, -0.0, 0.0, 0.0, -1.0, 0.4472, -0.0, -1.0, -0.0, -0.0, 0.0, 0.0, 0.0, 1.0],
                [-1.0, 0.0, -0.0, -0.0, 0.0, 0.0, -1.0, 0.4472, -0.0, -1.0, 0.0, 0.0, 0.0, 0.0, 0.0, 1.0]
            ]
        },
        {
            "name": "Shoulder_L",
            "time": [0.0, 0.1, 0.2667],
            "transform": [
                [0.340783, -0.935739, -0.090878, 0.0, -0.113832, -0.137021, 0.984006, 0.4, -0.933225, -0.324988, -0.153211, -0.0, 0.0, 0.0, 0.0, 1.0],
                [0.340783, -0.935739, -0.090878, 0.0, -0.113832, -0.137021, 0.984006, 0.4, -0.933225, -0.324988, -0.153211, 0.0, 0.0, 0.0, 0.0, 1.0],
                [0.340783, -0.935739, -0.090878, -0.0, -0.113832, -0.137021, 0.984006, 0.4, -0.933225, -0.324988, -0.153211, -0.0, 0.0, 0.0, 0.0, 1.0]
            ]
        },
        {
            "name": "Arm_L",
            "time": [0.0, 0.1, 0.2667],
            "transform": [
                [0.129879, 0.933324, -0.334719, -0.0, -0.927379, -0.005107, -0.374086, 0.39386, -0.350854, 0.358998, 0.864883, 0.0, 0.0, 0.0, 0.0, 1.0],
                [0.688759, 0.65633, -0.307963, 0.0, -0.679383, 0.436024, -0.590186, 0.39386, -0.253079, 0.615721, 0.746216, 0.0, 0.0, 0.0, 0.0, 1.0],
                [0.452438, 0.81595, -0.359894, -0.0, -0.823944, 0.228064, -0.51875, 0.39386, -0.341197, 0.531235, 0.775483, -0.0, 0.0, 0.0, 0.0, 1.0]
            ]
        },
        {
            "name": "Hand_L",
            "time": [0.0, 0.1, 0.2667],
            "transform": [
                [1.0, -0.0, -0.0, 0.0, 0.0, 0.500751, -0.865592, 0.3, -0.0, 0.865592, 0.500751, 0.0, 0.0, 0.0, 0.0, 1.0],
                [1.0, -0.0, 0.0, -0.0, -0.0, 0.228717, -0.973493, 0.3, -0.0, 0.973493, 0.228717, -0.0, 0.0, 0.0, 0.0, 1.0],
                [1.0, 0.0, 0.0, 0.0, 0.0, 0.308117, -0.951348, 0.3, 0.0, 0.951348, 0.308117, 0.0, 0.0, 0.0, 0.0, 1.0]
            ]
        },
        {
            "name": "Tool_L",
            "time": [0.0, 0.1, 0.2667],
            "transform": [
                [1.0, -0.0, 0.0, -0.0, 0.0, -0.999836, 0.018122, 0.272858, 0.0, -0.018122, -0.999836, -0.0, 0.0, 0.0, 0.0, 1.0],
                [1.0, 0.0, 0.0, 0.0, 0.0, -0.999836, 0.018122, 0.272858, 0.0, -0.018122, -0.999836, -0.0, 0.0, 0.0, 0.0, 1.0],
                [1.0, 0.0, 0.0, 0.0, 0.0, -0.999836, 0.018122, 0.272858, 0.0, -0.018122, -0.999836, 0.0, 0.0, 0.0, 0.0, 1.0]
            ]
        },
        {
            "name": "Elbow_L",
            "time": [0.0, 0.1, 0.2667],
            "transform": [
                [-1.0, 0.0, -0.0, 0.0, 0.0, -0.0, -1.0, 0.408376, -0.0, -1.0, 0.0, -0.0, 0.0, 0.0, 0.0, 1.0],
                [-1.0, 0.0, 0.0, -0.0, 0.0, -0.0, -1.0, 0.4359, -0.0, -1.0, 0.0, -0.0, 0.0, 0.0, 0.0, 1.0],
                [-1.0, 0.0, 0.0, -0.0, -0.0, -0.0, -1.0, 0.428173, -0.0, -1.0, 0.0, -0.0, 0.0, 0.0, 0.0, 1.0]
            ]
        },
        {
            "name": "feet_IK.R",
            "time": [0.0, 0.1, 0.2667],
            "transform": [
                [1.0, 0.0, 0.0, 0.380961, 0.0, 1.0, 0.0, -0.160235, 0.0, 0.0, 1.0, 0.011421, 0.0, 0.0, 0.0, 1.0],
                [1.0, 0.0, 0.0, 0.380961, 0.0, 1.0, 0.0, -0.160235, 0.0, 0.0, 1.0, 0.011421, 0.0, 0.0, 0.0, 1.0],
                [1.0, 0.0, 0.0, 0.380961, 0.0, 1.0, 0.0, -0.160235, 0.0, 0.0, 1.0, 0.011421, 0.0, 0.0, 0.0, 1.0]
            ]
        },
        {
            "name": "kneel_IK.R",
            "time": [0.0, 0.1, 0.2667],
            "transform": [
                [1.0, 0.0, 0.0, 0.21543, 0.0, 1.0, 0.0, 0.354908, 0.0, 0.0, 1.0, 0.204773, 0.0, 0.0, 0.0, 1.0],
                [1.0, 0.0, 0.0, 0.182984, 0.0, 1.0, 0.0, 0.377689, 0.0, 0.0, 1.0, 0.174369, 0.0, 0.0, 0.0, 1.0],
                [1.0, 0.0, 0.0, 0.195188, 0.0, 1.0, 0.0, 0.36912, 0.0, 0.0, 1.0, 0.185806, 0.0, 0.0, 0.0, 1.0]
            ]
        },
        {
            "name": "feet_IK.L",
            "time": [0.0, 0.1, 0.2667],
            "transform": [
                [-0.436519, -0.899695, 0.0, -0.370223, 0.899695, -0.436519, 0.0, 0.250992, 0.0, 0.0, 1.0, 0.011421, 0.0, 0.0, 0.0, 1.0],
                [-0.436519, -0.899695, 0.0, -0.370223, 0.899695, -0.436519, 0.0, 0.250992, 0.0, 0.0, 1.0, 0.011421, 0.0, 0.0, 0.0, 1.0],
                [-0.436519, -0.899695, 0.0, -0.370223, 0.899695, -0.436519, 0.0, 0.250992, 0.0, 0.0, 1.0, 0.011421, 0.0, 0.0, 0.0, 1.0]
            ]
        },
        {
            "name": "kneel_IK.L",
            "time": [0.0, 0.1, 0.2667],
            "transform": [
                [1.0, 0.0, 0.0, 0.367797, -0.0, 1.0, 0.0, -0.414331, 0.0, 0.0, 1.0, 0.443875, 0.0, 0.0, 0.0, 1.0],
                [1.0, 0.0, 0.0, 0.325641, -0.0, 1.0, 0.0, -0.448458, 0.0, 0.0, 1.0, 0.414999, 0.0, 0.0, 0.0, 1.0],
                [1.0, 0.0, 0.0, 0.341498, -0.0, 1.0, 0.0, -0.435621, 0.0, 0.0, 1.0, 0.425861, 0.0, 0.0, 0.0, 1.0]
            ]
        },
        {
            "name": "hand_IK.R",
            "time": [0.0, 0.1, 0.2667],
            "transform": [
                [-1.0, 0.0, 0.0, 0.401256, 0.0, -1.0, 0.0, 0.464351, 0.0, 0.0, 1.0, 1.387347, 0.0, 0.0, 0.0, 1.0],
                [-1.0, 0.0, 0.0, 0.483546, 0.0, -1.0, 0.0, 0.373792, 0.0, 0.0, 1.0, 1.37292, 0.0, 0.0, 0.0, 1.0],
                [-1.0, 0.0, 0.0, 0.418425, 0.0, -1.0, 0.0, 0.350551, 0.0, 0.0, 1.0, 1.395393, 0.0, 0.0, 0.0, 1.0]
            ]
        },
        {
            "name": "arm_IK.R",
            "time": [0.0, 0.1, 0.2667],
            "transform": [
                [1.0, 0.0, 0.0, -0.063337, 0.0, 1.0, 0.0, -0.034654, 0.0, 0.0, 1.0, -0.580912, 0.0, 0.0, 0.0, 1.0],
                [1.0, 0.0, 0.0, -0.349854, 0.0, 1.0, 0.0, 0.282525, 0.0, 0.0, 1.0, -0.317255, 0.0, 0.0, 0.0, 1.0],
                [1.0, 0.0, 0.0, -0.2116, 0.0, 1.0, 0.0, 0.101192, 0.0, 0.0, 1.0, -0.43688, 0.0, 0.0, 0.0, 1.0]
            ]
        },
        {
            "name": "hand_IK.L",
            "time": [0.0, 0.1, 0.2667],
            "transform": [
                [-1.0, 0.0, 0.0, -0.031168, 0.0, -1.0, 0.0, 0.642187, 0.0, 0.0, 1.0, 1.431855, 0.0, 0.0, 0.0, 1.0],
                [-1.0, 0.0, 0.0, 0.086403, 0.0, -1.0, 0.0, 0.606634, 0.0, 0.0, 1.0, 1.366916, 0.0, 0.0, 0.0, 1.0],
                [-1.0, 0.0, 0.0, -0.020483, 0.0, -1.0, 0.0, 0.600465, 0.0, 0.0, 1.0, 1.413048, 0.0, 0.0, 0.0, 1.0]
            ]
        },
        {
            "name": "arm_IK.L",
            "time": [0.0, 0.1, 0.2667],
            "transform": [
                [1.0, 0.0, 0.0, 0.19015, 0.0, 1.0, 0.0, 0.110666, 0.0, 0.0, 1.0, -0.666401, 0.0, 0.0, 0.0, 1.0],
                [1.0, 0.0, 0.0, 0.19015, 0.0, 1.0, 0.0, 0.110666, 0.0, 0.0, 1.0, -0.666401, 0.0, 0.0, 0.0, 1.0],
                [1.0, 0.0, 0.0, 0.19015, 0.0, 1.0, 0.0, 0.110666, 0.0, 0.0, 1.0, -0.666401, 0.0, 0.0, 0.0, 1.0]
            ]
        }
    ]
}