{
    "animation": [
        {
            "name": "Root",
            "time": [0.0, 0.45, 0.4667, 0.4833, 0.5, 0.5167, 0.5333, 0.55, 0.5667, 0.5833, 0.6, 0.6167, 0.6333, 0.65, 0.6667, 0.6833, 0.7, 0.7167, 0.7333, 0.75, 0.7667, 0.7833, 0.8, 0.8167, 0.8333, 1.0],
            "transform": [
                [0.99239, -0.03015, -0.119388, -0.001312, -0.120527, -0.039336, -0.99193, 0.003051, 0.02521, 0.998771, -0.04267, 0.750586, 0.0, 0.0, 0.0, 1.0],
                [0.463237, 0.026153, 0.885848, -0.001312, 0.885876, -0.042099, -0.462009, -0.005764, 0.02521, 0.998771, -0.04267, 0.750586, 0.0, 0.0, 0.0, 1.0],
                [0.463237, 0.026153, 0.885848, -0.001312, 0.885876, -0.042099, -0.462009, -0.03142, 0.02521, 0.998771, -0.04267, 0.750586, 0.0, 0.0, 0.0, 1.0],
                [0.463237, 0.026153, 0.885848, -0.001312, 0.885876, -0.042099, -0.462009, -0.068302, 0.02521, 0.998771, -0.04267, 0.750586, 0.0, 0.0, 0.0, 1.0],
                [0.463237, 0.026153, 0.885848, -0.001312, 0.885876, -0.042099, -0.462009, -0.105185, 0.02521, 0.998771, -0.04267, 0.750586, 0.0, 0.0, 0.0, 1.0],
                [0.463237, 0.026153, 0.885848, -0.001312, 0.885876, -0.042099, -0.462009, -0.130841, 0.02521, 0.998771, -0.04267, 0.750586, 0.0, 0.0, 0.0, 1.0],
                [0.463237, 0.026153, 0.885848, -0.001312, 0.885876, -0.042099, -0.462009, -0.139656, 0.02521, 0.998771, -0.04267, 0.750586, 0.0, 0.0, 0.0, 1.0],
                [0.463237, 0.026153, 0.885848, -0.001312, 0.885876, -0.042099, -0.462009, -0.135747, 0.02521, 0.998771, -0.04267, 0.750586, 0.0, 0.0, 0.0, 1.0],
                [0.463237, 0.026153, 0.885848, -0.001312, 0.885876, -0.042099, -0.462009, -0.124018, 0.02521, 0.998771, -0.04267, 0.750586, 0.0, 0.0, 0.0, 1.0],
                [0.463237, 0.026153, 0.885848, -0.001312, 0.885876, -0.042099, -0.462009, -0.105185, 0.02521, 0.998771, -0.04267, 0.750586, 0.0, 0.0, 0.0, 1.0],
                [0.463237, 0.026153, 0.885848, -0.001312, 0.885876, -0.042099, -0.462009, -0.081227, 0.02521, 0.998771, -0.04267, 0.750586, 0.0, 0.0, 0.0, 1.0],
                [0.463237, 0.026153, 0.885848, -0.001312, 0.885876, -0.042099, -0.462009, -0.055378, 0.02521, 0.998771, -0.04267, 0.750586, 0.0, 0.0, 0.0, 1.0],
                [0.463237, 0.026153, 0.885848, -0.001312, 0.885876, -0.042099, -0.462009, -0.03142, 0.02521, 0.998771, -0.04267, 0.750586, 0.0, 0.0, 0.0, 1.0],
                [0.463237, 0.026153, 0.885848, -0.001312, 0.885876, -0.042099, -0.462009, -0.012587, 0.02521, 0.998771, -0.04267, 0.750586, 0.0, 0.0, 0.0, 1.0],
                [0.463237, 0.026153, 0.885848, -0.001312, 0.885876, -0.042099, -0.462009, -0.000858, 0.02521, 0.998771, -0.04267, 0.750586, 0.0, 0.0, 0.0, 1.0],
                [0.463237, 0.026153, 0.885848, -0.001312, 0.885876, -0.042099, -0.462009, 0.003051, 0.02521, 0.998771, -0.04267, 0.750586, 0.0, 0.0, 0.0, 1.0],
                [0.463237, 0.026153, 0.885848, -0.001312, 0.885876, -0.042099, -0.462009, 0.003051, 0.02521, 0.998771, -0.04267, 0.750586, 0.0, 0.0, 0.0, 1.0],
                [0.463237, 0.026153, 0.885848, -0.001312, 0.885876, -0.042099, -0.462009, 0.003051, 0.02521, 0.998771, -0.04267, 0.750586, 0.0, 0.0, 0.0, 1.0],
                [0.463237, 0.026153, 0.885848, -0.001312, 0.885876, -0.042099, -0.462009, 0.003051, 0.02521, 0.998771, -0.04267, 0.750586, 0.0, 0.0, 0.0, 1.0],
                [0.463237, 0.026153, 0.885848, -0.001312, 0.885876, -0.042099, -0.462009, 0.003051, 0.02521, 0.998771, -0.04267, 0.750586, 0.0, 0.0, 0.0, 1.0],
                [0.463237, 0.026153, 0.885848, -0.001312, 0.885876, -0.042099, -0.462009, 0.003051, 0.02521, 0.998771, -0.04267, 0.750586, 0.0, 0.0, 0.0, 1.0],
                [0.463237, 0.026153, 0.885848, -0.001312, 0.885876, -0.042099, -0.462009, 0.003051, 0.02521, 0.998771, -0.04267, 0.750586, 0.0, 0.0, 0.0, 1.0],
                [0.463237, 0.026153, 0.885848, -0.001312, 0.885876, -0.042099, -0.462009, 0.003051, 0.02521, 0.998771, -0.04267, 0.750586, 0.0, 0.0, 0.0, 1.0],
                [0.463237, 0.026153, 0.885848, -0.001312, 0.885876, -0.042099, -0.462009, 0.003051, 0.02521, 0.998771, -0.04267, 0.750586, 0.0, 0.0, 0.0, 1.0],
                [0.463237, 0.026153, 0.885848, -0.001312, 0.885876, -0.042099, -0.462009, 0.003051, 0.02521, 0.998771, -0.04267, 0.750586, 0.0, 0.0, 0.0, 1.0],
                [0.99239, -0.03015, -0.119388, -0.001312, -0.120527, -0.039336, -0.99193, 0.003051, 0.02521, 0.998771, -0.04267, 0.750586, 0.0, 0.0, 0.0, 1.0]
            ]
        },
        {
            "name": "Thigh_R",
            "time": [0.0, 0.1667, 0.45, 0.4667, 0.4833, 0.5, 0.5167, 0.5333, 0.55, 0.5667, 0.5833, 0.6, 0.6167, 0.6333, 0.65, 0.6667, 0.6833, 0.7, 0.7167, 0.7333, 0.75, 0.7667, 0.7833, 0.8, 0.8167, 0.8333, 1.0],
            "transform": [
                [0.988052, 0.111194, 0.106721, 0.124994, 0.102479, -0.991186, 0.083952, -0.002831, 0.115116, -0.072013, -0.990738, -1.2e-05, 0.0, 0.0, 0.0, 1.0],
                [0.970156, 0.2354, 0.058183, 0.124994, 0.111217, -0.645192, 0.755882, -0.002831, 0.215474, -0.726852, -0.652117, -1.2e-05, 0.0, 0.0, 0.0, 1.0],
                [0.985363, 0.119039, 0.122025, 0.124994, 0.111097, -0.991343, 0.069967, -0.002831, 0.129297, -0.055387, -0.990057, -1.2e-05, 0.0, 0.0, 0.0, 1.0],
                [0.976402, 0.139247, 0.165075, 0.124994, 0.135008, -0.990165, 0.036687, -0.002831, 0.16856, -0.013535, -0.985598, -1.2e-05, 0.0, 0.0, 0.0, 1.0],
                [0.960804, 0.180956, 0.210025, 0.124994, 0.168882, -0.982838, 0.074218, -0.002831, 0.219851, -0.03584, -0.974875, -1.2e-05, 0.0, 0.0, 0.0, 1.0],
                [0.943422, 0.221389, 0.246864, 0.124994, 0.198852, -0.973483, 0.113087, -0.002831, 0.265354, -0.0576, -0.962429, -1.2e-05, 0.0, 0.0, 0.0, 1.0],
                [0.930747, 0.248655, 0.268107, 0.124994, 0.217596, -0.965886, 0.140414, -0.002831, 0.293875, -0.072351, -0.953102, -1.2e-05, 0.0, 0.0, 0.0, 1.0],
                [0.926332, 0.257847, 0.274634, 0.124994, 0.223666, -0.963085, 0.1498, -0.002831, 0.303122, -0.077339, -0.949808, -1.2e-05, 0.0, 0.0, 0.0, 1.0],
                [0.928292, 0.253782, 0.271786, 0.124994, 0.220996, -0.964339, 0.145639, -0.002831, 0.299055, -0.075132, -0.951273, -1.2e-05, 0.0, 0.0, 0.0, 1.0],
                [0.934147, 0.241477, 0.262789, 0.124994, 0.21277, -0.967988, 0.133142, -0.002831, 0.286527, -0.068461, -0.955623, -1.2e-05, 0.0, 0.0, 0.0, 1.0],
                [0.943422, 0.221389, 0.246864, 0.124994, 0.198852, -0.973483, 0.113087, -0.002831, 0.265354, -0.0576, -0.962429, -1.2e-05, 0.0, 0.0, 0.0, 1.0],
                [0.954866, 0.195281, 0.223821, 0.124994, 0.17981, -0.979781, 0.087739, -0.002831, 0.236429, -0.043533, -0.970673, -1.2e-05, 0.0, 0.0, 0.0, 1.0],
                [0.966525, 0.166474, 0.195232, 0.124994, 0.157474, -0.985646, 0.06086, -0.002831, 0.202561, -0.028079, -0.978867, -1.2e-05, 0.0, 0.0, 0.0, 1.0],
                [0.976402, 0.139247, 0.165075, 0.124994, 0.135008, -0.990165, 0.036687, -0.002831, 0.16856, -0.013535, -0.985598, -1.2e-05, 0.0, 0.0, 0.0, 1.0],
                [0.983195, 0.122535, 0.135327, 0.124994, 0.117151, -0.991997, 0.047081, -0.002831, 0.140013, -0.030436, -0.989681, -1.2e-05, 0.0, 0.0, 0.0, 1.0],
                [0.986881, 0.114921, 0.113394, 0.124994, 0.106371, -0.991199, 0.078792, -0.002831, 0.121451, -0.065696, -0.990421, -1.2e-05, 0.0, 0.0, 0.0, 1.0],
                [0.988052, 0.111194, 0.106721, 0.124994, 0.102479, -0.991186, 0.083952, -0.002831, 0.115116, -0.072013, -0.990738, -1.2e-05, 0.0, 0.0, 0.0, 1.0],
                [0.988052, 0.111194, 0.106721, 0.124994, 0.102479, -0.991186, 0.083952, -0.002831, 0.115116, -0.072013, -0.990738, -1.2e-05, 0.0, 0.0, 0.0, 1.0],
                [0.988052, 0.111194, 0.106721, 0.124994, 0.102479, -0.991186, 0.083952, -0.002831, 0.115116, -0.072013, -0.990738, -1.2e-05, 0.0, 0.0, 0.0, 1.0],
                [0.988052, 0.111194, 0.106721, 0.124994, 0.102479, -0.991186, 0.083952, -0.002831, 0.115116, -0.072013, -0.990738, -1.2e-05, 0.0, 0.0, 0.0, 1.0],
                [0.988052, 0.111194, 0.106721, 0.124994, 0.102479, -0.991186, 0.083952, -0.002831, 0.115116, -0.072013, -0.990738, -1.2e-05, 0.0, 0.0, 0.0, 1.0],
                [0.988052, 0.111194, 0.106721, 0.124994, 0.102479, -0.991186, 0.083952, -0.002831, 0.115116, -0.072013, -0.990738, -1.2e-05, 0.0, 0.0, 0.0, 1.0],
                [0.988052, 0.111194, 0.106721, 0.124994, 0.102479, -0.991186, 0.083952, -0.002831, 0.115116, -0.072013, -0.990738, -1.2e-05, 0.0, 0.0, 0.0, 1.0],
                [0.988052, 0.111194, 0.106721, 0.124994, 0.102479, -0.991186, 0.083952, -0.002831, 0.115116, -0.072013, -0.990738, -1.2e-05, 0.0, 0.0, 0.0, 1.0],
                [0.988052, 0.111194, 0.106721, 0.124994, 0.102479, -0.991186, 0.083952, -0.002831, 0.115116, -0.072013, -0.990738, -1.2e-05, 0.0, 0.0, 0.0, 1.0],
                [0.988052, 0.111194, 0.106721, 0.124994, 0.102479, -0.991186, 0.083952, -0.002831, 0.115116, -0.072013, -0.990738, -1.2e-05, 0.0, 0.0, 0.0, 1.0],
                [0.988052, 0.111194, 0.106721, 0.124994, 0.102479, -0.991186, 0.083952, -0.002831, 0.115116, -0.072013, -0.990738, -1.2e-05, 0.0, 0.0, 0.0, 1.0]
            ]
        },
        {
            "name": "Leg_R",
            "time": [0.0, 0.1667, 0.45, 0.4667, 0.4833, 0.5, 0.5167, 0.5333, 0.55, 0.5667, 0.5833, 0.6, 0.6167, 0.6333, 0.65, 0.6667, 0.6833, 0.7, 0.7167, 0.7333, 0.75, 0.7667, 0.7833, 0.8, 0.8167, 0.8333, 1.0],
            "transform": [
                [0.999982, -0.005885, -0.000592, 0.0, 0.005904, 0.986946, 0.160941, 0.374726, -0.000363, -0.160941, 0.986964, 0.0, 0.0, 0.0, 0.0, 1.0],
                [0.999977, -0.006471, -0.001913, 0.0, 0.006541, 0.85995, 0.510335, 0.374726, -0.001657, -0.510336, 0.859974, 0.0, 0.0, 0.0, 0.0, 1.0],
                [0.999991, -0.004277, -0.000366, -0.0, 0.00429, 0.993128, 0.116948, 0.374726, -0.000137, -0.116948, 0.993138, 0.0, 0.0, 0.0, 0.0, 1.0],
                [1.0, -1.6e-05, -0.000115, -0.0, 1.6e-05, 0.999999, 0.000435, 0.374726, 0.000115, -0.000435, 1.0, -0.0, 0.0, 0.0, 0.0, 1.0],
                [1.0, -1.6e-05, -0.000115, -0.0, 1.6e-05, 1.0, 0.000435, 0.374726, 0.000115, -0.000435, 1.0, -0.0, 0.0, 0.0, 0.0, 1.0],
                [1.0, -1.6e-05, -0.000115, 0.0, 1.6e-05, 1.0, 0.000435, 0.374726, 0.000115, -0.000435, 1.0, -0.0, 0.0, 0.0, 0.0, 1.0],
                [1.0, -1.6e-05, -0.000115, 0.0, 1.6e-05, 1.0, 0.000435, 0.374726, 0.000115, -0.000435, 1.0, 0.0, 0.0, 0.0, 0.0, 1.0],
                [1.0, -1.6e-05, -0.000115, -0.0, 1.6e-05, 1.0, 0.000435, 0.374726, 0.000115, -0.000435, 1.0, -0.0, 0.0, 0.0, 0.0, 1.0],
                [1.0, -1.6e-05, -0.000115, -0.0, 1.6e-05, 0.999999, 0.000435, 0.374726, 0.000115, -0.000435, 1.0, -0.0, 0.0, 0.0, 0.0, 1.0],
                [1.0, -1.6e-05, -0.000115, 0.0, 1.6e-05, 1.0, 0.000435, 0.374726, 0.000115, -0.000435, 1.0, -0.0, 0.0, 0.0, 0.0, 1.0],
                [1.0, -1.6e-05, -0.000115, 0.0, 1.6e-05, 1.0, 0.000435, 0.374726, 0.000115, -0.000435, 1.0, -0.0, 0.0, 0.0, 0.0, 1.0],
                [1.0, -1.6e-05, -0.000115, 0.0, 1.6e-05, 0.999999, 0.000435, 0.374726, 0.000115, -0.000435, 1.0, 0.0, 0.0, 0.0, 0.0, 1.0],
                [1.0, -1.6e-05, -0.000115, -0.0, 1.6e-05, 1.0, 0.000435, 0.374726, 0.000115, -0.000435, 1.0, -0.0, 0.0, 0.0, 0.0, 1.0],
                [1.0, -1.6e-05, -0.000115, -0.0, 1.6e-05, 0.999999, 0.000435, 0.374726, 0.000115, -0.000435, 1.0, -0.0, 0.0, 0.0, 0.0, 1.0],
                [0.999997, -0.002127, -0.000177, 0.0, 0.002134, 0.998304, 0.058171, 0.374726, 5.3e-05, -0.058171, 0.998307, 0.0, 0.0, 0.0, 0.0, 1.0],
                [0.999986, -0.005251, -0.000494, 0.0, 0.005268, 0.989621, 0.1436, 0.374726, -0.000265, -0.1436, 0.989636, 0.0, 0.0, 0.0, 0.0, 1.0],
                [0.999982, -0.005885, -0.000592, 0.0, 0.005904, 0.986946, 0.160941, 0.374726, -0.000363, -0.160941, 0.986964, -0.0, 0.0, 0.0, 0.0, 1.0],
                [0.999982, -0.005885, -0.000592, 0.0, 0.005904, 0.986946, 0.160941, 0.374726, -0.000363, -0.160941, 0.986964, -0.0, 0.0, 0.0, 0.0, 1.0],
                [0.999982, -0.005885, -0.000592, 0.0, 0.005904, 0.986946, 0.160941, 0.374726, -0.000363, -0.160941, 0.986964, -0.0, 0.0, 0.0, 0.0, 1.0],
                [0.999982, -0.005885, -0.000592, 0.0, 0.005904, 0.986946, 0.160941, 0.374726, -0.000363, -0.160941, 0.986964, -0.0, 0.0, 0.0, 0.0, 1.0],
                [0.999982, -0.005885, -0.000592, 0.0, 0.005904, 0.986946, 0.160941, 0.374726, -0.000363, -0.160941, 0.986964, -0.0, 0.0, 0.0, 0.0, 1.0],
                [0.999982, -0.005885, -0.000592, 0.0, 0.005904, 0.986946, 0.160941, 0.374726, -0.000363, -0.160941, 0.986964, -0.0, 0.0, 0.0, 0.0, 1.0],
                [0.999982, -0.005885, -0.000592, 0.0, 0.005904, 0.986946, 0.160941, 0.374726, -0.000363, -0.160941, 0.986964, -0.0, 0.0, 0.0, 0.0, 1.0],
                [0.999982, -0.005885, -0.000592, 0.0, 0.005904, 0.986946, 0.160941, 0.374726, -0.000363, -0.160941, 0.986964, -0.0, 0.0, 0.0, 0.0, 1.0],
                [0.999982, -0.005885, -0.000592, 0.0, 0.005904, 0.986946, 0.160941, 0.374726, -0.000363, -0.160941, 0.986964, -0.0, 0.0, 0.0, 0.0, 1.0],
                [0.999982, -0.005885, -0.000592, 0.0, 0.005904, 0.986946, 0.160941, 0.374726, -0.000363, -0.160941, 0.986964, -0.0, 0.0, 0.0, 0.0, 1.0],
                [0.999982, -0.005885, -0.000592, 0.0, 0.005904, 0.986946, 0.160941, 0.374726, -0.000363, -0.160941, 0.986964, 0.0, 0.0, 0.0, 0.0, 1.0]
            ]
        },
        {
            "name": "Knee_R",
            "time": [0.0, 0.45, 0.4667, 0.4833, 0.5, 0.5167, 0.5333, 0.55, 0.5667, 0.5833, 0.6, 0.6167, 0.6333, 0.65, 0.6667, 0.6833, 0.7, 0.7167, 0.7333, 0.75, 0.7667, 0.7833, 0.8, 0.8167, 0.8333, 1.0],
            "transform": [
                [1.0, -5.7e-05, 5.7e-05, -0.0, 5.7e-05, 0.001565, -0.999999, 0.374721, 5.7e-05, 0.999999, 0.001565, -0.0, 0.0, 0.0, 0.0, 1.0],
                [1.0, -5.7e-05, 5.7e-05, 0.0, 5.7e-05, 0.001565, -0.999999, 0.374721, 5.7e-05, 0.999999, 0.001565, -0.0, 0.0, 0.0, 0.0, 1.0],
                [1.0, -5.7e-05, 5.7e-05, -0.0, 5.7e-05, 0.001565, -0.999999, 0.374721, 5.7e-05, 0.999999, 0.001565, 0.0, 0.0, 0.0, 0.0, 1.0],
                [1.0, -5.7e-05, 5.7e-05, -0.0, 5.7e-05, 0.001565, -0.999999, 0.374721, 5.7e-05, 0.999999, 0.001565, -0.0, 0.0, 0.0, 0.0, 1.0],
                [1.0, -5.7e-05, 5.7e-05, 0.0, 5.7e-05, 0.001565, -0.999999, 0.374721, 5.7e-05, 0.999999, 0.001565, -0.0, 0.0, 0.0, 0.0, 1.0],
                [1.0, -5.7e-05, 5.7e-05, 0.0, 5.7e-05, 0.001565, -0.999999, 0.374721, 5.7e-05, 0.999999, 0.001565, 0.0, 0.0, 0.0, 0.0, 1.0],
                [1.0, -5.7e-05, 5.7e-05, -0.0, 5.7e-05, 0.001565, -0.999999, 0.374721, 5.7e-05, 0.999999, 0.001565, -0.0, 0.0, 0.0, 0.0, 1.0],
                [1.0, -5.7e-05, 5.7e-05, 0.0, 5.7e-05, 0.001565, -0.999999, 0.374721, 5.7e-05, 0.999999, 0.001565, 0.0, 0.0, 0.0, 0.0, 1.0],
                [1.0, -5.7e-05, 5.7e-05, 0.0, 5.7e-05, 0.001565, -0.999999, 0.374721, 5.7e-05, 0.999999, 0.001565, 0.0, 0.0, 0.0, 0.0, 1.0],
                [1.0, -5.7e-05, 5.7e-05, 0.0, 5.7e-05, 0.001565, -0.999999, 0.374721, 5.7e-05, 0.999999, 0.001565, -0.0, 0.0, 0.0, 0.0, 1.0],
                [1.0, -5.7e-05, 5.7e-05, -0.0, 5.7e-05, 0.001565, -0.999999, 0.374721, 5.7e-05, 0.999999, 0.001565, 0.0, 0.0, 0.0, 0.0, 1.0],
                [1.0, -5.7e-05, 5.7e-05, -0.0, 5.7e-05, 0.001565, -0.999999, 0.374721, 5.7e-05, 0.999999, 0.001565, -0.0, 0.0, 0.0, 0.0, 1.0],
                [1.0, -5.7e-05, 5.7e-05, -0.0, 5.7e-05, 0.001565, -0.999999, 0.374721, 5.7e-05, 0.999999, 0.001565, 0.0, 0.0, 0.0, 0.0, 1.0],
                [1.0, -5.7e-05, 5.7e-05, 0.0, 5.7e-05, 0.001565, -0.999999, 0.374721, 5.7e-05, 0.999999, 0.001565, 0.0, 0.0, 0.0, 0.0, 1.0],
                [1.0, -5.7e-05, 5.7e-05, -0.0, 5.7e-05, 0.001565, -0.999999, 0.374721, 5.7e-05, 0.999999, 0.001565, 0.0, 0.0, 0.0, 0.0, 1.0],
                [1.0, -5.7e-05, 5.7e-05, -0.0, 5.7e-05, 0.001565, -0.999999, 0.374721, 5.7e-05, 0.999999, 0.001565, -0.0, 0.0, 0.0, 0.0, 1.0],
                [1.0, -5.7e-05, 5.7e-05, -0.0, 5.7e-05, 0.001565, -0.999999, 0.374721, 5.7e-05, 0.999999, 0.001565, -0.0, 0.0, 0.0, 0.0, 1.0],
                [1.0, -5.7e-05, 5.7e-05, -0.0, 5.7e-05, 0.001565, -0.999999, 0.374721, 5.7e-05, 0.999999, 0.001565, -0.0, 0.0, 0.0, 0.0, 1.0],
                [1.0, -5.7e-05, 5.7e-05, -0.0, 5.7e-05, 0.001565, -0.999999, 0.374721, 5.7e-05, 0.999999, 0.001565, -0.0, 0.0, 0.0, 0.0, 1.0],
                [1.0, -5.7e-05, 5.7e-05, -0.0, 5.7e-05, 0.001565, -0.999999, 0.374721, 5.7e-05, 0.999999, 0.001565, -0.0, 0.0, 0.0, 0.0, 1.0],
                [1.0, -5.7e-05, 5.7e-05, -0.0, 5.7e-05, 0.001565, -0.999999, 0.374721, 5.7e-05, 0.999999, 0.001565, -0.0, 0.0, 0.0, 0.0, 1.0],
                [1.0, -5.7e-05, 5.7e-05, -0.0, 5.7e-05, 0.001565, -0.999999, 0.374721, 5.7e-05, 0.999999, 0.001565, -0.0, 0.0, 0.0, 0.0, 1.0],
                [1.0, -5.7e-05, 5.7e-05, -0.0, 5.7e-05, 0.001565, -0.999999, 0.374721, 5.7e-05, 0.999999, 0.001565, -0.0, 0.0, 0.0, 0.0, 1.0],
                [1.0, -5.7e-05, 5.7e-05, -0.0, 5.7e-05, 0.001565, -0.999999, 0.374721, 5.7e-05, 0.999999, 0.001565, -0.0, 0.0, 0.0, 0.0, 1.0],
                [1.0, -5.7e-05, 5.7e-05, -0.0, 5.7e-05, 0.001565, -0.999999, 0.374721, 5.7e-05, 0.999999, 0.001565, -0.0, 0.0, 0.0, 0.0, 1.0],
                [1.0, -5.7e-05, 5.7e-05, -0.0, 5.7e-05, 0.001565, -0.999999, 0.374721, 5.7e-05, 0.999999, 0.001565, -0.0, 0.0, 0.0, 0.0, 1.0]
            ]
        },
        {
            "name": "Thigh_L",
            "time": [0.0, 0.45, 0.4667, 0.4833, 0.5, 0.5167, 0.5333, 0.55, 0.5667, 0.5833, 0.6, 0.6167, 0.6333, 0.65, 0.6667, 0.6833, 0.7, 0.7167, 0.7333, 0.75, 0.7667, 0.7833, 0.8, 0.8167, 0.8333, 1.0],
            "transform": [
                [0.955316, -0.252663, -0.153404, -0.119633, -0.226354, -0.959086, 0.170052, -0.001077, -0.190093, -0.127729, -0.973422, 0.044209, 0.0, 0.0, 0.0, 1.0],
                [0.704886, -0.325163, -0.6304, -0.125006, -0.27969, -0.944144, 0.174256, -0.002831, -0.651851, 0.053486, -0.756459, -1.2e-05, 0.0, 0.0, 0.0, 1.0],
                [0.73693, -0.29816, -0.606658, -0.125006, -0.255574, -0.953743, 0.158289, -0.002831, -0.625792, 0.038398, -0.779044, -1.2e-05, 0.0, 0.0, 0.0, 1.0],
                [0.781545, -0.258021, -0.567989, -0.125006, -0.218559, -0.966003, 0.138093, -0.002831, -0.584311, 0.016213, -0.811368, -1.2e-05, 0.0, 0.0, 0.0, 1.0],
                [0.823527, -0.251979, -0.508242, -0.125006, -0.179095, -0.965598, 0.188534, -0.002831, -0.538265, -0.06424, -0.840324, -1.2e-05, 0.0, 0.0, 0.0, 1.0],
                [0.850642, -0.242995, -0.46622, -0.125006, -0.150453, -0.962204, 0.226993, -0.002831, -0.503758, -0.122946, -0.855051, -1.2e-05, 0.0, 0.0, 0.0, 1.0],
                [0.859495, -0.236141, -0.453327, -0.125006, -0.140429, -0.96185, 0.234784, -0.002831, -0.491475, -0.138135, -0.859867, -1.2e-05, 0.0, 0.0, 0.0, 1.0],
                [0.8556, -0.239336, -0.458984, -0.125006, -0.144885, -0.961976, 0.231537, -0.002831, -0.496948, -0.131603, -0.857743, -1.2e-05, 0.0, 0.0, 0.0, 1.0],
                [0.843621, -0.247311, -0.476593, -0.125006, -0.158152, -0.962685, 0.219604, -0.002831, -0.51312, -0.109888, -0.851254, -1.2e-05, 0.0, 0.0, 0.0, 1.0],
                [0.823527, -0.251979, -0.508242, -0.125006, -0.179095, -0.965598, 0.188535, -0.002831, -0.538265, -0.06424, -0.840324, -1.2e-05, 0.0, 0.0, 0.0, 1.0],
                [0.796609, -0.243619, -0.55323, -0.125006, -0.204985, -0.969835, 0.131912, -0.002831, -0.568678, 0.008322, -0.822518, -1.2e-05, 0.0, 0.0, 0.0, 1.0],
                [0.766158, -0.272253, -0.582133, -0.125006, -0.231829, -0.961925, 0.144759, -0.002831, -0.59938, 0.024047, -0.800103, -1.2e-05, 0.0, 0.0, 0.0, 1.0],
                [0.73693, -0.29816, -0.606658, -0.125006, -0.255574, -0.953743, 0.158289, -0.002831, -0.625792, 0.038398, -0.779044, -1.2e-05, 0.0, 0.0, 0.0, 1.0],
                [0.713465, -0.318059, -0.624344, -0.125006, -0.273413, -0.946777, 0.169875, -0.002831, -0.645146, 0.049504, -0.762454, -1.2e-05, 0.0, 0.0, 0.0, 1.0],
                [0.698697, -0.330235, -0.634639, -0.125006, -0.284141, -0.942216, 0.177461, -0.002831, -0.656571, 0.056336, -0.752157, -1.2e-05, 0.0, 0.0, 0.0, 1.0],
                [0.693756, -0.334255, -0.637947, -0.125006, -0.287651, -0.940659, 0.180047, -0.002831, -0.660272, 0.058597, -0.748737, -1.2e-05, 0.0, 0.0, 0.0, 1.0],
                [0.693756, -0.334255, -0.637947, -0.125006, -0.287651, -0.940659, 0.180047, -0.002831, -0.660272, 0.058597, -0.748737, -1.2e-05, 0.0, 0.0, 0.0, 1.0],
                [0.693756, -0.334255, -0.637947, -0.125006, -0.287651, -0.940659, 0.180047, -0.002831, -0.660272, 0.058597, -0.748737, -1.2e-05, 0.0, 0.0, 0.0, 1.0],
                [0.693756, -0.334255, -0.637947, -0.125006, -0.287651, -0.940659, 0.180047, -0.002831, -0.660272, 0.058597, -0.748737, -1.2e-05, 0.0, 0.0, 0.0, 1.0],
                [0.693756, -0.334255, -0.637947, -0.125006, -0.287651, -0.940659, 0.180047, -0.002831, -0.660272, 0.058597, -0.748737, -1.2e-05, 0.0, 0.0, 0.0, 1.0],
                [0.693756, -0.334255, -0.637947, -0.125006, -0.287651, -0.940659, 0.180047, -0.002831, -0.660272, 0.058597, -0.748737, -1.2e-05, 0.0, 0.0, 0.0, 1.0],
                [0.693756, -0.334255, -0.637947, -0.125006, -0.287651, -0.940659, 0.180047, -0.002831, -0.660272, 0.058597, -0.748737, -1.2e-05, 0.0, 0.0, 0.0, 1.0],
                [0.693756, -0.334255, -0.637947, -0.125006, -0.287651, -0.940659, 0.180047, -0.002831, -0.660272, 0.058597, -0.748737, -1.2e-05, 0.0, 0.0, 0.0, 1.0],
                [0.693756, -0.334255, -0.637947, -0.125006, -0.287651, -0.940659, 0.180047, -0.002831, -0.660272, 0.058597, -0.748737, -1.2e-05, 0.0, 0.0, 0.0, 1.0],
                [0.693756, -0.334255, -0.637947, -0.125006, -0.287651, -0.940659, 0.180047, -0.002831, -0.660272, 0.058597, -0.748737, -1.2e-05, 0.0, 0.0, 0.0, 1.0],
                [0.955316, -0.252663, -0.153404, -0.119633, -0.226354, -0.959086, 0.170052, -0.001077, -0.190093, -0.127729, -0.973422, 0.044209, 0.0, 0.0, 0.0, 1.0]
            ]
        },
        {
            "name": "Leg_L",
            "time": [0.0, 0.45, 0.4667, 0.4833, 0.5, 0.5167, 0.5333, 0.55, 0.5667, 0.5833, 0.6, 0.6167, 0.6333, 0.65, 0.6667, 0.6833, 0.7, 0.7167, 0.7333, 0.75, 0.7667, 0.7833, 0.8, 0.8167, 0.8333, 1.0],
            "transform": [
                [1.0, -0.0, 1e-06, -0.0, -0.0, 0.969614, 0.244639, 0.374726, -1e-06, -0.244639, 0.969614, 0.0, 0.0, 0.0, 0.0, 1.0],
                [1.0, 0.0, 1e-06, 0.0, -0.0, 1.0, 0.000403, 0.374726, -1e-06, -0.000403, 1.0, 0.0, 0.0, 0.0, 0.0, 1.0],
                [1.0, -0.0, 1e-06, 0.0, 0.0, 1.0, 0.000403, 0.374726, -1e-06, -0.000403, 1.0, 0.0, 0.0, 0.0, 0.0, 1.0],
                [1.0, -0.0, 1e-06, 0.0, 0.0, 1.0, 0.000403, 0.374726, -1e-06, -0.000403, 1.0, 0.0, 0.0, 0.0, 0.0, 1.0],
                [1.0, 1.1e-05, 2e-06, -0.0, -1.1e-05, 0.990537, 0.137244, 0.374726, -0.0, -0.137244, 0.990537, 0.0, 0.0, 0.0, 0.0, 1.0],
                [1.0, 1.8e-05, 3e-06, -0.0, -1.8e-05, 0.972723, 0.231971, 0.374726, 1e-06, -0.231971, 0.972723, 0.0, 0.0, 0.0, 0.0, 1.0],
                [1.0, 1.9e-05, 3e-06, 0.0, -2e-05, 0.967709, 0.25207, 0.374726, 2e-06, -0.25207, 0.967709, 0.0, 0.0, 0.0, 0.0, 1.0],
                [1.0, 1.9e-05, 3e-06, 0.0, -1.9e-05, 0.96986, 0.243661, 0.374726, 2e-06, -0.24366, 0.969861, -0.0, 0.0, 0.0, 0.0, 1.0],
                [1.0, 1.6e-05, 3e-06, -0.0, -1.7e-05, 0.977012, 0.213185, 0.374726, 1e-06, -0.213185, 0.977012, 0.0, 0.0, 0.0, 0.0, 1.0],
                [1.0, 1.1e-05, 2e-06, 0.0, -1.1e-05, 0.990537, 0.137245, 0.374726, -0.0, -0.137245, 0.990537, 0.0, 0.0, 0.0, 0.0, 1.0],
                [1.0, 0.0, 1e-06, -0.0, 0.0, 1.0, 0.000403, 0.374726, -1e-06, -0.000403, 1.0, 0.0, 0.0, 0.0, 0.0, 1.0],
                [1.0, 0.0, 1e-06, 0.0, -0.0, 1.0, 0.000403, 0.374726, -1e-06, -0.000403, 1.0, 0.0, 0.0, 0.0, 0.0, 1.0],
                [1.0, -0.0, 1e-06, 0.0, 0.0, 1.0, 0.000403, 0.374726, -1e-06, -0.000403, 1.0, 0.0, 0.0, 0.0, 0.0, 1.0],
                [1.0, -0.0, 1e-06, 0.0, 0.0, 1.0, 0.000403, 0.374726, -1e-06, -0.000403, 1.0, -0.0, 0.0, 0.0, 0.0, 1.0],
                [1.0, -0.0, 1e-06, -0.0, 0.0, 1.0, 0.000403, 0.374726, -1e-06, -0.000403, 1.0, -0.0, 0.0, 0.0, 0.0, 1.0],
                [1.0, -0.0, 1e-06, -0.0, 0.0, 1.0, 0.000403, 0.374726, -1e-06, -0.000403, 1.0, 0.0, 0.0, 0.0, 0.0, 1.0],
                [1.0, -0.0, 1e-06, -0.0, 0.0, 1.0, 0.000403, 0.374726, -1e-06, -0.000403, 1.0, 0.0, 0.0, 0.0, 0.0, 1.0],
                [1.0, -0.0, 1e-06, -0.0, 0.0, 1.0, 0.000403, 0.374726, -1e-06, -0.000403, 1.0, 0.0, 0.0, 0.0, 0.0, 1.0],
                [1.0, -0.0, 1e-06, -0.0, 0.0, 1.0, 0.000403, 0.374726, -1e-06, -0.000403, 1.0, 0.0, 0.0, 0.0, 0.0, 1.0],
                [1.0, -0.0, 1e-06, -0.0, 0.0, 1.0, 0.000403, 0.374726, -1e-06, -0.000403, 1.0, 0.0, 0.0, 0.0, 0.0, 1.0],
                [1.0, -0.0, 1e-06, -0.0, 0.0, 1.0, 0.000403, 0.374726, -1e-06, -0.000403, 1.0, 0.0, 0.0, 0.0, 0.0, 1.0],
                [1.0, -0.0, 1e-06, -0.0, 0.0, 1.0, 0.000403, 0.374726, -1e-06, -0.000403, 1.0, 0.0, 0.0, 0.0, 0.0, 1.0],
                [1.0, -0.0, 1e-06, -0.0, 0.0, 1.0, 0.000403, 0.374726, -1e-06, -0.000403, 1.0, 0.0, 0.0, 0.0, 0.0, 1.0],
                [1.0, -0.0, 1e-06, -0.0, 0.0, 1.0, 0.000403, 0.374726, -1e-06, -0.000403, 1.0, 0.0, 0.0, 0.0, 0.0, 1.0],
                [1.0, -0.0, 1e-06, -0.0, 0.0, 1.0, 0.000403, 0.374726, -1e-06, -0.000403, 1.0, 0.0, 0.0, 0.0, 0.0, 1.0],
                [1.0, -0.0, 1e-06, -0.0, -0.0, 0.969614, 0.244639, 0.374726, -1e-06, -0.244639, 0.969614, 0.0, 0.0, 0.0, 0.0, 1.0]
            ]
        },
        {
            "name": "Knee_L",
            "time": [0.0, 0.45, 0.4667, 0.4833, 0.5, 0.5167, 0.5333, 0.55, 0.5667, 0.5833, 0.6, 0.6167, 0.6333, 0.65, 0.6667, 0.6833, 0.7, 0.7167, 0.7333, 0.75, 0.7667, 0.7833, 0.8, 0.8167, 0.8333, 1.0],
            "transform": [
                [1.0, -0.0, -0.0, -0.0, -0.0, 0.001565, -0.999999, 0.374721, -0.0, 0.999999, 0.001565, 0.0, 0.0, 0.0, 0.0, 1.0],
                [1.0, 0.0, 0.0, 0.0, -0.0, 0.001565, -0.999999, 0.374721, -0.0, 0.999999, 0.001565, -0.0, 0.0, 0.0, 0.0, 1.0],
                [1.0, 0.0, 0.0, 0.0, 0.0, 0.001565, -0.999999, 0.374721, -0.0, 0.999999, 0.001565, 0.0, 0.0, 0.0, 0.0, 1.0],
                [1.0, 0.0, -0.0, -0.0, 0.0, 0.001565, -0.999999, 0.374721, -0.0, 0.999999, 0.001565, 0.0, 0.0, 0.0, 0.0, 1.0],
                [1.0, -0.0, 0.0, 0.0, 0.0, 0.001565, -0.999999, 0.374721, 0.0, 0.999999, 0.001565, -0.0, 0.0, 0.0, 0.0, 1.0],
                [1.0, 0.0, -0.0, -0.0, -0.0, 0.001565, -0.999999, 0.374721, -0.0, 0.999999, 0.001565, 0.0, 0.0, 0.0, 0.0, 1.0],
                [1.0, 0.0, 0.0, 0.0, 0.0, 0.001565, -0.999999, 0.374721, 0.0, 0.999999, 0.001565, 0.0, 0.0, 0.0, 0.0, 1.0],
                [1.0, 0.0, 0.0, 0.0, -0.0, 0.001565, -0.999999, 0.374721, -0.0, 0.999999, 0.001565, -0.0, 0.0, 0.0, 0.0, 1.0],
                [1.0, 0.0, 0.0, -0.0, 0.0, 0.001565, -0.999999, 0.374721, 0.0, 0.999999, 0.001565, -0.0, 0.0, 0.0, 0.0, 1.0],
                [1.0, 0.0, -0.0, -0.0, -0.0, 0.001565, -0.999999, 0.374721, -0.0, 0.999999, 0.001565, 0.0, 0.0, 0.0, 0.0, 1.0],
                [1.0, -0.0, 0.0, -0.0, 0.0, 0.001565, -0.999999, 0.374721, 0.0, 0.999999, 0.001565, 0.0, 0.0, 0.0, 0.0, 1.0],
                [1.0, 0.0, -0.0, 0.0, -0.0, 0.001565, -0.999999, 0.374721, -0.0, 0.999999, 0.001565, 0.0, 0.0, 0.0, 0.0, 1.0],
                [1.0, 0.0, 0.0, 0.0, 0.0, 0.001565, -0.999999, 0.374721, -0.0, 0.999999, 0.001565, 0.0, 0.0, 0.0, 0.0, 1.0],
                [1.0, 0.0, -0.0, 0.0, 0.0, 0.001565, -0.999999, 0.374721, 0.0, 0.999999, 0.001565, -0.0, 0.0, 0.0, 0.0, 1.0],
                [1.0, -0.0, 0.0, -0.0, 0.0, 0.001565, -0.999999, 0.374721, 0.0, 0.999999, 0.001565, 0.0, 0.0, 0.0, 0.0, 1.0],
                [1.0, -0.0, -0.0, -0.0, -0.0, 0.001565, -0.999999, 0.374721, 0.0, 0.999999, 0.001565, 0.0, 0.0, 0.0, 0.0, 1.0],
                [1.0, -0.0, -0.0, -0.0, -0.0, 0.001565, -0.999999, 0.374721, 0.0, 0.999999, 0.001565, 0.0, 0.0, 0.0, 0.0, 1.0],
                [1.0, -0.0, -0.0, -0.0, -0.0, 0.001565, -0.999999, 0.374721, 0.0, 0.999999, 0.001565, 0.0, 0.0, 0.0, 0.0, 1.0],
                [1.0, -0.0, -0.0, -0.0, -0.0, 0.001565, -0.999999, 0.374721, 0.0, 0.999999, 0.001565, 0.0, 0.0, 0.0, 0.0, 1.0],
                [1.0, -0.0, -0.0, -0.0, -0.0, 0.001565, -0.999999, 0.374721, 0.0, 0.999999, 0.001565, 0.0, 0.0, 0.0, 0.0, 1.0],
                [1.0, -0.0, -0.0, -0.0, -0.0, 0.001565, -0.999999, 0.374721, 0.0, 0.999999, 0.001565, 0.0, 0.0, 0.0, 0.0, 1.0],
                [1.0, -0.0, -0.0, -0.0, -0.0, 0.001565, -0.999999, 0.374721, 0.0, 0.999999, 0.001565, 0.0, 0.0, 0.0, 0.0, 1.0],
                [1.0, -0.0, -0.0, -0.0, -0.0, 0.001565, -0.999999, 0.374721, 0.0, 0.999999, 0.001565, 0.0, 0.0, 0.0, 0.0, 1.0],
                [1.0, -0.0, -0.0, -0.0, -0.0, 0.001565, -0.999999, 0.374721, 0.0, 0.999999, 0.001565, 0.0, 0.0, 0.0, 0.0, 1.0],
                [1.0, -0.0, -0.0, -0.0, -0.0, 0.001565, -0.999999, 0.374721, 0.0, 0.999999, 0.001565, 0.0, 0.0, 0.0, 0.0, 1.0],
                [1.0, -0.0, -0.0, -0.0, -0.0, 0.001565, -0.999999, 0.374721, -0.0, 0.999999, 0.001565, 0.0, 0.0, 0.0, 0.0, 1.0]
            ]
        },
        {
            "name": "Torso",
            "time": [0.0, 0.45, 0.4667, 0.4833, 0.5, 0.5167, 0.5333, 0.55, 0.5667, 0.5833, 0.6, 0.6167, 0.6333, 0.65, 0.6667, 0.6833, 0.7, 0.7167, 0.7333, 0.75, 0.7667, 0.7833, 0.8, 0.8167, 0.8333, 1.0],
            "transform": [
                [0.98344, 0.072064, 0.166291, -0.0, -0.081373, 0.995436, 0.049858, 0.05, -0.161939, -0.062564, 0.984815, 0.0, 0.0, 0.0, 0.0, 1.0],
                [0.982684, 0.070455, 0.17137, -0.0, -0.078931, 0.995946, 0.043153, 0.05, -0.167634, -0.055933, 0.984261, -0.0, 0.0, 0.0, 0.0, 1.0],
                [0.980298, 0.065964, 0.186187, -0.0, -0.071599, 0.997152, 0.023695, 0.05, -0.184094, -0.036559, 0.982229, -0.0, 0.0, 0.0, 0.0, 1.0],
                [0.976379, 0.060016, 0.207563, 0.0, -0.060482, 0.998161, -0.004107, 0.05, -0.207428, -0.008544, 0.978213, -0.0, 0.0, 0.0, 0.0, 1.0],
                [0.971892, 0.05468, 0.228989, -0.0, -0.048708, 0.998311, -0.031654, 0.05, -0.230334, 0.01961, 0.972914, -0.0, 0.0, 0.0, 0.0, 1.0],
                [0.968441, 0.051333, 0.2439, -0.0, -0.040142, 0.99791, -0.050636, 0.05, -0.245989, 0.039247, 0.968478, 0.0, 0.0, 0.0, 0.0, 1.0],
                [0.967194, 0.050253, 0.249021, -0.0, -0.03713, 0.997677, -0.05712, 0.05, -0.251313, 0.046, 0.966812, 0.0, 0.0, 0.0, 0.0, 1.0],
                [0.967751, 0.050727, 0.24675, -0.0, -0.03847, 0.997786, -0.054247, 0.05, -0.248955, 0.043005, 0.96756, -0.0, 0.0, 0.0, 0.0, 1.0],
                [0.969385, 0.052193, 0.239935, -0.0, -0.04245, 0.998057, -0.045603, 0.05, -0.241849, 0.034022, 0.969717, 0.0, 0.0, 0.0, 0.0, 1.0],
                [0.971892, 0.05468, 0.228989, -0.0, -0.048708, 0.998311, -0.031654, 0.05, -0.230334, 0.01961, 0.972914, -0.0, 0.0, 0.0, 0.0, 1.0],
                [0.974871, 0.058076, 0.215068, -0.0, -0.05643, 0.998311, -0.013791, 0.05, -0.215506, 0.001308, 0.976502, -0.0, 0.0, 0.0, 0.0, 1.0],
                [0.977817, 0.062032, 0.200065, -0.0, -0.064454, 0.997905, 0.005609, 0.05, -0.199298, -0.01838, 0.979767, 0.0, 0.0, 0.0, 0.0, 1.0],
                [0.980298, 0.065964, 0.186187, -0.0, -0.071599, 0.997152, 0.023695, 0.05, -0.184094, -0.036559, 0.982229, -0.0, 0.0, 0.0, 0.0, 1.0],
                [0.982077, 0.069233, 0.175305, -0.0, -0.077014, 0.996307, 0.03797, 0.05, -0.172029, -0.050791, 0.983782, -0.0, 0.0, 0.0, 0.0, 1.0],
                [0.983109, 0.071346, 0.168542, -0.0, -0.080295, 0.995668, 0.046883, 0.05, -0.164467, -0.059625, 0.984579, 0.0, 0.0, 0.0, 0.0, 1.0],
                [0.98344, 0.072064, 0.166291, -0.0, -0.081373, 0.995436, 0.049858, 0.05, -0.161939, -0.062564, 0.984815, 0.0, 0.0, 0.0, 0.0, 1.0],
                [0.98344, 0.072064, 0.166291, -0.0, -0.081373, 0.995436, 0.049858, 0.05, -0.161939, -0.062564, 0.984815, 0.0, 0.0, 0.0, 0.0, 1.0],
                [0.98344, 0.072064, 0.166291, -0.0, -0.081373, 0.995436, 0.049858, 0.05, -0.161939, -0.062564, 0.984815, 0.0, 0.0, 0.0, 0.0, 1.0],
                [0.98344, 0.072064, 0.166291, -0.0, -0.081373, 0.995436, 0.049858, 0.05, -0.161939, -0.062564, 0.984815, 0.0, 0.0, 0.0, 0.0, 1.0],
                [0.98344, 0.072064, 0.166291, -0.0, -0.081373, 0.995436, 0.049858, 0.05, -0.161939, -0.062564, 0.984815, 0.0, 0.0, 0.0, 0.0, 1.0],
                [0.98344, 0.072064, 0.166291, -0.0, -0.081373, 0.995436, 0.049858, 0.05, -0.161939, -0.062564, 0.984815, 0.0, 0.0, 0.0, 0.0, 1.0],
                [0.98344, 0.072064, 0.166291, -0.0, -0.081373, 0.995436, 0.049858, 0.05, -0.161939, -0.062564, 0.984815, 0.0, 0.0, 0.0, 0.0, 1.0],
                [0.98344, 0.072064, 0.166291, -0.0, -0.081373, 0.995436, 0.049858, 0.05, -0.161939, -0.062564, 0.984815, 0.0, 0.0, 0.0, 0.0, 1.0],
                [0.98344, 0.072064, 0.166291, -0.0, -0.081373, 0.995436, 0.049858, 0.05, -0.161939, -0.062564, 0.984815, 0.0, 0.0, 0.0, 0.0, 1.0],
                [0.98344, 0.072064, 0.166291, -0.0, -0.081373, 0.995436, 0.049858, 0.05, -0.161939, -0.062564, 0.984815, 0.0, 0.0, 0.0, 0.0, 1.0],
                [0.98344, 0.072064, 0.166291, -0.0, -0.081373, 0.995436, 0.049858, 0.05, -0.161939, -0.062564, 0.984815, 0.0, 0.0, 0.0, 0.0, 1.0]
            ]
        },
        {
            "name": "Chest",
            "time": [0.0, 0.45, 0.4667, 0.4833, 0.5, 0.5167, 0.5333, 0.55, 0.5667, 0.5833, 0.6, 0.6167, 0.6333, 0.65, 0.6667, 0.6833, 0.7, 0.7167, 0.7333, 0.75, 0.7667, 0.7833, 0.8, 0.8167, 0.8333, 1.0],
            "transform": [
                [0.975805, 0.04127, 0.214713, 0.0, -0.057346, 0.995954, 0.069184, 0.3, -0.210989, -0.079823, 0.974224, -0.0, 0.0, 0.0, 0.0, 1.0],
                [0.975927, 0.038279, 0.214713, 0.0, -0.054292, 0.996126, 0.069184, 0.3, -0.211233, -0.079176, 0.974224, 0.0, 0.0, 0.0, 0.0, 1.0],
                [0.976229, 0.029569, 0.214713, 0.0, -0.045402, 0.99657, 0.069184, 0.3, -0.211931, -0.077288, 0.974224, -0.0, 0.0, 0.0, 0.0, 1.0],
                [0.976528, 0.017044, 0.214713, -0.0, -0.032614, 0.997071, 0.069184, 0.3, -0.212905, -0.074563, 0.974224, -0.0, 0.0, 0.0, 0.0, 1.0],
                [0.976667, 0.004516, 0.214713, 0.0, -0.019822, 0.997407, 0.069184, 0.3, -0.213844, -0.071826, 0.974224, 0.0, 0.0, 0.0, 0.0, 1.0],
                [0.976668, -0.004199, 0.214713, 0.0, -0.010921, 0.997544, 0.069184, 0.3, -0.214476, -0.069915, 0.974224, 0.0, 0.0, 0.0, 0.0, 1.0],
                [0.976651, -0.007193, 0.214713, 0.0, -0.007863, 0.997573, 0.069184, 0.3, -0.214689, -0.069257, 0.974224, 0.0, 0.0, 0.0, 0.0, 1.0],
                [0.97666, -0.005865, 0.214713, -0.0, -0.009219, 0.997561, 0.069184, 0.3, -0.214595, -0.069549, 0.974224, 0.0, 0.0, 0.0, 0.0, 1.0],
                [0.976675, -0.001881, 0.214713, 0.0, -0.013288, 0.997515, 0.069184, 0.3, -0.21431, -0.070424, 0.974224, -0.0, 0.0, 0.0, 0.0, 1.0],
                [0.976667, 0.004516, 0.214713, 0.0, -0.019822, 0.997407, 0.069184, 0.3, -0.213844, -0.071826, 0.974224, 0.0, 0.0, 0.0, 0.0, 1.0],
                [0.976595, 0.012654, 0.214713, 0.0, -0.028132, 0.997207, 0.069184, 0.3, -0.213238, -0.073605, 0.974224, -0.0, 0.0, 0.0, 0.0, 1.0],
                [0.976442, 0.021433, 0.214713, 0.0, -0.037096, 0.996914, 0.069184, 0.3, -0.212567, -0.075519, 0.974224, -0.0, 0.0, 0.0, 0.0, 1.0],
                [0.976229, 0.029569, 0.214713, 0.0, -0.045402, 0.99657, 0.069184, 0.3, -0.211931, -0.077288, 0.974224, -0.0, 0.0, 0.0, 0.0, 1.0],
                [0.976015, 0.035963, 0.214713, 0.0, -0.051928, 0.996251, 0.069184, 0.3, -0.21142, -0.078675, 0.974224, -0.0, 0.0, 0.0, 0.0, 1.0],
                [0.97586, 0.039944, 0.214713, -0.0, -0.055991, 0.996031, 0.069184, 0.3, -0.211097, -0.079536, 0.974224, 0.0, 0.0, 0.0, 0.0, 1.0],
                [0.975805, 0.04127, 0.214713, 0.0, -0.057346, 0.995954, 0.069184, 0.3, -0.210989, -0.079823, 0.974224, -0.0, 0.0, 0.0, 0.0, 1.0],
                [0.975805, 0.04127, 0.214713, 0.0, -0.057346, 0.995954, 0.069184, 0.3, -0.210989, -0.079823, 0.974224, -0.0, 0.0, 0.0, 0.0, 1.0],
                [0.975805, 0.04127, 0.214713, 0.0, -0.057346, 0.995954, 0.069184, 0.3, -0.210989, -0.079823, 0.974224, -0.0, 0.0, 0.0, 0.0, 1.0],
                [0.975805, 0.04127, 0.214713, 0.0, -0.057346, 0.995954, 0.069184, 0.3, -0.210989, -0.079823, 0.974224, -0.0, 0.0, 0.0, 0.0, 1.0],
                [0.975805, 0.04127, 0.214713, 0.0, -0.057346, 0.995954, 0.069184, 0.3, -0.210989, -0.079823, 0.974224, -0.0, 0.0, 0.0, 0.0, 1.0],
                [0.975805, 0.04127, 0.214713, 0.0, -0.057346, 0.995954, 0.069184, 0.3, -0.210989, -0.079823, 0.974224, -0.0, 0.0, 0.0, 0.0, 1.0],
                [0.975805, 0.04127, 0.214713, 0.0, -0.057346, 0.995954, 0.069184, 0.3, -0.210989, -0.079823, 0.974224, -0.0, 0.0, 0.0, 0.0, 1.0],
                [0.975805, 0.04127, 0.214713, 0.0, -0.057346, 0.995954, 0.069184, 0.3, -0.210989, -0.079823, 0.974224, -0.0, 0.0, 0.0, 0.0, 1.0],
                [0.975805, 0.04127, 0.214713, 0.0, -0.057346, 0.995954, 0.069184, 0.3, -0.210989, -0.079823, 0.974224, -0.0, 0.0, 0.0, 0.0, 1.0],
                [0.975805, 0.04127, 0.214713, 0.0, -0.057346, 0.995954, 0.069184, 0.3, -0.210989, -0.079823, 0.974224, -0.0, 0.0, 0.0, 0.0, 1.0],
                [0.975805, 0.04127, 0.214713, 0.0, -0.057346, 0.995954, 0.069184, 0.3, -0.210989, -0.079823, 0.974224, -0.0, 0.0, 0.0, 0.0, 1.0]
            ]
        },
        {
            "name": "Head",
            "time": [0.0, 0.45, 0.4667, 0.4833, 0.5, 0.5167, 0.5333, 0.55, 0.5667, 0.5833, 0.6, 0.6167, 0.6333, 0.65, 0.6667, 0.6833, 0.7, 0.7167, 0.7333, 0.75, 0.7667, 0.7833, 0.8, 0.8167, 0.8333, 1.0],
            "transform": [
                [0.974529, -0.048649, -0.21892, 0.0, 0.043425, 0.998647, -0.028612, 0.4, 0.220016, 0.018377, 0.975323, 0.0, 0.0, 0.0, 0.0, 1.0],
                [0.258959, 0.011424, -0.965821, -0.0, -0.215326, 0.975449, -0.046196, 0.4, 0.941581, 0.219929, 0.255061, -0.0, 0.0, 0.0, 0.0, 1.0],
                [0.243541, 0.026288, -0.969534, -0.0, -0.198815, 0.979758, -0.023376, 0.4, 0.949295, 0.198451, 0.243838, 0.0, 0.0, 0.0, 0.0, 1.0],
                [0.222231, 0.048157, -0.973804, -0.0, -0.174423, 0.984631, 0.008887, 0.4, 0.959265, 0.167879, 0.227215, 0.0, 0.0, 0.0, 0.0, 1.0],
                [0.201954, 0.070594, -0.976848, 0.0, -0.149286, 0.987963, 0.040534, 0.4, 0.96795, 0.137644, 0.210061, -0.0, 0.0, 0.0, 0.0, 1.0],
                [0.188476, 0.086518, -0.978259, -0.0, -0.131382, 0.989379, 0.062189, 0.4, 0.97325, 0.116804, 0.197841, 0.0, 0.0, 0.0, 0.0, 1.0],
                [0.183966, 0.092048, -0.978613, 0.0, -0.125154, 0.989696, 0.069563, 0.4, 0.974932, 0.10968, 0.19359, 0.0, 0.0, 0.0, 0.0, 1.0],
                [0.185958, 0.089592, -0.978465, -0.0, -0.12792, 0.989566, 0.066297, 0.4, 0.974195, 0.112837, 0.195478, -0.0, 0.0, 0.0, 0.0, 1.0],
                [0.192009, 0.082259, -0.97794, 0.0, -0.136176, 0.989075, 0.056459, 0.4, 0.971899, 0.122331, 0.201113, -0.0, 0.0, 0.0, 0.0, 1.0],
                [0.201954, 0.070594, -0.976848, 0.0, -0.149286, 0.987963, 0.040534, 0.4, 0.96795, 0.137644, 0.210061, -0.0, 0.0, 0.0, 0.0, 1.0],
                [0.215006, 0.055956, -0.975008, 0.0, -0.165698, 0.985973, 0.020046, 0.4, 0.962453, 0.157247, 0.221262, 0.0, 0.0, 0.0, 0.0, 1.0],
                [0.229582, 0.040428, -0.972449, 0.0, -0.183057, 0.983099, -0.002347, 0.4, 0.955919, 0.178553, 0.233103, 0.0, 0.0, 0.0, 0.0, 1.0],
                [0.243541, 0.026288, -0.969534, -0.0, -0.198815, 0.979758, -0.023376, 0.4, 0.949295, 0.198451, 0.243838, 0.0, 0.0, 0.0, 0.0, 1.0],
                [0.254812, 0.015348, -0.966869, -0.0, -0.210972, 0.976669, -0.040096, 0.4, 0.943696, 0.214199, 0.252105, 0.0, 0.0, 0.0, 0.0, 1.0],
                [0.261962, 0.008614, -0.96504, -0.0, -0.21844, 0.974538, -0.050597, 0.4, 0.940032, 0.224057, 0.257174, -0.0, 0.0, 0.0, 0.0, 1.0],
                [0.264367, 0.006383, -0.964401, -0.0, -0.220911, 0.973792, -0.054112, 0.4, 0.93878, 0.227352, 0.258849, 0.0, 0.0, 0.0, 0.0, 1.0],
