{
    "animation": [
        {
            "name": "Root",
            "time": [0.0, 2.6667],
            "transform": [
                [1.0, 0.0, 0.0, -5e-06, 0.0, 0.0, -1.0, 0.000946, 0.0, 1.0, 0.0, 0.356499, 0.0, 0.0, 0.0, 1.0],
                [1.0, 0.0, 0.0, -5e-06, 0.0, 0.0, -1.0, 0.000946, 0.0, 1.0, 0.0, 0.356499, 0.0, 0.0, 0.0, 1.0]
            ]
        },
        {
            "name": "Thigh_R",
            "time": [0.0, 2.6667],
            "transform": [
                [0.929101, 0.155344, -0.335619, 0.124994, 0.352791, -0.100035, 0.93034, -0.002831, 0.110949, -0.982781, -0.147747, -1.2e-05, 0.0, 0.0, 0.0, 1.0],
                [0.929101, 0.155344, -0.335619, 0.124994, 0.352791, -0.100035, 0.93034, -0.002831, 0.110949, -0.982781, -0.147747, -1.2e-05, 0.0, 0.0, 0.0, 1.0]
            ]
        },
        {
            "name": "Leg_R",
            "time": [0.0, 2.6667],
            "transform": [
                [1.0, -1e-06, 0.0, -0.0, -0.0, 0.147227, 0.989102, 0.374726, -1e-06, -0.989104, 0.147225, -0.0, 0.0, 0.0, 0.0, 1.0],
                [1.0, -1e-06, 0.0, -0.0, -0.0, 0.147227, 0.989102, 0.374726, -1e-06, -0.989104, 0.147225, -0.0, 0.0, 0.0, 0.0, 1.0]
            ]
        },
        {
            "name": "Knee_R",
            "time": [0.0, 2.6667],
            "transform": [
                [1.0, 0.0, -0.0, 0.0, -0.0, 0.00567, -0.999984, 0.468013, -0.0, 0.999984, 0.00567, -0.000529, 0.0, 0.0, 0.0, 1.0],
                [1.0, 0.0, -0.0, 0.0, -0.0, 0.00567, -0.999984, 0.468013, -0.0, 0.999984, 0.00567, -0.000529, 0.0, 0.0, 0.0, 1.0]
            ]
        },
        {
            "name": "Thigh_L",
            "time": [0.0, 2.6667],
            "transform": [
                [0.946425, -0.296875, 0.127057, -0.125006, -0.150109, -0.752824, -0.640877, -0.002831, 0.285912, 0.58747, -0.757056, -1.2e-05, 0.0, 0.0, 0.0, 1.0],
                [0.946425, -0.296875, 0.127057, -0.125006, -0.150109, -0.752824, -0.640877, -0.002831, 0.285912, 0.58747, -0.757056, -1.2e-05, 0.0, 0.0, 0.0, 1.0]
            ]
        },
        {
            "name": "Leg_L",
            "time": [0.0, 2.6667],
            "transform": [
                [1.0, -1e-06, 1e-06, 0.0, -0.0, 0.646314, 0.763071, 0.374726, -1e-06, -0.763071, 0.646314, 0.0, 0.0, 0.0, 0.0, 1.0],
                [1.0, -1e-06, 1e-06, 0.0, -0.0, 0.646314, 0.763071, 0.374726, -1e-06, -0.763071, 0.646314, 0.0, 0.0, 0.0, 0.0, 1.0]
            ]
        },
        {
            "name": "Knee_L",
            "time": [0.0, 2.6667],
            "transform": [
                [1.0, 0.0, -0.0, 0.0, -0.0, 0.00567, -0.999984, 0.409717, -0.0, 0.999984, 0.00567, -0.000198, 0.0, 0.0, 0.0, 1.0],
                [1.0, 0.0, -0.0, 0.0, -0.0, 0.00567, -0.999984, 0.409717, -0.0, 0.999984, 0.00567, -0.000198, 0.0, 0.0, 0.0, 1.0]
            ]
        },
        {
            "name": "Torso",
            "time": [0.0, 2.6667],
            "transform": [
                [1.0, 0.0, 0.0, 0.0, 0.0, 0.683728, 0.729737, 0.05, 0.0, -0.729738, 0.683728, 0.0, 0.0, 0.0, 0.0, 1.0],
                [1.0, 0.0, 0.0, 0.0, 0.0, 0.683728, 0.729737, 0.05, 0.0, -0.729738, 0.683728, 0.0, 0.0, 0.0, 0.0, 1.0]
            ]
        },
        {
            "name": "Chest",
            "time": [0.0, 2.6667],
            "transform": [
                [1.0, 0.0, 0.0, 0.0, 0.0, 0.801188, 0.598413, 0.3, 0.0, -0.598413, 0.801188, 0.0, 0.0, 0.0, 0.0, 1.0],
                [1.0, 0.0, 0.0, 0.0, 0.0, 0.801188, 0.598413, 0.3, 0.0, -0.598413, 0.801188, 0.0, 0.0, 0.0, 0.0, 1.0]
            ]
        },
        {
            "name": "Head",
            "time": [0.0, 2.6667],
            "transform": [
                [1.0, 0.0, 0.0, 0.0, 0.0, 0.387788, -0.921748, 0.4, 0.0, 0.921749, 0.387788, -0.0, 0.0, 0.0, 0.0, 1.0],
                [1.0, 0.0, 0.0, 0.0, 0.0, 0.387788, -0.921748, 0.4, 0.0, 0.921749, 0.387788, -0.0, 0.0, 0.0, 0.0, 1.0]
            ]
        },
        {
            "name": "Shoulder_R",
            "time": [0.0, 2.6667],
            "transform": [
                [0.0, 0.952114, 0.305743, 0.0, 0.0, -0.305743, 0.952114, 0.4, 1.0, 0.0, -0.0, -0.0, 0.0, 0.0, 0.0, 1.0],
                [0.0, 0.952114, 0.305743, 0.0, 0.0, -0.305743, 0.952114, 0.4, 1.0, 0.0, -0.0, -0.0, 0.0, 0.0, 0.0, 1.0]
            ]
        },
        {
            "name": "Arm_R",
            "time": [0.0, 2.6667],
            "transform": [
                [0.0, -0.110573, 0.993868, -0.0, 0.952114, -0.303868, -0.033807, 0.393861, 0.305743, 0.946276, 0.105278, -0.0, 0.0, 0.0, 0.0, 1.0],
                [-5e-06, -0.243589, 0.969879, -0.0, 0.952115, -0.296534, -0.074471, 0.393861, 0.305742, 0.923435, 0.231926, -0.0, 0.0, 0.0, 0.0, 1.0]
            ]
        },
        {
            "name": "Hand_R",
            "time": [0.0, 2.6667],
            "transform": [
                [1.0, -1e-06, 0.0, -0.0, 1e-06, 0.971188, -0.238318, 0.300002, 0.0, 0.238318, 0.971188, 0.0, 0.0, 0.0, 0.0, 1.0],
                [1.0, -1e-06, 0.0, 0.0, 1e-06, 0.989415, -0.145114, 0.300003, -0.0, 0.145114, 0.989415, 0.0, 0.0, 0.0, 0.0, 1.0]
            ]
        },
        {
            "name": "Tool_R",
            "time": [0.0, 2.6667],
            "transform": [
                [1.0, -0.0, 0.0, 0.0, 0.0, -0.999559, -0.029689, 0.271711, 0.0, 0.029689, -0.99956, -0.028915, 0.0, 0.0, 0.0, 1.0],
                [1.0, -0.0, 0.0, 0.0, 0.0, -0.999559, -0.029689, 0.271711, 0.0, 0.029689, -0.99956, -0.028915, 0.0, 0.0, 0.0, 1.0]
            ]
        },
        {
            "name": "Elbow_R",
            "time": [0.0, 2.6667],
            "transform": [
                [-1.0, 0.0, -0.0, -0.0, 0.0, 0.003946, -0.999992, 0.321748, -0.0, -0.999992, -0.003946, -0.001166, 0.0, 0.0, 0.0, 1.0],
                [-1.0, 0.0, -0.0, -0.0, 0.0, 0.003946, -0.999992, 0.312845, -0.0, -0.999992, -0.003946, -0.001201, 0.0, 0.0, 0.0, 1.0]
            ]
        },
        {
            "name": "Shoulder_L",
            "time": [0.0, 2.6667],
            "transform": [
                [-0.0, -0.952114, -0.305743, 0.0, 0.0, -0.305743, 0.952114, 0.4, -1.0, 0.0, 0.0, -0.0, 0.0, 0.0, 0.0, 1.0],
                [-0.0, -0.952114, -0.305743, 0.0, 0.0, -0.305743, 0.952114, 0.4, -1.0, 0.0, 0.0, -0.0, 0.0, 0.0, 0.0, 1.0]
            ]
        },
        {
            "name": "Arm_L",
            "time": [0.0, 2.6667],
            "transform": [
                [0.141848, 0.979863, 0.14052, 0.0, -0.93521, 0.179182, -0.305411, 0.39386, -0.32444, -0.088094, 0.941795, -0.0, 0.0, 0.0, 0.0, 1.0],
                [0.141848, 0.979863, 0.14052, 0.0, -0.93521, 0.179182, -0.305411, 0.39386, -0.32444, -0.088094, 0.941795, -0.0, 0.0, 0.0, 0.0, 1.0]
            ]
        },
        {
            "name": "Hand_L",
            "time": [0.0, 2.6667],
            "transform": [
                [1.0, -0.0, 0.0, 0.0, 0.0, 0.984298, -0.176517, 0.300003, -0.0, 0.176517, 0.984298, -0.0, 0.0, 0.0, 0.0, 1.0],
                [1.0, -0.0, 0.0, 0.0, 0.0, 0.984298, -0.176517, 0.300003, -0.0, 0.176517, 0.984298, -0.0, 0.0, 0.0, 0.0, 1.0]
            ]
        },
        {
            "name": "Tool_L",
            "time": [0.0, 2.6667],
            "transform": [
                [1.0, -0.0, 0.0, -0.0, -0.0, -0.999559, -0.029689, 0.271711, 0.0, 0.029689, -0.99956, -0.028915, 0.0, 0.0, 0.0, 1.0],
                [1.0, -0.0, 0.0, -0.0, -0.0, -0.999559, -0.029689, 0.271711, 0.0, 0.029689, -0.99956, -0.028915, 0.0, 0.0, 0.0, 1.0]
            ]
        },
        {
            "name": "Elbow_L",
            "time": [0.0, 2.6667],
            "transform": [
                [-1.0, 0.0, -0.0, -0.0, 0.0, 0.003946, -0.999992, 0.315827, -0.0, -0.999993, -0.003946, -0.00119, 0.0, 0.0, 0.0, 1.0],
                [-1.0, 0.0, -0.0, -0.0, 0.0, 0.003946, -0.999992, 0.315827, -0.0, -0.999993, -0.003946, -0.00119, 0.0, 0.0, 0.0, 1.0]
            ]
        }
    ]
}