{
    "animation": [
        {
            "name": "Root",
            "time": [0.0, 2.6667],
            "transform": [
                [1.0, 0.0, 0.0, -5e-06, 0.0, 0.0, -1.0, 0.000946, 0.0, 1.0, 0.0, 0.667154, 0.0, 0.0, 0.0, 1.0],
                [1.0, 0.0, 0.0, -5e-06, 0.0, 0.0, -1.0, 0.000946, 0.0, 1.0, 0.0, 0.667154, 0.0, 0.0, 0.0, 1.0]
            ]
        },
        {
            "name": "Thigh_R",
            "time": [0.0, 2.6667],
            "transform": [
                [0.946586, 0.175363, 0.270596, 0.124994, 0.113539, -0.966707, 0.229311, -0.002831, 0.3018, -0.186339, -0.934984, -1.2e-05, 0.0, 0.0, 0.0, 1.0],
                [0.946586, 0.175363, 0.270596, 0.124994, 0.113539, -0.966707, 0.229311, -0.002831, 0.3018, -0.186339, -0.934984, -1.2e-05, 0.0, 0.0, 0.0, 1.0]
            ]
        },
        {
            "name": "Leg_R",
            "time": [0.0, 2.6667],
            "transform": [
                [1.0, -0.0, 1e-06, 0.0, -0.0, 0.923656, 0.383229, 0.374726, -1e-06, -0.38323, 0.923651, 0.0, 0.0, 0.0, 0.0, 1.0],
                [1.0, -0.0, 1e-06, 0.0, -0.0, 0.923656, 0.383229, 0.374726, -1e-06, -0.38323, 0.923651, 0.0, 0.0, 0.0, 0.0, 1.0]
            ]
        },
        {
            "name": "Knee_R",
            "time": [0.0, 2.6667],
            "transform": [
                [1.0, 0.0, -0.0, 0.0, -0.0, 0.00567, -0.999984, 0.374726, -0.0, 0.999984, 0.00567, 0.0, 0.0, 0.0, 0.0, 1.0],
                [1.0, 0.0, -0.0, 0.0, -0.0, 0.00567, -0.999984, 0.374726, -0.0, 0.999984, 0.00567, 0.0, 0.0, 0.0, 0.0, 1.0]
            ]
        },
        {
            "name": "Thigh_L",
            "time": [0.0, 2.6667],
            "transform": [
                [0.973212, -0.200174, -0.113086, -0.125006, -0.180755, -0.970146, 0.161689, -0.002831, -0.142076, -0.136917, -0.980341, -1.2e-05, 0.0, 0.0, 0.0, 1.0],
                [0.973212, -0.200174, -0.113086, -0.125006, -0.180755, -0.970146, 0.161689, -0.002831, -0.142076, -0.136917, -0.980341, -1.2e-05, 0.0, 0.0, 0.0, 1.0]
            ]
        },
        {
            "name": "Leg_L",
            "time": [0.0, 2.6667],
            "transform": [
                [1.0, -0.0, 1e-06, -0.0, -0.0, 0.961764, 0.27388, 0.374726, -1e-06, -0.27388, 0.961764, -0.0, 0.0, 0.0, 0.0, 1.0],
                [1.0, -0.0, 1e-06, -0.0, -0.0, 0.961764, 0.27388, 0.374726, -1e-06, -0.27388, 0.961764, -0.0, 0.0, 0.0, 0.0, 1.0]
            ]
        },
        {
            "name": "Knee_L",
            "time": [0.0, 2.6667],
            "transform": [
                [1.0, 0.0, -0.0, -0.0, -0.0, 0.00567, -0.999984, 0.374726, -0.0, 0.999984, 0.00567, -0.0, 0.0, 0.0, 0.0, 1.0],
                [1.0, 0.0, -0.0, -0.0, -0.0, 0.00567, -0.999984, 0.374726, -0.0, 0.999984, 0.00567, -0.0, 0.0, 0.0, 0.0, 1.0]
            ]
        },
        {
            "name": "Torso",
            "time": [0.0, 2.6667],
            "transform": [
                [1.0, 0.0, 0.0, 0.0, 0.0, 0.999086, -0.042756, 0.05, 0.0, 0.042756, 0.999086, 0.0, 0.0, 0.0, 0.0, 1.0],
                [1.0, 0.0, 0.0, 0.0, 0.0, 0.999086, -0.042756, 0.05, 0.0, 0.042756, 0.999086, 0.0, 0.0, 0.0, 0.0, 1.0]
            ]
        },
        {
            "name": "Chest",
            "time": [0.0, 2.6667],
            "transform": [
                [1.0, 0.0, 0.0, 0.0, 0.0, 0.992286, 0.12397, 0.3, 0.0, -0.12397, 0.992286, -0.0, 0.0, 0.0, 0.0, 1.0],
                [1.0, 0.0, 0.0, 0.0, 0.0, 0.992286, 0.12397, 0.3, 0.0, -0.12397, 0.992286, -0.0, 0.0, 0.0, 0.0, 1.0]
            ]
        },
        {
            "name": "Head",
            "time": [0.0, 2.6667],
            "transform": [
                [1.0, 0.0, 0.0, 0.0, 0.0, 0.98073, 0.195367, 0.4, 0.0, -0.195367, 0.98073, -0.0, 0.0, 0.0, 0.0, 1.0],
                [1.0, 0.0, 0.0, 0.0, 0.0, 0.98073, 0.195367, 0.4, 0.0, -0.195367, 0.98073, -0.0, 0.0, 0.0, 0.0, 1.0]
            ]
        },
        {
            "name": "Shoulder_R",
            "time": [0.0, 2.6667],
            "transform": [
                [0.0, 0.952114, 0.305743, 0.0, 0.0, -0.305743, 0.952114, 0.4, 1.0, 0.0, -0.0, -0.0, 0.0, 0.0, 0.0, 1.0],
                [0.0, 0.952114, 0.305743, 0.0, 0.0, -0.305743, 0.952114, 0.4, 1.0, 0.0, -0.0, -0.0, 0.0, 0.0, 0.0, 1.0]
            ]
        },
        {
            "name": "Arm_R",
            "time": [0.0, 2.6667],
            "transform": [
                [0.552669, -0.821984, -0.137478, 0.0, 0.661243, 0.532901, -0.527992, 0.393861, 0.507263, 0.200898, 0.838048, -0.0, 0.0, 0.0, 0.0, 1.0],
                [0.552669, -0.821984, -0.137478, 0.0, 0.661243, 0.532901, -0.527992, 0.393861, 0.507263, 0.200898, 0.838048, -0.0, 0.0, 0.0, 0.0, 1.0]
            ]
        },
        {
            "name": "Hand_R",
            "time": [0.0, 2.6667],
            "transform": [
                [1.0, -1e-06, 0.0, 0.0, 1e-06, 0.984161, -0.177279, 0.300003, 0.0, 0.177278, 0.984161, -0.0, 0.0, 0.0, 0.0, 1.0],
                [1.0, -1e-06, 0.0, 0.0, 1e-06, 0.984161, -0.177279, 0.300003, 0.0, 0.177278, 0.984161, -0.0, 0.0, 0.0, 0.0, 1.0]
            ]
        },
        {
            "name": "Tool_R",
            "time": [0.0, 2.6667],
            "transform": [
                [1.0, 0.0, 0.0, -0.0, -0.0, -0.999559, -0.029689, 0.271711, 0.0, 0.029689, -0.99956, -0.028915, 0.0, 0.0, 0.0, 1.0],
                [1.0, 0.0, 0.0, -0.0, -0.0, -0.999559, -0.029689, 0.271711, 0.0, 0.029689, -0.99956, -0.028915, 0.0, 0.0, 0.0, 1.0]
            ]
        },
        {
            "name": "Elbow_R",
            "time": [0.0, 2.6667],
            "transform": [
                [-1.0, 0.0, -0.0, -0.0, -0.0, 0.003946, -0.999992, 0.315899, -0.0, -0.999992, -0.003946, -0.00119, 0.0, 0.0, 0.0, 1.0],
                [-1.0, 0.0, -0.0, -0.0, -0.0, 0.003946, -0.999992, 0.315899, -0.0, -0.999992, -0.003946, -0.00119, 0.0, 0.0, 0.0, 1.0]
            ]
        },
        {
            "name": "Shoulder_L",
            "time": [0.0, 2.6667],
            "transform": [
                [-0.0, -0.952114, -0.305743, 0.0, 0.0, -0.305743, 0.952114, 0.4, -1.0, 0.0, 0.0, -0.0, 0.0, 0.0, 0.0, 1.0],
                [-0.0, -0.952114, -0.305743, 0.0, 0.0, -0.305743, 0.952114, 0.4, -1.0, 0.0, 0.0, -0.0, 0.0, 0.0, 0.0, 1.0]
            ]
        },
        {
            "name": "Arm_L",
            "time": [0.0, 2.6667],
            "transform": [
                [0.543356, 0.830488, 0.122686, -0.0, -0.670439, 0.517228, -0.531964, 0.39386, -0.505247, 0.206792, 0.837832, 0.0, 0.0, 0.0, 0.0, 1.0],
                [0.543356, 0.830488, 0.122686, -0.0, -0.670439, 0.517228, -0.531964, 0.39386, -0.505247, 0.206792, 0.837832, 0.0, 0.0, 0.0, 0.0, 1.0]
            ]
        },
        {
            "name": "Hand_L",
            "time": [0.0, 2.6667],
            "transform": [
                [1.0, 0.0, 0.0, 0.0, -0.0, 0.988407, -0.151829, 0.300003, 0.0, 0.151829, 0.988407, -0.0, 0.0, 0.0, 0.0, 1.0],
                [1.0, 0.0, 0.0, 0.0, -0.0, 0.988407, -0.151829, 0.300003, 0.0, 0.151829, 0.988407, -0.0, 0.0, 0.0, 0.0, 1.0]
            ]
        },
        {
            "name": "Tool_L",
            "time": [0.0, 2.6667],
            "transform": [
                [1.0, 0.0, 0.0, 0.0, -0.0, -0.999559, -0.029689, 0.271711, 0.0, 0.029689, -0.99956, -0.028915, 0.0, 0.0, 0.0, 1.0],
                [1.0, 0.0, 0.0, 0.0, -0.0, -0.999559, -0.029689, 0.271711, 0.0, 0.029689, -0.99956, -0.028915, 0.0, 0.0, 0.0, 1.0]
            ]
        },
        {
            "name": "Elbow_L",
            "time": [0.0, 2.6667],
            "transform": [
                [-1.0, 0.0, -0.0, 0.0, 0.0, 0.003946, -0.999992, 0.313482, -0.0, -0.999992, -0.003946, -0.001199, 0.0, 0.0, 0.0, 1.0],
                [-1.0, 0.0, -0.0, 0.0, 0.0, 0.003946, -0.999992, 0.313482, -0.0, -0.999992, -0.003946, -0.001199, 0.0, 0.0, 0.0, 1.0]
            ]
        }
    ]
}