{
    "animation": [
        {
            "name": "Root",
            "time": [0.0, 1.3333, 2.6667],
            "transform": [
                [0.96147, 0.0, -0.274909, 0.007086, -0.274909, 0.0, -0.96147, -0.000776, 0.0, 1.0, 0.0, 0.621073, 0.0, 0.0, 0.0, 1.0],
                [0.96147, 0.0, -0.274909, 0.007086, -0.274909, 0.0, -0.96147, -0.000776, 0.0, 1.0, 0.0, 0.621073, 0.0, 0.0, 0.0, 1.0],
                [0.96147, 0.0, -0.274909, 0.007086, -0.274909, 0.0, -0.96147, -0.000776, 0.0, 1.0, 0.0, 0.621073, 0.0, 0.0, 0.0, 1.0]
            ]
        },
        {
            "name": "Thigh_R",
            "time": [0.0, 1.3333, 2.6667],
            "transform": [
                [0.81585, 0.4274, 0.389508, 0.124994, 0.315635, -0.89353, 0.319338, -0.002831, 0.484522, -0.137589, -0.863891, -1.2e-05, 0.0, 0.0, 0.0, 1.0],
                [0.81585, 0.4274, 0.389508, 0.124994, 0.315635, -0.89353, 0.319338, -0.002831, 0.484522, -0.137589, -0.863891, -1.2e-05, 0.0, 0.0, 0.0, 1.0],
                [0.81585, 0.4274, 0.389508, 0.124994, 0.315635, -0.89353, 0.319338, -0.002831, 0.484522, -0.137589, -0.863891, -1.2e-05, 0.0, 0.0, 0.0, 1.0]
            ]
        },
        {
            "name": "Leg_R",
            "time": [0.0, 1.3333, 2.6667],
            "transform": [
                [1.0, -0.0, 1e-06, -0.0, -0.0, 0.851499, 0.524359, 0.374726, -1e-06, -0.524361, 0.851494, 0.0, 0.0, 0.0, 0.0, 1.0],
                [1.0, -0.0, 1e-06, -0.0, -0.0, 0.851499, 0.524359, 0.374726, -1e-06, -0.524361, 0.851494, 0.0, 0.0, 0.0, 0.0, 1.0],
                [1.0, -0.0, 1e-06, -0.0, -0.0, 0.851499, 0.524359, 0.374726, -1e-06, -0.524361, 0.851494, 0.0, 0.0, 0.0, 0.0, 1.0]
            ]
        },
        {
            "name": "Knee_R",
            "time": [0.0, 2.6667],
            "transform": [
                [1.0, 0.0, -0.0, 0.0, -0.0, 0.00567, -0.999984, 0.376515, -0.0, 0.999984, 0.00567, -1e-05, 0.0, 0.0, 0.0, 1.0],
                [1.0, 0.0, -0.0, 0.0, -0.0, 0.00567, -0.999984, 0.376515, -0.0, 0.999984, 0.00567, -1e-05, 0.0, 0.0, 0.0, 1.0]
            ]
        },
        {
            "name": "Thigh_L",
            "time": [0.0, 1.3333, 2.6667],
            "transform": [
                [0.895233, -0.335098, -0.293712, -0.125006, -0.122865, -0.819219, 0.560164, -0.002831, -0.428324, -0.46539, -0.774564, -1.2e-05, 0.0, 0.0, 0.0, 1.0],
                [0.895233, -0.335098, -0.293712, -0.125006, -0.122865, -0.819219, 0.560164, -0.002831, -0.428324, -0.46539, -0.774564, -1.2e-05, 0.0, 0.0, 0.0, 1.0],
                [0.895233, -0.335098, -0.293712, -0.125006, -0.122865, -0.819219, 0.560164, -0.002831, -0.428324, -0.46539, -0.774564, -1.2e-05, 0.0, 0.0, 0.0, 1.0]
            ]
        },
        {
            "name": "Leg_L",
            "time": [0.0, 1.3333, 2.6667],
            "transform": [
                [1.0, -0.0, 1e-06, 0.0, -0.0, 0.899759, 0.436386, 0.374726, -1e-06, -0.436386, 0.899759, 0.0, 0.0, 0.0, 0.0, 1.0],
                [1.0, -0.0, 1e-06, 0.0, -0.0, 0.899759, 0.436386, 0.374726, -1e-06, -0.436386, 0.899759, 0.0, 0.0, 0.0, 0.0, 1.0],
                [1.0, -0.0, 1e-06, 0.0, -0.0, 0.899759, 0.436386, 0.374726, -1e-06, -0.436386, 0.899759, 0.0, 0.0, 0.0, 0.0, 1.0]
            ]
        },
        {
            "name": "Knee_L",
            "time": [0.0, 2.6667],
            "transform": [
                [1.0, 0.0, -0.0, -0.0, -0.0, 0.00567, -0.999984, 0.374726, -0.0, 0.999984, 0.00567, 0.0, 0.0, 0.0, 0.0, 1.0],
                [1.0, 0.0, -0.0, -0.0, -0.0, 0.00567, -0.999984, 0.374726, -0.0, 0.999984, 0.00567, 0.0, 0.0, 0.0, 0.0, 1.0]
            ]
        },
        {
            "name": "Torso",
            "time": [0.0, 1.3333, 2.6667],
            "transform": [
                [0.996199, 0.056282, -0.066484, 0.0, -0.068183, 0.978819, -0.193043, 0.05, 0.054211, 0.196842, 0.978935, 0.0, 0.0, 0.0, 0.0, 1.0],
                [0.996199, 0.056282, -0.066484, 0.0, -0.068183, 0.978819, -0.193043, 0.05, 0.054211, 0.196842, 0.978935, 0.0, 0.0, 0.0, 0.0, 1.0],
                [0.996199, 0.056282, -0.066484, 0.0, -0.068183, 0.978819, -0.193043, 0.05, 0.054211, 0.196842, 0.978935, 0.0, 0.0, 0.0, 0.0, 1.0]
            ]
        },
        {
            "name": "Chest",
            "time": [0.0, 1.3333, 2.6667],
            "transform": [
                [0.993303, -0.11397, -0.01896, -0.0, 0.11397, 0.939623, 0.322675, 0.3, -0.01896, -0.322675, 0.94632, 0.0, 0.0, 0.0, 0.0, 1.0],
                [0.991158, -0.130303, -0.025033, -0.0, 0.130303, 0.920283, 0.368917, 0.3, -0.025033, -0.368917, 0.929125, 0.0, 0.0, 0.0, 0.0, 1.0],
                [0.993303, -0.11397, -0.01896, -0.0, 0.11397, 0.939623, 0.322675, 0.3, -0.01896, -0.322675, 0.94632, 0.0, 0.0, 0.0, 0.0, 1.0]
            ]
        },
        {
            "name": "Head",
            "time": [0.0, 1.3333, 2.6667],
            "transform": [
                [0.933536, 0.0, 0.358483, 0.0, 0.0, 1.0, -0.0, 0.4, -0.358483, 0.0, 0.933536, -0.0, 0.0, 0.0, 0.0, 1.0],
                [0.933536, 0.0, 0.358483, -0.0, 0.0, 1.0, -0.0, 0.4, -0.358483, 0.0, 0.933536, 0.0, 0.0, 0.0, 0.0, 1.0],
                [0.933536, 0.0, 0.358483, 0.0, 0.0, 1.0, -0.0, 0.4, -0.358483, 0.0, 0.933536, -0.0, 0.0, 0.0, 0.0, 1.0]
            ]
        },
        {
            "name": "Shoulder_R",
            "time": [0.0, 1.3333, 2.6667],
            "transform": [
                [0.0, 0.952114, 0.305743, 0.0, 0.0, -0.305743, 0.952114, 0.4, 1.0, -0.0, -0.0, -0.0, 0.0, 0.0, 0.0, 1.0],
                [0.0, 0.952114, 0.305743, -0.0, 0.0, -0.305743, 0.952114, 0.4, 1.0, 0.0, -0.0, 0.0, 0.0, 0.0, 0.0, 1.0],
                [0.0, 0.952114, 0.305743, 0.0, 0.0, -0.305743, 0.952114, 0.4, 1.0, -0.0, -0.0, -0.0, 0.0, 0.0, 0.0, 1.0]
            ]
        },
        {
            "name": "Arm_R",
            "time": [0.0, 1.3333, 2.6667],
            "transform": [
                [0.807335, -0.484392, 0.337008, -0.0, 0.574615, 0.775283, -0.26221, 0.393861, -0.134264, 0.405341, 0.904252, -0.0, 0.0, 0.0, 0.0, 1.0],
                [0.829443, -0.431059, 0.355265, 0.0, 0.528995, 0.810433, -0.25172, 0.39386, -0.179412, 0.396721, 0.900235, 0.0, 0.0, 0.0, 0.0, 1.0],
                [0.807335, -0.484392, 0.337008, -0.0, 0.574615, 0.775283, -0.26221, 0.393861, -0.134264, 0.405341, 0.904252, -0.0, 0.0, 0.0, 0.0, 1.0]
            ]
        },
        {
            "name": "Hand_R",
            "time": [0.0, 1.3333, 2.6667],
            "transform": [
                [1.0, -4e-06, 3e-06, -0.0, 4e-06, 0.3521, -0.935962, 0.300003, 3e-06, 0.935962, 0.3521, 0.0, 0.0, 0.0, 0.0, 1.0],
                [1.0, -3e-06, 2e-06, 0.0, 3e-06, 0.333816, -0.942639, 0.300003, 2e-06, 0.942639, 0.333816, 0.0, 0.0, 0.0, 0.0, 1.0],
                [1.0, -4e-06, 3e-06, -0.0, 4e-06, 0.3521, -0.935962, 0.300003, 3e-06, 0.935962, 0.3521, 0.0, 0.0, 0.0, 0.0, 1.0]
            ]
        },
        {
            "name": "Tool_R",
            "time": [0.0, 1.3333, 2.6667],
            "transform": [
                [0.961897, 0.250599, -0.109334, 0.0, 0.272774, -0.90687, 0.32122, 0.271711, -0.018654, -0.338804, -0.940673, -0.028915, 0.0, 0.0, 0.0, 1.0],
                [0.961897, 0.250599, -0.109334, -0.0, 0.272774, -0.90687, 0.32122, 0.271711, -0.018654, -0.338804, -0.940673, -0.028915, 0.0, 0.0, 0.0, 1.0],
                [0.961897, 0.250599, -0.109334, 0.0, 0.272774, -0.90687, 0.32122, 0.271711, -0.018654, -0.338804, -0.940673, -0.028915, 0.0, 0.0, 0.0, 1.0]
            ]
        },
        {
            "name": "Elbow_R",
            "time": [0.0, 2.6667],
            "transform": [
                [-1.0, 0.0, -0.0, -0.0, 0.0, 0.003946, -0.999992, 0.412679, -0.0, -0.999992, -0.003946, -0.000808, 0.0, 0.0, 0.0, 1.0],
                [-1.0, 0.0, -0.0, -0.0, 0.0, 0.003946, -0.999992, 0.412679, -0.0, -0.999992, -0.003946, -0.000808, 0.0, 0.0, 0.0, 1.0]
            ]
        },
        {
            "name": "Shoulder_L",
            "time": [0.0, 1.3333, 2.6667],
            "transform": [
                [-0.0, -0.952114, -0.305743, 0.0, 0.0, -0.305743, 0.952114, 0.4, -1.0, 0.0, 0.0, -0.0, 0.0, 0.0, 0.0, 1.0],
                [-0.0, -0.952114, -0.305743, -0.0, 0.0, -0.305743, 0.952114, 0.4, -1.0, 0.0, 0.0, 0.0, 0.0, 0.0, 0.0, 1.0],
                [-0.0, -0.952114, -0.305743, 0.0, 0.0, -0.305743, 0.952114, 0.4, -1.0, 0.0, 0.0, -0.0, 0.0, 0.0, 0.0, 1.0]
            ]
        },
        {
            "name": "Arm_L",
            "time": [0.0, 1.3333, 2.6667],
            "transform": [
                [-0.05552, -0.173603, 0.983249, -0.0, -0.815492, 0.576084, 0.055667, 0.39386, -0.576099, -0.798741, -0.173556, 0.0, 0.0, 0.0, 0.0, 1.0],
                [-0.03791, -0.209585, 0.977055, 0.0, -0.808151, 0.581525, 0.093385, 0.39386, -0.587754, -0.786067, -0.191422, -0.0, 0.0, 0.0, 0.0, 1.0],
                [-0.05552, -0.173603, 0.983249, -0.0, -0.815492, 0.576084, 0.055667, 0.39386, -0.576099, -0.798741, -0.173556, 0.0, 0.0, 0.0, 0.0, 1.0]
            ]
        },
        {
            "name": "Hand_L",
            "time": [0.0, 1.3333, 2.6667],
            "transform": [
                [1.0, -0.0, 0.0, 0.0, 1e-06, 0.92251, -0.385973, 0.300002, 0.0, 0.385973, 0.92251, -0.0, 0.0, 0.0, 0.0, 1.0],
                [1.0, -1e-06, 0.0, -0.0, 1e-06, 0.867116, -0.498107, 0.300003, 0.0, 0.498107, 0.867115, 0.0, 0.0, 0.0, 0.0, 1.0],
                [1.0, -0.0, 0.0, 0.0, 1e-06, 0.92251, -0.385973, 0.300002, 0.0, 0.385973, 0.92251, -0.0, 0.0, 0.0, 0.0, 1.0]
            ]
        },
        {
            "name": "Tool_L",
            "time": [0.0, 1.3333, 2.6667],
            "transform": [
                [1.0, 0.0, 0.0, -0.0, 0.0, -0.999559, -0.029689, 0.271711, 0.0, 0.029689, -0.999559, -0.028915, 0.0, 0.0, 0.0, 1.0],
                [1.0, 0.0, 0.0, -0.0, -0.0, -0.999559, -0.029689, 0.271711, 0.0, 0.029689, -0.99956, -0.028915, 0.0, 0.0, 0.0, 1.0],
                [1.0, 0.0, 0.0, -0.0, 0.0, -0.999559, -0.029689, 0.271711, 0.0, 0.029689, -0.999559, -0.028915, 0.0, 0.0, 0.0, 1.0]
            ]
        },
        {
            "name": "Elbow_L",
            "time": [0.0, 2.6667],
            "transform": [
                [-1.0, 0.0, -0.0, -0.0, 0.0, 0.003946, -0.999992, 0.336332, -0.0, -0.999992, -0.003946, -0.001109, 0.0, 0.0, 0.0, 1.0],
                [-1.0, 0.0, -0.0, -0.0, 0.0, 0.003946, -0.999992, 0.336332, -0.0, -0.999992, -0.003946, -0.001109, 0.0, 0.0, 0.0, 1.0]
            ]
        }
    ]
}