{
    "animation": [
        {
            "name": "Root",
            "time": [0.0, 0.6667, 1.0, 1.6667, 3.3333, 4.0],
            "transform": [
                [0.999454, 0.017044, -0.028292, 0.003291, -0.017206, 0.999837, -0.00549, 0.12014, 0.028193, 0.005974, 0.999585, 0.125927, 0.0, 0.0, 0.0, 1.0],
                [0.999454, 0.017044, -0.028292, 0.003291, -0.026794, 0.919241, -0.392781, 0.0868, 0.019312, 0.393325, 0.919197, 0.290169, 0.0, 0.0, 0.0, 1.0],
                [0.999454, 0.017044, -0.028292, 0.003291, -0.026794, 0.919241, -0.392781, 0.0868, 0.019312, 0.393325, 0.919197, 0.290169, 0.0, 0.0, 0.0, 1.0],
                [0.999454, 0.017044, -0.028292, 0.003291, -0.029017, 0.862255, -0.505642, 0.076893, 0.015777, 0.506187, 0.862279, 0.338972, 0.0, 0.0, 0.0, 1.0],
                [0.999454, 0.017044, -0.028292, 0.003291, -0.027681, -0.035074, -0.999001, -0.008457, -0.018019, 0.999239, -0.034583, 0.686465, 0.0, 0.0, 0.0, 1.0],
                [0.999454, 0.017044, -0.028292, 0.003291, -0.027681, -0.035074, -0.999001, -0.008457, -0.018019, 0.999239, -0.034583, 0.686465, 0.0, 0.0, 0.0, 1.0]
            ]
        },
        {
            "name": "Thigh_R",
            "time": [0.0, 0.6667, 1.0, 1.6667, 3.3333, 4.0],
            "transform": [
                [0.967092, 0.232032, 0.104371, 0.124994, 0.202792, -0.950718, 0.234539, -0.002831, 0.153648, -0.205655, -0.966488, -1.2e-05, 0.0, 0.0, 0.0, 1.0],
                [0.946208, 0.323095, -0.017279, 0.124994, 0.263858, -0.739612, 0.619154, -0.002831, 0.187266, -0.590407, -0.78508, -1.2e-05, 0.0, 0.0, 0.0, 1.0],
                [0.946208, 0.323095, -0.017279, 0.124994, 0.263858, -0.739612, 0.619154, -0.002831, 0.187266, -0.590407, -0.78508, -1.2e-05, 0.0, 0.0, 0.0, 1.0],
                [0.998133, -0.007588, 0.060599, 0.124994, -0.03048, 0.797946, 0.601955, -0.002831, -0.052923, -0.602677, 0.796227, -1.2e-05, 0.0, 0.0, 0.0, 1.0],
                [0.967092, 0.232032, 0.104372, 0.124994, 0.202792, -0.950718, 0.234538, -0.002831, 0.153649, -0.205654, -0.966488, -1.2e-05, 0.0, 0.0, 0.0, 1.0],
                [0.967092, 0.232032, 0.104372, 0.124994, 0.202792, -0.950718, 0.234538, -0.002831, 0.153649, -0.205654, -0.966488, -1.2e-05, 0.0, 0.0, 0.0, 1.0]
            ]
        },
        {
            "name": "Leg_R",
            "time": [0.0, 0.6667, 1.0, 1.6667, 3.3333, 4.0],
            "transform": [
                [1.0, -0.0, 1e-06, 0.0, -0.0, 0.918362, 0.395746, 0.374726, -1e-06, -0.395747, 0.918357, 0.0, 0.0, 0.0, 0.0, 1.0],
                [1.0, -1e-06, 0.0, -0.0, -0.0, 0.182158, 0.983268, 0.374726, -1e-06, -0.98327, 0.182157, -0.0, 0.0, 0.0, 0.0, 1.0],
                [1.0, -1e-06, 0.0, -0.0, -0.0, 0.182158, 0.983268, 0.374726, -1e-06, -0.98327, 0.182157, -0.0, 0.0, 0.0, 0.0, 1.0],
                [1.0, -1e-06, 0.0, 0.0, -0.0, 0.155346, 0.987859, 0.374726, -1e-06, -0.98786, 0.155345, 0.0, 0.0, 0.0, 0.0, 1.0],
                [1.0, -0.0, 1e-06, 0.0, -0.0, 0.918363, 0.395743, 0.374726, -1e-06, -0.395744, 0.918358, -0.0, 0.0, 0.0, 0.0, 1.0],
                [1.0, -0.0, 1e-06, 0.0, -0.0, 0.918363, 0.395743, 0.374726, -1e-06, -0.395744, 0.918358, -0.0, 0.0, 0.0, 0.0, 1.0]
            ]
        },
        {
            "name": "Knee_R",
            "time": [0.0, 4.0],
            "transform": [
                [1.0, 0.0, -0.0, 0.0, -0.0, 0.00567, -0.999984, 0.374726, -0.0, 0.999984, 0.00567, 0.0, 0.0, 0.0, 0.0, 1.0],
                [1.0, 0.0, -0.0, 0.0, -0.0, 0.00567, -0.999984, 0.374726, -0.0, 0.999984, 0.00567, 0.0, 0.0, 0.0, 0.0, 1.0]
            ]
        },
        {
            "name": "Thigh_L",
            "time": [0.0, 0.6667, 1.0, 1.6667, 3.3333, 4.0],
            "transform": [
                [0.980308, -0.176264, -0.089029, -0.125006, -0.150002, -0.957898, 0.244804, -0.002831, -0.128431, -0.226629, -0.965476, -1.2e-05, 0.0, 0.0, 0.0, 1.0],
                [0.867639, -0.444605, -0.222547, -0.125006, -0.198109, -0.719689, 0.665433, -0.002831, -0.45602, -0.533267, -0.712511, -1.2e-05, 0.0, 0.0, 0.0, 1.0],
                [0.867639, -0.444605, -0.222547, -0.125006, -0.198109, -0.719689, 0.665433, -0.002831, -0.45602, -0.533267, -0.712511, -1.2e-05, 0.0, 0.0, 0.0, 1.0],
                [0.869119, -0.460209, -0.181213, -0.125006, -0.2057, -0.669517, 0.713746, -0.002831, -0.449798, -0.583055, -0.676555, -1.2e-05, 0.0, 0.0, 0.0, 1.0],
                [0.978054, -0.179872, -0.105145, -0.125006, -0.149482, -0.957347, 0.247267, -0.002831, -0.145136, -0.226123, -0.963225, -1.2e-05, 0.0, 0.0, 0.0, 1.0],
                [0.978054, -0.179872, -0.105145, -0.125006, -0.149482, -0.957347, 0.247267, -0.002831, -0.145136, -0.226123, -0.963225, -1.2e-05, 0.0, 0.0, 0.0, 1.0]
            ]
        },
        {
            "name": "Leg_L",
            "time": [0.0, 0.6667, 1.0, 1.6667, 3.3333, 4.0],
            "transform": [
                [1.0, -0.0, 1e-06, -0.0, -0.0, 0.904589, 0.426284, 0.374726, -1e-06, -0.426284, 0.90459, 0.0, 0.0, 0.0, 0.0, 1.0],
                [1.0, -1e-06, 0.0, 0.0, -0.0, 0.173445, 0.984844, 0.374726, -1e-06, -0.984843, 0.173445, 0.0, 0.0, 0.0, 0.0, 1.0],
                [1.0, -1e-06, 0.0, 0.0, -0.0, 0.173445, 0.984844, 0.374726, -1e-06, -0.984843, 0.173445, 0.0, 0.0, 0.0, 0.0, 1.0],
                [1.0, -1e-06, 0.0, 0.0, -0.0, 0.054552, 0.998511, 0.374726, -1e-06, -0.99851, 0.054552, 0.0, 0.0, 0.0, 0.0, 1.0],
                [1.0, -0.0, 1e-06, 0.0, -0.0, 0.904591, 0.42628, 0.374726, -1e-06, -0.42628, 0.904591, 0.0, 0.0, 0.0, 0.0, 1.0],
                [1.0, -0.0, 1e-06, 0.0, -0.0, 0.904591, 0.42628, 0.374726, -1e-06, -0.42628, 0.904591, 0.0, 0.0, 0.0, 0.0, 1.0]
            ]
        },
        {
            "name": "Knee_L",
            "time": [0.0, 4.0],
            "transform": [
                [1.0, 0.0, -0.0, -0.0, -0.0, 0.00567, -0.999984, 0.374726, -0.0, 0.999984, 0.00567, -0.0, 0.0, 0.0, 0.0, 1.0],
                [1.0, 0.0, -0.0, 0.0, -0.0, 0.00567, -0.999984, 0.374726, -0.0, 0.999984, 0.00567, 0.0, 0.0, 0.0, 0.0, 1.0]
            ]
        },
        {
            "name": "Torso",
            "time": [0.0, 0.6667, 1.0, 1.6667, 3.3333, 4.0],
            "transform": [
                [1.0, -0.0, -0.0, -0.0, -0.0, 1.0, 0.0, 0.05, 0.0, 0.0, 1.0, -0.0, 0.0, 0.0, 0.0, 1.0],
                [0.999929, 0.011118, 0.004202, -0.0, -0.008912, 0.935269, -0.353826, 0.05, -0.007864, 0.353763, 0.935302, -0.0, 0.0, 0.0, 0.0, 1.0],
                [0.999929, 0.011118, 0.004202, -0.0, -0.008912, 0.935269, -0.353826, 0.05, -0.007864, 0.353763, 0.935302, -0.0, 0.0, 0.0, 0.0, 1.0],
                [0.999952, 0.009011, 0.003746, 0.0, -0.007524, 0.956359, -0.292099, 0.05, -0.006215, 0.292057, 0.956381, -0.0, 0.0, 0.0, 0.0, 1.0],
                [0.99996, -0.00698, -0.005625, 0.0, 0.008235, 0.963176, 0.268744, 0.05, 0.003542, -0.26878, 0.963195, 0.0, 0.0, 0.0, 0.0, 1.0],
                [0.99996, -0.00698, -0.005625, 0.0, 0.008235, 0.963176, 0.268744, 0.05, 0.003542, -0.26878, 0.963195, 0.0, 0.0, 0.0, 0.0, 1.0]
            ]
        },
        {
            "name": "Chest",
            "time": [0.0, 0.6667, 1.0, 1.6667, 3.3333, 4.0],
            "transform": [
                [1.0, -0.0, 0.0, -0.0, 0.0, 1.0, -0.0, 0.3, -0.0, -0.0, 1.0, -0.0, 0.0, 0.0, 0.0, 1.0],
                [0.999988, -0.003983, -0.00282, 0.0, 0.004355, 0.989087, 0.147265, 0.3, 0.002203, -0.147276, 0.989093, -0.0, 0.0, 0.0, 0.0, 1.0],
                [0.999988, -0.003983, -0.00282, 0.0, 0.004355, 0.989087, 0.147265, 0.3, 0.002203, -0.147276, 0.989093, -0.0, 0.0, 0.0, 0.0, 1.0],
                [0.99998, -0.005091, -0.003776, -0.0, 0.005718, 0.981591, 0.190908, 0.3, 0.002735, -0.190926, 0.981601, -0.0, 0.0, 0.0, 0.0, 1.0],
                [0.999826, -0.012621, -0.013764, 0.0, 0.018067, 0.840192, 0.541988, 0.3, 0.004724, -0.542142, 0.840273, -0.0, 0.0, 0.0, 0.0, 1.0],
                [0.999826, -0.012621, -0.013764, 0.0, 0.018067, 0.840192, 0.541988, 0.3, 0.004724, -0.542142, 0.840273, -0.0, 0.0, 0.0, 0.0, 1.0]
            ]
        },
        {
            "name": "Head",
            "time": [0.0, 0.6667, 1.0, 1.6667, 3.3333, 4.0, 2.6667],
            "transform": [
                [1.0, -0.0, 0.0, -0.0, 0.0, 1.0, -0.0, 0.4, 0.0, -0.0, 1.0, -0.0, 0.0, 0.0, 0.0, 1.0],
                [0.999623, -0.015505, -0.022656, 0.0, 0.027276, 0.654578, 0.755502, 0.4, 0.003116, -0.755835, 0.654755, -0.0, 0.0, 0.0, 0.0, 1.0],
                [0.999798, -0.013257, -0.01514, 0.0, 0.019581, 0.814426, 0.579937, 0.4, 0.004642, -0.580116, 0.81452, -0.0, 0.0, 0.0, 0.0, 1.0],
                [0.999803, -0.013136, -0.014864, 0.0, 0.019281, 0.819682, 0.572494, 0.4, 0.004664, -0.572668, 0.819774, 0.0, 0.0, 0.0, 0.0, 1.0],
                [0.99977, -0.013778, -0.016411, -0.0, 0.020948, 0.789594, 0.613272, 0.4, 0.004509, -0.613475, 0.789701, -0.0, 0.0, 0.0, 0.0, 1.0],
                [0.999669, 0.025458, 0.003651, 0.0, -0.015128, 0.696877, -0.717032, 0.4, -0.020799, 0.716739, 0.697031, -0.0, 0.0, 0.0, 0.0, 1.0],
                [0.999669, 0.025458, 0.003651, 0.0, -0.015128, 0.696877, -0.717032, 0.4, -0.020799, 0.716739, 0.697031, -0.0, 0.0, 0.0, 0.0, 1.0]
            ]
        },
        {
            "name": "Shoulder_R",
            "time": [0.0, 0.6667, 1.0, 1.6667, 3.3333, 4.0],
            "transform": [
                [0.0, 0.952114, 0.305743, -0.0, 0.0, -0.305743, 0.952114, 0.4, 1.0, 0.0, -0.0, -0.0, 0.0, 0.0, 0.0, 1.0],
                [0.0, 0.952114, 0.305743, 0.0, 0.0, -0.305743, 0.952114, 0.4, 1.0, 0.0, -0.0, -0.0, 0.0, 0.0, 0.0, 1.0],
                [0.0, 0.952114, 0.305743, 0.0, 0.0, -0.305743, 0.952114, 0.4, 1.0, 0.0, -0.0, -0.0, 0.0, 0.0, 0.0, 1.0],
                [0.0, 0.952114, 0.305743, 0.0, 0.0, -0.305743, 0.952114, 0.4, 1.0, 0.0, -0.0, 0.0, 0.0, 0.0, 0.0, 1.0],
                [0.0, 0.952114, 0.305743, 0.0, 0.0, -0.305743, 0.952114, 0.4, 1.0, 0.0, -0.0, -0.0, 0.0, 0.0, 0.0, 1.0],
                [0.0, 0.952114, 0.305743, 0.0, 0.0, -0.305743, 0.952114, 0.4, 1.0, 0.0, -0.0, -0.0, 0.0, 0.0, 0.0, 1.0]
            ]
        },
        {
            "name": "Arm_R",
            "time": [0.0, 0.6667, 1.0, 1.6667, 3.3333, 4.0],
            "transform": [
                [0.156655, 0.219172, -0.963028, 0.0, 0.849376, 0.467684, 0.244606, 0.393861, 0.504003, -0.856292, -0.112895, 0.0, 0.0, 0.0, 0.0, 1.0],
                [0.278141, 0.106156, -0.954657, -0.0, 0.852955, 0.42974, 0.296297, 0.39386, 0.441707, -0.896691, 0.028982, -0.0, 0.0, 0.0, 0.0, 1.0],
                [-0.041411, -0.706203, -0.706798, -0.0, 0.96543, 0.153925, -0.21036, 0.39386, 0.257351, -0.691076, 0.675415, -0.0, 0.0, 0.0, 0.0, 1.0],
                [-0.021531, -0.718583, -0.695108, 0.0, 0.960483, 0.178118, -0.213885, 0.39386, 0.277506, -0.672244, 0.686351, 0.0, 0.0, 0.0, 0.0, 1.0],
                [0.174999, -0.641287, -0.747079, -0.0, 0.904303, 0.404774, -0.135627, 0.39386, 0.389374, -0.651851, 0.650753, 0.0, 0.0, 0.0, 0.0, 1.0],
                [0.174999, -0.641287, -0.747079, -0.0, 0.904303, 0.404774, -0.135627, 0.39386, 0.389374, -0.651851, 0.650753, 0.0, 0.0, 0.0, 0.0, 1.0]
            ]
        },
        {
            "name": "Hand_R",
            "time": [0.0, 0.6667, 1.0, 1.6667, 3.3333, 4.0],
            "transform": [
                [1.0, -2e-06, 1e-06, -0.0, 2e-06, 0.884643, -0.466269, 0.300003, 0.0, 0.466269, 0.884643, 0.0, 0.0, 0.0, 0.0, 1.0],
                [1.0, -2e-06, 1e-06, 0.0, 2e-06, 0.747104, -0.664708, 0.300002, 1e-06, 0.664707, 0.747104, 0.0, 0.0, 0.0, 0.0, 1.0],
                [1.0, -2e-06, 0.0, 0.0, 2e-06, 0.883341, -0.468733, 0.300003, 0.0, 0.468732, 0.88334, -0.0, 0.0, 0.0, 0.0, 1.0],
                [1.0, -1e-06, 0.0, 0.0, 1e-06, 0.922882, -0.385083, 0.300002, 0.0, 0.385083, 0.922882, -0.0, 0.0, 0.0, 0.0, 1.0],
                [1.0, -1e-06, 0.0, 0.0, 1e-06, 0.961589, -0.274494, 0.300003, 0.0, 0.274493, 0.961589, 0.0, 0.0, 0.0, 0.0, 1.0],
                [1.0, -1e-06, 0.0, 0.0, 1e-06, 0.961589, -0.274494, 0.300003, 0.0, 0.274493, 0.961589, 0.0, 0.0, 0.0, 0.0, 1.0]
            ]
        },
        {
            "name": "Tool_R",
            "time": [0.0, 0.6667, 1.0, 1.6667, 3.3333, 4.0],
            "transform": [
                [1.0, -0.0, 0.0, -0.0, -0.0, -0.999559, -0.029689, 0.271711, 0.0, 0.029689, -0.99956, -0.028915, 0.0, 0.0, 0.0, 1.0],
                [1.0, 0.0, 0.0, 0.0, -0.0, -0.999559, -0.029689, 0.271711, 0.0, 0.029689, -0.99956, -0.028915, 0.0, 0.0, 0.0, 1.0],
                [1.0, -0.0, 0.0, -0.0, 0.0, -0.999559, -0.029689, 0.271711, 0.0, 0.029689, -0.99956, -0.028915, 0.0, 0.0, 0.0, 1.0],
                [1.0, -0.0, 0.0, 0.0, -0.0, -0.999559, -0.029689, 0.271711, 0.0, 0.029689, -0.99956, -0.028915, 0.0, 0.0, 0.0, 1.0],
                [1.0, -0.0, 0.0, 0.0, -0.0, -0.999559, -0.029689, 0.271711, 0.0, 0.029689, -0.99956, -0.028915, 0.0, 0.0, 0.0, 1.0],
                [1.0, -0.0, 0.0, 0.0, -0.0, -0.999559, -0.029689, 0.271711, 0.0, 0.029689, -0.99956, -0.028915, 0.0, 0.0, 0.0, 1.0]
            ]
        },
        {
            "name": "Elbow_R",
            "time": [0.0, 4.0],
            "transform": [
                [-1.0, 0.0, 0.0, -0.0, 0.0, 0.003946, -0.999992, 0.344654, -0.0, -0.999992, -0.003946, -0.001076, 0.0, 0.0, 0.0, 1.0],
                [-1.0, 0.0, -0.0, -0.0, 0.0, 0.003946, -0.999992, 0.325256, -0.0, -0.999992, -0.003946, -0.001153, 0.0, 0.0, 0.0, 1.0]
            ]
        },
        {
            "name": "Shoulder_L",
            "time": [0.0, 0.6667, 1.0, 1.6667, 3.3333, 4.0],
            "transform": [
                [-0.0, -0.952114, -0.305743, -0.0, 0.0, -0.305743, 0.952114, 0.4, -1.0, 0.0, 0.0, -0.0, 0.0, 0.0, 0.0, 1.0],
                [-0.0, -0.952114, -0.305743, 0.0, 0.0, -0.305743, 0.952114, 0.4, -1.0, 0.0, 0.0, -0.0, 0.0, 0.0, 0.0, 1.0],
                [-0.0, -0.952114, -0.305743, 0.0, 0.0, -0.305743, 0.952114, 0.4, -1.0, 0.0, 0.0, -0.0, 0.0, 0.0, 0.0, 1.0],
                [-0.0, -0.952114, -0.305743, 0.0, 0.0, -0.305743, 0.952114, 0.4, -1.0, -0.0, 0.0, 0.0, 0.0, 0.0, 0.0, 1.0],
                [-0.0, -0.952114, -0.305743, 0.0, 0.0, -0.305743, 0.952114, 0.4, -1.0, -0.0, 0.0, -0.0, 0.0, 0.0, 0.0, 1.0],
                [-0.0, -0.952114, -0.305743, 0.0, 0.0, -0.305743, 0.952114, 0.4, -1.0, -0.0, 0.0, -0.0, 0.0, 0.0, 0.0, 1.0]
            ]
        },
        {
            "name": "Arm_L",
            "time": [0.0, 0.6667, 1.0, 1.6667, 3.3333, 4.0],
            "transform": [
                [0.154614, -0.201813, 0.967143, -0.0, -0.849373, 0.472858, 0.234458, 0.39386, -0.504639, -0.857715, -0.098303, 0.0, 0.0, 0.0, 0.0, 1.0],
                [0.058465, 0.659962, 0.74902, -0.0, -0.930638, 0.307537, -0.19833, 0.39386, -0.361242, -0.685471, 0.632166, -0.0, 0.0, 0.0, 0.0, 1.0],
                [0.058465, 0.659962, 0.74902, -0.0, -0.930638, 0.307537, -0.19833, 0.39386, -0.361242, -0.685471, 0.632166, -0.0, 0.0, 0.0, 0.0, 1.0],
                [0.082158, 0.681707, 0.726997, -0.0, -0.92741, 0.319388, -0.194685, 0.39386, -0.364913, -0.658229, 0.658462, -0.0, 0.0, 0.0, 0.0, 1.0],
                [0.211707, 0.64348, 0.735603, -0.0, -0.891318, 0.435874, -0.124766, 0.39386, -0.400915, -0.629242, 0.665824, -0.0, 0.0, 0.0, 0.0, 1.0],
                [0.211707, 0.64348, 0.735603, -0.0, -0.891318, 0.435874, -0.124766, 0.39386, -0.400915, -0.629242, 0.665824, -0.0, 0.0, 0.0, 0.0, 1.0]
            ]
        },
        {
            "name": "Hand_L",
            "time": [0.0, 0.6667, 1.0, 1.6667, 3.3333, 4.0],
            "transform": [
                [1.0, -0.0, 0.0, -0.0, 0.0, 0.913124, -0.407682, 0.300003, 0.0, 0.407681, 0.913124, -0.0, 0.0, 0.0, 0.0, 1.0],
                [1.0, -0.0, 0.0, 0.0, 0.0, 0.889264, -0.457394, 0.300003, 0.0, 0.457394, 0.889264, -0.0, 0.0, 0.0, 0.0, 1.0],
                [1.0, -0.0, 0.0, 0.0, 0.0, 0.889264, -0.457394, 0.300003, 0.0, 0.457394, 0.889264, -0.0, 0.0, 0.0, 0.0, 1.0],
                [1.0, -0.0, 0.0, 0.0, 0.0, 0.938028, -0.346559, 0.300003, -0.0, 0.346558, 0.938028, 0.0, 0.0, 0.0, 0.0, 1.0],
                [1.0, -0.0, 0.0, -0.0, 0.0, 0.989641, -0.143562, 0.300003, -0.0, 0.143562, 0.989641, -0.0, 0.0, 0.0, 0.0, 1.0],
                [1.0, -0.0, 0.0, -0.0, 0.0, 0.989641, -0.143562, 0.300003, -0.0, 0.143562, 0.989641, -0.0, 0.0, 0.0, 0.0, 1.0]
            ]
        },
        {
            "name": "Tool_L",
            "time": [0.0, 0.6667, 1.0, 1.6667, 3.3333, 4.0],
            "transform": [
                [1.0, 0.0, 0.0, 0.0, -0.0, -0.999559, -0.029689, 0.271711, 0.0, 0.029689, -0.999559, -0.028915, 0.0, 0.0, 0.0, 1.0],
                [1.0, -0.0, 0.0, 0.0, -0.0, -0.999559, -0.029689, 0.271711, 0.0, 0.029689, -0.999559, -0.028915, 0.0, 0.0, 0.0, 1.0],
                [1.0, -0.0, 0.0, 0.0, -0.0, -0.999559, -0.029689, 0.271711, 0.0, 0.029689, -0.999559, -0.028915, 0.0, 0.0, 0.0, 1.0],
                [1.0, -0.0, 0.0, 0.0, 0.0, -0.999559, -0.029689, 0.271711, 0.0, 0.029689, -0.99956, -0.028915, 0.0, 0.0, 0.0, 1.0],
                [1.0, -0.0, 0.0, 0.0, 0.0, -0.999559, -0.029689, 0.271711, 0.0, 0.029689, -0.99956, -0.028915, 0.0, 0.0, 0.0, 1.0],
                [1.0, -0.0, 0.0, 0.0, 0.0, -0.999559, -0.029689, 0.271711, 0.0, 0.029689, -0.99956, -0.028915, 0.0, 0.0, 0.0, 1.0]
            ]
        },
        {
            "name": "Elbow_L",
            "time": [0.0, 4.0],
            "transform": [
                [-1.0, 0.0, -0.0, 0.0, 0.0, 0.003946, -0.999992, 0.338548, -0.0, -0.999992, -0.003946, -0.0011, 0.0, 0.0, 0.0, 1.0],
                [-1.0, 0.0, -0.0, -0.0, 0.0, 0.003946, -0.999992, 0.312698, -0.0, -0.999993, -0.003946, -0.001202, 0.0, 0.0, 0.0, 1.0]
            ]
        }
    ]
}