{
    "animation": [
        {
            "name": "Root",
            "time": [0.0, 2.6667],
            "transform": [
                [1.0, 0.0, 0.0, -5e-06, 0.0, 0.0, -1.0, 0.000946, 0.0, 1.0, 0.0, 0.390402, 0.0, 0.0, 0.0, 1.0],
                [1.0, 0.0, 0.0, -5e-06, 0.0, 0.0, -1.0, 0.000946, 0.0, 1.0, 0.0, 0.390402, 0.0, 0.0, 0.0, 1.0]
            ]
        },
        {
            "name": "Thigh_R",
            "time": [0.0, 2.6667],
            "transform": [
                [0.974911, 0.203268, -0.090721, 0.124994, 0.110791, -0.089615, 0.989796, -0.002831, 0.193064, -0.975012, -0.109887, -1.2e-05, 0.0, 0.0, 0.0, 1.0],
                [0.974911, 0.203268, -0.090721, 0.124994, 0.110791, -0.089615, 0.989796, -0.002831, 0.193064, -0.975012, -0.109887, -1.2e-05, 0.0, 0.0, 0.0, 1.0]
            ]
        },
        {
            "name": "Leg_R",
            "time": [0.0, 2.6667],
            "transform": [
                [1.0, -1e-06, 0.0, -0.0, -0.0, 0.143404, 0.989663, 0.374726, -1e-06, -0.989665, 0.143403, 0.0, 0.0, 0.0, 0.0, 1.0],
                [1.0, -1e-06, 0.0, -0.0, -0.0, 0.143404, 0.989663, 0.374726, -1e-06, -0.989665, 0.143403, 0.0, 0.0, 0.0, 0.0, 1.0]
            ]
        },
        {
            "name": "Knee_R",
            "time": [0.0, 2.6667],
            "transform": [
                [1.0, 0.0, -0.0, 0.0, -0.0, 0.00567, -0.999984, 0.468419, -0.0, 0.999984, 0.00567, -0.000531, 0.0, 0.0, 0.0, 1.0],
                [1.0, 0.0, -0.0, 0.0, -0.0, 0.00567, -0.999984, 0.468419, -0.0, 0.999984, 0.00567, -0.000531, 0.0, 0.0, 0.0, 1.0]
            ]
        },
        {
            "name": "Thigh_L",
            "time": [0.0, 2.6667],
            "transform": [
                [0.908613, -0.406647, -0.095183, -0.125006, -0.415669, -0.858426, -0.300538, -0.002831, 0.040505, 0.312638, -0.949008, -1.2e-05, 0.0, 0.0, 0.0, 1.0],
                [0.908613, -0.406647, -0.095183, -0.125006, -0.415669, -0.858426, -0.300538, -0.002831, 0.040505, 0.312638, -0.949008, -1.2e-05, 0.0, 0.0, 0.0, 1.0]
            ]
        },
        {
            "name": "Leg_L",
            "time": [0.0, 2.6667],
            "transform": [
                [1.0, -1e-06, 0.0, 0.0, -0.0, 0.249352, 0.968413, 0.374726, -1e-06, -0.968413, 0.249352, 0.0, 0.0, 0.0, 0.0, 1.0],
                [1.0, -1e-06, 0.0, 0.0, -0.0, 0.249352, 0.968413, 0.374726, -1e-06, -0.968413, 0.249352, 0.0, 0.0, 0.0, 0.0, 1.0]
            ]
        },
        {
            "name": "Knee_L",
            "time": [0.0, 2.6667],
            "transform": [
                [1.0, 0.0, -0.0, 0.0, -0.0, 0.00567, -0.999984, 0.457062, -0.0, 0.999984, 0.00567, -0.000467, 0.0, 0.0, 0.0, 1.0],
                [1.0, 0.0, -0.0, 0.0, -0.0, 0.00567, -0.999984, 0.457062, -0.0, 0.999984, 0.00567, -0.000467, 0.0, 0.0, 0.0, 1.0]
            ]
        },
        {
            "name": "Torso",
            "time": [0.0, 2.6667],
            "transform": [
                [1.0, 0.0, 0.0, 0.0, 0.0, 0.868428, 0.495815, 0.05, 0.0, -0.495815, 0.868428, 0.0, 0.0, 0.0, 0.0, 1.0],
                [1.0, 0.0, 0.0, 0.0, 0.0, 0.868428, 0.495815, 0.05, 0.0, -0.495815, 0.868428, 0.0, 0.0, 0.0, 0.0, 1.0]
            ]
        },
        {
            "name": "Chest",
            "time": [0.0, 2.6667],
            "transform": [
                [0.890814, -0.256047, -0.375354, 0.0, 0.42227, 0.771514, 0.475872, 0.3, 0.167745, -0.582414, 0.795396, 0.0, 0.0, 0.0, 0.0, 1.0],
                [0.890814, -0.256047, -0.375354, 0.0, 0.42227, 0.771514, 0.475872, 0.3, 0.167745, -0.582414, 0.795396, 0.0, 0.0, 0.0, 0.0, 1.0]
            ]
        },
        {
            "name": "Head",
            "time": [0.0, 2.6667],
            "transform": [
                [0.895007, 0.432782, 0.107992, 0.0, -0.245893, 0.680704, -0.690057, 0.4, -0.372154, 0.591051, 0.715653, 0.0, 0.0, 0.0, 0.0, 1.0],
                [0.895007, 0.432782, 0.107992, 0.0, -0.245893, 0.680704, -0.690057, 0.4, -0.372154, 0.591051, 0.715653, 0.0, 0.0, 0.0, 0.0, 1.0]
            ]
        },
        {
            "name": "Shoulder_R",
            "time": [0.0, 2.6667],
            "transform": [
                [0.0, 0.952114, 0.305743, 0.0, 0.0, -0.305743, 0.952114, 0.4, 1.0, 0.0, -0.0, 0.0, 0.0, 0.0, 0.0, 1.0],
                [0.0, 0.952114, 0.305743, 0.0, 0.0, -0.305743, 0.952114, 0.4, 1.0, 0.0, -0.0, 0.0, 0.0, 0.0, 0.0, 1.0]
            ]
        },
        {
            "name": "Arm_R",
            "time": [0.0, 2.6667],
            "transform": [
                [-0.354097, -0.927066, 0.123141, -0.0, -0.071003, -0.104643, -0.991972, 0.39386, 0.932509, -0.359998, -0.028771, -0.0, 0.0, 0.0, 0.0, 1.0],
                [-0.354097, -0.927066, 0.123141, -0.0, -0.071003, -0.104643, -0.991972, 0.39386, 0.932509, -0.359998, -0.028771, -0.0, 0.0, 0.0, 0.0, 1.0]
            ]
        },
        {
            "name": "Hand_R",
            "time": [0.0, 2.6667],
            "transform": [
                [1.0, 0.0, 0.0, 0.0, 0.0, 0.328202, -0.944607, 0.300002, -0.0, 0.944608, 0.328203, 0.0, 0.0, 0.0, 0.0, 1.0],
                [1.0, 0.0, 0.0, 0.0, 0.0, 0.328202, -0.944607, 0.300002, -0.0, 0.944608, 0.328203, 0.0, 0.0, 0.0, 0.0, 1.0]
            ]
        },
        {
            "name": "Tool_R",
            "time": [0.0, 2.6667],
            "transform": [
                [1.0, -0.0, 0.0, 0.0, 0.0, -0.999559, -0.029689, 0.271711, 0.0, 0.029689, -0.99956, -0.028915, 0.0, 0.0, 0.0, 1.0],
                [1.0, -0.0, 0.0, 0.0, 0.0, -0.999559, -0.029689, 0.271711, 0.0, 0.029689, -0.99956, -0.028915, 0.0, 0.0, 0.0, 1.0]
            ]
        },
        {
            "name": "Elbow_R",
            "time": [0.0, 2.6667],
            "transform": [
                [-1.0, 0.0, -0.0, 0.0, -0.0, 0.003946, -0.999992, 0.415061, -0.0, -0.999992, -0.003946, -0.000798, 0.0, 0.0, 0.0, 1.0],
                [-1.0, 0.0, -0.0, 0.0, -0.0, 0.003946, -0.999992, 0.415061, -0.0, -0.999992, -0.003946, -0.000798, 0.0, 0.0, 0.0, 1.0]
            ]
        },
        {
            "name": "Shoulder_L",
            "time": [0.0, 2.6667],
            "transform": [
                [-0.0, -0.952114, -0.305743, 0.0, 0.0, -0.305743, 0.952114, 0.4, -1.0, -0.0, 0.0, 0.0, 0.0, 0.0, 0.0, 1.0],
                [-0.0, -0.952114, -0.305743, 0.0, 0.0, -0.305743, 0.952114, 0.4, -1.0, -0.0, 0.0, 0.0, 0.0, 0.0, 0.0, 1.0]
            ]
        },
        {
            "name": "Arm_L",
            "time": [0.0, 2.6667],
            "transform": [
                [0.396372, 0.733859, 0.55167, 0.0, -0.78152, 0.585029, -0.216718, 0.39386, -0.481783, -0.34524, 0.805415, -0.0, 0.0, 0.0, 0.0, 1.0],
                [0.396372, 0.733859, 0.55167, 0.0, -0.78152, 0.585029, -0.216718, 0.39386, -0.481783, -0.34524, 0.805415, -0.0, 0.0, 0.0, 0.0, 1.0]
            ]
        },
        {
            "name": "Hand_L",
            "time": [0.0, 2.6667],
            "transform": [
                [1.0, 0.0, 0.0, 0.0, -0.0, 0.976104, -0.217305, 0.300003, -0.0, 0.217304, 0.976104, 0.0, 0.0, 0.0, 0.0, 1.0],
                [1.0, 0.0, 0.0, 0.0, -0.0, 0.976104, -0.217305, 0.300003, -0.0, 0.217304, 0.976104, 0.0, 0.0, 0.0, 0.0, 1.0]
            ]
        },
        {
            "name": "Tool_L",
            "time": [0.0, 2.6667],
            "transform": [
                [1.0, -0.0, 0.0, 0.0, 0.0, -0.999559, -0.029689, 0.271711, 0.0, 0.029689, -0.99956, -0.028915, 0.0, 0.0, 0.0, 1.0],
                [1.0, -0.0, 0.0, 0.0, 0.0, -0.999559, -0.029689, 0.271711, 0.0, 0.029689, -0.99956, -0.028915, 0.0, 0.0, 0.0, 1.0]
            ]
        },
        {
            "name": "Elbow_L",
            "time": [0.0, 2.6667],
            "transform": [
                [-1.0, 0.0, -0.0, 0.0, 0.0, 0.003946, -0.999992, 0.319726, -0.0, -0.999993, -0.003946, -0.001174, 0.0, 0.0, 0.0, 1.0],
                [-1.0, 0.0, -0.0, 0.0, 0.0, 0.003946, -0.999992, 0.319726, -0.0, -0.999993, -0.003946, -0.001174, 0.0, 0.0, 0.0, 1.0]
            ]
        }
    ]
}