{
    "animation": [
        {
            "name": "Root",
            "time": [0.0, 1.3333],
            "transform": [
                [0.99689, -0.016748, 0.077011, -5e-06, -0.018056, -0.999704, 0.016325, -0.633176, 0.076715, -0.017665, -0.996897, 1.180746, 0.0, 0.0, 0.0, 1.0],
                [0.99689, -0.016748, 0.077011, -5e-06, -0.018056, -0.999704, 0.016325, -0.633176, 0.076715, -0.017665, -0.996897, 1.180746, 0.0, 0.0, 0.0, 1.0]
            ]
        },
        {
            "name": "Thigh_R",
            "time": [0.0, 1.3333],
            "transform": [
                [0.980179, 0.010343, -0.19784, 0.124994, -0.17101, -0.459991, -0.8713, -0.002831, -0.100016, 0.887861, -0.449106, -1.2e-05, 0.0, 0.0, 0.0, 1.0],
                [0.980179, 0.010343, -0.19784, 0.124994, -0.17101, -0.459991, -0.8713, -0.002831, -0.100016, 0.887861, -0.449106, -1.2e-05, 0.0, 0.0, 0.0, 1.0]
            ]
        },
        {
            "name": "Leg_R",
            "time": [0.0, 1.3333],
            "transform": [
                [1.0, 0.0, 1e-06, -0.0, 0.0, 0.999989, 0.005277, 0.374726, -1e-06, -0.005277, 0.999983, -0.0, 0.0, 0.0, 0.0, 1.0],
                [1.0, 0.0, 1e-06, -0.0, 0.0, 0.999989, 0.005277, 0.374726, -1e-06, -0.005277, 0.999983, -0.0, 0.0, 0.0, 0.0, 1.0]
            ]
        },
        {
            "name": "Knee_R",
            "time": [0.0, 1.3333],
            "transform": [
                [1.0, 0.0, -0.0, 0.0, -0.0, 0.00567, -0.999984, 0.374726, -0.0, 0.999984, 0.00567, 0.0, 0.0, 0.0, 0.0, 1.0],
                [1.0, 0.0, -0.0, 0.0, -0.0, 0.00567, -0.999984, 0.374726, -0.0, 0.999984, 0.00567, 0.0, 0.0, 0.0, 0.0, 1.0]
            ]
        },
        {
            "name": "Thigh_L",
            "time": [0.0, 1.3333],
            "transform": [
                [0.947001, -0.177505, 0.267732, -0.125006, 0.160816, -0.459521, -0.873486, -0.002831, 0.278077, 0.870247, -0.406622, -1.2e-05, 0.0, 0.0, 0.0, 1.0],
                [0.947001, -0.177505, 0.267732, -0.125006, 0.160816, -0.459521, -0.873486, -0.002831, 0.278077, 0.870247, -0.406622, -1.2e-05, 0.0, 0.0, 0.0, 1.0]
            ]
        },
        {
            "name": "Leg_L",
            "time": [0.0, 1.3333],
            "transform": [
                [1.0, 0.0, 1e-06, -0.0, 0.0, 0.999986, 0.005263, 0.374726, -1e-06, -0.005263, 0.999985, 0.0, 0.0, 0.0, 0.0, 1.0],
                [1.0, 0.0, 1e-06, -0.0, 0.0, 0.999986, 0.005263, 0.374726, -1e-06, -0.005263, 0.999985, 0.0, 0.0, 0.0, 0.0, 1.0]
            ]
        },
        {
            "name": "Knee_L",
            "time": [0.0, 1.3333],
            "transform": [
                [1.0, 0.0, -0.0, -0.0, -0.0, 0.00567, -0.999984, 0.374726, -0.0, 0.999984, 0.00567, 0.0, 0.0, 0.0, 0.0, 1.0],
                [1.0, 0.0, -0.0, -0.0, -0.0, 0.00567, -0.999984, 0.374726, -0.0, 0.999984, 0.00567, 0.0, 0.0, 0.0, 0.0, 1.0]
            ]
        },
        {
            "name": "Torso",
            "time": [0.0, 1.3333],
            "transform": [
                [1.0, -0.0, -0.0, -0.0, 0.0, 1.0, -0.0, 0.05, 0.0, -0.0, 1.0, 0.0, 0.0, 0.0, 0.0, 1.0],
                [1.0, -0.0, -0.0, -0.0, 0.0, 1.0, -0.0, 0.05, 0.0, -0.0, 1.0, 0.0, 0.0, 0.0, 0.0, 1.0]
            ]
        },
        {
            "name": "Chest",
            "time": [0.0, 1.3333],
            "transform": [
                [0.99858, -0.004945, -0.053042, 0.0, -0.024575, 0.840643, -0.541032, 0.3, 0.047265, 0.541567, 0.839328, 0.0, 0.0, 0.0, 0.0, 1.0],
                [0.99858, -0.004945, -0.053042, 0.0, -0.024575, 0.840643, -0.541032, 0.3, 0.047265, 0.541567, 0.839328, 0.0, 0.0, 0.0, 0.0, 1.0]
            ]
        },
        {
            "name": "Head",
            "time": [0.0, 1.3333],
            "transform": [
                [0.997462, -0.046439, -0.053978, 0.0, 0.026592, 0.946155, -0.322621, 0.4, 0.066054, 0.320367, 0.944988, 0.0, 0.0, 0.0, 0.0, 1.0],
                [0.997462, -0.046439, -0.053978, 0.0, 0.026592, 0.946155, -0.322621, 0.4, 0.066054, 0.320367, 0.944988, 0.0, 0.0, 0.0, 0.0, 1.0]
            ]
        },
        {
            "name": "Shoulder_R",
            "time": [0.0, 1.3333],
            "transform": [
                [0.0, 0.952114, 0.305743, 0.0, 0.0, -0.305743, 0.952114, 0.4, 1.0, -0.0, -0.0, 0.0, 0.0, 0.0, 0.0, 1.0],
                [0.0, 0.952114, 0.305743, 0.0, 0.0, -0.305743, 0.952114, 0.4, 1.0, -0.0, -0.0, 0.0, 0.0, 0.0, 0.0, 1.0]
            ]
        },
        {
            "name": "Arm_R",
            "time": [0.0, 1.3333],
            "transform": [
                [0.13014, 0.991491, -0.003211, 0.0, -0.961351, 0.125391, -0.245117, 0.39386, -0.242629, 0.034987, 0.969488, -0.0, 0.0, 0.0, 0.0, 1.0],
                [0.13014, 0.991491, -0.003211, 0.0, -0.961351, 0.125391, -0.245117, 0.39386, -0.242629, 0.034987, 0.969488, -0.0, 0.0, 0.0, 0.0, 1.0]
            ]
        },
        {
            "name": "Hand_R",
            "time": [0.0, 1.3333],
            "transform": [
                [1.0, -0.0, 0.0, 0.0, 0.0, 0.999999, -0.001002, 0.300003, -0.0, 0.001002, 0.999999, -0.0, 0.0, 0.0, 0.0, 1.0],
                [1.0, -0.0, 0.0, 0.0, 0.0, 0.999999, -0.001002, 0.300003, -0.0, 0.001002, 0.999999, -0.0, 0.0, 0.0, 0.0, 1.0]
            ]
        },
        {
            "name": "Tool_R",
            "time": [0.0, 1.3333],
            "transform": [
                [0.925842, -0.369072, 0.081261, -0.0, 0.371321, 0.848435, -0.377198, 0.271711, 0.070269, 0.3794, 0.922561, -0.028915, 0.0, 0.0, 0.0, 1.0],
                [0.925842, -0.369072, 0.081261, -0.0, 0.371321, 0.848435, -0.377198, 0.271711, 0.070269, 0.3794, 0.922561, -0.028915, 0.0, 0.0, 0.0, 1.0]
            ]
        },
        {
            "name": "Elbow_R",
            "time": [0.0, 1.3333],
            "transform": [
                [-1.0, 0.0, -0.0, 0.0, 0.0, 0.003946, -0.999992, 0.300007, -0.0, -0.999992, -0.003946, -0.001252, 0.0, 0.0, 0.0, 1.0],
                [-1.0, 0.0, -0.0, 0.0, 0.0, 0.003946, -0.999992, 0.300007, -0.0, -0.999992, -0.003946, -0.001252, 0.0, 0.0, 0.0, 1.0]
            ]
        },
        {
            "name": "Shoulder_L",
            "time": [0.0, 1.3333],
            "transform": [
                [-0.0, -0.952114, -0.305743, 0.0, 0.0, -0.305743, 0.952114, 0.4, -1.0, -0.0, 0.0, 0.0, 0.0, 0.0, 0.0, 1.0],
                [-0.0, -0.952114, -0.305743, 0.0, 0.0, -0.305743, 0.952114, 0.4, -1.0, -0.0, 0.0, 0.0, 0.0, 0.0, 0.0, 1.0]
            ]
        },
        {
            "name": "Arm_L",
            "time": [0.0, 1.3333],
            "transform": [
                [0.160898, -0.980166, 0.115694, 0.0, 0.964563, 0.131325, -0.228848, 0.39386, 0.209115, 0.148415, 0.966563, 0.0, 0.0, 0.0, 0.0, 1.0],
                [0.160898, -0.980166, 0.115694, 0.0, 0.964563, 0.131325, -0.228848, 0.39386, 0.209115, 0.148415, 0.966563, 0.0, 0.0, 0.0, 0.0, 1.0]
            ]
        },
        {
            "name": "Hand_L",
            "time": [0.0, 1.3333],
            "transform": [
                [1.0, 0.0, 0.0, -0.0, -0.0, 0.999999, -0.001007, 0.300003, -0.0, 0.001007, 0.999999, -0.0, 0.0, 0.0, 0.0, 1.0],
                [1.0, 0.0, 0.0, -0.0, -0.0, 0.999999, -0.001007, 0.300003, -0.0, 0.001007, 0.999999, -0.0, 0.0, 0.0, 0.0, 1.0]
            ]
        },
        {
            "name": "Tool_L",
            "time": [0.0, 1.3333],
            "transform": [
                [-0.652149, 0.74118, -0.159227, -0.01247, -0.745581, -0.665079, -0.042166, 0.214966, -0.137152, 0.091216, 0.986342, -0.002106, 0.0, 0.0, 0.0, 1.0],
                [-0.652149, 0.74118, -0.159227, -0.01247, -0.745581, -0.665079, -0.042166, 0.214966, -0.137152, 0.091216, 0.986342, -0.002106, 0.0, 0.0, 0.0, 1.0]
            ]
        },
        {
            "name": "Elbow_L",
            "time": [0.0, 1.3333],
            "transform": [
                [-1.0, 0.0, -0.0, -0.0, 0.0, 0.003946, -0.999992, 0.300008, -0.0, -0.999993, -0.003946, -0.001252, 0.0, 0.0, 0.0, 1.0],
                [-1.0, 0.0, -0.0, -0.0, 0.0, 0.003946, -0.999992, 0.300008, -0.0, -0.999993, -0.003946, -0.001252, 0.0, 0.0, 0.0, 1.0]
            ]
        }
    ]
}