{
    "animation": [
        {
            "name": "Root",
            "time": [0.0, 1.3333],
            "transform": [
                [0.998534, -0.042607, -0.033373, -5e-06, -0.046772, -0.36911, -0.928208, -0.25082, 0.02723, 0.928409, -0.370561, 0.763972, 0.0, 0.0, 0.0, 1.0],
                [0.998534, -0.042607, -0.033373, -5e-06, -0.046772, -0.36911, -0.928208, -0.25082, 0.02723, 0.928409, -0.370561, 0.763972, 0.0, 0.0, 0.0, 1.0]
            ]
        },
        {
            "name": "Thigh_R",
            "time": [0.0, 1.3333],
            "transform": [
                [0.969826, 0.10387, -0.220564, 0.124994, 0.091422, -0.993625, -0.065943, -0.002831, -0.226007, 0.043789, -0.973141, -1.2e-05, 0.0, 0.0, 0.0, 1.0],
                [0.969826, 0.10387, -0.220564, 0.124994, 0.091422, -0.993625, -0.065943, -0.002831, -0.226007, 0.043789, -0.973141, -1.2e-05, 0.0, 0.0, 0.0, 1.0]
            ]
        },
        {
            "name": "Leg_R",
            "time": [0.0, 1.3333],
            "transform": [
                [1.0, 0.0, 1e-06, -0.0, 0.0, 0.999992, 0.004756, 0.374726, -1e-06, -0.004756, 0.999986, -0.0, 0.0, 0.0, 0.0, 1.0],
                [1.0, 0.0, 1e-06, -0.0, 0.0, 0.999992, 0.004756, 0.374726, -1e-06, -0.004756, 0.999986, -0.0, 0.0, 0.0, 0.0, 1.0]
            ]
        },
        {
            "name": "Knee_R",
            "time": [0.0, 1.3333],
            "transform": [
                [1.0, 0.0, -0.0, 0.0, -0.0, 0.00567, -0.999984, 0.374726, -0.0, 0.999984, 0.00567, 0.0, 0.0, 0.0, 0.0, 1.0],
                [1.0, 0.0, -0.0, 0.0, -0.0, 0.00567, -0.999984, 0.374726, -0.0, 0.999984, 0.00567, 0.0, 0.0, 0.0, 0.0, 1.0]
            ]
        },
        {
            "name": "Thigh_L",
            "time": [0.0, 1.3333],
            "transform": [
                [0.961966, -0.210324, 0.174311, -0.125006, -0.194597, -0.975453, -0.103064, -0.002831, 0.191709, 0.065224, -0.979282, -1.2e-05, 0.0, 0.0, 0.0, 1.0],
                [0.961966, -0.210324, 0.174311, -0.125006, -0.194597, -0.975453, -0.103064, -0.002831, 0.191709, 0.065224, -0.979282, -1.2e-05, 0.0, 0.0, 0.0, 1.0]
            ]
        },
        {
            "name": "Leg_L",
            "time": [0.0, 1.3333],
            "transform": [
                [1.0, -0.0, 1e-06, 0.0, 0.0, 0.999989, 0.004747, 0.374726, -1e-06, -0.004747, 0.999989, 0.0, 0.0, 0.0, 0.0, 1.0],
                [1.0, -0.0, 1e-06, 0.0, 0.0, 0.999989, 0.004747, 0.374726, -1e-06, -0.004747, 0.999989, 0.0, 0.0, 0.0, 0.0, 1.0]
            ]
        },
        {
            "name": "Knee_L",
            "time": [0.0, 1.3333],
            "transform": [
                [1.0, 0.0, -0.0, -0.0, -0.0, 0.00567, -0.999984, 0.374726, -0.0, 0.999984, 0.00567, -0.0, 0.0, 0.0, 0.0, 1.0],
                [1.0, 0.0, -0.0, -0.0, -0.0, 0.00567, -0.999984, 0.374726, -0.0, 0.999984, 0.00567, -0.0, 0.0, 0.0, 0.0, 1.0]
            ]
        },
        {
            "name": "Torso",
            "time": [0.0, 1.3333],
            "transform": [
                [1.0, 0.0, 0.0, -0.0, 0.0, 1.0, 0.0, 0.05, -0.0, -0.0, 1.0, -0.0, 0.0, 0.0, 0.0, 1.0],
                [1.0, 0.0, 0.0, -0.0, 0.0, 1.0, 0.0, 0.05, -0.0, -0.0, 1.0, -0.0, 0.0, 0.0, 0.0, 1.0]
            ]
        },
        {
            "name": "Chest",
            "time": [0.0, 1.3333],
            "transform": [
                [0.99858, -0.004945, -0.053042, 0.0, -0.024575, 0.840643, -0.541032, 0.3, 0.047265, 0.541567, 0.839328, -0.0, 0.0, 0.0, 0.0, 1.0],
                [0.99858, -0.004945, -0.053042, 0.0, -0.024575, 0.840643, -0.541032, 0.3, 0.047265, 0.541567, 0.839328, -0.0, 0.0, 0.0, 0.0, 1.0]
            ]
        },
        {
            "name": "Head",
            "time": [0.0, 1.3333],
            "transform": [
                [1.0, 0.0, 0.0, 0.0, -0.0, 1.0, -0.0, 0.4, 0.0, 0.0, 1.0, 0.0, 0.0, 0.0, 0.0, 1.0],
                [1.0, 0.0, 0.0, 0.0, -0.0, 1.0, -0.0, 0.4, 0.0, 0.0, 1.0, 0.0, 0.0, 0.0, 0.0, 1.0]
            ]
        },
        {
            "name": "Shoulder_R",
            "time": [0.0, 1.3333],
            "transform": [
                [0.0, 0.952114, 0.305743, 0.0, -0.0, -0.305743, 0.952114, 0.4, 1.0, -0.0, -0.0, 0.0, 0.0, 0.0, 0.0, 1.0],
                [0.0, 0.952114, 0.305743, 0.0, -0.0, -0.305743, 0.952114, 0.4, 1.0, -0.0, -0.0, 0.0, 0.0, 0.0, 0.0, 1.0]
            ]
        },
        {
            "name": "Arm_R",
            "time": [0.0, 1.3333],
            "transform": [
                [0.253873, 0.838101, 0.482842, 0.0, -0.898719, 0.388936, -0.202564, 0.393861, -0.357563, -0.382513, 0.851958, -0.0, 0.0, 0.0, 0.0, 1.0],
                [0.253873, 0.838101, 0.482842, 0.0, -0.898719, 0.388936, -0.202564, 0.393861, -0.357563, -0.382513, 0.851958, -0.0, 0.0, 0.0, 0.0, 1.0]
            ]
        },
        {
            "name": "Hand_R",
            "time": [0.0, 1.3333],
            "transform": [
                [1.0, -0.0, 0.0, 0.0, -0.0, 0.999999, -0.000995, 0.300003, -0.0, 0.000995, 0.999999, 0.0, 0.0, 0.0, 0.0, 1.0],
                [1.0, -0.0, 0.0, 0.0, -0.0, 0.999999, -0.000995, 0.300003, -0.0, 0.000995, 0.999999, 0.0, 0.0, 0.0, 0.0, 1.0]
            ]
        },
        {
            "name": "Tool_R",
            "time": [0.0, 1.3333],
            "transform": [
                [0.652059, 0.750664, 0.106419, -0.0, -0.747172, 0.612421, 0.258214, 0.271711, 0.128659, -0.247883, 0.960209, -0.028915, 0.0, 0.0, 0.0, 1.0],
                [0.652059, 0.750664, 0.106419, -0.0, -0.747172, 0.612421, 0.258214, 0.271711, 0.128659, -0.247883, 0.960209, -0.028915, 0.0, 0.0, 0.0, 1.0]
            ]
        },
        {
            "name": "Elbow_R",
            "time": [0.0, 1.3333],
            "transform": [
                [-1.0, 0.0, -0.0, -0.0, 0.0, 0.003946, -0.999992, 0.300008, -0.0, -0.999992, -0.003946, -0.001252, 0.0, 0.0, 0.0, 1.0],
                [-1.0, 0.0, -0.0, -0.0, 0.0, 0.003946, -0.999992, 0.300008, -0.0, -0.999992, -0.003946, -0.001252, 0.0, 0.0, 0.0, 1.0]
            ]
        },
        {
            "name": "Shoulder_L",
            "time": [0.0, 1.3333],
            "transform": [
                [-0.0, -0.952114, -0.305743, 0.0, 0.0, -0.305743, 0.952114, 0.4, -1.0, -0.0, 0.0, 0.0, 0.0, 0.0, 0.0, 1.0],
                [-0.0, -0.952114, -0.305743, 0.0, 0.0, -0.305743, 0.952114, 0.4, -1.0, -0.0, 0.0, 0.0, 0.0, 0.0, 0.0, 1.0]
            ]
        },
        {
            "name": "Arm_L",
            "time": [0.0, 1.3333],
            "transform": [
                [0.167471, -0.88209, -0.440307, -0.0, 0.959198, 0.248981, -0.133965, 0.39386, 0.227797, -0.399907, 0.887797, 0.0, 0.0, 0.0, 0.0, 1.0],
                [0.167471, -0.88209, -0.440307, -0.0, 0.959198, 0.248981, -0.133965, 0.39386, 0.227797, -0.399907, 0.887797, 0.0, 0.0, 0.0, 0.0, 1.0]
            ]
        },
        {
            "name": "Hand_L",
            "time": [0.0, 1.3333],
            "transform": [
                [1.0, 0.0, 0.0, 0.0, -0.0, 0.999999, -0.000998, 0.300003, -0.0, 0.000998, 0.999999, 0.0, 0.0, 0.0, 0.0, 1.0],
                [1.0, 0.0, 0.0, 0.0, -0.0, 0.999999, -0.000998, 0.300003, -0.0, 0.000998, 0.999999, 0.0, 0.0, 0.0, 0.0, 1.0]
            ]
        },
        {
            "name": "Tool_L",
            "time": [0.0, 1.3333],
            "transform": [
                [0.34786, -0.860691, -0.371758, -0.01247, 0.849275, 0.12131, 0.513825, 0.214966, -0.397146, -0.494463, 0.773163, -0.002106, 0.0, 0.0, 0.0, 1.0],
                [0.34786, -0.860691, -0.371758, -0.01247, 0.849275, 0.12131, 0.513825, 0.214966, -0.397146, -0.494463, 0.773163, -0.002106, 0.0, 0.0, 0.0, 1.0]
            ]
        },
        {
            "name": "Elbow_L",
            "time": [0.0, 1.3333],
            "transform": [
                [-1.0, 0.0, -0.0, 0.0, 0.0, 0.003946, -0.999992, 0.300008, -0.0, -0.999993, -0.003946, -0.001252, 0.0, 0.0, 0.0, 1.0],
                [-1.0, 0.0, -0.0, 0.0, 0.0, 0.003946, -0.999992, 0.300008, -0.0, -0.999993, -0.003946, -0.001252, 0.0, 0.0, 0.0, 1.0]
            ]
        }
    ]
}