{
    "animation": [
        {
            "name": "Root",
            "time": [0.0, 3.3333],
            "transform": [
                [0.995793, -0.069171, 0.060093, -5e-06, 0.072901, 0.200779, -0.97692, 0.000946, 0.055509, 0.977192, 0.204977, 0.711094, 0.0, 0.0, 0.0, 1.0],
                [0.995793, -0.069171, 0.060093, -5e-06, 0.072901, 0.200779, -0.97692, 0.000946, 0.055509, 0.977192, 0.204977, 0.711094, 0.0, 0.0, 0.0, 1.0]
            ]
        },
        {
            "name": "Thigh_R",
            "time": [0.0, 3.3333],
            "transform": [
                [0.812837, 0.265749, 0.518337, 0.124994, -0.034842, -0.866085, 0.498678, -0.002831, 0.581447, -0.423403, -0.694729, -1.2e-05, 0.0, 0.0, 0.0, 1.0],
                [0.812837, 0.265749, 0.518337, 0.124994, -0.034842, -0.866085, 0.498678, -0.002831, 0.581447, -0.423403, -0.694729, -1.2e-05, 0.0, 0.0, 0.0, 1.0]
            ]
        },
        {
            "name": "Leg_R",
            "time": [0.0, 3.3333],
            "transform": [
                [1.000001, -0.0, 1e-06, 0.0, -0.0, 0.800722, 0.599039, 0.374726, -1e-06, -0.59904, 0.800717, 0.0, 0.0, 0.0, 0.0, 1.0],
                [1.000001, -0.0, 1e-06, 0.0, -0.0, 0.800722, 0.599039, 0.374726, -1e-06, -0.59904, 0.800717, 0.0, 0.0, 0.0, 0.0, 1.0]
            ]
        },
        {
            "name": "Knee_R",
            "time": [0.0, 3.3333],
            "transform": [
                [1.0, -0.0, -0.0, -0.0, -0.0, 0.00567, -0.999984, 0.386004, -0.0, 0.999984, 0.00567, -6.4e-05, 0.0, 0.0, 0.0, 1.0],
                [1.0, -0.0, -0.0, -0.0, -0.0, 0.00567, -0.999984, 0.386004, -0.0, 0.999984, 0.00567, -6.4e-05, 0.0, 0.0, 0.0, 1.0]
            ]
        },
        {
            "name": "Thigh_L",
            "time": [0.0, 3.3333],
            "transform": [
                [0.815378, -0.420336, -0.39809, -0.125006, -0.088587, -0.770122, 0.631714, -0.002831, -0.572111, -0.479821, -0.665177, -1.2e-05, 0.0, 0.0, 0.0, 1.0],
                [0.815378, -0.420336, -0.39809, -0.125006, -0.088587, -0.770122, 0.631714, -0.002831, -0.572111, -0.479821, -0.665177, -1.2e-05, 0.0, 0.0, 0.0, 1.0]
            ]
        },
        {
            "name": "Leg_L",
            "time": [0.0, 3.3333],
            "transform": [
                [1.0, -0.0, 1e-06, -0.0, -0.0, 0.771093, 0.636723, 0.374726, -1e-06, -0.636723, 0.771093, 0.0, 0.0, 0.0, 0.0, 1.0],
                [1.0, -0.0, 1e-06, -0.0, -0.0, 0.771093, 0.636723, 0.374726, -1e-06, -0.636723, 0.771093, 0.0, 0.0, 0.0, 0.0, 1.0]
            ]
        },
        {
            "name": "Knee_L",
            "time": [0.0, 3.3333],
            "transform": [
                [1.0, 0.0, -0.0, -0.0, -0.0, 0.00567, -0.999984, 0.39104, -0.0, 0.999984, 0.00567, -9.2e-05, 0.0, 0.0, 0.0, 1.0],
                [1.0, 0.0, -0.0, -0.0, -0.0, 0.00567, -0.999984, 0.39104, -0.0, 0.999984, 0.00567, -9.2e-05, 0.0, 0.0, 0.0, 1.0]
            ]
        },
        {
            "name": "Torso",
            "time": [0.0, 3.3333],
            "transform": [
                [1.0, -0.0, 0.0, -0.0, 0.0, 1.0, 0.0, 0.05, -0.0, 0.0, 1.0, -0.0, 0.0, 0.0, 0.0, 1.0],
                [1.0, -0.0, 0.0, -0.0, 0.0, 1.0, 0.0, 0.05, -0.0, 0.0, 1.0, -0.0, 0.0, 0.0, 0.0, 1.0]
            ]
        },
        {
            "name": "Chest",
            "time": [0.0, 3.3333],
            "transform": [
                [0.999655, 0.021672, 0.014854, -0.0, -0.026012, 0.895877, 0.443541, 0.3, -0.003695, -0.443774, 0.896131, -0.0, 0.0, 0.0, 0.0, 1.0],
                [0.999655, 0.021672, 0.014854, -0.0, -0.026012, 0.895877, 0.443541, 0.3, -0.003695, -0.443774, 0.896131, -0.0, 0.0, 0.0, 0.0, 1.0]
            ]
        },
        {
            "name": "Head",
            "time": [0.0, 2.5167, 3.3333],
            "transform": [
                [0.99946, -0.012081, 0.030571, 0.0, 0.000348, 0.933852, 0.35766, 0.4, -0.03287, -0.357456, 0.933351, 0.0, 0.0, 0.0, 0.0, 1.0],
                [0.99946, -0.012081, 0.030571, 0.0, 0.000348, 0.933852, 0.35766, 0.4, -0.03287, -0.357456, 0.933351, 0.0, 0.0, 0.0, 0.0, 1.0],
                [0.998728, -0.03324, 0.037918, 0.0, 0.048387, 0.843355, -0.535173, 0.4, -0.014189, 0.536327, 0.843891, 0.0, 0.0, 0.0, 0.0, 1.0]
            ]
        },
        {
            "name": "Shoulder_R",
            "time": [0.0, 3.3333],
            "transform": [
                [0.0, 0.952114, 0.305743, 0.0, -0.0, -0.305743, 0.952114, 0.4, 1.0, -0.0, -0.0, 0.0, 0.0, 0.0, 0.0, 1.0],
                [0.0, 0.952114, 0.305743, 0.0, -0.0, -0.305743, 0.952114, 0.4, 1.0, -0.0, -0.0, 0.0, 0.0, 0.0, 0.0, 1.0]
            ]
        },
        {
            "name": "Arm_R",
            "time": [0.0, 3.3333],
            "transform": [
                [0.127693, -0.685269, -0.717009, 0.0, 0.917966, 0.355387, -0.176174, 0.39386, 0.375542, -0.635694, 0.674434, -0.0, 0.0, 0.0, 0.0, 1.0],
                [0.127693, -0.685269, -0.717009, 0.0, 0.917966, 0.355387, -0.176174, 0.39386, 0.375542, -0.635694, 0.674434, -0.0, 0.0, 0.0, 0.0, 1.0]
            ]
        },
        {
            "name": "Hand_R",
            "time": [0.0, 3.3333],
            "transform": [
                [1.0, -1e-06, 0.0, 0.0, 1e-06, 0.92196, -0.387287, 0.300003, 0.0, 0.387287, 0.921959, -0.0, 0.0, 0.0, 0.0, 1.0],
                [1.0, -1e-06, 0.0, 0.0, 1e-06, 0.92196, -0.387287, 0.300003, 0.0, 0.387287, 0.921959, -0.0, 0.0, 0.0, 0.0, 1.0]
            ]
        },
        {
            "name": "Tool_R",
            "time": [0.0, 3.3333],
            "transform": [
                [0.998038, -0.009658, 0.061869, -0.012222, 0.011491, -0.943006, -0.332579, 0.279758, 0.061555, 0.332637, -0.941045, -0.16476, 0.0, 0.0, 0.0, 1.0],
                [0.998038, -0.009658, 0.061869, -0.012222, 0.011491, -0.943006, -0.332579, 0.279758, 0.061555, 0.332637, -0.941045, -0.16476, 0.0, 0.0, 0.0, 1.0]
            ]
        },
        {
            "name": "Elbow_R",
            "time": [0.0, 3.3333],
            "transform": [
                [-1.0, 0.0, -0.0, -0.0, 0.0, 0.003946, -0.999992, 0.336466, -0.0, -0.999993, -0.003946, -0.001108, 0.0, 0.0, 0.0, 1.0],
                [-1.0, 0.0, -0.0, -0.0, 0.0, 0.003946, -0.999992, 0.336466, -0.0, -0.999993, -0.003946, -0.001108, 0.0, 0.0, 0.0, 1.0]
            ]
        },
        {
            "name": "Shoulder_L",
            "time": [0.0, 3.3333],
            "transform": [
                [-0.0, -0.952114, -0.305743, 0.0, 0.0, -0.305743, 0.952114, 0.4, -1.0, 0.0, 0.0, 0.0, 0.0, 0.0, 0.0, 1.0],
                [-0.0, -0.952114, -0.305743, 0.0, 0.0, -0.305743, 0.952114, 0.4, -1.0, 0.0, 0.0, 0.0, 0.0, 0.0, 0.0, 1.0]
            ]
        },
        {
            "name": "Arm_L",
            "time": [0.0, 3.3333],
            "transform": [
                [0.096176, 0.651947, 0.752139, 0.0, -0.919351, 0.347805, -0.183917, 0.39386, -0.381503, -0.673791, 0.632819, -0.0, 0.0, 0.0, 0.0, 1.0],
                [0.096176, 0.651947, 0.752139, 0.0, -0.919351, 0.347805, -0.183917, 0.39386, -0.381503, -0.673791, 0.632819, -0.0, 0.0, 0.0, 0.0, 1.0]
            ]
        },
        {
            "name": "Hand_L",
            "time": [0.0, 3.3333],
            "transform": [
                [1.0, 0.0, -0.0, -0.0, -0.0, 0.93358, -0.358369, 0.300003, -0.0, 0.358369, 0.93358, -0.0, 0.0, 0.0, 0.0, 1.0],
                [1.0, 0.0, -0.0, -0.0, -0.0, 0.93358, -0.358369, 0.300003, -0.0, 0.358369, 0.93358, -0.0, 0.0, 0.0, 0.0, 1.0]
            ]
        },
        {
            "name": "Tool_L",
            "time": [0.0, 3.3333],
            "transform": [
                [0.966813, 0.035969, -0.25294, -0.005683, -0.043463, -0.952453, -0.301568, 0.225375, -0.25176, 0.302553, -0.919282, -0.162454, 0.0, 0.0, 0.0, 1.0],
                [0.966813, 0.035969, -0.25294, -0.005683, -0.043463, -0.952453, -0.301568, 0.225375, -0.25176, 0.302553, -0.919282, -0.162454, 0.0, 0.0, 0.0, 1.0]
            ]
        },
        {
            "name": "Elbow_L",
            "time": [0.0, 3.3333],
            "transform": [
                [-1.0, 0.0, -0.0, 0.0, 0.0, 0.003946, -0.999992, 0.333545, -0.0, -0.999993, -0.003946, -0.00112, 0.0, 0.0, 0.0, 1.0],
                [-1.0, 0.0, -0.0, 0.0, 0.0, 0.003946, -0.999992, 0.333545, -0.0, -0.999993, -0.003946, -0.00112, 0.0, 0.0, 0.0, 1.0]
            ]
        }
    ]
}