{
    "animation": [
        {
            "name": "Root",
            "time": [0.0, 1.0],
            "transform": [
                [1.0, 0.0, 0.0, -5e-06, 0.0, 0.0, -1.0, 0.000946, 0.0, 1.0, 0.0, 0.734955, 0.0, 0.0, 0.0, 1.0],
                [1.0, 0.0, 0.0, -5e-06, 0.0, 0.0, -1.0, 0.000946, 0.0, 1.0, 0.0, 0.734955, 0.0, 0.0, 0.0, 1.0]
            ]
        },
        {
            "name": "Thigh_R",
            "time": [0.0, 1.0],
            "transform": [
                [0.934971, 0.065833, -0.348562, 0.124994, 0.235811, -0.849418, 0.472101, -0.002831, -0.264996, -0.523594, -0.809707, -1.2e-05, 0.0, 0.0, 0.0, 1.0],
                [0.934971, 0.065833, -0.348562, 0.124994, 0.235811, -0.849418, 0.472101, -0.002831, -0.264996, -0.523594, -0.809707, -1.2e-05, 0.0, 0.0, 0.0, 1.0]
            ]
        },
        {
            "name": "Leg_R",
            "time": [0.0, 1.0],
            "transform": [
                [1.0, -0.0, 1e-06, 0.0, -0.0, 0.88761, 0.4606, 0.374726, -1e-06, -0.460601, 0.887605, -0.0, 0.0, 0.0, 0.0, 1.0],
                [1.0, -0.0, 1e-06, 0.0, -0.0, 0.88761, 0.4606, 0.374726, -1e-06, -0.460601, 0.887605, -0.0, 0.0, 0.0, 0.0, 1.0]
            ]
        },
        {
            "name": "Knee_R",
            "time": [0.0, 1.0],
            "transform": [
                [1.0, 0.0, -0.0, -0.0, -0.0, 0.00567, -0.999984, 0.374726, -0.0, 0.999984, 0.00567, 0.0, 0.0, 0.0, 0.0, 1.0],
                [1.0, 0.0, -0.0, -0.0, -0.0, 0.00567, -0.999984, 0.374726, -0.0, 0.999984, 0.00567, 0.0, 0.0, 0.0, 0.0, 1.0]
            ]
        },
        {
            "name": "Thigh_L",
            "time": [0.0, 1.0],
            "transform": [
                [0.956051, -0.183575, 0.228615, -0.125006, -0.194909, -0.980426, 0.027826, -0.002831, 0.219032, -0.071162, -0.973119, -1.2e-05, 0.0, 0.0, 0.0, 1.0],
                [0.956051, -0.183575, 0.228615, -0.125006, -0.194909, -0.980426, 0.027826, -0.002831, 0.219032, -0.071162, -0.973119, -1.2e-05, 0.0, 0.0, 0.0, 1.0]
            ]
        },
        {
            "name": "Leg_L",
            "time": [0.0, 1.0],
            "transform": [
                [1.0, -0.0, 1e-06, 0.0, -0.0, 0.95226, 0.305286, 0.374726, -1e-06, -0.305286, 0.95226, -0.0, 0.0, 0.0, 0.0, 1.0],
                [1.0, -0.0, 1e-06, 0.0, -0.0, 0.95226, 0.305286, 0.374726, -1e-06, -0.305286, 0.95226, -0.0, 0.0, 0.0, 0.0, 1.0]
            ]
        },
        {
            "name": "Knee_L",
            "time": [0.0, 1.0],
            "transform": [
                [1.0, 0.0, -0.0, 0.0, -0.0, 0.00567, -0.999984, 0.374726, -0.0, 0.999984, 0.00567, -0.0, 0.0, 0.0, 0.0, 1.0],
                [1.0, 0.0, -0.0, 0.0, -0.0, 0.00567, -0.999984, 0.374726, -0.0, 0.999984, 0.00567, -0.0, 0.0, 0.0, 0.0, 1.0]
            ]
        },
        {
            "name": "Torso",
            "time": [0.0, 1.0],
            "transform": [
                [1.0, 0.0, 0.0, 0.0, 0.0, 1.0, 0.0, 0.05, 0.0, 0.0, 1.0, 0.0, 0.0, 0.0, 0.0, 1.0],
                [1.0, 0.0, 0.0, 0.0, 0.0, 1.0, 0.0, 0.05, 0.0, 0.0, 1.0, 0.0, 0.0, 0.0, 0.0, 1.0]
            ]
        },
        {
            "name": "Chest",
            "time": [0.0, 1.0],
            "transform": [
                [1.0, 0.0, 0.0, 0.0, 0.0, 1.0, 0.0, 0.3, 0.0, 0.0, 1.0, 0.0, 0.0, 0.0, 0.0, 1.0],
                [1.0, 0.0, 0.0, 0.0, 0.0, 1.0, 0.0, 0.3, 0.0, 0.0, 1.0, 0.0, 0.0, 0.0, 0.0, 1.0]
            ]
        },
        {
            "name": "Head",
            "time": [0.0, 1.0],
            "transform": [
                [0.984664, -0.087891, 0.150706, 0.0, 0.002348, 0.870428, 0.49229, 0.4, -0.174447, -0.484386, 0.857285, 0.0, 0.0, 0.0, 0.0, 1.0],
                [0.984664, -0.087891, 0.150706, 0.0, 0.002348, 0.870428, 0.49229, 0.4, -0.174447, -0.484386, 0.857285, 0.0, 0.0, 0.0, 0.0, 1.0]
            ]
        },
        {
            "name": "Shoulder_R",
            "time": [0.0, 1.0],
            "transform": [
                [0.0, 0.952114, 0.305743, 0.0, 0.0, -0.305743, 0.952114, 0.4, 1.0, 0.0, -0.0, 0.0, 0.0, 0.0, 0.0, 1.0],
                [0.0, 0.952114, 0.305743, 0.0, 0.0, -0.305743, 0.952114, 0.4, 1.0, 0.0, -0.0, 0.0, 0.0, 0.0, 0.0, 1.0]
            ]
        },
        {
            "name": "Arm_R",
            "time": [0.0, 1.0],
            "transform": [
                [0.399498, -0.878434, -0.262214, -0.0, 0.512549, 0.451176, -0.730571, 0.39386, 0.760063, 0.157464, 0.630484, -0.0, 0.0, 0.0, 0.0, 1.0],
                [0.399498, -0.878434, -0.262214, -0.0, 0.512549, 0.451176, -0.730571, 0.39386, 0.760063, 0.157464, 0.630484, -0.0, 0.0, 0.0, 0.0, 1.0]
            ]
        },
        {
            "name": "Hand_R",
            "time": [0.0, 1.0],
            "transform": [
                [1.0, -0.0, 0.0, -0.0, 0.0, 1.0, -0.001014, 0.300003, -0.0, 0.001014, 1.0, 0.0, 0.0, 0.0, 0.0, 1.0],
                [1.0, -0.0, 0.0, -0.0, 0.0, 1.0, -0.001014, 0.300003, -0.0, 0.001014, 1.0, 0.0, 0.0, 0.0, 0.0, 1.0]
            ]
        },
        {
            "name": "Tool_R",
            "time": [0.0, 1.0],
            "transform": [
                [-0.384907, -0.170949, 0.906986, -0.0, 0.197802, -0.975143, -0.099853, 0.271711, 0.90151, 0.14097, 0.409154, -0.028915, 0.0, 0.0, 0.0, 1.0],
                [-0.384907, -0.170949, 0.906986, -0.0, 0.197802, -0.975143, -0.099853, 0.271711, 0.90151, 0.14097, 0.409154, -0.028915, 0.0, 0.0, 0.0, 1.0]
            ]
        },
        {
            "name": "Elbow_R",
            "time": [0.0, 1.0],
            "transform": [
                [-1.0, 0.0, -0.0, -0.0, -0.0, 0.003946, -0.999992, 0.300008, -0.0, -0.999992, -0.003946, -0.001252, 0.0, 0.0, 0.0, 1.0],
                [-1.0, 0.0, -0.0, -0.0, -0.0, 0.003946, -0.999992, 0.300008, -0.0, -0.999992, -0.003946, -0.001252, 0.0, 0.0, 0.0, 1.0]
            ]
        },
        {
            "name": "Shoulder_L",
            "time": [0.0, 1.0],
            "transform": [
                [-0.0, -0.952114, -0.305743, 0.0, 0.0, -0.305743, 0.952114, 0.4, -1.0, 0.0, 0.0, 0.0, 0.0, 0.0, 0.0, 1.0],
                [-0.0, -0.952114, -0.305743, 0.0, 0.0, -0.305743, 0.952114, 0.4, -1.0, 0.0, 0.0, 0.0, 0.0, 0.0, 0.0, 1.0]
            ]
        },
        {
            "name": "Arm_L",
            "time": [0.0, 1.0],
            "transform": [
                [0.378129, 0.84008, 0.388951, 0.0, -0.554155, 0.541958, -0.631818, 0.39386, -0.741573, 0.02337, 0.670465, 0.0, 0.0, 0.0, 0.0, 1.0],
                [0.378129, 0.84008, 0.388951, 0.0, -0.554155, 0.541958, -0.631818, 0.39386, -0.741573, 0.02337, 0.670465, 0.0, 0.0, 0.0, 0.0, 1.0]
            ]
        },
        {
            "name": "Hand_L",
            "time": [0.0, 1.0],
            "transform": [
                [1.0, -0.0, -0.0, 0.0, -0.0, 1.0, -0.001014, 0.300003, 0.0, 0.001014, 0.999999, -0.0, 0.0, 0.0, 0.0, 1.0],
                [1.0, -0.0, -0.0, 0.0, -0.0, 1.0, -0.001014, 0.300003, 0.0, 0.001014, 0.999999, -0.0, 0.0, 0.0, 0.0, 1.0]
            ]
        },
        {
            "name": "Tool_L",
            "time": [0.0, 1.0],
            "transform": [
                [-0.232002, 0.293594, -0.92735, -0.0, -0.320998, -0.923063, -0.211931, 0.271711, -0.918224, 0.248508, 0.308396, -0.028915, 0.0, 0.0, 0.0, 1.0],
                [-0.232002, 0.293594, -0.92735, -0.0, -0.320998, -0.923063, -0.211931, 0.271711, -0.918224, 0.248508, 0.308396, -0.028915, 0.0, 0.0, 0.0, 1.0]
            ]
        },
        {
            "name": "Elbow_L",
            "time": [0.0, 1.0],
            "transform": [
                [-1.0, 0.0, 0.0, -0.0, 0.0, 0.003946, -0.999992, 0.300007, -0.0, -0.999992, -0.003946, -0.001252, 0.0, 0.0, 0.0, 1.0],
                [-1.0, 0.0, 0.0, -0.0, 0.0, 0.003946, -0.999992, 0.300007, -0.0, -0.999992, -0.003946, -0.001252, 0.0, 0.0, 0.0, 1.0]
            ]
        }
    ]
}