{
    "animation": [
        {
            "name": "Root",
            "time": [0.0, 5.0167],
            "transform": [
                [0.995793, -0.069171, 0.060093, -5e-06, 0.072901, 0.200779, -0.97692, -0.110939, 0.055509, 0.977192, 0.204977, 0.711094, 0.0, 0.0, 0.0, 1.0],
                [0.995793, -0.069171, 0.060093, -5e-06, 0.072901, 0.200779, -0.97692, -0.110939, 0.055509, 0.977192, 0.204977, 0.711094, 0.0, 0.0, 0.0, 1.0]
            ]
        },
        {
            "name": "Thigh_R",
            "time": [0.0, 5.0167],
            "transform": [
                [0.842748, 0.229468, 0.48695, 0.124994, -0.128076, -0.793142, 0.595416, -0.002831, 0.52285, -0.564151, -0.639031, -1.2e-05, 0.0, 0.0, 0.0, 1.0],
                [0.842748, 0.229468, 0.48695, 0.124994, -0.128076, -0.793142, 0.595416, -0.002831, 0.52285, -0.564151, -0.639031, -1.2e-05, 0.0, 0.0, 0.0, 1.0]
            ]
        },
        {
            "name": "Leg_R",
            "time": [0.0, 5.0167],
            "transform": [
                [1.000001, -0.0, 1e-06, -0.0, -0.0, 0.878544, 0.477665, 0.374726, -1e-06, -0.477666, 0.878539, 0.0, 0.0, 0.0, 0.0, 1.0],
                [1.000001, -0.0, 1e-06, -0.0, -0.0, 0.878544, 0.477665, 0.374726, -1e-06, -0.477666, 0.878539, 0.0, 0.0, 0.0, 0.0, 1.0]
            ]
        },
        {
            "name": "Knee_R",
            "time": [0.0, 5.0167],
            "transform": [
                [1.0, 0.0, -0.0, -0.0, -0.0, 0.00567, -0.999984, 0.374726, -0.0, 0.999984, 0.00567, 0.0, 0.0, 0.0, 0.0, 1.0],
                [1.0, 0.0, -0.0, -0.0, -0.0, 0.00567, -0.999984, 0.374726, -0.0, 0.999984, 0.00567, 0.0, 0.0, 0.0, 0.0, 1.0]
            ]
        },
        {
            "name": "Thigh_L",
            "time": [0.0, 5.0167],
            "transform": [
                [0.862722, -0.346696, -0.368119, -0.125006, 0.010978, -0.714959, 0.69908, -0.002831, -0.505559, -0.607153, -0.613005, -1.2e-05, 0.0, 0.0, 0.0, 1.0],
                [0.862722, -0.346696, -0.368119, -0.125006, 0.010978, -0.714959, 0.69908, -0.002831, -0.505559, -0.607153, -0.613005, -1.2e-05, 0.0, 0.0, 0.0, 1.0]
            ]
        },
        {
            "name": "Leg_L",
            "time": [0.0, 5.0167],
            "transform": [
                [1.0, -0.0, 1e-06, -0.0, -0.0, 0.864385, 0.50283, 0.374726, -1e-06, -0.502829, 0.864386, 0.0, 0.0, 0.0, 0.0, 1.0],
                [1.0, -0.0, 1e-06, -0.0, -0.0, 0.864385, 0.50283, 0.374726, -1e-06, -0.502829, 0.864386, 0.0, 0.0, 0.0, 0.0, 1.0]
            ]
        },
        {
            "name": "Knee_L",
            "time": [0.0, 5.0167],
            "transform": [
                [1.0, 0.0, -0.0, -0.0, -0.0, 0.00567, -0.999984, 0.374726, -0.0, 0.999984, 0.00567, 0.0, 0.0, 0.0, 0.0, 1.0],
                [1.0, 0.0, -0.0, -0.0, -0.0, 0.00567, -0.999984, 0.374726, -0.0, 0.999984, 0.00567, 0.0, 0.0, 0.0, 0.0, 1.0]
            ]
        },
        {
            "name": "Torso",
            "time": [0.0, 5.0167],
            "transform": [
                [1.0, -0.0, 0.0, -0.0, 0.0, 1.0, 0.0, 0.05, -0.0, 0.0, 1.0, 0.0, 0.0, 0.0, 0.0, 1.0],
                [1.0, -0.0, 0.0, -0.0, 0.0, 1.0, 0.0, 0.05, -0.0, 0.0, 1.0, 0.0, 0.0, 0.0, 0.0, 1.0]
            ]
        },
        {
            "name": "Chest",
            "time": [0.0, 5.0167],
            "transform": [
                [0.999857, 0.008433, 0.014622, -0.0, -0.015097, 0.834199, 0.551257, 0.3, -0.007549, -0.5514, 0.834207, 0.0, 0.0, 0.0, 0.0, 1.0],
                [0.999857, 0.008433, 0.014622, -0.0, -0.015097, 0.834199, 0.551257, 0.3, -0.007549, -0.5514, 0.834207, 0.0, 0.0, 0.0, 0.0, 1.0]
            ]
        },
        {
            "name": "Head",
            "time": [0.0, 3.3333, 4.1667, 5.0167],
            "transform": [
                [0.99946, -0.012081, 0.030571, 0.0, 0.000348, 0.933852, 0.35766, 0.4, -0.03287, -0.357456, 0.933351, -0.0, 0.0, 0.0, 0.0, 1.0],
                [0.99946, -0.012081, 0.030571, 0.0, 0.000348, 0.933852, 0.35766, 0.4, -0.03287, -0.357456, 0.933351, -0.0, 0.0, 0.0, 0.0, 1.0],
                [0.997026, 0.075127, 0.017192, 0.0, -0.060526, 0.901378, -0.428783, 0.4, -0.04771, 0.426467, 0.903244, -0.0, 0.0, 0.0, 0.0, 1.0],
                [0.997026, 0.075127, 0.017192, 0.0, -0.060526, 0.901378, -0.428783, 0.4, -0.04771, 0.426467, 0.903244, -0.0, 0.0, 0.0, 0.0, 1.0]
            ]
        },
        {
            "name": "Shoulder_R",
            "time": [0.0, 5.0167],
            "transform": [
                [0.0, 0.952114, 0.305743, 0.0, 0.0, -0.305743, 0.952114, 0.4, 1.0, 0.0, -0.0, -0.0, 0.0, 0.0, 0.0, 1.0],
                [0.0, 0.952114, 0.305743, 0.0, 0.0, -0.305743, 0.952114, 0.4, 1.0, 0.0, -0.0, -0.0, 0.0, 0.0, 0.0, 1.0]
            ]
        },
        {
            "name": "Arm_R",
            "time": [0.0, 5.0167],
            "transform": [
                [0.127291, -0.724315, -0.677618, -0.0, 0.922944, 0.336713, -0.186541, 0.393861, 0.363277, -0.601658, 0.711363, 0.0, 0.0, 0.0, 0.0, 1.0],
                [0.127291, -0.724315, -0.677618, -0.0, 0.922944, 0.336713, -0.186541, 0.393861, 0.363277, -0.601658, 0.711363, 0.0, 0.0, 0.0, 0.0, 1.0]
            ]
        },
        {
            "name": "Hand_R",
            "time": [0.0, 5.0167],
            "transform": [
                [1.0, -1e-06, 0.0, 0.0, 1e-06, 0.935634, -0.352974, 0.300003, 0.0, 0.352974, 0.935633, 0.0, 0.0, 0.0, 0.0, 1.0],
                [1.0, -1e-06, 0.0, 0.0, 1e-06, 0.935634, -0.352974, 0.300003, 0.0, 0.352974, 0.935633, 0.0, 0.0, 0.0, 0.0, 1.0]
            ]
        },
        {
            "name": "Tool_R",
            "time": [0.0, 5.0167],
            "transform": [
                [0.999722, -0.002533, 0.023441, -0.012222, 0.003228, -0.970153, -0.242473, 0.279758, 0.023356, 0.242482, -0.969875, -0.16476, 0.0, 0.0, 0.0, 1.0],
                [0.999722, -0.002533, 0.023441, -0.012222, 0.003228, -0.970153, -0.242473, 0.279758, 0.023356, 0.242482, -0.969875, -0.16476, 0.0, 0.0, 0.0, 1.0]
            ]
        },
        {
            "name": "Elbow_R",
            "time": [0.0, 5.0167],
            "transform": [
                [-1.0, 0.0, -0.0, 0.0, 0.0, 0.003946, -0.999992, 0.333004, -0.0, -0.999992, -0.003946, -0.001122, 0.0, 0.0, 0.0, 1.0],
                [-1.0, 0.0, -0.0, 0.0, 0.0, 0.003946, -0.999992, 0.333004, -0.0, -0.999992, -0.003946, -0.001122, 0.0, 0.0, 0.0, 1.0]
            ]
        },
        {
            "name": "Shoulder_L",
            "time": [0.0, 5.0167],
            "transform": [
                [-0.0, -0.952114, -0.305743, 0.0, 0.0, -0.305743, 0.952114, 0.4, -1.0, -0.0, 0.0, -0.0, 0.0, 0.0, 0.0, 1.0],
                [-0.0, -0.952114, -0.305743, 0.0, 0.0, -0.305743, 0.952114, 0.4, -1.0, -0.0, 0.0, -0.0, 0.0, 0.0, 0.0, 1.0]
            ]
        },
        {
            "name": "Arm_L",
            "time": [0.0, 5.0167],
            "transform": [
                [0.111045, 0.772944, 0.62468, -0.0, -0.925811, 0.308974, -0.217733, 0.39386, -0.361305, -0.554158, 0.749912, -0.0, 0.0, 0.0, 0.0, 1.0],
                [0.111045, 0.772944, 0.62468, -0.0, -0.925811, 0.308974, -0.217733, 0.39386, -0.361305, -0.554158, 0.749912, -0.0, 0.0, 0.0, 0.0, 1.0]
            ]
        },
        {
            "name": "Hand_L",
            "time": [0.0, 5.0167],
            "transform": [
                [1.0, -0.0, 0.0, 0.0, 0.0, 0.965453, -0.260577, 0.300002, 0.0, 0.260577, 0.965453, -0.0, 0.0, 0.0, 0.0, 1.0],
                [1.0, -0.0, 0.0, 0.0, 0.0, 0.965453, -0.260577, 0.300002, 0.0, 0.260577, 0.965453, -0.0, 0.0, 0.0, 0.0, 1.0]
            ]
        },
        {
            "name": "Tool_L",
            "time": [0.0, 5.0167],
            "transform": [
                [0.970327, 0.025544, -0.240442, -0.005683, -0.032671, -0.971434, -0.235049, 0.225375, -0.239578, 0.23593, -0.941775, -0.162454, 0.0, 0.0, 0.0, 1.0],
                [0.970327, 0.025544, -0.240442, -0.005683, -0.032671, -0.971434, -0.235049, 0.225375, -0.239578, 0.23593, -0.941775, -0.162454, 0.0, 0.0, 0.0, 1.0]
            ]
        },
        {
            "name": "Elbow_L",
            "time": [0.0, 5.0167],
            "transform": [
                [-1.0, 0.0, -0.0, 0.0, 0.0, 0.003946, -0.999992, 0.323902, -0.0, -0.999993, -0.003946, -0.001158, 0.0, 0.0, 0.0, 1.0],
                [-1.0, 0.0, -0.0, 0.0, 0.0, 0.003946, -0.999992, 0.323902, -0.0, -0.999993, -0.003946, -0.001158, 0.0, 0.0, 0.0, 1.0]
            ]
        }
    ]
}