{
    "animation": [
        {
            "name": "Root",
            "time": [0.0, 1.3333],
            "transform": [
                [1.0, 0.0, 0.0, -5e-06, 0.0, 0.0, -1.0, -0.25082, 0.0, 1.0, 0.0, 0.763972, 0.0, 0.0, 0.0, 1.0],
                [1.0, 0.0, 0.0, -5e-06, 0.0, 0.0, -1.0, -0.25082, 0.0, 1.0, 0.0, 0.763972, 0.0, 0.0, 0.0, 1.0]
            ]
        },
        {
            "name": "Thigh_R",
            "time": [0.0, 1.3333],
            "transform": [
                [0.972051, 0.145408, -0.184315, 0.124994, 0.19505, -0.937141, 0.289341, -0.002831, -0.130657, -0.317204, -0.939314, -1.2e-05, 0.0, 0.0, 0.0, 1.0],
                [0.972051, 0.145408, -0.184315, 0.124994, 0.19505, -0.937141, 0.289341, -0.002831, -0.130657, -0.317204, -0.939314, -1.2e-05, 0.0, 0.0, 0.0, 1.0]
            ]
        },
        {
            "name": "Leg_R",
            "time": [0.0, 1.3333],
            "transform": [
                [1.0, -0.0, 1e-06, -0.0, 0.0, 0.999991, 0.004749, 0.374726, -1e-06, -0.004749, 0.999986, 0.0, 0.0, 0.0, 0.0, 1.0],
                [1.0, -0.0, 1e-06, -0.0, 0.0, 0.999991, 0.004749, 0.374726, -1e-06, -0.004749, 0.999986, 0.0, 0.0, 0.0, 0.0, 1.0]
            ]
        },
        {
            "name": "Knee_R",
            "time": [0.0, 1.3333],
            "transform": [
                [1.0, 0.0, -0.0, -0.0, -0.0, 0.00567, -0.999984, 0.374726, -0.0, 0.999984, 0.00567, -0.0, 0.0, 0.0, 0.0, 1.0],
                [1.0, 0.0, -0.0, -0.0, -0.0, 0.00567, -0.999984, 0.374726, -0.0, 0.999984, 0.00567, -0.0, 0.0, 0.0, 0.0, 1.0]
            ]
        },
        {
            "name": "Thigh_L",
            "time": [0.0, 1.3333],
            "transform": [
                [0.962449, -0.169165, 0.21231, -0.125006, -0.225537, -0.933559, 0.278567, -0.002831, 0.15108, -0.31599, -0.936656, -1.2e-05, 0.0, 0.0, 0.0, 1.0],
                [0.962449, -0.169165, 0.21231, -0.125006, -0.225537, -0.933559, 0.278567, -0.002831, 0.15108, -0.31599, -0.936656, -1.2e-05, 0.0, 0.0, 0.0, 1.0]
            ]
        },
        {
            "name": "Leg_L",
            "time": [0.0, 1.3333],
            "transform": [
                [1.0, -0.0, 1e-06, 0.0, 0.0, 0.999989, 0.004753, 0.374726, -1e-06, -0.004753, 0.999988, 0.0, 0.0, 0.0, 0.0, 1.0],
                [1.0, -0.0, 1e-06, 0.0, 0.0, 0.999989, 0.004753, 0.374726, -1e-06, -0.004753, 0.999988, 0.0, 0.0, 0.0, 0.0, 1.0]
            ]
        },
        {
            "name": "Knee_L",
            "time": [0.0, 1.3333],
            "transform": [
                [1.0, 0.0, -0.0, -0.0, -0.0, 0.00567, -0.999984, 0.374726, -0.0, 0.999984, 0.00567, 0.0, 0.0, 0.0, 0.0, 1.0],
                [1.0, 0.0, -0.0, -0.0, -0.0, 0.00567, -0.999984, 0.374726, -0.0, 0.999984, 0.00567, 0.0, 0.0, 0.0, 0.0, 1.0]
            ]
        },
        {
            "name": "Torso",
            "time": [0.0, 1.3333],
            "transform": [
                [1.0, 0.0, 0.0, 0.0, 0.0, 1.0, 0.0, 0.05, 0.0, 0.0, 1.0, 0.0, 0.0, 0.0, 0.0, 1.0],
                [1.0, 0.0, 0.0, 0.0, 0.0, 1.0, 0.0, 0.05, 0.0, 0.0, 1.0, 0.0, 0.0, 0.0, 0.0, 1.0]
            ]
        },
        {
            "name": "Chest",
            "time": [0.0, 1.3333],
            "transform": [
                [0.998847, 0.015002, -0.045595, 0.0, 0.00839, 0.880715, 0.473572, 0.3, 0.047261, -0.473408, 0.879574, 0.0, 0.0, 0.0, 0.0, 1.0],
                [0.998847, 0.015002, -0.045595, 0.0, 0.00839, 0.880715, 0.473572, 0.3, 0.047261, -0.473408, 0.879574, 0.0, 0.0, 0.0, 0.0, 1.0]
            ]
        },
        {
            "name": "Head",
            "time": [0.0, 1.3333],
            "transform": [
                [1.0, -0.0, 0.0, 0.0, 0.0, 1.0, 0.0, 0.4, 0.0, -0.0, 1.0, 0.0, 0.0, 0.0, 0.0, 1.0],
                [1.0, -0.0, 0.0, 0.0, 0.0, 1.0, 0.0, 0.4, 0.0, -0.0, 1.0, 0.0, 0.0, 0.0, 0.0, 1.0]
            ]
        },
        {
            "name": "Shoulder_R",
            "time": [0.0, 1.3333],
            "transform": [
                [0.0, 0.952114, 0.305743, 0.0, 0.0, -0.305743, 0.952114, 0.4, 1.0, 0.0, -0.0, 0.0, 0.0, 0.0, 0.0, 1.0],
                [0.0, 0.952114, 0.305743, 0.0, 0.0, -0.305743, 0.952114, 0.4, 1.0, 0.0, -0.0, 0.0, 0.0, 0.0, 0.0, 1.0]
            ]
        },
        {
            "name": "Arm_R",
            "time": [0.0, 1.3333],
            "transform": [
                [0.175988, -0.593245, -0.78555, 0.0, 0.917031, 0.388926, -0.088271, 0.393861, 0.357887, -0.704839, 0.61247, -0.0, 0.0, 0.0, 0.0, 1.0],
                [0.175988, -0.593245, -0.78555, 0.0, 0.917031, 0.388926, -0.088271, 0.393861, 0.357887, -0.704839, 0.61247, -0.0, 0.0, 0.0, 0.0, 1.0]
            ]
        },
        {
            "name": "Hand_R",
            "time": [0.0, 1.3333],
            "transform": [
                [1.0, -1e-06, 0.0, 0.0, 1e-06, 0.976021, -0.217677, 0.300003, 0.0, 0.217678, 0.976021, 0.0, 0.0, 0.0, 0.0, 1.0],
                [1.0, -1e-06, 0.0, 0.0, 1e-06, 0.976021, -0.217677, 0.300003, 0.0, 0.217678, 0.976021, 0.0, 0.0, 0.0, 0.0, 1.0]
            ]
        },
        {
            "name": "Tool_R",
            "time": [0.0, 1.3333],
            "transform": [
                [0.99847, -0.005432, 0.055031, 0.0, 0.007063, -0.974488, -0.224329, 0.271711, 0.054845, 0.224375, -0.972959, -0.028915, 0.0, 0.0, 0.0, 1.0],
                [0.99847, -0.005432, 0.055031, 0.0, 0.007063, -0.974488, -0.224329, 0.271711, 0.054845, 0.224375, -0.972959, -0.028915, 0.0, 0.0, 0.0, 1.0]
            ]
        },
        {
            "name": "Elbow_R",
            "time": [0.0, 1.3333],
            "transform": [
                [-1.0, 0.0, -0.0, 0.0, 0.0, 0.003946, -0.999992, 0.319762, -0.0, -0.999992, -0.003946, -0.001174, 0.0, 0.0, 0.0, 1.0],
                [-1.0, 0.0, -0.0, 0.0, 0.0, 0.003946, -0.999992, 0.319762, -0.0, -0.999992, -0.003946, -0.001174, 0.0, 0.0, 0.0, 1.0]
            ]
        },
        {
            "name": "Shoulder_L",
            "time": [0.0, 1.3333],
            "transform": [
                [-0.0, -0.952114, -0.305743, 0.0, 0.0, -0.305743, 0.952114, 0.4, -1.0, 0.0, 0.0, 0.0, 0.0, 0.0, 0.0, 1.0],
                [-0.0, -0.952114, -0.305743, 0.0, 0.0, -0.305743, 0.952114, 0.4, -1.0, 0.0, 0.0, 0.0, 0.0, 0.0, 0.0, 1.0]
            ]
        },
        {
            "name": "Arm_L",
            "time": [0.0, 1.3333],
            "transform": [
                [0.28214, 0.441857, 0.851563, -0.0, -0.886298, 0.45983, 0.055053, 0.39386, -0.367249, -0.770271, 0.521355, -0.0, 0.0, 0.0, 0.0, 1.0],
                [0.28214, 0.441857, 0.851563, -0.0, -0.886298, 0.45983, 0.055053, 0.39386, -0.367249, -0.770271, 0.521355, -0.0, 0.0, 0.0, 0.0, 1.0]
            ]
        },
        {
            "name": "Hand_L",
            "time": [0.0, 1.3333],
            "transform": [
                [1.0, -0.0, 0.0, 0.0, 0.0, 0.911567, -0.411153, 0.300002, -0.0, 0.411153, 0.911566, 0.0, 0.0, 0.0, 0.0, 1.0],
                [1.0, -0.0, 0.0, 0.0, 0.0, 0.911567, -0.411153, 0.300002, -0.0, 0.411153, 0.911566, 0.0, 0.0, 0.0, 0.0, 1.0]
            ]
        },
        {
            "name": "Tool_L",
            "time": [0.0, 1.3333],
            "transform": [
                [0.991745, 0.010656, 0.127781, -0.01247, -0.006857, -0.990707, 0.13584, 0.214966, 0.128041, -0.135594, -0.982456, -0.002106, 0.0, 0.0, 0.0, 1.0],
                [0.991745, 0.010656, 0.127781, -0.01247, -0.006857, -0.990707, 0.13584, 0.214966, 0.128041, -0.135594, -0.982456, -0.002106, 0.0, 0.0, 0.0, 1.0]
            ]
        },
        {
            "name": "Elbow_L",
            "time": [0.0, 1.3333],
            "transform": [
                [-1.0, 0.0, -0.0, 0.0, 0.0, 0.003946, -0.999992, 0.338905, -0.0, -0.999993, -0.003946, -0.001099, 0.0, 0.0, 0.0, 1.0],
                [-1.0, 0.0, -0.0, 0.0, 0.0, 0.003946, -0.999992, 0.338905, -0.0, -0.999993, -0.003946, -0.001099, 0.0, 0.0, 0.0, 1.0]
            ]
        }
    ]
}