{
    "animation": [
        {
            "name": "Root",
            "time": [0.0, 1.0],
            "transform": [
                [1.0, 0.0, 0.0, -5e-06, 0.0, 0.0, -1.0, -0.197565, 0.0, 1.0, 0.0, 0.838753, 0.0, 0.0, 0.0, 1.0],
                [1.0, 0.0, 0.0, -5e-06, 0.0, 0.0, -1.0, -0.197565, 0.0, 1.0, 0.0, 0.838753, 0.0, 0.0, 0.0, 1.0]
            ]
        },
        {
            "name": "Thigh_R",
            "time": [0.0, 1.0],
            "transform": [
                [0.992722, 0.068916, -0.098755, 0.124994, 0.090041, -0.969326, 0.228685, -0.002831, -0.079965, -0.235913, -0.968479, -1.2e-05, 0.0, 0.0, 0.0, 1.0],
                [0.992722, 0.068916, -0.098755, 0.124994, 0.090041, -0.969326, 0.228685, -0.002831, -0.079965, -0.235913, -0.968479, -1.2e-05, 0.0, 0.0, 0.0, 1.0]
            ]
        },
        {
            "name": "Leg_R",
            "time": [0.0, 1.0],
            "transform": [
                [1.0, 0.0, 1e-06, -0.0, -0.0, 0.999991, 0.00481, 0.374726, -1e-06, -0.00481, 0.999985, 0.0, 0.0, 0.0, 0.0, 1.0],
                [1.0, 0.0, 1e-06, -0.0, -0.0, 0.999991, 0.00481, 0.374726, -1e-06, -0.00481, 0.999985, 0.0, 0.0, 0.0, 0.0, 1.0]
            ]
        },
        {
            "name": "Knee_R",
            "time": [0.0, 1.0],
            "transform": [
                [1.0, 0.0, -0.0, 0.0, -0.0, 0.00567, -0.999984, 0.374726, -0.0, 0.999984, 0.00567, 0.0, 0.0, 0.0, 0.0, 1.0],
                [1.0, 0.0, -0.0, 0.0, -0.0, 0.00567, -0.999984, 0.374726, -0.0, 0.999984, 0.00567, 0.0, 0.0, 0.0, 0.0, 1.0]
            ]
        },
        {
            "name": "Thigh_L",
            "time": [0.0, 1.0],
            "transform": [
                [0.978005, -0.120566, 0.170204, -0.125006, -0.155956, -0.964551, 0.212881, -0.002831, 0.138504, -0.234743, -0.962139, -1.2e-05, 0.0, 0.0, 0.0, 1.0],
                [0.978005, -0.120566, 0.170204, -0.125006, -0.155956, -0.964551, 0.212881, -0.002831, 0.138504, -0.234743, -0.962139, -1.2e-05, 0.0, 0.0, 0.0, 1.0]
            ]
        },
        {
            "name": "Leg_L",
            "time": [0.0, 1.0],
            "transform": [
                [1.0, 0.0, 1e-06, 0.0, 0.0, 0.999988, 0.004815, 0.374726, -1e-06, -0.004815, 0.999988, 0.0, 0.0, 0.0, 0.0, 1.0],
                [1.0, 0.0, 1e-06, 0.0, 0.0, 0.999988, 0.004815, 0.374726, -1e-06, -0.004815, 0.999988, 0.0, 0.0, 0.0, 0.0, 1.0]
            ]
        },
        {
            "name": "Knee_L",
            "time": [0.0, 1.0],
            "transform": [
                [1.0, 0.0, -0.0, 0.0, -0.0, 0.00567, -0.999984, 0.374726, -0.0, 0.999984, 0.00567, 0.0, 0.0, 0.0, 0.0, 1.0],
                [1.0, 0.0, -0.0, 0.0, -0.0, 0.00567, -0.999984, 0.374726, -0.0, 0.999984, 0.00567, 0.0, 0.0, 0.0, 0.0, 1.0]
            ]
        },
        {
            "name": "Torso",
            "time": [0.0, 1.0],
            "transform": [
                [1.0, 0.0, 0.0, 0.0, 0.0, 1.0, 0.0, 0.05, 0.0, 0.0, 1.0, 0.0, 0.0, 0.0, 0.0, 1.0],
                [1.0, 0.0, 0.0, 0.0, 0.0, 1.0, 0.0, 0.05, 0.0, 0.0, 1.0, 0.0, 0.0, 0.0, 0.0, 1.0]
            ]
        },
        {
            "name": "Chest",
            "time": [0.0, 1.0],
            "transform": [
                [0.999286, -0.037627, 0.003389, 0.0, 0.036177, 0.978882, 0.201197, 0.3, -0.010888, -0.200931, 0.979545, 0.0, 0.0, 0.0, 0.0, 1.0],
                [0.999286, -0.037627, 0.003389, 0.0, 0.036177, 0.978882, 0.201197, 0.3, -0.010888, -0.200931, 0.979545, 0.0, 0.0, 0.0, 0.0, 1.0]
            ]
        },
        {
            "name": "Head",
            "time": [0.0, 1.0],
            "transform": [
                [0.992828, -0.024968, 0.11692, 0.0, -0.027717, 0.903237, 0.428246, 0.4, -0.116299, -0.428415, 0.896066, 0.0, 0.0, 0.0, 0.0, 1.0],
                [0.992828, -0.024968, 0.11692, 0.0, -0.027717, 0.903237, 0.428246, 0.4, -0.116299, -0.428415, 0.896066, 0.0, 0.0, 0.0, 0.0, 1.0]
            ]
        },
        {
            "name": "Shoulder_R",
            "time": [0.0, 1.0],
            "transform": [
                [0.0, 0.952114, 0.305743, 0.0, 0.0, -0.305743, 0.952114, 0.4, 1.0, 0.0, -0.0, 0.0, 0.0, 0.0, 0.0, 1.0],
                [0.0, 0.952114, 0.305743, 0.0, 0.0, -0.305743, 0.952114, 0.4, 1.0, 0.0, -0.0, 0.0, 0.0, 0.0, 0.0, 1.0]
            ]
        },
        {
            "name": "Arm_R",
            "time": [0.0, 1.0],
            "transform": [
                [0.136042, -0.395285, -0.908429, -0.0, 0.930497, 0.365763, -0.019807, 0.393861, 0.340099, -0.842596, 0.41757, -0.0, 0.0, 0.0, 0.0, 1.0],
                [0.136042, -0.395285, -0.908429, -0.0, 0.930497, 0.365763, -0.019807, 0.393861, 0.340099, -0.842596, 0.41757, -0.0, 0.0, 0.0, 0.0, 1.0]
            ]
        },
        {
            "name": "Hand_R",
            "time": [0.0, 1.0],
            "transform": [
                [1.0, -0.0, 0.0, -0.0, 0.0, 1.0, -0.001, 0.300003, -0.0, 0.001, 1.0, -0.0, 0.0, 0.0, 0.0, 1.0],
                [1.0, -0.0, 0.0, -0.0, 0.0, 1.0, -0.001, 0.300003, -0.0, 0.001, 1.0, -0.0, 0.0, 0.0, 0.0, 1.0]
            ]
        },
        {
            "name": "Tool_R",
            "time": [0.0, 1.0],
            "transform": [
                [0.978244, -0.040349, 0.203497, -0.0, 0.046373, -0.913555, -0.404063, 0.271711, 0.20221, 0.404709, -0.891809, -0.028915, 0.0, 0.0, 0.0, 1.0],
                [0.978244, -0.040349, 0.203497, -0.0, 0.046373, -0.913555, -0.404063, 0.271711, 0.20221, 0.404709, -0.891809, -0.028915, 0.0, 0.0, 0.0, 1.0]
            ]
        },
        {
            "name": "Elbow_R",
            "time": [0.0, 1.0],
            "transform": [
                [-1.0, 0.0, -0.0, -0.0, 0.0, 0.003946, -0.999992, 0.300008, -0.0, -0.999993, -0.003946, -0.001252, 0.0, 0.0, 0.0, 1.0],
                [-1.0, 0.0, -0.0, -0.0, 0.0, 0.003946, -0.999992, 0.300008, -0.0, -0.999993, -0.003946, -0.001252, 0.0, 0.0, 0.0, 1.0]
            ]
        },
        {
            "name": "Shoulder_L",
            "time": [0.0, 1.0],
            "transform": [
                [-0.0, -0.952114, -0.305743, 0.0, 0.0, -0.305743, 0.952114, 0.4, -1.0, 0.0, 0.0, 0.0, 0.0, 0.0, 0.0, 1.0],
                [-0.0, -0.952114, -0.305743, 0.0, 0.0, -0.305743, 0.952114, 0.4, -1.0, 0.0, 0.0, 0.0, 0.0, 0.0, 0.0, 1.0]
            ]
        },
        {
            "name": "Arm_L",
            "time": [0.0, 1.0],
            "transform": [
                [0.17594, 0.415463, 0.892432, 0.0, -0.907861, 0.418964, -0.016063, 0.39386, -0.380571, -0.807378, 0.450895, 0.0, 0.0, 0.0, 0.0, 1.0],
                [0.17594, 0.415463, 0.892432, 0.0, -0.907861, 0.418964, -0.016063, 0.39386, -0.380571, -0.807378, 0.450895, 0.0, 0.0, 0.0, 0.0, 1.0]
            ]
        },
        {
            "name": "Hand_L",
            "time": [0.0, 1.0],
            "transform": [
                [1.0, 0.0, 0.0, -0.0, 0.0, 1.0, -0.000998, 0.300003, -0.0, 0.000998, 1.0, 0.0, 0.0, 0.0, 0.0, 1.0],
                [1.0, 0.0, 0.0, -0.0, 0.0, 1.0, -0.000998, 0.300003, -0.0, 0.000998, 1.0, 0.0, 0.0, 0.0, 0.0, 1.0]
            ]
        },
        {
            "name": "Tool_L",
            "time": [0.0, 1.0],
            "transform": [
                [0.961728, 0.052204, -0.268989, 0.0, -0.060167, -0.91749, -0.393181, 0.271711, -0.26732, 0.394317, -0.879235, -0.028915, 0.0, 0.0, 0.0, 1.0],
                [0.961728, 0.052204, -0.268989, 0.0, -0.060167, -0.91749, -0.393181, 0.271711, -0.26732, 0.394317, -0.879235, -0.028915, 0.0, 0.0, 0.0, 1.0]
            ]
        },
        {
            "name": "Elbow_L",
            "time": [0.0, 1.0],
            "transform": [
                [-1.0, 0.0, -0.0, -0.0, 0.0, 0.003946, -0.999992, 0.300008, -0.0, -0.999993, -0.003946, -0.001252, 0.0, 0.0, 0.0, 1.0],
                [-1.0, 0.0, -0.0, -0.0, 0.0, 0.003946, -0.999992, 0.300008, -0.0, -0.999993, -0.003946, -0.001252, 0.0, 0.0, 0.0, 1.0]
            ]
        }
    ]
}