{
    "animation": [
        {
            "name": "Root",
            "time": [0.0, 0.1667],
            "transform": [
                [1.0, 0.0, 0.0, -5e-06, 0.0, 0.0, -1.0, 0.000946, 0.0, 1.0, 0.0, 0.763972, 0.0, 0.0, 0.0, 1.0],
                [1.0, 0.0, 0.0, -5e-06, 0.0, 0.0, -1.0, 0.000946, 0.0, 1.0, 0.0, 0.763972, 0.0, 0.0, 0.0, 1.0]
            ]
        },
        {
            "name": "Thigh_R",
            "time": [0.0, 0.1667],
            "transform": [
                [1.0, -0.0, 0.0, 0.124994, -0.0, -0.999982, 0.005643, -0.002831, 0.0, -0.005643, -0.999985, -1.2e-05, 0.0, 0.0, 0.0, 1.0],
                [1.0, -0.0, 0.0, 0.124994, -0.0, -0.999982, 0.005643, -0.002831, 0.0, -0.005643, -0.999985, -1.2e-05, 0.0, 0.0, 0.0, 1.0]
            ]
        },
        {
            "name": "Leg_R",
            "time": [0.0, 0.1667],
            "transform": [
                [1.0, -0.0, 1e-06, -0.0, -0.0, 0.999939, 0.011281, 0.374726, -1e-06, -0.011281, 0.999933, -0.0, 0.0, 0.0, 0.0, 1.0],
                [1.0, -0.0, 1e-06, -0.0, -0.0, 0.999939, 0.011281, 0.374726, -1e-06, -0.011281, 0.999933, -0.0, 0.0, 0.0, 0.0, 1.0]
            ]
        },
        {
            "name": "Knee_R",
            "time": [0.0, 0.1667],
            "transform": [
                [1.0, 0.0, -0.0, 0.0, -0.0, 0.00567, -0.999984, 0.374726, -0.0, 0.999984, 0.00567, -0.0, 0.0, 0.0, 0.0, 1.0],
                [1.0, 0.0, -0.0, 0.0, -0.0, 0.00567, -0.999984, 0.374726, -0.0, 0.999984, 0.00567, -0.0, 0.0, 0.0, 0.0, 1.0]
            ]
        },
        {
            "name": "Thigh_L",
            "time": [0.0, 0.1667],
            "transform": [
                [1.0, -0.0, 0.0, -0.125006, -0.0, -0.999984, 0.005618, -0.002831, 0.0, -0.005618, -0.999984, -1.2e-05, 0.0, 0.0, 0.0, 1.0],
                [1.0, -0.0, 0.0, -0.125006, -0.0, -0.999984, 0.005618, -0.002831, 0.0, -0.005618, -0.999984, -1.2e-05, 0.0, 0.0, 0.0, 1.0]
            ]
        },
        {
            "name": "Leg_L",
            "time": [0.0, 0.1667],
            "transform": [
                [1.0, -0.0, 1e-06, -0.0, -0.0, 0.999937, 0.011232, 0.374726, -1e-06, -0.011232, 0.999937, 0.0, 0.0, 0.0, 0.0, 1.0],
                [1.0, -0.0, 1e-06, -0.0, -0.0, 0.999937, 0.011232, 0.374726, -1e-06, -0.011232, 0.999937, 0.0, 0.0, 0.0, 0.0, 1.0]
            ]
        },
        {
            "name": "Knee_L",
            "time": [0.0, 0.1667],
            "transform": [
                [1.0, 0.0, -0.0, -0.0, -0.0, 0.00567, -0.999984, 0.374726, -0.0, 0.999984, 0.00567, 0.0, 0.0, 0.0, 0.0, 1.0],
                [1.0, 0.0, -0.0, -0.0, -0.0, 0.00567, -0.999984, 0.374726, -0.0, 0.999984, 0.00567, 0.0, 0.0, 0.0, 0.0, 1.0]
            ]
        },
        {
            "name": "Torso",
            "time": [0.0, 0.1667],
            "transform": [
                [1.0, 0.0, 0.0, 0.0, 0.0, 1.0, 0.0, 0.05, 0.0, 0.0, 1.0, 0.0, 0.0, 0.0, 0.0, 1.0],
                [1.0, 0.0, 0.0, 0.0, 0.0, 1.0, 0.0, 0.05, 0.0, 0.0, 1.0, 0.0, 0.0, 0.0, 0.0, 1.0]
            ]
        },
        {
            "name": "Chest",
            "time": [0.0, 0.1667],
            "transform": [
                [1.0, 0.0, 0.0, 0.0, 0.0, 1.0, 0.0, 0.3, 0.0, 0.0, 1.0, 0.0, 0.0, 0.0, 0.0, 1.0],
                [1.0, 0.0, 0.0, 0.0, 0.0, 1.0, 0.0, 0.3, 0.0, 0.0, 1.0, 0.0, 0.0, 0.0, 0.0, 1.0]
            ]
        },
        {
            "name": "Head",
            "time": [0.0, 0.1667],
            "transform": [
                [1.0, 0.0, 0.0, 0.0, 0.0, 1.0, 0.0, 0.4, 0.0, 0.0, 1.0, 0.0, 0.0, 0.0, 0.0, 1.0],
                [1.0, 0.0, 0.0, 0.0, 0.0, 1.0, 0.0, 0.4, 0.0, 0.0, 1.0, 0.0, 0.0, 0.0, 0.0, 1.0]
            ]
        },
        {
            "name": "Shoulder_R",
            "time": [0.0, 0.1667],
            "transform": [
                [0.0, 0.952114, 0.305743, 0.0, 0.0, -0.305743, 0.952114, 0.4, 1.0, 0.0, -0.0, 0.0, 0.0, 0.0, 0.0, 1.0],
                [0.0, 0.952114, 0.305743, 0.0, 0.0, -0.305743, 0.952114, 0.4, 1.0, 0.0, -0.0, 0.0, 0.0, 0.0, 0.0, 1.0]
            ]
        },
        {
            "name": "Arm_R",
            "time": [0.0, 0.1667],
            "transform": [
                [-0.0, 0.004602, -0.99999, -0.0, 0.952114, 0.30574, 0.001407, 0.39386, 0.305744, -0.952104, -0.004382, 0.0, 0.0, 0.0, 0.0, 1.0],
                [-0.0, 0.004602, -0.99999, -0.0, 0.952114, 0.30574, 0.001407, 0.39386, 0.305744, -0.952104, -0.004382, 0.0, 0.0, 0.0, 0.0, 1.0]
            ]
        },
        {
            "name": "Hand_R",
            "time": [0.0, 0.1667],
            "transform": [
                [1.0, -0.0, 0.0, -0.0, 0.0, 0.999961, -0.0088, 0.300003, -0.0, 0.0088, 0.999961, -0.0, 0.0, 0.0, 0.0, 1.0],
                [1.0, -0.0, 0.0, -0.0, 0.0, 0.999961, -0.0088, 0.300003, -0.0, 0.0088, 0.999961, -0.0, 0.0, 0.0, 0.0, 1.0]
            ]
        },
        {
            "name": "Tool_R",
            "time": [0.0, 0.1667],
            "transform": [
                [1.0, -1e-06, 2.2e-05, -0.0, 2e-06, -0.993472, -0.114082, 0.271711, 2.2e-05, 0.114082, -0.993472, -0.028915, 0.0, 0.0, 0.0, 1.0],
                [1.0, -1e-06, 2.2e-05, -0.0, 2e-06, -0.993472, -0.114082, 0.271711, 2.2e-05, 0.114082, -0.993472, -0.028915, 0.0, 0.0, 0.0, 1.0]
            ]
        },
        {
            "name": "Elbow_R",
            "time": [0.0, 0.1667],
            "transform": [
                [-1.0, 0.0, -0.0, 0.0, 0.0, 0.003946, -0.999992, 0.300023, -0.0, -0.999992, -0.003946, -0.001252, 0.0, 0.0, 0.0, 1.0],
                [-1.0, 0.0, -0.0, 0.0, 0.0, 0.003946, -0.999992, 0.300023, -0.0, -0.999992, -0.003946, -0.001252, 0.0, 0.0, 0.0, 1.0]
            ]
        },
        {
            "name": "Shoulder_L",
            "time": [0.0, 0.1667],
            "transform": [
                [-0.0, -0.952114, -0.305743, 0.0, 0.0, -0.305743, 0.952114, 0.4, -1.0, 0.0, 0.0, 0.0, 0.0, 0.0, 0.0, 1.0],
                [-0.0, -0.952114, -0.305743, 0.0, 0.0, -0.305743, 0.952114, 0.4, -1.0, 0.0, 0.0, 0.0, 0.0, 0.0, 0.0, 1.0]
            ]
        },
        {
            "name": "Arm_L",
            "time": [0.0, 0.1667],
            "transform": [
                [0.583151, 0.77266, 0.25086, -0.0, -0.074182, 0.358161, -0.930708, 0.39386, -0.808969, 0.524134, 0.26618, 0.0, 0.0, 0.0, 0.0, 1.0],
                [0.583151, 0.77266, 0.25086, -0.0, -0.074182, 0.358161, -0.930708, 0.39386, -0.808969, 0.524134, 0.26618, 0.0, 0.0, 0.0, 0.0, 1.0]
            ]
        },
        {
            "name": "Hand_L",
            "time": [0.0, 0.1667],
            "transform": [
                [1.0, -0.0, 0.0, -0.0, 0.0, 0.881392, -0.472387, 0.300003, -0.0, 0.472386, 0.881391, 0.0, 0.0, 0.0, 0.0, 1.0],
                [1.0, -0.0, 0.0, -0.0, 0.0, 0.881392, -0.472387, 0.300003, -0.0, 0.472386, 0.881391, 0.0, 0.0, 0.0, 0.0, 1.0]
            ]
        },
        {
            "name": "Tool_L",
            "time": [0.0, 0.1667],
            "transform": [
                [-0.00776, -0.36216, -0.932084, 0.0, 0.334328, -0.879411, 0.338911, 0.271711, -0.942425, -0.308992, 0.127905, -0.028915, 0.0, 0.0, 0.0, 1.0],
                [-0.00776, -0.36216, -0.932084, 0.0, 0.334328, -0.879411, 0.338911, 0.271711, -0.942425, -0.308992, 0.127905, -0.028915, 0.0, 0.0, 0.0, 1.0]
            ]
        },
        {
            "name": "Elbow_L",
            "time": [0.0, 0.1667],
            "transform": [
                [-1.0, 0.0, 0.0, -0.0, 0.0, 0.003946, -0.999992, 0.345303, -0.0, -0.999993, -0.003946, -0.001074, 0.0, 0.0, 0.0, 1.0],
                [-1.0, 0.0, 0.0, -0.0, 0.0, 0.003946, -0.999992, 0.345303, -0.0, -0.999993, -0.003946, -0.001074, 0.0, 0.0, 0.0, 1.0]
            ]
        }
    ]
}