{
    "armature": {
        "joints": ["Root", "Thigh_R", "Leg_R", "Knee_R", "Thigh_L", "Leg_L", "Knee_L", "Torso", "Chest", "Head", "Shoulder_R", "Arm_R", "Hand_R", "Tool_R", "Elbow_R", "Shoulder_L", "Arm_L", "Hand_L", "Tool_L", "Elbow_L"],
        "hierarchy": [
            {
                "name": "Root",
                "transform": [1.0, 0.0, 0.0, -5e-06, 0.0, 0.0, -1.0, 0.000946, 0.0, 1.0, 0.0, 0.763972, 0.0, 0.0, 0.0, 1.0],
                "children": [
                    {
                        "name": "Thigh_R",
                        "transform": [1.0, -1e-06, -0.0, 0.124994, -1e-06, -1.0, 1e-06, -0.002831, -0.0, -1e-06, -1.0, -1.2e-05, 0.0, 0.0, 0.0, 1.0],
                        "children": [
                            {
                                "name": "Leg_R",
                                "transform": [1.0, 1e-06, 1e-06, -0.0, -1e-06, 1.0, 1e-06, 0.37472, -1e-06, -1e-06, 1.0, -0.0, 0.0, 0.0, 0.0, 1.0],
                                "children": []
                            },
                            {
                                "name": "Knee_R",
                                "transform": [1.0, 0.0, -1e-06, -0.0, -1e-06, 1e-06, -1.0, 0.37472, -0.0, 1.0, 1e-06, -0.0, 0.0, 0.0, 0.0, 1.0],
                                "children": []
                            }
                        ]
                    },
                    {
                        "name": "Thigh_L",
                        "transform": [1.0, -1e-06, -0.0, -0.125006, -1e-06, -1.0, 1e-06, -0.002831, -0.0, -1e-06, -1.0, -1.2e-05, 0.0, 0.0, 0.0, 1.0],
                        "children": [
                            {
                                "name": "Leg_L",
                                "transform": [1.0, 1e-06, 1e-06, 0.0, -1e-06, 1.0, 1e-06, 0.37472, -1e-06, -1e-06, 1.0, -0.0, 0.0, 0.0, 0.0, 1.0],
                                "children": []
                            },
                            {
                                "name": "Knee_L",
                                "transform": [1.0, 0.0, -1e-06, 0.0, -1e-06, 1e-06, -1.0, 0.37472, -0.0, 1.0, 1e-06, -0.0, 0.0, 0.0, 0.0, 1.0],
                                "children": []
                            }
                        ]
                    },
                    {
                        "name": "Torso",
                        "transform": [1.0, 0.0, 0.0, 0.0, 0.0, 1.0, 0.0, 0.05, 0.0, 0.0, 1.0, 0.0, 0.0, 0.0, 0.0, 1.0],
                        "children": [
                            {
                                "name": "Chest",
                                "transform": [1.0, 0.0, -0.0, 0.0, -0.0, 1.0, 0.0, 0.3, 0.0, -0.0, 1.0, 0.0, 0.0, 0.0, 0.0, 1.0],
                                "children": [
                                    {
                                        "name": "Head",
                                        "transform": [1.0, -0.0, 0.0, -0.0, 0.0, 1.0, -0.0, 0.4, -0.0, 0.0, 1.0, 0.0, 0.0, 0.0, 0.0, 1.0],
                                        "children": []
                                    },
                                    {
                                        "name": "Shoulder_R",
                                        "transform": [0.0, 0.952114, 0.305742, -0.0, -1e-06, -0.305742, 0.952114, 0.4, 1.0, -0.0, 1e-06, 0.0, 0.0, 0.0, 0.0, 1.0],
                                        "children": [
                                            {
                                                "name": "Arm_R",
                                                "transform": [0.0, 1e-06, -1.0, 0.0, 0.952114, 0.305742, 0.0, 0.39386, 0.305742, -0.952114, -1e-06, -0.0, 0.0, 0.0, 0.0, 1.0],
                                                "children": [
                                                    {
                                                        "name": "Hand_R",
                                                        "transform": [1.0, 0.0, 0.0, -0.0, -0.0, 0.993937, 0.109947, 0.3, -0.0, -0.109947, 0.993937, -0.0, 0.0, 0.0, 0.0, 1.0],
                                                        "children": [
                                                            {
                                                                "name": "Tool_R",
                                                                "transform": [1.0, 0.0, 0.0, 0.0, 0.0, -0.999836, 0.018122, 0.272859, 0.0, -0.018122, -0.999231, 0.0, 0.0, 0.0, 0.0, 1.0],
                                                                "children": []
                                                            }
                                                        ]
                                                    },
                                                    {
                                                        "name": "Elbow_R",
                                                        "transform": [-1.0, 0.0, -0.0, 0.0, 0.0, -0.0, -1.0, 0.3, -0.0, -1.0, 0.0, -0.0, 0.0, 0.0, 0.0, 1.0],
                                                        "children": []
                                                    }
                                                ]
                                            }
                                        ]
                                    },
                                    {
                                        "name": "Shoulder_L",
                                        "transform": [-1e-06, -0.952114, -0.305742, 0.0, 2e-06, -0.305742, 0.952114, 0.4, -1.0, 0.0, 2e-06, 0.0, 0.0, 0.0, 0.0, 1.0],
                                        "children": [
                                            {
                                                "name": "Arm_L",
                                                "transform": [-1e-06, -2e-06, 1.0, -0.0, -0.952115, 0.305742, -0.0, 0.39386, -0.305742, -0.952115, -2e-06, -0.0, 0.0, 0.0, 0.0, 1.0],
                                                "children": [
                                                    {
                                                        "name": "Hand_L",
                                                        "transform": [1.0, 0.0, 0.0, 0.0, -0.0, 0.993937, 0.109947, 0.3, -0.0, -0.109947, 0.993937, 0.0, 0.0, 0.0, 0.0, 1.0],
                                                        "children": [
                                                            {
                                                                "name": "Tool_L",
                                                                "transform": [1.0, 0.0, 0.0, -0.0, 0.0, -0.999836, 0.018122, 0.272858, 0.0, -0.018122, -0.999231, -0.0, 0.0, 0.0, 0.0, 1.0],
                                                                "children": []
                                                            }
                                                        ]
                                                    },
                                                    {
                                                        "name": "Elbow_L",
                                                        "transform": [-1.0, 0.0, -0.0, 0.0, 0.0, 0.0, -1.0, 0.3, -0.0, -1.0, 0.0, 0.0, 0.0, 0.0, 0.0, 1.0],
                                                        "children": []
                                                    }
                                                ]
                                            }
                                        ]
                                    }
                                ]
                            }
                        ]
                    }
                ]
            }
        ]
    },
    "animation": [
        {
            "name": "Root",
            "time": [0.0, 0.0417, 0.125, 0.1667, 0.25, 0.2917, 0.375, 0.4583, 0.5, 0.5417, 0.5833, 0.625, 0.6667, 0.7083, 0.75, 0.7917, 0.8333, 0.875, 0.9167, 0.9583, 1.0, 1.0417, 1.125, 1.1667, 1.25, 1.2917, 1.375, 1.4167, 1.5, 1.5417, 1.625, 1.6667, 1.75, 1.7917, 1.875, 1.9167, 2.0, 2.0417, 2.125, 2.1667, 2.25, 2.2917, 2.375, 2.4167, 2.5],
            "transform": [
                [0.64576, 0.0, -0.763541, 1.3e-05, -0.763541, 0.0, -0.64576, 0.00099, 0.0, 1.0, 0.0, 0.753752, 0.0, 0.0, 0.0, 1.0],
                [0.64576, 0.0, -0.763541, 1.3e-05, -0.763541, 0.0, -0.64576, 0.00099, 0.0, 1.0, 0.0, 0.753752, 0.0, 0.0, 0.0, 1.0],
                [0.64576, 0.0, -0.763541, 1.3e-05, -0.763541, 0.0, -0.64576, 0.00099, 0.0, 1.0, 0.0, 0.753752, 0.0, 0.0, 0.0, 1.0],
                [0.64576, 0.0, -0.763541, 1.3e-05, -0.763541, 0.0, -0.64576, 0.00099, 0.0, 1.0, 0.0, 0.753752, 0.0, 0.0, 0.0, 1.0],
                [0.64576, 0.0, -0.763541, 1.3e-05, -0.763541, 0.0, -0.64576, 0.00099, 0.0, 1.0, 0.0, 0.753752, 0.0, 0.0, 0.0, 1.0],
                [0.64576, 0.0, -0.763541, 1.3e-05, -0.763541, 0.0, -0.64576, 0.00099, 0.0, 1.0, 0.0, 0.753752, 0.0, 0.0, 0.0, 1.0],
                [0.64576, 0.0, -0.763541, 1.3e-05, -0.763541, 0.0, -0.64576, 0.00099, 0.0, 1.0, 0.0, 0.753752, 0.0, 0.0, 0.0, 1.0],
                [0.681163, 0.0, -0.732131, 1.1e-05, -0.732131, 0.0, -0.681163, 0.012943, 0.0, 1.0, 0.0, 0.748669, 0.0, 0.0, 0.0, 1.0],
                [0.773063, 0.0, -0.634329, 5e-06, -0.634329, 0.0, -0.773063, 0.045389, 0.0, 1.0, 0.0, 0.73487, 0.0, 0.0, 0.0, 1.0],
                [0.88948, 0.0, -0.456974, -5e-06, -0.456974, 0.0, -0.88948, 0.093203, 0.0, 1.0, 0.0, 0.714536, 0.0, 0.0, 0.0, 1.0],
                [0.98063, 0.0, -0.195868, -1.8e-05, -0.195868, 0.0, -0.98063, 0.151259, 0.0, 1.0, 0.0, 0.689845, 0.0, 0.0, 0.0, 1.0],
                [0.992941, 0.0, 0.118607, -3.1e-05, 0.118607, 0.0, -0.992941, 0.214433, 0.0, 1.0, 0.0, 0.662975, 0.0, 0.0, 0.0, 1.0],
                [0.906905, 0.0, 0.421334, -4.2e-05, 0.421334, 0.0, -0.906905, 0.277604, 0.0, 1.0, 0.0, 0.636105, 0.0, 0.0, 0.0, 1.0],
                [0.756819, 0.0, 0.653625, -4.8e-05, 0.653625, 0.0, -0.756819, 0.335651, 0.0, 1.0, 0.0, 0.611414, 0.0, 0.0, 0.0, 1.0],
                [0.601903, 0.0, 0.798569, -5.1e-05, 0.798569, 0.0, -0.601903, 0.383454, 0.0, 1.0, 0.0, 0.59108, 0.0, 0.0, 0.0, 1.0],
                [0.489553, 0.0, 0.871974, -5.1e-05, 0.871974, 0.0, -0.489553, 0.415891, 0.0, 1.0, 0.0, 0.577282, 0.0, 0.0, 0.0, 1.0],
                [0.447747, 0.0, 0.89416, -5.1e-05, 0.89416, 0.0, -0.447747, 0.427842, 0.0, 1.0, 0.0, 0.572198, 0.0, 0.0, 0.0, 1.0],
                [0.449118, 0.0, 0.893472, -5.1e-05, 0.893472, 0.0, -0.449118, 0.427842, 0.0, 1.0, 0.0, 0.572449, 0.0, 0.0, 0.0, 1.0],
                [0.45327, 0.0, 0.891373, -5.1e-05, 0.891373, 0.0, -0.45327, 0.427843, 0.0, 1.0, 0.0, 0.573189, 0.0, 0.0, 0.0, 1.0],
                [0.46026, 0.0, 0.887784, -5.1e-05, 0.887784, 0.0, -0.46026, 0.427843, 0.0, 1.0, 0.0, 0.574401, 0.0, 0.0, 0.0, 1.0],
                [0.470134, 0.0, 0.882595, -5.1e-05, 0.882595, 0.0, -0.470134, 0.427844, 0.0, 1.0, 0.0, 0.576066, 0.0, 0.0, 0.0, 1.0],
                [0.48293, 0.0, 0.875659, -5.1e-05, 0.875659, 0.0, -0.48293, 0.427844, 0.0, 1.0, 0.0, 0.578166, 0.0, 0.0, 0.0, 1.0],
                [0.517361, 0.0, 0.855767, -5.1e-05, 0.855767, 0.0, -0.517361, 0.427846, 0.0, 1.0, 0.0, 0.583597, 0.0, 0.0, 0.0, 1.0],
                [0.53898, 0.0, 0.842319, -5.1e-05, 0.842319, 0.0, -0.53898, 0.427847, 0.0, 1.0, 0.0, 0.586893, 0.0, 0.0, 0.0, 1.0],
                [0.590744, 0.0, 0.806859, -5.1e-05, 0.806859, 0.0, -0.590744, 0.42785, 0.0, 1.0, 0.0, 0.594553, 0.0, 0.0, 0.0, 1.0],
                [0.620561, 0.0, 0.784158, -5e-05, 0.784158, 0.0, -0.620561, 0.427852, 0.0, 1.0, 0.0, 0.598882, 0.0, 0.0, 0.0, 1.0],
                [0.685341, 0.0, 0.728222, -4.9e-05, 0.728222, 0.0, -0.685341, 0.427856, 0.0, 1.0, 0.0, 0.608443, 0.0, 0.0, 0.0, 1.0],
                [0.718891, 0.0, 0.695123, -4.9e-05, 0.695123, 0.0, -0.718891, 0.427858, 0.0, 1.0, 0.0, 0.61364, 0.0, 0.0, 0.0, 1.0],
                [0.784826, 0.0, 0.619716, -4.7e-05, 0.619716, 0.0, -0.784826, 0.427862, 0.0, 1.0, 0.0, 0.624776, 0.0, 0.0, 0.0, 1.0],
                [0.815929, 0.0, 0.578152, -4.6e-05, 0.578152, 0.0, -0.815929, 0.427864, 0.0, 1.0, 0.0, 0.630679, 0.0, 0.0, 0.0, 1.0],
                [0.871758, 0.0, 0.489937, -4.4e-05, 0.489937, 0.0, -0.871758, 0.427869, 0.0, 1.0, 0.0, 0.643063, 0.0, 0.0, 0.0, 1.0],
                [0.895732, 0.0, 0.444594, -4.2e-05, 0.444594, 0.0, -0.895732, 0.427871, 0.0, 1.0, 0.0, 0.649507, 0.0, 0.0, 0.0, 1.0],
                [0.934833, 0.0, 0.355086, -4e-05, 0.355086, 0.0, -0.934833, 0.427874, 0.0, 1.0, 0.0, 0.662811, 0.0, 0.0, 0.0, 1.0],
                [0.949939, 0.0, 0.312435, -3.8e-05, 0.312435, 0.0, -0.949939, 0.427876, 0.0, 1.0, 0.0, 0.669634, 0.0, 0.0, 0.0, 1.0],
                [0.972022, 0.0, 0.234891, -3.5e-05, 0.234891, 0.0, -0.972022, 0.427878, 0.0, 1.0, 0.0, 0.683523, 0.0, 0.0, 0.0, 1.0],
                [0.979648, 0.0, 0.200721, -3.4e-05, 0.200721, 0.0, -0.979648, 0.427879, 0.0, 1.0, 0.0, 0.690508, 0.0, 0.0, 0.0, 1.0],
                [0.989926, 0.0, 0.141583, -3.2e-05, 0.141583, 0.0, -0.989926, 0.427881, 0.0, 1.0, 0.0, 0.704251, 0.0, 0.0, 0.0, 1.0],
                [0.993194, 0.0, 0.116468, -3.1e-05, 0.116468, 0.0, -0.993194, 0.427882, 0.0, 1.0, 0.0, 0.710881, 0.0, 0.0, 0.0, 1.0],
                [0.997211, 0.0, 0.074628, -2.9e-05, 0.074628, 0.0, -0.997211, 0.427883, 0.0, 1.0, 0.0, 0.723345, 0.0, 0.0, 0.0, 1.0],
                [0.998336, 0.0, 0.057661, -2.9e-05, 0.057661, 0.0, -0.998336, 0.427883, 0.0, 1.0, 0.0, 0.729052, 0.0, 0.0, 0.0, 1.0],
                [0.99952, 0.0, 0.03099, -2.8e-05, 0.03099, 0.0, -0.99952, 0.427884, 0.0, 1.0, 0.0, 0.739099, 0.0, 0.0, 0.0, 1.0],
                [0.999779, 0.0, 0.021029, -2.7e-05, 0.021029, 0.0, -0.999779, 0.427884, 0.0, 1.0, 0.0, 0.743313, 0.0, 0.0, 0.0, 1.0],
                [0.999974, 0.0, 0.007223, -2.7e-05, 0.007223, 0.0, -0.999974, 0.427884, 0.0, 1.0, 0.0, 0.749804, 0.0, 0.0, 0.0, 1.0],
                [0.999995, 0.0, 0.003135, -2.6e-05, 0.003135, 0.0, -0.999995, 0.427884, 0.0, 1.0, 0.0, 0.751955, 0.0, 0.0, 0.0, 1.0],
                [1.0, 0.0, 0.0, -2.6e-05, 0.0, 0.0, -1.0, 0.427885, 0.0, 1.0, 0.0, 0.753752, 0.0, 0.0, 0.0, 1.0]
            ]
        },
        {
            "name": "Thigh_R",
            "time": [0.0, 0.0417, 0.125, 0.1667, 0.25, 0.2917, 0.375, 0.4583, 0.5, 0.5417, 0.5833, 0.625, 0.6667, 0.7083, 0.75, 0.7917, 0.8333, 0.875, 0.9167, 0.9583, 1.0, 1.0417, 1.125, 1.1667, 1.25, 1.2917, 1.375, 1.4167, 1.5, 1.5417, 1.625, 1.6667, 1.75, 1.7917, 1.875, 1.9167, 2.0, 2.0417, 2.125, 2.1667, 2.25, 2.2917, 2.375, 2.4167, 2.5],
            "transform": [
                [0.975536, 0.055995, 0.212587, 0.125575, -1e-06, -0.967016, 0.254717, -0.002483, 0.219838, -0.248486, -0.943359, -0.002554, 0.0, 0.0, 0.0, 1.0],
                [0.975536, 0.055995, 0.212587, 0.125575, -1e-06, -0.967016, 0.254717, -0.002483, 0.219838, -0.248486, -0.943359, -0.002554, 0.0, 0.0, 0.0, 1.0],
                [0.975536, 0.055995, 0.212587, 0.125575, -1e-06, -0.967016, 0.254717, -0.002483, 0.219838, -0.248486, -0.943359, -0.002554, 0.0, 0.0, 0.0, 1.0],
                [0.975536, 0.055995, 0.212587, 0.125575, -1e-06, -0.967016, 0.254717, -0.002483, 0.219838, -0.248486, -0.943359, -0.002554, 0.0, 0.0, 0.0, 1.0],
                [0.975536, 0.055995, 0.212587, 0.125575, -1e-06, -0.967016, 0.254717, -0.002483, 0.219838, -0.248486, -0.943359, -0.002554, 0.0, 0.0, 0.0, 1.0],
                [0.975536, 0.055995, 0.212587, 0.125575, -1e-06, -0.967016, 0.254717, -0.002483, 0.219838, -0.248486, -0.943359, -0.002554, 0.0, 0.0, 0.0, 1.0],
                [0.975536, 0.055995, 0.212587, 0.125575, -1e-06, -0.967016, 0.254717, -0.002483, 0.219838, -0.248486, -0.943359, -0.002554, 0.0, 0.0, 0.0, 1.0],
                [0.975435, 0.060629, 0.211779, 0.125623, -6.6e-05, -0.961299, 0.275506, -0.002424, 0.220286, -0.268753, -0.937681, -0.002761, 0.0, 0.0, 0.0, 1.0],
                [0.975176, 0.073183, 0.20899, 0.125751, -0.00028, -0.943398, 0.331663, -0.002239, 0.221433, -0.323488, -0.919958, -0.003319, 0.0, 0.0, 0.0, 1.0],
                [0.974825, 0.091503, 0.203331, 0.125938, -0.000696, -0.910662, 0.413151, -0.0019, 0.22297, -0.402891, -0.887673, -0.004129, 0.0, 0.0, 0.0, 1.0],
                [0.974457, 0.113134, 0.193994, 0.126159, -0.001328, -0.860918, 0.508741, -0.001388, 0.224569, -0.496004, -0.838778, -0.005079, 0.0, 0.0, 0.0, 1.0],
                [0.974149, 0.135406, 0.180829, 0.126386, -0.002102, -0.79499, 0.606619, -0.000711, 0.225897, -0.591317, -0.774154, -0.00605, 0.0, 0.0, 0.0, 1.0],
                [0.973971, 0.155781, 0.164657, 0.126593, -0.002834, -0.717988, 0.69605, 8e-05, 0.226654, -0.6784, -0.698858, -0.006937, 0.0, 0.0, 0.0, 1.0],
                [0.973982, 0.172294, 0.147219, 0.126761, -0.003258, -0.638903, 0.769281, 0.000891, 0.226602, -0.749745, -0.621718, -0.007663, 0.0, 0.0, 0.0, 1.0],
                [0.974223, 0.183801, 0.130794, 0.126878, -0.003082, -0.568891, 0.822407, 0.001609, 0.225567, -0.801611, -0.553661, -0.00819, 0.0, 0.0, 0.0, 1.0],
                [0.974727, 0.189865, 0.11772, 0.12694, -0.002049, -0.519329, 0.854572, 0.002117, 0.223389, -0.833216, -0.505815, -0.008512, 0.0, 0.0, 0.0, 1.0],
                [0.975537, 0.190311, 0.110046, 0.126944, -1e-06, -0.500579, 0.865691, 0.002309, 0.219837, -0.844513, -0.488333, -0.008626, 0.0, 0.0, 0.0, 1.0],
                [0.976557, 0.187353, 0.105995, 0.126913, 0.002707, -0.503058, 0.864248, 0.002283, 0.215241, -0.843701, -0.491772, -0.008618, 0.0, 0.0, 0.0, 1.0],
                [0.977638, 0.183577, 0.102582, 0.126875, 0.005605, -0.510376, 0.859933, 0.002208, 0.210219, -0.840129, -0.499992, -0.008581, 0.0, 0.0, 0.0, 1.0],
                [0.978751, 0.179182, 0.099701, 0.12683, 0.008582, -0.52159, 0.853153, 0.002093, 0.204873, -0.834169, -0.512045, -0.008521, 0.0, 0.0, 0.0, 1.0],
                [0.979868, 0.174357, 0.097254, 0.12678, 0.011532, -0.535749, 0.844299, 0.001948, 0.199314, -0.82618, -0.526974, -0.00844, 0.0, 0.0, 0.0, 1.0],
                [0.980962, 0.169287, 0.095157, 0.126728, 0.014361, -0.551896, 0.833789, 0.001783, 0.193667, -0.816549, -0.54382, -0.008342, 0.0, 0.0, 0.0, 1.0],
                [0.982981, 0.159148, 0.091759, 0.126625, 0.019347, -0.586395, 0.809794, 0.001429, 0.182684, -0.794237, -0.579495, -0.008115, 0.0, 0.0, 0.0, 1.0],
                [0.983858, 0.154452, 0.090379, 0.126576, 0.021392, -0.60293, 0.797507, 0.00126, 0.177669, -0.7827, -0.596502, -0.007998, 0.0, 0.0, 0.0, 1.0],
                [0.985233, 0.146759, 0.088197, 0.126498, 0.024424, -0.630299, 0.775968, 0.000979, 0.169471, -0.762355, -0.624576, -0.007791, 0.0, 0.0, 0.0, 1.0],
                [0.985697, 0.144086, 0.087408, 0.12647, 0.025402, -0.639765, 0.768151, 0.000882, 0.1666, -0.754944, -0.634275, -0.007716, 0.0, 0.0, 0.0, 1.0],
                [0.986265, 0.140774, 0.086394, 0.126436, 0.026563, -0.651438, 0.758237, 0.000762, 0.16302, -0.745528, -0.64623, -0.00762, 0.0, 0.0, 0.0, 1.0],
                [0.986425, 0.139823, 0.08611, 0.126427, 0.026881, -0.654805, 0.75532, 0.000728, 0.161997, -0.742752, -0.649674, -0.007592, 0.0, 0.0, 0.0, 1.0],
                [0.986632, 0.138557, 0.085788, 0.126414, 0.027274, -0.659388, 0.751308, 0.000681, 0.160667, -0.738925, -0.654352, -0.007553, 0.0, 0.0, 0.0, 1.0],
                [0.986731, 0.137934, 0.085658, 0.126407, 0.027454, -0.661697, 0.749268, 0.000657, 0.160029, -0.736974, -0.656704, -0.007533, 0.0, 0.0, 0.0, 1.0],
                [0.987046, 0.135935, 0.085215, 0.126387, 0.028021, -0.669043, 0.742695, 0.000582, 0.157971, -0.730687, -0.664186, -0.007469, 0.0, 0.0, 0.0, 1.0],
                [0.987313, 0.134253, 0.084792, 0.12637, 0.028495, -0.67513, 0.737148, 0.000519, 0.15621, -0.725379, -0.67039, -0.007415, 0.0, 0.0, 0.0, 1.0],
                [0.988178, 0.128762, 0.083212, 0.126314, 0.029983, -0.694601, 0.718771, 0.000319, 0.150349, -0.707779, -0.69025, -0.007236, 0.0, 0.0, 0.0, 1.0],
                [0.988816, 0.124657, 0.081876, 0.126272, 0.031014, -0.708851, 0.704676, 0.000173, 0.145881, -0.694255, -0.70479, -0.007098, 0.0, 0.0, 0.0, 1.0],
                [0.990581, 0.112778, 0.077656, 0.12615, 0.033449, -0.749247, 0.661445, -0.000242, 0.13278, -0.652617, -0.745962, -0.006674, 0.0, 0.0, 0.0, 1.0],
                [0.991706, 0.10453, 0.074788, 0.126065, 0.034495, -0.776988, 0.628569, -0.000526, 0.123814, -0.620776, -0.77415, -0.006349, 0.0, 0.0, 0.0, 1.0],
                [0.994151, 0.084699, 0.066997, 0.125862, 0.035117, -0.840209, 0.541125, -0.001176, 0.102124, -0.535607, -0.83827, -0.005481, 0.0, 0.0, 0.0, 1.0],
                [0.995346, 0.073846, 0.061902, 0.125751, 0.034331, -0.872019, 0.488266, -0.001503, 0.090036, -0.483869, -0.870497, -0.004953, 0.0, 0.0, 0.0, 1.0],
                [0.997419, 0.052111, 0.049392, 0.125529, 0.030135, -0.928231, 0.370781, -0.002083, 0.065169, -0.368336, -0.927406, -0.003774, 0.0, 0.0, 0.0, 1.0],
                [0.998228, 0.041905, 0.042241, 0.125424, 0.026802, -0.950501, 0.309563, -0.002313, 0.053122, -0.307882, -0.94994, -0.003157, 0.0, 0.0, 0.0, 1.0],
                [0.999335, 0.024138, 0.027324, 0.125242, 0.01846, -0.981274, 0.191728, -0.002632, 0.03144, -0.191097, -0.981068, -0.001965, 0.0, 0.0, 0.0, 1.0],
                [0.999653, 0.016919, 0.020165, 0.125168, 0.013957, -0.990206, 0.138912, -0.002725, 0.022318, -0.138582, -0.990099, -0.001428, 0.0, 0.0, 0.0, 1.0],
                [0.999948, 0.00623, 0.008065, 0.125058, 0.005785, -0.998523, 0.054022, -0.002813, 0.00839, -0.053972, -0.998507, -0.000564, 0.0, 0.0, 0.0, 1.0],
                [0.999989, 0.002816, 0.00375, 0.125023, 0.002722, -0.999686, 0.024901, -0.002827, 0.003819, -0.02489, -0.999683, -0.000266, 0.0, 0.0, 0.0, 1.0],
                [1.0, -1e-06, -1e-06, 0.124994, -1e-06, -1.0, 1e-06, -0.002831, -1e-06, -1e-06, -1.0, -1.2e-05, 0.0, 0.0, 0.0, 1.0]
            ]
        },
        {
            "name": "Leg_R",
            "time": [0.0, 0.0417, 0.125, 0.1667, 0.25, 0.2917, 0.375, 0.4583, 0.5, 0.5417, 0.5833, 0.625, 0.6667, 0.7083, 0.75, 0.7917, 0.8333, 0.875, 0.9167, 0.9583, 1.0, 1.0417, 1.125, 1.1667, 1.25, 1.2917, 1.375, 1.4167, 1.5, 1.5417, 1.625, 1.6667, 1.75, 1.7917, 1.875, 1.9167, 2.0, 2.0417, 2.125, 2.1667, 2.25, 2.2917, 2.375, 2.4167, 2.5],
            "transform": [
                [1.0, 1e-06, 2e-06, 0.0, -1e-06, 0.955961, 0.293492, 0.37472, -1e-06, -0.293492, 0.955961, 0.0, 0.0, 0.0, 0.0, 1.0],
                [1.0, 1e-06, 2e-06, 0.0, -1e-06, 0.955961, 0.293492, 0.37472, -1e-06, -0.293492, 0.955961, 0.0, 0.0, 0.0, 0.0, 1.0],
                [1.0, 1e-06, 2e-06, 0.0, -1e-06, 0.955961, 0.293492, 0.37472, -1e-06, -0.293492, 0.955961, 0.0, 0.0, 0.0, 0.0, 1.0],
                [1.0, 1e-06, 2e-06, 0.0, -1e-06, 0.955961, 0.293492, 0.37472, -1e-06, -0.293492, 0.955961, 0.0, 0.0, 0.0, 0.0, 1.0],
                [1.0, 1e-06, 2e-06, 0.0, -1e-06, 0.955961, 0.293492, 0.37472, -1e-06, -0.293492, 0.955961, 0.0, 0.0, 0.0, 0.0, 1.0],
                [1.0, 1e-06, 2e-06, 0.0, -1e-06, 0.955961, 0.293492, 0.37472, -1e-06, -0.293492, 0.955961, 0.0, 0.0, 0.0, 0.0, 1.0],
                [1.0, 1e-06, 2e-06, 0.0, -1e-06, 0.955961, 0.293492, 0.37472, -1e-06, -0.293492, 0.955961, 0.0, 0.0, 0.0, 0.0, 1.0],
                [1.0, 1e-06, 2e-06, 0.0, -1e-06, 0.949436, 0.313962, 0.37472, -1e-06, -0.313963, 0.949435, 0.0, 0.0, 0.0, 0.0, 1.0],
                [1.0, 1e-06, 2e-06, -0.0, -1e-06, 0.929364, 0.369164, 0.37472, -1e-06, -0.369164, 0.929364, -0.0, 0.0, 0.0, 0.0, 1.0],
                [1.0, 1e-06, 2e-06, -0.0, -1e-06, 0.893528, 0.449007, 0.37472, -1e-06, -0.449007, 0.893528, -0.0, 0.0, 0.0, 0.0, 1.0],
                [1.0, 0.0, 2e-06, 0.0, -1e-06, 0.840224, 0.54224, 0.37472, -1e-06, -0.54224, 0.840224, -0.0, 0.0, 0.0, 0.0, 1.0],
                [1.0, 0.0, 2e-06, -0.0, -1e-06, 0.770746, 0.637142, 0.37472, -1e-06, -0.637142, 0.770746, 0.0, 0.0, 0.0, 0.0, 1.0],
                [1.0, -0.0, 2e-06, -0.0, -1e-06, 0.690606, 0.723231, 0.37472, -1e-06, -0.723231, 0.690606, -0.0, 0.0, 0.0, 0.0, 1.0],
                [1.0, -0.0, 2e-06, 0.0, -1e-06, 0.609064, 0.793121, 0.37472, -1e-06, -0.793121, 0.609064, 0.0, 0.0, 0.0, 0.0, 1.0],
                [1.0, -0.0, 2e-06, -0.0, -1e-06, 0.537387, 0.843336, 0.37472, -1e-06, -0.843336, 0.537387, -0.0, 0.0, 0.0, 0.0, 1.0],
                [1.0, -0.0, 2e-06, 0.0, -1e-06, 0.486946, 0.873432, 0.37472, -1e-06, -0.873432, 0.486946, -0.0, 0.0, 0.0, 0.0, 1.0],
                [1.0, -0.0, 2e-06, -0.0, -1e-06, 0.468069, 0.883692, 0.37472, -1e-06, -0.883692, 0.468069, -0.0, 0.0, 0.0, 0.0, 1.0],
                [1.0, -1e-06, 2e-06, -0.0, -1e-06, 0.470934, 0.882169, 0.37472, -1e-06, -0.882169, 0.470934, -0.0, 0.0, 0.0, 0.0, 1.0],
                [1.0, -0.0, 2e-06, 0.0, -1e-06, 0.478875, 0.877883, 0.37472, -1e-06, -0.877883, 0.478875, -0.0, 0.0, 0.0, 0.0, 1.0],
                [1.0, -1e-06, 2e-06, -0.0, -1e-06, 0.4909, 0.871216, 0.37472, -1e-06, -0.871216, 0.4909, 0.0, 0.0, 0.0, 0.0, 1.0],
                [1.0, -0.0, 2e-06, -0.0, -1e-06, 0.506007, 0.862529, 0.37472, -1e-06, -0.862529, 0.506007, -0.0, 0.0, 0.0, 0.0, 1.0],
                [1.0, -0.0, 2e-06, 0.0, -1e-06, 0.523192, 0.852215, 0.37472, -1e-06, -0.852215, 0.523192, -0.0, 0.0, 0.0, 0.0, 1.0],
                [1.0, -0.0, 2e-06, 0.0, -1e-06, 0.559842, 0.828599, 0.37472, -1e-06, -0.828599, 0.559842, -0.0, 0.0, 0.0, 0.0, 1.0],
                [1.0, -0.0, 2e-06, 0.0, -1e-06, 0.577395, 0.816465, 0.37472, -1e-06, -0.816465, 0.577395, -0.0, 0.0, 0.0, 0.0, 1.0],
                [1.0, -0.0, 2e-06, -0.0, -1e-06, 0.606447, 0.795125, 0.37472, -1e-06, -0.795125, 0.606447, -0.0, 0.0, 0.0, 0.0, 1.0],
                [1.0, -0.0, 2e-06, -0.0, -1e-06, 0.616496, 0.787358, 0.37472, -1e-06, -0.787358, 0.616496, 0.0, 0.0, 0.0, 0.0, 1.0],
                [1.0, -0.0, 2e-06, 0.0, -1e-06, 0.62889, 0.777494, 0.37472, -1e-06, -0.777494, 0.62889, -0.0, 0.0, 0.0, 0.0, 1.0],
                [1.0, -0.0, 2e-06, 0.0, -1e-06, 0.632465, 0.774589, 0.37472, -1e-06, -0.774589, 0.632465, 0.0, 0.0, 0.0, 0.0, 1.0],
                [1.0, -0.0, 2e-06, -0.0, -1e-06, 0.63733, 0.770591, 0.37472, -1e-06, -0.770591, 0.63733, -0.0, 0.0, 0.0, 0.0, 1.0],
                [1.0, -0.0, 2e-06, 0.0, -1e-06, 0.63978, 0.768558, 0.37472, -1e-06, -0.768558, 0.63978, -0.0, 0.0, 0.0, 0.0, 1.0],
                [1.0, -0.0, 2e-06, 0.0, -1e-06, 0.647577, 0.762, 0.37472, -1e-06, -0.762, 0.647577, 0.0, 0.0, 0.0, 0.0, 1.0],
                [1.0, -0.0, 2e-06, -0.0, -1e-06, 0.654038, 0.756461, 0.37472, -1e-06, -0.756461, 0.654038, -0.0, 0.0, 0.0, 0.0, 1.0],
                [1.0, -0.0, 2e-06, -0.0, -1e-06, 0.674717, 0.738077, 0.37472, -1e-06, -0.738077, 0.674717, 0.0, 0.0, 0.0, 0.0, 1.0],
                [1.0, -0.0, 2e-06, -0.0, -1e-06, 0.689859, 0.723944, 0.37472, -1e-06, -0.723944, 0.689859, -0.0, 0.0, 0.0, 0.0, 1.0],
                [1.0, 0.0, 2e-06, -0.0, -1e-06, 0.732802, 0.680441, 0.37472, -1e-06, -0.680442, 0.732802, 0.0, 0.0, 0.0, 0.0, 1.0],
                [1.0, 0.0, 2e-06, 0.0, -1e-06, 0.762305, 0.647218, 0.37472, -1e-06, -0.647218, 0.762305, 0.0, 0.0, 0.0, 0.0, 1.0],
                [1.0, 0.0, 2e-06, -0.0, -1e-06, 0.829602, 0.558356, 0.37472, -1e-06, -0.558356, 0.829602, 0.0, 0.0, 0.0, 0.0, 1.0],
                [1.0, 0.0, 2e-06, 0.0, -1e-06, 0.863496, 0.504355, 0.37472, -1e-06, -0.504355, 0.863496, 0.0, 0.0, 0.0, 0.0, 1.0],
                [1.0, 1e-06, 2e-06, 0.0, -1e-06, 0.923438, 0.383747, 0.37472, -1e-06, -0.383746, 0.923439, 0.0, 0.0, 0.0, 0.0, 1.0],
                [1.0, 1e-06, 1e-06, -0.0, -1e-06, 0.947198, 0.320649, 0.37472, -1e-06, -0.320649, 0.947198, -0.0, 0.0, 0.0, 0.0, 1.0],
                [1.0, 1e-06, 1e-06, -0.0, -1e-06, 0.980032, 0.198842, 0.37472, -1e-06, -0.198842, 0.980032, -0.0, 0.0, 0.0, 0.0, 1.0],
                [1.0, 1e-06, 1e-06, -0.0, -1e-06, 0.989559, 0.144129, 0.37472, -1e-06, -0.144129, 0.989559, -0.0, 0.0, 0.0, 0.0, 1.0],
                [1.0, 1e-06, 1e-06, -0.0, -1e-06, 0.998426, 0.056081, 0.37472, -1e-06, -0.056081, 0.998426, -0.0, 0.0, 0.0, 0.0, 1.0],
                [1.0, 1e-06, 1e-06, 0.0, -1e-06, 0.999666, 0.025854, 0.37472, -1e-06, -0.025854, 0.999666, 0.0, 0.0, 0.0, 0.0, 1.0],
                [1.0, 1e-06, 1e-06, -0.0, -1e-06, 1.0, 1e-06, 0.37472, -1e-06, -1e-06, 1.0, 0.0, 0.0, 0.0, 0.0, 1.0]
            ]
        },
        {
            "name": "Knee_R",
            "time": [0.0, 0.0417, 0.125, 0.1667, 0.25, 0.2917, 0.375, 0.4583, 0.5, 0.5417, 0.5833, 0.625, 0.6667, 0.7083, 0.75, 0.7917, 0.8333, 0.875, 0.9167, 0.9583, 1.0, 1.0417, 1.125, 1.1667, 1.25, 1.2917, 1.375, 1.4167, 1.5, 1.5417, 1.625, 1.6667, 1.75, 1.7917, 1.875, 1.9167, 2.0, 2.0417, 2.125, 2.1667, 2.25, 2.2917, 2.375, 2.4167, 2.5],
            "transform": [
                [1.0, 1e-06, -2e-06, -0.0, -2e-06, 1e-06, -1.0, 0.37472, -1e-06, 1.0, 1e-06, 0.0, 0.0, 0.0, 0.0, 1.0],
                [1.0, 1e-06, -2e-06, -0.0, -2e-06, 1e-06, -1.0, 0.37472, -1e-06, 1.0, 1e-06, 0.0, 0.0, 0.0, 0.0, 1.0],
                [1.0, 1e-06, -2e-06, -0.0, -2e-06, 1e-06, -1.0, 0.37472, -1e-06, 1.0, 1e-06, 0.0, 0.0, 0.0, 0.0, 1.0],
                [1.0, 1e-06, -2e-06, -0.0, -2e-06, 1e-06, -1.0, 0.37472, -1e-06, 1.0, 1e-06, 0.0, 0.0, 0.0, 0.0, 1.0],
                [1.0, 1e-06, -2e-06, -0.0, -2e-06, 1e-06, -1.0, 0.37472, -1e-06, 1.0, 1e-06, 0.0, 0.0, 0.0, 0.0, 1.0],
                [1.0, 1e-06, -2e-06, -0.0, -2e-06, 1e-06, -1.0, 0.37472, -1e-06, 1.0, 1e-06, 0.0, 0.0, 0.0, 0.0, 1.0],
                [1.0, 1e-06, -2e-06, -0.0, -2e-06, 1e-06, -1.0, 0.37472, -1e-06, 1.0, 1e-06, 0.0, 0.0, 0.0, 0.0, 1.0],
                [1.0, 1e-06, -2e-06, 0.0, -2e-06, 1e-06, -1.0, 0.37472, -1e-06, 1.0, 1e-06, 0.0, 0.0, 0.0, 0.0, 1.0],
                [1.0, 1e-06, -2e-06, 0.0, -2e-06, 1e-06, -1.0, 0.37472, -1e-06, 1.0, 1e-06, -0.0, 0.0, 0.0, 0.0, 1.0],
                [1.0, 1e-06, -2e-06, -0.0, -2e-06, 1e-06, -1.0, 0.37472, -1e-06, 1.0, 1e-06, 0.0, 0.0, 0.0, 0.0, 1.0],
                [1.0, 1e-06, -2e-06, 0.0, -2e-06, 1e-06, -1.0, 0.37472, -1e-06, 1.0, 1e-06, -0.0, 0.0, 0.0, 0.0, 1.0],
                [1.0, 1e-06, -2e-06, -0.0, -2e-06, 1e-06, -1.0, 0.37472, -1e-06, 1.0, 1e-06, 0.0, 0.0, 0.0, 0.0, 1.0],
                [1.0, 1e-06, -2e-06, -0.0, -2e-06, 1e-06, -1.0, 0.37472, -1e-06, 1.0, 1e-06, -0.0, 0.0, 0.0, 0.0, 1.0],
                [1.0, 1e-06, -2e-06, 0.0, -2e-06, 1e-06, -1.0, 0.37472, -1e-06, 1.0, 1e-06, 0.0, 0.0, 0.0, 0.0, 1.0],
                [1.0, 1e-06, -1e-06, -0.0, -1e-06, 1e-06, -1.0, 0.37472, -1e-06, 1.0, 1e-06, 0.0, 0.0, 0.0, 0.0, 1.0],
                [1.0, 1e-06, -2e-06, 0.0, -2e-06, 1e-06, -1.0, 0.37472, -1e-06, 1.0, 1e-06, -0.0, 0.0, 0.0, 0.0, 1.0],
                [1.0, 1e-06, -2e-06, -0.0, -2e-06, 1e-06, -1.0, 0.37472, -1e-06, 1.0, 1e-06, -0.0, 0.0, 0.0, 0.0, 1.0],
                [1.0, 1e-06, -2e-06, 0.0, -1e-06, 1e-06, -1.0, 0.37472, -1e-06, 1.0, 1e-06, -0.0, 0.0, 0.0, 0.0, 1.0],
                [1.0, 1e-06, -2e-06, -0.0, -2e-06, 1e-06, -1.0, 0.37472, -1e-06, 1.0, 1e-06, -0.0, 0.0, 0.0, 0.0, 1.0],
                [1.0, 1e-06, -2e-06, 0.0, -1e-06, 1e-06, -1.0, 0.37472, -1e-06, 1.0, 1e-06, 0.0, 0.0, 0.0, 0.0, 1.0],
                [1.0, 1e-06, -2e-06, 0.0, -2e-06, 1e-06, -1.0, 0.37472, -1e-06, 1.0, 1e-06, -0.0, 0.0, 0.0, 0.0, 1.0],
                [1.0, 1e-06, -2e-06, 0.0, -1e-06, 1e-06, -1.0, 0.37472, -1e-06, 1.0, 1e-06, -0.0, 0.0, 0.0, 0.0, 1.0],
                [1.0, 1e-06, -2e-06, 0.0, -2e-06, 1e-06, -1.0, 0.37472, -1e-06, 1.0, 1e-06, -0.0, 0.0, 0.0, 0.0, 1.0],
                [1.0, 1e-06, -2e-06, -0.0, -2e-06, 1e-06, -1.0, 0.37472, -1e-06, 1.0, 1e-06, -0.0, 0.0, 0.0, 0.0, 1.0],
                [1.0, 1e-06, -2e-06, -0.0, -2e-06, 1e-06, -1.0, 0.37472, -1e-06, 1.0, 1e-06, 0.0, 0.0, 0.0, 0.0, 1.0],
                [1.0, 1e-06, -1e-06, -0.0, -1e-06, 1e-06, -1.0, 0.37472, -1e-06, 1.0, 1e-06, 0.0, 0.0, 0.0, 0.0, 1.0],
                [1.0, 1e-06, -2e-06, 0.0, -2e-06, 1e-06, -1.0, 0.37472, -1e-06, 1.0, 1e-06, -0.0, 0.0, 0.0, 0.0, 1.0],
                [1.0, 1e-06, -2e-06, 0.0, -2e-06, 1e-06, -1.0, 0.37472, -1e-06, 1.0, 1e-06, 0.0, 0.0, 0.0, 0.0, 1.0],
                [1.0, 1e-06, -2e-06, -0.0, -2e-06, 1e-06, -1.0, 0.37472, -1e-06, 1.0, 1e-06, 0.0, 0.0, 0.0, 0.0, 1.0],
                [1.0, 1e-06, -2e-06, 0.0, -2e-06, 1e-06, -1.0, 0.37472, -1e-06, 1.0, 1e-06, -0.0, 0.0, 0.0, 0.0, 1.0],
                [1.0, 1e-06, -2e-06, 0.0, -2e-06, 1e-06, -1.0, 0.37472, -1e-06, 1.0, 1e-06, 0.0, 0.0, 0.0, 0.0, 1.0],
                [1.0, 1e-06, -2e-06, -0.0, -2e-06, 1e-06, -1.0, 0.37472, -1e-06, 1.0, 1e-06, -0.0, 0.0, 0.0, 0.0, 1.0],
                [1.0, 1e-06, -2e-06, -0.0, -2e-06, 1e-06, -1.0, 0.37472, -1e-06, 1.0, 1e-06, 0.0, 0.0, 0.0, 0.0, 1.0],
                [1.0, 1e-06, -2e-06, -0.0, -2e-06, 1e-06, -1.0, 0.37472, -1e-06, 1.0, 1e-06, -0.0, 0.0, 0.0, 0.0, 1.0],
                [1.0, 1e-06, -2e-06, -0.0, -2e-06, 1e-06, -1.0, 0.37472, -1e-06, 1.0, 1e-06, -0.0, 0.0, 0.0, 0.0, 1.0],
                [1.0, 1e-06, -2e-06, -0.0, -2e-06, 1e-06, -1.0, 0.37472, -1e-06, 1.0, 1e-06, 0.0, 0.0, 0.0, 0.0, 1.0],
                [1.0, 1e-06, -2e-06, -0.0, -2e-06, 1e-06, -1.0, 0.37472, -1e-06, 1.0, 1e-06, 0.0, 0.0, 0.0, 0.0, 1.0],
                [1.0, 1e-06, -2e-06, 0.0, -2e-06, 1e-06, -1.0, 0.37472, -1e-06, 1.0, 1e-06, 0.0, 0.0, 0.0, 0.0, 1.0],
                [1.0, 1e-06, -2e-06, 0.0, -2e-06, 1e-06, -1.0, 0.37472, -1e-06, 1.0, 1e-06, -0.0, 0.0, 0.0, 0.0, 1.0],
                [1.0, 1e-06, -2e-06, -0.0, -2e-06, 1e-06, -1.0, 0.37472, -1e-06, 1.0, 1e-06, 0.0, 0.0, 0.0, 0.0, 1.0],
                [1.0, 1e-06, -2e-06, -0.0, -2e-06, 1e-06, -1.0, 0.37472, -1e-06, 1.0, 1e-06, 0.0, 0.0, 0.0, 0.0, 1.0],
                [1.0, 1e-06, -2e-06, -0.0, -2e-06, 1e-06, -1.0, 0.37472, -1e-06, 1.0, 1e-06, -0.0, 0.0, 0.0, 0.0, 1.0],
                [1.0, 1e-06, -2e-06, -0.0, -2e-06, 1e-06, -1.0, 0.37472, -1e-06, 1.0, 1e-06, -0.0, 0.0, 0.0, 0.0, 1.0],
                [1.0, 1e-06, -2e-06, 0.0, -2e-06, 1e-06, -1.0, 0.37472, -1e-06, 1.0, 1e-06, 0.0, 0.0, 0.0, 0.0, 1.0],
                [1.0, 1e-06, -2e-06, -0.0, -2e-06, 1e-06, -1.0, 0.37472, -1e-06, 1.0, 1e-06, 0.0, 0.0, 0.0, 0.0, 1.0]
            ]
        },
        {
            "name": "Thigh_L",
            "time": [0.0, 0.0417, 0.125, 0.1667, 0.25, 0.2917, 0.375, 0.4583, 0.5, 0.5417, 0.5833, 0.625, 0.6667, 0.7083, 0.75, 0.7917, 0.8333, 0.875, 0.9167, 0.9583, 1.0, 1.0417, 1.125, 1.1667, 1.25, 1.2917, 1.375, 1.4167, 1.5, 1.5417, 1.625, 1.6667, 1.75, 1.7917, 1.875, 1.9167, 2.0, 2.0417, 2.125, 2.1667, 2.25, 2.2917, 2.375, 2.4167, 2.5],
            "transform": [
                [0.639364, -0.314912, -0.701459, -0.128245, -0.194883, -0.948864, 0.248351, -0.002293, -0.743797, -0.022084, -0.66804, -0.000208, 0.0, 0.0, 0.0, 1.0],
                [0.639364, -0.314912, -0.701459, -0.128245, -0.194883, -0.948864, 0.248351, -0.002293, -0.743797, -0.022084, -0.66804, -0.000208, 0.0, 0.0, 0.0, 1.0],
                [0.639364, -0.314912, -0.701459, -0.128245, -0.194883, -0.948864, 0.248351, -0.002293, -0.743797, -0.022084, -0.66804, -0.000208, 0.0, 0.0, 0.0, 1.0],
                [0.639364, -0.314912, -0.701459, -0.128245, -0.194883, -0.948864, 0.248351, -0.002293, -0.743797, -0.022084, -0.66804, -0.000208, 0.0, 0.0, 0.0, 1.0],
                [0.639364, -0.314912, -0.701459, -0.128245, -0.194883, -0.948864, 0.248351, -0.002293, -0.743797, -0.022084, -0.66804, -0.000208, 0.0, 0.0, 0.0, 1.0],
                [0.639364, -0.314912, -0.701459, -0.128245, -0.194883, -0.948864, 0.248351, -0.002293, -0.743797, -0.022084, -0.66804, -0.000208, 0.0, 0.0, 0.0, 1.0],
                [0.639364, -0.314912, -0.701459, -0.128245, -0.194883, -0.948864, 0.248351, -0.002293, -0.743797, -0.022084, -0.66804, -0.000208, 0.0, 0.0, 0.0, 1.0],
                [0.647433, -0.302271, -0.699617, -0.128116, -0.1927, -0.953082, 0.233455, -0.002337, -0.737359, -0.01633, -0.675304, -0.000149, 0.0, 0.0, 0.0, 1.0],
                [0.669502, -0.267781, -0.692864, -0.127764, -0.186014, -0.96348, 0.192627, -0.002446, -0.719142, -8.2e-05, -0.694863, 1.5e-05, 0.0, 0.0, 0.0, 1.0],
                [0.701983, -0.216683, -0.678431, -0.127242, -0.173991, -0.975906, 0.131662, -0.002575, -0.690614, 0.025616, -0.72277, 0.000276, 0.0, 0.0, 0.0, 1.0],
                [0.740881, -0.154749, -0.653565, -0.126609, -0.15575, -0.986154, 0.056941, -0.002683, -0.653327, 0.059606, -0.754725, 0.000622, 0.0, 0.0, 0.0, 1.0],
                [0.782101, -0.088412, -0.616848, -0.12593, -0.131196, -0.991059, -0.024295, -0.002737, -0.609184, 0.099929, -0.786707, 0.001031, 0.0, 0.0, 0.0, 1.0],
                [0.821947, -0.024362, -0.569043, -0.125274, -0.101544, -0.989347, -0.104318, -0.002724, -0.56044, 0.143527, -0.815664, 0.001475, 0.0, 0.0, 0.0, 1.0],
                [0.857681, 0.031191, -0.513235, -0.124705, -0.069441, -0.981987, -0.175724, -0.002652, -0.509472, 0.186355, -0.840066, 0.00191, 0.0, 0.0, 0.0, 1.0],
                [0.887867, 0.073169, -0.454244, -0.124274, -0.038713, -0.971892, -0.23222, -0.002552, -0.458468, 0.223766, -0.860079, 0.002291, 0.0, 0.0, 0.0, 1.0],
                [0.912329, 0.097832, -0.397598, -0.124021, -0.013921, -0.963064, -0.268912, -0.002464, -0.40922, 0.250871, -0.87727, 0.002566, 0.0, 0.0, 0.0, 1.0],
                [0.931708, 0.102389, -0.348477, -0.123973, -1e-06, -0.959442, -0.281905, -0.002428, -0.363208, 0.262653, -0.89392, 0.002685, 0.0, 0.0, 0.0, 1.0],
                [0.946584, 0.096209, -0.307772, -0.124034, 0.006226, -0.959729, -0.280861, -0.002431, -0.322399, 0.263942, -0.909062, 0.002696, 0.0, 0.0, 0.0, 1.0],
                [0.957686, 0.090457, -0.273232, -0.124092, 0.011353, -0.960463, -0.278178, -0.002438, -0.287592, 0.263305, -0.920848, 0.002689, 0.0, 0.0, 0.0, 1.0],
                [0.965917, 0.085218, -0.244422, -0.124144, 0.015438, -0.961539, -0.274233, -0.002449, -0.258391, 0.261113, -0.930083, 0.002665, 0.0, 0.0, 0.0, 1.0],
                [0.971987, 0.080527, -0.220812, -0.124191, 0.018577, -0.962858, -0.269367, -0.002462, -0.234302, 0.257719, -0.937381, 0.00263, 0.0, 0.0, 0.0, 1.0],
                [0.976441, 0.076383, -0.201815, -0.124233, 0.020892, -0.964324, -0.263898, -0.002477, -0.214772, 0.253464, -0.943201, 0.002585, 0.0, 0.0, 0.0, 1.0],
                [0.982073, 0.06965, -0.17516, -0.124301, 0.023604, -0.967357, -0.252316, -0.002508, -0.187016, 0.243659, -0.951659, 0.002484, 0.0, 0.0, 0.0, 1.0],
                [0.983812, 0.066998, -0.16621, -0.124328, 0.024285, -0.968772, -0.246762, -0.002522, -0.177552, 0.238731, -0.954716, 0.002434, 0.0, 0.0, 0.0, 1.0],
                [0.986098, 0.062977, -0.153769, -0.124368, 0.024984, -0.97107, -0.237486, -0.002545, -0.164276, 0.230343, -0.959143, 0.002347, 0.0, 0.0, 0.0, 1.0],
                [0.986914, 0.061553, -0.149038, -0.124383, 0.025242, -0.971854, -0.234228, -0.002553, -0.159261, 0.227401, -0.96069, 0.002317, 0.0, 0.0, 0.0, 1.0],
                [0.988174, 0.05959, -0.141286, -0.124403, 0.025758, -0.972815, -0.230147, -0.002563, -0.151159, 0.223786, -0.962845, 0.00228, 0.0, 0.0, 0.0, 1.0],
                [0.988672, 0.058913, -0.13805, -0.124409, 0.026017, -0.973091, -0.228946, -0.002565, -0.147823, 0.222761, -0.9636, 0.002269, 0.0, 0.0, 0.0, 1.0],
                [0.989519, 0.057841, -0.132314, -0.12442, 0.026514, -0.973471, -0.22727, -0.002569, -0.141949, 0.221379, -0.964801, 0.002255, 0.0, 0.0, 0.0, 1.0],
                [0.989909, 0.05732, -0.129592, -0.124425, 0.026739, -0.973664, -0.226412, -0.002571, -0.139157, 0.220662, -0.965372, 0.002248, 0.0, 0.0, 0.0, 1.0],
                [0.990716, 0.056, -0.123879, -0.124439, 0.027099, -0.974281, -0.2237, -0.002578, -0.13322, 0.218266, -0.966753, 0.002223, 0.0, 0.0, 0.0, 1.0],
                [0.991164, 0.055082, -0.120662, -0.124448, 0.027212, -0.974789, -0.221462, -0.002583, -0.129818, 0.216221, -0.967675, 0.002202, 0.0, 0.0, 0.0, 1.0],
                [0.992217, 0.05245, -0.112933, -0.124475, 0.027227, -0.976398, -0.214255, -0.002599, -0.121505, 0.209513, -0.970227, 0.002133, 0.0, 0.0, 0.0, 1.0],
                [0.992841, 0.050632, -0.108185, -0.124493, 0.02709, -0.977562, -0.208899, -0.002611, -0.116334, 0.204473, -0.971935, 0.002082, 0.0, 0.0, 0.0, 1.0],
