{
    "armature": {
        "joints": ["Root", "Thigh_R", "Leg_R", "Knee_R", "Thigh_L", "Leg_L", "Knee_L", "Torso", "Chest", "Head", "Shoulder_R", "Arm_R", "Hand_R", "Tool_R", "Elbow_R", "Shoulder_L", "Arm_L", "Hand_L", "Tool_L", "Elbow_L"],
        "hierarchy": [
            {
                "name": "Root",
                "transform": [1.0, 0.0, 0.0, -5e-06, 0.0, 0.0, -1.0, 0.000946, 0.0, 1.0, 0.0, 0.763972, 0.0, 0.0, 0.0, 1.0],
                "children": [
                    {
                        "name": "Thigh_R",
                        "transform": [1.0, -1e-06, -0.0, 0.124994, -1e-06, -1.0, 1e-06, -0.002831, -0.0, -1e-06, -1.0, -1.2e-05, 0.0, 0.0, 0.0, 1.0],
                        "children": [
                            {
                                "name": "Leg_R",
                                "transform": [1.0, 1e-06, 1e-06, -0.0, -1e-06, 1.0, 1e-06, 0.37472, -1e-06, -1e-06, 1.0, -0.0, 0.0, 0.0, 0.0, 1.0],
                                "children": []
                            },
                            {
                                "name": "Knee_R",
                                "transform": [1.0, 0.0, -1e-06, -0.0, -1e-06, 1e-06, -1.0, 0.37472, -0.0, 1.0, 1e-06, -0.0, 0.0, 0.0, 0.0, 1.0],
                                "children": []
                            }
                        ]
                    },
                    {
                        "name": "Thigh_L",
                        "transform": [1.0, -1e-06, -0.0, -0.125006, -1e-06, -1.0, 1e-06, -0.002831, -0.0, -1e-06, -1.0, -1.2e-05, 0.0, 0.0, 0.0, 1.0],
                        "children": [
                            {
                                "name": "Leg_L",
                                "transform": [1.0, 1e-06, 1e-06, 0.0, -1e-06, 1.0, 1e-06, 0.37472, -1e-06, -1e-06, 1.0, -0.0, 0.0, 0.0, 0.0, 1.0],
                                "children": []
                            },
                            {
                                "name": "Knee_L",
                                "transform": [1.0, 0.0, -1e-06, 0.0, -1e-06, 1e-06, -1.0, 0.37472, -0.0, 1.0, 1e-06, -0.0, 0.0, 0.0, 0.0, 1.0],
                                "children": []
                            }
                        ]
                    },
                    {
                        "name": "Torso",
                        "transform": [1.0, 0.0, 0.0, 0.0, 0.0, 1.0, 0.0, 0.05, 0.0, 0.0, 1.0, 0.0, 0.0, 0.0, 0.0, 1.0],
                        "children": [
                            {
                                "name": "Chest",
                                "transform": [1.0, 0.0, -0.0, 0.0, -0.0, 1.0, 0.0, 0.3, 0.0, -0.0, 1.0, 0.0, 0.0, 0.0, 0.0, 1.0],
                                "children": [
                                    {
                                        "name": "Head",
                                        "transform": [1.0, -0.0, 0.0, -0.0, 0.0, 1.0, -0.0, 0.4, -0.0, 0.0, 1.0, 0.0, 0.0, 0.0, 0.0, 1.0],
                                        "children": []
                                    },
                                    {
                                        "name": "Shoulder_R",
                                        "transform": [0.0, 0.952114, 0.305742, -0.0, -1e-06, -0.305742, 0.952114, 0.4, 1.0, -0.0, 1e-06, 0.0, 0.0, 0.0, 0.0, 1.0],
                                        "children": [
                                            {
                                                "name": "Arm_R",
                                                "transform": [0.0, 1e-06, -1.0, 0.0, 0.952114, 0.305742, 0.0, 0.39386, 0.305742, -0.952114, -1e-06, -0.0, 0.0, 0.0, 0.0, 1.0],
                                                "children": [
                                                    {
                                                        "name": "Hand_R",
                                                        "transform": [1.0, 0.0, 0.0, -0.0, -0.0, 0.993937, 0.109947, 0.3, -0.0, -0.109947, 0.993937, -0.0, 0.0, 0.0, 0.0, 1.0],
                                                        "children": [
                                                            {
                                                                "name": "Tool_R",
                                                                "transform": [1.0, 0.0, 0.0, 0.0, 0.0, -0.999836, 0.018122, 0.272859, 0.0, -0.018122, -0.999231, 0.0, 0.0, 0.0, 0.0, 1.0],
                                                                "children": []
                                                            }
                                                        ]
                                                    },
                                                    {
                                                        "name": "Elbow_R",
                                                        "transform": [-1.0, 0.0, -0.0, 0.0, 0.0, -0.0, -1.0, 0.3, -0.0, -1.0, 0.0, -0.0, 0.0, 0.0, 0.0, 1.0],
                                                        "children": []
                                                    }
                                                ]
                                            }
                                        ]
                                    },
                                    {
                                        "name": "Shoulder_L",
                                        "transform": [-1e-06, -0.952114, -0.305742, 0.0, 2e-06, -0.305742, 0.952114, 0.4, -1.0, 0.0, 2e-06, 0.0, 0.0, 0.0, 0.0, 1.0],
                                        "children": [
                                            {
                                                "name": "Arm_L",
                                                "transform": [-1e-06, -2e-06, 1.0, -0.0, -0.952115, 0.305742, -0.0, 0.39386, -0.305742, -0.952115, -2e-06, -0.0, 0.0, 0.0, 0.0, 1.0],
                                                "children": [
                                                    {
                                                        "name": "Hand_L",
                                                        "transform": [1.0, 0.0, 0.0, 0.0, -0.0, 0.993937, 0.109947, 0.3, -0.0, -0.109947, 0.993937, 0.0, 0.0, 0.0, 0.0, 1.0],
                                                        "children": [
                                                            {
                                                                "name": "Tool_L",
                                                                "transform": [1.0, 0.0, 0.0, -0.0, 0.0, -0.999836, 0.018122, 0.272858, 0.0, -0.018122, -0.999231, -0.0, 0.0, 0.0, 0.0, 1.0],
                                                                "children": []
                                                            }
                                                        ]
                                                    },
                                                    {
                                                        "name": "Elbow_L",
                                                        "transform": [-1.0, 0.0, -0.0, 0.0, 0.0, 0.0, -1.0, 0.3, -0.0, -1.0, 0.0, 0.0, 0.0, 0.0, 0.0, 1.0],
                                                        "children": []
                                                    }
                                                ]
                                            }
                                        ]
                                    }
                                ]
                            }
                        ]
                    }
                ]
            }
        ]
    },
    "animation": [
        {
            "name": "Root",
            "time": [0.0, 0.0417, 0.125, 0.1667, 0.25, 0.2917, 0.375, 0.4583, 0.5, 0.5417, 0.5833, 0.625, 0.6667, 0.7083, 0.75, 0.7917, 0.8333, 0.875, 0.9167, 0.9583, 1.0, 1.0417, 1.125, 1.1667, 1.25, 1.2917, 1.375, 1.4167, 1.5, 1.5417, 1.625, 1.6667, 1.75, 1.7917, 1.875, 1.9167, 2.0, 2.0417, 2.125, 2.1667, 2.25, 2.2917, 2.375, 2.4167, 2.5, 2.5417, 2.625, 2.6667, 2.75, 2.7917, 2.875, 2.9167],
            "transform": [
                [0.371474, 0.0, 0.928444, -5.1e-05, 0.928444, 0.0, -0.371474, 0.000942, 0.0, 1.0, 0.0, 0.577105, 0.0, 0.0, 0.0, 1.0],
                [0.371474, 0.0, 0.928444, -5.1e-05, 0.928444, 0.0, -0.371474, 0.000942, 0.0, 1.0, 0.0, 0.577105, 0.0, 0.0, 0.0, 1.0],
                [0.371474, 0.0, 0.928444, -5.1e-05, 0.928444, 0.0, -0.371474, 0.000942, 0.0, 1.0, 0.0, 0.577386, 0.0, 0.0, 0.0, 1.0],
                [0.371474, 0.0, 0.928444, -5.1e-05, 0.928444, 0.0, -0.371474, 0.000942, 0.0, 1.0, 0.0, 0.57783, 0.0, 0.0, 0.0, 1.0],
                [0.371474, 0.0, 0.928444, -5.1e-05, 0.928444, 0.0, -0.371474, 0.000942, 0.0, 1.0, 0.0, 0.579631, 0.0, 0.0, 0.0, 1.0],
                [0.371474, 0.0, 0.928444, -5.1e-05, 0.928444, 0.0, -0.371474, 0.000942, 0.0, 1.0, 0.0, 0.581112, 0.0, 0.0, 0.0, 1.0],
                [0.371474, 0.0, 0.928444, -5.1e-05, 0.928444, 0.0, -0.371474, 0.000942, 0.0, 1.0, 0.0, 0.585541, 0.0, 0.0, 0.0, 1.0],
                [0.371474, 0.0, 0.928444, -5.1e-05, 0.928444, 0.0, -0.371474, 0.000942, 0.0, 1.0, 0.0, 0.592338, 0.0, 0.0, 0.0, 1.0],
                [0.371474, 0.0, 0.928444, -5.1e-05, 0.928444, 0.0, -0.371474, 0.000942, 0.0, 1.0, 0.0, 0.596779, 0.0, 0.0, 0.0, 1.0],
                [0.371474, 0.0, 0.928444, -5.1e-05, 0.928444, 0.0, -0.371474, 0.000942, 0.0, 1.0, 0.0, 0.601996, 0.0, 0.0, 0.0, 1.0],
                [0.371474, 0.0, 0.928444, -5.1e-05, 0.928444, 0.0, -0.371474, 0.000942, 0.0, 1.0, 0.0, 0.608051, 0.0, 0.0, 0.0, 1.0],
                [0.371474, 0.0, 0.928444, -5.1e-05, 0.928444, 0.0, -0.371474, 0.000942, 0.0, 1.0, 0.0, 0.615005, 0.0, 0.0, 0.0, 1.0],
                [0.371474, 0.0, 0.928444, -5.1e-05, 0.928444, 0.0, -0.371474, 0.000942, 0.0, 1.0, 0.0, 0.622921, 0.0, 0.0, 0.0, 1.0],
                [0.371474, 0.0, 0.928444, -5.1e-05, 0.928444, 0.0, -0.371474, 0.000942, 0.0, 1.0, 0.0, 0.63186, 0.0, 0.0, 0.0, 1.0],
                [0.371474, 0.0, 0.928444, -5.1e-05, 0.928444, 0.0, -0.371474, 0.000942, 0.0, 1.0, 0.0, 0.641883, 0.0, 0.0, 0.0, 1.0],
                [0.371474, 0.0, 0.928444, -5.1e-05, 0.928444, 0.0, -0.371474, 0.000942, 0.0, 1.0, 0.0, 0.653052, 0.0, 0.0, 0.0, 1.0],
                [0.371474, 0.0, 0.928444, -5.1e-05, 0.928444, 0.0, -0.371474, 0.000942, 0.0, 1.0, 0.0, 0.665429, 0.0, 0.0, 0.0, 1.0],
                [0.37543, 0.0, 0.926851, -5.1e-05, 0.926851, 0.0, -0.37543, 0.000942, 0.0, 1.0, 0.0, 0.678873, 0.0, 0.0, 0.0, 1.0],
                [0.390546, 0.0, 0.920583, -5.1e-05, 0.920583, 0.0, -0.390546, 0.000942, 0.0, 1.0, 0.0, 0.692441, 0.0, 0.0, 0.0, 1.0],
                [0.421417, 0.0, 0.906867, -5.1e-05, 0.906867, 0.0, -0.421417, 0.000944, 0.0, 1.0, 0.0, 0.704987, 0.0, 0.0, 0.0, 1.0],
                [0.472181, 0.0, 0.881501, -5.1e-05, 0.881501, 0.0, -0.472181, 0.000947, 0.0, 1.0, 0.0, 0.715367, 0.0, 0.0, 0.0, 1.0],
                [0.546173, 0.0, 0.837673, -5.1e-05, 0.837673, 0.0, -0.546173, 0.000951, 0.0, 1.0, 0.0, 0.722435, 0.0, 0.0, 0.0, 1.0],
                [0.764477, 0.0, 0.644651, -4.8e-05, 0.644651, 0.0, -0.764477, 0.047125, 0.0, 1.0, 0.0, 0.715958, 0.0, 0.0, 0.0, 1.0],
                [0.879125, 0.0, 0.476591, -4.3e-05, 0.476591, 0.0, -0.879125, 0.162535, 0.0, 1.0, 0.0, 0.693241, 0.0, 0.0, 0.0, 1.0],
                [0.994591, 0.0, 0.10387, -3.1e-05, 0.10387, 0.0, -0.994591, 0.462594, 0.0, 1.0, 0.0, 0.634177, 0.0, 0.0, 0.0, 1.0],
                [0.999696, 0.0, -0.024664, -2.5e-05, -0.024664, 0.0, -0.999696, 0.577999, 0.0, 1.0, 0.0, 0.61146, 0.0, 0.0, 0.0, 1.0],
                [0.997329, 0.0, -0.073041, -2.3e-05, -0.073041, 0.0, -0.997329, 0.624161, 0.0, 1.0, 0.0, 0.602373, 0.0, 0.0, 0.0, 1.0],
                [0.997329, 0.0, -0.073041, -2.3e-05, -0.073041, 0.0, -0.997329, 0.624161, 0.0, 1.0, 0.0, 0.602373, 0.0, 0.0, 0.0, 1.0],
                [0.997329, 0.0, -0.073041, -2.3e-05, -0.073041, 0.0, -0.997329, 0.624161, 0.0, 1.0, 0.0, 0.603723, 0.0, 0.0, 0.0, 1.0],
                [0.997329, 0.0, -0.073041, -2.3e-05, -0.073041, 0.0, -0.997329, 0.624161, 0.0, 1.0, 0.0, 0.605352, 0.0, 0.0, 0.0, 1.0],
                [0.997329, 0.0, -0.073041, -2.3e-05, -0.073041, 0.0, -0.997329, 0.624161, 0.0, 1.0, 0.0, 0.610323, 0.0, 0.0, 0.0, 1.0],
                [0.997329, 0.0, -0.073041, -2.3e-05, -0.073041, 0.0, -0.997329, 0.624161, 0.0, 1.0, 0.0, 0.613587, 0.0, 0.0, 0.0, 1.0],
                [0.997329, 0.0, -0.073041, -2.3e-05, -0.073041, 0.0, -0.997329, 0.624161, 0.0, 1.0, 0.0, 0.621477, 0.0, 0.0, 0.0, 1.0],
                [0.997329, 0.0, -0.073041, -2.3e-05, -0.073041, 0.0, -0.997329, 0.624161, 0.0, 1.0, 0.0, 0.626027, 0.0, 0.0, 0.0, 1.0],
                [0.997329, 0.0, -0.073041, -2.3e-05, -0.073041, 0.0, -0.997329, 0.624161, 0.0, 1.0, 0.0, 0.636137, 0.0, 0.0, 0.0, 1.0],
                [0.997329, 0.0, -0.073041, -2.3e-05, -0.073041, 0.0, -0.997329, 0.624161, 0.0, 1.0, 0.0, 0.64162, 0.0, 0.0, 0.0, 1.0],
                [0.997329, 0.0, -0.073041, -2.3e-05, -0.073041, 0.0, -0.997329, 0.624161, 0.0, 1.0, 0.0, 0.653248, 0.0, 0.0, 0.0, 1.0],
                [0.997329, 0.0, -0.073041, -2.3e-05, -0.073041, 0.0, -0.997329, 0.624161, 0.0, 1.0, 0.0, 0.659316, 0.0, 0.0, 0.0, 1.0],
                [0.997329, 0.0, -0.073041, -2.3e-05, -0.073041, 0.0, -0.997329, 0.624161, 0.0, 1.0, 0.0, 0.671762, 0.0, 0.0, 0.0, 1.0],
                [0.997329, 0.0, -0.073041, -2.3e-05, -0.073041, 0.0, -0.997329, 0.624161, 0.0, 1.0, 0.0, 0.678063, 0.0, 0.0, 0.0, 1.0],
                [0.997329, 0.0, -0.073041, -2.3e-05, -0.073041, 0.0, -0.997329, 0.624161, 0.0, 1.0, 0.0, 0.690626, 0.0, 0.0, 0.0, 1.0],
                [0.997329, 0.0, -0.073041, -2.3e-05, -0.073041, 0.0, -0.997329, 0.624161, 0.0, 1.0, 0.0, 0.69681, 0.0, 0.0, 0.0, 1.0],
                [0.997329, 0.0, -0.073041, -2.3e-05, -0.073041, 0.0, -0.997329, 0.624161, 0.0, 1.0, 0.0, 0.708789, 0.0, 0.0, 0.0, 1.0],
                [0.997329, 0.0, -0.073041, -2.3e-05, -0.073041, 0.0, -0.997329, 0.624161, 0.0, 1.0, 0.0, 0.714506, 0.0, 0.0, 0.0, 1.0],
                [0.997329, 0.0, -0.073041, -2.3e-05, -0.073041, 0.0, -0.997329, 0.624161, 0.0, 1.0, 0.0, 0.7252, 0.0, 0.0, 0.0, 1.0],
                [0.997329, 0.0, -0.073041, -2.3e-05, -0.073041, 0.0, -0.997329, 0.624161, 0.0, 1.0, 0.0, 0.730099, 0.0, 0.0, 0.0, 1.0],
                [0.997329, 0.0, -0.073041, -2.3e-05, -0.073041, 0.0, -0.997329, 0.624161, 0.0, 1.0, 0.0, 0.738808, 0.0, 0.0, 0.0, 1.0],
                [0.997329, 0.0, -0.073041, -2.3e-05, -0.073041, 0.0, -0.997329, 0.624161, 0.0, 1.0, 0.0, 0.742539, 0.0, 0.0, 0.0, 1.0],
                [0.997329, 0.0, -0.073041, -2.3e-05, -0.073041, 0.0, -0.997329, 0.624161, 0.0, 1.0, 0.0, 0.748561, 0.0, 0.0, 0.0, 1.0],
                [0.997329, 0.0, -0.073041, -2.3e-05, -0.073041, 0.0, -0.997329, 0.624161, 0.0, 1.0, 0.0, 0.750773, 0.0, 0.0, 0.0, 1.0],
                [0.997329, 0.0, -0.073041, -2.3e-05, -0.073041, 0.0, -0.997329, 0.624161, 0.0, 1.0, 0.0, 0.753408, 0.0, 0.0, 0.0, 1.0],
                [0.997329, 0.0, -0.073041, -2.3e-05, -0.073041, 0.0, -0.997329, 0.624161, 0.0, 1.0, 0.0, 0.753752, 0.0, 0.0, 0.0, 1.0]
            ]
        },
        {
            "name": "Thigh_R",
            "time": [0.0, 0.0417, 0.125, 0.1667, 0.25, 0.2917, 0.375, 0.4583, 0.5, 0.5417, 0.5833, 0.625, 0.6667, 0.7083, 0.75, 0.7917, 0.8333, 0.875, 0.9167, 0.9583, 1.0, 1.0417, 1.125, 1.1667, 1.25, 1.2917, 1.375, 1.4167, 1.5, 1.5417, 1.625, 1.6667, 1.75, 1.7917, 1.875, 1.9167, 2.0, 2.0417, 2.125, 2.1667, 2.25, 2.2917, 2.375, 2.4167, 2.5, 2.5417, 2.625, 2.6667, 2.75, 2.7917, 2.875, 2.9167],
            "transform": [
                [0.599043, 0.675242, 0.430344, 0.131921, -1e-06, -0.537448, 0.843297, 0.001931, 0.800717, -0.505171, -0.321954, -0.005164, 0.0, 0.0, 0.0, 1.0],
                [0.599043, 0.675242, 0.430344, 0.131921, -1e-06, -0.537448, 0.843297, 0.001931, 0.800717, -0.505171, -0.321954, -0.005164, 0.0, 0.0, 0.0, 1.0],
                [0.599039, 0.673441, 0.433162, 0.131903, 0.001849, -0.542128, 0.840294, 0.001883, 0.800718, -0.502568, -0.326, -0.005137, 0.0, 0.0, 0.0, 1.0],
                [0.599042, 0.67125, 0.436547, 0.131881, 0.003917, -0.547645, 0.836702, 0.001827, 0.800708, -0.499509, -0.330691, -0.005106, 0.0, 0.0, 0.0, 1.0],
                [0.599099, 0.664433, 0.446776, 0.131811, 0.009534, -0.563879, 0.825802, 0.00166, 0.800619, -0.490477, -0.344154, -0.005015, 0.0, 0.0, 0.0, 1.0],
                [0.599169, 0.659856, 0.453416, 0.131765, 0.012756, -0.574126, 0.818668, 0.001555, 0.800521, -0.484736, -0.352416, -0.004956, 0.0, 0.0, 0.0, 1.0],
                [0.599419, 0.648484, 0.469216, 0.131649, 0.019209, -0.597687, 0.801499, 0.001314, 0.800204, -0.471421, -0.370722, -0.004821, 0.0, 0.0, 0.0, 1.0],
                [0.59981, 0.634359, 0.487663, 0.131505, 0.024566, -0.623784, 0.781211, 0.001046, 0.799765, -0.456598, -0.389736, -0.00467, 0.0, 0.0, 0.0, 1.0],
                [0.600037, 0.626365, 0.497616, 0.131424, 0.026418, -0.637218, 0.770231, 0.000908, 0.799535, -0.449021, -0.398902, -0.004593, 0.0, 0.0, 0.0, 1.0],
                [0.600263, 0.61782, 0.50792, 0.131337, 0.027498, -0.650623, 0.758903, 0.000771, 0.79933, -0.441574, -0.407534, -0.004517, 0.0, 0.0, 0.0, 1.0],
                [0.600462, 0.608788, 0.51848, 0.131245, 0.027643, -0.663797, 0.747402, 0.000636, 0.799175, -0.434455, -0.415414, -0.004445, 0.0, 0.0, 0.0, 1.0],
                [0.600605, 0.599343, 0.529207, 0.131149, 0.026689, -0.676545, 0.735918, 0.000505, 0.7991, -0.427872, -0.422332, -0.004378, 0.0, 0.0, 0.0, 1.0],
                [0.600656, 0.589571, 0.540017, 0.13105, 0.024479, -0.688682, 0.72465, 0.00038, 0.799133, -0.422046, -0.428093, -0.004319, 0.0, 0.0, 0.0, 1.0],
                [0.600572, 0.579562, 0.550836, 0.130948, 0.020856, -0.700036, 0.713803, 0.000264, 0.799298, -0.417202, -0.43251, -0.004269, 0.0, 0.0, 0.0, 1.0],
                [0.600309, 0.569421, 0.561595, 0.130845, 0.015668, -0.710435, 0.703588, 0.000157, 0.799615, -0.413571, -0.435402, -0.004232, 0.0, 0.0, 0.0, 1.0],
                [0.599816, 0.559259, 0.572232, 0.130742, 0.008764, -0.719716, 0.694213, 6.2e-05, 0.80009, -0.411385, -0.436599, -0.00421, 0.0, 0.0, 0.0, 1.0],
                [0.599043, 0.549194, 0.582695, 0.130639, -1e-06, -0.727716, 0.685878, -2e-05, 0.800717, -0.410871, -0.435933, -0.004205, 0.0, 0.0, 0.0, 1.0],
                [0.597728, 0.538816, 0.593631, 0.130534, -0.010423, -0.735181, 0.677791, -9.6e-05, 0.801631, -0.411323, -0.433822, -0.00421, 0.0, 0.0, 0.0, 1.0],
                [0.595981, 0.525305, 0.60734, 0.130396, -0.020332, -0.746225, 0.665383, -0.000209, 0.802741, -0.408904, -0.434056, -0.004185, 0.0, 0.0, 0.0, 1.0],
                [0.594325, 0.504884, 0.625995, 0.130188, -0.026944, -0.765446, 0.642936, -0.000407, 0.803773, -0.39898, -0.44132, -0.004084, 0.0, 0.0, 0.0, 1.0],
                [0.593436, 0.473157, 0.651119, 0.129865, -0.0275, -0.796572, 0.603918, -0.000726, 0.804411, -0.376292, -0.459703, -0.003853, 0.0, 0.0, 0.0, 1.0],
                [0.594395, 0.424756, 0.682845, 0.129372, -0.019309, -0.841343, 0.540156, -0.001187, 0.803942, -0.334251, -0.491888, -0.003424, 0.0, 0.0, 0.0, 1.0],
                [0.652628, 0.249726, 0.715342, 0.127583, 0.043864, -0.954992, 0.29337, -0.002359, 0.756408, -0.160084, -0.634208, -0.001649, 0.0, 0.0, 0.0, 1.0],
                [0.770168, 0.131631, 0.624112, 0.12637, 0.093849, -0.99121, 0.093245, -0.002739, 0.6309, -0.013242, -0.775752, -0.000152, 0.0, 0.0, 0.0, 1.0],
                [0.972176, -0.003652, 0.234223, 0.124967, 0.075257, -0.942005, -0.327053, -0.002253, 0.221833, 0.33558, -0.915519, 0.003416, 0.0, 0.0, 0.0, 1.0],
                [0.997822, -0.005618, 0.065731, 0.124939, 0.024646, -0.892484, -0.450405, -0.001751, 0.061194, 0.451044, -0.890401, 0.004601, 0.0, 0.0, 0.0, 1.0],
                [1.0, -1e-06, -1e-06, 0.124994, -1e-06, -0.870528, -0.492118, -0.001528, -0.0, 0.492118, -0.870528, 0.005023, 0.0, 0.0, 0.0, 1.0],
                [1.0, -1e-06, -1e-06, 0.124994, -1e-06, -0.870528, -0.492118, -0.001528, -0.0, 0.492118, -0.870528, 0.005023, 0.0, 0.0, 0.0, 1.0],
                [0.999993, -0.000182, 0.003609, 0.124992, 0.001593, -0.874327, -0.485335, -0.001566, 0.003243, 0.485337, -0.874321, 0.004953, 0.0, 0.0, 0.0, 1.0],
                [0.999968, -0.000362, 0.007976, 0.124991, 0.003487, -0.878852, -0.477082, -0.001612, 0.007183, 0.477095, -0.878822, 0.004869, 0.0, 0.0, 0.0, 1.0],
                [0.999771, -0.00066, 0.021379, 0.124988, 0.009065, -0.892246, -0.451458, -0.001748, 0.019374, 0.451549, -0.892036, 0.004607, 0.0, 0.0, 0.0, 1.0],
                [0.999543, -0.000645, 0.030235, 0.124989, 0.012556, -0.900689, -0.434282, -0.001834, 0.027512, 0.434463, -0.900269, 0.004432, 0.0, 0.0, 0.0, 1.0],
                [0.998658, 9.9e-05, 0.051783, 0.124997, 0.0204, -0.919881, -0.391668, -0.002028, 0.047595, 0.392199, -0.918648, 0.003999, 0.0, 0.0, 0.0, 1.0],
                [0.997932, 0.000991, 0.064269, 0.125007, 0.024523, -0.930119, -0.366438, -0.002132, 0.059415, 0.367257, -0.92822, 0.003743, 0.0, 0.0, 0.0, 1.0],
                [0.995742, 0.00421, 0.092091, 0.125041, 0.032577, -0.950572, -0.30879, -0.002339, 0.086239, 0.310475, -0.946661, 0.003161, 0.0, 0.0, 0.0, 1.0],
                [0.994218, 0.006679, 0.107169, 0.125067, 0.036277, -0.96027, -0.276706, -0.002437, 0.101063, 0.278994, -0.95496, 0.002839, 0.0, 0.0, 0.0, 1.0],
                [0.990206, 0.013608, 0.138948, 0.125139, 0.04249, -0.977401, -0.207078, -0.002609, 0.13299, 0.210954, -0.968407, 0.002142, 0.0, 0.0, 0.0, 1.0],
                [0.987694, 0.018136, 0.155344, 0.125186, 0.044821, -0.984416, -0.170047, -0.002679, 0.149839, 0.174917, -0.973115, 0.001774, 0.0, 0.0, 0.0, 1.0],
                [0.981662, 0.029351, 0.18836, 0.125302, 0.047588, -0.994524, -0.093042, -0.002779, 0.184597, 0.100299, -0.977683, 0.00101, 0.0, 0.0, 0.0, 1.0],
                [0.97817, 0.035993, 0.204667, 0.125371, 0.047942, -0.997404, -0.053726, -0.002807, 0.202202, 0.062366, -0.977356, 0.000622, 0.0, 0.0, 0.0, 1.0],
                [0.970375, 0.051086, 0.236141, 0.125526, 0.046537, -0.998609, 0.024801, -0.002816, 0.23708, -0.013077, -0.971402, -0.00015, 0.0, 0.0, 0.0, 1.0],
                [0.966152, 0.059378, 0.251046, 0.125612, 0.044821, -0.996986, 0.063317, -0.002798, 0.254049, -0.049922, -0.965902, -0.000526, 0.0, 0.0, 0.0, 1.0],
                [0.957308, 0.07694, 0.278641, 0.125793, 0.039614, -0.989751, 0.137196, -0.002721, 0.286341, -0.120301, -0.950545, -0.001245, 0.0, 0.0, 0.0, 1.0],
                [0.952803, 0.085969, 0.291163, 0.125886, 0.036277, -0.984437, 0.171953, -0.002665, 0.301414, -0.153274, -0.941093, -0.001582, 0.0, 0.0, 0.0, 1.0],
                [0.943935, 0.103874, 0.313364, 0.12607, 0.028621, -0.971385, 0.235779, -0.002529, 0.328888, -0.213591, -0.919897, -0.002199, 0.0, 0.0, 0.0, 1.0],
                [0.939699, 0.112479, 0.322976, 0.126158, 0.024523, -0.9641, 0.264404, -0.002453, 0.341121, -0.24054, -0.908723, -0.002474, 0.0, 0.0, 0.0, 1.0],
                [0.931937, 0.128326, 0.339155, 0.126321, 0.016372, -0.949225, 0.314171, -0.002299, 0.362251, -0.287235, -0.886719, -0.00295, 0.0, 0.0, 0.0, 1.0],
                [0.928529, 0.135312, 0.345723, 0.126393, 0.012556, -0.942128, 0.335017, -0.002226, 0.371047, -0.306732, -0.876492, -0.00315, 0.0, 0.0, 0.0, 1.0],
                [0.922939, 0.146807, 0.355854, 0.126511, 0.006009, -0.929804, 0.368006, -0.002098, 0.3849, -0.337508, -0.859034, -0.003464, 0.0, 0.0, 0.0, 1.0],
                [0.920859, 0.151094, 0.359429, 0.126555, 0.003487, -0.925015, 0.379915, -0.002049, 0.38988, -0.348595, -0.852335, -0.003577, 0.0, 0.0, 0.0, 1.0],
                [0.918367, 0.156237, 0.363582, 0.126607, 0.000407, -0.919136, 0.39394, -0.001988, 0.395729, -0.361633, -0.844168, -0.00371, 0.0, 0.0, 0.0, 1.0],
                [0.918041, 0.156912, 0.364116, 0.126614, -1e-06, -0.918355, 0.395758, -0.00198, 0.396487, -0.363322, -0.843087, -0.003727, 0.0, 0.0, 0.0, 1.0]
            ]
        },
        {
            "name": "Leg_R",
            "time": [0.0, 0.0417, 0.125, 0.1667, 0.25, 0.2917, 0.375, 0.4583, 0.5, 0.5417, 0.5833, 0.625, 0.6667, 0.7083, 0.75, 0.7917, 0.8333, 0.875, 0.9167, 0.9583, 1.0, 1.0417, 1.125, 1.1667, 1.25, 1.2917, 1.375, 1.4167, 1.5, 1.5417, 1.625, 1.6667, 1.75, 1.7917, 1.875, 1.9167, 2.0, 2.0417, 2.125, 2.1667, 2.25, 2.2917, 2.375, 2.4167, 2.5, 2.5417, 2.625, 2.6667, 2.75, 2.7917, 2.875, 2.9167],
            "transform": [
                [0.99986, 0.015087, 0.007219, 0.0, -0.011935, 0.341226, 0.939906, 0.37472, 0.011717, -0.939861, 0.341358, -0.0, 0.0, 0.0, 0.0, 1.0],
                [0.99986, 0.015087, 0.007219, 0.0, -0.011935, 0.341226, 0.939906, 0.37472, 0.011717, -0.939861, 0.341358, -0.0, 0.0, 0.0, 0.0, 1.0],
                [0.99986, 0.015088, 0.007184, 0.0, -0.011924, 0.342973, 0.93927, 0.37472, 0.011708, -0.939225, 0.343105, -0.0, 0.0, 0.0, 0.0, 1.0],
                [0.999861, 0.015094, 0.007135, -0.0, -0.011913, 0.345543, 0.938327, 0.37472, 0.011698, -0.938282, 0.345675, 0.0, 0.0, 0.0, 0.0, 1.0],
                [0.999861, 0.015131, 0.006957, 0.0, -0.011881, 0.355334, 0.934664, 0.37472, 0.01167, -0.934617, 0.355465, 0.0, 0.0, 0.0, 0.0, 1.0],
                [0.999862, 0.015167, 0.006821, 0.0, -0.011862, 0.36304, 0.931698, 0.37472, 0.011655, -0.93165, 0.36317, -0.0, 0.0, 0.0, 0.0, 1.0],
                [0.999863, 0.015284, 0.006433, 0.0, -0.011825, 0.385237, 0.922742, 0.37472, 0.011625, -0.922691, 0.385365, 0.0, 0.0, 0.0, 0.0, 1.0],
                [0.999863, 0.015469, 0.005863, -0.0, -0.011793, 0.417923, 0.908406, 0.37472, 0.011602, -0.908351, 0.418049, 0.0, 0.0, 0.0, 0.0, 1.0],
                [0.999863, 0.015588, 0.005498, 0.0, -0.011781, 0.438691, 0.89856, 0.37472, 0.011595, -0.898502, 0.438815, -0.0, 0.0, 0.0, 0.0, 1.0],
                [0.999863, 0.015724, 0.005072, -0.0, -0.011773, 0.462631, 0.886473, 0.37472, 0.011592, -0.886411, 0.462753, -0.0, 0.0, 0.0, 0.0, 1.0],
                [0.999863, 0.015874, 0.004579, 0.0, -0.01177, 0.489872, 0.871715, 0.37472, 0.011594, -0.87165, 0.489992, 0.0, 0.0, 0.0, 0.0, 1.0],
                [0.999863, 0.016034, 0.004012, -0.0, -0.011773, 0.520493, 0.853785, 0.37472, 0.011601, -0.853715, 0.520611, -0.0, 0.0, 0.0, 0.0, 1.0],
                [0.999863, 0.016199, 0.003365, -0.0, -0.011784, 0.554514, 0.832091, 0.37472, 0.011613, -0.832017, 0.554629, 0.0, 0.0, 0.0, 0.0, 1.0],
                [0.999863, 0.016362, 0.002628, 0.0, -0.011804, 0.591861, 0.805954, 0.37472, 0.011631, -0.805874, 0.591973, -0.0, 0.0, 0.0, 0.0, 1.0],
                [0.999862, 0.016513, 0.001796, 0.0, -0.011834, 0.632345, 0.774597, 0.37472, 0.011655, -0.774511, 0.632453, -0.0, 0.0, 0.0, 0.0, 1.0],
                [0.999861, 0.016639, 0.000861, -0.0, -0.011877, 0.675619, 0.737156, 0.37472, 0.011684, -0.737064, 0.675722, -0.0, 0.0, 0.0, 0.0, 1.0],
                [0.99986, 0.016724, -0.000183, -0.0, -0.011935, 0.721132, 0.692695, 0.37472, 0.011717, -0.692596, 0.721231, 0.0, 0.0, 0.0, 0.0, 1.0],
                [0.999859, 0.01672, -0.001339, -0.0, -0.011981, 0.767735, 0.640656, 0.37472, 0.01174, -0.64055, 0.767827, -0.0, 0.0, 0.0, 0.0, 1.0],
                [0.999859, 0.016596, -0.002524, -0.0, -0.011995, 0.811521, 0.5842, 0.37472, 0.011744, -0.584087, 0.811606, 0.0, 0.0, 0.0, 0.0, 1.0],
                [0.999859, 0.01638, -0.003624, -0.0, -0.011986, 0.848626, 0.528858, 0.37472, 0.011738, -0.52874, 0.848702, 0.0, 0.0, 0.0, 0.0, 1.0],
                [0.99986, 0.016132, -0.004527, -0.0, -0.011966, 0.876612, 0.481048, 0.37472, 0.011729, -0.480927, 0.876682, -0.0, 0.0, 0.0, 0.0, 1.0],
                [0.99986, 0.015927, -0.005136, -0.0, -0.011944, 0.894183, 0.447544, 0.37472, 0.01172, -0.44742, 0.894248, 0.0, 0.0, 0.0, 0.0, 1.0],
                [0.99986, 0.015894, -0.005205, 0.0, -0.011935, 0.896091, 0.44371, 0.37472, 0.011717, -0.443586, 0.896155, 0.0, 0.0, 0.0, 0.0, 1.0],
                [0.99986, 0.016016, -0.004817, -0.0, -0.011935, 0.885039, 0.465364, 0.37472, 0.011717, -0.465242, 0.885106, -0.0, 0.0, 0.0, 0.0, 1.0],
                [0.99986, 0.016289, -0.003796, 0.0, -0.011935, 0.853859, 0.520368, 0.37472, 0.011717, -0.52025, 0.853934, 0.0, 0.0, 0.0, 0.0, 1.0],
                [0.99986, 0.016376, -0.003398, 0.0, -0.011935, 0.840956, 0.540973, 0.37472, 0.011717, -0.540856, 0.841033, 0.0, 0.0, 0.0, 0.0, 1.0],
                [0.99986, 0.016408, -0.003239, 0.0, -0.011935, 0.835657, 0.549122, 0.37472, 0.011717, -0.549007, 0.835736, 0.0, 0.0, 0.0, 0.0, 1.0],
                [0.99986, 0.016408, -0.003239, 0.0, -0.011935, 0.835657, 0.549122, 0.37472, 0.011717, -0.549007, 0.835736, 0.0, 0.0, 0.0, 0.0, 1.0],
                [0.999863, 0.016261, -0.003217, -0.0, -0.011833, 0.836123, 0.548415, 0.37472, 0.011608, -0.548301, 0.8362, -0.0, 0.0, 0.0, 0.0, 1.0],
                [0.999866, 0.016083, -0.00319, -0.0, -0.011711, 0.836685, 0.54756, 0.37472, 0.011476, -0.547449, 0.83676, -0.0, 0.0, 0.0, 0.0, 1.0],
                [0.999874, 0.01554, -0.003108, -0.0, -0.011336, 0.838392, 0.54495, 0.37472, 0.011074, -0.544846, 0.838463, 0.0, 0.0, 0.0, 0.0, 1.0],
                [0.99988, 0.015184, -0.003053, 0.0, -0.01109, 0.839509, 0.543233, 0.37472, 0.010811, -0.543133, 0.839577, 0.0, 0.0, 0.0, 0.0, 1.0],
                [0.999893, 0.014322, -0.002916, -0.0, -0.010491, 0.842195, 0.539071, 0.37472, 0.010177, -0.538983, 0.842255, -0.0, 0.0, 0.0, 0.0, 1.0],
                [0.999901, 0.013826, -0.002836, 0.0, -0.010145, 0.843734, 0.536667, 0.37472, 0.009813, -0.536584, 0.84379, -0.0, 0.0, 0.0, 0.0, 1.0],
                [0.999916, 0.012724, -0.002652, -0.0, -0.009371, 0.847129, 0.531306, 0.37472, 0.009007, -0.531236, 0.847176, -0.0, 0.0, 0.0, 0.0, 1.0],
                [0.999923, 0.012127, -0.002549, -0.0, -0.008949, 0.848956, 0.528389, 0.37472, 0.008571, -0.528325, 0.848999, 0.0, 0.0, 0.0, 0.0, 1.0],
                [0.999938, 0.010861, -0.002324, -0.0, -0.00805, 0.852796, 0.522182, 0.37472, 0.007654, -0.522132, 0.852831, -0.0, 0.0, 0.0, 0.0, 1.0],
                [0.999946, 0.010202, -0.002203, -0.0, -0.007577, 0.854781, 0.518933, 0.37472, 0.007177, -0.518888, 0.854812, -0.0, 0.0, 0.0, 0.0, 1.0],
                [0.999959, 0.00885, -0.001947, 0.0, -0.006603, 0.858814, 0.512244, 0.37472, 0.006205, -0.512211, 0.858837, -0.0, 0.0, 0.0, 0.0, 1.0],
                [0.999965, 0.008166, -0.001813, 0.0, -0.006107, 0.860836, 0.508846, 0.37472, 0.005716, -0.508817, 0.860855, -0.0, 0.0, 0.0, 0.0, 1.0],
                [0.999976, 0.006805, -0.001539, 0.0, -0.005113, 0.864825, 0.502047, 0.37472, 0.004747, -0.502027, 0.864839, -0.0, 0.0, 0.0, 0.0, 1.0],
                [0.99998, 0.006136, -0.0014, 0.0, -0.00462, 0.866768, 0.498689, 0.37472, 0.004273, -0.498673, 0.866779, -0.0, 0.0, 0.0, 0.0, 1.0],
                [0.999988, 0.004841, -0.001123, 0.0, -0.003661, 0.870495, 0.492164, 0.37472, 0.00336, -0.492154, 0.870502, 0.0, 0.0, 0.0, 0.0, 1.0],
                [0.999991, 0.004223, -0.000988, 0.0, -0.003201, 0.872255, 0.48904, 0.37472, 0.002927, -0.489032, 0.872261, -0.0, 0.0, 0.0, 0.0, 1.0],
                [0.999995, 0.00307, -0.000728, 0.0, -0.002336, 0.875518, 0.48318, 0.37472, 0.002121, -0.483176, 0.87552, 0.0, 0.0, 0.0, 0.0, 1.0],
                [0.999996, 0.002542, -0.000607, 0.0, -0.001938, 0.876999, 0.480489, 0.37472, 0.001754, -0.480486, 0.877, 0.0, 0.0, 0.0, 0.0, 1.0],
                [0.999999, 0.001605, -0.000387, 0.0, -0.001228, 0.87961, 0.475694, 0.37472, 0.001104, -0.475693, 0.879611, 0.0, 0.0, 0.0, 0.0, 1.0],
                [0.999999, 0.001204, -0.000291, 0.0, -0.000923, 0.88072, 0.473636, 0.37472, 0.000827, -0.473635, 0.880721, -0.0, 0.0, 0.0, 0.0, 1.0],
                [1.0, 0.000558, -0.000135, 0.0, -0.000429, 0.882502, 0.470308, 0.37472, 0.000381, -0.470308, 0.882503, -0.0, 0.0, 0.0, 0.0, 1.0],
                [1.0, 0.00032, -7.7e-05, 0.0, -0.000247, 0.883154, 0.469084, 0.37472, 0.000218, -0.469084, 0.883154, -0.0, 0.0, 0.0, 0.0, 1.0],
                [1.0, 3.7e-05, -7e-06, 0.0, -3e-05, 0.883927, 0.467625, 0.37472, 2.4e-05, -0.467625, 0.883927, -0.0, 0.0, 0.0, 0.0, 1.0],
                [1.0, 1e-06, 2e-06, 0.0, -1e-06, 0.884028, 0.467434, 0.37472, -1e-06, -0.467434, 0.884028, -0.0, 0.0, 0.0, 0.0, 1.0]
            ]
        },
        {
            "name": "Knee_R",
            "time": [0.0, 0.0417, 0.125, 0.1667, 0.25, 0.2917, 0.375, 0.4583, 0.5, 0.5417, 0.5833, 0.625, 0.6667, 0.7083, 0.75, 0.7917, 0.8333, 0.875, 0.9167, 0.9583, 1.0, 1.0417, 1.125, 1.1667, 1.25, 1.2917, 1.375, 1.4167, 1.5, 1.5417, 1.625, 1.6667, 1.75, 1.7917, 1.875, 1.9167, 2.0, 2.0417, 2.125, 2.1667, 2.25, 2.2917, 2.375, 2.4167, 2.5, 2.5417, 2.625, 2.6667, 2.75, 2.7917, 2.875, 2.9167],
            "transform": [
                [1.0, 1e-06, -2e-06, -0.0, -2e-06, 1e-06, -1.0, 0.37472, -1e-06, 1.0, 1e-06, -0.0, 0.0, 0.0, 0.0, 1.0],
                [1.0, 1e-06, -2e-06, -0.0, -2e-06, 1e-06, -1.0, 0.37472, -1e-06, 1.0, 1e-06, -0.0, 0.0, 0.0, 0.0, 1.0],
                [1.0, 1e-06, -2e-06, -0.0, -2e-06, 1e-06, -1.0, 0.37472, -1e-06, 1.0, 1e-06, -0.0, 0.0, 0.0, 0.0, 1.0],
                [1.0, 1e-06, -2e-06, -0.0, -2e-06, 1e-06, -1.0, 0.37472, -1e-06, 1.0, 1e-06, 0.0, 0.0, 0.0, 0.0, 1.0],
                [1.0, 1e-06, -2e-06, 0.0, -2e-06, 1e-06, -1.0, 0.37472, -1e-06, 1.0, 1e-06, -0.0, 0.0, 0.0, 0.0, 1.0],
                [1.0, 1e-06, -2e-06, -0.0, -2e-06, 1e-06, -1.0, 0.37472, -1e-06, 1.0, 1e-06, 0.0, 0.0, 0.0, 0.0, 1.0],
                [1.0, 1e-06, -2e-06, -0.0, -2e-06, 1e-06, -1.0, 0.37472, -1e-06, 1.0, 1e-06, 0.0, 0.0, 0.0, 0.0, 1.0],
                [1.0, 1e-06, -2e-06, -0.0, -2e-06, 1e-06, -1.0, 0.37472, -1e-06, 1.0, 1e-06, 0.0, 0.0, 0.0, 0.0, 1.0],
                [1.0, 1e-06, -2e-06, -0.0, -2e-06, 1e-06, -1.0, 0.37472, -1e-06, 1.0, 1e-06, -0.0, 0.0, 0.0, 0.0, 1.0],
                [1.0, 1e-06, -2e-06, -0.0, -2e-06, 1e-06, -1.0, 0.37472, -1e-06, 1.0, 1e-06, 0.0, 0.0, 0.0, 0.0, 1.0],
                [1.0, 1e-06, -2e-06, -0.0, -2e-06, 1e-06, -1.0, 0.37472, -1e-06, 1.0, 1e-06, 0.0, 0.0, 0.0, 0.0, 1.0],
                [1.0, 1e-06, -2e-06, -0.0, -2e-06, 1e-06, -1.0, 0.37472, -1e-06, 1.0, 1e-06, -0.0, 0.0, 0.0, 0.0, 1.0],
                [1.0, 1e-06, -2e-06, -0.0, -2e-06, 1e-06, -1.0, 0.37472, -1e-06, 1.0, 1e-06, 0.0, 0.0, 0.0, 0.0, 1.0],
                [1.0, 1e-06, -2e-06, -0.0, -2e-06, 1e-06, -1.0, 0.37472, -1e-06, 1.0, 1e-06, -0.0, 0.0, 0.0, 0.0, 1.0],
                [1.0, 1e-06, -2e-06, -0.0, -2e-06, 1e-06, -1.0, 0.37472, -1e-06, 1.0, 1e-06, 0.0, 0.0, 0.0, 0.0, 1.0],
                [1.0, 1e-06, -2e-06, -0.0, -2e-06, 1e-06, -1.0, 0.37472, -1e-06, 1.0, 1e-06, -0.0, 0.0, 0.0, 0.0, 1.0],
                [1.0, 1e-06, -2e-06, -0.0, -2e-06, 1e-06, -1.0, 0.37472, -1e-06, 1.0, 1e-06, 0.0, 0.0, 0.0, 0.0, 1.0],
                [1.0, 1e-06, -2e-06, -0.0, -2e-06, 1e-06, -1.0, 0.37472, -1e-06, 1.0, 1e-06, 0.0, 0.0, 0.0, 0.0, 1.0],
                [1.0, 1e-06, -2e-06, -0.0, -2e-06, 1e-06, -1.0, 0.37472, -1e-06, 1.0, 1e-06, 0.0, 0.0, 0.0, 0.0, 1.0],
                [1.0, 1e-06, -2e-06, -0.0, -2e-06, 1e-06, -1.0, 0.37472, -1e-06, 1.0, 1e-06, 0.0, 0.0, 0.0, 0.0, 1.0],
                [1.0, 1e-06, -2e-06, -0.0, -2e-06, 1e-06, -1.0, 0.37472, -1e-06, 1.0, 1e-06, 0.0, 0.0, 0.0, 0.0, 1.0],
                [1.0, 1e-06, -2e-06, -0.0, -2e-06, 1e-06, -1.0, 0.37472, -1e-06, 1.0, 1e-06, -0.0, 0.0, 0.0, 0.0, 1.0],
                [1.0, 1e-06, -2e-06, -0.0, -2e-06, 1e-06, -1.0, 0.37472, -1e-06, 1.0, 1e-06, 0.0, 0.0, 0.0, 0.0, 1.0],
                [1.0, 1e-06, -2e-06, 0.0, -2e-06, 1e-06, -1.0, 0.37472, -1e-06, 1.0, 1e-06, -0.0, 0.0, 0.0, 0.0, 1.0],
                [1.0, 1e-06, -2e-06, -0.0, -2e-06, 1e-06, -1.0, 0.37472, -1e-06, 1.0, 1e-06, 0.0, 0.0, 0.0, 0.0, 1.0],
                [1.0, 1e-06, -2e-06, 0.0, -2e-06, 1e-06, -1.0, 0.37472, -1e-06, 1.0, 1e-06, 0.0, 0.0, 0.0, 0.0, 1.0],
                [1.0, 1e-06, -2e-06, 0.0, -2e-06, 1e-06, -1.0, 0.37472, -1e-06, 1.0, 1e-06, 0.0, 0.0, 0.0, 0.0, 1.0],
                [1.0, 1e-06, -2e-06, 0.0, -2e-06, 1e-06, -1.0, 0.37472, -1e-06, 1.0, 1e-06, 0.0, 0.0, 0.0, 0.0, 1.0],
                [1.0, 1e-06, -2e-06, -0.0, -2e-06, 1e-06, -1.0, 0.37472, -1e-06, 1.0, 1e-06, -0.0, 0.0, 0.0, 0.0, 1.0],
                [1.0, 1e-06, -2e-06, -0.0, -2e-06, 1e-06, -1.0, 0.37472, -1e-06, 1.0, 1e-06, -0.0, 0.0, 0.0, 0.0, 1.0],
                [1.0, 1e-06, -2e-06, -0.0, -2e-06, 1e-06, -1.0, 0.37472, -1e-06, 1.0, 1e-06, 0.0, 0.0, 0.0, 0.0, 1.0],
                [1.0, 1e-06, -2e-06, -0.0, -2e-06, 1e-06, -1.0, 0.37472, -1e-06, 1.0, 1e-06, -0.0, 0.0, 0.0, 0.0, 1.0],
                [1.0, 1e-06, -2e-06, -0.0, -2e-06, 1e-06, -1.0, 0.37472, -1e-06, 1.0, 1e-06, -0.0, 0.0, 0.0, 0.0, 1.0],
                [1.0, 1e-06, -2e-06, -0.0, -2e-06, 1e-06, -1.0, 0.37472, -1e-06, 1.0, 1e-06, 0.0, 0.0, 0.0, 0.0, 1.0],
                [1.0, 1e-06, -2e-06, -0.0, -2e-06, 1e-06, -1.0, 0.37472, -1e-06, 1.0, 1e-06, 0.0, 0.0, 0.0, 0.0, 1.0],
                [1.0, 1e-06, -2e-06, -0.0, -2e-06, 1e-06, -1.0, 0.37472, -1e-06, 1.0, 1e-06, 0.0, 0.0, 0.0, 0.0, 1.0],
                [1.0, 1e-06, -2e-06, -0.0, -2e-06, 1e-06, -1.0, 0.37472, -1e-06, 1.0, 1e-06, 0.0, 0.0, 0.0, 0.0, 1.0],
                [1.0, 1e-06, -2e-06, -0.0, -2e-06, 1e-06, -1.0, 0.37472, -1e-06, 1.0, 1e-06, 0.0, 0.0, 0.0, 0.0, 1.0],
                [1.0, 1e-06, -2e-06, -0.0, -2e-06, 1e-06, -1.0, 0.37472, -1e-06, 1.0, 1e-06, 0.0, 0.0, 0.0, 0.0, 1.0],
                [1.0, 1e-06, -2e-06, -0.0, -2e-06, 1e-06, -1.0, 0.37472, -1e-06, 1.0, 1e-06, 0.0, 0.0, 0.0, 0.0, 1.0],
                [1.0, 1e-06, -2e-06, -0.0, -2e-06, 1e-06, -1.0, 0.37472, -1e-06, 1.0, 1e-06, 0.0, 0.0, 0.0, 0.0, 1.0],
                [1.0, 1e-06, -2e-06, -0.0, -2e-06, 1e-06, -1.0, 0.37472, -1e-06, 1.0, 1e-06, 0.0, 0.0, 0.0, 0.0, 1.0],
                [1.0, 1e-06, -2e-06, 0.0, -2e-06, 1e-06, -1.0, 0.37472, -1e-06, 1.0, 1e-06, 0.0, 0.0, 0.0, 0.0, 1.0],
                [1.0, 1e-06, -2e-06, 0.0, -2e-06, 1e-06, -1.0, 0.37472, -1e-06, 1.0, 1e-06, 0.0, 0.0, 0.0, 0.0, 1.0],
                [1.0, 1e-06, -2e-06, -0.0, -2e-06, 1e-06, -1.0, 0.37472, -1e-06, 1.0, 1e-06, 0.0, 0.0, 0.0, 0.0, 1.0],
                [1.0, 1e-06, -2e-06, -0.0, -2e-06, 1e-06, -1.0, 0.37472, -1e-06, 1.0, 1e-06, 0.0, 0.0, 0.0, 0.0, 1.0],
                [1.0, 1e-06, -2e-06, -0.0, -2e-06, 1e-06, -1.0, 0.37472, -1e-06, 1.0, 1e-06, 0.0, 0.0, 0.0, 0.0, 1.0],
                [1.0, 1e-06, -2e-06, -0.0, -2e-06, 1e-06, -1.0, 0.37472, -1e-06, 1.0, 1e-06, -0.0, 0.0, 0.0, 0.0, 1.0],
                [1.0, 1e-06, -2e-06, -0.0, -2e-06, 1e-06, -1.0, 0.37472, -1e-06, 1.0, 1e-06, -0.0, 0.0, 0.0, 0.0, 1.0],
                [1.0, 1e-06, -2e-06, -0.0, -2e-06, 1e-06, -1.0, 0.37472, -1e-06, 1.0, 1e-06, 0.0, 0.0, 0.0, 0.0, 1.0],
                [1.0, 1e-06, -2e-06, -0.0, -2e-06, 1e-06, -1.0, 0.37472, -1e-06, 1.0, 1e-06, 0.0, 0.0, 0.0, 0.0, 1.0],
                [1.0, 1e-06, -2e-06, -0.0, -2e-06, 1e-06, -1.0, 0.37472, -1e-06, 1.0, 1e-06, 0.0, 0.0, 0.0, 0.0, 1.0]
            ]
        },
        {
            "name": "Thigh_L",
            "time": [0.0, 0.0417, 0.125, 0.1667, 0.25, 0.2917, 0.375, 0.4583, 0.5, 0.5417, 0.5833, 0.625, 0.6667, 0.7083, 0.75, 0.7917, 0.8333, 0.875, 0.9167, 0.9583, 1.0, 1.0417, 1.125, 1.1667, 1.25, 1.2917, 1.375, 1.4167, 1.5, 1.5417, 1.625, 1.6667, 1.75, 1.7917, 1.875, 1.9167, 2.0, 2.0417, 2.125, 2.1667, 2.25, 2.2917, 2.375, 2.4167, 2.5, 2.5417, 2.625, 2.6667, 2.75, 2.7917, 2.875, 2.9167],
            "transform": [
                [0.953908, -0.255911, -0.156743, -0.127627, -1e-06, -0.522308, 0.852757, 0.002086, -0.300098, -0.813452, -0.498234, -0.008298, 0.0, 0.0, 0.0, 1.0],
                [0.953908, -0.255911, -0.156743, -0.127627, -1e-06, -0.522308, 0.852757, 0.002086, -0.300098, -0.813452, -0.498234, -0.008298, 0.0, 0.0, 0.0, 1.0],
                [0.953928, -0.255232, -0.157726, -0.12762, 0.001105, -0.522698, 0.852517, 0.002082, -0.300032, -0.813414, -0.498335, -0.008297, 0.0, 0.0, 0.0, 1.0],
