{
    "animation": [
        {
            "name": "Root",
            "time": [0.0, 1.0],
            "transform": [
                [0.995416, 0.095557, 0.003896, -5e-06, 0.026074, -0.23197, -0.972373, 0.000946, -0.092013, 0.968018, -0.233398, 0.378597, 0.0, 0.0, 0.0, 1.0],
                [0.780084, -0.061987, -0.622596, -5e-06, -0.616013, -0.250288, -0.746916, 0.000946, -0.109529, 0.966185, -0.23343, 0.614777, 0.0, 0.0, 0.0, 1.0]
            ]
        },
        {
            "name": "Thigh_R",
            "time": [0.0, 1.0],
            "transform": [
                [0.467187, 0.829878, 0.305018, 0.104859, 0.427208, -0.513914, 0.743898, 0.079115, 0.774099, -0.217233, -0.594626, -0.017963, 0.0, 0.0, 0.0, 1.0],
                [0.755445, 0.489352, 0.435702, 0.139708, 0.49492, -0.86195, 0.109969, 0.00723, 0.429367, 0.132562, -0.893349, -0.042079, 0.0, 0.0, 0.0, 1.0]
            ]
        },
        {
            "name": "Leg_R",
            "time": [0.0, 1.0],
            "transform": [
                [1.0, -1e-06, 0.0, -0.0, 0.0, 0.361851, 0.932235, 0.374726, -1e-06, -0.932237, 0.36185, -0.0, 0.0, 0.0, 0.0, 1.0],
                [1.0, -0.0, 1e-06, 0.0, -0.0, 0.965677, 0.259748, 0.374726, -1e-06, -0.259748, 0.965676, 0.0, 0.0, 0.0, 0.0, 1.0]
            ]
        },
        {
            "name": "Knee_R",
            "time": [0.0, 1.0],
            "transform": [
                [1.0, -0.0, 0.0, -0.0, -0.0, 1e-06, -1.0, 0.470587, -0.0, 1.0, 1e-06, 0.0, 0.0, 0.0, 0.0, 1.0],
                [1.0, 0.0, 0.0, 0.0, 0.0, 1e-06, -1.0, 0.399479, -0.0, 1.0, 1e-06, 0.0, 0.0, 0.0, 0.0, 1.0]
            ]
        },
        {
            "name": "Thigh_L",
            "time": [0.0, 1.0],
            "transform": [
                [0.772779, -0.60236, -0.199936, -0.146661, -0.253981, -0.582199, 0.772358, 0.045388, -0.581641, -0.546082, -0.602899, -0.030299, 0.0, 0.0, 0.0, 1.0],
                [0.831725, -0.25882, -0.491166, -0.142138, -0.247082, -0.964805, 0.090005, 0.01733, -0.497175, 0.046499, -0.866403, -0.023485, 0.0, 0.0, 0.0, 1.0]
            ]
        },
        {
            "name": "Leg_L",
            "time": [0.0, 1.0],
            "transform": [
                [1.0, -1e-06, 0.0, 0.0, 0.0, 0.148027, 0.988984, 0.374726, -1e-06, -0.988983, 0.148027, 0.0, 0.0, 0.0, 0.0, 1.0],
                [1.0, -0.0, 1e-06, -0.0, -0.0, 0.906733, 0.421706, 0.374726, -1e-06, -0.421705, 0.906733, -0.0, 0.0, 0.0, 0.0, 1.0]
            ]
        },
        {
            "name": "Knee_L",
            "time": [0.0, 1.0],
            "transform": [
                [1.0, 0.0, -0.0, 0.0, 0.0, -0.0, -1.0, 0.469114, -0.0, 1.0, -0.0, -0.0, 0.0, 0.0, 0.0, 1.0],
                [1.0, 0.0, 0.0, 0.0, 0.0, 1e-06, -1.0, 0.37472, -0.0, 1.0, 1e-06, -0.0, 0.0, 0.0, 0.0, 1.0]
            ]
        },
        {
            "name": "Torso",
            "time": [0.0, 1.0],
            "transform": [
                [0.956741, -0.218377, 0.192246, 0.0, 0.124922, 0.9051, 0.406434, 0.05, -0.262757, -0.364836, 0.893226, -0.0, 0.0, 0.0, 0.0, 1.0],
                [0.981493, -0.124211, 0.145749, -0.0, 0.096371, 0.978083, 0.184572, 0.05, -0.16548, -0.167111, 0.971952, 0.0, 0.0, 0.0, 0.0, 1.0]
            ]
        },
        {
            "name": "Chest",
            "time": [0.0, 1.0],
            "transform": [
                [0.96173, 0.259881, -0.086824, 0.0, -0.104708, 0.641405, 0.760024, 0.3, 0.253205, -0.721846, 0.64407, 0.0, 0.0, 0.0, 0.0, 1.0],
                [0.98423, -0.054921, 0.168151, 0.0, -0.008604, 0.934592, 0.355618, 0.3, -0.176683, -0.351456, 0.919381, -0.0, 0.0, 0.0, 0.0, 1.0]
            ]
        },
        {
            "name": "Head",
            "time": [0.0, 1.0],
            "transform": [
                [0.997884, -0.025737, -0.059711, 0.0, 0.01535, 0.985616, -0.168302, 0.4, 0.063184, 0.16703, 0.983925, -0.0, 0.0, 0.0, 0.0, 1.0],
                [0.95876, -0.049638, 0.279849, 0.0, 0.069455, 0.995697, -0.061343, 0.4, -0.2756, 0.07825, 0.958082, 0.0, 0.0, 0.0, 0.0, 1.0]
            ]
        },
        {
            "name": "Shoulder_R",
            "time": [0.0, 1.0],
            "transform": [
                [-0.018195, 0.962396, 0.271038, 0.0, 0.047011, -0.269959, 0.961723, 0.4, 0.998728, 0.030241, -0.040331, -0.0, 0.0, 0.0, 0.0, 1.0],
                [-0.018195, 0.962396, 0.271038, 0.0, 0.047011, -0.269959, 0.961723, 0.4, 0.998728, 0.030241, -0.040331, 0.0, 0.0, 0.0, 0.0, 1.0]
            ]
        },
        {
            "name": "Arm_R",
            "time": [0.0, 0.3333, 0.6667, 1.0],
            "transform": [
                [0.311286, -0.876793, -0.366517, 0.0, 0.681223, 0.474788, -0.557235, 0.393861, 0.662598, -0.07622, 0.745087, 0.0, 0.0, 0.0, 0.0, 1.0],
                [0.714691, -0.517396, 0.470656, -0.0, 0.693011, 0.614843, -0.376435, 0.393861, -0.094614, 0.595205, 0.797985, -0.0, 0.0, 0.0, 0.0, 1.0],
                [0.714691, -0.517396, 0.470657, -0.0, 0.693011, 0.614843, -0.376435, 0.393861, -0.094614, 0.595205, 0.797984, -0.0, 0.0, 0.0, 0.0, 1.0],
                [0.718166, 0.029936, 0.695227, 0.0, 0.419373, 0.778641, -0.466737, 0.39386, -0.555305, 0.626755, 0.546639, -0.0, 0.0, 0.0, 0.0, 1.0]
            ]
        },
        {
            "name": "Hand_R",
            "time": [0.0, 0.3333, 0.6667, 1.0],
            "transform": [
                [1.0, -0.0, 0.0, 0.0, -0.0, 0.628884, -0.777499, 0.300003, -0.0, 0.777498, 0.628885, 0.0, 0.0, 0.0, 0.0, 1.0],
                [0.954985, 0.121215, 0.270758, 0.0, 0.117773, 0.682782, -0.721067, 0.300003, -0.272273, 0.720496, 0.637772, 0.0, 0.0, 0.0, 0.0, 1.0],
                [0.954985, 0.121214, 0.270758, 0.0, 0.117773, 0.682782, -0.721067, 0.300003, -0.272273, 0.720496, 0.637772, -0.0, 0.0, 0.0, 0.0, 1.0],
                [0.980385, 0.049601, 0.190746, -0.0, 0.17879, 0.183449, -0.966634, 0.300003, -0.082938, 0.981777, 0.170982, 0.0, 0.0, 0.0, 0.0, 1.0]
            ]
        },
        {
            "name": "Tool_R",
            "time": [0.0, 0.3333, 0.6667, 1.0],
            "transform": [
                [0.0, 0.0, 0.0, 0.024486, 0.0, 0.0, 0.0, 0.226844, 0.0, 0.0, 0.0, 0.132292, 0.0, 0.0, 0.0, 1.0],
                [-0.453924, -0.193876, 0.079338, 0.215844, -0.208035, 0.394477, -0.225778, 0.571547, 0.024962, -0.237954, -0.438934, -0.265482, 0.0, 0.0, 0.0, 1.0],
                [-0.918831, -0.394055, -0.013706, -0.058886, -0.301647, 0.724534, -0.619325, 0.343915, 0.254077, -0.564852, -0.784845, -0.054256, 0.0, 0.0, 0.0, 1.0],
                [0.998134, 0.019335, 0.056393, 0.001877, 0.044204, -0.874409, -0.482415, 0.285422, 0.04, 0.483843, -0.874081, -0.036183, 0.0, 0.0, 0.0, 1.0]
            ]
        },
        {
            "name": "Elbow_R",
            "time": [0.0, 1.0],
            "transform": [
                [-1.0, 0.0, 0.0, 0.0, -0.0, -0.0, -1.0, 0.39379, -0.0, -1.0, -0.0, 0.0, 0.0, 0.0, 0.0, 1.0],
                [-1.0, -0.0, -0.0, -0.0, 0.0, -0.0, -1.0, 0.402854, 0.0, -1.0, -0.0, 0.0, 0.0, 0.0, 0.0, 1.0]
            ]
        },
        {
            "name": "Shoulder_L",
            "time": [0.0, 1.0],
            "transform": [
                [-0.084269, -0.95005, -0.300505, 0.0, 0.022068, -0.303283, 0.952645, 0.4, -0.996199, 0.073647, 0.046523, -0.0, 0.0, 0.0, 0.0, 1.0],
                [-0.084269, -0.95005, -0.300505, 0.0, 0.022067, -0.303283, 0.952645, 0.4, -0.996198, 0.073647, 0.046523, 0.0, 0.0, 0.0, 0.0, 1.0]
            ]
        },
        {
            "name": "Arm_L",
            "time": [0.0, 1.0],
            "transform": [
                [0.222524, 0.973095, 0.059749, -0.0, -0.684492, 0.19958, -0.70117, 0.39386, -0.694229, 0.115129, 0.710486, 0.0, 0.0, 0.0, 0.0, 1.0],
                [0.077392, -0.066524, 0.994779, -0.0, -0.829937, 0.548591, 0.101254, 0.39386, -0.552463, -0.83344, -0.012755, -0.0, 0.0, 0.0, 0.0, 1.0]
            ]
        },
        {
            "name": "Hand_L",
            "time": [0.0, 1.0],
            "transform": [
                [1.0, 0.0, 0.0, -0.0, 0.0, 0.795322, -0.606187, 0.300003, 0.0, 0.606187, 0.795322, 0.0, 0.0, 0.0, 0.0, 1.0],
                [1.0, 0.0, -0.0, 0.0, -0.0, 0.795322, -0.606188, 0.300003, 0.0, 0.606188, 0.795322, 0.0, 0.0, 0.0, 0.0, 1.0]
            ]
        },
        {
            "name": "Tool_L",
            "time": [0.0, 1.0],
            "transform": [
                [-0.907772, 0.068185, -0.413529, -0.029985, 0.113443, -0.909834, -0.398807, 0.328621, -0.403595, -0.409101, 0.818017, 0.055437, 0.0, 0.0, 0.0, 1.0],
                [0.994423, 0.020557, 0.099624, -0.006931, 0.033894, -0.990182, -0.134189, 0.286809, 0.095869, 0.136844, -0.985935, -0.054563, 0.0, 0.0, 0.0, 1.0]
            ]
        },
        {
            "name": "Elbow_L",
            "time": [0.0, 1.0],
            "transform": [
                [-1.0, -0.0, 0.0, -0.0, 0.0, -0.0, -1.0, 0.371354, -0.0, -1.0, -0.0, 0.0, 0.0, 0.0, 0.0, 1.0],
                [-1.0, 0.0, 0.0, 0.0, 0.0, 0.0, -1.0, 0.371354, -0.0, -1.0, 0.0, 0.0, 0.0, 0.0, 0.0, 1.0]
            ]
        }
    ]
}