{
    "animation": [
        {
            "name": "Root",
            "time": [0.0333, 0.0667, 0.1, 0.1333, 0.1667, 0.2, 0.2333, 0.2667, 0.3, 0.3333, 0.3667, 0.4, 0.4333, 0.4667, 0.5, 0.5333, 0.5667, 0.6, 0.6333, 0.6667, 0.7, 0.7333, 0.7667, 0.8, 0.8333, 0.8667, 0.9, 0.9333, 0.9667, 1.0, 1.0333, 1.0667, 1.1, 1.1333, 1.1667, 1.2, 1.2333, 1.2667, 1.3, 1.3333, 1.3667, 1.4, 1.4333, 1.4667, 1.5, 1.5333, 1.5667, 1.6, 1.6333, 1.6667, 1.7, 1.7333, 1.7667, 1.8, 1.8333, 1.8667, 1.9, 1.9333, 1.9667, 2.0, 2.0333, 2.0667, 2.1, 2.1333, 2.1667, 2.2, 2.2333, 2.2667, 2.3, 2.3333, 2.3667, 2.4, 2.4333, 2.4667, 2.5, 2.5333, 2.5667, 2.6, 2.6333, 2.6667, 2.7, 2.7333, 2.7667, 2.8, 2.8333, 2.8667, 2.9, 2.9333, 2.9667, 3.0, 3.0333, 3.0667, 3.1, 3.1333, 3.1667, 3.2, 3.2333, 3.2667, 3.3, 3.3333, 3.3667, 3.4, 3.4333, 3.4667, 3.5, 3.5333, 3.5667, 3.6, 3.6333, 3.6667, 3.7, 3.7333, 3.7667, 3.8, 3.8333, 3.8667, 3.9, 3.9333, 3.9667, 4.0, 4.0333, 4.0667, 4.1, 4.1333, 4.1667, 4.2, 4.2333, 4.2667, 4.3, 4.3333, 4.3667, 4.4, 4.4333, 4.4667, 4.5, 4.5333, 4.5667, 4.6, 4.6333, 4.6667, 4.7, 4.7333, 4.7667, 4.8, 4.8333, 4.8667, 4.9, 4.9333, 4.9667, 5.0, 5.0333, 5.0667, 5.1, 5.1333, 5.1667, 5.2, 5.2333, 5.2667, 5.3, 5.3333, 5.3667, 5.4, 5.4333, 5.4667, 5.5, 5.5333, 5.5667, 5.6, 5.6333, 5.6667, 5.7, 5.7333, 5.7667, 5.8, 5.8333, 5.8667, 5.9, 5.9333, 5.9667, 6.0, 6.0333, 6.0667, 6.1, 6.1333, 6.1667, 6.2, 6.2333, 6.2667, 6.3, 6.3333, 6.3667, 6.4, 6.4333, 6.4667, 6.5, 6.5333, 6.5667, 6.6, 6.6333, 6.6667, 6.7, 6.7333, 6.7667, 6.8, 6.8333, 6.8667, 6.9, 6.9333, 6.9667, 7.0, 7.0333, 7.0667, 7.1, 7.1333, 7.1667, 7.2, 7.2333, 7.2667, 7.3, 7.3333, 7.3667, 7.4, 7.4333, 7.4667, 7.5, 7.5333, 7.5667, 7.6, 7.6333, 7.6667, 7.7, 7.7333, 7.7667, 7.8, 7.8333, 7.8667, 7.9, 7.9333, 7.9667, 8.0, 8.0333, 8.0667, 8.1, 8.1333, 8.1667, 8.2, 8.2333, 8.2667, 8.3, 8.3333, 8.3667, 8.4, 8.4333, 8.4667, 8.5, 8.5333, 8.5667, 8.6, 8.6333, 8.6667, 8.7, 8.7333, 8.7667, 8.8, 8.8333, 8.8667, 8.9, 8.9333, 8.9667, 9.0, 9.0333, 9.0667, 9.1, 9.1333, 9.1667, 9.2, 9.2333, 9.2667, 9.3, 9.3333, 9.3667, 9.4, 9.4333, 9.4667, 9.5, 9.5333, 9.5667, 9.6, 9.6333, 9.6667, 9.7, 9.7333, 9.7667, 9.8, 9.8333, 9.8667, 9.9, 9.9333, 9.9667, 10.0, 10.0333, 10.0667, 10.1, 10.1333, 10.1667, 10.2, 10.2333, 10.2667, 10.3, 10.3333, 10.3667, 10.4, 10.4333, 10.4667, 10.5, 10.5333, 10.5667, 10.6, 10.6333, 10.6667, 10.7, 10.7333, 10.7667, 10.8, 10.8333, 10.8667, 10.9, 10.9333, 10.9667, 11.0, 11.0333, 11.0667, 11.1, 11.1333, 11.1667, 11.2, 11.2333, 11.2667, 11.3, 11.3333, 11.3667, 11.4, 11.4333, 11.4667, 11.5, 11.5333, 11.5667, 11.6, 11.6333, 11.6667, 11.7, 11.7333, 11.7667, 11.8, 11.8333, 11.8667, 11.9, 11.9333, 11.9667, 12.0, 12.0333, 12.0667, 12.1, 12.1333, 12.1667, 12.2, 12.2333, 12.2667, 12.3, 12.3333, 12.3667, 12.4, 12.4333, 12.4667, 12.5, 12.5333, 12.5667, 12.6, 12.6333, 12.6667, 12.7, 12.7333, 12.7667, 12.8, 12.8333, 12.8667, 12.9, 12.9333, 12.9667, 13.0, 13.0333, 13.0667, 13.1, 13.1333, 13.1667, 13.2, 13.2333, 13.2667, 13.3, 13.3333, 13.3667, 13.4, 13.4333, 13.4667, 13.5, 13.5333, 13.5667, 13.6, 13.6333, 13.6667, 13.7, 13.7333, 13.7667, 13.8, 13.8333, 13.8667, 13.9, 13.9333, 13.9667, 14.0, 14.0333, 14.0667, 14.1, 14.1333, 14.1667, 14.2, 14.2333, 14.2667, 14.3, 14.3333, 14.3667, 14.4, 14.4333, 14.4667, 14.5, 14.5333, 14.5667, 14.6, 14.6333, 14.6667, 14.7, 14.7333, 14.7667, 14.8, 14.8333, 14.8667, 14.9, 14.9333, 14.9667, 15.0, 15.0333, 15.0667, 15.1, 15.1333, 15.1667, 15.2, 15.2333, 15.2667, 15.3, 15.3333, 15.3667, 15.4, 15.4333, 15.4667, 15.5, 15.5333, 15.5667, 15.6, 15.6333, 15.6667, 15.7, 15.7333, 15.7667, 15.8, 15.8333, 15.8667, 15.9, 15.9333, 15.9667, 16.0, 16.0333, 16.0667, 16.1, 16.1333, 16.1667, 16.2, 16.2333, 16.2667, 16.3, 16.3333, 16.3667, 16.4, 16.4333, 16.4667, 16.5, 16.5333, 16.5667, 16.6, 16.6333, 16.6667, 16.7, 16.7333, 16.7667, 16.8, 16.8333, 16.8667, 16.9, 16.9333, 16.9667, 17.0, 17.0333, 17.0667, 17.1, 17.1333, 17.1667, 17.2, 17.2333, 17.2667, 17.3, 17.3333, 17.3667, 17.4, 17.4333, 17.4667, 17.5, 17.5333, 17.5667, 17.6, 17.6333, 17.6667, 17.7, 17.7333, 17.7667, 17.8, 17.8333, 17.8667, 17.9, 17.9333, 17.9667, 18.0, 18.0333, 18.0667, 18.1, 18.1333, 18.1667, 18.2, 18.2333, 18.2667, 18.3, 18.3333, 18.3667, 18.4, 18.4333, 18.4667, 18.5, 18.5333, 18.5667, 18.6, 18.6333, 18.6667, 18.7, 18.7333, 18.7667, 18.8, 18.8333, 18.8667, 18.9, 18.9333, 18.9667, 19.0, 19.0333, 19.0667, 19.1, 19.1333, 19.1667, 19.2, 19.2333, 19.2667, 19.3, 19.3333, 19.3667, 19.4, 19.4333, 19.4667, 19.5, 19.5333, 19.5667, 19.6, 19.6333, 19.6667, 19.7, 19.7333, 19.7667, 19.8, 19.8333, 19.8667, 19.9, 19.9333, 19.9667, 20.0, 20.0333, 20.0667, 20.1, 20.1333, 20.1667, 20.2, 20.2333, 20.2667, 20.3, 20.3333, 20.3667, 20.4, 20.4333, 20.4667, 20.5, 20.5333, 20.5667, 20.6, 20.6333, 0.0],
            "transform": [
                [0.819729, -0.105204, -0.562989, 0.208706, -0.57002, -0.054282, -0.819824, 0.461413, 0.055689, 0.992958, -0.104466, 0.733407, 0.0, 0.0, 0.0, 1.0],
                [0.819729, -0.105204, -0.562989, 0.208706, -0.57002, -0.054282, -0.819824, 0.461413, 0.055689, 0.992958, -0.104466, 0.733407, 0.0, 0.0, 0.0, 1.0],
                [0.806712, -0.100226, -0.582366, 0.208204, -0.58883, -0.053375, -0.80648, 0.423924, 0.049748, 0.993522, -0.102075, 0.746546, 0.0, 0.0, 0.0, 1.0],
                [0.794433, -0.097853, -0.599401, 0.206435, -0.605782, -0.057134, -0.793564, 0.391913, 0.043407, 0.993549, -0.104668, 0.763644, 0.0, 0.0, 0.0, 1.0],
                [0.785725, -0.096706, -0.610953, 0.20499, -0.61742, -0.062699, -0.784118, 0.352034, 0.037523, 0.993326, -0.108974, 0.77641, 0.0, 0.0, 0.0, 1.0],
                [0.773964, -0.101115, -0.625089, 0.202001, -0.632389, -0.073057, -0.771185, 0.327015, 0.032311, 0.992179, -0.120489, 0.793319, 0.0, 0.0, 0.0, 1.0],
                [0.762817, -0.105182, -0.637986, 0.198248, -0.646014, -0.082031, -0.758892, 0.318113, 0.027487, 0.991054, -0.130525, 0.807409, 0.0, 0.0, 0.0, 1.0],
                [0.756387, -0.131804, -0.640693, 0.195677, -0.651837, -0.070308, -0.75508, 0.295055, 0.054477, 0.988769, -0.139097, 0.820086, 0.0, 0.0, 0.0, 1.0],
                [0.744157, -0.137917, -0.653597, 0.194, -0.666215, -0.081956, -0.741229, 0.268062, 0.048662, 0.987037, -0.152872, 0.826824, 0.0, 0.0, 0.0, 1.0],
                [0.733637, -0.142634, -0.664388, 0.192038, -0.677513, -0.078325, -0.731315, 0.253874, 0.052273, 0.986661, -0.1541, 0.833629, 0.0, 0.0, 0.0, 1.0],
                [0.724288, -0.143907, -0.674297, 0.190387, -0.687351, -0.073867, -0.722546, 0.248781, 0.054172, 0.98682, -0.152418, 0.835989, 0.0, 0.0, 0.0, 1.0],
                [0.712505, -0.147789, -0.685912, 0.189341, -0.699196, -0.067808, -0.711693, 0.24151, 0.05867, 0.986682, -0.151649, 0.837709, 0.0, 0.0, 0.0, 1.0],
                [0.693056, -0.148064, -0.7055, 0.188395, -0.718662, -0.065384, -0.692264, 0.228862, 0.056371, 0.986804, -0.151724, 0.836099, 0.0, 0.0, 0.0, 1.0],
                [0.669774, -0.137949, -0.729625, 0.18761, -0.741355, -0.068465, -0.667597, 0.215052, 0.042141, 0.98806, -0.148126, 0.834299, 0.0, 0.0, 0.0, 1.0],
                [0.646998, -0.121947, -0.752663, 0.186846, -0.762124, -0.073356, -0.643246, 0.205458, 0.02323, 0.989812, -0.140402, 0.831807, 0.0, 0.0, 0.0, 1.0],
                [0.623447, -0.116991, -0.773051, 0.185156, -0.781561, -0.066235, -0.620286, 0.204048, 0.021365, 0.990912, -0.132731, 0.829545, 0.0, 0.0, 0.0, 1.0],
                [0.596473, -0.113383, -0.794572, 0.183052, -0.802387, -0.06032, -0.593732, 0.202686, 0.019391, 0.991708, -0.126957, 0.82471, 0.0, 0.0, 0.0, 1.0],
                [0.569783, -0.111242, -0.814219, 0.180848, -0.821581, -0.055126, -0.567403, 0.205078, 0.018235, 0.992253, -0.122805, 0.81993, 0.0, 0.0, 0.0, 1.0],
                [0.5437, -0.109933, -0.832037, 0.178846, -0.83909, -0.050783, -0.541599, 0.204695, 0.017287, 0.992631, -0.119856, 0.813741, 0.0, 0.0, 0.0, 1.0],
                [0.518333, -0.109323, -0.848151, 0.177125, -0.855038, -0.04902, -0.516224, 0.204224, 0.014859, 0.992787, -0.118885, 0.806312, 0.0, 0.0, 0.0, 1.0],
                [0.502287, -0.107469, -0.857985, 0.175865, -0.86458, -0.046619, -0.500309, 0.201239, 0.01377, 0.993105, -0.116333, 0.799757, 0.0, 0.0, 0.0, 1.0],
                [0.491636, -0.104876, -0.864451, 0.17494, -0.870703, -0.04526, -0.489701, 0.199939, 0.012233, 0.993445, -0.113568, 0.793713, 0.0, 0.0, 0.0, 1.0],
                [0.486448, -0.105037, -0.867361, 0.174218, -0.873622, -0.045346, -0.484468, 0.205492, 0.011556, 0.993424, -0.113822, 0.788734, 0.0, 0.0, 0.0, 1.0],
                [0.485787, -0.104503, -0.867796, 0.174386, -0.874002, -0.046102, -0.48371, 0.207252, 0.010542, 0.993445, -0.113733, 0.78343, 0.0, 0.0, 0.0, 1.0],
                [0.490968, -0.106753, -0.864601, 0.175203, -0.871098, -0.04768, -0.48877, 0.211998, 0.010953, 0.993132, -0.116403, 0.778268, 0.0, 0.0, 0.0, 1.0],
                [0.496567, -0.110664, -0.860903, 0.176961, -0.867911, -0.050191, -0.494157, 0.214226, 0.011476, 0.99258, -0.120971, 0.772213, 0.0, 0.0, 0.0, 1.0],
                [0.505118, -0.115388, -0.85529, 0.179173, -0.862943, -0.052754, -0.50252, 0.220956, 0.012865, 0.991908, -0.126222, 0.766286, 0.0, 0.0, 0.0, 1.0],
                [0.514588, -0.124052, -0.848404, 0.182147, -0.857289, -0.056752, -0.511679, 0.222508, 0.015327, 0.990641, -0.135554, 0.760976, 0.0, 0.0, 0.0, 1.0],
                [0.522491, -0.134414, -0.841972, 0.185265, -0.852447, -0.061701, -0.519141, 0.226028, 0.01783, 0.988992, -0.14682, 0.756223, 0.0, 0.0, 0.0, 1.0],
                [0.526031, -0.142124, -0.838494, 0.188308, -0.850207, -0.064154, -0.522505, 0.232606, 0.020468, 0.987758, -0.154583, 0.751516, 0.0, 0.0, 0.0, 1.0],
                [0.525738, -0.146998, -0.837837, 0.191424, -0.850323, -0.064133, -0.52232, 0.235747, 0.023047, 0.987045, -0.158715, 0.747173, 0.0, 0.0, 0.0, 1.0],
                [0.522262, -0.147131, -0.839985, 0.194232, -0.852398, -0.060849, -0.519322, 0.239759, 0.025296, 0.987233, -0.157195, 0.743573, 0.0, 0.0, 0.0, 1.0],
                [0.514961, -0.142055, -0.845349, 0.196438, -0.8568, -0.055095, -0.512678, 0.24583, 0.026255, 0.988314, -0.150086, 0.740858, 0.0, 0.0, 0.0, 1.0],
                [0.500607, -0.133677, -0.85528, 0.198001, -0.865231, -0.046038, -0.499236, 0.246888, 0.027361, 0.989945, -0.138709, 0.738832, 0.0, 0.0, 0.0, 1.0],
                [0.482165, -0.123803, -0.867277, 0.198779, -0.875611, -0.036087, -0.481646, 0.24737, 0.028332, 0.99164, -0.125804, 0.73826, 0.0, 0.0, 0.0, 1.0],
                [0.463471, -0.111821, -0.879017, 0.198505, -0.885681, -0.027936, -0.463431, 0.2473, 0.027265, 0.993326, -0.111987, 0.738757, 0.0, 0.0, 0.0, 1.0],
                [0.446497, -0.09994, -0.889175, 0.197342, -0.89441, -0.021527, -0.446706, 0.24677, 0.025503, 0.99475, -0.099001, 0.740549, 0.0, 0.0, 0.0, 1.0],
                [0.440238, -0.08835, -0.893513, 0.195091, -0.897589, -0.018421, -0.440425, 0.245913, 0.022453, 0.995909, -0.087413, 0.744529, 0.0, 0.0, 0.0, 1.0],
                [0.444664, -0.077633, -0.892316, 0.191842, -0.895485, -0.017404, -0.444729, 0.244911, 0.018996, 0.99682, -0.077259, 0.750663, 0.0, 0.0, 0.0, 1.0],
                [0.46667, -0.066276, -0.881934, 0.187976, -0.884321, -0.019987, -0.466431, 0.243966, 0.013286, 0.997591, -0.067937, 0.757926, 0.0, 0.0, 0.0, 1.0],
                [0.508173, -0.054651, -0.859508, 0.183462, -0.861219, -0.024713, -0.507613, 0.243402, 0.0065, 0.99819, -0.059625, 0.767016, 0.0, 0.0, 0.0, 1.0],
                [0.563693, -0.041884, -0.824909, 0.178833, -0.825971, -0.030083, -0.562892, 0.243411, -0.00124, 0.998659, -0.051553, 0.776576, 0.0, 0.0, 0.0, 1.0],
                [0.627658, -0.030816, -0.777866, 0.174328, -0.77843, -0.035786, -0.626695, 0.244268, -0.008525, 0.998874, -0.04645, 0.785992, 0.0, 0.0, 0.0, 1.0],
                [0.693157, -0.021674, -0.720446, 0.170275, -0.720667, -0.03797, -0.692227, 0.246097, -0.012353, 0.999034, -0.041939, 0.795315, 0.0, 0.0, 0.0, 1.0],
                [0.754396, -0.034984, -0.655472, 0.166295, -0.656211, -0.015932, -0.754396, 0.249093, 0.015949, 0.999251, -0.034976, 0.803603, 0.0, 0.0, 0.0, 1.0],
                [0.804752, -0.039613, -0.592271, 0.162453, -0.592959, -0.007521, -0.805185, 0.253047, 0.027442, 0.999177, -0.029542, 0.810197, 0.0, 0.0, 0.0, 1.0],
                [0.84664, -0.040634, -0.530593, 0.158545, -0.531221, -0.00575, -0.847202, 0.257922, 0.031374, 0.999148, -0.026454, 0.814813, 0.0, 0.0, 0.0, 1.0],
                [0.881103, -0.055817, -0.469598, 0.154231, -0.469881, 0.008745, -0.882675, 0.263788, 0.053375, 0.998393, -0.018523, 0.81802, 0.0, 0.0, 0.0, 1.0],
                [0.907775, -0.071248, -0.413337, 0.149711, -0.413553, 0.012387, -0.910385, 0.270332, 0.069983, 0.997372, -0.018221, 0.819043, 0.0, 0.0, 0.0, 1.0],
                [0.929484, -0.089116, -0.357907, 0.144691, -0.358518, 0.009597, -0.933463, 0.277444, 0.086622, 0.995965, -0.02303, 0.818092, 0.0, 0.0, 0.0, 1.0],
                [0.946386, -0.110862, -0.303388, 0.1392, -0.304926, 0.003222, -0.95236, 0.285007, 0.106559, 0.993821, -0.030756, 0.815662, 0.0, 0.0, 0.0, 1.0],
                [0.958752, -0.131571, -0.251921, 0.13324, -0.25445, -0.002503, -0.967072, 0.292892, 0.12661, 0.991293, -0.035878, 0.811852, 0.0, 0.0, 0.0, 1.0],
                [0.966948, -0.148636, -0.20712, 0.127026, -0.21058, -0.007756, -0.977536, 0.300908, 0.143692, 0.988851, -0.0388, 0.807409, 0.0, 0.0, 0.0, 1.0],
                [0.973999, -0.153866, -0.166227, 0.120931, -0.169983, -0.011491, -0.98537, 0.308885, 0.149706, 0.988015, -0.037347, 0.802435, 0.0, 0.0, 0.0, 1.0],
                [0.980454, -0.149333, -0.128019, 0.115363, -0.130891, -0.009522, -0.991341, 0.316654, 0.146822, 0.988731, -0.028882, 0.79707, 0.0, 0.0, 0.0, 1.0],
                [0.986787, -0.135689, -0.088424, 0.110478, -0.089975, -0.005325, -0.99592, 0.324044, 0.134666, 0.990727, -0.017463, 0.791755, 0.0, 0.0, 0.0, 1.0],
                [0.992368, -0.114501, -0.045554, 0.106657, -0.044939, 0.007948, -0.998948, 0.330988, 0.114744, 0.993381, 0.002742, 0.786568, 0.0, 0.0, 0.0, 1.0],
                [0.996297, -0.085852, -0.00126, 0.104161, 0.00029, 0.018045, -0.999827, 0.337336, 0.08586, 0.996134, 0.018003, 0.781309, 0.0, 0.0, 0.0, 1.0],
                [0.996564, -0.062155, 0.054568, 0.102738, 0.056417, 0.028387, -0.997994, 0.343091, 0.060482, 0.997653, 0.031796, 0.776563, 0.0, 0.0, 0.0, 1.0],
                [0.993132, -0.037181, 0.110847, 0.10271, 0.111897, 0.027461, -0.99333, 0.348218, 0.03389, 0.998921, 0.031433, 0.772145, 0.0, 0.0, 0.0, 1.0],
                [0.986344, -0.013367, 0.164093, 0.103804, 0.164297, 0.015894, -0.986273, 0.352747, 0.010575, 0.999774, 0.017873, 0.768305, 0.0, 0.0, 0.0, 1.0],
                [0.977693, 0.010502, 0.20973, 0.105583, 0.209759, -0.001669, -0.977742, 0.356735, -0.009919, 0.999933, -0.003834, 0.765561, 0.0, 0.0, 0.0, 1.0],
                [0.966893, 0.015406, 0.254677, 0.107737, 0.254968, -0.021443, -0.966701, 0.360242, -0.009432, 0.999641, -0.024661, 0.764205, 0.0, 0.0, 0.0, 1.0],
                [0.956714, 0.014922, 0.290611, 0.110076, 0.290973, -0.037145, -0.955999, 0.363318, -0.003471, 0.999188, -0.03988, 0.764572, 0.0, 0.0, 0.0, 1.0],
                [0.948141, 0.010893, 0.317633, 0.1123, 0.317796, -0.044677, -0.947095, 0.366015, 0.003874, 0.998932, -0.045822, 0.766684, 0.0, 0.0, 0.0, 1.0],
                [0.941695, 0.002493, 0.336429, 0.114258, 0.336226, -0.042438, -0.940814, 0.368352, 0.011932, 0.999086, -0.040803, 0.770039, 0.0, 0.0, 0.0, 1.0],
                [0.938423, -0.012056, 0.345249, 0.115944, 0.344704, -0.033382, -0.938107, 0.37035, 0.022835, 0.99936, -0.027171, 0.774074, 0.0, 0.0, 0.0, 1.0],
                [0.935455, -0.037942, 0.351374, 0.11732, 0.350845, -0.020033, -0.936209, 0.37203, 0.042561, 0.999069, -0.005428, 0.778365, 0.0, 0.0, 0.0, 1.0],
                [0.934517, -0.064793, 0.349943, 0.118713, 0.350408, -0.004414, -0.936576, 0.373432, 0.062229, 0.997879, 0.018579, 0.7822, 0.0, 0.0, 0.0, 1.0],
                [0.935089, -0.08851, 0.343155, 0.119714, 0.345512, 0.012367, -0.938322, 0.374619, 0.078807, 0.995989, 0.042146, 0.785377, 0.0, 0.0, 0.0, 1.0],
                [0.937992, -0.106389, 0.329896, 0.120034, 0.334178, 0.024782, -0.942174, 0.375566, 0.092062, 0.994006, 0.058799, 0.78808, 0.0, 0.0, 0.0, 1.0],
                [0.943859, -0.116051, 0.309261, 0.119672, 0.314749, 0.031928, -0.948627, 0.376308, 0.100216, 0.99272, 0.066663, 0.790144, 0.0, 0.0, 0.0, 1.0],
                [0.950788, -0.118399, 0.286292, 0.118574, 0.292332, 0.036889, -0.955594, 0.376924, 0.102581, 0.992271, 0.069686, 0.791951, 0.0, 0.0, 0.0, 1.0],
                [0.956136, -0.11979, 0.267272, 0.11661, 0.273922, 0.042684, -0.960794, 0.377412, 0.103686, 0.991871, 0.073626, 0.793709, 0.0, 0.0, 0.0, 1.0],
                [0.964578, -0.110354, 0.239564, 0.114027, 0.24583, 0.046982, -0.968163, 0.37775, 0.095587, 0.992771, 0.072446, 0.795498, 0.0, 0.0, 0.0, 1.0],
                [0.974664, -0.092906, 0.203415, 0.111108, 0.208349, 0.046815, -0.976923, 0.377924, 0.08124, 0.994564, 0.064987, 0.797431, 0.0, 0.0, 0.0, 1.0],
                [0.981952, -0.076774, 0.172788, 0.107989, 0.176677, 0.04708, -0.983132, 0.377954, 0.067344, 0.995926, 0.059795, 0.799816, 0.0, 0.0, 0.0, 1.0],
                [0.986951, -0.066321, 0.146658, 0.105202, 0.149615, 0.042047, -0.98784, 0.377807, 0.059349, 0.996902, 0.051421, 0.802581, 0.0, 0.0, 0.0, 1.0],
                [0.993613, -0.04753, 0.102245, 0.103309, 0.104071, 0.037686, -0.993846, 0.377479, 0.043385, 0.998149, 0.042392, 0.805352, 0.0, 0.0, 0.0, 1.0],
                [0.996974, -0.042146, 0.065171, 0.102414, 0.066519, 0.031411, -0.997281, 0.376942, 0.039984, 0.998608, 0.03412, 0.808494, 0.0, 0.0, 0.0, 1.0],
                [0.999171, -0.035844, 0.018793, 0.102754, 0.019682, 0.024608, -0.999493, 0.376206, 0.035364, 0.999044, 0.025293, 0.811022, 0.0, 0.0, 0.0, 1.0],
                [0.999247, -0.032064, -0.021362, 0.104081, -0.020829, 0.016866, -0.999631, 0.37524, 0.032413, 0.999333, 0.016185, 0.813233, 0.0, 0.0, 0.0, 1.0],
                [0.997186, -0.015176, -0.073275, 0.106583, -0.073139, 0.009291, -0.997268, 0.374021, 0.015816, 0.999832, 0.008155, 0.814583, 0.0, 0.0, 0.0, 1.0],
                [0.992466, -0.019797, -0.120829, 0.109536, -0.120773, 0.003989, -0.992662, 0.372528, 0.020134, 0.999786, 0.001568, 0.814553, 0.0, 0.0, 0.0, 1.0],
                [0.985142, -0.02557, -0.169766, 0.112623, -0.169842, -0.000805, -0.985461, 0.370777, 0.025061, 0.999663, -0.005136, 0.812946, 0.0, 0.0, 0.0, 1.0],
                [0.974872, -0.03271, -0.220307, 0.115834, -0.220725, -0.009741, -0.975277, 0.368825, 0.029756, 0.999407, -0.016716, 0.809679, 0.0, 0.0, 0.0, 1.0],
                [0.96171, -0.042151, -0.270772, 0.118909, -0.271866, -0.022743, -0.962056, 0.366776, 0.034394, 0.998842, -0.033332, 0.80473, 0.0, 0.0, 0.0, 1.0],
                [0.9466, -0.053919, -0.317837, 0.121585, -0.320065, -0.039271, -0.946571, 0.364659, 0.038557, 0.997763, -0.054433, 0.798686, 0.0, 0.0, 0.0, 1.0],
                [0.930574, -0.066457, -0.359994, 0.123787, -0.363693, -0.055806, -0.929835, 0.362579, 0.041704, 0.996217, -0.076102, 0.792349, 0.0, 0.0, 0.0, 1.0],
                [0.91343, -0.078029, -0.399422, 0.125506, -0.4046, -0.068293, -0.911929, 0.360602, 0.04388, 0.994599, -0.093952, 0.786973, 0.0, 0.0, 0.0, 1.0],
                [0.89871, -0.083387, -0.430519, 0.12669, -0.436498, -0.075926, -0.896484, 0.358742, 0.042068, 0.993611, -0.104635, 0.783652, 0.0, 0.0, 0.0, 1.0],
                [0.886526, -0.083221, -0.455112, 0.12717, -0.461078, -0.077687, -0.883941, 0.356951, 0.038206, 0.993488, -0.107244, 0.78315, 0.0, 0.0, 0.0, 1.0],
                [0.877043, -0.076108, -0.474324, 0.126735, -0.479301, -0.072162, -0.874668, 0.355198, 0.032341, 0.994475, -0.099769, 0.785602, 0.0, 0.0, 0.0, 1.0],
                [0.874806, -0.062699, -0.480379, 0.125804, -0.483852, -0.06369, -0.872818, 0.353455, 0.02413, 0.995988, -0.086054, 0.790216, 0.0, 0.0, 0.0, 1.0],
                [0.879322, -0.045323, -0.474045, 0.12465, -0.475962, -0.051727, -0.877932, 0.351681, 0.01527, 0.997622, -0.067057, 0.796277, 0.0, 0.0, 0.0, 1.0],
                [0.889556, -0.027517, -0.455975, 0.123407, -0.456762, -0.04, -0.888678, 0.349848, 0.006215, 0.998811, -0.048152, 0.802952, 0.0, 0.0, 0.0, 1.0],
                [0.906115, -0.012588, -0.422821, 0.122281, -0.423007, -0.029703, -0.905629, 0.347944, -0.001159, 0.999469, -0.03224, 0.809571, 0.0, 0.0, 0.0, 1.0],
                [0.92436, -0.00258, -0.381485, 0.121608, -0.38144, -0.023056, -0.924095, 0.345997, -0.006411, 0.999721, -0.022297, 0.815124, 0.0, 0.0, 0.0, 1.0],
                [0.943254, 0.003223, -0.332027, 0.121157, -0.33192, -0.018028, -0.943125, 0.344101, -0.009026, 0.999822, -0.015936, 0.819289, 0.0, 0.0, 0.0, 1.0],
                [0.960519, 0.005638, -0.27812, 0.120795, -0.27802, -0.014228, -0.96046, 0.342327, -0.009372, 0.999873, -0.012098, 0.822133, 0.0, 0.0, 0.0, 1.0],
                [0.974248, 0.006553, -0.225339, 0.120697, -0.225282, -0.008427, -0.974247, 0.340727, -0.008283, 0.999933, -0.006734, 0.823436, 0.0, 0.0, 0.0, 1.0],
                [0.984371, 0.005678, -0.175958, 0.120387, -0.175957, -0.000662, -0.984388, 0.339335, -0.005706, 0.999974, 0.000347, 0.823569, 0.0, 0.0, 0.0, 1.0],
                [0.991184, 0.002496, -0.132395, 0.11954, -0.132413, 0.009374, -0.99114, 0.338176, -0.001233, 0.999943, 0.009622, 0.822648, 0.0, 0.0, 0.0, 1.0],
                [0.995022, -0.001674, -0.099536, 0.117985, -0.09948, 0.020997, -0.994808, 0.337244, 0.003755, 0.999768, 0.020727, 0.820698, 0.0, 0.0, 0.0, 1.0],
                [0.997164, -0.006061, -0.074883, 0.115614, -0.074651, 0.032113, -0.996682, 0.336521, 0.008445, 0.999456, 0.031569, 0.818142, 0.0, 0.0, 0.0, 1.0],
                [0.998471, -0.010048, -0.054178, 0.11251, -0.053743, 0.039401, -0.997767, 0.335981, 0.012161, 0.999163, 0.038801, 0.815343, 0.0, 0.0, 0.0, 1.0],
                [0.999144, -0.012472, -0.039187, 0.108589, -0.038573, 0.046179, -0.998178, 0.335626, 0.014259, 0.998845, 0.045659, 0.812323, 0.0, 0.0, 0.0, 1.0],
                [0.999501, -0.019552, -0.024419, 0.103706, -0.023506, 0.045668, -0.99867, 0.335435, 0.020641, 0.998755, 0.045186, 0.808794, 0.0, 0.0, 0.0, 1.0],
                [0.997959, -0.062466, 0.012442, 0.0982, 0.015312, 0.045679, -0.998829, 0.335475, 0.061825, 0.996991, 0.046542, 0.804835, 0.0, 0.0, 0.0, 1.0],
                [0.995277, -0.087972, 0.040802, 0.092838, 0.04481, 0.04407, -0.998013, 0.335802, 0.086, 0.995138, 0.047804, 0.800266, 0.0, 0.0, 0.0, 1.0],
                [0.993958, -0.089798, 0.062957, 0.087547, 0.066876, 0.041319, -0.996895, 0.336469, 0.086919, 0.995093, 0.047076, 0.795189, 0.0, 0.0, 0.0, 1.0],
                [0.993682, -0.075113, 0.083266, 0.083195, 0.086452, 0.040207, -0.995434, 0.337612, 0.071423, 0.996354, 0.046447, 0.789716, 0.0, 0.0, 0.0, 1.0],
                [0.991994, -0.058398, 0.111885, 0.079906, 0.114351, 0.040738, -0.992595, 0.339237, 0.053408, 0.997452, 0.04709, 0.784232, 0.0, 0.0, 0.0, 1.0],
                [0.98947, -0.028522, 0.14183, 0.078071, 0.142931, 0.041193, -0.988865, 0.341339, 0.022362, 0.998734, 0.044836, 0.778412, 0.0, 0.0, 0.0, 1.0],
                [0.984411, -0.000603, 0.175827, 0.077777, 0.175721, 0.038285, -0.983685, 0.343782, -0.006138, 0.999257, 0.037795, 0.772248, 0.0, 0.0, 0.0, 1.0],
                [0.977337, 0.021989, 0.210498, 0.079167, 0.209733, 0.03269, -0.977202, 0.346494, -0.028369, 0.999214, 0.027338, 0.765897, 0.0, 0.0, 0.0, 1.0],
                [0.966833, 0.035745, 0.252854, 0.082234, 0.252162, 0.022792, -0.967406, 0.349365, -0.040343, 0.999091, 0.013023, 0.759624, 0.0, 0.0, 0.0, 1.0],
                [0.954734, 0.038344, 0.294946, 0.0867, 0.294638, 0.013556, -0.955502, 0.352275, -0.040637, 0.999163, 0.001645, 0.753793, 0.0, 0.0, 0.0, 1.0],
                [0.943075, 0.036152, 0.330579, 0.092185, 0.330429, 0.010217, -0.943765, 0.355094, -0.037497, 0.999284, -0.00231, 0.748734, 0.0, 0.0, 0.0, 1.0],
                [0.933664, 0.02664, 0.357131, 0.098362, 0.356847, 0.014892, -0.934033, 0.357675, -0.030201, 0.999524, 0.004397, 0.744757, 0.0, 0.0, 0.0, 1.0],
                [0.927427, 0.010493, 0.37383, 0.105455, 0.373454, 0.026883, -0.927248, 0.359923, -0.01978, 0.999573, 0.021014, 0.741811, 0.0, 0.0, 0.0, 1.0],
                [0.923956, -0.010092, 0.382339, 0.113153, 0.382417, 0.041306, -0.923055, 0.361713, -0.006477, 0.999086, 0.042025, 0.740145, 0.0, 0.0, 0.0, 1.0],
                [0.923846, -0.03561, 0.381079, 0.121413, 0.38253, 0.053019, -0.92241, 0.362938, 0.012643, 0.997948, 0.062604, 0.739365, 0.0, 0.0, 0.0, 1.0],
                [0.927212, -0.06076, 0.36955, 0.130364, 0.372896, 0.058219, -0.926034, 0.363546, 0.034751, 0.996443, 0.076639, 0.739134, 0.0, 0.0, 0.0, 1.0],
                [0.934971, -0.078613, 0.345874, 0.139596, 0.350753, 0.059938, -0.934537, 0.36349, 0.052736, 0.995092, 0.083615, 0.739353, 0.0, 0.0, 0.0, 1.0],
                [0.946501, -0.090533, 0.30971, 0.149007, 0.315503, 0.058473, -0.947111, 0.362796, 0.067636, 0.994165, 0.083909, 0.739132, 0.0, 0.0, 0.0, 1.0],
                [0.958316, -0.099667, 0.267726, 0.158808, 0.273992, 0.05539, -0.960125, 0.361487, 0.080864, 0.993468, 0.08039, 0.738144, 0.0, 0.0, 0.0, 1.0],
                [0.968389, -0.111029, 0.223326, 0.168816, 0.231438, 0.066352, -0.970574, 0.359801, 0.092944, 0.99159, 0.089952, 0.735681, 0.0, 0.0, 0.0, 1.0],
                [0.976397, -0.118642, 0.180426, 0.178869, 0.190592, 0.080721, -0.978335, 0.357567, 0.101509, 0.98964, 0.101429, 0.73243, 0.0, 0.0, 0.0, 1.0],
                [0.983167, -0.117617, 0.139744, 0.188715, 0.14893, 0.073278, -0.986119, 0.35497, 0.105745, 0.990342, 0.089562, 0.72879, 0.0, 0.0, 0.0, 1.0],
                [0.987997, -0.117555, 0.10011, 0.198176, 0.114104, 0.119062, -0.986298, 0.352041, 0.104026, 0.985893, 0.131048, 0.723886, 0.0, 0.0, 0.0, 1.0],
                [0.991359, -0.10725, 0.075394, 0.206733, 0.088654, 0.124782, -0.988205, 0.348966, 0.096578, 0.98636, 0.133213, 0.719905, 0.0, 0.0, 0.0, 1.0],
                [0.99392, -0.092564, 0.059447, 0.213922, 0.072007, 0.138867, -0.98768, 0.345824, 0.083169, 0.985965, 0.14469, 0.716629, 0.0, 0.0, 0.0, 1.0],
                [0.995948, -0.074162, 0.050669, 0.219069, 0.060407, 0.135574, -0.988914, 0.342746, 0.066472, 0.987978, 0.139506, 0.715267, 0.0, 0.0, 0.0, 1.0],
                [0.997412, -0.056028, 0.044835, 0.222111, 0.053277, 0.159624, -0.985729, 0.339762, 0.048072, 0.985576, 0.162197, 0.715178, 0.0, 0.0, 0.0, 1.0],
                [0.998293, -0.03796, 0.044158, 0.222707, 0.049545, 0.15525, -0.986622, 0.336926, 0.030597, 0.987136, 0.156867, 0.717545, 0.0, 0.0, 0.0, 1.0],
                [0.998729, -0.021881, 0.045178, 0.220853, 0.047984, 0.151788, -0.987237, 0.334122, 0.014744, 0.988161, 0.152647, 0.722123, 0.0, 0.0, 0.0, 1.0],
                [0.998655, -0.020253, 0.047512, 0.21673, 0.050433, 0.183971, -0.981627, 0.331294, 0.01114, 0.982713, 0.184747, 0.727367, 0.0, 0.0, 0.0, 1.0],
                [0.998955, -0.002497, 0.045419, 0.211148, 0.045105, 0.183625, -0.981951, 0.328259, -0.005888, 0.982983, 0.183547, 0.73488, 0.0, 0.0, 0.0, 1.0],
                [0.998689, 0.015193, 0.048686, 0.204295, 0.04516, 0.180146, -0.982592, 0.324896, -0.023699, 0.983512, 0.179225, 0.74355, 0.0, 0.0, 0.0, 1.0],
                [0.998064, 0.034471, 0.051569, 0.196878, 0.044827, 0.173784, -0.983753, 0.321176, -0.042873, 0.98417, 0.171904, 0.752936, 0.0, 0.0, 0.0, 1.0],
                [0.997225, 0.051514, 0.053555, 0.189353, 0.044456, 0.163918, -0.985462, 0.31711, -0.059544, 0.985118, 0.161174, 0.762554, 0.0, 0.0, 0.0, 1.0],
                [0.99616, 0.06693, 0.056272, 0.182124, 0.045629, 0.151087, -0.987457, 0.312774, -0.074594, 0.986242, 0.147454, 0.77151, 0.0, 0.0, 0.0, 1.0],
                [0.994956, 0.081112, 0.058843, 0.175477, 0.047442, 0.135938, -0.989571, 0.308317, -0.088266, 0.987381, 0.131406, 0.779507, 0.0, 0.0, 0.0, 1.0],
                [0.99388, 0.092048, 0.06091, 0.169779, 0.049467, 0.121856, -0.991304, 0.303866, -0.09867, 0.98826, 0.116558, 0.786173, 0.0, 0.0, 0.0, 1.0],
                [0.992828, 0.099202, 0.066562, 0.165068, 0.055231, 0.112886, -0.992062, 0.299588, -0.10593, 0.988633, 0.106598, 0.791183, 0.0, 0.0, 0.0, 1.0],
                [0.991997, 0.101586, 0.074846, 0.161498, 0.064493, 0.10163, -0.992719, 0.29559, -0.108454, 0.989612, 0.094266, 0.794663, 0.0, 0.0, 0.0, 1.0],
                [0.9914, 0.098661, 0.085862, 0.159087, 0.076752, 0.092688, -0.992723, 0.292001, -0.105902, 0.990785, 0.084319, 0.796969, 0.0, 0.0, 0.0, 1.0],
                [0.990234, 0.093998, 0.10286, 0.157918, 0.095168, 0.082944, -0.991989, 0.28889, -0.101778, 0.992101, 0.073189, 0.798119, 0.0, 0.0, 0.0, 1.0],
                [0.988394, 0.087549, 0.124064, 0.157985, 0.117871, 0.072694, -0.990354, 0.286301, -0.095724, 0.993494, 0.061532, 0.798314, 0.0, 0.0, 0.0, 1.0],
                [0.984553, 0.081355, 0.154976, 0.158896, 0.150236, 0.061503, -0.986725, 0.28423, -0.089808, 0.994776, 0.048331, 0.798129, 0.0, 0.0, 0.0, 1.0],
                [0.979545, 0.074974, 0.186684, 0.160412, 0.183052, 0.05276, -0.981676, 0.282714, -0.083451, 0.995779, 0.037957, 0.797336, 0.0, 0.0, 0.0, 1.0],
                [0.973334, 0.069622, 0.218527, 0.162218, 0.215971, 0.042441, -0.975467, 0.281762, -0.077189, 0.99666, 0.026273, 0.79594, 0.0, 0.0, 0.0, 1.0],
                [0.965571, 0.066158, 0.251547, 0.164214, 0.249777, 0.033922, -0.967699, 0.281361, -0.072555, 0.997222, 0.016229, 0.793865, 0.0, 0.0, 0.0, 1.0],
                [0.957053, 0.064877, 0.282524, 0.166299, 0.281616, 0.022931, -0.959243, 0.281479, -0.068712, 0.99762, 0.003676, 0.791001, 0.0, 0.0, 0.0, 1.0],
                [0.949999, 0.063854, 0.305623, 0.168327, 0.305535, 0.011375, -0.952102, 0.282098, -0.064272, 0.997884, -0.008704, 0.786518, 0.0, 0.0, 0.0, 1.0],
                [0.944627, 0.063066, 0.321997, 0.170128, 0.322658, -0.000313, -0.946505, 0.283127, -0.059592, 0.997999, -0.020644, 0.781112, 0.0, 0.0, 0.0, 1.0],
                [0.94207, 0.062912, 0.329434, 0.171297, 0.330794, -0.012289, -0.943612, 0.284509, -0.055316, 0.997933, -0.032389, 0.775343, 0.0, 0.0, 0.0, 1.0],
                [0.943528, 0.063052, 0.325208, 0.171788, 0.327439, -0.028768, -0.944424, 0.286111, -0.050192, 0.997585, -0.04779, 0.769739, 0.0, 0.0, 0.0, 1.0],
                [0.946476, 0.064424, 0.316248, 0.171628, 0.31944, -0.047164, -0.946421, 0.287866, -0.046058, 0.996797, -0.06522, 0.764995, 0.0, 0.0, 0.0, 1.0],
                [0.950438, 0.065058, 0.303998, 0.170735, 0.308002, -0.064264, -0.949202, 0.289673, -0.042217, 0.9958, -0.081118, 0.761108, 0.0, 0.0, 0.0, 1.0],
                [0.956062, 0.063288, 0.286215, 0.168899, 0.290689, -0.07898, -0.953542, 0.291393, -0.037743, 0.994855, -0.093908, 0.75929, 0.0, 0.0, 0.0, 1.0],
                [0.962166, 0.059843, 0.265775, 0.166624, 0.270261, -0.086849, -0.958852, 0.292951, -0.034299, 0.994412, -0.099737, 0.759735, 0.0, 0.0, 0.0, 1.0],
                [0.968616, 0.054113, 0.242559, 0.163871, 0.246554, -0.086659, -0.965236, 0.294205, -0.031213, 0.994757, -0.097282, 0.762758, 0.0, 0.0, 0.0, 1.0],
                [0.975082, 0.046565, 0.216856, 0.160825, 0.220058, -0.080839, -0.972121, 0.295021, -0.027737, 0.995629, -0.089073, 0.767916, 0.0, 0.0, 0.0, 1.0],
                [0.980314, 0.03975, 0.193351, 0.157875, 0.195742, -0.069265, -0.978196, 0.295303, -0.025491, 0.996796, -0.075683, 0.774487, 0.0, 0.0, 0.0, 1.0],
                [0.98518, 0.031056, 0.168632, 0.155233, 0.17009, -0.052573, -0.984015, 0.295016, -0.021695, 0.998124, -0.057077, 0.781583, 0.0, 0.0, 0.0, 1.0],
                [0.989788, 0.021782, 0.1408, 0.152838, 0.14148, -0.033694, -0.989357, 0.29407, -0.016806, 0.999185, -0.036432, 0.788489, 0.0, 0.0, 0.0, 1.0],
                [0.992727, 0.015044, 0.119355, 0.150639, 0.119651, -0.020557, -0.992593, 0.292392, -0.012479, 0.999665, -0.022207, 0.794202, 0.0, 0.0, 0.0, 1.0],
                [0.995154, 0.011493, 0.097556, 0.148728, 0.097769, -0.019682, -0.995004, 0.290018, -0.009515, 0.99973, -0.02071, 0.798103, 0.0, 0.0, 0.0, 1.0],
                [0.996748, 0.008707, 0.079991, 0.146789, 0.080232, -0.032252, -0.996244, 0.28704, -0.006094, 0.999432, -0.032846, 0.799524, 0.0, 0.0, 0.0, 1.0],
                [0.997624, 0.004837, 0.068574, 0.144929, 0.068733, -0.051958, -0.996271, 0.283566, -0.001256, 0.998627, -0.052167, 0.798477, 0.0, 0.0, 0.0, 1.0],
                [0.99807, 0.0027, 0.061874, 0.143059, 0.061899, -0.076604, -0.995128, 0.279777, 0.002053, 0.997048, -0.076625, 0.795053, 0.0, 0.0, 0.0, 1.0],
                [0.9981, 0.003622, 0.061351, 0.141631, 0.061407, -0.099088, -0.993172, 0.275861, 0.002482, 0.995062, -0.099123, 0.790028, 0.0, 0.0, 0.0, 1.0],
                [0.99806, 0.004428, 0.061945, 0.141132, 0.062034, -0.118067, -0.991056, 0.272009, 0.002926, 0.992986, -0.118113, 0.784891, 0.0, 0.0, 0.0, 1.0],
                [0.998126, 0.003501, 0.060924, 0.141253, 0.060851, -0.132209, -0.989342, 0.268422, 0.004591, 0.991205, -0.132176, 0.77995, 0.0, 0.0, 0.0, 1.0],
                [0.997901, 0.003118, 0.064522, 0.142298, 0.064343, -0.136526, -0.988535, 0.265196, 0.005727, 0.990621, -0.136442, 0.776915, 0.0, 0.0, 0.0, 1.0],
                [0.997479, 0.001554, 0.070796, 0.144537, 0.070399, -0.129731, -0.989037, 0.262457, 0.007648, 0.991538, -0.129515, 0.775961, 0.0, 0.0, 0.0, 1.0],
                [0.996665, -0.002724, 0.081439, 0.147809, 0.08057, -0.116435, -0.989915, 0.260168, 0.012179, 0.993184, -0.115828, 0.777585, 0.0, 0.0, 0.0, 1.0],
                [0.994859, -0.010444, 0.100627, 0.152163, 0.099152, -0.096878, -0.990335, 0.258285, 0.020092, 0.995231, -0.095346, 0.781564, 0.0, 0.0, 0.0, 1.0],
                [0.990823, -0.025486, 0.132668, 0.157401, 0.130552, -0.071837, -0.988825, 0.256693, 0.034732, 0.997081, -0.067852, 0.786528, 0.0, 0.0, 0.0, 1.0],
                [0.985638, -0.038136, 0.16445, 0.163155, 0.162772, -0.043611, -0.985689, 0.255272, 0.044762, 0.99831, -0.036777, 0.790458, 0.0, 0.0, 0.0, 1.0],
                [0.980754, -0.038094, 0.191443, 0.169728, 0.19095, -0.016213, -0.981456, 0.253943, 0.040492, 0.999133, -0.008627, 0.792081, 0.0, 0.0, 0.0, 1.0],
                [0.972698, -0.041231, 0.228339, 0.176533, 0.228769, 0.005984, -0.973452, 0.252597, 0.038771, 0.999122, 0.015253, 0.790726, 0.0, 0.0, 0.0, 1.0],
                [0.966163, -0.031228, 0.255997, 0.183515, 0.25673, 0.022242, -0.966217, 0.25131, 0.02448, 0.999255, 0.029506, 0.78624, 0.0, 0.0, 0.0, 1.0],
                [0.958451, -0.028568, 0.283787, 0.190053, 0.284579, 0.029051, -0.958202, 0.250099, 0.019129, 0.99916, 0.035974, 0.778694, 0.0, 0.0, 0.0, 1.0],
                [0.953548, -0.027443, 0.299956, 0.195486, 0.300677, 0.027546, -0.953318, 0.24902, 0.017899, 0.999234, 0.034518, 0.769102, 0.0, 0.0, 0.0, 1.0],
                [0.951926, -0.025423, 0.305238, 0.199397, 0.30579, 0.021664, -0.951842, 0.248183, 0.017586, 0.999432, 0.028397, 0.758668, 0.0, 0.0, 0.0, 1.0],
                [0.953995, -0.0245, 0.298786, 0.201432, 0.299183, 0.014495, -0.954075, 0.247606, 0.019044, 0.999585, 0.021159, 0.749146, 0.0, 0.0, 0.0, 1.0],
                [0.957999, -0.023655, 0.285758, 0.202159, 0.286002, 0.007562, -0.958189, 0.247271, 0.020505, 0.999682, 0.01401, 0.742168, 0.0, 0.0, 0.0, 1.0],
                [0.964851, -0.024259, 0.261638, 0.201032, 0.261813, 0.004242, -0.965099, 0.24698, 0.022303, 0.999687, 0.010444, 0.739168, 0.0, 0.0, 0.0, 1.0],
                [0.971726, -0.024858, 0.234755, 0.198676, 0.234941, 0.004779, -0.971988, 0.246597, 0.02304, 0.99967, 0.010484, 0.740658, 0.0, 0.0, 0.0, 1.0],
                [0.979022, -0.026087, 0.20203, 0.19544, 0.202329, 0.009337, -0.979263, 0.245921, 0.02366, 0.999606, 0.014419, 0.74575, 0.0, 0.0, 0.0, 1.0],
                [0.985104, -0.024838, 0.170097, 0.191878, 0.170583, 0.018945, -0.985151, 0.244781, 0.021246, 0.999502, 0.0229, 0.753519, 0.0, 0.0, 0.0, 1.0],
                [0.989664, -0.021082, 0.141775, 0.188375, 0.142333, 0.027851, -0.989417, 0.243016, 0.016911, 0.99938, 0.030564, 0.762377, 0.0, 0.0, 0.0, 1.0],
                [0.993283, -0.015937, 0.114521, 0.185029, 0.115003, 0.033649, -0.992785, 0.240552, 0.011969, 0.999297, 0.035256, 0.770782, 0.0, 0.0, 0.0, 1.0],
                [0.995926, -0.010588, 0.08944, 0.18182, 0.089771, 0.036674, -0.995277, 0.237426, 0.007258, 0.999261, 0.037475, 0.777574, 0.0, 0.0, 0.0, 1.0],
                [0.99757, -0.003269, 0.069452, 0.178554, 0.069525, 0.035744, -0.99693, 0.233702, 0.000776, 0.999346, 0.035885, 0.781903, 0.0, 0.0, 0.0, 1.0],
                [0.998708, 0.003105, 0.05053, 0.175307, 0.050414, 0.030113, -0.998264, 0.229548, -0.004622, 0.999532, 0.029917, 0.782356, 0.0, 0.0, 0.0, 1.0],
                [0.999264, 0.006542, 0.037521, 0.172313, 0.037374, 0.021199, -0.999066, 0.22515, -0.007331, 0.999744, 0.020939, 0.779742, 0.0, 0.0, 0.0, 1.0],
                [0.999558, 0.008758, 0.028047, 0.169442, 0.02796, 0.01001, -0.999549, 0.220709, -0.009035, 0.999902, 0.009761, 0.774808, 0.0, 0.0, 0.0, 1.0],
                [0.999706, 0.008969, 0.022084, 0.166782, 0.02209, -0.000573, -0.999746, 0.216408, -0.008954, 0.99995, -0.000771, 0.76892, 0.0, 0.0, 0.0, 1.0],
                [0.999844, 0.007024, 0.015544, 0.164447, 0.015599, -0.007821, -0.999838, 0.212454, -0.006901, 0.999935, -0.007929, 0.763848, 0.0, 0.0, 0.0, 1.0],
                [0.999925, 0.00402, 0.010688, 0.162809, 0.010727, -0.009785, -0.999884, 0.208986, -0.003915, 0.999934, -0.009828, 0.7607, 0.0, 0.0, 0.0, 1.0],
                [0.999966, -0.000634, 0.006884, 0.161827, 0.00688, -0.006038, -0.999948, 0.206122, 0.000676, 0.999972, -0.006034, 0.759752, 0.0, 0.0, 0.0, 1.0],
                [0.999952, -0.00746, 0.004518, 0.161383, 0.004547, 0.003873, -0.999972, 0.20385, 0.007443, 0.999955, 0.003906, 0.761192, 0.0, 0.0, 0.0, 1.0],
                [0.999845, -0.016094, 0.005637, 0.161662, 0.005903, 0.016498, -0.999836, 0.202119, 0.015998, 0.999724, 0.01659, 0.764169, 0.0, 0.0, 0.0, 1.0],
                [0.999574, -0.026988, 0.010217, 0.16271, 0.010973, 0.028022, -0.999537, 0.200838, 0.02669, 0.999233, 0.028307, 0.768161, 0.0, 0.0, 0.0, 1.0],
                [0.999094, -0.038484, 0.017608, 0.164157, 0.018821, 0.031375, -0.99932, 0.199858, 0.037906, 0.998756, 0.032071, 0.771893, 0.0, 0.0, 0.0, 1.0],
                [0.998421, -0.048563, 0.027867, 0.166009, 0.029039, 0.023581, -0.99929, 0.199073, 0.047872, 0.998532, 0.024954, 0.774136, 0.0, 0.0, 0.0, 1.0],
                [0.997673, -0.05416, 0.041159, 0.168026, 0.041538, 0.005882, -0.99911, 0.1984, 0.053871, 0.998505, 0.008118, 0.774121, 0.0, 0.0, 0.0, 1.0],
                [0.996664, -0.055819, 0.05937, 0.169993, 0.058645, -0.01454, -0.998163, 0.197812, 0.05658, 0.998325, -0.011219, 0.771589, 0.0, 0.0, 0.0, 1.0],
                [0.995078, -0.054275, 0.082791, 0.171565, 0.081085, -0.032929, -0.996153, 0.197241, 0.056793, 0.997973, -0.028367, 0.766834, 0.0, 0.0, 0.0, 1.0],
                [0.993121, -0.048994, 0.106257, 0.172264, 0.104037, -0.045829, -0.993507, 0.196596, 0.053546, 0.997737, -0.040417, 0.761231, 0.0, 0.0, 0.0, 1.0],
                [0.990647, -0.040929, 0.130092, 0.171661, 0.127891, -0.052472, -0.990389, 0.195801, 0.047362, 0.997773, -0.046747, 0.756268, 0.0, 0.0, 0.0, 1.0],
                [0.98731, -0.030598, 0.155765, 0.169838, 0.154163, -0.049158, -0.986812, 0.194758, 0.037852, 0.998312, -0.043817, 0.752796, 0.0, 0.0, 0.0, 1.0],
                [0.982955, -0.019801, 0.182722, 0.167052, 0.181886, -0.038002, -0.982575, 0.193378, 0.0264, 0.999071, -0.033754, 0.751226, 0.0, 0.0, 0.0, 1.0],
                [0.979729, -0.011154, 0.199964, 0.163177, 0.199612, -0.026745, -0.9795, 0.191485, 0.016274, 0.99957, -0.023977, 0.751779, 0.0, 0.0, 0.0, 1.0],
                [0.977994, -0.005094, 0.208521, 0.158406, 0.208407, -0.0173, -0.977879, 0.188935, 0.008589, 0.999827, -0.015858, 0.753703, 0.0, 0.0, 0.0, 1.0],
