{
    "animation": [
        {
            "name": "Root",
            "time": [0.0, 0.1667, 0.3333],
            "transform": [
                [0.767869, 0.0, -0.640606, -5e-06, -0.640606, 0.0, -0.767869, 0.000946, 0.0, 1.0, 0.0, 0.701673, 0.0, 0.0, 0.0, 1.0],
                [0.767869, 0.0, -0.640606, -5e-06, -0.640606, 0.0, -0.767869, 0.000946, 0.0, 1.0, 0.0, 0.701673, 0.0, 0.0, 0.0, 1.0],
                [0.767869, 0.0, -0.640606, -5e-06, -0.640606, 0.0, -0.767869, 0.000946, 0.0, 1.0, 0.0, 0.701673, 0.0, 0.0, 0.0, 1.0]
            ]
        },
        {
            "name": "Thigh_R",
            "time": [0.0, 0.1667, 0.3333],
            "transform": [
                [0.727149, 0.458951, 0.510506, 0.165076, 0.208074, -0.856025, 0.473206, -0.002831, 0.654185, -0.237867, -0.717956, 0.027072, 0.0, 0.0, 0.0, 1.0],
                [0.727149, 0.458951, 0.510506, 0.165076, 0.208074, -0.856025, 0.473206, -0.002831, 0.654185, -0.237867, -0.717956, 0.027072, 0.0, 0.0, 0.0, 1.0],
                [0.727149, 0.458951, 0.510506, 0.165076, 0.208074, -0.856025, 0.473206, -0.002831, 0.654185, -0.237867, -0.717956, 0.027072, 0.0, 0.0, 0.0, 1.0]
            ]
        },
        {
            "name": "Leg_R",
            "time": [0.0, 0.1667, 0.3333],
            "transform": [
                [0.999611, -0.019523, -0.019943, -0.0, 0.027145, 0.846076, 0.532371, 0.374726, 0.00648, -0.532706, 0.846276, 0.0, 0.0, 0.0, 0.0, 1.0],
                [0.999611, -0.019523, -0.019943, -0.0, 0.027145, 0.846076, 0.532371, 0.374726, 0.00648, -0.532706, 0.846276, 0.0, 0.0, 0.0, 0.0, 1.0],
                [0.999611, -0.019523, -0.019943, -0.0, 0.027145, 0.846076, 0.532371, 0.374726, 0.00648, -0.532706, 0.846276, 0.0, 0.0, 0.0, 0.0, 1.0]
            ]
        },
        {
            "name": "Knee_R",
            "time": [0.0, 0.1667, 0.3333],
            "transform": [
                [0.998644, -0.041467, 0.031483, -0.0, 0.00345, -0.550668, -0.834717, 0.486932, 0.05195, 0.833694, -0.549778, -0.001311, 0.0, 0.0, 0.0, 1.0],
                [0.998644, -0.041467, 0.031483, -0.0, 0.00345, -0.550668, -0.834717, 0.486932, 0.05195, 0.833694, -0.549778, -0.001311, 0.0, 0.0, 0.0, 1.0],
                [0.998644, -0.041467, 0.031483, -0.0, 0.00345, -0.550668, -0.834717, 0.486932, 0.05195, 0.833694, -0.549778, -0.001311, 0.0, 0.0, 0.0, 1.0]
            ]
        },
        {
            "name": "Thigh_L",
            "time": [0.0, 0.1667, 0.3333],
            "transform": [
                [0.723852, -0.530474, -0.441174, -0.18239, -0.179834, -0.762382, 0.621638, -0.050262, -0.666106, -0.370636, -0.647249, -0.00015, 0.0, 0.0, 0.0, 1.0],
                [0.723852, -0.530474, -0.441174, -0.18239, -0.179834, -0.762382, 0.621638, -0.050262, -0.666106, -0.370636, -0.647249, -0.00015, 0.0, 0.0, 0.0, 1.0],
                [0.723852, -0.530474, -0.441174, -0.18239, -0.179834, -0.762382, 0.621638, -0.050262, -0.666106, -0.370636, -0.647249, -0.00015, 0.0, 0.0, 0.0, 1.0]
            ]
        },
        {
            "name": "Leg_L",
            "time": [0.0, 0.1667, 0.3333],
            "transform": [
                [0.998725, 0.043822, -0.025071, -0.0, -0.025332, 0.864513, 0.501972, 0.374726, 0.043672, -0.500696, 0.864521, 0.0, 0.0, 0.0, 0.0, 1.0],
                [0.998725, 0.043822, -0.025071, -0.0, -0.025332, 0.864513, 0.501972, 0.374726, 0.043672, -0.500696, 0.864521, 0.0, 0.0, 0.0, 0.0, 1.0],
                [0.998725, 0.043822, -0.025071, -0.0, -0.025332, 0.864513, 0.501972, 0.374726, 0.043672, -0.500696, 0.864521, 0.0, 0.0, 0.0, 0.0, 1.0]
            ]
        },
        {
            "name": "Knee_L",
            "time": [0.0, 0.1667, 0.3333],
            "transform": [
                [0.995463, 0.006853, 0.094903, -0.0, 0.089334, -0.410661, -0.907401, 0.459884, 0.032754, 0.911762, -0.40941, -0.004006, 0.0, 0.0, 0.0, 1.0],
                [0.995463, 0.006853, 0.094903, -0.0, 0.089334, -0.410661, -0.907401, 0.459884, 0.032754, 0.911762, -0.40941, -0.004006, 0.0, 0.0, 0.0, 1.0],
                [0.995463, 0.006853, 0.094903, -0.0, 0.089334, -0.410661, -0.907401, 0.459884, 0.032754, 0.911762, -0.40941, -0.004006, 0.0, 0.0, 0.0, 1.0]
            ]
        },
        {
            "name": "Torso",
            "time": [0.0, 0.1667, 0.3333],
            "transform": [
                [1.0, 0.0, 0.0, -0.0, 0.0, 1.0, 0.0, 0.05, -0.0, 0.0, 1.0, 0.0, 0.0, 0.0, 0.0, 1.0],
                [1.0, 0.0, 0.0, -0.0, 0.0, 1.0, 0.0, 0.05, -0.0, 0.0, 1.0, 0.0, 0.0, 0.0, 0.0, 1.0],
                [1.0, 0.0, 0.0, -0.0, 0.0, 1.0, 0.0, 0.05, -0.0, 0.0, 1.0, 0.0, 0.0, 0.0, 0.0, 1.0]
            ]
        },
        {
            "name": "Chest",
            "time": [0.0, 0.1667, 0.3333],
            "transform": [
                [0.999983, 0.005752, 0.000708, -0.0, -0.005683, 0.949487, 0.313755, 0.3, 0.001133, -0.313754, 0.949504, 0.0, 0.0, 0.0, 0.0, 1.0],
                [0.971637, -0.230846, -0.051306, -0.0, 0.235177, 0.966006, 0.107347, 0.3, 0.024781, -0.116369, 0.992897, 0.0, 0.0, 0.0, 0.0, 1.0],
                [0.999983, 0.005752, 0.000708, -0.0, -0.005683, 0.949487, 0.313755, 0.3, 0.001133, -0.313754, 0.949504, 0.0, 0.0, 0.0, 0.0, 1.0]
            ]
        },
        {
            "name": "Head",
            "time": [0.0, 0.1667, 0.3333],
            "transform": [
                [0.719438, 0.342082, 0.604474, 0.0, -0.498799, 0.860097, 0.106922, 0.4, -0.48333, -0.378434, 0.789417, -0.0, 0.0, 0.0, 0.0, 1.0],
                [0.634853, -0.695411, 0.336697, -0.0, 0.77262, 0.568861, -0.281878, 0.4, 0.004488, 0.43909, 0.898432, 0.0, 0.0, 0.0, 0.0, 1.0],
                [0.719438, 0.342082, 0.604474, 0.0, -0.498799, 0.860097, 0.106922, 0.4, -0.48333, -0.378434, 0.789417, -0.0, 0.0, 0.0, 0.0, 1.0]
            ]
        },
        {
            "name": "Shoulder_R",
            "time": [0.0, 0.1667, 0.3333],
            "transform": [
                [0.676507, 0.731555, 0.084647, 0.0, 0.00564, -0.120084, 0.992748, 0.4, 0.736415, -0.671123, -0.085363, -0.0, 0.0, 0.0, 0.0, 1.0],
                [0.676507, 0.731555, 0.084647, -0.0, 0.00564, -0.120084, 0.992748, 0.4, 0.736415, -0.671123, -0.085363, 0.0, 0.0, 0.0, 0.0, 1.0],
                [0.676507, 0.731555, 0.084647, 0.0, 0.00564, -0.120084, 0.992748, 0.4, 0.736415, -0.671123, -0.085363, -0.0, 0.0, 0.0, 0.0, 1.0]
            ]
        },
        {
            "name": "Arm_R",
            "time": [0.0, 0.1667, 0.3333],
            "transform": [
                [-0.211566, -0.77487, -0.595665, -0.0, 0.863637, 0.137114, -0.485109, 0.393861, 0.45757, -0.617071, 0.640198, -0.0, 0.0, 0.0, 0.0, 1.0],
                [-0.211566, -0.77487, -0.595665, -0.0, 0.863637, 0.137114, -0.485109, 0.39386, 0.45757, -0.617071, 0.640198, 0.0, 0.0, 0.0, 0.0, 1.0],
                [-0.211566, -0.77487, -0.595665, -0.0, 0.863637, 0.137114, -0.485109, 0.393861, 0.45757, -0.617071, 0.640198, -0.0, 0.0, 0.0, 0.0, 1.0]
            ]
        },
        {
            "name": "Hand_R",
            "time": [0.0, 0.1667, 0.3333],
            "transform": [
                [0.942109, 0.078067, 0.326093, -0.0, 0.324443, 0.033322, -0.945318, 0.300003, -0.084665, 0.996391, 0.006065, 0.0, 0.0, 0.0, 0.0, 1.0],
                [0.942109, 0.078067, 0.326093, -0.0, 0.324443, 0.033322, -0.945318, 0.300002, -0.084665, 0.996391, 0.006065, 0.0, 0.0, 0.0, 0.0, 1.0],
                [0.942109, 0.078067, 0.326093, -0.0, 0.324443, 0.033322, -0.945318, 0.300003, -0.084665, 0.996391, 0.006065, 0.0, 0.0, 0.0, 0.0, 1.0]
            ]
        },
        {
            "name": "Tool_R",
            "time": [0.0, 0.3333],
            "transform": [
                [0.0, 0.0, 0.0, 0.0, 0.0, 0.0, 0.0, 0.272858, 0.0, 0.0, 0.0, -0.0, 0.0, 0.0, 0.0, 1.0],
                [0.0, 0.0, 0.0, 0.0, 0.0, 0.0, 0.0, 0.272858, 0.0, 0.0, 0.0, -0.0, 0.0, 0.0, 0.0, 1.0]
            ]
        },
        {
            "name": "Elbow_R",
            "time": [0.0, 0.1667, 0.3333],
            "transform": [
                [-1.0, -0.0, 0.0, -4.9e-05, 0.0, -0.0, -1.0, 0.370249, -0.0, -1.0, 0.0, 0.000652, 0.0, 0.0, 0.0, 1.0],
                [-1.0, -0.0, 0.0, -4.9e-05, 0.0, -0.0, -1.0, 0.370249, 0.0, -1.0, -0.0, 0.000652, 0.0, 0.0, 0.0, 1.0],
                [-1.0, -0.0, 0.0, -4.9e-05, 0.0, -0.0, -1.0, 0.370249, -0.0, -1.0, 0.0, 0.000652, 0.0, 0.0, 0.0, 1.0]
            ]
        },
        {
            "name": "Shoulder_L",
            "time": [0.0, 0.1667, 0.3333],
            "transform": [
                [0.040466, -0.954373, -0.295862, 0.0, -0.003772, -0.296249, 0.955103, 0.4, -0.999174, -0.037533, -0.015588, -0.0, 0.0, 0.0, 0.0, 1.0],
                [0.040466, -0.954373, -0.295862, -0.0, -0.003772, -0.296249, 0.955103, 0.4, -0.999174, -0.037533, -0.015588, 0.0, 0.0, 0.0, 0.0, 1.0],
                [0.040466, -0.954373, -0.295862, 0.0, -0.003772, -0.296249, 0.955103, 0.4, -0.999174, -0.037533, -0.015588, -0.0, 0.0, 0.0, 0.0, 1.0]
            ]
        },
        {
            "name": "Arm_L",
            "time": [0.0, 0.1667, 0.3333],
            "transform": [
                [0.218909, 0.941185, 0.257391, 0.0, -0.968258, 0.176918, 0.176569, 0.39386, 0.120647, -0.287874, 0.950038, -0.0, 0.0, 0.0, 0.0, 1.0],
                [0.218909, 0.941185, 0.257391, 0.0, -0.968258, 0.176918, 0.176569, 0.39386, 0.120647, -0.287874, 0.950038, 0.0, 0.0, 0.0, 0.0, 1.0],
                [0.218909, 0.941185, 0.257391, 0.0, -0.968258, 0.176918, 0.176569, 0.39386, 0.120647, -0.287874, 0.950038, -0.0, 0.0, 0.0, 0.0, 1.0]
            ]
        },
        {
            "name": "Hand_L",
            "time": [0.0, 0.1667, 0.3333],
            "transform": [
                [0.219317, 0.723569, -0.654484, -0.0, -0.855106, -0.180447, -0.48604, 0.300002, -0.469783, 0.666249, 0.579153, -0.0, 0.0, 0.0, 0.0, 1.0],
                [0.219317, 0.72357, -0.654483, 0.0, -0.855106, -0.180447, -0.48604, 0.300003, -0.469782, 0.666249, 0.579153, -0.0, 0.0, 0.0, 0.0, 1.0],
                [0.219317, 0.723569, -0.654484, -0.0, -0.855106, -0.180447, -0.48604, 0.300002, -0.469783, 0.666249, 0.579153, -0.0, 0.0, 0.0, 0.0, 1.0]
            ]
        },
        {
            "name": "Tool_L",
            "time": [0.0, 0.3333],
            "transform": [
                [0.0, 0.0, 0.0, 0.0, 0.0, 0.0, 0.0, 0.272858, 0.0, 0.0, 0.0, 0.0, 0.0, 0.0, 0.0, 1.0],
                [0.0, 0.0, 0.0, 0.0, 0.0, 0.0, 0.0, 0.272858, 0.0, 0.0, 0.0, 0.0, 0.0, 0.0, 0.0, 1.0]
            ]
        },
        {
            "name": "Elbow_L",
            "time": [0.0, 0.1667, 0.3333],
            "transform": [
                [-1.0, 0.0, 0.0, -0.000104, -0.0, 0.0, -1.0, 0.367344, 0.0, -1.0, -0.0, 7.1e-05, 0.0, 0.0, 0.0, 1.0],
                [-1.0, 0.0, -0.0, -0.000104, 0.0, 0.0, -1.0, 0.367344, 0.0, -1.0, -0.0, 7.2e-05, 0.0, 0.0, 0.0, 1.0],
                [-1.0, 0.0, 0.0, -0.000104, -0.0, 0.0, -1.0, 0.367344, 0.0, -1.0, -0.0, 7.1e-05, 0.0, 0.0, 0.0, 1.0]
            ]
        }
    ]
}