{
    "animation": [
        {
            "name": "Root",
            "time": [0.0333, 0.0667, 0.1, 0.1333, 0.1667, 0.2, 0.2333, 0.2667, 0.3, 0.3333, 0.3667, 0.4, 0.4333, 0.4667, 0.5, 0.5333, 0.5667, 0.6, 0.6333, 0.6667, 0.7, 0.7333, 0.7667, 0.8, 0.8333, 0.8667, 0.9, 0.9333, 0.9667, 1.0, 1.0333, 1.0667, 1.1, 1.1333, 1.1667, 1.2, 1.2333, 1.2667, 1.3, 1.3333, 1.3667, 1.4, 1.4333, 1.4667, 1.5, 1.5333, 1.5667, 1.6, 1.6333, 1.6667, 1.7, 1.7333, 1.7667, 1.8, 1.8333, 1.8667, 1.9, 1.9333, 1.9667, 2.0, 2.0333, 2.0667, 2.1, 2.1333, 2.1667, 2.2, 2.2333, 2.2667, 2.3, 2.3333, 2.3667, 2.4, 2.4333, 2.4667, 2.5, 2.5333, 2.5667, 2.6, 2.6333, 2.6667, 2.7, 2.7333, 2.7667, 2.8, 2.8333, 2.8667, 2.9, 2.9333, 2.9667, 3.0, 3.0333, 3.0667, 3.1, 3.1333, 3.1667, 3.2, 3.2333, 3.2667, 3.3, 3.3333, 3.3667, 3.4, 3.4333, 3.4667, 3.5, 3.5333, 3.5667, 3.6, 3.6333, 3.6667, 3.7, 3.7333, 3.7667, 3.8, 3.8333, 3.8667, 3.9, 3.9333, 3.9667, 4.0, 4.0333, 4.0667, 4.1, 4.1333, 4.1667, 4.2, 4.2333, 4.2667, 4.3, 4.3333, 4.3667, 4.4, 4.4333, 4.4667, 4.5, 4.5333, 4.5667, 4.6, 4.6333, 4.6667, 4.7, 4.7333, 4.7667, 4.8, 4.8333, 4.8667, 4.9, 4.9333, 4.9667, 5.0, 5.0333, 5.0667, 5.1, 5.1333, 5.2, 5.2667, 5.3667, 5.4667, 5.5, 5.5333, 5.5667, 5.6, 5.6333, 5.6667, 5.7333, 5.7667, 5.8, 5.8333, 5.8667, 5.9, 5.9667, 6.0, 6.0333, 6.0667, 6.1, 6.1333, 6.1667, 6.2, 6.2333, 6.3, 6.3333, 6.4, 6.4333, 6.4667, 6.5, 6.5333, 6.5667, 6.6, 6.6333, 6.7333, 6.7667, 6.8, 6.8333, 6.8667, 6.9, 6.9333, 6.9667, 7.0, 7.0333, 7.0667, 7.1, 7.1333, 7.1667, 7.2, 7.2333, 7.2667, 7.3, 7.3333, 7.3667, 7.4, 7.4333, 7.4667, 7.5, 7.5333, 7.5667, 7.6, 7.6333, 7.6667, 7.7, 7.7333, 7.7667, 7.8, 7.8333, 7.8667, 7.9, 7.9333, 8.0333, 0.0, 8.0667],
            "transform": [
                [0.76935, 0.086875, 0.632877, 0.071938, 0.630184, 0.059066, -0.774183, 0.167307, -0.10464, 0.994457, -0.009305, 0.738718, 0.0, 0.0, 0.0, 1.0],
                [0.76935, 0.086875, 0.632877, 0.071938, 0.630184, 0.059066, -0.774183, 0.167307, -0.10464, 0.994457, -0.009305, 0.738718, 0.0, 0.0, 0.0, 1.0],
                [0.785843, 0.103743, 0.609646, 0.07016, 0.606012, 0.067224, -0.792597, 0.129128, -0.12321, 0.99232, -0.010042, 0.725442, 0.0, 0.0, 0.0, 1.0],
                [0.786097, 0.121506, 0.606026, 0.070134, 0.60083, 0.079844, -0.795366, 0.097376, -0.145031, 0.989364, -0.01024, 0.718017, 0.0, 0.0, 0.0, 1.0],
                [0.78106, 0.13871, 0.608838, 0.07172, 0.602378, 0.089507, -0.793164, 0.05791, -0.164517, 0.98627, -0.013646, 0.713562, 0.0, 0.0, 0.0, 1.0],
                [0.792308, 0.092707, 0.603021, 0.07136, 0.599729, 0.063162, -0.797694, 0.032908, -0.112041, 0.993678, -0.005555, 0.71096, 0.0, 0.0, 0.0, 1.0],
                [0.795895, 0.066518, 0.601753, 0.068868, 0.600724, 0.036763, -0.798598, 0.02362, -0.075245, 0.997097, -0.0107, 0.708669, 0.0, 0.0, 0.0, 1.0],
                [0.792255, 0.070784, 0.606054, 0.067209, 0.605726, 0.028465, -0.795151, 0.000137, -0.073536, 0.997075, -0.020324, 0.707011, 0.0, 0.0, 0.0, 1.0],
                [0.79099, 0.083134, 0.606138, 0.06525, 0.605662, 0.033717, -0.794995, -0.02658, -0.086529, 0.995958, -0.023682, 0.706821, 0.0, 0.0, 0.0, 1.0],
                [0.790233, 0.103802, 0.603934, 0.062517, 0.602369, 0.049401, -0.796675, -0.040214, -0.112532, 0.99336, -0.023489, 0.709141, 0.0, 0.0, 0.0, 1.0],
                [0.79295, 0.133246, 0.594522, 0.059818, 0.589611, 0.078057, -0.803894, -0.044052, -0.153524, 0.987994, -0.016668, 0.713582, 0.0, 0.0, 0.0, 1.0],
                [0.810375, 0.126411, 0.572095, 0.058878, 0.565437, 0.08703, -0.820175, -0.049678, -0.15347, 0.988143, -0.00095, 0.719877, 0.0, 0.0, 0.0, 1.0],
                [0.833425, 0.105301, 0.542489, 0.060483, 0.53614, 0.083839, -0.839944, -0.060507, -0.13393, 0.99089, 0.013417, 0.72615, 0.0, 0.0, 0.0, 1.0],
                [0.855015, 0.095876, 0.509645, 0.063168, 0.50368, 0.080382, -0.860131, -0.07241, -0.123434, 0.992132, 0.020437, 0.731044, 0.0, 0.0, 0.0, 1.0],
                [0.874529, 0.093545, 0.475844, 0.064462, 0.470613, 0.073138, -0.879292, -0.080842, -0.117057, 0.992915, 0.019938, 0.733494, 0.0, 0.0, 0.0, 1.0],
                [0.892758, 0.091235, 0.44118, 0.064583, 0.437194, 0.060916, -0.897291, -0.082034, -0.10874, 0.993954, 0.014496, 0.734105, 0.0, 0.0, 0.0, 1.0],
                [0.907696, 0.091019, 0.409615, 0.065406, 0.406197, 0.054199, -0.912166, -0.084096, -0.105226, 0.994363, 0.012225, 0.733234, 0.0, 0.0, 0.0, 1.0],
                [0.918508, 0.089889, 0.385024, 0.067228, 0.381807, 0.051283, -0.922807, -0.083153, -0.102697, 0.994621, 0.012783, 0.733217, 0.0, 0.0, 0.0, 1.0],
                [0.926901, 0.08279, 0.366033, 0.070827, 0.363145, 0.048145, -0.930477, -0.085468, -0.094658, 0.995393, 0.014561, 0.734609, 0.0, 0.0, 0.0, 1.0],
                [0.933121, 0.080981, 0.350296, 0.07573, 0.347026, 0.051889, -0.936408, -0.088252, -0.094008, 0.995354, 0.020317, 0.736681, 0.0, 0.0, 0.0, 1.0],
                [0.939683, 0.074434, 0.333818, 0.08198, 0.330203, 0.056864, -0.942185, -0.093665, -0.089114, 0.995593, 0.028857, 0.739679, 0.0, 0.0, 0.0, 1.0],
                [0.943144, 0.067888, 0.325348, 0.088971, 0.321856, 0.057544, -0.945028, -0.097352, -0.082879, 0.996022, 0.032423, 0.741995, 0.0, 0.0, 0.0, 1.0],
                [0.946183, 0.063539, 0.317302, 0.095949, 0.313703, 0.060558, -0.947578, -0.093958, -0.079424, 0.99613, 0.037367, 0.743873, 0.0, 0.0, 0.0, 1.0],
                [0.948365, 0.061862, 0.311058, 0.104852, 0.307132, 0.06541, -0.949406, -0.093678, -0.079079, 0.995929, 0.043033, 0.744756, 0.0, 0.0, 0.0, 1.0],
                [0.948563, 0.059423, 0.310931, 0.114078, 0.306801, 0.069412, -0.949229, -0.089649, -0.077989, 0.995807, 0.047611, 0.745561, 0.0, 0.0, 0.0, 1.0],
                [0.948213, 0.057719, 0.312315, 0.123598, 0.307779, 0.075699, -0.948431, -0.087206, -0.078385, 0.995449, 0.054014, 0.746121, 0.0, 0.0, 0.0, 1.0],
                [0.946701, 0.056145, 0.317152, 0.132598, 0.312252, 0.081442, -0.946491, -0.079154, -0.078971, 0.995085, 0.05957, 0.746338, 0.0, 0.0, 0.0, 1.0],
                [0.944707, 0.056531, 0.322976, 0.142106, 0.317267, 0.091041, -0.943945, -0.075037, -0.082767, 0.994231, 0.068072, 0.745911, 0.0, 0.0, 0.0, 1.0],
                [0.943493, 0.0494, 0.327659, 0.149724, 0.321928, 0.09762, -0.941707, -0.068093, -0.078507, 0.993987, 0.076201, 0.74406, 0.0, 0.0, 0.0, 1.0],
                [0.944945, 0.038896, 0.324879, 0.154954, 0.319977, 0.09762, -0.942372, -0.057436, -0.06837, 0.994453, 0.0798, 0.740649, 0.0, 0.0, 0.0, 1.0],
                [0.949045, 0.029032, 0.313768, 0.158921, 0.309874, 0.094751, -0.946034, -0.049466, -0.057196, 0.995068, 0.080928, 0.73653, 0.0, 0.0, 0.0, 1.0],
                [0.9558, 0.023236, 0.293064, 0.159965, 0.289983, 0.089386, -0.952838, -0.04026, -0.048337, 0.995716, 0.078698, 0.731386, 0.0, 0.0, 0.0, 1.0],
                [0.964559, 0.020981, 0.262992, 0.158279, 0.260435, 0.083639, -0.961851, -0.028859, -0.042177, 0.996265, 0.075212, 0.726114, 0.0, 0.0, 0.0, 1.0],
                [0.974505, 0.021847, 0.223253, 0.15449, 0.220935, 0.078747, -0.972094, -0.022291, -0.038818, 0.996645, 0.071914, 0.721192, 0.0, 0.0, 0.0, 1.0],
                [0.982811, 0.02414, 0.182976, 0.148473, 0.180698, 0.075934, -0.980593, -0.016631, -0.037566, 0.996811, 0.070268, 0.717937, 0.0, 0.0, 0.0, 1.0],
                [0.989003, 0.027619, 0.145223, 0.141595, 0.142819, 0.074998, -0.986893, -0.011961, -0.038149, 0.996791, 0.07023, 0.716984, 0.0, 0.0, 0.0, 1.0],
                [0.993136, 0.031424, 0.11258, 0.134898, 0.109884, 0.07728, -0.990925, -0.008331, -0.03984, 0.996504, 0.073297, 0.71796, 0.0, 0.0, 0.0, 1.0],
                [0.995719, 0.034351, 0.085689, 0.128158, 0.08256, 0.083991, -0.99303, -0.005754, -0.04131, 0.995864, 0.080796, 0.720893, 0.0, 0.0, 0.0, 1.0],
                [0.997383, 0.035989, 0.062545, 0.121272, 0.058955, 0.093385, -0.993873, -0.004202, -0.04161, 0.994969, 0.091019, 0.724452, 0.0, 0.0, 0.0, 1.0],
                [0.998365, 0.035349, 0.044704, 0.11441, 0.040929, 0.10112, -0.994022, -0.00351, -0.039658, 0.994236, 0.099509, 0.72865, 0.0, 0.0, 0.0, 1.0],
                [0.998998, 0.031394, 0.031587, 0.106918, 0.027968, 0.109674, -0.993564, -0.003564, -0.034657, 0.993462, 0.108687, 0.733251, 0.0, 0.0, 0.0, 1.0],
                [0.999324, 0.025469, 0.02613, 0.099408, 0.02303, 0.115209, -0.993064, -0.004139, -0.028303, 0.993005, 0.114545, 0.737934, 0.0, 0.0, 0.0, 1.0],
                [0.999408, 0.01842, 0.028718, 0.090942, 0.026343, 0.118291, -0.992619, -0.005221, -0.021681, 0.992798, 0.117737, 0.74231, 0.0, 0.0, 0.0, 1.0],
                [0.999071, 0.009899, 0.041697, 0.082147, 0.040266, 0.116267, -0.992391, -0.00664, -0.014672, 0.993159, 0.115762, 0.745722, 0.0, 0.0, 0.0, 1.0],
                [0.997908, 0.004405, 0.064347, 0.073186, 0.063464, 0.110828, -0.991801, -0.008287, -0.011501, 0.99382, 0.110317, 0.747853, 0.0, 0.0, 0.0, 1.0],
                [0.995817, 0.000743, 0.091261, 0.064933, 0.090687, 0.104246, -0.990398, -0.010069, -0.01025, 0.994541, 0.103743, 0.748413, 0.0, 0.0, 0.0, 1.0],
                [0.99232, 0.001267, 0.123609, 0.057029, 0.122955, 0.093136, -0.988022, -0.012142, -0.012764, 0.995643, 0.092265, 0.747241, 0.0, 0.0, 0.0, 1.0],
                [0.986969, 0.009636, 0.160557, 0.050241, 0.15926, 0.081285, -0.983874, -0.014474, -0.022532, 0.996634, 0.078692, 0.7448, 0.0, 0.0, 0.0, 1.0],
                [0.979524, 0.021242, 0.200153, 0.045147, 0.198123, 0.073602, -0.9774, -0.017095, -0.035494, 0.997051, 0.067887, 0.741419, 0.0, 0.0, 0.0, 1.0],
                [0.970583, 0.033298, 0.238412, 0.042174, 0.23562, 0.071496, -0.969201, -0.020081, -0.049318, 0.996875, 0.061548, 0.738665, 0.0, 0.0, 0.0, 1.0],
                [0.960133, 0.045847, 0.275721, 0.042149, 0.271843, 0.076237, -0.959307, -0.023458, -0.065002, 0.996025, 0.060735, 0.736567, 0.0, 0.0, 0.0, 1.0],
                [0.948317, 0.056771, 0.312174, 0.045278, 0.306738, 0.087629, -0.947741, -0.027391, -0.08116, 0.994524, 0.065687, 0.73543, 0.0, 0.0, 0.0, 1.0],
                [0.938647, 0.065594, 0.338554, 0.050752, 0.331173, 0.102275, -0.938, -0.032191, -0.096153, 0.992581, 0.074278, 0.734665, 0.0, 0.0, 0.0, 1.0],
                [0.933204, 0.072261, 0.351979, 0.058573, 0.342908, 0.113566, -0.932468, -0.037958, -0.107355, 0.990889, 0.081202, 0.733659, 0.0, 0.0, 0.0, 1.0],
                [0.931652, 0.084534, 0.353352, 0.067916, 0.34288, 0.117058, -0.932046, -0.04468, -0.120154, 0.989511, 0.080073, 0.732092, 0.0, 0.0, 0.0, 1.0],
                [0.936981, 0.099229, 0.334962, 0.077461, 0.323103, 0.118488, -0.938906, -0.052567, -0.132857, 0.987975, 0.07896, 0.729764, 0.0, 0.0, 0.0, 1.0],
                [0.947805, 0.112805, 0.298196, 0.086194, 0.286021, 0.112339, -0.951605, -0.061385, -0.140846, 0.987236, 0.074212, 0.726445, 0.0, 0.0, 0.0, 1.0],
                [0.960038, 0.121817, 0.251928, 0.092731, 0.240096, 0.103854, -0.965167, -0.071115, -0.143739, 0.987094, 0.070457, 0.722088, 0.0, 0.0, 0.0, 1.0],
                [0.97131, 0.129711, 0.199279, 0.096169, 0.188874, 0.088228, -0.97802, -0.081576, -0.144444, 0.987609, 0.061198, 0.716797, 0.0, 0.0, 0.0, 1.0],
                [0.978799, 0.135468, 0.153562, 0.096664, 0.145158, 0.06993, -0.986924, -0.092301, -0.144437, 0.988301, 0.048784, 0.710997, 0.0, 0.0, 0.0, 1.0],
                [0.983885, 0.140987, 0.109876, 0.094833, 0.1028, 0.056553, -0.993083, -0.102852, -0.146228, 0.988385, 0.041149, 0.706083, 0.0, 0.0, 0.0, 1.0],
                [0.987523, 0.138152, 0.075449, 0.090585, 0.069465, 0.047643, -0.996436, -0.112839, -0.141255, 0.989254, 0.037453, 0.702871, 0.0, 0.0, 0.0, 1.0],
                [0.990109, 0.131966, 0.047431, 0.084279, 0.041865, 0.044637, -0.998116, -0.121883, -0.133836, 0.990239, 0.038671, 0.70214, 0.0, 0.0, 0.0, 1.0],
                [0.992044, 0.123953, 0.021534, 0.076492, 0.015726, 0.04765, -0.99873, -0.129707, -0.124823, 0.991133, 0.045322, 0.703652, 0.0, 0.0, 0.0, 1.0],
                [0.993237, 0.115996, -0.002313, 0.067668, -0.008828, 0.055684, -0.998399, -0.136044, -0.115683, 0.991677, 0.056332, 0.706572, 0.0, 0.0, 0.0, 1.0],
                [0.99407, 0.106096, -0.02342, 0.05768, -0.030429, 0.06493, -0.997416, -0.140882, -0.104302, 0.992224, 0.067774, 0.709969, 0.0, 0.0, 0.0, 1.0],
                [0.994967, 0.09149, -0.040616, 0.046556, -0.047391, 0.073143, -0.996185, -0.144265, -0.088171, 0.993106, 0.077111, 0.714034, 0.0, 0.0, 0.0, 1.0],
                [0.996159, 0.073022, -0.048116, 0.034797, -0.053865, 0.078914, -0.995415, -0.146189, -0.06889, 0.994193, 0.082545, 0.718291, 0.0, 0.0, 0.0, 1.0],
                [0.997351, 0.055633, -0.046654, 0.022806, -0.051077, 0.080931, -0.9954, -0.146838, -0.051602, 0.995156, 0.083559, 0.722642, 0.0, 0.0, 0.0, 1.0],
                [0.998671, 0.040834, -0.031111, 0.011372, -0.034316, 0.080279, -0.996171, -0.146272, -0.038181, 0.995926, 0.081575, 0.726399, 0.0, 0.0, 0.0, 1.0],
                [0.999598, 0.02798, -0.000628, 0.001065, -0.002714, 0.074575, -0.997202, -0.144856, -0.027855, 0.996813, 0.074621, 0.728962, 0.0, 0.0, 0.0, 1.0],
                [0.999113, 0.01436, 0.039332, -0.007807, 0.038269, 0.068028, -0.996939, -0.14282, -0.016992, 0.99757, 0.067418, 0.729645, 0.0, 0.0, 0.0, 1.0],
                [0.996248, 0.002711, 0.08639, -0.014674, 0.086075, 0.05967, -0.99449, -0.140522, -0.007851, 0.998204, 0.059213, 0.728562, 0.0, 0.0, 0.0, 1.0],
                [0.990113, -0.004423, 0.140134, -0.018452, 0.140174, 0.051905, -0.988755, -0.138184, -0.0029, 0.998632, 0.052012, 0.725821, 0.0, 0.0, 0.0, 1.0],
                [0.9803, -0.009521, 0.197236, -0.020265, 0.197465, 0.045662, -0.979236, -0.136317, 0.000317, 0.998902, 0.046643, 0.722238, 0.0, 0.0, 0.0, 1.0],
                [0.968559, -0.011473, 0.24848, -0.019713, 0.248744, 0.042025, -0.967647, -0.135136, 0.000659, 0.999041, 0.043557, 0.719119, 0.0, 0.0, 0.0, 1.0],
                [0.95563, -0.009712, 0.294376, -0.016443, 0.294522, 0.041409, -0.954737, -0.134761, -0.002918, 0.999085, 0.042432, 0.717204, 0.0, 0.0, 0.0, 1.0],
                [0.942707, -0.004569, 0.33356, -0.010017, 0.333427, 0.044351, -0.941722, -0.135358, -0.010491, 0.998996, 0.043334, 0.717193, 0.0, 0.0, 0.0, 1.0],
                [0.930269, 0.001926, 0.366846, -0.000184, 0.3663, 0.049897, -0.929147, -0.136979, -0.020094, 0.998742, 0.045712, 0.71953, 0.0, 0.0, 0.0, 1.0],
                [0.919406, 0.009821, 0.393162, 0.012617, 0.391993, 0.058079, -0.918122, -0.139604, -0.031852, 0.998254, 0.049548, 0.723522, 0.0, 0.0, 0.0, 1.0],
                [0.910669, 0.01963, 0.412646, 0.02852, 0.410744, 0.0638, -0.909505, -0.143068, -0.04418, 0.99776, 0.050038, 0.728044, 0.0, 0.0, 0.0, 1.0],
                [0.904401, 0.036358, 0.425109, 0.047003, 0.422549, 0.061667, -0.904229, -0.147163, -0.059091, 0.997424, 0.040409, 0.732166, 0.0, 0.0, 0.0, 1.0],
                [0.901147, 0.053826, 0.430137, 0.066704, 0.427207, 0.058072, -0.902276, -0.151728, -0.073545, 0.99685, 0.029336, 0.734705, 0.0, 0.0, 0.0, 1.0],
                [0.901831, 0.073613, 0.425748, 0.086454, 0.423298, 0.046965, -0.904761, -0.156687, -0.086598, 0.99617, 0.011194, 0.735924, 0.0, 0.0, 0.0, 1.0],
                [0.904416, 0.092483, 0.416483, 0.104246, 0.415879, 0.026632, -0.909019, -0.162039, -0.095161, 0.995348, -0.014375, 0.735157, 0.0, 0.0, 0.0, 1.0],
                [0.909227, 0.105428, 0.402705, 0.119074, 0.404452, 0.005207, -0.914533, -0.167667, -0.098515, 0.994403, -0.037907, 0.732301, 0.0, 0.0, 0.0, 1.0],
                [0.916194, 0.110137, 0.385277, 0.12981, 0.388544, -0.009056, -0.921375, -0.173302, -0.097989, 0.993865, -0.05109, 0.726528, 0.0, 0.0, 0.0, 1.0],
                [0.924673, 0.11083, 0.364249, 0.136253, 0.369068, -0.025886, -0.929031, -0.176267, -0.093537, 0.993492, -0.064841, 0.718859, 0.0, 0.0, 0.0, 1.0],
                [0.933538, 0.101806, 0.34369, 0.138045, 0.348232, -0.030271, -0.936909, -0.184812, -0.08498, 0.994334, -0.063712, 0.708872, 0.0, 0.0, 0.0, 1.0],
                [0.942113, 0.089065, 0.323219, 0.135452, 0.326715, -0.027554, -0.94471, -0.190308, -0.075235, 0.995635, -0.055059, 0.697574, 0.0, 0.0, 0.0, 1.0],
                [0.950304, 0.073134, 0.302578, 0.12942, 0.304561, -0.01741, -0.952323, -0.19532, -0.06438, 0.99716, -0.038819, 0.68586, 0.0, 0.0, 0.0, 1.0],
                [0.957025, 0.058102, 0.284091, 0.12099, 0.284527, 0.000796, -0.958657, -0.21449, -0.055927, 0.9983, -0.01577, 0.67548, 0.0, 0.0, 0.0, 1.0],
                [0.961841, 0.044837, 0.269872, 0.111251, 0.269326, 0.017907, -0.962872, -0.219144, -0.048005, 0.998824, 0.005148, 0.667843, 0.0, 0.0, 0.0, 1.0],
                [0.966707, 0.032493, 0.253775, 0.101933, 0.252752, 0.032517, -0.966974, -0.20546, -0.039673, 0.998933, 0.023222, 0.663923, 0.0, 0.0, 0.0, 1.0],
                [0.970984, 0.02117, 0.238164, 0.094087, 0.236994, 0.046801, -0.970373, -0.206448, -0.03169, 0.99867, 0.040426, 0.663857, 0.0, 0.0, 0.0, 1.0],
                [0.973752, 0.011765, 0.227263, 0.087742, 0.226302, 0.055112, -0.972487, -0.206252, -0.023966, 0.998401, 0.051003, 0.668072, 0.0, 0.0, 0.0, 1.0],
                [0.975333, 0.004101, 0.220654, 0.083882, 0.219992, 0.061522, -0.973549, -0.205013, -0.017568, 0.998087, 0.059102, 0.675599, 0.0, 0.0, 0.0, 1.0],
                [0.977623, -0.002335, 0.210305, 0.082137, 0.209993, 0.066397, -0.975435, -0.203054, -0.011686, 0.99778, 0.065402, 0.684403, 0.0, 0.0, 0.0, 1.0],
                [0.980569, -0.007067, 0.195997, 0.082724, 0.196008, 0.069724, -0.97811, -0.200602, -0.006754, 0.997531, 0.069755, 0.69356, 0.0, 0.0, 0.0, 1.0],
                [0.983362, -0.010613, 0.181292, 0.084962, 0.18158, 0.073294, -0.980631, -0.197859, -0.00288, 0.997244, 0.074002, 0.701545, 0.0, 0.0, 0.0, 1.0],
                [0.985329, -0.030049, 0.167941, 0.087585, 0.169713, 0.071944, -0.982854, -0.195317, 0.017452, 0.996946, 0.075989, 0.707348, 0.0, 0.0, 0.0, 1.0],
                [0.98894, -0.012167, 0.147745, 0.090326, 0.14823, 0.067056, -0.986667, -0.193079, 0.002098, 0.997665, 0.068119, 0.71012, 0.0, 0.0, 0.0, 1.0],
                [0.991063, -0.00585, 0.133189, 0.092034, 0.133304, 0.057945, -0.98937, -0.191266, -0.00193, 0.998293, 0.058208, 0.709653, 0.0, 0.0, 0.0, 1.0],
                [0.992477, -0.004309, 0.122272, 0.092208, 0.122342, 0.045394, -0.991439, -0.19005, -0.001279, 0.99895, 0.04558, 0.706255, 0.0, 0.0, 0.0, 1.0],
                [0.993337, -0.00442, 0.115078, 0.090051, 0.115156, 0.049064, -0.992125, -0.1891, -0.001261, 0.998776, 0.049247, 0.699639, 0.0, 0.0, 0.0, 1.0],
                [0.993653, -0.003574, 0.112345, 0.08605, 0.11239, 0.045878, -0.992594, -0.17052, -0.001607, 0.998931, 0.045989, 0.692041, 0.0, 0.0, 0.0, 1.0],
                [0.993453, -0.004216, 0.114074, 0.081434, 0.114131, 0.055793, -0.991888, -0.13407, -0.002183, 0.998423, 0.05591, 0.685236, 0.0, 0.0, 0.0, 1.0],
                [0.993189, -0.003151, 0.116383, 0.076852, 0.11635, 0.062746, -0.991214, -0.133283, -0.004179, 0.998015, 0.062686, 0.680616, 0.0, 0.0, 0.0, 1.0],
                [0.992301, -0.001667, 0.12376, 0.073167, 0.123559, 0.071892, -0.989719, -0.117756, -0.007247, 0.997401, 0.071546, 0.679408, 0.0, 0.0, 0.0, 1.0],
                [0.990784, -0.000794, 0.135376, 0.071607, 0.135059, 0.074469, -0.988025, -0.133593, -0.009297, 0.997213, 0.073891, 0.681628, 0.0, 0.0, 0.0, 1.0],
                [0.988506, -0.001712, 0.151105, 0.073183, 0.150823, 0.073246, -0.985833, -0.142341, -0.00938, 0.997302, 0.072663, 0.687731, 0.0, 0.0, 0.0, 1.0],
                [0.985332, -0.004426, 0.170529, 0.076682, 0.17044, 0.067035, -0.983075, -0.187966, -0.00708, 0.997731, 0.066807, 0.69572, 0.0, 0.0, 0.0, 1.0],
                [0.980729, -0.008, 0.195157, 0.080479, 0.195281, 0.060391, -0.978876, -0.187812, -0.003954, 0.998133, 0.06079, 0.70425, 0.0, 0.0, 0.0, 1.0],
                [0.975569, -0.010339, 0.219405, 0.084089, 0.219635, 0.056749, -0.97392, -0.18794, -0.002382, 0.998325, 0.057634, 0.711352, 0.0, 0.0, 0.0, 1.0],
                [0.970506, -0.01098, 0.240786, 0.08619, 0.24102, 0.055912, -0.968898, -0.188622, -0.002825, 0.998365, 0.05691, 0.715282, 0.0, 0.0, 0.0, 1.0],
                [0.966014, -0.011025, 0.258215, 0.086019, 0.258408, 0.059253, -0.964207, -0.189904, -0.00467, 0.998172, 0.060089, 0.714953, 0.0, 0.0, 0.0, 1.0],
                [0.962397, -0.011544, 0.271363, 0.083996, 0.271529, 0.065034, -0.96022, -0.191746, -0.006563, 0.997806, 0.065723, 0.710375, 0.0, 0.0, 0.0, 1.0],
                [0.960926, -0.011815, 0.276516, 0.08003, 0.27664, 0.071417, -0.958306, -0.19416, -0.008425, 0.997366, 0.071896, 0.701777, 0.0, 0.0, 0.0, 1.0],
                [0.961303, -0.010907, 0.275242, 0.075952, 0.275257, 0.076189, -0.958336, -0.19686, -0.010518, 0.997024, 0.076244, 0.691056, 0.0, 0.0, 0.0, 1.0],
                [0.96366, -0.007989, 0.266976, 0.073538, 0.266745, 0.079987, -0.960432, -0.153672, -0.013682, 0.996754, 0.079212, 0.680453, 0.0, 0.0, 0.0, 1.0],
                [0.967351, -0.001745, 0.253393, 0.073514, 0.252704, 0.080624, -0.964168, -0.136628, -0.018747, 0.996733, 0.078434, 0.67087, 0.0, 0.0, 0.0, 1.0],
                [0.971685, 0.005407, 0.236174, 0.077516, 0.234999, 0.080023, -0.968686, -0.120767, -0.024137, 0.996768, 0.076487, 0.664676, 0.0, 0.0, 0.0, 1.0],
                [0.976466, 0.01552, 0.215065, 0.086002, 0.213236, 0.07853, -0.973829, -0.120953, -0.032003, 0.996781, 0.073374, 0.663388, 0.0, 0.0, 0.0, 1.0],
                [0.981653, 0.02736, 0.188648, 0.098804, 0.186139, 0.075778, -0.979587, -0.120063, -0.041097, 0.996739, 0.069296, 0.666697, 0.0, 0.0, 0.0, 1.0],
                [0.986982, 0.038845, 0.156003, 0.114679, 0.15296, 0.071802, -0.98561, -0.118293, -0.049488, 0.996652, 0.064926, 0.673639, 0.0, 0.0, 0.0, 1.0],
                [0.990295, 0.04992, 0.129632, 0.13151, 0.126178, 0.067049, -0.989729, -0.1159, -0.058099, 0.99649, 0.0601, 0.682746, 0.0, 0.0, 0.0, 1.0],
                [0.992158, 0.060498, 0.109278, 0.14765, 0.105588, 0.061174, -0.992516, -0.113133, -0.066731, 0.996282, 0.054307, 0.692424, 0.0, 0.0, 0.0, 1.0],
                [0.993359, 0.071559, 0.089984, 0.161685, 0.087355, 0.039061, -0.995401, -0.110469, -0.074746, 0.996661, 0.032551, 0.70184, 0.0, 0.0, 0.0, 1.0],
                [0.994066, 0.079926, 0.073657, 0.173589, 0.071004, 0.035547, -0.996832, -0.107852, -0.082292, 0.996157, 0.029661, 0.709156, 0.0, 0.0, 0.0, 1.0],
                [0.994298, 0.085677, 0.063324, 0.183205, 0.059123, 0.050715, -0.996952, -0.105254, -0.088629, 0.995021, 0.045361, 0.713536, 0.0, 0.0, 0.0, 1.0],
                [0.994226, 0.092282, 0.054574, 0.190097, 0.050791, 0.042853, -0.997779, -0.10321, -0.094417, 0.9948, 0.037918, 0.715116, 0.0, 0.0, 0.0, 1.0],
                [0.993862, 0.097122, 0.052772, 0.194522, 0.048134, 0.049495, -0.997604, -0.101665, -0.099502, 0.994031, 0.044516, 0.712802, 0.0, 0.0, 0.0, 1.0],
                [0.993202, 0.101255, 0.057248, 0.196748, 0.051366, 0.059774, -0.996879, -0.100668, -0.104362, 0.993053, 0.054167, 0.706831, 0.0, 0.0, 0.0, 1.0],
                [0.992284, 0.104808, 0.06608, 0.197099, 0.059861, 0.061414, -0.996306, -0.100459, -0.108481, 0.992584, 0.054667, 0.698807, 0.0, 0.0, 0.0, 1.0],
                [0.990921, 0.107024, 0.081249, 0.195916, 0.074659, 0.064217, -0.995129, -0.100917, -0.111721, 0.99217, 0.055644, 0.688848, 0.0, 0.0, 0.0, 1.0],
                [0.988429, 0.107864, 0.106554, 0.193345, 0.100276, 0.062053, -0.993013, -0.102259, -0.113723, 0.992217, 0.050519, 0.67882, 0.0, 0.0, 0.0, 1.0],
                [0.983981, 0.106828, 0.142652, 0.189777, 0.136537, 0.062554, -0.988648, -0.104265, -0.11454, 0.992298, 0.046967, 0.670259, 0.0, 0.0, 0.0, 1.0],
                [0.976973, 0.10396, 0.186267, 0.18601, 0.180663, 0.061028, -0.98164, -0.106895, -0.11342, 0.992697, 0.040841, 0.664562, 0.0, 0.0, 0.0, 1.0],
                [0.966806, 0.097365, 0.23619, 0.18181, 0.230731, 0.064118, -0.970892, -0.110002, -0.109676, 0.993171, 0.039524, 0.662103, 0.0, 0.0, 0.0, 1.0],
                [0.954427, 0.087599, 0.285265, 0.177929, 0.279877, 0.068877, -0.957551, -0.113497, -0.103529, 0.993762, 0.041221, 0.663515, 0.0, 0.0, 0.0, 1.0],
                [0.940268, 0.075347, 0.331961, 0.174151, 0.326668, 0.074515, -0.942187, -0.117276, -0.095728, 0.994359, 0.045451, 0.667593, 0.0, 0.0, 0.0, 1.0],
                [0.924335, 0.060617, 0.376709, 0.169988, 0.371432, 0.082955, -0.924736, -0.121201, -0.087305, 0.994698, 0.054163, 0.673616, 0.0, 0.0, 0.0, 1.0],
                [0.907081, 0.046389, 0.418367, 0.164725, 0.413101, 0.092713, -0.905943, -0.125316, -0.080815, 0.994602, 0.064936, 0.680694, 0.0, 0.0, 0.0, 1.0],
                [0.888873, 0.033175, 0.45693, 0.158213, 0.451599, 0.104396, -0.886081, -0.129393, -0.077098, 0.993972, 0.077814, 0.687496, 0.0, 0.0, 0.0, 1.0],
                [0.871654, 0.022377, 0.489591, 0.149681, 0.484139, 0.116037, -0.867251, -0.133434, -0.076218, 0.992983, 0.090311, 0.693129, 0.0, 0.0, 0.0, 1.0],
                [0.858634, 0.015409, 0.512337, 0.138346, 0.506709, 0.125187, -0.852968, -0.137484, -0.077282, 0.992003, 0.099683, 0.697179, 0.0, 0.0, 0.0, 1.0],
                [0.851479, 0.013254, 0.524202, 0.123983, 0.518324, 0.130085, -0.845221, -0.141523, -0.079395, 0.991404, 0.103896, 0.698768, 0.0, 0.0, 0.0, 1.0],
                [0.85012, 0.015242, 0.52635, 0.107615, 0.520181, 0.130937, -0.843948, -0.145431, -0.081783, 0.991263, 0.103385, 0.697702, 0.0, 0.0, 0.0, 1.0],
                [0.856434, 0.019308, 0.515876, 0.089514, 0.509548, 0.128731, -0.850746, -0.149053, -0.082836, 0.991482, 0.100412, 0.694235, 0.0, 0.0, 0.0, 1.0],
                [0.869543, 0.024771, 0.493215, 0.070991, 0.486572, 0.127707, -0.864245, -0.152301, -0.084396, 0.991492, 0.098994, 0.688797, 0.0, 0.0, 0.0, 1.0],
                [0.888316, 0.031499, 0.45813, 0.053539, 0.451046, 0.127448, -0.883343, -0.155034, -0.086213, 0.991335, 0.099008, 0.682441, 0.0, 0.0, 0.0, 1.0],
                [0.909756, 0.040527, 0.413137, 0.037889, 0.405481, 0.126462, -0.905302, -0.157353, -0.088936, 0.991133, 0.098617, 0.676741, 0.0, 0.0, 0.0, 1.0],
                [0.930267, 0.052379, 0.363097, 0.025711, 0.354769, 0.12352, -0.926748, -0.159071, -0.093393, 0.990949, 0.096325, 0.673305, 0.0, 0.0, 0.0, 1.0],
                [0.948072, 0.066307, 0.311037, 0.017879, 0.301949, 0.119342, -0.945814, -0.160235, -0.099835, 0.990627, 0.093124, 0.67335, 0.0, 0.0, 0.0, 1.0],
                [0.962558, 0.078726, 0.259355, 0.015149, 0.249862, 0.113064, -0.961647, -0.160874, -0.105032, 0.990454, 0.08916, 0.677521, 0.0, 0.0, 0.0, 1.0],
                [0.979583, 0.103933, 0.172033, 0.023357, 0.162456, 0.094538, -0.982166, -0.161082, -0.118344, 0.990071, 0.075724, 0.697026, 0.0, 0.0, 0.0, 1.0],
                [0.983738, 0.120958, 0.132698, 0.038356, 0.123481, 0.08078, -0.989044, -0.097106, -0.130353, 0.989355, 0.064531, 0.72085, 0.0, 0.0, 0.0, 1.0],
                [0.983852, 0.077924, 0.161066, 0.053969, 0.154246, 0.086828, -0.9842, -0.016061, -0.090679, 0.993161, 0.073407, 0.740263, 0.0, 0.0, 0.0, 1.0],
                [0.961147, 0.134692, 0.240903, 0.047086, 0.235129, 0.057482, -0.970253, -0.020327, -0.144534, 0.989209, 0.023579, 0.728702, 0.0, 0.0, 0.0, 1.0],
                [0.954124, 0.135765, 0.266825, 0.040332, 0.264252, 0.036969, -0.963734, -0.022685, -0.140707, 0.990041, -0.000603, 0.721867, 0.0, 0.0, 0.0, 1.0],
                [0.946297, 0.13844, 0.292123, 0.033873, 0.292827, 0.015717, -0.956026, -0.025218, -0.136945, 0.990236, -0.025666, 0.716064, 0.0, 0.0, 0.0, 1.0],
                [0.941207, 0.110116, 0.319349, 0.029253, 0.322318, -0.009824, -0.94657, -0.027701, -0.101096, 0.99386, -0.044739, 0.713015, 0.0, 0.0, 0.0, 1.0],
                [0.939927, 0.081145, 0.331562, 0.026761, 0.334313, -0.022656, -0.942179, -0.029907, -0.068942, 0.996435, -0.048423, 0.71343, 0.0, 0.0, 0.0, 1.0],
                [0.947362, 0.082608, 0.309292, 0.027705, 0.311402, -0.013688, -0.950169, -0.031556, -0.074259, 0.996478, -0.038692, 0.716806, 0.0, 0.0, 0.0, 1.0],
                [0.958974, 0.10266, 0.264214, 0.032509, 0.264515, 0.010919, -0.96431, -0.032511, -0.101882, 0.994646, -0.016684, 0.721841, 0.0, 0.0, 0.0, 1.0],
                [0.978684, 0.083013, 0.187796, 0.048991, 0.185561, 0.033941, -0.982036, -0.032587, -0.087897, 0.99596, 0.017814, 0.729712, 0.0, 0.0, 0.0, 1.0],
                [0.986066, 0.062042, 0.154291, 0.058668, 0.15248, 0.03297, -0.987746, -0.03182, -0.066369, 0.997519, 0.023051, 0.731207, 0.0, 0.0, 0.0, 1.0],
                [0.990188, 0.052281, 0.129513, 0.066577, 0.12849, 0.0225, -0.991445, -0.030857, -0.054748, 0.998369, 0.015561, 0.731278, 0.0, 0.0, 0.0, 1.0],
                [0.991764, 0.05113, 0.117348, 0.071365, 0.116911, 0.011459, -0.993066, -0.029834, -0.052121, 0.998616, 0.005387, 0.73044, 0.0, 0.0, 0.0, 1.0],
                [0.990795, 0.05395, 0.124077, 0.072318, 0.12389, 0.00682, -0.992262, -0.028905, -0.054379, 0.99851, 7.4e-05, 0.72935, 0.0, 0.0, 0.0, 1.0],
                [0.987616, 0.059795, 0.144979, 0.070482, 0.144767, 0.007897, -0.989424, -0.02807, -0.060308, 0.998169, -0.000857, 0.727927, 0.0, 0.0, 0.0, 1.0],
                [0.972293, 0.118058, 0.201715, 0.061192, 0.201628, 0.012799, -0.979368, -0.027045, -0.118205, 0.992914, -0.01136, 0.724018, 0.0, 0.0, 0.0, 1.0],
                [0.964016, 0.131605, 0.230942, 0.054893, 0.23335, -0.002963, -0.972378, -0.027054, -0.127287, 0.991288, -0.033567, 0.721605, 0.0, 0.0, 0.0, 1.0],
                [0.956682, 0.141481, 0.254408, 0.049457, 0.259907, -0.02154, -0.965383, -0.027125, -0.131104, 0.989697, -0.05738, 0.719324, 0.0, 0.0, 0.0, 1.0],
                [0.952256, 0.148093, 0.266938, 0.046265, 0.275081, -0.037154, -0.960692, -0.027387, -0.132355, 0.988265, -0.076119, 0.718138, 0.0, 0.0, 0.0, 1.0],
                [0.950323, 0.159937, 0.266997, 0.045611, 0.276563, -0.040464, -0.960133, -0.027737, -0.142758, 0.986287, -0.082688, 0.71792, 0.0, 0.0, 0.0, 1.0],
                [0.9521, 0.158449, 0.261496, 0.048198, 0.270629, -0.038714, -0.961894, -0.028221, -0.142289, 0.986598, -0.079741, 0.719291, 0.0, 0.0, 0.0, 1.0],
                [0.95882, 0.130181, 0.252384, 0.054095, 0.259089, -0.037149, -0.965128, -0.029029, -0.116267, 0.990784, -0.069348, 0.721925, 0.0, 0.0, 0.0, 1.0],
                [0.966176, 0.113731, 0.231407, 0.063796, 0.236131, -0.029803, -0.971254, -0.030222, -0.103566, 0.993054, -0.055651, 0.724608, 0.0, 0.0, 0.0, 1.0],
                [0.973954, 0.103516, 0.201688, 0.075498, 0.204645, -0.018678, -0.978648, -0.032072, -0.09754, 0.994442, -0.039376, 0.726944, 0.0, 0.0, 0.0, 1.0],
                [0.98495, 0.0821, 0.152031, 0.096805, 0.152793, -0.003035, -0.988243, -0.039022, -0.080674, 0.996609, -0.015533, 0.728938, 0.0, 0.0, 0.0, 1.0],
                [0.986817, 0.07772, 0.14189, 0.104018, 0.14194, 0.00491, -0.989853, -0.044335, -0.077629, 0.996953, -0.006186, 0.727957, 0.0, 0.0, 0.0, 1.0],
                [0.985187, 0.061147, 0.160149, 0.109794, 0.158519, 0.030663, -0.986869, -0.058257, -0.065255, 0.997648, 0.020516, 0.721183, 0.0, 0.0, 0.0, 1.0],
                [0.98074, 0.075619, 0.180028, 0.108582, 0.177076, 0.044133, -0.983197, -0.066559, -0.082294, 0.99615, 0.029893, 0.715883, 0.0, 0.0, 0.0, 1.0],
                [0.976014, 0.089635, 0.198347, 0.105383, 0.19451, 0.049772, -0.979627, -0.075481, -0.097682, 0.99472, 0.031143, 0.710393, 0.0, 0.0, 0.0, 1.0],
                [0.972523, 0.103722, 0.208376, 0.100811, 0.204692, 0.045099, -0.977777, -0.084676, -0.110816, 0.993573, 0.022629, 0.705843, 0.0, 0.0, 0.0, 1.0],
                [0.972622, 0.11602, 0.201309, 0.096984, 0.198731, 0.033495, -0.979471, -0.093656, -0.120382, 0.992672, 0.009521, 0.703458, 0.0, 0.0, 0.0, 1.0],
                [0.976287, 0.12264, 0.178337, 0.093179, 0.177103, 0.020976, -0.983959, -0.102193, -0.124415, 0.992219, -0.001241, 0.704223, 0.0, 0.0, 0.0, 1.0],
                [0.980327, 0.131767, 0.146891, 0.089557, 0.146909, 0.009643, -0.989093, -0.110131, -0.131747, 0.991224, -0.009905, 0.708418, 0.0, 0.0, 0.0, 1.0],
                [0.984546, 0.133273, 0.113525, 0.087446, 0.113652, 0.006672, -0.993488, -0.116971, -0.133164, 0.991047, -0.008578, 0.714794, 0.0, 0.0, 0.0, 1.0],
                [0.992963, 0.118189, 0.006047, 0.089058, 0.003983, 0.017689, -0.999826, -0.129658, -0.118277, 0.992823, 0.017094, 0.735599, 0.0, 0.0, 0.0, 1.0],
                [0.993731, 0.109828, -0.020385, 0.090418, -0.023416, 0.026381, -0.999368, -0.131047, -0.109222, 0.99359, 0.028788, 0.740741, 0.0, 0.0, 0.0, 1.0],
                [0.993772, 0.103186, -0.041841, 0.091721, -0.045412, 0.032507, -0.998429, -0.131143, -0.101664, 0.994121, 0.036991, 0.744252, 0.0, 0.0, 0.0, 1.0],
                [0.994009, 0.093362, -0.056659, 0.09393, -0.060037, 0.033773, -0.997615, -0.129775, -0.091227, 0.995049, 0.039176, 0.746336, 0.0, 0.0, 0.0, 1.0],
                [0.99469, 0.080748, -0.063652, 0.095513, -0.066344, 0.0311, -0.997302, -0.127191, -0.078551, 0.996239, 0.036293, 0.746904, 0.0, 0.0, 0.0, 1.0],
                [0.996319, 0.063968, -0.056889, 0.096526, -0.058836, 0.028974, -0.997837, -0.123514, -0.062182, 0.997521, 0.032631, 0.74633, 0.0, 0.0, 0.0, 1.0],
                [0.998604, 0.041242, -0.032705, 0.097408, -0.033839, 0.027096, -0.99905, -0.118825, -0.040317, 0.998772, 0.028454, 0.745534, 0.0, 0.0, 0.0, 1.0],
                [0.999725, 0.018677, 0.01348, 0.097869, 0.012965, 0.027439, -0.999529, -0.113357, -0.019038, 0.999439, 0.027189, 0.745127, 0.0, 0.0, 0.0, 1.0],
                [0.997331, 0.000143, 0.072872, 0.099508, 0.07284, 0.027685, -0.996949, -0.115549, -0.00216, 0.999607, 0.027601, 0.747105, 0.0, 0.0, 0.0, 1.0],
                [0.989514, -0.012151, 0.143858, 0.100531, 0.144164, 0.029883, -0.989092, -0.115222, 0.00772, 0.99947, 0.031321, 0.751827, 0.0, 0.0, 0.0, 1.0],
                [0.975193, -0.018877, 0.220504, 0.102483, 0.221046, 0.034406, -0.974646, -0.11269, 0.010812, 0.99922, 0.037726, 0.759842, 0.0, 0.0, 0.0, 1.0],
                [0.955768, -0.022475, 0.293227, 0.104988, 0.293929, 0.040373, -0.954964, -0.106459, 0.009624, 0.998922, 0.045193, 0.770505, 0.0, 0.0, 0.0, 1.0],
                [0.934554, -0.023643, 0.355007, 0.107364, 0.355752, 0.046854, -0.933394, -0.099398, 0.005435, 0.998612, 0.052199, 0.782661, 0.0, 0.0, 0.0, 1.0],
                [0.914179, -0.021523, 0.404714, 0.108997, 0.405286, 0.049388, -0.912844, -0.09396, -0.000341, 0.998538, 0.053873, 0.794274, 0.0, 0.0, 0.0, 1.0],
                [0.899338, -0.017168, 0.436895, 0.107999, 0.437188, 0.049569, -0.897992, -0.083919, -0.00624, 0.998613, 0.052085, 0.803869, 0.0, 0.0, 0.0, 1.0],
                [0.899239, -0.02004, 0.436976, 0.104909, 0.437435, 0.043194, -0.898201, -0.070319, -0.000874, 0.998856, 0.047608, 0.81149, 0.0, 0.0, 0.0, 1.0],
                [0.897934, -0.019039, 0.439695, 0.101332, 0.440106, 0.036996, -0.897172, -0.058918, 0.000814, 0.999124, 0.041599, 0.817196, 0.0, 0.0, 0.0, 1.0],
                [0.881977, -0.064101, 0.466891, 0.096321, 0.468819, 0.018411, -0.883091, -0.050506, 0.048011, 0.997763, 0.04629, 0.820898, 0.0, 0.0, 0.0, 1.0],
                [0.888562, -0.071169, 0.453181, 0.089976, 0.454844, 0.008294, -0.890521, -0.041139, 0.059619, 0.99742, 0.039741, 0.822315, 0.0, 0.0, 0.0, 1.0],
                [0.893499, -0.084798, 0.440963, 0.083046, 0.442358, -0.00258, -0.896823, -0.028275, 0.077188, 0.996385, 0.035206, 0.821949, 0.0, 0.0, 0.0, 1.0],
                [0.897041, -0.101063, 0.430214, 0.076216, 0.431028, -0.014764, -0.902207, -0.013427, 0.097532, 0.99476, 0.030317, 0.820822, 0.0, 0.0, 0.0, 1.0],
                [0.901325, -0.12021, 0.416105, 0.071106, 0.416259, -0.025033, -0.90889, -0.000639, 0.119676, 0.992423, 0.027476, 0.818749, 0.0, 0.0, 0.0, 1.0],
                [0.903947, -0.1414, 0.403566, 0.067862, 0.403278, -0.031981, -0.914507, 0.005687, 0.14222, 0.989426, 0.028115, 0.817196, 0.0, 0.0, 0.0, 1.0],
                [0.91035, -0.166478, 0.378852, 0.065668, 0.378386, -0.035761, -0.924946, 0.011386, 0.167533, 0.985386, 0.030438, 0.815125, 0.0, 0.0, 0.0, 1.0],
                [0.914727, -0.188359, 0.357456, 0.065787, 0.35784, -0.033163, -0.933183, 0.012905, 0.187629, 0.98153, 0.037068, 0.812981, 0.0, 0.0, 0.0, 1.0],
                [0.912873, -0.208039, 0.351231, 0.066573, 0.353489, -0.027487, -0.935024, 0.017454, 0.204177, 0.977724, 0.048448, 0.810958, 0.0, 0.0, 0.0, 1.0],
                [0.911565, -0.228808, 0.341578, 0.067822, 0.347087, -0.01702, -0.937668, 0.022367, 0.220362, 0.973312, 0.063902, 0.80915, 0.0, 0.0, 0.0, 1.0],
                [0.906628, -0.247324, 0.341814, 0.069611, 0.351654, -0.004672, -0.936108, 0.033209, 0.233121, 0.968911, 0.082737, 0.807293, 0.0, 0.0, 0.0, 1.0],
                [0.843328, -0.272339, 0.46326, 0.072979, 0.485554, 0.016803, -0.874034, 0.044932, 0.230251, 0.962044, 0.146407, 0.803731, 0.0, 0.0, 0.0, 1.0],
                [0.878798, -0.226207, 0.420148, 0.081834, 0.452809, 0.117577, -0.88381, 0.049189, 0.150526, 0.966947, 0.205757, 0.797481, 0.0, 0.0, 0.0, 1.0],
                [0.900986, -0.167732, 0.400088, 0.089317, 0.424529, 0.150997, -0.892723, 0.060815, 0.089327, 0.97419, 0.207256, 0.793284, 0.0, 0.0, 0.0, 1.0],
                [0.900798, -0.1281, 0.41489, 0.096632, 0.433264, 0.201939, -0.878341, 0.064778, 0.028734, 0.970974, 0.23741, 0.789851, 0.0, 0.0, 0.0, 1.0],
                [0.869967, -0.17916, 0.45939, 0.099944, 0.474654, 0.051912, -0.878629, 0.069975, 0.133569, 0.982439, 0.130202, 0.796973, 0.0, 0.0, 0.0, 1.0],
                [0.852021, -0.129955, 0.507101, 0.108998, 0.518052, 0.070077, -0.852462, 0.068527, 0.075247, 0.98903, 0.127032, 0.796268, 0.0, 0.0, 0.0, 1.0],
                [0.825908, -0.098355, 0.555141, 0.113679, 0.562752, 0.084171, -0.822317, 0.091919, 0.034153, 0.991575, 0.124868, 0.793928, 0.0, 0.0, 0.0, 1.0],
                [0.809313, -0.067288, 0.583493, 0.117267, 0.587359, 0.090933, -0.804189, 0.110632, 0.001054, 0.993571, 0.113116, 0.790283, 0.0, 0.0, 0.0, 1.0],
                [0.792118, -0.037305, 0.609211, 0.120571, 0.609592, 0.098148, -0.786603, 0.106255, -0.030449, 0.994462, 0.100487, 0.786778, 0.0, 0.0, 0.0, 1.0],
                [0.76935, 0.086875, 0.632877, 0.071938, 0.630184, 0.059066, -0.774183, 0.167307, -0.10464, 0.994457, -0.009305, 0.738718, 0.0, 0.0, 0.0, 1.0],
                [0.76935, 0.086875, 0.632877, 0.071938, 0.630184, 0.059066, -0.774183, 0.167307, -0.10464, 0.994457, -0.009305, 0.738718, 0.0, 0.0, 0.0, 1.0]
            ]
        },
        {
            "name": "Thigh_R",
