{
    "animation": [
        {
            "name": "Root",
            "time": [0.0, 0.2, 0.35, 0.4667, 0.6167, 0.7333, 0.8667, 0.9667, 1.15, 1.3167, 1.5, 1.6667, 1.85, 2.0167, 2.2333, 2.4333, 2.6, 2.8333, 3.0, 3.1667, 3.3667, 3.5, 3.6667, 3.85, 4.0, 4.1667, 4.3333, 4.4833, 4.6333, 4.8, 4.95, 5.1333, 5.25],
            "transform": [
                [1.0, 0.0, 0.0, -5e-06, 0.0, 0.0, -1.0, 0.000946, 0.0, 1.0, 0.0, 0.763972, 0.0, 0.0, 0.0, 1.0],
                [1.0, 0.0, 0.0, -5e-06, 0.0, 0.0, -1.0, 0.000946, 0.0, 1.0, 0.0, 0.695406, 0.0, 0.0, 0.0, 1.0],
                [1.0, 0.0, 0.0, -5e-06, 0.0, 0.0, -1.0, 0.115538, 0.0, 1.0, 0.0, 0.671429, 0.0, 0.0, 0.0, 1.0],
                [1.0, 0.0, 0.0, -0.045334, 0.0, 0.0, -1.0, 0.074035, 0.0, 1.0, 0.0, 0.695406, 0.0, 0.0, 0.0, 1.0],
                [1.0, 0.0, 0.0, -0.082012, 0.0, 0.0, -1.0, 0.000946, 0.0, 1.0, 0.0, 0.695406, 0.0, 0.0, 0.0, 1.0],
                [1.0, 0.0, 0.0, 0.029778, 0.0, 0.0, -1.0, 0.000946, 0.0, 1.0, 0.0, 0.695406, 0.0, 0.0, 0.0, 1.0],
                [1.0, 0.0, 0.0, 0.029778, 0.0, 0.0, -1.0, 0.000946, 0.0, 1.0, 0.0, 0.695406, 0.0, 0.0, 0.0, 1.0],
                [1.0, 0.0, 0.0, 0.029778, 0.0, 0.0, -1.0, 0.000946, 0.0, 1.0, 0.0, 0.660353, 0.0, 0.0, 0.0, 1.0],
                [0.988795, -0.024216, -0.147301, 0.029778, -0.147344, 0.0, -0.989085, 0.000946, 0.023951, 0.999707, -0.003568, 0.626307, 0.0, 0.0, 0.0, 1.0],
                [0.988795, -0.024216, -0.147301, 0.029778, -0.147344, 0.0, -0.989085, 0.000946, 0.023951, 0.999707, -0.003568, 0.663689, 0.0, 0.0, 0.0, 1.0],
                [0.988795, -0.024216, -0.147301, 0.029778, -0.147344, 0.0, -0.989085, 0.000946, 0.023951, 0.999707, -0.003568, 0.687714, 0.0, 0.0, 0.0, 1.0],
                [0.988795, -0.024216, -0.147301, 0.029778, -0.147344, 0.0, -0.989085, 0.000946, 0.023951, 0.999707, -0.003568, 0.689179, 0.0, 0.0, 0.0, 1.0],
                [0.988795, -0.024216, -0.147301, 0.029778, -0.147344, 0.0, -0.989085, 0.000946, 0.023951, 0.999707, -0.003568, 0.658321, 0.0, 0.0, 0.0, 1.0],
                [1.0, 0.0, 0.0, -5e-06, 0.0, 0.0, -1.0, 0.000946, 0.0, 1.0, 0.0, 0.695406, 0.0, 0.0, 0.0, 1.0],
                [1.0, 0.0, 0.0, -5e-06, 0.0, 0.0, -1.0, 0.115538, 0.0, 1.0, 0.0, 0.671429, 0.0, 0.0, 0.0, 1.0],
                [1.0, 0.0, 0.0, -0.082012, 0.0, 0.0, -1.0, 0.000946, 0.0, 1.0, 0.0, 0.695406, 0.0, 0.0, 0.0, 1.0],
                [1.0, 0.0, 0.0, 0.029778, 0.0, 0.0, -1.0, 0.000946, 0.0, 1.0, 0.0, 0.695406, 0.0, 0.0, 0.0, 1.0],
                [1.0, 0.0, 0.0, 0.029778, 0.0, 0.0, -1.0, 0.000946, 0.0, 1.0, 0.0, 0.636026, 0.0, 0.0, 0.0, 1.0],
                [1.0, 0.0, 0.0, 0.029778, 0.0, 0.0, -1.0, 0.000946, 0.0, 1.0, 0.0, 0.503824, 0.0, 0.0, 0.0, 1.0],
                [1.0, 0.0, 0.0, -0.076941, 0.0, 0.0, -1.0, 0.000946, 0.0, 1.0, 0.0, 0.534648, 0.0, 0.0, 0.0, 1.0],
                [0.990261, -0.036901, -0.134243, 0.020292, -0.13434, -0.000145, -0.990935, 0.000946, 0.036547, 0.999319, -0.005101, 0.553876, 0.0, 0.0, 0.0, 1.0],
                [0.988795, -0.024216, -0.147301, -0.14759, -0.147344, 0.0, -0.989085, -0.190112, 0.023951, 0.999707, -0.003568, 0.530954, 0.0, 0.0, 0.0, 1.0],
                [0.988795, -0.024216, -0.147301, 0.029778, -0.147344, 0.0, -0.989085, -0.127599, 0.023951, 0.999707, -0.003568, 0.412712, 0.0, 0.0, 0.0, 1.0],
                [0.988748, 0.026123, -0.147294, 0.037891, -0.147344, -0.0, -0.989085, 0.169537, -0.025838, 0.999659, 0.003849, 0.453952, 0.0, 0.0, 0.0, 1.0],
                [0.988748, 0.026123, -0.147294, 0.017352, -0.147344, -0.0, -0.989085, -0.231475, -0.025838, 0.999659, 0.003849, 0.453952, 0.0, 0.0, 0.0, 1.0],
                [0.99543, -0.095492, 0.0, -5e-06, 0.0, 0.0, -1.0, 0.115538, 0.095492, 0.99543, 0.0, 0.548628, 0.0, 0.0, 0.0, 1.0],
                [0.988795, -0.024216, -0.147301, 0.083406, -0.147344, 0.0, -0.989085, -0.127599, 0.023951, 0.999707, -0.003568, 0.412712, 0.0, 0.0, 0.0, 1.0],
                [0.9888, 0.024027, -0.147303, 0.021432, -0.147343, -7.5e-05, -0.989085, -0.22775, -0.023775, 0.999711, 0.003466, 0.418761, 0.0, 0.0, 0.0, 1.0],
                [0.993444, -0.114319, 0.0, 0.088541, 0.0, 0.0, -1.0, 0.000946, 0.114319, 0.993444, 0.0, 0.483735, 0.0, 0.0, 0.0, 1.0],
                [0.988748, 0.026123, -0.147294, 0.017352, -0.147344, -0.0, -0.989085, -0.231475, -0.025838, 0.999659, 0.003849, 0.441396, 0.0, 0.0, 0.0, 1.0],
                [0.995813, -0.091419, 0.0, 0.029778, 0.0, 0.0, -1.0, 0.000946, 0.091419, 0.995813, 0.0, 0.695406, 0.0, 0.0, 0.0, 1.0],
                [1.0, 0.0, 0.0, 0.029778, 0.0, 0.0, -1.0, 0.000946, 0.0, 1.0, 0.0, 0.650683, 0.0, 0.0, 0.0, 1.0],
                [1.0, 0.0, 0.0, -5e-06, 0.0, 0.0, -1.0, 0.000946, 0.0, 1.0, 0.0, 0.763972, 0.0, 0.0, 0.0, 1.0]
            ]
        },
        {
            "name": "Thigh_R",
            "time": [0.0, 0.2, 0.35, 0.4667, 0.6167, 0.7333, 0.8667, 0.9667, 1.15, 1.3167, 1.5, 1.6667, 1.85, 2.0167, 2.2333, 2.4333, 2.6, 2.8333, 3.0, 3.1667, 3.3667, 3.5, 3.6667, 3.85, 4.0, 4.1667, 4.3333, 4.4833, 4.6333, 4.8, 4.95, 5.1333, 5.25],
            "transform": [
                [0.966401, 0.188541, 0.174703, 0.124994, 0.191486, -0.981493, 1e-06, -0.002831, 0.17147, 0.033453, -0.984622, -1.2e-05, 0.0, 0.0, 0.0, 1.0],
                [0.979233, 0.201898, 0.018414, 0.124994, 0.178836, -0.903004, 0.390639, -0.002831, 0.095497, -0.379232, -0.92036, -1.2e-05, 0.0, 0.0, 0.0, 1.0],
                [0.509995, -0.254455, -0.82168, 0.124994, 0.178836, -0.903004, 0.390639, -0.002831, -0.841381, -0.346169, -0.415023, -1.2e-05, 0.0, 0.0, 0.0, 1.0],
                [0.983515, 0.153287, -0.095916, 0.176283, 0.178836, -0.903004, 0.390639, -0.002831, -0.026733, -0.401352, -0.915534, -1.2e-05, 0.0, 0.0, 0.0, 1.0],
                [0.79072, 0.368176, 0.489088, 0.123006, 0.178836, -0.903004, 0.390639, 0.028886, 0.585473, -0.221419, -0.779869, 0.02492, 0.0, 0.0, 0.0, 1.0],
                [0.79072, 0.368176, 0.489088, 0.134822, 0.178836, -0.903004, 0.390639, 0.026937, 0.585473, -0.221419, -0.779869, -1.2e-05, 0.0, 0.0, 0.0, 1.0],
                [0.900341, 0.286407, 0.327653, 0.130281, 0.151553, -0.912126, 0.380861, 0.01512, 0.407942, -0.293247, -0.864633, -1.2e-05, 0.0, 0.0, 0.0, 1.0],
                [0.697616, 0.126112, -0.705285, 0.08567, 0.359602, -0.913047, 0.192429, -0.02285, -0.619692, -0.387862, -0.682308, -0.067241, 0.0, 0.0, 0.0, 1.0],
                [0.946637, 0.294209, 0.131598, 0.102188, 0.08691, -0.626198, 0.774804, -0.028112, 0.310361, -0.72202, -0.618354, 0.040487, 0.0, 0.0, 0.0, 1.0],
                [0.926224, 0.301451, 0.226351, 0.122466, 0.219427, -0.919367, 0.326515, 0.007872, 0.306529, -0.252757, -0.91769, -0.000671, 0.0, 0.0, 0.0, 1.0],
                [0.959436, 0.278319, 0.044934, 0.146818, 0.270818, -0.954153, 0.127459, 0.036332, 0.078348, -0.11012, -0.990826, -0.004299, 0.0, 0.0, 0.0, 1.0],
                [0.12403, -0.086664, -0.988487, 0.133614, 0.058394, -0.993813, 0.094458, -0.035818, -0.990558, -0.069437, -0.118203, -0.081073, 0.0, 0.0, 0.0, 1.0],
                [0.926224, 0.301451, 0.226351, 0.146805, 0.219427, -0.919367, 0.326515, 0.005034, 0.306529, -0.252757, -0.91769, -0.004297, 0.0, 0.0, 0.0, 1.0],
                [0.979233, 0.201898, 0.018414, 0.124994, 0.178836, -0.903004, 0.390639, -0.002831, 0.095497, -0.379232, -0.92036, -1.2e-05, 0.0, 0.0, 0.0, 1.0],
                [0.509995, -0.254455, -0.82168, 0.124994, 0.178836, -0.903004, 0.390639, -0.002831, -0.841381, -0.346169, -0.415023, -1.2e-05, 0.0, 0.0, 0.0, 1.0],
                [0.79072, 0.368176, 0.489088, 0.120935, 0.178836, -0.903004, 0.390639, 0.021596, 0.585473, -0.221419, -0.779869, 0.014553, 0.0, 0.0, 0.0, 1.0],
                [0.900341, 0.286407, 0.327653, 0.130281, 0.151553, -0.912126, 0.380861, 0.03753, 0.407942, -0.293247, -0.864633, -1.2e-05, 0.0, 0.0, 0.0, 1.0],
                [0.930495, 0.335471, -0.147096, 0.08567, 0.359602, -0.913047, 0.192429, -0.010361, -0.069752, -0.231949, -0.970224, -0.033069, 0.0, 0.0, 0.0, 1.0],
                [0.930495, 0.335471, -0.147096, 0.120808, 0.215176, -0.175607, 0.960657, -0.037687, 0.296442, -0.925536, -0.235588, -0.024329, 0.0, 0.0, 0.0, 1.0],
                [0.709711, 0.627034, 0.32115, 0.097615, 0.400084, -0.733947, 0.548865, 0.030001, 0.579865, -0.261048, -0.771758, 0.051772, 0.0, 0.0, 0.0, 1.0],
                [0.837836, 0.545052, 0.030773, 0.130324, 0.532445, -0.803406, -0.266531, 0.012543, -0.12055, 0.239694, -0.963335, -0.001673, 0.0, 0.0, 0.0, 1.0],
                [0.066131, 0.381921, -0.921826, 0.133614, 0.177294, -0.913643, -0.365814, -0.035818, -0.981933, -0.139242, -0.128133, -0.081073, 0.0, 0.0, 0.0, 1.0],
                [0.849567, 0.092592, -0.519291, 0.164044, 0.441555, -0.663389, 0.604105, -0.011139, -0.288557, -0.742521, -0.60448, -0.006865, 0.0, 0.0, 0.0, 1.0],
                [0.759006, 0.633336, 0.150974, 0.138093, 0.446446, -0.675045, 0.587366, 0.007932, 0.473915, -0.378411, -0.795116, 0.028091, 0.0, 0.0, 0.0, 1.0],
                [0.85074, 0.520911, 0.069936, 0.138567, -0.040691, -0.067384, 0.996897, -0.010404, 0.524008, -0.850945, -0.03613, 0.02802, 0.0, 0.0, 0.0, 1.0],
                [0.382595, 0.160851, -0.909807, 0.124994, 0.381704, -0.924278, -0.002894, -0.002831, -0.841381, -0.346169, -0.415023, -1.2e-05, 0.0, 0.0, 0.0, 1.0],
                [0.86934, 0.486919, 0.084588, 0.152251, -0.06262, -0.061251, 0.996156, -0.010782, 0.490229, -0.871294, -0.022757, 0.013864, 0.0, 0.0, 0.0, 1.0],
                [0.985148, 0.164224, 0.05012, 0.139413, -0.038163, -0.075175, 0.99644, -0.010427, 0.167407, -0.983552, -0.067792, 0.027393, 0.0, 0.0, 0.0, 1.0],
                [0.862921, 0.010451, -0.50523, 0.089875, 0.372922, -0.687865, 0.622712, -0.010752, -0.341023, -0.725761, -0.597472, -0.067241, 0.0, 0.0, 0.0, 1.0],
                [0.750116, -0.032307, -0.660517, 0.138567, 0.60074, -0.38428, 0.701028, -0.010404, -0.276472, -0.922649, -0.268847, 0.02802, 0.0, 0.0, 0.0, 1.0],
                [0.89382, 0.321402, 0.312707, 0.130281, 0.186195, -0.90039, 0.393225, -0.002831, 0.407942, -0.293247, -0.864633, -1.2e-05, 0.0, 0.0, 0.0, 1.0],
                [0.930495, 0.335471, -0.147096, 0.08567, 0.359602, -0.913047, 0.192429, -0.002368, -0.069752, -0.231949, -0.970224, -0.067241, 0.0, 0.0, 0.0, 1.0],
                [0.966401, 0.188541, 0.174703, 0.124994, 0.191486, -0.981493, 1e-06, -0.002831, 0.17147, 0.033453, -0.984622, -1.2e-05, 0.0, 0.0, 0.0, 1.0]
            ]
        },
        {
            "name": "Leg_R",
            "time": [0.0, 0.2, 0.35, 0.4667, 0.6167, 0.7333, 0.8667, 0.9667, 1.15, 1.3167, 1.5, 1.6667, 1.85, 2.0167, 2.2333, 2.4333, 2.6, 2.8333, 3.0, 3.1667, 3.3667, 3.5, 3.6667, 3.85, 4.0, 4.1667, 4.3333, 4.4833, 4.6333, 4.8, 4.95, 5.1333, 5.25],
            "transform": [
                [1.0, -0.0, 1e-06, -0.0, -0.0, 1.000001, -0.0, 0.374726, -1e-06, 0.0, 0.999999, -0.0, 0.0, 0.0, 0.0, 1.0],
                [0.990004, 0.060168, -0.127564, 0.0, 0.040632, 0.744434, 0.666459, 0.374726, 0.135063, -0.664981, 0.734546, 0.0, 0.0, 0.0, 0.0, 1.0],
                [0.999719, 0.019035, 0.014116, -0.0, -0.023524, 0.725215, 0.688121, 0.374726, 0.002862, -0.68826, 0.725458, 0.0, 0.0, 0.0, 0.0, 1.0],
                [0.999719, 0.019035, 0.014116, -0.0, -0.023524, 0.725215, 0.688121, 0.374726, 0.002862, -0.688261, 0.725458, -0.0, 0.0, 0.0, 0.0, 1.0],
                [0.999395, -0.03335, 0.009911, -0.0, 0.019368, 0.769944, 0.637817, 0.374726, -0.028902, -0.63724, 0.770123, -0.0, 0.0, 0.0, 0.0, 1.0],
                [0.999395, -0.03335, 0.009911, 0.0, 0.019368, 0.769944, 0.637817, 0.374726, -0.028902, -0.63724, 0.770123, -0.0, 0.0, 0.0, 0.0, 1.0],
                [0.999395, -0.03335, 0.009911, -0.0, 0.019368, 0.769944, 0.637817, 0.374726, -0.028902, -0.63724, 0.770123, 0.0, 0.0, 0.0, 0.0, 1.0],
                [0.999395, -0.03335, 0.009911, -0.0, 0.019368, 0.769944, 0.637817, 0.374726, -0.028902, -0.63724, 0.770123, 0.0, 0.0, 0.0, 0.0, 1.0],
                [0.986223, 0.163595, -0.02452, -0.0, -0.054227, 0.459761, 0.886385, 0.374726, 0.156282, -0.872845, 0.462297, 0.0, 0.0, 0.0, 0.0, 1.0],
                [0.998762, -0.047237, 0.015593, -0.0, 0.032709, 0.8598, 0.509583, 0.374726, -0.037478, -0.508443, 0.860279, -0.0, 0.0, 0.0, 0.0, 1.0],
                [0.990853, -0.118124, 0.06525, 0.0, 0.092374, 0.946185, 0.310165, 0.374726, -0.098376, -0.301301, 0.94844, -0.0, 0.0, 0.0, 0.0, 1.0],
                [0.99981, 0.019473, 0.000732, -0.0, -0.015757, 0.785821, 0.618253, 0.374726, 0.011464, -0.618148, 0.785978, 0.0, 0.0, 0.0, 0.0, 1.0],
                [0.998762, -0.047237, 0.015593, 0.0, 0.032709, 0.8598, 0.509583, 0.374726, -0.037478, -0.508443, 0.860279, 0.0, 0.0, 0.0, 0.0, 1.0],
                [0.990004, 0.060168, -0.127564, 0.0, 0.040632, 0.744434, 0.666459, 0.374726, 0.135063, -0.664981, 0.734546, 0.0, 0.0, 0.0, 0.0, 1.0],
                [0.999719, 0.019035, 0.014116, -0.0, -0.023524, 0.725215, 0.688121, 0.374726, 0.002862, -0.68826, 0.725458, 0.0, 0.0, 0.0, 0.0, 1.0],
                [0.999395, -0.03335, 0.009911, -0.0, 0.019368, 0.769944, 0.637817, 0.374726, -0.028902, -0.63724, 0.770123, -0.0, 0.0, 0.0, 0.0, 1.0],
                [0.999395, -0.03335, 0.009911, -0.0, 0.019368, 0.769944, 0.637817, 0.374726, -0.028902, -0.63724, 0.770123, 0.0, 0.0, 0.0, 0.0, 1.0],
                [0.999395, -0.03335, 0.009911, 0.0, 0.019368, 0.769944, 0.637817, 0.374726, -0.028902, -0.63724, 0.770123, 0.0, 0.0, 0.0, 0.0, 1.0],
                [0.995659, 0.052667, 0.076748, 0.0, -0.075207, -0.030648, 0.996696, 0.374726, 0.054845, -0.998143, -0.026554, 0.0, 0.0, 0.0, 0.0, 1.0],
                [0.999533, -0.028513, 0.01103, -0.0, 0.013852, 0.743999, 0.668037, 0.374726, -0.027254, -0.667573, 0.744045, -0.0, 0.0, 0.0, 0.0, 1.0],
                [0.99176, -0.11336, 0.059674, 0.0, 0.087738, 0.940463, 0.328378, 0.374726, -0.093346, -0.320437, 0.942659, -0.0, 0.0, 0.0, 0.0, 1.0],
                [0.99981, 0.019473, 0.000732, -0.0, -0.015757, 0.785821, 0.618253, 0.374726, 0.011464, -0.618148, 0.785978, 0.0, 0.0, 0.0, 0.0, 1.0],
                [0.9772, 0.21207, -0.010337, -0.0, 0.017795, -0.033289, 0.999287, 0.374726, 0.211575, -0.976688, -0.036304, -0.0, 0.0, 0.0, 0.0, 1.0],
                [0.9772, 0.21207, -0.010337, 0.0, 0.017795, -0.033289, 0.999287, 0.374726, 0.211575, -0.976688, -0.036304, 0.0, 0.0, 0.0, 0.0, 1.0],
                [0.9772, 0.21207, -0.010337, -0.0, 0.017795, -0.033289, 0.999286, 0.374726, 0.211575, -0.976688, -0.036304, 0.0, 0.0, 0.0, 0.0, 1.0],
                [0.999719, 0.019035, 0.014115, 0.0, -0.023524, 0.725215, 0.688121, 0.374726, 0.002862, -0.688261, 0.725458, 0.0, 0.0, 0.0, 0.0, 1.0],
                [0.989433, 0.144157, -0.015556, -0.0, 0.028168, -0.085866, 0.995908, 0.374726, 0.142232, -0.985824, -0.089019, 0.0, 0.0, 0.0, 0.0, 1.0],
                [0.977758, 0.209462, -0.010694, 0.0, 0.018744, -0.036482, 0.999158, 0.374726, 0.208895, -0.977137, -0.039597, 0.0, 0.0, 0.0, 0.0, 1.0],
                [0.979773, -0.043537, -0.195317, 0.0, 0.19817, 0.075487, 0.977256, 0.374726, -0.027803, -0.996197, 0.082588, 0.0, 0.0, 0.0, 0.0, 1.0],
                [0.9772, 0.21207, -0.010337, 0.0, 0.017795, -0.033289, 0.999287, 0.374726, 0.211575, -0.976688, -0.036304, 0.0, 0.0, 0.0, 0.0, 1.0],
                [0.999395, -0.03335, 0.009911, 0.0, 0.019368, 0.769944, 0.637817, 0.374726, -0.028902, -0.63724, 0.770123, 0.0, 0.0, 0.0, 0.0, 1.0],
                [0.999395, -0.03335, 0.009911, -0.0, 0.019368, 0.769944, 0.637817, 0.374726, -0.028902, -0.63724, 0.770123, 0.0, 0.0, 0.0, 0.0, 1.0],
                [1.0, -0.0, 1e-06, -0.0, -0.0, 1.000001, -0.0, 0.374726, -1e-06, 0.0, 0.999999, -0.0, 0.0, 0.0, 0.0, 1.0]
            ]
        },
        {
            "name": "Knee_R",
            "time": [0.0, 0.2, 0.35, 0.4667, 0.6167, 0.7333, 0.8667, 0.9667, 1.15, 1.3167, 1.5, 1.6667, 1.85, 2.0167, 2.2333, 2.4333, 2.6, 2.8333, 3.0, 3.1667, 3.3667, 3.5, 3.6667, 3.85, 4.0, 4.1667, 4.3333, 4.4833, 4.6333, 4.8, 4.95, 5.1333, 5.25],
            "transform": [
                [1.0, 0.0, -0.0, 0.0, -0.0, 1e-06, -1.0, 0.486932, -0.0, 1.0, 1e-06, -0.001311, 0.0, 0.0, 0.0, 1.0],
                [1.0, -0.0, 0.0, 0.0, 0.0, 1e-06, -1.0, 0.486932, -0.0, 1.0, 1e-06, -0.001311, 0.0, 0.0, 0.0, 1.0],
                [1.0, 0.0, 0.0, -0.0, 0.0, 1e-06, -1.0, 0.486932, -0.0, 1.0, 1e-06, -0.001311, 0.0, 0.0, 0.0, 1.0],
                [1.0, -0.0, -0.0, -0.0, 0.0, 1e-06, -1.0, 0.486932, -0.0, 1.0, 1e-06, -0.001311, 0.0, 0.0, 0.0, 1.0],
                [1.0, -0.0, 0.0, -0.0, -0.0, 1e-06, -1.0, 0.486932, 0.0, 1.0, 1e-06, -0.001311, 0.0, 0.0, 0.0, 1.0],
                [1.0, -0.0, 0.0, 0.0, -0.0, 1e-06, -1.0, 0.486932, 0.0, 1.0, 1e-06, -0.001311, 0.0, 0.0, 0.0, 1.0],
                [1.0, -0.0, 0.0, -0.0, 0.0, 1e-06, -1.0, 0.486932, -0.0, 1.0, 1e-06, -0.001311, 0.0, 0.0, 0.0, 1.0],
                [1.0, 0.0, 0.0, -0.0, 0.0, 1e-06, -1.0, 0.486932, 0.0, 1.0, 1e-06, -0.001311, 0.0, 0.0, 0.0, 1.0],
                [1.0, -0.0, 0.0, -0.0, 0.0, 1e-06, -1.0, 0.486932, 0.0, 1.0, 1e-06, -0.001311, 0.0, 0.0, 0.0, 1.0],
                [1.0, 0.0, 0.0, 0.0, -0.0, 1e-06, -1.0, 0.486932, -0.0, 1.0, 1e-06, -0.001311, 0.0, 0.0, 0.0, 1.0],
                [1.0, 0.0, -0.0, 0.0, -0.0, 1e-06, -1.0, 0.486932, -0.0, 1.0, 1e-06, -0.001311, 0.0, 0.0, 0.0, 1.0],
                [1.0, 0.0, 0.0, -0.0, -0.0, 1e-06, -1.0, 0.486932, -0.0, 1.0, 1e-06, -0.001311, 0.0, 0.0, 0.0, 1.0],
                [1.0, 0.0, 0.0, 0.0, -0.0, 1e-06, -1.0, 0.486932, -0.0, 1.0, 1e-06, -0.001311, 0.0, 0.0, 0.0, 1.0],
                [1.0, -0.0, 0.0, 0.0, 0.0, 1e-06, -1.0, 0.486932, -0.0, 1.0, 1e-06, -0.001311, 0.0, 0.0, 0.0, 1.0],
                [1.0, 0.0, 0.0, -0.0, 0.0, 1e-06, -1.0, 0.486932, -0.0, 1.0, 1e-06, -0.001311, 0.0, 0.0, 0.0, 1.0],
                [1.0, -0.0, 0.0, -0.0, -0.0, 1e-06, -1.0, 0.486932, 0.0, 1.0, 1e-06, -0.001311, 0.0, 0.0, 0.0, 1.0],
                [1.0, -0.0, 0.0, -0.0, 0.0, 1e-06, -1.0, 0.486932, -0.0, 1.0, 1e-06, -0.001311, 0.0, 0.0, 0.0, 1.0],
                [1.0, 0.0, -0.0, 0.0, -0.0, 1e-06, -1.0, 0.486932, 0.0, 1.0, 1e-06, -0.001311, 0.0, 0.0, 0.0, 1.0],
                [1.0, -0.0, -0.0, 0.0, 0.0, 1e-06, -1.0, 0.486932, 0.0, 1.0, 1e-06, -0.001311, 0.0, 0.0, 0.0, 1.0],
                [1.0, -0.0, 0.0, -0.0, -0.0, 1e-06, -1.0, 0.486932, 0.0, 1.0, 1e-06, -0.001311, 0.0, 0.0, 0.0, 1.0],
                [1.0, 0.0, 0.0, 0.0, -0.0, 1e-06, -1.0, 0.486932, -0.0, 1.0, 1e-06, -0.001311, 0.0, 0.0, 0.0, 1.0],
                [1.0, 0.0, 0.0, -0.0, 0.0, 1e-06, -1.0, 0.486932, -0.0, 1.0, 1e-06, -0.001311, 0.0, 0.0, 0.0, 1.0],
                [1.0, 0.0, 0.0, -0.0, -0.0, 1e-06, -1.0, 0.486932, 0.0, 1.0, 1e-06, -0.001311, 0.0, 0.0, 0.0, 1.0],
                [1.0, -0.0, -0.0, 0.0, 0.0, 1e-06, -1.0, 0.486932, -0.0, 1.0, 1e-06, -0.001311, 0.0, 0.0, 0.0, 1.0],
                [1.0, 0.0, 0.0, 0.0, -0.0, 1e-06, -1.0, 0.486932, 0.0, 1.0, 1e-06, -0.001311, 0.0, 0.0, 0.0, 1.0],
                [1.0, -0.0, -0.0, -0.0, -0.0, 1e-06, -1.0, 0.486932, 0.0, 1.0, 1e-06, -0.001311, 0.0, 0.0, 0.0, 1.0],
                [1.0, 0.0, 0.0, -0.0, 0.0, 1e-06, -1.0, 0.486932, 0.0, 1.0, 1e-06, -0.001311, 0.0, 0.0, 0.0, 1.0],
                [1.0, -0.0, 0.0, -0.0, 0.0, 1e-06, -1.0, 0.486932, -0.0, 1.0, 1e-06, -0.001311, 0.0, 0.0, 0.0, 1.0],
                [1.0, 0.0, 0.0, 0.0, -0.0, 1e-06, -1.0, 0.486932, -0.0, 1.0, 1e-06, -0.001311, 0.0, 0.0, 0.0, 1.0],
                [1.0, -0.0, -0.0, -0.0, 0.0, 1e-06, -1.0, 0.486932, 0.0, 1.0, 1e-06, -0.001311, 0.0, 0.0, 0.0, 1.0],
                [1.0, -0.0, -0.0, -0.0, -0.0, 1e-06, -1.0, 0.486932, 0.0, 1.0, 1e-06, -0.001311, 0.0, 0.0, 0.0, 1.0],
                [1.0, 0.0, -0.0, -0.0, -0.0, 1e-06, -1.0, 0.486932, 0.0, 1.0, 1e-06, -0.001311, 0.0, 0.0, 0.0, 1.0],
                [1.0, 0.0, -0.0, 0.0, -0.0, 1e-06, -1.0, 0.486932, -0.0, 1.0, 1e-06, -0.001311, 0.0, 0.0, 0.0, 1.0]
            ]
        },
        {
            "name": "Thigh_L",
            "time": [0.0, 0.2, 0.35, 0.4667, 0.6167, 0.7333, 0.8667, 0.9667, 1.15, 1.3167, 1.5, 1.6667, 1.85, 2.0167, 2.2333, 2.4333, 2.6, 2.8333, 3.0, 3.1667, 3.3667, 3.5, 3.6667, 3.85, 4.0, 4.1667, 4.3333, 4.4833, 4.6333, 4.8, 4.95, 5.1333, 5.25],
            "transform": [
                [0.979665, -0.135695, 0.147789, -0.125006, -0.137202, -0.990543, 1e-06, -0.002831, 0.146391, -0.020277, -0.989019, -1.2e-05, 0.0, 0.0, 0.0, 1.0],
                [0.947099, -0.280844, -0.155336, -0.104426, -0.275852, -0.959723, 0.053257, 0.018506, -0.164037, -0.007589, -0.986425, -1.2e-05, 0.0, 0.0, 0.0, 1.0],
                [0.495479, -0.413615, -0.763821, -0.130873, -0.365121, -0.897065, 0.248919, 0.070818, -0.788153, 0.155554, -0.595497, -1.2e-05, 0.0, 0.0, 0.0, 1.0],
                [0.899781, -0.174136, -0.400088, -0.137297, -0.125961, -0.981539, 0.143926, 0.012475, -0.417765, -0.079106, -0.905104, -1.2e-05, 0.0, 0.0, 0.0, 1.0],
                [0.97962, 0.053256, 0.193666, -0.091867, 0.019029, -0.984479, 0.174465, 0.012475, 0.199952, -0.167224, -0.96543, -0.043622, 0.0, 0.0, 0.0, 1.0],
                [0.939972, -0.245352, 0.237177, -0.091867, -0.276531, -0.954902, 0.108127, 0.012475, 0.199952, -0.167223, -0.96543, -0.043622, 0.0, 0.0, 0.0, 1.0],
                [0.947619, -0.252236, 0.195943, -0.091867, -0.309163, -0.878436, 0.364374, 0.012475, 0.080215, -0.405866, -0.910405, -0.043622, 0.0, 0.0, 0.0, 1.0],
                [0.897156, -0.396501, -0.19467, -0.152201, -0.309163, -0.878436, 0.364374, 0.053236, -0.315479, -0.266715, -0.910678, -0.000805, 0.0, 0.0, 0.0, 1.0],
                [0.882933, -0.438659, -0.167348, -0.152201, -0.227031, -0.710908, 0.665632, 0.012475, -0.410955, -0.549716, -0.727274, -0.000805, 0.0, 0.0, 0.0, 1.0],
                [0.954818, -0.00996, 0.297023, -0.091585, -0.174247, -0.828389, 0.532362, -0.030151, 0.240748, -0.560064, -0.792697, -0.032332, 0.0, 0.0, 0.0, 1.0],
                [0.953966, -0.269515, -0.131567, -0.142257, -0.187901, -0.879009, 0.438219, 0.015309, -0.233755, -0.393324, -0.889187, -0.002286, 0.0, 0.0, 0.0, 1.0],
                [0.389072, -0.660455, -0.642201, -0.10665, -0.188166, -0.739409, 0.646427, 0.044016, -0.901784, -0.130666, -0.411959, 0.082013, 0.0, 0.0, 0.0, 1.0],
                [0.954818, -0.00996, 0.297023, -0.090322, -0.174247, -0.828389, 0.532362, -0.036176, 0.240748, -0.560064, -0.792697, -0.022863, 0.0, 0.0, 0.0, 1.0],
                [0.947099, -0.280844, -0.155336, -0.131113, -0.275852, -0.959723, 0.053257, 0.031771, -0.164037, -0.007589, -0.986425, -1.2e-05, 0.0, 0.0, 0.0, 1.0],
                [0.495479, -0.413615, -0.763821, -0.145775, -0.365121, -0.897065, 0.248919, 0.083404, -0.788153, 0.155554, -0.595497, -1.2e-05, 0.0, 0.0, 0.0, 1.0],
                [0.97962, 0.053256, 0.193666, -0.091867, 0.019029, -0.984479, 0.174465, 0.012475, 0.199952, -0.167224, -0.96543, -0.043622, 0.0, 0.0, 0.0, 1.0],
                [0.947619, -0.252236, 0.195943, -0.091867, -0.309163, -0.878436, 0.364374, 0.012475, 0.080215, -0.405866, -0.910405, -0.043622, 0.0, 0.0, 0.0, 1.0],
                [0.881043, -0.438793, -0.176701, -0.152201, -0.35247, -0.858093, 0.373418, 0.066635, -0.315479, -0.266715, -0.910678, 0.018174, 0.0, 0.0, 0.0, 1.0],
                [0.411331, -0.853047, -0.321118, -0.133927, -0.156328, -0.413106, 0.897164, 0.002803, -0.897979, -0.318832, -0.303279, -0.000805, 0.0, 0.0, 0.0, 1.0],
                [0.791573, -0.56083, 0.242653, -0.093204, -0.591694, -0.80266, 0.075062, 0.017092, 0.152671, -0.202993, -0.967205, -0.04168, 0.0, 0.0, 0.0, 1.0],
                [0.926803, -0.25237, 0.278108, -0.137679, -0.355699, -0.352354, 0.865635, -0.022562, -0.120467, -0.901197, -0.416331, 0.002239, 0.0, 0.0, 0.0, 1.0],
                [0.548815, -0.778001, -0.305804, -0.128672, -0.126628, -0.43897, 0.889534, 0.037286, -0.826297, -0.449467, -0.33943, 0.085293, 0.0, 0.0, 0.0, 1.0],
                [0.536393, -0.838329, -0.097406, -0.086579, -0.024905, -0.131087, 0.991058, 0.04194, -0.8436, -0.52917, -0.091193, -0.010581, 0.0, 0.0, 0.0, 1.0],
                [0.653985, -0.748946, 0.106692, -0.087232, -0.756493, -0.646588, 0.098192, 0.014679, -0.004555, -0.144928, -0.989431, -0.010484, 0.0, 0.0, 0.0, 1.0],
                [0.354971, -0.366207, 0.860167, -0.087232, -0.81614, -0.570145, 0.094069, 0.014679, 0.455972, -0.735409, -0.501261, -0.010484, 0.0, 0.0, 0.0, 1.0],
                [0.194027, -0.855405, -0.480245, -0.129077, -0.584095, -0.49405, 0.644008, 0.037714, -0.788153, 0.155554, -0.595497, -1.2e-05, 0.0, 0.0, 0.0, 1.0],
                [0.270245, -0.93365, -0.235084, -0.124054, -0.267566, -0.307381, 0.913194, 0.042877, -0.924865, -0.183886, -0.332881, 0.000348, 0.0, 0.0, 0.0, 1.0],
                [0.719652, -0.199102, 0.665175, -0.123067, -0.691297, -0.294948, 0.65963, -0.006817, 0.064858, -0.934539, -0.349899, -0.004789, 0.0, 0.0, 0.0, 1.0],
                [0.258756, -0.937962, -0.230808, -0.148547, -0.109354, -0.265855, 0.95779, 0.044236, -0.959732, -0.222594, -0.171362, -0.000805, 0.0, 0.0, 0.0, 1.0],
                [0.652862, -0.752171, 0.089492, -0.087232, -0.415845, -0.257155, 0.872321, 0.014679, -0.633121, -0.606721, -0.480674, -0.010484, 0.0, 0.0, 0.0, 1.0],
                [0.766945, -0.558259, 0.316452, -0.091867, -0.636678, -0.723616, 0.266496, -0.046754, 0.080216, -0.405866, -0.910405, -0.043622, 0.0, 0.0, 0.0, 1.0],
                [0.901407, -0.384134, -0.199764, -0.139853, -0.271066, -0.860452, 0.431445, 0.054161, -0.33762, -0.334758, -0.879744, -0.000805, 0.0, 0.0, 0.0, 1.0],
                [0.979665, -0.135695, 0.147789, -0.125006, -0.137202, -0.990543, 1e-06, -0.002831, 0.146391, -0.020277, -0.989019, -1.2e-05, 0.0, 0.0, 0.0, 1.0]
            ]
        },
        {
            "name": "Leg_L",
            "time": [0.0, 0.2, 0.35, 0.4667, 0.6167, 0.7333, 0.8667, 0.9667, 1.15, 1.3167, 1.5, 1.6667, 1.85, 2.0167, 2.2333, 2.4333, 2.6, 2.8333, 3.0, 3.1667, 3.3667, 3.5, 3.6667, 3.85, 4.0, 4.1667, 4.3333, 4.4833, 4.6333, 4.8, 4.95, 5.1333, 5.25],
            "transform": [
                [0.99985, 0.012268, 0.012262, -0.0, -0.013262, 0.996332, 0.084541, 0.374726, -0.01118, -0.084691, 0.996345, -0.0, 0.0, 0.0, 0.0, 1.0],
                [0.999329, -0.01106, 0.034923, 0.0, 0.003566, 0.978177, 0.207744, 0.374726, -0.036459, -0.20748, 0.97756, 0.0, 0.0, 0.0, 0.0, 1.0],
                [0.989234, 0.102634, 0.104317, 0.0, -0.133916, 0.92232, 0.36248, 0.374726, -0.059011, -0.372547, 0.926136, 0.0, 0.0, 0.0, 0.0, 1.0],
                [0.995006, -0.091749, 0.039326, 0.0, 0.07055, 0.925063, 0.373203, 0.374726, -0.07062, -0.368564, 0.926916, 0.0, 0.0, 0.0, 0.0, 1.0],
                [0.972353, -0.220828, 0.07593, -0.0, 0.123086, 0.760993, 0.636976, 0.374726, -0.198445, -0.610019, 0.767135, -0.0, 0.0, 0.0, 0.0, 1.0],
                [0.972353, -0.220828, 0.07593, 0.0, 0.123086, 0.760993, 0.636976, 0.374726, -0.198445, -0.610019, 0.767135, 0.0, 0.0, 0.0, 0.0, 1.0],
                [0.978062, -0.012009, -0.207969, -0.0, 0.159127, 0.687364, 0.708667, 0.374726, 0.13444, -0.726213, 0.674196, 0.0, 0.0, 0.0, 0.0, 1.0],
                [0.978062, -0.012009, -0.207969, 0.0, 0.159127, 0.687364, 0.708667, 0.374726, 0.13444, -0.726213, 0.674196, -0.0, 0.0, 0.0, 0.0, 1.0],
                [0.981176, -0.106021, -0.161409, 0.0, 0.192383, 0.463925, 0.864733, 0.374726, -0.016798, -0.879507, 0.475589, 0.0, 0.0, 0.0, 0.0, 1.0],
                [0.981176, -0.106021, -0.161409, 0.0, 0.192383, 0.463925, 0.864733, 0.374726, -0.016798, -0.879507, 0.475589, -0.0, 0.0, 0.0, 0.0, 1.0],
                [0.991051, -0.064281, -0.116985, -0.0, 0.115336, 0.853566, 0.508057, 0.374726, 0.067196, -0.517003, 0.853342, -0.0, 0.0, 0.0, 0.0, 1.0],
                [0.992004, 0.102119, -0.074157, 0.0, -0.016537, 0.687708, 0.725799, 0.374726, 0.125116, -0.718769, 0.683899, 0.0, 0.0, 0.0, 0.0, 1.0],
                [0.981176, -0.106021, -0.161409, 0.0, 0.192383, 0.463925, 0.864733, 0.374726, -0.016798, -0.879507, 0.475589, -0.0, 0.0, 0.0, 0.0, 1.0],
                [0.999329, -0.01106, 0.034923, 0.0, 0.003566, 0.978177, 0.207744, 0.374726, -0.036459, -0.20748, 0.97756, -0.0, 0.0, 0.0, 0.0, 1.0],
                [0.989234, 0.102634, 0.104317, 0.0, -0.133916, 0.92232, 0.36248, 0.374726, -0.059011, -0.372547, 0.926136, 0.0, 0.0, 0.0, 0.0, 1.0],
                [0.972353, -0.220828, 0.07593, -0.0, 0.123086, 0.760993, 0.636976, 0.374726, -0.198445, -0.610019, 0.767135, -0.0, 0.0, 0.0, 0.0, 1.0],
                [0.978062, -0.012009, -0.207969, -0.0, 0.159127, 0.687364, 0.708667, 0.374726, 0.13444, -0.726213, 0.674196, 0.0, 0.0, 0.0, 0.0, 1.0],
                [0.978062, -0.012009, -0.207969, 0.0, 0.159127, 0.687364, 0.708667, 0.374726, 0.13444, -0.726213, 0.674196, -0.0, 0.0, 0.0, 0.0, 1.0],
                [0.978062, -0.012009, -0.207969, -0.0, 0.159127, 0.687364, 0.708667, 0.374726, 0.13444, -0.726213, 0.674196, -0.0, 0.0, 0.0, 0.0, 1.0],
                [0.986102, -0.003431, 0.166104, 0.0, -0.095911, 0.804608, 0.58601, 0.374726, -0.135659, -0.593797, 0.793097, 0.0, 0.0, 0.0, 0.0, 1.0],
                [0.998986, -0.036845, 0.025878, -0.0, -0.014533, 0.280115, 0.959857, 0.374726, -0.042615, -0.959259, 0.279295, 0.0, 0.0, 0.0, 0.0, 1.0],
                [0.998237, -0.058219, 0.011589, 0.0, 0.015044, 0.436977, 0.899347, 0.374726, -0.057424, -0.897586, 0.437082, -0.0, 0.0, 0.0, 0.0, 1.0],
                [0.966871, 0.149465, -0.206931, 0.0, 0.179296, 0.179371, 0.967305, 0.374726, 0.181696, -0.972361, 0.14663, 0.0, 0.0, 0.0, 0.0, 1.0],
                [0.974274, -0.04297, 0.221233, 0.0, -0.086001, 0.836482, 0.541203, 0.374726, -0.208313, -0.546306, 0.811268, 0.0, 0.0, 0.0, 0.0, 1.0],
                [0.945212, 0.306643, -0.111998, -0.0, 0.022714, 0.280466, 0.959595, 0.374726, 0.325665, -0.909565, 0.258135, -0.0, 0.0, 0.0, 0.0, 1.0],
                [0.892135, 0.305383, 0.332922, -0.0, -0.451569, 0.624766, 0.636987, 0.374726, -0.013474, -0.718616, 0.695277, 0.0, 0.0, 0.0, 0.0, 1.0],
                [0.989058, 0.063868, -0.132984, -0.0, 0.071542, 0.580687, 0.810978, 0.374726, 0.129017, -0.811618, 0.569764, -0.0, 0.0, 0.0, 0.0, 1.0],
                [0.927737, 0.295899, 0.227482, 0.0, -0.200652, -0.118509, 0.972468, 0.374726, 0.314712, -0.947839, -0.050573, -0.0, 0.0, 0.0, 0.0, 1.0],
                [0.982717, 0.159548, -0.093869, -0.0, 0.022418, 0.400779, 0.915901, 0.374726, 0.183751, -0.902175, 0.390276, 0.0, 0.0, 0.0, 0.0, 1.0],
                [0.984097, 0.170128, -0.051082, 0.0, -0.010644, 0.343535, 0.93908, 0.374726, 0.177312, -0.923602, 0.339883, -0.0, 0.0, 0.0, 0.0, 1.0],
                [0.978062, -0.012009, -0.207969, 0.0, 0.159127, 0.687364, 0.708667, 0.374726, 0.13444, -0.726213, 0.674196, -0.0, 0.0, 0.0, 0.0, 1.0],
                [0.978062, -0.012009, -0.207969, 0.0, 0.159127, 0.687364, 0.708667, 0.374726, 0.13444, -0.726213, 0.674196, 0.0, 0.0, 0.0, 0.0, 1.0],
                [0.99985, 0.012268, 0.012262, -0.0, -0.013262, 0.996332, 0.084541, 0.374726, -0.01118, -0.084691, 0.996345, -0.0, 0.0, 0.0, 0.0, 1.0]
            ]
        },
        {
            "name": "Knee_L",
            "time": [0.0, 0.2, 0.35, 0.4667, 0.6167, 0.7333, 0.8667, 0.9667, 1.15, 1.3167, 1.5, 1.6667, 1.85, 2.0167, 2.2333, 2.4333, 2.6, 2.8333, 3.0, 3.1667, 3.3667, 3.5, 3.6667, 3.85, 4.0, 4.1667, 4.3333, 4.4833, 4.6333, 4.8, 4.95, 5.1333, 5.25],
            "transform": [
                [1.0, 0.0, 0.0, 0.0, 0.0, 1e-06, -1.0, 0.459884, 0.0, 1.0, 1e-06, -0.004006, 0.0, 0.0, 0.0, 1.0],
                [1.0, 0.0, -0.0, 0.0, 0.0, 1e-06, -1.0, 0.459884, -0.0, 1.0, 1e-06, -0.004006, 0.0, 0.0, 0.0, 1.0],
                [1.0, -0.0, 0.0, 0.0, 0.0, 1e-06, -1.0, 0.459884, 0.0, 1.0, 1e-06, -0.004006, 0.0, 0.0, 0.0, 1.0],
                [1.0, 0.0, 0.0, 0.0, 0.0, 1e-06, -1.0, 0.459884, 0.0, 1.0, 1e-06, -0.004006, 0.0, 0.0, 0.0, 1.0],
                [1.0, 0.0, -0.0, -0.0, 0.0, 1e-06, -1.0, 0.459884, -0.0, 1.0, 1e-06, -0.004006, 0.0, 0.0, 0.0, 1.0],
                [1.0, -0.0, 0.0, 0.0, 0.0, 1e-06, -1.0, 0.459884, 0.0, 1.0, 1e-06, -0.004006, 0.0, 0.0, 0.0, 1.0],
                [1.0, -0.0, 0.0, -0.0, 0.0, 1e-06, -1.0, 0.459884, 0.0, 1.0, 1e-06, -0.004006, 0.0, 0.0, 0.0, 1.0],
                [1.0, 0.0, 0.0, -0.0, 0.0, 1e-06, -1.0, 0.459884, -0.0, 1.0, 1e-06, -0.004006, 0.0, 0.0, 0.0, 1.0],
                [1.0, -0.0, -0.0, 0.0, -0.0, 1e-06, -1.0, 0.459884, 0.0, 1.0, 1e-06, -0.004006, 0.0, 0.0, 0.0, 1.0],
                [1.0, 0.0, -0.0, -0.0, 0.0, 1e-06, -1.0, 0.459884, 0.0, 1.0, 1e-06, -0.004006, 0.0, 0.0, 0.0, 1.0],
                [1.0, 0.0, -0.0, -0.0, 0.0, 1e-06, -1.0, 0.459884, 0.0, 1.0, 1e-06, -0.004006, 0.0, 0.0, 0.0, 1.0],
                [1.0, -0.0, 0.0, 0.0, 0.0, 1e-06, -1.0, 0.459884, -0.0, 1.0, 1e-06, -0.004006, 0.0, 0.0, 0.0, 1.0],
                [1.0, 0.0, -0.0, 0.0, 0.0, 1e-06, -1.0, 0.459884, 0.0, 1.0, 1e-06, -0.004006, 0.0, 0.0, 0.0, 1.0],
                [1.0, 0.0, -0.0, 0.0, 0.0, 1e-06, -1.0, 0.459884, -0.0, 1.0, 1e-06, -0.004006, 0.0, 0.0, 0.0, 1.0],
                [1.0, -0.0, 0.0, -0.0, 0.0, 1e-06, -1.0, 0.459884, 0.0, 1.0, 1e-06, -0.004006, 0.0, 0.0, 0.0, 1.0],
                [1.0, 0.0, -0.0, -0.0, 0.0, 1e-06, -1.0, 0.459884, -0.0, 1.0, 1e-06, -0.004006, 0.0, 0.0, 0.0, 1.0],
                [1.0, -0.0, 0.0, -0.0, 0.0, 1e-06, -1.0, 0.459884, 0.0, 1.0, 1e-06, -0.004006, 0.0, 0.0, 0.0, 1.0],
                [1.0, 0.0, 0.0, 0.0, 0.0, 1e-06, -1.0, 0.459884, 0.0, 1.0, 1e-06, -0.004006, 0.0, 0.0, 0.0, 1.0],
                [1.0, -0.0, 0.0, 0.0, -0.0, 1e-06, -1.0, 0.459884, 0.0, 1.0, 1e-06, -0.004006, 0.0, 0.0, 0.0, 1.0],
                [1.0, -0.0, 0.0, 0.0, -0.0, 1e-06, -1.0, 0.459884, 0.0, 1.0, 1e-06, -0.004006, 0.0, 0.0, 0.0, 1.0],
                [1.0, -0.0, 0.0, -0.0, 0.0, 1e-06, -1.0, 0.459884, 0.0, 1.0, 1e-06, -0.004006, 0.0, 0.0, 0.0, 1.0],
                [1.0, 0.0, -0.0, -0.0, -0.0, 1e-06, -1.0, 0.459884, 0.0, 1.0, 1e-06, -0.004006, 0.0, 0.0, 0.0, 1.0],
                [1.0, 0.0, -0.0, 0.0, 0.0, 1e-06, -1.0, 0.459884, -0.0, 1.0, 1e-06, -0.004006, 0.0, 0.0, 0.0, 1.0],
                [1.0, -0.0, -0.0, 0.0, 0.0, 1e-06, -1.0, 0.459884, 0.0, 1.0, 1e-06, -0.004006, 0.0, 0.0, 0.0, 1.0],
                [1.0, -0.0, -0.0, -0.0, 0.0, 1e-06, -1.0, 0.459884, -0.0, 1.0, 1e-06, -0.004006, 0.0, 0.0, 0.0, 1.0],
                [1.0, -0.0, 0.0, -0.0, 0.0, 1e-06, -1.0, 0.459884, -0.0, 1.0, 1e-06, -0.004005, 0.0, 0.0, 0.0, 1.0],
                [1.0, 0.0, -0.0, -0.0, 0.0, 1e-06, -1.0, 0.459884, -0.0, 1.0, 1e-06, -0.004006, 0.0, 0.0, 0.0, 1.0],
                [1.0, -0.0, -0.0, 0.0, 0.0, 1e-06, -1.0, 0.459884, 0.0, 1.0, 1e-06, -0.004006, 0.0, 0.0, 0.0, 1.0],
                [1.0, 0.0, -0.0, 0.0, 0.0, 1e-06, -1.0, 0.459884, 0.0, 1.0, 1e-06, -0.004006, 0.0, 0.0, 0.0, 1.0],
                [1.0, -0.0, 0.0, 0.0, -0.0, 1e-06, -1.0, 0.459884, 0.0, 1.0, 1e-06, -0.004006, 0.0, 0.0, 0.0, 1.0],
                [1.0, 0.0, -0.0, 0.0, -0.0, 1e-06, -1.0, 0.459884, 0.0, 1.0, 1e-06, -0.004006, 0.0, 0.0, 0.0, 1.0],
                [1.0, 0.0, -0.0, -0.0, -0.0, 1e-06, -1.0, 0.459884, -0.0, 1.0, 1e-06, -0.004006, 0.0, 0.0, 0.0, 1.0],
                [1.0, 0.0, 0.0, 0.0, 0.0, 1e-06, -1.0, 0.459884, 0.0, 1.0, 1e-06, -0.004006, 0.0, 0.0, 0.0, 1.0]
            ]
        },
        {
            "name": "Torso",
            "time": [0.0, 0.2, 0.35, 0.4667, 0.6167, 0.7333, 0.8667, 0.9667, 1.15, 1.3167, 1.5, 1.6667, 1.85, 2.0167, 2.2333, 2.4333, 2.6, 2.8333, 3.0, 3.1667, 3.3667, 3.5, 3.6667, 3.85, 4.0, 4.1667, 4.3333, 4.4833, 4.6333, 4.8, 4.95, 5.1333, 5.25],
            "transform": [
                [0.999533, -0.030568, 0.0, 0.0, 0.030568, 0.999533, 0.0, 0.05, 0.0, 0.0, 1.0, 0.0, 0.0, 0.0, 0.0, 1.0],
                [0.985606, 0.169059, 0.0, 0.0, -0.169059, 0.985606, 0.0, 0.05, 0.0, 0.0, 1.0, 0.0, 0.0, 0.0, 0.0, 1.0],
                [0.83852, 0.45635, 0.297705, 0.0, -0.449181, 0.888226, -0.096386, 0.05, -0.308415, -0.052902, 0.94978, 0.0, 0.0, 0.0, 0.0, 1.0],
                [0.996609, 0.021818, -0.079337, 0.0, -0.038213, 0.976642, -0.211449, 0.05, 0.072871, 0.213764, 0.974164, 0.0, 0.0, 0.0, 0.0, 1.0],
                [0.893107, -0.253168, -0.371842, 0.0, 0.178517, 0.958191, -0.223612, 0.05, 0.412907, 0.13333, 0.900961, 0.0, 0.0, 0.0, 0.0, 1.0],
                [0.939484, -0.248947, -0.235364, 0.0, 0.193382, 0.952441, -0.235497, 0.05, 0.282797, 0.17573, 0.942945, 0.0, 0.0, 0.0, 0.0, 1.0],
                [0.939484, -0.248947, -0.235364, 0.0, 0.193382, 0.952441, -0.235497, 0.05, 0.282797, 0.17573, 0.942945, 0.0, 0.0, 0.0, 0.0, 1.0],
                [0.913744, 0.393212, 0.102255, 0.0, -0.313272, 0.842129, -0.438953, 0.05, -0.258713, 0.369057, 0.892672, 0.0, 0.0, 0.0, 0.0, 1.0],
                [0.980792, 0.102582, -0.165904, -0.0, -0.112159, 0.992461, -0.049404, 0.05, 0.159585, 0.067063, 0.984904, 0.0, 0.0, 0.0, 0.0, 1.0],
                [0.982932, -0.105234, -0.150897, 0.0, 0.059258, 0.957631, -0.281837, 0.05, 0.174163, 0.268085, 0.947522, -0.0, 0.0, 0.0, 0.0, 1.0],
                [0.997967, 0.050751, 0.038554, 0.0, -0.039553, 0.9675, -0.249758, 0.05, -0.049977, 0.247726, 0.96754, -0.0, 0.0, 0.0, 0.0, 1.0],
                [0.678212, 0.582082, 0.448564, 0.0, -0.441915, 0.810752, -0.383917, 0.05, -0.587145, 0.06215, 0.807092, 0.0, 0.0, 0.0, 0.0, 1.0],
                [0.982932, -0.105234, -0.150897, 0.0, 0.059258, 0.957631, -0.281837, 0.05, 0.174163, 0.268085, 0.947522, 0.0, 0.0, 0.0, 0.0, 1.0],
                [0.985606, 0.169059, 0.0, 0.0, -0.169059, 0.985606, 0.0, 0.05, 0.0, 0.0, 1.0, 0.0, 0.0, 0.0, 0.0, 1.0],
                [0.83852, 0.45635, 0.297705, 0.0, -0.449181, 0.888226, -0.096386, 0.05, -0.308415, -0.052902, 0.94978, 0.0, 0.0, 0.0, 0.0, 1.0],
                [0.893107, -0.253168, -0.371842, 0.0, 0.178517, 0.958191, -0.223612, 0.05, 0.412907, 0.13333, 0.900961, 0.0, 0.0, 0.0, 0.0, 1.0],
                [0.939484, -0.248947, -0.235364, 0.0, 0.193382, 0.952441, -0.235497, 0.05, 0.282797, 0.17573, 0.942945, 0.0, 0.0, 0.0, 0.0, 1.0],
                [0.913744, 0.393212, 0.102255, 0.0, -0.313272, 0.842129, -0.438953, 0.05, -0.258713, 0.369057, 0.892672, 0.0, 0.0, 0.0, 0.0, 1.0],
                [0.992738, 0.065083, 0.101167, 0.0, -0.009825, 0.88206, -0.471035, 0.05, -0.119891, 0.46662, 0.876294, 0.0, 0.0, 0.0, 0.0, 1.0],
                [0.892912, -0.310626, -0.325913, 0.0, 0.158274, 0.894242, -0.418666, 0.05, 0.421494, 0.322249, 0.847643, 0.0, 0.0, 0.0, 0.0, 1.0],
                [0.992992, 0.092894, -0.07306, -0.0, -0.107894, 0.964841, -0.239668, 0.05, 0.048227, 0.245871, 0.968102, -0.0, 0.0, 0.0, 0.0, 1.0],
                [0.678212, 0.582082, 0.448564, 0.0, -0.441915, 0.810752, -0.383917, 0.05, -0.587145, 0.06215, 0.807092, -0.0, 0.0, 0.0, 0.0, 1.0],
                [0.995061, 0.052192, -0.084432, 0.0, -0.075047, 0.952303, -0.295783, 0.05, 0.064968, 0.300659, 0.951516, -0.0, 0.0, 0.0, 0.0, 1.0],
                [0.938705, -0.032672, -0.343168, 0.0, -0.072726, 0.954323, -0.289792, 0.05, 0.336961, 0.296986, 0.893452, -0.0, 0.0, 0.0, 0.0, 1.0],
                [0.93782, -0.013205, -0.34687, 0.0, -0.134259, 0.907708, -0.397545, 0.05, 0.320106, 0.419396, 0.849494, 0.0, 0.0, 0.0, 0.0, 1.0],
                [0.83852, 0.45635, 0.297705, -0.0, -0.449181, 0.888226, -0.096386, 0.05, -0.308415, -0.052902, 0.94978, 0.0, 0.0, 0.0, 0.0, 1.0],
                [0.995061, 0.052192, -0.084432, 0.0, -0.075047, 0.952303, -0.295783, 0.05, 0.064968, 0.300659, 0.951516, -0.0, 0.0, 0.0, 0.0, 1.0],
                [0.941671, -0.009958, -0.336387, 0.0, -0.131196, 0.909615, -0.394193, 0.05, 0.309908, 0.415333, 0.855252, 0.0, 0.0, 0.0, 0.0, 1.0],
                [0.913744, 0.393212, 0.102255, 0.0, -0.313272, 0.842129, -0.438953, 0.05, -0.258713, 0.369057, 0.892672, 0.0, 0.0, 0.0, 0.0, 1.0],
                [0.93782, -0.013205, -0.34687, 0.0, -0.134259, 0.907708, -0.397545, 0.05, 0.320106, 0.419396, 0.849494, -0.0, 0.0, 0.0, 0.0, 1.0],
                [0.939484, -0.248947, -0.235364, -0.0, 0.193382, 0.952442, -0.235497, 0.05, 0.282797, 0.17573, 0.942945, 0.0, 0.0, 0.0, 0.0, 1.0],
