{
    "animation": [
        {
            "name": "Root",
            "time": [0.0, 0.1667, 0.3333],
            "transform": [
                [1.0, 0.0, 0.0, -5e-06, 0.0, 0.0, -1.0, 0.000946, 0.0, 1.0, 0.0, 0.611544, 0.0, 0.0, 0.0, 1.0],
                [1.0, 0.0, 0.0, -5e-06, 0.0, 0.0, -1.0, 0.000946, 0.0, 1.0, 0.0, 0.567539, 0.0, 0.0, 0.0, 1.0],
                [1.0, 0.0, 0.0, -5e-06, 0.0, 0.0, -1.0, 0.000946, 0.0, 1.0, 0.0, 0.611544, 0.0, 0.0, 0.0, 1.0]
            ]
        },
        {
            "name": "Thigh_R",
            "time": [0.0, 0.1667, 0.3333],
            "transform": [
                [0.631261, 0.623492, 0.461265, 0.124994, -0.091013, -0.531079, 0.84242, -0.002831, 0.770211, -0.573766, -0.278505, -1.2e-05, 0.0, 0.0, 0.0, 1.0],
                [0.621439, 0.696555, 0.358641, 0.124994, -0.095226, -0.387215, 0.917059, -0.002831, 0.777654, -0.604046, -0.174301, -1.2e-05, 0.0, 0.0, 0.0, 1.0],
                [0.631261, 0.623492, 0.461265, 0.124994, -0.091013, -0.531079, 0.84242, -0.002831, 0.770211, -0.573766, -0.278505, -1.2e-05, 0.0, 0.0, 0.0, 1.0]
            ]
        },
        {
            "name": "Leg_R",
            "time": [0.0, 0.1667, 0.3333],
            "transform": [
                [0.999782, 0.010782, -0.017877, -0.0, 0.010781, 0.466666, 0.884367, 0.374726, 0.017877, -0.884369, 0.466448, -0.0, 0.0, 0.0, 0.0, 1.0],
                [0.99878, 0.048678, 0.008278, -0.0, -0.02245, 0.298373, 0.954185, 0.374726, 0.043978, -0.953208, 0.299102, 0.0, 0.0, 0.0, 0.0, 1.0],
                [0.999782, 0.010782, -0.017877, -0.0, 0.010781, 0.466666, 0.884367, 0.374726, 0.017877, -0.884369, 0.466448, -0.0, 0.0, 0.0, 0.0, 1.0]
            ]
        },
        {
            "name": "Knee_R",
            "time": [0.0, 0.1667, 0.3333],
            "transform": [
                [1.0, 0.0, -0.0, -0.0, 0.0, 1e-06, -1.0, 0.486932, -0.0, 1.0, 1e-06, -0.001311, 0.0, 0.0, 0.0, 1.0],
                [1.0, -0.0, 0.0, -0.0, -0.0, 1e-06, -1.0, 0.486932, -0.0, 1.0, 1e-06, -0.001311, 0.0, 0.0, 0.0, 1.0],
                [1.0, 0.0, -0.0, -0.0, 0.0, 1e-06, -1.0, 0.486932, -0.0, 1.0, 1e-06, -0.001311, 0.0, 0.0, 0.0, 1.0]
            ]
        },
        {
            "name": "Thigh_L",
            "time": [0.0, 0.1667, 0.3333],
            "transform": [
                [0.776337, -0.550478, -0.307041, -0.125006, 0.009442, -0.476911, 0.878901, -0.002831, -0.630247, -0.685223, -0.365046, -1.2e-05, 0.0, 0.0, 0.0, 1.0],
                [0.790282, -0.611209, -0.043326, -0.125006, -0.229159, -0.360396, 0.904212, -0.002831, -0.568277, -0.704655, -0.424879, -1.2e-05, 0.0, 0.0, 0.0, 1.0],
                [0.776337, -0.550478, -0.307041, -0.125006, 0.009442, -0.476911, 0.878901, -0.002831, -0.630247, -0.685223, -0.365046, -1.2e-05, 0.0, 0.0, 0.0, 1.0]
            ]
        },
        {
            "name": "Leg_L",
            "time": [0.0, 0.1667, 0.3333],
            "transform": [
                [0.999507, -0.015414, 0.027354, -0.0, -0.015415, 0.5181, 0.855181, 0.374726, -0.027354, -0.855181, 0.517607, 0.0, 0.0, 0.0, 0.0, 1.0],
                [0.965652, 0.255759, -0.045863, -0.0, -0.052527, 0.365003, 0.929524, 0.374726, 0.254474, -0.895187, 0.3659, -0.0, 0.0, 0.0, 0.0, 1.0],
                [0.999507, -0.015414, 0.027354, -0.0, -0.015415, 0.5181, 0.855181, 0.374726, -0.027354, -0.855181, 0.517607, 0.0, 0.0, 0.0, 0.0, 1.0]
            ]
        },
        {
            "name": "Knee_L",
            "time": [0.0, 0.1667, 0.3333],
            "transform": [
                [1.0, 0.0, -0.0, -0.0, -0.0, 1e-06, -1.0, 0.459884, -0.0, 1.0, 1e-06, -0.004006, 0.0, 0.0, 0.0, 1.0],
                [1.0, -0.0, -0.0, -0.0, 0.0, 1e-06, -1.0, 0.459884, 0.0, 1.0, 1e-06, -0.004006, 0.0, 0.0, 0.0, 1.0],
                [1.0, 0.0, -0.0, -0.0, -0.0, 1e-06, -1.0, 0.459884, -0.0, 1.0, 1e-06, -0.004006, 0.0, 0.0, 0.0, 1.0]
            ]
        },
        {
            "name": "Torso",
            "time": [0.0, 0.1667, 0.3333],
            "transform": [
                [1.0, 0.0, 0.0, 0.0, 0.0, 0.575904, 0.817517, 0.05, 0.0, -0.817517, 0.575904, 0.0, 0.0, 0.0, 0.0, 1.0],
                [1.0, 0.0, 0.0, 0.0, 0.0, 0.953451, 0.301548, 0.05, 0.0, -0.301548, 0.953451, 0.0, 0.0, 0.0, 0.0, 1.0],
                [1.0, 0.0, 0.0, 0.0, 0.0, 0.575904, 0.817517, 0.05, 0.0, -0.817517, 0.575904, 0.0, 0.0, 0.0, 0.0, 1.0]
            ]
        },
        {
            "name": "Chest",
            "time": [0.0, 0.1667, 0.3333],
            "transform": [
                [1.0, 0.0, 0.0, 0.0, 0.0, 0.745086, -0.666969, 0.3, 0.0, 0.666969, 0.745086, 0.0, 0.0, 0.0, 0.0, 1.0],
                [1.0, 0.0, 0.0, -0.0, 0.0, 0.999499, 0.031649, 0.3, 0.0, -0.031649, 0.999499, -0.0, 0.0, 0.0, 0.0, 1.0],
                [1.0, 0.0, 0.0, 0.0, 0.0, 0.745086, -0.666969, 0.3, 0.0, 0.666969, 0.745086, 0.0, 0.0, 0.0, 0.0, 1.0]
            ]
        },
        {
            "name": "Head",
            "time": [0.0, 0.1667, 0.3333],
            "transform": [
                [1.0, 0.0, 0.0, 0.0, 0.0, 0.97251, -0.232863, 0.4, 0.0, 0.232863, 0.97251, 0.0, 0.0, 0.0, 0.0, 1.0],
                [1.0, 0.0, 0.0, 0.0, 0.0, 0.97251, -0.232863, 0.4, 0.0, 0.232863, 0.97251, -0.0, 0.0, 0.0, 0.0, 1.0],
                [1.0, 0.0, 0.0, 0.0, 0.0, 0.97251, -0.232863, 0.4, 0.0, 0.232863, 0.97251, 0.0, 0.0, 0.0, 0.0, 1.0]
            ]
        },
        {
            "name": "Shoulder_R",
            "time": [0.0, 0.1667, 0.3333],
            "transform": [
                [0.0, 0.952114, 0.305743, 0.0, 0.0, -0.305743, 0.952114, 0.4, 1.0, 0.0, -0.0, 0.0, 0.0, 0.0, 0.0, 1.0],
                [0.0, 0.952114, 0.305743, 0.0, 0.0, -0.305743, 0.952114, 0.4, 1.0, 0.0, -0.0, -0.0, 0.0, 0.0, 0.0, 1.0],
                [0.0, 0.952114, 0.305743, 0.0, 0.0, -0.305743, 0.952114, 0.4, 1.0, 0.0, -0.0, 0.0, 0.0, 0.0, 0.0, 1.0]
            ]
        },
        {
            "name": "Arm_R",
            "time": [0.0, 0.1667, 0.3333],
            "transform": [
                [-0.015447, -0.252601, -0.967447, 0.0, 0.913687, 0.389432, -0.116269, 0.39386, 0.406125, -0.88574, 0.224783, -0.0, 0.0, 0.0, 0.0, 1.0],
                [-0.015447, -0.252601, -0.967447, 0.0, 0.913687, 0.389432, -0.116269, 0.393861, 0.406125, -0.88574, 0.224783, -0.0, 0.0, 0.0, 0.0, 1.0],
                [-0.015447, -0.252601, -0.967447, 0.0, 0.913687, 0.389432, -0.116269, 0.39386, 0.406125, -0.88574, 0.224783, -0.0, 0.0, 0.0, 0.0, 1.0]
            ]
        },
        {
            "name": "Hand_R",
            "time": [0.0, 0.1667, 0.3333],
            "transform": [
                [0.998102, -0.038544, -0.048037, 0.0, 0.038919, 0.999219, 0.006891, 0.300002, 0.047734, -0.008747, 0.998822, -0.0, 0.0, 0.0, 0.0, 1.0],
                [0.998102, -0.038544, -0.048037, -0.0, 0.038919, 0.999219, 0.006891, 0.300003, 0.047734, -0.008747, 0.998822, 0.0, 0.0, 0.0, 0.0, 1.0],
                [0.998102, -0.038544, -0.048037, 0.0, 0.038919, 0.999219, 0.006891, 0.300002, 0.047734, -0.008747, 0.998822, -0.0, 0.0, 0.0, 0.0, 1.0]
            ]
        },
        {
            "name": "Tool_R",
            "time": [0.0, 0.3333],
            "transform": [
                [0.0, 0.0, 0.0, 0.0, 0.0, 0.0, 0.0, 0.272858, 0.0, 0.0, 0.0, 0.0, 0.0, 0.0, 0.0, 1.0],
                [0.0, 0.0, 0.0, 0.0, 0.0, 0.0, 0.0, 0.272858, 0.0, 0.0, 0.0, 0.0, 0.0, 0.0, 0.0, 1.0]
            ]
        },
        {
            "name": "Elbow_R",
            "time": [0.0, 0.1667, 0.3333],
            "transform": [
                [-1.0, -0.0, -0.0, -4.9e-05, 0.0, -0.0, -1.0, 0.370249, 0.0, -1.0, -0.0, 0.000652, 0.0, 0.0, 0.0, 1.0],
                [-1.0, 0.0, -0.0, -4.9e-05, 0.0, -0.0, -1.0, 0.370249, -0.0, -1.0, -0.0, 0.000652, 0.0, 0.0, 0.0, 1.0],
                [-1.0, -0.0, -0.0, -4.9e-05, 0.0, -0.0, -1.0, 0.370249, 0.0, -1.0, -0.0, 0.000652, 0.0, 0.0, 0.0, 1.0]
            ]
        },
        {
            "name": "Shoulder_L",
            "time": [0.0, 0.1667, 0.3333],
            "transform": [
                [-0.0, -0.952114, -0.305743, 0.0, -0.0, -0.305743, 0.952114, 0.4, -1.0, 0.0, -0.0, 0.0, 0.0, 0.0, 0.0, 1.0],
                [-0.0, -0.952114, -0.305743, 0.0, 0.0, -0.305743, 0.952114, 0.4, -1.0, 0.0, -0.0, -0.0, 0.0, 0.0, 0.0, 1.0],
                [-0.0, -0.952114, -0.305743, 0.0, -0.0, -0.305743, 0.952114, 0.4, -1.0, 0.0, -0.0, 0.0, 0.0, 0.0, 0.0, 1.0]
            ]
        },
        {
            "name": "Arm_L",
            "time": [0.0, 0.1667, 0.3333],
            "transform": [
                [-0.063847, 0.216251, 0.974248, 0.0, -0.904858, 0.399193, -0.147907, 0.39386, -0.420899, -0.890999, 0.17019, 0.0, 0.0, 0.0, 0.0, 1.0],
                [-0.063847, 0.216251, 0.974248, -0.0, -0.904858, 0.399193, -0.147907, 0.39386, -0.420899, -0.890999, 0.17019, 0.0, 0.0, 0.0, 0.0, 1.0],
                [-0.063847, 0.216251, 0.974248, 0.0, -0.904858, 0.399193, -0.147907, 0.39386, -0.420899, -0.890999, 0.17019, 0.0, 0.0, 0.0, 0.0, 1.0]
            ]
        },
        {
            "name": "Hand_L",
            "time": [0.0, 0.1667, 0.3333],
            "transform": [
                [0.997963, 0.049597, 0.040122, -0.0, -0.046919, 0.996774, -0.065126, 0.300003, -0.043222, 0.063111, 0.99707, -0.0, 0.0, 0.0, 0.0, 1.0],
                [0.997963, 0.049597, 0.040122, 0.0, -0.046919, 0.996774, -0.065126, 0.300003, -0.043222, 0.063111, 0.99707, 0.0, 0.0, 0.0, 0.0, 1.0],
                [0.997963, 0.049597, 0.040122, -0.0, -0.046919, 0.996774, -0.065126, 0.300003, -0.043222, 0.063111, 0.99707, -0.0, 0.0, 0.0, 0.0, 1.0]
            ]
        },
        {
            "name": "Tool_L",
            "time": [0.0, 0.3333],
            "transform": [
                [0.0, 0.0, 0.0, 0.0, 0.0, 0.0, 0.0, 0.272858, 0.0, 0.0, 0.0, -0.0, 0.0, 0.0, 0.0, 1.0],
                [0.0, 0.0, 0.0, 0.0, 0.0, 0.0, 0.0, 0.272858, 0.0, 0.0, 0.0, -0.0, 0.0, 0.0, 0.0, 1.0]
            ]
        },
        {
            "name": "Elbow_L",
            "time": [0.0, 0.1667, 0.3333],
            "transform": [
                [-1.0, -0.0, 0.0, -0.000104, 0.0, 0.0, -1.0, 0.367344, 0.0, -1.0, -0.0, 7.2e-05, 0.0, 0.0, 0.0, 1.0],
                [-1.0, -0.0, -0.0, -0.000104, 0.0, -0.0, -1.0, 0.367344, 0.0, -1.0, 0.0, 7.2e-05, 0.0, 0.0, 0.0, 1.0],
                [-1.0, -0.0, 0.0, -0.000104, 0.0, 0.0, -1.0, 0.367344, 0.0, -1.0, -0.0, 7.2e-05, 0.0, 0.0, 0.0, 1.0]
            ]
        }
    ]
}