{
    "animation": [
        {
            "name": "Root",
            "time": [0.0333, 0.0667, 0.1, 0.1333, 0.1667, 0.2, 0.2333, 0.2667, 0.3, 0.3333, 0.3667, 0.4, 0.4333, 0.4667, 0.5, 0.5333, 0.5667, 0.6, 0.6333, 0.6667, 0.7, 0.7333, 0.7667, 0.8, 0.8333, 0.8667, 0.9, 0.9333, 0.9667, 1.0, 1.0333, 1.0667, 1.1, 1.1333, 1.1667, 1.2, 1.2333, 1.2667, 1.3, 1.3333, 1.3667, 1.4, 1.4333, 1.4667, 1.5, 1.5333, 1.5667, 1.6, 1.6333, 1.6667, 1.7, 1.7333, 1.7667, 1.8, 1.8333, 1.8667, 1.9, 1.9333, 1.9667, 2.0, 2.0333, 2.0667, 2.1, 2.1333, 2.1667, 2.2, 2.2333, 2.2667, 2.3, 2.3333, 2.3667, 2.4],
            "transform": [
                [0.860295, -0.012217, 0.509631, 0.052088, 0.509355, 0.061262, -0.858361, -0.237247, -0.020734, 0.998037, 0.058927, 0.764013, 0.0, 0.0, 0.0, 1.0],
                [0.905908, 0.003143, 0.423439, 0.061675, 0.422406, 0.063488, -0.904169, -0.269857, -0.029725, 0.997968, 0.056187, 0.756303, 0.0, 0.0, 0.0, 1.0],
                [0.94292, 0.018762, 0.332461, 0.071262, 0.330697, 0.064194, -0.94154, -0.302467, -0.039008, 0.997751, 0.054325, 0.748592, 0.0, 0.0, 0.0, 1.0],
                [0.97065, 0.03441, 0.237981, 0.08085, 0.235525, 0.063347, -0.969791, -0.335076, -0.048447, 0.997388, 0.053384, 0.740881, 0.0, 0.0, 0.0, 1.0],
                [0.988686, 0.049855, 0.141405, 0.090437, 0.138304, 0.060961, -0.988502, -0.367686, -0.057903, 0.996884, 0.053377, 0.733171, 0.0, 0.0, 0.0, 1.0],
                [0.996905, 0.064873, 0.044181, 0.100025, 0.040494, 0.057093, -0.997537, -0.400295, -0.067236, 0.996249, 0.054289, 0.72546, 0.0, 0.0, 0.0, 1.0],
                [0.996542, 0.072501, -0.040355, 0.11452, -0.044256, 0.053028, -0.997602, -0.428194, -0.070188, 0.995948, 0.056054, 0.725276, 0.0, 0.0, 0.0, 1.0],
                [0.989038, 0.074742, -0.127273, 0.128996, -0.131589, 0.055967, -0.989713, -0.459492, -0.06685, 0.995621, 0.065189, 0.723332, 0.0, 0.0, 0.0, 1.0],
                [0.974407, 0.073254, -0.212474, 0.144065, -0.2168, 0.057183, -0.97453, -0.476943, -0.059239, 0.995663, 0.071602, 0.717869, 0.0, 0.0, 0.0, 1.0],
                [0.954914, 0.071124, -0.288201, 0.158188, -0.292364, 0.057227, -0.954583, -0.48364, -0.051401, 0.995814, 0.075442, 0.709641, 0.0, 0.0, 0.0, 1.0],
                [0.935093, 0.078434, -0.345585, 0.169763, -0.35048, 0.060537, -0.934601, -0.491182, -0.052385, 0.995069, 0.084099, 0.700248, 0.0, 0.0, 0.0, 1.0],
                [0.921606, 0.076216, -0.380544, 0.177274, -0.385645, 0.069698, -0.92, -0.502252, -0.043596, 0.994642, 0.093627, 0.694361, 0.0, 0.0, 0.0, 1.0],
                [0.91589, 0.075994, -0.394146, 0.180791, -0.400284, 0.099595, -0.910952, -0.51331, -0.029973, 0.992112, 0.121638, 0.69246, 0.0, 0.0, 0.0, 1.0],
                [0.914892, 0.073464, -0.396932, 0.180394, -0.402524, 0.091895, -0.910774, -0.519098, -0.030433, 0.993045, 0.113646, 0.695623, 0.0, 0.0, 0.0, 1.0],
                [0.91868, 0.092032, -0.384107, 0.174743, -0.391305, 0.079754, -0.916788, -0.515891, -0.053741, 0.992547, 0.109282, 0.703149, 0.0, 0.0, 0.0, 1.0],
                [0.931611, 0.095211, -0.350736, 0.16465, -0.357839, 0.071699, -0.931016, -0.511919, -0.063496, 0.992862, 0.100867, 0.713565, 0.0, 0.0, 0.0, 1.0],
                [0.95078, 0.087644, -0.297179, 0.144826, -0.303245, 0.06647, -0.950581, -0.506711, -0.06356, 0.993922, 0.089777, 0.717695, 0.0, 0.0, 0.0, 1.0],
                [0.966828, 0.080368, -0.242412, 0.125002, -0.2475, 0.06079, -0.966969, -0.501503, -0.062978, 0.9949, 0.078666, 0.721824, 0.0, 0.0, 0.0, 1.0],
                [0.979657, 0.073421, -0.186709, 0.105178, -0.190888, 0.054687, -0.980077, -0.496295, -0.061749, 0.99579, 0.067591, 0.725954, 0.0, 0.0, 0.0, 1.0],
                [0.989201, 0.066839, -0.130358, 0.085354, -0.133698, 0.048192, -0.98984, -0.491087, -0.059878, 0.996589, 0.056608, 0.730084, 0.0, 0.0, 0.0, 1.0],
                [0.995428, 0.060653, -0.073648, 0.065529, -0.076226, 0.041339, -0.996223, -0.485879, -0.05738, 0.997292, 0.045774, 0.734213, 0.0, 0.0, 0.0, 1.0],
                [0.998678, 0.048863, -0.015334, 0.044385, -0.017807, 0.050586, -0.998551, -0.477502, -0.048017, 0.997513, 0.05139, 0.729841, 0.0, 0.0, 0.0, 1.0],
                [0.998394, 0.036525, 0.043067, 0.02324, 0.04086, 0.059138, -0.997403, -0.469124, -0.038977, 0.997571, 0.057551, 0.725469, 0.0, 0.0, 0.0, 1.0],
                [0.99457, 0.023704, 0.101238, 0.002096, 0.09946, 0.066948, -0.992777, -0.460746, -0.030311, 0.997465, 0.064227, 0.721097, 0.0, 0.0, 0.0, 1.0],
                [0.987234, 0.010471, 0.158868, -0.019049, 0.157676, 0.073975, -0.984706, -0.452369, -0.022064, 0.997195, 0.07138, 0.716725, 0.0, 0.0, 0.0, 1.0],
                [0.979414, 0.004658, 0.201756, -0.038454, 0.200552, 0.088942, -0.975627, -0.441962, -0.022489, 0.996016, 0.086177, 0.710902, 0.0, 0.0, 0.0, 1.0],
                [0.970727, -0.009193, 0.239969, -0.055983, 0.239532, 0.108422, -0.964805, -0.437458, -0.017148, 0.994052, 0.107451, 0.704573, 0.0, 0.0, 0.0, 1.0],
                [0.961831, -0.026507, 0.272321, -0.070027, 0.273402, 0.131744, -0.952824, -0.431785, -0.010621, 0.990919, 0.133964, 0.698969, 0.0, 0.0, 0.0, 1.0],
                [0.953653, -0.042373, 0.297877, -0.079249, 0.300857, 0.145355, -0.942516, -0.423917, -0.003361, 0.988462, 0.151368, 0.695534, 0.0, 0.0, 0.0, 1.0],
                [0.947345, -0.054823, 0.315454, -0.083176, 0.320167, 0.152514, -0.934993, -0.420442, 0.003148, 0.986769, 0.162037, 0.695664, 0.0, 0.0, 0.0, 1.0],
                [0.942244, -0.066386, 0.328253, -0.081236, 0.33473, 0.155553, -0.929376, -0.416818, 0.010637, 0.985584, 0.168792, 0.699474, 0.0, 0.0, 0.0, 1.0],
                [0.938919, -0.076242, 0.335557, -0.073815, 0.343638, 0.156686, -0.925928, -0.411573, 0.018017, 0.984691, 0.173316, 0.706514, 0.0, 0.0, 0.0, 1.0],
                [0.937098, -0.0851, 0.338504, -0.059549, 0.347981, 0.152389, -0.925023, -0.411961, 0.027135, 0.98464, 0.172418, 0.717797, 0.0, 0.0, 0.0, 1.0],
                [0.937635, -0.089639, 0.335836, -0.040896, 0.345938, 0.14649, -0.92674, -0.413303, 0.033876, 0.985132, 0.168365, 0.728825, 0.0, 0.0, 0.0, 1.0],
                [0.948228, -0.082366, 0.306693, -0.02017, 0.315649, 0.138666, -0.938679, -0.416049, 0.034788, 0.986898, 0.157487, 0.73294, 0.0, 0.0, 0.0, 1.0],
                [0.957861, -0.075336, 0.27714, 0.000556, 0.285013, 0.130592, -0.949575, -0.418795, 0.035346, 0.98856, 0.146562, 0.737055, 0.0, 0.0, 0.0, 1.0],
                [0.966518, -0.068562, 0.247227, 0.021282, 0.254083, 0.122282, -0.959411, -0.421541, 0.035548, 0.990114, 0.135609, 0.74117, 0.0, 0.0, 0.0, 1.0],
                [0.974185, -0.062055, 0.217006, 0.042009, 0.222912, 0.113749, -0.968169, -0.424288, 0.035396, 0.991559, 0.124647, 0.745285, 0.0, 0.0, 0.0, 1.0],
                [0.989307, -0.038354, 0.140645, 0.058736, 0.143901, 0.102502, -0.984259, -0.430715, 0.023334, 0.993983, 0.106927, 0.742382, 0.0, 0.0, 0.0, 1.0],
                [0.99791, -0.01548, 0.062585, 0.075463, 0.063722, 0.08929, -0.993955, -0.437142, 0.009798, 0.995875, 0.090091, 0.739479, 0.0, 0.0, 0.0, 1.0],
                [0.999836, 0.006319, -0.016376, 0.092191, -0.0168, 0.07423, -0.997089, -0.443569, -0.005085, 0.997211, 0.074325, 0.736576, 0.0, 0.0, 0.0, 1.0],
                [0.995066, 0.026817, -0.095418, 0.108918, -0.09683, 0.057479, -0.99363, -0.449996, -0.021162, 0.997976, 0.059793, 0.733673, 0.0, 0.0, 0.0, 1.0],
                [0.983718, 0.045816, -0.173724, 0.125645, -0.175544, 0.039227, -0.98368, -0.456424, -0.038254, 0.998169, 0.046632, 0.73077, 0.0, 0.0, 0.0, 1.0],
                [0.97188, 0.031795, -0.233279, 0.138518, -0.234383, 0.037093, -0.971426, -0.45892, -0.022234, 0.998796, 0.043503, 0.726029, 0.0, 0.0, 0.0, 1.0],
                [0.9591, 0.013951, -0.282687, 0.149382, -0.283031, 0.045715, -0.95801, -0.460578, -0.000442, 0.998847, 0.047794, 0.720308, 0.0, 0.0, 0.0, 1.0],
                [0.946403, 0.010449, -0.322789, 0.157959, -0.322873, 0.05354, -0.944916, -0.463233, 0.007409, 0.998501, 0.054044, 0.7142, 0.0, 0.0, 0.0, 1.0],
                [0.935045, 0.019867, -0.353943, 0.163693, -0.354473, 0.064598, -0.932821, -0.460346, 0.004332, 0.997704, 0.067445, 0.709154, 0.0, 0.0, 0.0, 1.0],
                [0.92726, 0.032576, -0.372972, 0.165899, -0.374374, 0.070959, -0.924548, -0.453458, -0.003653, 0.996937, 0.077994, 0.707126, 0.0, 0.0, 0.0, 1.0],
                [0.918745, 0.05956, -0.390308, 0.163894, -0.393929, 0.071677, -0.916331, -0.448087, -0.026601, 0.995638, 0.089316, 0.70842, 0.0, 0.0, 0.0, 1.0],
                [0.914327, 0.093191, -0.394084, 0.157288, -0.400386, 0.062315, -0.914214, -0.44483, -0.06064, 0.993686, 0.094289, 0.713859, 0.0, 0.0, 0.0, 1.0],
                [0.920521, 0.108656, -0.375252, 0.146087, -0.383057, 0.062377, -0.921605, -0.439452, -0.076732, 0.99211, 0.099042, 0.721416, 0.0, 0.0, 0.0, 1.0],
                [0.934935, 0.114365, -0.335854, 0.129987, -0.344594, 0.067386, -0.936319, -0.429614, -0.084451, 0.991141, 0.102412, 0.728786, 0.0, 0.0, 0.0, 1.0],
                [0.951189, 0.115734, -0.286049, 0.111192, -0.295608, 0.075856, -0.952282, -0.416437, -0.088514, 0.990369, 0.106367, 0.734625, 0.0, 0.0, 0.0, 1.0],
                [0.973003, 0.096418, -0.209641, 0.089209, -0.217626, 0.081414, -0.972621, -0.408177, -0.076711, 0.991996, 0.1002, 0.734252, 0.0, 0.0, 0.0, 1.0],
                [0.988339, 0.07663, -0.131503, 0.067227, -0.137912, 0.085401, -0.986746, -0.399916, -0.064384, 0.993385, 0.094974, 0.733879, 0.0, 0.0, 0.0, 1.0],
                [0.997012, 0.056567, -0.052416, 0.045245, -0.057263, 0.087769, -0.994484, -0.391656, -0.051655, 0.994523, 0.090747, 0.733505, 0.0, 0.0, 0.0, 1.0],
                [0.998966, 0.036434, 0.026818, 0.023263, 0.023505, 0.088502, -0.995789, -0.383395, -0.038654, 0.995399, 0.087555, 0.733132, 0.0, 0.0, 0.0, 1.0],
                [0.995895, 0.020612, 0.088028, 0.006444, 0.085859, 0.089387, -0.992279, -0.37403, -0.028322, 0.995774, 0.087252, 0.726024, 0.0, 0.0, 0.0, 1.0],
                [0.988803, 0.004715, 0.149084, -0.010374, 0.148074, 0.089282, -0.984928, -0.364664, -0.017954, 0.995985, 0.087585, 0.718915, 0.0, 0.0, 0.0, 1.0],
                [0.97771, -0.011162, 0.209613, -0.027192, 0.209772, 0.088179, -0.973756, -0.355299, -0.007615, 0.996032, 0.088556, 0.711807, 0.0, 0.0, 0.0, 1.0],
                [0.962683, -0.026922, 0.269251, -0.04401, 0.27058, 0.086086, -0.95883, -0.345933, 0.002635, 0.995914, 0.090159, 0.704698, 0.0, 0.0, 0.0, 1.0],
                [0.943836, -0.042471, 0.327642, -0.060829, 0.330137, 0.083021, -0.940264, -0.336567, 0.012733, 0.995632, 0.092381, 0.697589, 0.0, 0.0, 0.0, 1.0],
                [0.933149, -0.057812, 0.354782, -0.072106, 0.358832, 0.091449, -0.928901, -0.326492, 0.021257, 0.99412, 0.106082, 0.688494, 0.0, 0.0, 0.0, 1.0],
                [0.925296, -0.068353, 0.373007, -0.081579, 0.378393, 0.101559, -0.920046, -0.323873, 0.025006, 0.992468, 0.119838, 0.680474, 0.0, 0.0, 0.0, 1.0],
                [0.92134, -0.076009, 0.381228, -0.086024, 0.38767, 0.107236, -0.915528, -0.313106, 0.028708, 0.991314, 0.128268, 0.674285, 0.0, 0.0, 0.0, 1.0],
                [0.918793, -0.080194, 0.386481, -0.086192, 0.393627, 0.113579, -0.912216, -0.31939, 0.029259, 0.990277, 0.135924, 0.672829, 0.0, 0.0, 0.0, 1.0],
                [0.918926, -0.080277, 0.386148, -0.081163, 0.393432, 0.117869, -0.911756, -0.301775, 0.027679, 0.989769, 0.139898, 0.675746, 0.0, 0.0, 0.0, 1.0],
                [0.908736, -0.067329, 0.411881, -0.054513, 0.416994, 0.10589, -0.902709, -0.288869, 0.017165, 0.992086, 0.124303, 0.6934, 0.0, 0.0, 0.0, 1.0],
                [0.897761, -0.054028, 0.437135, -0.027863, 0.440405, 0.094221, -0.89283, -0.275964, 0.007051, 0.994074, 0.108384, 0.711053, 0.0, 0.0, 0.0, 1.0],
                [0.886016, -0.040395, 0.46187, -0.001213, 0.463626, 0.082882, -0.882135, -0.263058, -0.002647, 0.99573, 0.092164, 0.728706, 0.0, 0.0, 0.0, 1.0],
                [0.873521, -0.026451, 0.486047, 0.025437, 0.486621, 0.07189, -0.870639, -0.250153, -0.011913, 0.997052, 0.07567, 0.74636, 0.0, 0.0, 0.0, 1.0],
                [0.860295, -0.012217, 0.509631, 0.052088, 0.509355, 0.061262, -0.858361, -0.237247, -0.020734, 0.998037, 0.058927, 0.764013, 0.0, 0.0, 0.0, 1.0]
            ]
        },
        {
            "name": "Thigh_R",
            "time": [0.0333, 0.0667, 0.1, 0.1333, 0.1667, 0.2, 0.2333, 0.2667, 0.3, 0.3333, 0.3667, 0.4, 0.4333, 0.4667, 0.5, 0.5333, 0.5667, 0.6, 0.6333, 0.6667, 0.7, 0.7333, 0.7667, 0.8, 0.8333, 0.8667, 0.9, 0.9333, 0.9667, 1.0, 1.0333, 1.0667, 1.1, 1.1333, 1.1667, 1.2, 1.2333, 1.2667, 1.3, 1.3333, 1.3667, 1.4, 1.4333, 1.4667, 1.5, 1.5333, 1.5667, 1.6, 1.6333, 1.6667, 1.7, 1.7333, 1.7667, 1.8, 1.8333, 1.8667, 1.9, 1.9333, 1.9667, 2.0, 2.0333, 2.0667, 2.1, 2.1333, 2.1667, 2.2, 2.2333, 2.2667, 2.3, 2.3333, 2.3667, 2.4],
            "transform": [
                [0.844839, -0.016874, 0.534754, 0.124994, -0.142871, -0.970321, 0.195099, -0.011953, 0.515592, -0.241228, -0.822176, -1.2e-05, 0.0, 0.0, 0.0, 1.0],
                [0.862051, 0.018647, 0.506479, 0.124994, -0.120439, -0.96316, 0.240452, -0.011953, 0.492304, -0.268282, -0.828047, -1.2e-05, 0.0, 0.0, 0.0, 1.0],
                [0.877777, 0.053265, 0.4761, 0.124994, -0.096597, -0.953709, 0.284792, -0.011953, 0.469231, -0.295974, -0.831999, -1.2e-05, 0.0, 0.0, 0.0, 1.0],
                [0.891935, 0.086812, 0.443751, 0.124994, -0.071452, -0.942004, 0.327905, -0.011953, 0.446482, -0.324177, -0.834005, -1.2e-05, 0.0, 0.0, 0.0, 1.0],
                [0.90446, 0.11913, 0.409585, 0.124994, -0.045124, -0.9281, 0.369585, -0.011953, 0.424165, -0.352757, -0.834054, -1.2e-05, 0.0, 0.0, 0.0, 1.0],
                [0.915299, 0.150071, 0.373772, 0.124994, -0.01774, -0.912073, 0.409644, -0.011953, 0.402383, -0.381578, -0.832158, -1.2e-05, 0.0, 0.0, 0.0, 1.0],
                [0.930125, 0.185062, 0.317206, 0.124994, 0.028795, -0.89784, 0.439379, -0.011953, 0.366112, -0.399543, -0.840432, -1.2e-05, 0.0, 0.0, 0.0, 1.0],
                [0.941939, 0.226875, 0.247546, 0.124994, 0.090001, -0.880824, 0.46481, -0.011953, 0.323499, -0.415543, -0.850102, -1.2e-05, 0.0, 0.0, 0.0, 1.0],
                [0.942603, 0.273623, 0.191391, 0.124994, 0.151967, -0.861896, 0.483777, -0.011953, 0.297331, -0.426925, -0.854008, -1.2e-05, 0.0, 0.0, 0.0, 1.0],
                [0.941645, 0.310732, 0.129421, 0.124994, 0.211466, -0.845235, 0.490774, -0.011953, 0.26189, -0.434767, -0.861621, -1.2e-05, 0.0, 0.0, 0.0, 1.0],
                [0.935869, 0.34495, 0.071819, 0.124994, 0.264577, -0.822603, 0.503312, -0.011953, 0.232696, -0.452032, -0.861115, -1.2e-05, 0.0, 0.0, 0.0, 1.0],
                [0.93245, 0.358464, 0.045176, 0.124994, 0.289557, -0.816213, 0.499953, -0.011953, 0.216088, -0.4531, -0.864874, -1.2e-05, 0.0, 0.0, 0.0, 1.0],
                [0.934875, 0.35241, 0.042614, 0.124994, 0.282653, -0.811641, 0.511219, -0.011953, 0.214746, -0.465881, -0.858393, -1.2e-05, 0.0, 0.0, 0.0, 1.0],
                [0.93961, 0.339938, 0.039696, 0.124994, 0.276189, -0.821632, 0.498638, -0.011953, 0.202122, -0.457562, -0.865901, -1.2e-05, 0.0, 0.0, 0.0, 1.0],
                [0.94284, 0.332218, 0.02614, 0.124994, 0.276761, -0.82431, 0.493878, -0.011953, 0.185622, -0.458413, -0.869138, -1.2e-05, 0.0, 0.0, 0.0, 1.0],
                [0.955453, 0.295139, 0.001642, 0.124994, 0.262098, -0.851021, 0.455046, -0.011953, 0.135699, -0.434344, -0.890466, -1.2e-05, 0.0, 0.0, 0.0, 1.0],
                [0.93829, 0.284743, 0.196297, 0.124994, 0.196932, -0.90646, 0.37356, -0.011953, 0.284304, -0.311851, -0.906598, -1.2e-05, 0.0, 0.0, 0.0, 1.0],
                [0.887633, 0.246627, 0.388952, 0.124994, 0.145091, -0.951276, 0.272071, -0.011953, 0.4371, -0.185066, -0.880167, -1.2e-05, 0.0, 0.0, 0.0, 1.0],
                [0.804753, 0.181563, 0.565161, 0.124994, 0.111412, -0.981354, 0.156625, -0.011953, 0.583061, -0.063078, -0.809976, -1.2e-05, 0.0, 0.0, 0.0, 1.0],
                [0.695653, 0.094262, 0.712167, 0.124994, 0.098333, -0.994517, 0.035581, -0.011953, 0.711616, 0.045278, -0.701108, -1.2e-05, 0.0, 0.0, 0.0, 1.0],
                [0.56968, -0.007709, 0.821831, 0.124994, 0.105335, -0.991024, -0.082313, -0.011953, 0.815088, 0.133459, -0.563755, -1.2e-05, 0.0, 0.0, 0.0, 1.0],
                [0.685311, -0.00594, 0.728226, 0.124994, 0.094253, -0.990833, -0.096781, -0.011953, 0.722125, 0.134962, -0.678469, -1.2e-05, 0.0, 0.0, 0.0, 1.0],
                [0.787109, -0.003937, 0.616801, 0.124994, 0.080942, -0.990673, -0.109614, -0.011953, 0.611479, 0.136203, -0.77945, -1.2e-05, 0.0, 0.0, 0.0, 1.0],
                [0.87085, 0.084854, 0.48417, 0.124994, 0.077594, -0.996368, 0.035055, -0.011953, 0.485386, 0.007041, -0.874271, -1.2e-05, 0.0, 0.0, 0.0, 1.0],
                [0.931724, 0.150278, 0.330617, 0.124994, 0.095692, -0.979786, 0.175679, -0.011953, 0.350334, -0.132047, -0.92727, -1.2e-05, 0.0, 0.0, 0.0, 1.0],
                [0.925978, 0.21717, 0.308871, 0.124994, 0.162982, -0.967795, 0.191856, -0.011953, 0.340589, -0.127314, -0.931553, -1.2e-05, 0.0, 0.0, 0.0, 1.0],
                [0.904628, 0.28079, 0.320633, 0.124994, 0.227321, -0.954238, 0.194303, -0.011953, 0.360519, -0.102885, -0.92706, -1.2e-05, 0.0, 0.0, 0.0, 1.0],
                [0.89727, 0.316144, 0.308154, 0.124994, 0.273528, -0.945983, 0.174065, -0.011953, 0.346538, -0.071895, -0.935277, -1.2e-05, 0.0, 0.0, 0.0, 1.0],
                [0.892811, 0.343128, 0.291809, 0.124994, 0.306933, -0.937598, 0.163406, -0.011953, 0.329669, -0.056325, -0.942415, -1.2e-05, 0.0, 0.0, 0.0, 1.0],
                [0.892255, 0.361086, 0.271105, 0.124994, 0.32527, -0.930443, 0.168743, -0.011953, 0.313178, -0.062379, -0.947643, -1.2e-05, 0.0, 0.0, 0.0, 1.0],
                [0.894974, 0.357018, 0.267506, 0.124994, 0.318244, -0.931147, 0.178002, -0.011953, 0.312638, -0.074175, -0.946972, -1.2e-05, 0.0, 0.0, 0.0, 1.0],
                [0.898165, 0.335824, 0.283762, 0.124994, 0.287778, -0.936998, 0.198034, -0.011953, 0.332389, -0.096207, -0.938223, -1.2e-05, 0.0, 0.0, 0.0, 1.0],
                [0.899723, 0.28777, 0.328155, 0.124994, 0.220981, -0.948712, 0.226079, -0.011953, 0.376384, -0.130892, -0.917171, -1.2e-05, 0.0, 0.0, 0.0, 1.0],
                [0.894103, 0.226918, 0.386119, 0.124994, 0.135956, -0.958976, 0.248758, -0.011953, 0.426727, -0.16992, -0.888274, -1.2e-05, 0.0, 0.0, 0.0, 1.0],
                [0.901161, 0.160613, 0.402631, 0.124994, 0.029217, -0.949218, 0.313259, -0.011953, 0.432498, -0.270533, -0.860091, -1.2e-05, 0.0, 0.0, 0.0, 1.0],
                [0.900841, 0.094658, 0.423705, 0.124994, -0.078622, -0.924236, 0.373637, -0.011953, 0.426971, -0.3699, -0.825148, -1.2e-05, 0.0, 0.0, 0.0, 1.0],
                [0.893061, 0.030631, 0.448891, 0.124994, -0.184999, -0.884446, 0.428404, -0.011953, 0.410143, -0.465636, -0.784198, -1.2e-05, 0.0, 0.0, 0.0, 1.0],
                [0.878094, -0.029979, 0.477548, 0.124994, -0.287423, -0.830959, 0.476335, -0.011953, 0.382543, -0.555525, -0.738277, -1.2e-05, 0.0, 0.0, 0.0, 1.0],
                [0.896659, -0.033509, 0.441451, 0.124994, -0.256327, -0.852295, 0.455948, -0.011953, 0.360969, -0.521986, -0.772808, -1.2e-05, 0.0, 0.0, 0.0, 1.0],
                [0.913884, -0.035422, 0.404426, 0.124994, -0.225658, -0.872439, 0.433506, -0.011953, 0.337482, -0.487436, -0.805302, -1.2e-05, 0.0, 0.0, 0.0, 1.0],
                [0.931471, 0.031265, 0.362471, 0.124994, -0.134698, -0.895865, 0.423417, -0.011953, 0.337963, -0.443224, -0.830261, -1.2e-05, 0.0, 0.0, 0.0, 1.0],
                [0.941696, 0.099939, 0.321281, 0.124994, -0.042711, -0.911639, 0.408767, -0.011953, 0.333744, -0.398656, -0.854218, -1.2e-05, 0.0, 0.0, 0.0, 1.0],
                [0.944471, 0.169664, 0.281405, 0.124994, 0.04906, -0.919599, 0.389783, -0.011953, 0.324912, -0.354333, -0.876858, -1.2e-05, 0.0, 0.0, 0.0, 1.0],
                [0.950981, 0.195451, 0.239654, 0.124994, 0.088319, -0.91433, 0.395222, -0.011953, 0.296369, -0.354682, -0.886773, -1.2e-05, 0.0, 0.0, 0.0, 1.0],
                [0.95481, 0.216562, 0.203565, 0.124994, 0.123706, -0.912323, 0.390336, -0.011953, 0.270249, -0.347514, -0.897886, -1.2e-05, 0.0, 0.0, 0.0, 1.0],
                [0.954484, 0.245375, 0.16956, 0.124994, 0.162748, -0.904875, 0.393336, -0.011953, 0.249946, -0.347837, -0.903624, -1.2e-05, 0.0, 0.0, 0.0, 1.0],
                [0.950065, 0.276754, 0.144165, 0.124994, 0.198249, -0.892086, 0.406055, -0.011953, 0.240984, -0.357198, -0.902406, -1.2e-05, 0.0, 0.0, 0.0, 1.0],
                [0.944883, 0.299837, 0.131509, 0.124994, 0.222535, -0.882762, 0.413774, -0.011953, 0.240156, -0.361702, -0.900831, -1.2e-05, 0.0, 0.0, 0.0, 1.0],
                [0.941318, 0.31939, 0.109135, 0.124994, 0.24439, -0.867988, 0.432285, -0.011953, 0.232796, -0.380246, -0.895108, -1.2e-05, 0.0, 0.0, 0.0, 1.0],
                [0.936843, 0.336195, 0.096429, 0.124994, 0.262113, -0.857426, 0.442852, -0.011953, 0.231565, -0.389607, -0.891394, -1.2e-05, 0.0, 0.0, 0.0, 1.0],
                [0.938827, 0.32266, 0.120393, 0.124994, 0.241382, -0.86585, 0.438222, -0.011953, 0.245639, -0.382354, -0.890768, -1.2e-05, 0.0, 0.0, 0.0, 1.0],
                [0.942684, 0.29145, 0.162492, 0.124994, 0.201915, -0.885912, 0.4176, -0.011953, 0.265663, -0.360856, -0.893983, -1.2e-05, 0.0, 0.0, 0.0, 1.0],
                [0.947005, 0.247035, 0.205317, 0.124994, 0.155652, -0.912037, 0.379422, -0.011953, 0.280988, -0.327356, -0.902155, -1.2e-05, 0.0, 0.0, 0.0, 1.0],
                [0.909174, 0.250989, 0.332276, 0.124994, 0.157181, -0.945759, 0.284313, -0.011953, 0.385613, -0.206262, -0.89931, -1.2e-05, 0.0, 0.0, 0.0, 1.0],
                [0.857723, 0.238001, 0.455705, 0.124994, 0.17013, -0.96785, 0.185263, -0.011953, 0.485146, -0.081375, -0.870638, -1.2e-05, 0.0, 0.0, 0.0, 1.0],
                [0.794489, 0.208257, 0.570453, 0.124994, 0.194201, -0.977161, 0.086266, -0.011953, 0.57539, 0.042245, -0.816787, -1.2e-05, 0.0, 0.0, 0.0, 1.0],
                [0.722257, 0.163293, 0.672071, 0.124994, 0.228199, -0.973575, -0.00869, -0.011953, 0.652893, 0.159642, -0.740436, -1.2e-05, 0.0, 0.0, 0.0, 1.0],
                [0.778747, 0.098042, 0.61963, 0.124994, 0.201966, -0.974308, -0.099668, -0.011953, 0.593939, 0.20276, -0.77854, -1.2e-05, 0.0, 0.0, 0.0, 1.0],
                [0.829312, 0.035588, 0.557651, 0.124994, 0.168183, -0.967591, -0.188364, -0.011953, 0.532875, 0.249999, -0.808421, -1.2e-05, 0.0, 0.0, 0.0, 1.0],
                [0.861981, 0.102254, 0.496521, 0.124994, 0.166162, -0.982327, -0.086162, -0.011953, 0.478936, 0.156772, -0.863738, -1.2e-05, 0.0, 0.0, 0.0, 1.0],
                [0.890118, 0.161587, 0.426122, 0.124994, 0.170663, -0.985181, 0.017089, -0.011953, 0.422569, 0.057512, -0.904504, -1.2e-05, 0.0, 0.0, 0.0, 1.0],
                [0.913045, 0.212133, 0.348351, 0.124994, 0.181508, -0.976196, 0.118726, -0.011953, 0.365244, -0.045174, -0.929815, -1.2e-05, 0.0, 0.0, 0.0, 1.0],
                [0.905592, 0.258008, 0.336653, 0.124994, 0.24278, -0.966139, 0.087366, -0.011953, 0.347794, 0.002615, -0.937567, -1.2e-05, 0.0, 0.0, 0.0, 1.0],
                [0.901627, 0.294578, 0.316689, 0.124994, 0.291691, -0.954773, 0.057656, -0.011953, 0.319351, 0.040392, -0.946775, -1.2e-05, 0.0, 0.0, 0.0, 1.0],
                [0.895547, 0.337226, 0.290302, 0.124994, 0.333294, -0.940615, 0.064482, -0.011953, 0.294807, 0.039009, -0.95476, -1.2e-05, 0.0, 0.0, 0.0, 1.0],
                [0.889301, 0.36853, 0.270795, 0.124994, 0.361703, -0.929138, 0.076636, -0.011953, 0.279849, 0.029795, -0.959582, -1.2e-05, 0.0, 0.0, 0.0, 1.0],
                [0.883188, 0.387163, 0.264734, 0.124994, 0.374903, -0.921918, 0.097545, -0.011953, 0.281829, 0.013099, -0.959375, -1.2e-05, 0.0, 0.0, 0.0, 1.0],
                [0.89811, 0.305197, 0.316628, 0.124994, 0.277796, -0.951866, 0.129537, -0.011953, 0.340922, -0.02838, -0.939663, -1.2e-05, 0.0, 0.0, 0.0, 1.0],
                [0.901811, 0.222141, 0.370663, 0.124994, 0.175408, -0.972087, 0.155816, -0.011953, 0.394929, -0.075499, -0.915604, -1.2e-05, 0.0, 0.0, 0.0, 1.0],
                [0.893984, 0.139677, 0.425774, 0.124994, 0.06973, -0.981966, 0.175727, -0.011953, 0.442641, -0.127408, -0.887601, -1.2e-05, 0.0, 0.0, 0.0, 1.0],
                [0.874788, 0.059483, 0.48084, 0.124994, -0.037086, -0.981302, 0.188864, -0.011953, 0.483084, -0.183048, -0.856226, -1.2e-05, 0.0, 0.0, 0.0, 1.0],
                [0.844839, -0.016874, 0.534754, 0.124994, -0.142871, -0.970321, 0.195099, -0.011953, 0.515592, -0.241228, -0.822176, -1.2e-05, 0.0, 0.0, 0.0, 1.0]
            ]
        },
        {
            "name": "Leg_R",
            "time": [0.0333, 0.0667, 0.1, 0.1333, 0.1667, 0.2, 0.2333, 0.2667, 0.3, 0.3333, 0.3667, 0.4, 0.4333, 0.4667, 0.5, 0.5333, 0.5667, 0.6, 0.6333, 0.6667, 0.7, 0.7333, 0.7667, 0.8, 0.8333, 0.8667, 0.9, 0.9333, 0.9667, 1.0, 1.0333, 1.0667, 1.1, 1.1333, 1.1667, 1.2, 1.2333, 1.2667, 1.3, 1.3333, 1.3667, 1.4, 1.4333, 1.4667, 1.5, 1.5333, 1.5667, 1.6, 1.6333, 1.6667, 1.7, 1.7333, 1.7667, 1.8, 1.8333, 1.8667, 1.9, 1.9333, 1.9667, 2.0, 2.0333, 2.0667, 2.1, 2.1333, 2.1667, 2.2, 2.2333, 2.2667, 2.3, 2.3333, 2.3667, 2.4],
            "transform": [
                [1.0, -1e-06, -0.0, -0.0, 1e-06, 0.94628, 0.32335, 0.374726, -0.0, -0.32335, 0.94628, -0.0, 0.0, 0.0, 0.0, 1.0],
                [1.0, -1e-06, -0.0, 0.0, 1e-06, 0.917169, 0.398499, 0.374726, -0.0, -0.398499, 0.917169, 0.0, 0.0, 0.0, 0.0, 1.0],
                [1.0, -1e-06, -0.0, 0.0, 1e-06, 0.88185, 0.47153, 0.374726, -0.0, -0.47153, 0.88185, 0.0, 0.0, 0.0, 0.0, 1.0],
                [1.0, -1e-06, -0.0, 0.0, 1e-06, 0.840582, 0.541684, 0.374726, -0.0, -0.541684, 0.840582, -0.0, 0.0, 0.0, 0.0, 1.0],
                [1.0, -1e-06, -0.0, 0.0, 1e-06, 0.793746, 0.608249, 0.374726, -0.0, -0.608249, 0.793746, -0.0, 0.0, 0.0, 0.0, 1.0],
                [1.0, -1e-06, -0.0, 0.0, 1e-06, 0.741832, 0.670586, 0.374726, -0.0, -0.670586, 0.741832, -0.0, 0.0, 0.0, 0.0, 1.0],
                [1.0, -1e-06, -0.0, -0.0, 1e-06, 0.685423, 0.728145, 0.374726, -1e-06, -0.728145, 0.685423, -0.0, 0.0, 0.0, 0.0, 1.0],
                [1.0, -1e-06, -1e-06, 0.0, 1e-06, 0.655885, 0.754861, 0.374726, 0.0, -0.754861, 0.655885, 0.0, 0.0, 0.0, 0.0, 1.0],
                [1.0, -1e-06, -1e-06, 0.0, 1e-06, 0.625306, 0.78038, 0.374726, 0.0, -0.78038, 0.625305, -0.0, 0.0, 0.0, 0.0, 1.0],
                [1.0, -1e-06, -0.0, -0.0, 1e-06, 0.629523, 0.776982, 0.374726, -0.0, -0.776983, 0.629523, 0.0, 0.0, 0.0, 0.0, 1.0],
                [1.0, -1e-06, -1e-06, -0.0, 1e-06, 0.723042, 0.690804, 0.374726, 0.0, -0.690804, 0.723042, 0.0, 0.0, 0.0, 0.0, 1.0],
                [1.0, -1e-06, -0.0, 0.0, 1e-06, 0.822619, 0.568593, 0.374726, -0.0, -0.568593, 0.822619, -0.0, 0.0, 0.0, 0.0, 1.0],
                [1.0, -1e-06, -0.0, -0.0, 1e-06, 0.901752, 0.432253, 0.374726, -0.0, -0.432252, 0.901752, -0.0, 0.0, 0.0, 0.0, 1.0],
                [1.0, -1e-06, -0.0, 0.0, 1e-06, 0.898761, 0.43844, 0.374726, -0.0, -0.43844, 0.898761, 0.0, 0.0, 0.0, 0.0, 1.0],
                [1.0, -1e-06, -0.0, -0.0, 1e-06, 0.882578, 0.470167, 0.374726, -0.0, -0.470167, 0.882578, -0.0, 0.0, 0.0, 0.0, 1.0],
                [1.0, -1e-06, -0.0, -0.0, 1e-06, 0.87972, 0.475492, 0.374726, -0.0, -0.475492, 0.87972, -0.0, 0.0, 0.0, 0.0, 1.0],
                [1.0, -1e-06, -0.0, 0.0, 1e-06, 0.878018, 0.478628, 0.374726, -0.0, -0.478628, 0.878018, -0.0, 0.0, 0.0, 0.0, 1.0],
                [1.0, -1e-06, -0.0, -0.0, 1e-06, 0.876304, 0.481758, 0.374726, -0.0, -0.481758, 0.876304, 0.0, 0.0, 0.0, 0.0, 1.0],
                [1.0, -1e-06, 0.0, 0.0, 1e-06, 0.874579, 0.484882, 0.374726, -1e-06, -0.484882, 0.874579, -0.0, 0.0, 0.0, 0.0, 1.0],
                [1.0, -1e-06, 0.0, 0.0, 1e-06, 0.872844, 0.488, 0.374726, -1e-06, -0.488, 0.872843, -0.0, 0.0, 0.0, 0.0, 1.0],
                [1.0, -1e-06, 0.0, 0.0, 1e-06, 0.871096, 0.491112, 0.374726, -1e-06, -0.491112, 0.871097, 0.0, 0.0, 0.0, 0.0, 1.0],
                [1.0, -1e-06, 0.0, -0.0, 1e-06, 0.870543, 0.492093, 0.374726, -1e-06, -0.492093, 0.870543, 0.0, 0.0, 0.0, 0.0, 1.0],
                [1.0, -1e-06, 0.0, -0.0, 1e-06, 0.869988, 0.493074, 0.374726, -1e-06, -0.493074, 0.869988, -0.0, 0.0, 0.0, 0.0, 1.0],
                [1.0, -1e-06, 0.0, -0.0, 1e-06, 0.869431, 0.494054, 0.374726, -1e-06, -0.494054, 0.869431, -0.0, 0.0, 0.0, 0.0, 1.0],
                [1.0, -1e-06, 0.0, 0.0, 1e-06, 0.868874, 0.495033, 0.374726, -1e-06, -0.495033, 0.868874, -0.0, 0.0, 0.0, 0.0, 1.0],
                [1.0, -1e-06, -0.0, 0.0, 1e-06, 0.871236, 0.490865, 0.374726, -0.0, -0.490865, 0.871236, -0.0, 0.0, 0.0, 0.0, 1.0],
                [1.0, -1e-06, -0.0, 0.0, 1e-06, 0.89817, 0.439649, 0.374726, -0.0, -0.439649, 0.89817, 0.0, 0.0, 0.0, 0.0, 1.0],
                [1.0, -1e-06, -0.0, 0.0, 1e-06, 0.937602, 0.347711, 0.374726, -0.0, -0.347711, 0.937602, -0.0, 0.0, 0.0, 0.0, 1.0],
                [1.0, -1e-06, -0.0, 0.0, 1e-06, 0.955438, 0.295192, 0.374726, -0.0, -0.295192, 0.955438, -0.0, 0.0, 0.0, 0.0, 1.0],
                [1.0, -1e-06, -0.0, -0.0, 1e-06, 0.956248, 0.292557, 0.374726, -0.0, -0.292557, 0.956248, 0.0, 0.0, 0.0, 0.0, 1.0],
                [1.0, -1e-06, -0.0, 0.0, 1e-06, 0.956547, 0.291577, 0.374726, -0.0, -0.291577, 0.956547, -0.0, 0.0, 0.0, 0.0, 1.0],
                [1.0, -1e-06, -0.0, -0.0, 1e-06, 0.956251, 0.292548, 0.374726, -0.0, -0.292548, 0.956251, -0.0, 0.0, 0.0, 0.0, 1.0],
                [1.0, -1e-06, -0.0, -0.0, 1e-06, 0.956041, 0.293232, 0.374726, -0.0, -0.293232, 0.956041, -0.0, 0.0, 0.0, 0.0, 1.0],
                [1.0, -1e-06, -0.0, 0.0, 1e-06, 0.955969, 0.293467, 0.374726, -0.0, -0.293467, 0.955969, 0.0, 0.0, 0.0, 0.0, 1.0],
                [1.0, -1e-06, -0.0, 0.0, 1e-06, 0.948968, 0.315371, 0.374726, -0.0, -0.315371, 0.948968, -0.0, 0.0, 0.0, 0.0, 1.0],
                [1.0, -1e-06, -0.0, -0.0, 1e-06, 0.941464, 0.337114, 0.374726, -0.0, -0.337114, 0.941464, 0.0, 0.0, 0.0, 0.0, 1.0],
                [1.0, -1e-06, -0.0, -0.0, 1e-06, 0.933461, 0.358679, 0.374726, -0.0, -0.358679, 0.933461, 0.0, 0.0, 0.0, 0.0, 1.0],
                [1.0, -1e-06, -0.0, 0.0, 1e-06, 0.924967, 0.380048, 0.374726, -0.0, -0.380048, 0.924967, 0.0, 0.0, 0.0, 0.0, 1.0],
                [1.0, -1e-06, -0.0, 0.0, 1e-06, 0.880872, 0.473355, 0.374726, -0.0, -0.473355, 0.880872, 0.0, 0.0, 0.0, 0.0, 1.0],
                [1.0, -1e-06, -0.0, 0.0, 1e-06, 0.826922, 0.562316, 0.374726, -0.0, -0.562316, 0.826922, -0.0, 0.0, 0.0, 0.0, 1.0],
                [1.0, -1e-06, -0.0, 0.0, 1e-06, 0.763839, 0.645407, 0.374726, -0.0, -0.645407, 0.763839, 0.0, 0.0, 0.0, 0.0, 1.0],
                [1.0, -1e-06, -1e-06, 0.0, 1e-06, 0.692646, 0.721277, 0.374726, 0.0, -0.721277, 0.692646, 0.0, 0.0, 0.0, 0.0, 1.0],
                [1.0, -1e-06, -1e-06, 0.0, 1e-06, 0.61462, 0.788823, 0.374726, -0.0, -0.788823, 0.61462, 0.0, 0.0, 0.0, 0.0, 1.0],
                [1.0, -1e-06, -1e-06, -0.0, 1e-06, 0.693582, 0.720378, 0.374726, 0.0, -0.720378, 0.693582, 0.0, 0.0, 0.0, 0.0, 1.0],
                [1.0, -1e-06, -0.0, 0.0, 1e-06, 0.765533, 0.643397, 0.374726, -0.0, -0.643397, 0.765533, 0.0, 0.0, 0.0, 0.0, 1.0],
                [1.0, -1e-06, -0.0, -0.0, 1e-06, 0.829148, 0.559029, 0.374726, -0.0, -0.559029, 0.829148, 0.0, 0.0, 0.0, 0.0, 1.0],
                [1.0, -1e-06, -0.0, -0.0, 1e-06, 0.883368, 0.468679, 0.374726, -0.0, -0.468679, 0.883368, 0.0, 0.0, 0.0, 0.0, 1.0],
                [1.0, -1e-06, -0.0, 0.0, 1e-06, 0.927455, 0.373936, 0.374726, -0.0, -0.373936, 0.927455, 0.0, 0.0, 0.0, 0.0, 1.0],
                [1.0, -1e-06, -0.0, -0.0, 1e-06, 0.914202, 0.405258, 0.374726, -0.0, -0.405258, 0.914202, 0.0, 0.0, 0.0, 0.0, 1.0],
                [1.0, -1e-06, -0.0, 0.0, 1e-06, 0.898123, 0.439744, 0.374726, -0.0, -0.439744, 0.898123, 0.0, 0.0, 0.0, 0.0, 1.0],
                [1.0, -1e-06, 0.0, -0.0, 1e-06, 0.885548, 0.464547, 0.374726, -1e-06, -0.464547, 0.885548, 0.0, 0.0, 0.0, 0.0, 1.0],
                [1.0, -1e-06, -0.0, -0.0, 1e-06, 0.876085, 0.482157, 0.374726, -0.0, -0.482157, 0.876085, 0.0, 0.0, 0.0, 0.0, 1.0],
                [1.0, -1e-06, 0.0, 0.0, 1e-06, 0.873631, 0.48659, 0.374726, -1e-06, -0.48659, 0.873631, -0.0, 0.0, 0.0, 0.0, 1.0],
                [1.0, -1e-06, 0.0, 0.0, 1e-06, 0.869781, 0.493437, 0.374726, -1e-06, -0.493437, 0.869781, 0.0, 0.0, 0.0, 0.0, 1.0],
                [1.0, -1e-06, 0.0, 0.0, 1e-06, 0.865878, 0.500255, 0.374726, -1e-06, -0.500255, 0.865878, -0.0, 0.0, 0.0, 0.0, 1.0],
                [1.0, -1e-06, -0.0, -0.0, 1e-06, 0.861922, 0.507041, 0.374726, -0.0, -0.507041, 0.861922, -0.0, 0.0, 0.0, 0.0, 1.0],
                [1.0, -1e-06, -0.0, -0.0, 1e-06, 0.857913, 0.513796, 0.374726, -0.0, -0.513796, 0.857913, 0.0, 0.0, 0.0, 0.0, 1.0],
                [1.0, -1e-06, -0.0, -0.0, 1e-06, 0.865676, 0.500605, 0.374726, -0.0, -0.500605, 0.865676, 0.0, 0.0, 0.0, 0.0, 1.0],
                [1.0, -1e-06, -0.0, 0.0, 1e-06, 0.873238, 0.487294, 0.374726, -0.0, -0.487294, 0.873238, 0.0, 0.0, 0.0, 0.0, 1.0],
                [1.0, -1e-06, -0.0, 0.0, 1e-06, 0.880595, 0.473869, 0.374726, -0.0, -0.473869, 0.880595, -0.0, 0.0, 0.0, 0.0, 1.0],
                [1.0, -1e-06, -0.0, -0.0, 1e-06, 0.887746, 0.460333, 0.374726, -0.0, -0.460333, 0.887746, 0.0, 0.0, 0.0, 0.0, 1.0],
                [1.0, -1e-06, -0.0, -0.0, 1e-06, 0.894688, 0.446692, 0.374726, -0.0, -0.446692, 0.894688, 0.0, 0.0, 0.0, 0.0, 1.0],
                [1.0, -1e-06, -0.0, -0.0, 1e-06, 0.92873, 0.370758, 0.374726, -0.0, -0.370758, 0.92873, 0.0, 0.0, 0.0, 0.0, 1.0],
                [1.0, -1e-06, -0.0, -0.0, 1e-06, 0.951901, 0.306407, 0.374726, -0.0, -0.306407, 0.9519, 0.0, 0.0, 0.0, 0.0, 1.0],
                [1.0, -1e-06, -0.0, 0.0, 1e-06, 0.949993, 0.312272, 0.374726, -0.0, -0.312272, 0.949993, -0.0, 0.0, 0.0, 0.0, 1.0],
                [1.0, -1e-06, -0.0, 0.0, 1e-06, 0.94872, 0.316117, 0.374726, -0.0, -0.316117, 0.94872, 0.0, 0.0, 0.0, 0.0, 1.0],
                [1.0, -1e-06, -0.0, -0.0, 1e-06, 0.94754, 0.319637, 0.374726, -0.0, -0.319637, 0.94754, 0.0, 0.0, 0.0, 0.0, 1.0],
                [1.0, -1e-06, -0.0, 0.0, 1e-06, 0.947289, 0.32038, 0.374726, -0.0, -0.32038, 0.947289, 0.0, 0.0, 0.0, 0.0, 1.0],
                [1.0, -1e-06, -0.0, -0.0, 1e-06, 0.947038, 0.321122, 0.374726, -0.0, -0.321122, 0.947038, 0.0, 0.0, 0.0, 0.0, 1.0],
                [1.0, -1e-06, -0.0, -0.0, 1e-06, 0.946785, 0.321865, 0.374726, -0.0, -0.321865, 0.946785, 0.0, 0.0, 0.0, 0.0, 1.0],
                [1.0, -1e-06, -0.0, -0.0, 1e-06, 0.946533, 0.322607, 0.374726, -0.0, -0.322607, 0.946533, -0.0, 0.0, 0.0, 0.0, 1.0],
                [1.0, -1e-06, -0.0, -0.0, 1e-06, 0.94628, 0.32335, 0.374726, -0.0, -0.32335, 0.94628, -0.0, 0.0, 0.0, 0.0, 1.0]
            ]
        },
        {
            "name": "Knee_R",
            "time": [0.0333, 0.0667, 0.1, 0.1333, 0.1667, 0.2, 0.2333, 0.2667, 0.3, 0.3333, 0.3667, 0.4, 0.4333, 0.4667, 0.5, 0.5333, 0.5667, 0.6, 0.6333, 0.6667, 0.7, 0.7333, 0.7667, 0.8, 0.8333, 0.8667, 0.9, 0.9333, 0.9667, 1.0, 1.0333, 1.0667, 1.1, 1.1333, 1.1667, 1.2, 1.2333, 1.2667, 1.3, 1.3333, 1.3667, 1.4, 1.4333, 1.4667, 1.5, 1.5333, 1.5667, 1.6, 1.6333, 1.6667, 1.7, 1.7333, 1.7667, 1.8, 1.8333, 1.8667, 1.9, 1.9333, 1.9667, 2.0, 2.0333, 2.0667, 2.1, 2.1333, 2.1667, 2.2, 2.2333, 2.2667, 2.3, 2.3333, 2.3667, 2.4],
            "transform": [
                [1.0, -0.0, -1e-06, -0.0, -1e-06, -3e-06, -1.0, 0.37472, 0.0, 1.0, -3e-06, -0.0, 0.0, 0.0, 0.0, 1.0],
                [1.0, 0.0, -1e-06, 0.0, -1e-06, -3e-06, -1.0, 0.37472, -0.0, 1.0, -3e-06, 0.0, 0.0, 0.0, 0.0, 1.0],
                [1.0, -0.0, -1e-06, 0.0, -1e-06, -3e-06, -1.0, 0.37472, 0.0, 1.0, -3e-06, -0.0, 0.0, 0.0, 0.0, 1.0],
                [1.0, -0.0, -1e-06, -0.0, -1e-06, -3e-06, -1.0, 0.37472, 0.0, 1.0, -3e-06, 0.0, 0.0, 0.0, 0.0, 1.0],
                [1.0, -0.0, -1e-06, -0.0, -1e-06, -3e-06, -1.0, 0.37472, -0.0, 1.0, -3e-06, -0.0, 0.0, 0.0, 0.0, 1.0],
                [1.0, -0.0, -1e-06, 0.0, -1e-06, -3e-06, -1.0, 0.37472, 0.0, 1.0, -3e-06, -0.0, 0.0, 0.0, 0.0, 1.0],
                [1.0, -0.0, -1e-06, -0.0, -1e-06, -3e-06, -1.0, 0.37472, -0.0, 1.0, -3e-06, 0.0, 0.0, 0.0, 0.0, 1.0],
                [1.0, -0.0, -0.0, 0.0, -0.0, -3e-06, -1.0, 0.37472, 0.0, 1.0, -3e-06, 0.0, 0.0, 0.0, 0.0, 1.0],
                [1.0, -0.0, -1e-06, 0.0, -1e-06, -3e-06, -1.0, 0.37472, 0.0, 1.0, -3e-06, -0.0, 0.0, 0.0, 0.0, 1.0],
                [1.0, 0.0, -1e-06, 0.0, -1e-06, -3e-06, -1.0, 0.37472, -0.0, 1.0, -3e-06, -0.0, 0.0, 0.0, 0.0, 1.0],
                [1.0, -0.0, -1e-06, 0.0, -1e-06, -3e-06, -1.0, 0.37472, 0.0, 1.0, -3e-06, 0.0, 0.0, 0.0, 0.0, 1.0],
                [1.0, 0.0, -1e-06, 0.0, -1e-06, -3e-06, -1.0, 0.37472, -0.0, 1.0, -3e-06, -0.0, 0.0, 0.0, 0.0, 1.0],
                [1.0, 0.0, -1e-06, -0.0, -1e-06, -3e-06, -1.0, 0.37472, 0.0, 1.0, -3e-06, -0.0, 0.0, 0.0, 0.0, 1.0],
                [1.0, -0.0, -1e-06, 0.0, -1e-06, -3e-06, -1.0, 0.37472, 0.0, 1.0, -3e-06, -0.0, 0.0, 0.0, 0.0, 1.0],
                [1.0, 0.0, -1e-06, -0.0, -1e-06, -3e-06, -1.0, 0.37472, -0.0, 1.0, -3e-06, -0.0, 0.0, 0.0, 0.0, 1.0],
                [1.0, -0.0, -1e-06, 0.0, -1e-06, -3e-06, -1.0, 0.37472, 0.0, 1.0, -3e-06, -0.0, 0.0, 0.0, 0.0, 1.0],
                [1.0, 0.0, -1e-06, 0.0, -1e-06, -3e-06, -1.0, 0.37472, -0.0, 1.0, -3e-06, -0.0, 0.0, 0.0, 0.0, 1.0],
                [1.0, -0.0, -1e-06, -0.0, -1e-06, -3e-06, -1.0, 0.37472, -0.0, 1.0, -3e-06, -0.0, 0.0, 0.0, 0.0, 1.0],
                [1.0, 0.0, -1e-06, 0.0, -1e-06, -3e-06, -1.0, 0.37472, -0.0, 1.0, -3e-06, 0.0, 0.0, 0.0, 0.0, 1.0],
                [1.0, -0.0, -1e-06, 0.0, -1e-06, -3e-06, -1.0, 0.37472, -0.0, 1.0, -3e-06, -0.0, 0.0, 0.0, 0.0, 1.0],
                [1.0, -0.0, -1e-06, 0.0, -1e-06, -3e-06, -1.0, 0.37472, -0.0, 1.0, -3e-06, 0.0, 0.0, 0.0, 0.0, 1.0],
                [1.0, -0.0, -1e-06, -0.0, -1e-06, -3e-06, -1.0, 0.37472, -0.0, 1.0, -3e-06, -0.0, 0.0, 0.0, 0.0, 1.0],
                [1.0, 0.0, -1e-06, -0.0, -1e-06, -3e-06, -1.0, 0.37472, 0.0, 1.0, -3e-06, -0.0, 0.0, 0.0, 0.0, 1.0],
                [1.0, -0.0, -1e-06, -0.0, -1e-06, -3e-06, -1.0, 0.37472, 0.0, 1.0, -3e-06, 0.0, 0.0, 0.0, 0.0, 1.0],
                [1.0, 0.0, -1e-06, -0.0, -1e-06, -3e-06, -1.0, 0.37472, 0.0, 1.0, -3e-06, -0.0, 0.0, 0.0, 0.0, 1.0],
                [1.0, -0.0, -1e-06, -0.0, -1e-06, -3e-06, -1.0, 0.37472, 0.0, 1.0, -3e-06, 0.0, 0.0, 0.0, 0.0, 1.0],
                [1.0, -0.0, -1e-06, 0.0, -1e-06, -3e-06, -1.0, 0.37472, -0.0, 1.0, -3e-06, -0.0, 0.0, 0.0, 0.0, 1.0],
                [1.0, 0.0, -1e-06, -0.0, -1e-06, -3e-06, -1.0, 0.37472, 0.0, 1.0, -3e-06, 0.0, 0.0, 0.0, 0.0, 1.0],
                [1.0, 0.0, -1e-06, -0.0, -1e-06, -3e-06, -1.0, 0.37472, 0.0, 1.0, -3e-06, -0.0, 0.0, 0.0, 0.0, 1.0],
                [1.0, 0.0, -1e-06, -0.0, -1e-06, -3e-06, -1.0, 0.37472, -0.0, 1.0, -3e-06, 0.0, 0.0, 0.0, 0.0, 1.0],
                [1.0, 0.0, -1e-06, 0.0, -1e-06, -3e-06, -1.0, 0.37472, 0.0, 1.0, -3e-06, 0.0, 0.0, 0.0, 0.0, 1.0],
                [1.0, -0.0, -1e-06, 0.0, -1e-06, -3e-06, -1.0, 0.37472, 0.0, 1.0, -3e-06, -0.0, 0.0, 0.0, 0.0, 1.0],
                [1.0, 0.0, -1e-06, -0.0, -1e-06, -3e-06, -1.0, 0.37472, -0.0, 1.0, -3e-06, -0.0, 0.0, 0.0, 0.0, 1.0],
                [1.0, 0.0, -1e-06, 0.0, -1e-06, -3e-06, -1.0, 0.37472, -0.0, 1.0, -3e-06, 0.0, 0.0, 0.0, 0.0, 1.0],
                [1.0, -0.0, -1e-06, -0.0, -1e-06, -3e-06, -1.0, 0.37472, -0.0, 1.0, -3e-06, 0.0, 0.0, 0.0, 0.0, 1.0],
                [1.0, 0.0, -1e-06, 0.0, -1e-06, -3e-06, -1.0, 0.37472, 0.0, 1.0, -3e-06, -0.0, 0.0, 0.0, 0.0, 1.0],
                [1.0, 0.0, -1e-06, -0.0, -1e-06, -3e-06, -1.0, 0.37472, 0.0, 1.0, -3e-06, 0.0, 0.0, 0.0, 0.0, 1.0],
                [1.0, -0.0, -1e-06, 0.0, -1e-06, -3e-06, -1.0, 0.37472, -0.0, 1.0, -3e-06, -0.0, 0.0, 0.0, 0.0, 1.0],
                [1.0, -0.0, -1e-06, 0.0, -1e-06, -3e-06, -1.0, 0.37472, -0.0, 1.0, -3e-06, 0.0, 0.0, 0.0, 0.0, 1.0],
                [1.0, -0.0, -1e-06, -0.0, -1e-06, -3e-06, -1.0, 0.37472, 0.0, 1.0, -3e-06, -0.0, 0.0, 0.0, 0.0, 1.0],
                [1.0, 0.0, -1e-06, 0.0, -1e-06, -3e-06, -1.0, 0.37472, -0.0, 1.0, -3e-06, 0.0, 0.0, 0.0, 0.0, 1.0],
