{
    "animation": [
        {
            "name": "Root",
            "time": [0.0333, 0.0667, 0.1, 0.1333, 0.1667, 0.2, 0.2333, 0.2667, 0.3, 0.3333, 0.3667, 0.4, 0.4333, 0.4667, 0.5, 0.5333, 0.5667, 0.6, 0.6333, 0.6667, 0.7, 0.7333, 0.7667, 0.8, 0.8333, 0.8667, 0.9, 0.9333, 0.9667, 1.0, 1.0333, 1.0667, 1.1, 1.1333, 1.1667, 1.2, 1.2333, 1.2667, 1.3, 1.3333, 1.3667, 1.4, 1.4333, 1.4667, 1.5, 1.5333, 1.5667, 1.6, 1.6333, 1.6667, 1.7, 1.7333, 1.7667, 1.8, 1.8333, 1.8667, 1.9, 1.9333, 1.9667, 2.0, 2.0333, 2.0667, 2.1, 2.1333, 2.1667, 2.2, 2.2333, 2.2667, 2.3, 2.3333, 2.3667, 2.4, 2.4333, 2.4667, 2.5, 2.5333, 2.5667, 2.6, 2.6333, 2.6667, 2.7, 2.7333, 2.7667, 2.8, 2.8333, 2.8667, 2.9, 2.9333, 2.9667, 3.0, 3.0333, 3.0667, 3.1, 3.1333, 3.1667, 3.2, 3.2333, 3.2667, 3.3, 3.3333, 3.3667, 3.4, 3.4333, 3.4667, 3.5, 3.5333, 3.5667, 3.6, 3.6333, 3.6667, 3.7, 3.7333, 3.7667, 3.8, 3.8333, 3.8667, 3.9, 3.9333, 3.9667, 4.0, 4.0333, 4.0667, 4.1, 4.1333, 4.1667, 4.2, 4.2333, 4.2667, 4.3, 4.3333, 4.3667, 4.4, 4.4333, 4.4667, 4.5, 4.5333, 4.5667, 4.6, 4.6333, 4.6667, 4.7, 4.7333, 4.7667, 4.8, 4.8333, 4.8667, 4.9, 4.9333, 4.9667, 5.0, 5.0333, 5.0667, 5.1, 5.1333, 5.1667, 5.2, 5.2333, 5.2667, 5.3, 5.3333, 5.3667, 5.4, 5.4333, 5.4667, 5.5, 5.5333, 5.5667, 5.6, 5.6333, 5.6667, 5.7, 5.7333, 5.7667, 5.8, 5.8333, 5.8667, 5.9, 5.9333, 5.9667, 6.0, 6.0333, 6.0667, 6.1, 6.1333, 6.1667, 6.2, 6.2333, 6.2667, 6.3, 6.3333, 6.3667, 6.4, 6.4333, 6.4667, 6.5, 6.5333, 6.5667, 6.6, 6.6333, 6.6667, 6.7, 6.7333, 6.7667, 6.8, 6.8333, 6.8667, 6.9, 6.9333, 6.9667, 7.0, 7.0333, 7.0667, 7.1, 7.1333, 7.1667, 7.2, 7.2333, 7.2667, 7.3, 7.3333, 7.3667, 7.5, 0.0, 7.5167],
            "transform": [
                [0.628916, -0.253609, -0.734934, -0.059321, -0.746285, 0.068077, -0.662121, 0.091293, 0.217954, 0.964898, -0.146451, 0.698034, 0.0, 0.0, 0.0, 1.0],
                [0.628916, -0.253609, -0.734934, -0.059321, -0.746285, 0.068077, -0.662121, 0.091293, 0.217954, 0.964898, -0.146451, 0.698034, 0.0, 0.0, 0.0, 1.0],
                [0.656931, -0.245509, -0.712844, -0.065071, -0.722464, 0.065338, -0.6883, 0.055356, 0.215561, 0.96718, -0.13445, 0.703469, 0.0, 0.0, 0.0, 1.0],
                [0.680781, -0.222104, -0.697988, -0.073701, -0.702688, 0.070941, -0.707939, 0.025657, 0.206754, 0.972428, -0.107775, 0.711534, 0.0, 0.0, 0.0, 1.0],
                [0.691121, -0.211718, -0.691019, -0.083899, -0.696232, 0.061466, -0.715167, -0.012682, 0.19389, 0.975386, -0.104926, 0.718693, 0.0, 0.0, 0.0, 1.0],
                [0.703, -0.197217, -0.683284, -0.090441, -0.689363, 0.047156, -0.722866, -0.036671, 0.174784, 0.979215, -0.102804, 0.725749, 0.0, 0.0, 0.0, 1.0],
                [0.696911, -0.181895, -0.693693, -0.094947, -0.700046, 0.037411, -0.713103, -0.044013, 0.155663, 0.982596, -0.101264, 0.732998, 0.0, 0.0, 0.0, 1.0],
                [0.683631, -0.172903, -0.709037, -0.10373, -0.716341, 0.026849, -0.69722, -0.064727, 0.13959, 0.984563, -0.105503, 0.740477, 0.0, 0.0, 0.0, 1.0],
                [0.664271, -0.172618, -0.727273, -0.113152, -0.736199, 0.017293, -0.676529, -0.089406, 0.129359, 0.984827, -0.115596, 0.745541, 0.0, 0.0, 0.0, 1.0],
                [0.637834, -0.176809, -0.749591, -0.11967, -0.759754, 0.015015, -0.650022, -0.101056, 0.126186, 0.98412, -0.124756, 0.74675, 0.0, 0.0, 0.0, 1.0],
                [0.610746, -0.183917, -0.770158, -0.124984, -0.781594, 0.015735, -0.623572, -0.103326, 0.126805, 0.982806, -0.13414, 0.742588, 0.0, 0.0, 0.0, 1.0],
                [0.577441, -0.195411, -0.792689, -0.129927, -0.805192, 0.024165, -0.592505, -0.106913, 0.134939, 0.980413, -0.143391, 0.736432, 0.0, 0.0, 0.0, 1.0],
                [0.54016, -0.206226, -0.815891, -0.135063, -0.828627, 0.038915, -0.558428, -0.11483, 0.146914, 0.97772, -0.149865, 0.730578, 0.0, 0.0, 0.0, 1.0],
                [0.505106, -0.217285, -0.835246, -0.14093, -0.848839, 0.049799, -0.526282, -0.12346, 0.155949, 0.974827, -0.159288, 0.722969, 0.0, 0.0, 0.0, 1.0],
                [0.478465, -0.229481, -0.847579, -0.143426, -0.862412, 0.058805, -0.502759, -0.127565, 0.165217, 0.971525, -0.169773, 0.716075, 0.0, 0.0, 0.0, 1.0],
                [0.462279, -0.240703, -0.853428, -0.142681, -0.869357, 0.066518, -0.489668, -0.123595, 0.174634, 0.968306, -0.178509, 0.710472, 0.0, 0.0, 0.0, 1.0],
                [0.464679, -0.241805, -0.851812, -0.141171, -0.867619, 0.067839, -0.49256, -0.119132, 0.176892, 0.96794, -0.178273, 0.708125, 0.0, 0.0, 0.0, 1.0],
                [0.494299, -0.223665, -0.840013, -0.137518, -0.854514, 0.052328, -0.516766, -0.111688, 0.15954, 0.97325, -0.165261, 0.707735, 0.0, 0.0, 0.0, 1.0],
                [0.548631, -0.220081, -0.806566, -0.132825, -0.817986, 0.058174, -0.572272, -0.10788, 0.172869, 0.973735, -0.148108, 0.709796, 0.0, 0.0, 0.0, 1.0],
                [0.607127, -0.195663, -0.770125, -0.127081, -0.778665, 0.046572, -0.625692, -0.1048, 0.158293, 0.979554, -0.124083, 0.713079, 0.0, 0.0, 0.0, 1.0],
                [0.665177, -0.158159, -0.72973, -0.122038, -0.734289, 0.038695, -0.677719, -0.104475, 0.135425, 0.986645, -0.090396, 0.71733, 0.0, 0.0, 0.0, 1.0],
                [0.724085, -0.117332, -0.679643, -0.117365, -0.680576, 0.038173, -0.731669, -0.10255, 0.111793, 0.992349, -0.052214, 0.721439, 0.0, 0.0, 0.0, 1.0],
                [0.784788, -0.069691, -0.615817, -0.113325, -0.614486, 0.041703, -0.787812, -0.093695, 0.080585, 0.996687, -0.010097, 0.724485, 0.0, 0.0, 0.0, 1.0],
                [0.838068, -0.012978, -0.545394, -0.111407, -0.544374, 0.045676, -0.837586, -0.088321, 0.035782, 0.998862, 0.031215, 0.72676, 0.0, 0.0, 0.0, 1.0],
                [0.880178, 0.041619, -0.472794, -0.110825, -0.474557, 0.060564, -0.878128, -0.079338, -0.007913, 0.997286, 0.073058, 0.72629, 0.0, 0.0, 0.0, 1.0],
                [0.908468, 0.094683, -0.407065, -0.111498, -0.414331, 0.076475, -0.906897, -0.072335, -0.054738, 0.992556, 0.108706, 0.723165, 0.0, 0.0, 0.0, 1.0],
                [0.92423, 0.139092, -0.355575, -0.113014, -0.369367, 0.089902, -0.924914, -0.060394, -0.096682, 0.98618, 0.134467, 0.717255, 0.0, 0.0, 0.0, 1.0],
                [0.930723, 0.173848, -0.321731, -0.116395, -0.341302, 0.097002, -0.934924, -0.05325, -0.131328, 0.979973, 0.149619, 0.709331, 0.0, 0.0, 0.0, 1.0],
                [0.926046, 0.20502, -0.316837, -0.120763, -0.340221, 0.09025, -0.935994, -0.043772, -0.163305, 0.974578, 0.153329, 0.699383, 0.0, 0.0, 0.0, 1.0],
                [0.910087, 0.230582, -0.344315, -0.1248, -0.369475, 0.075279, -0.926176, -0.031256, -0.187642, 0.970126, 0.153706, 0.688612, 0.0, 0.0, 0.0, 1.0],
                [0.886322, 0.245679, -0.392498, -0.129624, -0.415164, 0.046243, -0.908559, -0.022391, -0.205066, 0.968237, 0.142985, 0.677637, 0.0, 0.0, 0.0, 1.0],
                [0.860522, 0.24682, -0.445602, -0.134511, -0.462248, 0.010823, -0.886673, -0.012939, -0.214028, 0.96899, 0.123407, 0.666773, 0.0, 0.0, 0.0, 1.0],
                [0.836057, 0.234562, -0.495952, -0.138833, -0.505007, -0.024194, -0.862764, -0.001535, -0.214373, 0.97179, 0.098229, 0.657104, 0.0, 0.0, 0.0, 1.0],
                [0.822495, 0.216434, -0.525964, -0.145719, -0.529208, -0.047572, -0.847145, 0.005748, -0.208375, 0.975127, 0.075411, 0.650571, 0.0, 0.0, 0.0, 1.0],
                [0.818963, 0.195062, -0.539657, -0.151633, -0.541687, -0.047532, -0.839224, 0.012528, -0.189353, 0.979628, 0.066737, 0.647022, 0.0, 0.0, 0.0, 1.0],
                [0.823645, 0.173129, -0.540015, -0.157653, -0.542778, -0.035147, -0.839128, 0.018974, -0.164259, 0.984262, 0.065023, 0.64639, 0.0, 0.0, 0.0, 1.0],
                [0.832822, 0.15348, -0.531819, -0.164374, -0.536349, -0.013713, -0.843873, 0.025391, -0.136812, 0.988046, 0.070899, 0.648775, 0.0, 0.0, 0.0, 1.0],
                [0.841981, 0.133453, -0.522722, -0.172294, -0.528332, 0.007951, -0.848989, 0.031858, -0.109145, 0.991013, 0.077202, 0.654089, 0.0, 0.0, 0.0, 1.0],
                [0.851415, 0.114499, -0.511822, -0.181368, -0.51792, 0.029771, -0.854899, 0.038484, -0.082649, 0.992967, 0.08465, 0.662608, 0.0, 0.0, 0.0, 1.0],
                [0.861767, 0.094949, -0.498319, -0.190847, -0.503635, 0.042522, -0.862858, 0.045032, -0.060739, 0.994563, 0.084465, 0.673878, 0.0, 0.0, 0.0, 1.0],
                [0.867953, 0.07421, -0.491051, -0.199398, -0.495206, 0.054578, -0.867048, 0.051243, -0.037544, 0.995738, 0.084121, 0.686814, 0.0, 0.0, 0.0, 1.0],
                [0.872948, 0.067752, -0.483065, -0.2046, -0.486971, 0.063551, -0.871092, 0.056677, -0.028319, 0.995666, 0.088471, 0.700246, 0.0, 0.0, 0.0, 1.0],
                [0.878622, 0.071201, -0.472159, -0.206732, -0.476536, 0.068031, -0.876507, 0.061266, -0.030287, 0.995129, 0.093704, 0.712124, 0.0, 0.0, 0.0, 1.0],
                [0.890234, 0.07589, -0.449115, -0.205577, -0.45411, 0.071418, -0.888067, 0.064926, -0.035321, 0.994545, 0.098042, 0.722133, 0.0, 0.0, 0.0, 1.0],
                [0.909672, 0.063565, -0.41041, -0.201455, -0.414301, 0.070279, -0.907412, 0.067589, -0.028837, 0.99549, 0.090267, 0.729488, 0.0, 0.0, 0.0, 1.0],
                [0.928377, 0.049752, -0.368268, -0.192938, -0.370971, 0.065862, -0.926295, 0.069075, -0.02183, 0.996578, 0.079602, 0.734874, 0.0, 0.0, 0.0, 1.0],
                [0.947525, 0.038186, -0.31736, -0.181361, -0.319216, 0.061384, -0.945681, 0.069753, -0.016631, 0.997373, 0.070353, 0.739398, 0.0, 0.0, 0.0, 1.0],
                [0.963693, 0.028941, -0.265401, -0.167863, -0.266707, 0.059854, -0.961907, 0.069807, -0.011953, 0.997777, 0.0654, 0.743568, 0.0, 0.0, 0.0, 1.0],
                [0.976763, 0.021275, -0.213217, -0.153088, -0.214096, 0.056169, -0.975186, 0.069066, -0.008771, 0.998185, 0.059419, 0.747286, 0.0, 0.0, 0.0, 1.0],
                [0.986514, 0.014234, -0.162996, -0.138196, -0.163531, 0.053629, -0.985069, 0.067652, -0.00528, 0.998449, 0.055234, 0.75186, 0.0, 0.0, 0.0, 1.0],
                [0.993316, 0.01081, -0.114829, -0.124503, -0.115253, 0.055237, -0.991789, 0.06556, -0.004379, 0.998405, 0.056114, 0.755504, 0.0, 0.0, 0.0, 1.0],
                [0.997187, 0.009706, -0.074183, -0.112222, -0.074634, 0.060106, -0.995388, 0.062546, -0.005202, 0.998135, 0.060662, 0.757168, 0.0, 0.0, 0.0, 1.0],
                [0.999071, 0.015503, -0.039962, -0.101217, -0.040906, 0.066237, -0.996955, 0.058336, -0.012809, 0.997673, 0.066811, 0.755013, 0.0, 0.0, 0.0, 1.0],
                [0.999821, 0.015534, -0.009833, -0.092593, -0.010921, 0.071564, -0.997366, 0.053114, -0.01479, 0.997305, 0.071721, 0.748318, 0.0, 0.0, 0.0, 1.0],
                [0.999816, 0.015983, 0.009605, -0.086089, 0.008355, 0.076506, -0.997024, 0.047222, -0.016671, 0.996931, 0.076359, 0.735893, 0.0, 0.0, 0.0, 1.0],
                [0.999431, 0.010711, 0.031678, -0.081988, 0.030722, 0.079927, -0.996317, 0.04133, -0.013204, 0.996733, 0.079553, 0.718515, 0.0, 0.0, 0.0, 1.0],
                [0.998609, 0.005163, 0.05228, -0.080104, 0.051698, 0.080301, -0.995419, 0.035841, -0.009338, 0.996747, 0.079923, 0.695651, 0.0, 0.0, 0.0, 1.0],
                [0.997631, -0.002356, 0.068605, -0.079811, 0.068577, 0.078596, -0.994535, 0.030979, -0.003049, 0.996894, 0.078573, 0.668095, 0.0, 0.0, 0.0, 1.0],
                [0.997496, -0.006178, 0.070315, -0.080692, 0.070578, 0.072526, -0.994856, 0.026992, 0.001047, 0.997337, 0.072781, 0.63808, 0.0, 0.0, 0.0, 1.0],
                [0.998298, -0.008029, 0.057584, -0.082287, 0.057953, 0.057693, -0.996641, 0.023957, 0.00468, 0.998292, 0.05806, 0.609929, 0.0, 0.0, 0.0, 1.0],
                [0.998964, -0.015279, 0.04263, -0.084209, 0.043235, 0.041806, -0.99818, 0.022033, 0.013469, 0.998999, 0.042424, 0.586264, 0.0, 0.0, 0.0, 1.0],
                [0.999371, -0.028046, 0.021237, -0.086382, 0.022057, 0.029267, -0.999318, 0.021162, 0.027406, 0.999168, 0.029867, 0.569186, 0.0, 0.0, 0.0, 1.0],
                [0.999068, -0.042884, -0.002058, -0.087864, -0.001043, 0.023686, -0.999709, 0.021168, 0.042921, 0.998789, 0.02362, 0.559626, 0.0, 0.0, 0.0, 1.0],
                [0.997846, -0.060667, -0.024557, -0.088414, -0.023384, 0.019961, -0.999517, 0.02167, 0.061128, 0.997948, 0.0185, 0.556581, 0.0, 0.0, 0.0, 1.0],
                [0.99622, -0.077779, -0.038414, -0.088051, -0.036896, 0.02086, -0.999091, 0.022731, 0.07851, 0.996742, 0.017912, 0.561931, 0.0, 0.0, 0.0, 1.0],
                [0.994764, -0.091063, -0.046175, -0.087044, -0.043944, 0.02635, -0.998676, 0.024124, 0.09216, 0.995486, 0.022211, 0.573944, 0.0, 0.0, 0.0, 1.0],
                [0.994359, -0.097454, -0.041616, -0.085682, -0.038704, 0.031589, -0.998741, 0.025587, 0.098647, 0.994729, 0.02764, 0.591302, 0.0, 0.0, 0.0, 1.0],
                [0.994251, -0.097828, -0.043308, -0.08441, -0.039271, 0.042825, -0.9983, 0.026885, 0.099517, 0.994271, 0.038737, 0.60963, 0.0, 0.0, 0.0, 1.0],
                [0.994252, -0.095476, -0.048241, -0.083422, -0.043864, 0.047433, -0.997901, 0.027752, 0.097565, 0.994291, 0.042973, 0.626877, 0.0, 0.0, 0.0, 1.0],
                [0.995022, -0.085606, -0.05083, -0.082568, -0.046121, 0.056113, -0.997349, 0.027876, 0.088232, 0.994738, 0.051886, 0.640261, 0.0, 0.0, 0.0, 1.0],
                [0.994996, -0.081918, -0.057038, -0.082234, -0.051605, 0.066968, -0.99641, 0.027239, 0.085445, 0.994376, 0.062406, 0.649159, 0.0, 0.0, 0.0, 1.0],
                [0.995049, -0.078066, -0.061341, -0.082309, -0.055487, 0.075068, -0.995623, 0.025298, 0.08233, 0.994108, 0.070365, 0.652581, 0.0, 0.0, 0.0, 1.0],
                [0.99617, -0.059429, -0.063982, -0.082554, -0.05952, 0.074029, -0.995468, 0.022059, 0.063897, 0.995474, 0.070209, 0.651506, 0.0, 0.0, 0.0, 1.0],
                [0.99776, -0.030408, -0.059424, -0.082296, -0.057255, 0.067815, -0.996044, 0.017341, 0.034318, 0.997224, 0.065923, 0.645929, 0.0, 0.0, 0.0, 1.0],
                [0.998396, 0.017324, -0.05372, -0.08171, -0.05451, 0.048921, -0.997304, 0.011252, -0.014649, 0.998642, 0.049788, 0.637835, 0.0, 0.0, 0.0, 1.0],
                [0.998132, 0.044886, -0.041212, -0.080829, -0.042192, 0.021121, -0.998876, 0.004136, -0.043966, 0.998759, 0.022975, 0.62863, 0.0, 0.0, 0.0, 1.0],
                [0.998706, 0.048817, -0.013497, -0.079505, -0.013733, 0.004496, -0.999885, -0.003429, -0.048752, 0.998788, 0.005161, 0.62162, 0.0, 0.0, 0.0, 1.0],
                [0.994749, 0.100775, 0.017286, -0.077095, 0.019526, -0.021285, -0.999573, -0.011296, -0.100365, 0.994671, -0.023142, 0.617278, 0.0, 0.0, 0.0, 1.0],
                [0.992173, 0.11888, 0.037945, -0.074463, 0.043439, -0.043969, -0.998078, -0.018926, -0.116984, 0.991924, -0.048789, 0.616521, 0.0, 0.0, 0.0, 1.0],
                [0.988708, 0.134058, 0.066818, -0.072294, 0.07543, -0.060219, -0.995321, -0.025969, -0.129408, 0.989132, -0.069652, 0.61975, 0.0, 0.0, 0.0, 1.0],
                [0.985939, 0.139604, 0.091736, -0.070343, 0.101902, -0.06749, -0.992492, -0.032175, -0.132366, 0.987895, -0.080767, 0.626037, 0.0, 0.0, 0.0, 1.0],
                [0.984908, 0.136103, 0.106834, -0.06828, 0.117254, -0.07098, -0.990552, -0.037464, -0.127235, 0.988139, -0.085868, 0.635701, 0.0, 0.0, 0.0, 1.0],
                [0.984504, 0.126483, 0.121386, -0.066339, 0.130597, -0.067242, -0.989143, -0.04199, -0.116949, 0.989677, -0.082719, 0.647862, 0.0, 0.0, 0.0, 1.0],
                [0.98465, 0.111883, 0.133894, -0.064482, 0.140426, -0.052664, -0.988679, -0.045694, -0.103566, 0.992315, -0.067568, 0.661066, 0.0, 0.0, 0.0, 1.0],
                [0.986975, 0.092267, 0.131711, -0.063265, 0.135618, -0.037413, -0.990044, -0.048595, -0.086422, 0.995021, -0.049439, 0.673597, 0.0, 0.0, 0.0, 1.0],
                [0.988388, 0.072206, 0.133623, -0.062896, 0.135414, -0.020483, -0.990567, -0.050563, -0.068789, 0.997169, -0.030023, 0.68583, 0.0, 0.0, 0.0, 1.0],
                [0.988601, 0.058378, 0.138709, -0.063287, 0.139036, -0.001552, -0.990276, -0.051661, -0.057596, 0.998283, -0.009652, 0.695529, 0.0, 0.0, 0.0, 1.0],
                [0.987862, 0.050101, 0.146962, -0.064013, 0.146226, 0.018074, -0.989076, -0.051971, -0.052211, 0.998571, 0.010529, 0.703138, 0.0, 0.0, 0.0, 1.0],
                [0.986716, 0.045524, 0.155881, -0.064949, 0.154401, 0.034409, -0.987399, -0.051712, -0.050314, 0.99836, 0.026923, 0.707671, 0.0, 0.0, 0.0, 1.0],
                [0.98507, 0.039913, 0.167402, -0.066409, 0.165485, 0.0473, -0.985067, -0.050975, -0.047235, 0.998073, 0.03999, 0.708691, 0.0, 0.0, 0.0, 1.0],
                [0.984301, 0.024465, 0.174735, -0.068122, 0.173059, 0.059068, -0.983129, -0.050185, -0.034374, 0.997944, 0.053907, 0.705982, 0.0, 0.0, 0.0, 1.0],
                [0.982551, 0.043345, 0.180816, -0.070629, 0.177944, 0.062887, -0.982019, -0.04949, -0.053937, 0.997069, 0.054077, 0.700751, 0.0, 0.0, 0.0, 1.0],
                [0.978894, 0.075199, 0.189979, -0.0752, 0.185388, 0.063998, -0.980569, -0.049031, -0.085897, 0.995103, 0.048707, 0.692495, 0.0, 0.0, 0.0, 1.0],
                [0.978573, 0.091419, 0.184438, -0.083741, 0.179881, 0.055873, -0.98209, -0.048798, -0.100087, 0.994234, 0.038232, 0.683577, 0.0, 0.0, 0.0, 1.0],
                [0.979732, 0.106754, 0.169438, -0.097042, 0.164897, 0.050084, -0.985028, -0.04878, -0.113644, 0.993013, 0.031466, 0.674775, 0.0, 0.0, 0.0, 1.0],
                [0.982717, 0.122187, 0.138989, -0.114976, 0.136381, 0.029497, -0.990207, -0.04897, -0.125091, 0.992059, 0.012323, 0.667948, 0.0, 0.0, 0.0, 1.0],
                [0.986693, 0.132781, 0.093737, -0.13794, 0.092022, 0.019012, -0.995565, -0.049039, -0.133976, 0.990953, 0.006541, 0.663117, 0.0, 0.0, 0.0, 1.0],
                [0.989691, 0.13863, 0.035673, -0.164456, 0.037984, -0.014063, -0.999169, -0.048826, -0.138014, 0.990234, -0.019184, 0.662464, 0.0, 0.0, 0.0, 1.0],
                [0.989768, 0.140071, -0.026834, -0.192691, -0.021666, -0.038286, -0.999022, -0.048216, -0.140963, 0.989391, -0.034859, 0.665168, 0.0, 0.0, 0.0, 1.0],
                [0.985248, 0.134581, -0.105611, -0.220732, -0.096896, -0.069757, -0.992837, -0.047045, -0.140985, 0.988434, -0.055689, 0.67206, 0.0, 0.0, 0.0, 1.0],
                [0.973559, 0.118878, -0.195017, -0.247095, -0.185, -0.090261, -0.978575, -0.045357, -0.133935, 0.988788, -0.065883, 0.681658, 0.0, 0.0, 0.0, 1.0],
                [0.951688, 0.096223, -0.291566, -0.271385, -0.283818, -0.086534, -0.954955, -0.043085, -0.11712, 0.991581, -0.055045, 0.692383, 0.0, 0.0, 0.0, 1.0],
                [0.920405, 0.079737, -0.382722, -0.293615, -0.378091, -0.067368, -0.923303, -0.040104, -0.099405, 0.994527, -0.031858, 0.702779, 0.0, 0.0, 0.0, 1.0],
                [0.877, 0.068906, -0.475503, -0.313954, -0.474365, -0.033083, -0.879695, -0.036541, -0.076348, 0.997064, 0.003673, 0.710825, 0.0, 0.0, 0.0, 1.0],
                [0.819669, 0.062032, -0.569451, -0.333088, -0.57082, 0.005459, -0.821045, -0.032411, -0.047823, 0.998049, 0.039884, 0.715433, 0.0, 0.0, 0.0, 1.0],
                [0.753577, 0.064105, -0.654212, -0.351456, -0.657157, 0.049685, -0.752101, -0.027598, -0.015709, 0.996696, 0.079569, 0.716433, 0.0, 0.0, 0.0, 1.0],
                [0.669939, 0.073412, -0.738764, -0.370166, -0.74217, 0.091138, -0.663971, -0.022062, 0.018586, 0.993119, 0.115542, 0.713757, 0.0, 0.0, 0.0, 1.0],
                [0.581603, 0.08415, -0.809096, -0.387571, -0.812116, 0.117214, -0.571584, -0.01619, 0.046739, 0.989525, 0.136513, 0.707176, 0.0, 0.0, 0.0, 1.0],
                [0.500359, 0.089981, -0.861118, -0.404117, -0.862995, 0.131915, -0.487666, -0.00996, 0.069714, 0.987159, 0.143659, 0.697884, 0.0, 0.0, 0.0, 1.0],
                [0.438272, 0.088249, -0.894488, -0.418156, -0.894442, 0.141047, -0.424334, -0.003783, 0.088719, 0.986052, 0.140752, 0.6862, 0.0, 0.0, 0.0, 1.0],
                [0.395251, 0.086285, -0.914501, -0.428223, -0.913242, 0.143911, -0.381128, 0.001928, 0.098722, 0.985812, 0.135681, 0.673341, 0.0, 0.0, 0.0, 1.0],
                [0.371037, 0.081616, -0.925014, -0.435006, -0.92323, 0.139463, -0.358017, 0.007022, 0.099786, 0.986848, 0.127097, 0.660353, 0.0, 0.0, 0.0, 1.0],
                [0.366604, 0.075749, -0.927278, -0.437579, -0.92493, 0.137261, -0.354463, 0.011223, 0.100429, 0.987624, 0.120384, 0.648657, 0.0, 0.0, 0.0, 1.0],
                [0.376848, 0.071042, -0.923536, -0.436187, -0.920795, 0.13692, -0.365197, 0.014449, 0.100507, 0.988021, 0.117014, 0.639711, 0.0, 0.0, 0.0, 1.0],
                [0.404434, 0.063754, -0.912331, -0.430772, -0.909423, 0.133572, -0.393811, 0.016462, 0.096756, 0.988976, 0.112001, 0.635086, 0.0, 0.0, 0.0, 1.0],
                [0.451878, 0.052589, -0.890517, -0.421417, -0.887434, 0.128124, -0.442747, 0.01715, 0.090814, 0.990353, 0.104566, 0.634818, 0.0, 0.0, 0.0, 1.0],
                [0.509311, 0.033223, -0.85993, -0.408592, -0.856209, 0.120047, -0.502469, 0.016573, 0.086539, 0.992202, 0.089588, 0.639339, 0.0, 0.0, 0.0, 1.0],
                [0.571617, 0.005743, -0.820488, -0.391119, -0.815756, 0.111442, -0.567541, 0.014518, 0.088178, 0.993744, 0.068387, 0.647261, 0.0, 0.0, 0.0, 1.0],
                [0.624451, -0.025153, -0.780646, -0.371548, -0.775164, 0.10252, -0.62337, 0.011563, 0.095713, 0.994403, 0.044521, 0.658664, 0.0, 0.0, 0.0, 1.0],
                [0.670127, -0.055347, -0.740166, -0.3506, -0.735042, 0.088986, -0.672142, 0.007846, 0.103066, 0.994484, 0.01895, 0.670149, 0.0, 0.0, 0.0, 1.0],
                [0.709312, -0.082254, -0.700065, -0.329072, -0.695878, 0.076508, -0.714059, 0.003662, 0.112296, 0.99366, -0.002971, 0.679847, 0.0, 0.0, 0.0, 1.0],
                [0.744108, -0.110017, -0.658922, -0.307241, -0.656008, 0.066052, -0.751845, -0.000849, 0.12624, 0.991722, -0.023022, 0.686503, 0.0, 0.0, 0.0, 1.0],
                [0.774876, -0.139881, -0.616425, -0.285812, -0.614351, 0.062793, -0.786518, -0.00503, 0.148727, 0.988165, -0.03728, 0.68951, 0.0, 0.0, 0.0, 1.0],
                [0.799812, -0.172641, -0.574871, -0.265679, -0.573541, 0.062622, -0.816768, -0.008933, 0.177009, 0.982982, -0.048931, 0.688382, 0.0, 0.0, 0.0, 1.0],
                [0.821802, -0.192741, -0.536165, -0.246287, -0.536136, 0.05687, -0.842202, -0.01241, 0.19282, 0.97959, -0.0566, 0.683639, 0.0, 0.0, 0.0, 1.0],
                [0.840834, -0.204142, -0.501302, -0.228244, -0.50244, 0.050106, -0.863147, -0.015217, 0.201325, 0.977648, -0.060439, 0.675836, 0.0, 0.0, 0.0, 1.0],
                [0.855414, -0.205358, -0.475473, -0.212144, -0.476469, 0.047859, -0.877876, -0.016984, 0.203037, 0.977506, -0.056908, 0.667309, 0.0, 0.0, 0.0, 1.0],
                [0.865308, -0.20608, -0.456894, -0.197163, -0.458701, 0.041824, -0.887594, -0.017961, 0.202027, 0.977631, -0.058339, 0.660784, 0.0, 0.0, 0.0, 1.0],
                [0.872285, -0.203546, -0.444598, -0.18446, -0.445952, 0.041784, -0.89407, -0.017799, 0.200563, 0.978163, -0.054324, 0.658649, 0.0, 0.0, 0.0, 1.0],
                [0.87554, -0.196784, -0.441233, -0.17441, -0.441403, 0.045448, -0.896146, -0.016501, 0.196402, 0.979383, -0.04707, 0.661934, 0.0, 0.0, 0.0, 1.0],
                [0.877663, -0.188895, -0.440462, -0.167283, -0.440409, 0.04459, -0.896678, -0.014209, 0.18902, 0.980974, -0.044057, 0.670572, 0.0, 0.0, 0.0, 1.0],
                [0.876982, -0.179189, -0.44584, -0.16328, -0.444938, 0.047483, -0.894291, -0.011083, 0.181419, 0.982658, -0.038087, 0.683497, 0.0, 0.0, 0.0, 1.0],
                [0.876286, -0.165767, -0.452353, -0.161582, -0.450662, 0.04988, -0.891289, -0.007591, 0.170312, 0.984892, -0.030996, 0.696703, 0.0, 0.0, 0.0, 1.0],
                [0.878111, -0.147479, -0.455139, -0.162208, -0.452659, 0.051946, -0.890158, -0.003849, 0.154924, 0.98769, -0.021144, 0.709112, 0.0, 0.0, 0.0, 1.0],
                [0.881378, -0.128742, -0.454509, -0.164329, -0.45218, 0.048495, -0.890596, -0.00019, 0.1367, 0.990482, -0.015472, 0.718129, 0.0, 0.0, 0.0, 1.0],
                [0.885795, -0.113098, -0.450063, -0.167369, -0.448511, 0.040266, -0.892859, 0.003123, 0.119104, 0.992757, -0.015058, 0.723019, 0.0, 0.0, 0.0, 1.0],
                [0.892129, -0.09884, -0.440814, -0.170977, -0.440193, 0.029192, -0.897417, 0.005942, 0.10157, 0.994665, -0.017466, 0.722764, 0.0, 0.0, 0.0, 1.0],
                [0.89753, -0.088938, -0.431868, -0.175105, -0.432261, 0.015787, -0.901599, 0.008246, 0.087005, 0.995902, -0.024276, 0.717531, 0.0, 0.0, 0.0, 1.0],
                [0.902932, -0.080163, -0.422217, -0.179049, -0.423195, 0.005204, -0.906012, 0.009946, 0.074826, 0.996758, -0.029226, 0.708211, 0.0, 0.0, 0.0, 1.0],
                [0.903268, -0.076839, -0.422117, -0.182641, -0.423248, 0.00171, -0.906001, 0.011129, 0.070338, 0.997032, -0.030978, 0.696759, 0.0, 0.0, 0.0, 1.0],
                [0.902505, -0.075019, -0.424071, -0.186479, -0.425065, 0.002971, -0.905147, 0.011937, 0.069164, 0.997168, -0.029206, 0.685191, 0.0, 0.0, 0.0, 1.0],
                [0.898087, -0.07736, -0.432937, -0.190438, -0.433584, 0.009112, -0.901056, 0.012457, 0.073651, 0.996952, -0.025359, 0.675875, 0.0, 0.0, 0.0, 1.0],
                [0.890822, -0.084783, -0.44635, -0.193293, -0.446549, 0.017666, -0.894574, 0.012476, 0.08373, 0.996233, -0.022123, 0.668583, 0.0, 0.0, 0.0, 1.0],
                [0.88233, -0.091313, -0.461666, -0.194761, -0.460727, 0.032381, -0.88694, 0.012088, 0.09594, 0.995286, -0.0135, 0.663715, 0.0, 0.0, 0.0, 1.0],
                [0.873033, -0.099181, -0.477448, -0.193952, -0.475316, 0.045655, -0.878618, 0.010963, 0.108942, 0.994011, -0.007284, 0.660978, 0.0, 0.0, 0.0, 1.0],
                [0.867192, -0.108316, -0.48603, -0.190859, -0.482712, 0.056781, -0.873925, 0.009444, 0.122258, 0.992483, -0.003046, 0.658906, 0.0, 0.0, 0.0, 1.0],
                [0.867342, -0.113684, -0.484534, -0.185538, -0.480388, 0.063247, -0.874761, 0.007482, 0.130093, 0.991492, 0.000244, 0.657334, 0.0, 0.0, 0.0, 1.0],
                [0.874038, -0.115502, -0.471908, -0.177358, -0.467533, 0.064144, -0.881634, 0.004944, 0.132102, 0.991224, 0.002063, 0.656419, 0.0, 0.0, 0.0, 1.0],
                [0.884371, -0.115519, -0.452242, -0.166142, -0.447423, 0.066196, -0.891858, 0.002021, 0.132964, 0.991087, 0.006856, 0.655878, 0.0, 0.0, 0.0, 1.0],
                [0.891315, -0.116774, -0.438065, -0.152259, -0.432164, 0.073162, -0.898811, -0.001126, 0.137009, 0.99045, 0.014745, 0.655742, 0.0, 0.0, 0.0, 1.0],
                [0.899614, -0.122738, -0.419058, -0.135091, -0.412736, 0.074303, -0.907804, -0.004567, 0.142561, 0.989644, 0.016186, 0.656211, 0.0, 0.0, 0.0, 1.0],
                [0.902677, -0.131895, -0.409583, -0.11582, -0.403984, 0.067971, -0.912226, -0.008008, 0.14816, 0.98892, 0.008072, 0.658474, 0.0, 0.0, 0.0, 1.0],
                [0.90247, -0.150802, -0.403468, -0.094716, -0.400714, 0.0496, -0.914849, -0.011362, 0.157974, 0.987309, -0.015666, 0.663002, 0.0, 0.0, 0.0, 1.0],
                [0.899505, -0.185444, -0.395577, -0.07176, -0.400638, 0.010981, -0.91616, -0.01472, 0.174242, 0.982583, -0.064419, 0.670348, 0.0, 0.0, 0.0, 1.0],
                [0.894374, -0.225846, -0.386093, -0.047196, -0.40292, -0.031944, -0.914667, -0.01786, 0.194242, 0.973629, -0.119569, 0.679591, 0.0, 0.0, 0.0, 1.0],
                [0.891505, -0.266955, -0.365968, -0.022779, -0.398721, -0.079019, -0.913651, -0.020642, 0.214988, 0.960454, -0.176888, 0.689968, 0.0, 0.0, 0.0, 1.0],
                [0.890478, -0.297509, -0.344265, 0.001613, -0.393329, -0.12296, -0.911127, -0.023077, 0.22874, 0.946757, -0.226514, 0.701534, 0.0, 0.0, 0.0, 1.0],
                [0.892428, -0.322686, -0.315318, 0.025113, -0.380932, -0.164438, -0.909852, -0.025085, 0.241748, 0.932102, -0.269673, 0.714506, 0.0, 0.0, 0.0, 1.0],
                [0.903392, -0.316996, -0.28875, 0.047385, -0.362278, -0.204022, -0.909456, -0.026772, 0.229385, 0.926212, -0.299155, 0.726879, 0.0, 0.0, 0.0, 1.0],
                [0.922398, -0.269873, -0.27628, 0.067803, -0.342246, -0.239674, -0.908517, -0.028087, 0.178969, 0.93258, -0.313441, 0.739299, 0.0, 0.0, 0.0, 1.0],
                [0.936122, -0.226533, -0.268958, 0.086804, -0.323177, -0.252754, -0.91195, -0.029204, 0.138608, 0.940626, -0.309822, 0.750212, 0.0, 0.0, 0.0, 1.0],
                [0.942639, -0.226114, -0.24553, 0.103929, -0.299315, -0.247068, -0.921601, -0.030167, 0.147726, 0.942237, -0.300578, 0.759778, 0.0, 0.0, 0.0, 1.0],
                [0.950221, -0.213358, -0.22702, 0.118412, -0.27475, -0.230362, -0.933502, -0.030824, 0.146875, 0.949416, -0.277517, 0.768726, 0.0, 0.0, 0.0, 1.0],
                [0.95672, -0.198812, -0.212464, 0.130414, -0.25326, -0.209435, -0.944445, -0.031319, 0.143271, 0.957387, -0.250725, 0.77585, 0.0, 0.0, 0.0, 1.0],
                [0.967713, -0.180271, -0.176107, 0.140068, -0.209393, -0.186311, -0.959908, -0.031711, 0.140235, 0.9658, -0.218045, 0.780285, 0.0, 0.0, 0.0, 1.0],
                [0.977869, -0.158523, -0.136462, 0.148231, -0.161505, -0.157649, -0.974188, -0.032123, 0.13292, 0.974678, -0.179764, 0.782223, 0.0, 0.0, 0.0, 1.0],
                [0.98651, -0.131091, -0.097941, 0.154056, -0.114973, -0.129375, -0.984898, -0.032326, 0.116441, 0.982882, -0.142703, 0.783171, 0.0, 0.0, 0.0, 1.0],
                [0.993847, -0.101826, -0.043356, 0.158184, -0.053493, -0.099035, -0.993635, -0.032355, 0.096885, 0.98985, -0.103874, 0.782308, 0.0, 0.0, 0.0, 1.0],
                [0.996082, -0.079979, 0.037472, 0.159725, 0.032605, -0.061306, -0.997576, -0.031973, 0.082084, 0.994899, -0.058459, 0.779371, 0.0, 0.0, 0.0, 1.0],
                [0.991327, -0.054306, 0.11959, 0.158352, 0.118465, -0.02349, -0.99267, -0.03111, 0.056718, 0.998238, -0.016853, 0.775158, 0.0, 0.0, 0.0, 1.0],
                [0.978146, -0.032463, 0.205319, 0.154234, 0.205754, 0.010639, -0.978536, -0.029709, 0.029583, 0.999406, 0.017086, 0.770921, 0.0, 0.0, 0.0, 1.0],
                [0.956392, -0.016883, 0.291563, 0.147526, 0.292024, 0.041634, -0.955494, -0.02772, 0.003993, 0.99898, 0.044749, 0.766655, 0.0, 0.0, 0.0, 1.0],
                [0.931635, -0.000429, 0.363367, 0.136908, 0.36244, 0.072527, -0.92917, -0.024889, -0.025955, 0.997356, 0.067725, 0.764082, 0.0, 0.0, 0.0, 1.0],
                [0.911022, 0.014142, 0.412092, 0.124043, 0.408803, 0.099529, -0.907168, -0.021704, -0.053845, 0.994924, 0.084893, 0.761621, 0.0, 0.0, 0.0, 1.0],
                [0.90041, 0.026698, 0.434199, 0.10765, 0.428294, 0.120417, -0.895569, -0.018001, -0.076196, 0.992354, 0.096991, 0.760374, 0.0, 0.0, 0.0, 1.0],
                [0.900086, 0.036247, 0.43418, 0.087887, 0.426685, 0.12822, -0.895254, -0.013949, -0.088122, 0.991073, 0.099944, 0.759853, 0.0, 0.0, 0.0, 1.0],
                [0.908528, 0.035498, 0.416289, 0.065981, 0.408625, 0.132163, -0.903072, -0.009846, -0.087076, 0.990582, 0.105569, 0.759741, 0.0, 0.0, 0.0, 1.0],
                [0.926391, 0.037124, 0.374702, 0.042427, 0.367984, 0.121622, -0.921833, -0.00589, -0.079795, 0.991872, 0.099009, 0.760371, 0.0, 0.0, 0.0, 1.0],
                [0.951539, 0.011171, 0.307292, 0.016627, 0.305215, 0.087151, -0.948277, -0.002051, -0.037375, 0.996122, 0.079519, 0.761212, 0.0, 0.0, 0.0, 1.0],
                [0.972436, -0.037149, 0.230149, -0.011917, 0.231328, 0.031331, -0.972361, 0.001862, 0.028911, 0.998808, 0.039062, 0.76233, 0.0, 0.0, 0.0, 1.0],
                [0.989136, -0.047872, 0.138919, -0.039308, 0.138101, -0.020012, -0.990206, 0.005499, 0.050183, 0.998643, -0.013183, 0.761506, 0.0, 0.0, 0.0, 1.0],
                [0.995409, -0.071147, 0.063866, -0.064819, 0.059978, -0.055512, -0.996645, 0.008884, 0.074454, 0.99591, -0.050991, 0.758229, 0.0, 0.0, 0.0, 1.0],
                [0.99772, -0.061615, -0.027178, -0.086732, -0.03164, -0.072632, -0.996847, 0.0122, 0.059447, 0.995444, -0.074417, 0.754524, 0.0, 0.0, 0.0, 1.0],
                [0.990808, -0.056276, -0.122935, -0.105393, -0.127173, -0.079209, -0.988703, 0.015706, 0.045903, 0.995258, -0.085639, 0.752074, 0.0, 0.0, 0.0, 1.0],
                [0.977295, -0.058867, -0.203493, -0.120373, -0.207631, -0.075711, -0.975263, 0.019452, 0.042005, 0.995381, -0.086215, 0.750635, 0.0, 0.0, 0.0, 1.0],
                [0.96029, -0.079737, -0.267328, -0.13178, -0.272295, -0.059592, -0.960356, 0.023546, 0.060646, 0.995023, -0.078938, 0.749144, 0.0, 0.0, 0.0, 1.0],
                [0.947659, -0.096088, -0.304448, -0.140228, -0.309366, -0.040912, -0.950052, 0.02803, 0.078834, 0.994522, -0.068498, 0.74783, 0.0, 0.0, 0.0, 1.0],
                [0.938586, -0.109438, -0.327199, -0.145145, -0.331234, -0.020462, -0.943316, 0.032864, 0.09654, 0.993773, -0.055455, 0.747457, 0.0, 0.0, 0.0, 1.0],
                [0.935602, -0.116199, -0.333356, -0.147647, -0.336208, -0.005292, -0.941762, 0.038036, 0.107669, 0.993202, -0.044018, 0.747092, 0.0, 0.0, 0.0, 1.0],
                [0.935374, -0.119768, -0.332732, -0.149489, -0.334755, 0.003411, -0.942289, 0.043737, 0.113992, 0.992786, -0.036903, 0.748604, 0.0, 0.0, 0.0, 1.0],
                [0.940003, -0.120314, -0.319215, -0.149229, -0.321146, 0.003506, -0.947012, 0.049459, 0.11506, 0.992719, -0.035343, 0.751563, 0.0, 0.0, 0.0, 1.0],
                [0.945724, -0.117142, -0.303089, -0.147067, -0.304568, 0.005497, -0.952464, 0.055013, 0.113241, 0.99309, -0.03048, 0.755641, 0.0, 0.0, 0.0, 1.0],
                [0.954695, -0.14104, -0.262001, -0.145689, -0.260933, 0.026346, -0.964987, 0.052372, 0.143005, 0.989643, -0.01165, 0.760008, 0.0, 0.0, 0.0, 1.0],
                [0.963118, -0.147561, -0.224966, -0.142579, -0.219488, 0.052621, -0.974185, 0.051188, 0.155591, 0.987642, 0.018292, 0.763771, 0.0, 0.0, 0.0, 1.0],
                [0.965761, -0.125689, -0.226909, -0.137435, -0.219406, 0.070817, -0.97305, 0.050792, 0.138372, 0.989529, 0.040816, 0.765478, 0.0, 0.0, 0.0, 1.0],
                [0.966398, -0.101372, -0.236176, -0.1302, -0.227448, 0.090573, -0.969559, 0.05235, 0.119679, 0.990707, 0.064474, 0.764699, 0.0, 0.0, 0.0, 1.0],
                [0.963877, -0.076268, -0.255154, -0.121608, -0.246791, 0.104222, -0.963437, 0.05326, 0.100073, 0.991615, 0.081636, 0.761907, 0.0, 0.0, 0.0, 1.0],
                [0.961546, -0.058141, -0.268382, -0.112794, -0.260262, 0.118811, -0.95819, 0.051333, 0.087598, 0.991203, 0.099111, 0.756115, 0.0, 0.0, 0.0, 1.0],
                [0.947556, 0.000255, -0.319558, -0.102199, -0.317946, 0.101062, -0.942697, 0.052545, 0.032055, 0.99487, 0.095844, 0.746937, 0.0, 0.0, 0.0, 1.0],
                [0.94282, -0.002282, -0.333263, -0.091096, -0.332356, 0.067591, -0.940718, 0.05658, 0.024672, 0.9977, 0.062968, 0.734053, 0.0, 0.0, 0.0, 1.0],
                [0.937249, -0.012126, -0.348421, -0.081675, -0.347822, 0.035541, -0.936876, 0.057836, 0.023744, 0.999285, 0.029093, 0.721108, 0.0, 0.0, 0.0, 1.0],
                [0.933788, -0.004066, -0.357776, -0.074306, -0.357039, 0.054529, -0.932486, 0.056304, 0.023301, 0.998494, 0.049467, 0.707943, 0.0, 0.0, 0.0, 1.0],
                [0.93377, -0.006287, -0.357789, -0.068527, -0.356914, 0.055707, -0.932464, 0.056287, 0.025794, 0.998417, 0.049774, 0.697375, 0.0, 0.0, 0.0, 1.0],
                [0.935475, -0.010512, -0.353208, -0.06381, -0.351809, 0.065984, -0.933733, 0.060376, 0.033122, 0.997755, 0.058028, 0.688889, 0.0, 0.0, 0.0, 1.0],
                [0.938349, -0.021766, -0.344975, -0.060347, -0.343211, 0.059929, -0.937334, 0.067058, 0.041076, 0.997955, 0.048764, 0.684986, 0.0, 0.0, 0.0, 1.0],
                [0.940028, -0.034354, -0.339334, -0.058641, -0.337337, 0.053106, -0.939874, 0.072881, 0.05031, 0.997988, 0.038332, 0.686204, 0.0, 0.0, 0.0, 1.0],
                [0.940788, -0.045755, -0.335863, -0.059312, -0.33334, 0.054889, -0.941197, 0.073834, 0.0615, 0.997434, 0.036387, 0.69144, 0.0, 0.0, 0.0, 1.0],
                [0.938445, -0.064396, -0.339343, -0.061232, -0.337392, 0.039411, -0.940528, 0.075368, 0.07394, 0.997136, 0.015258, 0.700102, 0.0, 0.0, 0.0, 1.0],
                [0.933194, -0.073942, -0.351655, -0.064638, -0.349651, 0.03892, -0.936061, 0.073822, 0.082902, 0.996493, 0.010466, 0.712318, 0.0, 0.0, 0.0, 1.0],
                [0.924446, -0.08225, -0.37231, -0.068782, -0.370595, 0.035786, -0.928094, 0.07628, 0.08966, 0.995959, 0.002601, 0.7262, 0.0, 0.0, 0.0, 1.0],
                [0.912376, -0.082035, -0.401024, -0.073309, -0.398915, 0.041375, -0.916043, 0.079901, 0.091741, 0.99576, 0.005025, 0.739695, 0.0, 0.0, 0.0, 1.0],
                [0.896036, -0.081124, -0.436484, -0.077148, -0.433066, 0.056741, -0.899564, 0.089636, 0.097744, 0.995078, 0.01571, 0.751555, 0.0, 0.0, 0.0, 1.0],
                [0.882906, -0.125344, -0.452489, -0.080847, -0.441655, 0.105395, -0.890962, 0.099292, 0.159369, 0.986489, 0.037695, 0.761219, 0.0, 0.0, 0.0, 1.0],
                [0.86227, -0.097979, -0.496861, -0.084606, -0.486657, 0.111157, -0.866481, 0.097495, 0.140128, 0.988951, 0.048166, 0.770447, 0.0, 0.0, 0.0, 1.0],
                [0.843268, -0.080248, -0.531449, -0.085616, -0.521289, 0.118707, -0.845072, 0.104717, 0.130903, 0.989671, 0.05827, 0.775414, 0.0, 0.0, 0.0, 1.0],
                [0.815889, -0.05131, -0.57591, -0.08558, -0.568885, 0.106751, -0.815447, 0.106197, 0.103321, 0.992951, 0.057908, 0.776131, 0.0, 0.0, 0.0, 1.0],
                [0.791779, -0.027701, -0.610163, -0.082467, -0.606489, 0.082703, -0.790766, 0.116989, 0.072368, 0.996179, 0.048682, 0.772691, 0.0, 0.0, 0.0, 1.0],
                [0.774813, -0.029829, -0.631471, -0.080684, -0.628565, 0.070252, -0.774565, 0.113948, 0.067467, 0.997073, 0.035683, 0.765823, 0.0, 0.0, 0.0, 1.0],
                [0.760981, -0.035125, -0.647807, -0.074705, -0.645621, 0.057079, -0.761509, 0.134618, 0.063725, 0.997742, 0.020759, 0.753273, 0.0, 0.0, 0.0, 1.0],
                [0.737819, -0.052038, -0.672975, -0.069484, -0.670865, 0.053439, -0.739638, 0.151618, 0.074453, 0.997204, 0.004518, 0.740884, 0.0, 0.0, 0.0, 1.0],
                [0.717316, -0.078262, -0.692324, -0.066584, -0.690114, 0.056838, -0.721451, 0.15006, 0.095813, 0.995301, -0.013239, 0.73092, 0.0, 0.0, 0.0, 1.0],
                [0.697136, -0.117951, -0.707155, -0.054961, -0.706256, 0.056542, -0.705681, 0.185242, 0.123221, 0.991398, -0.043887, 0.716054, 0.0, 0.0, 0.0, 1.0],
                [0.628916, -0.253609, -0.734934, -0.059321, -0.746285, 0.068077, -0.662121, 0.091293, 0.217954, 0.964898, -0.146451, 0.698034, 0.0, 0.0, 0.0, 1.0],
                [0.628916, -0.253609, -0.734934, -0.059321, -0.746285, 0.068077, -0.662121, 0.091293, 0.217954, 0.964898, -0.146451, 0.698034, 0.0, 0.0, 0.0, 1.0]
            ]
        },
        {
            "name": "Thigh_R",
            "time": [0.0333, 0.0667, 0.1, 0.1333, 0.1667, 0.2, 0.2333, 0.2667, 0.3, 0.3333, 0.3667, 0.4, 0.4333, 0.4667, 0.5, 0.5333, 0.5667, 0.6, 0.6333, 0.6667, 0.7, 0.7333, 0.7667, 0.8, 0.8333, 0.8667, 0.9, 0.9333, 0.9667, 1.0, 1.0333, 1.0667, 1.1, 1.1333, 1.1667, 1.2, 1.2333, 1.2667, 1.3, 1.3333, 1.3667, 1.4, 1.4333, 1.4667, 1.5, 1.5333, 1.5667, 1.6, 1.6333, 1.6667, 1.7, 1.7333, 1.7667, 1.8, 1.8333, 1.8667, 1.9, 1.9333, 1.9667, 2.0, 2.0333, 2.0667, 2.1, 2.1333, 2.1667, 2.2, 2.2333, 2.2667, 2.3, 2.3333, 2.3667, 2.4, 2.4333, 2.4667, 2.5, 2.5333, 2.5667, 2.6, 2.6333, 2.6667, 2.7, 2.7333, 2.7667, 2.8, 2.8333, 2.8667, 2.9, 2.9333, 2.9667, 3.0, 3.0333, 3.0667, 3.1, 3.1333, 3.1667, 3.2, 3.2333, 3.2667, 3.3, 3.3333, 3.3667, 3.4, 3.4333, 3.4667, 3.5, 3.5333, 3.5667, 3.6, 3.6333, 3.6667, 3.7, 3.7333, 3.7667, 3.8, 3.8333, 3.8667, 3.9, 3.9333, 3.9667, 4.0, 4.0333, 4.0667, 4.1, 4.1333, 4.1667, 4.2, 4.2333, 4.2667, 4.3, 4.3333, 4.3667, 4.4, 4.4333, 4.4667, 4.5, 4.5333, 4.5667, 4.6, 4.6333, 4.6667, 4.7, 4.7333, 4.7667, 4.8, 4.8333, 4.8667, 4.9, 4.9333, 4.9667, 5.0, 5.0333, 5.0667, 5.1, 5.1333, 5.1667, 5.2, 5.2333, 5.2667, 5.3, 5.3333, 5.3667, 5.4, 5.4333, 5.4667, 5.5, 5.5333, 5.5667, 5.6, 5.6333, 5.6667, 5.7, 5.7333, 5.7667, 5.8, 5.8333, 5.8667, 5.9, 5.9333, 5.9667, 6.0, 6.0333, 6.0667, 6.1, 6.1333, 6.1667, 6.2, 6.2333, 6.2667, 6.3, 6.3333, 6.3667, 6.4, 6.4333, 6.4667, 6.5, 6.5333, 6.5667, 6.6, 6.6333, 6.6667, 6.7, 6.7333, 6.7667, 6.8, 6.8333, 6.8667, 6.9, 6.9333, 6.9667, 7.0, 7.0333, 7.0667, 7.1, 7.1333, 7.1667, 7.2, 7.2333, 7.2667, 7.3, 7.3333, 7.3667, 7.5, 0.0, 7.5167],
            "transform": [
                [0.913906, -0.261874, 0.310158, 0.124994, -0.044027, -0.823514, -0.565585, -0.011953, 0.403531, 0.503236, -0.764144, -1.2e-05, 0.0, 0.0, 0.0, 1.0],
