{
    "animation": [
        {
            "name": "Root",
            "time": [0.0, 0.25, 0.5833, 0.8833, 1.1833, 1.45, 1.7167, 1.7333],
            "transform": [
                [0.999541, -0.030296, 0.0, -5e-06, 0.0, 0.0, -1.0, 0.000946, 0.030296, 0.999541, 0.0, 0.701947, 0.0, 0.0, 0.0, 1.0],
                [0.999541, -0.030296, 0.0, 0.110354, 0.0, 0.0, -1.0, 0.000946, 0.030296, 0.999541, 0.0, 0.738261, 0.0, 0.0, 0.0, 1.0],
                [0.999541, -0.030296, 0.0, -5e-06, 0.0, 0.0, -1.0, 0.000946, 0.030296, 0.999541, 0.0, 0.701947, 0.0, 0.0, 0.0, 1.0],
                [0.999541, -0.030296, 0.0, -5e-06, 0.0, 0.0, -1.0, 0.000946, 0.030296, 0.999541, 0.0, 0.690038, 0.0, 0.0, 0.0, 1.0],
                [0.999541, -0.030296, 0.0, -5e-06, 0.0, 0.0, -1.0, 0.000946, 0.030296, 0.999541, 0.0, 0.690038, 0.0, 0.0, 0.0, 1.0],
                [0.999541, -0.030296, 0.0, -5e-06, 0.0, 0.0, -1.0, 0.000946, 0.030296, 0.999541, 0.0, 0.690038, 0.0, 0.0, 0.0, 1.0],
                [0.999541, -0.030296, 0.0, -5e-06, 0.0, 0.0, -1.0, 0.000946, 0.030296, 0.999541, 0.0, 0.701947, 0.0, 0.0, 0.0, 1.0],
                [0.999541, -0.030296, 0.0, -5e-06, 0.0, 0.0, -1.0, 0.000946, 0.030296, 0.999541, 0.0, 0.701947, 0.0, 0.0, 0.0, 1.0]
            ]
        },
        {
            "name": "Thigh_R",
            "time": [0.0, 0.25, 0.5833, 0.8833, 1.1833, 1.45, 1.7167, 1.7333],
            "transform": [
                [0.918707, 0.266339, 0.291616, 0.124426, 0.278442, -0.960451, 0.0, -0.021581, 0.280083, 0.081197, -0.956536, -1.2e-05, 0.0, 0.0, 0.0, 1.0],
                [0.959566, 0.005403, 0.28143, 0.124426, 0.02802, -0.996681, -0.076401, -0.021581, 0.280083, 0.081198, -0.956536, -1.2e-05, 0.0, 0.0, 0.0, 1.0],
                [0.918707, 0.266339, 0.291616, 0.124426, 0.278442, -0.960451, 0.0, -0.021581, 0.280083, 0.081197, -0.956536, -1.2e-05, 0.0, 0.0, 0.0, 1.0],
                [0.954387, 0.083807, 0.286569, 0.125381, 0.103434, -0.993166, -0.054021, 0.00995, 0.280083, 0.081198, -0.956536, -1.2e-05, 0.0, 0.0, 0.0, 1.0],
                [0.953263, 0.094095, 0.287113, 0.1243, 0.113319, -0.992244, -0.051048, -0.025714, 0.280083, 0.081198, -0.956536, -1.2e-05, 0.0, 0.0, 0.0, 1.0],
                [0.954387, 0.083807, 0.286569, 0.125381, 0.103434, -0.993166, -0.054021, 0.00995, 0.280083, 0.081198, -0.956536, -1.2e-05, 0.0, 0.0, 0.0, 1.0],
                [0.918707, 0.266339, 0.291616, 0.124426, 0.278442, -0.960451, 0.0, -0.021581, 0.280083, 0.081197, -0.956536, -1.2e-05, 0.0, 0.0, 0.0, 1.0],
                [0.918707, 0.266339, 0.291616, 0.124426, 0.278442, -0.960451, 0.0, -0.021581, 0.280083, 0.081197, -0.956536, -1.2e-05, 0.0, 0.0, 0.0, 1.0]
            ]
        },
        {
            "name": "Leg_R",
            "time": [0.0, 0.25, 0.5833, 0.8833, 1.1833, 1.45, 1.7167, 1.7333],
            "transform": [
                [1.0, -0.0, 1e-06, -0.0, 0.0, 1.000001, -0.0, 0.374726, -1e-06, 0.0, 0.999999, -0.0, 0.0, 0.0, 0.0, 1.0],
                [1.0, 0.0, 1e-06, -0.0, -0.0, 1.000001, 0.0, 0.374726, -1e-06, -0.0, 0.999999, -0.0, 0.0, 0.0, 0.0, 1.0],
                [1.0, -0.0, 1e-06, -0.0, 0.0, 1.000001, -0.0, 0.374726, -1e-06, 0.0, 0.999999, -0.0, 0.0, 0.0, 0.0, 1.0],
                [1.0, 0.0, 1e-06, 0.0, -0.0, 1.000001, -0.0, 0.374726, -1e-06, 0.0, 0.999999, -0.0, 0.0, 0.0, 0.0, 1.0],
                [1.0, -0.0, 1e-06, 0.0, 0.0, 1.000001, -0.0, 0.374726, -1e-06, 0.0, 0.999999, -0.0, 0.0, 0.0, 0.0, 1.0],
                [1.0, 0.0, 1e-06, 0.0, -0.0, 1.000001, -0.0, 0.374726, -1e-06, 0.0, 0.999999, -0.0, 0.0, 0.0, 0.0, 1.0],
                [1.0, -0.0, 1e-06, -0.0, 0.0, 1.000001, -0.0, 0.374726, -1e-06, 0.0, 0.999999, -0.0, 0.0, 0.0, 0.0, 1.0],
                [1.0, -0.0, 1e-06, -0.0, 0.0, 1.000001, -0.0, 0.374726, -1e-06, 0.0, 0.999999, -0.0, 0.0, 0.0, 0.0, 1.0]
            ]
        },
        {
            "name": "Knee_R",
            "time": [0.0, 0.25, 0.5833, 0.8833, 1.1833, 1.45, 1.7167, 1.7333],
            "transform": [
                [1.0, 0.0, -0.0, -0.0, -0.0, 1e-06, -1.0, 0.486932, 0.0, 1.0, 1e-06, -0.001311, 0.0, 0.0, 0.0, 1.0],
                [1.0, 0.0, 0.0, -0.0, -0.0, 1e-06, -1.0, 0.486932, 0.0, 1.0, 1e-06, -0.001311, 0.0, 0.0, 0.0, 1.0],
                [1.0, 0.0, -0.0, -0.0, -0.0, 1e-06, -1.0, 0.486932, 0.0, 1.0, 1e-06, -0.001311, 0.0, 0.0, 0.0, 1.0],
                [1.0, -0.0, -0.0, 0.0, 0.0, 1e-06, -1.0, 0.486932, -0.0, 1.0, 1e-06, -0.001311, 0.0, 0.0, 0.0, 1.0],
                [1.0, 0.0, -0.0, 0.0, 0.0, 1e-06, -1.0, 0.486932, -0.0, 1.0, 1e-06, -0.001311, 0.0, 0.0, 0.0, 1.0],
                [1.0, -0.0, -0.0, 0.0, 0.0, 1e-06, -1.0, 0.486932, -0.0, 1.0, 1e-06, -0.001311, 0.0, 0.0, 0.0, 1.0],
                [1.0, 0.0, -0.0, -0.0, -0.0, 1e-06, -1.0, 0.486932, 0.0, 1.0, 1e-06, -0.001311, 0.0, 0.0, 0.0, 1.0],
                [1.0, 0.0, -0.0, -0.0, -0.0, 1e-06, -1.0, 0.486932, 0.0, 1.0, 1e-06, -0.001311, 0.0, 0.0, 0.0, 1.0]
            ]
        },
        {
            "name": "Thigh_L",
            "time": [0.0, 0.25, 0.5833, 0.8833, 1.1833, 1.45, 1.7167, 1.7333],
            "transform": [
                [0.935899, -0.173503, -0.306575, -0.125006, -0.182279, -0.983247, 1e-06, -0.002831, -0.301439, 0.055882, -0.951846, -1.2e-05, 0.0, 0.0, 0.0, 1.0],
                [0.909723, -0.282108, -0.304661, -0.125006, -0.285548, -0.957754, 0.034201, -0.002831, -0.301439, 0.055882, -0.951846, -1.2e-05, 0.0, 0.0, 0.0, 1.0],
                [0.936154, -0.173538, -0.305776, -0.125006, -0.173876, -0.984415, 0.026352, -0.002831, -0.305584, 0.028498, -0.951738, -1.2e-05, 0.0, 0.0, 0.0, 1.0],
                [0.898173, -0.318421, -0.303136, -0.125006, -0.320027, -0.946301, 0.045793, -0.002831, -0.301439, 0.055882, -0.951846, -1.2e-05, 0.0, 0.0, 0.0, 1.0],
                [0.916953, -0.256692, -0.305459, -0.125006, -0.2614, -0.964876, 0.026136, -0.002831, -0.301439, 0.055882, -0.951846, -1.2e-05, 0.0, 0.0, 0.0, 1.0],
                [0.898173, -0.318421, -0.303136, -0.125006, -0.320027, -0.946301, 0.045793, -0.002831, -0.301439, 0.055882, -0.951846, -1.2e-05, 0.0, 0.0, 0.0, 1.0],
                [0.935899, -0.173503, -0.306575, -0.125006, -0.182279, -0.983247, 1e-06, -0.002831, -0.301439, 0.055882, -0.951846, -1.2e-05, 0.0, 0.0, 0.0, 1.0],
                [0.935899, -0.173503, -0.306575, -0.125006, -0.182279, -0.983247, 1e-06, -0.002831, -0.301439, 0.055882, -0.951846, -1.2e-05, 0.0, 0.0, 0.0, 1.0]
            ]
        },
        {
            "name": "Leg_L",
            "time": [0.0, 0.25, 0.5833, 0.8833, 1.1833, 1.45, 1.7167, 1.7333],
            "transform": [
                [1.0, -0.0, 1e-06, -0.0, 0.0, 1.0, -0.0, 0.374726, -1e-06, 0.0, 1.0, 0.0, 0.0, 0.0, 0.0, 1.0],
                [1.0, -0.0, 1e-06, -0.0, 0.0, 1.0, -0.0, 0.374726, -1e-06, 0.0, 1.0, -0.0, 0.0, 0.0, 0.0, 1.0],
                [1.0, -0.0, 1e-06, 0.0, 0.0, 1.0, -0.0, 0.374726, -1e-06, 0.0, 1.0, 0.0, 0.0, 0.0, 0.0, 1.0],
                [1.0, 0.0, 1e-06, 0.0, -0.0, 1.0, 0.0, 0.374726, -1e-06, 0.0, 1.0, 0.0, 0.0, 0.0, 0.0, 1.0],
                [1.0, -0.0, 1e-06, 0.0, -0.0, 1.0, 0.0, 0.374726, -1e-06, 0.0, 1.0, 0.0, 0.0, 0.0, 0.0, 1.0],
                [1.0, 0.0, 1e-06, 0.0, -0.0, 1.0, 0.0, 0.374726, -1e-06, 0.0, 1.0, 0.0, 0.0, 0.0, 0.0, 1.0],
                [1.0, -0.0, 1e-06, -0.0, 0.0, 1.0, -0.0, 0.374726, -1e-06, 0.0, 1.0, 0.0, 0.0, 0.0, 0.0, 1.0],
                [1.0, -0.0, 1e-06, -0.0, 0.0, 1.0, -0.0, 0.374726, -1e-06, 0.0, 1.0, 0.0, 0.0, 0.0, 0.0, 1.0]
            ]
        },
        {
            "name": "Knee_L",
            "time": [0.0, 0.25, 0.5833, 0.8833, 1.1833, 1.45, 1.7167, 1.7333],
            "transform": [
                [1.0, -0.0, 0.0, -0.0, 0.0, 1e-06, -1.0, 0.459884, -0.0, 1.0, 1e-06, -0.004006, 0.0, 0.0, 0.0, 1.0],
                [1.0, -0.0, 0.0, 0.0, 0.0, 1e-06, -1.0, 0.459884, -0.0, 1.0, 1e-06, -0.004006, 0.0, 0.0, 0.0, 1.0],
                [1.0, 0.0, 0.0, 0.0, 0.0, 1e-06, -1.0, 0.459884, -0.0, 1.0, 1e-06, -0.004006, 0.0, 0.0, 0.0, 1.0],
                [1.0, -0.0, 0.0, -0.0, -0.0, 1e-06, -1.0, 0.459884, -0.0, 1.0, 1e-06, -0.004006, 0.0, 0.0, 0.0, 1.0],
                [1.0, 0.0, -0.0, 0.0, 0.0, 1e-06, -1.0, 0.459884, -0.0, 1.0, 1e-06, -0.004006, 0.0, 0.0, 0.0, 1.0],
                [1.0, -0.0, 0.0, -0.0, -0.0, 1e-06, -1.0, 0.459884, -0.0, 1.0, 1e-06, -0.004006, 0.0, 0.0, 0.0, 1.0],
                [1.0, -0.0, 0.0, -0.0, 0.0, 1e-06, -1.0, 0.459884, -0.0, 1.0, 1e-06, -0.004006, 0.0, 0.0, 0.0, 1.0],
                [1.0, -0.0, 0.0, -0.0, 0.0, 1e-06, -1.0, 0.459884, -0.0, 1.0, 1e-06, -0.004006, 0.0, 0.0, 0.0, 1.0]
            ]
        },
        {
            "name": "Torso",
            "time": [0.0, 0.25, 0.5833, 0.8833, 1.1833, 1.45, 1.7167, 1.7333],
            "transform": [
                [0.955495, 0.295008, 0.0, -0.0, -0.295008, 0.955495, 0.0, 0.05, 0.0, 0.0, 1.0, 0.0, 0.0, 0.0, 0.0, 1.0],
                [0.994195, -0.107596, 0.0, 0.0, 0.107596, 0.994195, 0.0, 0.05, 0.0, 0.0, 1.0, 0.0, 0.0, 0.0, 0.0, 1.0],
                [0.955495, 0.295006, -0.00034, -0.0, -0.294991, 0.955434, -0.011209, 0.05, -0.002982, 0.010811, 0.999937, 0.0, 0.0, 0.0, 0.0, 1.0],
                [0.963514, -0.267659, 0.0, -0.0, 0.267659, 0.963514, 0.0, 0.05, 0.0, 0.0, 1.0, 0.0, 0.0, 0.0, 0.0, 1.0],
                [0.974045, 0.225515, 0.019479, -0.0, -0.225389, 0.974232, -0.008505, 0.05, -0.020895, 0.003894, 0.999774, 0.0, 0.0, 0.0, 0.0, 1.0],
                [0.963514, -0.267659, 0.0, -0.0, 0.267659, 0.963514, 0.0, 0.05, 0.0, 0.0, 1.0, 0.0, 0.0, 0.0, 0.0, 1.0],
                [0.955495, 0.295008, 0.0, -0.0, -0.295008, 0.955495, 0.0, 0.05, 0.0, 0.0, 1.0, 0.0, 0.0, 0.0, 0.0, 1.0],
                [0.955495, 0.295008, 0.0, -0.0, -0.295008, 0.955495, 0.0, 0.05, 0.0, 0.0, 1.0, 0.0, 0.0, 0.0, 0.0, 1.0]
            ]
        },
        {
            "name": "Chest",
            "time": [0.0, 0.25, 0.5833, 0.8833, 1.1833, 1.45, 1.7167, 1.7333],
            "transform": [
                [0.974893, -0.22211, -0.015816, -0.0, 0.222672, 0.972431, 0.069247, 0.3, -0.0, -0.07103, 0.997474, -0.0, 0.0, 0.0, 0.0, 1.0],
                [0.991317, 0.131158, 0.00934, -0.0, -0.13149, 0.988814, 0.070414, 0.3, -0.0, -0.07103, 0.997474, -0.0, 0.0, 0.0, 0.0, 1.0],
                [0.974893, -0.22211, -0.015816, -0.0, 0.222672, 0.972431, 0.069247, 0.3, -0.0, -0.07103, 0.997474, -0.0, 0.0, 0.0, 0.0, 1.0],
                [0.946486, 0.32193, 0.022925, -0.0, -0.322745, 0.944095, 0.067229, 0.3, -0.0, -0.07103, 0.997474, -0.0, 0.0, 0.0, 0.0, 1.0],
                [0.973098, -0.229831, -0.016051, -0.0, 0.230389, 0.97046, 0.071618, 0.3, -0.000883, -0.073389, 0.997303, 0.0, 0.0, 0.0, 0.0, 1.0],
                [0.946486, 0.32193, 0.022925, -0.0, -0.322745, 0.944095, 0.067229, 0.3, -0.0, -0.07103, 0.997474, -0.0, 0.0, 0.0, 0.0, 1.0],
                [0.974893, -0.22211, -0.015816, -0.0, 0.222672, 0.972431, 0.069247, 0.3, -0.0, -0.07103, 0.997474, -0.0, 0.0, 0.0, 0.0, 1.0],
                [0.974893, -0.22211, -0.015816, -0.0, 0.222672, 0.972431, 0.069247, 0.3, -0.0, -0.07103, 0.997474, -0.0, 0.0, 0.0, 0.0, 1.0]
            ]
        },
        {
            "name": "Head",
            "time": [0.0, 0.25, 0.5833, 0.8833, 1.1833, 1.45, 1.7167, 1.7333],
            "transform": [
                [1.0, -0.0, 0.0, -0.0, 0.0, 1.0, -0.0, 0.4, -0.0, 0.0, 1.0, 0.0, 0.0, 0.0, 0.0, 1.0],
                [1.0, 0.0, 0.0, 0.0, -0.0, 1.0, 0.0, 0.4, -0.0, -0.0, 1.0, -0.0, 0.0, 0.0, 0.0, 1.0],
                [1.0, 0.0, 0.0, 0.0, 0.0, 1.0, 0.0, 0.4, -0.0, -0.0, 1.0, 0.0, 0.0, 0.0, 0.0, 1.0],
                [1.0, 0.0, 0.0, 0.0, 0.0, 1.0, -0.0, 0.4, -0.0, 0.0, 1.0, -0.0, 0.0, 0.0, 0.0, 1.0],
                [1.0, 0.0, 0.0, 0.0, 0.0, 1.0, -0.0, 0.4, 0.0, 0.0, 1.0, 0.0, 0.0, 0.0, 0.0, 1.0],
                [1.0, 0.0, 0.0, 0.0, 0.0, 1.0, -0.0, 0.4, -0.0, 0.0, 1.0, -0.0, 0.0, 0.0, 0.0, 1.0],
                [1.0, -0.0, 0.0, -0.0, 0.0, 1.0, -0.0, 0.4, -0.0, 0.0, 1.0, 0.0, 0.0, 0.0, 0.0, 1.0],
                [1.0, -0.0, 0.0, -0.0, 0.0, 1.0, -0.0, 0.4, -0.0, 0.0, 1.0, 0.0, 0.0, 0.0, 0.0, 1.0]
            ]
        },
        {
            "name": "Shoulder_R",
            "time": [0.0, 0.25, 0.5833, 0.8833, 1.1833, 1.45, 1.7167, 1.7333],
            "transform": [
                [0.0, 0.952114, 0.305743, -0.0, -0.0, -0.305743, 0.952114, 0.4, 1.0, 0.0, 0.0, 0.0, 0.0, 0.0, 0.0, 1.0],
                [-0.325757, 0.817772, 0.474479, 0.0, 0.050659, -0.486035, 0.87247, 0.4, 0.944095, 0.30825, 0.116902, -0.0, 0.0, 0.0, 0.0, 1.0],
                [0.0, 0.952114, 0.305743, 0.0, -0.0, -0.305743, 0.952114, 0.4, 1.0, 0.0, 0.0, 0.0, 0.0, 0.0, 0.0, 1.0],
                [0.478213, 0.846869, 0.232648, 0.0, 0.021813, -0.276273, 0.960832, 0.4, 0.877973, -0.454408, -0.15059, -0.0, 0.0, 0.0, 0.0, 1.0],
                [0.105794, 0.965804, 0.236705, 0.0, 0.096235, -0.246868, 0.964259, 0.4, 0.98972, -0.079233, -0.119062, 0.0, 0.0, 0.0, 0.0, 1.0],
                [0.478213, 0.846869, 0.232648, 0.0, 0.021813, -0.276273, 0.960832, 0.4, 0.877973, -0.454408, -0.15059, -0.0, 0.0, 0.0, 0.0, 1.0],
                [0.0, 0.952114, 0.305743, -0.0, -0.0, -0.305743, 0.952114, 0.4, 1.0, 0.0, 0.0, 0.0, 0.0, 0.0, 0.0, 1.0],
                [0.0, 0.952114, 0.305743, -0.0, -0.0, -0.305743, 0.952114, 0.4, 1.0, 0.0, 0.0, 0.0, 0.0, 0.0, 0.0, 1.0]
            ]
        },
        {
            "name": "Arm_R",
            "time": [0.0, 0.1167, 0.25, 0.4333, 0.5833, 0.75, 0.8833, 1.0167, 1.1833, 1.3167, 1.45, 1.6, 1.7167, 1.7333],
            "transform": [
                [0.990366, 0.086221, -0.108353, 0.0, -0.118775, 0.931192, -0.344636, 0.393861, 0.071183, 0.354186, 0.932462, -0.0, 0.0, 0.0, 0.0, 1.0],
                [-0.2691, 0.158598, -0.949964, 0.0, 0.43032, 0.902219, 0.028729, 0.39386, 0.861632, -0.401058, -0.311035, 0.0, 0.0, 0.0, 0.0, 1.0],
                [-0.842198, 0.217189, 0.49349, 0.0, -0.470586, 0.150628, -0.869403, 0.39386, -0.263158, -0.964438, -0.024653, 0.0, 0.0, 0.0, 0.0, 1.0],
                [-0.2691, 0.158598, -0.949964, -0.0, 0.43032, 0.902219, 0.028729, 0.39386, 0.861632, -0.401058, -0.311035, 0.0, 0.0, 0.0, 0.0, 1.0],
                [0.990366, 0.086221, -0.108353, 0.0, -0.118775, 0.931192, -0.344636, 0.393861, 0.071183, 0.354186, 0.932462, 0.0, 0.0, 0.0, 0.0, 1.0],
                [0.045372, -0.001154, -0.998969, -0.0, 0.842787, 0.536928, 0.037658, 0.39386, 0.536331, -0.843627, 0.025334, -0.0, 0.0, 0.0, 0.0, 1.0],
                [-0.640719, -0.717095, -0.274324, 0.0, 0.664732, -0.339315, -0.66558, 0.393861, 0.384202, -0.608802, 0.694081, -0.0, 0.0, 0.0, 0.0, 1.0],
                [-0.508941, -0.198888, -0.83751, 0.0, 0.794035, 0.267228, -0.545983, 0.39386, 0.332395, -0.942885, 0.021921, -0.0, 0.0, 0.0, 0.0, 1.0],
                [0.134678, -0.016511, -0.990752, 0.0, -0.22578, 0.973049, -0.046907, 0.39386, 0.964824, 0.230009, 0.127321, 0.0, 0.0, 0.0, 0.0, 1.0],
                [0.045372, -0.001154, -0.998969, -0.0, 0.842787, 0.536928, 0.037658, 0.39386, 0.536331, -0.843627, 0.025334, 0.0, 0.0, 0.0, 0.0, 1.0],
                [-0.640719, -0.717095, -0.274324, 0.0, 0.664732, -0.339315, -0.66558, 0.393861, 0.384202, -0.608802, 0.694081, -0.0, 0.0, 0.0, 0.0, 1.0],
                [-0.005357, 0.037162, -0.999295, 0.0, 0.908743, 0.417221, 0.010644, 0.39386, 0.417323, -0.908045, -0.036006, -0.0, 0.0, 0.0, 0.0, 1.0],
                [0.990366, 0.086221, -0.108353, 0.0, -0.118775, 0.931192, -0.344636, 0.393861, 0.071183, 0.354186, 0.932462, -0.0, 0.0, 0.0, 0.0, 1.0],
                [0.990366, 0.086221, -0.108353, 0.0, -0.118775, 0.931192, -0.344636, 0.393861, 0.071183, 0.354186, 0.932462, -0.0, 0.0, 0.0, 0.0, 1.0]
            ]
        },
        {
            "name": "Hand_R",
            "time": [0.0, 0.25, 0.5833, 0.8833, 1.1833, 1.45, 1.7167, 1.7333],
            "transform": [
                [0.999711, -0.02295, -0.007109, -0.0, 0.02331, 0.998186, 0.05551, 0.300003, 0.005822, -0.05566, 0.998433, 0.0, 0.0, 0.0, 0.0, 1.0],
                [0.999711, -0.02295, -0.007109, -0.0, 0.02331, 0.998186, 0.05551, 0.300003, 0.005822, -0.05566, 0.998433, -0.0, 0.0, 0.0, 0.0, 1.0],
                [0.999711, -0.02295, -0.007109, -0.0, 0.02331, 0.998186, 0.05551, 0.300003, 0.005822, -0.05566, 0.998433, 0.0, 0.0, 0.0, 0.0, 1.0],
                [0.983618, -0.160125, 0.082796, -0.0, 0.179819, 0.903853, -0.388222, 0.300003, -0.012672, 0.39675, 0.917839, 0.0, 0.0, 0.0, 0.0, 1.0],
                [0.997157, -0.075276, -0.003402, -0.0, 0.075227, 0.991876, 0.102585, 0.300003, -0.004348, -0.102549, 0.994718, -0.0, 0.0, 0.0, 0.0, 1.0],
                [0.983618, -0.160125, 0.082796, -0.0, 0.179819, 0.903853, -0.388222, 0.300003, -0.012672, 0.39675, 0.917839, 0.0, 0.0, 0.0, 0.0, 1.0],
                [0.999711, -0.02295, -0.007109, -0.0, 0.02331, 0.998186, 0.05551, 0.300003, 0.005822, -0.05566, 0.998433, 0.0, 0.0, 0.0, 0.0, 1.0],
                [0.999711, -0.02295, -0.007109, -0.0, 0.02331, 0.998186, 0.05551, 0.300003, 0.005822, -0.05566, 0.998433, 0.0, 0.0, 0.0, 0.0, 1.0]
            ]
        },
        {
            "name": "Tool_R",
            "time": [0.0, 1.7333],
            "transform": [
                [0.0, 0.0, 0.0, 0.0, 0.0, 0.0, 0.0, 0.272858, 0.0, 0.0, 0.0, 0.0, 0.0, 0.0, 0.0, 1.0],
                [0.0, 0.0, 0.0, 0.0, 0.0, 0.0, 0.0, 0.272858, 0.0, 0.0, 0.0, 0.0, 0.0, 0.0, 0.0, 1.0]
            ]
        },
        {
            "name": "Elbow_R",
            "time": [0.0, 0.25, 0.5833, 0.8833, 1.1833, 1.45, 1.7167, 1.7333],
            "transform": [
                [-1.0, -0.0, -0.0, -4.9e-05, 0.0, -0.0, -1.0, 0.370249, -0.0, -1.0, -0.0, 0.000652, 0.0, 0.0, 0.0, 1.0],
                [-1.0, 0.0, 0.0, -4.9e-05, -0.0, -0.0, -1.0, 0.370249, 0.0, -1.0, -0.0, 0.000652, 0.0, 0.0, 0.0, 1.0],
                [-1.0, 0.0, 0.0, -4.9e-05, -0.0, -0.0, -1.0, 0.370249, -0.0, -1.0, -0.0, 0.000652, 0.0, 0.0, 0.0, 1.0],
                [-1.0, -0.0, -0.0, -4.9e-05, 0.0, -0.0, -1.0, 0.370249, 0.0, -1.0, -0.0, 0.000653, 0.0, 0.0, 0.0, 1.0],
                [-1.0, 0.0, 0.0, -4.9e-05, -0.0, -0.0, -1.0, 0.370249, 0.0, -1.0, -0.0, 0.000652, 0.0, 0.0, 0.0, 1.0],
                [-1.0, -0.0, -0.0, -4.9e-05, 0.0, -0.0, -1.0, 0.370249, 0.0, -1.0, -0.0, 0.000653, 0.0, 0.0, 0.0, 1.0],
                [-1.0, -0.0, -0.0, -4.9e-05, 0.0, -0.0, -1.0, 0.370249, -0.0, -1.0, -0.0, 0.000652, 0.0, 0.0, 0.0, 1.0],
                [-1.0, -0.0, -0.0, -4.9e-05, 0.0, -0.0, -1.0, 0.370249, -0.0, -1.0, -0.0, 0.000652, 0.0, 0.0, 0.0, 1.0]
            ]
        },
        {
            "name": "Shoulder_L",
            "time": [0.0, 0.25, 0.5833, 0.8833, 1.1833, 1.45, 1.7167, 1.7333],
            "transform": [
                [0.73582, -0.664095, -0.132463, -0.0, -0.141127, -0.341701, 0.929152, 0.4, -0.662308, -0.664995, -0.345152, 0.0, 0.0, 0.0, 0.0, 1.0],
                [-0.094413, -0.93493, -0.342041, 0.0, -0.144388, -0.327083, 0.9339, 0.4, -0.985007, 0.137559, -0.104112, -0.0, 0.0, 0.0, 0.0, 1.0],
                [0.73582, -0.664095, -0.132463, 0.0, -0.141127, -0.341701, 0.929152, 0.4, -0.662308, -0.664995, -0.345152, 0.0, 0.0, 0.0, 0.0, 1.0],
                [-0.2582, -0.859796, -0.440549, 0.0, -0.147579, -0.415558, 0.897515, 0.4, -0.954753, 0.296754, -0.019591, -0.0, 0.0, 0.0, 0.0, 1.0],
                [-0.191222, -0.823092, -0.534747, 0.0, -0.449282, -0.410979, 0.793248, 0.4, -0.872685, 0.391939, -0.291212, 0.0, 0.0, 0.0, 0.0, 1.0],
                [-0.2582, -0.859796, -0.440549, 0.0, -0.147579, -0.415558, 0.897515, 0.4, -0.954753, 0.296754, -0.019591, -0.0, 0.0, 0.0, 0.0, 1.0],
                [0.73582, -0.664095, -0.132463, -0.0, -0.141127, -0.341701, 0.929152, 0.4, -0.662308, -0.664995, -0.345152, 0.0, 0.0, 0.0, 0.0, 1.0],
                [0.73582, -0.664095, -0.132463, -0.0, -0.141127, -0.341701, 0.929152, 0.4, -0.662308, -0.664995, -0.345152, 0.0, 0.0, 0.0, 0.0, 1.0]
            ]
        },
        {
            "name": "Arm_L",
            "time": [0.0, 0.1167, 0.25, 0.4, 0.5833, 0.75, 0.8833, 1.1833, 1.3167, 1.45, 1.6, 1.7167, 1.7333],
            "transform": [
                [-0.475208, 0.875756, -0.085029, 0.0, -0.67109, -0.423249, -0.608687, 0.39386, -0.569049, -0.23219, 0.788841, -0.0, 0.0, 0.0, 0.0, 1.0],
                [-0.430246, 0.398332, 0.810074, 0.0, -0.808752, 0.228551, -0.541927, 0.39386, -0.40101, -0.888311, 0.223819, -0.0, 0.0, 0.0, 0.0, 1.0],
                [0.073426, 0.25378, 0.964471, 0.0, 0.089145, 0.96154, -0.259795, 0.39386, -0.993308, 0.105054, 0.047979, -0.0, 0.0, 0.0, 0.0, 1.0],
                [-0.417424, 0.248524, 0.874067, -0.0, -0.699529, 0.526064, -0.483648, 0.39386, -0.580014, -0.813321, -0.045742, 0.0, 0.0, 0.0, 0.0, 1.0],
                [-0.475208, 0.875756, -0.085029, -0.0, -0.67109, -0.423249, -0.608687, 0.39386, -0.569049, -0.232191, 0.788841, 0.0, 0.0, 0.0, 0.0, 1.0],
                [-0.812499, 0.417838, 0.406518, 0.0, -0.176236, 0.488649, -0.854496, 0.39386, -0.555685, -0.76592, -0.323389, 0.0, 0.0, 0.0, 0.0, 1.0],
                [-0.793249, 0.248702, 0.555791, -0.0, 0.478227, 0.819473, 0.315853, 0.39386, -0.376902, 0.516344, -0.768982, 0.0, 0.0, 0.0, 0.0, 1.0],
                [-0.954046, 0.146947, -0.261157, -0.0, 0.277031, 0.100267, -0.955615, 0.39386, -0.114239, -0.984049, -0.136368, -0.0, 0.0, 0.0, 0.0, 1.0],
                [-0.812499, 0.417838, 0.406518, 0.0, -0.176236, 0.488649, -0.854496, 0.39386, -0.555685, -0.76592, -0.323389, 0.0, 0.0, 0.0, 0.0, 1.0],
                [-0.796923, 0.258725, 0.545871, -0.0, 0.465536, 0.838887, 0.282036, 0.39386, -0.384955, 0.478883, -0.788974, 0.0, 0.0, 0.0, 0.0, 1.0],
                [-0.856566, 0.31874, 0.405831, 0.0, -0.120156, 0.641631, -0.757544, 0.39386, -0.501854, -0.697649, -0.511301, -0.0, 0.0, 0.0, 0.0, 1.0],
                [-0.475208, 0.875756, -0.085029, 0.0, -0.67109, -0.423249, -0.608687, 0.39386, -0.569049, -0.23219, 0.788841, -0.0, 0.0, 0.0, 0.0, 1.0],
                [-0.475208, 0.875756, -0.085029, 0.0, -0.67109, -0.423249, -0.608687, 0.39386, -0.569049, -0.23219, 0.788841, -0.0, 0.0, 0.0, 0.0, 1.0]
            ]
        },
        {
            "name": "Hand_L",
            "time": [0.0, 0.25, 0.5833, 0.8833, 1.1833, 1.45, 1.7167, 1.7333],
            "transform": [
                [0.9997, -0.020617, -0.013241, 0.0, 0.017226, 0.975661, -0.218606, 0.300003, 0.017426, 0.218312, 0.975724, -0.0, 0.0, 0.0, 0.0, 1.0],
                [0.999026, 0.017627, 0.040455, 0.0, -0.019651, 0.998547, 0.050185, 0.300003, -0.039512, -0.050931, 0.997921, 0.0, 0.0, 0.0, 0.0, 1.0],
                [0.9997, -0.020617, -0.013241, 0.0, 0.017226, 0.975661, -0.218606, 0.300003, 0.017426, 0.218312, 0.975724, -0.0, 0.0, 0.0, 0.0, 1.0],
                [0.99992, -0.012076, 0.003797, 0.0, 0.011757, 0.997118, 0.074953, 0.300002, -0.004691, -0.074902, 0.99718, -0.0, 0.0, 0.0, 0.0, 1.0],
                [0.99992, -0.012076, 0.003797, 0.0, 0.011757, 0.997118, 0.074953, 0.300003, -0.004691, -0.074902, 0.99718, -0.0, 0.0, 0.0, 0.0, 1.0],
                [0.99992, -0.012076, 0.003797, 0.0, 0.011757, 0.997118, 0.074953, 0.300003, -0.004691, -0.074902, 0.99718, 0.0, 0.0, 0.0, 0.0, 1.0],
                [0.9997, -0.020617, -0.013241, 0.0, 0.017226, 0.975661, -0.218606, 0.300003, 0.017426, 0.218312, 0.975724, -0.0, 0.0, 0.0, 0.0, 1.0],
                [0.9997, -0.020617, -0.013241, 0.0, 0.017226, 0.975661, -0.218606, 0.300003, 0.017426, 0.218312, 0.975724, -0.0, 0.0, 0.0, 0.0, 1.0]
            ]
        },
        {
            "name": "Tool_L",
            "time": [0.0, 1.7333],
            "transform": [
                [0.0, 0.0, 0.0, -0.0, 0.0, 0.0, 0.0, 0.272858, 0.0, 0.0, 0.0, -0.0, 0.0, 0.0, 0.0, 1.0],
                [0.0, 0.0, 0.0, -0.0, 0.0, 0.0, 0.0, 0.272858, 0.0, 0.0, 0.0, -0.0, 0.0, 0.0, 0.0, 1.0]
            ]
        },
        {
            "name": "Elbow_L",
            "time": [0.0, 0.25, 0.5833, 0.8833, 1.1833, 1.45, 1.7167, 1.7333],
            "transform": [
                [-1.0, -0.0, 0.0, -0.000104, -0.0, 0.0, -1.0, 0.367344, -0.0, -1.0, -0.0, 7.2e-05, 0.0, 0.0, 0.0, 1.0],
                [-1.0, 0.0, -0.0, -0.000104, 0.0, -0.0, -1.0, 0.367344, 0.0, -1.0, -0.0, 7.2e-05, 0.0, 0.0, 0.0, 1.0],
                [-1.0, -0.0, 0.0, -0.000104, 0.0, 0.0, -1.0, 0.367344, -0.0, -1.0, -0.0, 7.1e-05, 0.0, 0.0, 0.0, 1.0],
                [-1.0, -0.0, 0.0, -0.000104, -0.0, 0.0, -1.0, 0.367344, -0.0, -1.0, 0.0, 7.1e-05, 0.0, 0.0, 0.0, 1.0],
                [-1.0, -0.0, -0.0, -0.000104, 0.0, 0.0, -1.0, 0.367344, -0.0, -1.0, -0.0, 7.1e-05, 0.0, 0.0, 0.0, 1.0],
                [-1.0, 0.0, -0.0, -0.000104, 0.0, 0.0, -1.0, 0.367344, -0.0, -1.0, 0.0, 7.1e-05, 0.0, 0.0, 0.0, 1.0],
                [-1.0, -0.0, 0.0, -0.000104, -0.0, 0.0, -1.0, 0.367344, -0.0, -1.0, -0.0, 7.2e-05, 0.0, 0.0, 0.0, 1.0],
                [-1.0, -0.0, 0.0, -0.000104, -0.0, 0.0, -1.0, 0.367344, -0.0, -1.0, -0.0, 7.2e-05, 0.0, 0.0, 0.0, 1.0]
            ]
        }
    ]
}