{
    "animation": [
        {
            "name": "Root",
            "time": [0.0, 0.0833, 0.1667, 0.2833, 0.35],
            "transform": [
                [1.0, 0.0, 0.0, -5e-06, 0.0, 0.0, -1.0, 0.000946, 0.0, 1.0, 0.0, 0.763972, 0.0, 0.0, 0.0, 1.0],
                [1.0, 0.0, 0.0, -0.048339, 0.0, 0.0, -1.0, 0.000946, 0.0, 1.0, 0.0, 0.613407, 0.0, 0.0, 0.0, 1.0],
                [1.0, 0.0, 0.0, -0.037447, 0.0, 0.0, -1.0, 0.000946, 0.0, 1.0, 0.0, 0.46116, 0.0, 0.0, 0.0, 1.0],
                [1.0, 0.0, 0.0, -5e-06, 0.0, 0.0, -1.0, 0.000946, 0.0, 1.0, 0.0, 0.77901, 0.0, 0.0, 0.0, 1.0],
                [1.0, 0.0, 0.0, -5e-06, 0.0, 0.0, -1.0, 0.000946, 0.0, 1.0, 0.0, 0.763972, 0.0, 0.0, 0.0, 1.0]
            ]
        },
        {
            "name": "Thigh_R",
            "time": [0.0, 0.0833, 0.1667, 0.2833, 0.35],
            "transform": [
                [0.999236, -0.039078, 0.0, 0.124994, -0.039079, -0.999234, 0.0, -0.002831, -0.0, -0.0, -1.0, -1.2e-05, 0.0, 0.0, 0.0, 1.0],
                [0.99337, 0.114324, -0.012017, 0.101874, 0.106939, -0.880688, 0.461464, -0.002831, 0.042173, -0.459688, -0.887078, -1.2e-05, 0.0, 0.0, 0.0, 1.0],
                [0.987548, 0.10859, -0.113824, 0.101874, 0.146995, -0.37922, 0.913556, -0.002831, 0.056039, -0.91891, -0.390462, -1.2e-05, 0.0, 0.0, 0.0, 1.0],
                [0.999665, 0.025863, -0.0, 0.124994, 0.025864, -0.999663, 0.0, -0.002831, 0.0, -0.0, -1.0, -1.2e-05, 0.0, 0.0, 0.0, 1.0],
                [0.999236, -0.039078, 0.0, 0.124994, -0.039079, -0.999234, 0.0, -0.002831, -0.0, -0.0, -1.0, -1.2e-05, 0.0, 0.0, 0.0, 1.0]
            ]
        },
        {
            "name": "Leg_R",
            "time": [0.0, 0.0833, 0.1667, 0.2833, 0.35],
            "transform": [
                [1.0, -0.0, 1e-06, 0.0, 0.0, 1.000001, -0.0, 0.374726, -1e-06, 0.0, 0.999999, 0.0, 0.0, 0.0, 0.0, 1.0],
                [0.996485, 0.008166, -0.083377, 0.0, 0.07181, 0.42933, 0.900288, 0.374726, 0.043148, -0.903111, 0.427234, -0.0, 0.0, 0.0, 0.0, 1.0],
                [0.977351, -0.005165, -0.211564, 0.0, 0.207422, -0.17492, 0.962485, 0.374726, -0.041978, -0.98457, -0.169887, -0.0, 0.0, 0.0, 0.0, 1.0],
                [1.0, 0.0, 1e-06, -0.0, -0.0, 1.000001, -0.0, 0.374726, -1e-06, 0.0, 0.999999, 0.0, 0.0, 0.0, 0.0, 1.0],
                [1.0, -0.0, 1e-06, 0.0, 0.0, 1.000001, -0.0, 0.374726, -1e-06, 0.0, 0.999999, 0.0, 0.0, 0.0, 0.0, 1.0]
            ]
        },
        {
            "name": "Knee_R",
            "time": [0.0, 0.0833, 0.1667, 0.2833, 0.35],
            "transform": [
                [1.0, 0.0, 0.0, 0.0, -0.0, 1e-06, -1.0, 0.486932, 0.0, 1.0, 1e-06, -0.001311, 0.0, 0.0, 0.0, 1.0],
                [1.0, -0.0, 0.0, 0.0, -0.0, 1e-06, -1.0, 0.486932, 0.0, 1.0, 1e-06, -0.001311, 0.0, 0.0, 0.0, 1.0],
                [1.0, 0.0, 0.0, 0.0, -0.0, 1e-06, -1.0, 0.486932, -0.0, 1.0, 1e-06, -0.001311, 0.0, 0.0, 0.0, 1.0],
                [1.0, 0.0, -0.0, -0.0, 0.0, 1e-06, -1.0, 0.486932, -0.0, 1.0, 1e-06, -0.001311, 0.0, 0.0, 0.0, 1.0],
                [1.0, 0.0, 0.0, 0.0, -0.0, 1e-06, -1.0, 0.486932, 0.0, 1.0, 1e-06, -0.001311, 0.0, 0.0, 0.0, 1.0]
            ]
        },
        {
            "name": "Thigh_L",
            "time": [0.0, 0.0833, 0.1667, 0.2833, 0.35],
            "transform": [
                [0.996536, -0.083141, -0.001567, -0.125006, -0.08297, -0.992875, -0.085529, -0.002831, 0.005555, 0.085363, -0.996334, -1.2e-05, 0.0, 0.0, 0.0, 1.0],
                [0.99962, 0.026401, 0.007835, -0.16479, 0.020339, -0.899566, 0.436311, 0.067769, 0.018568, -0.435986, -0.899762, -1.2e-05, 0.0, 0.0, 0.0, 1.0],
                [0.987544, 0.114968, -0.107413, -0.16479, 0.155227, -0.600462, 0.784442, 0.067769, 0.025688, -0.791345, -0.61083, -1.2e-05, 0.0, 0.0, 0.0, 1.0],
                [0.996536, -0.083141, -0.001567, -0.125006, -0.079114, -0.953735, 0.290053, -0.002831, -0.02561, -0.288924, -0.957009, -1.2e-05, 0.0, 0.0, 0.0, 1.0],
                [0.996536, -0.083141, -0.001567, -0.125006, -0.08297, -0.992875, -0.085529, -0.002831, 0.005555, 0.085363, -0.996334, -1.2e-05, 0.0, 0.0, 0.0, 1.0]
            ]
        },
        {
            "name": "Leg_L",
            "time": [0.0, 0.0833, 0.1667, 0.2833, 0.35],
            "transform": [
                [1.0, -0.0, 1e-06, 0.0, 0.0, 1.0, 0.0, 0.374726, -1e-06, -0.0, 1.0, 0.0, 0.0, 0.0, 0.0, 1.0],
                [0.999694, 0.016929, -0.018026, 0.0, 0.004354, 0.597061, 0.802185, 0.374726, 0.024343, -0.802017, 0.596805, -0.0, 0.0, 0.0, 0.0, 1.0],
                [0.998147, -0.060827, -0.001871, -0.0, 0.012473, 0.174391, 0.984598, 0.374726, -0.059564, -0.982796, 0.174827, -0.0, 0.0, 0.0, 0.0, 1.0],
                [0.997675, -0.029029, 0.061659, -0.0, -0.026686, 0.6661, 0.745385, 0.374726, -0.062709, -0.745297, 0.663777, -0.0, 0.0, 0.0, 0.0, 1.0],
                [1.0, -0.0, 1e-06, 0.0, 0.0, 1.0, 0.0, 0.374726, -1e-06, -0.0, 1.0, 0.0, 0.0, 0.0, 0.0, 1.0]
            ]
        },
        {
            "name": "Knee_L",
            "time": [0.0, 0.0833, 0.1667, 0.2833, 0.35],
            "transform": [
                [1.0, -0.0, 0.0, 0.0, 0.0, 1e-06, -1.0, 0.459884, 0.0, 1.0, 1e-06, -0.004006, 0.0, 0.0, 0.0, 1.0],
                [1.0, 0.0, -0.0, 0.0, -0.0, 1e-06, -1.0, 0.459884, -0.0, 1.0, 1e-06, -0.004006, 0.0, 0.0, 0.0, 1.0],
                [1.0, -0.0, -0.0, -0.0, -0.0, 1e-06, -1.0, 0.459884, 0.0, 1.0, 1e-06, -0.004006, 0.0, 0.0, 0.0, 1.0],
                [1.0, -0.0, -0.0, -0.0, -0.0, 1e-06, -1.0, 0.459884, 0.0, 1.0, 1e-06, -0.004006, 0.0, 0.0, 0.0, 1.0],
                [1.0, -0.0, 0.0, 0.0, 0.0, 1e-06, -1.0, 0.459884, 0.0, 1.0, 1e-06, -0.004006, 0.0, 0.0, 0.0, 1.0]
            ]
        },
        {
            "name": "Torso",
            "time": [0.0, 0.0833, 0.1667, 0.2833, 0.35],
            "transform": [
                [0.996001, -0.08934, 0.0, 0.0, 0.08934, 0.996001, 0.0, 0.05, 0.0, 0.0, 1.0, 0.0, 0.0, 0.0, 0.0, 1.0],
                [0.899941, 0.436013, 0.0, 0.0, -0.436013, 0.899941, 0.0, 0.05, 0.0, 0.0, 1.0, 0.0, 0.0, 0.0, 0.0, 1.0],
                [0.899941, 0.436013, 0.0, 0.0, -0.436013, 0.899941, 0.0, 0.05, 0.0, 0.0, 1.0, 0.0, 0.0, 0.0, 0.0, 1.0],
                [0.93474, -0.310128, -0.173441, 0.0, 0.310013, 0.950306, -0.028455, 0.05, 0.173646, -0.027171, 0.984433, 0.0, 0.0, 0.0, 0.0, 1.0],
                [0.996001, -0.08934, 0.0, 0.0, 0.08934, 0.996001, 0.0, 0.05, 0.0, 0.0, 1.0, 0.0, 0.0, 0.0, 0.0, 1.0]
            ]
        },
        {
            "name": "Chest",
            "time": [0.0, 0.0833, 0.1667, 0.2833, 0.35],
            "transform": [
                [1.0, 0.0, 0.0, 0.0, 0.0, 1.0, 0.0, 0.3, 0.0, 0.0, 1.0, 0.0, 0.0, 0.0, 0.0, 1.0],
                [0.988728, -0.149726, 0.0, -0.0, 0.149726, 0.988728, 0.0, 0.3, 0.0, 0.0, 1.0, 0.0, 0.0, 0.0, 0.0, 1.0],
                [0.988728, -0.149726, 0.0, -0.0, 0.149726, 0.988728, 0.0, 0.3, 0.0, 0.0, 1.0, 0.0, 0.0, 0.0, 0.0, 1.0],
                [0.990111, 0.140172, 0.005613, 0.0, -0.140269, 0.989811, 0.024461, 0.3, -0.002127, -0.025007, 0.999685, 0.0, 0.0, 0.0, 0.0, 1.0],
                [1.0, 0.0, 0.0, 0.0, 0.0, 1.0, 0.0, 0.3, 0.0, 0.0, 1.0, 0.0, 0.0, 0.0, 0.0, 1.0]
            ]
        },
        {
            "name": "Head",
            "time": [0.0, 0.0833, 0.1667, 0.2833, 0.35],
            "transform": [
                [0.968739, 0.247764, 0.012567, 0.0, -0.24682, 0.957466, 0.149461, 0.4, 0.024999, -0.14789, 0.988688, 0.0, 0.0, 0.0, 0.0, 1.0],
                [0.917474, -0.393439, -0.058716, 0.0, 0.39777, 0.905693, 0.146625, 0.4, -0.004509, -0.15788, 0.987448, -0.0, 0.0, 0.0, 0.0, 1.0],
                [0.917474, -0.393439, -0.058716, 0.0, 0.39777, 0.905693, 0.146625, 0.4, -0.004509, -0.15788, 0.987448, -0.0, 0.0, 0.0, 0.0, 1.0],
                [0.968739, 0.247764, 0.012567, -0.0, -0.24682, 0.957466, 0.14946, 0.4, 0.024999, -0.14789, 0.988688, 0.0, 0.0, 0.0, 0.0, 1.0],
                [0.968739, 0.247764, 0.012567, 0.0, -0.24682, 0.957466, 0.149461, 0.4, 0.024999, -0.14789, 0.988688, 0.0, 0.0, 0.0, 0.0, 1.0]
            ]
        },
        {
            "name": "Shoulder_R",
            "time": [0.0, 0.0833, 0.1667, 0.2833, 0.35],
            "transform": [
                [0.0, 0.952114, 0.305743, 0.0, -0.0, -0.305743, 0.952114, 0.4, 1.0, 0.0, -0.0, 0.0, 0.0, 0.0, 0.0, 1.0],
                [0.0, 0.952114, 0.305743, 0.0, -0.0, -0.305743, 0.952114, 0.4, 1.0, 0.0, -0.0, -0.0, 0.0, 0.0, 0.0, 1.0],
                [0.0, 0.952114, 0.305743, 0.0, -0.0, -0.305743, 0.952114, 0.4, 1.0, 0.0, -0.0, -0.0, 0.0, 0.0, 0.0, 1.0],
                [0.0, 0.952114, 0.305743, -0.0, -0.0, -0.305743, 0.952114, 0.4, 1.0, 0.0, -0.0, 0.0, 0.0, 0.0, 0.0, 1.0],
                [0.0, 0.952114, 0.305743, 0.0, -0.0, -0.305743, 0.952114, 0.4, 1.0, 0.0, -0.0, 0.0, 0.0, 0.0, 0.0, 1.0]
            ]
        },
        {
            "name": "Arm_R",
            "time": [0.0, 0.0833, 0.1667, 0.2833, 0.35],
            "transform": [
                [-0.208128, -0.901096, -0.380406, -0.0, -0.242328, 0.424302, -0.872494, 0.39386, 0.947607, -0.089407, -0.30667, 0.0, 0.0, 0.0, 0.0, 1.0],
                [0.014728, -0.810554, 0.585479, -0.0, 0.255655, -0.563026, -0.785902, 0.393861, 0.966656, 0.161255, 0.19893, -0.0, 0.0, 0.0, 0.0, 1.0],
                [0.014728, -0.810554, 0.585479, -0.0, 0.255655, -0.563026, -0.785902, 0.39386, 0.966656, 0.161255, 0.19893, 0.0, 0.0, 0.0, 0.0, 1.0],
                [0.276724, -0.482181, -0.831219, 0.0, -0.326414, 0.766401, -0.553248, 0.39386, 0.903813, 0.424418, 0.054691, -0.0, 0.0, 0.0, 0.0, 1.0],
                [-0.208128, -0.901096, -0.380406, -0.0, -0.242328, 0.424302, -0.872494, 0.39386, 0.947607, -0.089407, -0.30667, 0.0, 0.0, 0.0, 0.0, 1.0]
            ]
        },
        {
            "name": "Hand_R",
            "time": [0.0, 0.0833, 0.1667, 0.2833, 0.35],
            "transform": [
                [0.999788, -0.004877, -0.020018, -0.0, 0.00616, 0.997894, 0.064569, 0.300003, 0.019661, -0.064678, 0.997712, -0.0, 0.0, 0.0, 0.0, 1.0],
                [0.999788, -0.004877, -0.020018, 0.0, 0.00616, 0.997894, 0.064569, 0.300003, 0.019661, -0.064678, 0.997713, 0.0, 0.0, 0.0, 0.0, 1.0],
                [0.999788, -0.004877, -0.020018, -0.0, 0.00616, 0.997894, 0.064569, 0.300003, 0.019661, -0.064678, 0.997713, -0.0, 0.0, 0.0, 0.0, 1.0],
                [0.999788, -0.004877, -0.020018, -0.0, 0.00616, 0.997894, 0.064569, 0.300003, 0.019661, -0.064678, 0.997712, -0.0, 0.0, 0.0, 0.0, 1.0],
                [0.999788, -0.004877, -0.020018, -0.0, 0.00616, 0.997894, 0.064569, 0.300003, 0.019661, -0.064678, 0.997712, -0.0, 0.0, 0.0, 0.0, 1.0]
            ]
        },
        {
            "name": "Tool_R",
            "time": [0.0, 0.35],
            "transform": [
                [0.0, 0.0, 0.0, 0.0, 0.0, 0.0, 0.0, 0.272858, 0.0, 0.0, 0.0, 0.0, 0.0, 0.0, 0.0, 1.0],
                [0.0, 0.0, 0.0, 0.0, 0.0, 0.0, 0.0, 0.272858, 0.0, 0.0, 0.0, 0.0, 0.0, 0.0, 0.0, 1.0]
            ]
        },
        {
            "name": "Elbow_R",
            "time": [0.0, 0.0833, 0.1667, 0.2833, 0.35],
            "transform": [
                [-1.0, 0.0, 0.0, -4.9e-05, 0.0, -0.0, -1.0, 0.370249, -0.0, -1.0, -0.0, 0.000652, 0.0, 0.0, 0.0, 1.0],
                [-1.0, 0.0, -0.0, -4.9e-05, -0.0, 0.0, -1.0, 0.370249, -0.0, -1.0, -0.0, 0.000652, 0.0, 0.0, 0.0, 1.0],
                [-1.0, 0.0, -0.0, -4.9e-05, -0.0, 0.0, -1.0, 0.370249, -0.0, -1.0, -0.0, 0.000652, 0.0, 0.0, 0.0, 1.0],
                [-1.0, -0.0, 0.0, -4.9e-05, 0.0, -0.0, -1.0, 0.370249, 0.0, -1.0, -0.0, 0.000652, 0.0, 0.0, 0.0, 1.0],
                [-1.0, 0.0, 0.0, -4.9e-05, 0.0, -0.0, -1.0, 0.370249, -0.0, -1.0, -0.0, 0.000652, 0.0, 0.0, 0.0, 1.0]
            ]
        },
        {
            "name": "Shoulder_L",
            "time": [0.0, 0.0833, 0.1667, 0.2833, 0.35],
            "transform": [
                [-0.0, -0.952114, -0.305743, 0.0, -0.0, -0.305743, 0.952114, 0.4, -1.0, -0.0, 0.0, 0.0, 0.0, 0.0, 0.0, 1.0],
                [-0.0, -0.866161, -0.499765, 0.0, -0.0, -0.499765, 0.866161, 0.4, -1.0, -0.0, 0.0, -0.0, 0.0, 0.0, 0.0, 1.0],
                [-0.0, -0.936128, -0.351659, 0.0, -0.0, -0.351659, 0.936128, 0.4, -1.0, -0.0, 0.0, -0.0, 0.0, 0.0, 0.0, 1.0],
                [0.0, -0.952114, -0.305743, -0.0, -0.0, -0.305743, 0.952114, 0.4, -1.0, -0.0, 0.0, 0.0, 0.0, 0.0, 0.0, 1.0],
                [-0.0, -0.952114, -0.305743, 0.0, -0.0, -0.305743, 0.952114, 0.4, -1.0, -0.0, 0.0, 0.0, 0.0, 0.0, 0.0, 1.0]
            ]
        },
        {
            "name": "Arm_L",
            "time": [0.0, 0.0833, 0.1667, 0.2833, 0.35],
            "transform": [
                [0.175614, 0.967298, 0.183015, -0.0, 0.296117, 0.125393, -0.946885, 0.39386, -0.938869, 0.22048, -0.264412, 0.0, 0.0, 0.0, 0.0, 1.0],
                [0.361947, 0.895574, -0.258732, -0.0, 0.163993, -0.334393, -0.928056, 0.39386, -0.917661, 0.293477, -0.2679, 0.0, 0.0, 0.0, 0.0, 1.0],
                [-0.001741, 0.857315, -0.514789, 0.0, -0.649601, -0.392351, -0.651213, 0.39386, -0.760273, 0.333274, 0.557596, -0.0, 0.0, 0.0, 0.0, 1.0],
                [0.175614, 0.967298, 0.183015, 0.0, 0.296117, 0.125393, -0.946885, 0.39386, -0.938869, 0.22048, -0.264412, 0.0, 0.0, 0.0, 0.0, 1.0],
                [0.175614, 0.967298, 0.183015, -0.0, 0.296117, 0.125393, -0.946885, 0.39386, -0.938869, 0.22048, -0.264412, 0.0, 0.0, 0.0, 0.0, 1.0]
            ]
        },
        {
            "name": "Hand_L",
            "time": [0.0, 0.0833, 0.1667, 0.2833, 0.35],
            "transform": [
                [0.999929, -0.001472, 0.011848, 0.0, 0.000391, 0.995871, 0.090777, 0.300003, -0.011932, -0.090766, 0.995801, 0.0, 0.0, 0.0, 0.0, 1.0],
                [0.999929, -0.001472, 0.011848, -0.0, 0.000391, 0.995871, 0.090777, 0.300003, -0.011932, -0.090766, 0.995801, -0.0, 0.0, 0.0, 0.0, 1.0],
                [0.999929, -0.001472, 0.011848, 0.0, 0.000391, 0.995871, 0.090777, 0.300003, -0.011932, -0.090766, 0.995801, 0.0, 0.0, 0.0, 0.0, 1.0],
                [0.999929, -0.001472, 0.011848, 0.0, 0.000391, 0.995871, 0.090777, 0.300002, -0.011932, -0.090766, 0.995801, -0.0, 0.0, 0.0, 0.0, 1.0],
                [0.999929, -0.001472, 0.011848, 0.0, 0.000391, 0.995871, 0.090777, 0.300003, -0.011932, -0.090766, 0.995801, 0.0, 0.0, 0.0, 0.0, 1.0]
            ]
        },
        {
            "name": "Tool_L",
            "time": [0.0, 0.35],
            "transform": [
                [0.0, 0.0, 0.0, 0.0, 0.0, 0.0, 0.0, 0.272858, 0.0, 0.0, 0.0, -0.0, 0.0, 0.0, 0.0, 1.0],
                [0.0, 0.0, 0.0, 0.0, 0.0, 0.0, 0.0, 0.272858, 0.0, 0.0, 0.0, -0.0, 0.0, 0.0, 0.0, 1.0]
            ]
        },
        {
            "name": "Elbow_L",
            "time": [0.0, 0.0833, 0.1667, 0.2833, 0.35],
            "transform": [
                [-1.0, 0.0, 0.0, -0.000104, 0.0, -0.0, -1.0, 0.367344, -0.0, -1.0, -0.0, 7.2e-05, 0.0, 0.0, 0.0, 1.0],
                [-1.0, -0.0, 0.0, -0.000104, 0.0, -0.0, -1.0, 0.367344, -0.0, -1.0, 0.0, 7.1e-05, 0.0, 0.0, 0.0, 1.0],
                [-1.0, 0.0, -0.0, -0.000104, 0.0, 0.0, -1.0, 0.367344, 0.0, -1.0, 0.0, 7.2e-05, 0.0, 0.0, 0.0, 1.0],
                [-1.0, 0.0, 0.0, -0.000104, -0.0, -0.0, -1.0, 0.367344, -0.0, -1.0, 0.0, 7.2e-05, 0.0, 0.0, 0.0, 1.0],
                [-1.0, 0.0, 0.0, -0.000104, 0.0, -0.0, -1.0, 0.367344, -0.0, -1.0, -0.0, 7.2e-05, 0.0, 0.0, 0.0, 1.0]
            ]
        }
    ]
}