{
    "animation": [
        {
            "name": "Root",
            "time": [0.0, 0.5, 0.6667, 1.1667, 1.3333],
            "transform": [
                [1.0, 0.0, 0.0, -5e-06, 0.0, 0.0, -1.0, 0.000946, 0.0, 1.0, 0.0, 0.688537, 0.0, 0.0, 0.0, 1.0],
                [1.0, 0.0, 0.0, -0.170474, 0.0, 0.0, -1.0, 0.000946, 0.0, 1.0, 0.0, 0.674983, 0.0, 0.0, 0.0, 1.0],
                [1.0, 0.0, 0.0, -0.170474, 0.0, 0.0, -1.0, 0.000946, 0.0, 1.0, 0.0, 0.674983, 0.0, 0.0, 0.0, 1.0],
                [1.0, 0.0, 0.0, -5e-06, 0.0, 0.0, -1.0, 0.000946, 0.0, 1.0, 0.0, 0.688537, 0.0, 0.0, 0.0, 1.0],
                [1.0, 0.0, 0.0, -5e-06, 0.0, 0.0, -1.0, 0.000946, 0.0, 1.0, 0.0, 0.688537, 0.0, 0.0, 0.0, 1.0]
            ]
        },
        {
            "name": "Thigh_R",
            "time": [0.0, 0.5, 0.6667, 1.1667, 1.3333],
            "transform": [
                [0.991673, -0.12878, 0.0, 0.141028, -0.128781, -0.991671, 0.0, 0.074309, -0.0, -0.0, -1.0, -1.2e-05, 0.0, 0.0, 0.0, 1.0],
                [0.994647, 0.103329, -0.0, 0.124994, 0.103329, -0.994645, 0.0, -0.002831, 0.0, -0.0, -1.0, -1.2e-05, 0.0, 0.0, 0.0, 1.0],
                [0.994647, 0.103329, -0.0, 0.124994, 0.103329, -0.994645, 0.0, -0.002831, 0.0, -0.0, -1.0, -1.2e-05, 0.0, 0.0, 0.0, 1.0],
                [0.991673, -0.12878, 0.0, 0.141028, -0.128781, -0.991671, 0.0, 0.074309, -0.0, -0.0, -1.0, -1.2e-05, 0.0, 0.0, 0.0, 1.0],
                [0.991673, -0.12878, 0.0, 0.141028, -0.128781, -0.991671, 0.0, 0.074309, -0.0, -0.0, -1.0, -1.2e-05, 0.0, 0.0, 0.0, 1.0]
            ]
        },
        {
            "name": "Leg_R",
            "time": [0.0, 0.5, 0.6667, 1.1667, 1.3333],
            "transform": [
                [1.0, 0.0, 1e-06, 0.0, 0.0, 1.000001, -0.0, 0.374726, -1e-06, 0.0, 0.999999, 0.0, 0.0, 0.0, 0.0, 1.0],
                [1.0, 0.0, 1e-06, 0.0, -0.0, 1.000001, -0.0, 0.374726, -1e-06, 0.0, 0.999999, 0.0, 0.0, 0.0, 0.0, 1.0],
                [1.0, 0.0, 1e-06, 0.0, -0.0, 1.000001, -0.0, 0.374726, -1e-06, 0.0, 0.999999, 0.0, 0.0, 0.0, 0.0, 1.0],
                [1.0, 0.0, 1e-06, 0.0, 0.0, 1.000001, -0.0, 0.374726, -1e-06, 0.0, 0.999999, 0.0, 0.0, 0.0, 0.0, 1.0],
                [1.0, 0.0, 1e-06, 0.0, 0.0, 1.000001, -0.0, 0.374726, -1e-06, 0.0, 0.999999, 0.0, 0.0, 0.0, 0.0, 1.0]
            ]
        },
        {
            "name": "Knee_R",
            "time": [0.0, 0.5, 0.6667, 1.1667, 1.3333],
            "transform": [
                [1.0, 0.0, 0.0, 0.0, 0.0, 1e-06, -1.0, 0.486932, 0.0, 1.0, 1e-06, -0.001311, 0.0, 0.0, 0.0, 1.0],
                [1.0, -0.0, -0.0, 0.0, 0.0, 1e-06, -1.0, 0.486932, -0.0, 1.0, 1e-06, -0.001311, 0.0, 0.0, 0.0, 1.0],
                [1.0, -0.0, -0.0, 0.0, 0.0, 1e-06, -1.0, 0.486932, -0.0, 1.0, 1e-06, -0.001311, 0.0, 0.0, 0.0, 1.0],
                [1.0, 0.0, 0.0, 0.0, 0.0, 1e-06, -1.0, 0.486932, 0.0, 1.0, 1e-06, -0.001311, 0.0, 0.0, 0.0, 1.0],
                [1.0, 0.0, 0.0, 0.0, 0.0, 1e-06, -1.0, 0.486932, 0.0, 1.0, 1e-06, -0.001311, 0.0, 0.0, 0.0, 1.0]
            ]
        },
        {
            "name": "Thigh_L",
            "time": [0.0, 0.5, 0.6667, 1.1667, 1.3333],
            "transform": [
                [0.990216, -0.139536, 0.0, -0.125006, -0.139535, -0.990217, 0.0, -0.002831, -0.0, -1e-06, -1.0, -1.2e-05, 0.0, 0.0, 0.0, 1.0],
                [0.996383, 0.084967, -0.0, -0.135458, 0.084966, -0.996384, 0.0, 0.081934, 0.0, -1e-06, -1.0, -1.2e-05, 0.0, 0.0, 0.0, 1.0],
                [0.996383, 0.084967, -0.0, -0.135458, 0.084966, -0.996384, 0.0, 0.081934, 0.0, -1e-06, -1.0, -1.2e-05, 0.0, 0.0, 0.0, 1.0],
                [0.990216, -0.139536, 0.0, -0.125006, -0.139535, -0.990217, 0.0, -0.002831, -0.0, -1e-06, -1.0, -1.2e-05, 0.0, 0.0, 0.0, 1.0],
                [0.990216, -0.139536, 0.0, -0.125006, -0.139535, -0.990217, 0.0, -0.002831, -0.0, -1e-06, -1.0, -1.2e-05, 0.0, 0.0, 0.0, 1.0]
            ]
        },
        {
            "name": "Leg_L",
            "time": [0.0, 0.5, 0.6667, 1.1667, 1.3333],
            "transform": [
                [1.0, 0.0, 1e-06, -0.0, 0.0, 1.0, -0.0, 0.374726, -1e-06, 0.0, 1.0, 0.0, 0.0, 0.0, 0.0, 1.0],
                [1.0, -0.0, 1e-06, 0.0, 0.0, 1.0, -0.0, 0.374726, -1e-06, 0.0, 1.0, 0.0, 0.0, 0.0, 0.0, 1.0],
                [1.0, -0.0, 1e-06, 0.0, 0.0, 1.0, -0.0, 0.374726, -1e-06, 0.0, 1.0, 0.0, 0.0, 0.0, 0.0, 1.0],
                [1.0, 0.0, 1e-06, -0.0, 0.0, 1.0, -0.0, 0.374726, -1e-06, 0.0, 1.0, 0.0, 0.0, 0.0, 0.0, 1.0],
                [1.0, 0.0, 1e-06, -0.0, 0.0, 1.0, -0.0, 0.374726, -1e-06, 0.0, 1.0, 0.0, 0.0, 0.0, 0.0, 1.0]
            ]
        },
        {
            "name": "Knee_L",
            "time": [0.0, 0.5, 0.6667, 1.1667, 1.3333],
            "transform": [
                [1.0, -0.0, 0.0, -0.0, 0.0, 1e-06, -1.0, 0.459884, -0.0, 1.0, 1e-06, -0.004006, 0.0, 0.0, 0.0, 1.0],
                [1.0, 0.0, 0.0, -0.0, -0.0, 1e-06, -1.0, 0.459884, 0.0, 1.0, 1e-06, -0.004006, 0.0, 0.0, 0.0, 1.0],
                [1.0, 0.0, 0.0, -0.0, -0.0, 1e-06, -1.0, 0.459884, 0.0, 1.0, 1e-06, -0.004006, 0.0, 0.0, 0.0, 1.0],
                [1.0, -0.0, 0.0, -0.0, 0.0, 1e-06, -1.0, 0.459884, -0.0, 1.0, 1e-06, -0.004006, 0.0, 0.0, 0.0, 1.0],
                [1.0, -0.0, 0.0, -0.0, 0.0, 1e-06, -1.0, 0.459884, -0.0, 1.0, 1e-06, -0.004006, 0.0, 0.0, 0.0, 1.0]
            ]
        },
        {
            "name": "Torso",
            "time": [0.0, 0.5, 0.6667, 1.1667, 1.3333],
            "transform": [
                [0.923456, -0.383705, 0.0, 0.0, 0.383705, 0.923456, 0.0, 0.05, 0.0, 0.0, 1.0, 0.0, 0.0, 0.0, 0.0, 1.0],
                [0.926305, 0.376775, 0.0, 0.0, -0.376775, 0.926305, 0.0, 0.05, 0.0, 0.0, 1.0, 0.0, 0.0, 0.0, 0.0, 1.0],
                [0.926305, 0.376775, 0.0, 0.0, -0.376775, 0.926305, 0.0, 0.05, 0.0, 0.0, 1.0, 0.0, 0.0, 0.0, 0.0, 1.0],
                [0.923456, -0.383705, 0.0, 0.0, 0.383705, 0.923456, 0.0, 0.05, 0.0, 0.0, 1.0, 0.0, 0.0, 0.0, 0.0, 1.0],
                [0.923456, -0.383705, 0.0, 0.0, 0.383705, 0.923456, 0.0, 0.05, 0.0, 0.0, 1.0, 0.0, 0.0, 0.0, 0.0, 1.0]
            ]
        },
        {
            "name": "Chest",
            "time": [0.0, 0.5, 0.6667, 1.1667, 1.3333],
            "transform": [
                [0.945488, 0.325657, 0.0, 0.0, -0.325657, 0.945488, 0.0, 0.3, 0.0, 0.0, 1.0, 0.0, 0.0, 0.0, 0.0, 1.0],
                [0.815816, -0.57813, 0.01447, 0.0, 0.578265, 0.815812, -0.00776, 0.3, -0.007318, 0.014698, 0.999865, 0.0, 0.0, 0.0, 0.0, 1.0],
                [0.815816, -0.57813, 0.01447, 0.0, 0.578265, 0.815812, -0.00776, 0.3, -0.007318, 0.014698, 0.999865, 0.0, 0.0, 0.0, 0.0, 1.0],
                [0.945488, 0.325657, 0.0, 0.0, -0.325657, 0.945488, 0.0, 0.3, 0.0, 0.0, 1.0, 0.0, 0.0, 0.0, 0.0, 1.0],
                [0.945488, 0.325657, 0.0, 0.0, -0.325657, 0.945488, 0.0, 0.3, 0.0, 0.0, 1.0, 0.0, 0.0, 0.0, 0.0, 1.0]
            ]
        },
        {
            "name": "Head",
            "time": [0.0, 0.5, 0.6667, 1.1667, 1.3333],
            "transform": [
                [0.984466, 0.175574, 0.0, 0.0, -0.175574, 0.984466, 0.0, 0.4, 0.0, 0.0, 1.0, -0.0, 0.0, 0.0, 0.0, 1.0],
                [0.984325, 0.176363, -1.2e-05, 0.0, -0.176363, 0.984325, -6e-06, 0.4, 1.1e-05, 8e-06, 1.0, 0.0, 0.0, 0.0, 0.0, 1.0],
                [0.984325, 0.176363, -1.2e-05, 0.0, -0.176363, 0.984325, -6e-06, 0.4, 1.1e-05, 8e-06, 1.0, 0.0, 0.0, 0.0, 0.0, 1.0],
                [0.984466, 0.175574, 0.0, 0.0, -0.175574, 0.984466, 0.0, 0.4, 0.0, 0.0, 1.0, -0.0, 0.0, 0.0, 0.0, 1.0],
                [0.984466, 0.175574, 0.0, 0.0, -0.175574, 0.984466, 0.0, 0.4, 0.0, 0.0, 1.0, -0.0, 0.0, 0.0, 0.0, 1.0]
            ]
        },
        {
            "name": "Shoulder_R",
            "time": [0.0, 0.5, 0.6667, 1.1667, 1.3333],
            "transform": [
                [-0.41764, 0.865103, 0.277802, 0.0, -0.0, -0.305743, 0.952114, 0.4, 0.908612, 0.397641, 0.127691, -0.0, 0.0, 0.0, 0.0, 1.0],
                [-0.41764, 0.865102, 0.277802, 0.0, -0.0, -0.305743, 0.952114, 0.4, 0.908612, 0.397641, 0.127691, 0.0, 0.0, 0.0, 0.0, 1.0],
                [-0.41764, 0.865102, 0.277802, 0.0, -0.0, -0.305743, 0.952114, 0.4, 0.908612, 0.397641, 0.127691, 0.0, 0.0, 0.0, 0.0, 1.0],
                [-0.41764, 0.865103, 0.277802, 0.0, -0.0, -0.305743, 0.952114, 0.4, 0.908612, 0.397641, 0.127691, -0.0, 0.0, 0.0, 0.0, 1.0],
                [-0.41764, 0.865103, 0.277802, 0.0, -0.0, -0.305743, 0.952114, 0.4, 0.908612, 0.397641, 0.127691, -0.0, 0.0, 0.0, 0.0, 1.0]
            ]
        },
        {
            "name": "Arm_R",
            "time": [0.0, 0.5, 0.6667, 1.1667, 1.3333],
            "transform": [
                [0.943209, -0.005035, 0.332161, 0.0, 0.230499, 0.729949, -0.643463, 0.39386, -0.239221, 0.683483, 0.689655, -0.0, 0.0, 0.0, 0.0, 1.0],
                [0.935045, 0.006011, 0.354477, 0.0, 0.253028, 0.689032, -0.679126, 0.39386, -0.248328, 0.724706, 0.642755, 0.0, 0.0, 0.0, 0.0, 1.0],
                [0.935045, 0.006011, 0.354477, 0.0, 0.253028, 0.689032, -0.679126, 0.39386, -0.248328, 0.724706, 0.642755, 0.0, 0.0, 0.0, 0.0, 1.0],
                [0.943209, -0.005035, 0.332161, 0.0, 0.230499, 0.729949, -0.643463, 0.39386, -0.239221, 0.683483, 0.689655, -0.0, 0.0, 0.0, 0.0, 1.0],
                [0.943209, -0.005035, 0.332161, 0.0, 0.230499, 0.729949, -0.643463, 0.39386, -0.239221, 0.683483, 0.689655, -0.0, 0.0, 0.0, 0.0, 1.0]
            ]
        },
        {
            "name": "Hand_R",
            "time": [0.0, 0.5, 0.6667, 1.1667, 1.3333],
            "transform": [
                [0.998548, -0.049637, 0.020953, 0.0, 0.023631, 0.053992, -0.998262, 0.300003, 0.04842, 0.997307, 0.055086, -0.0, 0.0, 0.0, 0.0, 1.0],
                [0.998547, -0.049637, 0.020953, 0.0, 0.023631, 0.053992, -0.998262, 0.300003, 0.04842, 0.997307, 0.055086, -0.0, 0.0, 0.0, 0.0, 1.0],
                [0.998547, -0.049637, 0.020953, 0.0, 0.023631, 0.053992, -0.998262, 0.300003, 0.04842, 0.997307, 0.055086, -0.0, 0.0, 0.0, 0.0, 1.0],
                [0.998548, -0.049637, 0.020953, 0.0, 0.023631, 0.053992, -0.998262, 0.300003, 0.04842, 0.997307, 0.055086, -0.0, 0.0, 0.0, 0.0, 1.0],
                [0.998548, -0.049637, 0.020953, 0.0, 0.023631, 0.053992, -0.998262, 0.300003, 0.04842, 0.997307, 0.055086, -0.0, 0.0, 0.0, 0.0, 1.0]
            ]
        },
        {
            "name": "Tool_R",
            "time": [0.0, 1.3333],
            "transform": [
                [0.0, 0.0, 0.0, 0.0, 0.0, 0.0, 0.0, 0.272858, 0.0, 0.0, 0.0, 0.0, 0.0, 0.0, 0.0, 1.0],
                [0.0, 0.0, 0.0, 0.0, 0.0, 0.0, 0.0, 0.272858, 0.0, 0.0, 0.0, 0.0, 0.0, 0.0, 0.0, 1.0]
            ]
        },
        {
            "name": "Elbow_R",
            "time": [0.0, 0.5, 0.6667, 1.1667, 1.3333],
            "transform": [
                [-1.0, -0.0, 0.0, -4.9e-05, 0.0, -0.0, -1.0, 0.370249, -0.0, -1.0, -0.0, 0.000652, 0.0, 0.0, 0.0, 1.0],
                [-1.0, -0.0, -0.0, -4.9e-05, 0.0, -0.0, -1.0, 0.370249, -0.0, -1.0, -0.0, 0.000652, 0.0, 0.0, 0.0, 1.0],
                [-1.0, -0.0, -0.0, -4.9e-05, 0.0, -0.0, -1.0, 0.370249, -0.0, -1.0, -0.0, 0.000652, 0.0, 0.0, 0.0, 1.0],
                [-1.0, -0.0, 0.0, -4.9e-05, 0.0, -0.0, -1.0, 0.370249, -0.0, -1.0, -0.0, 0.000652, 0.0, 0.0, 0.0, 1.0],
                [-1.0, -0.0, 0.0, -4.9e-05, 0.0, -0.0, -1.0, 0.370249, -0.0, -1.0, -0.0, 0.000652, 0.0, 0.0, 0.0, 1.0]
            ]
        },
        {
            "name": "Shoulder_L",
            "time": [0.0, 0.5, 0.6667, 1.1667, 1.3333],
            "transform": [
                [-0.52083, -0.812782, -0.261001, 0.0, -0.0, -0.305743, 0.952114, 0.4, -0.85366, 0.495889, 0.15924, -0.0, 0.0, 0.0, 0.0, 1.0],
                [-0.52083, -0.812782, -0.261001, 0.0, -0.0, -0.305743, 0.952114, 0.4, -0.85366, 0.495889, 0.15924, 0.0, 0.0, 0.0, 0.0, 1.0],
                [-0.52083, -0.812782, -0.261001, 0.0, -0.0, -0.305743, 0.952114, 0.4, -0.85366, 0.495889, 0.15924, 0.0, 0.0, 0.0, 0.0, 1.0],
                [-0.52083, -0.812782, -0.261001, 0.0, -0.0, -0.305743, 0.952114, 0.4, -0.85366, 0.495889, 0.15924, -0.0, 0.0, 0.0, 0.0, 1.0],
                [-0.52083, -0.812782, -0.261001, 0.0, -0.0, -0.305743, 0.952114, 0.4, -0.85366, 0.495889, 0.15924, -0.0, 0.0, 0.0, 0.0, 1.0]
            ]
        },
        {
            "name": "Arm_L",
            "time": [0.0, 0.5, 0.6667, 1.1667, 1.3333],
            "transform": [
                [0.948742, 0.109484, -0.296482, -0.0, -0.313353, 0.448169, -0.83723, 0.39386, 0.041211, 0.887219, 0.459503, 0.0, 0.0, 0.0, 0.0, 1.0],
                [0.946392, 0.09832, -0.307692, 0.0, -0.31953, 0.424577, -0.847133, 0.39386, 0.047349, 0.900037, 0.433233, 0.0, 0.0, 0.0, 0.0, 1.0],
                [0.946392, 0.09832, -0.307692, 0.0, -0.31953, 0.424577, -0.847133, 0.39386, 0.047349, 0.900037, 0.433233, 0.0, 0.0, 0.0, 0.0, 1.0],
                [0.948742, 0.109484, -0.296482, -0.0, -0.313353, 0.448169, -0.83723, 0.39386, 0.041211, 0.887219, 0.459503, 0.0, 0.0, 0.0, 0.0, 1.0],
                [0.948742, 0.109484, -0.296482, -0.0, -0.313353, 0.448169, -0.83723, 0.39386, 0.041211, 0.887219, 0.459503, 0.0, 0.0, 0.0, 0.0, 1.0]
            ]
        },
        {
            "name": "Hand_L",
            "time": [0.0, 0.5, 0.6667, 1.1667, 1.3333],
            "transform": [
                [0.974315, -0.020778, -0.224231, -0.0, -0.222629, 0.060905, -0.972999, 0.300002, 0.033874, 0.997927, 0.054715, -0.0, 0.0, 0.0, 0.0, 1.0],
                [0.974315, -0.020778, -0.224231, 0.0, -0.222629, 0.060905, -0.972999, 0.300003, 0.033874, 0.997928, 0.054715, -0.0, 0.0, 0.0, 0.0, 1.0],
                [0.974315, -0.020778, -0.224231, 0.0, -0.222629, 0.060905, -0.972999, 0.300003, 0.033874, 0.997928, 0.054715, -0.0, 0.0, 0.0, 0.0, 1.0],
                [0.974315, -0.020778, -0.224231, -0.0, -0.222629, 0.060905, -0.972999, 0.300002, 0.033874, 0.997927, 0.054715, -0.0, 0.0, 0.0, 0.0, 1.0],
                [0.974315, -0.020778, -0.224231, -0.0, -0.222629, 0.060905, -0.972999, 0.300002, 0.033874, 0.997927, 0.054715, -0.0, 0.0, 0.0, 0.0, 1.0]
            ]
        },
        {
            "name": "Tool_L",
            "time": [0.0, 1.3333],
            "transform": [
                [0.0, 0.0, 0.0, 0.0, 0.0, 0.0, 0.0, 0.272858, 0.0, 0.0, 0.0, 0.0, 0.0, 0.0, 0.0, 1.0],
                [0.0, 0.0, 0.0, 0.0, 0.0, 0.0, 0.0, 0.272858, 0.0, 0.0, 0.0, 0.0, 0.0, 0.0, 0.0, 1.0]
            ]
        },
        {
            "name": "Elbow_L",
            "time": [0.0, 0.5, 0.6667, 1.1667, 1.3333],
            "transform": [
                [-1.0, 0.0, 0.0, -0.000104, -0.0, 0.0, -1.0, 0.367344, -0.0, -1.0, -0.0, 7.2e-05, 0.0, 0.0, 0.0, 1.0],
                [-1.0, 0.0, -0.0, -0.000104, -0.0, 0.0, -1.0, 0.367344, -0.0, -1.0, 0.0, 7.2e-05, 0.0, 0.0, 0.0, 1.0],
                [-1.0, 0.0, -0.0, -0.000104, -0.0, 0.0, -1.0, 0.367344, -0.0, -1.0, 0.0, 7.2e-05, 0.0, 0.0, 0.0, 1.0],
                [-1.0, 0.0, 0.0, -0.000104, -0.0, 0.0, -1.0, 0.367344, -0.0, -1.0, -0.0, 7.2e-05, 0.0, 0.0, 0.0, 1.0],
                [-1.0, 0.0, 0.0, -0.000104, -0.0, 0.0, -1.0, 0.367344, -0.0, -1.0, -0.0, 7.2e-05, 0.0, 0.0, 0.0, 1.0]
            ]
        }
    ]
}