{
    "animation": [
        {
            "name": "Root",
            "time": [0.0, 0.0167, 0.0333, 0.05, 0.0667, 0.0833, 0.1, 0.1167, 0.1333, 0.15, 0.1667, 0.1833, 0.2, 0.2167, 0.2333, 0.25, 0.2667, 0.2833, 0.3, 0.3167, 0.3333, 0.35, 0.3667, 0.3833, 0.4, 0.4167, 0.4333, 0.45, 0.4667, 0.4833, 0.5, 0.5167, 0.5333, 0.55, 0.5667],
            "transform": [
                [0.852363, 0.077005, -0.517249, -5e-06, -0.517707, 0.263963, -0.81382, 0.015441, 0.073867, 0.961454, 0.264858, 0.642765, 0.0, 0.0, 0.0, 1.0],
                [0.850275, 0.077856, -0.520549, -5e-06, -0.521097, 0.263757, -0.81172, 0.016459, 0.074101, 0.961442, 0.264837, 0.642624, 0.0, 0.0, 0.0, 1.0],
                [0.843869, 0.080429, -0.530486, -5e-06, -0.531308, 0.263115, -0.805284, 0.019535, 0.074811, 0.961406, 0.264768, 0.642195, 0.0, 0.0, 0.0, 1.0],
                [0.832851, 0.084726, -0.546973, -5e-06, -0.548254, 0.261969, -0.794222, 0.024679, 0.075999, 0.96135, 0.264633, 0.641467, 0.0, 0.0, 0.0, 1.0],
                [0.81684, 0.090706, -0.569688, -5e-06, -0.571613, 0.260218, -0.778168, 0.031856, 0.077659, 0.96128, 0.264405, 0.640437, 0.0, 0.0, 0.0, 1.0],
                [0.795433, 0.098266, -0.598021, -5e-06, -0.600768, 0.257735, -0.756737, 0.040977, 0.079769, 0.961206, 0.264046, 0.639106, 0.0, 0.0, 0.0, 1.0],
                [0.768305, 0.107233, -0.631038, -5e-06, -0.634773, 0.254388, -0.729623, 0.051888, 0.082289, 0.961139, 0.263516, 0.637483, 0.0, 0.0, 0.0, 1.0],
                [0.735327, 0.117345, -0.667476, -5e-06, -0.672341, 0.250064, -0.696725, 0.06436, 0.085154, 0.961092, 0.262774, 0.635587, 0.0, 0.0, 0.0, 1.0],
                [0.696711, 0.12826, -0.705793, -5e-06, -0.7119, 0.244699, -0.658271, 0.07809, 0.088277, 0.961079, 0.261792, 0.633445, 0.0, 0.0, 0.0, 1.0],
                [0.653107, 0.139569, -0.744293, -5e-06, -0.751712, 0.238311, -0.614929, 0.092703, 0.091548, 0.961108, 0.260558, 0.631096, 0.0, 0.0, 0.0, 1.0],
                [0.605657, 0.150835, -0.781299, -5e-06, -0.790053, 0.23102, -0.567843, 0.107772, 0.094845, 0.961186, 0.259087, 0.628587, 0.0, 0.0, 0.0, 1.0],
                [0.555942, 0.161635, -0.815355, -5e-06, -0.825418, 0.223056, -0.518586, 0.122841, 0.098048, 0.961312, 0.257422, 0.625971, 0.0, 0.0, 0.0, 1.0],
                [0.505841, 0.171604, -0.845386, -5e-06, -0.856688, 0.214732, -0.469015, 0.137454, 0.101046, 0.961479, 0.255632, 0.623303, 0.0, 0.0, 0.0, 1.0],
                [0.45732, 0.180478, -0.870796, -5e-06, -0.883229, 0.206416, -0.421069, 0.151183, 0.103753, 0.961676, 0.253801, 0.620638, 0.0, 0.0, 0.0, 1.0],
                [0.412234, 0.188093, -0.891451, -5e-06, -0.904878, 0.198484, -0.376563, 0.163656, 0.10611, 0.961886, 0.252023, 0.618027, 0.0, 0.0, 0.0, 1.0],
                [0.372153, 0.19439, -0.907588, -5e-06, -0.921857, 0.191279, -0.337035, 0.174567, 0.108086, 0.962094, 0.250384, 0.615514, 0.0, 0.0, 0.0, 1.0],
                [0.338285, 0.199381, -0.91968, -5e-06, -0.934631, 0.185084, -0.30366, 0.183688, 0.109674, 0.962284, 0.248959, 0.613136, 0.0, 0.0, 0.0, 1.0],
                [0.311457, 0.20313, -0.928296, -5e-06, -0.943769, 0.18011, -0.277237, 0.190865, 0.11088, 0.962444, 0.247804, 0.610919, 0.0, 0.0, 0.0, 1.0],
                [0.292153, 0.205719, -0.933984, -5e-06, -0.949824, 0.176495, -0.258233, 0.196009, 0.11172, 0.962564, 0.246961, 0.608885, 0.0, 0.0, 0.0, 1.0],
                [0.280584, 0.207228, -0.937192, -5e-06, -0.953248, 0.174315, -0.246847, 0.199085, 0.112213, 0.962637, 0.246449, 0.607045, 0.0, 0.0, 0.0, 1.0],
                [0.276754, 0.20772, -0.938222, -5e-06, -0.954348, 0.173591, -0.243078, 0.200102, 0.112374, 0.962662, 0.246279, 0.605405, 0.0, 0.0, 0.0, 1.0],
                [0.276754, 0.20772, -0.938222, -5e-06, -0.954348, 0.173591, -0.243078, 0.200055, 0.112374, 0.962662, 0.246279, 0.603827, 0.0, 0.0, 0.0, 1.0],
                [0.276754, 0.20772, -0.938222, -5e-06, -0.954348, 0.173591, -0.243078, 0.199912, 0.112374, 0.962662, 0.246279, 0.602177, 0.0, 0.0, 0.0, 1.0],
                [0.276754, 0.20772, -0.938222, -5e-06, -0.954348, 0.173591, -0.243078, 0.199675, 0.112374, 0.962662, 0.246279, 0.600473, 0.0, 0.0, 0.0, 1.0],
                [0.276754, 0.20772, -0.938222, -5e-06, -0.954348, 0.173591, -0.243078, 0.19935, 0.112374, 0.962662, 0.246279, 0.598743, 0.0, 0.0, 0.0, 1.0],
                [0.276754, 0.20772, -0.938222, -5e-06, -0.954348, 0.173591, -0.243078, 0.198949, 0.112374, 0.962662, 0.246279, 0.597024, 0.0, 0.0, 0.0, 1.0],
                [0.276753, 0.20772, -0.938222, -5e-06, -0.954348, 0.173591, -0.243078, 0.198493, 0.112374, 0.962662, 0.246279, 0.595361, 0.0, 0.0, 0.0, 1.0],
                [0.276754, 0.20772, -0.938222, -5e-06, -0.954348, 0.173591, -0.243078, 0.198007, 0.112374, 0.962662, 0.246279, 0.593804, 0.0, 0.0, 0.0, 1.0],
                [0.276754, 0.20772, -0.938222, -5e-06, -0.954348, 0.173591, -0.243078, 0.197521, 0.112374, 0.962662, 0.246279, 0.5924, 0.0, 0.0, 0.0, 1.0],
                [0.276754, 0.20772, -0.938222, -5e-06, -0.954348, 0.173591, -0.243078, 0.197065, 0.112374, 0.962662, 0.246279, 0.591189, 0.0, 0.0, 0.0, 1.0],
                [0.276754, 0.20772, -0.938222, -5e-06, -0.954348, 0.173591, -0.243078, 0.196664, 0.112374, 0.962662, 0.246279, 0.590197, 0.0, 0.0, 0.0, 1.0],
                [0.276754, 0.20772, -0.938222, -5e-06, -0.954348, 0.173591, -0.243078, 0.196339, 0.112374, 0.962662, 0.246279, 0.589437, 0.0, 0.0, 0.0, 1.0],
                [0.276754, 0.20772, -0.938222, -5e-06, -0.954348, 0.173591, -0.243078, 0.196102, 0.112374, 0.962662, 0.246279, 0.588909, 0.0, 0.0, 0.0, 1.0],
                [0.276754, 0.20772, -0.938222, -5e-06, -0.954348, 0.173591, -0.243078, 0.195959, 0.112374, 0.962662, 0.246279, 0.588604, 0.0, 0.0, 0.0, 1.0],
                [0.276754, 0.20772, -0.938222, -5e-06, -0.954348, 0.173591, -0.243078, 0.195912, 0.112374, 0.962662, 0.246279, 0.588506, 0.0, 0.0, 0.0, 1.0]
            ]
        },
        {
            "name": "Thigh_R",
            "time": [0.0, 0.0167, 0.0333, 0.05, 0.0667, 0.0833, 0.1, 0.1167, 0.1333, 0.15, 0.1667, 0.1833, 0.2, 0.2167, 0.2333, 0.25, 0.2667, 0.2833, 0.3, 0.3167, 0.3333, 0.35, 0.3667, 0.3833, 0.4, 0.4167, 0.4333, 0.45, 0.4667, 0.4833, 0.5, 0.5167, 0.5333, 0.55, 0.5667],
            "transform": [
                [0.988123, 0.15113, 0.027798, 0.124994, 0.12134, -0.878379, 0.462303, -0.002831, 0.094285, -0.453438, -0.886286, -1.2e-05, 0.0, 0.0, 0.0, 1.0],
                [0.987813, 0.152776, 0.02972, 0.124994, 0.121838, -0.877868, 0.463142, -0.002831, 0.096847, -0.453875, -0.885786, -1.2e-05, 0.0, 0.0, 0.0, 1.0],
                [0.986837, 0.157765, 0.035518, 0.124994, 0.123334, -0.876306, 0.465696, -0.002831, 0.104596, -0.455184, -0.884232, -1.2e-05, 0.0, 0.0, 0.0, 1.0],
                [0.985065, 0.166144, 0.045185, 0.124994, 0.125794, -0.873647, 0.470015, -0.002831, 0.117566, -0.45731, -0.881502, -1.2e-05, 0.0, 0.0, 0.0, 1.0],
                [0.9823, 0.177904, 0.058606, 0.124994, 0.129131, -0.869842, 0.476126, -0.002831, 0.135683, -0.46013, -0.877422, -1.2e-05, 0.0, 0.0, 0.0, 1.0],
                [0.978295, 0.192954, 0.075543, 0.124994, 0.133205, -0.864856, 0.484022, -0.002831, 0.158729, -0.463452, -0.871789, -1.2e-05, 0.0, 0.0, 0.0, 1.0],
                [0.972779, 0.211094, 0.095602, 0.124994, 0.13782, -0.858673, 0.493643, -0.002831, 0.186296, -0.467028, -0.864395, -1.2e-05, 0.0, 0.0, 0.0, 1.0],
                [0.965507, 0.231988, 0.118222, 0.124994, 0.142734, -0.851317, 0.50486, -0.002831, 0.217766, -0.47057, -0.855068, -1.2e-05, 0.0, 0.0, 0.0, 1.0],
                [0.956314, 0.255155, 0.142686, 0.124994, 0.147678, -0.842862, 0.517467, -0.002831, 0.252299, -0.473788, -0.843724, -1.2e-05, 0.0, 0.0, 0.0, 1.0],
                [0.945168, 0.279968, 0.168148, 0.124994, 0.152378, -0.833445, 0.531176, -0.002831, 0.288855, -0.476427, -0.830409, -1.2e-05, 0.0, 0.0, 0.0, 1.0],
                [0.93222, 0.305689, 0.193696, 0.124994, 0.156593, -0.823267, 0.545626, -0.002831, 0.326255, -0.478311, -0.815337, -1.2e-05, 0.0, 0.0, 0.0, 1.0],
                [0.917816, 0.331518, 0.218423, 0.124994, 0.160141, -0.812581, 0.560414, -0.002831, 0.363274, -0.479377, -0.798892, -1.2e-05, 0.0, 0.0, 0.0, 1.0],
                [0.902478, 0.356658, 0.241512, 0.124994, 0.162917, -0.801682, 0.575119, -0.002831, 0.398737, -0.479684, -0.781608, -1.2e-05, 0.0, 0.0, 0.0, 1.0],
                [0.886856, 0.380378, 0.262295, 0.124994, 0.164906, -0.79087, 0.589346, -0.002831, 0.431616, -0.479409, -0.764116, -1.2e-05, 0.0, 0.0, 0.0, 1.0],
                [0.871655, 0.402064, 0.280289, 0.124994, 0.166168, -0.780434, 0.60275, -0.002831, 0.461092, -0.478813, -0.747082, -1.2e-05, 0.0, 0.0, 0.0, 1.0],
                [0.85756, 0.421245, 0.2952, 0.124994, 0.166822, -0.770629, 0.61506, -0.002831, 0.486581, -0.478203, -0.731136, -1.2e-05, 0.0, 0.0, 0.0, 1.0],
                [0.845176, 0.437595, 0.306897, 0.124994, 0.167017, -0.761661, 0.626079, -0.002831, 0.507721, -0.477889, -0.716826, -1.2e-05, 0.0, 0.0, 0.0, 1.0],
                [0.834991, 0.450918, 0.315376, 0.124994, 0.166914, -0.753685, 0.635686, -0.002831, 0.524336, -0.47815, -0.704587, -1.2e-05, 0.0, 0.0, 0.0, 1.0],
                [0.827353, 0.461118, 0.320712, 0.124994, 0.16666, -0.746806, 0.643818, -0.002831, 0.536387, -0.479214, -0.694725, -1.2e-05, 0.0, 0.0, 0.0, 1.0],
                [0.822474, 0.468174, 0.323028, 0.124994, 0.16638, -0.74109, 0.650462, -0.002831, 0.543923, -0.481241, -0.687425, -1.2e-05, 0.0, 0.0, 0.0, 1.0],
                [0.820445, 0.472114, 0.322456, 0.124994, 0.166169, -0.736567, 0.655633, -0.002831, 0.547045, -0.484327, -0.682766, -1.2e-05, 0.0, 0.0, 0.0, 1.0],
                [0.8199, 0.474409, 0.320467, 0.124994, 0.166028, -0.732735, 0.659948, -0.002831, 0.547903, -0.487884, -0.679537, -1.2e-05, 0.0, 0.0, 0.0, 1.0],
                [0.819478, 0.476485, 0.318459, 0.124994, 0.165914, -0.729113, 0.663977, -0.002831, 0.548568, -0.491276, -0.67655, -1.2e-05, 0.0, 0.0, 0.0, 1.0],
                [0.819186, 0.478316, 0.316461, 0.124994, 0.165831, -0.725748, 0.667673, -0.002831, 0.54903, -0.494468, -0.673844, -1.2e-05, 0.0, 0.0, 0.0, 1.0],
                [0.819023, 0.479883, 0.314504, 0.124994, 0.165781, -0.72269, 0.670995, -0.002831, 0.549289, -0.49742, -0.671457, -1.2e-05, 0.0, 0.0, 0.0, 1.0],
                [0.818983, 0.481174, 0.312629, 0.124994, 0.165764, -0.719984, 0.673902, -0.002831, 0.549353, -0.50009, -0.669418, -1.2e-05, 0.0, 0.0, 0.0, 1.0],
                [0.819054, 0.482187, 0.310879, 0.124994, 0.165779, -0.717664, 0.676368, -0.002831, 0.549243, -0.502443, -0.667744, -1.2e-05, 0.0, 0.0, 0.0, 1.0],
                [0.819212, 0.482935, 0.309294, 0.124994, 0.16582, -0.715749, 0.678384, -0.002831, 0.548994, -0.504452, -0.666433, -1.2e-05, 0.0, 0.0, 0.0, 1.0],
                [0.819431, 0.483448, 0.307912, 0.124994, 0.165879, -0.714233, 0.679966, -0.002831, 0.54865, -0.506107, -0.665461, -1.2e-05, 0.0, 0.0, 0.0, 1.0],
                [0.819677, 0.483766, 0.306756, 0.124994, 0.165949, -0.713089, 0.681148, -0.002831, 0.548261, -0.507414, -0.664785, -1.2e-05, 0.0, 0.0, 0.0, 1.0],
                [0.819921, 0.483936, 0.305835, 0.124994, 0.166018, -0.712273, 0.681984, -0.002831, 0.547875, -0.508398, -0.664352, -1.2e-05, 0.0, 0.0, 0.0, 1.0],
                [0.820136, 0.484005, 0.305148, 0.124994, 0.16608, -0.71173, 0.682536, -0.002831, 0.547534, -0.509092, -0.664101, -1.2e-05, 0.0, 0.0, 0.0, 1.0],
                [0.820303, 0.484015, 0.304682, 0.124994, 0.166128, -0.711404, 0.682865, -0.002831, 0.547269, -0.509538, -0.663977, -1.2e-05, 0.0, 0.0, 0.0, 1.0],
                [0.820409, 0.484002, 0.304418, 0.124994, 0.166159, -0.711241, 0.683027, -0.002831, 0.547102, -0.509778, -0.663931, -1.2e-05, 0.0, 0.0, 0.0, 1.0],
                [0.820445, 0.483993, 0.304335, 0.124994, 0.166169, -0.711195, 0.683072, -0.002831, 0.547044, -0.50985, -0.663923, -1.2e-05, 0.0, 0.0, 0.0, 1.0]
            ]
        },
        {
            "name": "Leg_R",
            "time": [0.0, 0.0167, 0.0333, 0.05, 0.0667, 0.0833, 0.1, 0.1167, 0.1333, 0.15, 0.1667, 0.1833, 0.2, 0.2167, 0.2333, 0.25, 0.2667, 0.2833, 0.3, 0.3167, 0.3333, 0.35, 0.3667, 0.3833, 0.4, 0.4167, 0.4333, 0.45, 0.4667, 0.4833, 0.5, 0.5167, 0.5333, 0.55, 0.5667],
            "transform": [
                [0.999607, -0.003182, -0.027861, 0.0, 0.015054, 0.899127, 0.437429, 0.37472, 0.023658, -0.437677, 0.89882, 0.0, 0.0, 0.0, 0.0, 1.0],
                [0.999604, -0.003119, -0.02796, 0.0, 0.015047, 0.899029, 0.437631, 0.37472, 0.023772, -0.437879, 0.898719, 0.0, 0.0, 0.0, 0.0, 1.0],
                [0.999596, -0.002929, -0.028259, 0.0, 0.015023, 0.898728, 0.438249, 0.37472, 0.024114, -0.438498, 0.898408, -0.0, 0.0, 0.0, 0.0, 1.0],
                [0.999583, -0.002609, -0.02876, 0.0, 0.014984, 0.898216, 0.439299, 0.37472, 0.024686, -0.439547, 0.89788, 0.0, 0.0, 0.0, 0.0, 1.0],
                [0.999564, -0.002159, -0.029457, -0.0, 0.014929, 0.897487, 0.44079, 0.37472, 0.025485, -0.441038, 0.897126, 0.0, 0.0, 0.0, 0.0, 1.0],
                [0.999538, -0.001583, -0.030341, -0.0, 0.014859, 0.896536, 0.442722, 0.37472, 0.026501, -0.442969, 0.896145, -0.0, 0.0, 0.0, 0.0, 1.0],
                [0.999507, -0.000887, -0.031397, -0.0, 0.014776, 0.895366, 0.445086, 0.37472, 0.027717, -0.445331, 0.894936, 0.0, 0.0, 0.0, 0.0, 1.0],
                [0.999469, -8.2e-05, -0.0326, -0.0, 0.014681, 0.893984, 0.447859, 0.37472, 0.029107, -0.4481, 0.893509, -0.0, 0.0, 0.0, 0.0, 1.0],
                [0.999424, 0.000817, -0.03392, -0.0, 0.014577, 0.892403, 0.451005, 0.37472, 0.030639, -0.45124, 0.891876, 0.0, 0.0, 0.0, 0.0, 1.0],
                [0.999375, 0.001789, -0.03532, -0.0, 0.014468, 0.890644, 0.454471, 0.37472, 0.032271, -0.454699, 0.89006, -0.0, 0.0, 0.0, 0.0, 1.0],
                [0.99932, 0.00281, -0.036758, -0.0, 0.014355, 0.888736, 0.458195, 0.37472, 0.033956, -0.458412, 0.88809, 0.0, 0.0, 0.0, 0.0, 1.0],
                [0.999263, 0.003853, -0.038188, 0.0, 0.014241, 0.886712, 0.462104, 0.37472, 0.035642, -0.462308, 0.886002, 0.0, 0.0, 0.0, 0.0, 1.0],
                [0.999205, 0.00489, -0.039566, -0.0, 0.014128, 0.88461, 0.466119, 0.37472, 0.03728, -0.466308, 0.883836, -0.0, 0.0, 0.0, 0.0, 1.0],
                [0.999148, 0.005895, -0.040852, 0.0, 0.014017, 0.882468, 0.470165, 0.37472, 0.038822, -0.470338, 0.881632, 0.0, 0.0, 0.0, 0.0, 1.0],
                [0.999094, 0.006842, -0.04201, -0.0, 0.013909, 0.880324, 0.47417, 0.37472, 0.040226, -0.474325, 0.87943, 0.0, 0.0, 0.0, 0.0, 1.0],
                [0.999045, 0.00771, -0.043011, -0.0, 0.013805, 0.878213, 0.47807, 0.37472, 0.041459, -0.478208, 0.877267, -0.0, 0.0, 0.0, 0.0, 1.0],
                [0.999003, 0.008482, -0.043836, -0.0, 0.013703, 0.876166, 0.481816, 0.37472, 0.042495, -0.481937, 0.875174, -0.0, 0.0, 0.0, 0.0, 1.0],
                [0.998969, 0.009146, -0.044471, 0.0, 0.013603, 0.874206, 0.485366, 0.37472, 0.043316, -0.485471, 0.873179, 0.0, 0.0, 0.0, 0.0, 1.0],
                [0.998944, 0.009694, -0.044908, 0.0, 0.013504, 0.872352, 0.488692, 0.37472, 0.043913, -0.488783, 0.871299, 0.0, 0.0, 0.0, 0.0, 1.0],
                [0.998929, 0.01012, -0.045145, -0.0, 0.013405, 0.87062, 0.491774, 0.37472, 0.044281, -0.491853, 0.869551, 0.0, 0.0, 0.0, 0.0, 1.0],
                [0.998924, 0.010423, -0.045185, 0.0, 0.013305, 0.869018, 0.494602, 0.37472, 0.044422, -0.494672, 0.867943, 0.0, 0.0, 0.0, 0.0, 1.0],
                [0.998925, 0.010662, -0.045127, 0.0, 0.013214, 0.867397, 0.497442, 0.37472, 0.044447, -0.497504, 0.866322, -0.0, 0.0, 0.0, 0.0, 1.0],
                [0.998924, 0.010894, -0.045071, -0.0, 0.013144, 0.865608, 0.500549, 0.37472, 0.044467, -0.500604, 0.864533, 0.0, 0.0, 0.0, 0.0, 1.0],
                [0.998924, 0.011118, -0.045016, -0.0, 0.013096, 0.86367, 0.503888, 0.37472, 0.044481, -0.503937, 0.862594, -0.0, 0.0, 0.0, 0.0, 1.0],
                [0.998924, 0.011328, -0.044964, -0.0, 0.013068, 0.861612, 0.507399, 0.37472, 0.04449, -0.507442, 0.860536, -0.0, 0.0, 0.0, 0.0, 1.0],
                [0.998924, 0.011523, -0.044915, -0.0, 0.013062, 0.859483, 0.510997, 0.37472, 0.044492, -0.511035, 0.858407, -0.0, 0.0, 0.0, 0.0, 1.0],
                [0.998924, 0.011699, -0.04487, 0.0, 0.013073, 0.857347, 0.514573, 0.37472, 0.044489, -0.514607, 0.85627, 0.0, 0.0, 0.0, 0.0, 1.0],
                [0.998924, 0.011852, -0.044831, 0.0, 0.0131, 0.855279, 0.518003, 0.37472, 0.044482, -0.518034, 0.854202, -0.0, 0.0, 0.0, 0.0, 1.0],
                [0.998924, 0.011981, -0.044797, 0.0, 0.013136, 0.853358, 0.52116, 0.37472, 0.044472, -0.521189, 0.852281, -0.0, 0.0, 0.0, 0.0, 1.0],
                [0.998924, 0.012086, -0.044769, -0.0, 0.013177, 0.851657, 0.523935, 0.37472, 0.04446, -0.523962, 0.85058, -0.0, 0.0, 0.0, 0.0, 1.0],
                [0.998924, 0.012167, -0.044747, 0.0, 0.013218, 0.850232, 0.526243, 0.37472, 0.044448, -0.526269, 0.849155, -0.0, 0.0, 0.0, 0.0, 1.0],
                [0.998924, 0.012225, -0.044731, 0.0, 0.013254, 0.849118, 0.528037, 0.37472, 0.044437, -0.528062, 0.848042, -0.0, 0.0, 0.0, 0.0, 1.0],
                [0.998924, 0.012263, -0.04472, -0.0, 0.013281, 0.848332, 0.529299, 0.37472, 0.044429, -0.529324, 0.847255, -0.0, 0.0, 0.0, 0.0, 1.0],
                [0.998924, 0.012285, -0.044714, 0.0, 0.013299, 0.847871, 0.530036, 0.37472, 0.044423, -0.530061, 0.846794, -0.0, 0.0, 0.0, 0.0, 1.0],
                [0.998924, 0.012291, -0.044713, 0.0, 0.013305, 0.847722, 0.530275, 0.37472, 0.044422, -0.5303, 0.846645, -0.0, 0.0, 0.0, 0.0, 1.0]
            ]
        },
        {
            "name": "Knee_R",
            "time": [0.0, 0.0167, 0.0333, 0.05, 0.0667, 0.0833, 0.1, 0.1167, 0.1333, 0.15, 0.1667, 0.1833, 0.2, 0.2167, 0.2333, 0.25, 0.2667, 0.2833, 0.3, 0.3167, 0.3333, 0.35, 0.3667, 0.3833, 0.4, 0.4167, 0.4333, 0.45, 0.4667, 0.4833, 0.5, 0.5167, 0.5333, 0.55, 0.5667],
            "transform": [
                [0.999928, 0.011432, -0.003544, 0.0, 0.003543, -0.565541, -0.824712, 0.486932, -0.011432, 0.824641, -0.565541, -0.001311, 0.0, 0.0, 0.0, 1.0],
                [0.999928, 0.011432, -0.003544, 0.0, 0.003543, -0.565541, -0.824712, 0.486932, -0.011432, 0.824641, -0.565541, -0.001311, 0.0, 0.0, 0.0, 1.0],
                [0.999928, 0.011432, -0.003544, 0.0, 0.003543, -0.565541, -0.824712, 0.486932, -0.011433, 0.824641, -0.565541, -0.001311, 0.0, 0.0, 0.0, 1.0],
                [0.999928, 0.011432, -0.003544, 0.0, 0.003543, -0.565541, -0.824712, 0.486932, -0.011433, 0.824641, -0.565541, -0.001311, 0.0, 0.0, 0.0, 1.0],
                [0.999928, 0.011432, -0.003544, 0.0, 0.003543, -0.565541, -0.824712, 0.486932, -0.011432, 0.824641, -0.565541, -0.001311, 0.0, 0.0, 0.0, 1.0],
                [0.999928, 0.011432, -0.003544, 0.0, 0.003543, -0.565541, -0.824712, 0.486932, -0.011432, 0.824641, -0.565541, -0.001311, 0.0, 0.0, 0.0, 1.0],
                [0.999928, 0.011432, -0.003544, -0.0, 0.003543, -0.565541, -0.824713, 0.486932, -0.011432, 0.824641, -0.565541, -0.001311, 0.0, 0.0, 0.0, 1.0],
                [0.999928, 0.011432, -0.003544, 0.0, 0.003543, -0.565541, -0.824712, 0.486932, -0.011432, 0.824641, -0.565541, -0.001311, 0.0, 0.0, 0.0, 1.0],
                [0.999928, 0.011432, -0.003544, 0.0, 0.003543, -0.565541, -0.824712, 0.486932, -0.011433, 0.824641, -0.565541, -0.001311, 0.0, 0.0, 0.0, 1.0],
                [0.999928, 0.011432, -0.003544, 0.0, 0.003543, -0.565541, -0.824712, 0.486932, -0.011433, 0.824641, -0.565541, -0.001311, 0.0, 0.0, 0.0, 1.0],
                [0.999928, 0.011432, -0.003544, 0.0, 0.003543, -0.565541, -0.824712, 0.486932, -0.011432, 0.824641, -0.565541, -0.001311, 0.0, 0.0, 0.0, 1.0],
                [0.999928, 0.011432, -0.003544, 0.0, 0.003543, -0.565541, -0.824712, 0.486932, -0.011432, 0.824641, -0.565541, -0.001311, 0.0, 0.0, 0.0, 1.0],
                [0.999928, 0.011432, -0.003544, 0.0, 0.003543, -0.565541, -0.824712, 0.486932, -0.011432, 0.824641, -0.565541, -0.001311, 0.0, 0.0, 0.0, 1.0],
                [0.999928, 0.011432, -0.003544, 0.0, 0.003543, -0.565541, -0.824712, 0.486932, -0.011432, 0.824641, -0.565541, -0.001311, 0.0, 0.0, 0.0, 1.0],
                [0.999928, 0.011432, -0.003544, 0.0, 0.003543, -0.565541, -0.824712, 0.486932, -0.011432, 0.824641, -0.565541, -0.001311, 0.0, 0.0, 0.0, 1.0],
                [0.999928, 0.011432, -0.003544, 0.0, 0.003543, -0.565541, -0.824712, 0.486932, -0.011432, 0.824641, -0.565541, -0.001311, 0.0, 0.0, 0.0, 1.0],
                [0.999928, 0.011432, -0.003544, 0.0, 0.003543, -0.565541, -0.824712, 0.486932, -0.011432, 0.824641, -0.565541, -0.001311, 0.0, 0.0, 0.0, 1.0],
                [0.999928, 0.011432, -0.003544, 0.0, 0.003543, -0.565541, -0.824712, 0.486932, -0.011432, 0.824641, -0.565541, -0.001311, 0.0, 0.0, 0.0, 1.0],
                [0.999928, 0.011432, -0.003544, 0.0, 0.003543, -0.565541, -0.824712, 0.486932, -0.011432, 0.824641, -0.565541, -0.001311, 0.0, 0.0, 0.0, 1.0],
                [0.999928, 0.011432, -0.003544, 0.0, 0.003543, -0.565541, -0.824712, 0.486932, -0.011432, 0.824641, -0.565541, -0.001311, 0.0, 0.0, 0.0, 1.0],
                [0.999928, 0.011432, -0.003544, 0.0, 0.003543, -0.565541, -0.824712, 0.486932, -0.011432, 0.824641, -0.565541, -0.001311, 0.0, 0.0, 0.0, 1.0],
                [0.999928, 0.011432, -0.003544, 0.0, 0.003543, -0.565541, -0.824712, 0.486932, -0.011432, 0.824641, -0.565541, -0.001311, 0.0, 0.0, 0.0, 1.0],
                [0.999928, 0.011432, -0.003544, 0.0, 0.003543, -0.565541, -0.824712, 0.486932, -0.011432, 0.824641, -0.565541, -0.001311, 0.0, 0.0, 0.0, 1.0],
                [0.999928, 0.011432, -0.003544, 0.0, 0.003543, -0.565541, -0.824712, 0.486932, -0.011432, 0.824641, -0.565541, -0.001311, 0.0, 0.0, 0.0, 1.0],
                [0.999928, 0.011432, -0.003544, 0.0, 0.003543, -0.565541, -0.824712, 0.486932, -0.011432, 0.824641, -0.565541, -0.001311, 0.0, 0.0, 0.0, 1.0],
                [0.999928, 0.011432, -0.003544, 0.0, 0.003543, -0.565541, -0.824712, 0.486932, -0.011432, 0.824641, -0.565541, -0.001311, 0.0, 0.0, 0.0, 1.0],
                [0.999928, 0.011432, -0.003544, 0.0, 0.003543, -0.565541, -0.824712, 0.486932, -0.011432, 0.824641, -0.565541, -0.001311, 0.0, 0.0, 0.0, 1.0],
                [0.999928, 0.011432, -0.003544, 0.0, 0.003543, -0.565541, -0.824712, 0.486932, -0.011432, 0.824641, -0.565541, -0.001311, 0.0, 0.0, 0.0, 1.0],
                [0.999928, 0.011432, -0.003544, 0.0, 0.003543, -0.565541, -0.824712, 0.486932, -0.011433, 0.824641, -0.565541, -0.001311, 0.0, 0.0, 0.0, 1.0],
                [0.999928, 0.011432, -0.003544, 0.0, 0.003543, -0.565541, -0.824712, 0.486932, -0.011433, 0.824641, -0.565541, -0.001311, 0.0, 0.0, 0.0, 1.0],
                [0.999928, 0.011432, -0.003544, 0.0, 0.003543, -0.565541, -0.824712, 0.486932, -0.011432, 0.824641, -0.565541, -0.001311, 0.0, 0.0, 0.0, 1.0],
                [0.999928, 0.011432, -0.003544, 0.0, 0.003543, -0.565541, -0.824712, 0.486932, -0.011432, 0.824641, -0.565541, -0.001311, 0.0, 0.0, 0.0, 1.0],
                [0.999928, 0.011432, -0.003544, 0.0, 0.003543, -0.565541, -0.824712, 0.486932, -0.011432, 0.824641, -0.565541, -0.001311, 0.0, 0.0, 0.0, 1.0],
                [0.999928, 0.011432, -0.003544, 0.0, 0.003543, -0.565541, -0.824712, 0.486932, -0.011432, 0.824641, -0.565541, -0.001311, 0.0, 0.0, 0.0, 1.0],
                [0.999928, 0.011432, -0.003544, 0.0, 0.003543, -0.565541, -0.824712, 0.486932, -0.011432, 0.824641, -0.565541, -0.001311, 0.0, 0.0, 0.0, 1.0]
            ]
        },
        {
            "name": "Thigh_L",
            "time": [0.0, 0.0167, 0.0333, 0.05, 0.0667, 0.0833, 0.1, 0.1167, 0.1333, 0.15, 0.1667, 0.1833, 0.2, 0.2167, 0.2333, 0.25, 0.2667, 0.2833, 0.3, 0.3167, 0.3333, 0.35, 0.3667, 0.3833, 0.4, 0.4167, 0.4333, 0.45, 0.4667, 0.4833, 0.5, 0.5167, 0.5333, 0.55, 0.5667],
            "transform": [
                [0.888221, -0.41554, -0.195932, -0.125006, -0.248892, -0.793716, 0.555038, -0.002831, -0.386154, -0.44423, -0.80842, -1.2e-05, 0.0, 0.0, 0.0, 1.0],
                [0.887371, -0.416819, -0.197064, -0.125006, -0.249072, -0.793066, 0.555886, -0.002831, -0.387988, -0.444194, -0.807562, -1.2e-05, 0.0, 0.0, 0.0, 1.0],
                [0.884775, -0.420696, -0.200467, -0.125006, -0.249612, -0.791082, 0.558465, -0.002831, -0.39353, -0.444077, -0.80494, -1.2e-05, 0.0, 0.0, 0.0, 1.0],
                [0.880351, -0.427203, -0.206106, -0.125006, -0.250489, -0.787721, 0.562806, -0.002831, -0.402786, -0.443839, -0.800481, -1.2e-05, 0.0, 0.0, 0.0, 1.0],
                [0.874007, -0.436316, -0.213867, -0.125006, -0.251649, -0.782953, 0.568909, -0.002831, -0.415672, -0.443411, -0.794105, -1.2e-05, 0.0, 0.0, 0.0, 1.0],
                [0.865663, -0.447943, -0.22355, -0.125006, -0.253007, -0.776768, 0.57673, -0.002831, -0.431988, -0.442694, -0.785753, -1.2e-05, 0.0, 0.0, 0.0, 1.0],
                [0.85527, -0.461902, -0.234858, -0.125006, -0.254451, -0.769193, 0.586172, -0.002831, -0.451405, -0.441576, -0.775399, -1.2e-05, 0.0, 0.0, 0.0, 1.0],
                [0.842846, -0.477916, -0.247398, -0.125006, -0.25585, -0.760295, 0.597069, -0.002831, -0.473444, -0.439941, -0.763087, -1.2e-05, 0.0, 0.0, 0.0, 1.0],
                [0.828502, -0.495603, -0.260695, -0.125006, -0.257075, -0.7502, 0.60919, -0.002831, -0.497489, -0.437697, -0.748949, -1.2e-05, 0.0, 0.0, 0.0, 1.0],
                [0.812466, -0.514492, -0.274221, -0.125006, -0.258009, -0.739088, 0.622237, -0.002831, -0.522809, -0.434795, -0.733228, -1.2e-05, 0.0, 0.0, 0.0, 1.0],
                [0.795096, -0.534046, -0.28743, -0.125006, -0.258573, -0.727198, 0.635863, -0.002831, -0.548599, -0.431251, -0.716283, -1.2e-05, 0.0, 0.0, 0.0, 1.0],
                [0.776871, -0.553701, -0.29981, -0.125006, -0.258736, -0.714809, 0.649695, -0.002831, -0.574044, -0.427157, -0.698577, -1.2e-05, 0.0, 0.0, 0.0, 1.0],
                [0.758355, -0.572907, -0.310925, -0.125006, -0.258526, -0.702225, 0.663358, -0.002831, -0.598381, -0.422679, -0.680648, -1.2e-05, 0.0, 0.0, 0.0, 1.0],
                [0.740157, -0.591173, -0.32044, -0.125006, -0.258024, -0.689749, 0.676513, -0.002831, -0.620958, -0.418045, -0.66306, -1.2e-05, 0.0, 0.0, 0.0, 1.0],
                [0.722876, -0.60809, -0.32814, -0.125006, -0.257354, -0.677664, 0.688868, -0.002831, -0.641262, -0.413518, -0.646362, -1.2e-05, 0.0, 0.0, 0.0, 1.0],
                [0.707054, -0.623354, -0.333922, -0.125006, -0.256665, -0.666216, 0.700199, -0.002831, -0.658936, -0.409373, -0.631044, -1.2e-05, 0.0, 0.0, 0.0, 1.0],
                [0.693144, -0.636758, -0.337773, -0.125006, -0.256112, -0.655601, 0.710347, -0.002831, -0.673763, -0.405865, -0.617507, -1.2e-05, 0.0, 0.0, 0.0, 1.0],
                [0.681493, -0.648181, -0.339747, -0.125006, -0.255841, -0.64597, 0.719213, -0.002831, -0.685646, -0.403218, -0.606056, -1.2e-05, 0.0, 0.0, 0.0, 1.0],
                [0.672339, -0.657573, -0.339937, -0.125006, -0.255979, -0.637425, 0.726748, -0.002831, -0.694574, -0.401604, -0.596891, -1.2e-05, 0.0, 0.0, 0.0, 1.0],
                [0.665817, -0.664934, -0.338452, -0.125006, -0.256623, -0.630033, 0.732941, -0.002831, -0.700593, -0.40115, -0.590124, -1.2e-05, 0.0, 0.0, 0.0, 1.0],
                [0.661977, -0.670293, -0.3354, -0.125006, -0.257843, -0.623827, 0.737805, -0.002831, -0.703777, -0.401929, -0.58579, -1.2e-05, 0.0, 0.0, 0.0, 1.0],
                [0.659623, -0.674486, -0.331612, -0.125006, -0.259311, -0.618349, 0.74189, -0.002831, -0.705446, -0.403377, -0.582779, -1.2e-05, 0.0, 0.0, 0.0, 1.0],
                [0.657583, -0.678292, -0.327878, -0.125006, -0.260661, -0.613169, 0.745707, -0.002831, -0.706852, -0.404899, -0.580014, -1.2e-05, 0.0, 0.0, 0.0, 1.0],
                [0.655885, -0.681673, -0.324247, -0.125006, -0.261884, -0.608352, 0.749215, -0.002831, -0.707976, -0.406484, -0.577529, -1.2e-05, 0.0, 0.0, 0.0, 1.0],
                [0.654549, -0.684592, -0.32078, -0.125006, -0.262968, -0.60397, 0.752374, -0.002831, -0.70881, -0.408111, -0.575354, -1.2e-05, 0.0, 0.0, 0.0, 1.0],
                [0.653578, -0.687025, -0.317539, -0.125006, -0.263907, -0.600086, 0.755149, -0.002831, -0.709357, -0.409748, -0.573515, -1.2e-05, 0.0, 0.0, 0.0, 1.0],
                [0.652958, -0.688969, -0.314591, -0.125006, -0.264695, -0.59675, 0.757512, -0.002831, -0.709634, -0.411353, -0.57202, -1.2e-05, 0.0, 0.0, 0.0, 1.0],
                [0.652649, -0.690442, -0.311991, -0.125006, -0.265334, -0.593989, 0.759457, -0.002831, -0.70968, -0.412877, -0.570865, -1.2e-05, 0.0, 0.0, 0.0, 1.0],
                [0.652593, -0.691489, -0.309781, -0.125006, -0.26583, -0.591796, 0.760993, -0.002831, -0.709546, -0.41427, -0.570021, -1.2e-05, 0.0, 0.0, 0.0, 1.0],
                [0.652717, -0.692177, -0.307978, -0.125006, -0.266197, -0.590136, 0.762154, -0.002831, -0.709294, -0.415488, -0.569448, -1.2e-05, 0.0, 0.0, 0.0, 1.0],
                [0.652944, -0.692584, -0.306578, -0.125006, -0.266454, -0.588946, 0.762983, -0.002831, -0.708988, -0.416497, -0.569091, -1.2e-05, 0.0, 0.0, 0.0, 1.0],
                [0.653203, -0.692791, -0.305559, -0.125006, -0.266621, -0.58815, 0.763539, -0.002831, -0.708687, -0.417278, -0.568895, -1.2e-05, 0.0, 0.0, 0.0, 1.0],
                [0.653436, -0.692869, -0.304882, -0.125006, -0.266719, -0.587668, 0.763876, -0.002831, -0.708435, -0.417826, -0.568806, -1.2e-05, 0.0, 0.0, 0.0, 1.0],
                [0.653597, -0.692882, -0.304507, -0.125006, -0.266767, -0.587425, 0.764046, -0.002831, -0.708269, -0.418146, -0.568778, -1.2e-05, 0.0, 0.0, 0.0, 1.0],
                [0.653656, -0.692878, -0.304391, -0.125006, -0.26678, -0.587357, 0.764094, -0.002831, -0.70821, -0.418249, -0.568775, -1.2e-05, 0.0, 0.0, 0.0, 1.0]
            ]
        },
        {
            "name": "Leg_L",
            "time": [0.0, 0.0167, 0.0333, 0.05, 0.0667, 0.0833, 0.1, 0.1167, 0.1333, 0.15, 0.1667, 0.1833, 0.2, 0.2167, 0.2333, 0.25, 0.2667, 0.2833, 0.3, 0.3167, 0.3333, 0.35, 0.3667, 0.3833, 0.4, 0.4167, 0.4333, 0.45, 0.4667, 0.4833, 0.5, 0.5167, 0.5333, 0.55, 0.5667],
            "transform": [
                [0.998688, 0.045679, 0.023131, 0.0, -0.049711, 0.756852, 0.651693, 0.37472, 0.012262, -0.651988, 0.75813, -0.0, 0.0, 0.0, 0.0, 1.0],
                [0.998688, 0.045446, 0.023585, -0.0, -0.049711, 0.750318, 0.659205, 0.37472, 0.012262, -0.659512, 0.751594, 0.0, 0.0, 0.0, 0.0, 1.0],
                [0.998689, 0.044716, 0.02494, 0.0, -0.049711, 0.730164, 0.681461, 0.37472, 0.012262, -0.681807, 0.73143, -0.0, 0.0, 0.0, 0.0, 1.0],
                [0.998689, 0.04344, 0.027103, 0.0, -0.049711, 0.695868, 0.716447, 0.37472, 0.012262, -0.716855, 0.697115, 0.0, 0.0, 0.0, 0.0, 1.0],
                [0.998688, 0.041605, 0.029843, -0.0, -0.049711, 0.64831, 0.759752, 0.37472, 0.012262, -0.760238, 0.649529, 0.0, 0.0, 0.0, 0.0, 1.0],
                [0.998688, 0.039313, 0.032804, 0.0, -0.049711, 0.591054, 0.805099, 0.37472, 0.012262, -0.805673, 0.592233, -0.0, 0.0, 0.0, 0.0, 1.0],
                [0.998688, 0.03681, 0.035589, 0.0, -0.049711, 0.530633, 0.846143, 0.37472, 0.012262, -0.846801, 0.531767, 0.0, 0.0, 0.0, 0.0, 1.0],
                [0.998688, 0.034443, 0.037885, -0.0, -0.049711, 0.475063, 0.878546, 0.37472, 0.012262, -0.879277, 0.476153, -0.0, 0.0, 0.0, 0.0, 1.0],
                [0.998688, 0.032543, 0.039529, 0.0, -0.049711, 0.4314, 0.90079, 0.37472, 0.012262, -0.901573, 0.432452, -0.0, 0.0, 0.0, 0.0, 1.0],
                [0.998688, 0.03134, 0.040489, -0.0, -0.049711, 0.404122, 0.913354, 0.37472, 0.012262, -0.914168, 0.40515, -0.0, 0.0, 0.0, 0.0, 1.0],
                [0.998689, 0.030935, 0.0408, 0.0, -0.049711, 0.394994, 0.917338, 0.37472, 0.012262, -0.918162, 0.396014, -0.0, 0.0, 0.0, 0.0, 1.0],
                [0.998688, 0.031398, 0.040444, -0.0, -0.049712, 0.405436, 0.912771, 0.37472, 0.012262, -0.913584, 0.406465, 0.0, 0.0, 0.0, 0.0, 1.0],
                [0.998688, 0.032772, 0.039339, 0.0, -0.049711, 0.436622, 0.898271, 0.37472, 0.012262, -0.899048, 0.437679, -0.0, 0.0, 0.0, 0.0, 1.0],
                [0.998688, 0.034932, 0.037434, 0.0, -0.049711, 0.486437, 0.872301, 0.37472, 0.012262, -0.873017, 0.487535, -0.0, 0.0, 0.0, 0.0, 1.0],
                [0.998688, 0.037602, 0.034751, -0.0, -0.049712, 0.549548, 0.833982, 0.37472, 0.012262, -0.834615, 0.550697, 0.0, 0.0, 0.0, 0.0, 1.0],
                [0.998688, 0.040386, 0.031473, 0.0, -0.049711, 0.617604, 0.784916, 0.37472, 0.012262, -0.785451, 0.618802, -0.0, 0.0, 0.0, 0.0, 1.0],
                [0.998688, 0.042885, 0.027972, -0.0, -0.049711, 0.6813, 0.730315, 0.37472, 0.012262, -0.730747, 0.682538, 0.0, 0.0, 0.0, 0.0, 1.0],
                [0.998688, 0.044834, 0.024728, -0.0, -0.049712, 0.733383, 0.677996, 0.37472, 0.012262, -0.678335, 0.73465, -0.0, 0.0, 0.0, 0.0, 1.0],
                [0.998689, 0.046153, 0.022169, -0.0, -0.049711, 0.770336, 0.635698, 0.37472, 0.012262, -0.635965, 0.77162, 0.0, 0.0, 0.0, 0.0, 1.0],
                [0.998688, 0.046889, 0.020567, -0.0, -0.049711, 0.791761, 0.608805, 0.37472, 0.012262, -0.609028, 0.793054, 0.0, 0.0, 0.0, 0.0, 1.0],
                [0.998689, 0.047121, 0.020031, -0.0, -0.049711, 0.798654, 0.599733, 0.37472, 0.012262, -0.599942, 0.79995, 0.0, 0.0, 0.0, 0.0, 1.0],
                [0.998689, 0.047104, 0.02007, 0.0, -0.049711, 0.798161, 0.60039, 0.37472, 0.012262, -0.600599, 0.799456, -0.0, 0.0, 0.0, 0.0, 1.0],
                [0.998688, 0.047054, 0.020187, -0.0, -0.049711, 0.796667, 0.60237, 0.37472, 0.012262, -0.602583, 0.797962, -0.0, 0.0, 0.0, 0.0, 1.0],
                [0.998688, 0.04697, 0.02038, 0.0, -0.049711, 0.794176, 0.605651, 0.37472, 0.012262, -0.605869, 0.79547, 0.0, 0.0, 0.0, 0.0, 1.0],
                [0.998688, 0.046854, 0.020646, 0.0, -0.049711, 0.790737, 0.610134, 0.37472, 0.012262, -0.610359, 0.79203, -0.0, 0.0, 0.0, 0.0, 1.0],
                [0.998689, 0.046709, 0.020972, 0.0, -0.049711, 0.786467, 0.615628, 0.37472, 0.012262, -0.615863, 0.787758, -0.0, 0.0, 0.0, 0.0, 1.0],
                [0.998688, 0.046541, 0.021342, 0.0, -0.049711, 0.781556, 0.621851, 0.37472, 0.012262, -0.622096, 0.782845, 0.0, 0.0, 0.0, 0.0, 1.0],
                [0.998688, 0.046359, 0.021735, 0.0, -0.049711, 0.776272, 0.628435, 0.37472, 0.012262, -0.628691, 0.777559, 0.0, 0.0, 0.0, 0.0, 1.0],
                [0.998689, 0.046174, 0.022126, 0.0, -0.049711, 0.770932, 0.634975, 0.37472, 0.012262, -0.635241, 0.772217, 0.0, 0.0, 0.0, 0.0, 1.0],
                [0.998688, 0.045997, 0.022491, 0.0, -0.049711, 0.765868, 0.641073, 0.37472, 0.012262, -0.64135, 0.767151, -0.0, 0.0, 0.0, 0.0, 1.0],
                [0.998688, 0.045839, 0.022811, -0.0, -0.049711, 0.761383, 0.646394, 0.37472, 0.012262, -0.64668, 0.762663, 0.0, 0.0, 0.0, 0.0, 1.0],
                [0.998688, 0.045709, 0.02307, 0.0, -0.049712, 0.757714, 0.65069, 0.37472, 0.012262, -0.650983, 0.758993, -0.0, 0.0, 0.0, 0.0, 1.0],
                [0.998688, 0.045614, 0.023259, 0.0, -0.049711, 0.755024, 0.65381, 0.37472, 0.012262, -0.654108, 0.756302, -0.0, 0.0, 0.0, 0.0, 1.0],
                [0.998688, 0.045556, 0.023372, 0.0, -0.049711, 0.753398, 0.655683, 0.37472, 0.012262, -0.655985, 0.754675, -0.0, 0.0, 0.0, 0.0, 1.0],
                [0.998688, 0.045537, 0.023409, 0.0, -0.049711, 0.752858, 0.656302, 0.37472, 0.012262, -0.656605, 0.754135, 0.0, 0.0, 0.0, 0.0, 1.0]
            ]
        },
        {
            "name": "Knee_L",
            "time": [0.0, 0.0167, 0.0333, 0.05, 0.0667, 0.0833, 0.1, 0.1167, 0.1333, 0.15, 0.1667, 0.1833, 0.2, 0.2167, 0.2333, 0.25, 0.2667, 0.2833, 0.3, 0.3167, 0.3333, 0.35, 0.3667, 0.3833, 0.4, 0.4167, 0.4333, 0.45, 0.4667, 0.4833, 0.5, 0.5167, 0.5333, 0.55, 0.5667],
            "transform": [
                [0.99986, -0.016129, 0.004365, 0.0, -0.004365, -0.504269, -0.863536, 0.459884, 0.016129, 0.863396, -0.504269, -0.004006, 0.0, 0.0, 0.0, 1.0],
                [0.99986, -0.016129, 0.004365, 0.0, -0.004365, -0.504269, -0.863535, 0.459884, 0.016129, 0.863396, -0.504269, -0.004006, 0.0, 0.0, 0.0, 1.0],
                [0.999861, -0.016129, 0.004365, 0.0, -0.004365, -0.504269, -0.863536, 0.459884, 0.016129, 0.863396, -0.504269, -0.004006, 0.0, 0.0, 0.0, 1.0],
                [0.99986, -0.016129, 0.004365, 0.0, -0.004365, -0.504269, -0.863536, 0.459884, 0.016129, 0.863396, -0.504269, -0.004006, 0.0, 0.0, 0.0, 1.0],
                [0.99986, -0.016129, 0.004365, 0.0, -0.004365, -0.504269, -0.863535, 0.459884, 0.016129, 0.863396, -0.504269, -0.004006, 0.0, 0.0, 0.0, 1.0],
                [0.99986, -0.016129, 0.004365, 0.0, -0.004365, -0.504269, -0.863535, 0.459884, 0.016129, 0.863396, -0.504269, -0.004006, 0.0, 0.0, 0.0, 1.0],
                [0.99986, -0.016129, 0.004365, 0.0, -0.004365, -0.504269, -0.863535, 0.459884, 0.016129, 0.863396, -0.504269, -0.004006, 0.0, 0.0, 0.0, 1.0],
                [0.99986, -0.016129, 0.004365, 0.0, -0.004365, -0.504269, -0.863536, 0.459884, 0.016129, 0.863396, -0.504269, -0.004006, 0.0, 0.0, 0.0, 1.0],
                [0.99986, -0.016129, 0.004365, 0.0, -0.004365, -0.504269, -0.863535, 0.459884, 0.016129, 0.863396, -0.504269, -0.004006, 0.0, 0.0, 0.0, 1.0],
                [0.99986, -0.016129, 0.004365, 0.0, -0.004365, -0.504269, -0.863536, 0.459884, 0.016129, 0.863396, -0.504269, -0.004006, 0.0, 0.0, 0.0, 1.0],
                [0.99986, -0.016129, 0.004365, 0.0, -0.004365, -0.504269, -0.863536, 0.459884, 0.016129, 0.863396, -0.504269, -0.004006, 0.0, 0.0, 0.0, 1.0],
                [0.99986, -0.016129, 0.004365, 0.0, -0.004365, -0.504269, -0.863535, 0.459884, 0.016129, 0.863396, -0.504269, -0.004005, 0.0, 0.0, 0.0, 1.0],
                [0.99986, -0.016129, 0.004365, 0.0, -0.004365, -0.504269, -0.863535, 0.459884, 0.016129, 0.863396, -0.504269, -0.004006, 0.0, 0.0, 0.0, 1.0],
                [0.99986, -0.016129, 0.004365, 0.0, -0.004365, -0.504269, -0.863535, 0.459884, 0.016129, 0.863396, -0.504269, -0.004006, 0.0, 0.0, 0.0, 1.0],
                [0.99986, -0.016129, 0.004365, -0.0, -0.004365, -0.504269, -0.863535, 0.459884, 0.016129, 0.863396, -0.504269, -0.004006, 0.0, 0.0, 0.0, 1.0],
                [0.99986, -0.016129, 0.004365, 0.0, -0.004365, -0.504269, -0.863535, 0.459884, 0.016129, 0.863396, -0.504269, -0.004006, 0.0, 0.0, 0.0, 1.0],
                [0.99986, -0.016129, 0.004365, 0.0, -0.004365, -0.504269, -0.863536, 0.459884, 0.016129, 0.863396, -0.504269, -0.004006, 0.0, 0.0, 0.0, 1.0],
                [0.99986, -0.016129, 0.004365, -0.0, -0.004365, -0.504269, -0.863536, 0.459884, 0.016129, 0.863396, -0.504269, -0.004006, 0.0, 0.0, 0.0, 1.0],
                [0.999861, -0.016129, 0.004365, -0.0, -0.004365, -0.504269, -0.863535, 0.459884, 0.016129, 0.863396, -0.504269, -0.004005, 0.0, 0.0, 0.0, 1.0],
                [0.99986, -0.016129, 0.004365, 0.0, -0.004365, -0.504269, -0.863535, 0.459884, 0.016129, 0.863396, -0.504269, -0.004006, 0.0, 0.0, 0.0, 1.0],
                [0.99986, -0.016129, 0.004365, 0.0, -0.004365, -0.504269, -0.863535, 0.459884, 0.016129, 0.863396, -0.504269, -0.004006, 0.0, 0.0, 0.0, 1.0],
                [0.99986, -0.016129, 0.004365, 0.0, -0.004365, -0.504269, -0.863535, 0.459884, 0.016129, 0.863396, -0.504269, -0.004006, 0.0, 0.0, 0.0, 1.0],
                [0.99986, -0.016129, 0.004365, 0.0, -0.004365, -0.504269, -0.863535, 0.459884, 0.016129, 0.863396, -0.504269, -0.004006, 0.0, 0.0, 0.0, 1.0],
                [0.99986, -0.016129, 0.004365, 0.0, -0.004365, -0.504269, -0.863535, 0.459884, 0.016129, 0.863396, -0.504269, -0.004005, 0.0, 0.0, 0.0, 1.0],
                [0.99986, -0.016129, 0.004365, 0.0, -0.004365, -0.504269, -0.863535, 0.459884, 0.016129, 0.863396, -0.504269, -0.004006, 0.0, 0.0, 0.0, 1.0],
                [0.99986, -0.016129, 0.004365, 0.0, -0.004365, -0.504269, -0.863535, 0.459884, 0.016129, 0.863396, -0.504269, -0.004006, 0.0, 0.0, 0.0, 1.0],
                [0.99986, -0.016129, 0.004365, 0.0, -0.004365, -0.504269, -0.863535, 0.459884, 0.016129, 0.863396, -0.504269, -0.004005, 0.0, 0.0, 0.0, 1.0],
                [0.99986, -0.016129, 0.004365, 0.0, -0.004365, -0.504269, -0.863535, 0.459884, 0.016129, 0.863396, -0.504269, -0.004005, 0.0, 0.0, 0.0, 1.0],
