{
    "animation": [
        {
            "name": "Root",
            "time": [0.0, 0.1167, 0.2333],
            "transform": [
                [1.0, 0.0, 0.0, -5e-06, 0.0, 0.0, -1.0, 0.000946, 0.0, 1.0, 0.0, 0.763972, 0.0, 0.0, 0.0, 1.0],
                [1.0, 0.0, 0.0, -5e-06, 0.0, 0.0, -1.0, 0.000946, 0.0, 1.0, 0.0, 0.763972, 0.0, 0.0, 0.0, 1.0],
                [1.0, 0.0, 0.0, -5e-06, 0.0, 0.0, -1.0, 0.000946, 0.0, 1.0, 0.0, 0.763972, 0.0, 0.0, 0.0, 1.0]
            ]
        },
        {
            "name": "Thigh_R",
            "time": [0.0, 0.1167, 0.2333],
            "transform": [
                [0.995924, 0.090186, -0.0, 0.124994, 0.090187, -0.995923, 0.0, -0.002831, 0.0, -0.0, -1.0, -1.2e-05, 0.0, 0.0, 0.0, 1.0],
                [0.995924, 0.090186, -0.0, 0.124994, 0.090187, -0.995923, 0.0, -0.002831, 0.0, -0.0, -1.0, -1.2e-05, 0.0, 0.0, 0.0, 1.0],
                [0.995924, 0.090186, -0.0, 0.124994, 0.090187, -0.995923, 0.0, -0.002831, 0.0, -0.0, -1.0, -1.2e-05, 0.0, 0.0, 0.0, 1.0]
            ]
        },
        {
            "name": "Leg_R",
            "time": [0.0, 0.1167, 0.2333],
            "transform": [
                [1.0, -0.0, 1e-06, -0.0, 0.0, 1.000001, -0.0, 0.374726, -1e-06, 0.0, 0.999999, 0.0, 0.0, 0.0, 0.0, 1.0],
                [1.0, -0.0, 1e-06, -0.0, 0.0, 1.000001, -0.0, 0.374726, -1e-06, 0.0, 0.999999, 0.0, 0.0, 0.0, 0.0, 1.0],
                [1.0, -0.0, 1e-06, -0.0, 0.0, 1.000001, -0.0, 0.374726, -1e-06, 0.0, 0.999999, 0.0, 0.0, 0.0, 0.0, 1.0]
            ]
        },
        {
            "name": "Knee_R",
            "time": [0.0, 0.1167, 0.2333],
            "transform": [
                [1.0, 0.0, -0.0, -0.0, -0.0, 1e-06, -1.0, 0.486932, -0.0, 1.0, 1e-06, -0.001311, 0.0, 0.0, 0.0, 1.0],
                [1.0, 0.0, -0.0, -0.0, -0.0, 1e-06, -1.0, 0.486932, -0.0, 1.0, 1e-06, -0.001311, 0.0, 0.0, 0.0, 1.0],
                [1.0, 0.0, -0.0, -0.0, -0.0, 1e-06, -1.0, 0.486932, -0.0, 1.0, 1e-06, -0.001311, 0.0, 0.0, 0.0, 1.0]
            ]
        },
        {
            "name": "Thigh_L",
            "time": [0.0, 0.1167, 0.2333],
            "transform": [
                [0.997195, -0.074839, 0.0, -0.125006, -0.074838, -0.997196, 0.0, -0.002831, -0.0, -0.0, -1.0, -1.2e-05, 0.0, 0.0, 0.0, 1.0],
                [0.997195, -0.074839, 0.0, -0.125006, -0.074838, -0.997196, 0.0, -0.002831, -0.0, -0.0, -1.0, -1.2e-05, 0.0, 0.0, 0.0, 1.0],
                [0.997195, -0.074839, 0.0, -0.125006, -0.074838, -0.997196, 0.0, -0.002831, -0.0, -0.0, -1.0, -1.2e-05, 0.0, 0.0, 0.0, 1.0]
            ]
        },
        {
            "name": "Leg_L",
            "time": [0.0, 0.1167, 0.2333],
            "transform": [
                [1.0, -0.0, 1e-06, -0.0, 0.0, 1.0, -0.0, 0.374726, -1e-06, 0.0, 1.0, -0.0, 0.0, 0.0, 0.0, 1.0],
                [1.0, -0.0, 1e-06, -0.0, 0.0, 1.0, -0.0, 0.374726, -1e-06, 0.0, 1.0, -0.0, 0.0, 0.0, 0.0, 1.0],
                [1.0, -0.0, 1e-06, -0.0, 0.0, 1.0, -0.0, 0.374726, -1e-06, 0.0, 1.0, -0.0, 0.0, 0.0, 0.0, 1.0]
            ]
        },
        {
            "name": "Knee_L",
            "time": [0.0, 0.1167, 0.2333],
            "transform": [
                [1.0, -0.0, -0.0, -0.0, 0.0, 1e-06, -1.0, 0.459884, 0.0, 1.0, 1e-06, -0.004006, 0.0, 0.0, 0.0, 1.0],
                [1.0, -0.0, -0.0, -0.0, 0.0, 1e-06, -1.0, 0.459884, 0.0, 1.0, 1e-06, -0.004006, 0.0, 0.0, 0.0, 1.0],
                [1.0, -0.0, -0.0, -0.0, 0.0, 1e-06, -1.0, 0.459884, 0.0, 1.0, 1e-06, -0.004006, 0.0, 0.0, 0.0, 1.0]
            ]
        },
        {
            "name": "Torso",
            "time": [0.0, 0.1167, 0.2333],
            "transform": [
                [1.0, 0.0, 0.0, 0.0, 0.0, 1.0, 0.0, 0.05, 0.0, 0.0, 1.0, 0.0, 0.0, 0.0, 0.0, 1.0],
                [1.0, 0.0, 0.0, 0.0, 0.0, 1.0, 0.0, 0.05, 0.0, 0.0, 1.0, 0.0, 0.0, 0.0, 0.0, 1.0],
                [1.0, 0.0, 0.0, 0.0, 0.0, 1.0, 0.0, 0.05, 0.0, 0.0, 1.0, 0.0, 0.0, 0.0, 0.0, 1.0]
            ]
        },
        {
            "name": "Chest",
            "time": [0.0, 0.1167, 0.2333],
            "transform": [
                [1.0, 0.0, 0.0, 0.0, 0.0, 1.0, 0.0, 0.3, 0.0, 0.0, 1.0, 0.0, 0.0, 0.0, 0.0, 1.0],
                [1.0, 0.0, 0.0, 0.0, 0.0, 1.0, 0.0, 0.3, 0.0, 0.0, 1.0, 0.0, 0.0, 0.0, 0.0, 1.0],
                [1.0, 0.0, 0.0, 0.0, 0.0, 1.0, 0.0, 0.3, 0.0, 0.0, 1.0, 0.0, 0.0, 0.0, 0.0, 1.0]
            ]
        },
        {
            "name": "Head",
            "time": [0.0, 0.1167, 0.2333],
            "transform": [
                [1.0, 0.0, 0.0, 0.0, 0.0, 1.0, 0.0, 0.4, 0.0, 0.0, 1.0, 0.0, 0.0, 0.0, 0.0, 1.0],
                [1.0, 0.0, 0.0, 0.0, 0.0, 1.0, 0.0, 0.4, 0.0, 0.0, 1.0, 0.0, 0.0, 0.0, 0.0, 1.0],
                [1.0, 0.0, 0.0, 0.0, 0.0, 1.0, 0.0, 0.4, 0.0, 0.0, 1.0, 0.0, 0.0, 0.0, 0.0, 1.0]
            ]
        },
        {
            "name": "Shoulder_R",
            "time": [0.0, 0.1167, 0.2333],
            "transform": [
                [0.009474, 0.942436, 0.334252, 0.0, -0.007015, -0.334196, 0.942477, 0.4, 0.99993, -0.011273, 0.003445, 0.0, 0.0, 0.0, 0.0, 1.0],
                [0.009474, 0.942436, 0.334252, 0.0, -0.007015, -0.334196, 0.942477, 0.4, 0.99993, -0.011273, 0.003445, 0.0, 0.0, 0.0, 0.0, 1.0],
                [0.009474, 0.942436, 0.334252, 0.0, -0.007015, -0.334196, 0.942477, 0.4, 0.99993, -0.011273, 0.003445, 0.0, 0.0, 0.0, 0.0, 1.0]
            ]
        },
        {
            "name": "Arm_R",
            "time": [0.0, 0.1167, 0.2333],
            "transform": [
                [-0.378873, -0.866541, -0.324903, -0.0, 0.711245, -0.048026, -0.701301, 0.39386, 0.592103, -0.49679, 0.634519, 0.0, 0.0, 0.0, 0.0, 1.0],
                [-0.508148, -0.702875, -0.497747, -0.0, 0.73777, -0.057041, -0.672638, 0.39386, 0.444389, -0.709023, 0.547545, 0.0, 0.0, 0.0, 0.0, 1.0],
                [-0.378873, -0.866541, -0.324903, -0.0, 0.711245, -0.048026, -0.701301, 0.39386, 0.592103, -0.49679, 0.634519, 0.0, 0.0, 0.0, 0.0, 1.0]
            ]
        },
        {
            "name": "Hand_R",
            "time": [0.0, 0.1167, 0.2333],
            "transform": [
                [1.0, 0.0, 0.0, 0.0, 0.0, 0.844492, -0.535569, 0.300003, 0.0, 0.535569, 0.844492, 0.0, 0.0, 0.0, 0.0, 1.0],
                [0.952793, -0.275037, 0.128608, 0.0, 0.292494, 0.717852, -0.631772, 0.300003, 0.081439, 0.639565, 0.764411, -0.0, 0.0, 0.0, 0.0, 1.0],
                [1.0, 0.0, 0.0, 0.0, 0.0, 0.844492, -0.535569, 0.300003, 0.0, 0.535569, 0.844492, 0.0, 0.0, 0.0, 0.0, 1.0]
            ]
        },
        {
            "name": "Tool_R",
            "time": [0.0, 0.2333],
            "transform": [
                [0.0, 0.0, 0.0, -0.0, 0.0, 0.0, 0.0, 0.272858, 0.0, 0.0, 0.0, 0.0, 0.0, 0.0, 0.0, 1.0],
                [0.0, 0.0, 0.0, -0.0, 0.0, 0.0, 0.0, 0.272858, 0.0, 0.0, 0.0, 0.0, 0.0, 0.0, 0.0, 1.0]
            ]
        },
        {
            "name": "Elbow_R",
            "time": [0.0, 0.1167, 0.2333],
            "transform": [
                [-1.0, -0.0, 0.0, -4.9e-05, 0.0, -0.0, -1.0, 0.370249, -0.0, -1.0, -0.0, 0.000652, 0.0, 0.0, 0.0, 1.0],
                [-1.0, 0.0, 0.0, -4.9e-05, 0.0, -0.0, -1.0, 0.370249, -0.0, -1.0, -0.0, 0.000652, 0.0, 0.0, 0.0, 1.0],
                [-1.0, -0.0, 0.0, -4.9e-05, 0.0, -0.0, -1.0, 0.370249, -0.0, -1.0, -0.0, 0.000652, 0.0, 0.0, 0.0, 1.0]
            ]
        },
        {
            "name": "Shoulder_L",
            "time": [0.0, 0.1167, 0.2333],
            "transform": [
                [-0.0, -0.952114, -0.305743, 0.0, -0.0, -0.305743, 0.952114, 0.4, -1.0, -0.0, 0.0, 0.0, 0.0, 0.0, 0.0, 1.0],
                [-0.0, -0.952114, -0.305743, 0.0, -0.0, -0.305743, 0.952114, 0.4, -1.0, -0.0, 0.0, 0.0, 0.0, 0.0, 0.0, 1.0],
                [-0.0, -0.952114, -0.305743, 0.0, -0.0, -0.305743, 0.952114, 0.4, -1.0, -0.0, 0.0, 0.0, 0.0, 0.0, 0.0, 1.0]
            ]
        },
        {
            "name": "Arm_L",
            "time": [0.0, 0.1167, 0.2333],
            "transform": [
                [-0.291953, 0.742475, 0.602905, 0.0, -0.928175, -0.067849, -0.365907, 0.39386, -0.23077, -0.666429, 0.708955, 0.0, 0.0, 0.0, 0.0, 1.0],
                [-0.402287, 0.666344, 0.627815, 0.0, -0.895452, -0.14361, -0.421358, 0.39386, -0.190608, -0.731685, 0.654451, 0.0, 0.0, 0.0, 0.0, 1.0],
                [-0.291953, 0.742475, 0.602905, 0.0, -0.928175, -0.067849, -0.365907, 0.39386, -0.23077, -0.666429, 0.708955, 0.0, 0.0, 0.0, 0.0, 1.0]
            ]
        },
        {
            "name": "Hand_L",
            "time": [0.0, 0.1167, 0.2333],
            "transform": [
                [1.0, 0.0, 0.0, 0.0, 0.0, 0.824673, -0.56561, 0.300003, 0.0, 0.565609, 0.824674, -0.0, 0.0, 0.0, 0.0, 1.0],
                [0.902981, 0.429669, -0.003241, 0.0, -0.329404, 0.687384, -0.6473, 0.300003, -0.275897, 0.585566, 0.762229, -0.0, 0.0, 0.0, 0.0, 1.0],
                [1.0, 0.0, 0.0, 0.0, 0.0, 0.824673, -0.56561, 0.300003, 0.0, 0.565609, 0.824674, -0.0, 0.0, 0.0, 0.0, 1.0]
            ]
        },
        {
            "name": "Tool_L",
            "time": [0.0, 0.2333],
            "transform": [
                [0.0, 0.0, 0.0, 0.0, 0.0, 0.0, 0.0, 0.272858, 0.0, 0.0, 0.0, -0.0, 0.0, 0.0, 0.0, 1.0],
                [0.0, 0.0, 0.0, 0.0, 0.0, 0.0, 0.0, 0.272858, 0.0, 0.0, 0.0, -0.0, 0.0, 0.0, 0.0, 1.0]
            ]
        },
        {
            "name": "Elbow_L",
            "time": [0.0, 0.1167, 0.2333],
            "transform": [
                [-1.0, -0.0, -0.0, -0.000104, -0.0, 0.0, -1.0, 0.367344, -0.0, -1.0, 0.0, 7.1e-05, 0.0, 0.0, 0.0, 1.0],
                [-1.0, -0.0, -0.0, -0.000104, 0.0, 0.0, -1.0, 0.367344, 0.0, -1.0, 0.0, 7.1e-05, 0.0, 0.0, 0.0, 1.0],
                [-1.0, -0.0, -0.0, -0.000104, -0.0, 0.0, -1.0, 0.367344, -0.0, -1.0, 0.0, 7.1e-05, 0.0, 0.0, 0.0, 1.0]
            ]
        }
    ]
}