{
    "animation": [
        {
            "name": "Root",
            "time": [0.0, 0.1833, 0.3833],
            "transform": [
                [1.0, 0.0, 0.0, -5e-06, 0.0, 0.0, -1.0, 0.000946, 0.0, 1.0, 0.0, 0.763972, 0.0, 0.0, 0.0, 1.0],
                [1.0, 0.0, 0.0, 0.00614, 0.0, 0.0, -1.0, 0.04663, 0.0, 1.0, 0.0, 0.995654, 0.0, 0.0, 0.0, 1.0],
                [1.0, 0.0, 0.0, -5e-06, 0.0, 0.0, -1.0, 0.000946, 0.0, 1.0, 0.0, 0.763972, 0.0, 0.0, 0.0, 1.0]
            ]
        },
        {
            "name": "Thigh_R",
            "time": [0.0, 0.1833, 0.3833],
            "transform": [
                [0.996734, 0.080365, -0.007844, 0.124994, 0.0804, -0.978751, 0.188622, -0.002831, 0.007481, -0.188636, -0.982019, -1.2e-05, 0.0, 0.0, 0.0, 1.0],
                [0.999805, 0.01968, 0.001211, 0.124994, 0.019628, -0.999236, 0.033729, -0.002831, 0.001874, -0.033698, -0.999431, -1.2e-05, 0.0, 0.0, 0.0, 1.0],
                [0.996734, 0.080365, -0.007844, 0.124994, 0.0804, -0.978751, 0.188622, -0.002831, 0.007481, -0.188636, -0.982019, -1.2e-05, 0.0, 0.0, 0.0, 1.0]
            ]
        },
        {
            "name": "Leg_R",
            "time": [0.0, 0.1833, 0.3833],
            "transform": [
                [0.999999, 0.000304, -0.001372, -0.0, 4.9e-05, 0.968241, 0.25002, 0.374726, 0.001404, -0.25002, 0.968239, 0.0, 0.0, 0.0, 0.0, 1.0],
                [0.999845, 0.01731, 0.003173, -0.0, -0.01748, 0.997726, 0.065099, 0.374726, -0.002039, -0.065144, 0.997873, 0.0, 0.0, 0.0, 0.0, 1.0],
                [0.999999, 0.000304, -0.001372, -0.0, 4.9e-05, 0.968241, 0.25002, 0.374726, 0.001404, -0.25002, 0.968239, 0.0, 0.0, 0.0, 0.0, 1.0]
            ]
        },
        {
            "name": "Knee_R",
            "time": [0.0, 0.1833, 0.3833],
            "transform": [
                [0.999928, 0.011432, -0.003544, -0.0, 0.003543, -0.565541, -0.824712, 0.486932, -0.011432, 0.824641, -0.565541, -0.001311, 0.0, 0.0, 0.0, 1.0],
                [0.999928, 0.011432, -0.003544, 0.0, 0.003543, -0.565541, -0.824712, 0.486932, -0.011432, 0.824641, -0.565541, -0.001311, 0.0, 0.0, 0.0, 1.0],
                [0.999928, 0.011432, -0.003544, -0.0, 0.003543, -0.565541, -0.824712, 0.486932, -0.011432, 0.824641, -0.565541, -0.001311, 0.0, 0.0, 0.0, 1.0]
            ]
        },
        {
            "name": "Thigh_L",
            "time": [0.0, 0.1833, 0.3833],
            "transform": [
                [0.971701, -0.165923, -0.168123, -0.125006, -0.136058, -0.974972, 0.175836, -0.002831, -0.193091, -0.147985, -0.969957, -1.2e-05, 0.0, 0.0, 0.0, 1.0],
                [0.991496, -0.01397, -0.129383, -0.125006, -0.013719, -0.999902, 0.002828, -0.002831, -0.129409, -0.001029, -0.99159, -1.2e-05, 0.0, 0.0, 0.0, 1.0],
                [0.971701, -0.165923, -0.168123, -0.125006, -0.136058, -0.974972, 0.175836, -0.002831, -0.193091, -0.147985, -0.969957, -1.2e-05, 0.0, 0.0, 0.0, 1.0]
            ]
        },
        {
            "name": "Leg_L",
            "time": [0.0, 0.1833, 0.3833],
            "transform": [
                [0.999043, 0.043637, -0.003157, 0.0, -0.04122, 0.96297, 0.266437, 0.374726, 0.014666, -0.266052, 0.963847, 0.0, 0.0, 0.0, 0.0, 1.0],
                [0.999043, 0.041558, -0.013678, 0.0, -0.04122, 0.998858, 0.024154, 0.374726, 0.014666, -0.023567, 0.999615, -0.0, 0.0, 0.0, 0.0, 1.0],
                [0.999043, 0.043637, -0.003157, 0.0, -0.04122, 0.96297, 0.266437, 0.374726, 0.014666, -0.266052, 0.963847, 0.0, 0.0, 0.0, 0.0, 1.0]
            ]
        },
        {
            "name": "Knee_L",
            "time": [0.0, 0.1833, 0.3833],
            "transform": [
                [0.99986, -0.016129, 0.004365, 0.0, -0.004365, -0.504269, -0.863535, 0.459884, 0.016129, 0.863396, -0.504269, -0.004006, 0.0, 0.0, 0.0, 1.0],
                [0.99986, -0.016129, 0.004365, -0.0, -0.004365, -0.504269, -0.863536, 0.459884, 0.016129, 0.863396, -0.504269, -0.004006, 0.0, 0.0, 0.0, 1.0],
                [0.99986, -0.016129, 0.004365, 0.0, -0.004365, -0.504269, -0.863535, 0.459884, 0.016129, 0.863396, -0.504269, -0.004006, 0.0, 0.0, 0.0, 1.0]
            ]
        },
        {
            "name": "Torso",
            "time": [0.0, 0.1833, 0.3833],
            "transform": [
                [1.0, 0.0, 0.0, 0.0, 0.0, 1.0, 0.0, 0.05, 0.0, 0.0, 1.0, 0.0, 0.0, 0.0, 0.0, 1.0],
                [1.0, 0.0, 0.0, 0.0, 0.0, 1.0, 0.0, 0.05, 0.0, 0.0, 1.0, 0.0, 0.0, 0.0, 0.0, 1.0],
                [1.0, 0.0, 0.0, 0.0, 0.0, 1.0, 0.0, 0.05, 0.0, 0.0, 1.0, 0.0, 0.0, 0.0, 0.0, 1.0]
            ]
        },
        {
            "name": "Chest",
            "time": [0.0, 0.1833, 0.3833],
            "transform": [
                [1.0, 0.0, 0.0, 0.0, 0.0, 0.999378, 0.035259, 0.3, 0.0, -0.035259, 0.999378, 0.0, 0.0, 0.0, 0.0, 1.0],
                [1.0, 0.0, 0.0, 0.0, 0.0, 0.99991, -0.013413, 0.3, 0.0, 0.013413, 0.99991, 0.0, 0.0, 0.0, 0.0, 1.0],
                [1.0, 0.0, 0.0, 0.0, 0.0, 0.999378, 0.035259, 0.3, 0.0, -0.035259, 0.999378, 0.0, 0.0, 0.0, 0.0, 1.0]
            ]
        },
        {
            "name": "Head",
            "time": [0.0, 0.1833, 0.3833],
            "transform": [
                [1.0, 0.0, 0.0, 0.0, 0.0, 0.999021, -0.044234, 0.4, 0.0, 0.044234, 0.999021, -0.0, 0.0, 0.0, 0.0, 1.0],
                [1.0, 0.0, 0.0, 0.0, 0.0, 0.992239, -0.124349, 0.4, 0.0, 0.124349, 0.992239, 0.0, 0.0, 0.0, 0.0, 1.0],
                [1.0, 0.0, 0.0, 0.0, 0.0, 0.999021, -0.044234, 0.4, 0.0, 0.044234, 0.999021, -0.0, 0.0, 0.0, 0.0, 1.0]
            ]
        },
        {
            "name": "Shoulder_R",
            "time": [0.0, 0.1833, 0.3833],
            "transform": [
                [0.0, 0.952114, 0.305743, 0.0, -0.0, -0.305743, 0.952114, 0.4, 1.0, 0.0, 0.0, -0.0, 0.0, 0.0, 0.0, 1.0],
                [0.0, 0.997285, -0.07364, 0.0, -0.0, 0.07364, 0.997285, 0.4, 1.0, 0.0, -0.0, 0.0, 0.0, 0.0, 0.0, 1.0],
                [0.0, 0.952114, 0.305743, 0.0, -0.0, -0.305743, 0.952114, 0.4, 1.0, 0.0, 0.0, -0.0, 0.0, 0.0, 0.0, 1.0]
            ]
        },
        {
            "name": "Arm_R",
            "time": [0.0, 0.1833, 0.3833],
            "transform": [
                [0.607939, -0.751998, 0.254773, 0.0, 0.736429, 0.414111, -0.534962, 0.39386, 0.296786, 0.512846, 0.805548, 0.0, 0.0, 0.0, 0.0, 1.0],
                [0.757889, -0.47028, 0.452152, 0.0, 0.619298, 0.300715, -0.725286, 0.39386, 0.205119, 0.829703, 0.519153, 0.0, 0.0, 0.0, 0.0, 1.0],
                [0.607939, -0.751998, 0.254773, 0.0, 0.736429, 0.414111, -0.534962, 0.39386, 0.296786, 0.512846, 0.805548, 0.0, 0.0, 0.0, 0.0, 1.0]
            ]
        },
        {
            "name": "Hand_R",
            "time": [0.0, 0.1833, 0.3833],
            "transform": [
                [1.0, 0.0, 0.0, -0.0, -0.0, 0.844492, -0.535569, 0.300003, -0.0, 0.535569, 0.844492, 0.0, 0.0, 0.0, 0.0, 1.0],
                [1.0, 0.0, 0.0, -0.0, -0.0, 0.999725, -0.023478, 0.300002, 0.0, 0.023478, 0.999724, 0.0, 0.0, 0.0, 0.0, 1.0],
                [1.0, 0.0, 0.0, -0.0, -0.0, 0.844492, -0.535569, 0.300003, -0.0, 0.535569, 0.844492, 0.0, 0.0, 0.0, 0.0, 1.0]
            ]
        },
        {
            "name": "Tool_R",
            "time": [0.0, 0.3833],
            "transform": [
                [0.0, 0.0, 0.0, -0.0, 0.0, 0.0, 0.0, 0.272858, 0.0, 0.0, 0.0, -0.0, 0.0, 0.0, 0.0, 1.0],
                [0.0, 0.0, 0.0, -0.0, 0.0, 0.0, 0.0, 0.272858, 0.0, 0.0, 0.0, -0.0, 0.0, 0.0, 0.0, 1.0]
            ]
        },
        {
            "name": "Elbow_R",
            "time": [0.0, 0.1833, 0.3833],
            "transform": [
                [-1.0, -0.0, 0.0, -4.9e-05, 0.0, -0.0, -1.0, 0.370249, 0.0, -1.0, -0.0, 0.000652, 0.0, 0.0, 0.0, 1.0],
                [-1.0, -0.0, -0.0, -4.9e-05, 0.0, -0.0, -1.0, 0.370249, 0.0, -1.0, -0.0, 0.000653, 0.0, 0.0, 0.0, 1.0],
                [-1.0, -0.0, 0.0, -4.9e-05, 0.0, -0.0, -1.0, 0.370249, 0.0, -1.0, -0.0, 0.000652, 0.0, 0.0, 0.0, 1.0]
            ]
        },
        {
            "name": "Shoulder_L",
            "time": [0.0, 0.1833, 0.3833],
            "transform": [
                [-0.0, -0.952114, -0.305743, 0.0, -0.0, -0.305743, 0.952114, 0.4, -1.0, -0.0, 0.0, -0.0, 0.0, 0.0, 0.0, 1.0],
                [-0.0, -0.999722, -0.023567, 0.0, -0.0, -0.023567, 0.999722, 0.4, -1.0, -0.0, 0.0, 0.0, 0.0, 0.0, 0.0, 1.0],
                [-0.0, -0.952114, -0.305743, 0.0, -0.0, -0.305743, 0.952114, 0.4, -1.0, -0.0, 0.0, -0.0, 0.0, 0.0, 0.0, 1.0]
            ]
        },
        {
            "name": "Arm_L",
            "time": [0.0, 0.1833, 0.3833],
            "transform": [
                [0.816816, 0.473572, -0.329459, -0.0, -0.574981, 0.621751, -0.53181, 0.39386, -0.047009, 0.623823, 0.780151, -0.0, 0.0, 0.0, 0.0, 1.0],
                [0.867462, 0.317712, -0.382843, 0.0, -0.471768, 0.281017, -0.835742, 0.39386, -0.15794, 0.905587, 0.393658, 0.0, 0.0, 0.0, 0.0, 1.0],
                [0.816816, 0.473572, -0.329459, -0.0, -0.574981, 0.621751, -0.53181, 0.39386, -0.047009, 0.623823, 0.780151, -0.0, 0.0, 0.0, 0.0, 1.0]
            ]
        },
        {
            "name": "Hand_L",
            "time": [0.0, 0.1833, 0.3833],
            "transform": [
                [1.0, -0.0, 0.0, -0.0, 0.0, 0.824673, -0.56561, 0.300002, 0.0, 0.565609, 0.824673, 0.0, 0.0, 0.0, 0.0, 1.0],
                [1.0, 0.0, 0.0, 0.0, 0.0, 0.999825, 0.018722, 0.300002, -0.0, -0.018722, 0.999825, -0.0, 0.0, 0.0, 0.0, 1.0],
                [1.0, -0.0, 0.0, -0.0, 0.0, 0.824673, -0.56561, 0.300002, 0.0, 0.565609, 0.824673, 0.0, 0.0, 0.0, 0.0, 1.0]
            ]
        },
        {
            "name": "Tool_L",
            "time": [0.0, 0.3833],
            "transform": [
                [0.0, 0.0, 0.0, -0.0, 0.0, 0.0, 0.0, 0.272858, 0.0, 0.0, 0.0, -0.0, 0.0, 0.0, 0.0, 1.0],
                [0.0, 0.0, 0.0, -0.0, 0.0, 0.0, 0.0, 0.272858, 0.0, 0.0, 0.0, -0.0, 0.0, 0.0, 0.0, 1.0]
            ]
        },
        {
            "name": "Elbow_L",
            "time": [0.0, 0.1833, 0.3833],
            "transform": [
                [-1.0, -0.0, 0.0, -0.000104, -0.0, -0.0, -1.0, 0.367344, -0.0, -1.0, -0.0, 7.1e-05, 0.0, 0.0, 0.0, 1.0],
                [-1.0, -0.0, 0.0, -0.000104, -0.0, 0.0, -1.0, 0.367344, 0.0, -1.0, 0.0, 7.1e-05, 0.0, 0.0, 0.0, 1.0],
                [-1.0, -0.0, 0.0, -0.000104, -0.0, -0.0, -1.0, 0.367344, -0.0, -1.0, -0.0, 7.1e-05, 0.0, 0.0, 0.0, 1.0]
            ]
        }
    ]
}