{
    "animation": [
        {
            "name": "Root",
            "time": [0.0, 0.0167, 0.0333, 0.05, 0.0667, 0.0833, 0.1, 0.1167, 0.1333, 0.15, 0.1667, 0.1833, 0.2, 0.2167, 0.2333, 0.25, 0.2667, 0.2833, 0.3, 0.3167, 0.3333, 0.35, 0.3667, 0.3833, 0.4, 0.4167, 0.4333, 0.45, 0.4667, 0.4833, 0.5, 0.5167, 0.5333, 0.55, 0.5667, 0.5833, 0.6, 0.6167, 0.6333, 0.65, 0.6667, 0.6833, 0.7, 0.7167, 0.7333, 0.75, 0.7667, 0.7833, 0.8, 0.8167, 0.8333, 0.85, 0.8667, 0.8833, 0.9, 0.9167, 0.9333, 0.95, 0.9667, 0.9833, 1.0, 1.0167, 1.0333, 1.05, 1.0667, 1.0833, 1.1, 1.1167, 1.1333, 1.15, 1.1667, 1.1833, 1.2, 1.2167, 1.2333, 1.25, 1.2667, 1.2833, 1.3, 1.3167, 1.3333, 1.35, 1.3667, 1.3833, 1.4, 1.4167, 1.4333, 1.45, 1.4667, 1.4833, 1.5, 1.5167, 1.5333, 1.55, 1.5667, 1.5833, 1.6, 1.6167, 1.6333, 1.65, 1.6667, 1.6833, 1.7, 1.7167, 1.7333, 1.75, 1.7667, 1.7833, 1.8, 1.8167, 1.8333, 1.85, 1.8667, 1.8833, 1.9, 1.9167, 1.9333, 1.95, 1.9667, 1.9833, 2.0, 2.3333, 2.6667],
            "transform": [
                [1.0, 0.0, 0.0, -5e-06, 0.0, 0.0, -1.0, 0.000946, 0.0, 1.0, 0.0, 0.603629, 0.0, 0.0, 0.0, 1.0],
                [0.999901, 0.0, 0.014095, -0.005325, 0.014095, 0.0, -0.999901, 0.000848, 0.0, 1.0, 0.0, 0.605819, 0.0, 0.0, 0.0, 1.0],
                [0.998362, 0.0, 0.057204, -0.021736, 0.057204, 0.0, -0.998362, 0.00055, 0.0, 1.0, 0.0, 0.612435, 0.0, 0.0, 0.0, 1.0],
                [0.991567, 0.0, 0.129597, -0.049656, 0.129597, 0.0, -0.991567, 5.7e-05, 0.0, 1.0, 0.0, 0.623387, 0.0, 0.0, 0.0, 1.0],
                [0.973354, 0.0, 0.229307, -0.088985, 0.229307, 0.0, -0.973354, -0.000614, 0.0, 1.0, 0.0, 0.638307, 0.0, 0.0, 0.0, 1.0],
                [0.936421, 0.0, 0.350878, -0.138896, 0.350878, 0.0, -0.936421, -0.001431, 0.0, 1.0, 0.0, 0.656466, 0.0, 0.0, 0.0, 1.0],
                [0.874602, 0.0, 0.484842, -0.197696, 0.484842, 0.0, -0.874602, -0.002345, 0.0, 1.0, 0.0, 0.676766, 0.0, 0.0, 0.0, 1.0],
                [0.785443, 0.0, 0.618934, -0.058183, 0.618934, 0.0, -0.785443, -0.003292, 0.0, 1.0, 0.0, 0.697816, 0.0, 0.0, 0.0, 1.0],
                [0.671512, 0.0, 0.740993, -0.175017, 0.740993, 0.0, -0.671512, -0.004205, 0.0, 1.0, 0.0, 0.718116, 0.0, 0.0, 0.0, 1.0],
                [0.539413, 0.0, 0.842041, -0.112584, 0.842041, 0.0, -0.539413, -0.005022, 0.0, 1.0, 0.0, 0.736275, 0.0, 0.0, 0.0, 1.0],
                [0.397214, 0.0, 0.917726, -0.05541, 0.917726, 0.0, -0.397214, -0.005694, 0.0, 1.0, 0.0, 0.751194, 0.0, 0.0, 0.0, 1.0],
                [0.252008, 0.0, 0.967725, -0.083092, 0.967725, 0.0, -0.252008, -0.006187, 0.0, 1.0, 0.0, 0.762147, 0.0, 0.0, 0.0, 1.0],
                [0.108675, 0.0, 0.994077, -0.126735, 0.994077, 0.0, -0.108675, -0.006484, 0.0, 1.0, 0.0, 0.768763, 0.0, 0.0, 0.0, 1.0],
                [-0.030166, 0.0, 0.999545, -0.067427, 0.999545, 0.0, 0.030166, -0.006583, 0.0, 1.0, 0.0, 0.770953, 0.0, 0.0, 0.0, 1.0],
                [-0.204306, 0.0, 0.978908, -0.02783, 0.978908, 0.0, 0.204306, -0.006583, 0.0, 1.0, 0.0, 0.770953, 0.0, 0.0, 0.0, 1.0],
                [-0.458892, 0.0, 0.888493, 0.029913, 0.888493, 0.0, 0.458892, -0.006583, 0.0, 1.0, 0.0, 0.770953, 0.0, 0.0, 0.0, 1.0],
                [-0.759372, 0.0, 0.650656, 0.086889, 0.650656, 0.0, 0.759372, -0.006583, 0.0, 1.0, 0.0, 0.770953, 0.0, 0.0, 0.0, 1.0],
                [-0.974033, 0.0, 0.226404, 0.103935, 0.226404, 0.0, 0.974033, -0.006583, 0.0, 1.0, 0.0, 0.770953, 0.0, 0.0, 0.0, 1.0],
                [-0.966426, 0.0, -0.256944, 0.134064, -0.256944, 0.0, 0.966426, -0.006583, 0.0, 1.0, 0.0, 0.770953, 0.0, 0.0, 0.0, 1.0],
                [-0.7908, 0.0, -0.612076, 0.111004, -0.612076, 0.0, 0.7908, -0.006583, 0.0, 1.0, 0.0, 0.770953, 0.0, 0.0, 0.0, 1.0],
                [-0.596574, 0.0, -0.802558, -0.027908, -0.802558, 0.0, 0.596574, 0.266085, 0.0, 1.0, 0.0, 0.770953, 0.0, 0.0, 0.0, 1.0],
                [-0.461169, 0.0, -0.887313, 0.005285, -0.887313, 0.0, 0.461169, 0.302008, 0.0, 1.0, 0.0, 0.770953, 0.0, 0.0, 0.0, 1.0],
                [-0.300825, 0.0, -0.953679, -0.050151, -0.953679, 0.0, 0.300825, 0.337395, 0.0, 1.0, 0.0, 0.770953, 0.0, 0.0, 0.0, 1.0],
                [0.049236, 0.0, -0.998787, -0.030291, -0.998787, 0.0, -0.049236, 0.417274, 0.0, 1.0, 0.0, 0.770953, 0.0, 0.0, 0.0, 1.0],
                [0.659735, 0.0, -0.751498, -0.09029, -0.751498, 0.0, -0.659735, 0.448809, 0.0, 1.0, 0.0, 0.770953, 0.0, 0.0, 0.0, 1.0],
                [0.990925, 0.0, 0.134417, -0.126095, 0.134417, 0.0, -0.990925, 0.467231, 0.0, 1.0, 0.0, 0.770953, 0.0, 0.0, 0.0, 1.0],
                [0.56453, 0.0, 0.825413, -0.134835, 0.825413, 0.0, -0.56453, 0.530205, 0.0, 1.0, 0.0, 0.770953, 0.0, 0.0, 0.0, 1.0],
                [0.150511, 0.0, 0.988609, -0.040807, 0.988609, 0.0, -0.150511, 0.462454, 0.0, 1.0, 0.0, 0.770953, 0.0, 0.0, 0.0, 1.0],
                [-0.027178, 0.0, 0.999631, 0.029092, 0.999631, 0.0, 0.027178, 0.489578, 0.0, 1.0, 0.0, 0.770953, 0.0, 0.0, 0.0, 1.0],
                [-0.177216, 0.0, 0.984172, -0.013838, 0.984172, 0.0, 0.177216, 0.444806, 0.0, 1.0, 0.0, 0.770953, 0.0, 0.0, 0.0, 1.0],
                [-0.482145, 0.0, 0.876092, 0.020965, 0.876092, 0.0, 0.482145, 0.478968, 0.0, 1.0, 0.0, 0.770953, 0.0, 0.0, 0.0, 1.0],
                [-0.866207, 0.0, 0.499686, -0.045585, 0.499686, 0.0, 0.866207, 0.456687, 0.0, 1.0, 0.0, 0.770953, 0.0, 0.0, 0.0, 1.0],
                [-0.987732, 0.0, -0.156154, -0.019103, -0.156154, 0.0, 0.987732, 0.655887, 0.0, 1.0, 0.0, 0.770953, 0.0, 0.0, 0.0, 1.0],
                [-0.741106, 0.0, -0.671388, -0.000311, -0.671388, 0.0, 0.741106, 0.672611, 0.0, 1.0, 0.0, 0.770953, 0.0, 0.0, 0.0, 1.0],
                [-0.453278, 0.0, -0.891369, 0.001875, -0.891369, 0.0, 0.453278, 0.800844, 0.0, 1.0, 0.0, 0.770953, 0.0, 0.0, 0.0, 1.0],
                [-0.164808, 0.0, -0.986326, -0.01861, -0.986326, 0.0, 0.164808, 0.880623, 0.0, 1.0, 0.0, 0.769445, 0.0, 0.0, 0.0, 1.0],
                [0.259469, 0.0, -0.965752, -0.031399, -0.965752, 0.0, -0.259469, 0.785809, 0.0, 1.0, 0.0, 0.765439, 0.0, 0.0, 0.0, 1.0],
                [0.682794, 0.0, -0.730611, -0.039784, -0.730611, 0.0, -0.682794, 0.859506, 0.0, 1.0, 0.0, 0.761529, 0.0, 0.0, 0.0, 1.0],
                [0.959687, 0.0, -0.281071, 0.056675, -0.281071, 0.0, -0.959687, 0.952319, 0.0, 1.0, 0.0, 0.75762, 0.0, 0.0, 0.0, 1.0],
                [0.952755, 0.0, 0.303741, 0.110559, 0.303741, 0.0, -0.952755, 1.028257, 0.0, 1.0, 0.0, 0.753614, 0.0, 0.0, 0.0, 1.0],
                [0.722227, 0.0, 0.691657, 0.118357, 0.691657, 0.0, -0.722227, 1.072657, 0.0, 1.0, 0.0, 0.752106, 0.0, 0.0, 0.0, 1.0],
                [0.439116, 0.0, 0.89843, 0.093521, 0.89843, 0.0, -0.439116, 1.138314, 0.0, 1.0, 0.0, 0.752106, 0.0, 0.0, 0.0, 1.0],
                [0.081052, 0.0, 0.99671, 0.119597, 0.99671, 0.0, -0.081052, 1.213662, 0.0, 1.0, 0.0, 0.752106, 0.0, 0.0, 0.0, 1.0],
                [-0.303797, 0.0, 0.952737, 0.04708, 0.952737, 0.0, 0.303797, 1.172171, 0.0, 1.0, 0.0, 0.752106, 0.0, 0.0, 0.0, 1.0],
                [-0.66848, 0.0, 0.74373, -0.065257, 0.74373, 0.0, 0.66848, 1.225542, 0.0, 1.0, 0.0, 0.752106, 0.0, 0.0, 0.0, 1.0],
                [-0.94242, 0.0, 0.334433, -0.162147, 0.334433, 0.0, 0.94242, 1.336042, 0.0, 1.0, 0.0, 0.752106, 0.0, 0.0, 0.0, 1.0],
                [-0.988675, 0.0, -0.150073, -0.140658, -0.150073, 0.0, 0.988675, 1.332902, 0.0, 1.0, 0.0, 0.752106, 0.0, 0.0, 0.0, 1.0],
                [-0.85497, 0.0, -0.518678, -0.123125, -0.518678, 0.0, 0.85497, 1.337847, 0.0, 1.0, 0.0, 0.752106, 0.0, 0.0, 0.0, 1.0],
                [-0.6247, 0.0, -0.780865, -0.114879, -0.780865, 0.0, 0.6247, 1.244712, 0.0, 1.0, 0.0, 0.752106, 0.0, 0.0, 0.0, 1.0],
                [-0.247922, 0.0, -0.96878, -0.149654, -0.96878, 0.0, 0.247922, 1.185953, 0.0, 1.0, 0.0, 0.752106, 0.0, 0.0, 0.0, 1.0],
                [0.235499, 0.0, -0.971875, -0.000698, -0.971875, 0.0, -0.235499, 1.253693, 0.0, 1.0, 0.0, 0.752106, 0.0, 0.0, 0.0, 1.0],
                [0.722997, 0.0, -0.690852, 0.060682, -0.690852, 0.0, -0.722997, 1.387273, 0.0, 1.0, 0.0, 0.752106, 0.0, 0.0, 0.0, 1.0],
                [0.996888, 0.0, -0.078828, 0.111575, -0.078828, 0.0, -0.996888, 1.478379, 0.0, 1.0, 0.0, 0.752106, 0.0, 0.0, 0.0, 1.0],
                [0.861512, 0.0, 0.507737, 0.12412, 0.507737, 0.0, -0.861512, 1.678722, 0.0, 1.0, 0.0, 0.752106, 0.0, 0.0, 0.0, 1.0],
                [0.579013, 0.0, 0.815318, 0.122135, 0.815318, 0.0, -0.579013, 1.762989, 0.0, 1.0, 0.0, 0.752106, 0.0, 0.0, 0.0, 1.0],
                [0.262162, 0.0, 0.965024, 0.063428, 0.965024, 0.0, -0.262162, 2.030973, 0.0, 1.0, 0.0, 0.752106, 0.0, 0.0, 0.0, 1.0],
                [-0.180018, 0.0, 0.983663, 0.037962, 0.983663, 0.0, 0.180018, 2.102583, 0.0, 1.0, 0.0, 0.752106, 0.0, 0.0, 0.0, 1.0],
                [-0.633074, 0.0, 0.774091, -0.024946, 0.774091, 0.0, 0.633074, 2.102039, 0.0, 1.0, 0.0, 0.752106, 0.0, 0.0, 0.0, 1.0],
                [-0.945481, 0.0, 0.325677, -0.109907, 0.325677, 0.0, 0.945481, 2.017502, 0.0, 1.0, 0.0, 0.752106, 0.0, 0.0, 0.0, 1.0],
                [-0.957793, 0.0, -0.287459, -0.12995, -0.287459, 0.0, 0.957793, 1.997203, 0.0, 1.0, 0.0, 0.752106, 0.0, 0.0, 0.0, 1.0],
                [-0.702995, 0.0, -0.711195, -0.036537, -0.711195, 0.0, 0.702995, 1.99191, 0.0, 1.0, 0.0, 0.752106, 0.0, 0.0, 0.0, 1.0],
                [-0.281062, 0.0, -0.95969, -0.089864, -0.95969, 0.0, 0.281062, 1.925804, 0.0, 1.0, 0.0, 0.752106, 0.0, 0.0, 0.0, 1.0],
                [0.348098, 0.0, -0.937458, -0.020413, -0.937458, 0.0, -0.348098, 2.034357, 0.0, 1.0, 0.0, 0.752106, 0.0, 0.0, 0.0, 1.0],
                [0.839784, 0.0, -0.542921, 0.099252, -0.542921, 0.0, -0.839784, 2.075656, 0.0, 1.0, 0.0, 0.752106, 0.0, 0.0, 0.0, 1.0],
                [0.997419, 0.0, 0.071806, 0.108362, 0.071806, 0.0, -0.997419, 2.117214, 0.0, 1.0, 0.0, 0.752106, 0.0, 0.0, 0.0, 1.0],
                [0.84139, 0.0, 0.540429, 0.122974, 0.540429, 0.0, -0.84139, 2.315035, 0.0, 1.0, 0.0, 0.752106, 0.0, 0.0, 0.0, 1.0],
                [0.451694, 0.0, 0.892173, 0.17093, 0.892173, 0.0, -0.451694, 2.482711, 0.0, 1.0, 0.0, 0.752106, 0.0, 0.0, 0.0, 1.0],
                [-0.397976, 0.0, 0.917396, 0.078544, 0.917396, 0.0, 0.397976, 2.481043, 0.0, 1.0, 0.0, 0.752106, 0.0, 0.0, 0.0, 1.0],
                [-0.991553, 0.0, 0.1297, -0.149331, 0.1297, 0.0, 0.991553, 2.467196, 0.0, 1.0, 0.0, 0.752106, 0.0, 0.0, 0.0, 1.0],
                [-0.848032, 0.0, -0.529944, -0.058386, -0.529944, 0.0, 0.848032, 2.348187, 0.0, 1.0, 0.0, 0.752106, 0.0, 0.0, 0.0, 1.0],
                [-0.456025, 0.0, -0.889967, -0.110583, -0.889967, 0.0, 0.456025, 2.315702, 0.0, 1.0, 0.0, 0.748798, 0.0, 0.0, 0.0, 1.0],
                [0.249311, 0.0, -0.968423, -0.037103, -0.968423, 0.0, -0.249311, 2.300908, 0.0, 1.0, 0.0, 0.742121, 0.0, 0.0, 0.0, 1.0],
                [0.892417, 0.0, -0.451212, 0.107046, -0.451212, 0.0, -0.892417, 2.342629, 0.0, 1.0, 0.0, 0.735603, 0.0, 0.0, 0.0, 1.0],
                [0.942893, 0.0, 0.333097, 0.134993, 0.333097, 0.0, -0.942893, 2.467263, 0.0, 1.0, 0.0, 0.729792, 0.0, 0.0, 0.0, 1.0],
                [0.617119, 0.0, 0.78687, 0.095764, 0.78687, 0.0, -0.617119, 2.678929, 0.0, 1.0, 0.0, 0.72713, 0.0, 0.0, 0.0, 1.0],
                [0.253472, 0.0, 0.967343, 0.036163, 0.967343, 0.0, -0.253472, 2.802716, 0.0, 1.0, 0.0, 0.72713, 0.0, 0.0, 0.0, 1.0],
                [-0.19043, 0.0, 0.981701, 0.067682, 0.981701, 0.0, 0.19043, 2.942616, 0.0, 1.0, 0.0, 0.72713, 0.0, 0.0, 0.0, 1.0],
                [-0.607253, 0.0, 0.794509, -0.034603, 0.794509, 0.0, 0.607253, 3.031522, 0.0, 1.0, 0.0, 0.72713, 0.0, 0.0, 0.0, 1.0],
                [-0.913819, 0.0, 0.406122, -0.082759, 0.406122, 0.0, 0.913819, 3.084858, 0.0, 1.0, 0.0, 0.72713, 0.0, 0.0, 0.0, 1.0],
                [-0.987767, 0.0, -0.155935, -0.054236, -0.155935, 0.0, 0.987767, 2.972136, 0.0, 1.0, 0.0, 0.72713, 0.0, 0.0, 0.0, 1.0],
                [-0.809629, 0.0, -0.586943, -0.117214, -0.586943, 0.0, 0.809629, 2.965309, 0.0, 1.0, 0.0, 0.72713, 0.0, 0.0, 0.0, 1.0],
                [-0.511791, 0.0, -0.85911, -0.030614, -0.85911, 0.0, 0.511791, 3.018946, 0.0, 1.0, 0.0, 0.72713, 0.0, 0.0, 0.0, 1.0],
                [-0.032466, 0.0, -0.999473, -0.192646, -0.999473, 0.0, 0.032466, 3.002005, 0.0, 1.0, 0.0, 0.72713, 0.0, 0.0, 0.0, 1.0],
                [0.50036, 0.0, -0.865817, -0.015282, -0.865817, 0.0, -0.50036, 3.134433, 0.0, 1.0, 0.0, 0.72713, 0.0, 0.0, 0.0, 1.0],
                [0.899142, 0.0, -0.437658, 0.136277, -0.437658, 0.0, -0.899142, 3.157836, 0.0, 1.0, 0.0, 0.72713, 0.0, 0.0, 0.0, 1.0],
                [0.982974, 0.0, 0.183745, 0.141123, 0.183745, 0.0, -0.982974, 3.272154, 0.0, 1.0, 0.0, 0.72713, 0.0, 0.0, 0.0, 1.0],
                [0.778658, 0.0, 0.627448, 0.128349, 0.627448, 0.0, -0.778658, 3.354933, 0.0, 1.0, 0.0, 0.72713, 0.0, 0.0, 0.0, 1.0],
                [0.466619, 0.0, 0.884459, -0.023229, 0.884459, 0.0, -0.466619, 3.364552, 0.0, 1.0, 0.0, 0.72713, 0.0, 0.0, 0.0, 1.0],
                [0.019373, 0.0, 0.999812, 0.075758, 0.999812, 0.0, -0.019373, 3.435479, 0.0, 1.0, 0.0, 0.72713, 0.0, 0.0, 0.0, 1.0],
                [-0.451843, 0.0, 0.892098, 0.073398, 0.892098, 0.0, 0.451843, 3.493238, 0.0, 1.0, 0.0, 0.72713, 0.0, 0.0, 0.0, 1.0],
                [-0.829674, 0.0, 0.558248, -0.086736, 0.558248, 0.0, 0.829674, 3.545951, 0.0, 1.0, 0.0, 0.72713, 0.0, 0.0, 0.0, 1.0],
                [-0.999431, 0.0, 0.033735, -0.093136, 0.033735, 0.0, 0.999431, 3.674954, 0.0, 1.0, 0.0, 0.72713, 0.0, 0.0, 0.0, 1.0],
                [-0.904525, 0.0, -0.426422, -0.130783, -0.426422, 0.0, 0.904525, 3.674927, 0.0, 1.0, 0.0, 0.72713, 0.0, 0.0, 0.0, 1.0],
                [-0.641928, 0.0, -0.766765, -0.14471, -0.766765, 0.0, 0.641928, 3.782321, 0.0, 1.0, 0.0, 0.72713, 0.0, 0.0, 0.0, 1.0],
                [-0.159802, 0.0, -0.987149, -0.130373, -0.987149, 0.0, 0.159802, 3.693827, 0.0, 1.0, 0.0, 0.72713, 0.0, 0.0, 0.0, 1.0],
                [0.408733, 0.0, -0.912654, -0.037106, -0.912654, 0.0, -0.408733, 3.723371, 0.0, 1.0, 0.0, 0.72713, 0.0, 0.0, 0.0, 1.0],
                [0.856944, 0.0, -0.515409, 0.134631, -0.515409, 0.0, -0.856944, 3.736933, 0.0, 1.0, 0.0, 0.72713, 0.0, 0.0, 0.0, 1.0],
                [0.995513, 0.0, 0.094627, 0.077514, 0.094627, 0.0, -0.995513, 3.859128, 0.0, 1.0, 0.0, 0.72713, 0.0, 0.0, 0.0, 1.0],
                [0.832665, 0.0, 0.553777, 0.04429, 0.553777, 0.0, -0.832665, 4.015735, 0.0, 1.0, 0.0, 0.72713, 0.0, 0.0, 0.0, 1.0],
                [0.530606, 0.0, 0.847618, 0.015323, 0.847618, 0.0, -0.530606, 3.980647, 0.0, 1.0, 0.0, 0.72713, 0.0, 0.0, 0.0, 1.0],
                [0.03654, 0.0, 0.999332, 0.062332, 0.999332, 0.0, -0.03654, 4.04642, 0.0, 1.0, 0.0, 0.72713, 0.0, 0.0, 0.0, 1.0],
                [-0.50592, 0.0, 0.862581, 0.033561, 0.862581, 0.0, 0.50592, 4.226218, 0.0, 1.0, 0.0, 0.72713, 0.0, 0.0, 0.0, 1.0],
                [-0.897035, 0.0, 0.441961, -0.145621, 0.441961, 0.0, 0.897035, 4.259751, 0.0, 1.0, 0.0, 0.72713, 0.0, 0.0, 0.0, 1.0],
                [-0.987999, 0.0, -0.154459, -0.137075, -0.154459, 0.0, 0.987999, 4.271203, 0.0, 1.0, 0.0, 0.72713, 0.0, 0.0, 0.0, 1.0],
                [-0.799827, 0.0, -0.600233, -0.153222, -0.600233, 0.0, 0.799827, 4.227767, 0.0, 1.0, 0.0, 0.72713, 0.0, 0.0, 0.0, 1.0],
                [-0.480196, -0.000623, -0.877161, -0.091438, -0.877161, -0.000368, 0.480197, 4.221186, -0.000622, 1.0, -0.00037, 0.72713, 0.0, 0.0, 0.0, 1.0],
                [-0.024254, -0.001958, -0.999704, -0.224463, -0.999704, -0.001906, 0.024258, 4.186874, -0.001953, 0.999996, -0.001911, 0.72713, 0.0, 0.0, 0.0, 1.0],
                [0.387085, -0.002641, -0.92204, -0.024595, -0.92204, -0.003963, -0.387074, 4.220497, -0.002632, 0.999989, -0.003969, 0.72713, 0.0, 0.0, 0.0, 1.0],
                [0.685706, -0.002617, -0.727874, 0.11537, -0.727874, -0.006042, -0.685684, 4.264529, -0.002603, 0.999978, -0.006048, 0.72713, 0.0, 0.0, 0.0, 1.0],
                [0.885938, -0.002063, -0.463799, 0.060342, -0.463799, -0.008346, -0.885901, 4.120491, -0.002043, 0.999963, -0.008351, 0.72713, 0.0, 0.0, 0.0, 1.0],
                [0.968749, -0.001272, -0.248041, 0.057789, -0.248041, -0.01, -0.968698, 4.265234, -0.001248, 0.999949, -0.010003, 0.72713, 0.0, 0.0, 0.0, 1.0],
                [0.994823, -0.000572, -0.101619, 0.130482, -0.101619, -0.010975, -0.994763, 4.39661, -0.000546, 0.99994, -0.010976, 0.692245, 0.0, 0.0, 0.0, 1.0],
                [0.999902, -9.4e-05, -0.014025, 0.096865, -0.014025, -0.011498, -0.999836, 4.491585, -6.7e-05, 0.999934, -0.011498, 0.600051, 0.0, 0.0, 0.0, 1.0],
                [0.999869, 8.1e-05, 0.016166, 0.122819, 0.016165, -0.011667, -0.999801, 4.572731, 0.000108, 0.999932, -0.011667, 0.505302, 0.0, 0.0, 0.0, 1.0],
                [0.999808, 0.000101, 0.019592, -0.012845, 0.019592, -0.011686, -0.99974, 4.442411, 0.000128, 0.999932, -0.011686, 0.463972, 0.0, 0.0, 0.0, 1.0],
                [0.999808, 0.000101, 0.019592, 0.018018, 0.019592, -0.011686, -0.99974, 4.481594, 0.000128, 0.999932, -0.011686, 0.456682, 0.0, 0.0, 0.0, 1.0],
                [0.999808, 0.000101, 0.019592, -0.052687, 0.019592, -0.011686, -0.99974, 4.472856, 0.000128, 0.999932, -0.011686, 0.450286, 0.0, 0.0, 0.0, 1.0],
                [0.999808, 0.000101, 0.019592, -0.017098, 0.019592, -0.011686, -0.99974, 4.445159, 0.000128, 0.999932, -0.011686, 0.444938, 0.0, 0.0, 0.0, 1.0],
                [0.999808, 0.000101, 0.019592, -0.001242, 0.019592, -0.011686, -0.99974, 4.497619, 0.000128, 0.999932, -0.011686, 0.440744, 0.0, 0.0, 0.0, 1.0],
                [0.999808, 0.000101, 0.019592, -0.13849, 0.019592, -0.011686, -0.99974, 4.482356, 0.000128, 0.999932, -0.011686, 0.437722, 0.0, 0.0, 0.0, 1.0],
                [0.999808, 0.000101, 0.019592, -0.067618, 0.019592, -0.011686, -0.99974, 4.452172, 0.000128, 0.999932, -0.011686, 0.435767, 0.0, 0.0, 0.0, 1.0],
                [-0.278583, -0.011188, -0.960347, -0.031545, -0.960412, 0.003378, 0.278562, 4.512166, 0.000128, 0.999932, -0.011686, 0.688214, 0.0, 0.0, 0.0, 1.0],
                [-0.134311, -0.011563, -0.990872, -0.003136, -0.990939, 0.001696, 0.1343, 4.495352, 0.000128, 0.999932, -0.011686, 0.716602, 0.0, 0.0, 0.0, 1.0]
            ]
        },
        {
            "name": "Thigh_R",
            "time": [0.0, 0.0167, 0.0333, 0.05, 0.0667, 0.0833, 0.1, 0.1167, 0.1333, 0.15, 0.1667, 0.1833, 0.2, 0.2167, 0.2333, 0.25, 0.2667, 0.2833, 0.3, 0.3167, 0.3333, 0.35, 0.3667, 0.3833, 0.4, 0.4167, 0.4333, 0.45, 0.4667, 0.4833, 0.5, 0.5167, 0.5333, 0.55, 0.5667, 0.5833, 0.6, 0.6167, 0.6333, 0.65, 0.6667, 0.6833, 0.7, 0.7167, 0.7333, 0.75, 0.7667, 0.7833, 0.8, 0.8167, 0.8333, 0.85, 0.8667, 0.8833, 0.9, 0.9167, 0.9333, 0.95, 0.9667, 0.9833, 1.0, 1.0167, 1.0333, 1.05, 1.0667, 1.0833, 1.1, 1.1167, 1.1333, 1.15, 1.1667, 1.1833, 1.2, 1.2167, 1.2333, 1.25, 1.2667, 1.2833, 1.3, 1.3167, 1.3333, 1.35, 1.3667, 1.3833, 1.4, 1.4167, 1.4333, 1.45, 1.4667, 1.4833, 1.5, 1.5167, 1.5333, 1.55, 1.5667, 1.5833, 1.6, 1.6167, 1.6333, 1.65, 1.6667, 1.6833, 1.7, 1.7167, 1.7333, 1.75, 1.7667, 1.7833, 1.8, 1.8167, 1.8333, 1.85, 1.8667, 1.8833, 1.9, 1.9167, 1.9333, 1.95, 1.9667, 1.9833, 2.0, 2.3333, 2.6667],
            "transform": [
                [0.8899, 0.423899, 0.168483, 0.124994, 0.443702, -0.890111, -0.104056, -0.002831, 0.105859, 0.167356, -0.980197, -1.2e-05, 0.0, 0.0, 0.0, 1.0],
                [0.890196, 0.424516, 0.165335, 0.124858, 0.443851, -0.889961, -0.104697, -0.002661, 0.102697, 0.166584, -0.980665, -0.001562, 0.0, 0.0, 0.0, 1.0],
                [0.891027, 0.426394, 0.155747, 0.124422, 0.444278, -0.889554, -0.106336, -0.002128, 0.093204, 0.163943, -0.982057, -0.006246, 0.0, 0.0, 0.0, 1.0],
                [0.892194, 0.429507, 0.139688, 0.123643, 0.444933, -0.888977, -0.1084, -0.001199, 0.077621, 0.158865, -0.984245, -0.013999, 0.0, 0.0, 0.0, 1.0],
                [0.893363, 0.433704, 0.117483, 0.122484, 0.445753, -0.888359, -0.110083, 0.000144, 0.056624, 0.150713, -0.986955, -0.024561, 0.0, 0.0, 0.0, 1.0],
                [0.894131, 0.438677, 0.089946, 0.120918, 0.446698, -0.887851, -0.110355, 0.001902, 0.031449, 0.138851, -0.989814, -0.037416, 0.0, 0.0, 0.0, 1.0],
                [0.894137, 0.443962, 0.058437, 0.118942, 0.447775, -0.887595, -0.108026, 0.00405, 0.003909, 0.122757, -0.992429, -0.051787, 0.0, 0.0, 0.0, 1.0],
                [0.89319, 0.448993, 0.024785, 0.116573, 0.44905, -0.887675, -0.101899, 0.006533, -0.023751, 0.102144, -0.994486, -0.066689, 0.0, 0.0, 0.0, 1.0],
                [0.891359, 0.453207, -0.008947, 0.113858, 0.450623, -0.888068, -0.090945, 0.009273, -0.049162, 0.077033, -0.995816, -0.08106, 0.0, 0.0, 0.0, 1.0],
                [0.888963, 0.456159, -0.040776, 0.11086, 0.452566, -0.888615, -0.074465, 0.012179, -0.070202, 0.047743, -0.99639, -0.093915, 0.0, 0.0, 0.0, 1.0],
                [0.88647, 0.457601, -0.069071, 0.107651, 0.454862, -0.889032, -0.05215, 0.015166, -0.08527, 0.014812, -0.996248, -0.104477, 0.0, 0.0, 0.0, 1.0],
                [0.884362, 0.457506, -0.092683, 0.104299, 0.457363, -0.888953, -0.024048, 0.018156, -0.093393, -0.021122, -0.995406, -0.11223, 0.0, 0.0, 0.0, 1.0],
                [0.883023, 0.456028, -0.110938, 0.100866, 0.459785, -0.887977, 0.009522, 0.021091, -0.094168, -0.059415, -0.993782, -0.116914, 0.0, 0.0, 0.0, 1.0],
                [0.882678, 0.453447, -0.123546, 0.097399, 0.461735, -0.885713, 0.048063, 0.023931, -0.087633, -0.099469, -0.991175, -0.118464, 0.0, 0.0, 0.0, 1.0],
                [0.888209, 0.439691, -0.133248, 0.093191, 0.453535, -0.885453, 0.101364, 0.027204, -0.073416, -0.150464, -0.985886, -0.11562, 0.0, 0.0, 0.0, 1.0],
                [0.903832, 0.404082, -0.140728, 0.087602, 0.424629, -0.887559, 0.178679, 0.031388, -0.052703, -0.221252, -0.973792, -0.107131, 0.0, 0.0, 0.0, 1.0],
                [0.926425, 0.348715, -0.14189, 0.080987, 0.375281, -0.885406, 0.274257, 0.036224, -0.029993, -0.307326, -0.951132, -0.093767, 0.0, 0.0, 0.0, 1.0],
                [0.95028, 0.281272, -0.133614, 0.074049, 0.311198, -0.873084, 0.375336, 0.041218, -0.011085, -0.398254, -0.917208, -0.077488, 0.0, 0.0, 0.0, 1.0],
                [0.969686, 0.21445, -0.117134, 0.06771, 0.244355, -0.850647, 0.465496, 0.04573, 0.000186, -0.480006, -0.877265, -0.061209, 0.0, 0.0, 0.0, 1.0],
                [0.982083, 0.160709, -0.09841, 0.062803, 0.188397, -0.825334, 0.532285, 0.049197, 0.004322, -0.541287, -0.840826, -0.047845, 0.0, 0.0, 0.0, 1.0],
                [0.988262, 0.12735, -0.084374, 0.059808, 0.152692, -0.806405, 0.571308, 0.051301, 0.004717, -0.577484, -0.816388, -0.039356, 0.0, 0.0, 0.0, 1.0],
                [0.990036, 0.116339, -0.079329, 0.058831, 0.140741, -0.799656, 0.58373, 0.051986, 0.004475, -0.589077, -0.808064, -0.036512, 0.0, 0.0, 0.0, 1.0],
                [0.990036, 0.116339, -0.079329, 0.058831, 0.140741, -0.799656, 0.58373, 0.051986, 0.004475, -0.589077, -0.808064, -0.036512, 0.0, 0.0, 0.0, 1.0],
                [0.990036, 0.116339, -0.079329, 0.058831, 0.140741, -0.799656, 0.58373, 0.051986, 0.004475, -0.589077, -0.808064, -0.036512, 0.0, 0.0, 0.0, 1.0],
                [0.990036, 0.116339, -0.079329, 0.058831, 0.140741, -0.799656, 0.58373, 0.051986, 0.004475, -0.589077, -0.808064, -0.036512, 0.0, 0.0, 0.0, 1.0],
                [0.990036, 0.116339, -0.079329, 0.058831, 0.140741, -0.799656, 0.58373, 0.051986, 0.004475, -0.589077, -0.808064, -0.036512, 0.0, 0.0, 0.0, 1.0],
                [0.990036, 0.116339, -0.079329, 0.058831, 0.140741, -0.799656, 0.58373, 0.051986, 0.004475, -0.589077, -0.808064, -0.036512, 0.0, 0.0, 0.0, 1.0],
                [0.990036, 0.116339, -0.079329, 0.058831, 0.140741, -0.799656, 0.58373, 0.051986, 0.004475, -0.589077, -0.808064, -0.036512, 0.0, 0.0, 0.0, 1.0],
                [0.990036, 0.116339, -0.079329, 0.058831, 0.140741, -0.799656, 0.58373, 0.051986, 0.004475, -0.589077, -0.808064, -0.036512, 0.0, 0.0, 0.0, 1.0],
                [0.990036, 0.116339, -0.079329, 0.058831, 0.140741, -0.799656, 0.58373, 0.051986, 0.004475, -0.589077, -0.808064, -0.036512, 0.0, 0.0, 0.0, 1.0],
                [0.990036, 0.116339, -0.079329, 0.058831, 0.140741, -0.799656, 0.58373, 0.051986, 0.004475, -0.589077, -0.808064, -0.036512, 0.0, 0.0, 0.0, 1.0],
                [0.990036, 0.116339, -0.079329, 0.058831, 0.140741, -0.799656, 0.58373, 0.051986, 0.004475, -0.589077, -0.808064, -0.036512, 0.0, 0.0, 0.0, 1.0],
                [0.990036, 0.116339, -0.079329, 0.058831, 0.140741, -0.799656, 0.58373, 0.051986, 0.004475, -0.589077, -0.808064, -0.036512, 0.0, 0.0, 0.0, 1.0],
                [0.990036, 0.116339, -0.079329, 0.058831, 0.140741, -0.799656, 0.58373, 0.051986, 0.004475, -0.589077, -0.808064, -0.036512, 0.0, 0.0, 0.0, 1.0],
                [0.990036, 0.116339, -0.079329, 0.058831, 0.140741, -0.799656, 0.58373, 0.051986, 0.004475, -0.589077, -0.808064, -0.036512, 0.0, 0.0, 0.0, 1.0],
                [0.992723, 0.078634, -0.091192, 0.058831, 0.118324, -0.777479, 0.617675, 0.051986, -0.02233, -0.62397, -0.781129, -0.036512, 0.0, 0.0, 0.0, 1.0],
                [0.993067, -0.025389, -0.114769, 0.058831, 0.063353, -0.706832, 0.704537, 0.051986, -0.09901, -0.706922, -0.700326, -0.036512, 0.0, 0.0, 0.0, 1.0],
                [0.983561, -0.129681, -0.125657, 0.058831, 0.017811, -0.622812, 0.782168, 0.051986, -0.179693, -0.771546, -0.610266, -0.036512, 0.0, 0.0, 0.0, 1.0],
                [0.964487, -0.233214, -0.123993, 0.058831, -0.018036, -0.5265, 0.849983, 0.051986, -0.263511, -0.81756, -0.51201, -0.036512, 0.0, 0.0, 0.0, 1.0],
                [0.935849, -0.334939, -0.109548, 0.058831, -0.043639, -0.418618, 0.907113, 0.051986, -0.349687, -0.844139, -0.406381, -0.036512, 0.0, 0.0, 0.0, 1.0],
                [0.922961, -0.371409, -0.100976, 0.058831, -0.050272, -0.37643, 0.92508, 0.051986, -0.381594, -0.848735, -0.366103, -0.036512, 0.0, 0.0, 0.0, 1.0],
                [0.922961, -0.371409, -0.100976, 0.058831, -0.050272, -0.37643, 0.925081, 0.051986, -0.381594, -0.848735, -0.366103, -0.036512, 0.0, 0.0, 0.0, 1.0],
                [0.922961, -0.371409, -0.100976, 0.058831, -0.050272, -0.37643, 0.92508, 0.051986, -0.381594, -0.848735, -0.366103, -0.036512, 0.0, 0.0, 0.0, 1.0],
                [0.922961, -0.371409, -0.100976, 0.058831, -0.050272, -0.37643, 0.92508, 0.051986, -0.381594, -0.848735, -0.366103, -0.036512, 0.0, 0.0, 0.0, 1.0],
                [0.922961, -0.371409, -0.100976, 0.058831, -0.050272, -0.37643, 0.92508, 0.051986, -0.381594, -0.848735, -0.366104, -0.036512, 0.0, 0.0, 0.0, 1.0],
                [0.922961, -0.371409, -0.100976, 0.058831, -0.050272, -0.37643, 0.92508, 0.051986, -0.381594, -0.848735, -0.366103, -0.036512, 0.0, 0.0, 0.0, 1.0],
                [0.922961, -0.371409, -0.100976, 0.058831, -0.050272, -0.37643, 0.92508, 0.051986, -0.381594, -0.848735, -0.366103, -0.036512, 0.0, 0.0, 0.0, 1.0],
                [0.922961, -0.371409, -0.100976, 0.058831, -0.050272, -0.37643, 0.92508, 0.051986, -0.381594, -0.848735, -0.366103, -0.036512, 0.0, 0.0, 0.0, 1.0],
                [0.922961, -0.371409, -0.100976, 0.058831, -0.050272, -0.37643, 0.92508, 0.051986, -0.381594, -0.848735, -0.366104, -0.036513, 0.0, 0.0, 0.0, 1.0],
                [0.922961, -0.371409, -0.100976, 0.058831, -0.050272, -0.37643, 0.92508, 0.051986, -0.381594, -0.848735, -0.366103, -0.036512, 0.0, 0.0, 0.0, 1.0],
                [0.922961, -0.371409, -0.100977, 0.058831, -0.050272, -0.37643, 0.92508, 0.051986, -0.381594, -0.848735, -0.366103, -0.036512, 0.0, 0.0, 0.0, 1.0],
                [0.922961, -0.371409, -0.100976, 0.058831, -0.050272, -0.37643, 0.92508, 0.051986, -0.381594, -0.848735, -0.366103, -0.036512, 0.0, 0.0, 0.0, 1.0],
                [0.922961, -0.371409, -0.100976, 0.058831, -0.050272, -0.37643, 0.92508, 0.051986, -0.381594, -0.848735, -0.366103, -0.036512, 0.0, 0.0, 0.0, 1.0],
                [0.922961, -0.371409, -0.100976, 0.058831, -0.050272, -0.37643, 0.925081, 0.051986, -0.381594, -0.848735, -0.366103, -0.036512, 0.0, 0.0, 0.0, 1.0],
                [0.922961, -0.371409, -0.100976, 0.058831, -0.050272, -0.37643, 0.925081, 0.051986, -0.381594, -0.848735, -0.366103, -0.036512, 0.0, 0.0, 0.0, 1.0],
                [0.922961, -0.371409, -0.100976, 0.058831, -0.050272, -0.376431, 0.92508, 0.051986, -0.381594, -0.848735, -0.366104, -0.036512, 0.0, 0.0, 0.0, 1.0],
                [0.922961, -0.371409, -0.100976, 0.058831, -0.050272, -0.37643, 0.92508, 0.051986, -0.381594, -0.848735, -0.366103, -0.036513, 0.0, 0.0, 0.0, 1.0],
                [0.922961, -0.371409, -0.100976, 0.058831, -0.050272, -0.37643, 0.92508, 0.051986, -0.381594, -0.848735, -0.366103, -0.036512, 0.0, 0.0, 0.0, 1.0],
                [0.922961, -0.371409, -0.100976, 0.058832, -0.050272, -0.37643, 0.92508, 0.051986, -0.381594, -0.848735, -0.366103, -0.036512, 0.0, 0.0, 0.0, 1.0],
                [0.922961, -0.371409, -0.100976, 0.058832, -0.050272, -0.37643, 0.92508, 0.051986, -0.381594, -0.848735, -0.366103, -0.036512, 0.0, 0.0, 0.0, 1.0],
                [0.922961, -0.371409, -0.100976, 0.058831, -0.050272, -0.37643, 0.92508, 0.051986, -0.381594, -0.848735, -0.366103, -0.036512, 0.0, 0.0, 0.0, 1.0],
                [0.922961, -0.371409, -0.100976, 0.058831, -0.050272, -0.37643, 0.92508, 0.051986, -0.381594, -0.848735, -0.366103, -0.036513, 0.0, 0.0, 0.0, 1.0],
                [0.922961, -0.371409, -0.100976, 0.058831, -0.050272, -0.37643, 0.92508, 0.051986, -0.381594, -0.848735, -0.366103, -0.036512, 0.0, 0.0, 0.0, 1.0],
                [0.922961, -0.371409, -0.100976, 0.058831, -0.050272, -0.37643, 0.92508, 0.051986, -0.381594, -0.848735, -0.366103, -0.036512, 0.0, 0.0, 0.0, 1.0],
                [0.922961, -0.371409, -0.100976, 0.058831, -0.050272, -0.37643, 0.92508, 0.051986, -0.381594, -0.848735, -0.366103, -0.036512, 0.0, 0.0, 0.0, 1.0],
                [0.922961, -0.371409, -0.100976, 0.05883, -0.050272, -0.37643, 0.92508, 0.051986, -0.381594, -0.848735, -0.366104, -0.036512, 0.0, 0.0, 0.0, 1.0],
                [0.922961, -0.371409, -0.100976, 0.058831, -0.050272, -0.37643, 0.92508, 0.051986, -0.381594, -0.848735, -0.366103, -0.036512, 0.0, 0.0, 0.0, 1.0],
                [0.922961, -0.371409, -0.100976, 0.05883, -0.050272, -0.37643, 0.92508, 0.051986, -0.381594, -0.848735, -0.366103, -0.036512, 0.0, 0.0, 0.0, 1.0],
                [0.922961, -0.371409, -0.100976, 0.058832, -0.050272, -0.37643, 0.92508, 0.051986, -0.381594, -0.848735, -0.366103, -0.036512, 0.0, 0.0, 0.0, 1.0],
                [0.922961, -0.371409, -0.100976, 0.058831, -0.050272, -0.37643, 0.92508, 0.051986, -0.381594, -0.848735, -0.366104, -0.036512, 0.0, 0.0, 0.0, 1.0],
                [0.922961, -0.371409, -0.100976, 0.058831, -0.050272, -0.37643, 0.92508, 0.051986, -0.381594, -0.848735, -0.366103, -0.036513, 0.0, 0.0, 0.0, 1.0],
                [0.922961, -0.371409, -0.100976, 0.058831, -0.050272, -0.37643, 0.92508, 0.051986, -0.381594, -0.848735, -0.366104, -0.036511, 0.0, 0.0, 0.0, 1.0],
                [0.922961, -0.371409, -0.100976, 0.058831, -0.050272, -0.37643, 0.92508, 0.051986, -0.381594, -0.848735, -0.366103, -0.036512, 0.0, 0.0, 0.0, 1.0],
                [0.922961, -0.371409, -0.100976, 0.058831, -0.050272, -0.37643, 0.92508, 0.051986, -0.381594, -0.848735, -0.366103, -0.036512, 0.0, 0.0, 0.0, 1.0],
                [0.922961, -0.371409, -0.100976, 0.058832, -0.050272, -0.37643, 0.92508, 0.051986, -0.381594, -0.848735, -0.366104, -0.036513, 0.0, 0.0, 0.0, 1.0],
                [0.922961, -0.371409, -0.100976, 0.058831, -0.050272, -0.376431, 0.92508, 0.051986, -0.381594, -0.848735, -0.366104, -0.036512, 0.0, 0.0, 0.0, 1.0],
                [0.922961, -0.371409, -0.100976, 0.058831, -0.050272, -0.37643, 0.92508, 0.051986, -0.381594, -0.848735, -0.366103, -0.036513, 0.0, 0.0, 0.0, 1.0],
                [0.922961, -0.371409, -0.100976, 0.058831, -0.050272, -0.37643, 0.92508, 0.051986, -0.381594, -0.848735, -0.366103, -0.036513, 0.0, 0.0, 0.0, 1.0],
                [0.922961, -0.371409, -0.100976, 0.058833, -0.050272, -0.37643, 0.92508, 0.051986, -0.381594, -0.848735, -0.366103, -0.036512, 0.0, 0.0, 0.0, 1.0],
                [0.922961, -0.371409, -0.100976, 0.058832, -0.050272, -0.37643, 0.925081, 0.051986, -0.381594, -0.848735, -0.366103, -0.036512, 0.0, 0.0, 0.0, 1.0],
                [0.922961, -0.371409, -0.100976, 0.058831, -0.050272, -0.37643, 0.92508, 0.051986, -0.381594, -0.848735, -0.366103, -0.036513, 0.0, 0.0, 0.0, 1.0],
                [0.922961, -0.371409, -0.100976, 0.058831, -0.050272, -0.37643, 0.92508, 0.051986, -0.381594, -0.848735, -0.366103, -0.036512, 0.0, 0.0, 0.0, 1.0],
                [0.922961, -0.371409, -0.100976, 0.058831, -0.050272, -0.37643, 0.92508, 0.051986, -0.381594, -0.848735, -0.366103, -0.036513, 0.0, 0.0, 0.0, 1.0],
                [0.922961, -0.371409, -0.100976, 0.058832, -0.050272, -0.37643, 0.92508, 0.051986, -0.381594, -0.848735, -0.366103, -0.036513, 0.0, 0.0, 0.0, 1.0],
                [0.922961, -0.371409, -0.100976, 0.058831, -0.050272, -0.37643, 0.92508, 0.051986, -0.381594, -0.848735, -0.366104, -0.036512, 0.0, 0.0, 0.0, 1.0],
                [0.922961, -0.371409, -0.100976, 0.058833, -0.050272, -0.37643, 0.92508, 0.051986, -0.381594, -0.848735, -0.366104, -0.036512, 0.0, 0.0, 0.0, 1.0],
                [0.922961, -0.371409, -0.100976, 0.058831, -0.050272, -0.37643, 0.925081, 0.051986, -0.381594, -0.848735, -0.366103, -0.036512, 0.0, 0.0, 0.0, 1.0],
                [0.922961, -0.371409, -0.100976, 0.058831, -0.050272, -0.37643, 0.92508, 0.051986, -0.381594, -0.848735, -0.366103, -0.036512, 0.0, 0.0, 0.0, 1.0],
                [0.922961, -0.371409, -0.100976, 0.058831, -0.050272, -0.37643, 0.925081, 0.051986, -0.381594, -0.848735, -0.366103, -0.036512, 0.0, 0.0, 0.0, 1.0],
                [0.922961, -0.371409, -0.100976, 0.058832, -0.050272, -0.37643, 0.92508, 0.051986, -0.381594, -0.848735, -0.366103, -0.036512, 0.0, 0.0, 0.0, 1.0],
                [0.922961, -0.371409, -0.100977, 0.05883, -0.050272, -0.37643, 0.92508, 0.051986, -0.381594, -0.848735, -0.366103, -0.036511, 0.0, 0.0, 0.0, 1.0],
                [0.922961, -0.371409, -0.100976, 0.058831, -0.050272, -0.37643, 0.92508, 0.051986, -0.381594, -0.848735, -0.366103, -0.036512, 0.0, 0.0, 0.0, 1.0],
                [0.922961, -0.371409, -0.100976, 0.058831, -0.050272, -0.37643, 0.92508, 0.051986, -0.381594, -0.848735, -0.366103, -0.036512, 0.0, 0.0, 0.0, 1.0],
                [0.922961, -0.371409, -0.100976, 0.058831, -0.050272, -0.37643, 0.92508, 0.051986, -0.381594, -0.848735, -0.366103, -0.036512, 0.0, 0.0, 0.0, 1.0],
                [0.922961, -0.371409, -0.100976, 0.058831, -0.050272, -0.37643, 0.925081, 0.051986, -0.381594, -0.848735, -0.366103, -0.036513, 0.0, 0.0, 0.0, 1.0],
                [0.922961, -0.371409, -0.100976, 0.058832, -0.050272, -0.37643, 0.925081, 0.051986, -0.381594, -0.848735, -0.366103, -0.036512, 0.0, 0.0, 0.0, 1.0],
                [0.922961, -0.371409, -0.100976, 0.058832, -0.050272, -0.37643, 0.92508, 0.051986, -0.381594, -0.848735, -0.366104, -0.036513, 0.0, 0.0, 0.0, 1.0],
                [0.922961, -0.371409, -0.100976, 0.058832, -0.050272, -0.37643, 0.92508, 0.051986, -0.381594, -0.848735, -0.366103, -0.036512, 0.0, 0.0, 0.0, 1.0],
                [0.922961, -0.371409, -0.100976, 0.058831, -0.050272, -0.37643, 0.925081, 0.051986, -0.381594, -0.848735, -0.366103, -0.036513, 0.0, 0.0, 0.0, 1.0],
                [0.922961, -0.371409, -0.100976, 0.058831, -0.050272, -0.37643, 0.925081, 0.051986, -0.381594, -0.848735, -0.366103, -0.036513, 0.0, 0.0, 0.0, 1.0],
                [0.922961, -0.371409, -0.100976, 0.05883, -0.050272, -0.37643, 0.92508, 0.051986, -0.381594, -0.848735, -0.366103, -0.036513, 0.0, 0.0, 0.0, 1.0],
                [0.922961, -0.371409, -0.100976, 0.058831, -0.050272, -0.37643, 0.92508, 0.051986, -0.381594, -0.848735, -0.366103, -0.036513, 0.0, 0.0, 0.0, 1.0],
                [0.922961, -0.371409, -0.100976, 0.058832, -0.050272, -0.37643, 0.92508, 0.051986, -0.381594, -0.848735, -0.366104, -0.036512, 0.0, 0.0, 0.0, 1.0],
                [0.922961, -0.371409, -0.100976, 0.058832, -0.050272, -0.37643, 0.92508, 0.051986, -0.381594, -0.848735, -0.366103, -0.036513, 0.0, 0.0, 0.0, 1.0],
                [0.922961, -0.371409, -0.100976, 0.058834, -0.050272, -0.37643, 0.92508, 0.051986, -0.381594, -0.848735, -0.366103, -0.036513, 0.0, 0.0, 0.0, 1.0],
                [0.921542, -0.365287, -0.131621, 0.05886, -0.030863, -0.406828, 0.912983, 0.051968, -0.387048, -0.837289, -0.386184, -0.038491, 0.0, 0.0, 0.0, 1.0],
                [0.913016, -0.339528, -0.226099, 0.058944, 0.028848, -0.499138, 0.866042, 0.051917, -0.4069, -0.797231, -0.445928, -0.044443, 0.0, 0.0, 0.0, 1.0],
                [0.883446, -0.2714, -0.381922, 0.059081, 0.126867, -0.646124, 0.752613, 0.051833, -0.451029, -0.713345, -0.536386, -0.054121, 0.0, 0.0, 0.0, 1.0],
                [0.811469, -0.129225, -0.569929, 0.059261, 0.244106, -0.811135, 0.531478, 0.051722, -0.53097, -0.5704, -0.626669, -0.06678, 0.0, 0.0, 0.0, 1.0],
                [0.687124, 0.094825, -0.720325, 0.059465, 0.336154, -0.920435, 0.199492, 0.051598, -0.644096, -0.379215, -0.664331, -0.08112, 0.0, 0.0, 0.0, 1.0],
                [0.536948, 0.348946, -0.768065, 0.05967, 0.362764, -0.917474, -0.163221, 0.051473, -0.761636, -0.190984, -0.619222, -0.09546, 0.0, 0.0, 0.0, 1.0],
                [0.406593, 0.559037, -0.722606, 0.059851, 0.331409, -0.82731, -0.453568, 0.051363, -0.851381, -0.05506, -0.521649, -0.10812, 0.0, 0.0, 0.0, 1.0],
                [0.31908, 0.694736, -0.644615, 0.059989, 0.281236, -0.71894, -0.635634, 0.051279, -0.905038, 0.02153, -0.424785, -0.117798, 0.0, 0.0, 0.0, 1.0],
                [0.271868, 0.76635, -0.582061, 0.060075, 0.242562, -0.639883, -0.729186, 0.051227, -0.931263, 0.057056, -0.359852, -0.123751, 0.0, 0.0, 0.0, 1.0],
                [0.255849, 0.791625, -0.554859, 0.060102, 0.227764, -0.607165, -0.761231, 0.05121, -0.939502, 0.068383, -0.335647, -0.125728, 0.0, 0.0, 0.0, 1.0],
                [0.253577, 0.797446, -0.547518, 0.0601, 0.226331, -0.599218, -0.767927, 0.05121, -0.940464, 0.070808, -0.332435, -0.125728, 0.0, 0.0, 0.0, 1.0],
                [0.252083, 0.802571, -0.540677, 0.060103, 0.225362, -0.592045, -0.773753, 0.05121, -0.941098, 0.073202, -0.330115, -0.125729, 0.0, 0.0, 0.0, 1.0],
                [0.251381, 0.806901, -0.534523, 0.060103, 0.224888, -0.585835, -0.778602, 0.05121, -0.941399, 0.075518, -0.328731, -0.125728, 0.0, 0.0, 0.0, 1.0],
                [0.251413, 0.810366, -0.52924, 0.060103, 0.224886, -0.580747, -0.782405, 0.05121, -0.941391, 0.077687, -0.328248, -0.125728, 0.0, 0.0, 0.0, 1.0],
                [0.252031, 0.812947, -0.524971, 0.060102, 0.225273, -0.576864, -0.785161, 0.05121, -0.941133, 0.079623, -0.328524, -0.125728, 0.0, 0.0, 0.0, 1.0],
                [0.253007, 0.814709, -0.521762, 0.060101, 0.225902, -0.574148, -0.786971, 0.05121, -0.94072, 0.081241, -0.329309, -0.125728, 0.0, 0.0, 0.0, 1.0],
                [0.285882, 0.093027, -0.953739, 0.010121, 0.197877, -0.979555, -0.036232, -0.012666, -0.937612, -0.178364, -0.298446, -0.126436, 0.0, 0.0, 0.0, 1.0],
                [0.171119, 0.027169, -0.984876, 0.01088, 0.197798, -0.980213, 0.007326, -0.015015, -0.965191, -0.196059, -0.173108, -0.127273, 0.0, 0.0, 0.0, 1.0]
            ]
        },
        {
            "name": "Leg_R",
