{
    "animation": [
        {
            "name": "Root",
            "time": [0.0, 0.0167, 0.0333, 0.05, 0.0667, 0.0833, 0.1, 0.1167, 0.1333, 0.15, 0.1667, 0.1833, 0.2, 0.2167, 0.2333, 0.25, 0.2667, 0.2833, 0.3, 0.3167, 0.3333, 0.35, 0.3667, 0.3833, 0.4, 0.4167, 0.4333, 0.45, 0.4667, 0.4833, 0.5, 0.5167, 0.5333, 0.55, 0.5667, 0.5833, 0.6, 0.6167, 0.6333, 0.65, 0.6667, 0.6833, 0.7, 0.7167, 0.7333, 0.75, 0.7667, 0.7833, 0.8, 0.8167, 0.8333, 0.85, 0.8667, 0.8833, 0.9, 0.9167, 0.9333, 0.95, 0.9667, 0.9833, 1.0, 1.0167, 1.0333, 1.05, 1.0667, 1.0833, 1.1, 1.1167, 1.1333, 1.15, 1.1667, 1.1833, 1.2, 1.2167, 1.2333, 1.25, 1.2667, 1.2833, 1.3, 1.3167, 1.3333, 1.35, 1.3667, 1.3833, 1.4, 1.4167, 1.4333, 1.45, 1.4667, 1.4833, 1.5, 1.5167, 1.5333, 1.55, 1.5667, 1.5833, 1.6, 1.6167, 1.6333, 1.65, 1.6667, 1.6833, 1.7, 1.7167, 1.7333, 1.75, 1.7667, 1.7833, 1.8, 1.8167, 1.8333, 1.85, 1.8667, 1.8833, 1.9, 1.9167, 1.9333, 1.95, 1.9667, 1.9833, 2.0, 2.0167, 2.0333, 2.05, 2.0667, 2.0833, 2.1, 2.1167, 2.1333, 2.15, 2.1667, 2.1833, 2.2, 2.2167, 2.2333, 2.25, 2.2667, 2.2833, 2.3, 2.3167, 2.3333, 2.35, 2.3667, 2.3833, 2.4, 2.4167, 2.4333, 2.45, 2.4667, 2.4833, 2.5, 2.5167, 2.5333, 2.55, 2.5667, 2.5833, 2.6, 2.6167, 2.6333, 2.65, 2.6667, 2.6833, 2.7, 2.7167, 2.7333, 2.75, 2.7667, 2.7833, 2.8, 2.8167, 2.8333, 2.85, 2.8667, 2.8833, 2.9, 2.9167, 2.9333, 2.95, 2.9667, 2.9833, 3.0, 3.0167, 3.0333, 3.05, 3.0667, 3.0833, 3.1, 3.1167, 3.1333, 3.15, 3.1667, 3.1833, 3.2, 3.2167, 3.2333, 3.25, 3.2667, 3.2833, 3.3, 3.3167, 3.3333, 3.35, 3.3667, 3.3833, 3.4, 3.4167, 3.4333, 3.45, 3.4667, 3.4833, 3.5, 3.5167, 3.5333, 3.55, 3.5667, 3.5833, 3.6, 3.6167, 3.6333, 3.65, 3.6667],
            "transform": [
                [1.0, 0.0, 0.0, -5e-06, 0.0, 0.0, -1.0, 0.000946, 0.0, 1.0, 0.0, 0.603629, 0.0, 0.0, 0.0, 1.0],
                [0.999901, 0.0, 0.014095, -0.005325, 0.014095, 0.0, -0.999901, 0.000848, 0.0, 1.0, 0.0, 0.605819, 0.0, 0.0, 0.0, 1.0],
                [0.998362, 0.0, 0.057204, -0.021736, 0.057204, 0.0, -0.998362, 0.00055, 0.0, 1.0, 0.0, 0.612435, 0.0, 0.0, 0.0, 1.0],
                [0.991567, 0.0, 0.129597, -0.049656, 0.129597, 0.0, -0.991567, 5.7e-05, 0.0, 1.0, 0.0, 0.623387, 0.0, 0.0, 0.0, 1.0],
                [0.973354, 0.0, 0.229307, -0.088985, 0.229307, 0.0, -0.973354, -0.000614, 0.0, 1.0, 0.0, 0.638307, 0.0, 0.0, 0.0, 1.0],
                [0.936421, 0.0, 0.350878, -0.138896, 0.350878, 0.0, -0.936421, -0.001431, 0.0, 1.0, 0.0, 0.656466, 0.0, 0.0, 0.0, 1.0],
                [0.874602, 0.0, 0.484842, -0.197696, 0.484842, 0.0, -0.874602, -0.002345, 0.0, 1.0, 0.0, 0.676766, 0.0, 0.0, 0.0, 1.0],
                [0.785443, 0.0, 0.618934, -0.262889, 0.618934, 0.0, -0.785443, -0.003292, 0.0, 1.0, 0.0, 0.697816, 0.0, 0.0, 0.0, 1.0],
                [0.671512, 0.0, 0.740993, -0.331463, 0.740993, 0.0, -0.671512, -0.004205, 0.0, 1.0, 0.0, 0.718116, 0.0, 0.0, 0.0, 1.0],
                [0.539413, 0.0, 0.842041, -0.40034, 0.842041, 0.0, -0.539413, -0.005022, 0.0, 1.0, 0.0, 0.736275, 0.0, 0.0, 0.0, 1.0],
                [0.397214, 0.0, 0.917726, -0.466802, 0.917726, 0.0, -0.397214, -0.005694, 0.0, 1.0, 0.0, 0.751194, 0.0, 0.0, 0.0, 1.0],
                [0.252008, 0.0, 0.967725, -0.528766, 0.967725, 0.0, -0.252008, -0.006187, 0.0, 1.0, 0.0, 0.762147, 0.0, 0.0, 0.0, 1.0],
                [0.108675, 0.0, 0.994077, -0.584841, 0.994077, 0.0, -0.108675, -0.006484, 0.0, 1.0, 0.0, 0.768763, 0.0, 0.0, 0.0, 1.0],
                [-0.030166, 0.0, 0.999545, -0.634255, 0.999545, 0.0, 0.030166, -0.006583, 0.0, 1.0, 0.0, 0.770953, 0.0, 0.0, 0.0, 1.0],
                [-0.204306, 0.0, 0.978908, -0.679788, 0.978908, 0.0, 0.204306, -0.006583, 0.0, 1.0, 0.0, 0.770953, 0.0, 0.0, 0.0, 1.0],
                [-0.458892, 0.0, 0.888493, -0.724413, 0.888493, 0.0, 0.458892, -0.006583, 0.0, 1.0, 0.0, 0.770953, 0.0, 0.0, 0.0, 1.0],
                [-0.759372, 0.0, 0.650656, -0.76808, 0.650656, 0.0, 0.759372, -0.006583, 0.0, 1.0, 0.0, 0.770953, 0.0, 0.0, 0.0, 1.0],
                [-0.974033, 0.0, 0.226404, -0.810877, 0.226404, 0.0, 0.974033, -0.006583, 0.0, 1.0, 0.0, 0.770953, 0.0, 0.0, 0.0, 1.0],
                [-0.966426, 0.0, -0.256944, -0.853059, -0.256944, 0.0, 0.966426, -0.006583, 0.0, 1.0, 0.0, 0.770953, 0.0, 0.0, 0.0, 1.0],
                [-0.7908, 0.0, -0.612076, -0.894974, -0.612076, 0.0, 0.7908, -0.006583, 0.0, 1.0, 0.0, 0.770953, 0.0, 0.0, 0.0, 1.0],
                [-0.596574, 0.0, -0.802558, -0.936936, -0.802558, 0.0, 0.596574, -0.006583, 0.0, 1.0, 0.0, 0.770953, 0.0, 0.0, 0.0, 1.0],
                [-0.461169, 0.0, -0.887313, -0.979155, -0.887313, 0.0, 0.461169, -0.006583, 0.0, 1.0, 0.0, 0.770953, 0.0, 0.0, 0.0, 1.0],
                [-0.300825, 0.0, -0.953679, -1.016816, -0.953679, 0.0, 0.300825, -0.006942, 0.0, 1.0, 0.0, 0.770953, 0.0, 0.0, 0.0, 1.0],
                [0.049236, 0.0, -0.998787, -1.046392, -0.998787, 0.0, -0.049236, -0.008007, 0.0, 1.0, 0.0, 0.770953, 0.0, 0.0, 0.0, 1.0],
                [0.659735, 0.0, -0.751498, -1.072239, -0.751498, 0.0, -0.659735, -0.009628, 0.0, 1.0, 0.0, 0.770953, 0.0, 0.0, 0.0, 1.0],
                [0.990925, 0.0, 0.134417, -1.101584, 0.134417, 0.0, -0.990925, -0.011467, 0.0, 1.0, 0.0, 0.770953, 0.0, 0.0, 0.0, 1.0],
                [0.56453, 0.0, 0.825413, -1.14202, 0.825413, 0.0, -0.56453, -0.013088, 0.0, 1.0, 0.0, 0.770953, 0.0, 0.0, 0.0, 1.0],
                [0.150511, 0.0, 0.988609, -1.198166, 0.988609, 0.0, -0.150511, -0.014152, 0.0, 1.0, 0.0, 0.770953, 0.0, 0.0, 0.0, 1.0],
                [-0.027178, 0.0, 0.999631, -1.270806, 0.999631, 0.0, 0.027178, -0.014512, 0.0, 1.0, 0.0, 0.770953, 0.0, 0.0, 0.0, 1.0],
                [-0.177216, 0.0, 0.984172, -1.362531, 0.984172, 0.0, 0.177216, -0.013008, 0.0, 1.0, 0.0, 0.770953, 0.0, 0.0, 0.0, 1.0],
                [-0.482145, 0.0, 0.876092, -1.4768, 0.876092, 0.0, 0.482145, -0.00863, 0.0, 1.0, 0.0, 0.770953, 0.0, 0.0, 0.0, 1.0],
                [-0.866207, 0.0, 0.499686, -1.608543, 0.499686, 0.0, 0.866207, -0.002335, 0.0, 1.0, 0.0, 0.770953, 0.0, 0.0, 0.0, 1.0],
                [-0.987732, 0.0, -0.156154, -1.745483, -0.156154, 0.0, 0.987732, 0.003959, 0.0, 1.0, 0.0, 0.770953, 0.0, 0.0, 0.0, 1.0],
                [-0.741106, 0.0, -0.671388, -1.874037, -0.671388, 0.0, 0.741106, 0.008337, 0.0, 1.0, 0.0, 0.770953, 0.0, 0.0, 0.0, 1.0],
                [-0.453278, 0.0, -0.891369, -1.986343, -0.891369, 0.0, 0.453278, 0.009841, 0.0, 1.0, 0.0, 0.770953, 0.0, 0.0, 0.0, 1.0],
                [-0.164808, 0.0, -0.986326, -2.081584, -0.986326, 0.0, 0.164808, -0.018053, 0.0, 1.0, 0.0, 0.769445, 0.0, 0.0, 0.0, 1.0],
                [0.259469, 0.0, -0.965752, -2.164064, -0.965752, 0.0, -0.259469, -0.077742, 0.0, 1.0, 0.0, 0.765439, 0.0, 0.0, 0.0, 1.0],
                [0.682794, 0.0, -0.730611, -2.24816, -0.730611, 0.0, -0.682794, -0.105636, 0.0, 1.0, 0.0, 0.761529, 0.0, 0.0, 0.0, 1.0],
                [0.959687, 0.0, -0.281071, -2.332899, -0.281071, 0.0, -0.959687, -0.052177, 0.0, 1.0, 0.0, 0.75762, 0.0, 0.0, 0.0, 1.0],
                [0.952755, 0.0, 0.303741, -2.41818, 0.303741, 0.0, -0.952755, 0.078468, 0.0, 1.0, 0.0, 0.753614, 0.0, 0.0, 0.0, 1.0],
                [0.722227, 0.0, 0.691657, -2.518454, 0.691657, 0.0, -0.722227, 0.182016, 0.0, 1.0, 0.0, 0.752106, 0.0, 0.0, 0.0, 1.0],
                [0.439116, 0.0, 0.89843, -2.636326, 0.89843, 0.0, -0.439116, 0.241556, 0.0, 1.0, 0.0, 0.752106, 0.0, 0.0, 0.0, 1.0],
                [0.081052, 0.0, 0.99671, -2.769208, 0.99671, 0.0, -0.081052, 0.278031, 0.0, 1.0, 0.0, 0.752106, 0.0, 0.0, 0.0, 1.0],
                [-0.303797, 0.0, 0.952737, -2.902198, 0.952737, 0.0, 0.303797, 0.287483, 0.0, 1.0, 0.0, 0.752106, 0.0, 0.0, 0.0, 1.0],
                [-0.66848, 0.0, 0.74373, -3.036151, 0.74373, 0.0, 0.66848, 0.2422, 0.0, 1.0, 0.0, 0.752106, 0.0, 0.0, 0.0, 1.0],
                [-0.94242, 0.0, 0.334433, -3.175512, 0.334433, 0.0, 0.94242, 0.114697, 0.0, 1.0, 0.0, 0.752106, 0.0, 0.0, 0.0, 1.0],
                [-0.988675, 0.0, -0.150073, -3.306919, -0.150073, 0.0, 0.988675, -0.037241, 0.0, 1.0, 0.0, 0.752106, 0.0, 0.0, 0.0, 1.0],
                [-0.85497, 0.0, -0.518678, -3.420794, -0.518678, 0.0, 0.85497, -0.144207, 0.0, 1.0, 0.0, 0.752106, 0.0, 0.0, 0.0, 1.0],
                [-0.6247, 0.0, -0.780865, -3.513146, -0.780865, 0.0, 0.6247, -0.210791, 0.0, 1.0, 0.0, 0.752106, 0.0, 0.0, 0.0, 1.0],
                [-0.247922, 0.0, -0.96878, -3.585701, -0.96878, 0.0, 0.247922, -0.251227, 0.0, 1.0, 0.0, 0.752106, 0.0, 0.0, 0.0, 1.0],
                [0.235499, 0.0, -0.971875, -3.660941, -0.971875, 0.0, -0.235499, -0.261602, 0.0, 1.0, 0.0, 0.752106, 0.0, 0.0, 0.0, 1.0],
                [0.722997, 0.0, -0.690852, -3.736503, -0.690852, 0.0, -0.722997, -0.220075, 0.0, 1.0, 0.0, 0.752106, 0.0, 0.0, 0.0, 1.0],
                [0.996888, 0.0, -0.078828, -3.806089, -0.078828, 0.0, -0.996888, -0.10359, 0.0, 1.0, 0.0, 0.752106, 0.0, 0.0, 0.0, 1.0],
                [0.861512, 0.0, 0.507737, -3.889643, 0.507737, 0.0, -0.861512, 0.034107, 0.0, 1.0, 0.0, 0.752106, 0.0, 0.0, 0.0, 1.0],
                [0.579013, 0.0, 0.815318, -4.000467, 0.815318, 0.0, -0.579013, 0.129181, 0.0, 1.0, 0.0, 0.752106, 0.0, 0.0, 0.0, 1.0],
                [0.262162, 0.0, 0.965024, -4.143382, 0.965024, 0.0, -0.262162, 0.184078, 0.0, 1.0, 0.0, 0.752106, 0.0, 0.0, 0.0, 1.0],
                [-0.180018, 0.0, 0.983663, -4.317726, 0.983663, 0.0, 0.180018, 0.212966, 0.0, 1.0, 0.0, 0.752106, 0.0, 0.0, 0.0, 1.0],
                [-0.633074, 0.0, 0.774091, -4.49281, 0.774091, 0.0, 0.633074, 0.219067, 0.0, 1.0, 0.0, 0.752106, 0.0, 0.0, 0.0, 1.0],
                [-0.945481, 0.0, 0.325677, -4.663665, 0.325677, 0.0, 0.945481, 0.144515, 0.0, 1.0, 0.0, 0.752106, 0.0, 0.0, 0.0, 1.0],
                [-0.957793, 0.0, -0.287459, -4.83687, -0.287459, 0.0, 0.957793, -0.037506, 0.0, 1.0, 0.0, 0.752106, 0.0, 0.0, 0.0, 1.0],
                [-0.702995, 0.0, -0.711195, -4.99994, -0.711195, 0.0, 0.702995, -0.181375, 0.0, 1.0, 0.0, 0.752106, 0.0, 0.0, 0.0, 1.0],
                [-0.281062, 0.0, -0.95969, -5.157648, -0.95969, 0.0, 0.281062, -0.255786, 0.0, 1.0, 0.0, 0.752106, 0.0, 0.0, 0.0, 1.0],
                [0.348098, 0.0, -0.937458, -5.287436, -0.937458, 0.0, -0.348098, -0.277099, 0.0, 1.0, 0.0, 0.752106, 0.0, 0.0, 0.0, 1.0],
                [0.839784, 0.0, -0.542921, -5.36504, -0.542921, 0.0, -0.839784, -0.204037, 0.0, 1.0, 0.0, 0.752106, 0.0, 0.0, 0.0, 1.0],
                [0.997419, 0.0, 0.071806, -5.412989, 0.071806, 0.0, -0.997419, -0.047693, 0.0, 1.0, 0.0, 0.752106, 0.0, 0.0, 0.0, 1.0],
                [0.84139, 0.0, 0.540429, -5.508509, 0.540429, 0.0, -0.84139, 0.02537, 0.0, 1.0, 0.0, 0.752106, 0.0, 0.0, 0.0, 1.0],
                [0.451694, 0.0, 0.892173, -5.665961, 0.892173, 0.0, -0.451694, 0.015165, 0.0, 1.0, 0.0, 0.752106, 0.0, 0.0, 0.0, 1.0],
                [-0.397976, 0.0, 0.917396, -5.86871, 0.917396, 0.0, 0.397976, -0.018004, 0.0, 1.0, 0.0, 0.752106, 0.0, 0.0, 0.0, 1.0],
                [-0.991553, 0.0, 0.1297, -6.083398, 0.1297, 0.0, 0.991553, -0.068648, 0.0, 1.0, 0.0, 0.752106, 0.0, 0.0, 0.0, 1.0],
                [-0.848032, 0.0, -0.529944, -6.270988, -0.529944, 0.0, 0.848032, -0.122967, 0.0, 1.0, 0.0, 0.752106, 0.0, 0.0, 0.0, 1.0],
                [-0.456025, 0.0, -0.889967, -6.42376, -0.889967, 0.0, 0.456025, -0.206448, 0.0, 1.0, 0.0, 0.748798, 0.0, 0.0, 0.0, 1.0],
                [0.249311, 0.0, -0.968423, -6.562075, -0.968423, 0.0, -0.249311, -0.259136, 0.0, 1.0, 0.0, 0.742121, 0.0, 0.0, 0.0, 1.0],
                [0.892417, 0.0, -0.451212, -6.703319, -0.451212, 0.0, -0.892417, -0.130168, 0.0, 1.0, 0.0, 0.735603, 0.0, 0.0, 0.0, 1.0],
                [0.942893, 0.0, 0.333097, -6.848055, 0.333097, 0.0, -0.942893, 0.058148, 0.0, 1.0, 0.0, 0.729792, 0.0, 0.0, 0.0, 1.0],
                [0.617119, 0.0, 0.78687, -7.013247, 0.78687, 0.0, -0.617119, 0.192081, 0.0, 1.0, 0.0, 0.72713, 0.0, 0.0, 0.0, 1.0],
                [0.253472, 0.0, 0.967343, -7.210952, 0.967343, 0.0, -0.253472, 0.233973, 0.0, 1.0, 0.0, 0.72713, 0.0, 0.0, 0.0, 1.0],
                [-0.19043, 0.0, 0.981701, -7.43113, 0.981701, 0.0, 0.19043, 0.251196, 0.0, 1.0, 0.0, 0.72713, 0.0, 0.0, 0.0, 1.0],
                [-0.607253, 0.0, 0.794509, -7.646557, 0.794509, 0.0, 0.607253, 0.253197, 0.0, 1.0, 0.0, 0.72713, 0.0, 0.0, 0.0, 1.0],
                [-0.913819, 0.0, 0.406122, -7.860242, 0.406122, 0.0, 0.913819, 0.183812, 0.0, 1.0, 0.0, 0.72713, 0.0, 0.0, 0.0, 1.0],
                [-0.987767, 0.0, -0.155935, -8.071275, -0.155935, 0.0, 0.987767, 0.014161, 0.0, 1.0, 0.0, 0.72713, 0.0, 0.0, 0.0, 1.0],
                [-0.809629, 0.0, -0.586943, -8.250543, -0.586943, 0.0, 0.809629, -0.120496, 0.0, 1.0, 0.0, 0.72713, 0.0, 0.0, 0.0, 1.0],
                [-0.511791, 0.0, -0.85911, -8.392344, -0.85911, 0.0, 0.511791, -0.198363, 0.0, 1.0, 0.0, 0.72713, 0.0, 0.0, 0.0, 1.0],
                [-0.032466, 0.0, -0.999473, -8.502213, -0.999473, 0.0, 0.032466, -0.246491, 0.0, 1.0, 0.0, 0.72713, 0.0, 0.0, 0.0, 1.0],
                [0.50036, 0.0, -0.865817, -8.613729, -0.865817, 0.0, -0.50036, -0.259087, 0.0, 1.0, 0.0, 0.72713, 0.0, 0.0, 0.0, 1.0],
                [0.899142, 0.0, -0.437658, -8.725254, -0.437658, 0.0, -0.899142, -0.191111, 0.0, 1.0, 0.0, 0.72713, 0.0, 0.0, 0.0, 1.0],
                [0.982974, 0.0, 0.183745, -8.835896, 0.183745, 0.0, -0.982974, -0.025142, 0.0, 1.0, 0.0, 0.72713, 0.0, 0.0, 0.0, 1.0],
                [0.778658, 0.0, 0.627448, -8.980028, 0.627448, 0.0, -0.778658, 0.106055, 0.0, 1.0, 0.0, 0.72713, 0.0, 0.0, 0.0, 1.0],
                [0.466619, 0.0, 0.884459, -9.164859, 0.884459, 0.0, -0.466619, 0.180706, 0.0, 1.0, 0.0, 0.72713, 0.0, 0.0, 0.0, 1.0],
                [0.019373, 0.0, 0.999812, -9.383241, 0.999812, 0.0, -0.019373, 0.225674, 0.0, 1.0, 0.0, 0.72713, 0.0, 0.0, 0.0, 1.0],
                [-0.451843, 0.0, 0.892098, -9.599138, 0.892098, 0.0, 0.451843, 0.237104, 0.0, 1.0, 0.0, 0.72713, 0.0, 0.0, 0.0, 1.0],
                [-0.829674, 0.0, 0.558248, -9.814959, 0.558248, 0.0, 0.829674, 0.169906, 0.0, 1.0, 0.0, 0.72713, 0.0, 0.0, 0.0, 1.0],
                [-0.999431, 0.0, 0.033735, -10.031057, 0.033735, 0.0, 0.999431, 0.00533, 0.0, 1.0, 0.0, 0.72713, 0.0, 0.0, 0.0, 1.0],
                [-0.904525, 0.0, -0.426422, -10.209265, -0.426422, 0.0, 0.904525, -0.125919, 0.0, 1.0, 0.0, 0.72713, 0.0, 0.0, 0.0, 1.0],
                [-0.641928, 0.0, -0.766765, -10.341076, -0.766765, 0.0, 0.641928, -0.203221, 0.0, 1.0, 0.0, 0.72713, 0.0, 0.0, 0.0, 1.0],
                [-0.159802, 0.0, -0.987149, -10.43483, -0.987149, 0.0, 0.159802, -0.252353, 0.0, 1.0, 0.0, 0.72713, 0.0, 0.0, 0.0, 1.0],
                [0.408733, 0.0, -0.912654, -10.533158, -0.912654, 0.0, -0.408733, -0.265603, 0.0, 1.0, 0.0, 0.72713, 0.0, 0.0, 0.0, 1.0],
                [0.856944, 0.0, -0.515409, -10.632751, -0.515409, 0.0, -0.856944, -0.186393, 0.0, 1.0, 0.0, 0.72713, 0.0, 0.0, 0.0, 1.0],
                [0.995513, 0.0, 0.094627, -10.733668, 0.094627, 0.0, -0.995513, 0.005003, 0.0, 1.0, 0.0, 0.72713, 0.0, 0.0, 0.0, 1.0],
                [0.832665, 0.0, 0.553777, -10.880489, 0.553777, 0.0, -0.832665, 0.15171, 0.0, 1.0, 0.0, 0.72713, 0.0, 0.0, 0.0, 1.0],
                [0.530606, 0.0, 0.847618, -11.082284, 0.847618, 0.0, -0.530606, 0.224776, 0.0, 1.0, 0.0, 0.72713, 0.0, 0.0, 0.0, 1.0],
                [0.03654, 0.0, 0.999332, -11.330148, 0.999332, 0.0, -0.03654, 0.258587, 0.0, 1.0, 0.0, 0.72713, 0.0, 0.0, 0.0, 1.0],
                [-0.50592, 0.0, 0.862581, -11.575063, 0.862581, 0.0, 0.50592, 0.264155, 0.0, 1.0, 0.0, 0.72713, 0.0, 0.0, 0.0, 1.0],
                [-0.897035, 0.0, 0.441961, -11.806562, 0.441961, 0.0, 0.897035, 0.186272, 0.0, 1.0, 0.0, 0.72713, 0.0, 0.0, 0.0, 1.0],
                [-0.987999, 0.0, -0.154459, -12.037168, -0.154459, 0.0, 0.987999, -0.004923, 0.0, 1.0, 0.0, 0.72713, 0.0, 0.0, 0.0, 1.0],
                [-0.799826, 0.0, -0.600233, -12.260827, -0.600233, 0.0, 0.799826, -0.158436, 0.0, 1.0, 0.0, 0.72713, 0.0, 0.0, 0.0, 1.0],
                [-0.480196, -0.000623, -0.877161, -12.460024, -0.877161, -0.000368, 0.480197, -0.251174, -0.000622, 1.0, -0.00037, 0.72713, 0.0, 0.0, 0.0, 1.0],
                [-0.024254, -0.001958, -0.999704, -12.650171, -0.999704, -0.001906, 0.024258, -0.312319, -0.001953, 0.999996, -0.001911, 0.72713, 0.0, 0.0, 0.0, 1.0],
                [0.387085, -0.002641, -0.92204, -12.893867, -0.92204, -0.003963, -0.387074, -0.329427, -0.002632, 0.999989, -0.003969, 0.72713, 0.0, 0.0, 0.0, 1.0],
                [0.685706, -0.002617, -0.727874, -13.228009, -0.727874, -0.006042, -0.685684, -0.261582, -0.002603, 0.999978, -0.006048, 0.72713, 0.0, 0.0, 0.0, 1.0],
                [0.885938, -0.002063, -0.463799, -13.618444, -0.463799, -0.008346, -0.885901, -0.104313, -0.002043, 0.999963, -0.008351, 0.72713, 0.0, 0.0, 0.0, 1.0],
                [0.968749, -0.001272, -0.248041, -13.928877, -0.248041, -0.01, -0.968698, 0.000794, -0.001248, 0.999949, -0.010003, 0.72713, 0.0, 0.0, 0.0, 1.0],
                [0.994823, -0.000572, -0.101619, -14.159101, -0.101619, -0.010975, -0.994763, 0.042654, -0.000546, 0.99994, -0.010976, 0.692245, 0.0, 0.0, 0.0, 1.0],
                [0.999902, -9.4e-05, -0.014025, -14.338702, -0.014025, -0.011498, -0.999836, 0.067395, -6.7e-05, 0.999934, -0.011498, 0.600051, 0.0, 0.0, 0.0, 1.0],
                [0.999869, 8.1e-05, 0.016166, -14.45483, 0.016165, -0.011667, -0.999801, 0.075938, 0.000108, 0.999932, -0.011667, 0.505302, 0.0, 0.0, 0.0, 1.0],
                [0.999808, 0.000101, 0.019592, -14.524821, 0.019592, -0.011686, -0.99974, 0.07691, 0.000128, 0.999932, -0.011686, 0.463972, 0.0, 0.0, 0.0, 1.0],
                [0.999808, 0.000101, 0.019592, -14.577943, 0.019592, -0.011686, -0.99974, 0.07691, 0.000128, 0.999932, -0.011686, 0.456682, 0.0, 0.0, 0.0, 1.0],
                [0.999808, 0.000101, 0.019592, -14.624545, 0.019592, -0.011686, -0.99974, 0.07691, 0.000128, 0.999932, -0.011686, 0.450286, 0.0, 0.0, 0.0, 1.0],
                [0.999808, 0.000101, 0.019592, -14.663522, 0.019592, -0.011686, -0.99974, 0.07691, 0.000128, 0.999932, -0.011686, 0.444938, 0.0, 0.0, 0.0, 1.0],
                [0.999808, 0.000101, 0.019592, -14.694083, 0.019592, -0.011686, -0.99974, 0.07691, 0.000128, 0.999932, -0.011686, 0.440744, 0.0, 0.0, 0.0, 1.0],
                [0.999808, 0.000101, 0.019592, -14.716104, 0.019592, -0.011686, -0.99974, 0.07691, 0.000128, 0.999932, -0.011686, 0.437722, 0.0, 0.0, 0.0, 1.0],
                [0.999808, 0.000101, 0.019592, -14.73035, 0.019592, -0.011686, -0.99974, 0.07691, 0.000128, 0.999932, -0.011686, 0.435767, 0.0, 0.0, 0.0, 1.0],
                [0.999808, 0.000101, 0.019592, -14.73837, 0.019592, -0.011686, -0.99974, 0.07691, 0.000128, 0.999932, -0.011686, 0.434666, 0.0, 0.0, 0.0, 1.0],
                [0.999808, 0.000101, 0.019592, -14.742073, 0.019592, -0.011686, -0.99974, 0.07691, 0.000128, 0.999932, -0.011686, 0.434158, 0.0, 0.0, 0.0, 1.0],
                [0.999808, 0.000101, 0.019592, -14.743279, 0.019592, -0.011686, -0.99974, 0.07691, 0.000128, 0.999932, -0.011686, 0.433992, 0.0, 0.0, 0.0, 1.0],
                [0.999808, 0.000101, 0.019592, -14.74343, 0.019592, -0.011686, -0.99974, 0.07691, 0.000128, 0.999932, -0.011686, 0.433972, 0.0, 0.0, 0.0, 1.0],
                [0.999808, 0.000101, 0.019592, -14.742829, 0.019592, -0.011686, -0.99974, 0.076922, 0.000128, 0.999932, -0.011686, 0.434069, 0.0, 0.0, 0.0, 1.0],
                [0.999808, 0.000101, 0.019592, -14.741015, 0.019592, -0.011686, -0.99974, 0.076958, 0.000128, 0.999932, -0.011686, 0.43437, 0.0, 0.0, 0.0, 1.0],
                [0.999808, 0.000101, 0.019592, -14.737977, 0.019592, -0.011686, -0.99974, 0.077021, 0.000128, 0.999932, -0.011686, 0.434887, 0.0, 0.0, 0.0, 1.0],
                [0.999808, 0.000101, 0.019592, -14.733716, 0.019592, -0.011686, -0.99974, 0.077111, 0.000128, 0.999932, -0.011686, 0.435635, 0.0, 0.0, 0.0, 1.0],
                [0.999808, 0.000101, 0.019592, -14.728251, 0.019592, -0.011686, -0.99974, 0.07723, 0.000128, 0.999932, -0.011686, 0.436624, 0.0, 0.0, 0.0, 1.0],
                [0.999808, 0.000101, 0.019592, -14.721614, 0.019592, -0.011686, -0.99974, 0.077378, 0.000128, 0.999932, -0.011686, 0.437868, 0.0, 0.0, 0.0, 1.0],
                [0.999808, 0.000101, 0.019592, -14.713861, 0.019592, -0.011686, -0.99974, 0.077555, 0.000128, 0.999932, -0.011686, 0.439377, 0.0, 0.0, 0.0, 1.0],
                [0.999808, 0.000101, 0.019592, -14.70507, 0.019592, -0.011686, -0.99974, 0.077763, 0.000128, 0.999932, -0.011686, 0.441157, 0.0, 0.0, 0.0, 1.0],
                [0.999808, 0.000101, 0.019592, -14.69534, 0.019592, -0.011686, -0.99974, 0.078002, 0.000128, 0.999932, -0.011686, 0.443215, 0.0, 0.0, 0.0, 1.0],
                [0.999808, 0.000101, 0.019592, -14.684801, 0.019592, -0.011686, -0.99974, 0.07827, 0.000128, 0.999932, -0.011686, 0.445552, 0.0, 0.0, 0.0, 1.0],
                [0.999808, 0.000101, 0.019592, -14.673603, 0.019592, -0.011686, -0.99974, 0.078566, 0.000128, 0.999932, -0.011686, 0.448167, 0.0, 0.0, 0.0, 1.0],
                [0.999808, 0.000101, 0.019592, -14.661917, 0.019592, -0.011686, -0.99974, 0.078891, 0.000128, 0.999932, -0.011686, 0.451054, 0.0, 0.0, 0.0, 1.0],
                [0.999808, 0.000101, 0.019592, -14.649931, 0.019592, -0.011686, -0.99974, 0.079241, 0.000128, 0.999932, -0.011686, 0.454201, 0.0, 0.0, 0.0, 1.0],
                [0.999808, 0.000101, 0.019592, -14.637843, 0.019592, -0.011686, -0.99974, 0.079614, 0.000128, 0.999932, -0.011686, 0.457594, 0.0, 0.0, 0.0, 1.0],
                [0.999808, 0.000101, 0.019592, -14.625857, 0.019592, -0.011686, -0.99974, 0.080007, 0.000128, 0.999932, -0.011686, 0.461215, 0.0, 0.0, 0.0, 1.0],
                [0.999808, 0.000101, 0.019592, -14.61417, 0.019592, -0.011686, -0.99974, 0.080418, 0.000128, 0.999932, -0.011686, 0.465042, 0.0, 0.0, 0.0, 1.0],
                [0.999808, 0.000101, 0.019592, -14.602972, 0.019592, -0.011686, -0.99974, 0.080843, 0.000128, 0.999932, -0.011686, 0.469051, 0.0, 0.0, 0.0, 1.0],
                [0.999808, 0.000101, 0.019592, -14.592434, 0.019592, -0.011686, -0.99974, 0.08128, 0.000128, 0.999932, -0.011686, 0.473217, 0.0, 0.0, 0.0, 1.0],
                [0.999808, 0.000101, 0.019592, -14.582705, 0.019592, -0.011686, -0.99974, 0.081725, 0.000128, 0.999932, -0.011686, 0.477515, 0.0, 0.0, 0.0, 1.0],
                [0.999808, 0.000101, 0.019592, -14.573914, 0.019592, -0.011686, -0.99974, 0.082174, 0.000128, 0.999932, -0.011686, 0.481919, 0.0, 0.0, 0.0, 1.0],
                [0.999808, 0.000101, 0.019592, -14.56616, 0.019592, -0.011686, -0.99974, 0.082627, 0.000128, 0.999932, -0.011686, 0.486406, 0.0, 0.0, 0.0, 1.0],
                [0.999808, 0.000101, 0.019592, -14.559524, 0.019592, -0.011686, -0.99974, 0.083079, 0.000128, 0.999932, -0.011686, 0.490954, 0.0, 0.0, 0.0, 1.0],
                [0.999808, 0.000101, 0.019592, -14.554058, 0.019592, -0.011686, -0.99974, 0.083529, 0.000128, 0.999932, -0.011686, 0.495542, 0.0, 0.0, 0.0, 1.0],
                [0.999808, 0.000101, 0.019592, -14.549798, 0.019592, -0.011686, -0.99974, 0.083975, 0.000128, 0.999932, -0.011686, 0.500152, 0.0, 0.0, 0.0, 1.0],
                [0.999808, 0.000101, 0.019592, -14.54676, 0.019592, -0.011686, -0.99974, 0.084416, 0.000128, 0.999932, -0.011686, 0.504769, 0.0, 0.0, 0.0, 1.0],
                [0.999808, 0.000101, 0.019592, -14.544945, 0.019592, -0.011686, -0.99974, 0.084849, 0.000128, 0.999932, -0.011686, 0.509379, 0.0, 0.0, 0.0, 1.0],
                [0.999808, 0.000101, 0.019592, -14.544344, 0.019592, -0.011686, -0.99974, 0.085276, 0.000128, 0.999932, -0.011686, 0.513972, 0.0, 0.0, 0.0, 1.0],
                [0.999808, 0.000101, 0.019592, -14.545052, 0.019592, -0.011686, -0.99974, 0.085709, 0.000128, 0.999932, -0.011686, 0.518682, 0.0, 0.0, 0.0, 1.0],
                [0.999808, 0.000101, 0.019592, -14.547247, 0.019592, -0.011686, -0.99974, 0.086165, 0.000128, 0.999932, -0.011686, 0.523662, 0.0, 0.0, 0.0, 1.0],
                [0.999808, 0.000101, 0.019592, -14.551033, 0.019592, -0.011686, -0.99974, 0.086645, 0.000128, 0.999932, -0.011686, 0.528918, 0.0, 0.0, 0.0, 1.0],
                [0.999808, 0.000101, 0.019592, -14.556499, 0.019592, -0.011686, -0.99974, 0.087148, 0.000128, 0.999932, -0.011686, 0.534454, 0.0, 0.0, 0.0, 1.0],
                [0.999808, 0.000101, 0.019592, -14.563711, 0.019592, -0.011686, -0.99974, 0.087673, 0.000128, 0.999932, -0.011686, 0.540266, 0.0, 0.0, 0.0, 1.0],
                [0.999808, 0.000101, 0.019592, -14.572705, 0.019592, -0.011686, -0.99974, 0.088219, 0.000128, 0.999932, -0.011686, 0.546343, 0.0, 0.0, 0.0, 1.0],
                [0.999808, 0.000101, 0.019592, -14.583467, 0.019592, -0.011686, -0.99974, 0.088782, 0.000128, 0.999932, -0.011686, 0.552663, 0.0, 0.0, 0.0, 1.0],
                [0.999808, 0.000101, 0.019592, -14.595933, 0.019592, -0.011686, -0.99974, 0.08936, 0.000128, 0.999932, -0.011686, 0.559195, 0.0, 0.0, 0.0, 1.0],
                [0.999808, 0.000101, 0.019592, -14.609978, 0.019592, -0.011686, -0.99974, 0.089949, 0.000128, 0.999932, -0.011686, 0.565897, 0.0, 0.0, 0.0, 1.0],
                [0.999808, 0.000101, 0.019592, -14.625422, 0.019592, -0.011686, -0.99974, 0.090542, 0.000128, 0.999932, -0.011686, 0.572719, 0.0, 0.0, 0.0, 1.0],
                [0.999808, 0.000101, 0.019592, -14.642044, 0.019592, -0.011686, -0.99974, 0.091136, 0.000128, 0.999932, -0.011686, 0.579607, 0.0, 0.0, 0.0, 1.0],
                [0.999808, 0.000101, 0.019592, -14.659589, 0.019592, -0.011686, -0.99974, 0.091725, 0.000128, 0.999932, -0.011686, 0.586507, 0.0, 0.0, 0.0, 1.0],
                [0.999808, 0.000101, 0.019592, -14.677794, 0.019592, -0.011686, -0.99974, 0.092305, 0.000128, 0.999932, -0.011686, 0.593367, 0.0, 0.0, 0.0, 1.0],
                [0.999808, 0.000101, 0.019592, -14.696403, 0.019592, -0.011686, -0.99974, 0.092871, 0.000128, 0.999932, -0.011686, 0.600141, 0.0, 0.0, 0.0, 1.0],
                [0.999808, 0.000101, 0.019592, -14.715184, 0.019592, -0.011686, -0.99974, 0.093421, 0.000128, 0.999932, -0.011686, 0.606792, 0.0, 0.0, 0.0, 1.0],
                [0.999808, 0.000101, 0.019592, -14.733938, 0.019592, -0.011686, -0.99974, 0.093953, 0.000128, 0.999932, -0.011686, 0.613291, 0.0, 0.0, 0.0, 1.0],
                [0.999808, 0.000101, 0.019592, -14.752499, 0.019592, -0.011686, -0.99974, 0.094464, 0.000128, 0.999932, -0.011686, 0.619618, 0.0, 0.0, 0.0, 1.0],
                [0.999808, 0.000101, 0.019592, -14.770738, 0.019592, -0.011686, -0.99974, 0.094955, 0.000128, 0.999932, -0.011686, 0.625761, 0.0, 0.0, 0.0, 1.0],
                [0.999808, 0.000101, 0.019592, -14.788556, 0.019592, -0.011686, -0.99974, 0.095425, 0.000128, 0.999932, -0.011686, 0.631712, 0.0, 0.0, 0.0, 1.0],
                [0.999808, 0.000101, 0.019592, -14.807091, 0.019592, -0.011686, -0.99974, 0.095885, 0.000128, 0.999932, -0.011686, 0.637642, 0.0, 0.0, 0.0, 1.0],
                [0.999808, 0.000101, 0.019592, -14.827544, 0.019592, -0.011686, -0.99974, 0.096343, 0.000128, 0.999932, -0.011686, 0.643703, 0.0, 0.0, 0.0, 1.0],
                [0.999808, 0.000101, 0.019592, -14.849831, 0.019592, -0.011686, -0.99974, 0.096795, 0.000128, 0.999932, -0.011686, 0.64985, 0.0, 0.0, 0.0, 1.0],
                [0.999808, 0.000101, 0.019592, -14.873683, 0.019592, -0.011686, -0.99974, 0.097235, 0.000128, 0.999932, -0.011686, 0.656011, 0.0, 0.0, 0.0, 1.0],
                [0.999808, 0.000101, 0.019592, -14.898605, 0.019592, -0.011686, -0.99974, 0.097658, 0.000128, 0.999932, -0.011686, 0.662091, 0.0, 0.0, 0.0, 1.0],
                [0.999808, 0.000101, 0.019592, -14.923912, 0.019592, -0.011686, -0.99974, 0.098059, 0.000128, 0.999932, -0.011686, 0.667984, 0.0, 0.0, 0.0, 1.0],
                [0.999808, 0.000101, 0.019592, -14.948837, 0.019592, -0.011686, -0.99974, 0.098433, 0.000128, 0.999932, -0.011686, 0.673593, 0.0, 0.0, 0.0, 1.0],
                [0.999808, 0.000101, 0.019592, -14.972695, 0.019592, -0.011686, -0.99974, 0.098779, 0.000128, 0.999932, -0.011686, 0.678849, 0.0, 0.0, 0.0, 1.0],
                [0.999808, 0.000101, 0.019592, -14.994993, 0.019592, -0.011686, -0.99974, 0.099099, 0.000128, 0.999932, -0.011686, 0.683722, 0.0, 0.0, 0.0, 1.0],
                [0.999808, 0.000101, 0.019592, -15.015458, 0.019592, -0.011686, -0.99974, 0.099394, 0.000128, 0.999932, -0.011686, 0.688214, 0.0, 0.0, 0.0, 1.0],
                [0.999808, 0.000101, 0.019592, -15.034006, 0.019592, -0.011686, -0.99974, 0.099668, 0.000128, 0.999932, -0.011686, 0.692349, 0.0, 0.0, 0.0, 1.0],
                [0.999808, 0.000101, 0.019592, -15.052033, 0.019592, -0.011686, -0.99974, 0.099927, 0.000128, 0.999932, -0.011686, 0.696309, 0.0, 0.0, 0.0, 1.0],
                [0.999808, 0.000101, 0.019592, -15.070691, 0.019592, -0.011686, -0.99974, 0.100173, 0.000128, 0.999932, -0.011686, 0.700196, 0.0, 0.0, 0.0, 1.0],
                [0.999808, 0.000101, 0.019592, -15.089461, 0.019592, -0.011686, -0.99974, 0.1004, 0.000128, 0.999932, -0.011686, 0.703909, 0.0, 0.0, 0.0, 1.0],
                [0.999808, 0.000101, 0.019592, -15.107595, 0.019592, -0.011686, -0.99974, 0.100601, 0.000128, 0.999932, -0.011686, 0.707318, 0.0, 0.0, 0.0, 1.0],
                [0.999808, 0.000101, 0.019592, -15.124179, 0.019592, -0.011686, -0.99974, 0.100769, 0.000128, 0.999932, -0.011686, 0.710286, 0.0, 0.0, 0.0, 1.0],
                [0.999808, 0.000101, 0.019592, -15.138319, 0.019592, -0.011686, -0.99974, 0.1009, 0.000128, 0.999932, -0.011686, 0.712704, 0.0, 0.0, 0.0, 1.0],
                [0.999808, 0.000101, 0.019592, -15.14937, 0.019592, -0.011686, -0.99974, 0.100994, 0.000128, 0.999932, -0.011686, 0.714515, 0.0, 0.0, 0.0, 1.0],
                [0.999808, 0.000101, 0.019592, -15.157055, 0.019592, -0.011686, -0.99974, 0.101054, 0.000128, 0.999932, -0.011686, 0.715728, 0.0, 0.0, 0.0, 1.0],
                [0.999808, 0.000101, 0.019592, -15.161445, 0.019592, -0.011686, -0.99974, 0.101086, 0.000128, 0.999932, -0.011686, 0.716397, 0.0, 0.0, 0.0, 1.0],
                [0.999808, 0.000101, 0.019592, -15.162825, 0.019592, -0.011686, -0.99974, 0.101096, 0.000128, 0.999932, -0.011686, 0.716602, 0.0, 0.0, 0.0, 1.0],
                [0.999808, 0.000101, 0.019592, -15.162825, 0.019592, -0.011686, -0.99974, 0.101096, 0.000128, 0.999932, -0.011686, 0.716602, 0.0, 0.0, 0.0, 1.0],
                [0.999808, 0.000101, 0.019592, -15.162825, 0.019592, -0.011686, -0.99974, 0.101096, 0.000128, 0.999932, -0.011686, 0.716602, 0.0, 0.0, 0.0, 1.0],
                [0.999808, 0.000101, 0.019592, -15.162825, 0.019592, -0.011686, -0.99974, 0.101096, 0.000128, 0.999932, -0.011686, 0.716602, 0.0, 0.0, 0.0, 1.0],
                [0.999808, 0.000101, 0.019592, -15.162825, 0.019592, -0.011686, -0.99974, 0.101096, 0.000128, 0.999932, -0.011686, 0.716602, 0.0, 0.0, 0.0, 1.0],
                [0.999808, 0.000101, 0.019592, -15.162825, 0.019592, -0.011686, -0.99974, 0.101096, 0.000128, 0.999932, -0.011686, 0.716602, 0.0, 0.0, 0.0, 1.0],
                [0.999808, 0.000101, 0.019592, -15.162825, 0.019592, -0.011686, -0.99974, 0.101096, 0.000128, 0.999932, -0.011686, 0.716602, 0.0, 0.0, 0.0, 1.0],
                [0.999808, 0.000101, 0.019592, -15.162825, 0.019592, -0.011686, -0.99974, 0.101096, 0.000128, 0.999932, -0.011686, 0.716602, 0.0, 0.0, 0.0, 1.0],
                [0.999808, 0.000101, 0.019592, -15.162825, 0.019592, -0.011686, -0.99974, 0.101096, 0.000128, 0.999932, -0.011686, 0.716602, 0.0, 0.0, 0.0, 1.0],
                [0.999808, 0.000101, 0.019592, -15.162825, 0.019592, -0.011686, -0.99974, 0.101096, 0.000128, 0.999932, -0.011686, 0.716602, 0.0, 0.0, 0.0, 1.0],
                [0.999808, 0.000101, 0.019592, -15.162825, 0.019592, -0.011686, -0.99974, 0.101096, 0.000128, 0.999932, -0.011686, 0.716602, 0.0, 0.0, 0.0, 1.0],
                [0.999808, 0.000101, 0.019592, -15.162825, 0.019592, -0.011686, -0.99974, 0.101096, 0.000128, 0.999932, -0.011686, 0.716602, 0.0, 0.0, 0.0, 1.0],
                [0.999808, 0.000101, 0.019592, -15.162825, 0.019592, -0.011686, -0.99974, 0.101096, 0.000128, 0.999932, -0.011686, 0.716602, 0.0, 0.0, 0.0, 1.0],
                [0.999808, 0.000101, 0.019592, -15.162825, 0.019592, -0.011686, -0.99974, 0.101096, 0.000128, 0.999932, -0.011686, 0.716602, 0.0, 0.0, 0.0, 1.0],
                [0.999808, 0.000101, 0.019592, -15.162825, 0.019592, -0.011686, -0.99974, 0.101096, 0.000128, 0.999932, -0.011686, 0.716602, 0.0, 0.0, 0.0, 1.0],
                [0.999808, 0.000101, 0.019592, -15.162825, 0.019592, -0.011686, -0.99974, 0.101096, 0.000128, 0.999932, -0.011686, 0.716602, 0.0, 0.0, 0.0, 1.0],
                [0.999808, 0.000101, 0.019592, -15.162825, 0.019592, -0.011686, -0.99974, 0.101096, 0.000128, 0.999932, -0.011686, 0.716602, 0.0, 0.0, 0.0, 1.0],
                [0.999808, 0.000101, 0.019592, -15.162825, 0.019592, -0.011686, -0.99974, 0.101096, 0.000128, 0.999932, -0.011686, 0.716602, 0.0, 0.0, 0.0, 1.0],
                [0.999808, 0.000101, 0.019592, -15.162825, 0.019592, -0.011686, -0.99974, 0.101096, 0.000128, 0.999932, -0.011686, 0.716602, 0.0, 0.0, 0.0, 1.0],
                [0.999808, 0.000101, 0.019592, -15.162825, 0.019592, -0.011686, -0.99974, 0.101096, 0.000128, 0.999932, -0.011686, 0.716602, 0.0, 0.0, 0.0, 1.0],
                [0.999808, 0.000101, 0.019592, -15.162825, 0.019592, -0.011686, -0.99974, 0.101096, 0.000128, 0.999932, -0.011686, 0.716602, 0.0, 0.0, 0.0, 1.0],
                [0.999808, 0.000101, 0.019592, -15.162825, 0.019592, -0.011686, -0.99974, 0.101096, 0.000128, 0.999932, -0.011686, 0.716602, 0.0, 0.0, 0.0, 1.0],
                [0.999808, 0.000101, 0.019592, -15.162825, 0.019592, -0.011686, -0.99974, 0.101096, 0.000128, 0.999932, -0.011686, 0.716602, 0.0, 0.0, 0.0, 1.0],
                [0.999808, 0.000101, 0.019592, -15.162825, 0.019592, -0.011686, -0.99974, 0.101096, 0.000128, 0.999932, -0.011686, 0.716602, 0.0, 0.0, 0.0, 1.0],
                [0.999808, 0.000101, 0.019592, -15.162825, 0.019592, -0.011686, -0.99974, 0.101096, 0.000128, 0.999932, -0.011686, 0.716602, 0.0, 0.0, 0.0, 1.0],
                [0.999808, 0.000101, 0.019592, -15.162825, 0.019592, -0.011686, -0.99974, 0.101096, 0.000128, 0.999932, -0.011686, 0.716602, 0.0, 0.0, 0.0, 1.0],
                [0.999808, 0.000101, 0.019592, -15.162825, 0.019592, -0.011686, -0.99974, 0.101096, 0.000128, 0.999932, -0.011686, 0.716602, 0.0, 0.0, 0.0, 1.0],
                [0.999808, 0.000101, 0.019592, -15.162825, 0.019592, -0.011686, -0.99974, 0.101096, 0.000128, 0.999932, -0.011686, 0.716602, 0.0, 0.0, 0.0, 1.0],
                [0.999808, 0.000101, 0.019592, -15.162825, 0.019592, -0.011686, -0.99974, 0.101096, 0.000128, 0.999932, -0.011686, 0.716602, 0.0, 0.0, 0.0, 1.0],
                [0.999808, 0.000101, 0.019592, -15.162825, 0.019592, -0.011686, -0.99974, 0.101096, 0.000128, 0.999932, -0.011686, 0.716602, 0.0, 0.0, 0.0, 1.0]
            ]
        },
        {
            "name": "Thigh_R",
            "time": [0.0, 0.0167, 0.0333, 0.05, 0.0667, 0.0833, 0.1, 0.1167, 0.1333, 0.15, 0.1667, 0.1833, 0.2, 0.2167, 0.2333, 0.25, 0.2667, 0.2833, 0.3, 0.3167, 0.3333, 0.35, 0.3667, 0.3833, 0.4, 0.4167, 0.4333, 0.45, 0.4667, 0.4833, 0.5, 0.5167, 0.5333, 0.55, 0.5667, 0.5833, 0.6, 0.6167, 0.6333, 0.65, 0.6667, 0.6833, 0.7, 0.7167, 0.7333, 0.75, 0.7667, 0.7833, 0.8, 0.8167, 0.8333, 0.85, 0.8667, 0.8833, 0.9, 0.9167, 0.9333, 0.95, 0.9667, 0.9833, 1.0, 1.0167, 1.0333, 1.05, 1.0667, 1.0833, 1.1, 1.1167, 1.1333, 1.15, 1.1667, 1.1833, 1.2, 1.2167, 1.2333, 1.25, 1.2667, 1.2833, 1.3, 1.3167, 1.3333, 1.35, 1.3667, 1.3833, 1.4, 1.4167, 1.4333, 1.45, 1.4667, 1.4833, 1.5, 1.5167, 1.5333, 1.55, 1.5667, 1.5833, 1.6, 1.6167, 1.6333, 1.65, 1.6667, 1.6833, 1.7, 1.7167, 1.7333, 1.75, 1.7667, 1.7833, 1.8, 1.8167, 1.8333, 1.85, 1.8667, 1.8833, 1.9, 1.9167, 1.9333, 1.95, 1.9667, 1.9833, 2.0, 2.0167, 2.0333, 2.05, 2.0667, 2.0833, 2.1, 2.1167, 2.1333, 2.15, 2.1667, 2.1833, 2.2, 2.2167, 2.2333, 2.25, 2.2667, 2.2833, 2.3, 2.3167, 2.3333, 2.35, 2.3667, 2.3833, 2.4, 2.4167, 2.4333, 2.45, 2.4667, 2.4833, 2.5, 2.5167, 2.5333, 2.55, 2.5667, 2.5833, 2.6, 2.6167, 2.6333, 2.65, 2.6667, 2.6833, 2.7, 2.7167, 2.7333, 2.75, 2.7667, 2.7833, 2.8, 2.8167, 2.8333, 2.85, 2.8667, 2.8833, 2.9, 2.9167, 2.9333, 2.95, 2.9667, 2.9833, 3.0, 3.0167, 3.0333, 3.05, 3.0667, 3.0833, 3.1, 3.1167, 3.1333, 3.15, 3.1667, 3.1833, 3.2, 3.2167, 3.2333, 3.25, 3.2667, 3.2833, 3.3, 3.3167, 3.3333, 3.35, 3.3667, 3.3833, 3.4, 3.4167, 3.4333, 3.45, 3.4667, 3.4833, 3.5, 3.5167, 3.5333, 3.55, 3.5667, 3.5833, 3.6, 3.6167, 3.6333, 3.65, 3.6667],
            "transform": [
                [0.8899, 0.423899, 0.168483, 0.124994, 0.443702, -0.890111, -0.104056, -0.002831, 0.105859, 0.167356, -0.980197, -1.2e-05, 0.0, 0.0, 0.0, 1.0],
                [0.890196, 0.424516, 0.165335, 0.124858, 0.443851, -0.889961, -0.104696, -0.002661, 0.102697, 0.166585, -0.980665, -0.001562, 0.0, 0.0, 0.0, 1.0],
                [0.891027, 0.426394, 0.155747, 0.124422, 0.444278, -0.889554, -0.106336, -0.002128, 0.093204, 0.163943, -0.982057, -0.006246, 0.0, 0.0, 0.0, 1.0],
                [0.892194, 0.429507, 0.139688, 0.123643, 0.444933, -0.888977, -0.1084, -0.001199, 0.077621, 0.158865, -0.984245, -0.013999, 0.0, 0.0, 0.0, 1.0],
                [0.893363, 0.433704, 0.117483, 0.122484, 0.445753, -0.888359, -0.110083, 0.000144, 0.056624, 0.150713, -0.986955, -0.024561, 0.0, 0.0, 0.0, 1.0],
                [0.894131, 0.438677, 0.089946, 0.120918, 0.446698, -0.887851, -0.110355, 0.001902, 0.031449, 0.138851, -0.989814, -0.037416, 0.0, 0.0, 0.0, 1.0],
                [0.894137, 0.443962, 0.058437, 0.118942, 0.447775, -0.887595, -0.108026, 0.00405, 0.003909, 0.122757, -0.992429, -0.051787, 0.0, 0.0, 0.0, 1.0],
                [0.89319, 0.448993, 0.024785, 0.116573, 0.44905, -0.887675, -0.101898, 0.006533, -0.023751, 0.102145, -0.994486, -0.066689, 0.0, 0.0, 0.0, 1.0],
                [0.891359, 0.453207, -0.008947, 0.113858, 0.450623, -0.888068, -0.090944, 0.009273, -0.049162, 0.077033, -0.995816, -0.08106, 0.0, 0.0, 0.0, 1.0],
                [0.888963, 0.456158, -0.040776, 0.11086, 0.452566, -0.888615, -0.074465, 0.012179, -0.070202, 0.047743, -0.99639, -0.093915, 0.0, 0.0, 0.0, 1.0],
                [0.88647, 0.457601, -0.069071, 0.107651, 0.454862, -0.889032, -0.05215, 0.015166, -0.08527, 0.014812, -0.996248, -0.104477, 0.0, 0.0, 0.0, 1.0],
                [0.884362, 0.457506, -0.092683, 0.104299, 0.457363, -0.888953, -0.024048, 0.018156, -0.093393, -0.021122, -0.995406, -0.11223, 0.0, 0.0, 0.0, 1.0],
                [0.883023, 0.456028, -0.110938, 0.100866, 0.459785, -0.887977, 0.009522, 0.021091, -0.094168, -0.059415, -0.993782, -0.116914, 0.0, 0.0, 0.0, 1.0],
                [0.882678, 0.453447, -0.123546, 0.097399, 0.461735, -0.885713, 0.048063, 0.023931, -0.087633, -0.099469, -0.991175, -0.118464, 0.0, 0.0, 0.0, 1.0],
                [0.888209, 0.439691, -0.133248, 0.093191, 0.453535, -0.885453, 0.101364, 0.027204, -0.073416, -0.150464, -0.985886, -0.11562, 0.0, 0.0, 0.0, 1.0],
                [0.903832, 0.404082, -0.140728, 0.087602, 0.424629, -0.887559, 0.178679, 0.031388, -0.052703, -0.221252, -0.973792, -0.107131, 0.0, 0.0, 0.0, 1.0],
                [0.926425, 0.348715, -0.14189, 0.080987, 0.375281, -0.885406, 0.274257, 0.036224, -0.029993, -0.307326, -0.951132, -0.093767, 0.0, 0.0, 0.0, 1.0],
                [0.95028, 0.281272, -0.133614, 0.074049, 0.311198, -0.873084, 0.375336, 0.041218, -0.011085, -0.398254, -0.917208, -0.077488, 0.0, 0.0, 0.0, 1.0],
                [0.969686, 0.21445, -0.117134, 0.06771, 0.244355, -0.850647, 0.465496, 0.04573, 0.000186, -0.480006, -0.877265, -0.061209, 0.0, 0.0, 0.0, 1.0],
                [0.982083, 0.160709, -0.09841, 0.062803, 0.188397, -0.825334, 0.532285, 0.049197, 0.004322, -0.541287, -0.840826, -0.047845, 0.0, 0.0, 0.0, 1.0],
                [0.988262, 0.12735, -0.084374, 0.059808, 0.152692, -0.806405, 0.571308, 0.051301, 0.004717, -0.577484, -0.816388, -0.039356, 0.0, 0.0, 0.0, 1.0],
                [0.990036, 0.116339, -0.079329, 0.058831, 0.140741, -0.799656, 0.58373, 0.051986, 0.004475, -0.589077, -0.808064, -0.036512, 0.0, 0.0, 0.0, 1.0],
