{
    "animation": [
        {
            "name": "Root",
            "time": [0.0, 0.0083, 0.0167, 0.025, 0.0333, 0.0417, 0.05, 0.0583, 0.0667, 0.075, 0.0833, 0.0917, 0.1, 0.1083, 0.1167, 0.125, 0.1333, 0.1417, 0.15, 0.1583, 0.1667, 0.175, 0.1833, 0.1917, 0.2, 0.2083, 0.2167, 0.225, 0.2333, 0.2417, 0.25, 0.2583, 0.2667, 0.275, 0.2833, 0.2917, 0.3, 0.3083, 0.3167, 0.325, 0.3333, 0.3417, 0.35, 0.3583, 0.3667, 0.375, 0.3833, 0.3917, 0.4, 0.4083, 0.4167, 0.425, 0.4333, 0.4417, 0.45, 0.4583, 0.4667, 0.475, 0.4833, 0.4917, 0.5, 0.5083, 0.5167, 0.525, 0.5333, 0.5417, 0.55, 0.5583, 0.5667, 0.575, 0.5833, 0.5917, 0.6, 0.6083, 0.6167, 0.625, 0.6333, 0.6417, 0.65, 0.6583, 0.6667, 0.675, 0.6833, 0.6917, 0.7, 0.7083, 0.7167, 0.725, 0.7333, 0.7417, 0.75, 0.7583, 0.7667, 0.775, 0.7833, 0.7917, 0.8, 0.8083, 0.8167, 0.825, 0.8333, 0.8417, 0.85, 0.8583, 0.8667, 0.875, 0.8833, 0.8917, 0.9, 0.9083, 0.9167, 0.925, 0.9333, 0.9417, 0.95, 0.9583, 0.9667, 0.975, 0.9833, 0.9917, 1.0, 1.0083, 1.0167, 1.025, 1.0333, 1.0417, 1.05, 1.0583, 1.0667, 1.075, 1.0833, 1.0917, 1.1, 1.1083, 1.1167, 1.125, 1.1333, 1.1417, 1.15, 1.1583, 1.1667, 1.175, 1.1833, 1.1917, 1.2, 1.2083, 1.2167, 1.225, 1.2333, 1.2417, 1.25, 1.2583, 1.2667, 1.275, 1.2833, 1.2917, 1.3, 1.3083, 1.3167, 1.325, 1.3333, 1.3417, 1.35, 1.3583, 1.3667, 1.375, 1.3833, 1.3917, 1.4, 1.4083, 1.4167, 1.425, 1.4333, 1.4417, 1.45, 1.4583, 1.4667, 1.475, 1.4833, 1.4917, 1.5, 1.5083, 1.5167, 1.525, 1.5333, 1.5417, 1.55, 1.5583, 1.5667, 1.575, 1.5833, 1.5917, 1.6, 1.6083, 1.6167, 1.625, 1.6333, 1.6417, 1.65, 1.6583, 1.6667, 1.675, 1.6833, 1.6917, 1.7, 1.7083, 1.7167, 1.725, 1.7333, 1.7417, 1.75, 1.7583, 1.7667, 1.775, 1.7833, 1.7917, 1.8, 1.8083, 1.8167, 1.825, 1.8333, 1.8417, 1.85, 1.8583, 1.8667, 1.875],
            "transform": [
                [0.461555, -0.23209, -0.856213, -0.007868, -0.886623, -0.15273, -0.436547, 0.007, -0.029451, 0.960629, -0.27627, 0.628951, 0.0, 0.0, 0.0, 1.0],
                [0.461555, -0.23209, -0.856213, -0.007868, -0.886623, -0.15273, -0.436547, 0.007, -0.029451, 0.960629, -0.27627, 0.628951, 0.0, 0.0, 0.0, 1.0],
                [0.463181, -0.221078, -0.858247, -0.007979, -0.884544, -0.17561, -0.432137, -0.014662, -0.055181, 0.959315, -0.276892, 0.544731, 0.0, 0.0, 0.0, 1.0],
                [0.468044, -0.207895, -0.858903, -0.008135, -0.879913, -0.199575, -0.431187, -0.033397, -0.081774, 0.957575, -0.27634, 0.455002, 0.0, 0.0, 0.0, 1.0],
                [0.467478, -0.197579, -0.861642, -0.008177, -0.877593, -0.220908, -0.425477, -0.057992, -0.106278, 0.955072, -0.276663, 0.376277, 0.0, 0.0, 0.0, 1.0],
                [0.452721, -0.195578, -0.869938, -0.007952, -0.882651, -0.236577, -0.40615, -0.097243, -0.126374, 0.951725, -0.279731, 0.325074, 0.0, 0.0, 0.0, 1.0],
                [0.410737, -0.208552, -0.887582, -0.007401, -0.900765, -0.243501, -0.359624, -0.162541, -0.141127, 0.947213, -0.287871, 0.312309, 0.0, 0.0, 0.0, 1.0],
                [0.348195, -0.232038, -0.90825, -0.006595, -0.924902, -0.242862, -0.292533, -0.246154, -0.1527, 0.9419, -0.299176, 0.327007, 0.0, 0.0, 0.0, 1.0],
                [0.287233, -0.255033, -0.923285, -0.005598, -0.943909, -0.239281, -0.227554, -0.328213, -0.162891, 0.936858, -0.309457, 0.352849, 0.0, 0.0, 0.0, 1.0],
                [0.252023, -0.26722, -0.930096, -0.004515, -0.952151, -0.240189, -0.188992, -0.388901, -0.172897, 0.933222, -0.314967, 0.373514, 0.0, 0.0, 0.0, 1.0],
                [0.254155, -0.264296, -0.930351, -0.003449, -0.950345, -0.246854, -0.189491, -0.418092, -0.179579, 0.932315, -0.313912, 0.385382, 0.0, 0.0, 0.0, 1.0],
                [0.279475, -0.252114, -0.926462, -0.002327, -0.942537, -0.25602, -0.214655, -0.42798, -0.183076, 0.933216, -0.309178, 0.396911, 0.0, 0.0, 0.0, 1.0],
                [0.313996, -0.236, -0.919625, -0.001006, -0.930339, -0.269716, -0.248439, -0.432244, -0.189406, 0.933572, -0.30425, 0.409893, 0.0, 0.0, 0.0, 1.0],
                [0.343977, -0.221397, -0.912504, 0.000643, -0.916517, -0.290449, -0.275019, -0.444573, -0.204147, 0.930926, -0.302822, 0.426119, 0.0, 0.0, 0.0, 1.0],
                [0.369311, -0.208038, -0.90572, 0.002422, -0.900596, -0.320506, -0.293603, -0.468565, -0.229208, 0.924119, -0.305725, 0.447595, 0.0, 0.0, 0.0, 1.0],
                [0.395696, -0.19298, -0.897878, 0.004348, -0.880495, -0.357634, -0.311169, -0.496932, -0.261062, 0.913705, -0.311432, 0.472842, 0.0, 0.0, 0.0, 1.0],
                [0.418828, -0.178305, -0.890388, 0.006859, -0.858217, -0.398133, -0.323967, -0.527035, -0.296728, 0.899832, -0.319773, 0.498422, 0.0, 0.0, 0.0, 1.0],
                [0.434883, -0.166643, -0.884933, 0.010385, -0.836503, -0.438584, -0.328493, -0.556243, -0.333376, 0.883105, -0.33013, 0.520906, 0.0, 0.0, 0.0, 1.0],
                [0.443199, -0.158009, -0.882388, 0.014956, -0.815435, -0.479927, -0.32363, -0.583935, -0.372346, 0.862962, -0.341549, 0.540791, 0.0, 0.0, 0.0, 1.0],
                [0.446735, -0.150437, -0.881928, 0.020152, -0.792627, -0.523733, -0.312163, -0.61134, -0.414934, 0.838494, -0.35321, 0.560655, 0.0, 0.0, 0.0, 1.0],
                [0.447461, -0.143864, -0.882656, 0.025725, -0.767814, -0.567834, -0.296691, -0.638615, -0.458519, 0.810474, -0.364544, 0.580201, 0.0, 0.0, 0.0, 1.0],
                [0.447347, -0.138035, -0.883644, 0.031428, -0.741132, -0.610242, -0.279873, -0.665917, -0.500604, 0.780097, -0.375292, 0.599139, 0.0, 0.0, 0.0, 1.0],
                [0.448355, -0.132474, -0.883985, 0.03702, -0.713154, -0.649226, -0.264418, -0.693407, -0.538877, 0.74897, -0.385558, 0.617181, 0.0, 0.0, 0.0, 1.0],
                [0.452414, -0.126505, -0.88279, 0.042261, -0.68484, -0.683346, -0.253044, -0.721251, -0.57124, 0.719051, -0.395791, 0.634043, 0.0, 0.0, 0.0, 1.0],
                [0.461388, -0.119319, -0.879138, 0.046912, -0.657377, -0.711428, -0.248447, -0.749619, -0.595799, 0.692556, -0.406682, 0.649444, 0.0, 0.0, 0.0, 1.0],
                [0.477039, -0.11009, -0.87196, 0.050739, -0.631963, -0.732448, -0.253264, -0.778682, -0.610784, 0.671863, -0.418979, 0.663105, 0.0, 0.0, 0.0, 1.0],
                [0.498814, -0.098488, -0.861095, 0.053728, -0.609044, -0.7467, -0.267402, -0.808481, -0.616644, 0.657829, -0.432448, 0.674957, 0.0, 0.0, 0.0, 1.0],
                [0.524632, -0.085096, -0.847066, 0.056104, -0.588031, -0.755722, -0.288278, -0.838876, -0.615615, 0.64934, -0.446515, 0.685248, 0.0, 0.0, 0.0, 1.0],
                [0.553858, -0.07057, -0.829616, 0.057981, -0.56827, -0.760281, -0.31471, -0.869765, -0.608531, 0.64575, -0.46119, 0.694171, 0.0, 0.0, 0.0, 1.0],
                [0.585839, -0.055596, -0.808518, 0.059476, -0.549012, -0.761075, -0.345471, -0.901049, -0.596137, 0.646276, -0.47639, 0.701918, 0.0, 0.0, 0.0, 1.0],
                [0.619894, -0.04085, -0.783621, 0.060702, -0.529487, -0.758798, -0.379301, -0.932625, -0.579116, 0.650044, -0.492004, 0.708679, 0.0, 0.0, 0.0, 1.0],
                [0.655314, -0.026961, -0.754875, 0.061775, -0.508979, -0.754179, -0.414913, -0.964392, -0.558125, 0.656115, -0.507947, 0.714645, 0.0, 0.0, 0.0, 1.0],
                [0.691372, -0.01447, -0.722355, 0.06281, -0.486877, -0.748024, -0.45101, -0.99625, -0.533813, 0.663513, -0.524208, 0.720004, 0.0, 0.0, 0.0, 1.0],
                [0.727345, -0.003803, -0.686262, 0.063924, -0.462708, -0.741225, -0.4863, -1.0281, -0.506825, 0.671246, -0.540886, 0.724944, 0.0, 0.0, 0.0, 1.0],
                [0.765751, 0.004433, -0.643122, 0.065306, -0.435706, -0.731958, -0.52383, -1.059303, -0.473061, 0.681335, -0.558566, 0.72942, 0.0, 0.0, 0.0, 1.0],
                [0.807056, 0.00968, -0.590395, 0.066924, -0.404986, -0.718556, -0.565388, -1.089672, -0.429705, 0.695402, -0.575995, 0.733238, 0.0, 0.0, 0.0, 1.0],
                [0.847755, 0.011879, -0.530255, 0.068555, -0.370417, -0.70228, -0.607943, -1.119797, -0.379609, 0.711802, -0.590961, 0.73636, 0.0, 0.0, 0.0, 1.0],
                [0.884956, 0.01134, -0.465536, 0.069981, -0.332519, -0.684489, -0.648772, -1.150266, -0.326012, 0.728935, -0.601972, 0.738746, 0.0, 0.0, 0.0, 1.0],
                [0.91662, 0.008818, -0.399663, 0.070986, -0.292525, -0.666611, -0.685609, -1.181673, -0.272465, 0.745354, -0.608449, 0.740351, 0.0, 0.0, 0.0, 1.0],
                [0.941681, 0.005513, -0.336461, 0.071359, -0.252291, -0.650081, -0.716759, -1.214614, -0.222678, 0.759845, -0.610778, 0.74113, 0.0, 0.0, 0.0, 1.0],
                [0.960013, 0.002993, -0.279939, 0.070894, -0.214131, -0.636289, -0.741137, -1.249689, -0.18034, 0.771445, -0.610205, 0.741036, 0.0, 0.0, 0.0, 1.0],
                [0.972206, 0.003061, -0.234106, 0.069387, -0.180595, -0.626545, -0.758173, -1.287499, -0.148999, 0.779379, -0.608578, 0.740023, 0.0, 0.0, 0.0, 1.0],
                [0.980164, 0.007253, -0.198055, 0.066549, -0.150788, -0.621222, -0.76899, -1.329175, -0.128614, 0.783601, -0.607806, 0.738004, 0.0, 0.0, 0.0, 1.0],
                [0.985635, 0.015163, -0.16821, 0.062457, -0.122837, -0.619179, -0.775583, -1.374634, -0.115912, 0.785104, -0.608421, 0.73498, 0.0, 0.0, 0.0, 1.0],
                [0.989177, 0.02563, -0.144469, 0.057455, -0.097714, -0.619436, -0.778942, -1.422658, -0.109454, 0.784628, -0.610228, 0.731042, 0.0, 0.0, 0.0, 1.0],
                [0.991238, 0.037374, -0.12669, 0.051884, -0.076274, -0.621102, -0.780009, -1.472026, -0.107839, 0.782838, -0.61281, 0.726278, 0.0, 0.0, 0.0, 1.0],
                [0.992192, 0.04903, -0.114677, 0.046084, -0.05931, -0.62337, -0.779675, -1.52152, -0.109713, 0.780388, -0.615595, 0.720777, 0.0, 0.0, 0.0, 1.0],
                [0.992367, 0.05919, -0.108185, 0.040398, -0.04759, -0.625505, -0.778768, -1.569923, -0.113765, 0.777972, -0.617913, 0.714631, 0.0, 0.0, 0.0, 1.0],
                [0.992045, 0.066432, -0.106923, 0.035165, -0.041883, -0.62681, -0.778046, -1.616017, -0.118708, 0.776335, -0.619041, 0.707931, 0.0, 0.0, 0.0, 1.0],
                [0.991445, 0.069346, -0.110578, 0.030726, -0.042966, -0.626576, -0.778175, -1.658584, -0.123249, 0.776269, -0.618236, 0.700769, 0.0, 0.0, 0.0, 1.0],
                [0.99024, 0.069074, -0.121048, 0.026922, -0.051488, -0.625784, -0.778296, -1.697064, -0.12951, 0.776932, -0.61612, 0.69309, 0.0, 0.0, 0.0, 1.0],
                [0.987937, 0.067433, -0.139405, 0.023361, -0.066978, -0.625588, -0.777273, -1.732376, -0.139624, 0.777233, -0.613525, 0.684783, 0.0, 0.0, 0.0, 1.0],
                [0.984364, 0.064051, -0.164087, 0.020034, -0.088526, -0.625461, -0.775217, -1.765521, -0.152283, 0.777622, -0.610011, 0.675858, 0.0, 0.0, 0.0, 1.0],
                [0.979346, 0.058583, -0.19352, 0.01693, -0.115214, -0.624829, -0.772214, -1.797499, -0.166155, 0.778561, -0.605174, 0.666325, 0.0, 0.0, 0.0, 1.0],
                [0.972775, 0.050733, -0.226131, 0.014041, -0.146124, -0.623079, -0.768388, -1.829312, -0.17988, 0.780512, -0.598702, 0.656196, 0.0, 0.0, 0.0, 1.0],
                [0.964669, 0.04026, -0.260371, 0.01136, -0.18034, -0.619554, -0.763957, -1.861958, -0.192071, 0.783921, -0.590404, 0.645477, 0.0, 0.0, 0.0, 1.0],
                [0.955197, 0.026975, -0.29474, 0.00888, -0.216954, -0.613558, -0.759261, -1.896438, -0.201321, 0.789189, -0.580216, 0.634179, 0.0, 0.0, 0.0, 1.0],
                [0.944682, 0.01073, -0.327811, 0.006591, -0.25505, -0.604358, -0.754785, -1.933753, -0.206214, 0.796641, -0.56819, 0.622306, 0.0, 0.0, 0.0, 1.0],
                [0.932052, -0.010752, -0.362164, 0.004538, -0.298151, -0.590717, -0.749773, -1.974082, -0.205875, 0.806808, -0.553784, 0.60953, 0.0, 0.0, 0.0, 1.0],
                [0.915659, -0.037858, -0.400169, 0.00275, -0.348216, -0.572009, -0.742665, -2.016535, -0.200785, 0.819374, -0.536947, 0.595702, 0.0, 0.0, 0.0, 1.0],
                [0.895355, -0.067918, -0.440144, 0.001205, -0.401991, -0.548627, -0.733084, -2.060509, -0.191685, 0.833304, -0.518518, 0.581089, 0.0, 0.0, 0.0, 1.0],
                [0.871505, -0.098391, -0.480415, -0.000121, -0.456341, -0.521381, -0.721051, -2.105412, -0.179535, 0.847633, -0.499286, 0.565965, 0.0, 0.0, 0.0, 1.0],
                [0.845069, -0.126946, -0.519368, -0.001255, -0.508384, -0.491562, -0.707045, -2.150658, -0.165545, 0.86154, -0.479941, 0.550603, 0.0, 0.0, 0.0, 1.0],
                [0.817589, -0.151547, -0.555502, -0.002231, -0.555604, -0.460921, -0.691995, -2.195673, -0.151173, 0.874406, -0.461044, 0.535281, 0.0, 0.0, 0.0, 1.0],
                [0.791089, -0.170481, -0.587464, -0.003086, -0.595912, -0.431579, -0.677222, -2.23989, -0.138084, 0.885819, -0.443009, 0.52028, 0.0, 0.0, 0.0, 1.0],
                [0.767912, -0.182343, -0.614054, -0.003864, -0.627616, -0.405887, -0.664344, -2.282745, -0.128098, 0.895548, -0.426127, 0.505885, 0.0, 0.0, 0.0, 1.0],
                [0.74917, -0.187338, -0.635334, -0.004597, -0.651144, -0.384193, -0.654528, -2.324641, -0.121473, 0.904047, -0.409809, 0.491836, 0.0, 0.0, 0.0, 1.0],
                [0.734062, -0.18738, -0.652718, -0.005264, -0.668936, -0.365057, -0.647502, -2.3663, -0.116951, 0.911933, -0.39332, 0.477755, 0.0, 0.0, 0.0, 1.0],
                [0.721993, -0.183727, -0.66706, -0.005834, -0.682424, -0.348105, -0.642744, -2.407638, -0.114117, 0.919275, -0.376709, 0.46375, 0.0, 0.0, 0.0, 1.0],
                [0.712201, -0.17754, -0.679153, -0.006274, -0.692901, -0.332853, -0.639606, -2.448569, -0.112502, 0.926114, -0.360077, 0.449926, 0.0, 0.0, 0.0, 1.0],
                [0.703827, -0.169907, -0.689753, -0.006551, -0.701553, -0.31877, -0.637345, -2.489004, -0.111583, 0.932479, -0.343558, 0.436391, 0.0, 0.0, 0.0, 1.0],
                [0.69595, -0.16186, -0.69961, -0.006629, -0.709492, -0.305299, -0.635148, -2.528854, -0.110785, 0.9384, -0.327311, 0.42325, 0.0, 0.0, 0.0, 1.0],
                [0.68762, -0.154384, -0.709468, -0.006472, -0.717768, -0.291883, -0.63215, -2.568031, -0.109487, 0.943912, -0.311517, 0.41061, 0.0, 0.0, 0.0, 1.0],
                [0.677848, -0.14842, -0.720065, -0.006043, -0.727371, -0.277958, -0.627432, -2.606445, -0.107024, 0.949058, -0.29637, 0.398576, 0.0, 0.0, 0.0, 1.0],
                [0.666872, -0.143238, -0.731276, -0.005245, -0.737937, -0.263369, -0.621358, -2.645033, -0.103594, 0.954002, -0.281334, 0.386735, 0.0, 0.0, 0.0, 1.0],
                [0.655732, -0.137629, -0.742344, -0.004069, -0.748354, -0.248595, -0.614952, -2.684281, -0.099908, 0.95878, -0.266006, 0.374808, 0.0, 0.0, 0.0, 1.0],
                [0.644624, -0.13179, -0.753055, -0.002617, -0.758441, -0.234016, -0.60828, -2.723427, -0.096062, 0.963259, -0.250808, 0.363105, 0.0, 0.0, 0.0, 1.0],
                [0.633748, -0.125944, -0.763218, -0.000986, -0.768029, -0.220013, -0.601436, -2.761703, -0.092171, 0.967333, -0.236162, 0.351935, 0.0, 0.0, 0.0, 1.0],
                [0.623308, -0.12033, -0.772663, 0.000721, -0.776967, -0.206964, -0.594549, -2.798346, -0.088371, 0.970921, -0.222494, 0.341608, 0.0, 0.0, 0.0, 1.0],
                [0.61351, -0.115203, -0.781238, 0.002405, -0.785119, -0.195239, -0.587767, -2.832592, -0.084815, 0.973966, -0.21023, 0.332436, 0.0, 0.0, 0.0, 1.0],
                [0.604564, -0.110834, -0.788808, 0.003965, -0.792359, -0.185208, -0.581262, -2.863674, -0.081669, 0.976429, -0.19979, 0.324727, 0.0, 0.0, 0.0, 1.0],
                [0.596681, -0.107499, -0.795246, 0.005299, -0.79857, -0.177233, -0.575217, -2.89083, -0.079108, 0.97828, -0.191597, 0.318794, 0.0, 0.0, 0.0, 1.0],
                [0.589652, -0.105041, -0.800797, 0.006476, -0.803969, -0.170985, -0.569559, -2.914886, -0.077097, 0.979658, -0.185272, 0.314311, 0.0, 0.0, 0.0, 1.0],
                [0.583102, -0.103088, -0.805832, 0.007632, -0.808888, -0.165797, -0.564103, -2.937288, -0.075452, 0.980757, -0.180063, 0.310677, 0.0, 0.0, 0.0, 1.0],
                [0.576981, -0.101589, -0.810415, 0.008765, -0.813386, -0.161526, -0.558849, -2.958192, -0.07413, 0.981626, -0.175829, 0.307799, 0.0, 0.0, 0.0, 1.0],
                [0.571244, -0.100488, -0.814606, 0.009873, -0.81752, -0.158027, -0.553794, -2.97776, -0.07308, 0.982308, -0.172423, 0.305577, 0.0, 0.0, 0.0, 1.0],
                [0.565838, -0.099727, -0.818463, 0.010953, -0.821345, -0.155157, -0.548925, -2.996149, -0.072247, 0.982843, -0.169704, 0.303916, 0.0, 0.0, 0.0, 1.0],
                [0.560714, -0.099241, -0.82204, 0.012005, -0.82491, -0.152772, -0.544228, -3.013517, -0.071575, 0.983266, -0.167527, 0.302718, 0.0, 0.0, 0.0, 1.0],
                [0.555824, -0.098967, -0.825388, 0.013026, -0.828263, -0.150732, -0.539686, -3.030025, -0.071002, 0.983608, -0.165751, 0.301886, 0.0, 0.0, 0.0, 1.0],
                [0.551112, -0.098834, -0.828557, 0.014016, -0.831451, -0.148896, -0.535276, -3.045831, -0.070465, 0.983901, -0.164233, 0.301323, 0.0, 0.0, 0.0, 1.0],
                [0.546529, -0.098772, -0.831595, 0.014972, -0.834518, -0.147121, -0.530976, -3.061093, -0.069899, 0.984175, -0.162833, 0.300932, 0.0, 0.0, 0.0, 1.0],
                [0.542021, -0.09871, -0.834548, 0.015893, -0.837508, -0.14527, -0.526761, -3.07597, -0.069238, 0.984456, -0.16141, 0.300616, 0.0, 0.0, 0.0, 1.0],
                [0.537534, -0.098573, -0.837461, 0.016777, -0.840462, -0.143203, -0.522605, -3.090622, -0.068412, 0.984772, -0.159823, 0.300277, 0.0, 0.0, 0.0, 1.0],
                [0.533014, -0.098285, -0.840378, 0.017623, -0.843421, -0.140781, -0.518479, -3.105206, -0.067351, 0.98515, -0.157934, 0.299818, 0.0, 0.0, 0.0, 1.0],
                [0.528282, -0.097907, -0.843405, 0.018442, -0.846487, -0.138144, -0.514175, -3.119807, -0.06617, 0.985561, -0.155856, 0.299337, 0.0, 0.0, 0.0, 1.0],
                [0.523247, -0.09755, -0.84658, 0.019248, -0.849697, -0.135524, -0.509557, -3.134359, -0.065025, 0.98596, -0.1538, 0.298991, 0.0, 0.0, 0.0, 1.0],
                [0.517992, -0.097217, -0.849843, 0.020038, -0.852995, -0.132926, -0.504708, -3.148805, -0.0639, 0.986346, -0.151781, 0.298771, 0.0, 0.0, 0.0, 1.0],
                [0.512603, -0.096908, -0.85314, 0.020812, -0.856327, -0.130354, -0.499711, -3.163084, -0.062784, 0.98672, -0.149805, 0.298668, 0.0, 0.0, 0.0, 1.0],
                [0.507162, -0.096628, -0.856417, 0.021569, -0.859642, -0.127811, -0.494651, -3.177137, -0.061663, 0.98708, -0.147886, 0.298673, 0.0, 0.0, 0.0, 1.0],
                [0.501758, -0.096379, -0.859622, 0.022307, -0.862888, -0.125302, -0.489616, -3.190905, -0.060524, 0.987426, -0.146035, 0.298777, 0.0, 0.0, 0.0, 1.0],
                [0.496476, -0.096164, -0.862707, 0.023026, -0.866019, -0.12283, -0.48469, -3.204326, -0.059356, 0.987758, -0.144262, 0.298972, 0.0, 0.0, 0.0, 1.0],
                [0.491407, -0.095989, -0.865624, 0.023725, -0.868987, -0.120398, -0.479965, -3.217343, -0.058149, 0.988074, -0.142577, 0.29925, 0.0, 0.0, 0.0, 1.0],
                [0.48664, -0.095856, -0.868327, 0.024402, -0.871748, -0.118011, -0.47553, -3.229894, -0.05689, 0.988375, -0.140992, 0.2996, 0.0, 0.0, 0.0, 1.0],
                [0.482265, -0.095774, -0.870775, 0.025056, -0.874261, -0.115673, -0.471473, -3.241922, -0.05557, 0.988659, -0.139516, 0.300015, 0.0, 0.0, 0.0, 1.0],
                [0.478373, -0.095745, -0.872921, 0.025686, -0.876484, -0.113386, -0.467889, -3.253364, -0.054179, 0.988927, -0.13816, 0.300486, 0.0, 0.0, 0.0, 1.0],
                [0.475057, -0.095777, -0.874727, 0.026291, -0.878375, -0.111155, -0.464868, -3.264163, -0.052707, 0.989177, -0.136933, 0.301003, 0.0, 0.0, 0.0, 1.0],
                [0.472407, -0.095876, -0.87615, 0.026869, -0.879896, -0.108984, -0.4625, -3.27426, -0.051144, 0.989409, -0.135846, 0.301559, 0.0, 0.0, 0.0, 1.0],
                [0.470514, -0.096049, -0.877149, 0.02742, -0.881004, -0.106876, -0.460879, -3.283592, -0.04948, 0.989622, -0.134906, 0.302144, 0.0, 0.0, 0.0, 1.0],
                [0.46947, -0.096303, -0.877681, 0.027943, -0.881659, -0.104837, -0.460095, -3.292102, -0.047705, 0.989816, -0.134124, 0.30275, 0.0, 0.0, 0.0, 1.0],
                [0.469363, -0.096645, -0.8777, 0.028435, -0.881816, -0.102869, -0.460237, -3.29973, -0.045809, 0.989989, -0.133506, 0.303367, 0.0, 0.0, 0.0, 1.0],
                [0.470062, -0.097015, -0.877286, 0.028896, -0.881546, -0.100932, -0.461183, -3.306743, -0.043804, 0.990152, -0.132967, 0.303978, 0.0, 0.0, 0.0, 1.0],
                [0.471342, -0.097356, -0.876561, 0.029324, -0.880964, -0.098981, -0.462716, -3.313457, -0.041715, 0.990315, -0.132421, 0.304572, 0.0, 0.0, 0.0, 1.0],
                [0.473153, -0.097675, -0.875549, 0.029724, -0.880092, -0.097021, -0.464785, -3.319881, -0.039549, 0.990478, -0.131869, 0.305152, 0.0, 0.0, 0.0, 1.0],
                [0.475446, -0.097982, -0.874272, 0.030097, -0.878953, -0.095055, -0.467339, -3.326029, -0.037313, 0.990638, -0.131315, 0.305724, 0.0, 0.0, 0.0, 1.0],
                [0.47817, -0.098284, -0.87275, 0.030447, -0.877569, -0.093087, -0.470327, -3.331913, -0.035016, 0.990795, -0.130763, 0.30629, 0.0, 0.0, 0.0, 1.0],
                [0.481276, -0.09859, -0.871007, 0.030776, -0.87596, -0.091121, -0.473699, -3.337541, -0.032666, 0.990948, -0.130215, 0.306855, 0.0, 0.0, 0.0, 1.0],
                [0.484713, -0.098908, -0.869063, 0.031088, -0.874149, -0.089161, -0.477403, -3.342929, -0.030268, 0.991094, -0.129678, 0.307424, 0.0, 0.0, 0.0, 1.0],
                [0.488431, -0.099245, -0.86694, 0.031385, -0.872159, -0.087211, -0.481387, -3.348085, -0.027831, 0.991234, -0.129154, 0.307999, 0.0, 0.0, 0.0, 1.0],
                [0.492379, -0.099608, -0.864662, 0.03167, -0.870011, -0.085273, -0.485602, -3.353022, -0.025363, 0.991366, -0.128647, 0.308585, 0.0, 0.0, 0.0, 1.0],
                [0.496509, -0.100005, -0.862251, 0.031945, -0.86773, -0.083354, -0.489997, -3.357751, -0.022869, 0.991489, -0.128164, 0.309186, 0.0, 0.0, 0.0, 1.0],
                [0.500772, -0.100442, -0.859732, 0.032214, -0.86534, -0.081455, -0.494522, -3.362285, -0.020358, 0.991603, -0.127707, 0.309806, 0.0, 0.0, 0.0, 1.0],
                [0.505118, -0.100926, -0.857129, 0.03248, -0.862866, -0.079582, -0.499128, -3.366634, -0.017837, 0.991706, -0.127284, 0.310449, 0.0, 0.0, 0.0, 1.0],
                [0.5095, -0.101463, -0.854468, 0.032745, -0.860334, -0.077739, -0.503767, -3.370809, -0.015312, 0.991797, -0.1269, 0.31112, 0.0, 0.0, 0.0, 1.0],
                [0.513871, -0.102058, -0.851775, 0.033012, -0.857772, -0.07593, -0.508391, -3.374824, -0.01279, 0.991876, -0.12656, 0.311821, 0.0, 0.0, 0.0, 1.0],
                [0.518182, -0.102716, -0.84908, 0.033285, -0.855209, -0.07416, -0.512951, -3.378689, -0.010279, 0.991942, -0.126272, 0.312557, 0.0, 0.0, 0.0, 1.0],
                [0.522386, -0.103445, -0.846411, 0.033565, -0.852673, -0.072433, -0.517399, -3.382415, -0.007786, 0.991994, -0.126043, 0.313332, 0.0, 0.0, 0.0, 1.0],
                [0.526441, -0.104248, -0.843796, 0.033856, -0.850195, -0.070753, -0.521692, -3.386015, -0.005316, 0.992031, -0.125878, 0.31415, 0.0, 0.0, 0.0, 1.0],
                [0.530298, -0.10513, -0.841268, 0.034161, -0.847806, -0.069126, -0.525781, -3.389499, -0.002878, 0.992053, -0.125787, 0.315015, 0.0, 0.0, 0.0, 1.0],
                [0.533914, -0.106095, -0.838856, 0.034481, -0.845539, -0.067554, -0.529623, -3.39288, -0.000478, 0.992058, -0.125776, 0.315932, 0.0, 0.0, 0.0, 1.0],
                [0.537244, -0.107147, -0.836593, 0.034822, -0.843425, -0.066043, -0.533173, -3.396168, 0.001877, 0.992047, -0.125852, 0.316903, 0.0, 0.0, 0.0, 1.0],
                [0.540245, -0.108293, -0.834511, 0.035184, -0.841498, -0.064597, -0.536385, -3.399377, 0.00418, 0.992018, -0.126027, 0.317933, 0.0, 0.0, 0.0, 1.0],
                [0.542872, -0.109534, -0.832642, 0.035571, -0.839791, -0.063219, -0.539217, -3.402516, 0.006424, 0.991971, -0.126305, 0.319026, 0.0, 0.0, 0.0, 1.0],
                [0.545082, -0.110874, -0.831019, 0.035986, -0.838339, -0.061912, -0.541623, -3.405597, 0.008602, 0.991904, -0.126697, 0.320186, 0.0, 0.0, 0.0, 1.0],
                [0.546831, -0.112319, -0.829675, 0.036431, -0.837174, -0.060682, -0.543559, -3.408634, 0.010706, 0.991818, -0.127214, 0.321418, 0.0, 0.0, 0.0, 1.0],
                [0.548077, -0.113871, -0.82864, 0.03691, -0.836331, -0.059531, -0.544983, -3.411637, 0.012728, 0.99171, -0.127861, 0.322724, 0.0, 0.0, 0.0, 1.0],
                [0.548775, -0.115534, -0.827948, 0.037426, -0.835841, -0.058461, -0.545849, -3.414616, 0.014661, 0.991582, -0.128649, 0.324109, 0.0, 0.0, 0.0, 1.0],
                [0.548879, -0.117312, -0.827629, 0.03798, -0.835739, -0.057474, -0.546111, -3.417584, 0.016498, 0.991431, -0.129588, 0.325577, 0.0, 0.0, 0.0, 1.0],
                [0.548346, -0.119208, -0.827711, 0.038576, -0.836053, -0.056574, -0.545724, -3.420552, 0.018228, 0.991256, -0.130686, 0.327132, 0.0, 0.0, 0.0, 1.0],
                [0.547102, -0.121314, -0.828228, 0.039179, -0.836828, -0.055705, -0.544624, -3.42344, 0.019934, 0.99105, -0.131996, 0.328698, 0.0, 0.0, 0.0, 1.0],
                [0.54514, -0.123705, -0.829168, 0.039754, -0.838064, -0.054817, -0.54281, -3.426166, 0.021695, 0.990804, -0.133556, 0.330205, 0.0, 0.0, 0.0, 1.0],
                [0.542508, -0.126353, -0.830494, 0.040305, -0.839722, -0.053912, -0.540333, -3.428738, 0.023499, 0.990519, -0.135349, 0.331663, 0.0, 0.0, 0.0, 1.0],
                [0.539256, -0.129234, -0.832167, 0.040836, -0.841761, -0.052991, -0.537243, -3.431167, 0.025332, 0.990197, -0.13736, 0.333082, 0.0, 0.0, 0.0, 1.0],
                [0.535433, -0.132324, -0.834147, 0.041352, -0.84414, -0.052058, -0.533589, -3.43346, 0.027182, 0.989838, -0.139574, 0.334473, 0.0, 0.0, 0.0, 1.0],
                [0.531088, -0.135598, -0.836396, 0.041858, -0.846819, -0.051115, -0.529419, -3.435627, 0.029036, 0.989445, -0.141973, 0.335846, 0.0, 0.0, 0.0, 1.0],
                [0.526271, -0.13903, -0.838874, 0.042358, -0.849756, -0.050164, -0.524784, -3.437678, 0.03088, 0.989017, -0.144542, 0.337211, 0.0, 0.0, 0.0, 1.0],
                [0.521031, -0.142598, -0.841542, 0.042857, -0.852911, -0.049208, -0.519732, -3.439621, 0.032702, 0.988557, -0.147263, 0.338579, 0.0, 0.0, 0.0, 1.0],
                [0.51542, -0.146277, -0.844361, 0.043358, -0.856243, -0.048251, -0.514314, -3.441465, 0.034491, 0.988066, -0.150119, 0.33996, 0.0, 0.0, 0.0, 1.0],
                [0.509488, -0.150044, -0.847295, 0.043866, -0.859715, -0.047297, -0.50858, -3.44322, 0.036235, 0.987547, -0.153092, 0.341365, 0.0, 0.0, 0.0, 1.0],
                [0.503287, -0.153875, -0.850308, 0.044386, -0.863287, -0.04635, -0.502581, -3.444895, 0.037923, 0.987003, -0.156165, 0.342803, 0.0, 0.0, 0.0, 1.0],
                [0.496873, -0.157746, -0.853366, 0.044922, -0.866922, -0.045416, -0.496371, -3.446498, 0.039545, 0.986435, -0.15932, 0.344286, 0.0, 0.0, 0.0, 1.0],
                [0.490298, -0.161636, -0.856435, 0.045478, -0.870586, -0.0445, -0.490001, -3.448041, 0.041091, 0.985847, -0.162536, 0.345824, 0.0, 0.0, 0.0, 1.0],
                [0.483618, -0.16552, -0.859486, 0.046059, -0.874244, -0.043608, -0.483524, -3.449531, 0.042553, 0.985242, -0.165795, 0.347426, 0.0, 0.0, 0.0, 1.0],
                [0.47689, -0.169379, -0.862489, 0.046669, -0.877865, -0.042748, -0.476997, -3.450977, 0.043923, 0.984623, -0.169078, 0.349104, 0.0, 0.0, 0.0, 1.0],
                [0.470171, -0.173189, -0.865416, 0.047312, -0.881417, -0.041928, -0.470474, -3.452389, 0.045195, 0.983996, -0.172366, 0.350868, 0.0, 0.0, 0.0, 1.0],
                [0.463521, -0.176929, -0.868242, 0.047993, -0.884872, -0.041157, -0.464012, -3.453777, 0.046363, 0.983363, -0.175637, 0.352728, 0.0, 0.0, 0.0, 1.0],
                [0.456998, -0.180578, -0.870945, 0.048717, -0.888203, -0.040443, -0.457668, -3.455148, 0.047421, 0.982729, -0.178872, 0.354695, 0.0, 0.0, 0.0, 1.0],
                [0.450662, -0.184114, -0.873502, 0.049486, -0.891383, -0.039797, -0.4515, -3.456514, 0.048365, 0.982099, -0.182052, 0.35678, 0.0, 0.0, 0.0, 1.0],
                [0.444575, -0.187519, -0.875893, 0.050306, -0.89439, -0.039229, -0.445565, -3.457883, 0.049191, 0.981477, -0.185155, 0.358992, 0.0, 0.0, 0.0, 1.0],
                [0.4388, -0.190769, -0.878101, 0.051181, -0.897198, -0.038751, -0.439924, -3.459264, 0.049897, 0.98087, -0.188162, 0.361342, 0.0, 0.0, 0.0, 1.0],
                [0.433396, -0.193846, -0.880109, 0.052115, -0.899789, -0.038374, -0.434635, -3.460667, 0.050479, 0.980281, -0.191052, 0.36384, 0.0, 0.0, 0.0, 1.0],
                [0.428427, -0.196729, -0.8819, 0.053112, -0.90214, -0.038111, -0.429758, -3.462101, 0.050936, 0.979717, -0.193804, 0.366498, 0.0, 0.0, 0.0, 1.0],
                [0.423957, -0.199397, -0.88346, 0.054177, -0.90423, -0.037974, -0.425354, -3.463576, 0.051266, 0.979183, -0.1964, 0.369325, 0.0, 0.0, 0.0, 1.0],
                [0.420046, -0.20183, -0.884774, 0.055314, -0.906042, -0.037976, -0.42148, -3.4651, 0.051467, 0.978684, -0.198818, 0.372331, 0.0, 0.0, 0.0, 1.0],
                [0.41676, -0.204009, -0.885828, 0.056526, -0.907555, -0.038131, -0.4182, -3.466683, 0.051539, 0.978226, -0.201041, 0.375528, 0.0, 0.0, 0.0, 1.0],
                [0.414157, -0.205911, -0.886608, 0.05782, -0.908748, -0.038451, -0.415569, -3.468334, 0.051479, 0.977815, -0.203047, 0.378926, 0.0, 0.0, 0.0, 1.0],
                [0.412302, -0.207517, -0.887098, 0.059197, -0.909603, -0.038952, -0.41365, -3.470063, 0.051285, 0.977456, -0.204818, 0.382535, 0.0, 0.0, 0.0, 1.0],
                [0.411255, -0.208804, -0.887282, 0.060664, -0.910095, -0.039646, -0.412499, -3.47188, 0.050955, 0.977154, -0.206336, 0.386366, 0.0, 0.0, 0.0, 1.0],
                [0.411076, -0.209749, -0.887142, 0.062223, -0.910202, -0.040546, -0.412175, -3.473792, 0.050484, 0.976914, -0.207582, 0.390429, 0.0, 0.0, 0.0, 1.0],
                [0.411824, -0.210329, -0.886658, 0.063881, -0.909898, -0.041665, -0.412734, -3.475811, 0.049867, 0.976742, -0.208537, 0.394734, 0.0, 0.0, 0.0, 1.0],
                [0.413556, -0.210522, -0.885806, 0.06564, -0.909154, -0.043017, -0.414233, -3.477945, 0.049101, 0.976642, -0.209186, 0.399292, 0.0, 0.0, 0.0, 1.0],
                [0.416026, -0.210414, -0.884674, 0.067486, -0.908075, -0.044565, -0.416431, -3.480156, 0.048198, 0.976596, -0.209611, 0.404071, 0.0, 0.0, 0.0, 1.0],
                [0.41894, -0.210114, -0.883369, 0.0694, -0.906787, -0.046262, -0.419043, -3.482399, 0.04718, 0.976582, -0.209909, 0.409025, 0.0, 0.0, 0.0, 1.0],
                [0.422279, -0.209625, -0.881894, 0.071381, -0.905295, -0.048105, -0.42205, -3.484674, 0.046049, 0.976598, -0.210087, 0.414148, 0.0, 0.0, 0.0, 1.0],
                [0.426023, -0.208954, -0.880252, 0.073424, -0.903602, -0.050086, -0.425434, -3.486979, 0.044808, 0.976642, -0.210149, 0.419433, 0.0, 0.0, 0.0, 1.0],
                [0.430151, -0.208105, -0.878443, 0.075528, -0.901711, -0.052201, -0.429177, -3.489311, 0.043458, 0.976713, -0.210105, 0.424873, 0.0, 0.0, 0.0, 1.0],
                [0.434645, -0.207081, -0.876471, 0.07769, -0.899622, -0.054445, -0.433263, -3.491671, 0.042001, 0.976808, -0.209959, 0.430461, 0.0, 0.0, 0.0, 1.0],
                [0.439484, -0.205888, -0.874336, 0.079906, -0.89734, -0.05681, -0.437669, -3.494056, 0.04044, 0.976925, -0.209718, 0.43619, 0.0, 0.0, 0.0, 1.0],
                [0.444649, -0.204528, -0.872041, 0.082176, -0.894865, -0.059291, -0.442381, -3.496464, 0.038775, 0.977063, -0.209389, 0.442053, 0.0, 0.0, 0.0, 1.0],
                [0.45012, -0.203008, -0.869586, 0.084496, -0.892201, -0.061883, -0.447379, -3.498897, 0.037009, 0.97722, -0.208979, 0.448043, 0.0, 0.0, 0.0, 1.0],
                [0.455875, -0.201331, -0.866974, 0.086863, -0.88935, -0.064579, -0.452644, -3.501349, 0.035143, 0.977392, -0.208494, 0.454152, 0.0, 0.0, 0.0, 1.0],
                [0.461895, -0.199502, -0.864206, 0.089275, -0.886314, -0.067372, -0.458158, -3.503822, 0.03318, 0.977579, -0.20794, 0.460375, 0.0, 0.0, 0.0, 1.0],
                [0.46816, -0.197525, -0.861284, 0.091729, -0.883096, -0.070258, -0.463903, -3.506313, 0.03112, 0.977777, -0.207325, 0.466703, 0.0, 0.0, 0.0, 1.0],
                [0.474649, -0.195404, -0.858211, 0.094223, -0.879699, -0.073228, -0.46986, -3.50882, 0.028967, 0.977985, -0.206654, 0.47313, 0.0, 0.0, 0.0, 1.0],
                [0.481343, -0.193144, -0.854988, 0.096754, -0.876125, -0.076277, -0.476011, -3.511344, 0.026723, 0.978201, -0.205933, 0.479649, 0.0, 0.0, 0.0, 1.0],
                [0.48822, -0.190751, -0.851619, 0.09932, -0.87238, -0.079398, -0.482338, -3.513881, 0.024389, 0.978422, -0.205171, 0.486253, 0.0, 0.0, 0.0, 1.0],
                [0.495262, -0.188229, -0.848107, 0.101917, -0.868466, -0.082585, -0.488821, -3.516432, 0.021969, 0.978647, -0.204372, 0.492935, 0.0, 0.0, 0.0, 1.0],
                [0.502448, -0.185584, -0.844455, 0.104543, -0.864388, -0.085832, -0.495445, -3.518993, 0.019466, 0.978873, -0.203543, 0.499687, 0.0, 0.0, 0.0, 1.0],
                [0.50976, -0.182821, -0.840667, 0.107196, -0.860151, -0.089131, -0.502191, -3.521564, 0.016882, 0.979098, -0.202689, 0.506503, 0.0, 0.0, 0.0, 1.0],
                [0.517178, -0.179946, -0.836748, 0.109873, -0.85576, -0.092477, -0.509041, -3.524143, 0.01422, 0.97932, -0.201817, 0.513377, 0.0, 0.0, 0.0, 1.0],
                [0.524683, -0.176963, -0.832702, 0.112572, -0.85122, -0.095862, -0.515979, -3.52673, 0.011485, 0.979538, -0.200932, 0.5203, 0.0, 0.0, 0.0, 1.0],
                [0.532255, -0.173881, -0.828535, 0.115289, -0.84654, -0.09928, -0.522985, -3.529322, 0.00868, 0.979749, -0.20004, 0.527265, 0.0, 0.0, 0.0, 1.0],
                [0.539877, -0.170705, -0.824253, 0.118022, -0.841724, -0.102726, -0.530045, -3.531919, 0.005809, 0.979953, -0.199146, 0.534267, 0.0, 0.0, 0.0, 1.0],
                [0.547531, -0.167442, -0.819862, 0.120768, -0.836781, -0.106192, -0.537142, -3.534517, 0.002877, 0.980146, -0.198256, 0.541297, 0.0, 0.0, 0.0, 1.0],
                [0.555197, -0.164098, -0.81537, 0.123525, -0.831719, -0.109673, -0.544257, -3.537117, -0.000112, 0.980328, -0.197374, 0.548349, 0.0, 0.0, 0.0, 1.0],
                [0.56286, -0.160681, -0.810783, 0.12629, -0.826546, -0.113161, -0.551377, -3.539718, -0.003154, 0.980498, -0.196504, 0.555417, 0.0, 0.0, 0.0, 1.0],
                [0.570503, -0.157198, -0.806111, 0.129061, -0.821272, -0.116652, -0.558485, -3.542316, -0.006242, 0.980653, -0.195652, 0.562492, 0.0, 0.0, 0.0, 1.0],
                [0.578109, -0.153658, -0.801361, 0.131834, -0.815906, -0.120139, -0.565565, -3.544912, -0.009371, 0.980794, -0.194823, 0.569567, 0.0, 0.0, 0.0, 1.0],
                [0.585662, -0.150067, -0.796542, 0.134607, -0.810458, -0.123616, -0.572605, -3.547503, -0.012536, 0.980917, -0.19402, 0.576637, 0.0, 0.0, 0.0, 1.0],
                [0.593146, -0.146435, -0.791665, 0.137377, -0.804941, -0.127077, -0.579587, -3.550089, -0.015731, 0.981024, -0.193247, 0.583693, 0.0, 0.0, 0.0, 1.0],
                [0.600549, -0.14277, -0.786739, 0.140142, -0.799364, -0.130518, -0.5865, -3.552668, -0.018949, 0.981112, -0.192508, 0.590729, 0.0, 0.0, 0.0, 1.0],
                [0.607852, -0.139081, -0.781775, 0.142899, -0.79374, -0.133932, -0.593328, -3.555238, -0.022183, 0.981182, -0.191805, 0.597739, 0.0, 0.0, 0.0, 1.0],
                [0.615044, -0.135378, -0.776784, 0.145644, -0.788082, -0.137314, -0.600059, -3.557798, -0.025428, 0.981233, -0.191143, 0.604714, 0.0, 0.0, 0.0, 1.0],
                [0.622111, -0.131669, -0.771778, 0.148376, -0.782404, -0.140659, -0.606679, -3.560347, -0.028676, 0.981264, -0.190524, 0.611648, 0.0, 0.0, 0.0, 1.0],
                [0.629041, -0.127964, -0.766768, 0.151092, -0.776717, -0.143962, -0.613177, -3.562884, -0.03192, 0.981275, -0.18995, 0.618535, 0.0, 0.0, 0.0, 1.0],
                [0.63582, -0.124274, -0.761767, 0.153789, -0.771036, -0.147218, -0.61954, -3.565406, -0.035153, 0.981266, -0.189424, 0.625366, 0.0, 0.0, 0.0, 1.0],
                [0.642438, -0.120609, -0.756787, 0.156464, -0.765377, -0.150423, -0.625757, -3.567913, -0.038366, 0.981237, -0.188949, 0.632136, 0.0, 0.0, 0.0, 1.0],
                [0.648882, -0.116979, -0.751843, 0.159115, -0.759753, -0.153572, -0.631815, -3.570404, -0.041553, 0.981189, -0.188525, 0.638837, 0.0, 0.0, 0.0, 1.0],
                [0.655143, -0.113395, -0.746946, 0.161738, -0.754181, -0.156661, -0.637706, -3.572876, -0.044705, 0.981121, -0.188155, 0.645461, 0.0, 0.0, 0.0, 1.0],
                [0.661211, -0.109867, -0.742112, 0.164331, -0.748675, -0.159685, -0.643418, -3.575328, -0.047814, 0.981035, -0.18784, 0.652004, 0.0, 0.0, 0.0, 1.0],
                [0.667075, -0.106408, -0.737353, 0.166891, -0.743252, -0.162642, -0.648941, -3.577761, -0.050872, 0.980931, -0.187582, 0.658456, 0.0, 0.0, 0.0, 1.0],
                [0.672727, -0.103027, -0.732683, 0.169416, -0.737927, -0.165525, -0.654267, -3.580172, -0.053871, 0.980809, -0.18738, 0.664812, 0.0, 0.0, 0.0, 1.0],
                [0.678157, -0.099737, -0.728118, 0.171902, -0.732719, -0.168334, -0.659384, -3.582558, -0.056802, 0.980671, -0.187236, 0.671065, 0.0, 0.0, 0.0, 1.0],
                [0.683358, -0.09655, -0.723671, 0.174348, -0.727642, -0.171063, -0.664285, -3.58492, -0.059657, 0.980518, -0.187151, 0.677207, 0.0, 0.0, 0.0, 1.0],
                [0.688321, -0.093477, -0.719359, 0.176749, -0.722715, -0.17371, -0.66896, -3.587256, -0.062427, 0.98035, -0.187125, 0.683232, 0.0, 0.0, 0.0, 1.0],
                [0.692604, -0.090789, -0.715582, 0.178921, -0.718397, -0.176013, -0.672997, -3.589377, -0.064851, 0.980192, -0.18713, 0.688573, 0.0, 0.0, 0.0, 1.0],
                [0.695926, -0.088668, -0.712618, 0.180737, -0.715004, -0.177797, -0.676134, -3.591152, -0.06675, 0.980064, -0.187132, 0.692835, 0.0, 0.0, 0.0, 1.0],
                [0.698519, -0.086988, -0.710284, 0.182277, -0.71233, -0.179183, -0.678586, -3.592659, -0.068242, 0.979962, -0.187127, 0.696267, 0.0, 0.0, 0.0, 1.0],
                [0.700606, -0.085618, -0.708394, 0.183625, -0.710161, -0.180291, -0.680563, -3.593978, -0.069449, 0.97988, -0.187116, 0.699118, 0.0, 0.0, 0.0, 1.0],
                [0.702402, -0.084426, -0.706756, 0.184862, -0.708282, -0.181241, -0.682267, -3.595191, -0.070492, 0.979808, -0.187102, 0.701638, 0.0, 0.0, 0.0, 1.0],
                [0.704121, -0.083277, -0.70518, 0.186073, -0.706471, -0.182151, -0.6839, -3.596377, -0.071496, 0.979738, -0.187089, 0.704074, 0.0, 0.0, 0.0, 1.0],
                [0.705974, -0.082032, -0.703471, 0.187338, -0.704508, -0.183136, -0.68566, -3.597615, -0.072585, 0.979659, -0.187082, 0.706677, 0.0, 0.0, 0.0, 1.0],
                [0.708169, -0.080556, -0.701432, 0.188741, -0.702166, -0.184316, -0.687743, -3.598989, -0.073884, 0.97956, -0.18709, 0.709693, 0.0, 0.0, 0.0, 1.0],
                [0.708169, -0.080556, -0.701432, 0.188741, -0.702166, -0.184316, -0.687743, -3.598989, -0.073884, 0.97956, -0.18709, 0.709693, 0.0, 0.0, 0.0, 1.0],
                [0.708169, -0.080556, -0.701432, 0.188741, -0.702166, -0.184316, -0.687743, -3.598989, -0.073884, 0.97956, -0.18709, 0.709693, 0.0, 0.0, 0.0, 1.0],
                [0.708169, -0.080556, -0.701432, 0.188741, -0.702166, -0.184316, -0.687743, -3.598989, -0.073884, 0.97956, -0.18709, 0.709693, 0.0, 0.0, 0.0, 1.0],
                [0.708169, -0.080556, -0.701432, 0.188741, -0.702166, -0.184316, -0.687743, -3.598989, -0.073884, 0.97956, -0.18709, 0.709693, 0.0, 0.0, 0.0, 1.0]
            ]
        },
        {
            "name": "Thigh_R",
