{
    "armature": {
        "joints": ["Root", "Thigh_R", "Leg_R", "Knee_R", "Thigh_L", "Leg_L", "Knee_L", "Torso", "Chest", "Head", "Shoulder_R", "Arm_R", "Hand_R", "Tool_R", "Elbow_R", "Shoulder_L", "Arm_L", "Hand_L", "Tool_L", "Elbow_L"],
        "hierarchy": [
            {
                "name": "Root",
                "transform": [1.0, 0.0, 0.0, -5e-06, 0.0, 0.0, -1.0, 0.000946, 0.0, 1.0, 0.0, 0.763972, 0.0, 0.0, 0.0, 1.0],
                "children": [
                    {
                        "name": "Thigh_R",
                        "transform": [1.0, -1e-06, -0.0, 0.124994, -1e-06, -1.0, 1e-06, -0.002831, -0.0, -1e-06, -1.0, -1.2e-05, 0.0, 0.0, 0.0, 1.0],
                        "children": [
                            {
                                "name": "Leg_R",
                                "transform": [1.0, 1e-06, 1e-06, -0.0, -1e-06, 1.0, 1e-06, 0.37472, -1e-06, -1e-06, 1.0, -0.0, 0.0, 0.0, 0.0, 1.0],
                                "children": []
                            },
                            {
                                "name": "Knee_R",
                                "transform": [1.0, 0.0, -1e-06, -0.0, -1e-06, 1e-06, -1.0, 0.37472, -0.0, 1.0, 1e-06, -0.0, 0.0, 0.0, 0.0, 1.0],
                                "children": []
                            }
                        ]
                    },
                    {
                        "name": "Thigh_L",
                        "transform": [1.0, -1e-06, -0.0, -0.125006, -1e-06, -1.0, 1e-06, -0.002831, -0.0, -1e-06, -1.0, -1.2e-05, 0.0, 0.0, 0.0, 1.0],
                        "children": [
                            {
                                "name": "Leg_L",
                                "transform": [1.0, 1e-06, 1e-06, 0.0, -1e-06, 1.0, 1e-06, 0.37472, -1e-06, -1e-06, 1.0, -0.0, 0.0, 0.0, 0.0, 1.0],
                                "children": []
                            },
                            {
                                "name": "Knee_L",
                                "transform": [1.0, 0.0, -1e-06, 0.0, -1e-06, 1e-06, -1.0, 0.37472, -0.0, 1.0, 1e-06, -0.0, 0.0, 0.0, 0.0, 1.0],
                                "children": []
                            }
                        ]
                    },
                    {
                        "name": "Torso",
                        "transform": [1.0, 0.0, 0.0, 0.0, 0.0, 1.0, 0.0, 0.05, 0.0, 0.0, 1.0, 0.0, 0.0, 0.0, 0.0, 1.0],
                        "children": [
                            {
                                "name": "Chest",
                                "transform": [1.0, 0.0, -0.0, 0.0, -0.0, 1.0, 0.0, 0.3, 0.0, -0.0, 1.0, 0.0, 0.0, 0.0, 0.0, 1.0],
                                "children": [
                                    {
                                        "name": "Head",
                                        "transform": [1.0, -0.0, 0.0, -0.0, 0.0, 1.0, -0.0, 0.4, -0.0, 0.0, 1.0, 0.0, 0.0, 0.0, 0.0, 1.0],
                                        "children": []
                                    },
                                    {
                                        "name": "Shoulder_R",
                                        "transform": [0.0, 0.952114, 0.305742, -0.0, -1e-06, -0.305742, 0.952114, 0.4, 1.0, -0.0, 1e-06, 0.0, 0.0, 0.0, 0.0, 1.0],
                                        "children": [
                                            {
                                                "name": "Arm_R",
                                                "transform": [0.0, 1e-06, -1.0, 0.0, 0.952114, 0.305742, 0.0, 0.39386, 0.305742, -0.952114, -1e-06, -0.0, 0.0, 0.0, 0.0, 1.0],
                                                "children": [
                                                    {
                                                        "name": "Hand_R",
                                                        "transform": [1.0, 0.0, 0.0, -0.0, -0.0, 0.993937, 0.109947, 0.3, -0.0, -0.109947, 0.993937, -0.0, 0.0, 0.0, 0.0, 1.0],
                                                        "children": [
                                                            {
                                                                "name": "Tool_R",
                                                                "transform": [1.0, 0.0, 0.0, 0.0, 0.0, -0.999836, 0.018122, 0.272859, 0.0, -0.018122, -0.999231, 0.0, 0.0, 0.0, 0.0, 1.0],
                                                                "children": []
                                                            }
                                                        ]
                                                    },
                                                    {
                                                        "name": "Elbow_R",
                                                        "transform": [-1.0, 0.0, -0.0, 0.0, 0.0, -0.0, -1.0, 0.3, -0.0, -1.0, 0.0, -0.0, 0.0, 0.0, 0.0, 1.0],
                                                        "children": []
                                                    }
                                                ]
                                            }
                                        ]
                                    },
                                    {
                                        "name": "Shoulder_L",
                                        "transform": [-1e-06, -0.952114, -0.305742, 0.0, 2e-06, -0.305742, 0.952114, 0.4, -1.0, 0.0, 2e-06, 0.0, 0.0, 0.0, 0.0, 1.0],
                                        "children": [
                                            {
                                                "name": "Arm_L",
                                                "transform": [-1e-06, -2e-06, 1.0, -0.0, -0.952115, 0.305742, -0.0, 0.39386, -0.305742, -0.952115, -2e-06, -0.0, 0.0, 0.0, 0.0, 1.0],
                                                "children": [
                                                    {
                                                        "name": "Hand_L",
                                                        "transform": [1.0, 0.0, 0.0, 0.0, -0.0, 0.993937, 0.109947, 0.3, -0.0, -0.109947, 0.993937, 0.0, 0.0, 0.0, 0.0, 1.0],
                                                        "children": [
                                                            {
                                                                "name": "Tool_L",
                                                                "transform": [1.0, 0.0, 0.0, -0.0, 0.0, -0.999836, 0.018122, 0.272858, 0.0, -0.018122, -0.999231, -0.0, 0.0, 0.0, 0.0, 1.0],
                                                                "children": []
                                                            }
                                                        ]
                                                    },
                                                    {
                                                        "name": "Elbow_L",
                                                        "transform": [-1.0, 0.0, -0.0, 0.0, 0.0, 0.0, -1.0, 0.3, -0.0, -1.0, 0.0, 0.0, 0.0, 0.0, 0.0, 1.0],
                                                        "children": []
                                                    }
                                                ]
                                            }
                                        ]
                                    }
                                ]
                            }
                        ]
                    }
                ]
            }
        ]
    },
    "animation": [
        {
            "name": "Root",
            "time": [0.0333, 0.0667, 0.1167, 0.15, 0.2, 0.25, 0.2833, 0.3167, 0.3667, 0.4, 0.45, 0.5, 0.5333, 0.5833, 0.6167, 0.6667, 0.7, 0.75, 0.7833, 0.8333, 0.8667, 0.9167, 0.95, 1.0, 1.0333],
            "transform": [
                [1.0, 0.0, 0.0, -2.6e-05, 0.0, 0.0, -1.0, 0.239835, 0.0, 1.0, 0.0, 0.753752, 0.0, 0.0, 0.0, 1.0],
                [1.0, 0.0, 0.0, -2.6e-05, 0.0, 0.0, -1.0, 0.260991, 0.0, 1.0, 0.0, 0.751744, 0.0, 0.0, 0.0, 1.0],
                [1.0, 0.0, 0.0, -2.6e-05, 0.0, 0.0, -1.0, 0.335926, 0.0, 1.0, 0.0, 0.743541, 0.0, 0.0, 0.0, 1.0],
                [1.0, 0.0, 0.0, -2.6e-05, 0.0, 0.0, -1.0, 0.394465, 0.0, 1.0, 0.0, 0.734849, 0.0, 0.0, 0.0, 1.0],
                [1.0, 0.0, 0.0, -2.6e-05, 0.0, 0.0, -1.0, 0.451756, 0.0, 1.0, 0.0, 0.719976, 0.0, 0.0, 0.0, 1.0],
                [1.0, 0.0, 0.0, -2.6e-05, 0.0, 0.0, -1.0, 0.471625, 0.0, 1.0, 0.0, 0.704186, 0.0, 0.0, 0.0, 1.0],
                [1.0, 0.0, 0.0, -2.6e-05, 0.0, 0.0, -1.0, 0.480216, 0.0, 1.0, 0.0, 0.693555, 0.0, 0.0, 0.0, 1.0],
                [1.0, 0.0, 0.0, -2.6e-05, 0.0, 0.0, -1.0, 0.48807, 0.0, 1.0, 0.0, 0.683131, 0.0, 0.0, 0.0, 1.0],
                [1.0, 0.0, 0.0, -2.6e-05, 0.0, 0.0, -1.0, 0.495153, 0.0, 1.0, 0.0, 0.668193, 0.0, 0.0, 0.0, 1.0],
                [1.0, 0.0, 0.0, -2.6e-05, 0.0, 0.0, -1.0, 0.495973, 0.0, 1.0, 0.0, 0.659121, 0.0, 0.0, 0.0, 1.0],
                [1.0, 0.0, 0.0, -2.6e-05, 0.0, 0.0, -1.0, 0.495973, 0.0, 1.0, 0.0, 0.647091, 0.0, 0.0, 0.0, 1.0],
                [1.0, 0.0, 0.0, -2.6e-05, 0.0, 0.0, -1.0, 0.495973, 0.0, 1.0, 0.0, 0.637624, 0.0, 0.0, 0.0, 1.0],
                [1.0, 0.0, 0.0, -2.6e-05, 0.0, 0.0, -1.0, 0.495973, 0.0, 1.0, 0.0, 0.633339, 0.0, 0.0, 0.0, 1.0],
                [1.0, 0.0, 0.0, -2.6e-05, 0.0, 0.0, -1.0, 0.495973, 0.0, 1.0, 0.0, 0.628834, 0.0, 0.0, 0.0, 1.0],
                [1.0, 0.0, 0.0, -2.6e-05, 0.0, 0.0, -1.0, 0.495973, 0.0, 1.0, 0.0, 0.62729, 0.0, 0.0, 0.0, 1.0],
                [1.0, 0.0, 0.0, -2.6e-05, 0.0, 0.0, -1.0, 0.495973, 0.0, 1.0, 0.0, 0.626054, 0.0, 0.0, 0.0, 1.0],
                [1.0, 0.0, 0.0, -2.6e-05, 0.0, 0.0, -1.0, 0.495973, 0.0, 1.0, 0.0, 0.625902, 0.0, 0.0, 0.0, 1.0],
                [1.0, 0.0, 0.0, -2.6e-05, 0.0, 0.0, -1.0, 0.496201, 0.0, 1.0, 0.0, 0.631359, 0.0, 0.0, 0.0, 1.0],
                [1.0, 0.0, 0.0, -2.6e-05, 0.0, 0.0, -1.0, 0.496682, 0.0, 1.0, 0.0, 0.642949, 0.0, 0.0, 0.0, 1.0],
                [1.0, 0.0, 0.0, -2.6e-05, 0.0, 0.0, -1.0, 0.497652, 0.0, 1.0, 0.0, 0.666329, 0.0, 0.0, 0.0, 1.0],
                [1.0, 0.0, 0.0, -2.6e-05, 0.0, 0.0, -1.0, 0.498432, 0.0, 1.0, 0.0, 0.685112, 0.0, 0.0, 0.0, 1.0],
                [1.0, 0.0, 0.0, -2.6e-05, 0.0, 0.0, -1.0, 0.499601, 0.0, 1.0, 0.0, 0.713288, 0.0, 0.0, 0.0, 1.0],
                [1.0, 0.0, 0.0, -2.6e-05, 0.0, 0.0, -1.0, 0.500281, 0.0, 1.0, 0.0, 0.729673, 0.0, 0.0, 0.0, 1.0],
                [1.0, 0.0, 0.0, -2.6e-05, 0.0, 0.0, -1.0, 0.501052, 0.0, 1.0, 0.0, 0.748257, 0.0, 0.0, 0.0, 1.0],
                [1.0, 0.0, 0.0, -2.6e-05, 0.0, 0.0, -1.0, 0.501235, 0.0, 1.0, 0.0, 0.752653, 0.0, 0.0, 0.0, 1.0]
            ]
        },
        {
            "name": "Thigh_R",
            "time": [0.0333, 0.0667, 0.1167, 0.15, 0.2, 0.25, 0.2833, 0.3167, 0.3667, 0.4, 0.45, 0.5, 0.5333, 0.5833, 0.6167, 0.6667, 0.7, 0.75, 0.7833, 0.8333, 0.8667, 0.9167, 0.95, 1.0, 1.0333],
            "transform": [
                [0.999001, -0.006337, 0.044243, 0.124027, 0.002004, -0.982549, -0.185992, 0.009032, 0.044649, 0.185895, -0.981555, 0.005036, 0.0, 0.0, 0.0, 1.0],
                [0.998999, -0.007484, 0.044108, 0.124015, 0.002009, -0.97741, -0.211341, 0.009086, 0.044694, 0.211218, -0.976417, 0.005294, 0.0, 0.0, 0.0, 1.0],
                [0.998995, -0.011055, 0.043443, 0.123979, 0.002024, -0.957005, -0.290063, 0.009294, 0.044782, 0.28986, -0.956021, 0.006098, 0.0, 0.0, 0.0, 1.0],
                [0.998998, -0.012849, 0.042869, 0.12396, 0.002014, -0.944019, -0.329886, 0.009422, 0.044708, 0.329641, -0.943047, 0.006505, 0.0, 0.0, 0.0, 1.0],
                [0.999047, -0.011555, 0.042082, 0.123974, 0.00151, -0.954577, -0.297959, 0.009317, 0.043614, 0.297739, -0.953651, 0.006179, 0.0, 0.0, 0.0, 1.0],
                [0.999153, -0.008307, 0.040299, 0.124007, 0.000592, -0.976403, -0.215957, 0.009094, 0.041142, 0.215798, -0.975571, 0.005342, 0.0, 0.0, 0.0, 1.0],
                [0.999218, -0.008054, 0.038719, 0.124009, 0.00016, -0.978213, -0.207602, 0.009076, 0.039547, 0.207446, -0.977447, 0.005256, 0.0, 0.0, 0.0, 1.0],
                [0.999287, -0.007987, 0.036901, 0.12401, -0.000302, -0.97903, -0.203717, 0.009067, 0.037754, 0.203561, -0.978334, 0.005216, 0.0, 0.0, 0.0, 1.0],
                [0.999418, -0.007998, 0.033149, 0.12401, -0.001212, -0.979824, -0.199856, 0.009059, 0.034079, 0.1997, -0.979264, 0.005177, 0.0, 0.0, 0.0, 1.0],
                [0.999533, -0.007932, 0.029513, 0.12401, -0.002064, -0.981049, -0.19375, 0.009047, 0.030491, 0.193598, -0.980607, 0.005115, 0.0, 0.0, 0.0, 1.0],
                [0.999684, -0.007841, 0.023886, 0.124011, -0.00337, -0.983339, -0.18175, 0.009024, 0.024913, 0.181612, -0.983055, 0.004992, 0.0, 0.0, 0.0, 1.0],
                [0.99975, -0.007986, 0.020872, 0.124009, -0.004219, -0.984623, -0.174641, 0.009012, 0.021946, 0.17451, -0.984411, 0.00492, 0.0, 0.0, 0.0, 1.0],
                [0.99975, -0.008224, 0.020791, 0.124007, -0.00438, -0.983915, -0.178585, 0.009019, 0.021925, 0.17845, -0.983705, 0.00496, 0.0, 0.0, 0.0, 1.0],
                [0.999749, -0.008558, 0.02069, 0.124003, -0.004443, -0.981521, -0.191304, 0.009043, 0.021945, 0.191164, -0.981313, 0.00509, 0.0, 0.0, 0.0, 1.0],
                [0.999749, -0.008738, 0.020634, 0.124001, -0.00438, -0.979276, -0.202482, 0.009065, 0.021976, 0.202341, -0.979069, 0.005204, 0.0, 0.0, 0.0, 1.0],
                [0.999749, -0.008933, 0.020547, 0.123999, -0.004263, -0.976175, -0.216942, 0.009096, 0.021995, 0.2168, -0.975968, 0.005352, 0.0, 0.0, 0.0, 1.0],
                [0.99975, -0.008971, 0.02048, 0.123999, -0.004228, -0.975299, -0.22085, 0.009105, 0.021956, 0.220708, -0.975093, 0.005392, 0.0, 0.0, 0.0, 1.0],
                [0.999773, -0.008495, 0.019559, 0.124004, -0.004147, -0.977165, -0.212444, 0.009086, 0.020917, 0.212314, -0.976978, 0.005306, 0.0, 0.0, 0.0, 1.0],
                [0.999814, -0.00751, 0.017756, 0.124014, -0.003951, -0.981273, -0.192581, 0.009045, 0.01887, 0.192475, -0.981121, 0.005103, 0.0, 0.0, 0.0, 1.0],
                [0.999885, -0.005637, 0.014101, 0.124033, -0.003425, -0.988335, -0.152258, 0.008974, 0.014795, 0.152192, -0.98824, 0.004692, 0.0, 0.0, 0.0, 1.0],
                [0.999929, -0.004243, 0.011132, 0.124047, -0.00288, -0.99281, -0.119668, 0.008931, 0.011559, 0.119627, -0.992752, 0.004358, 0.0, 0.0, 0.0, 1.0],
                [0.999975, -0.002338, 0.006609, 0.124066, -0.001865, -0.997504, -0.070582, 0.008884, 0.006758, 0.070568, -0.997484, 0.003857, 0.0, 0.0, 0.0, 1.0],
                [0.999991, -0.001334, 0.003948, 0.124076, -0.001167, -0.999117, -0.041994, 0.00887, 0.004001, 0.041989, -0.99911, 0.003565, 0.0, 0.0, 0.0, 1.0],
                [0.999999, -0.000291, 0.000904, 0.124087, -0.000282, -0.999954, -0.009574, 0.008862, 0.000906, 0.009574, -0.999954, 0.003234, 0.0, 0.0, 0.0, 1.0],
                [1.0, -5.9e-05, 0.00018, 0.124089, -5.8e-05, -0.999998, -0.001914, 0.008861, 0.000181, 0.001914, -0.999998, 0.003155, 0.0, 0.0, 0.0, 1.0]
            ]
        },
        {
            "name": "Leg_R",
            "time": [0.0333, 0.0667, 0.1167, 0.15, 0.2, 0.25, 0.2833, 0.3167, 0.3667, 0.4, 0.45, 0.5, 0.5333, 0.5833, 0.6167, 0.6667, 0.7, 0.75, 0.7833, 0.8333, 0.8667, 0.9167, 0.95, 1.0, 1.0333],
            "transform": [
                [1.0, 1e-06, 1e-06, 0.0, -1e-06, 0.986844, 0.161678, 0.37472, -1e-06, -0.161678, 0.986844, 0.0, 0.0, 0.0, 0.0, 1.0],
                [1.0, 1e-06, 1e-06, 0.0, -1e-06, 0.985443, 0.170007, 0.37472, -1e-06, -0.170007, 0.985443, 0.0, 0.0, 0.0, 0.0, 1.0],
                [1.0, 1e-06, 2e-06, -0.0, -1e-06, 0.978231, 0.20752, 0.37472, -1e-06, -0.20752, 0.978231, 0.0, 0.0, 0.0, 0.0, 1.0],
                [1.0, 1e-06, 2e-06, 0.0, -1e-06, 0.967331, 0.253516, 0.37472, -1e-06, -0.253516, 0.967331, 0.0, 0.0, 0.0, 0.0, 1.0],
                [1.0, 1e-06, 2e-06, -0.0, -1e-06, 0.939438, 0.34272, 0.37472, -1e-06, -0.342719, 0.939438, -0.0, 0.0, 0.0, 0.0, 1.0],
                [1.0, 1e-06, 2e-06, -0.0, -1e-06, 0.9011, 0.433611, 0.37472, -1e-06, -0.433611, 0.9011, -0.0, 0.0, 0.0, 0.0, 1.0],
                [1.0, 1e-06, 2e-06, 0.0, -1e-06, 0.87886, 0.47708, 0.37472, -1e-06, -0.47708, 0.87886, 0.0, 0.0, 0.0, 0.0, 1.0],
                [1.0, 0.0, 2e-06, 0.0, -1e-06, 0.856554, 0.516057, 0.37472, -1e-06, -0.516058, 0.856554, -0.0, 0.0, 0.0, 0.0, 1.0],
                [1.0, 0.0, 2e-06, -0.0, -1e-06, 0.813533, 0.581518, 0.37472, -1e-06, -0.581518, 0.813534, 0.0, 0.0, 0.0, 0.0, 1.0],
                [1.0, 0.0, 2e-06, 0.0, -1e-06, 0.768708, 0.6396, 0.37472, -1e-06, -0.6396, 0.768708, 0.0, 0.0, 0.0, 0.0, 1.0],
                [1.0, 0.0, 2e-06, 0.0, -1e-06, 0.689818, 0.723983, 0.37472, -1e-06, -0.723983, 0.689818, -0.0, 0.0, 0.0, 0.0, 1.0],
                [1.0, -0.0, 2e-06, 0.0, -1e-06, 0.638707, 0.76945, 0.37472, -1e-06, -0.76945, 0.638708, 0.0, 0.0, 0.0, 0.0, 1.0],
                [1.0, -0.0, 2e-06, -0.0, -1e-06, 0.63229, 0.774732, 0.37472, -1e-06, -0.774732, 0.63229, -0.0, 0.0, 0.0, 0.0, 1.0],
                [1.0, -0.0, 2e-06, 0.0, -1e-06, 0.625776, 0.780003, 0.37472, -1e-06, -0.780003, 0.625776, 0.0, 0.0, 0.0, 0.0, 1.0],
                [1.0, -0.0, 2e-06, 0.0, -1e-06, 0.623754, 0.781621, 0.37472, -1e-06, -0.78162, 0.623754, 0.0, 0.0, 0.0, 0.0, 1.0],
                [1.0, -0.0, 2e-06, 0.0, -1e-06, 0.622316, 0.782767, 0.37472, -1e-06, -0.782767, 0.622315, 0.0, 0.0, 0.0, 0.0, 1.0],
                [1.0, -0.0, 2e-06, -0.0, -1e-06, 0.622209, 0.782852, 0.37472, -1e-06, -0.782851, 0.622209, 0.0, 0.0, 0.0, 0.0, 1.0],
                [1.0, -0.0, 2e-06, 0.0, -1e-06, 0.65117, 0.758933, 0.37472, -1e-06, -0.758933, 0.65117, -0.0, 0.0, 0.0, 0.0, 1.0],
                [1.0, 0.0, 2e-06, -0.0, -1e-06, 0.70999, 0.704212, 0.37472, -1e-06, -0.704212, 0.70999, -0.0, 0.0, 0.0, 0.0, 1.0],
                [1.0, 0.0, 2e-06, -0.0, -1e-06, 0.815797, 0.578339, 0.37472, -1e-06, -0.578339, 0.815797, 0.0, 0.0, 0.0, 0.0, 1.0],
                [1.0, 1e-06, 2e-06, -0.0, -1e-06, 0.885805, 0.464058, 0.37472, -1e-06, -0.464058, 0.885805, 0.0, 0.0, 0.0, 0.0, 1.0],
                [1.0, 1e-06, 2e-06, 0.0, -1e-06, 0.960612, 0.277892, 0.37472, -1e-06, -0.277892, 0.960612, -0.0, 0.0, 0.0, 0.0, 1.0],
                [1.0, 1e-06, 1e-06, 0.0, -1e-06, 0.986209, 0.165508, 0.37472, -1e-06, -0.165508, 0.986209, 0.0, 0.0, 0.0, 0.0, 1.0],
                [1.0, 1e-06, 1e-06, -0.0, -1e-06, 0.9993, 0.03741, 0.37472, -1e-06, -0.03741, 0.9993, 0.0, 0.0, 0.0, 0.0, 1.0],
                [1.0, 1e-06, 1e-06, 0.0, -1e-06, 0.999972, 0.007485, 0.37472, -1e-06, -0.007485, 0.999972, 0.0, 0.0, 0.0, 0.0, 1.0]
            ]
        },
        {
            "name": "Knee_R",
            "time": [0.0333, 0.0667, 0.1167, 0.15, 0.2, 0.25, 0.2833, 0.3167, 0.3667, 0.4, 0.45, 0.5, 0.5333, 0.5833, 0.6167, 0.6667, 0.7, 0.75, 0.7833, 0.8333, 0.8667, 0.9167, 0.95, 1.0, 1.0333],
            "transform": [
                [1.0, 1e-06, -2e-06, -0.0, -2e-06, 1e-06, -1.0, 0.37472, -1e-06, 1.0, 1e-06, 0.0, 0.0, 0.0, 0.0, 1.0],
                [1.0, 1e-06, -2e-06, 0.0, -2e-06, 1e-06, -1.0, 0.37472, -1e-06, 1.0, 1e-06, 0.0, 0.0, 0.0, 0.0, 1.0],
                [1.0, 1e-06, -2e-06, -0.0, -2e-06, 1e-06, -1.0, 0.37472, -1e-06, 1.0, 1e-06, -0.0, 0.0, 0.0, 0.0, 1.0],
                [1.0, 1e-06, -2e-06, -0.0, -2e-06, 1e-06, -1.0, 0.37472, -1e-06, 1.0, 1e-06, 0.0, 0.0, 0.0, 0.0, 1.0],
                [1.0, 1e-06, -2e-06, -0.0, -2e-06, 1e-06, -1.0, 0.37472, -1e-06, 1.0, 1e-06, -0.0, 0.0, 0.0, 0.0, 1.0],
                [1.0, 1e-06, -2e-06, -0.0, -2e-06, 1e-06, -1.0, 0.37472, -1e-06, 1.0, 1e-06, -0.0, 0.0, 0.0, 0.0, 1.0],
                [1.0, 1e-06, -2e-06, 0.0, -2e-06, 1e-06, -1.0, 0.37472, -1e-06, 1.0, 1e-06, 0.0, 0.0, 0.0, 0.0, 1.0],
                [1.0, 1e-06, -2e-06, 0.0, -2e-06, 1e-06, -1.0, 0.37472, -1e-06, 1.0, 1e-06, -0.0, 0.0, 0.0, 0.0, 1.0],
                [1.0, 1e-06, -2e-06, -0.0, -2e-06, 1e-06, -1.0, 0.37472, -1e-06, 1.0, 1e-06, 0.0, 0.0, 0.0, 0.0, 1.0],
                [1.0, 1e-06, -2e-06, -0.0, -2e-06, 1e-06, -1.0, 0.37472, -1e-06, 1.0, 1e-06, 0.0, 0.0, 0.0, 0.0, 1.0],
                [1.0, 1e-06, -2e-06, -0.0, -2e-06, 1e-06, -1.0, 0.37472, -1e-06, 1.0, 1e-06, -0.0, 0.0, 0.0, 0.0, 1.0],
                [1.0, 1e-06, -2e-06, -0.0, -2e-06, 1e-06, -1.0, 0.37472, -1e-06, 1.0, 1e-06, 0.0, 0.0, 0.0, 0.0, 1.0],
                [1.0, 1e-06, -2e-06, -0.0, -2e-06, 1e-06, -1.0, 0.37472, -1e-06, 1.0, 1e-06, 0.0, 0.0, 0.0, 0.0, 1.0],
                [1.0, 1e-06, -2e-06, 0.0, -2e-06, 1e-06, -1.0, 0.37472, -1e-06, 1.0, 1e-06, 0.0, 0.0, 0.0, 0.0, 1.0],
                [1.0, 1e-06, -2e-06, -0.0, -2e-06, 1e-06, -1.0, 0.37472, -1e-06, 1.0, 1e-06, 0.0, 0.0, 0.0, 0.0, 1.0],
                [1.0, 1e-06, -2e-06, -0.0, -2e-06, 1e-06, -1.0, 0.37472, -1e-06, 1.0, 1e-06, -0.0, 0.0, 0.0, 0.0, 1.0],
                [1.0, 1e-06, -2e-06, -0.0, -2e-06, 1e-06, -1.0, 0.37472, -1e-06, 1.0, 1e-06, -0.0, 0.0, 0.0, 0.0, 1.0],
                [1.0, 1e-06, -2e-06, -0.0, -2e-06, 1e-06, -1.0, 0.37472, -1e-06, 1.0, 1e-06, -0.0, 0.0, 0.0, 0.0, 1.0],
                [1.0, 1e-06, -2e-06, -0.0, -2e-06, 1e-06, -1.0, 0.37472, -1e-06, 1.0, 1e-06, 0.0, 0.0, 0.0, 0.0, 1.0],
                [1.0, 1e-06, -2e-06, -0.0, -2e-06, 1e-06, -1.0, 0.37472, -1e-06, 1.0, 1e-06, 0.0, 0.0, 0.0, 0.0, 1.0],
                [1.0, 1e-06, -2e-06, -0.0, -2e-06, 1e-06, -1.0, 0.37472, -1e-06, 1.0, 1e-06, 0.0, 0.0, 0.0, 0.0, 1.0],
                [1.0, 1e-06, -2e-06, -0.0, -2e-06, 1e-06, -1.0, 0.37472, -1e-06, 1.0, 1e-06, -0.0, 0.0, 0.0, 0.0, 1.0],
                [1.0, 1e-06, -2e-06, -0.0, -2e-06, 1e-06, -1.0, 0.37472, -1e-06, 1.0, 1e-06, -0.0, 0.0, 0.0, 0.0, 1.0],
                [1.0, 1e-06, -2e-06, -0.0, -2e-06, 1e-06, -1.0, 0.37472, -1e-06, 1.0, 1e-06, 0.0, 0.0, 0.0, 0.0, 1.0],
                [1.0, 1e-06, -2e-06, -0.0, -2e-06, 1e-06, -1.0, 0.37472, -1e-06, 1.0, 1e-06, 0.0, 0.0, 0.0, 0.0, 1.0]
            ]
        },
        {
            "name": "Thigh_L",
            "time": [0.0333, 0.0667, 0.1167, 0.15, 0.2, 0.25, 0.2833, 0.3167, 0.3667, 0.4, 0.45, 0.5, 0.5333, 0.5833, 0.6167, 0.6667, 0.7, 0.75, 0.7833, 0.8333, 0.8667, 0.9167, 0.95, 1.0, 1.0333],
            "transform": [
                [0.993029, -0.013999, -0.117034, -0.124525, -0.008921, -0.999, 0.043801, 0.004522, -0.117531, -0.042451, -0.992162, 0.002885, 0.0, 0.0, 0.0, 1.0],
                [0.992943, -0.025242, -0.115875, -0.124639, -0.009808, -0.991218, 0.131877, 0.004632, -0.118186, -0.12981, -0.98447, 0.001996, 0.0, 0.0, 0.0, 1.0],
                [0.992725, -0.060355, -0.104182, -0.124994, -0.011262, -0.908037, 0.418739, 0.005536, -0.119874, -0.41452, -0.902111, -0.000886, 0.0, 0.0, 0.0, 1.0],
                [0.992885, -0.077944, -0.090024, -0.125172, -0.009852, -0.807188, 0.590212, 0.006559, -0.11867, -0.585126, -0.802213, -0.002615, 0.0, 0.0, 0.0, 1.0],
                [0.99376, -0.083663, -0.073771, -0.125234, -0.007218, -0.70822, 0.705954, 0.007525, -0.111309, -0.701017, -0.704405, -0.003831, 0.0, 0.0, 0.0, 1.0],
                [0.994789, -0.079011, -0.064443, -0.125187, -0.00768, -0.688318, 0.725369, 0.007725, -0.10167, -0.721094, -0.685337, -0.004039, 0.0, 0.0, 0.0, 1.0],
                [0.995288, -0.075931, -0.060306, -0.125156, -0.008284, -0.686246, 0.727322, 0.007747, -0.096611, -0.723395, -0.683642, -0.004062, 0.0, 0.0, 0.0, 1.0],
                [0.995741, -0.072863, -0.056493, -0.125124, -0.008626, -0.683677, 0.729734, 0.007773, -0.091793, -0.726139, -0.681393, -0.00409, 0.0, 0.0, 0.0, 1.0],
                [0.99649, -0.067099, -0.050051, -0.125065, -0.008839, -0.678901, 0.734177, 0.007822, -0.083242, -0.731158, -0.677111, -0.004141, 0.0, 0.0, 0.0, 1.0],
                [0.997118, -0.061574, -0.044311, -0.125008, -0.008912, -0.675143, 0.737633, 0.007861, -0.075335, -0.735113, -0.673746, -0.004182, 0.0, 0.0, 0.0, 1.0],
                [0.997962, -0.052921, -0.035651, -0.124919, -0.009004, -0.669921, 0.742378, 0.007914, -0.063171, -0.740544, -0.669032, -0.004238, 0.0, 0.0, 0.0, 1.0],
                [0.998349, -0.048196, -0.031254, -0.124871, -0.008906, -0.667371, 0.744672, 0.00794, -0.056748, -0.743164, -0.666699, -0.004264, 0.0, 0.0, 0.0, 1.0],
                [0.998352, -0.048067, -0.031342, -0.12487, -0.008761, -0.667471, 0.744584, 0.007939, -0.05671, -0.743083, -0.666792, -0.004264, 0.0, 0.0, 0.0, 1.0],
                [0.998351, -0.048002, -0.031482, -0.124869, -0.008679, -0.66833, 0.743814, 0.00793, -0.056745, -0.742314, -0.667645, -0.004256, 0.0, 0.0, 0.0, 1.0],
                [0.998347, -0.047991, -0.031609, -0.124869, -0.008715, -0.670136, 0.742187, 0.007912, -0.056801, -0.740685, -0.669447, -0.004239, 0.0, 0.0, 0.0, 1.0],
                [0.998344, -0.047879, -0.031873, -0.124868, -0.008815, -0.674965, 0.737797, 0.007862, -0.056839, -0.736295, -0.67427, -0.004195, 0.0, 0.0, 0.0, 1.0],
                [0.998348, -0.047626, -0.032144, -0.124865, -0.008888, -0.680704, 0.732504, 0.007804, -0.056767, -0.731009, -0.680003, -0.004141, 0.0, 0.0, 0.0, 1.0],
                [0.998485, -0.044771, -0.032001, -0.124836, -0.009533, -0.713433, 0.700659, 0.007468, -0.0542, -0.699292, -0.712779, -0.003818, 0.0, 0.0, 0.0, 1.0],
                [0.998747, -0.039507, -0.030719, -0.124782, -0.010475, -0.765265, 0.64363, 0.006941, -0.048936, -0.642501, -0.76472, -0.003235, 0.0, 0.0, 0.0, 1.0],
                [0.99921, -0.029371, -0.026758, -0.124678, -0.011154, -0.853744, 0.520573, 0.006027, -0.038134, -0.519864, -0.853398, -0.00199, 0.0, 0.0, 0.0, 1.0],
                [0.999512, -0.021765, -0.022406, -0.124601, -0.010528, -0.910051, 0.414363, 0.005463, -0.029409, -0.413925, -0.909836, -0.000902, 0.0, 0.0, 0.0, 1.0],
                [0.999832, -0.011535, -0.014254, -0.124496, -0.007674, -0.96922, 0.246076, 0.004835, -0.016654, -0.245926, -0.969146, 0.000804, 0.0, 0.0, 0.0, 1.0],
                [0.999941, -0.006388, -0.008781, -0.124444, -0.005036, -0.989237, 0.146237, 0.004639, -0.00962, -0.146184, -0.989211, 0.001824, 0.0, 0.0, 0.0, 1.0],
                [0.999997, -0.001326, -0.002062, -0.124391, -0.001257, -0.999454, 0.033013, 0.004517, -0.002105, -0.03301, -0.999453, 0.002978, 0.0, 0.0, 0.0, 1.0],
                [1.0, -0.00026, -0.000416, -0.12438, -0.000258, -0.999978, 0.006604, 0.004512, -0.000418, -0.006604, -0.999978, 0.003248, 0.0, 0.0, 0.0, 1.0]
            ]
        },
        {
            "name": "Leg_L",
            "time": [0.0333, 0.0667, 0.1167, 0.15, 0.2, 0.25, 0.2833, 0.3167, 0.3667, 0.4, 0.45, 0.5, 0.5333, 0.5833, 0.6167, 0.6667, 0.7, 0.75, 0.7833, 0.8333, 0.8667, 0.9167, 0.95, 1.0, 1.0333],
            "transform": [
                [1.0, 1e-06, 1e-06, 0.0, -1e-06, 0.970952, 0.239276, 0.37472, -1e-06, -0.239276, 0.970952, 0.0, 0.0, 0.0, 0.0, 1.0],
                [1.0, 1e-06, 1e-06, -0.0, -1e-06, 0.970951, 0.239276, 0.37472, -1e-06, -0.239276, 0.970951, 0.0, 0.0, 0.0, 0.0, 1.0],
                [1.0, 1e-06, 1e-06, 0.0, -1e-06, 0.970951, 0.239276, 0.37472, -1e-06, -0.239276, 0.970951, 0.0, 0.0, 0.0, 0.0, 1.0],
                [1.0, 1e-06, 1e-06, 0.0, -1e-06, 0.970951, 0.239276, 0.37472, -1e-06, -0.239276, 0.970951, -0.0, 0.0, 0.0, 0.0, 1.0],
                [1.0, 1e-06, 1e-06, 0.0, -1e-06, 0.965756, 0.259451, 0.37472, -1e-06, -0.259451, 0.965756, 0.0, 0.0, 0.0, 0.0, 1.0],
                [1.0, 1e-06, 1e-06, -0.0, -1e-06, 0.949767, 0.312957, 0.37472, -1e-06, -0.312957, 0.949767, -0.0, 0.0, 0.0, 0.0, 1.0],
                [1.0, 1e-06, 1e-06, -0.0, -1e-06, 0.937992, 0.346658, 0.37472, -1e-06, -0.346659, 0.937991, -0.0, 0.0, 0.0, 0.0, 1.0],
                [1.0, 0.0, 1e-06, 0.0, -1e-06, 0.92329, 0.384104, 0.37472, -1e-06, -0.384104, 0.92329, 0.0, 0.0, 0.0, 0.0, 1.0],
                [1.0, 0.0, 1e-06, 0.0, -1e-06, 0.885664, 0.464326, 0.37472, -1e-06, -0.464326, 0.885664, -0.0, 0.0, 0.0, 0.0, 1.0],
                [1.0, 0.0, 1e-06, -0.0, -1e-06, 0.837326, 0.546704, 0.37472, -1e-06, -0.546704, 0.837326, -0.0, 0.0, 0.0, 0.0, 1.0],
                [1.0, 0.0, 1e-06, 0.0, -1e-06, 0.733511, 0.679678, 0.37472, -1e-06, -0.679678, 0.733511, -0.0, 0.0, 0.0, 0.0, 1.0],
                [1.0, -0.0, 1e-06, -0.0, -1e-06, 0.625767, 0.78001, 0.37472, -1e-06, -0.78001, 0.625767, -0.0, 0.0, 0.0, 0.0, 1.0],
                [1.0, -0.0, 1e-06, 0.0, -1e-06, 0.577995, 0.81604, 0.37472, -1e-06, -0.81604, 0.577996, 0.0, 0.0, 0.0, 0.0, 1.0],
                [1.0, -0.0, 1e-06, -0.0, -1e-06, 0.526786, 0.849998, 0.37472, -1e-06, -0.849998, 0.526786, -0.0, 0.0, 0.0, 0.0, 1.0],
                [1.0, -0.0, 1e-06, 0.0, -1e-06, 0.509651, 0.860381, 0.37472, -1e-06, -0.860381, 0.509651, -0.0, 0.0, 0.0, 0.0, 1.0],
                [1.0, -0.0, 1e-06, 0.0, -1e-06, 0.496483, 0.868046, 0.37472, -1e-06, -0.868046, 0.496483, 0.0, 0.0, 0.0, 0.0, 1.0],
                [1.0, -0.0, 1e-06, 0.0, -1e-06, 0.495125, 0.868822, 0.37472, -1e-06, -0.868822, 0.495125, 0.0, 0.0, 0.0, 0.0, 1.0],
                [1.0, -0.0, 1e-06, 0.0, -1e-06, 0.532132, 0.846662, 0.37472, -1e-06, -0.846662, 0.532132, 0.0, 0.0, 0.0, 0.0, 1.0],
                [1.0, -0.0, 1e-06, 0.0, -1e-06, 0.608866, 0.793273, 0.37472, -1e-06, -0.793273, 0.608866, -0.0, 0.0, 0.0, 0.0, 1.0],
                [1.0, 0.0, 1e-06, -0.0, -1e-06, 0.749545, 0.661954, 0.37472, -1e-06, -0.661954, 0.749545, -0.0, 0.0, 0.0, 0.0, 1.0],
                [1.0, 0.0, 1e-06, -0.0, -1e-06, 0.844335, 0.535815, 0.37472, -1e-06, -0.535815, 0.844335, -0.0, 0.0, 0.0, 0.0, 1.0],
                [1.0, 1e-06, 1e-06, 0.0, -1e-06, 0.946433, 0.3229, 0.37472, -1e-06, -0.3229, 0.946433, 0.0, 0.0, 0.0, 0.0, 1.0],
                [1.0, 1e-06, 1e-06, -0.0, -1e-06, 0.981319, 0.192389, 0.37472, -1e-06, -0.192389, 0.981319, 0.0, 0.0, 0.0, 0.0, 1.0],
                [1.0, 1e-06, 1e-06, 0.0, -1e-06, 0.999061, 0.043336, 0.37472, -1e-06, -0.043336, 0.999061, 0.0, 0.0, 0.0, 0.0, 1.0],
                [1.0, 1e-06, 1e-06, -0.0, -1e-06, 0.999962, 0.00867, 0.37472, -1e-06, -0.00867, 0.999962, -0.0, 0.0, 0.0, 0.0, 1.0]
            ]
        },
        {
            "name": "Knee_L",
            "time": [0.0333, 0.0667, 0.1167, 0.15, 0.2, 0.25, 0.2833, 0.3167, 0.3667, 0.4, 0.45, 0.5, 0.5333, 0.5833, 0.6167, 0.6667, 0.7, 0.75, 0.7833, 0.8333, 0.8667, 0.9167, 0.95, 1.0, 1.0333],
            "transform": [
                [1.0, 0.0, -1e-06, -0.0, -1e-06, 1e-06, -1.0, 0.37472, -0.0, 1.0, 1e-06, -0.0, 0.0, 0.0, 0.0, 1.0],
                [1.0, 0.0, -1e-06, -0.0, -1e-06, 1e-06, -1.0, 0.37472, -0.0, 1.0, 1e-06, -0.0, 0.0, 0.0, 0.0, 1.0],
                [1.0, 0.0, -1e-06, -0.0, -1e-06, 1e-06, -1.0, 0.37472, -0.0, 1.0, 1e-06, -0.0, 0.0, 0.0, 0.0, 1.0],
                [1.0, 0.0, -1e-06, -0.0, -1e-06, 1e-06, -1.0, 0.37472, -0.0, 1.0, 1e-06, 0.0, 0.0, 0.0, 0.0, 1.0],
                [1.0, 0.0, -1e-06, -0.0, -1e-06, 1e-06, -1.0, 0.37472, -0.0, 1.0, 1e-06, 0.0, 0.0, 0.0, 0.0, 1.0],
                [1.0, 0.0, -1e-06, -0.0, -1e-06, 1e-06, -1.0, 0.37472, -0.0, 1.0, 1e-06, 0.0, 0.0, 0.0, 0.0, 1.0],
                [1.0, 0.0, -1e-06, -0.0, -1e-06, 1e-06, -1.0, 0.37472, -0.0, 1.0, 1e-06, -0.0, 0.0, 0.0, 0.0, 1.0],
                [1.0, 0.0, -1e-06, -0.0, -1e-06, 1e-06, -1.0, 0.37472, -0.0, 1.0, 1e-06, 0.0, 0.0, 0.0, 0.0, 1.0],
                [1.0, 0.0, -1e-06, -0.0, -1e-06, 1e-06, -1.0, 0.37472, -0.0, 1.0, 1e-06, 0.0, 0.0, 0.0, 0.0, 1.0],
                [1.0, 0.0, -1e-06, -0.0, -1e-06, 1e-06, -1.0, 0.37472, -0.0, 1.0, 1e-06, -0.0, 0.0, 0.0, 0.0, 1.0],
                [1.0, 0.0, -1e-06, -0.0, -1e-06, 1e-06, -1.0, 0.37472, -0.0, 1.0, 1e-06, -0.0, 0.0, 0.0, 0.0, 1.0],
                [1.0, 0.0, -1e-06, -0.0, -1e-06, 1e-06, -1.0, 0.37472, -0.0, 1.0, 1e-06, -0.0, 0.0, 0.0, 0.0, 1.0],
                [1.0, 0.0, -1e-06, -0.0, -1e-06, 1e-06, -1.0, 0.37472, -0.0, 1.0, 1e-06, -0.0, 0.0, 0.0, 0.0, 1.0],
                [1.0, 0.0, -1e-06, -0.0, -1e-06, 1e-06, -1.0, 0.37472, -0.0, 1.0, 1e-06, -0.0, 0.0, 0.0, 0.0, 1.0],
                [1.0, 0.0, -1e-06, -0.0, -1e-06, 1e-06, -1.0, 0.37472, -0.0, 1.0, 1e-06, 0.0, 0.0, 0.0, 0.0, 1.0],
                [1.0, 0.0, -1e-06, -0.0, -1e-06, 1e-06, -1.0, 0.37472, -0.0, 1.0, 1e-06, 0.0, 0.0, 0.0, 0.0, 1.0],
                [1.0, 0.0, -1e-06, -0.0, -1e-06, 1e-06, -1.0, 0.37472, -0.0, 1.0, 1e-06, 0.0, 0.0, 0.0, 0.0, 1.0],
                [1.0, 0.0, -1e-06, -0.0, -1e-06, 1e-06, -1.0, 0.37472, -0.0, 1.0, 1e-06, 0.0, 0.0, 0.0, 0.0, 1.0],
                [1.0, 0.0, -1e-06, -0.0, -1e-06, 1e-06, -1.0, 0.37472, -0.0, 1.0, 1e-06, -0.0, 0.0, 0.0, 0.0, 1.0],
                [1.0, 0.0, -1e-06, -0.0, -1e-06, 1e-06, -1.0, 0.37472, -0.0, 1.0, 1e-06, 0.0, 0.0, 0.0, 0.0, 1.0],
                [1.0, 0.0, -1e-06, -0.0, -1e-06, 1e-06, -1.0, 0.37472, -0.0, 1.0, 1e-06, -0.0, 0.0, 0.0, 0.0, 1.0],
                [1.0, 0.0, -1e-06, -0.0, -1e-06, 1e-06, -1.0, 0.37472, -0.0, 1.0, 1e-06, 0.0, 0.0, 0.0, 0.0, 1.0],
                [1.0, 0.0, -1e-06, -0.0, -1e-06, 1e-06, -1.0, 0.37472, -0.0, 1.0, 1e-06, 0.0, 0.0, 0.0, 0.0, 1.0],
                [1.0, 0.0, -1e-06, -0.0, -1e-06, 1e-06, -1.0, 0.37472, -0.0, 1.0, 1e-06, 0.0, 0.0, 0.0, 0.0, 1.0],
                [1.0, 0.0, -1e-06, -0.0, -1e-06, 1e-06, -1.0, 0.37472, -0.0, 1.0, 1e-06, -0.0, 0.0, 0.0, 0.0, 1.0]
            ]
        },
        {
            "name": "Torso",
            "time": [0.0333, 0.0667, 0.1167, 0.15, 0.2, 0.25, 0.2833, 0.3167, 0.3667, 0.4, 0.45, 0.5, 0.5333, 0.5833, 0.6167, 0.6667, 0.7, 0.75, 0.7833, 0.8333, 0.8667, 0.9167, 0.95, 1.0, 1.0333],
            "transform": [
                [1.0, -0.0, 0.0, 0.0, 0.0, 0.999716, 0.023818, 0.05, -0.0, -0.023818, 0.999716, 0.0, 0.0, 0.0, 0.0, 1.0],
                [1.0, -0.0, 0.0, 0.0, 0.0, 0.999716, 0.023818, 0.05, -0.0, -0.023818, 0.999716, 0.0, 0.0, 0.0, 0.0, 1.0],
                [1.0, -0.0, 0.0, 0.0, 0.0, 0.999716, 0.023818, 0.05, -0.0, -0.023818, 0.999716, 0.0, 0.0, 0.0, 0.0, 1.0],
                [1.0, -0.0, 0.0, 0.0, 0.0, 0.999716, 0.023818, 0.05, -0.0, -0.023818, 0.999716, 0.0, 0.0, 0.0, 0.0, 1.0],
                [1.0, -0.0, 0.0, 0.0, 0.0, 0.999728, 0.023316, 0.05, -0.0, -0.023316, 0.999728, 0.0, 0.0, 0.0, 0.0, 1.0],
                [1.0, -0.0, 0.0, 0.0, 0.0, 0.999759, 0.021957, 0.05, -0.0, -0.021957, 0.999759, 0.0, 0.0, 0.0, 0.0, 1.0],
                [1.0, -0.0, 0.0, 0.0, 0.0, 0.999778, 0.021069, 0.05, -0.0, -0.021069, 0.999778, 0.0, 0.0, 0.0, 0.0, 1.0],
                [1.0, -0.0, 0.0, 0.0, 0.0, 0.999798, 0.020121, 0.05, -0.0, -0.020121, 0.999798, 0.0, 0.0, 0.0, 0.0, 1.0],
                [1.0, -0.0, 0.0, 0.0, 0.0, 0.999834, 0.018219, 0.05, -0.0, -0.018219, 0.999834, 0.0, 0.0, 0.0, 0.0, 1.0],
                [1.0, -0.0, 0.0, 0.0, 0.0, 0.999866, 0.016349, 0.05, -0.0, -0.016349, 0.999866, 0.0, 0.0, 0.0, 0.0, 1.0],
                [1.0, -0.0, 0.0, 0.0, 0.0, 0.99991, 0.013438, 0.05, -0.0, -0.013438, 0.99991, 0.0, 0.0, 0.0, 0.0, 1.0],
                [1.0, -0.0, 0.0, 0.0, 0.0, 0.999929, 0.01191, 0.05, -0.0, -0.01191, 0.999929, 0.0, 0.0, 0.0, 0.0, 1.0],
                [1.0, -0.0, 0.0, 0.0, 0.0, 0.999929, 0.01191, 0.05, -0.0, -0.01191, 0.999929, 0.0, 0.0, 0.0, 0.0, 1.0],
                [1.0, -0.0, 0.0, 0.0, 0.0, 0.999929, 0.01191, 0.05, -0.0, -0.01191, 0.999929, 0.0, 0.0, 0.0, 0.0, 1.0],
                [1.0, -0.0, 0.0, 0.0, 0.0, 0.999929, 0.01191, 0.05, -0.0, -0.01191, 0.999929, 0.0, 0.0, 0.0, 0.0, 1.0],
                [1.0, -0.0, 0.0, 0.0, 0.0, 0.999929, 0.01191, 0.05, -0.0, -0.01191, 0.999929, 0.0, 0.0, 0.0, 0.0, 1.0],
                [1.0, -0.0, 0.0, 0.0, 0.0, 0.999929, 0.01191, 0.05, -0.0, -0.01191, 0.999929, 0.0, 0.0, 0.0, 0.0, 1.0],
                [1.0, -0.0, 0.0, 0.0, 0.0, 0.999935, 0.011398, 0.05, -0.0, -0.011398, 0.999935, 0.0, 0.0, 0.0, 0.0, 1.0],
                [1.0, -0.0, 0.0, 0.0, 0.0, 0.999947, 0.010319, 0.05, -0.0, -0.010319, 0.999947, 0.0, 0.0, 0.0, 0.0, 1.0],
                [1.0, -0.0, 0.0, 0.0, 0.0, 0.999967, 0.008141, 0.05, -0.0, -0.008141, 0.999967, 0.0, 0.0, 0.0, 0.0, 1.0],
                [1.0, -0.0, 0.0, 0.0, 0.0, 0.99998, 0.006392, 0.05, -0.0, -0.006392, 0.99998, 0.0, 0.0, 0.0, 0.0, 1.0],
                [1.0, -0.0, 0.0, 0.0, 0.0, 0.999993, 0.003768, 0.05, -0.0, -0.003768, 0.999993, 0.0, 0.0, 0.0, 0.0, 1.0],
                [1.0, -0.0, 0.0, 0.0, 0.0, 0.999997, 0.002242, 0.05, -0.0, -0.002242, 0.999997, 0.0, 0.0, 0.0, 0.0, 1.0],
                [1.0, -0.0, 0.0, 0.0, 0.0, 1.0, 0.000512, 0.05, -0.0, -0.000512, 1.0, 0.0, 0.0, 0.0, 0.0, 1.0],
                [1.0, -0.0, 0.0, 0.0, 0.0, 1.0, 0.000102, 0.05, -0.0, -0.000102, 1.0, 0.0, 0.0, 0.0, 0.0, 1.0]
            ]
        },
        {
            "name": "Chest",
            "time": [0.0333, 0.0667, 0.1167, 0.15, 0.2, 0.25, 0.2833, 0.3167, 0.3667, 0.4, 0.45, 0.5, 0.5333, 0.5833, 0.6167, 0.6667, 0.7, 0.75, 0.7833, 0.8333, 0.8667, 0.9167, 0.95, 1.0, 1.0333],
            "transform": [
                [1.0, -0.0, 0.0, 0.0, 0.0, 0.929294, -0.369342, 0.3, -0.0, 0.369342, 0.929294, 0.0, 0.0, 0.0, 0.0, 1.0],
                [1.0, -0.0, 0.0, 0.0, 0.0, 0.909506, -0.415691, 0.3, -0.0, 0.415691, 0.909506, 0.0, 0.0, 0.0, 0.0, 1.0],
                [1.0, -0.0, 0.0, 0.0, 0.0, 0.832316, -0.554302, 0.3, 0.0, 0.554302, 0.832316, -0.0, 0.0, 0.0, 0.0, 1.0],
                [1.0, -0.0, 0.0, 0.0, 0.0, 0.784311, -0.620368, 0.3, 0.0, 0.620368, 0.784311, 0.0, 0.0, 0.0, 0.0, 1.0],
                [1.0, -0.0, 0.0, 0.0, 0.0, 0.786694, -0.617343, 0.3, 0.0, 0.617343, 0.786694, -0.0, 0.0, 0.0, 0.0, 1.0],
                [1.0, -0.0, 0.0, -0.0, 0.0, 0.846369, -0.532597, 0.3, 0.0, 0.532597, 0.846369, 0.0, 0.0, 0.0, 0.0, 1.0],
                [1.0, -0.0, 0.0, 0.0, 0.0, 0.881535, -0.472118, 0.3, -0.0, 0.472118, 0.881535, 0.0, 0.0, 0.0, 0.0, 1.0],
                [1.0, -0.0, 0.0, 0.0, 0.0, 0.914458, -0.404682, 0.3, -0.0, 0.404682, 0.914458, 0.0, 0.0, 0.0, 0.0, 1.0],
                [1.0, -0.0, 0.0, 0.0, 0.0, 0.964571, -0.263822, 0.3, -0.0, 0.263822, 0.964571, 0.0, 0.0, 0.0, 0.0, 1.0],
                [1.0, -0.0, 0.0, 0.0, 0.0, 0.993105, -0.11723, 0.3, -0.0, 0.11723, 0.993105, 0.0, 0.0, 0.0, 0.0, 1.0],
                [1.0, -0.0, 0.0, -0.0, 0.0, 0.98937, 0.145423, 0.3, -0.0, -0.145423, 0.98937, -0.0, 0.0, 0.0, 0.0, 1.0],
                [1.0, -0.0, 0.0, 0.0, 0.0, 0.923761, 0.382971, 0.3, -0.0, -0.382971, 0.923761, 0.0, 0.0, 0.0, 0.0, 1.0],
                [1.0, -0.0, 0.0, 0.0, 0.0, 0.874232, 0.485509, 0.3, -0.0, -0.485509, 0.874232, -0.0, 0.0, 0.0, 0.0, 1.0],
                [1.0, -0.0, 0.0, 0.0, -0.0, 0.809874, 0.586604, 0.3, -0.0, -0.586604, 0.809874, 0.0, 0.0, 0.0, 0.0, 1.0],
                [1.0, -0.0, 0.0, 0.0, -0.0, 0.784043, 0.620706, 0.3, -0.0, -0.620706, 0.784043, 0.0, 0.0, 0.0, 0.0, 1.0],
                [1.0, -0.0, 0.0, 0.0, -0.0, 0.761028, 0.648719, 0.3, -0.0, -0.648719, 0.761028, 0.0, 0.0, 0.0, 0.0, 1.0],
                [1.0, -0.0, 0.0, 0.0, -0.0, 0.757618, 0.652698, 0.3, -0.0, -0.652698, 0.757618, -0.0, 0.0, 0.0, 0.0, 1.0],
                [1.0, -0.0, 0.0, -0.0, -0.0, 0.776185, 0.630505, 0.3, -0.0, -0.630505, 0.776185, 0.0, 0.0, 0.0, 0.0, 1.0],
                [1.0, -0.0, 0.0, -0.0, -0.0, 0.815083, 0.579345, 0.3, -0.0, -0.579345, 0.815083, 0.0, 0.0, 0.0, 0.0, 1.0],
                [1.0, -0.0, 0.0, 0.0, 0.0, 0.883661, 0.468127, 0.3, -0.0, -0.468127, 0.883661, 0.0, 0.0, 0.0, 0.0, 1.0],
                [1.0, -0.0, 0.0, -0.0, 0.0, 0.928138, 0.372236, 0.3, -0.0, -0.372236, 0.928138, -0.0, 0.0, 0.0, 0.0, 1.0],
                [1.0, -0.0, 0.0, -0.0, 0.0, 0.975205, 0.221305, 0.3, -0.0, -0.221305, 0.975205, 0.0, 0.0, 0.0, 0.0, 1.0],
                [1.0, -0.0, 0.0, 0.0, 0.0, 0.991291, 0.131689, 0.3, -0.0, -0.131689, 0.991291, 0.0, 0.0, 0.0, 0.0, 1.0],
                [1.0, -0.0, 0.0, -0.0, 0.0, 0.999555, 0.029847, 0.3, -0.0, -0.029847, 0.999555, -0.0, 0.0, 0.0, 0.0, 1.0],
                [1.0, -0.0, 0.0, 0.0, 0.0, 0.999982, 0.005971, 0.3, -0.0, -0.005971, 0.999982, 0.0, 0.0, 0.0, 0.0, 1.0]
            ]
        },
        {
            "name": "Head",
