{
    "animation": [
        {
            "name": "Root",
            "time": [0.0, 0.1667, 0.25, 0.3333, 0.4167, 0.5333, 0.6333, 0.7333, 0.8167, 0.9333, 1.0333, 1.1333, 1.2167, 1.3333, 1.4333, 1.5333, 1.6167, 1.7333, 1.8333, 1.9667],
            "transform": [
                [1.0, 0.0, 0.0, -5e-06, 0.0, 0.0, -1.0, 0.000946, 0.0, 1.0, 0.0, 1.079686, 0.0, 0.0, 0.0, 1.0],
                [1.0, 0.0, 0.0, -5e-06, 0.0, 0.0, -1.0, 0.000946, 0.0, 1.0, 0.0, 0.96878, 0.0, 0.0, 0.0, 1.0],
                [1.0, 0.0, 0.0, -5e-06, 0.0, 0.0, -1.0, 0.000946, 0.0, 1.0, 0.0, 0.909231, 0.0, 0.0, 0.0, 1.0],
                [1.0, 0.0, 0.0, -5e-06, 0.0, 0.0, -1.0, 0.000946, 0.0, 1.0, 0.0, 1.134893, 0.0, 0.0, 0.0, 1.0],
                [1.0, 0.0, 0.0, -5e-06, 0.0, 0.0, -1.0, 0.000946, 0.0, 1.0, 0.0, 1.180355, 0.0, 0.0, 0.0, 1.0],
                [1.0, 0.0, 0.0, -5e-06, 0.0, 0.0, -1.0, 0.000946, 0.0, 1.0, 0.0, 0.96878, 0.0, 0.0, 0.0, 1.0],
                [1.0, 0.0, 0.0, -5e-06, 0.0, 0.0, -1.0, 0.000946, 0.0, 1.0, 0.0, 0.909231, 0.0, 0.0, 0.0, 1.0],
                [1.0, 0.0, 0.0, -5e-06, 0.0, 0.0, -1.0, 0.000946, 0.0, 1.0, 0.0, 1.134893, 0.0, 0.0, 0.0, 1.0],
                [1.0, 0.0, 0.0, -5e-06, 0.0, 0.0, -1.0, 0.000946, 0.0, 1.0, 0.0, 1.180355, 0.0, 0.0, 0.0, 1.0],
                [1.0, 0.0, 0.0, -5e-06, 0.0, 0.0, -1.0, 0.000946, 0.0, 1.0, 0.0, 0.96878, 0.0, 0.0, 0.0, 1.0],
                [1.0, 0.0, 0.0, -5e-06, 0.0, 0.0, -1.0, 0.000946, 0.0, 1.0, 0.0, 0.909231, 0.0, 0.0, 0.0, 1.0],
                [1.0, 0.0, 0.0, -5e-06, 0.0, 0.0, -1.0, 0.000946, 0.0, 1.0, 0.0, 1.134893, 0.0, 0.0, 0.0, 1.0],
                [1.0, 0.0, 0.0, -5e-06, 0.0, 0.0, -1.0, 0.000946, 0.0, 1.0, 0.0, 1.180355, 0.0, 0.0, 0.0, 1.0],
                [1.0, 0.0, 0.0, -5e-06, 0.0, 0.0, -1.0, 0.000946, 0.0, 1.0, 0.0, 0.96878, 0.0, 0.0, 0.0, 1.0],
                [1.0, 0.0, 0.0, -5e-06, 0.0, 0.0, -1.0, 0.000946, 0.0, 1.0, 0.0, 0.909231, 0.0, 0.0, 0.0, 1.0],
                [1.0, 0.0, 0.0, -5e-06, 0.0, 0.0, -1.0, 0.000946, 0.0, 1.0, 0.0, 1.134893, 0.0, 0.0, 0.0, 1.0],
                [1.0, 0.0, 0.0, -5e-06, 0.0, 0.0, -1.0, 0.000946, 0.0, 1.0, 0.0, 1.180355, 0.0, 0.0, 0.0, 1.0],
                [1.0, 0.0, 0.0, -5e-06, 0.0, 0.0, -1.0, 0.000946, 0.0, 1.0, 0.0, 0.96878, 0.0, 0.0, 0.0, 1.0],
                [1.0, 0.0, 0.0, -5e-06, 0.0, 0.0, -1.0, 0.000946, 0.0, 1.0, 0.0, 0.909231, 0.0, 0.0, 0.0, 1.0],
                [1.0, 0.0, 0.0, -5e-06, 0.0, 0.0, -1.0, 0.000946, 0.0, 1.0, 0.0, 0.940675, 0.0, 0.0, 0.0, 1.0]
            ]
        },
        {
            "name": "Thigh_R",
            "time": [0.0, 0.1667, 0.25, 0.3333, 0.4167, 0.5333, 0.6333, 0.7333, 0.8167, 0.9333, 1.0333, 1.1333, 1.2167, 1.3333, 1.4333, 1.5333, 1.6167, 1.7333, 1.8333, 1.9667],
            "transform": [
                [0.946431, 0.322794, -0.008438, 0.124994, 0.283577, -0.818377, 0.49984, -0.002831, 0.15444, -0.475456, -0.866077, -1.2e-05, 0.0, 0.0, 0.0, 1.0],
                [0.998531, 0.036234, 0.040273, 0.124994, 0.031471, -0.993071, 0.113206, -0.002831, 0.044095, -0.111772, -0.992755, -1.2e-05, 0.0, 0.0, 0.0, 1.0],
                [0.957048, 0.153043, 0.246245, 0.124994, 0.073306, -0.949463, 0.305192, -0.002831, 0.280508, -0.274032, -0.919903, -1.2e-05, 0.0, 0.0, 0.0, 1.0],
                [0.999772, 0.020365, 0.006296, 0.124994, 0.019868, -0.997293, 0.070762, -0.002831, 0.00772, -0.07062, -0.997474, -1.2e-05, 0.0, 0.0, 0.0, 1.0],
                [0.946431, 0.322794, -0.008438, 0.124994, 0.283577, -0.818377, 0.49984, -0.002831, 0.15444, -0.475456, -0.866077, -1.2e-05, 0.0, 0.0, 0.0, 1.0],
                [0.998531, 0.036234, 0.040273, 0.124994, 0.031471, -0.993071, 0.113206, -0.002831, 0.044095, -0.111772, -0.992755, -1.2e-05, 0.0, 0.0, 0.0, 1.0],
                [0.957048, 0.153043, 0.246245, 0.124994, 0.073306, -0.949463, 0.305192, -0.002831, 0.280508, -0.274032, -0.919903, -1.2e-05, 0.0, 0.0, 0.0, 1.0],
                [0.999772, 0.020365, 0.006296, 0.124994, 0.019868, -0.997293, 0.070762, -0.002831, 0.00772, -0.07062, -0.997474, -1.2e-05, 0.0, 0.0, 0.0, 1.0],
                [0.946431, 0.322794, -0.008438, 0.124994, 0.283577, -0.818377, 0.49984, -0.002831, 0.15444, -0.475456, -0.866077, -1.2e-05, 0.0, 0.0, 0.0, 1.0],
                [0.998531, 0.036234, 0.040273, 0.124994, 0.031471, -0.993071, 0.113206, -0.002831, 0.044095, -0.111772, -0.992755, -1.2e-05, 0.0, 0.0, 0.0, 1.0],
                [0.957048, 0.153043, 0.246245, 0.124994, 0.073306, -0.949463, 0.305192, -0.002831, 0.280508, -0.274032, -0.919903, -1.2e-05, 0.0, 0.0, 0.0, 1.0],
                [0.999772, 0.020365, 0.006296, 0.124994, 0.019868, -0.997293, 0.070762, -0.002831, 0.00772, -0.07062, -0.997474, -1.2e-05, 0.0, 0.0, 0.0, 1.0],
                [0.946431, 0.322794, -0.008438, 0.124994, 0.283577, -0.818377, 0.49984, -0.002831, 0.15444, -0.475456, -0.866077, -1.2e-05, 0.0, 0.0, 0.0, 1.0],
                [0.998531, 0.036234, 0.040273, 0.124994, 0.031471, -0.993071, 0.113206, -0.002831, 0.044095, -0.111772, -0.992755, -1.2e-05, 0.0, 0.0, 0.0, 1.0],
                [0.957048, 0.153043, 0.246245, 0.124994, 0.073306, -0.949463, 0.305192, -0.002831, 0.280508, -0.274032, -0.919903, -1.2e-05, 0.0, 0.0, 0.0, 1.0],
                [0.999772, 0.020365, 0.006296, 0.124994, 0.019868, -0.997293, 0.070762, -0.002831, 0.00772, -0.07062, -0.997474, -1.2e-05, 0.0, 0.0, 0.0, 1.0],
                [0.946431, 0.322794, -0.008438, 0.124994, 0.283577, -0.818377, 0.49984, -0.002831, 0.15444, -0.475456, -0.866077, -1.2e-05, 0.0, 0.0, 0.0, 1.0],
                [0.998531, 0.036234, 0.040273, 0.124994, 0.031471, -0.993071, 0.113206, -0.002831, 0.044095, -0.111772, -0.992755, -1.2e-05, 0.0, 0.0, 0.0, 1.0],
                [0.957048, 0.153043, 0.246245, 0.124994, 0.073306, -0.949463, 0.305192, -0.002831, 0.280508, -0.274032, -0.919903, -1.2e-05, 0.0, 0.0, 0.0, 1.0],
                [0.957048, 0.12118, 0.263389, 0.124994, 0.073306, -0.980082, 0.184557, -0.002831, 0.280508, -0.157321, -0.946872, -1.2e-05, 0.0, 0.0, 0.0, 1.0]
            ]
        },
        {
            "name": "Leg_R",
            "time": [0.0, 0.1667, 0.25, 0.3333, 0.4167, 0.5333, 0.6333, 0.7333, 0.8167, 0.9333, 1.0333, 1.1333, 1.2167, 1.3333, 1.4333, 1.5333, 1.6167, 1.7333, 1.8333, 1.9667],
            "transform": [
                [0.999999, 0.001331, -0.000449, 0.0, 4.9e-05, 0.286483, 0.958085, 0.374726, 0.001404, -0.958085, 0.286482, -0.0, 0.0, 0.0, 0.0, 1.0],
                [0.999999, 0.000185, -0.001393, -0.0, 4.9e-05, 0.986097, 0.166173, 0.374726, 0.001404, -0.166173, 0.986095, 0.0, 0.0, 0.0, 0.0, 1.0],
                [0.999999, 0.00057, -0.001284, 0.0, 4.9e-05, 0.899294, 0.437345, 0.374726, 0.001404, -0.437346, 0.899292, -0.0, 0.0, 0.0, 0.0, 1.0],
                [0.999999, 0.000125, -0.001399, -0.0, 4.9e-05, 0.992411, 0.122974, 0.374726, 0.001404, -0.122974, 0.992408, 0.0, 0.0, 0.0, 0.0, 1.0],
                [0.999999, 0.001331, -0.000449, 0.0, 4.9e-05, 0.286483, 0.958085, 0.374726, 0.001404, -0.958085, 0.286482, -0.0, 0.0, 0.0, 0.0, 1.0],
                [0.999999, 0.000185, -0.001393, -0.0, 4.9e-05, 0.986097, 0.166173, 0.374726, 0.001404, -0.166173, 0.986095, 0.0, 0.0, 0.0, 0.0, 1.0],
                [0.999999, 0.00057, -0.001284, 0.0, 4.9e-05, 0.899294, 0.437345, 0.374726, 0.001404, -0.437346, 0.899292, -0.0, 0.0, 0.0, 0.0, 1.0],
                [0.999999, 0.000125, -0.001399, -0.0, 4.9e-05, 0.992411, 0.122974, 0.374726, 0.001404, -0.122974, 0.992408, 0.0, 0.0, 0.0, 0.0, 1.0],
                [0.999999, 0.001331, -0.000449, 0.0, 4.9e-05, 0.286483, 0.958085, 0.374726, 0.001404, -0.958085, 0.286482, -0.0, 0.0, 0.0, 0.0, 1.0],
                [0.999999, 0.000185, -0.001393, -0.0, 4.9e-05, 0.986097, 0.166173, 0.374726, 0.001404, -0.166173, 0.986095, 0.0, 0.0, 0.0, 0.0, 1.0],
                [0.999999, 0.00057, -0.001284, 0.0, 4.9e-05, 0.899294, 0.437345, 0.374726, 0.001404, -0.437346, 0.899292, -0.0, 0.0, 0.0, 0.0, 1.0],
                [0.999999, 0.000125, -0.001399, -0.0, 4.9e-05, 0.992411, 0.122974, 0.374726, 0.001404, -0.122974, 0.992408, 0.0, 0.0, 0.0, 0.0, 1.0],
                [0.999999, 0.001331, -0.000449, 0.0, 4.9e-05, 0.286483, 0.958085, 0.374726, 0.001404, -0.958085, 0.286482, -0.0, 0.0, 0.0, 0.0, 1.0],
                [0.999999, 0.000185, -0.001393, -0.0, 4.9e-05, 0.986097, 0.166173, 0.374726, 0.001404, -0.166173, 0.986095, 0.0, 0.0, 0.0, 0.0, 1.0],
                [0.999999, 0.00057, -0.001284, 0.0, 4.9e-05, 0.899294, 0.437345, 0.374726, 0.001404, -0.437346, 0.899292, -0.0, 0.0, 0.0, 0.0, 1.0],
                [0.999999, 0.000125, -0.001399, -0.0, 4.9e-05, 0.992411, 0.122974, 0.374726, 0.001404, -0.122974, 0.992408, 0.0, 0.0, 0.0, 0.0, 1.0],
                [0.999999, 0.001331, -0.000449, 0.0, 4.9e-05, 0.286483, 0.958085, 0.374726, 0.001404, -0.958085, 0.286482, -0.0, 0.0, 0.0, 0.0, 1.0],
                [0.999999, 0.000185, -0.001393, -0.0, 4.9e-05, 0.986097, 0.166173, 0.374726, 0.001404, -0.166173, 0.986095, 0.0, 0.0, 0.0, 0.0, 1.0],
                [0.999999, 0.00057, -0.001284, 0.0, 4.9e-05, 0.899294, 0.437345, 0.374726, 0.001404, -0.437346, 0.899292, -0.0, 0.0, 0.0, 0.0, 1.0],
                [0.999999, 0.000373, -0.001354, 0.0, 4.9e-05, 0.954318, 0.298793, 0.374726, 0.001404, -0.298794, 0.954316, 0.0, 0.0, 0.0, 0.0, 1.0]
            ]
        },
        {
            "name": "Knee_R",
            "time": [0.0, 0.1667, 0.25, 0.3333, 0.4167, 0.5333, 0.6333, 0.7333, 0.8167, 0.9333, 1.0333, 1.1333, 1.2167, 1.3333, 1.4333, 1.5333, 1.6167, 1.7333, 1.8333, 1.9667],
            "transform": [
                [0.999928, 0.011432, -0.003544, -0.0, 0.003543, -0.565541, -0.824712, 0.486932, -0.011432, 0.824641, -0.565541, -0.001311, 0.0, 0.0, 0.0, 1.0],
                [0.999928, 0.011432, -0.003544, -0.0, 0.003543, -0.565541, -0.824712, 0.486932, -0.011432, 0.824641, -0.565541, -0.001311, 0.0, 0.0, 0.0, 1.0],
                [0.999928, 0.011432, -0.003544, -0.0, 0.003543, -0.565541, -0.824712, 0.486932, -0.011432, 0.824641, -0.565541, -0.001311, 0.0, 0.0, 0.0, 1.0],
                [0.999928, 0.011432, -0.003544, -0.0, 0.003543, -0.565541, -0.824712, 0.486932, -0.011432, 0.824641, -0.565541, -0.001311, 0.0, 0.0, 0.0, 1.0],
                [0.999928, 0.011432, -0.003544, 0.0, 0.003543, -0.565541, -0.824712, 0.486932, -0.011432, 0.824641, -0.565541, -0.001311, 0.0, 0.0, 0.0, 1.0],
                [0.999928, 0.011432, -0.003544, -0.0, 0.003543, -0.565541, -0.824712, 0.486932, -0.011432, 0.824641, -0.565541, -0.001311, 0.0, 0.0, 0.0, 1.0],
                [0.999928, 0.011432, -0.003544, -0.0, 0.003543, -0.565541, -0.824712, 0.486932, -0.011432, 0.824641, -0.565541, -0.001311, 0.0, 0.0, 0.0, 1.0],
                [0.999928, 0.011432, -0.003544, -0.0, 0.003543, -0.565541, -0.824712, 0.486932, -0.011432, 0.824641, -0.565541, -0.001311, 0.0, 0.0, 0.0, 1.0],
                [0.999928, 0.011432, -0.003544, 0.0, 0.003543, -0.565541, -0.824712, 0.486932, -0.011432, 0.824641, -0.565541, -0.001311, 0.0, 0.0, 0.0, 1.0],
                [0.999928, 0.011432, -0.003544, -0.0, 0.003543, -0.565541, -0.824712, 0.486932, -0.011432, 0.824641, -0.565541, -0.001311, 0.0, 0.0, 0.0, 1.0],
                [0.999928, 0.011432, -0.003544, -0.0, 0.003543, -0.565541, -0.824712, 0.486932, -0.011432, 0.824641, -0.565541, -0.001311, 0.0, 0.0, 0.0, 1.0],
                [0.999928, 0.011432, -0.003544, -0.0, 0.003543, -0.565541, -0.824712, 0.486932, -0.011432, 0.824641, -0.565541, -0.001311, 0.0, 0.0, 0.0, 1.0],
                [0.999928, 0.011432, -0.003544, 0.0, 0.003543, -0.565541, -0.824712, 0.486932, -0.011432, 0.824641, -0.565541, -0.001311, 0.0, 0.0, 0.0, 1.0],
                [0.999928, 0.011432, -0.003544, -0.0, 0.003543, -0.565541, -0.824712, 0.486932, -0.011432, 0.824641, -0.565541, -0.001311, 0.0, 0.0, 0.0, 1.0],
                [0.999928, 0.011432, -0.003544, -0.0, 0.003543, -0.565541, -0.824712, 0.486932, -0.011432, 0.824641, -0.565541, -0.001311, 0.0, 0.0, 0.0, 1.0],
                [0.999928, 0.011432, -0.003544, -0.0, 0.003543, -0.565541, -0.824712, 0.486932, -0.011432, 0.824641, -0.565541, -0.001311, 0.0, 0.0, 0.0, 1.0],
                [0.999928, 0.011432, -0.003544, 0.0, 0.003543, -0.565541, -0.824712, 0.486932, -0.011432, 0.824641, -0.565541, -0.001311, 0.0, 0.0, 0.0, 1.0],
                [0.999928, 0.011432, -0.003544, -0.0, 0.003543, -0.565541, -0.824712, 0.486932, -0.011432, 0.824641, -0.565541, -0.001311, 0.0, 0.0, 0.0, 1.0],
                [0.999928, 0.011432, -0.003544, -0.0, 0.003543, -0.565541, -0.824712, 0.486932, -0.011432, 0.824641, -0.565541, -0.001311, 0.0, 0.0, 0.0, 1.0],
                [0.999928, 0.011432, -0.003544, 0.0, 0.003543, -0.565541, -0.824712, 0.486932, -0.011432, 0.824641, -0.565541, -0.001311, 0.0, 0.0, 0.0, 1.0]
            ]
        },
        {
            "name": "Thigh_L",
            "time": [0.0, 0.1667, 0.25, 0.3333, 0.4167, 0.5333, 0.6333, 0.7333, 0.8167, 0.9333, 1.0333, 1.1333, 1.2167, 1.3333, 1.4333, 1.5333, 1.6167, 1.7333, 1.8333, 1.9667],
            "transform": [
                [0.847436, -0.502858, -0.17025, -0.125006, -0.168095, -0.558334, 0.812408, -0.002831, -0.503581, -0.659846, -0.557681, -1.2e-05, 0.0, 0.0, 0.0, 1.0],
                [0.995756, -0.056377, -0.07274, -0.125006, -0.047716, -0.992131, 0.115759, -0.002831, -0.078694, -0.111796, -0.99061, -1.2e-05, 0.0, 0.0, 0.0, 1.0],
                [0.952383, -0.172103, -0.251686, -0.125006, -0.052839, -0.906137, 0.419671, -0.002831, -0.300289, -0.38639, -0.872083, -1.2e-05, 0.0, 0.0, 0.0, 1.0],
                [0.996401, -0.055307, 0.064225, -0.125006, -0.055175, -0.998469, -0.003839, -0.002831, 0.064339, 0.000282, -0.997928, -1.2e-05, 0.0, 0.0, 0.0, 1.0],
                [0.847436, -0.502858, -0.17025, -0.125006, -0.168095, -0.558334, 0.812408, -0.002831, -0.503581, -0.659846, -0.557681, -1.2e-05, 0.0, 0.0, 0.0, 1.0],
                [0.995756, -0.056377, -0.07274, -0.125006, -0.047716, -0.992131, 0.115759, -0.002831, -0.078694, -0.111796, -0.99061, -1.2e-05, 0.0, 0.0, 0.0, 1.0],
                [0.952383, -0.172103, -0.251686, -0.125006, -0.052839, -0.906137, 0.419671, -0.002831, -0.300289, -0.38639, -0.872083, -1.2e-05, 0.0, 0.0, 0.0, 1.0],
                [0.996401, -0.055307, 0.064225, -0.125006, -0.055175, -0.998469, -0.003839, -0.002831, 0.064339, 0.000282, -0.997928, -1.2e-05, 0.0, 0.0, 0.0, 1.0],
                [0.847436, -0.502858, -0.17025, -0.125006, -0.168095, -0.558334, 0.812408, -0.002831, -0.503581, -0.659846, -0.557681, -1.2e-05, 0.0, 0.0, 0.0, 1.0],
                [0.995756, -0.056377, -0.07274, -0.125006, -0.047716, -0.992131, 0.115759, -0.002831, -0.078694, -0.111796, -0.99061, -1.2e-05, 0.0, 0.0, 0.0, 1.0],
                [0.952383, -0.172103, -0.251686, -0.125006, -0.052839, -0.906137, 0.419671, -0.002831, -0.300289, -0.38639, -0.872083, -1.2e-05, 0.0, 0.0, 0.0, 1.0],
                [0.996401, -0.055307, 0.064225, -0.125006, -0.055175, -0.998469, -0.003839, -0.002831, 0.064339, 0.000282, -0.997928, -1.2e-05, 0.0, 0.0, 0.0, 1.0],
                [0.847436, -0.502858, -0.17025, -0.125006, -0.168095, -0.558334, 0.812408, -0.002831, -0.503581, -0.659846, -0.557681, -1.2e-05, 0.0, 0.0, 0.0, 1.0],
                [0.995756, -0.056377, -0.07274, -0.125006, -0.047716, -0.992131, 0.115759, -0.002831, -0.078694, -0.111796, -0.99061, -1.2e-05, 0.0, 0.0, 0.0, 1.0],
                [0.952383, -0.172103, -0.251686, -0.125006, -0.052839, -0.906137, 0.419671, -0.002831, -0.300289, -0.38639, -0.872083, -1.2e-05, 0.0, 0.0, 0.0, 1.0],
                [0.996401, -0.055307, 0.064225, -0.125006, -0.055175, -0.998469, -0.003839, -0.002831, 0.064339, 0.000282, -0.997928, -1.2e-05, 0.0, 0.0, 0.0, 1.0],
                [0.847436, -0.502858, -0.17025, -0.125006, -0.168095, -0.558334, 0.812408, -0.002831, -0.503581, -0.659846, -0.557681, -1.2e-05, 0.0, 0.0, 0.0, 1.0],
                [0.995756, -0.056377, -0.07274, -0.125006, -0.047716, -0.992131, 0.115759, -0.002831, -0.078694, -0.111796, -0.99061, -1.2e-05, 0.0, 0.0, 0.0, 1.0],
                [0.952383, -0.172103, -0.251686, -0.125006, -0.052839, -0.906137, 0.419671, -0.002831, -0.300289, -0.38639, -0.872083, -1.2e-05, 0.0, 0.0, 0.0, 1.0],
                [0.952383, -0.120629, -0.280025, -0.125006, -0.052839, -0.969811, 0.238065, -0.002831, -0.300289, -0.211933, -0.930006, -1.2e-05, 0.0, 0.0, 0.0, 1.0]
            ]
        },
        {
            "name": "Leg_L",
            "time": [0.0, 0.1667, 0.25, 0.3333, 0.4167, 0.5333, 0.6333, 0.7333, 0.8167, 0.9333, 1.0333, 1.1333, 1.2167, 1.3333, 1.4333, 1.5333, 1.6167, 1.7333, 1.8333, 1.9667],
            "transform": [
                [0.998194, 0.049498, 0.034031, -0.0, -0.031022, -0.060324, 0.997697, 0.374726, 0.051437, -0.996951, -0.058679, -0.0, 0.0, 0.0, 0.0, 1.0],
                [0.998194, 0.037878, -0.04662, -0.0, -0.031022, 0.989684, 0.139868, 0.374726, 0.051437, -0.138169, 0.989072, -0.0, 0.0, 0.0, 0.0, 1.0],
                [0.998194, 0.057954, -0.015796, 0.0, -0.031022, 0.722564, 0.690608, 0.374726, 0.051437, -0.68887, 0.723058, -0.0, 0.0, 0.0, 0.0, 1.0],
                [0.999094, 0.03294, -0.026964, -0.0, -0.031911, 0.998777, 0.037758, 0.374726, 0.028174, -0.036864, 0.998923, -0.0, 0.0, 0.0, 0.0, 1.0],
                [0.998194, 0.049498, 0.034031, -0.0, -0.031022, -0.060324, 0.997697, 0.374726, 0.051437, -0.996951, -0.058679, -0.0, 0.0, 0.0, 0.0, 1.0],
                [0.998194, 0.037878, -0.04662, -0.0, -0.031022, 0.989684, 0.139868, 0.374726, 0.051437, -0.138169, 0.989072, -0.0, 0.0, 0.0, 0.0, 1.0],
                [0.998194, 0.057954, -0.015796, 0.0, -0.031022, 0.722564, 0.690608, 0.374726, 0.051437, -0.68887, 0.723058, -0.0, 0.0, 0.0, 0.0, 1.0],
                [0.999094, 0.03294, -0.026964, -0.0, -0.031911, 0.998777, 0.037758, 0.374726, 0.028174, -0.036864, 0.998923, -0.0, 0.0, 0.0, 0.0, 1.0],
                [0.998194, 0.049498, 0.034031, -0.0, -0.031022, -0.060324, 0.997697, 0.374726, 0.051437, -0.996951, -0.058679, -0.0, 0.0, 0.0, 0.0, 1.0],
                [0.998194, 0.037878, -0.04662, -0.0, -0.031022, 0.989684, 0.139868, 0.374726, 0.051437, -0.138169, 0.989072, -0.0, 0.0, 0.0, 0.0, 1.0],
                [0.998194, 0.057954, -0.015796, 0.0, -0.031022, 0.722564, 0.690608, 0.374726, 0.051437, -0.68887, 0.723058, -0.0, 0.0, 0.0, 0.0, 1.0],
                [0.999094, 0.03294, -0.026964, -0.0, -0.031911, 0.998777, 0.037758, 0.374726, 0.028174, -0.036864, 0.998923, -0.0, 0.0, 0.0, 0.0, 1.0],
                [0.998194, 0.049498, 0.034031, -0.0, -0.031022, -0.060324, 0.997697, 0.374726, 0.051437, -0.996951, -0.058679, -0.0, 0.0, 0.0, 0.0, 1.0],
                [0.998194, 0.037878, -0.04662, -0.0, -0.031022, 0.989684, 0.139868, 0.374726, 0.051437, -0.138169, 0.989072, -0.0, 0.0, 0.0, 0.0, 1.0],
                [0.998194, 0.057954, -0.015796, 0.0, -0.031022, 0.722564, 0.690608, 0.374726, 0.051437, -0.68887, 0.723058, -0.0, 0.0, 0.0, 0.0, 1.0],
                [0.999094, 0.03294, -0.026964, -0.0, -0.031911, 0.998777, 0.037758, 0.374726, 0.028174, -0.036864, 0.998923, -0.0, 0.0, 0.0, 0.0, 1.0],
                [0.998194, 0.049498, 0.034031, -0.0, -0.031022, -0.060324, 0.997697, 0.374726, 0.051437, -0.996951, -0.058679, -0.0, 0.0, 0.0, 0.0, 1.0],
                [0.998194, 0.037878, -0.04662, -0.0, -0.031022, 0.989684, 0.139868, 0.374726, 0.051437, -0.138169, 0.989072, -0.0, 0.0, 0.0, 0.0, 1.0],
                [0.998194, 0.057954, -0.015796, 0.0, -0.031022, 0.722564, 0.690608, 0.374726, 0.051437, -0.68887, 0.723058, -0.0, 0.0, 0.0, 0.0, 1.0],
                [0.998194, 0.04233, -0.042619, 0.0, -0.031022, 0.970848, 0.23768, 0.374726, 0.051437, -0.235929, 0.970408, 0.0, 0.0, 0.0, 0.0, 1.0]
            ]
        },
        {
            "name": "Knee_L",
            "time": [0.0, 0.1667, 0.25, 0.3333, 0.4167, 0.5333, 0.6333, 0.7333, 0.8167, 0.9333, 1.0333, 1.1333, 1.2167, 1.3333, 1.4333, 1.5333, 1.6167, 1.7333, 1.8333, 1.9667],
            "transform": [
                [0.99986, -0.016129, 0.004365, 0.0, -0.004365, -0.504269, -0.863535, 0.459884, 0.016129, 0.863396, -0.504269, -0.004005, 0.0, 0.0, 0.0, 1.0],
                [0.99986, -0.016129, 0.004365, 0.0, -0.004365, -0.504269, -0.863536, 0.459884, 0.016129, 0.863396, -0.504269, -0.004006, 0.0, 0.0, 0.0, 1.0],
                [0.99986, -0.016129, 0.004365, -0.0, -0.004365, -0.504269, -0.863535, 0.459884, 0.016129, 0.863396, -0.504269, -0.004006, 0.0, 0.0, 0.0, 1.0],
                [0.99986, -0.016129, 0.004365, -0.0, -0.004365, -0.504269, -0.863536, 0.459884, 0.016129, 0.863396, -0.504269, -0.004006, 0.0, 0.0, 0.0, 1.0],
                [0.99986, -0.016129, 0.004365, 0.0, -0.004365, -0.504269, -0.863535, 0.459884, 0.016129, 0.863396, -0.504269, -0.004005, 0.0, 0.0, 0.0, 1.0],
                [0.99986, -0.016129, 0.004365, 0.0, -0.004365, -0.504269, -0.863536, 0.459884, 0.016129, 0.863396, -0.504269, -0.004006, 0.0, 0.0, 0.0, 1.0],
                [0.99986, -0.016129, 0.004365, -0.0, -0.004365, -0.504269, -0.863535, 0.459884, 0.016129, 0.863396, -0.504269, -0.004006, 0.0, 0.0, 0.0, 1.0],
                [0.99986, -0.016129, 0.004365, -0.0, -0.004365, -0.504269, -0.863536, 0.459884, 0.016129, 0.863396, -0.504269, -0.004006, 0.0, 0.0, 0.0, 1.0],
                [0.99986, -0.016129, 0.004365, 0.0, -0.004365, -0.504269, -0.863535, 0.459884, 0.016129, 0.863396, -0.504269, -0.004005, 0.0, 0.0, 0.0, 1.0],
                [0.99986, -0.016129, 0.004365, 0.0, -0.004365, -0.504269, -0.863536, 0.459884, 0.016129, 0.863396, -0.504269, -0.004006, 0.0, 0.0, 0.0, 1.0],
                [0.99986, -0.016129, 0.004365, -0.0, -0.004365, -0.504269, -0.863535, 0.459884, 0.016129, 0.863396, -0.504269, -0.004006, 0.0, 0.0, 0.0, 1.0],
                [0.99986, -0.016129, 0.004365, -0.0, -0.004365, -0.504269, -0.863536, 0.459884, 0.016129, 0.863396, -0.504269, -0.004006, 0.0, 0.0, 0.0, 1.0],
                [0.99986, -0.016129, 0.004365, 0.0, -0.004365, -0.504269, -0.863535, 0.459884, 0.016129, 0.863396, -0.504269, -0.004005, 0.0, 0.0, 0.0, 1.0],
                [0.99986, -0.016129, 0.004365, 0.0, -0.004365, -0.504269, -0.863536, 0.459884, 0.016129, 0.863396, -0.504269, -0.004006, 0.0, 0.0, 0.0, 1.0],
                [0.99986, -0.016129, 0.004365, -0.0, -0.004365, -0.504269, -0.863535, 0.459884, 0.016129, 0.863396, -0.504269, -0.004006, 0.0, 0.0, 0.0, 1.0],
                [0.99986, -0.016129, 0.004365, -0.0, -0.004365, -0.504269, -0.863536, 0.459884, 0.016129, 0.863396, -0.504269, -0.004006, 0.0, 0.0, 0.0, 1.0],
                [0.99986, -0.016129, 0.004365, 0.0, -0.004365, -0.504269, -0.863535, 0.459884, 0.016129, 0.863396, -0.504269, -0.004005, 0.0, 0.0, 0.0, 1.0],
                [0.99986, -0.016129, 0.004365, 0.0, -0.004365, -0.504269, -0.863536, 0.459884, 0.016129, 0.863396, -0.504269, -0.004006, 0.0, 0.0, 0.0, 1.0],
                [0.99986, -0.016129, 0.004365, -0.0, -0.004365, -0.504269, -0.863535, 0.459884, 0.016129, 0.863396, -0.504269, -0.004006, 0.0, 0.0, 0.0, 1.0],
                [0.99986, -0.016129, 0.004365, 0.0, -0.004365, -0.504269, -0.863535, 0.459884, 0.016129, 0.863396, -0.504269, -0.004006, 0.0, 0.0, 0.0, 1.0]
            ]
        },
        {
            "name": "Torso",
            "time": [0.0, 0.1667, 0.25, 0.3333, 0.4167, 0.5333, 0.6333, 0.7333, 0.8167, 0.9333, 1.0333, 1.1333, 1.2167, 1.3333, 1.4333, 1.5333, 1.6167, 1.7333, 1.8333, 1.9667],
            "transform": [
                [1.0, 0.0, 0.0, 0.0, 0.0, 0.997495, -0.070745, 0.05, 0.0, 0.070745, 0.997494, 0.0, 0.0, 0.0, 0.0, 1.0],
                [1.0, 0.0, 0.0, 0.0, 0.0, 0.997495, -0.070745, 0.05, 0.0, 0.070745, 0.997494, 0.0, 0.0, 0.0, 0.0, 1.0],
                [1.0, 0.0, 0.0, 0.0, 0.0, 0.997495, -0.070745, 0.05, 0.0, 0.070745, 0.997494, 0.0, 0.0, 0.0, 0.0, 1.0],
                [1.0, 0.0, 0.0, 0.0, 0.0, 0.999839, -0.017944, 0.05, 0.0, 0.017944, 0.999839, 0.0, 0.0, 0.0, 0.0, 1.0],
                [1.0, 0.0, 0.0, 0.0, 0.0, 0.997495, -0.070745, 0.05, 0.0, 0.070745, 0.997494, 0.0, 0.0, 0.0, 0.0, 1.0],
                [1.0, 0.0, 0.0, 0.0, 0.0, 0.997495, -0.070745, 0.05, 0.0, 0.070745, 0.997494, 0.0, 0.0, 0.0, 0.0, 1.0],
                [1.0, 0.0, 0.0, 0.0, 0.0, 0.997495, -0.070745, 0.05, 0.0, 0.070745, 0.997494, 0.0, 0.0, 0.0, 0.0, 1.0],
                [1.0, 0.0, 0.0, 0.0, 0.0, 0.999839, -0.017944, 0.05, 0.0, 0.017944, 0.999839, 0.0, 0.0, 0.0, 0.0, 1.0],
                [1.0, 0.0, 0.0, 0.0, 0.0, 0.997495, -0.070745, 0.05, 0.0, 0.070745, 0.997494, 0.0, 0.0, 0.0, 0.0, 1.0],
                [1.0, 0.0, 0.0, 0.0, 0.0, 0.997495, -0.070745, 0.05, 0.0, 0.070745, 0.997494, 0.0, 0.0, 0.0, 0.0, 1.0],
                [1.0, 0.0, 0.0, 0.0, 0.0, 0.997495, -0.070745, 0.05, 0.0, 0.070745, 0.997494, 0.0, 0.0, 0.0, 0.0, 1.0],
                [1.0, 0.0, 0.0, 0.0, 0.0, 0.999839, -0.017944, 0.05, 0.0, 0.017944, 0.999839, 0.0, 0.0, 0.0, 0.0, 1.0],
                [1.0, 0.0, 0.0, 0.0, 0.0, 0.997495, -0.070745, 0.05, 0.0, 0.070745, 0.997494, 0.0, 0.0, 0.0, 0.0, 1.0],
                [1.0, 0.0, 0.0, 0.0, 0.0, 0.997495, -0.070745, 0.05, 0.0, 0.070745, 0.997494, 0.0, 0.0, 0.0, 0.0, 1.0],
                [1.0, 0.0, 0.0, 0.0, 0.0, 0.997495, -0.070745, 0.05, 0.0, 0.070745, 0.997494, 0.0, 0.0, 0.0, 0.0, 1.0],
                [1.0, 0.0, 0.0, 0.0, 0.0, 0.999839, -0.017944, 0.05, 0.0, 0.017944, 0.999839, 0.0, 0.0, 0.0, 0.0, 1.0],
                [1.0, 0.0, 0.0, 0.0, 0.0, 0.997495, -0.070745, 0.05, 0.0, 0.070745, 0.997494, 0.0, 0.0, 0.0, 0.0, 1.0],
                [1.0, 0.0, 0.0, 0.0, 0.0, 0.997495, -0.070745, 0.05, 0.0, 0.070745, 0.997494, 0.0, 0.0, 0.0, 0.0, 1.0],
                [1.0, 0.0, 0.0, 0.0, 0.0, 0.997495, -0.070745, 0.05, 0.0, 0.070745, 0.997494, 0.0, 0.0, 0.0, 0.0, 1.0],
                [1.0, 0.0, 0.0, 0.0, 0.0, 0.997495, -0.070745, 0.05, 0.0, 0.070745, 0.997494, 0.0, 0.0, 0.0, 0.0, 1.0]
            ]
        },
        {
            "name": "Chest",
            "time": [0.0, 0.1667, 0.25, 0.3333, 0.4167, 0.5333, 0.6333, 0.7333, 0.8167, 0.9333, 1.0333, 1.1333, 1.2167, 1.3333, 1.4333, 1.5333, 1.6167, 1.7333, 1.8333, 1.9667],
            "transform": [
                [0.998704, 0.0, -0.050891, 0.0, 0.021468, 0.906666, 0.421302, 0.3, 0.046141, -0.421849, 0.905491, 0.0, 0.0, 0.0, 0.0, 1.0],
                [0.998704, 0.0, -0.050891, 0.0, 0.021468, 0.906666, 0.421302, 0.3, 0.046141, -0.421849, 0.905491, 0.0, 0.0, 0.0, 0.0, 1.0],
                [0.998704, 0.005179, -0.050626, 0.0, 0.021468, 0.85908, 0.511391, 0.3, 0.046141, -0.511815, 0.857856, 0.0, 0.0, 0.0, 0.0, 1.0],
                [0.998704, -0.020782, -0.046454, 0.0, 0.021468, 0.999667, 0.014326, 0.3, 0.046141, -0.015304, 0.998818, 0.0, 0.0, 0.0, 0.0, 1.0],
                [0.998704, 0.0, -0.050891, 0.0, 0.021468, 0.906666, 0.421302, 0.3, 0.046141, -0.421849, 0.905491, 0.0, 0.0, 0.0, 0.0, 1.0],
                [0.998704, 0.0, -0.050891, 0.0, 0.021468, 0.906666, 0.421302, 0.3, 0.046141, -0.421849, 0.905491, 0.0, 0.0, 0.0, 0.0, 1.0],
                [0.998704, 0.005179, -0.050626, 0.0, 0.021468, 0.85908, 0.511391, 0.3, 0.046141, -0.511815, 0.857856, 0.0, 0.0, 0.0, 0.0, 1.0],
                [0.998704, -0.020782, -0.046454, 0.0, 0.021468, 0.999667, 0.014326, 0.3, 0.046141, -0.015304, 0.998818, 0.0, 0.0, 0.0, 0.0, 1.0],
                [0.998704, 0.0, -0.050891, 0.0, 0.021468, 0.906666, 0.421302, 0.3, 0.046141, -0.421849, 0.905491, 0.0, 0.0, 0.0, 0.0, 1.0],
                [0.998704, 0.0, -0.050891, 0.0, 0.021468, 0.906666, 0.421302, 0.3, 0.046141, -0.421849, 0.905491, 0.0, 0.0, 0.0, 0.0, 1.0],
                [0.998704, 0.005179, -0.050626, 0.0, 0.021468, 0.85908, 0.511391, 0.3, 0.046141, -0.511815, 0.857856, 0.0, 0.0, 0.0, 0.0, 1.0],
                [0.998704, -0.020782, -0.046454, 0.0, 0.021468, 0.999667, 0.014326, 0.3, 0.046141, -0.015304, 0.998818, 0.0, 0.0, 0.0, 0.0, 1.0],
                [0.998704, 0.0, -0.050891, 0.0, 0.021468, 0.906666, 0.421302, 0.3, 0.046141, -0.421849, 0.905491, 0.0, 0.0, 0.0, 0.0, 1.0],
                [0.998704, 0.0, -0.050891, 0.0, 0.021468, 0.906666, 0.421302, 0.3, 0.046141, -0.421849, 0.905491, 0.0, 0.0, 0.0, 0.0, 1.0],
                [0.998704, 0.005179, -0.050626, 0.0, 0.021468, 0.85908, 0.511391, 0.3, 0.046141, -0.511815, 0.857856, 0.0, 0.0, 0.0, 0.0, 1.0],
                [0.998704, -0.020782, -0.046454, 0.0, 0.021468, 0.999667, 0.014326, 0.3, 0.046141, -0.015304, 0.998818, 0.0, 0.0, 0.0, 0.0, 1.0],
                [0.998704, 0.0, -0.050891, 0.0, 0.021468, 0.906666, 0.421302, 0.3, 0.046141, -0.421849, 0.905491, 0.0, 0.0, 0.0, 0.0, 1.0],
                [0.998704, 0.0, -0.050891, 0.0, 0.021468, 0.906666, 0.421302, 0.3, 0.046141, -0.421849, 0.905491, 0.0, 0.0, 0.0, 0.0, 1.0],
                [0.998704, 0.005179, -0.050626, 0.0, 0.021468, 0.85908, 0.511391, 0.3, 0.046141, -0.511815, 0.857856, 0.0, 0.0, 0.0, 0.0, 1.0],
                [0.998704, 0.005179, -0.050626, 0.0, 0.021468, 0.85908, 0.511391, 0.3, 0.046141, -0.511815, 0.857856, 0.0, 0.0, 0.0, 0.0, 1.0]
            ]
        },
        {
            "name": "Head",
            "time": [0.0, 0.1667, 0.25, 0.3333, 0.4167, 0.5333, 0.6333, 0.7333, 0.8167, 0.9333, 1.0333, 1.1333, 1.2167, 1.3333, 1.4333, 1.5333, 1.6167, 1.7333, 1.8333, 1.9667],
            "transform": [
                [1.0, 0.0, 0.0, 0.0, 0.0, 1.0, -0.0, 0.4, -0.0, -0.0, 1.0, -0.0, 0.0, 0.0, 0.0, 1.0],
                [1.0, 0.0, 0.0, -0.0, 0.0, 1.0, -0.0, 0.4, -0.0, -0.0, 1.0, -0.0, 0.0, 0.0, 0.0, 1.0],
                [1.0, 0.0, -0.0, 0.0, 0.0, 0.993888, 0.110394, 0.4, 0.0, -0.110394, 0.993888, -0.0, 0.0, 0.0, 0.0, 1.0],
                [1.0, -0.0, 0.0, -0.0, -0.0, 0.993888, 0.110394, 0.4, 0.0, -0.110394, 0.993888, 0.0, 0.0, 0.0, 0.0, 1.0],
                [1.0, 0.0, 0.0, 0.0, 0.0, 1.0, -0.0, 0.4, -0.0, -0.0, 1.0, -0.0, 0.0, 0.0, 0.0, 1.0],
                [1.0, 0.0, 0.0, -0.0, 0.0, 1.0, -0.0, 0.4, -0.0, -0.0, 1.0, -0.0, 0.0, 0.0, 0.0, 1.0],
                [1.0, 0.0, -0.0, 0.0, 0.0, 0.993888, 0.110394, 0.4, 0.0, -0.110394, 0.993888, -0.0, 0.0, 0.0, 0.0, 1.0],
                [1.0, -0.0, 0.0, -0.0, -0.0, 0.993888, 0.110394, 0.4, 0.0, -0.110394, 0.993888, 0.0, 0.0, 0.0, 0.0, 1.0],
                [1.0, 0.0, 0.0, 0.0, 0.0, 1.0, -0.0, 0.4, -0.0, -0.0, 1.0, -0.0, 0.0, 0.0, 0.0, 1.0],
                [1.0, 0.0, 0.0, -0.0, 0.0, 1.0, -0.0, 0.4, -0.0, -0.0, 1.0, -0.0, 0.0, 0.0, 0.0, 1.0],
                [1.0, 0.0, -0.0, 0.0, 0.0, 0.993888, 0.110394, 0.4, 0.0, -0.110394, 0.993888, -0.0, 0.0, 0.0, 0.0, 1.0],
                [1.0, -0.0, 0.0, -0.0, -0.0, 0.993888, 0.110394, 0.4, 0.0, -0.110394, 0.993888, 0.0, 0.0, 0.0, 0.0, 1.0],
                [1.0, 0.0, 0.0, 0.0, 0.0, 1.0, -0.0, 0.4, -0.0, -0.0, 1.0, -0.0, 0.0, 0.0, 0.0, 1.0],
                [1.0, 0.0, 0.0, -0.0, 0.0, 1.0, -0.0, 0.4, -0.0, -0.0, 1.0, -0.0, 0.0, 0.0, 0.0, 1.0],
                [1.0, 0.0, -0.0, 0.0, 0.0, 0.993888, 0.110394, 0.4, 0.0, -0.110394, 0.993888, -0.0, 0.0, 0.0, 0.0, 1.0],
                [1.0, -0.0, 0.0, -0.0, -0.0, 0.993888, 0.110394, 0.4, 0.0, -0.110394, 0.993888, 0.0, 0.0, 0.0, 0.0, 1.0],
                [1.0, 0.0, 0.0, 0.0, 0.0, 1.0, -0.0, 0.4, -0.0, -0.0, 1.0, -0.0, 0.0, 0.0, 0.0, 1.0],
                [1.0, 0.0, 0.0, -0.0, 0.0, 1.0, -0.0, 0.4, -0.0, -0.0, 1.0, -0.0, 0.0, 0.0, 0.0, 1.0],
                [1.0, 0.0, -0.0, 0.0, 0.0, 0.993888, 0.110394, 0.4, 0.0, -0.110394, 0.993888, -0.0, 0.0, 0.0, 0.0, 1.0],
                [1.0, 0.0, -0.0, 0.0, 0.0, 0.993888, 0.110394, 0.4, 0.0, -0.110394, 0.993888, -0.0, 0.0, 0.0, 0.0, 1.0]
            ]
        },
        {
            "name": "Shoulder_R",
            "time": [0.0, 0.1667, 0.25, 0.3333, 0.4167, 0.5333, 0.6333, 0.7333, 0.8167, 0.9333, 1.0333, 1.1333, 1.2167, 1.3333, 1.4333, 1.5333, 1.6167, 1.7333, 1.8333, 1.9667],
            "transform": [
                [0.0, 0.952114, 0.305743, 0.0, -0.0, -0.305743, 0.952114, 0.4, 1.0, 0.0, -0.0, -0.0, 0.0, 0.0, 0.0, 1.0],
                [0.0, 0.952114, 0.305743, -0.0, -0.0, -0.305743, 0.952114, 0.4, 1.0, 0.0, -0.0, -0.0, 0.0, 0.0, 0.0, 1.0],
                [0.0, 0.952114, 0.305743, 0.0, 0.0, -0.305743, 0.952114, 0.4, 1.0, 0.0, 0.0, -0.0, 0.0, 0.0, 0.0, 1.0],
                [0.0, 0.952114, 0.305743, -0.0, -0.0, -0.305743, 0.952114, 0.4, 1.0, 0.0, -0.0, 0.0, 0.0, 0.0, 0.0, 1.0],
                [0.0, 0.952114, 0.305743, 0.0, -0.0, -0.305743, 0.952114, 0.4, 1.0, 0.0, -0.0, -0.0, 0.0, 0.0, 0.0, 1.0],
                [0.0, 0.952114, 0.305743, -0.0, -0.0, -0.305743, 0.952114, 0.4, 1.0, 0.0, -0.0, -0.0, 0.0, 0.0, 0.0, 1.0],
                [0.0, 0.952114, 0.305743, 0.0, 0.0, -0.305743, 0.952114, 0.4, 1.0, 0.0, 0.0, -0.0, 0.0, 0.0, 0.0, 1.0],
                [0.0, 0.952114, 0.305743, -0.0, -0.0, -0.305743, 0.952114, 0.4, 1.0, 0.0, -0.0, 0.0, 0.0, 0.0, 0.0, 1.0],
                [0.0, 0.952114, 0.305743, 0.0, -0.0, -0.305743, 0.952114, 0.4, 1.0, 0.0, -0.0, -0.0, 0.0, 0.0, 0.0, 1.0],
                [0.0, 0.952114, 0.305743, -0.0, -0.0, -0.305743, 0.952114, 0.4, 1.0, 0.0, -0.0, -0.0, 0.0, 0.0, 0.0, 1.0],
                [0.0, 0.952114, 0.305743, 0.0, 0.0, -0.305743, 0.952114, 0.4, 1.0, 0.0, 0.0, -0.0, 0.0, 0.0, 0.0, 1.0],
                [0.0, 0.952114, 0.305743, -0.0, -0.0, -0.305743, 0.952114, 0.4, 1.0, 0.0, -0.0, 0.0, 0.0, 0.0, 0.0, 1.0],
                [0.0, 0.952114, 0.305743, 0.0, -0.0, -0.305743, 0.952114, 0.4, 1.0, 0.0, -0.0, -0.0, 0.0, 0.0, 0.0, 1.0],
                [0.0, 0.952114, 0.305743, -0.0, -0.0, -0.305743, 0.952114, 0.4, 1.0, 0.0, -0.0, -0.0, 0.0, 0.0, 0.0, 1.0],
                [0.0, 0.952114, 0.305743, 0.0, 0.0, -0.305743, 0.952114, 0.4, 1.0, 0.0, 0.0, -0.0, 0.0, 0.0, 0.0, 1.0],
                [0.0, 0.952114, 0.305743, -0.0, -0.0, -0.305743, 0.952114, 0.4, 1.0, 0.0, -0.0, 0.0, 0.0, 0.0, 0.0, 1.0],
                [0.0, 0.952114, 0.305743, 0.0, -0.0, -0.305743, 0.952114, 0.4, 1.0, 0.0, -0.0, -0.0, 0.0, 0.0, 0.0, 1.0],
                [0.0, 0.952114, 0.305743, -0.0, -0.0, -0.305743, 0.952114, 0.4, 1.0, 0.0, -0.0, -0.0, 0.0, 0.0, 0.0, 1.0],
                [0.0, 0.952114, 0.305743, 0.0, 0.0, -0.305743, 0.952114, 0.4, 1.0, 0.0, 0.0, -0.0, 0.0, 0.0, 0.0, 1.0],
                [0.0, 0.952114, 0.305743, 0.0, 0.0, -0.305743, 0.952114, 0.4, 1.0, 0.0, 0.0, -0.0, 0.0, 0.0, 0.0, 1.0]
            ]
        },
        {
            "name": "Arm_R",
            "time": [0.0, 0.1667, 0.25, 0.3333, 0.4167, 0.5333, 0.6333, 0.7333, 0.8167, 0.9333, 1.0333, 1.1333, 1.2167, 1.3333, 1.4333, 1.5333, 1.6167, 1.7333, 1.8333, 1.9667],
            "transform": [
                [0.0, 0.412758, -0.910841, -0.0, 0.241928, 0.883784, 0.400496, 0.39386, 0.970294, -0.220358, -0.099858, 0.0, 0.0, 0.0, 0.0, 1.0],
                [0.156208, 0.382058, -0.910841, 0.0, 0.558401, 0.726492, 0.400496, 0.39386, 0.814732, -0.571175, -0.099858, 0.0, 0.0, 0.0, 0.0, 1.0],
                [0.213259, 0.353397, -0.910841, 0.0, 0.663759, 0.631686, 0.400496, 0.39386, 0.716899, -0.689988, -0.099857, -0.0, 0.0, 0.0, 0.0, 1.0],
                [0.146827, 0.279444, -0.948869, 0.0, 0.725754, 0.621356, 0.295293, 0.39386, 0.672104, -0.732002, -0.111576, -0.0, 0.0, 0.0, 0.0, 1.0],
                [0.0, 0.412758, -0.910841, 0.0, 0.241928, 0.883784, 0.400496, 0.39386, 0.970294, -0.220358, -0.099858, -0.0, 0.0, 0.0, 0.0, 1.0],
                [0.156208, 0.382058, -0.910841, 0.0, 0.558401, 0.726492, 0.400496, 0.39386, 0.814732, -0.571175, -0.099858, 0.0, 0.0, 0.0, 0.0, 1.0],
                [0.213259, 0.353397, -0.910841, 0.0, 0.663759, 0.631686, 0.400496, 0.39386, 0.716899, -0.689988, -0.099857, -0.0, 0.0, 0.0, 0.0, 1.0],
                [0.146827, 0.279444, -0.948869, 0.0, 0.725754, 0.621356, 0.295293, 0.39386, 0.672104, -0.732002, -0.111576, -0.0, 0.0, 0.0, 0.0, 1.0],
                [0.0, 0.412758, -0.910841, 0.0, 0.241928, 0.883784, 0.400496, 0.39386, 0.970294, -0.220358, -0.099858, -0.0, 0.0, 0.0, 0.0, 1.0],
                [0.156208, 0.382058, -0.910841, 0.0, 0.558401, 0.726492, 0.400496, 0.39386, 0.814732, -0.571175, -0.099858, 0.0, 0.0, 0.0, 0.0, 1.0],
                [0.213259, 0.353397, -0.910841, 0.0, 0.663759, 0.631686, 0.400496, 0.39386, 0.716899, -0.689988, -0.099857, -0.0, 0.0, 0.0, 0.0, 1.0],
                [0.146827, 0.279444, -0.948869, 0.0, 0.725754, 0.621356, 0.295293, 0.39386, 0.672104, -0.732002, -0.111576, -0.0, 0.0, 0.0, 0.0, 1.0],
                [0.0, 0.412758, -0.910841, 0.0, 0.241928, 0.883784, 0.400496, 0.39386, 0.970294, -0.220358, -0.099858, -0.0, 0.0, 0.0, 0.0, 1.0],
                [0.156208, 0.382058, -0.910841, 0.0, 0.558401, 0.726492, 0.400496, 0.39386, 0.814732, -0.571175, -0.099858, 0.0, 0.0, 0.0, 0.0, 1.0],
                [0.213259, 0.353397, -0.910841, 0.0, 0.663759, 0.631686, 0.400496, 0.39386, 0.716899, -0.689988, -0.099857, -0.0, 0.0, 0.0, 0.0, 1.0],
                [0.146827, 0.279444, -0.948869, 0.0, 0.725754, 0.621356, 0.295293, 0.39386, 0.672104, -0.732002, -0.111576, -0.0, 0.0, 0.0, 0.0, 1.0],
                [0.0, 0.412758, -0.910841, 0.0, 0.241928, 0.883784, 0.400496, 0.39386, 0.970294, -0.220358, -0.099858, -0.0, 0.0, 0.0, 0.0, 1.0],
                [0.156208, 0.382058, -0.910841, 0.0, 0.558401, 0.726492, 0.400496, 0.39386, 0.814732, -0.571175, -0.099858, 0.0, 0.0, 0.0, 0.0, 1.0],
                [0.213259, 0.353397, -0.910841, 0.0, 0.663759, 0.631686, 0.400496, 0.39386, 0.716899, -0.689988, -0.099857, -0.0, 0.0, 0.0, 0.0, 1.0],
                [0.213259, 0.353397, -0.910841, 0.0, 0.663759, 0.631686, 0.400496, 0.39386, 0.716899, -0.689988, -0.099857, -0.0, 0.0, 0.0, 0.0, 1.0]
            ]
        },
        {
            "name": "Hand_R",
            "time": [0.0, 0.1667, 0.25, 0.3333, 0.4167, 0.5333, 0.6333, 0.7333, 0.8167, 0.9333, 1.0333, 1.1333, 1.2167, 1.3333, 1.4333, 1.5333, 1.6167, 1.7333, 1.8333, 1.9667],
            "transform": [
                [1.0, 0.0, 0.0, -0.0, 0.0, 0.844492, -0.535569, 0.300003, 0.0, 0.535569, 0.844492, 0.0, 0.0, 0.0, 0.0, 1.0],
                [1.0, -0.0, -0.0, 0.0, 0.0, 0.844491, -0.535569, 0.300003, -0.0, 0.535569, 0.844492, -0.0, 0.0, 0.0, 0.0, 1.0],
                [1.0, 0.0, -0.0, 0.0, -0.0, 0.844492, -0.535569, 0.300002, 0.0, 0.535569, 0.844492, -0.0, 0.0, 0.0, 0.0, 1.0],
                [1.0, 0.0, -0.0, 0.0, 0.0, 0.844492, -0.535569, 0.300003, 0.0, 0.535569, 0.844492, 0.0, 0.0, 0.0, 0.0, 1.0],
                [1.0, 0.0, 0.0, -0.0, 0.0, 0.844492, -0.535569, 0.300003, 0.0, 0.535569, 0.844492, 0.0, 0.0, 0.0, 0.0, 1.0],
                [1.0, -0.0, -0.0, 0.0, 0.0, 0.844491, -0.535569, 0.300003, -0.0, 0.535569, 0.844492, -0.0, 0.0, 0.0, 0.0, 1.0],
                [1.0, 0.0, -0.0, 0.0, -0.0, 0.844492, -0.535569, 0.300002, 0.0, 0.535569, 0.844492, -0.0, 0.0, 0.0, 0.0, 1.0],
                [1.0, 0.0, -0.0, 0.0, 0.0, 0.844492, -0.535569, 0.300003, 0.0, 0.535569, 0.844492, 0.0, 0.0, 0.0, 0.0, 1.0],
                [1.0, 0.0, 0.0, -0.0, 0.0, 0.844492, -0.535569, 0.300003, 0.0, 0.535569, 0.844492, 0.0, 0.0, 0.0, 0.0, 1.0],
                [1.0, -0.0, -0.0, 0.0, 0.0, 0.844491, -0.535569, 0.300003, -0.0, 0.535569, 0.844492, -0.0, 0.0, 0.0, 0.0, 1.0],
                [1.0, 0.0, -0.0, 0.0, -0.0, 0.844492, -0.535569, 0.300002, 0.0, 0.535569, 0.844492, -0.0, 0.0, 0.0, 0.0, 1.0],
                [1.0, 0.0, -0.0, 0.0, 0.0, 0.844492, -0.535569, 0.300003, 0.0, 0.535569, 0.844492, 0.0, 0.0, 0.0, 0.0, 1.0],
                [1.0, 0.0, 0.0, -0.0, 0.0, 0.844492, -0.535569, 0.300003, 0.0, 0.535569, 0.844492, 0.0, 0.0, 0.0, 0.0, 1.0],
                [1.0, -0.0, -0.0, 0.0, 0.0, 0.844491, -0.535569, 0.300003, -0.0, 0.535569, 0.844492, -0.0, 0.0, 0.0, 0.0, 1.0],
                [1.0, 0.0, -0.0, 0.0, -0.0, 0.844492, -0.535569, 0.300002, 0.0, 0.535569, 0.844492, -0.0, 0.0, 0.0, 0.0, 1.0],
                [1.0, 0.0, -0.0, 0.0, 0.0, 0.844492, -0.535569, 0.300003, 0.0, 0.535569, 0.844492, 0.0, 0.0, 0.0, 0.0, 1.0],
                [1.0, 0.0, 0.0, -0.0, 0.0, 0.844492, -0.535569, 0.300003, 0.0, 0.535569, 0.844492, 0.0, 0.0, 0.0, 0.0, 1.0],
                [1.0, -0.0, -0.0, 0.0, 0.0, 0.844491, -0.535569, 0.300003, -0.0, 0.535569, 0.844492, -0.0, 0.0, 0.0, 0.0, 1.0],
                [1.0, 0.0, -0.0, 0.0, -0.0, 0.844492, -0.535569, 0.300002, 0.0, 0.535569, 0.844492, -0.0, 0.0, 0.0, 0.0, 1.0],
