{
    "armature": {
        "joints": ["Root", "Thigh_R", "Leg_R", "Knee_R", "Thigh_L", "Leg_L", "Knee_L", "Torso", "Chest", "Head", "Shoulder_R", "Arm_R", "Hand_R", "Tool_R", "Elbow_R", "Shoulder_L", "Arm_L", "Hand_L", "Tool_L", "Elbow_L"],
        "hierarchy": [
            {
                "name": "Root",
                "transform": [1.0, 0.0, 0.0, -5e-06, 0.0, 0.0, -1.0, 0.000946, 0.0, 1.0, 0.0, 0.763972, 0.0, 0.0, 0.0, 1.0],
                "children": [
                    {
                        "name": "Thigh_R",
                        "transform": [1.0, -1e-06, -0.0, 0.124994, -1e-06, -1.0, 1e-06, -0.002831, -0.0, -1e-06, -1.0, -1.2e-05, 0.0, 0.0, 0.0, 1.0],
                        "children": [
                            {
                                "name": "Leg_R",
                                "transform": [1.0, 1e-06, 1e-06, -0.0, -1e-06, 1.0, 1e-06, 0.37472, -1e-06, -1e-06, 1.0, -0.0, 0.0, 0.0, 0.0, 1.0],
                                "children": []
                            },
                            {
                                "name": "Knee_R",
                                "transform": [1.0, 0.0, -1e-06, -0.0, -1e-06, 1e-06, -1.0, 0.37472, -0.0, 1.0, 1e-06, -0.0, 0.0, 0.0, 0.0, 1.0],
                                "children": []
                            }
                        ]
                    },
                    {
                        "name": "Thigh_L",
                        "transform": [1.0, -1e-06, -0.0, -0.125006, -1e-06, -1.0, 1e-06, -0.002831, -0.0, -1e-06, -1.0, -1.2e-05, 0.0, 0.0, 0.0, 1.0],
                        "children": [
                            {
                                "name": "Leg_L",
                                "transform": [1.0, 1e-06, 1e-06, 0.0, -1e-06, 1.0, 1e-06, 0.37472, -1e-06, -1e-06, 1.0, -0.0, 0.0, 0.0, 0.0, 1.0],
                                "children": []
                            },
                            {
                                "name": "Knee_L",
                                "transform": [1.0, 0.0, -1e-06, 0.0, -1e-06, 1e-06, -1.0, 0.37472, -0.0, 1.0, 1e-06, -0.0, 0.0, 0.0, 0.0, 1.0],
                                "children": []
                            }
                        ]
                    },
                    {
                        "name": "Torso",
                        "transform": [1.0, 0.0, 0.0, 0.0, 0.0, 1.0, 0.0, 0.05, 0.0, 0.0, 1.0, 0.0, 0.0, 0.0, 0.0, 1.0],
                        "children": [
                            {
                                "name": "Chest",
                                "transform": [1.0, 0.0, -0.0, 0.0, -0.0, 1.0, 0.0, 0.3, 0.0, -0.0, 1.0, 0.0, 0.0, 0.0, 0.0, 1.0],
                                "children": [
                                    {
                                        "name": "Head",
                                        "transform": [1.0, -0.0, 0.0, -0.0, 0.0, 1.0, -0.0, 0.4, -0.0, 0.0, 1.0, 0.0, 0.0, 0.0, 0.0, 1.0],
                                        "children": []
                                    },
                                    {
                                        "name": "Shoulder_R",
                                        "transform": [0.0, 0.952114, 0.305742, -0.0, -1e-06, -0.305742, 0.952114, 0.4, 1.0, -0.0, 1e-06, 0.0, 0.0, 0.0, 0.0, 1.0],
                                        "children": [
                                            {
                                                "name": "Arm_R",
                                                "transform": [0.0, 1e-06, -1.0, 0.0, 0.952114, 0.305742, 0.0, 0.39386, 0.305742, -0.952114, -1e-06, -0.0, 0.0, 0.0, 0.0, 1.0],
                                                "children": [
                                                    {
                                                        "name": "Hand_R",
                                                        "transform": [1.0, 0.0, 0.0, -0.0, -0.0, 0.993937, 0.109947, 0.3, -0.0, -0.109947, 0.993937, -0.0, 0.0, 0.0, 0.0, 1.0],
                                                        "children": [
                                                            {
                                                                "name": "Tool_R",
                                                                "transform": [1.0, 0.0, 0.0, 0.0, 0.0, -0.999836, 0.018122, 0.272859, 0.0, -0.018122, -0.999231, 0.0, 0.0, 0.0, 0.0, 1.0],
                                                                "children": []
                                                            }
                                                        ]
                                                    },
                                                    {
                                                        "name": "Elbow_R",
                                                        "transform": [-1.0, 0.0, -0.0, 0.0, 0.0, -0.0, -1.0, 0.3, -0.0, -1.0, 0.0, -0.0, 0.0, 0.0, 0.0, 1.0],
                                                        "children": []
                                                    }
                                                ]
                                            }
                                        ]
                                    },
                                    {
                                        "name": "Shoulder_L",
                                        "transform": [-1e-06, -0.952114, -0.305742, 0.0, 2e-06, -0.305742, 0.952114, 0.4, -1.0, 0.0, 2e-06, 0.0, 0.0, 0.0, 0.0, 1.0],
                                        "children": [
                                            {
                                                "name": "Arm_L",
                                                "transform": [-1e-06, -2e-06, 1.0, -0.0, -0.952115, 0.305742, -0.0, 0.39386, -0.305742, -0.952115, -2e-06, -0.0, 0.0, 0.0, 0.0, 1.0],
                                                "children": [
                                                    {
                                                        "name": "Hand_L",
                                                        "transform": [1.0, 0.0, 0.0, 0.0, -0.0, 0.993937, 0.109947, 0.3, -0.0, -0.109947, 0.993937, 0.0, 0.0, 0.0, 0.0, 1.0],
                                                        "children": [
                                                            {
                                                                "name": "Tool_L",
                                                                "transform": [1.0, 0.0, 0.0, -0.0, 0.0, -0.999836, 0.018122, 0.272858, 0.0, -0.018122, -0.999231, -0.0, 0.0, 0.0, 0.0, 1.0],
                                                                "children": []
                                                            }
                                                        ]
                                                    },
                                                    {
                                                        "name": "Elbow_L",
                                                        "transform": [-1.0, 0.0, -0.0, 0.0, 0.0, 0.0, -1.0, 0.3, -0.0, -1.0, 0.0, 0.0, 0.0, 0.0, 0.0, 1.0],
                                                        "children": []
                                                    }
                                                ]
                                            }
                                        ]
                                    }
                                ]
                            }
                        ]
                    }
                ]
            }
        ]
    },
    "animation": [
        {
            "name": "Root",
            "time": [0.0, 0.0417, 0.125, 0.1667, 0.25, 0.2917, 0.375, 0.4583, 0.5, 0.5417, 0.5833, 0.625, 0.6667, 0.7083, 0.75, 0.7917, 0.8333, 0.875, 0.9167, 0.9583, 1.0, 1.0417, 1.125, 1.1667, 1.25, 1.2917, 1.375, 1.4167, 1.5, 1.5417, 1.625, 1.6667, 1.75, 1.7917, 1.875, 1.9167, 2.0, 2.0417, 2.125, 2.1667, 2.25, 2.2917, 2.375, 2.4167, 2.5, 2.5417, 2.625, 2.6667, 2.75, 2.7917, 2.875, 2.9167, 3.0, 3.0417, 3.125, 3.1667, 3.25, 3.2917, 3.375, 3.4167, 3.5, 3.5417, 3.625, 3.6667, 3.75, 3.7917, 3.875, 3.9167],
            "transform": [
                [0.971806, -0.085977, 0.219549, -0.076722, 0.229346, 0.128581, -0.964815, -0.000333, 0.054722, 0.987965, 0.144675, 0.753868, 0.0, 0.0, 0.0, 1.0],
                [0.971806, -0.085977, 0.219549, -0.076722, 0.229346, 0.128581, -0.964815, -0.000333, 0.054722, 0.987965, 0.144675, 0.753868, 0.0, 0.0, 0.0, 1.0],
                [0.884397, -0.417003, 0.209642, -0.514636, 0.291007, 0.141491, -0.9462, -0.000467, 0.364906, 0.897824, 0.246485, 0.823829, 0.0, 0.0, 0.0, 1.0],
                [0.725488, -0.665327, 0.176087, -0.965984, 0.35717, 0.145268, -0.922674, -0.000508, 0.5883, 0.732282, 0.343025, 0.883577, 0.0, 0.0, 0.0, 1.0],
                [0.431574, -0.897633, 0.089433, -2.012091, 0.51775, 0.165298, -0.839411, -0.00072, 0.7387, 0.408572, 0.536088, 0.955925, 0.0, 0.0, 0.0, 1.0],
                [0.399699, -0.913779, 0.072441, -2.487229, 0.601876, 0.202019, -0.772615, -0.001099, 0.691365, 0.352414, 0.630728, 0.89819, 0.0, 0.0, 0.0, 1.0],
                [0.368047, -0.92869, 0.045575, -3.256293, 0.732092, 0.259219, -0.629958, -0.001693, 0.573222, 0.265219, 0.775291, 0.563814, 0.0, 0.0, 0.0, 1.0],
                [0.362614, -0.931311, 0.034198, -3.789759, 0.795557, 0.290228, -0.531843, -0.002015, 0.485386, 0.220061, 0.846152, 0.229012, 0.0, 0.0, 0.0, 1.0],
                [0.362848, -0.931257, 0.033202, -3.970406, 0.803377, 0.294571, -0.517508, -0.00206, 0.472152, 0.21445, 0.855034, 0.170763, 0.0, 0.0, 0.0, 1.0],
                [0.362848, -0.931257, 0.033202, -4.09743, 0.803377, 0.294571, -0.517508, -0.00206, 0.472152, 0.21445, 0.855034, 0.178613, 0.0, 0.0, 0.0, 1.0],
                [0.362848, -0.931257, 0.033202, -4.18451, 0.803377, 0.294571, -0.517508, -0.00206, 0.472152, 0.21445, 0.855034, 0.198241, 0.0, 0.0, 0.0, 1.0],
                [0.362848, -0.931257, 0.033202, -4.247872, 0.803377, 0.294571, -0.517508, -0.00206, 0.472152, 0.21445, 0.855034, 0.223757, 0.0, 0.0, 0.0, 1.0],
                [0.362848, -0.931257, 0.033202, -4.303748, 0.803377, 0.294571, -0.517508, -0.00206, 0.472152, 0.21445, 0.855034, 0.249273, 0.0, 0.0, 0.0, 1.0],
                [0.362848, -0.931257, 0.033202, -4.368364, 0.803377, 0.294571, -0.517508, -0.00206, 0.472152, 0.21445, 0.855034, 0.2689, 0.0, 0.0, 0.0, 1.0],
                [0.362848, -0.931257, 0.033202, -4.457952, 0.803377, 0.294571, -0.517508, -0.00206, 0.472152, 0.21445, 0.855034, 0.276751, 0.0, 0.0, 0.0, 1.0],
                [0.362848, -0.931257, 0.033202, -4.581854, 0.803377, 0.294571, -0.517508, -0.00206, 0.472152, 0.21445, 0.855034, 0.266463, 0.0, 0.0, 0.0, 1.0],
                [0.362848, -0.931257, 0.033202, -4.721879, 0.803377, 0.294571, -0.517508, -0.00206, 0.472152, 0.21445, 0.855034, 0.24193, 0.0, 0.0, 0.0, 1.0],
                [0.362848, -0.931257, 0.033202, -4.852945, 0.803377, 0.294571, -0.517508, -0.00206, 0.472152, 0.21445, 0.855034, 0.212649, 0.0, 0.0, 0.0, 1.0],
                [0.362848, -0.931257, 0.033202, -4.949977, 0.803377, 0.294571, -0.517508, -0.00206, 0.472152, 0.21445, 0.855034, 0.188116, 0.0, 0.0, 0.0, 1.0],
                [0.362848, -0.931257, 0.033202, -4.987893, 0.803377, 0.294571, -0.517508, -0.00206, 0.472152, 0.21445, 0.855034, 0.177829, 0.0, 0.0, 0.0, 1.0],
                [0.362848, -0.931257, 0.033202, -4.987893, 0.803377, 0.294571, -0.517508, -0.00206, 0.472152, 0.21445, 0.855034, 0.177829, 0.0, 0.0, 0.0, 1.0],
                [0.362848, -0.931257, 0.033202, -4.987893, 0.803377, 0.294571, -0.517508, -0.00206, 0.472152, 0.21445, 0.855034, 0.177829, 0.0, 0.0, 0.0, 1.0],
                [0.362848, -0.931256, 0.033214, -4.987894, 0.803375, 0.294563, -0.517513, -0.00206, 0.472154, 0.214462, 0.85503, 0.177829, 0.0, 0.0, 0.0, 1.0],
                [0.362843, -0.931255, 0.033298, -4.987896, 0.80337, 0.29451, -0.517553, -0.00206, 0.472167, 0.214541, 0.855003, 0.177831, 0.0, 0.0, 0.0, 1.0],
                [0.362811, -0.931243, 0.03397, -4.987916, 0.803322, 0.294083, -0.517869, -0.002055, 0.472272, 0.215178, 0.854785, 0.177847, 0.0, 0.0, 0.0, 1.0],
                [0.362777, -0.93123, 0.034703, -4.987938, 0.803271, 0.293617, -0.518214, -0.00205, 0.472387, 0.215871, 0.854547, 0.177864, 0.0, 0.0, 0.0, 1.0],
                [0.362653, -0.931177, 0.037321, -4.988015, 0.803086, 0.291948, -0.519441, -0.002033, 0.472796, 0.218349, 0.853691, 0.177926, 0.0, 0.0, 0.0, 1.0],
                [0.362558, -0.93113, 0.039352, -4.988075, 0.802942, 0.290652, -0.52039, -0.00202, 0.473113, 0.220269, 0.853022, 0.177975, 0.0, 0.0, 0.0, 1.0],
                [0.362287, -0.930969, 0.045221, -4.988248, 0.802524, 0.286893, -0.523114, -0.001981, 0.474029, 0.225809, 0.851062, 0.178114, 0.0, 0.0, 0.0, 1.0],
                [0.362107, -0.930837, 0.049206, -4.988366, 0.802237, 0.28433, -0.52495, -0.001955, 0.474652, 0.229563, 0.84971, 0.178208, 0.0, 0.0, 0.0, 1.0],
                [0.364009, -0.928549, 0.072757, -4.990636, 0.799636, 0.271505, -0.535601, -0.001824, 0.477578, 0.253143, 0.841331, 0.180267, 0.0, 0.0, 0.0, 1.0],
                [0.366781, -0.92552, 0.094253, -4.993422, 0.796899, 0.260291, -0.545161, -0.001709, 0.480024, 0.275065, 0.833016, 0.182611, 0.0, 0.0, 0.0, 1.0],
                [0.376365, -0.913936, 0.151892, -5.002754, 0.788709, 0.230048, -0.570102, -0.001398, 0.486094, 0.334365, 0.807411, 0.189681, 0.0, 0.0, 0.0, 1.0],
                [0.383331, -0.904692, 0.185981, -5.00949, 0.783334, 0.21177, -0.584415, -0.001211, 0.48933, 0.36971, 0.789855, 0.194309, 0.0, 0.0, 0.0, 1.0],
                [0.40187, -0.878246, 0.259199, -5.027557, 0.770283, 0.171168, -0.614301, -0.000794, 0.495141, 0.446526, 0.745285, 0.20551, 0.0, 0.0, 0.0, 1.0],
                [0.413465, -0.861048, 0.296047, -5.03907, 0.762727, 0.149956, -0.629095, -0.000577, 0.497287, 0.485912, 0.718746, 0.211985, 0.0, 0.0, 0.0, 1.0],
                [0.441119, -0.82002, 0.364667, -5.067486, 0.745853, 0.108991, -0.657134, -0.000157, 0.499117, 0.561862, 0.659692, 0.226436, 0.0, 0.0, 0.0, 1.0],
                [0.45702, -0.797225, 0.394417, -5.08456, 0.736621, 0.090708, -0.670195, 3.1e-05, 0.498519, 0.596828, 0.628708, 0.234311, 0.0, 0.0, 0.0, 1.0],
                [0.492072, -0.750478, 0.441189, -5.124701, 0.717032, 0.061991, -0.694279, 0.000326, 0.493691, 0.657982, 0.56862, 0.2511, 0.0, 0.0, 0.0, 1.0],
                [0.510252, -0.727406, 0.458828, -5.147029, 0.707417, 0.051592, -0.704911, 0.000433, 0.489085, 0.684265, 0.540904, 0.259957, 0.0, 0.0, 0.0, 1.0],
                [0.547123, -0.682487, 0.484631, -5.192256, 0.688448, 0.037571, -0.724312, 0.000577, 0.476126, 0.729931, 0.490413, 0.278584, 0.0, 0.0, 0.0, 1.0],
                [0.565705, -0.660695, 0.493417, -5.213517, 0.678856, 0.033461, -0.733508, 0.00062, 0.468115, 0.749909, 0.467446, 0.288354, 0.0, 0.0, 0.0, 1.0],
                [0.602989, -0.618268, 0.504131, -5.24924, 0.658862, 0.029668, -0.751679, 0.00066, 0.449783, 0.785407, 0.425243, 0.308808, 0.0, 0.0, 0.0, 1.0],
                [0.621647, -0.597481, 0.506529, -5.262066, 0.648229, 0.029394, -0.760878, 0.000663, 0.439721, 0.801344, 0.405577, 0.319494, 0.0, 0.0, 0.0, 1.0],
                [0.658911, -0.556236, 0.506396, -5.273563, 0.625157, 0.030532, -0.779902, 0.000653, 0.418348, 0.830463, 0.367853, 0.341789, 0.0, 0.0, 0.0, 1.0],
                [0.677472, -0.535574, 0.504175, -5.272986, 0.612552, 0.03134, -0.789809, 0.000645, 0.4072, 0.843907, 0.349299, 0.353393, 0.0, 0.0, 0.0, 1.0],
                [0.714049, -0.494231, 0.495853, -5.268117, 0.58531, 0.032832, -0.810145, 0.000632, 0.384119, 0.868711, 0.312722, 0.377305, 0.0, 0.0, 0.0, 1.0],
                [0.731866, -0.473681, 0.489897, -5.264499, 0.570808, 0.033445, -0.820402, 0.000626, 0.372224, 0.880061, 0.294858, 0.389501, 0.0, 0.0, 0.0, 1.0],
                [0.766101, -0.433172, 0.474818, -5.256582, 0.540432, 0.034284, -0.840689, 0.000619, 0.347884, 0.900659, 0.260364, 0.414089, 0.0, 0.0, 0.0, 1.0],
                [0.782356, -0.413359, 0.46589, -5.252957, 0.524729, 0.034481, -0.85057, 0.000618, 0.335526, 0.909915, 0.243878, 0.426368, 0.0, 0.0, 0.0, 1.0],
                [0.812797, -0.374992, 0.445804, -5.248056, 0.49277, 0.034415, -0.869479, 0.00062, 0.310706, 0.926389, 0.212757, 0.450611, 0.0, 0.0, 0.0, 1.0],
                [0.826873, -0.35659, 0.434885, -5.247458, 0.476715, 0.034164, -0.878394, 0.000623, 0.298369, 0.933636, 0.198241, 0.462463, 0.0, 0.0, 0.0, 1.0],
                [0.852757, -0.321493, 0.411641, -5.257233, 0.444643, 0.033339, -0.895087, 0.000633, 0.274041, 0.946325, 0.17138, 0.485549, 0.0, 0.0, 0.0, 1.0],
                [0.864798, -0.304627, 0.399157, -5.268118, 0.428361, 0.032836, -0.903011, 0.000639, 0.261975, 0.951905, 0.158887, 0.496958, 0.0, 0.0, 0.0, 1.0],
                [0.887618, -0.27172, 0.371891, -5.298361, 0.39449, 0.031759, -0.918351, 0.000651, 0.237723, 0.961852, 0.13538, 0.520011, 0.0, 0.0, 0.0, 1.0],
                [0.898559, -0.255451, 0.356843, -5.316308, 0.376557, 0.031197, -0.925868, 0.000658, 0.225382, 0.966318, 0.124225, 0.531855, 0.0, 0.0, 0.0, 1.0],
                [0.91976, -0.2227, 0.323182, -5.354336, 0.337811, 0.029977, -0.940736, 0.000671, 0.199814, 0.974426, 0.102803, 0.556682, 0.0, 0.0, 0.0, 1.0],
                [0.930056, -0.20598, 0.304249, -5.373007, 0.316632, 0.029265, -0.948097, 0.000679, 0.186385, 0.978119, 0.092438, 0.569866, 0.0, 0.0, 0.0, 1.0],
                [0.949898, -0.171321, 0.261426, -5.406274, 0.269842, 0.02741, -0.962514, 0.0007, 0.157734, 0.984834, 0.072266, 0.598225, 0.0, 0.0, 0.0, 1.0],
                [0.959123, -0.153497, 0.237745, -5.420267, 0.244454, 0.026141, -0.969309, 0.000714, 0.142571, 0.987803, 0.062595, 0.613275, 0.0, 0.0, 0.0, 1.0],
                [0.975099, -0.117974, 0.187785, -5.443344, 0.191706, 0.02271, -0.98119, 0.000751, 0.11149, 0.992757, 0.044761, 0.644043, 0.0, 0.0, 0.0, 1.0],
                [0.981571, -0.10075, 0.16238, -5.452631, 0.165228, 0.020543, -0.986041, 0.000773, 0.096008, 0.994699, 0.036812, 0.65931, 0.0, 0.0, 0.0, 1.0],
                [0.991229, -0.068544, 0.112993, -5.467205, 0.114304, 0.015501, -0.993325, 0.000826, 0.066334, 0.997528, 0.0232, 0.688478, 0.0, 0.0, 0.0, 1.0],
                [0.994483, -0.054005, 0.08993, -5.472696, 0.090742, 0.012774, -0.995793, 0.000855, 0.052629, 0.998459, 0.017604, 0.701928, 0.0, 0.0, 0.0, 1.0],
                [0.998359, -0.029101, 0.049326, -5.480593, 0.049561, 0.00741, -0.998744, 0.000911, 0.028699, 0.999549, 0.00884, 0.725424, 0.0, 0.0, 0.0, 1.0],
                [0.999284, -0.019122, 0.032659, -5.483202, 0.032761, 0.005008, -0.999451, 0.000936, 0.018948, 0.999805, 0.00563, 0.735019, 0.0, 0.0, 0.0, 1.0],
                [0.999949, -0.005036, 0.008709, -5.486253, 0.008716, 0.001368, -0.999961, 0.000973, 0.005023, 0.999986, 0.001412, 0.748767, 0.0, 0.0, 0.0, 1.0],
                [0.999997, -0.001292, 0.002245, -5.486897, 0.002246, 0.000354, -0.999997, 0.000984, 0.001291, 0.999999, 0.000356, 0.752468, 0.0, 0.0, 0.0, 1.0]
            ]
        },
        {
            "name": "Thigh_R",
            "time": [0.0, 0.0417, 0.125, 0.1667, 0.25, 0.2917, 0.375, 0.4583, 0.5, 0.5417, 0.5833, 0.625, 0.6667, 0.7083, 0.75, 0.7917, 0.8333, 0.875, 0.9167, 0.9583, 1.0, 1.0417, 1.125, 1.1667, 1.25, 1.2917, 1.375, 1.4167, 1.5, 1.5417, 1.625, 1.6667, 1.75, 1.7917, 1.875, 1.9167, 2.0, 2.0417, 2.125, 2.1667, 2.25, 2.2917, 2.375, 2.4167, 2.5, 2.5417, 2.625, 2.6667, 2.75, 2.7917, 2.875, 2.9167, 3.0, 3.0417, 3.125, 3.1667, 3.25, 3.2917, 3.375, 3.4167, 3.5, 3.5417, 3.625, 3.6667, 3.75, 3.7917, 3.875, 3.9167],
            "transform": [
                [0.923002, 0.384795, -0.000261, 0.128929, 0.38479, -0.922994, -0.00421, -0.002052, -0.001861, 0.003786, -0.999991, 2.7e-05, 0.0, 0.0, 0.0, 1.0],
                [0.923002, 0.384795, -0.000261, 0.128929, 0.38479, -0.922994, -0.00421, -0.002052, -0.001861, 0.003786, -0.999991, 2.7e-05, 0.0, 0.0, 0.0, 1.0],
                [0.931206, 0.364232, 0.013811, 0.128719, 0.364463, -0.930952, -0.022242, -0.002134, 0.004756, 0.025745, -0.999657, 0.000251, 0.0, 0.0, 0.0, 1.0],
                [0.937684, 0.346565, 0.025331, 0.128539, 0.347325, -0.936989, -0.037636, -0.002196, 0.010692, 0.044089, -0.99897, 0.000439, 0.0, 0.0, 0.0, 1.0],
                [0.944877, 0.325136, 0.038642, 0.12832, 0.326919, -0.94338, -0.056195, -0.002261, 0.018183, 0.06573, -0.997672, 0.00066, 0.0, 0.0, 0.0, 1.0],
                [0.944877, 0.325136, 0.038642, 0.12832, 0.326919, -0.94338, -0.056195, -0.002261, 0.018183, 0.06573, -0.997672, 0.00066, 0.0, 0.0, 0.0, 1.0],
                [0.944877, 0.325136, 0.038642, 0.12832, 0.326919, -0.94338, -0.056195, -0.002261, 0.018183, 0.06573, -0.997672, 0.00066, 0.0, 0.0, 0.0, 1.0],
                [0.944877, 0.325136, 0.038642, 0.12832, 0.326919, -0.94338, -0.056195, -0.002261, 0.018183, 0.06573, -0.997672, 0.00066, 0.0, 0.0, 0.0, 1.0],
                [0.944877, 0.325136, 0.038641, 0.12832, 0.326919, -0.94338, -0.056195, -0.002262, 0.018183, 0.06573, -0.997672, 0.00066, 0.0, 0.0, 0.0, 1.0],
                [0.94488, 0.324909, 0.040455, 0.128318, 0.326912, -0.943054, -0.061459, -0.002258, 0.018182, 0.071296, -0.997289, 0.000716, 0.0, 0.0, 0.0, 1.0],
                [0.944885, 0.324298, 0.044982, 0.128311, 0.326897, -0.94211, -0.074611, -0.002249, 0.018182, 0.085203, -0.996198, 0.000859, 0.0, 0.0, 0.0, 1.0],
                [0.94489, 0.323414, 0.050856, 0.128303, 0.326882, -0.940607, -0.091688, -0.002234, 0.018183, 0.103259, -0.994488, 0.001043, 0.0, 0.0, 0.0, 1.0],
                [0.944892, 0.322431, 0.056714, 0.128293, 0.326876, -0.938791, -0.108736, -0.002216, 0.018183, 0.121282, -0.992452, 0.001227, 0.0, 0.0, 0.0, 1.0],
                [0.944889, 0.321617, 0.061211, 0.128285, 0.326885, -0.937179, -0.121828, -0.0022, 0.018183, 0.135123, -0.990662, 0.001369, 0.0, 0.0, 0.0, 1.0],
                [0.944877, 0.321303, 0.063014, 0.128282, 0.326919, -0.936471, -0.127069, -0.002194, 0.018183, 0.140665, -0.98989, 0.001426, 0.0, 0.0, 0.0, 1.0],
                [0.944869, 0.323042, 0.05354, 0.128299, 0.326943, -0.939794, -0.099473, -0.002227, 0.018183, 0.111493, -0.993599, 0.001127, 0.0, 0.0, 0.0, 1.0],
                [0.944872, 0.325996, 0.030704, 0.128328, 0.326933, -0.944465, -0.033172, -0.002271, 0.018184, 0.041382, -0.998978, 0.000411, 0.0, 0.0, 0.0, 1.0],
                [0.94488, 0.3274, 0.003218, 0.128342, 0.326911, -0.943922, 0.046262, -0.002262, 0.018184, -0.04266, -0.998924, -0.000448, 0.0, 0.0, 0.0, 1.0],
                [0.944884, 0.326805, -0.0198, 0.128335, 0.326899, -0.938341, 0.112486, -0.002203, 0.018182, -0.112759, -0.993456, -0.001164, 0.0, 0.0, 0.0, 1.0],
                [0.944877, 0.326101, -0.029407, 0.128327, 0.326919, -0.934619, 0.140039, -0.002164, 0.018183, -0.141934, -0.989709, -0.001462, 0.0, 0.0, 0.0, 1.0],
                [0.944889, 0.326316, -0.026522, 0.128329, 0.326849, -0.935563, 0.133759, -0.002174, 0.018835, -0.135056, -0.990659, -0.001392, 0.0, 0.0, 0.0, 1.0],
                [0.944906, 0.326692, -0.0206, 0.128334, 0.326761, -0.937614, 0.118772, -0.002195, 0.019487, -0.11896, -0.992708, -0.001228, 0.0, 0.0, 0.0, 1.0],
                [0.944807, 0.327364, -0.013117, 0.12834, 0.327259, -0.941093, 0.08512, -0.002232, 0.015521, -0.084714, -0.996284, -0.000878, 0.0, 0.0, 0.0, 1.0],
                [0.944721, 0.327691, -0.011026, 0.128344, 0.327604, -0.942032, 0.07246, -0.002242, 0.013358, -0.072067, -0.99731, -0.000749, 0.0, 0.0, 0.0, 1.0],
                [0.944464, 0.328514, -0.008129, 0.128353, 0.328456, -0.942952, 0.054396, -0.002253, 0.010204, -0.054045, -0.998486, -0.000564, 0.0, 0.0, 0.0, 1.0],
                [0.94428, 0.329065, -0.007143, 0.128358, 0.329018, -0.943104, 0.04798, -0.002253, 0.009052, -0.047657, -0.998823, -0.000499, 0.0, 0.0, 0.0, 1.0],
                [0.94377, 0.330555, -0.005645, 0.128373, 0.330526, -0.943038, 0.037835, -0.002254, 0.007183, -0.037574, -0.999268, -0.000396, 0.0, 0.0, 0.0, 1.0],
                [0.943432, 0.33153, -0.004949, 0.128383, 0.331507, -0.942873, 0.033082, -0.002252, 0.006301, -0.032851, -0.999441, -0.000348, 0.0, 0.0, 0.0, 1.0],
                [0.942564, 0.334011, -0.003198, 0.128409, 0.333999, -0.942325, 0.02165, -0.002247, 0.004218, -0.021474, -0.99976, -0.000231, 0.0, 0.0, 0.0, 1.0],
                [0.942023, 0.335541, -0.001952, 0.128425, 0.335534, -0.941925, 0.013947, -0.002245, 0.002841, -0.013793, -0.999901, -0.000153, 0.0, 0.0, 0.0, 1.0],
                [0.940632, 0.339424, 0.001517, 0.128465, 0.339427, -0.940608, -0.006762, -0.002231, -0.000868, 0.006876, -0.999976, 5.8e-05, 0.0, 0.0, 0.0, 1.0],
                [0.939666, 0.342076, 0.00359, 0.128492, 0.342081, -0.939477, -0.0191, -0.00222, -0.003161, 0.019176, -0.999811, 0.000184, 0.0, 0.0, 0.0, 1.0],
                [0.936856, 0.349623, 0.007982, 0.128569, 0.349611, -0.935781, -0.045678, -0.002184, -0.0085, 0.045584, -0.998924, 0.000454, 0.0, 0.0, 0.0, 1.0],
                [0.934867, 0.354852, 0.010141, 0.128623, 0.354811, -0.933069, -0.059091, -0.002157, -0.011506, 0.05884, -0.998201, 0.00059, 0.0, 0.0, 0.0, 1.0],
                [0.929298, 0.369067, 0.01399, 0.128768, 0.368889, -0.92566, -0.084116, -0.002082, -0.018094, 0.08333, -0.996358, 0.00084, 0.0, 0.0, 0.0, 1.0],
                [0.925517, 0.378389, 0.015516, 0.128864, 0.378088, -0.92089, -0.094922, -0.002034, -0.021629, 0.093718, -0.995364, 0.000947, 0.0, 0.0, 0.0, 1.0],
                [0.915358, 0.402268, 0.017294, 0.129108, 0.401595, -0.909048, -0.111145, -0.001914, -0.028989, 0.108682, -0.993654, 0.0011, 0.0, 0.0, 0.0, 1.0],
                [0.908684, 0.417125, 0.01731, 0.12926, 0.416202, -0.901869, -0.115795, -0.001841, -0.032689, 0.112426, -0.993122, 0.001138, 0.0, 0.0, 0.0, 1.0],
                [0.891173, 0.453541, 0.010509, 0.129632, 0.451999, -0.885683, -0.106123, -0.001677, -0.038823, 0.099324, -0.994297, 0.001005, 0.0, 0.0, 0.0, 1.0],
                [0.880076, 0.474808, -0.004873, 0.129849, 0.473236, -0.87791, -0.072946, -0.001596, -0.038914, 0.061892, -0.997324, 0.000622, 0.0, 0.0, 0.0, 1.0],
                [0.854577, 0.515677, -0.061452, 0.130265, 0.518544, -0.853785, 0.046516, -0.001346, -0.02848, -0.071617, -0.997026, -0.000743, 0.0, 0.0, 0.0, 1.0],
                [0.841247, 0.531165, -0.100832, 0.130422, 0.54039, -0.831875, 0.126344, -0.001119, -0.01677, -0.160775, -0.986849, -0.001654, 0.0, 0.0, 0.0, 1.0],
                [0.817103, 0.54296, -0.193748, 0.13054, 0.576145, -0.757441, 0.307148, -0.000352, 0.020016, -0.362598, -0.931731, -0.003715, 0.0, 0.0, 0.0, 1.0],
                [0.807902, 0.536995, -0.242759, 0.130477, 0.587675, -0.703394, 0.399844, 0.000204, 0.043959, -0.465697, -0.883852, -0.004768, 0.0, 0.0, 0.0, 1.0],
                [0.798663, 0.500965, -0.333424, 0.130105, 0.593839, -0.566387, 0.571456, 0.001611, 0.097432, -0.654401, -0.749844, -0.006691, 0.0, 0.0, 0.0, 1.0],
                [0.813511, 0.454091, -0.363319, 0.129624, 0.570122, -0.499491, 0.65228, 0.002298, 0.11472, -0.737773, -0.665229, -0.00754, 0.0, 0.0, 0.0, 1.0],
                [0.90367, 0.255222, -0.343865, 0.12759, 0.421732, -0.391035, 0.818067, 0.003418, 0.074326, -0.884281, -0.461001, -0.009029, 0.0, 0.0, 0.0, 1.0],
                [0.949912, 0.120482, -0.288358, 0.126215, 0.312297, -0.331371, 0.890317, 0.004032, 0.011714, -0.935776, -0.3524, -0.009549, 0.0, 0.0, 0.0, 1.0],
                [0.981662, -0.155673, -0.110026, 0.123399, 0.080461, -0.184881, 0.979461, 0.005537, -0.172817, -0.970353, -0.168965, -0.00989, 0.0, 0.0, 0.0, 1.0],
                [0.962786, -0.269867, -0.014674, 0.122237, -0.015295, -0.108611, 0.993967, 0.00632, -0.269832, -0.956753, -0.108697, -0.009747, 0.0, 0.0, 0.0, 1.0],
                [0.902973, -0.414685, 0.112582, 0.120764, -0.123477, 0.000542, 0.992347, 0.007438, -0.411573, -0.909965, -0.050714, -0.009263, 0.0, 0.0, 0.0, 1.0],
                [0.888416, -0.442589, 0.121786, 0.120479, -0.12837, 0.015179, 0.99161, 0.007587, -0.440724, -0.896596, -0.04333, -0.009126, 0.0, 0.0, 0.0, 1.0],
                [0.880061, -0.468869, 0.075191, 0.120209, -0.098536, -0.025417, 0.994809, 0.007172, -0.464523, -0.882902, -0.068569, -0.008986, 0.0, 0.0, 0.0, 1.0],
                [0.875756, -0.481173, 0.039035, 0.120081, -0.08283, -0.070109, 0.994095, 0.006715, -0.475595, -0.873818, -0.101254, -0.008895, 0.0, 0.0, 0.0, 1.0],
                [0.86707, -0.495382, -0.052779, 0.119933, -0.054111, -0.198964, 0.978512, 0.005397, -0.495238, -0.845583, -0.199322, -0.008609, 0.0, 0.0, 0.0, 1.0],
                [0.863237, -0.493774, -0.104921, 0.119946, -0.042628, -0.278408, 0.959517, 0.004584, -0.502995, -0.823818, -0.261381, -0.00839, 0.0, 0.0, 0.0, 1.0],
                [0.8592, -0.466825, -0.209402, 0.120218, -0.028215, -0.451886, 0.89163, 0.002808, -0.510861, -0.76018, -0.401432, -0.007744, 0.0, 0.0, 0.0, 1.0],
                [0.860382, -0.440848, -0.255727, 0.120482, -0.025737, -0.538714, 0.842095, 0.001919, -0.508999, -0.717942, -0.474846, -0.007316, 0.0, 0.0, 0.0, 1.0],
                [0.873041, -0.367855, -0.320128, 0.121225, -0.029822, -0.695522, 0.717886, 0.000311, -0.486734, -0.617197, -0.618189, -0.006293, 0.0, 0.0, 0.0, 1.0],
                [0.885664, -0.323931, -0.332668, 0.121673, -0.035406, -0.76148, 0.647221, -0.000366, -0.462975, -0.561442, -0.685884, -0.005727, 0.0, 0.0, 0.0, 1.0],
                [0.918392, -0.232651, -0.320047, 0.122605, -0.045915, -0.866068, 0.497814, -0.001441, -0.392999, -0.442493, -0.806072, -0.004517, 0.0, 0.0, 0.0, 1.0],
                [0.935701, -0.189303, -0.297704, 0.123049, -0.048525, -0.904886, 0.422879, -0.00184, -0.34944, -0.381243, -0.855889, -0.003894, 0.0, 0.0, 0.0, 1.0],
                [0.966225, -0.114284, -0.230971, 0.123817, -0.045981, -0.958358, 0.281841, -0.002393, -0.253563, -0.261702, -0.931245, -0.002678, 0.0, 0.0, 0.0, 1.0],
                [0.977918, -0.084138, -0.191305, 0.124127, -0.041047, -0.974875, 0.218934, -0.002564, -0.204919, -0.206247, -0.956802, -0.002113, 0.0, 0.0, 0.0, 1.0],
                [0.993005, -0.039377, -0.11131, 0.124587, -0.026581, -0.993103, 0.11419, -0.002755, -0.115038, -0.110433, -0.987204, -0.001137, 0.0, 0.0, 0.0, 1.0],
                [0.996864, -0.024186, -0.075344, 0.124743, -0.018615, -0.9971, 0.07379, -0.002798, -0.07691, -0.072156, -0.994423, -0.000747, 0.0, 0.0, 0.0, 1.0],
                [0.999767, -0.005697, -0.020815, 0.124936, -0.005304, -0.999808, 0.018856, -0.002828, -0.020919, -0.018741, -0.999606, -0.000203, 0.0, 0.0, 0.0, 1.0],
                [0.999984, -0.00141, -0.00545, 0.124981, -0.001384, -0.999987, 0.004782, -0.00283, -0.005457, -0.004774, -0.999974, -6e-05, 0.0, 0.0, 0.0, 1.0]
            ]
        },
        {
            "name": "Leg_R",
            "time": [0.0, 0.0417, 0.125, 0.1667, 0.25, 0.2917, 0.375, 0.4583, 0.5, 0.5417, 0.5833, 0.625, 0.6667, 0.7083, 0.75, 0.7917, 0.8333, 0.875, 0.9167, 0.9583, 1.0, 1.0417, 1.125, 1.1667, 1.25, 1.2917, 1.375, 1.4167, 1.5, 1.5417, 1.625, 1.6667, 1.75, 1.7917, 1.875, 1.9167, 2.0, 2.0417, 2.125, 2.1667, 2.25, 2.2917, 2.375, 2.4167, 2.5, 2.5417, 2.625, 2.6667, 2.75, 2.7917, 2.875, 2.9167, 3.0, 3.0417, 3.125, 3.1667, 3.25, 3.2917, 3.375, 3.4167, 3.5, 3.5417, 3.625, 3.6667, 3.75, 3.7917, 3.875, 3.9167],
            "transform": [
                [1.0, 1e-06, 2e-06, 0.0, -1e-06, 0.92357, 0.383432, 0.37472, -1e-06, -0.383432, 0.923569, 0.0, 0.0, 0.0, 0.0, 1.0],
                [1.0, 1e-06, 2e-06, 0.0, -1e-06, 0.92357, 0.383432, 0.37472, -1e-06, -0.383432, 0.923569, 0.0, 0.0, 0.0, 0.0, 1.0],
                [1.0, 1e-06, 2e-06, -0.0, -1e-06, 0.923569, 0.383432, 0.37472, -1e-06, -0.383432, 0.923569, -0.0, 0.0, 0.0, 0.0, 1.0],
                [1.0, 1e-06, 2e-06, -0.0, -1e-06, 0.923569, 0.383432, 0.37472, -1e-06, -0.383432, 0.923569, 0.0, 0.0, 0.0, 0.0, 1.0],
                [1.0, 1e-06, 2e-06, 0.0, -1e-06, 0.923569, 0.383432, 0.37472, -1e-06, -0.383432, 0.923569, 0.0, 0.0, 0.0, 0.0, 1.0],
                [1.0, 1e-06, 2e-06, 0.0, -1e-06, 0.923569, 0.383432, 0.37472, -1e-06, -0.383432, 0.923569, -0.0, 0.0, 0.0, 0.0, 1.0],
                [1.0, 1e-06, 2e-06, -0.0, -1e-06, 0.923569, 0.383432, 0.374721, -1e-06, -0.383432, 0.923569, 0.0, 0.0, 0.0, 0.0, 1.0],
                [1.0, 1e-06, 2e-06, 0.0, -1e-06, 0.923569, 0.383432, 0.37472, -1e-06, -0.383432, 0.923569, -0.0, 0.0, 0.0, 0.0, 1.0],
                [1.0, 1e-06, 2e-06, 0.0, -1e-06, 0.923569, 0.383432, 0.37472, -1e-06, -0.383432, 0.923569, 0.0, 0.0, 0.0, 0.0, 1.0],
                [1.0, 1e-06, 2e-06, -0.0, -1e-06, 0.923569, 0.383432, 0.37472, -1e-06, -0.383432, 0.923569, 0.0, 0.0, 0.0, 0.0, 1.0],
                [1.0, 1e-06, 2e-06, 0.0, -1e-06, 0.923569, 0.383432, 0.37472, -1e-06, -0.383432, 0.923569, 0.0, 0.0, 0.0, 0.0, 1.0],
                [1.0, 1e-06, 2e-06, 0.0, -1e-06, 0.923569, 0.383432, 0.37472, -1e-06, -0.383432, 0.923569, -0.0, 0.0, 0.0, 0.0, 1.0],
                [1.0, 1e-06, 2e-06, 0.0, -1e-06, 0.923569, 0.383432, 0.374721, -1e-06, -0.383432, 0.923569, -0.0, 0.0, 0.0, 0.0, 1.0],
                [1.0, 1e-06, 2e-06, 0.0, -1e-06, 0.923569, 0.383432, 0.37472, -1e-06, -0.383432, 0.923569, 0.0, 0.0, 0.0, 0.0, 1.0],
                [1.0, 1e-06, 2e-06, 0.0, -1e-06, 0.923569, 0.383432, 0.37472, -1e-06, -0.383432, 0.923569, -0.0, 0.0, 0.0, 0.0, 1.0],
                [1.0, 1e-06, 2e-06, 0.0, -1e-06, 0.92531, 0.379212, 0.37472, -1e-06, -0.379212, 0.92531, 0.0, 0.0, 0.0, 0.0, 1.0],
                [1.0, 1e-06, 2e-06, 0.0, -1e-06, 0.929775, 0.368128, 0.37472, -1e-06, -0.368128, 0.929775, -0.0, 0.0, 0.0, 0.0, 1.0],
                [1.0, 1e-06, 2e-06, -0.0, -1e-06, 0.935799, 0.352535, 0.37472, -1e-06, -0.352535, 0.935799, -0.0, 0.0, 0.0, 0.0, 1.0],
                [1.0, 1e-06, 2e-06, 0.0, -1e-06, 0.942283, 0.334818, 0.37472, -1e-06, -0.334818, 0.942283, 0.0, 0.0, 0.0, 0.0, 1.0],
                [1.0, 1e-06, 2e-06, 0.0, -1e-06, 0.948283, 0.317427, 0.37472, -1e-06, -0.317427, 0.948283, 0.0, 0.0, 0.0, 0.0, 1.0],
                [1.0, 1e-06, 2e-06, -0.0, -1e-06, 0.953074, 0.302737, 0.37472, -1e-06, -0.302737, 0.953074, -0.0, 0.0, 0.0, 0.0, 1.0],
                [1.0, 1e-06, 2e-06, 0.0, -1e-06, 0.956224, 0.292635, 0.37472, -1e-06, -0.292635, 0.956224, 0.0, 0.0, 0.0, 0.0, 1.0],
                [1.0, 1e-06, 2e-06, -0.0, -1e-06, 0.956504, 0.291718, 0.37472, -1e-06, -0.291718, 0.956504, -0.0, 0.0, 0.0, 0.0, 1.0],
                [1.0, 1e-06, 2e-06, -0.0, -1e-06, 0.954024, 0.299729, 0.374721, -1e-06, -0.299729, 0.954024, 0.0, 0.0, 0.0, 0.0, 1.0],
                [1.0, 1e-06, 2e-06, 0.0, -1e-06, 0.944615, 0.328179, 0.37472, -1e-06, -0.328179, 0.944615, 0.0, 0.0, 0.0, 0.0, 1.0],
                [1.0, 1e-06, 2e-06, -0.0, -1e-06, 0.937847, 0.347049, 0.374721, -1e-06, -0.347049, 0.937847, -0.0, 0.0, 0.0, 0.0, 1.0],
                [1.0, 1e-06, 2e-06, 0.0, -1e-06, 0.920754, 0.390144, 0.374721, -1e-06, -0.390144, 0.920754, -0.0, 0.0, 0.0, 0.0, 1.0],
                [1.0, 1e-06, 2e-06, 0.0, -1e-06, 0.910811, 0.412825, 0.374719, -1e-06, -0.412825, 0.91081, 0.0, 0.0, 0.0, 0.0, 1.0],
                [1.0, 1e-06, 2e-06, 0.0, -1e-06, 0.889588, 0.456764, 0.37472, -1e-06, -0.456764, 0.889588, -0.0, 0.0, 0.0, 0.0, 1.0],
                [1.0, 1e-06, 2e-06, -0.0, -1e-06, 0.879097, 0.476643, 0.374721, -1e-06, -0.476643, 0.879097, 0.0, 0.0, 0.0, 0.0, 1.0],
                [1.0, 1e-06, 2e-06, 0.0, -1e-06, 0.860088, 0.510146, 0.37472, -1e-06, -0.510146, 0.860088, -0.0, 0.0, 0.0, 0.0, 1.0],
                [1.0, 1e-06, 2e-06, -0.0, -1e-06, 0.851676, 0.524067, 0.37472, -1e-06, -0.524067, 0.851677, -0.0, 0.0, 0.0, 0.0, 1.0],
                [1.0, 0.0, 2e-06, -0.0, -1e-06, 0.836953, 0.547274, 0.37472, -1e-06, -0.547274, 0.836953, -0.0, 0.0, 0.0, 0.0, 1.0],
                [1.0, 0.0, 2e-06, 0.0, -1e-06, 0.830552, 0.556942, 0.374721, -1e-06, -0.556942, 0.830552, 0.0, 0.0, 0.0, 0.0, 1.0],
                [1.0, 0.0, 2e-06, 0.0, -1e-06, 0.819347, 0.573298, 0.37472, -1e-06, -0.573298, 0.819347, 0.0, 0.0, 0.0, 0.0, 1.0],
                [1.0, 0.0, 2e-06, -0.0, -1e-06, 0.814385, 0.580325, 0.37472, -1e-06, -0.580325, 0.814385, -0.0, 0.0, 0.0, 0.0, 1.0],
                [1.0, 0.0, 2e-06, 0.0, -1e-06, 0.805292, 0.592879, 0.37472, -1e-06, -0.592879, 0.805292, 0.0, 0.0, 0.0, 0.0, 1.0],
                [1.0, 0.0, 2e-06, 0.0, -1e-06, 0.800962, 0.598715, 0.37472, -1e-06, -0.598715, 0.800962, -0.0, 0.0, 0.0, 0.0, 1.0],
                [1.0, 0.0, 2e-06, -0.0, -1e-06, 0.792155, 0.61032, 0.37472, -1e-06, -0.61032, 0.792155, -0.0, 0.0, 0.0, 0.0, 1.0],
                [1.0, 0.0, 2e-06, -0.0, -1e-06, 0.787105, 0.616818, 0.374721, -1e-06, -0.616818, 0.787106, 0.0, 0.0, 0.0, 0.0, 1.0],
                [1.0, 0.0, 2e-06, -0.0, -1e-06, 0.773341, 0.633991, 0.37472, -1e-06, -0.633991, 0.773341, 0.0, 0.0, 0.0, 0.0, 1.0],
                [1.0, 0.0, 2e-06, 0.0, -1e-06, 0.763556, 0.645742, 0.37472, -1e-06, -0.645742, 0.763556, -0.0, 0.0, 0.0, 0.0, 1.0],
                [1.0, 0.0, 2e-06, 0.0, -1e-06, 0.735073, 0.677988, 0.374721, -1e-06, -0.677988, 0.735073, 0.0, 0.0, 0.0, 0.0, 1.0],
                [1.0, 0.0, 2e-06, 0.0, -1e-06, 0.714869, 0.699258, 0.37472, -1e-06, -0.699258, 0.714869, -0.0, 0.0, 0.0, 0.0, 1.0],
                [1.0, -0.0, 2e-06, -0.0, -1e-06, 0.65781, 0.753184, 0.37472, -1e-06, -0.753184, 0.65781, 0.0, 0.0, 0.0, 0.0, 1.0],
                [1.0, -0.0, 2e-06, 0.0, -1e-06, 0.619024, 0.785372, 0.37472, -1e-06, -0.785373, 0.619024, -0.0, 0.0, 0.0, 0.0, 1.0],
                [1.0, -0.0, 2e-06, 0.0, -1e-06, 0.524554, 0.851377, 0.37472, -1e-06, -0.851377, 0.524554, -0.0, 0.0, 0.0, 0.0, 1.0],
                [1.0, -0.0, 2e-06, -0.0, -1e-06, 0.472737, 0.881204, 0.37472, -1e-06, -0.881204, 0.472737, -1e-06, 0.0, 0.0, 0.0, 1.0],
                [1.0, -1e-06, 2e-06, -0.0, -1e-06, 0.372474, 0.928043, 0.37472, -1e-06, -0.928043, 0.372474, -0.0, 0.0, 0.0, 0.0, 1.0],
                [1.0, -1e-06, 2e-06, 0.0, -1e-06, 0.329732, 0.944075, 0.37472, -1e-06, -0.944075, 0.329732, -0.0, 0.0, 0.0, 0.0, 1.0],
                [1.0, -1e-06, 2e-06, 0.0, -1e-06, 0.273469, 0.961881, 0.37472, -1e-06, -0.961881, 0.273469, -0.0, 0.0, 0.0, 0.0, 1.0],
                [1.0, -1e-06, 2e-06, 0.0, -1e-06, 0.265454, 0.964123, 0.37472, -1e-06, -0.964123, 0.265454, -0.0, 0.0, 0.0, 0.0, 1.0],
                [1.0, -1e-06, 2e-06, -0.0, -2e-06, 0.27095, 0.962594, 0.37472, -1e-06, -0.962593, 0.27095, -0.0, 0.0, 0.0, 0.0, 1.0],
                [1.0, -1e-06, 2e-06, 0.0, -1e-06, 0.278914, 0.960316, 0.37472, -1e-06, -0.960316, 0.278913, -0.0, 0.0, 0.0, 0.0, 1.0],
                [1.0, -1e-06, 2e-06, -0.0, -1e-06, 0.308918, 0.951089, 0.37472, -1e-06, -0.951089, 0.308918, -0.0, 0.0, 0.0, 0.0, 1.0],
                [1.0, -1e-06, 2e-06, -0.0, -1e-06, 0.332397, 0.94314, 0.37472, -1e-06, -0.94314, 0.332397, -0.0, 0.0, 0.0, 0.0, 1.0],
                [1.0, -1e-06, 2e-06, 0.0, -1e-06, 0.399645, 0.91667, 0.37472, -1e-06, -0.91667, 0.399645, 0.0, 0.0, 0.0, 0.0, 1.0],
                [1.0, -1e-06, 2e-06, -0.0, -1e-06, 0.444477, 0.89579, 0.374721, -1e-06, -0.89579, 0.444477, 0.0, 0.0, 0.0, 0.0, 1.0],
                [1.0, -0.0, 2e-06, -0.0, -1e-06, 0.557097, 0.830447, 0.37472, -1e-06, -0.830447, 0.557097, 1e-06, 0.0, 0.0, 0.0, 1.0],
                [1.0, -0.0, 2e-06, 0.0, -1e-06, 0.621727, 0.783234, 0.37472, -1e-06, -0.783235, 0.621727, 0.0, 0.0, 0.0, 0.0, 1.0],
                [1.0, 0.0, 2e-06, 1e-06, -1e-06, 0.752074, 0.659078, 0.37472, -1e-06, -0.659078, 0.752074, -0.0, 0.0, 0.0, 0.0, 1.0],
                [1.0, 0.0, 2e-06, 0.0, -1e-06, 0.811535, 0.584304, 0.37472, -1e-06, -0.584304, 0.811535, 0.0, 0.0, 0.0, 0.0, 1.0],
                [1.0, 1e-06, 2e-06, 1e-06, -1e-06, 0.907164, 0.420777, 0.37472, -1e-06, -0.420777, 0.907164, 0.0, 0.0, 0.0, 0.0, 1.0],
                [1.0, 1e-06, 2e-06, 0.0, -1e-06, 0.941086, 0.338169, 0.37472, -1e-06, -0.338168, 0.941086, 0.0, 0.0, 0.0, 0.0, 1.0],
