{
    "armature": {
        "joints": ["Root", "Thigh_R", "Leg_R", "Knee_R", "Thigh_L", "Leg_L", "Knee_L", "Torso", "Chest", "Head", "Shoulder_R", "Arm_R", "Hand_R", "Tool_R", "Elbow_R", "Shoulder_L", "Arm_L", "Hand_L", "Tool_L", "Elbow_L"],
        "hierarchy": [
            {
                "name": "Root",
                "transform": [1.0, 0.0, 0.0, -5e-06, 0.0, 0.0, -1.0, 0.000946, 0.0, 1.0, 0.0, 0.763972, 0.0, 0.0, 0.0, 1.0],
                "children": [
                    {
                        "name": "Thigh_R",
                        "transform": [1.0, -1e-06, -0.0, 0.124994, -1e-06, -1.0, 1e-06, -0.002831, -0.0, -1e-06, -1.0, -1.2e-05, 0.0, 0.0, 0.0, 1.0],
                        "children": [
                            {
                                "name": "Leg_R",
                                "transform": [1.0, 1e-06, 1e-06, -0.0, -1e-06, 1.0, 1e-06, 0.37472, -1e-06, -1e-06, 1.0, -0.0, 0.0, 0.0, 0.0, 1.0],
                                "children": []
                            },
                            {
                                "name": "Knee_R",
                                "transform": [1.0, 0.0, -1e-06, -0.0, -1e-06, 1e-06, -1.0, 0.37472, -0.0, 1.0, 1e-06, -0.0, 0.0, 0.0, 0.0, 1.0],
                                "children": []
                            }
                        ]
                    },
                    {
                        "name": "Thigh_L",
                        "transform": [1.0, -1e-06, -0.0, -0.125006, -1e-06, -1.0, 1e-06, -0.002831, -0.0, -1e-06, -1.0, -1.2e-05, 0.0, 0.0, 0.0, 1.0],
                        "children": [
                            {
                                "name": "Leg_L",
                                "transform": [1.0, 1e-06, 1e-06, 0.0, -1e-06, 1.0, 1e-06, 0.37472, -1e-06, -1e-06, 1.0, -0.0, 0.0, 0.0, 0.0, 1.0],
                                "children": []
                            },
                            {
                                "name": "Knee_L",
                                "transform": [1.0, 0.0, -1e-06, 0.0, -1e-06, 1e-06, -1.0, 0.37472, -0.0, 1.0, 1e-06, -0.0, 0.0, 0.0, 0.0, 1.0],
                                "children": []
                            }
                        ]
                    },
                    {
                        "name": "Torso",
                        "transform": [1.0, 0.0, 0.0, 0.0, 0.0, 1.0, 0.0, 0.05, 0.0, 0.0, 1.0, 0.0, 0.0, 0.0, 0.0, 1.0],
                        "children": [
                            {
                                "name": "Chest",
                                "transform": [1.0, 0.0, -0.0, 0.0, -0.0, 1.0, 0.0, 0.3, 0.0, -0.0, 1.0, 0.0, 0.0, 0.0, 0.0, 1.0],
                                "children": [
                                    {
                                        "name": "Head",
                                        "transform": [1.0, -0.0, 0.0, -0.0, 0.0, 1.0, -0.0, 0.4, -0.0, 0.0, 1.0, 0.0, 0.0, 0.0, 0.0, 1.0],
                                        "children": []
                                    },
                                    {
                                        "name": "Shoulder_R",
                                        "transform": [0.0, 0.952114, 0.305742, -0.0, -1e-06, -0.305742, 0.952114, 0.4, 1.0, -0.0, 1e-06, 0.0, 0.0, 0.0, 0.0, 1.0],
                                        "children": [
                                            {
                                                "name": "Arm_R",
                                                "transform": [0.0, 1e-06, -1.0, 0.0, 0.952114, 0.305742, 0.0, 0.39386, 0.305742, -0.952114, -1e-06, -0.0, 0.0, 0.0, 0.0, 1.0],
                                                "children": [
                                                    {
                                                        "name": "Hand_R",
                                                        "transform": [1.0, 0.0, 0.0, -0.0, -0.0, 0.993937, 0.109947, 0.3, -0.0, -0.109947, 0.993937, -0.0, 0.0, 0.0, 0.0, 1.0],
                                                        "children": [
                                                            {
                                                                "name": "Tool_R",
                                                                "transform": [1.0, 0.0, 0.0, 0.0, 0.0, -0.999836, 0.018122, 0.272859, 0.0, -0.018122, -0.999231, 0.0, 0.0, 0.0, 0.0, 1.0],
                                                                "children": []
                                                            }
                                                        ]
                                                    },
                                                    {
                                                        "name": "Elbow_R",
                                                        "transform": [-1.0, 0.0, -0.0, 0.0, 0.0, -0.0, -1.0, 0.3, -0.0, -1.0, 0.0, -0.0, 0.0, 0.0, 0.0, 1.0],
                                                        "children": []
                                                    }
                                                ]
                                            }
                                        ]
                                    },
                                    {
                                        "name": "Shoulder_L",
                                        "transform": [-1e-06, -0.952114, -0.305742, 0.0, 2e-06, -0.305742, 0.952114, 0.4, -1.0, 0.0, 2e-06, 0.0, 0.0, 0.0, 0.0, 1.0],
                                        "children": [
                                            {
                                                "name": "Arm_L",
                                                "transform": [-1e-06, -2e-06, 1.0, -0.0, -0.952115, 0.305742, -0.0, 0.39386, -0.305742, -0.952115, -2e-06, -0.0, 0.0, 0.0, 0.0, 1.0],
                                                "children": [
                                                    {
                                                        "name": "Hand_L",
                                                        "transform": [1.0, 0.0, 0.0, 0.0, -0.0, 0.993937, 0.109947, 0.3, -0.0, -0.109947, 0.993937, 0.0, 0.0, 0.0, 0.0, 1.0],
                                                        "children": [
                                                            {
                                                                "name": "Tool_L",
                                                                "transform": [1.0, 0.0, 0.0, -0.0, 0.0, -0.999836, 0.018122, 0.272858, 0.0, -0.018122, -0.999231, -0.0, 0.0, 0.0, 0.0, 1.0],
                                                                "children": []
                                                            }
                                                        ]
                                                    },
                                                    {
                                                        "name": "Elbow_L",
                                                        "transform": [-1.0, 0.0, -0.0, 0.0, 0.0, 0.0, -1.0, 0.3, -0.0, -1.0, 0.0, 0.0, 0.0, 0.0, 0.0, 1.0],
                                                        "children": []
                                                    }
                                                ]
                                            }
                                        ]
                                    }
                                ]
                            }
                        ]
                    }
                ]
            }
        ]
    },
    "animation": [
        {
            "name": "Root",
            "time": [0.0, 0.0417, 0.125, 0.1667, 0.25, 0.2917, 0.375, 0.4583, 0.5, 0.5417, 0.5833, 0.625, 0.6667, 0.7083, 0.75, 0.7917, 0.8333, 0.875, 0.9167, 0.9583, 1.0, 1.0417, 1.125, 1.1667, 1.25, 1.2917, 1.375, 1.4167, 1.5, 1.5417, 1.625, 1.6667, 1.75, 1.7917, 1.875, 1.9167, 2.0, 2.0417, 2.125, 2.1667, 2.25, 2.2917, 2.375, 2.4167, 2.5, 2.5417, 2.625, 2.6667, 2.75, 2.7917, 2.875, 2.9167, 3.0, 3.0417, 3.125, 3.1667, 3.25, 3.2917, 3.375, 3.4167, 3.5, 3.5417, 3.625, 3.6667, 3.75, 3.7917, 3.875, 3.9167],
            "transform": [
                [1.0, 0.0, 0.0, -2.6e-05, 0.0, 0.26484, -0.964292, -0.00172, 0.0, 0.964292, 0.26484, 0.754106, 0.0, 0.0, 0.0, 1.0],
                [1.0, 0.0, 0.0, -2.6e-05, 0.0, 0.26484, -0.964292, -0.00172, 0.0, 0.964292, 0.26484, 0.754106, 0.0, 0.0, 0.0, 1.0],
                [1.0, 0.0, 0.0, -2.6e-05, 0.0, 0.438577, -0.898694, 0.385149, 0.0, 0.898694, 0.438577, 0.852507, 0.0, 0.0, 0.0, 1.0],
                [1.0, 0.0, 0.0, -2.6e-05, 0.0, 0.605249, -0.796037, 0.798013, 0.0, 0.796037, 0.605249, 0.935738, 0.0, 0.0, 0.0, 1.0],
                [1.0, 0.0, 0.0, -2.6e-05, 0.0, 0.888647, -0.458592, 1.827285, 0.0, 0.458592, 0.888647, 1.036913, 0.0, 0.0, 0.0, 1.0],
                [1.0, 0.0, 0.0, -2.6e-05, 0.0, 0.956086, -0.293086, 2.354026, 0.0, 0.293086, 0.956086, 0.942226, 0.0, 0.0, 0.0, 1.0],
                [1.0, 0.0, 0.0, -2.6e-05, 0.0, 0.997478, -0.070972, 3.299509, 0.0, 0.070972, 0.997478, 0.440382, 0.0, 0.0, 0.0, 1.0],
                [1.0, 0.0, 0.0, -2.6e-05, 0.0, 1.0, 0.0, 3.975883, 0.0, -0.0, 1.0, 0.114916, 0.0, 0.0, 0.0, 1.0],
                [1.0, 0.0, 0.0, -2.6e-05, 0.0, 1.0, 0.0, 4.175193, 0.0, -0.0, 1.0, 0.130372, 0.0, 0.0, 0.0, 1.0],
                [1.0, 0.0, 0.0, -2.6e-05, 0.0, 1.0, 0.0, 4.303793, 0.0, -0.0, 1.0, 0.164377, 0.0, 0.0, 0.0, 1.0],
                [1.0, 0.0, 0.0, -2.6e-05, 0.0, 1.0, 0.0, 4.395625, 0.0, -0.0, 1.0, 0.198382, 0.0, 0.0, 0.0, 1.0],
                [1.0, 0.0, 0.0, -2.6e-05, 0.0, 1.0, 0.0, 4.484626, 0.0, -0.0, 1.0, 0.213838, 0.0, 0.0, 0.0, 1.0],
                [1.0, 0.0, 0.0, -2.6e-05, 0.0, 1.0, 0.0, 4.595686, 0.0, -0.0, 1.0, 0.20355, 0.0, 0.0, 0.0, 1.0],
                [1.0, 0.0, 0.0, -2.6e-05, 0.0, 1.0, 0.0, 4.7175, 0.0, -0.0, 1.0, 0.179017, 0.0, 0.0, 0.0, 1.0],
                [1.0, 0.0, 0.0, -2.6e-05, 0.0, 1.0, 0.0, 4.829711, 0.0, -0.0, 1.0, 0.149736, 0.0, 0.0, 0.0, 1.0],
                [1.0, 0.0, 0.0, -2.6e-05, 0.0, 1.0, 0.0, 4.911966, 0.0, -0.0, 1.0, 0.125204, 0.0, 0.0, 0.0, 1.0],
                [1.0, 0.0, 0.0, -2.6e-05, 0.0, 1.0, 0.0, 4.943908, 0.0, -0.0, 1.0, 0.114916, 0.0, 0.0, 0.0, 1.0],
                [1.0, 0.0, 0.0, -2.6e-05, 0.0, 1.0, -8e-05, 4.943908, 0.0, 8e-05, 1.0, 0.11496, 0.0, 0.0, 0.0, 1.0],
                [1.0, 0.0, 0.0, -2.6e-05, 0.0, 1.0, -0.000386, 4.943908, 0.0, 0.000386, 1.0, 0.115129, 0.0, 0.0, 0.0, 1.0],
                [1.0, 0.0, 0.0, -2.6e-05, 0.0, 1.0, -0.001016, 4.943908, 0.0, 0.001016, 1.0, 0.115475, 0.0, 0.0, 0.0, 1.0],
                [1.0, 0.0, 0.0, -2.6e-05, 0.0, 0.999998, -0.002061, 4.943908, 0.0, 0.002061, 0.999998, 0.116051, 0.0, 0.0, 0.0, 1.0],
                [1.0, 0.0, 0.0, -2.6e-05, 0.0, 0.999993, -0.00359, 4.943908, 0.0, 0.00359, 0.999993, 0.116894, 0.0, 0.0, 0.0, 1.0],
                [1.0, 0.0, 0.0, -2.6e-05, 0.0, 0.999965, -0.008351, 4.943909, 0.0, 0.008351, 0.999965, 0.119515, 0.0, 0.0, 0.0, 1.0],
                [1.0, 0.0, 0.0, -2.6e-05, 0.0, 0.999932, -0.011709, 4.943908, 0.0, 0.011709, 0.999932, 0.121364, 0.0, 0.0, 0.0, 1.0],
                [1.0, 0.0, 0.0, -2.6e-05, 0.0, 0.999786, -0.020693, 4.943911, 0.0, 0.020693, 0.999786, 0.126306, 0.0, 0.0, 0.0, 1.0],
                [1.0, 0.0, 0.0, -2.6e-05, 0.0, 0.999651, -0.026447, 4.943912, 0.0, 0.026447, 0.999651, 0.12947, 0.0, 0.0, 0.0, 1.0],
                [1.0, 0.0, 0.0, -2.6e-05, 0.0, 0.999168, -0.040795, 4.943917, 0.0, 0.040795, 0.999168, 0.137352, 0.0, 0.0, 0.0, 1.0],
                [1.0, 0.0, 0.0, -2.6e-05, 0.0, 0.998773, -0.049515, 4.943922, 0.0, 0.049515, 0.998773, 0.14214, 0.0, 0.0, 0.0, 1.0],
                [1.0, 0.0, 0.0, -2.6e-05, 0.0, 0.997522, -0.070364, 4.943935, 0.0, 0.070364, 0.997522, 0.15358, 0.0, 0.0, 0.0, 1.0],
                [1.0, 0.0, 0.0, -2.6e-05, 0.0, 0.996582, -0.082616, 4.943944, 0.0, 0.082616, 0.996582, 0.160301, 0.0, 0.0, 0.0, 1.0],
                [1.0, 0.0, 0.0, -2.6e-05, 0.0, 0.993812, -0.111072, 4.943974, 0.0, 0.111072, 0.993812, 0.175918, 0.0, 0.0, 0.0, 1.0],
                [1.0, 0.0, 0.0, -2.6e-05, 0.0, 0.991853, -0.127389, 4.943995, 0.0, 0.127389, 0.991853, 0.184883, 0.0, 0.0, 0.0, 1.0],
                [1.0, 0.0, 0.0, -2.6e-05, 0.0, 0.98645, -0.164061, 4.944051, 0.0, 0.164061, 0.98645, 0.20508, 0.0, 0.0, 0.0, 1.0],
                [1.0, 0.0, 0.0, -2.6e-05, 0.0, 0.982933, -0.183966, 4.944088, 0.0, 0.183966, 0.982933, 0.216083, 0.0, 0.0, 0.0, 1.0],
                [1.0, 0.0, 0.0, -2.6e-05, 0.0, 0.974209, -0.225649, 4.944179, 0.0, 0.225649, 0.974209, 0.239255, 0.0, 0.0, 0.0, 1.0],
                [1.0, 0.0, 0.0, -2.6e-05, 0.0, 0.969034, -0.246926, 4.944233, 0.0, 0.246926, 0.969034, 0.251168, 0.0, 0.0, 0.0, 1.0],
                [1.0, 0.0, 0.0, -2.6e-05, 0.0, 0.957297, -0.289106, 4.944355, 0.0, 0.289106, 0.957297, 0.275007, 0.0, 0.0, 0.0, 1.0],
                [1.0, 0.0, 0.0, -2.6e-05, 0.0, 0.950889, -0.309532, 4.944421, 0.0, 0.309532, 0.950889, 0.286676, 0.0, 0.0, 0.0, 1.0],
                [1.0, 0.0, 0.0, -2.6e-05, 0.0, 0.937524, -0.34792, 4.944559, 0.0, 0.34792, 0.937524, 0.308869, 0.0, 0.0, 0.0, 1.0],
                [1.0, 0.0, 0.0, -2.6e-05, 0.0, 0.93083, -0.365453, 4.944628, 0.0, 0.365453, 0.93083, 0.319136, 0.0, 0.0, 0.0, 1.0],
                [1.0, 0.0, 0.0, -2.6e-05, 0.0, 0.918165, -0.396198, 4.944759, 0.0, 0.396198, 0.918165, 0.337366, 0.0, 0.0, 0.0, 1.0],
                [1.0, 0.0, 0.0, -2.6e-05, 0.0, 0.912518, -0.409036, 4.944817, 0.0, 0.409036, 0.912518, 0.345072, 0.0, 0.0, 0.0, 1.0],
                [1.0, 0.0, 0.0, -2.6e-05, 0.0, 0.903427, -0.428741, 4.944911, 0.0, 0.428741, 0.903427, 0.35702, 0.0, 0.0, 0.0, 1.0],
                [1.0, 0.0, 0.0, -2.6e-05, 0.0, 0.900307, -0.435256, 4.944943, 0.0, 0.435256, 0.900307, 0.361003, 0.0, 0.0, 0.0, 1.0],
                [1.0, 0.0, 0.0, -2.6e-05, 0.0, 0.897655, -0.440699, 4.944971, 0.0, 0.440699, 0.897655, 0.364345, 0.0, 0.0, 0.0, 1.0],
                [1.0, 0.0, 0.0, -2.6e-05, 0.0, 0.897655, -0.440699, 4.944971, 0.0, 0.440699, 0.897655, 0.364345, 0.0, 0.0, 0.0, 1.0],
                [1.0, 0.0, 0.0, -2.6e-05, 0.0, 0.897655, -0.440699, 4.944971, 0.0, 0.440699, 0.897655, 0.364345, 0.0, 0.0, 0.0, 1.0],
                [1.0, 0.0, 0.0, -2.6e-05, 0.0, 0.897655, -0.440699, 4.944971, 0.0, 0.440699, 0.897655, 0.364345, 0.0, 0.0, 0.0, 1.0],
                [1.0, 0.0, 0.0, -2.6e-05, 0.0, 0.890216, -0.455539, 4.945047, 0.0, 0.455539, 0.890216, 0.366318, 0.0, 0.0, 0.0, 1.0],
                [1.0, 0.0, 0.0, -2.6e-05, 0.0, 0.868231, -0.496161, 4.945273, 0.0, 0.496161, 0.868231, 0.371776, 0.0, 0.0, 0.0, 1.0],
                [1.0, 0.0, 0.0, -2.6e-05, 0.0, 0.778086, -0.628158, 4.9462, 0.0, 0.628158, 0.778086, 0.390422, 0.0, 0.0, 0.0, 1.0],
                [1.0, 0.0, 0.0, -2.6e-05, 0.0, 0.709686, -0.704518, 4.946902, 0.0, 0.704518, 0.709686, 0.402263, 0.0, 0.0, 0.0, 1.0],
                [1.0, 0.0, 0.0, -2.6e-05, 0.0, 0.540061, -0.841626, 4.948641, 0.0, 0.841626, 0.540061, 0.427607, 0.0, 0.0, 0.0, 1.0],
                [1.0, 0.0, 0.0, -2.6e-05, 0.0, 0.451056, -0.892495, 4.949553, 0.0, 0.892495, 0.451056, 0.43971, 0.0, 0.0, 0.0, 1.0],
                [1.0, 0.0, 0.0, -2.6e-05, 0.0, 0.303094, -0.952961, 4.951067, 0.0, 0.952961, 0.303094, 0.459089, 0.0, 0.0, 0.0, 1.0],
                [1.0, 0.0, 0.0, -2.6e-05, 0.0, 0.258765, -0.96594, 4.951521, 0.0, 0.96594, 0.258765, 0.46483, 0.0, 0.0, 0.0, 1.0],
                [1.0, 0.0, 0.0, -2.6e-05, 0.0, 0.242695, -0.970103, 4.951685, 0.0, 0.970103, 0.242695, 0.466913, 0.0, 0.0, 0.0, 1.0],
                [1.0, 0.0, 0.0, -2.6e-05, 0.0, 0.242695, -0.970103, 4.951685, 0.0, 0.970103, 0.242695, 0.466913, 0.0, 0.0, 0.0, 1.0],
                [1.0, 0.0, 0.0, -2.6e-05, 0.0, 0.242695, -0.970103, 4.951685, 0.0, 0.970103, 0.242695, 0.466913, 0.0, 0.0, 0.0, 1.0],
                [0.999987, -0.005035, -0.0, 2.5e-05, 0.001222, 0.242696, -0.970101, 4.951685, 0.004885, 0.970089, 0.242699, 0.467085, 0.0, 0.0, 0.0, 1.0],
                [0.99963, -0.027189, -0.0, 0.000252, 0.006599, 0.242618, -0.970099, 4.951686, 0.026376, 0.969741, 0.242708, 0.471575, 0.0, 0.0, 0.0, 1.0],
                [0.999481, -0.032222, -0.0, 0.000303, 0.00782, 0.242569, -0.970103, 4.951687, 0.031259, 0.969599, 0.242695, 0.477962, 0.0, 0.0, 0.0, 1.0],
                [0.999583, -0.02889, 0.000368, 0.000269, 0.006654, 0.217802, -0.97597, 4.986234, 0.028116, 0.975565, 0.217903, 0.517218, 0.0, 0.0, 0.0, 1.0],
                [0.99968, -0.025287, 0.000669, 0.000232, 0.005488, 0.19096, -0.981582, 5.023439, 0.024694, 0.981272, 0.191038, 0.549657, 0.0, 0.0, 0.0, 1.0],
                [0.99987, -0.016113, 0.000989, 0.000138, 0.002951, 0.122203, -0.992501, 5.117789, 0.015871, 0.992374, 0.122235, 0.626134, 0.0, 0.0, 0.0, 1.0],
                [0.999935, -0.011327, 0.000902, 8.9e-05, 0.001874, 0.086101, -0.996284, 5.16696, 0.011208, 0.996222, 0.086117, 0.664555, 0.0, 0.0, 0.0, 1.0],
                [0.999994, -0.003334, 0.000368, 8e-06, 0.000452, 0.025435, -0.999676, 5.249355, 0.003323, 0.999671, 0.025437, 0.727692, 0.0, 0.0, 0.0, 1.0],
                [0.999999, -0.000896, 0.000107, -1.7e-05, 0.000113, 0.006845, -0.999977, 5.274606, 0.000895, 0.999976, 0.006845, 0.746767, 0.0, 0.0, 0.0, 1.0]
            ]
        },
        {
            "name": "Thigh_R",
            "time": [0.0, 0.0417, 0.125, 0.1667, 0.25, 0.2917, 0.375, 0.4583, 0.5, 0.5417, 0.5833, 0.625, 0.6667, 0.7083, 0.75, 0.7917, 0.8333, 0.875, 0.9167, 0.9583, 1.0, 1.0417, 1.125, 1.1667, 1.25, 1.2917, 1.375, 1.4167, 1.5, 1.5417, 1.625, 1.6667, 1.75, 1.7917, 1.875, 1.9167, 2.0, 2.0417, 2.125, 2.1667, 2.25, 2.2917, 2.375, 2.4167, 2.5, 2.5417, 2.625, 2.6667, 2.75, 2.7917, 2.875, 2.9167, 3.0, 3.0417, 3.125, 3.1667, 3.25, 3.2917, 3.375, 3.4167, 3.5, 3.5417, 3.625, 3.6667, 3.75, 3.7917, 3.875, 3.9167],
            "transform": [
                [1.0, -1e-06, -1e-06, 0.124993, -1e-06, -1.0, 1e-06, -0.00282, -1e-06, -1e-06, -1.0, -0.000355, 0.0, 0.0, 0.0, 1.0],
                [1.0, -1e-06, -1e-06, 0.124993, -1e-06, -1.0, 1e-06, -0.00282, -1e-06, -1e-06, -1.0, -0.000355, 0.0, 0.0, 0.0, 1.0],
                [0.998618, 0.047501, 0.022479, 0.12548, 0.048216, -0.998311, -0.032412, -0.002805, 0.020901, 0.033451, -0.999222, -1.4e-05, 0.0, 0.0, 0.0, 1.0],
                [0.995318, 0.086549, 0.043015, 0.12588, 0.089399, -0.993571, -0.069462, -0.002759, 0.036727, 0.072983, -0.996657, 0.00039, 0.0, 0.0, 0.0, 1.0],
                [0.988853, 0.129412, 0.073633, 0.126319, 0.140678, -0.974047, -0.177317, -0.002565, 0.048775, 0.185699, -0.981395, 0.001542, 0.0, 0.0, 0.0, 1.0],
                [0.990388, 0.117903, 0.072316, 0.126202, 0.132229, -0.960465, -0.244995, -0.002429, 0.040572, 0.252203, -0.966824, 0.002223, 0.0, 0.0, 0.0, 1.0],
                [0.996658, 0.068127, 0.04508, 0.125692, 0.080011, -0.925427, -0.370381, -0.002074, 0.016485, 0.372751, -0.927785, 0.003457, 0.0, 0.0, 0.0, 1.0],
                [0.999051, 0.039411, 0.018542, 0.125397, 0.043555, -0.903993, -0.425322, -0.001857, -0.0, 0.425726, -0.904852, 0.003999, 0.0, 0.0, 0.0, 1.0],
                [0.999071, 0.040769, 0.013999, 0.125411, 0.043022, -0.922906, -0.382614, -0.002049, -0.002679, 0.382861, -0.923802, 0.003561, 0.0, 0.0, 0.0, 1.0],
                [0.999063, 0.042092, 0.010033, 0.125424, 0.043204, -0.957439, -0.285383, -0.002398, -0.002406, 0.285549, -0.958361, 0.002564, 0.0, 0.0, 0.0, 1.0],
                [0.999054, 0.042886, 0.007161, 0.125432, 0.04347, -0.981761, -0.185082, -0.002642, -0.000907, 0.185218, -0.982697, 0.001538, 0.0, 0.0, 0.0, 1.0],
                [0.999051, 0.043132, 0.006056, 0.125435, 0.043555, -0.989346, -0.138915, -0.002718, -0.0, 0.139047, -0.990286, 0.001066, 0.0, 0.0, 0.0, 1.0],
                [0.999051, 0.043128, 0.006082, 0.125434, 0.043555, -0.989261, -0.139517, -0.002717, -0.0, 0.139649, -0.990201, 0.001072, 0.0, 0.0, 0.0, 1.0],
                [0.999051, 0.04312, 0.006144, 0.125434, 0.043555, -0.989058, -0.140951, -0.002715, -0.0, 0.141085, -0.989997, 0.001087, 0.0, 0.0, 0.0, 1.0],
                [0.999051, 0.043109, 0.006219, 0.125434, 0.043555, -0.988813, -0.142663, -0.002712, -0.0, 0.142798, -0.989752, 0.001104, 0.0, 0.0, 0.0, 1.0],
                [0.999051, 0.0431, 0.006282, 0.125434, 0.043555, -0.988605, -0.144096, -0.00271, -0.0, 0.144233, -0.989544, 0.001119, 0.0, 0.0, 0.0, 1.0],
                [0.999051, 0.043096, 0.006308, 0.125434, 0.043555, -0.988517, -0.144697, -0.002709, -0.0, 0.144835, -0.989456, 0.001125, 0.0, 0.0, 0.0, 1.0],
                [0.999051, 0.043185, 0.005668, 0.125435, 0.043555, -0.990553, -0.130032, -0.002729, -0.0, 0.130155, -0.991494, 0.000975, 0.0, 0.0, 0.0, 1.0],
                [0.999051, 0.04335, 0.004227, 0.125437, 0.043555, -0.994335, -0.096963, -0.002767, -1e-06, 0.097056, -0.995279, 0.000637, 0.0, 0.0, 0.0, 1.0],
                [0.999051, 0.043471, 0.002702, 0.125438, 0.043555, -0.997126, -0.061996, -0.002794, -1e-06, 0.062055, -0.998073, 0.000279, 0.0, 0.0, 0.0, 1.0],
                [0.999051, 0.04353, 0.001477, 0.125438, 0.043555, -0.998476, -0.033888, -0.002807, -1e-06, 0.03392, -0.999425, -9e-06, 0.0, 0.0, 0.0, 1.0],
                [0.999051, 0.043553, 0.000438, 0.125439, 0.043556, -0.999, -0.010056, -0.00281, -1e-06, 0.010066, -0.999949, -0.000253, 0.0, 0.0, 0.0, 1.0],
                [0.999051, 0.043542, -0.001148, 0.125438, 0.043557, -0.998704, 0.026326, -0.002806, -1e-06, -0.026351, -0.999653, -0.000625, 0.0, 0.0, 0.0, 1.0],
                [0.999051, 0.043523, -0.001731, 0.125438, 0.043558, -0.998262, 0.039689, -0.002803, -1e-06, -0.039727, -0.999211, -0.000762, 0.0, 0.0, 0.0, 1.0],
                [0.999051, 0.043484, -0.002566, 0.125438, 0.043559, -0.997317, 0.058835, -0.00279, -1e-06, -0.058891, -0.998264, -0.000957, 0.0, 0.0, 0.0, 1.0],
                [0.999051, 0.043467, -0.002854, 0.125438, 0.04356, -0.996905, 0.065449, -0.002786, -0.0, -0.065512, -0.997852, -0.001025, 0.0, 0.0, 0.0, 1.0],
                [0.999051, 0.04344, -0.003264, 0.125437, 0.043562, -0.996244, 0.074836, -0.002779, -0.0, -0.074907, -0.99719, -0.001121, 0.0, 0.0, 0.0, 1.0],
                [0.999051, 0.043429, -0.003421, 0.125437, 0.043563, -0.995967, 0.078436, -0.002777, -0.0, -0.078511, -0.996913, -0.001158, 0.0, 0.0, 0.0, 1.0],
                [0.999051, 0.043405, -0.003729, 0.125437, 0.043565, -0.995384, 0.085514, -0.002769, -0.0, -0.085596, -0.99633, -0.00123, 0.0, 0.0, 0.0, 1.0],
                [0.999051, 0.043389, -0.003917, 0.125437, 0.043566, -0.995005, 0.089819, -0.002766, -0.0, -0.089904, -0.99595, -0.001274, 0.0, 0.0, 0.0, 1.0],
                [0.99905, 0.043339, -0.004449, 0.125436, 0.043567, -0.993828, 0.102021, -0.002754, -0.0, -0.102118, -0.994772, -0.001399, 0.0, 0.0, 0.0, 1.0],
                [0.99905, 0.043299, -0.004829, 0.125436, 0.043567, -0.992894, 0.110742, -0.002744, -0.0, -0.110847, -0.993837, -0.001488, 0.0, 0.0, 0.0, 1.0],
                [0.99905, 0.04317, -0.005867, 0.125434, 0.043567, -0.98995, 0.134544, -0.002713, 0.0, -0.134672, -0.99089, -0.001731, 0.0, 0.0, 0.0, 1.0],
                [0.99905, 0.043079, -0.006505, 0.125433, 0.043567, -0.987852, 0.149165, -0.002691, 0.0, -0.149307, -0.988791, -0.001881, 0.0, 0.0, 0.0, 1.0],
                [0.999051, 0.042834, -0.007953, 0.125431, 0.043566, -0.982261, 0.182388, -0.002632, 0.0, -0.182562, -0.983195, -0.002221, 0.0, 0.0, 0.0, 1.0],
                [0.999051, 0.04268, -0.008739, 0.125429, 0.043565, -0.978745, 0.200403, -0.002595, 0.0, -0.200593, -0.979675, -0.002405, 0.0, 0.0, 0.0, 1.0],
                [0.999051, 0.042312, -0.010368, 0.125425, 0.043563, -0.970344, 0.23777, -0.002508, 0.0, -0.237996, -0.971266, -0.002786, 0.0, 0.0, 0.0, 1.0],
                [0.999051, 0.042102, -0.011186, 0.125423, 0.043563, -0.965551, 0.256543, -0.002458, 0.0, -0.256787, -0.966468, -0.002978, 0.0, 0.0, 0.0, 1.0],
                [0.999051, 0.041647, -0.01277, 0.125419, 0.043561, -0.955161, 0.292866, -0.002351, -0.0, -0.293144, -0.956068, -0.003349, 0.0, 0.0, 0.0, 1.0],
                [0.999051, 0.041411, -0.013511, 0.125416, 0.04356, -0.949779, 0.309875, -0.002294, -0.0, -0.31017, -0.950681, -0.003523, 0.0, 0.0, 0.0, 1.0],
                [0.999051, 0.040953, -0.014838, 0.125411, 0.043558, -0.939305, 0.340305, -0.002186, -0.0, -0.340629, -0.940198, -0.003834, 0.0, 0.0, 0.0, 1.0],
                [0.999051, 0.040744, -0.015401, 0.125409, 0.043557, -0.934519, 0.353239, -0.002137, -1e-06, -0.353574, -0.935407, -0.003966, 0.0, 0.0, 0.0, 1.0],
                [0.999051, 0.0404, -0.016279, 0.125406, 0.043556, -0.926658, 0.373373, -0.002055, -1e-06, -0.373728, -0.927538, -0.004172, 0.0, 0.0, 0.0, 1.0],
                [0.999051, 0.04028, -0.016573, 0.125405, 0.043556, -0.923912, 0.380117, -0.002028, -1e-06, -0.380478, -0.92479, -0.00424, 0.0, 0.0, 0.0, 1.0],
                [0.999051, 0.040176, -0.01682, 0.125403, 0.043555, -0.921554, 0.3858, -0.002003, -1e-06, -0.386166, -0.922429, -0.004299, 0.0, 0.0, 0.0, 1.0],
                [0.999051, 0.040176, -0.01682, 0.125403, 0.043555, -0.921554, 0.3858, -0.002003, -1e-06, -0.386166, -0.922429, -0.004299, 0.0, 0.0, 0.0, 1.0],
                [0.999051, 0.040176, -0.01682, 0.125403, 0.043555, -0.921554, 0.3858, -0.002003, -1e-06, -0.386166, -0.922429, -0.004299, 0.0, 0.0, 0.0, 1.0],
                [0.999051, 0.040176, -0.01682, 0.125403, 0.043555, -0.921554, 0.3858, -0.002003, -1e-06, -0.386166, -0.922429, -0.004299, 0.0, 0.0, 0.0, 1.0],
                [0.999051, 0.03978, -0.017737, 0.125399, 0.043555, -0.912465, 0.406831, -0.001909, -1e-06, -0.407217, -0.913331, -0.004513, 0.0, 0.0, 0.0, 1.0],
                [0.999051, 0.03856, -0.020254, 0.125387, 0.043555, -0.884467, 0.464566, -0.001621, -1e-06, -0.465008, -0.885307, -0.005103, 0.0, 0.0, 0.0, 1.0],
                [0.999051, 0.033024, -0.028399, 0.12533, 0.043556, -0.757508, 0.651371, -0.000316, -1e-06, -0.65199, -0.758228, -0.007009, 0.0, 0.0, 0.0, 1.0],
                [0.999051, 0.028489, -0.032947, 0.125283, 0.043556, -0.653483, 0.755687, 0.000752, -1e-06, -0.756405, -0.654104, -0.008071, 0.0, 0.0, 0.0, 1.0],
                [0.999051, 0.016822, -0.040177, 0.125164, 0.043556, -0.385863, 0.921527, 0.003493, -1e-06, -0.922403, -0.386229, -0.009756, 0.0, 0.0, 0.0, 1.0],
                [0.999051, 0.01073, -0.042214, 0.125102, 0.043556, -0.24615, 0.968253, 0.004923, -1e-06, -0.969172, -0.246383, -0.010228, 0.0, 0.0, 0.0, 1.0],
                [0.999051, 0.000974, -0.043546, 0.125002, 0.043556, -0.022361, 0.998801, 0.007211, -1e-06, -0.99975, -0.022382, -0.010532, 0.0, 0.0, 0.0, 1.0],
                [0.999051, -0.001823, -0.043518, 0.124973, 0.043557, 0.041802, 0.998176, 0.007867, -1e-06, -0.999124, 0.041842, -0.010523, 0.0, 0.0, 0.0, 1.0],
                [0.999051, -0.002821, -0.043465, 0.124963, 0.043557, 0.064681, 0.996955, 0.008101, -1e-06, -0.997902, 0.064742, -0.01051, 0.0, 0.0, 0.0, 1.0],
                [0.999051, -0.002821, -0.043465, 0.124963, 0.043557, 0.064681, 0.996955, 0.008101, -1e-06, -0.997902, 0.064742, -0.01051, 0.0, 0.0, 0.0, 1.0],
                [0.999051, -0.002821, -0.043465, 0.124963, 0.043557, 0.064681, 0.996955, 0.008101, -1e-06, -0.997902, 0.064742, -0.01051, 0.0, 0.0, 0.0, 1.0],
                [0.999051, -0.002821, -0.043465, 0.124963, 0.043557, 0.064681, 0.996955, 0.008101, -1e-06, -0.997902, 0.064742, -0.010511, 0.0, 0.0, 0.0, 1.0],
                [0.999051, -0.002821, -0.043465, 0.124963, 0.043557, 0.064681, 0.996955, 0.008101, -1e-06, -0.997902, 0.064742, -0.01051, 0.0, 0.0, 0.0, 1.0],
                [0.999051, -0.002821, -0.043465, 0.124963, 0.043557, 0.064681, 0.996955, 0.008101, -1e-06, -0.997902, 0.064742, -0.010509, 0.0, 0.0, 0.0, 1.0],
                [0.999191, 0.000543, -0.040228, 0.124997, 0.040109, -0.09171, 0.994978, 0.006503, -0.003149, -0.995785, -0.091658, -0.010493, 0.0, 0.0, 0.0, 1.0],
                [0.999347, 0.003708, -0.035951, 0.12503, 0.035635, -0.267063, 0.96302, 0.00471, -0.00603, -0.963672, -0.267021, -0.010173, 0.0, 0.0, 0.0, 1.0],
                [0.999718, 0.008009, -0.022348, 0.125074, 0.021782, -0.683821, 0.729324, 0.000441, -0.009441, -0.729605, -0.683803, -0.007799, 0.0, 0.0, 0.0, 1.0],
                [0.999862, 0.007532, -0.014768, 0.12507, 0.014248, -0.845834, 0.533256, -0.001223, -0.008475, -0.533393, -0.845825, -0.005801, 0.0, 0.0, 0.0, 1.0],
                [0.999989, 0.002916, -0.003648, 0.125023, 0.003449, -0.987763, 0.155925, -0.002688, -0.003148, -0.155936, -0.987762, -0.001948, 0.0, 0.0, 0.0, 1.0],
                [0.999999, 0.000821, -0.000916, 0.125002, 0.000858, -0.999151, 0.041198, -0.002809, -0.000881, -0.041199, -0.999151, -0.000777, 0.0, 0.0, 0.0, 1.0]
            ]
        },
        {
            "name": "Leg_R",
            "time": [0.0, 0.0417, 0.125, 0.1667, 0.25, 0.2917, 0.375, 0.4583, 0.5, 0.5417, 0.5833, 0.625, 0.6667, 0.7083, 0.75, 0.7917, 0.8333, 0.875, 0.9167, 0.9583, 1.0, 1.0417, 1.125, 1.1667, 1.25, 1.2917, 1.375, 1.4167, 1.5, 1.5417, 1.625, 1.6667, 1.75, 1.7917, 1.875, 1.9167, 2.0, 2.0417, 2.125, 2.1667, 2.25, 2.2917, 2.375, 2.4167, 2.5, 2.5417, 2.625, 2.6667, 2.75, 2.7917, 2.875, 2.9167, 3.0, 3.0417, 3.125, 3.1667, 3.25, 3.2917, 3.375, 3.4167, 3.5, 3.5417, 3.625, 3.6667, 3.75, 3.7917, 3.875, 3.9167],
            "transform": [
                [1.0, 1e-06, 2e-06, 0.0, -1e-06, 0.97868, 0.205392, 0.37472, -1e-06, -0.205392, 0.97868, -0.0, 0.0, 0.0, 0.0, 1.0],
                [1.0, 1e-06, 2e-06, 0.0, -1e-06, 0.97868, 0.205392, 0.37472, -1e-06, -0.205392, 0.97868, -0.0, 0.0, 0.0, 0.0, 1.0],
                [1.0, 1e-06, 2e-06, -0.0, -1e-06, 0.957945, 0.286954, 0.37472, -1e-06, -0.286954, 0.957944, 0.0, 0.0, 0.0, 0.0, 1.0],
                [1.0, 1e-06, 2e-06, -0.0, -1e-06, 0.935189, 0.35415, 0.37472, -1e-06, -0.35415, 0.935189, -0.0, 0.0, 0.0, 0.0, 1.0],
                [1.0, 1e-06, 2e-06, 0.0, -1e-06, 0.902037, 0.43166, 0.37472, -1e-06, -0.43166, 0.902037, -0.0, 0.0, 0.0, 0.0, 1.0],
                [1.0, 1e-06, 2e-06, -0.0, -1e-06, 0.918968, 0.394332, 0.37472, -1e-06, -0.394332, 0.918968, 0.0, 0.0, 0.0, 0.0, 1.0],
                [1.0, 1e-06, 2e-06, -0.0, -1e-06, 0.982051, 0.188619, 0.37472, -1e-06, -0.188619, 0.98205, -0.0, 0.0, 0.0, 0.0, 1.0],
                [1.0, 1e-06, 1e-06, 0.0, -1e-06, 0.998708, 0.050814, 0.37472, -1e-06, -0.050814, 0.998708, -0.0, 0.0, 0.0, 0.0, 1.0],
                [1.0, 1e-06, 1e-06, 0.0, -1e-06, 0.998708, 0.050814, 0.37472, -1e-06, -0.050814, 0.998708, 0.0, 0.0, 0.0, 0.0, 1.0],
                [1.0, 1e-06, 1e-06, 0.0, -1e-06, 0.998708, 0.050814, 0.37472, -1e-06, -0.050814, 0.998708, -0.0, 0.0, 0.0, 0.0, 1.0],
                [1.0, 1e-06, 1e-06, -0.0, -1e-06, 0.998708, 0.050814, 0.37472, -1e-06, -0.050814, 0.998708, -0.0, 0.0, 0.0, 0.0, 1.0],
                [1.0, 1e-06, 1e-06, -0.0, -1e-06, 0.998708, 0.050814, 0.37472, -1e-06, -0.050814, 0.998708, 0.0, 0.0, 0.0, 0.0, 1.0],
                [1.0, 1e-06, 1e-06, -0.0, -1e-06, 0.998784, 0.049303, 0.374721, -1e-06, -0.049303, 0.998784, -0.0, 0.0, 0.0, 0.0, 1.0],
                [1.0, 1e-06, 1e-06, 0.0, -1e-06, 0.998955, 0.045698, 0.37472, -1e-06, -0.045698, 0.998955, 0.0, 0.0, 0.0, 0.0, 1.0],
                [1.0, 1e-06, 1e-06, -0.0, -1e-06, 0.999143, 0.041395, 0.374721, -1e-06, -0.041395, 0.999143, 0.0, 0.0, 0.0, 0.0, 1.0],
                [1.0, 1e-06, 1e-06, 0.0, -1e-06, 0.999286, 0.037789, 0.37472, -1e-06, -0.037789, 0.999286, -0.0, 0.0, 0.0, 0.0, 1.0],
                [1.0, 1e-06, 1e-06, 0.0, -1e-06, 0.999342, 0.036277, 0.374721, -1e-06, -0.036277, 0.999342, 0.0, 0.0, 0.0, 0.0, 1.0],
                [1.0, 1e-06, 1e-06, 0.0, -1e-06, 0.999335, 0.036461, 0.37472, -1e-06, -0.036461, 0.999335, -0.0, 0.0, 0.0, 0.0, 1.0],
                [1.0, 1e-06, 1e-06, -0.0, -1e-06, 0.999315, 0.03701, 0.37472, -1e-06, -0.03701, 0.999315, -0.0, 0.0, 0.0, 0.0, 1.0],
                [1.0, 1e-06, 1e-06, 0.0, -1e-06, 0.999281, 0.03792, 0.37472, -1e-06, -0.03792, 0.999281, 0.0, 0.0, 0.0, 0.0, 1.0],
                [1.0, 1e-06, 1e-06, -0.0, -1e-06, 0.999231, 0.039212, 0.37472, -1e-06, -0.039212, 0.999231, 0.0, 0.0, 0.0, 0.0, 1.0],
                [1.0, 1e-06, 1e-06, -0.0, -1e-06, 0.999158, 0.041024, 0.37472, -1e-06, -0.041024, 0.999158, 0.0, 0.0, 0.0, 0.0, 1.0],
                [1.0, 1e-06, 1e-06, 0.0, -1e-06, 0.998901, 0.046865, 0.37472, -1e-06, -0.046865, 0.998901, 0.0, 0.0, 0.0, 0.0, 1.0],
                [1.0, 1e-06, 1e-06, 0.0, -1e-06, 0.998687, 0.051226, 0.37472, -1e-06, -0.051226, 0.998687, 0.0, 0.0, 0.0, 0.0, 1.0],
                [1.0, 1e-06, 1e-06, 0.0, -1e-06, 0.997971, 0.063663, 0.374721, -1e-06, -0.063663, 0.997972, 0.0, 0.0, 0.0, 0.0, 1.0],
                [1.0, 1e-06, 1e-06, -0.0, -1e-06, 0.997399, 0.072078, 0.37472, -1e-06, -0.072078, 0.997399, -0.0, 0.0, 0.0, 0.0, 1.0],
                [1.0, 1e-06, 1e-06, -0.0, -1e-06, 0.995558, 0.094148, 0.374721, -1e-06, -0.094148, 0.995558, 0.0, 0.0, 0.0, 0.0, 1.0],
                [1.0, 1e-06, 1e-06, -0.0, -1e-06, 0.994135, 0.108144, 0.37472, -1e-06, -0.108144, 0.994135, 0.0, 0.0, 0.0, 0.0, 1.0],
                [1.0, 1e-06, 1e-06, 0.0, -1e-06, 0.989737, 0.142902, 0.37472, -1e-06, -0.142902, 0.989737, 0.0, 0.0, 0.0, 0.0, 1.0],
                [1.0, 1e-06, 1e-06, -0.0, -1e-06, 0.986462, 0.163987, 0.374721, -1e-06, -0.163987, 0.986462, 0.0, 0.0, 0.0, 0.0, 1.0],
                [1.0, 1e-06, 2e-06, 0.0, -1e-06, 0.976766, 0.214311, 0.37472, -1e-06, -0.214311, 0.976766, 0.0, 0.0, 0.0, 0.0, 1.0],
                [1.0, 1e-06, 2e-06, 0.0, -1e-06, 0.969826, 0.243798, 0.37472, -1e-06, -0.243798, 0.969826, 0.0, 0.0, 0.0, 0.0, 1.0],
                [1.0, 1e-06, 2e-06, -0.0, -1e-06, 0.950411, 0.310996, 0.37472, -1e-06, -0.310996, 0.950411, 0.0, 0.0, 0.0, 0.0, 1.0],
                [1.0, 1e-06, 2e-06, -0.0, -1e-06, 0.93763, 0.347635, 0.37472, -1e-06, -0.347635, 0.93763, 0.0, 0.0, 0.0, 0.0, 1.0],
                [1.0, 1e-06, 2e-06, -0.0, -1e-06, 0.905694, 0.423933, 0.374721, -1e-06, -0.423933, 0.905694, -0.0, 0.0, 0.0, 0.0, 1.0],
                [1.0, 1e-06, 2e-06, -0.0, -1e-06, 0.886686, 0.462373, 0.374721, -1e-06, -0.462373, 0.886686, -0.0, 0.0, 0.0, 0.0, 1.0],
                [1.0, 0.0, 2e-06, 0.0, -1e-06, 0.84361, 0.536957, 0.374721, -1e-06, -0.536957, 0.84361, 0.0, 0.0, 0.0, 0.0, 1.0],
                [1.0, 0.0, 2e-06, 0.0, -1e-06, 0.820197, 0.572081, 0.37472, -1e-06, -0.572081, 0.820197, 0.0, 0.0, 0.0, 0.0, 1.0],
                [1.0, 0.0, 2e-06, -0.0, -1e-06, 0.771774, 0.635897, 0.374721, -1e-06, -0.635897, 0.771774, 0.0, 0.0, 0.0, 0.0, 1.0],
                [1.0, 0.0, 2e-06, -0.0, -1e-06, 0.747772, 0.663955, 0.374721, -1e-06, -0.663955, 0.747772, -0.0, 0.0, 0.0, 0.0, 1.0],
                [1.0, 0.0, 2e-06, 0.0, -1e-06, 0.702909, 0.71128, 0.37472, -1e-06, -0.71128, 0.702909, 0.0, 0.0, 0.0, 0.0, 1.0],
                [1.0, -0.0, 2e-06, -0.0, -1e-06, 0.683153, 0.730275, 0.37472, -1e-06, -0.730275, 0.683153, 0.0, 0.0, 0.0, 0.0, 1.0],
                [1.0, -0.0, 2e-06, 0.0, -1e-06, 0.651678, 0.758496, 0.37472, -1e-06, -0.758496, 0.651678, 0.0, 0.0, 0.0, 0.0, 1.0],
                [1.0, -0.0, 2e-06, -0.0, -1e-06, 0.640968, 0.767568, 0.37472, -1e-06, -0.767568, 0.640968, -0.0, 0.0, 0.0, 0.0, 1.0],
                [1.0, -0.0, 2e-06, -0.0, -1e-06, 0.631903, 0.775048, 0.37472, -1e-06, -0.775048, 0.631903, 0.0, 0.0, 0.0, 0.0, 1.0],
                [1.0, -0.0, 2e-06, -0.0, -1e-06, 0.631903, 0.775048, 0.37472, -1e-06, -0.775048, 0.631903, 0.0, 0.0, 0.0, 0.0, 1.0],
                [1.0, -0.0, 2e-06, -0.0, -1e-06, 0.631903, 0.775048, 0.37472, -1e-06, -0.775048, 0.631903, 0.0, 0.0, 0.0, 0.0, 1.0],
                [1.0, -0.0, 2e-06, -0.0, -1e-06, 0.631903, 0.775048, 0.37472, -1e-06, -0.775048, 0.631903, 0.0, 0.0, 0.0, 0.0, 1.0],
                [1.0, -0.0, 2e-06, -0.0, -1e-06, 0.570199, 0.821507, 0.37472, -1e-06, -0.821506, 0.570199, -0.0, 0.0, 0.0, 0.0, 1.0],
                [1.0, -1e-06, 2e-06, -0.0, -1e-06, 0.406599, 0.913607, 0.37472, -1e-06, -0.913607, 0.406599, 0.0, 0.0, 0.0, 0.0, 1.0],
                [1.0, -1e-06, 1e-06, 0.0, -1e-06, 0.001426, 0.999999, 0.37472, -1e-06, -0.999999, 0.001427, 0.0, 0.0, 0.0, 0.0, 1.0],
                [1.0, -1e-06, 1e-06, 0.0, -1e-06, -0.076795, 0.997047, 0.37472, -1e-06, -0.997047, -0.076795, 1e-06, 0.0, 0.0, 0.0, 1.0],
                [1.0, -1e-06, 1e-06, 0.0, -1e-06, -0.025325, 0.999679, 0.37472, -1e-06, -0.999679, -0.025325, -0.0, 0.0, 0.0, 0.0, 1.0],
                [1.0, -1e-06, 1e-06, -0.0, -1e-06, 0.025407, 0.999677, 0.37472, -1e-06, -0.999678, 0.025407, 0.0, 0.0, 0.0, 0.0, 1.0],
                [1.0, -1e-06, 2e-06, 0.0, -1e-06, 0.130618, 0.991433, 0.37472, -1e-06, -0.991433, 0.130618, 0.0, 0.0, 0.0, 0.0, 1.0],
                [1.0, -1e-06, 2e-06, -0.0, -1e-06, 0.166938, 0.985967, 0.374721, -1e-06, -0.985967, 0.166938, 0.0, 0.0, 0.0, 0.0, 1.0],
                [1.0, -1e-06, 2e-06, 0.0, -1e-06, 0.180923, 0.983497, 0.374721, -1e-06, -0.983497, 0.180923, -0.0, 0.0, 0.0, 0.0, 1.0],
                [1.0, -1e-06, 2e-06, 0.0, -1e-06, 0.180923, 0.983497, 0.374721, -1e-06, -0.983497, 0.180923, -0.0, 0.0, 0.0, 0.0, 1.0],
                [1.0, -1e-06, 2e-06, 0.0, -1e-06, 0.180923, 0.983497, 0.374721, -1e-06, -0.983497, 0.180923, -0.0, 0.0, 0.0, 0.0, 1.0],
                [1.0, -1e-06, 2e-06, -0.0, -1e-06, 0.180923, 0.983497, 0.37472, -1e-06, -0.983497, 0.180923, 0.0, 0.0, 0.0, 0.0, 1.0],
                [1.0, -1e-06, 2e-06, -0.0, -1e-06, 0.180923, 0.983497, 0.37472, -1e-06, -0.983497, 0.180923, -0.0, 0.0, 0.0, 0.0, 1.0],
                [1.0, -1e-06, 2e-06, 0.0, -1e-06, 0.180923, 0.983497, 0.37472, -1e-06, -0.983497, 0.180923, -0.0, 0.0, 0.0, 0.0, 1.0],
                [1.0, -1e-06, 2e-06, -0.0, -1e-06, 0.312758, 0.949833, 0.37472, -1e-06, -0.949833, 0.312758, 0.0, 0.0, 0.0, 0.0, 1.0],
                [1.0, -1e-06, 2e-06, 0.0, -1e-06, 0.453677, 0.891166, 0.37472, -1e-06, -0.891166, 0.453677, -0.0, 0.0, 0.0, 0.0, 1.0],
                [1.0, 0.0, 2e-06, -0.0, -1e-06, 0.768389, 0.639983, 0.37472, -1e-06, -0.639983, 0.768389, -1e-06, 0.0, 0.0, 0.0, 1.0],
                [1.0, 1e-06, 2e-06, 0.0, -1e-06, 0.886508, 0.462714, 0.37472, -1e-06, -0.462714, 0.886508, 1e-06, 0.0, 0.0, 0.0, 1.0],
                [1.0, 1e-06, 1e-06, -0.0, -1e-06, 0.990739, 0.135778, 0.37472, -1e-06, -0.135778, 0.990739, -0.0, 0.0, 0.0, 0.0, 1.0],
                [1.0, 1e-06, 1e-06, 0.0, -1e-06, 0.999349, 0.036065, 0.37472, -1e-06, -0.036065, 0.999349, 0.0, 0.0, 0.0, 0.0, 1.0]
            ]
        },
        {
            "name": "Knee_R",
            "time": [0.0, 0.0417, 0.125, 0.1667, 0.25, 0.2917, 0.375, 0.4583, 0.5, 0.5417, 0.5833, 0.625, 0.6667, 0.7083, 0.75, 0.7917, 0.8333, 0.875, 0.9167, 0.9583, 1.0, 1.0417, 1.125, 1.1667, 1.25, 1.2917, 1.375, 1.4167, 1.5, 1.5417, 1.625, 1.6667, 1.75, 1.7917, 1.875, 1.9167, 2.0, 2.0417, 2.125, 2.1667, 2.25, 2.2917, 2.375, 2.4167, 2.5, 2.5417, 2.625, 2.6667, 2.75, 2.7917, 2.875, 2.9167, 3.0, 3.0417, 3.125, 3.1667, 3.25, 3.2917, 3.375, 3.4167, 3.5, 3.5417, 3.625, 3.6667, 3.75, 3.7917, 3.875, 3.9167],
            "transform": [
                [1.0, 1e-06, -2e-06, -0.0, -2e-06, 1e-06, -1.0, 0.37472, -1e-06, 1.0, 1e-06, 0.0, 0.0, 0.0, 0.0, 1.0],
                [1.0, 1e-06, -2e-06, -0.0, -2e-06, 1e-06, -1.0, 0.37472, -1e-06, 1.0, 1e-06, 0.0, 0.0, 0.0, 0.0, 1.0],
                [1.0, 1e-06, -2e-06, -0.0, -2e-06, 1e-06, -1.0, 0.37472, -1e-06, 1.0, 1e-06, 0.0, 0.0, 0.0, 0.0, 1.0],
                [1.0, 1e-06, -2e-06, -0.0, -2e-06, 1e-06, -1.0, 0.37472, -1e-06, 1.0, 1e-06, 0.0, 0.0, 0.0, 0.0, 1.0],
                [1.0, 1e-06, -2e-06, 0.0, -2e-06, 1e-06, -1.0, 0.37472, -1e-06, 1.0, 1e-06, 1e-06, 0.0, 0.0, 0.0, 1.0],
                [1.0, 1e-06, -2e-06, -0.0, -2e-06, 1e-06, -1.0, 0.37472, -1e-06, 1.0, 1e-06, 1e-06, 0.0, 0.0, 0.0, 1.0],
                [1.0, 1e-06, -2e-06, -0.0, -2e-06, 1e-06, -1.0, 0.37472, -1e-06, 1.0, 1e-06, 0.0, 0.0, 0.0, 0.0, 1.0],
