{
    "armature": {
        "joints": ["Root", "Thigh_R", "Leg_R", "Knee_R", "Thigh_L", "Leg_L", "Knee_L", "Torso", "Chest", "Head", "Shoulder_R", "Arm_R", "Hand_R", "Tool_R", "Elbow_R", "Shoulder_L", "Arm_L", "Hand_L", "Tool_L", "Elbow_L"],
        "hierarchy": [
            {
                "name": "Root",
                "transform": [1.0, 0.0, 0.0, -5e-06, 0.0, 0.0, -1.0, 0.000946, 0.0, 1.0, 0.0, 0.763972, 0.0, 0.0, 0.0, 1.0],
                "children": [
                    {
                        "name": "Thigh_R",
                        "transform": [1.0, -1e-06, -0.0, 0.124994, -1e-06, -1.0, 1e-06, -0.002831, -0.0, -1e-06, -1.0, -1.2e-05, 0.0, 0.0, 0.0, 1.0],
                        "children": [
                            {
                                "name": "Leg_R",
                                "transform": [1.0, 1e-06, 1e-06, -0.0, -1e-06, 1.0, 1e-06, 0.37472, -1e-06, -1e-06, 1.0, -0.0, 0.0, 0.0, 0.0, 1.0],
                                "children": []
                            },
                            {
                                "name": "Knee_R",
                                "transform": [1.0, 0.0, -1e-06, -0.0, -1e-06, 1e-06, -1.0, 0.37472, -0.0, 1.0, 1e-06, -0.0, 0.0, 0.0, 0.0, 1.0],
                                "children": []
                            }
                        ]
                    },
                    {
                        "name": "Thigh_L",
                        "transform": [1.0, -1e-06, -0.0, -0.125006, -1e-06, -1.0, 1e-06, -0.002831, -0.0, -1e-06, -1.0, -1.2e-05, 0.0, 0.0, 0.0, 1.0],
                        "children": [
                            {
                                "name": "Leg_L",
                                "transform": [1.0, 1e-06, 1e-06, 0.0, -1e-06, 1.0, 1e-06, 0.37472, -1e-06, -1e-06, 1.0, -0.0, 0.0, 0.0, 0.0, 1.0],
                                "children": []
                            },
                            {
                                "name": "Knee_L",
                                "transform": [1.0, 0.0, -1e-06, 0.0, -1e-06, 1e-06, -1.0, 0.37472, -0.0, 1.0, 1e-06, -0.0, 0.0, 0.0, 0.0, 1.0],
                                "children": []
                            }
                        ]
                    },
                    {
                        "name": "Torso",
                        "transform": [1.0, 0.0, 0.0, 0.0, 0.0, 1.0, 0.0, 0.05, 0.0, 0.0, 1.0, 0.0, 0.0, 0.0, 0.0, 1.0],
                        "children": [
                            {
                                "name": "Chest",
                                "transform": [1.0, 0.0, -0.0, 0.0, -0.0, 1.0, 0.0, 0.3, 0.0, -0.0, 1.0, 0.0, 0.0, 0.0, 0.0, 1.0],
                                "children": [
                                    {
                                        "name": "Head",
                                        "transform": [1.0, -0.0, 0.0, -0.0, 0.0, 1.0, -0.0, 0.4, -0.0, 0.0, 1.0, 0.0, 0.0, 0.0, 0.0, 1.0],
                                        "children": []
                                    },
                                    {
                                        "name": "Shoulder_R",
                                        "transform": [0.0, 0.952114, 0.305742, -0.0, -1e-06, -0.305742, 0.952114, 0.4, 1.0, -0.0, 1e-06, 0.0, 0.0, 0.0, 0.0, 1.0],
                                        "children": [
                                            {
                                                "name": "Arm_R",
                                                "transform": [0.0, 1e-06, -1.0, 0.0, 0.952114, 0.305742, 0.0, 0.39386, 0.305742, -0.952114, -1e-06, -0.0, 0.0, 0.0, 0.0, 1.0],
                                                "children": [
                                                    {
                                                        "name": "Hand_R",
                                                        "transform": [1.0, 0.0, 0.0, -0.0, -0.0, 0.993937, 0.109947, 0.3, -0.0, -0.109947, 0.993937, -0.0, 0.0, 0.0, 0.0, 1.0],
                                                        "children": [
                                                            {
                                                                "name": "Tool_R",
                                                                "transform": [1.0, 0.0, 0.0, 0.0, 0.0, -0.999836, 0.018122, 0.272859, 0.0, -0.018122, -0.999231, 0.0, 0.0, 0.0, 0.0, 1.0],
                                                                "children": []
                                                            }
                                                        ]
                                                    },
                                                    {
                                                        "name": "Elbow_R",
                                                        "transform": [-1.0, 0.0, -0.0, 0.0, 0.0, -0.0, -1.0, 0.3, -0.0, -1.0, 0.0, -0.0, 0.0, 0.0, 0.0, 1.0],
                                                        "children": []
                                                    }
                                                ]
                                            }
                                        ]
                                    },
                                    {
                                        "name": "Shoulder_L",
                                        "transform": [-1e-06, -0.952114, -0.305742, 0.0, 2e-06, -0.305742, 0.952114, 0.4, -1.0, 0.0, 2e-06, 0.0, 0.0, 0.0, 0.0, 1.0],
                                        "children": [
                                            {
                                                "name": "Arm_L",
                                                "transform": [-1e-06, -2e-06, 1.0, -0.0, -0.952115, 0.305742, -0.0, 0.39386, -0.305742, -0.952115, -2e-06, -0.0, 0.0, 0.0, 0.0, 1.0],
                                                "children": [
                                                    {
                                                        "name": "Hand_L",
                                                        "transform": [1.0, 0.0, 0.0, 0.0, -0.0, 0.993937, 0.109947, 0.3, -0.0, -0.109947, 0.993937, 0.0, 0.0, 0.0, 0.0, 1.0],
                                                        "children": [
                                                            {
                                                                "name": "Tool_L",
                                                                "transform": [1.0, 0.0, 0.0, -0.0, 0.0, -0.999836, 0.018122, 0.272858, 0.0, -0.018122, -0.999231, -0.0, 0.0, 0.0, 0.0, 1.0],
                                                                "children": []
                                                            }
                                                        ]
                                                    },
                                                    {
                                                        "name": "Elbow_L",
                                                        "transform": [-1.0, 0.0, -0.0, 0.0, 0.0, 0.0, -1.0, 0.3, -0.0, -1.0, 0.0, 0.0, 0.0, 0.0, 0.0, 1.0],
                                                        "children": []
                                                    }
                                                ]
                                            }
                                        ]
                                    }
                                ]
                            }
                        ]
                    }
                ]
            }
        ]
    },
    "animation": [
        {
            "name": "Root",
            "time": [0.0, 0.0417, 0.125, 0.1667, 0.25, 0.2917, 0.375, 0.4583, 0.5, 0.5417, 0.5833, 0.625, 0.6667, 0.7083, 0.75, 0.7917, 0.8333, 0.875, 0.9167, 0.9583, 1.0, 1.0417, 1.125, 1.1667, 1.25, 1.2917, 1.375, 1.4167, 1.5, 1.5417, 1.625, 1.6667, 1.75, 1.7917, 1.875, 1.9167, 2.0, 2.0417, 2.125, 2.1667, 2.25, 2.2917, 2.375, 2.4167, 2.5, 2.5417, 2.625, 2.6667, 2.75, 2.7917, 2.875, 2.9167, 3.0, 3.0417, 3.125, 3.1667, 3.25, 3.2917, 3.375, 3.4167, 3.5, 3.5417, 3.625, 3.6667, 3.75, 3.7917, 3.875, 3.9167],
            "transform": [
                [0.971806, 0.085977, -0.219549, 0.076671, -0.229346, 0.128581, -0.964815, -0.000323, -0.054722, 0.987965, 0.144675, 0.75387, 0.0, 0.0, 0.0, 1.0],
                [0.971806, 0.085977, -0.219549, 0.076671, -0.229346, 0.128581, -0.964815, -0.000323, -0.054722, 0.987965, 0.144675, 0.75387, 0.0, 0.0, 0.0, 1.0],
                [0.884397, 0.417003, -0.209642, 0.514588, -0.291007, 0.141491, -0.9462, -0.000454, -0.364906, 0.897824, 0.246485, 0.823845, 0.0, 0.0, 0.0, 1.0],
                [0.725488, 0.665327, -0.176087, 0.965944, -0.35717, 0.145268, -0.922674, -0.000492, -0.5883, 0.732282, 0.343025, 0.883603, 0.0, 0.0, 0.0, 1.0],
                [0.431574, 0.897633, -0.089433, 2.012064, -0.51775, 0.165298, -0.839411, -0.000697, -0.7387, 0.408572, 0.536088, 0.955957, 0.0, 0.0, 0.0, 1.0],
                [0.399699, 0.913779, -0.072441, 2.487203, -0.601876, 0.202019, -0.772615, -0.001073, -0.691365, 0.352414, 0.630728, 0.89822, 0.0, 0.0, 0.0, 1.0],
                [0.368047, 0.92869, -0.045575, 3.256268, -0.732092, 0.259219, -0.629958, -0.001661, -0.573222, 0.265219, 0.775291, 0.563839, 0.0, 0.0, 0.0, 1.0],
                [0.362614, 0.931311, -0.034198, 3.789734, -0.795557, 0.290228, -0.531843, -0.00198, -0.485386, 0.220061, 0.846152, 0.229033, 0.0, 0.0, 0.0, 1.0],
                [0.362848, 0.931257, -0.033202, 3.970381, -0.803377, 0.294571, -0.517508, -0.002025, -0.472152, 0.21445, 0.855034, 0.170783, 0.0, 0.0, 0.0, 1.0],
                [0.362848, 0.931257, -0.033202, 4.097405, -0.803377, 0.294571, -0.517508, -0.002025, -0.472152, 0.21445, 0.855034, 0.178634, 0.0, 0.0, 0.0, 1.0],
                [0.362848, 0.931257, -0.033202, 4.184484, -0.803377, 0.294571, -0.517508, -0.002025, -0.472152, 0.21445, 0.855034, 0.198262, 0.0, 0.0, 0.0, 1.0],
                [0.362848, 0.931257, -0.033202, 4.247847, -0.803377, 0.294571, -0.517508, -0.002025, -0.472152, 0.21445, 0.855034, 0.223777, 0.0, 0.0, 0.0, 1.0],
                [0.362848, 0.931257, -0.033202, 4.303722, -0.803377, 0.294571, -0.517508, -0.002025, -0.472152, 0.21445, 0.855034, 0.249293, 0.0, 0.0, 0.0, 1.0],
                [0.362848, 0.931257, -0.033202, 4.36834, -0.803377, 0.294571, -0.517508, -0.002025, -0.472152, 0.21445, 0.855034, 0.26892, 0.0, 0.0, 0.0, 1.0],
                [0.362848, 0.931257, -0.033202, 4.457928, -0.803377, 0.294571, -0.517508, -0.002025, -0.472152, 0.21445, 0.855034, 0.276771, 0.0, 0.0, 0.0, 1.0],
                [0.362848, 0.931257, -0.033202, 4.58183, -0.803377, 0.294571, -0.517508, -0.002025, -0.472152, 0.21445, 0.855034, 0.266483, 0.0, 0.0, 0.0, 1.0],
                [0.362848, 0.931257, -0.033202, 4.721854, -0.803377, 0.294571, -0.517508, -0.002025, -0.472152, 0.21445, 0.855034, 0.241951, 0.0, 0.0, 0.0, 1.0],
                [0.362848, 0.931257, -0.033202, 4.852921, -0.803377, 0.294571, -0.517508, -0.002025, -0.472152, 0.21445, 0.855034, 0.21267, 0.0, 0.0, 0.0, 1.0],
                [0.362848, 0.931257, -0.033202, 4.949952, -0.803377, 0.294571, -0.517508, -0.002025, -0.472152, 0.21445, 0.855034, 0.188137, 0.0, 0.0, 0.0, 1.0],
                [0.362848, 0.931257, -0.033202, 4.987869, -0.803377, 0.294571, -0.517508, -0.002025, -0.472152, 0.21445, 0.855034, 0.177849, 0.0, 0.0, 0.0, 1.0],
                [0.362848, 0.931257, -0.033202, 4.987869, -0.803377, 0.294571, -0.517508, -0.002025, -0.472152, 0.21445, 0.855034, 0.177849, 0.0, 0.0, 0.0, 1.0],
                [0.362848, 0.931257, -0.033202, 4.987869, -0.803377, 0.294571, -0.517508, -0.002025, -0.472152, 0.21445, 0.855034, 0.177849, 0.0, 0.0, 0.0, 1.0],
                [0.362848, 0.931256, -0.033214, 4.987867, -0.803375, 0.294563, -0.517513, -0.002025, -0.472154, 0.214462, 0.85503, 0.177849, 0.0, 0.0, 0.0, 1.0],
                [0.362843, 0.931255, -0.033298, 4.987871, -0.80337, 0.29451, -0.517553, -0.002025, -0.472167, 0.214541, 0.855003, 0.177851, 0.0, 0.0, 0.0, 1.0],
                [0.362811, 0.931243, -0.03397, 4.987891, -0.803322, 0.294083, -0.517869, -0.00202, -0.472272, 0.215178, 0.854785, 0.177867, 0.0, 0.0, 0.0, 1.0],
                [0.362777, 0.93123, -0.034703, 4.987913, -0.803271, 0.293617, -0.518214, -0.002015, -0.472387, 0.215871, 0.854547, 0.177885, 0.0, 0.0, 0.0, 1.0],
                [0.362653, 0.931177, -0.037321, 4.987989, -0.803086, 0.291948, -0.519441, -0.001998, -0.472796, 0.218349, 0.853691, 0.177947, 0.0, 0.0, 0.0, 1.0],
                [0.362558, 0.93113, -0.039352, 4.988049, -0.802942, 0.290652, -0.52039, -0.001985, -0.473113, 0.220269, 0.853022, 0.177995, 0.0, 0.0, 0.0, 1.0],
                [0.362287, 0.930969, -0.045221, 4.988223, -0.802524, 0.286893, -0.523114, -0.001947, -0.474029, 0.225809, 0.851062, 0.178134, 0.0, 0.0, 0.0, 1.0],
                [0.362107, 0.930837, -0.049206, 4.98834, -0.802237, 0.28433, -0.52495, -0.00192, -0.474652, 0.229563, 0.84971, 0.178229, 0.0, 0.0, 0.0, 1.0],
                [0.364009, 0.928549, -0.072757, 4.990612, -0.799636, 0.271505, -0.535601, -0.001789, -0.477578, 0.253143, 0.841331, 0.180288, 0.0, 0.0, 0.0, 1.0],
                [0.366781, 0.92552, -0.094253, 4.993396, -0.796899, 0.260291, -0.545161, -0.001674, -0.480024, 0.275065, 0.833016, 0.182632, 0.0, 0.0, 0.0, 1.0],
                [0.376365, 0.913936, -0.151892, 5.002728, -0.788709, 0.230048, -0.570102, -0.001364, -0.486094, 0.334365, 0.807411, 0.189703, 0.0, 0.0, 0.0, 1.0],
                [0.383331, 0.904692, -0.185981, 5.009463, -0.783334, 0.21177, -0.584415, -0.001177, -0.48933, 0.36971, 0.789855, 0.194331, 0.0, 0.0, 0.0, 1.0],
                [0.40187, 0.878246, -0.259199, 5.02753, -0.770283, 0.171168, -0.614301, -0.000761, -0.495141, 0.446526, 0.745285, 0.205531, 0.0, 0.0, 0.0, 1.0],
                [0.413465, 0.861048, -0.296047, 5.039043, -0.762727, 0.149956, -0.629095, -0.000544, -0.497287, 0.485912, 0.718746, 0.212006, 0.0, 0.0, 0.0, 1.0],
                [0.441119, 0.82002, -0.364667, 5.067457, -0.745853, 0.108991, -0.657134, -0.000124, -0.499117, 0.561862, 0.659692, 0.226458, 0.0, 0.0, 0.0, 1.0],
                [0.45702, 0.797225, -0.394417, 5.084531, -0.736621, 0.090708, -0.670195, 6.3e-05, -0.498519, 0.596828, 0.628708, 0.234333, 0.0, 0.0, 0.0, 1.0],
                [0.492072, 0.750478, -0.441189, 5.12467, -0.717032, 0.061991, -0.694279, 0.000357, -0.493691, 0.657982, 0.56862, 0.251122, 0.0, 0.0, 0.0, 1.0],
                [0.510252, 0.727406, -0.458828, 5.146998, -0.707417, 0.051592, -0.704911, 0.000464, -0.489085, 0.684265, 0.540904, 0.259979, 0.0, 0.0, 0.0, 1.0],
                [0.547123, 0.682487, -0.484631, 5.192223, -0.688448, 0.037571, -0.724312, 0.000607, -0.476126, 0.729931, 0.490413, 0.278605, 0.0, 0.0, 0.0, 1.0],
                [0.565705, 0.660695, -0.493417, 5.213482, -0.678856, 0.033461, -0.733508, 0.000649, -0.468115, 0.749909, 0.467446, 0.288374, 0.0, 0.0, 0.0, 1.0],
                [0.602989, 0.618268, -0.504131, 5.249206, -0.658862, 0.029668, -0.751679, 0.000688, -0.449783, 0.785407, 0.425243, 0.308827, 0.0, 0.0, 0.0, 1.0],
                [0.621647, 0.597481, -0.506529, 5.262031, -0.648229, 0.029394, -0.760878, 0.000691, -0.439721, 0.801344, 0.405577, 0.319513, 0.0, 0.0, 0.0, 1.0],
                [0.658911, 0.556236, -0.506396, 5.273524, -0.625157, 0.030532, -0.779902, 0.00068, -0.418348, 0.830463, 0.367853, 0.341808, 0.0, 0.0, 0.0, 1.0],
                [0.677472, 0.535574, -0.504175, 5.272946, -0.612552, 0.03134, -0.789809, 0.000672, -0.4072, 0.843907, 0.349299, 0.35341, 0.0, 0.0, 0.0, 1.0],
                [0.714049, 0.494231, -0.495853, 5.268076, -0.58531, 0.032832, -0.810145, 0.000657, -0.384119, 0.868711, 0.312722, 0.377322, 0.0, 0.0, 0.0, 1.0],
                [0.731866, 0.473681, -0.489897, 5.264459, -0.570808, 0.033445, -0.820402, 0.000651, -0.372224, 0.880061, 0.294858, 0.389517, 0.0, 0.0, 0.0, 1.0],
                [0.766101, 0.433172, -0.474818, 5.25654, -0.540432, 0.034284, -0.840689, 0.000642, -0.347884, 0.900659, 0.260364, 0.414104, 0.0, 0.0, 0.0, 1.0],
                [0.782356, 0.413359, -0.46589, 5.252913, -0.524729, 0.034481, -0.85057, 0.00064, -0.335526, 0.909915, 0.243878, 0.426382, 0.0, 0.0, 0.0, 1.0],
                [0.812797, 0.374992, -0.445804, 5.248013, -0.49277, 0.034415, -0.869479, 0.000641, -0.310706, 0.926389, 0.212757, 0.450625, 0.0, 0.0, 0.0, 1.0],
                [0.826873, 0.35659, -0.434885, 5.247412, -0.476715, 0.034164, -0.878394, 0.000644, -0.298369, 0.933636, 0.198241, 0.462476, 0.0, 0.0, 0.0, 1.0],
                [0.852757, 0.321493, -0.411641, 5.257187, -0.444643, 0.033339, -0.895087, 0.000652, -0.274041, 0.946325, 0.17138, 0.485561, 0.0, 0.0, 0.0, 1.0],
                [0.864798, 0.304627, -0.399157, 5.26807, -0.428361, 0.032836, -0.903011, 0.000657, -0.261975, 0.951905, 0.158887, 0.49697, 0.0, 0.0, 0.0, 1.0],
                [0.887618, 0.27172, -0.371891, 5.298312, -0.39449, 0.031759, -0.918351, 0.000668, -0.237723, 0.961852, 0.13538, 0.520022, 0.0, 0.0, 0.0, 1.0],
                [0.898559, 0.255451, -0.356843, 5.31626, -0.376557, 0.031197, -0.925868, 0.000674, -0.225382, 0.966318, 0.124225, 0.531865, 0.0, 0.0, 0.0, 1.0],
                [0.91976, 0.2227, -0.323182, 5.354287, -0.337811, 0.029977, -0.940736, 0.000686, -0.199814, 0.974426, 0.102803, 0.556691, 0.0, 0.0, 0.0, 1.0],
                [0.930056, 0.20598, -0.304249, 5.372959, -0.316632, 0.029265, -0.948097, 0.000693, -0.186385, 0.978119, 0.092438, 0.569874, 0.0, 0.0, 0.0, 1.0],
                [0.949898, 0.171321, -0.261426, 5.406223, -0.269842, 0.02741, -0.962514, 0.000712, -0.157734, 0.984834, 0.072266, 0.598231, 0.0, 0.0, 0.0, 1.0],
                [0.959123, 0.153497, -0.237745, 5.420216, -0.244454, 0.026141, -0.969309, 0.000724, -0.142571, 0.987803, 0.062595, 0.613281, 0.0, 0.0, 0.0, 1.0],
                [0.975099, 0.117974, -0.187785, 5.443292, -0.191706, 0.02271, -0.98119, 0.000759, -0.11149, 0.992757, 0.044761, 0.644048, 0.0, 0.0, 0.0, 1.0],
                [0.981571, 0.10075, -0.16238, 5.452579, -0.165228, 0.020543, -0.986041, 0.000781, -0.096008, 0.994699, 0.036812, 0.659314, 0.0, 0.0, 0.0, 1.0],
                [0.991229, 0.068544, -0.112993, 5.467153, -0.114304, 0.015501, -0.993325, 0.000831, -0.066334, 0.997528, 0.0232, 0.688481, 0.0, 0.0, 0.0, 1.0],
                [0.994483, 0.054005, -0.08993, 5.472643, -0.090742, 0.012774, -0.995793, 0.000859, -0.052629, 0.998459, 0.017604, 0.70193, 0.0, 0.0, 0.0, 1.0],
                [0.998359, 0.029101, -0.049326, 5.48054, -0.049561, 0.00741, -0.998744, 0.000913, -0.028699, 0.999549, 0.00884, 0.725425, 0.0, 0.0, 0.0, 1.0],
                [0.999284, 0.019122, -0.032659, 5.48315, -0.032761, 0.005008, -0.999451, 0.000937, -0.018948, 0.999805, 0.00563, 0.73502, 0.0, 0.0, 0.0, 1.0],
                [0.999949, 0.005036, -0.008709, 5.486199, -0.008716, 0.001368, -0.999961, 0.000974, -0.005023, 0.999986, 0.001412, 0.748767, 0.0, 0.0, 0.0, 1.0],
                [0.999997, 0.001292, -0.002245, 5.486843, -0.002246, 0.000354, -0.999997, 0.000984, -0.001291, 0.999999, 0.000356, 0.752468, 0.0, 0.0, 0.0, 1.0]
            ]
        },
        {
            "name": "Thigh_R",
            "time": [0.0, 0.0417, 0.125, 0.1667, 0.25, 0.2917, 0.375, 0.4583, 0.5, 0.5417, 0.5833, 0.625, 0.6667, 0.7083, 0.75, 0.7917, 0.8333, 0.875, 0.9167, 0.9583, 1.0, 1.0417, 1.125, 1.1667, 1.25, 1.2917, 1.375, 1.4167, 1.5, 1.5417, 1.625, 1.6667, 1.75, 1.7917, 1.875, 1.9167, 2.0, 2.0417, 2.125, 2.1667, 2.25, 2.2917, 2.375, 2.4167, 2.5, 2.5417, 2.625, 2.6667, 2.75, 2.7917, 2.875, 2.9167, 3.0, 3.0417, 3.125, 3.1667, 3.25, 3.2917, 3.375, 3.4167, 3.5, 3.5417, 3.625, 3.6667, 3.75, 3.7917, 3.875, 3.9167],
            "transform": [
                [0.988328, -0.152339, -0.0, 0.123437, -0.143154, -0.928739, 0.34198, -0.002085, -0.052097, -0.337989, -0.939707, -0.003462, 0.0, 0.0, 0.0, 1.0],
                [0.988328, -0.152339, -0.0, 0.123437, -0.143154, -0.928739, 0.34198, -0.002085, -0.052097, -0.337989, -0.939707, -0.003462, 0.0, 0.0, 0.0, 1.0],
                [0.996845, -0.07903, -0.007367, 0.124186, -0.071576, -0.935162, 0.346912, -0.002152, -0.034306, -0.345291, -0.937869, -0.003537, 0.0, 0.0, 0.0, 1.0],
                [0.999777, -0.016801, -0.012821, 0.124822, -0.011241, -0.936445, 0.350633, -0.002166, -0.017897, -0.350411, -0.936425, -0.00359, 0.0, 0.0, 0.0, 1.0],
                [0.998211, 0.058309, -0.01326, 0.125589, 0.059217, -0.933063, 0.354805, -0.002133, 0.008317, -0.354956, -0.934846, -0.003637, 0.0, 0.0, 0.0, 1.0],
                [0.998207, 0.059559, -0.005908, 0.125602, 0.058427, -0.948284, 0.312, -0.002291, 0.01298, -0.311786, -0.950064, -0.003196, 0.0, 0.0, 0.0, 1.0],
                [0.99816, 0.059373, 0.012349, 0.125601, 0.05886, -0.997526, 0.038447, -0.002805, 0.014601, -0.03765, -0.999184, -0.000397, 0.0, 0.0, 0.0, 1.0],
                [0.998184, 0.05398, 0.026726, 0.125547, 0.059311, -0.958218, -0.279824, -0.002416, 0.010505, 0.280901, -0.959679, 0.00286, 0.0, 0.0, 0.0, 1.0],
                [0.99821, 0.051858, 0.029775, 0.125525, 0.059217, -0.92651, -0.371582, -0.002096, 0.008317, 0.372681, -0.927922, 0.0038, 0.0, 0.0, 0.0, 1.0],
                [0.998179, 0.052159, 0.030311, 0.125528, 0.060066, -0.905943, -0.419117, -0.001887, 0.005599, 0.420175, -0.907426, 0.004286, 0.0, 0.0, 0.0, 1.0],
                [0.998064, 0.054799, 0.029419, 0.125555, 0.062179, -0.890421, -0.45087, -0.00173, 0.001488, 0.451827, -0.892105, 0.00461, 0.0, 0.0, 0.0, 1.0],
                [0.997889, 0.058819, 0.027526, 0.125596, 0.064849, -0.879997, -0.470531, -0.001625, -0.003454, 0.471322, -0.881954, 0.00481, 0.0, 0.0, 0.0, 1.0],
                [0.997688, 0.063207, 0.024954, 0.125641, 0.067407, -0.874001, -0.481226, -0.001564, -0.008607, 0.481795, -0.876242, 0.004917, 0.0, 0.0, 0.0, 1.0],
                [0.997516, 0.066919, 0.02201, 0.125679, 0.069174, -0.871357, -0.485749, -0.001537, -0.013327, 0.486064, -0.873822, 0.004961, 0.0, 0.0, 0.0, 1.0],
                [0.997443, 0.068891, 0.019031, 0.125699, 0.06943, -0.87078, -0.486747, -0.001531, -0.01696, 0.486823, -0.873336, 0.004969, 0.0, 0.0, 0.0, 1.0],
                [0.997442, 0.069647, 0.016099, 0.125706, 0.068966, -0.878348, -0.47302, -0.001608, -0.018804, 0.47292, -0.880904, 0.004826, 0.0, 0.0, 0.0, 1.0],
                [0.997438, 0.070292, 0.013242, 0.125713, 0.068946, -0.895523, -0.439642, -0.001782, -0.019044, 0.439429, -0.898075, 0.004483, 0.0, 0.0, 0.0, 1.0],
                [0.997438, 0.070717, 0.010778, 0.125717, 0.069139, -0.914367, -0.39894, -0.001973, -0.018357, 0.398664, -0.916913, 0.004066, 0.0, 0.0, 0.0, 1.0],
                [0.997441, 0.070923, 0.009049, 0.125719, 0.069342, -0.928729, -0.364218, -0.002119, -0.017427, 0.363913, -0.93127, 0.00371, 0.0, 0.0, 0.0, 1.0],
                [0.997443, 0.070976, 0.008398, 0.125719, 0.06943, -0.934357, -0.349508, -0.002175, -0.01696, 0.349197, -0.936896, 0.00356, 0.0, 0.0, 0.0, 1.0],
                [0.997443, 0.070752, 0.01009, 0.125717, 0.069419, -0.925566, -0.372168, -0.002086, -0.016992, 0.371917, -0.928111, 0.003792, 0.0, 0.0, 0.0, 1.0],
                [0.997443, 0.070202, 0.013369, 0.125712, 0.069406, -0.90706, -0.41524, -0.001899, -0.017024, 0.415107, -0.909613, 0.004234, 0.0, 0.0, 0.0, 1.0],
                [0.997441, 0.069609, 0.016289, 0.125706, 0.069481, -0.890272, -0.450098, -0.001729, -0.016829, 0.450078, -0.892831, 0.004593, 0.0, 0.0, 0.0, 1.0],
                [0.99744, 0.069485, 0.016874, 0.125705, 0.069523, -0.887228, -0.456062, -0.001699, -0.016718, 0.456068, -0.889788, 0.004654, 0.0, 0.0, 0.0, 1.0],
                [0.99744, 0.069285, 0.017694, 0.125703, 0.069567, -0.882921, -0.464339, -0.001655, -0.016549, 0.464382, -0.885481, 0.004739, 0.0, 0.0, 0.0, 1.0],
                [0.997441, 0.0692, 0.017957, 0.125702, 0.069565, -0.881521, -0.466992, -0.001641, -0.016486, 0.467047, -0.884079, 0.004766, 0.0, 0.0, 0.0, 1.0],
                [0.997447, 0.069035, 0.018256, 0.1257, 0.069501, -0.87984, -0.470162, -0.001624, -0.016396, 0.47023, -0.882392, 0.004799, 0.0, 0.0, 0.0, 1.0],
                [0.997452, 0.068944, 0.018319, 0.125699, 0.069434, -0.879393, -0.471007, -0.001617, -0.016364, 0.471079, -0.881939, 0.004808, 0.0, 0.0, 0.0, 1.0],
                [0.997468, 0.068713, 0.018339, 0.125697, 0.06922, -0.878859, -0.472033, -0.001614, -0.016318, 0.472108, -0.88139, 0.004818, 0.0, 0.0, 0.0, 1.0],
                [0.997479, 0.06856, 0.018323, 0.125695, 0.069069, -0.878598, -0.47254, -0.001611, -0.016299, 0.472615, -0.881119, 0.004823, 0.0, 0.0, 0.0, 1.0],
                [0.997532, 0.067809, 0.018216, 0.125687, 0.068326, -0.877733, -0.474253, -0.001602, -0.01617, 0.474327, -0.8802, 0.004841, 0.0, 0.0, 0.0, 1.0],
                [0.997577, 0.067173, 0.018141, 0.125681, 0.067706, -0.877033, -0.475635, -0.001596, -0.016039, 0.47571, -0.879456, 0.004855, 0.0, 0.0, 0.0, 1.0],
                [0.997686, 0.065555, 0.018054, 0.125665, 0.066167, -0.874851, -0.479851, -0.001572, -0.015662, 0.479935, -0.877164, 0.004898, 0.0, 0.0, 0.0, 1.0],
                [0.997745, 0.064642, 0.018082, 0.125655, 0.065328, -0.873267, -0.482843, -0.001556, -0.015421, 0.482936, -0.87552, 0.004929, 0.0, 0.0, 0.0, 1.0],
                [0.997858, 0.062778, 0.018386, 0.125636, 0.063707, -0.868835, -0.490986, -0.001511, -0.014849, 0.491106, -0.870973, 0.005013, 0.0, 0.0, 0.0, 1.0],
                [0.997907, 0.061893, 0.018702, 0.125627, 0.063005, -0.865869, -0.496288, -0.001482, -0.014523, 0.496428, -0.867956, 0.005067, 0.0, 0.0, 0.0, 1.0],
                [0.99798, 0.060383, 0.019769, 0.125611, 0.062017, -0.858104, -0.509717, -0.001402, -0.013814, 0.509913, -0.860115, 0.005206, 0.0, 0.0, 0.0, 1.0],
                [0.997997, 0.059819, 0.020565, 0.125607, 0.061811, -0.853155, -0.517983, -0.001351, -0.01344, 0.518217, -0.855144, 0.00529, 0.0, 0.0, 0.0, 1.0],
                [0.997743, 0.057281, 0.035043, 0.125581, 0.067137, -0.840438, -0.537732, -0.001224, -0.001351, 0.538871, -0.842387, 0.005502, 0.0, 0.0, 0.0, 1.0],
                [0.996228, 0.051603, 0.069759, 0.125524, 0.081505, -0.832304, -0.548294, -0.001141, 0.029767, 0.551912, -0.833371, 0.005635, 0.0, 0.0, 0.0, 1.0],
                [0.98292, 0.030951, 0.181412, 0.125319, 0.130007, -0.814481, -0.565436, -0.00096, 0.130256, 0.579363, -0.804594, 0.005914, 0.0, 0.0, 0.0, 1.0],
                [0.968861, 0.017264, 0.247002, 0.125181, 0.159696, -0.805922, -0.570076, -0.000874, 0.189223, 0.59177, -0.783584, 0.006041, 0.0, 0.0, 0.0, 1.0],
                [0.929231, -0.011299, 0.369328, 0.124895, 0.217128, -0.792058, -0.570526, -0.000733, 0.298975, 0.610341, -0.733551, 0.00623, 0.0, 0.0, 0.0, 1.0],
                [0.909045, -0.023308, 0.416047, 0.124774, 0.239709, -0.787442, -0.567869, -0.000687, 0.340849, 0.615949, -0.710232, 0.006287, 0.0, 0.0, 0.0, 1.0],
                [0.88712, -0.035421, 0.460178, 0.124653, 0.261054, -0.783727, -0.56358, -0.00065, 0.380617, 0.620095, -0.686013, 0.00633, 0.0, 0.0, 0.0, 1.0],
                [0.886942, -0.041813, 0.459984, 0.124587, 0.25516, -0.785776, -0.563427, -0.00067, 0.385003, 0.617096, -0.686269, 0.006299, 0.0, 0.0, 0.0, 1.0],
                [0.889373, -0.081183, 0.449917, 0.124185, 0.212021, -0.798643, -0.56322, -0.000801, 0.405047, 0.596305, -0.693079, 0.006086, 0.0, 0.0, 0.0, 1.0],
                [0.890421, -0.109232, 0.441836, 0.123899, 0.179816, -0.807369, -0.56198, -0.000889, 0.418111, 0.579848, -0.699257, 0.005917, 0.0, 0.0, 0.0, 1.0],
                [0.889539, -0.1694, 0.424292, 0.123283, 0.107331, -0.825234, -0.554498, -0.00107, 0.444072, 0.538788, -0.715896, 0.005496, 0.0, 0.0, 0.0, 1.0],
                [0.887574, -0.19631, 0.416743, 0.123006, 0.072666, -0.833666, -0.547468, -0.001154, 0.454898, 0.516202, -0.725675, 0.005265, 0.0, 0.0, 0.0, 1.0],
                [0.88311, -0.23073, 0.408509, 0.122655, 0.020999, -0.850403, -0.525712, -0.001324, 0.468695, 0.47284, -0.746155, 0.004821, 0.0, 0.0, 0.0, 1.0],
                [0.88215, -0.233035, 0.409276, 0.122631, 0.00985, -0.859689, -0.510723, -0.001418, 0.470867, 0.454565, -0.756079, 0.004633, 0.0, 0.0, 0.0, 1.0],
                [0.882888, -0.224063, 0.41268, 0.122724, 0.000341, -0.878515, -0.477715, -0.001609, 0.469584, 0.42191, -0.775554, 0.004299, 0.0, 0.0, 0.0, 1.0],
                [0.884302, -0.218623, 0.412569, 0.122778, -0.004389, -0.887459, -0.460865, -0.0017, 0.466894, 0.405734, -0.785742, 0.004134, 0.0, 0.0, 0.0, 1.0],
                [0.889847, -0.205212, 0.407504, 0.122915, -0.013767, -0.904813, -0.425586, -0.001875, 0.456051, 0.373097, -0.807971, 0.003799, 0.0, 0.0, 0.0, 1.0],
                [0.894186, -0.197015, 0.402016, 0.122999, -0.018358, -0.913347, -0.406769, -0.001961, 0.44732, 0.356347, -0.820318, 0.003627, 0.0, 0.0, 0.0, 1.0],
                [0.906339, -0.177161, 0.383619, 0.123201, -0.027046, -0.930325, -0.365738, -0.002133, 0.421685, 0.321107, -0.847981, 0.003267, 0.0, 0.0, 0.0, 1.0],
                [0.914186, -0.165361, 0.370027, 0.123321, -0.030944, -0.938794, -0.343088, -0.002219, 0.404112, 0.302196, -0.863349, 0.003073, 0.0, 0.0, 0.0, 1.0],
                [0.933046, -0.137922, 0.33227, 0.123599, -0.037076, -0.95554, -0.29252, -0.002387, 0.357843, 0.260615, -0.896676, 0.002648, 0.0, 0.0, 0.0, 1.0],
                [0.943383, -0.122778, 0.308145, 0.123754, -0.038894, -0.96351, -0.264831, -0.002468, 0.329416, 0.237852, -0.913735, 0.002415, 0.0, 0.0, 0.0, 1.0],
                [0.963378, -0.09195, 0.251889, 0.124067, -0.03919, -0.977563, -0.206965, -0.002609, 0.265268, 0.189514, -0.945366, 0.001921, 0.0, 0.0, 0.0, 1.0],
                [0.972209, -0.077105, 0.221051, 0.124215, -0.037548, -0.983339, -0.17786, -0.002667, 0.231082, 0.164618, -0.958907, 0.001667, 0.0, 0.0, 0.0, 1.0],
                [0.986209, -0.05022, 0.157701, 0.124487, -0.030998, -0.992038, -0.122064, -0.002754, 0.162576, 0.115492, -0.979914, 0.001166, 0.0, 0.0, 0.0, 1.0],
                [0.991173, -0.038645, 0.126814, 0.124603, -0.026455, -0.994987, -0.096436, -0.002783, 0.129905, 0.09223, -0.987228, 0.000928, 0.0, 0.0, 0.0, 1.0],
                [0.997296, -0.019896, 0.070745, 0.124794, -0.016222, -0.998509, -0.052129, -0.002817, 0.071677, 0.050841, -0.996131, 0.000506, 0.0, 0.0, 0.0, 1.0],
                [0.998805, -0.01282, 0.047168, 0.124866, -0.011208, -0.999349, -0.034287, -0.002825, 0.047577, 0.033717, -0.998298, 0.000332, 0.0, 0.0, 0.0, 1.0],
                [0.999914, -0.00329, 0.012726, 0.12496, -0.003175, -0.999954, -0.009046, -0.00283, 0.012755, 0.009004, -0.999878, 8e-05, 0.0, 0.0, 0.0, 1.0],
                [0.999994, -0.000842, 0.003297, 0.124984, -0.000834, -0.999997, -0.002324, -0.00283, 0.003299, 0.002321, -0.999992, 1.2e-05, 0.0, 0.0, 0.0, 1.0]
            ]
        },
        {
            "name": "Leg_R",
            "time": [0.0, 0.0417, 0.125, 0.1667, 0.25, 0.2917, 0.375, 0.4583, 0.5, 0.5417, 0.5833, 0.625, 0.6667, 0.7083, 0.75, 0.7917, 0.8333, 0.875, 0.9167, 0.9583, 1.0, 1.0417, 1.125, 1.1667, 1.25, 1.2917, 1.375, 1.4167, 1.5, 1.5417, 1.625, 1.6667, 1.75, 1.7917, 1.875, 1.9167, 2.0, 2.0417, 2.125, 2.1667, 2.25, 2.2917, 2.375, 2.4167, 2.5, 2.5417, 2.625, 2.6667, 2.75, 2.7917, 2.875, 2.9167, 3.0, 3.0417, 3.125, 3.1667, 3.25, 3.2917, 3.375, 3.4167, 3.5, 3.5417, 3.625, 3.6667, 3.75, 3.7917, 3.875, 3.9167],
            "transform": [
                [1.0, 1e-06, 2e-06, 0.0, -1e-06, 0.892289, 0.451465, 0.37472, -1e-06, -0.451465, 0.892289, 0.0, 0.0, 0.0, 0.0, 1.0],
                [1.0, 1e-06, 2e-06, 0.0, -1e-06, 0.892289, 0.451465, 0.37472, -1e-06, -0.451465, 0.892289, 0.0, 0.0, 0.0, 0.0, 1.0],
                [1.0, 1e-06, 2e-06, -0.0, -1e-06, 0.892289, 0.451465, 0.37472, -1e-06, -0.451465, 0.892289, -0.0, 0.0, 0.0, 0.0, 1.0],
                [1.0, 1e-06, 2e-06, 0.0, -1e-06, 0.892289, 0.451465, 0.37472, -1e-06, -0.451465, 0.892289, -0.0, 0.0, 0.0, 0.0, 1.0],
                [1.0, 1e-06, 2e-06, 0.0, -1e-06, 0.892289, 0.451465, 0.37472, -1e-06, -0.451465, 0.892289, -0.0, 0.0, 0.0, 0.0, 1.0],
                [1.0, 1e-06, 2e-06, 0.0, -1e-06, 0.892289, 0.451465, 0.37472, -1e-06, -0.451465, 0.892289, 0.0, 0.0, 0.0, 0.0, 1.0],
                [1.0, 1e-06, 2e-06, 0.0, -1e-06, 0.892289, 0.451465, 0.37472, -1e-06, -0.451465, 0.892289, 0.0, 0.0, 0.0, 0.0, 1.0],
                [1.0, 1e-06, 2e-06, 0.0, -1e-06, 0.892289, 0.451465, 0.37472, -1e-06, -0.451465, 0.892289, -0.0, 0.0, 0.0, 0.0, 1.0],
                [1.0, 1e-06, 2e-06, -0.0, -1e-06, 0.892289, 0.451464, 0.37472, -1e-06, -0.451465, 0.892289, 0.0, 0.0, 0.0, 0.0, 1.0],
                [1.0, 1e-06, 2e-06, 0.0, -1e-06, 0.892289, 0.451465, 0.37472, -1e-06, -0.451465, 0.892289, -0.0, 0.0, 0.0, 0.0, 1.0],
                [1.0, 1e-06, 2e-06, 0.0, -1e-06, 0.892289, 0.451465, 0.37472, -1e-06, -0.451465, 0.892289, -0.0, 0.0, 0.0, 0.0, 1.0],
                [1.0, 1e-06, 2e-06, -0.0, -1e-06, 0.892289, 0.451465, 0.37472, -1e-06, -0.451465, 0.892289, 0.0, 0.0, 0.0, 0.0, 1.0],
                [1.0, 1e-06, 2e-06, -0.0, -1e-06, 0.892289, 0.451465, 0.37472, -1e-06, -0.451465, 0.892289, 0.0, 0.0, 0.0, 0.0, 1.0],
                [1.0, 1e-06, 2e-06, -0.0, -1e-06, 0.892289, 0.451465, 0.37472, -1e-06, -0.451465, 0.892289, 0.0, 0.0, 0.0, 0.0, 1.0],
                [1.0, 1e-06, 2e-06, 0.0, -1e-06, 0.892289, 0.451465, 0.37472, -1e-06, -0.451464, 0.892289, 0.0, 0.0, 0.0, 0.0, 1.0],
                [1.0, 1e-06, 2e-06, 0.0, -1e-06, 0.908524, 0.417832, 0.37472, -1e-06, -0.417832, 0.908524, 0.0, 0.0, 0.0, 0.0, 1.0],
                [1.0, 1e-06, 2e-06, -0.0, -1e-06, 0.942207, 0.335032, 0.37472, -1e-06, -0.335032, 0.942207, -0.0, 0.0, 0.0, 0.0, 1.0],
                [1.0, 1e-06, 2e-06, 0.0, -1e-06, 0.972593, 0.232516, 0.37472, -1e-06, -0.232516, 0.972593, 0.0, 0.0, 0.0, 0.0, 1.0],
                [1.0, 1e-06, 1e-06, 0.0, -1e-06, 0.98947, 0.144735, 0.37472, -1e-06, -0.144735, 0.98947, 0.0, 0.0, 0.0, 0.0, 1.0],
                [1.0, 1e-06, 1e-06, -0.0, -1e-06, 0.994185, 0.107687, 0.374721, -1e-06, -0.107687, 0.994185, -0.0, 0.0, 0.0, 0.0, 1.0],
                [1.0, 1e-06, 1e-06, 0.0, -1e-06, 0.994019, 0.109207, 0.37472, -1e-06, -0.109207, 0.994019, -0.0, 0.0, 0.0, 0.0, 1.0],
                [1.0, 1e-06, 1e-06, 0.0, -1e-06, 0.993514, 0.11371, 0.37472, -1e-06, -0.11371, 0.993514, -0.0, 0.0, 0.0, 0.0, 1.0],
                [1.0, 1e-06, 1e-06, -0.0, -1e-06, 0.991345, 0.131281, 0.37472, -1e-06, -0.131281, 0.991345, -0.0, 0.0, 0.0, 0.0, 1.0],
                [1.0, 1e-06, 1e-06, 0.0, -1e-06, 0.989596, 0.143875, 0.37472, -1e-06, -0.143875, 0.989596, 0.0, 0.0, 0.0, 0.0, 1.0],
                [1.0, 1e-06, 1e-06, -1e-06, -1e-06, 0.984609, 0.174772, 0.374721, -1e-06, -0.174772, 0.984609, 0.0, 0.0, 0.0, 0.0, 1.0],
                [1.0, 1e-06, 1e-06, -0.0, -1e-06, 0.981339, 0.192287, 0.37472, -1e-06, -0.192287, 0.981339, 0.0, 0.0, 0.0, 0.0, 1.0],
                [1.0, 1e-06, 1e-06, -0.0, -1e-06, 0.973315, 0.229473, 0.37472, -1e-06, -0.229473, 0.973315, 0.0, 0.0, 0.0, 0.0, 1.0],
                [1.0, 1e-06, 2e-06, -0.0, -1e-06, 0.968668, 0.248361, 0.37472, -1e-06, -0.248361, 0.968668, -0.0, 0.0, 0.0, 0.0, 1.0],
                [1.0, 1e-06, 1e-06, 0.0, -1e-06, 0.958585, 0.284805, 0.37472, -1e-06, -0.284805, 0.958585, 0.0, 0.0, 0.0, 0.0, 1.0],
                [1.0, 1e-06, 2e-06, 0.0, -1e-06, 0.953428, 0.301619, 0.37472, -1e-06, -0.301619, 0.953428, -0.0, 0.0, 0.0, 0.0, 1.0],
                [1.0, 1e-06, 2e-06, 0.0, -1e-06, 0.943555, 0.331216, 0.37472, -1e-06, -0.331216, 0.943555, -0.0, 0.0, 0.0, 0.0, 1.0],
                [1.0, 1e-06, 2e-06, -0.0, -1e-06, 0.938937, 0.344088, 0.374721, -1e-06, -0.344088, 0.938937, -0.0, 0.0, 0.0, 0.0, 1.0],
                [1.0, 1e-06, 2e-06, -0.0, -1e-06, 0.930467, 0.366375, 0.37472, -1e-06, -0.366375, 0.930467, -0.0, 0.0, 0.0, 0.0, 1.0],
                [1.0, 1e-06, 2e-06, -0.0, -1e-06, 0.926642, 0.375944, 0.37472, -1e-06, -0.375944, 0.926642, 0.0, 0.0, 0.0, 0.0, 1.0],
                [1.0, 1e-06, 2e-06, -0.0, -1e-06, 0.919833, 0.392309, 0.37472, -1e-06, -0.392309, 0.919833, 0.0, 0.0, 0.0, 0.0, 1.0],
                [1.0, 1e-06, 2e-06, -0.0, -1e-06, 0.916843, 0.399249, 0.374721, -1e-06, -0.399249, 0.916843, 0.0, 0.0, 0.0, 0.0, 1.0],
                [1.0, 1e-06, 2e-06, -0.0, -1e-06, 0.911638, 0.410993, 0.374721, -1e-06, -0.410993, 0.911639, 0.0, 0.0, 0.0, 0.0, 1.0],
                [1.0, 1e-06, 2e-06, -0.0, -1e-06, 0.909396, 0.415932, 0.37472, -1e-06, -0.415932, 0.909396, -0.0, 0.0, 0.0, 0.0, 1.0],
                [1.0, 1e-06, 2e-06, 0.0, -1e-06, 0.905534, 0.424274, 0.37472, -1e-06, -0.424274, 0.905534, -0.0, 0.0, 0.0, 0.0, 1.0],
                [1.0, 1e-06, 2e-06, -0.0, -1e-06, 0.903872, 0.427803, 0.374721, -1e-06, -0.427803, 0.903872, 0.0, 0.0, 0.0, 0.0, 1.0],
                [1.0, 1e-06, 2e-06, 0.0, -1e-06, 0.900972, 0.433877, 0.37472, -1e-06, -0.433877, 0.900972, -0.0, 0.0, 0.0, 0.0, 1.0],
                [1.0, 1e-06, 2e-06, 0.0, -1e-06, 0.899685, 0.43654, 0.37472, -1e-06, -0.43654, 0.899685, -0.0, 0.0, 0.0, 0.0, 1.0],
                [1.0, 1e-06, 2e-06, 0.0, -1e-06, 0.897304, 0.441413, 0.37472, -1e-06, -0.441413, 0.897304, -0.0, 0.0, 0.0, 0.0, 1.0],
                [1.0, 1e-06, 2e-06, 0.0, -1e-06, 0.896157, 0.443738, 0.37472, -1e-06, -0.443738, 0.896157, 0.0, 0.0, 0.0, 0.0, 1.0],
                [1.0, 1e-06, 2e-06, -0.0, -1e-06, 0.893806, 0.448453, 0.37472, -1e-06, -0.448453, 0.893807, -0.0, 0.0, 0.0, 0.0, 1.0],
                [1.0, 1e-06, 2e-06, -0.0, -1e-06, 0.892534, 0.45098, 0.37472, -1e-06, -0.45098, 0.892534, 0.0, 0.0, 0.0, 0.0, 1.0],
                [1.0, 1e-06, 2e-06, -1e-06, -1e-06, 0.889366, 0.457196, 0.374721, -1e-06, -0.457196, 0.889366, -0.0, 0.0, 0.0, 0.0, 1.0],
                [1.0, 1e-06, 2e-06, 0.0, -1e-06, 0.887251, 0.461287, 0.374721, -1e-06, -0.461287, 0.887251, -0.0, 0.0, 0.0, 0.0, 1.0],
                [1.0, 1e-06, 2e-06, 0.0, -1e-06, 0.881371, 0.472425, 0.374721, -1e-06, -0.472425, 0.881371, 0.0, 0.0, 0.0, 0.0, 1.0],
                [1.0, 1e-06, 2e-06, -0.0, -1e-06, 0.877346, 0.479858, 0.37472, -1e-06, -0.479858, 0.877346, 0.0, 0.0, 0.0, 0.0, 1.0],
                [1.0, 1e-06, 2e-06, 0.0, -1e-06, 0.866385, 0.499378, 0.37472, -1e-06, -0.499377, 0.866385, 0.0, 0.0, 0.0, 0.0, 1.0],
                [1.0, 1e-06, 2e-06, 0.0, -1e-06, 0.8591, 0.511808, 0.37472, -1e-06, -0.511808, 0.8591, -0.0, 0.0, 0.0, 0.0, 1.0],
                [1.0, 1e-06, 2e-06, -0.0, -1e-06, 0.840627, 0.541615, 0.37472, -1e-06, -0.541615, 0.840627, 0.0, 0.0, 0.0, 0.0, 1.0],
                [1.0, 0.0, 2e-06, -0.0, -1e-06, 0.83005, 0.557689, 0.37472, -1e-06, -0.557689, 0.83005, 0.0, 0.0, 0.0, 0.0, 1.0],
                [1.0, 0.0, 2e-06, -0.0, -1e-06, 0.808331, 0.588728, 0.37472, -1e-06, -0.588728, 0.808331, -0.0, 0.0, 0.0, 0.0, 1.0],
                [1.0, 0.0, 2e-06, 0.0, -1e-06, 0.798194, 0.6024, 0.374721, -1e-06, -0.602401, 0.798194, 0.0, 0.0, 0.0, 0.0, 1.0],
                [1.0, 0.0, 2e-06, -0.0, -1e-06, 0.782182, 0.62305, 0.37472, -1e-06, -0.62305, 0.782182, 0.0, 0.0, 0.0, 0.0, 1.0],
                [1.0, 0.0, 2e-06, 0.0, -1e-06, 0.777499, 0.628884, 0.37472, -1e-06, -0.628884, 0.777499, 0.0, 0.0, 0.0, 0.0, 1.0],
                [1.0, 0.0, 2e-06, -0.0, -1e-06, 0.781226, 0.624249, 0.37472, -1e-06, -0.624249, 0.781226, -0.0, 0.0, 0.0, 0.0, 1.0],
                [1.0, 0.0, 2e-06, -0.0, -1e-06, 0.796171, 0.605072, 0.37472, -1e-06, -0.605072, 0.796171, -0.0, 0.0, 0.0, 0.0, 1.0],
                [1.0, 0.0, 2e-06, 0.0, -1e-06, 0.845497, 0.53398, 0.37472, -1e-06, -0.53398, 0.845497, 0.0, 0.0, 0.0, 0.0, 1.0],
                [1.0, 1e-06, 2e-06, -0.0, -1e-06, 0.874832, 0.484426, 0.37472, -1e-06, -0.484426, 0.874832, 0.0, 0.0, 0.0, 0.0, 1.0],
                [1.0, 1e-06, 2e-06, 0.0, -1e-06, 0.930824, 0.365467, 0.37472, -1e-06, -0.365467, 0.930824, 0.0, 0.0, 0.0, 0.0, 1.0],
                [1.0, 1e-06, 2e-06, -0.0, -1e-06, 0.953758, 0.300574, 0.37472, -1e-06, -0.300574, 0.953759, 0.0, 0.0, 0.0, 0.0, 1.0],
