{
    "animation": [
        {
            "name": "Root",
            "time": [0.0, 0.1667, 0.3333, 1.0833, 1.1833, 1.2333, 1.3, 1.35, 1.4333, 1.4833, 1.5833, 1.6333, 1.7333, 1.7833, 1.8667, 1.9167, 2.0, 2.05, 2.1667],
            "transform": [
                [1.0, 0.0, 0.0, -5e-06, 0.0, 0.0, -1.0, 0.000946, 0.0, 1.0, 0.0, 0.763972, 0.0, 0.0, 0.0, 1.0],
                [1.0, 0.0, 0.0, -5e-06, 0.0, 0.0, -1.0, 0.000946, 0.0, 1.0, 0.0, 0.763972, 0.0, 0.0, 0.0, 1.0],
                [1.0, 0.0, 0.0, -5e-06, 0.0, 0.0, -1.0, 0.000946, 0.0, 1.0, 0.0, 0.639378, 0.0, 0.0, 0.0, 1.0],
                [1.0, 0.0, 0.0, -5e-06, 0.0, 0.0, -1.0, 0.000946, 0.0, 1.0, 0.0, 0.639378, 0.0, 0.0, 0.0, 1.0],
                [1.0, 0.0, 0.0, -5e-06, 0.0, -0.161113, -0.986936, 0.000946, 0.0, 0.986936, -0.161113, 0.453684, 0.0, 0.0, 0.0, 1.0],
                [1.0, 0.0, 0.0, -5e-06, 0.0, -0.161113, -0.986936, 0.000946, 0.0, 0.986936, -0.161113, 0.453684, 0.0, 0.0, 0.0, 1.0],
                [1.0, 0.0, 0.0, -5e-06, 0.0, -0.161113, -0.986936, 0.000946, 0.0, 0.986936, -0.161113, 0.453684, 0.0, 0.0, 0.0, 1.0],
                [1.0, 0.0, 0.0, -5e-06, 0.0, -0.161113, -0.986936, 0.000946, 0.0, 0.986936, -0.161113, 0.453684, 0.0, 0.0, 0.0, 1.0],
                [1.0, 0.0, 0.0, -5e-06, 0.0, -0.161113, -0.986936, 0.000946, 0.0, 0.986936, -0.161113, 0.453684, 0.0, 0.0, 0.0, 1.0],
                [1.0, 0.0, 0.0, -5e-06, 0.0, -0.161113, -0.986936, 0.000946, 0.0, 0.986936, -0.161113, 0.453684, 0.0, 0.0, 0.0, 1.0],
                [1.0, 0.0, 0.0, -5e-06, 0.0, -0.161113, -0.986936, 0.000946, 0.0, 0.986936, -0.161113, 0.453684, 0.0, 0.0, 0.0, 1.0],
                [1.0, 0.0, 0.0, -5e-06, 0.0, -0.161113, -0.986936, 0.000946, 0.0, 0.986936, -0.161113, 0.453684, 0.0, 0.0, 0.0, 1.0],
                [1.0, 0.0, 0.0, -5e-06, 0.0, -0.161113, -0.986936, 0.000946, 0.0, 0.986936, -0.161113, 0.453684, 0.0, 0.0, 0.0, 1.0],
                [1.0, 0.0, 0.0, -5e-06, 0.0, -0.161113, -0.986936, 0.000946, 0.0, 0.986936, -0.161113, 0.453684, 0.0, 0.0, 0.0, 1.0],
                [1.0, 0.0, 0.0, -5e-06, 0.0, -0.161113, -0.986936, 0.000946, 0.0, 0.986936, -0.161113, 0.453684, 0.0, 0.0, 0.0, 1.0],
                [1.0, 0.0, 0.0, -5e-06, 0.0, -0.161113, -0.986936, 0.000946, 0.0, 0.986936, -0.161113, 0.453684, 0.0, 0.0, 0.0, 1.0],
                [1.0, 0.0, 0.0, -5e-06, 0.0, -0.161113, -0.986936, 0.000946, 0.0, 0.986936, -0.161113, 0.453684, 0.0, 0.0, 0.0, 1.0],
                [1.0, 0.0, 0.0, -5e-06, 0.0, -0.161113, -0.986936, 0.000946, 0.0, 0.986936, -0.161113, 0.453684, 0.0, 0.0, 0.0, 1.0],
                [1.0, 0.0, 0.0, -5e-06, 0.0, 0.0, -1.0, 0.000946, 0.0, 1.0, 0.0, 0.763972, 0.0, 0.0, 0.0, 1.0]
            ]
        },
        {
            "name": "Thigh_R",
            "time": [0.0, 0.1667, 0.3333, 1.0833, 1.1833, 1.2333, 1.3, 1.35, 1.4333, 1.4833, 1.5833, 1.6333, 1.7333, 1.7833, 1.8667, 1.9167, 2.0, 2.05, 2.1667],
            "transform": [
                [0.998887, 0.04716, -0.0, 0.124994, 0.047161, -0.998885, 0.0, -0.002831, 0.0, -1e-06, -1.0, -1.2e-05, 0.0, 0.0, 0.0, 1.0],
                [0.998887, 0.04716, 0.0, 0.124994, 0.047126, -0.998145, 0.038484, -0.002831, 0.001815, -0.038441, -0.99926, -1.2e-05, 0.0, 0.0, 0.0, 1.0],
                [0.892323, 0.359213, 0.273358, 0.124994, 0.162334, -0.820434, 0.548209, -0.002831, 0.421197, -0.444803, -0.790407, -1.2e-05, 0.0, 0.0, 0.0, 1.0],
                [0.892323, 0.359213, 0.273358, 0.124994, 0.162334, -0.820434, 0.548209, -0.002831, 0.421197, -0.444803, -0.790407, -1.2e-05, 0.0, 0.0, 0.0, 1.0],
                [0.998887, 0.04716, -0.0, 0.124994, 0.047161, -0.998885, 0.0, -0.002831, 0.0, -0.0, -1.0, -1.2e-05, 0.0, 0.0, 0.0, 1.0],
                [0.998887, 0.04716, -0.0, 0.124994, 0.047161, -0.998885, 0.0, -0.002831, 0.0, -0.0, -1.0, -1.2e-05, 0.0, 0.0, 0.0, 1.0],
                [0.998887, 0.04716, -0.0, 0.124994, 0.047161, -0.998885, 0.0, -0.002831, 0.0, -0.0, -1.0, -1.2e-05, 0.0, 0.0, 0.0, 1.0],
                [0.998887, 0.04716, -0.0, 0.124994, 0.047161, -0.998885, 0.0, -0.002831, 0.0, -0.0, -1.0, -1.2e-05, 0.0, 0.0, 0.0, 1.0],
                [0.998887, 0.04716, -0.0, 0.124994, 0.047161, -0.998885, 0.0, -0.002831, 0.0, -0.0, -1.0, -1.2e-05, 0.0, 0.0, 0.0, 1.0],
                [0.998887, 0.04716, -0.0, 0.124994, 0.047161, -0.998885, 0.0, -0.002831, 0.0, -0.0, -1.0, -1.2e-05, 0.0, 0.0, 0.0, 1.0],
                [0.998887, 0.04716, -0.0, 0.124994, 0.047161, -0.998885, 0.0, -0.002831, 0.0, -0.0, -1.0, -1.2e-05, 0.0, 0.0, 0.0, 1.0],
                [0.998887, 0.04716, -0.0, 0.124994, 0.047161, -0.998885, 0.0, -0.002831, 0.0, -0.0, -1.0, -1.2e-05, 0.0, 0.0, 0.0, 1.0],
                [0.998887, 0.04716, -0.0, 0.124994, 0.047161, -0.998885, 0.0, -0.002831, 0.0, -0.0, -1.0, -1.2e-05, 0.0, 0.0, 0.0, 1.0],
                [0.998887, 0.04716, -0.0, 0.124994, 0.047161, -0.998885, 0.0, -0.002831, 0.0, -0.0, -1.0, -1.2e-05, 0.0, 0.0, 0.0, 1.0],
                [0.998887, 0.04716, -0.0, 0.124994, 0.047161, -0.998885, 0.0, -0.002831, 0.0, -0.0, -1.0, -1.2e-05, 0.0, 0.0, 0.0, 1.0],
                [0.998887, 0.04716, -0.0, 0.124994, 0.047161, -0.998885, 0.0, -0.002831, 0.0, -0.0, -1.0, -1.2e-05, 0.0, 0.0, 0.0, 1.0],
                [0.998887, 0.04716, -0.0, 0.124994, 0.047161, -0.998885, 0.0, -0.002831, 0.0, -0.0, -1.0, -1.2e-05, 0.0, 0.0, 0.0, 1.0],
                [0.998887, 0.04716, -0.0, 0.124994, 0.047161, -0.998885, 0.0, -0.002831, 0.0, -0.0, -1.0, -1.2e-05, 0.0, 0.0, 0.0, 1.0],
                [0.998887, 0.04716, -0.0, 0.124994, 0.047161, -0.998885, 0.0, -0.002831, 0.0, -1e-06, -1.0, -1.2e-05, 0.0, 0.0, 0.0, 1.0]
            ]
        },
        {
            "name": "Leg_R",
            "time": [0.0, 0.1667, 0.3333, 1.0833, 1.1833, 1.2333, 1.3, 1.35, 1.4333, 1.4833, 1.5833, 1.6333, 1.7333, 1.7833, 1.8667, 1.9167, 2.0, 2.05, 2.1667],
            "transform": [
                [1.0, 0.0, 1e-06, 0.0, -0.0, 1.000001, -0.0, 0.374726, -1e-06, 0.0, 0.999999, 0.0, 0.0, 0.0, 0.0, 1.0],
                [0.999993, 0.000144, -0.003678, 0.0, 0.000143, 0.996961, 0.077908, 0.374726, 0.003678, -0.077908, 0.996953, 0.0, 0.0, 0.0, 0.0, 1.0],
                [0.996689, 0.065075, 0.048753, -0.0, -0.077542, 0.580237, 0.810748, 0.374726, 0.024471, -0.811845, 0.583361, -0.0, 0.0, 0.0, 0.0, 1.0],
                [0.996689, 0.065075, 0.048753, -0.0, -0.077542, 0.580237, 0.810748, 0.374726, 0.024471, -0.811845, 0.583361, -0.0, 0.0, 0.0, 0.0, 1.0],
                [0.997337, 0.056397, -0.046234, 0.0, 0.056397, -0.194529, 0.979274, 0.374726, 0.046235, -0.979275, -0.197191, -0.0, 0.0, 0.0, 0.0, 1.0],
                [0.997337, 0.056397, -0.046234, 0.0, 0.056397, -0.194529, 0.979274, 0.374726, 0.046235, -0.979275, -0.197191, -0.0, 0.0, 0.0, 0.0, 1.0],
                [0.997337, 0.056397, -0.046234, 0.0, 0.056397, -0.194529, 0.979274, 0.374726, 0.046235, -0.979275, -0.197191, -0.0, 0.0, 0.0, 0.0, 1.0],
                [0.997337, 0.056397, -0.046234, 0.0, 0.056397, -0.194529, 0.979274, 0.374726, 0.046235, -0.979275, -0.197191, -0.0, 0.0, 0.0, 0.0, 1.0],
                [0.997337, 0.056397, -0.046234, 0.0, 0.056397, -0.194529, 0.979274, 0.374726, 0.046235, -0.979275, -0.197191, -0.0, 0.0, 0.0, 0.0, 1.0],
                [0.997337, 0.056397, -0.046234, 0.0, 0.056397, -0.194529, 0.979274, 0.374726, 0.046235, -0.979275, -0.197191, -0.0, 0.0, 0.0, 0.0, 1.0],
                [0.997337, 0.056397, -0.046234, 0.0, 0.056397, -0.194529, 0.979274, 0.374726, 0.046235, -0.979275, -0.197191, -0.0, 0.0, 0.0, 0.0, 1.0],
                [0.997337, 0.056397, -0.046234, 0.0, 0.056397, -0.194529, 0.979274, 0.374726, 0.046235, -0.979275, -0.197191, -0.0, 0.0, 0.0, 0.0, 1.0],
                [0.997337, 0.056397, -0.046234, 0.0, 0.056397, -0.194529, 0.979274, 0.374726, 0.046235, -0.979275, -0.197191, -0.0, 0.0, 0.0, 0.0, 1.0],
                [0.997337, 0.056397, -0.046234, 0.0, 0.056397, -0.194529, 0.979274, 0.374726, 0.046235, -0.979275, -0.197191, -0.0, 0.0, 0.0, 0.0, 1.0],
                [0.997337, 0.056397, -0.046234, 0.0, 0.056397, -0.194529, 0.979274, 0.374726, 0.046235, -0.979275, -0.197191, -0.0, 0.0, 0.0, 0.0, 1.0],
                [0.997337, 0.056397, -0.046234, 0.0, 0.056397, -0.194529, 0.979274, 0.374726, 0.046235, -0.979275, -0.197191, -0.0, 0.0, 0.0, 0.0, 1.0],
                [0.997337, 0.056397, -0.046234, 0.0, 0.056397, -0.194529, 0.979274, 0.374726, 0.046235, -0.979275, -0.197191, -0.0, 0.0, 0.0, 0.0, 1.0],
                [0.997337, 0.056397, -0.046234, 0.0, 0.056397, -0.194529, 0.979274, 0.374726, 0.046235, -0.979275, -0.197191, -0.0, 0.0, 0.0, 0.0, 1.0],
                [1.0, 0.0, 1e-06, 0.0, -0.0, 1.000001, -0.0, 0.374726, -1e-06, 0.0, 0.999999, 0.0, 0.0, 0.0, 0.0, 1.0]
            ]
        },
        {
            "name": "Knee_R",
            "time": [0.0, 0.1667, 0.3333, 1.0833, 1.1833, 1.2333, 1.3, 1.35, 1.4333, 1.4833, 1.5833, 1.6333, 1.7333, 1.7833, 1.8667, 1.9167, 2.0, 2.05, 2.1667],
            "transform": [
                [1.0, 0.0, -0.0, 0.0, -0.0, 1e-06, -1.0, 0.486932, 0.0, 1.0, 1e-06, -0.001311, 0.0, 0.0, 0.0, 1.0],
                [1.0, -0.0, 0.0, 0.0, -0.0, 1e-06, -1.0, 0.486932, 0.0, 1.0, 1e-06, -0.001311, 0.0, 0.0, 0.0, 1.0],
                [1.0, -0.0, -0.0, -0.0, -0.0, 0.0, -1.0, 0.486932, 0.0, 1.0, 0.0, -0.001311, 0.0, 0.0, 0.0, 1.0],
                [1.0, -0.0, -0.0, -0.0, -0.0, 0.0, -1.0, 0.486932, 0.0, 1.0, 0.0, -0.001311, 0.0, 0.0, 0.0, 1.0],
                [1.0, 0.0, 0.0, -0.0, 0.0, 1e-06, -1.0, 0.486932, 0.0, 1.0, 1e-06, -0.001311, 0.0, 0.0, 0.0, 1.0],
                [1.0, 0.0, 0.0, -0.0, 0.0, 1e-06, -1.0, 0.486932, 0.0, 1.0, 1e-06, -0.001311, 0.0, 0.0, 0.0, 1.0],
                [1.0, 0.0, 0.0, -0.0, 0.0, 1e-06, -1.0, 0.486932, 0.0, 1.0, 1e-06, -0.001311, 0.0, 0.0, 0.0, 1.0],
                [1.0, 0.0, 0.0, -0.0, 0.0, 1e-06, -1.0, 0.486932, 0.0, 1.0, 1e-06, -0.001311, 0.0, 0.0, 0.0, 1.0],
                [1.0, 0.0, 0.0, -0.0, 0.0, 1e-06, -1.0, 0.486932, 0.0, 1.0, 1e-06, -0.001311, 0.0, 0.0, 0.0, 1.0],
                [1.0, 0.0, 0.0, -0.0, 0.0, 1e-06, -1.0, 0.486932, 0.0, 1.0, 1e-06, -0.001311, 0.0, 0.0, 0.0, 1.0],
                [1.0, 0.0, 0.0, -0.0, 0.0, 1e-06, -1.0, 0.486932, 0.0, 1.0, 1e-06, -0.001311, 0.0, 0.0, 0.0, 1.0],
                [1.0, 0.0, 0.0, -0.0, 0.0, 1e-06, -1.0, 0.486932, 0.0, 1.0, 1e-06, -0.001311, 0.0, 0.0, 0.0, 1.0],
                [1.0, 0.0, 0.0, -0.0, 0.0, 1e-06, -1.0, 0.486932, 0.0, 1.0, 1e-06, -0.001311, 0.0, 0.0, 0.0, 1.0],
                [1.0, 0.0, 0.0, -0.0, 0.0, 1e-06, -1.0, 0.486932, 0.0, 1.0, 1e-06, -0.001311, 0.0, 0.0, 0.0, 1.0],
                [1.0, 0.0, 0.0, -0.0, 0.0, 1e-06, -1.0, 0.486932, 0.0, 1.0, 1e-06, -0.001311, 0.0, 0.0, 0.0, 1.0],
                [1.0, 0.0, 0.0, -0.0, 0.0, 1e-06, -1.0, 0.486932, 0.0, 1.0, 1e-06, -0.001311, 0.0, 0.0, 0.0, 1.0],
                [1.0, 0.0, 0.0, -0.0, 0.0, 1e-06, -1.0, 0.486932, 0.0, 1.0, 1e-06, -0.001311, 0.0, 0.0, 0.0, 1.0],
                [1.0, 0.0, 0.0, -0.0, 0.0, 1e-06, -1.0, 0.486932, 0.0, 1.0, 1e-06, -0.001311, 0.0, 0.0, 0.0, 1.0],
                [1.0, 0.0, -0.0, 0.0, -0.0, 1e-06, -1.0, 0.486932, 0.0, 1.0, 1e-06, -0.001311, 0.0, 0.0, 0.0, 1.0]
            ]
        },
        {
            "name": "Thigh_L",
            "time": [0.0, 0.1667, 0.3333, 1.0833, 1.1833, 1.2333, 1.3, 1.35, 1.4333, 1.4833, 1.5833, 1.6333, 1.7333, 1.7833, 1.8667, 1.9167, 2.0, 2.05, 2.1667],
            "transform": [
                [0.996232, -0.086723, 0.0, -0.125006, -0.086723, -0.996232, 0.0, -0.002831, -0.0, -0.0, -1.0, -1.2e-05, 0.0, 0.0, 0.0, 1.0],
                [0.996232, -0.086723, -0.0, -0.125006, -0.086027, -0.988239, 0.12642, -0.002831, -0.010964, -0.125943, -0.991976, -1.2e-05, 0.0, 0.0, 0.0, 1.0],
                [0.901794, -0.382723, -0.200722, -0.125006, -0.096522, -0.631095, 0.769677, -0.002831, -0.421247, -0.674716, -0.606059, -1.2e-05, 0.0, 0.0, 0.0, 1.0],
                [0.901794, -0.382723, -0.200722, -0.125006, -0.096522, -0.631095, 0.769677, -0.002831, -0.421247, -0.674716, -0.606059, -1.2e-05, 0.0, 0.0, 0.0, 1.0],
                [0.996232, -0.086723, 0.0, -0.125006, -0.086723, -0.996232, 0.0, -0.002831, -0.0, -0.0, -1.0, -1.2e-05, 0.0, 0.0, 0.0, 1.0],
                [0.996232, -0.086723, 0.0, -0.125006, -0.086723, -0.996232, 0.0, -0.002831, -0.0, -0.0, -1.0, -1.2e-05, 0.0, 0.0, 0.0, 1.0],
                [0.996232, -0.086723, 0.0, -0.125006, -0.086723, -0.996232, 0.0, -0.002831, -0.0, -0.0, -1.0, -1.2e-05, 0.0, 0.0, 0.0, 1.0],
                [0.996232, -0.086723, 0.0, -0.125006, -0.086723, -0.996232, 0.0, -0.002831, -0.0, -0.0, -1.0, -1.2e-05, 0.0, 0.0, 0.0, 1.0],
                [0.996232, -0.086723, 0.0, -0.125006, -0.086723, -0.996232, 0.0, -0.002831, -0.0, -0.0, -1.0, -1.2e-05, 0.0, 0.0, 0.0, 1.0],
                [0.996232, -0.086723, 0.0, -0.125006, -0.086723, -0.996232, 0.0, -0.002831, -0.0, -0.0, -1.0, -1.2e-05, 0.0, 0.0, 0.0, 1.0],
                [0.996232, -0.086723, 0.0, -0.125006, -0.086723, -0.996232, 0.0, -0.002831, -0.0, -0.0, -1.0, -1.2e-05, 0.0, 0.0, 0.0, 1.0],
                [0.996232, -0.086723, 0.0, -0.125006, -0.086723, -0.996232, 0.0, -0.002831, -0.0, -0.0, -1.0, -1.2e-05, 0.0, 0.0, 0.0, 1.0],
                [0.996232, -0.086723, 0.0, -0.125006, -0.086723, -0.996232, 0.0, -0.002831, -0.0, -0.0, -1.0, -1.2e-05, 0.0, 0.0, 0.0, 1.0],
                [0.996232, -0.086723, 0.0, -0.125006, -0.086723, -0.996232, 0.0, -0.002831, -0.0, -0.0, -1.0, -1.2e-05, 0.0, 0.0, 0.0, 1.0],
                [0.996232, -0.086723, 0.0, -0.125006, -0.086723, -0.996232, 0.0, -0.002831, -0.0, -0.0, -1.0, -1.2e-05, 0.0, 0.0, 0.0, 1.0],
                [0.996232, -0.086723, 0.0, -0.125006, -0.086723, -0.996232, 0.0, -0.002831, -0.0, -0.0, -1.0, -1.2e-05, 0.0, 0.0, 0.0, 1.0],
                [0.996232, -0.086723, 0.0, -0.125006, -0.086723, -0.996232, 0.0, -0.002831, -0.0, -0.0, -1.0, -1.2e-05, 0.0, 0.0, 0.0, 1.0],
                [0.996232, -0.086723, 0.0, -0.125006, -0.086723, -0.996232, 0.0, -0.002831, -0.0, -0.0, -1.0, -1.2e-05, 0.0, 0.0, 0.0, 1.0],
                [0.996232, -0.086723, 0.0, -0.125006, -0.086723, -0.996232, 0.0, -0.002831, -0.0, -0.0, -1.0, -1.2e-05, 0.0, 0.0, 0.0, 1.0]
            ]
        },
        {
            "name": "Leg_L",
            "time": [0.0, 0.1667, 0.3333, 1.0833, 1.1833, 1.2333, 1.3, 1.35, 1.4333, 1.4833, 1.5833, 1.6333, 1.7333, 1.7833, 1.8667, 1.9167, 2.0, 2.05, 2.1667],
            "transform": [
                [1.0, -0.0, 1e-06, -0.0, 0.0, 1.0, -0.0, 0.374726, -1e-06, 0.0, 1.0, -0.0, 0.0, 0.0, 0.0, 1.0],
                [0.999909, -0.001047, 0.013464, 0.0, -0.001048, 0.987967, 0.154656, 0.374726, -0.013464, -0.154656, 0.987877, 0.0, 0.0, 0.0, 0.0, 1.0],
                [0.998794, 0.023477, -0.043116, 0.0, 0.033186, 0.324322, 0.945365, 0.374726, 0.036178, -0.945655, 0.323152, 0.0, 0.0, 0.0, 0.0, 1.0],
                [0.998794, 0.023477, -0.043116, 0.0, 0.033186, 0.324322, 0.945365, 0.374726, 0.036178, -0.945655, 0.323152, 0.0, 0.0, 0.0, 0.0, 1.0],
                [0.991056, -0.102746, 0.085157, -0.0, -0.102747, -0.180299, 0.978231, 0.374726, -0.085156, -0.978231, -0.189243, -0.0, 0.0, 0.0, 0.0, 1.0],
                [0.991056, -0.102746, 0.085157, -0.0, -0.102747, -0.180299, 0.978231, 0.374726, -0.085156, -0.978231, -0.189243, -0.0, 0.0, 0.0, 0.0, 1.0],
                [0.991056, -0.102746, 0.085157, -0.0, -0.102747, -0.180299, 0.978231, 0.374726, -0.085156, -0.978231, -0.189243, -0.0, 0.0, 0.0, 0.0, 1.0],
                [0.991056, -0.102746, 0.085157, -0.0, -0.102747, -0.180299, 0.978231, 0.374726, -0.085156, -0.978231, -0.189243, -0.0, 0.0, 0.0, 0.0, 1.0],
                [0.991056, -0.102746, 0.085157, -0.0, -0.102747, -0.180299, 0.978231, 0.374726, -0.085156, -0.978231, -0.189243, -0.0, 0.0, 0.0, 0.0, 1.0],
                [0.991056, -0.102746, 0.085157, -0.0, -0.102747, -0.180299, 0.978231, 0.374726, -0.085156, -0.978231, -0.189243, -0.0, 0.0, 0.0, 0.0, 1.0],
                [0.991056, -0.102746, 0.085157, -0.0, -0.102747, -0.180299, 0.978231, 0.374726, -0.085156, -0.978231, -0.189243, -0.0, 0.0, 0.0, 0.0, 1.0],
                [0.991056, -0.102746, 0.085157, -0.0, -0.102747, -0.180299, 0.978231, 0.374726, -0.085156, -0.978231, -0.189243, -0.0, 0.0, 0.0, 0.0, 1.0],
                [0.991056, -0.102746, 0.085157, -0.0, -0.102747, -0.180299, 0.978231, 0.374726, -0.085156, -0.978231, -0.189243, -0.0, 0.0, 0.0, 0.0, 1.0],
                [0.991056, -0.102746, 0.085157, -0.0, -0.102747, -0.180299, 0.978231, 0.374726, -0.085156, -0.978231, -0.189243, -0.0, 0.0, 0.0, 0.0, 1.0],
                [0.991056, -0.102746, 0.085157, -0.0, -0.102747, -0.180299, 0.978231, 0.374726, -0.085156, -0.978231, -0.189243, -0.0, 0.0, 0.0, 0.0, 1.0],
                [0.991056, -0.102746, 0.085157, -0.0, -0.102747, -0.180299, 0.978231, 0.374726, -0.085156, -0.978231, -0.189243, -0.0, 0.0, 0.0, 0.0, 1.0],
                [0.991056, -0.102746, 0.085157, -0.0, -0.102747, -0.180299, 0.978231, 0.374726, -0.085156, -0.978231, -0.189243, -0.0, 0.0, 0.0, 0.0, 1.0],
                [0.991056, -0.102746, 0.085157, -0.0, -0.102747, -0.180299, 0.978231, 0.374726, -0.085156, -0.978231, -0.189243, -0.0, 0.0, 0.0, 0.0, 1.0],
                [1.0, -0.0, 1e-06, -0.0, 0.0, 1.0, -0.0, 0.374726, -1e-06, 0.0, 1.0, -0.0, 0.0, 0.0, 0.0, 1.0]
            ]
        },
        {
            "name": "Knee_L",
            "time": [0.0, 0.1667, 0.3333, 1.0833, 1.1833, 1.2333, 1.3, 1.35, 1.4333, 1.4833, 1.5833, 1.6333, 1.7333, 1.7833, 1.8667, 1.9167, 2.0, 2.05, 2.1667],
            "transform": [
                [1.0, -0.0, 0.0, -0.0, 0.0, 1e-06, -1.0, 0.459884, -0.0, 1.0, 1e-06, -0.004006, 0.0, 0.0, 0.0, 1.0],
                [1.0, -0.0, 0.0, -0.0, -0.0, 1e-06, -1.0, 0.459884, 0.0, 1.0, 1e-06, -0.004006, 0.0, 0.0, 0.0, 1.0],
                [1.0, 0.0, -0.0, -0.0, 0.0, 1e-06, -1.0, 0.459884, -0.0, 1.0, 1e-06, -0.004006, 0.0, 0.0, 0.0, 1.0],
                [1.0, 0.0, -0.0, -0.0, 0.0, 1e-06, -1.0, 0.459884, -0.0, 1.0, 1e-06, -0.004006, 0.0, 0.0, 0.0, 1.0],
                [1.0, 0.0, 0.0, -0.0, 0.0, 1e-06, -1.0, 0.459884, -0.0, 1.0, 1e-06, -0.004006, 0.0, 0.0, 0.0, 1.0],
                [1.0, 0.0, 0.0, -0.0, 0.0, 1e-06, -1.0, 0.459884, -0.0, 1.0, 1e-06, -0.004006, 0.0, 0.0, 0.0, 1.0],
                [1.0, 0.0, 0.0, -0.0, 0.0, 1e-06, -1.0, 0.459884, -0.0, 1.0, 1e-06, -0.004006, 0.0, 0.0, 0.0, 1.0],
                [1.0, 0.0, 0.0, -0.0, 0.0, 1e-06, -1.0, 0.459884, -0.0, 1.0, 1e-06, -0.004006, 0.0, 0.0, 0.0, 1.0],
                [1.0, 0.0, 0.0, -0.0, 0.0, 1e-06, -1.0, 0.459884, -0.0, 1.0, 1e-06, -0.004006, 0.0, 0.0, 0.0, 1.0],
                [1.0, 0.0, 0.0, -0.0, 0.0, 1e-06, -1.0, 0.459884, -0.0, 1.0, 1e-06, -0.004006, 0.0, 0.0, 0.0, 1.0],
                [1.0, 0.0, 0.0, -0.0, 0.0, 1e-06, -1.0, 0.459884, -0.0, 1.0, 1e-06, -0.004006, 0.0, 0.0, 0.0, 1.0],
                [1.0, 0.0, 0.0, -0.0, 0.0, 1e-06, -1.0, 0.459884, -0.0, 1.0, 1e-06, -0.004006, 0.0, 0.0, 0.0, 1.0],
                [1.0, 0.0, 0.0, -0.0, 0.0, 1e-06, -1.0, 0.459884, -0.0, 1.0, 1e-06, -0.004006, 0.0, 0.0, 0.0, 1.0],
                [1.0, 0.0, 0.0, -0.0, 0.0, 1e-06, -1.0, 0.459884, -0.0, 1.0, 1e-06, -0.004006, 0.0, 0.0, 0.0, 1.0],
                [1.0, 0.0, 0.0, -0.0, 0.0, 1e-06, -1.0, 0.459884, -0.0, 1.0, 1e-06, -0.004006, 0.0, 0.0, 0.0, 1.0],
                [1.0, 0.0, 0.0, -0.0, 0.0, 1e-06, -1.0, 0.459884, -0.0, 1.0, 1e-06, -0.004006, 0.0, 0.0, 0.0, 1.0],
                [1.0, 0.0, 0.0, -0.0, 0.0, 1e-06, -1.0, 0.459884, -0.0, 1.0, 1e-06, -0.004006, 0.0, 0.0, 0.0, 1.0],
                [1.0, 0.0, 0.0, -0.0, 0.0, 1e-06, -1.0, 0.459884, -0.0, 1.0, 1e-06, -0.004006, 0.0, 0.0, 0.0, 1.0],
                [1.0, -0.0, 0.0, -0.0, 0.0, 1e-06, -1.0, 0.459884, -0.0, 1.0, 1e-06, -0.004006, 0.0, 0.0, 0.0, 1.0]
            ]
        },
        {
            "name": "Torso",
            "time": [0.0, 0.1667, 0.3333, 1.0833, 1.1833, 1.2333, 1.3, 1.35, 1.4333, 1.4833, 1.5833, 1.6333, 1.7333, 1.7833, 1.8667, 1.9167, 2.0, 2.05, 2.1667],
            "transform": [
                [1.0, 0.0, 0.0, 0.0, 0.0, 1.0, 0.0, 0.05, 0.0, 0.0, 1.0, 0.0, 0.0, 0.0, 0.0, 1.0],
                [1.0, 0.0, 0.0, 0.0, 0.0, 0.993978, -0.109582, 0.05, 0.0, 0.109582, 0.993978, 0.0, 0.0, 0.0, 0.0, 1.0],
                [1.0, 0.0, 0.0, 0.0, 0.0, 0.985034, -0.172363, 0.05, 0.0, 0.172363, 0.985034, 0.0, 0.0, 0.0, 0.0, 1.0],
                [1.0, 0.0, 0.0, 0.0, 0.0, 0.985034, -0.172363, 0.05, 0.0, 0.172363, 0.985034, 0.0, 0.0, 0.0, 0.0, 1.0],
                [1.0, 0.0, 0.0, 0.0, 0.0, 0.505124, 0.863047, 0.05, 0.0, -0.863047, 0.505124, -0.0, 0.0, 0.0, 0.0, 1.0],
                [1.0, 0.0, 0.0, 0.0, 0.0, 0.505124, 0.863047, 0.05, 0.0, -0.863047, 0.505124, -0.0, 0.0, 0.0, 0.0, 1.0],
                [1.0, 0.0, 0.0, 0.0, 0.0, 0.505124, 0.863047, 0.05, 0.0, -0.863047, 0.505124, -0.0, 0.0, 0.0, 0.0, 1.0],
                [1.0, 0.0, 0.0, 0.0, 0.0, 0.505124, 0.863047, 0.05, 0.0, -0.863047, 0.505124, -0.0, 0.0, 0.0, 0.0, 1.0],
                [1.0, 0.0, 0.0, 0.0, 0.0, 0.505124, 0.863047, 0.05, 0.0, -0.863047, 0.505124, -0.0, 0.0, 0.0, 0.0, 1.0],
                [1.0, 0.0, 0.0, 0.0, 0.0, 0.505124, 0.863047, 0.05, 0.0, -0.863047, 0.505124, -0.0, 0.0, 0.0, 0.0, 1.0],
                [1.0, 0.0, 0.0, 0.0, 0.0, 0.505124, 0.863047, 0.05, 0.0, -0.863047, 0.505124, -0.0, 0.0, 0.0, 0.0, 1.0],
                [1.0, 0.0, 0.0, 0.0, 0.0, 0.505124, 0.863047, 0.05, 0.0, -0.863047, 0.505124, -0.0, 0.0, 0.0, 0.0, 1.0],
                [1.0, 0.0, 0.0, 0.0, 0.0, 0.505124, 0.863047, 0.05, 0.0, -0.863047, 0.505124, -0.0, 0.0, 0.0, 0.0, 1.0],
                [1.0, 0.0, 0.0, 0.0, 0.0, 0.505124, 0.863047, 0.05, 0.0, -0.863047, 0.505124, -0.0, 0.0, 0.0, 0.0, 1.0],
                [1.0, 0.0, 0.0, 0.0, 0.0, 0.505124, 0.863047, 0.05, 0.0, -0.863047, 0.505124, -0.0, 0.0, 0.0, 0.0, 1.0],
                [1.0, 0.0, 0.0, 0.0, 0.0, 0.505124, 0.863047, 0.05, 0.0, -0.863047, 0.505124, -0.0, 0.0, 0.0, 0.0, 1.0],
                [1.0, 0.0, 0.0, 0.0, 0.0, 0.505124, 0.863047, 0.05, 0.0, -0.863047, 0.505124, -0.0, 0.0, 0.0, 0.0, 1.0],
                [1.0, 0.0, 0.0, 0.0, 0.0, 0.505124, 0.863047, 0.05, 0.0, -0.863047, 0.505124, -0.0, 0.0, 0.0, 0.0, 1.0],
                [1.0, 0.0, 0.0, 0.0, 0.0, 1.0, 0.0, 0.05, 0.0, 0.0, 1.0, 0.0, 0.0, 0.0, 0.0, 1.0]
            ]
        },
        {
            "name": "Chest",
            "time": [0.0, 0.1667, 0.3333, 0.4167, 0.5167, 0.6167, 0.7, 0.7667, 0.8333, 0.9167, 1.0, 1.0833, 1.1833, 1.2333, 1.3, 1.35, 1.4333, 1.4833, 1.5833, 1.6333, 1.7333, 1.7833, 1.8667, 1.9167, 2.0, 2.05, 2.1667],
            "transform": [
                [1.0, 0.0, 0.0, 0.0, 0.0, 1.0, 0.0, 0.3, 0.0, 0.0, 1.0, 0.0, 0.0, 0.0, 0.0, 1.0],
                [1.0, 0.0, 0.0, 0.0, 0.0, 0.8377, -0.546131, 0.3, 0.0, 0.54613, 0.8377, -0.0, 0.0, 0.0, 0.0, 1.0],
                [1.0, 0.0, 0.0, 0.0, 0.0, 0.662951, -0.748663, 0.3, 0.0, 0.748663, 0.662951, 0.0, 0.0, 0.0, 0.0, 1.0],
                [1.0, 0.0, 0.0, 0.0, 0.0, 0.710458, -0.70374, 0.3, 0.0, 0.703739, 0.710458, 0.0, 0.0, 0.0, 0.0, 1.0],
                [1.0, 0.0, 0.0, 0.0, 0.0, 0.684204, -0.729291, 0.3, 0.0, 0.72929, 0.684204, 0.0, 0.0, 0.0, 0.0, 1.0],
                [1.0, 0.0, 0.0, 0.0, 0.0, 0.72046, -0.693497, 0.3, 0.0, 0.693497, 0.72046, 0.0, 0.0, 0.0, 0.0, 1.0],
                [1.0, 0.0, 0.0, 0.0, 0.0, 0.660635, -0.750707, 0.3, 0.0, 0.750707, 0.660635, 0.0, 0.0, 0.0, 0.0, 1.0],
                [1.0, 0.0, 0.0, 0.0, 0.0, 0.686304, -0.727315, 0.3, 0.0, 0.727315, 0.686304, 0.0, 0.0, 0.0, 0.0, 1.0],
                [1.0, 0.0, 0.0, 0.0, 0.0, 0.632091, -0.774894, 0.3, 0.0, 0.774894, 0.632091, 0.0, 0.0, 0.0, 0.0, 1.0],
                [1.0, 0.0, 0.0, 0.0, 0.0, 0.727824, -0.685764, 0.3, 0.0, 0.685764, 0.727824, 0.0, 0.0, 0.0, 0.0, 1.0],
                [1.0, 0.0, 0.0, 0.0, 0.0, 0.596954, -0.802276, 0.3, 0.0, 0.802276, 0.596954, 0.0, 0.0, 0.0, 0.0, 1.0],
                [1.0, 0.0, 0.0, 0.0, 0.0, 0.662951, -0.748663, 0.3, 0.0, 0.748663, 0.662951, 0.0, 0.0, 0.0, 0.0, 1.0],
                [1.0, 0.0, 0.0, 0.0, 0.0, 0.481264, 0.876576, 0.3, 0.0, -0.876576, 0.481264, 0.0, 0.0, 0.0, 0.0, 1.0],
                [1.0, 0.0, 0.0, 0.0, 0.0, 0.454116, 0.890943, 0.3, 0.0, -0.890942, 0.454116, 0.0, 0.0, 0.0, 0.0, 1.0],
                [1.0, 0.0, 0.0, 0.0, 0.0, 0.481264, 0.876576, 0.3, 0.0, -0.876576, 0.481264, 0.0, 0.0, 0.0, 0.0, 1.0],
                [1.0, 0.0, 0.0, 0.0, 0.0, 0.454116, 0.890943, 0.3, 0.0, -0.890942, 0.454116, 0.0, 0.0, 0.0, 0.0, 1.0],
                [1.0, 0.0, 0.0, 0.0, 0.0, 0.481264, 0.876576, 0.3, 0.0, -0.876576, 0.481264, 0.0, 0.0, 0.0, 0.0, 1.0],
                [1.0, 0.0, 0.0, 0.0, 0.0, 0.454116, 0.890943, 0.3, 0.0, -0.890942, 0.454116, 0.0, 0.0, 0.0, 0.0, 1.0],
                [1.0, 0.0, 0.0, 0.0, 0.0, 0.481264, 0.876576, 0.3, 0.0, -0.876576, 0.481264, 0.0, 0.0, 0.0, 0.0, 1.0],
                [1.0, 0.0, 0.0, 0.0, 0.0, 0.454116, 0.890943, 0.3, 0.0, -0.890942, 0.454116, 0.0, 0.0, 0.0, 0.0, 1.0],
                [1.0, 0.0, 0.0, 0.0, 0.0, 0.481264, 0.876576, 0.3, 0.0, -0.876576, 0.481264, 0.0, 0.0, 0.0, 0.0, 1.0],
                [1.0, 0.0, 0.0, 0.0, 0.0, 0.454116, 0.890943, 0.3, 0.0, -0.890942, 0.454116, 0.0, 0.0, 0.0, 0.0, 1.0],
                [1.0, 0.0, 0.0, 0.0, 0.0, 0.481264, 0.876576, 0.3, 0.0, -0.876576, 0.481264, 0.0, 0.0, 0.0, 0.0, 1.0],
                [1.0, 0.0, 0.0, 0.0, 0.0, 0.454116, 0.890943, 0.3, 0.0, -0.890942, 0.454116, 0.0, 0.0, 0.0, 0.0, 1.0],
                [1.0, 0.0, 0.0, 0.0, 0.0, 0.481264, 0.876576, 0.3, 0.0, -0.876576, 0.481264, 0.0, 0.0, 0.0, 0.0, 1.0],
                [1.0, 0.0, 0.0, 0.0, 0.0, 0.454116, 0.890943, 0.3, 0.0, -0.890942, 0.454116, 0.0, 0.0, 0.0, 0.0, 1.0],
                [1.0, 0.0, 0.0, 0.0, 0.0, 1.0, 0.0, 0.3, 0.0, 0.0, 1.0, 0.0, 0.0, 0.0, 0.0, 1.0]
            ]
        },
        {
            "name": "Head",
            "time": [0.0, 0.1667, 0.3333, 1.0833, 1.1833, 1.2333, 1.3, 1.35, 1.4333, 1.4833, 1.5833, 1.6333, 1.7333, 1.7833, 1.8667, 1.9167, 2.0, 2.05, 2.1667],
            "transform": [
                [1.0, 0.0, 0.0, 0.0, 0.0, 1.0, 0.0, 0.4, 0.0, 0.0, 1.0, 0.0, 0.0, 0.0, 0.0, 1.0],
                [1.0, 0.0, 0.0, 0.0, 0.0, 1.0, -0.0, 0.4, 0.0, 0.0, 1.0, 0.0, 0.0, 0.0, 0.0, 1.0],
                [0.999823, 0.003541, 0.018503, 0.0, -0.002808, 0.999215, -0.039513, 0.4, -0.018628, 0.039454, 0.999048, -0.0, 0.0, 0.0, 0.0, 1.0],
                [0.999823, 0.003541, 0.018503, 0.0, -0.002808, 0.999215, -0.039513, 0.4, -0.018628, 0.039454, 0.999048, -0.0, 0.0, 0.0, 0.0, 1.0],
                [1.0, 0.0, 0.0, -0.0, 0.0, 0.621811, -0.783167, 0.4, 0.0, 0.783167, 0.621811, -0.0, 0.0, 0.0, 0.0, 1.0],
                [1.0, 0.0, 0.0, -0.0, 0.0, 0.621811, -0.783167, 0.4, 0.0, 0.783167, 0.621811, -0.0, 0.0, 0.0, 0.0, 1.0],
                [1.0, 0.0, 0.0, -0.0, 0.0, 0.621811, -0.783167, 0.4, 0.0, 0.783167, 0.621811, -0.0, 0.0, 0.0, 0.0, 1.0],
                [1.0, 0.0, 0.0, -0.0, 0.0, 0.621811, -0.783167, 0.4, 0.0, 0.783167, 0.621811, -0.0, 0.0, 0.0, 0.0, 1.0],
                [1.0, 0.0, 0.0, -0.0, 0.0, 0.621811, -0.783167, 0.4, 0.0, 0.783167, 0.621811, -0.0, 0.0, 0.0, 0.0, 1.0],
                [1.0, 0.0, 0.0, -0.0, 0.0, 0.621811, -0.783167, 0.4, 0.0, 0.783167, 0.621811, -0.0, 0.0, 0.0, 0.0, 1.0],
                [1.0, 0.0, 0.0, -0.0, 0.0, 0.621811, -0.783167, 0.4, 0.0, 0.783167, 0.621811, -0.0, 0.0, 0.0, 0.0, 1.0],
                [1.0, 0.0, 0.0, -0.0, 0.0, 0.621811, -0.783167, 0.4, 0.0, 0.783167, 0.621811, -0.0, 0.0, 0.0, 0.0, 1.0],
                [1.0, 0.0, 0.0, -0.0, 0.0, 0.621811, -0.783167, 0.4, 0.0, 0.783167, 0.621811, -0.0, 0.0, 0.0, 0.0, 1.0],
                [1.0, 0.0, 0.0, -0.0, 0.0, 0.621811, -0.783167, 0.4, 0.0, 0.783167, 0.621811, -0.0, 0.0, 0.0, 0.0, 1.0],
                [1.0, 0.0, 0.0, -0.0, 0.0, 0.621811, -0.783167, 0.4, 0.0, 0.783167, 0.621811, -0.0, 0.0, 0.0, 0.0, 1.0],
                [1.0, 0.0, 0.0, -0.0, 0.0, 0.621811, -0.783167, 0.4, 0.0, 0.783167, 0.621811, -0.0, 0.0, 0.0, 0.0, 1.0],
                [1.0, 0.0, 0.0, -0.0, 0.0, 0.621811, -0.783167, 0.4, 0.0, 0.783167, 0.621811, -0.0, 0.0, 0.0, 0.0, 1.0],
                [1.0, 0.0, 0.0, -0.0, 0.0, 0.621811, -0.783167, 0.4, 0.0, 0.783167, 0.621811, -0.0, 0.0, 0.0, 0.0, 1.0],
                [1.0, 0.0, 0.0, 0.0, 0.0, 1.0, 0.0, 0.4, 0.0, 0.0, 1.0, 0.0, 0.0, 0.0, 0.0, 1.0]
            ]
        },
        {
            "name": "Shoulder_R",
            "time": [0.0, 0.1667, 0.3333, 1.0833, 1.1833, 1.2333, 1.3, 1.35, 1.4333, 1.4833, 1.5833, 1.6333, 1.7333, 1.7833, 1.8667, 1.9167, 2.0, 2.05, 2.1667],
            "transform": [
                [0.0, 0.952114, 0.305743, 0.0, -0.0, -0.305743, 0.952114, 0.4, 1.0, 0.0, -0.0, 0.0, 0.0, 0.0, 0.0, 1.0],
                [0.0, 0.952114, 0.305743, 0.0, 0.0, -0.305743, 0.952114, 0.4, 1.0, 0.0, 0.0, 0.0, 0.0, 0.0, 0.0, 1.0],
                [0.0, 0.952114, 0.305743, 0.0, 0.0, -0.305743, 0.952114, 0.4, 1.0, 0.0, -0.0, -0.0, 0.0, 0.0, 0.0, 1.0],
                [0.0, 0.952114, 0.305743, 0.0, 0.0, -0.305743, 0.952114, 0.4, 1.0, 0.0, -0.0, -0.0, 0.0, 0.0, 0.0, 1.0],
                [0.0, 0.952114, 0.305743, -0.0, -0.0, -0.305743, 0.952114, 0.4, 1.0, 0.0, 0.0, -0.0, 0.0, 0.0, 0.0, 1.0],
                [0.533067, 0.844634, 0.049322, -0.0, 0.061908, -0.097077, 0.99335, 0.4, 0.843805, -0.526468, -0.104038, -0.0, 0.0, 0.0, 0.0, 1.0],
                [0.0, 0.952114, 0.305743, -0.0, -0.0, -0.305743, 0.952114, 0.4, 1.0, 0.0, 0.0, -0.0, 0.0, 0.0, 0.0, 1.0],
                [0.533067, 0.844634, 0.049322, -0.0, 0.061908, -0.097077, 0.99335, 0.4, 0.843805, -0.526468, -0.104038, -0.0, 0.0, 0.0, 0.0, 1.0],
                [0.0, 0.952114, 0.305743, -0.0, -0.0, -0.305743, 0.952114, 0.4, 1.0, 0.0, 0.0, -0.0, 0.0, 0.0, 0.0, 1.0],
                [0.533067, 0.844634, 0.049322, -0.0, 0.061908, -0.097077, 0.99335, 0.4, 0.843805, -0.526468, -0.104038, -0.0, 0.0, 0.0, 0.0, 1.0],
                [0.0, 0.952114, 0.305743, -0.0, -0.0, -0.305743, 0.952114, 0.4, 1.0, 0.0, 0.0, -0.0, 0.0, 0.0, 0.0, 1.0],
                [0.533067, 0.844634, 0.049322, -0.0, 0.061908, -0.097077, 0.99335, 0.4, 0.843805, -0.526468, -0.104038, -0.0, 0.0, 0.0, 0.0, 1.0],
                [0.0, 0.952114, 0.305743, -0.0, -0.0, -0.305743, 0.952114, 0.4, 1.0, 0.0, 0.0, -0.0, 0.0, 0.0, 0.0, 1.0],
                [0.533067, 0.844634, 0.049322, -0.0, 0.061908, -0.097077, 0.99335, 0.4, 0.843805, -0.526468, -0.104038, -0.0, 0.0, 0.0, 0.0, 1.0],
                [0.0, 0.952114, 0.305743, -0.0, -0.0, -0.305743, 0.952114, 0.4, 1.0, 0.0, 0.0, -0.0, 0.0, 0.0, 0.0, 1.0],
                [0.533067, 0.844634, 0.049322, -0.0, 0.061908, -0.097077, 0.99335, 0.4, 0.843805, -0.526468, -0.104038, -0.0, 0.0, 0.0, 0.0, 1.0],
                [0.0, 0.952114, 0.305743, -0.0, -0.0, -0.305743, 0.952114, 0.4, 1.0, 0.0, 0.0, -0.0, 0.0, 0.0, 0.0, 1.0],
                [0.533067, 0.844634, 0.049322, -0.0, 0.061908, -0.097077, 0.99335, 0.4, 0.843805, -0.526468, -0.104038, -0.0, 0.0, 0.0, 0.0, 1.0],
                [0.0, 0.952114, 0.305743, 0.0, -0.0, -0.305743, 0.952114, 0.4, 1.0, 0.0, -0.0, 0.0, 0.0, 0.0, 0.0, 1.0]
            ]
        },
        {
            "name": "Arm_R",
            "time": [0.0, 0.1667, 0.3333, 1.0833, 1.1833, 1.2333, 1.3, 1.35, 1.4333, 1.4833, 1.5833, 1.6333, 1.7333, 1.7833, 1.8667, 1.9167, 2.0, 2.05, 2.1667],
            "transform": [
                [-0.027147, 0.095676, -0.995042, 0.0, 0.931171, 0.364456, 0.009639, 0.393861, 0.363571, -0.926292, -0.098984, 0.0, 0.0, 0.0, 0.0, 1.0],
                [0.051456, -0.927301, -0.370762, 0.0, 0.936752, 0.173511, -0.303956, 0.39386, 0.34619, -0.331672, 0.87758, -0.0, 0.0, 0.0, 0.0, 1.0],
                [0.021798, -0.604189, -0.796543, -0.0, 0.930531, 0.303588, -0.204811, 0.39386, 0.365565, -0.736743, 0.568833, 0.0, 0.0, 0.0, 0.0, 1.0],
                [0.021798, -0.604189, -0.796543, -0.0, 0.930531, 0.303588, -0.204811, 0.39386, 0.365565, -0.736743, 0.568833, 0.0, 0.0, 0.0, 0.0, 1.0],
                [-0.02212, 0.50043, 0.865494, 0.0, 0.965133, -0.215164, 0.149075, 0.39386, 0.260825, 0.838614, -0.478222, 0.0, 0.0, 0.0, 0.0, 1.0],
                [0.522114, -0.406151, 0.74996, -0.0, 0.850943, 0.188918, -0.490108, 0.393861, 0.057377, 0.894065, 0.444249, -0.0, 0.0, 0.0, 0.0, 1.0],
                [-0.02212, 0.50043, 0.865494, 0.0, 0.965133, -0.215164, 0.149075, 0.39386, 0.260825, 0.838614, -0.478222, 0.0, 0.0, 0.0, 0.0, 1.0],
                [0.522114, -0.406151, 0.74996, -0.0, 0.850943, 0.188918, -0.490108, 0.393861, 0.057377, 0.894065, 0.444249, -0.0, 0.0, 0.0, 0.0, 1.0],
                [-0.02212, 0.50043, 0.865494, 0.0, 0.965133, -0.215164, 0.149075, 0.39386, 0.260825, 0.838614, -0.478222, 0.0, 0.0, 0.0, 0.0, 1.0],
                [0.522114, -0.406151, 0.74996, -0.0, 0.850943, 0.188918, -0.490108, 0.393861, 0.057377, 0.894065, 0.444249, -0.0, 0.0, 0.0, 0.0, 1.0],
                [-0.02212, 0.50043, 0.865494, 0.0, 0.965133, -0.215164, 0.149075, 0.39386, 0.260825, 0.838614, -0.478222, 0.0, 0.0, 0.0, 0.0, 1.0],
                [0.522114, -0.406151, 0.74996, -0.0, 0.850943, 0.188918, -0.490108, 0.393861, 0.057377, 0.894065, 0.444249, -0.0, 0.0, 0.0, 0.0, 1.0],
                [-0.02212, 0.50043, 0.865494, 0.0, 0.965133, -0.215164, 0.149075, 0.39386, 0.260825, 0.838614, -0.478222, 0.0, 0.0, 0.0, 0.0, 1.0],
                [0.522114, -0.406151, 0.74996, -0.0, 0.850943, 0.188918, -0.490108, 0.393861, 0.057377, 0.894065, 0.444249, -0.0, 0.0, 0.0, 0.0, 1.0],
                [-0.02212, 0.50043, 0.865494, 0.0, 0.965133, -0.215164, 0.149075, 0.39386, 0.260825, 0.838614, -0.478222, 0.0, 0.0, 0.0, 0.0, 1.0],
                [0.522114, -0.406151, 0.74996, -0.0, 0.850943, 0.188918, -0.490108, 0.393861, 0.057377, 0.894065, 0.444249, -0.0, 0.0, 0.0, 0.0, 1.0],
                [-0.02212, 0.50043, 0.865494, 0.0, 0.965133, -0.215164, 0.149075, 0.39386, 0.260825, 0.838614, -0.478222, 0.0, 0.0, 0.0, 0.0, 1.0],
                [0.522114, -0.406151, 0.74996, -0.0, 0.850943, 0.188918, -0.490108, 0.393861, 0.057377, 0.894065, 0.444249, -0.0, 0.0, 0.0, 0.0, 1.0],
                [-0.027147, 0.095676, -0.995042, 0.0, 0.931171, 0.364456, 0.009639, 0.393861, 0.363571, -0.926292, -0.098984, 0.0, 0.0, 0.0, 0.0, 1.0]
            ]
        },
        {
            "name": "Hand_R",
            "time": [0.0, 0.1667, 0.3333, 1.0833, 1.1833, 1.2333, 1.3, 1.35, 1.4333, 1.4833, 1.5833, 1.6333, 1.7333, 1.7833, 1.8667, 1.9167, 2.0, 2.05, 2.1667],
            "transform": [
                [0.999814, -0.012137, 0.014993, 0.0, 0.011954, 0.999853, 0.012255, 0.300002, -0.01514, -0.012074, 0.999813, -0.0, 0.0, 0.0, 0.0, 1.0],
                [0.999814, -0.012137, 0.014993, -0.0, 0.011954, 0.999854, 0.012255, 0.300003, -0.01514, -0.012074, 0.999812, 0.0, 0.0, 0.0, 0.0, 1.0],
                [0.999814, -0.012137, 0.014993, 0.0, 0.011954, 0.999853, 0.012255, 0.300003, -0.01514, -0.012074, 0.999812, 0.0, 0.0, 0.0, 0.0, 1.0],
                [0.999814, -0.012137, 0.014993, 0.0, 0.011954, 0.999853, 0.012255, 0.300003, -0.01514, -0.012074, 0.999812, 0.0, 0.0, 0.0, 0.0, 1.0],
                [0.998991, 0.000121, 0.044923, 0.0, 0.026134, 0.811809, -0.583338, 0.300003, -0.036539, 0.583923, 0.810987, -0.0, 0.0, 0.0, 0.0, 1.0],
                [0.99899, 0.000121, 0.044923, -0.0, 0.026134, 0.811809, -0.583337, 0.300003, -0.036539, 0.583922, 0.810986, 0.0, 0.0, 0.0, 0.0, 1.0],
                [0.998991, 0.000121, 0.044923, 0.0, 0.026134, 0.811809, -0.583338, 0.300003, -0.036539, 0.583923, 0.810987, -0.0, 0.0, 0.0, 0.0, 1.0],
                [0.99899, 0.000121, 0.044923, -0.0, 0.026134, 0.811809, -0.583337, 0.300003, -0.036539, 0.583922, 0.810986, 0.0, 0.0, 0.0, 0.0, 1.0],
                [0.998991, 0.000121, 0.044923, 0.0, 0.026134, 0.811809, -0.583338, 0.300003, -0.036539, 0.583923, 0.810987, -0.0, 0.0, 0.0, 0.0, 1.0],
                [0.99899, 0.000121, 0.044923, -0.0, 0.026134, 0.811809, -0.583337, 0.300003, -0.036539, 0.583922, 0.810986, 0.0, 0.0, 0.0, 0.0, 1.0],
                [0.998991, 0.000121, 0.044923, 0.0, 0.026134, 0.811809, -0.583338, 0.300003, -0.036539, 0.583923, 0.810987, -0.0, 0.0, 0.0, 0.0, 1.0],
                [0.99899, 0.000121, 0.044923, -0.0, 0.026134, 0.811809, -0.583337, 0.300003, -0.036539, 0.583922, 0.810986, 0.0, 0.0, 0.0, 0.0, 1.0],
                [0.998991, 0.000121, 0.044923, 0.0, 0.026134, 0.811809, -0.583338, 0.300003, -0.036539, 0.583923, 0.810987, -0.0, 0.0, 0.0, 0.0, 1.0],
                [0.99899, 0.000121, 0.044923, -0.0, 0.026134, 0.811809, -0.583337, 0.300003, -0.036539, 0.583922, 0.810986, 0.0, 0.0, 0.0, 0.0, 1.0],
                [0.998991, 0.000121, 0.044923, 0.0, 0.026134, 0.811809, -0.583338, 0.300003, -0.036539, 0.583923, 0.810987, -0.0, 0.0, 0.0, 0.0, 1.0],
                [0.99899, 0.000121, 0.044923, -0.0, 0.026134, 0.811809, -0.583337, 0.300003, -0.036539, 0.583922, 0.810986, 0.0, 0.0, 0.0, 0.0, 1.0],
                [0.998991, 0.000121, 0.044923, 0.0, 0.026134, 0.811809, -0.583338, 0.300003, -0.036539, 0.583923, 0.810987, -0.0, 0.0, 0.0, 0.0, 1.0],
                [0.99899, 0.000121, 0.044923, -0.0, 0.026134, 0.811809, -0.583337, 0.300003, -0.036539, 0.583922, 0.810986, 0.0, 0.0, 0.0, 0.0, 1.0],
                [0.999814, -0.012137, 0.014993, 0.0, 0.011954, 0.999853, 0.012255, 0.300002, -0.01514, -0.012074, 0.999813, -0.0, 0.0, 0.0, 0.0, 1.0]
            ]
        },
        {
            "name": "Tool_R",
            "time": [0.0, 2.1667],
            "transform": [
                [0.0, 0.0, 0.0, -0.0, 0.0, 0.0, 0.0, 0.272858, 0.0, 0.0, 0.0, 0.0, 0.0, 0.0, 0.0, 1.0],
                [0.0, 0.0, 0.0, -0.0, 0.0, 0.0, 0.0, 0.272858, 0.0, 0.0, 0.0, 0.0, 0.0, 0.0, 0.0, 1.0]
            ]
        },
        {
            "name": "Elbow_R",
            "time": [0.0, 0.1667, 0.3333, 1.0833, 1.1833, 1.2333, 1.3, 1.35, 1.4333, 1.4833, 1.5833, 1.6333, 1.7333, 1.7833, 1.8667, 1.9167, 2.0, 2.05, 2.1667],
            "transform": [
                [-1.0, -0.0, 0.0, -4.9e-05, 0.0, -0.0, -1.0, 0.370249, -0.0, -1.0, -0.0, 0.000652, 0.0, 0.0, 0.0, 1.0],
                [-1.0, 0.0, -0.0, -4.9e-05, 0.0, -0.0, -1.0, 0.370249, -0.0, -1.0, -0.0, 0.000652, 0.0, 0.0, 0.0, 1.0],
                [-1.0, -0.0, -0.0, -4.9e-05, 0.0, -0.0, -1.0, 0.370249, 0.0, -1.0, -0.0, 0.000652, 0.0, 0.0, 0.0, 1.0],
                [-1.0, -0.0, -0.0, -4.9e-05, 0.0, -0.0, -1.0, 0.370249, 0.0, -1.0, -0.0, 0.000652, 0.0, 0.0, 0.0, 1.0],
                [-1.0, 0.0, -0.0, -4.9e-05, -0.0, -0.0, -1.0, 0.370249, 0.0, -1.0, -0.0, 0.000652, 0.0, 0.0, 0.0, 1.0],
                [-1.0, -0.0, -0.0, -4.9e-05, -0.0, -0.0, -1.0, 0.370249, -0.0, -1.0, -0.0, 0.000652, 0.0, 0.0, 0.0, 1.0],
                [-1.0, 0.0, -0.0, -4.9e-05, -0.0, -0.0, -1.0, 0.370249, 0.0, -1.0, -0.0, 0.000652, 0.0, 0.0, 0.0, 1.0],
                [-1.0, -0.0, -0.0, -4.9e-05, -0.0, -0.0, -1.0, 0.370249, -0.0, -1.0, -0.0, 0.000652, 0.0, 0.0, 0.0, 1.0],
                [-1.0, 0.0, -0.0, -4.9e-05, -0.0, -0.0, -1.0, 0.370249, 0.0, -1.0, -0.0, 0.000652, 0.0, 0.0, 0.0, 1.0],
                [-1.0, -0.0, -0.0, -4.9e-05, -0.0, -0.0, -1.0, 0.370249, -0.0, -1.0, -0.0, 0.000652, 0.0, 0.0, 0.0, 1.0],
                [-1.0, 0.0, -0.0, -4.9e-05, -0.0, -0.0, -1.0, 0.370249, 0.0, -1.0, -0.0, 0.000652, 0.0, 0.0, 0.0, 1.0],
                [-1.0, -0.0, -0.0, -4.9e-05, -0.0, -0.0, -1.0, 0.370249, -0.0, -1.0, -0.0, 0.000652, 0.0, 0.0, 0.0, 1.0],
                [-1.0, 0.0, -0.0, -4.9e-05, -0.0, -0.0, -1.0, 0.370249, 0.0, -1.0, -0.0, 0.000652, 0.0, 0.0, 0.0, 1.0],
                [-1.0, -0.0, -0.0, -4.9e-05, -0.0, -0.0, -1.0, 0.370249, -0.0, -1.0, -0.0, 0.000652, 0.0, 0.0, 0.0, 1.0],
                [-1.0, 0.0, -0.0, -4.9e-05, -0.0, -0.0, -1.0, 0.370249, 0.0, -1.0, -0.0, 0.000652, 0.0, 0.0, 0.0, 1.0],
                [-1.0, -0.0, -0.0, -4.9e-05, -0.0, -0.0, -1.0, 0.370249, -0.0, -1.0, -0.0, 0.000652, 0.0, 0.0, 0.0, 1.0],
                [-1.0, 0.0, -0.0, -4.9e-05, -0.0, -0.0, -1.0, 0.370249, 0.0, -1.0, -0.0, 0.000652, 0.0, 0.0, 0.0, 1.0],
                [-1.0, -0.0, -0.0, -4.9e-05, -0.0, -0.0, -1.0, 0.370249, -0.0, -1.0, -0.0, 0.000652, 0.0, 0.0, 0.0, 1.0],
