{
    "animation": [
        {
            "name": "Root",
            "time": [0.0, 0.4, 0.5667, 0.75, 0.9, 1.05, 1.45],
            "transform": [
                [1.0, 0.0, 0.0, -5e-06, 0.0, 0.0, -1.0, 0.000946, 0.0, 1.0, 0.0, 0.763972, 0.0, 0.0, 0.0, 1.0],
                [1.0, 0.0, 0.0, -5e-06, 0.0, 0.0, -1.0, 0.000946, 0.0, 1.0, 0.0, 0.763972, 0.0, 0.0, 0.0, 1.0],
                [1.0, 0.0, 0.0, -5e-06, 0.0, 0.0, -1.0, 0.000946, 0.0, 1.0, 0.0, 0.763972, 0.0, 0.0, 0.0, 1.0],
                [1.0, 0.0, 0.0, -5e-06, 0.0, 0.0, -1.0, 0.000946, 0.0, 1.0, 0.0, 0.763972, 0.0, 0.0, 0.0, 1.0],
                [1.0, 0.0, 0.0, -5e-06, 0.0, 0.0, -1.0, 0.000946, 0.0, 1.0, 0.0, 0.763972, 0.0, 0.0, 0.0, 1.0],
                [1.0, 0.0, 0.0, -5e-06, 0.0, 0.0, -1.0, 0.000946, 0.0, 1.0, 0.0, 0.763972, 0.0, 0.0, 0.0, 1.0],
                [1.0, 0.0, 0.0, -5e-06, 0.0, 0.0, -1.0, 0.000946, 0.0, 1.0, 0.0, 0.763972, 0.0, 0.0, 0.0, 1.0]
            ]
        },
        {
            "name": "Thigh_R",
            "time": [0.0, 0.4, 0.5667, 0.75, 0.9, 1.05, 1.45],
            "transform": [
                [0.997559, 0.069829, -0.0, 0.124994, 0.06983, -0.997557, 0.0, -0.002831, 0.0, -0.0, -1.0, -1.2e-05, 0.0, 0.0, 0.0, 1.0],
                [0.997559, 0.069829, -0.0, 0.124994, 0.06983, -0.997557, 0.0, -0.002831, 0.0, -0.0, -1.0, -1.2e-05, 0.0, 0.0, 0.0, 1.0],
                [0.997559, 0.069829, -0.0, 0.124994, 0.06983, -0.997557, 0.0, -0.002831, 0.0, -0.0, -1.0, -1.2e-05, 0.0, 0.0, 0.0, 1.0],
                [0.997559, 0.069829, -0.0, 0.124994, 0.06983, -0.997557, 0.0, -0.002831, 0.0, -0.0, -1.0, -1.2e-05, 0.0, 0.0, 0.0, 1.0],
                [0.997559, 0.069829, -0.0, 0.124994, 0.06983, -0.997557, 0.0, -0.002831, 0.0, -0.0, -1.0, -1.2e-05, 0.0, 0.0, 0.0, 1.0],
                [0.997559, 0.069829, -0.0, 0.124994, 0.06983, -0.997557, 0.0, -0.002831, 0.0, -0.0, -1.0, -1.2e-05, 0.0, 0.0, 0.0, 1.0],
                [0.997559, 0.069829, -0.0, 0.124994, 0.06983, -0.997557, 0.0, -0.002831, 0.0, -0.0, -1.0, -1.2e-05, 0.0, 0.0, 0.0, 1.0]
            ]
        },
        {
            "name": "Leg_R",
            "time": [0.0, 0.4, 0.5667, 0.75, 0.9, 1.05, 1.45],
            "transform": [
                [1.0, 1e-06, -0.000216, -0.0, 1e-06, 0.999943, 0.010729, 0.374726, 0.000216, -0.010729, 0.999942, -0.0, 0.0, 0.0, 0.0, 1.0],
                [1.0, 1e-06, -0.000216, -0.0, 1e-06, 0.999943, 0.010729, 0.374726, 0.000216, -0.010729, 0.999942, -0.0, 0.0, 0.0, 0.0, 1.0],
                [1.0, 1e-06, -0.000216, -0.0, 1e-06, 0.999943, 0.010729, 0.374726, 0.000216, -0.010729, 0.999942, -0.0, 0.0, 0.0, 0.0, 1.0],
                [1.0, 1e-06, -0.000216, -0.0, 1e-06, 0.999943, 0.010729, 0.374726, 0.000216, -0.010729, 0.999942, -0.0, 0.0, 0.0, 0.0, 1.0],
                [1.0, 1e-06, -0.000216, -0.0, 1e-06, 0.999943, 0.010729, 0.374726, 0.000216, -0.010729, 0.999942, -0.0, 0.0, 0.0, 0.0, 1.0],
                [1.0, 1e-06, -0.000216, -0.0, 1e-06, 0.999943, 0.010729, 0.374726, 0.000216, -0.010729, 0.999942, -0.0, 0.0, 0.0, 0.0, 1.0],
                [1.0, 1e-06, -0.000216, -0.0, 1e-06, 0.999943, 0.010729, 0.374726, 0.000216, -0.010729, 0.999942, -0.0, 0.0, 0.0, 0.0, 1.0]
            ]
        },
        {
            "name": "Knee_R",
            "time": [0.0, 0.4, 0.5667, 0.75, 0.9, 1.05, 1.45],
            "transform": [
                [1.0, 0.0, 0.0, -0.0, -0.0, 1e-06, -1.0, 0.486932, 0.0, 1.0, 1e-06, -0.001311, 0.0, 0.0, 0.0, 1.0],
                [1.0, 0.0, 0.0, -0.0, -0.0, 1e-06, -1.0, 0.486932, 0.0, 1.0, 1e-06, -0.001311, 0.0, 0.0, 0.0, 1.0],
                [1.0, 0.0, 0.0, -0.0, -0.0, 1e-06, -1.0, 0.486932, 0.0, 1.0, 1e-06, -0.001311, 0.0, 0.0, 0.0, 1.0],
                [1.0, 0.0, 0.0, -0.0, -0.0, 1e-06, -1.0, 0.486932, 0.0, 1.0, 1e-06, -0.001311, 0.0, 0.0, 0.0, 1.0],
                [1.0, 0.0, 0.0, -0.0, -0.0, 1e-06, -1.0, 0.486932, 0.0, 1.0, 1e-06, -0.001311, 0.0, 0.0, 0.0, 1.0],
                [1.0, 0.0, 0.0, -0.0, -0.0, 1e-06, -1.0, 0.486932, 0.0, 1.0, 1e-06, -0.001311, 0.0, 0.0, 0.0, 1.0],
                [1.0, 0.0, 0.0, -0.0, -0.0, 1e-06, -1.0, 0.486932, 0.0, 1.0, 1e-06, -0.001311, 0.0, 0.0, 0.0, 1.0]
            ]
        },
        {
            "name": "Thigh_L",
            "time": [0.0, 0.4, 0.5667, 0.75, 0.9, 1.05, 1.45],
            "transform": [
                [0.996724, -0.080867, 0.0, -0.125006, -0.080866, -0.996725, 0.0, -0.002831, -0.0, -0.0, -1.0, -1.2e-05, 0.0, 0.0, 0.0, 1.0],
                [0.996724, -0.080867, 0.0, -0.125006, -0.080866, -0.996725, 0.0, -0.002831, -0.0, -0.0, -1.0, -1.2e-05, 0.0, 0.0, 0.0, 1.0],
                [0.996724, -0.080867, 0.0, -0.125006, -0.080866, -0.996725, 0.0, -0.002831, -0.0, -0.0, -1.0, -1.2e-05, 0.0, 0.0, 0.0, 1.0],
                [0.996724, -0.080867, 0.0, -0.125006, -0.080866, -0.996725, 0.0, -0.002831, -0.0, -0.0, -1.0, -1.2e-05, 0.0, 0.0, 0.0, 1.0],
                [0.996724, -0.080867, 0.0, -0.125006, -0.080866, -0.996725, 0.0, -0.002831, -0.0, -0.0, -1.0, -1.2e-05, 0.0, 0.0, 0.0, 1.0],
                [0.996724, -0.080867, 0.0, -0.125006, -0.080866, -0.996725, 0.0, -0.002831, -0.0, -0.0, -1.0, -1.2e-05, 0.0, 0.0, 0.0, 1.0],
                [0.996724, -0.080867, 0.0, -0.125006, -0.080866, -0.996725, 0.0, -0.002831, -0.0, -0.0, -1.0, -1.2e-05, 0.0, 0.0, 0.0, 1.0]
            ]
        },
        {
            "name": "Leg_L",
            "time": [0.0, 0.4, 0.5667, 0.75, 0.9, 1.05, 1.45],
            "transform": [
                [1.0, -3e-06, 0.00044, -0.0, -3e-06, 0.999905, 0.013733, 0.374726, -0.00044, -0.013733, 0.999906, 0.0, 0.0, 0.0, 0.0, 1.0],
                [1.0, -3e-06, 0.00044, -0.0, -3e-06, 0.999905, 0.013733, 0.374726, -0.00044, -0.013733, 0.999906, 0.0, 0.0, 0.0, 0.0, 1.0],
                [1.0, -3e-06, 0.00044, -0.0, -3e-06, 0.999905, 0.013733, 0.374726, -0.00044, -0.013733, 0.999906, 0.0, 0.0, 0.0, 0.0, 1.0],
                [1.0, -3e-06, 0.00044, -0.0, -3e-06, 0.999905, 0.013733, 0.374726, -0.00044, -0.013733, 0.999906, 0.0, 0.0, 0.0, 0.0, 1.0],
                [1.0, -3e-06, 0.00044, -0.0, -3e-06, 0.999905, 0.013733, 0.374726, -0.00044, -0.013733, 0.999906, 0.0, 0.0, 0.0, 0.0, 1.0],
                [1.0, -3e-06, 0.00044, -0.0, -3e-06, 0.999905, 0.013733, 0.374726, -0.00044, -0.013733, 0.999906, 0.0, 0.0, 0.0, 0.0, 1.0],
                [1.0, -3e-06, 0.00044, -0.0, -3e-06, 0.999905, 0.013733, 0.374726, -0.00044, -0.013733, 0.999906, 0.0, 0.0, 0.0, 0.0, 1.0]
            ]
        },
        {
            "name": "Knee_L",
            "time": [0.0, 0.4, 0.5667, 0.75, 0.9, 1.05, 1.45],
            "transform": [
                [1.0, 0.0, 0.0, -0.0, 0.0, 1e-06, -1.0, 0.459884, 0.0, 1.0, 1e-06, -0.004006, 0.0, 0.0, 0.0, 1.0],
                [1.0, 0.0, 0.0, -0.0, 0.0, 1e-06, -1.0, 0.459884, 0.0, 1.0, 1e-06, -0.004006, 0.0, 0.0, 0.0, 1.0],
                [1.0, 0.0, 0.0, -0.0, 0.0, 1e-06, -1.0, 0.459884, 0.0, 1.0, 1e-06, -0.004006, 0.0, 0.0, 0.0, 1.0],
                [1.0, 0.0, 0.0, -0.0, 0.0, 1e-06, -1.0, 0.459884, 0.0, 1.0, 1e-06, -0.004006, 0.0, 0.0, 0.0, 1.0],
                [1.0, 0.0, 0.0, -0.0, 0.0, 1e-06, -1.0, 0.459884, 0.0, 1.0, 1e-06, -0.004006, 0.0, 0.0, 0.0, 1.0],
                [1.0, 0.0, 0.0, -0.0, 0.0, 1e-06, -1.0, 0.459884, 0.0, 1.0, 1e-06, -0.004006, 0.0, 0.0, 0.0, 1.0],
                [1.0, 0.0, 0.0, -0.0, 0.0, 1e-06, -1.0, 0.459884, 0.0, 1.0, 1e-06, -0.004006, 0.0, 0.0, 0.0, 1.0]
            ]
        },
        {
            "name": "Torso",
            "time": [0.0, 0.4, 0.5667, 0.75, 0.9, 1.05, 1.45],
            "transform": [
                [1.0, 0.0, 0.0, 0.0, 0.0, 1.0, 0.0, 0.05, 0.0, 0.0, 1.0, 0.0, 0.0, 0.0, 0.0, 1.0],
                [1.0, 0.0, 0.0, 0.0, 0.0, 1.0, 0.0, 0.05, 0.0, 0.0, 1.0, 0.0, 0.0, 0.0, 0.0, 1.0],
                [1.0, 0.0, 0.0, 0.0, 0.0, 1.0, 0.0, 0.05, 0.0, 0.0, 1.0, 0.0, 0.0, 0.0, 0.0, 1.0],
                [1.0, 0.0, 0.0, 0.0, 0.0, 1.0, 0.0, 0.05, 0.0, 0.0, 1.0, 0.0, 0.0, 0.0, 0.0, 1.0],
                [1.0, 0.0, 0.0, 0.0, 0.0, 1.0, 0.0, 0.05, 0.0, 0.0, 1.0, 0.0, 0.0, 0.0, 0.0, 1.0],
                [1.0, 0.0, 0.0, 0.0, 0.0, 1.0, 0.0, 0.05, 0.0, 0.0, 1.0, 0.0, 0.0, 0.0, 0.0, 1.0],
                [1.0, 0.0, 0.0, 0.0, 0.0, 1.0, 0.0, 0.05, 0.0, 0.0, 1.0, 0.0, 0.0, 0.0, 0.0, 1.0]
            ]
        },
        {
            "name": "Chest",
            "time": [0.0, 0.4, 0.5667, 0.75, 0.9, 1.05, 1.45],
            "transform": [
                [1.0, 0.0, 0.0, 0.0, 0.0, 1.0, 0.0, 0.3, 0.0, 0.0, 1.0, 0.0, 0.0, 0.0, 0.0, 1.0],
                [0.986822, -0.161812, 0.0, 0.0, 0.161812, 0.986822, 0.0, 0.3, 0.0, 0.0, 1.0, 0.0, 0.0, 0.0, 0.0, 1.0],
                [0.980025, -0.198873, 0.0, 0.0, 0.198873, 0.980025, 0.0, 0.3, 0.0, 0.0, 1.0, 0.0, 0.0, 0.0, 0.0, 1.0],
                [0.983574, -0.180505, 0.0, 0.0, 0.180505, 0.983574, 0.0, 0.3, 0.0, 0.0, 1.0, 0.0, 0.0, 0.0, 0.0, 1.0],
                [0.983574, -0.180505, 0.0, 0.0, 0.180505, 0.983574, 0.0, 0.3, 0.0, 0.0, 1.0, 0.0, 0.0, 0.0, 0.0, 1.0],
                [0.983574, -0.180505, 0.0, 0.0, 0.180505, 0.983574, 0.0, 0.3, 0.0, 0.0, 1.0, 0.0, 0.0, 0.0, 0.0, 1.0],
                [1.0, 0.0, 0.0, 0.0, 0.0, 1.0, 0.0, 0.3, 0.0, 0.0, 1.0, 0.0, 0.0, 0.0, 0.0, 1.0]
            ]
        },
        {
            "name": "Head",
            "time": [0.0, 0.4, 0.5667, 0.75, 0.9, 1.05, 1.45],
            "transform": [
                [1.0, 0.0, 0.0, 0.0, 0.0, 1.0, 0.0, 0.4, 0.0, 0.0, 1.0, 0.0, 0.0, 0.0, 0.0, 1.0],
                [1.0, -0.0, 0.0, 0.0, 0.0, 1.0, 0.0, 0.4, 0.0, 0.0, 1.0, -0.0, 0.0, 0.0, 0.0, 1.0],
                [1.0, 0.0, 0.0, 0.0, 0.0, 1.0, 0.0, 0.4, 0.0, 0.0, 1.0, 0.0, 0.0, 0.0, 0.0, 1.0],
                [1.0, 0.0, 0.0, 0.0, -0.0, 1.0, 0.0, 0.4, 0.0, 0.0, 1.0, 0.0, 0.0, 0.0, 0.0, 1.0],
                [1.0, 0.0, 0.0, 0.0, -0.0, 1.0, 0.0, 0.4, 0.0, 0.0, 1.0, 0.0, 0.0, 0.0, 0.0, 1.0],
                [1.0, 0.0, 0.0, 0.0, -0.0, 1.0, 0.0, 0.4, 0.0, 0.0, 1.0, 0.0, 0.0, 0.0, 0.0, 1.0],
                [1.0, 0.0, 0.0, 0.0, 0.0, 1.0, 0.0, 0.4, 0.0, 0.0, 1.0, 0.0, 0.0, 0.0, 0.0, 1.0]
            ]
        },
        {
            "name": "Shoulder_R",
            "time": [0.0, 0.4, 0.5667, 0.75, 0.9, 1.05, 1.45],
            "transform": [
                [0.0, 0.952114, 0.305743, 0.0, -0.0, -0.305743, 0.952114, 0.4, 1.0, 0.0, -0.0, 0.0, 0.0, 0.0, 0.0, 1.0],
                [0.0, 0.993315, -0.115431, 0.0, -0.0, 0.115431, 0.993315, 0.4, 1.0, 0.0, -0.0, -0.0, 0.0, 0.0, 0.0, 1.0],
                [0.0, 0.993315, -0.115431, 0.0, -0.0, 0.115431, 0.993315, 0.4, 1.0, 0.0, -0.0, 0.0, 0.0, 0.0, 0.0, 1.0],
                [0.0, 0.993315, -0.115431, 0.0, -0.0, 0.115431, 0.993315, 0.4, 1.0, 0.0, -0.0, 0.0, 0.0, 0.0, 0.0, 1.0],
                [0.0, 0.993315, -0.115431, 0.0, -0.0, 0.115431, 0.993315, 0.4, 1.0, 0.0, -0.0, 0.0, 0.0, 0.0, 0.0, 1.0],
                [0.0, 0.993315, -0.115431, 0.0, -0.0, 0.115431, 0.993315, 0.4, 1.0, 0.0, -0.0, 0.0, 0.0, 0.0, 0.0, 1.0],
                [0.0, 0.952114, 0.305743, 0.0, -0.0, -0.305743, 0.952114, 0.4, 1.0, 0.0, -0.0, 0.0, 0.0, 0.0, 0.0, 1.0]
            ]
        },
        {
            "name": "Arm_R",
            "time": [0.0, 0.25, 0.4, 0.5667, 0.75, 0.9, 1.05, 1.25, 1.45],
            "transform": [
                [0.0, 0.266622, -0.963801, 0.0, 0.860971, 0.490241, 0.135619, 0.393861, 0.508654, -0.829805, -0.229554, 0.0, 0.0, 0.0, 0.0, 1.0],
                [0.0, 0.266622, -0.963801, -0.0, 0.276085, 0.926341, 0.25626, 0.39386, 0.961133, -0.266091, -0.07361, 0.0, 0.0, 0.0, 0.0, 1.0],
                [0.983044, -0.017102, -0.182574, 0.0, -0.10699, 0.755114, -0.646805, 0.39386, 0.148926, 0.655371, 0.74048, 0.0, 0.0, 0.0, 0.0, 1.0],
                [0.983043, -0.017102, -0.182574, -0.0, -0.164984, 0.352078, -0.921315, 0.39386, 0.080037, 0.935814, 0.343286, 0.0, 0.0, 0.0, 0.0, 1.0],
                [0.983044, -0.017102, -0.182574, -0.0, -0.099861, 0.785126, -0.611232, 0.39386, 0.153797, 0.6191, 0.770105, -0.0, 0.0, 0.0, 0.0, 1.0],
                [0.983043, -0.017102, -0.182574, -0.0, -0.165967, 0.340409, -0.925514, 0.39386, 0.077978, 0.940122, 0.331799, -0.0, 0.0, 0.0, 0.0, 1.0],
                [0.983043, -0.017102, -0.182574, -0.0, -0.068486, 0.889354, -0.452061, 0.39386, 0.170104, 0.456899, 0.873102, -0.0, 0.0, 0.0, 0.0, 1.0],
                [0.0, 0.266622, -0.963801, 0.0, 0.276085, 0.926341, 0.25626, 0.39386, 0.961133, -0.266091, -0.07361, -0.0, 0.0, 0.0, 0.0, 1.0],
                [0.0, 0.266622, -0.963801, 0.0, 0.860971, 0.490241, 0.135619, 0.393861, 0.508654, -0.829805, -0.229554, 0.0, 0.0, 0.0, 0.0, 1.0]
            ]
        },
        {
            "name": "Hand_R",
            "time": [0.0, 0.4, 0.5667, 0.75, 0.9, 1.05, 1.45],
            "transform": [
                [1.0, -0.0, 0.0, 0.0, -0.0, 0.844492, -0.535569, 0.300002, -0.0, 0.535569, 0.844492, 0.0, 0.0, 0.0, 0.0, 1.0],
                [0.996, -0.081729, 0.036128, 0.0, 0.084368, 0.993311, -0.078835, 0.300003, -0.029443, 0.081568, 0.996233, 0.0, 0.0, 0.0, 0.0, 1.0],
                [0.996, -0.081729, 0.036128, 0.0, 0.084368, 0.993311, -0.078835, 0.300002, -0.029443, 0.081568, 0.996233, 0.0, 0.0, 0.0, 0.0, 1.0],
                [0.996, -0.081729, 0.036128, 0.0, 0.084368, 0.993311, -0.078835, 0.300003, -0.029443, 0.081568, 0.996233, 0.0, 0.0, 0.0, 0.0, 1.0],
                [0.996, -0.081729, 0.036128, 0.0, 0.084368, 0.993311, -0.078835, 0.300002, -0.029443, 0.081568, 0.996233, 0.0, 0.0, 0.0, 0.0, 1.0],
                [0.996, -0.081729, 0.036128, -0.0, 0.084368, 0.993311, -0.078835, 0.300003, -0.029443, 0.081568, 0.996233, 0.0, 0.0, 0.0, 0.0, 1.0],
                [1.0, -0.0, 0.0, 0.0, -0.0, 0.844492, -0.535569, 0.300002, -0.0, 0.535569, 0.844492, 0.0, 0.0, 0.0, 0.0, 1.0]
            ]
        },
        {
            "name": "Tool_R",
            "time": [0.0, 0.4, 0.5667, 0.75, 0.9, 1.05, 1.45],
            "transform": [
                [1.0, 0.0, 0.0, 0.0, -0.0, -0.999836, 0.018117, 0.272858, -0.0, -0.018127, -0.999244, -0.0, 0.0, 0.0, 0.0, 1.0],
                [1.0, -0.0, 0.0, 0.0, -0.0, -0.999836, 0.018117, 0.272858, 0.0, -0.018127, -0.999244, 0.0, 0.0, 0.0, 0.0, 1.0],
                [1.0, 0.0, 0.0, 0.0, 0.0, -0.999836, 0.018117, 0.272858, -0.0, -0.018127, -0.999244, -0.0, 0.0, 0.0, 0.0, 1.0],
                [1.0, -0.0, 0.0, 0.0, -0.0, -0.999836, 0.018117, 0.272858, -0.0, -0.018127, -0.999244, 0.0, 0.0, 0.0, 0.0, 1.0],
                [1.0, -0.0, 0.0, -0.0, -0.0, -0.999836, 0.018117, 0.272858, 0.0, -0.018127, -0.999244, 0.0, 0.0, 0.0, 0.0, 1.0],
                [1.0, -0.0, 0.0, -0.0, -0.0, -0.999836, 0.018117, 0.272858, 0.0, -0.018127, -0.999244, 0.0, 0.0, 0.0, 0.0, 1.0],
                [1.0, 0.0, 0.0, 0.0, -0.0, -0.999836, 0.018117, 0.272858, -0.0, -0.018127, -0.999244, -0.0, 0.0, 0.0, 0.0, 1.0]
            ]
        },
        {
            "name": "Elbow_R",
            "time": [0.0, 0.4, 0.5667, 0.75, 0.9, 1.05, 1.45],
            "transform": [
                [-1.0, -0.0, 0.0, -4.9e-05, 0.0, -0.0, -1.0, 0.370249, 0.0, -1.0, -0.0, 0.000652, 0.0, 0.0, 0.0, 1.0],
                [-1.0, 0.0, 0.0, -4.9e-05, -0.0, -0.0, -1.0, 0.370249, 0.0, -1.0, 0.0, 0.000652, 0.0, 0.0, 0.0, 1.0],
                [-1.0, -0.0, -0.0, -4.9e-05, 0.0, -0.0, -1.0, 0.370249, -0.0, -1.0, -0.0, 0.000652, 0.0, 0.0, 0.0, 1.0],
                [-1.0, 0.0, -0.0, -4.9e-05, -0.0, -0.0, -1.0, 0.370249, -0.0, -1.0, -0.0, 0.000652, 0.0, 0.0, 0.0, 1.0],
                [-1.0, 0.0, -0.0, -4.9e-05, 0.0, -0.0, -1.0, 0.370249, 0.0, -1.0, -0.0, 0.000652, 0.0, 0.0, 0.0, 1.0],
                [-1.0, -0.0, 0.0, -4.9e-05, 0.0, -0.0, -1.0, 0.370249, 0.0, -1.0, 0.0, 0.000652, 0.0, 0.0, 0.0, 1.0],
                [-1.0, -0.0, 0.0, -4.9e-05, 0.0, -0.0, -1.0, 0.370249, 0.0, -1.0, -0.0, 0.000652, 0.0, 0.0, 0.0, 1.0]
            ]
        },
        {
            "name": "Shoulder_L",
            "time": [0.0, 0.4, 0.5667, 0.75, 0.9, 1.05, 1.45],
            "transform": [
                [-0.0, -0.952114, -0.305743, 0.0, -0.0, -0.305743, 0.952114, 0.4, -1.0, -0.0, 0.0, 0.0, 0.0, 0.0, 0.0, 1.0],
                [-0.0, -0.952114, -0.305743, 0.0, -0.0, -0.305743, 0.952114, 0.4, -1.0, -0.0, 0.0, -0.0, 0.0, 0.0, 0.0, 1.0],
                [-0.0, -0.952114, -0.305743, 0.0, -0.0, -0.305743, 0.952114, 0.4, -1.0, -0.0, 0.0, 0.0, 0.0, 0.0, 0.0, 1.0],
                [-0.0, -0.952114, -0.305743, 0.0, -0.0, -0.305743, 0.952114, 0.4, -1.0, -0.0, 0.0, 0.0, 0.0, 0.0, 0.0, 1.0],
                [-0.0, -0.952114, -0.305743, 0.0, -0.0, -0.305743, 0.952114, 0.4, -1.0, -0.0, 0.0, 0.0, 0.0, 0.0, 0.0, 1.0],
                [-0.0, -0.952114, -0.305743, 0.0, -0.0, -0.305743, 0.952114, 0.4, -1.0, -0.0, 0.0, 0.0, 0.0, 0.0, 0.0, 1.0],
                [-0.0, -0.952114, -0.305743, 0.0, -0.0, -0.305743, 0.952114, 0.4, -1.0, -0.0, 0.0, 0.0, 0.0, 0.0, 0.0, 1.0]
            ]
        },
        {
            "name": "Arm_L",
            "time": [0.0, 0.4, 0.5667, 0.75, 0.9, 1.05, 1.45],
            "transform": [
                [0.0, -0.266622, 0.963801, 0.0, -0.928067, 0.358933, 0.099294, 0.39386, -0.372414, -0.894472, -0.247443, 0.0, 0.0, 0.0, 0.0, 1.0],
                [-0.0, -0.266622, 0.963801, 0.0, -0.833064, 0.533153, 0.147489, 0.39386, -0.553177, -0.802908, -0.222113, 0.0, 0.0, 0.0, 0.0, 1.0],
                [-0.0, -0.266622, 0.963801, 0.0, -0.833064, 0.533153, 0.147489, 0.39386, -0.553177, -0.802908, -0.222113, -0.0, 0.0, 0.0, 0.0, 1.0],
                [-0.0, -0.266622, 0.963801, -0.0, -0.833064, 0.533153, 0.147489, 0.39386, -0.553177, -0.802908, -0.222113, -0.0, 0.0, 0.0, 0.0, 1.0],
                [-0.0, -0.266622, 0.963801, -0.0, -0.833064, 0.533153, 0.147489, 0.39386, -0.553177, -0.802908, -0.222113, -0.0, 0.0, 0.0, 0.0, 1.0],
                [-0.0, -0.266622, 0.963801, -0.0, -0.833064, 0.533153, 0.147489, 0.39386, -0.553177, -0.802908, -0.222113, -0.0, 0.0, 0.0, 0.0, 1.0],
                [0.0, -0.266622, 0.963801, 0.0, -0.928067, 0.358933, 0.099294, 0.39386, -0.372414, -0.894472, -0.247443, 0.0, 0.0, 0.0, 0.0, 1.0]
            ]
        },
        {
            "name": "Hand_L",
            "time": [0.0, 0.4, 0.5667, 0.75, 0.9, 1.05, 1.45],
            "transform": [
                [1.0, 0.0, -0.0, -0.0, -0.0, 0.824673, -0.56561, 0.300003, 0.0, 0.565609, 0.824674, -0.0, 0.0, 0.0, 0.0, 1.0],
                [1.0, -0.0, -0.0, -0.0, -0.0, 0.824673, -0.56561, 0.300002, 0.0, 0.56561, 0.824673, 0.0, 0.0, 0.0, 0.0, 1.0],
                [1.0, -0.0, 0.0, 0.0, 0.0, 0.824674, -0.56561, 0.300002, 0.0, 0.565609, 0.824674, -0.0, 0.0, 0.0, 0.0, 1.0],
                [1.0, 0.0, 0.0, -0.0, -0.0, 0.824674, -0.56561, 0.300003, -0.0, 0.565609, 0.824674, -0.0, 0.0, 0.0, 0.0, 1.0],
                [1.0, 0.0, 0.0, -0.0, -0.0, 0.824674, -0.56561, 0.300003, -0.0, 0.565609, 0.824674, -0.0, 0.0, 0.0, 0.0, 1.0],
                [1.0, 0.0, 0.0, -0.0, -0.0, 0.824674, -0.56561, 0.300003, -0.0, 0.565609, 0.824674, -0.0, 0.0, 0.0, 0.0, 1.0],
                [1.0, 0.0, -0.0, -0.0, -0.0, 0.824673, -0.56561, 0.300003, 0.0, 0.565609, 0.824674, -0.0, 0.0, 0.0, 0.0, 1.0]
            ]
        },
        {
            "name": "Tool_L",
            "time": [0.0, 0.4, 0.5667, 0.75, 0.9, 1.05, 1.45],
            "transform": [
                [1.0, 0.0, -0.0, -0.0, -0.0, -0.999835, 0.018117, 0.272858, 0.0, -0.018127, -0.999247, -0.0, 0.0, 0.0, 0.0, 1.0],
                [1.0, -0.0, 0.0, 0.0, 0.0, -0.999836, 0.018117, 0.272858, -0.0, -0.018127, -0.999248, 0.0, 0.0, 0.0, 0.0, 1.0],
                [1.0, -0.0, -0.0, 0.0, 0.0, -0.999836, 0.018117, 0.272858, -0.0, -0.018127, -0.999248, 0.0, 0.0, 0.0, 0.0, 1.0],
                [1.0, 0.0, -0.0, -0.0, 0.0, -0.999836, 0.018117, 0.272858, -0.0, -0.018127, -0.999248, -0.0, 0.0, 0.0, 0.0, 1.0],
                [1.0, 0.0, -0.0, -0.0, 0.0, -0.999836, 0.018117, 0.272858, -0.0, -0.018127, -0.999248, -0.0, 0.0, 0.0, 0.0, 1.0],
                [1.0, 0.0, -0.0, -0.0, 0.0, -0.999836, 0.018117, 0.272858, -0.0, -0.018127, -0.999248, -0.0, 0.0, 0.0, 0.0, 1.0],
                [1.0, 0.0, -0.0, -0.0, -0.0, -0.999835, 0.018117, 0.272858, 0.0, -0.018127, -0.999247, -0.0, 0.0, 0.0, 0.0, 1.0]
            ]
        },
        {
            "name": "Elbow_L",
            "time": [0.0, 0.4, 0.5667, 0.75, 0.9, 1.05, 1.45],
            "transform": [
                [-1.0, 0.0, -0.0, -0.000104, 0.0, 0.0, -1.0, 0.367344, -0.0, -1.0, -0.0, 7.1e-05, 0.0, 0.0, 0.0, 1.0],
                [-1.0, -0.0, 0.0, -0.000104, -0.0, -0.0, -1.0, 0.367344, 0.0, -1.0, 0.0, 7.1e-05, 0.0, 0.0, 0.0, 1.0],
                [-1.0, 0.0, 0.0, -0.000104, -0.0, -0.0, -1.0, 0.367344, 0.0, -1.0, 0.0, 7.2e-05, 0.0, 0.0, 0.0, 1.0],
                [-1.0, 0.0, 0.0, -0.000104, 0.0, 0.0, -1.0, 0.367344, -0.0, -1.0, -0.0, 7.1e-05, 0.0, 0.0, 0.0, 1.0],
                [-1.0, 0.0, 0.0, -0.000104, 0.0, 0.0, -1.0, 0.367344, -0.0, -1.0, -0.0, 7.1e-05, 0.0, 0.0, 0.0, 1.0],
                [-1.0, 0.0, 0.0, -0.000104, 0.0, 0.0, -1.0, 0.367344, -0.0, -1.0, -0.0, 7.1e-05, 0.0, 0.0, 0.0, 1.0],
                [-1.0, 0.0, -0.0, -0.000104, 0.0, 0.0, -1.0, 0.367344, -0.0, -1.0, -0.0, 7.1e-05, 0.0, 0.0, 0.0, 1.0]
            ]
        }
    ]
}