{
    "animation": [
        {
            "name": "Root",
            "time": [0.0, 1.3333, 2.6667],
            "transform": [
                [1.0, 0.0, 0.0, -5e-06, 0.0, 0.0, -1.0, 0.000946, 0.0, 1.0, 0.0, 0.764511, 0.0, 0.0, 0.0, 1.0],
                [1.0, 0.0, 0.0, -5e-06, 0.0, 0.0, -1.0, 0.000946, 0.0, 1.0, 0.0, 0.764511, 0.0, 0.0, 0.0, 1.0],
                [1.0, 0.0, 0.0, -5e-06, 0.0, 0.0, -1.0, 0.000946, 0.0, 1.0, 0.0, 0.764511, 0.0, 0.0, 0.0, 1.0]
            ]
        },
        {
            "name": "Thigh_R",
            "time": [0.0, 1.3333, 2.6667],
            "transform": [
                [0.997473, 0.070937, 0.003812, 0.124994, 0.070734, -0.996722, 0.039223, -0.002831, 0.006582, -0.038855, -0.999224, -1.2e-05, 0.0, 0.0, 0.0, 1.0],
                [0.997473, 0.070937, 0.003812, 0.124994, 0.070734, -0.996722, 0.039223, -0.002831, 0.006582, -0.038855, -0.999224, -1.2e-05, 0.0, 0.0, 0.0, 1.0],
                [0.997473, 0.070937, 0.003812, 0.124994, 0.070734, -0.996722, 0.039223, -0.002831, 0.006582, -0.038855, -0.999224, -1.2e-05, 0.0, 0.0, 0.0, 1.0]
            ]
        },
        {
            "name": "Leg_R",
            "time": [0.0, 1.3333, 2.6667],
            "transform": [
                [0.999999, 4.9e-05, -0.001404, 0.0, 4.9e-05, 0.997584, 0.069486, 0.374726, 0.001404, -0.069487, 0.997581, -0.0, 0.0, 0.0, 0.0, 1.0],
                [0.999999, 4.9e-05, -0.001404, 0.0, 4.9e-05, 0.997584, 0.069486, 0.374726, 0.001404, -0.069487, 0.997581, -0.0, 0.0, 0.0, 0.0, 1.0],
                [0.999999, 4.9e-05, -0.001404, 0.0, 4.9e-05, 0.997584, 0.069486, 0.374726, 0.001404, -0.069487, 0.997581, -0.0, 0.0, 0.0, 0.0, 1.0]
            ]
        },
        {
            "name": "Knee_R",
            "time": [0.0, 1.3333, 2.6667],
            "transform": [
                [0.999928, 0.011432, -0.003544, 0.0, 0.003543, -0.565541, -0.824712, 0.486932, -0.011432, 0.824641, -0.565541, -0.001311, 0.0, 0.0, 0.0, 1.0],
                [0.999928, 0.011432, -0.003544, 0.0, 0.003543, -0.565541, -0.824712, 0.486932, -0.011432, 0.824641, -0.565541, -0.001311, 0.0, 0.0, 0.0, 1.0],
                [0.999928, 0.011432, -0.003544, 0.0, 0.003543, -0.565541, -0.824712, 0.486932, -0.011432, 0.824641, -0.565541, -0.001311, 0.0, 0.0, 0.0, 1.0]
            ]
        },
        {
            "name": "Thigh_L",
            "time": [0.0, 1.3333, 2.6667],
            "transform": [
                [0.992755, -0.08883, -0.080906, -0.125006, -0.084617, -0.994944, 0.054093, -0.002831, -0.085302, -0.046855, -0.995252, -1.2e-05, 0.0, 0.0, 0.0, 1.0],
                [0.992755, -0.08883, -0.080906, -0.125006, -0.084617, -0.994944, 0.054093, -0.002831, -0.085302, -0.046855, -0.995252, -1.2e-05, 0.0, 0.0, 0.0, 1.0],
                [0.992755, -0.08883, -0.080906, -0.125006, -0.084617, -0.994944, 0.054093, -0.002831, -0.085302, -0.046855, -0.995252, -1.2e-05, 0.0, 0.0, 0.0, 1.0]
            ]
        },
        {
            "name": "Leg_L",
            "time": [0.0, 1.3333, 2.6667],
            "transform": [
                [0.998194, 0.034777, -0.048977, 0.0, -0.031022, 0.996668, 0.075437, 0.374726, 0.051437, -0.073782, 0.995947, -0.0, 0.0, 0.0, 0.0, 1.0],
                [0.998194, 0.034777, -0.048977, 0.0, -0.031022, 0.996668, 0.075437, 0.374726, 0.051437, -0.073782, 0.995947, -0.0, 0.0, 0.0, 0.0, 1.0],
                [0.998194, 0.034777, -0.048977, 0.0, -0.031022, 0.996668, 0.075437, 0.374726, 0.051437, -0.073782, 0.995947, -0.0, 0.0, 0.0, 0.0, 1.0]
            ]
        },
        {
            "name": "Knee_L",
            "time": [0.0, 1.3333, 2.6667],
            "transform": [
                [0.99986, -0.016129, 0.004365, -0.0, -0.004365, -0.504269, -0.863535, 0.459884, 0.016129, 0.863396, -0.504269, -0.004006, 0.0, 0.0, 0.0, 1.0],
                [0.99986, -0.016129, 0.004365, -0.0, -0.004365, -0.504269, -0.863535, 0.459884, 0.016129, 0.863396, -0.504269, -0.004006, 0.0, 0.0, 0.0, 1.0],
                [0.99986, -0.016129, 0.004365, -0.0, -0.004365, -0.504269, -0.863535, 0.459884, 0.016129, 0.863396, -0.504269, -0.004006, 0.0, 0.0, 0.0, 1.0]
            ]
        },
        {
            "name": "Torso",
            "time": [0.0, 1.3333, 2.6667],
            "transform": [
                [1.0, 0.0, 0.0, 0.0, 0.0, 0.999568, 0.029394, 0.05, 0.0, -0.029394, 0.999568, 0.0, 0.0, 0.0, 0.0, 1.0],
                [1.0, 0.0, 0.0, 0.0, 0.0, 0.999568, 0.029394, 0.05, 0.0, -0.029394, 0.999568, 0.0, 0.0, 0.0, 0.0, 1.0],
                [1.0, 0.0, 0.0, 0.0, 0.0, 0.999568, 0.029394, 0.05, 0.0, -0.029394, 0.999568, 0.0, 0.0, 0.0, 0.0, 1.0]
            ]
        },
        {
            "name": "Chest",
            "time": [0.0, 1.3333, 2.6667],
            "transform": [
                [1.0, 0.0, 0.0, 0.0, 0.0, 0.998281, -0.058611, 0.3, 0.0, 0.058611, 0.998281, 0.0, 0.0, 0.0, 0.0, 1.0],
                [1.0, 0.0, 0.0, 0.0, 0.0, 0.996964, -0.07787, 0.3, 0.0, 0.07787, 0.996964, 0.0, 0.0, 0.0, 0.0, 1.0],
                [1.0, 0.0, 0.0, 0.0, 0.0, 0.998281, -0.058611, 0.3, 0.0, 0.058611, 0.998281, 0.0, 0.0, 0.0, 0.0, 1.0]
            ]
        },
        {
            "name": "Head",
            "time": [0.0, 1.3333, 2.6667],
            "transform": [
                [1.0, 0.0, 0.0, -0.0, 0.0, 1.0, 0.0, 0.4, 0.0, 0.0, 1.0, -0.0, 0.0, 0.0, 0.0, 1.0],
                [1.0, 0.0, 0.0, 0.0, 0.0, 1.0, 0.0, 0.4, 0.0, 0.0, 1.0, 0.0, 0.0, 0.0, 0.0, 1.0],
                [1.0, 0.0, 0.0, -0.0, 0.0, 1.0, 0.0, 0.4, 0.0, 0.0, 1.0, -0.0, 0.0, 0.0, 0.0, 1.0]
            ]
        },
        {
            "name": "Shoulder_R",
            "time": [0.0, 1.3333, 2.6667],
            "transform": [
                [-0.076029, 0.996762, 0.026165, -0.0, 0.00199, -0.026089, 0.999658, 0.4, 0.997103, 0.076055, -0.0, -0.0, 0.0, 0.0, 0.0, 1.0],
                [-0.076029, 0.996901, 0.020187, 0.0, 0.00199, -0.020094, 0.999796, 0.4, 0.997103, 0.076053, -0.000456, 0.0, 0.0, 0.0, 0.0, 1.0],
                [-0.076029, 0.996762, 0.026165, -0.0, 0.00199, -0.026089, 0.999658, 0.4, 0.997103, 0.076055, -0.0, -0.0, 0.0, 0.0, 0.0, 1.0]
            ]
        },
        {
            "name": "Arm_R",
            "time": [0.0, 1.3333, 2.6667],
            "transform": [
                [0.550358, -0.789426, -0.271868, 0.0, 0.587905, 0.597618, -0.545179, 0.39386, 0.592852, 0.140211, 0.793011, -0.0, 0.0, 0.0, 0.0, 1.0],
                [0.564893, -0.789426, -0.240214, -0.0, 0.617882, 0.597618, -0.510955, 0.39386, 0.546917, 0.140211, 0.825362, 0.0, 0.0, 0.0, 0.0, 1.0],
                [0.550358, -0.789426, -0.271868, 0.0, 0.587905, 0.597618, -0.545179, 0.39386, 0.592852, 0.140211, 0.793011, -0.0, 0.0, 0.0, 0.0, 1.0]
            ]
        },
        {
            "name": "Hand_R",
            "time": [0.0, 1.3333, 2.6667],
            "transform": [
                [0.772181, -0.061885, 0.632381, -0.0, 0.590375, -0.298104, -0.750061, 0.300003, 0.234933, 0.952525, -0.193655, 0.0, 0.0, 0.0, 0.0, 1.0],
                [0.772181, -0.061885, 0.632382, 0.0, 0.590375, -0.298104, -0.750061, 0.300002, 0.234933, 0.952525, -0.193655, -0.0, 0.0, 0.0, 0.0, 1.0],
                [0.772181, -0.061885, 0.632381, -0.0, 0.590375, -0.298104, -0.750061, 0.300003, 0.234933, 0.952525, -0.193655, 0.0, 0.0, 0.0, 0.0, 1.0]
            ]
        },
        {
            "name": "Tool_R",
            "time": [0.0, 2.6667],
            "transform": [
                [0.0, 0.0, 0.0, 0.0, 0.0, 0.0, 0.0, 0.272858, 0.0, 0.0, 0.0, -0.0, 0.0, 0.0, 0.0, 1.0],
                [0.0, 0.0, 0.0, 0.0, 0.0, 0.0, 0.0, 0.272858, 0.0, 0.0, 0.0, -0.0, 0.0, 0.0, 0.0, 1.0]
            ]
        },
        {
            "name": "Elbow_R",
            "time": [0.0, 1.3333, 2.6667],
            "transform": [
                [-1.0, 0.0, 0.0, -4.9e-05, -0.0, -0.0, -1.0, 0.370249, -0.0, -1.0, -0.0, 0.000652, 0.0, 0.0, 0.0, 1.0],
                [-1.0, 0.0, -0.0, -4.9e-05, 0.0, -0.0, -1.0, 0.370249, -0.0, -1.0, -0.0, 0.000652, 0.0, 0.0, 0.0, 1.0],
                [-1.0, 0.0, 0.0, -4.9e-05, -0.0, -0.0, -1.0, 0.370249, -0.0, -1.0, -0.0, 0.000652, 0.0, 0.0, 0.0, 1.0]
            ]
        },
        {
            "name": "Shoulder_L",
            "time": [0.0, 1.3333, 2.6667],
            "transform": [
                [-0.0, -0.952114, -0.305743, -0.0, -0.0, -0.305743, 0.952114, 0.4, -1.0, -0.0, 0.0, -0.0, 0.0, 0.0, 0.0, 1.0],
                [-0.0, -0.963181, -0.268853, 0.0, 0.0, -0.268853, 0.963181, 0.4, -1.0, -0.0, 0.0, 0.0, 0.0, 0.0, 0.0, 1.0],
                [-0.0, -0.952114, -0.305743, -0.0, -0.0, -0.305743, 0.952114, 0.4, -1.0, -0.0, 0.0, -0.0, 0.0, 0.0, 0.0, 1.0]
            ]
        },
        {
            "name": "Arm_L",
            "time": [0.0, 1.3333, 2.6667],
            "transform": [
                [-0.015212, -0.148808, 0.988749, -0.0, -0.944296, 0.327259, 0.034725, 0.39386, -0.328744, -0.933144, -0.145497, 0.0, 0.0, 0.0, 0.0, 1.0],
                [-0.012853, -0.149031, 0.988749, -0.0, -0.949362, 0.312259, 0.034725, 0.39386, -0.313921, -0.938234, -0.145497, 0.0, 0.0, 0.0, 0.0, 1.0],
                [-0.015212, -0.148808, 0.988749, -0.0, -0.944296, 0.327259, 0.034725, 0.39386, -0.328744, -0.933144, -0.145497, 0.0, 0.0, 0.0, 0.0, 1.0]
            ]
        },
        {
            "name": "Hand_L",
            "time": [0.0, 1.3333, 2.6667],
            "transform": [
                [1.0, -0.0, -0.0, 0.0, 0.0, 0.998804, -0.048896, 0.300003, 0.0, 0.048896, 0.998804, -0.0, 0.0, 0.0, 0.0, 1.0],
                [1.0, 0.0, 0.0, -0.0, 0.0, 0.998804, -0.048896, 0.300003, 0.0, 0.048896, 0.998804, 0.0, 0.0, 0.0, 0.0, 1.0],
                [1.0, -0.0, -0.0, 0.0, 0.0, 0.998804, -0.048896, 0.300003, 0.0, 0.048896, 0.998804, -0.0, 0.0, 0.0, 0.0, 1.0]
            ]
        },
        {
            "name": "Tool_L",
            "time": [0.0, 2.6667],
            "transform": [
                [0.0, 0.0, 0.0, 0.0, 0.0, 0.0, 0.0, 0.272858, 0.0, 0.0, 0.0, -0.0, 0.0, 0.0, 0.0, 1.0],
                [0.0, 0.0, 0.0, 0.0, 0.0, 0.0, 0.0, 0.272858, 0.0, 0.0, 0.0, -0.0, 0.0, 0.0, 0.0, 1.0]
            ]
        },
        {
            "name": "Elbow_L",
            "time": [0.0, 1.3333, 2.6667],
            "transform": [
                [-1.0, 0.0, -0.0, -0.000104, -0.0, -0.0, -1.0, 0.367344, 0.0, -1.0, 0.0, 7.2e-05, 0.0, 0.0, 0.0, 1.0],
                [-1.0, 0.0, -0.0, -0.000104, 0.0, 0.0, -1.0, 0.367344, 0.0, -1.0, 0.0, 7.2e-05, 0.0, 0.0, 0.0, 1.0],
                [-1.0, 0.0, -0.0, -0.000104, -0.0, -0.0, -1.0, 0.367344, 0.0, -1.0, 0.0, 7.2e-05, 0.0, 0.0, 0.0, 1.0]
            ]
        }
    ]
}