{
    "animation": [
        {
            "name": "Root",
            "time": [0.0, 0.02, 0.04, 0.06, 0.08, 0.1, 0.12, 0.14, 0.16, 0.18, 0.2, 0.22, 0.24, 0.26, 0.28, 0.3, 0.32, 0.34, 0.36, 0.38, 0.4, 0.42, 0.44, 0.46, 0.48, 0.5, 0.52, 0.54, 0.56, 0.58, 0.6, 0.62, 0.64, 0.66, 0.68, 0.7, 0.72, 0.74, 0.76, 0.78, 0.8, 0.82, 0.84, 0.86, 0.88, 0.9, 0.92, 0.94, 0.96, 0.98, 1.0, 1.02, 1.04, 1.06, 1.08, 1.1, 1.12, 1.14, 1.16, 1.18, 1.2, 1.22, 1.24, 1.26, 1.28, 1.3, 1.32, 1.34, 1.36, 1.38, 1.4, 1.42, 1.44, 1.46, 1.48, 1.5, 1.52, 1.54, 1.56, 1.58, 1.6, 1.62, 1.64, 1.66, 1.68, 1.7, 1.72, 1.74, 1.76, 1.78, 1.8, 1.82, 1.84, 1.86, 1.88, 1.9, 1.92, 1.94, 1.96, 1.98, 2.0, 2.02, 2.04, 2.06, 2.08, 2.1, 2.12, 2.14, 2.16, 2.18, 2.2, 2.22, 2.24, 2.26, 2.28, 2.3, 2.32, 2.34, 2.36, 2.38, 2.4, 2.42, 2.44, 2.46, 2.48, 2.5, 2.52, 2.54, 2.56, 2.58, 2.6],
            "transform": [
                [1.0, 0.0, 0.0, -5e-06, 0.0, 0.0, -1.0, 0.000946, 0.0, 1.0, 0.0, 0.760597, 0.0, 0.0, 0.0, 1.0],
                [1.0, 0.0, 0.0, -5e-06, 0.0, 0.0, -1.0, 0.000946, 0.0, 1.0, 0.0, 0.751892, 0.0, 0.0, 0.0, 1.0],
                [1.0, 0.0, 0.0, -5e-06, 0.0, 0.0, -1.0, 0.000946, 0.0, 1.0, 0.0, 0.728884, 0.0, 0.0, 0.0, 1.0],
                [1.0, 0.0, 0.0, -5e-06, 0.0, 0.0, -1.0, 0.000946, 0.0, 1.0, 0.0, 0.696232, 0.0, 0.0, 0.0, 1.0],
                [1.0, 0.0, 0.0, -5e-06, 0.0, 0.0, -1.0, 0.000946, 0.0, 1.0, 0.0, 0.658597, 0.0, 0.0, 0.0, 1.0],
                [1.0, 0.0, 0.0, -5e-06, 0.0, 0.0, -1.0, 0.000946, 0.0, 1.0, 0.0, 0.620638, 0.0, 0.0, 0.0, 1.0],
                [1.0, 0.0, 0.0, -5e-06, 0.0, 0.0, -1.0, 0.000946, 0.0, 1.0, 0.0, 0.587016, 0.0, 0.0, 0.0, 1.0],
                [1.0, 0.0, 0.0, -5e-06, 0.0, 0.0, -1.0, 0.000946, 0.0, 1.0, 0.0, 0.562389, 0.0, 0.0, 0.0, 1.0],
                [1.0, 0.0, 0.0, -5e-06, 0.0, 0.0, -1.0, 0.000946, 0.0, 1.0, 0.0, 0.551417, 0.0, 0.0, 0.0, 1.0],
                [1.0, 0.0, 0.0, -5e-06, 0.0, 0.0, -1.0, 0.002841, 0.0, 1.0, 0.0, 0.548948, 0.0, 0.0, 0.0, 1.0],
                [1.0, 0.0, 0.0, -5e-06, 0.0, 0.0, -1.0, 0.008309, 0.0, 1.0, 0.0, 0.546714, 0.0, 0.0, 0.0, 1.0],
                [1.0, 0.0, 0.0, -5e-06, 0.0, 0.0, -1.0, 0.017029, 0.0, 1.0, 0.0, 0.544703, 0.0, 0.0, 0.0, 1.0],
                [1.0, 0.0, 0.0, -5e-06, 0.0, 0.0, -1.0, 0.028678, 0.0, 1.0, 0.0, 0.542904, 0.0, 0.0, 0.0, 1.0],
                [1.0, 0.0, 0.0, -5e-06, 0.0, 0.0, -1.0, 0.042934, 0.0, 1.0, 0.0, 0.541304, 0.0, 0.0, 0.0, 1.0],
                [1.0, 0.0, 0.0, -5e-06, 0.0, 0.0, -1.0, 0.059475, 0.0, 1.0, 0.0, 0.539893, 0.0, 0.0, 0.0, 1.0],
                [1.0, 0.0, 0.0, -5e-06, 0.0, 0.0, -1.0, 0.077979, 0.0, 1.0, 0.0, 0.538657, 0.0, 0.0, 0.0, 1.0],
                [1.0, 0.0, 0.0, -5e-06, 0.0, 0.0, -1.0, 0.098123, 0.0, 1.0, 0.0, 0.537586, 0.0, 0.0, 0.0, 1.0],
                [1.0, 0.0, 0.0, -5e-06, 0.0, 0.0, -1.0, 0.119585, 0.0, 1.0, 0.0, 0.536668, 0.0, 0.0, 0.0, 1.0],
                [1.0, 0.0, 0.0, -5e-06, 0.0, 0.0, -1.0, 0.142043, 0.0, 1.0, 0.0, 0.53589, 0.0, 0.0, 0.0, 1.0],
                [1.0, 0.0, 0.0, -5e-06, 0.0, 0.0, -1.0, 0.165176, 0.0, 1.0, 0.0, 0.535242, 0.0, 0.0, 0.0, 1.0],
                [1.0, 0.0, 0.0, -5e-06, 0.0, 0.0, -1.0, 0.188659, 0.0, 1.0, 0.0, 0.534712, 0.0, 0.0, 0.0, 1.0],
                [1.0, 0.0, 0.0, -5e-06, 0.0, 0.0, -1.0, 0.212172, 0.0, 1.0, 0.0, 0.534287, 0.0, 0.0, 0.0, 1.0],
                [1.0, 0.0, 0.0, -5e-06, 0.0, 0.0, -1.0, 0.235392, 0.0, 1.0, 0.0, 0.533956, 0.0, 0.0, 0.0, 1.0],
                [1.0, 0.0, 0.0, -5e-06, 0.0, 0.0, -1.0, 0.257997, 0.0, 1.0, 0.0, 0.533707, 0.0, 0.0, 0.0, 1.0],
                [1.0, 0.0, 0.0, -5e-06, 0.0, 0.0, -1.0, 0.279664, 0.0, 1.0, 0.0, 0.533529, 0.0, 0.0, 0.0, 1.0],
                [1.0, 0.0, 0.0, -5e-06, 0.0, 0.0, -1.0, 0.300072, 0.0, 1.0, 0.0, 0.53341, 0.0, 0.0, 0.0, 1.0],
                [1.0, 0.0, 0.0, -5e-06, 0.0, 0.0, -1.0, 0.318898, 0.0, 1.0, 0.0, 0.533337, 0.0, 0.0, 0.0, 1.0],
                [1.0, 0.0, 0.0, -5e-06, 0.0, 0.0, -1.0, 0.33582, 0.0, 1.0, 0.0, 0.5333, 0.0, 0.0, 0.0, 1.0],
                [1.0, 0.0, 0.0, -5e-06, 0.0, 0.0, -1.0, 0.350515, 0.0, 1.0, 0.0, 0.533286, 0.0, 0.0, 0.0, 1.0],
                [1.0, 0.0, 0.0, -5e-06, 0.0, 0.0, -1.0, 0.362662, 0.0, 1.0, 0.0, 0.533284, 0.0, 0.0, 0.0, 1.0],
                [1.0, 0.0, 0.0, -5e-06, 0.0, 0.0, -1.0, 0.372063, 0.0, 1.0, 0.0, 0.533284, 0.0, 0.0, 0.0, 1.0],
                [1.0, 0.0, 0.0, -5e-06, 0.0, 0.0, -1.0, 0.379016, 0.0, 1.0, 0.0, 0.533284, 0.0, 0.0, 0.0, 1.0],
                [1.0, 0.0, 0.0, -5e-06, 0.0, 0.0, -1.0, 0.383945, 0.0, 1.0, 0.0, 0.533284, 0.0, 0.0, 0.0, 1.0],
                [1.0, 0.0, 0.0, -5e-06, 0.0, 0.0, -1.0, 0.387272, 0.0, 1.0, 0.0, 0.533284, 0.0, 0.0, 0.0, 1.0],
                [1.0, 0.0, 0.0, -5e-06, 0.0, 0.0, -1.0, 0.389421, 0.0, 1.0, 0.0, 0.533284, 0.0, 0.0, 0.0, 1.0],
                [1.0, 0.0, 0.0, -5e-06, 0.0, 0.0, -1.0, 0.390816, 0.0, 1.0, 0.0, 0.533284, 0.0, 0.0, 0.0, 1.0],
                [1.0, 0.0, 0.0, -5e-06, 0.0, 0.0, -1.0, 0.391879, 0.0, 1.0, 0.0, 0.533284, 0.0, 0.0, 0.0, 1.0],
                [1.0, 0.0, 0.0, -5e-06, 0.0, 0.0, -1.0, 0.393034, 0.0, 1.0, 0.0, 0.533284, 0.0, 0.0, 0.0, 1.0],
                [1.0, 0.0, 0.0, -5e-06, 0.0, 0.0, -1.0, 0.394704, 0.0, 1.0, 0.0, 0.533284, 0.0, 0.0, 0.0, 1.0],
                [1.0, 0.0, 0.0, -5e-06, 0.0, 0.0, -1.0, 0.397312, 0.0, 1.0, 0.0, 0.533284, 0.0, 0.0, 0.0, 1.0],
                [1.0, 0.0, 0.0, -5e-06, 0.0, 0.0, -1.0, 0.401281, 0.0, 1.0, 0.0, 0.533284, 0.0, 0.0, 0.0, 1.0],
                [1.0, 0.0, 0.0, -5e-06, 0.0, 0.0, -1.0, 0.407034, 0.0, 1.0, 0.0, 0.533284, 0.0, 0.0, 0.0, 1.0],
                [1.0, 0.0, 0.0, -5e-06, 0.0, 0.0, -1.0, 0.414995, 0.0, 1.0, 0.0, 0.533284, 0.0, 0.0, 0.0, 1.0],
                [1.0, 0.0, 0.0, -5e-06, 0.0, 0.0, -1.0, 0.425588, 0.0, 1.0, 0.0, 0.533284, 0.0, 0.0, 0.0, 1.0],
                [1.0, 0.0, 0.0, -5e-06, 0.0, 0.0, -1.0, 0.439234, 0.0, 1.0, 0.0, 0.533284, 0.0, 0.0, 0.0, 1.0],
                [1.0, 0.0, 0.0, -5e-06, 0.0, 0.0, -1.0, 0.484614, 0.0, 1.0, 0.0, 0.533284, 0.0, 0.0, 0.0, 1.0],
                [1.0, 0.0, 0.0, -5e-06, 0.0, 0.0, -1.0, 0.579947, 0.0, 1.0, 0.0, 0.533284, 0.0, 0.0, 0.0, 1.0],
                [1.0, 0.0, 0.0, -5e-06, 0.0, 0.0, -1.0, 0.709959, 0.0, 1.0, 0.0, 0.533284, 0.0, 0.0, 0.0, 1.0],
                [1.0, 0.0, 0.0, -5e-06, 0.0, 0.0, -1.0, 0.859381, 0.0, 1.0, 0.0, 0.533284, 0.0, 0.0, 0.0, 1.0],
                [1.0, 0.0, 0.0, -5e-06, 0.0, 0.0, -1.0, 1.012939, 0.0, 1.0, 0.0, 0.533284, 0.0, 0.0, 0.0, 1.0],
                [1.0, 0.0, 0.0, -5e-06, 0.0, 0.0, -1.0, 1.155362, 0.0, 1.0, 0.0, 0.533284, 0.0, 0.0, 0.0, 1.0],
                [1.0, 0.0, 0.0, -5e-06, 0.0, 0.0, -1.0, 1.27138, 0.0, 1.0, 0.0, 0.533284, 0.0, 0.0, 0.0, 1.0],
                [1.0, 0.0, 0.0, -5e-06, 0.0, 0.0, -1.0, 1.345719, 0.0, 1.0, 0.0, 0.533284, 0.0, 0.0, 0.0, 1.0],
                [1.0, 0.0, 0.0, -5e-06, 0.0, 0.0, -1.0, 1.383703, 0.0, 1.0, 0.0, 0.519968, 0.0, 0.0, 0.0, 1.0],
                [1.0, 0.0, 0.0, -5e-06, 0.0, 0.0, -1.0, 1.404805, 0.0, 1.0, 0.0, 0.488213, 0.0, 0.0, 0.0, 1.0],
                [1.0, 0.0, 0.0, -5e-06, 0.0, 0.0, -1.0, 1.414984, 0.0, 1.0, 0.0, 0.450312, 0.0, 0.0, 0.0, 1.0],
                [1.0, 0.0, 0.0, -5e-06, 0.0, 0.0, -1.0, 1.420197, 0.0, 1.0, 0.0, 0.418557, 0.0, 0.0, 0.0, 1.0],
                [1.0, 0.0, 0.0, -5e-06, 0.0, 0.0, -1.0, 1.426403, 0.0, 1.0, 0.0, 0.40524, 0.0, 0.0, 0.0, 1.0],
                [1.0, 0.0, 0.0, -5e-06, 0.0, 0.0, -1.0, 1.438332, 0.0, 1.0, 0.0, 0.409474, 0.0, 0.0, 0.0, 1.0],
                [1.0, 0.0, 0.0, -5e-06, 0.0, 0.0, -1.0, 1.455803, 0.0, 1.0, 0.0, 0.421084, 0.0, 0.0, 0.0, 1.0],
                [1.0, 0.0, 0.0, -5e-06, 0.0, 0.0, -1.0, 1.47741, 0.0, 1.0, 0.0, 0.438429, 0.0, 0.0, 0.0, 1.0],
                [1.0, 0.0, 0.0, -5e-06, 0.0, 0.0, -1.0, 1.501745, 0.0, 1.0, 0.0, 0.459872, 0.0, 0.0, 0.0, 1.0],
                [1.0, 0.0, 0.0, -5e-06, 0.0, 0.0, -1.0, 1.527402, 0.0, 1.0, 0.0, 0.483774, 0.0, 0.0, 0.0, 1.0],
                [1.0, 0.0, 0.0, -5e-06, 0.0, 0.0, -1.0, 1.552973, 0.0, 1.0, 0.0, 0.508495, 0.0, 0.0, 0.0, 1.0],
                [1.0, 0.0, 0.0, -5e-06, 0.0, 0.0, -1.0, 1.57705, 0.0, 1.0, 0.0, 0.532397, 0.0, 0.0, 0.0, 1.0],
                [1.0, 0.0, 0.0, -5e-06, 0.0, 0.0, -1.0, 1.598226, 0.0, 1.0, 0.0, 0.55384, 0.0, 0.0, 0.0, 1.0],
                [1.0, 0.0, 0.0, -5e-06, 0.0, 0.0, -1.0, 1.615094, 0.0, 1.0, 0.0, 0.571186, 0.0, 0.0, 0.0, 1.0],
                [1.0, 0.0, 0.0, -5e-06, 0.0, 0.0, -1.0, 1.626247, 0.0, 1.0, 0.0, 0.582795, 0.0, 0.0, 0.0, 1.0],
                [1.0, 0.0, 0.0, -5e-06, 0.0, 0.0, -1.0, 1.630278, 0.0, 1.0, 0.0, 0.587029, 0.0, 0.0, 0.0, 1.0],
                [0.999999, 0.0, -0.001147, -5e-06, -0.001147, 0.0, -0.999999, 1.630278, 0.0, 1.0, 0.0, 0.586945, 0.0, 0.0, 0.0, 1.0],
                [0.99999, 0.0, -0.004487, -5e-06, -0.004487, 0.0, -0.99999, 1.630278, 0.0, 1.0, 0.0, 0.5867, 0.0, 0.0, 0.0, 1.0],
                [0.999951, 0.0, -0.009871, -5e-06, -0.009871, 0.0, -0.999951, 1.630278, 0.0, 1.0, 0.0, 0.586306, 0.0, 0.0, 0.0, 1.0],
                [0.999853, 0.0, -0.017149, -5e-06, -0.017149, 0.0, -0.999853, 1.630278, 0.0, 1.0, 0.0, 0.585773, 0.0, 0.0, 0.0, 1.0],
                [0.999657, 0.0, -0.026174, -5e-06, -0.026174, 0.0, -0.999657, 1.630278, 0.0, 1.0, 0.0, 0.585113, 0.0, 0.0, 0.0, 1.0],
                [0.999323, 0.0, -0.036795, -5e-06, -0.036795, 0.0, -0.999323, 1.630278, 0.0, 1.0, 0.0, 0.584337, 0.0, 0.0, 0.0, 1.0],
                [0.998806, 0.0, -0.048861, -5e-06, -0.048861, 0.0, -0.998806, 1.630278, 0.0, 1.0, 0.0, 0.583455, 0.0, 0.0, 0.0, 1.0],
                [0.998063, 0.0, -0.062218, -5e-06, -0.062218, 0.0, -0.998063, 1.630278, 0.0, 1.0, 0.0, 0.582479, 0.0, 0.0, 0.0, 1.0],
                [0.997053, 0.0, -0.076714, -5e-06, -0.076714, 0.0, -0.997053, 1.630278, 0.0, 1.0, 0.0, 0.58142, 0.0, 0.0, 0.0, 1.0],
                [0.995741, 0.0, -0.09219, -5e-06, -0.09219, 0.0, -0.995741, 1.630278, 0.0, 1.0, 0.0, 0.580289, 0.0, 0.0, 0.0, 1.0],
                [0.994098, 0.0, -0.108488, -5e-06, -0.108488, 0.0, -0.994098, 1.630278, 0.0, 1.0, 0.0, 0.579098, 0.0, 0.0, 0.0, 1.0],
                [0.9921, 0.0, -0.125448, -5e-06, -0.125448, 0.0, -0.9921, 1.630278, 0.0, 1.0, 0.0, 0.577856, 0.0, 0.0, 0.0, 1.0],
                [0.989736, 0.0, -0.14291, -5e-06, -0.14291, 0.0, -0.989736, 1.630278, 0.0, 1.0, 0.0, 0.576575, 0.0, 0.0, 0.0, 1.0],
                [0.987002, 0.0, -0.16071, -5e-06, -0.16071, 0.0, -0.987002, 1.630278, 0.0, 1.0, 0.0, 0.575267, 0.0, 0.0, 0.0, 1.0],
                [0.983906, 0.0, -0.178687, -5e-06, -0.178687, 0.0, -0.983906, 1.630278, 0.0, 1.0, 0.0, 0.573942, 0.0, 0.0, 0.0, 1.0],
                [0.980467, 0.0, -0.196681, -5e-06, -0.196681, 0.0, -0.980467, 1.630278, 0.0, 1.0, 0.0, 0.572612, 0.0, 0.0, 0.0, 1.0],
                [0.976717, 0.0, -0.214534, -5e-06, -0.214534, 0.0, -0.976717, 1.630278, 0.0, 1.0, 0.0, 0.571287, 0.0, 0.0, 0.0, 1.0],
                [0.972695, 0.0, -0.232088, -5e-06, -0.232088, 0.0, -0.972695, 1.630278, 0.0, 1.0, 0.0, 0.569979, 0.0, 0.0, 0.0, 1.0],
                [0.968455, 0.0, -0.24919, -5e-06, -0.24919, 0.0, -0.968455, 1.630278, 0.0, 1.0, 0.0, 0.568698, 0.0, 0.0, 0.0, 1.0],
                [0.964058, 0.0, -0.265692, -5e-06, -0.265692, 0.0, -0.964058, 1.630278, 0.0, 1.0, 0.0, 0.567456, 0.0, 0.0, 0.0, 1.0],
                [0.959576, 0.0, -0.281448, -5e-06, -0.281448, 0.0, -0.959576, 1.630278, 0.0, 1.0, 0.0, 0.566265, 0.0, 0.0, 0.0, 1.0],
                [0.95509, 0.0, -0.296317, -5e-06, -0.296317, 0.0, -0.95509, 1.630278, 0.0, 1.0, 0.0, 0.565134, 0.0, 0.0, 0.0, 1.0],
                [0.950683, 0.0, -0.310164, -5e-06, -0.310164, 0.0, -0.950683, 1.630278, 0.0, 1.0, 0.0, 0.564075, 0.0, 0.0, 0.0, 1.0],
                [0.946449, 0.0, -0.322854, -5e-06, -0.322854, 0.0, -0.946449, 1.630278, 0.0, 1.0, 0.0, 0.563099, 0.0, 0.0, 0.0, 1.0],
                [0.942481, 0.0, -0.334261, -5e-06, -0.334261, 0.0, -0.942481, 1.630278, 0.0, 1.0, 0.0, 0.562217, 0.0, 0.0, 0.0, 1.0],
                [0.938876, 0.0, -0.344256, -5e-06, -0.344256, 0.0, -0.938876, 1.630278, 0.0, 1.0, 0.0, 0.561441, 0.0, 0.0, 0.0, 1.0],
                [0.93573, 0.0, -0.352717, -5e-06, -0.352717, 0.0, -0.93573, 1.630278, 0.0, 1.0, 0.0, 0.56078, 0.0, 0.0, 0.0, 1.0],
                [0.933138, 0.0, -0.35952, -5e-06, -0.35952, 0.0, -0.933138, 1.630278, 0.0, 1.0, 0.0, 0.560248, 0.0, 0.0, 0.0, 1.0],
                [0.931188, 0.0, -0.364538, -5e-06, -0.364538, 0.0, -0.931188, 1.630278, 0.0, 1.0, 0.0, 0.559854, 0.0, 0.0, 0.0, 1.0],
                [0.929966, 0.0, -0.367647, -5e-06, -0.367647, 0.0, -0.929966, 1.630278, 0.0, 1.0, 0.0, 0.559609, 0.0, 0.0, 0.0, 1.0],
                [0.929543, 0.0, -0.368713, -5e-06, -0.368713, 0.0, -0.929543, 1.630278, 0.0, 1.0, 0.0, 0.559525, 0.0, 0.0, 0.0, 1.0],
                [0.929543, 0.0, -0.368713, -0.000516, -0.368713, 0.0, -0.929543, 1.630574, 0.0, 1.0, 0.0, 0.55992, 0.0, 0.0, 0.0, 1.0],
                [0.929543, 0.0, -0.368713, -0.001988, -0.368713, 0.0, -0.929543, 1.631428, 0.0, 1.0, 0.0, 0.56106, 0.0, 0.0, 0.0, 1.0],
                [0.929543, 0.0, -0.368713, -0.00433, -0.368713, 0.0, -0.929543, 1.632787, 0.0, 1.0, 0.0, 0.562873, 0.0, 0.0, 0.0, 1.0],
                [0.929543, 0.0, -0.368713, -0.007451, -0.368713, 0.0, -0.929543, 1.634597, 0.0, 1.0, 0.0, 0.565288, 0.0, 0.0, 0.0, 1.0],
                [0.929543, 0.0, -0.368713, -0.011258, -0.368713, 0.0, -0.929543, 1.636805, 0.0, 1.0, 0.0, 0.568235, 0.0, 0.0, 0.0, 1.0],
                [0.929543, 0.0, -0.368713, -0.01566, -0.368713, 0.0, -0.929543, 1.639359, 0.0, 1.0, 0.0, 0.571642, 0.0, 0.0, 0.0, 1.0],
                [0.929543, 0.0, -0.368713, -0.020565, -0.368713, 0.0, -0.929543, 1.642204, 0.0, 1.0, 0.0, 0.575439, 0.0, 0.0, 0.0, 1.0],
                [0.929543, 0.0, -0.368713, -0.025883, -0.368713, 0.0, -0.929543, 1.645289, 0.0, 1.0, 0.0, 0.579555, 0.0, 0.0, 0.0, 1.0],
                [0.929543, 0.0, -0.368713, -0.031521, -0.368713, 0.0, -0.929543, 1.648559, 0.0, 1.0, 0.0, 0.583918, 0.0, 0.0, 0.0, 1.0],
                [0.929543, 0.0, -0.368713, -0.037388, -0.368713, 0.0, -0.929543, 1.651963, 0.0, 1.0, 0.0, 0.588459, 0.0, 0.0, 0.0, 1.0],
                [0.929543, 0.0, -0.368713, -0.043392, -0.368713, 0.0, -0.929543, 1.655445, 0.0, 1.0, 0.0, 0.593107, 0.0, 0.0, 0.0, 1.0],
                [0.929543, 0.0, -0.368713, -0.049442, -0.368713, 0.0, -0.929543, 1.658955, 0.0, 1.0, 0.0, 0.597789, 0.0, 0.0, 0.0, 1.0],
                [0.929543, 0.0, -0.368713, -0.055446, -0.368713, 0.0, -0.929543, 1.662438, 0.0, 1.0, 0.0, 0.602436, 0.0, 0.0, 0.0, 1.0],
                [0.929543, 0.0, -0.368713, -0.061313, -0.368713, 0.0, -0.929543, 1.665841, 0.0, 1.0, 0.0, 0.606977, 0.0, 0.0, 0.0, 1.0],
                [0.929543, 0.0, -0.368713, -0.066951, -0.368713, 0.0, -0.929543, 1.669111, 0.0, 1.0, 0.0, 0.611341, 0.0, 0.0, 0.0, 1.0],
                [0.929543, 0.0, -0.368713, -0.072268, -0.368713, 0.0, -0.929543, 1.672196, 0.0, 1.0, 0.0, 0.615457, 0.0, 0.0, 0.0, 1.0],
                [0.929543, 0.0, -0.368713, -0.077174, -0.368713, 0.0, -0.929543, 1.675041, 0.0, 1.0, 0.0, 0.619254, 0.0, 0.0, 0.0, 1.0],
                [0.929543, 0.0, -0.368713, -0.081576, -0.368713, 0.0, -0.929543, 1.677595, 0.0, 1.0, 0.0, 0.622661, 0.0, 0.0, 0.0, 1.0],
                [0.929543, 0.0, -0.368713, -0.085383, -0.368713, 0.0, -0.929543, 1.679803, 0.0, 1.0, 0.0, 0.625608, 0.0, 0.0, 0.0, 1.0],
                [0.929543, 0.0, -0.368713, -0.088503, -0.368713, 0.0, -0.929543, 1.681613, 0.0, 1.0, 0.0, 0.628023, 0.0, 0.0, 0.0, 1.0],
                [0.929543, 0.0, -0.368713, -0.090845, -0.368713, 0.0, -0.929543, 1.682972, 0.0, 1.0, 0.0, 0.629836, 0.0, 0.0, 0.0, 1.0],
                [0.929543, 0.0, -0.368713, -0.092317, -0.368713, 0.0, -0.929543, 1.683826, 0.0, 1.0, 0.0, 0.630975, 0.0, 0.0, 0.0, 1.0],
                [0.929543, 0.0, -0.368713, -0.092829, -0.368713, 0.0, -0.929543, 1.684122, 0.0, 1.0, 0.0, 0.631371, 0.0, 0.0, 0.0, 1.0],
                [0.929543, 0.0, -0.368713, -0.092829, -0.368713, 0.0, -0.929543, 1.684122, 0.0, 1.0, 0.0, 0.631371, 0.0, 0.0, 0.0, 1.0],
                [0.929543, 0.0, -0.368713, -0.092829, -0.368713, 0.0, -0.929543, 1.684122, 0.0, 1.0, 0.0, 0.631371, 0.0, 0.0, 0.0, 1.0],
                [0.929543, 0.0, -0.368713, -0.092829, -0.368713, 0.0, -0.929543, 1.684122, 0.0, 1.0, 0.0, 0.631371, 0.0, 0.0, 0.0, 1.0],
                [0.929543, 0.0, -0.368713, -0.092829, -0.368713, 0.0, -0.929543, 1.684122, 0.0, 1.0, 0.0, 0.631371, 0.0, 0.0, 0.0, 1.0],
                [0.929543, 0.0, -0.368713, -0.092829, -0.368713, 0.0, -0.929543, 1.684122, 0.0, 1.0, 0.0, 0.631371, 0.0, 0.0, 0.0, 1.0],
                [0.929543, 0.0, -0.368713, -0.092829, -0.368713, 0.0, -0.929543, 1.684122, 0.0, 1.0, 0.0, 0.631371, 0.0, 0.0, 0.0, 1.0],
                [0.929543, 0.0, -0.368713, -0.092829, -0.368713, 0.0, -0.929543, 1.684122, 0.0, 1.0, 0.0, 0.631371, 0.0, 0.0, 0.0, 1.0],
                [0.929543, 0.0, -0.368713, -0.092829, -0.368713, 0.0, -0.929543, 1.684122, 0.0, 1.0, 0.0, 0.631371, 0.0, 0.0, 0.0, 1.0]
            ]
        },
        {
            "name": "Thigh_R",
            "time": [0.0, 0.02, 0.04, 0.06, 0.08, 0.1, 0.12, 0.14, 0.16, 0.18, 0.2, 0.22, 0.24, 0.26, 0.28, 0.3, 0.32, 0.34, 0.36, 0.38, 0.4, 0.42, 0.44, 0.46, 0.48, 0.5, 0.52, 0.54, 0.56, 0.58, 0.6, 0.62, 0.64, 0.66, 0.68, 0.7, 0.72, 0.74, 0.76, 0.78, 0.8, 0.82, 0.84, 0.86, 0.88, 0.9, 0.92, 0.94, 0.96, 0.98, 1.0, 1.02, 1.04, 1.06, 1.08, 1.1, 1.12, 1.14, 1.16, 1.18, 1.2, 1.22, 1.24, 1.26, 1.28, 1.3, 1.32, 1.34, 1.36, 1.38, 1.4, 1.42, 1.44, 1.46, 1.48, 1.5, 1.52, 1.54, 1.56, 1.58, 1.6, 1.62, 1.64, 1.66, 1.68, 1.7, 1.72, 1.74, 1.76, 1.78, 1.8, 1.82, 1.84, 1.86, 1.88, 1.9, 1.92, 1.94, 1.96, 1.98, 2.0, 2.02, 2.04, 2.06, 2.08, 2.1, 2.12, 2.14, 2.16, 2.18, 2.2, 2.22, 2.24, 2.26, 2.28, 2.3, 2.32, 2.34, 2.36, 2.38, 2.4, 2.42, 2.44, 2.46, 2.48, 2.5, 2.52, 2.54, 2.56, 2.58, 2.6],
            "transform": [
                [0.994685, 0.037354, 0.095951, 0.124994, 0.025789, -0.99255, 0.119058, -0.002831, 0.099683, -0.115951, -0.988241, 0.060925, 0.0, 0.0, 0.0, 1.0],
                [0.994656, 0.050009, 0.090325, 0.124994, 0.026067, -0.968156, 0.248979, -0.002831, 0.0999, -0.245294, -0.964288, 0.060925, 0.0, 0.0, 0.0, 1.0],
                [0.994569, 0.064054, 0.082032, 0.124994, 0.026824, -0.919311, 0.392614, -0.002831, 0.100561, -0.38828, -0.916038, 0.060925, 0.0, 0.0, 0.0, 1.0],
                [0.994422, 0.075963, 0.073172, 0.124994, 0.02796, -0.858789, 0.511563, -0.002831, 0.101699, -0.506663, -0.856125, 0.060925, 0.0, 0.0, 0.0, 1.0],
                [0.994213, 0.086186, 0.064116, 0.124994, 0.029368, -0.792221, 0.609526, -0.002831, 0.103327, -0.604115, -0.790169, 0.060925, 0.0, 0.0, 0.0, 1.0],
                [0.993949, 0.094792, 0.05549, 0.124994, 0.030902, -0.726117, 0.686876, -0.002831, 0.105403, -0.681003, -0.724654, 0.060925, 0.0, 0.0, 0.0, 1.0],
                [0.993647, 0.101739, 0.048108, 0.124994, 0.032345, -0.667614, 0.743804, -0.002831, 0.107792, -0.737521, -0.666665, 0.060925, 0.0, 0.0, 0.0, 1.0],
                [0.993341, 0.106876, 0.043024, 0.124994, 0.033398, -0.624519, 0.780295, -0.002831, 0.110264, -0.77366, -0.623931, 0.060925, 0.0, 0.0, 0.0, 1.0],
                [0.993075, 0.109891, 0.041533, 0.124994, 0.033704, -0.605187, 0.795369, -0.002831, 0.112539, -0.78846, -0.604701, 0.060925, 0.0, 0.0, 0.0, 1.0],
                [0.992744, 0.112332, 0.042901, 0.124994, 0.033795, -0.603042, 0.796993, -0.002831, 0.115399, -0.789759, -0.602464, 0.060925, 0.0, 0.0, 0.0, 1.0],
                [0.992195, 0.116106, 0.045473, 0.124994, 0.034441, -0.605672, 0.794968, -0.002831, 0.119842, -0.787196, -0.604945, 0.060925, 0.0, 0.0, 0.0, 1.0],
                [0.991391, 0.121284, 0.049328, 0.124994, 0.035698, -0.612859, 0.789385, -0.002831, 0.125971, -0.780827, -0.611914, 0.060925, 0.0, 0.0, 0.0, 1.0],
                [0.990275, 0.12796, 0.05459, 0.124994, 0.037669, -0.624372, 0.780218, -0.002831, 0.133922, -0.770573, -0.623122, 0.060925, 0.0, 0.0, 0.0, 1.0],
                [0.988767, 0.136253, 0.061432, 0.124994, 0.040506, -0.639925, 0.767368, -0.002831, 0.143868, -0.756259, -0.638258, 0.060925, 0.0, 0.0, 0.0, 1.0],
                [0.986756, 0.146295, 0.07007, 0.124994, 0.044414, -0.659136, 0.750711, -0.002831, 0.156011, -0.737655, -0.656905, 0.060925, 0.0, 0.0, 0.0, 1.0],
                [0.984091, 0.158237, 0.080777, 0.124994, 0.049649, -0.681489, 0.730141, -0.002831, 0.170584, -0.714514, -0.678505, 0.060925, 0.0, 0.0, 0.0, 1.0],
                [0.980573, 0.172236, 0.093869, 0.124994, 0.056516, -0.706325, 0.705627, -0.002831, 0.187837, -0.686612, -0.702339, 0.060925, 0.0, 0.0, 0.0, 1.0],
                [0.975935, 0.188447, 0.109715, 0.124994, 0.065369, -0.732834, 0.677259, -0.002831, 0.208031, -0.653788, -0.727519, 0.060925, 0.0, 0.0, 0.0, 1.0],
                [0.969835, 0.207008, 0.128716, 0.124994, 0.076592, -0.760076, 0.645304, -0.002831, 0.231417, -0.615978, -0.753005, 0.060925, 0.0, 0.0, 0.0, 1.0],
                [0.961833, 0.228011, 0.151286, 0.124994, 0.090586, -0.787018, 0.610241, -0.002831, 0.258206, -0.573245, -0.777637, 0.060925, 0.0, 0.0, 0.0, 1.0],
                [0.951391, 0.251469, 0.177812, 0.124994, 0.107728, -0.812589, 0.572794, -0.002831, 0.288528, -0.525795, -0.800182, 0.060925, 0.0, 0.0, 0.0, 1.0],
                [0.937874, 0.277273, 0.208596, 0.124994, 0.128324, -0.835735, 0.533928, -0.002831, 0.322375, -0.473988, -0.819396, 0.060925, 0.0, 0.0, 0.0, 1.0],
                [0.920581, 0.305137, 0.243765, 0.124994, 0.152535, -0.855494, 0.494833, -0.002831, 0.359533, -0.41835, -0.834098, 0.060925, 0.0, 0.0, 0.0, 1.0],
                [0.898821, 0.334563, 0.283175, 0.124994, 0.180296, -0.871068, 0.456872, -0.002831, 0.399517, -0.35959, -0.843256, 0.060925, 0.0, 0.0, 0.0, 1.0],
                [0.872028, 0.364815, 0.326306, 0.124994, 0.211227, -0.881892, 0.421483, -0.002831, 0.441531, -0.29862, -0.846095, 0.060925, 0.0, 0.0, 0.0, 1.0],
                [0.839922, 0.394963, 0.372203, 0.124994, 0.244581, -0.887708, 0.390066, -0.002831, 0.48447, -0.23659, -0.842208, 0.060925, 0.0, 0.0, 0.0, 1.0],
                [0.802668, 0.423981, 0.419479, 0.124994, 0.279243, -0.888621, 0.363832, -0.002831, 0.527016, -0.174899, -0.831663, 0.060923, 0.0, 0.0, 0.0, 1.0],
                [0.760998, 0.450918, 0.466428, 0.124994, 0.313812, -0.885103, 0.343676, -0.002831, 0.567807, -0.115166, -0.815066, 0.06092, 0.0, 0.0, 0.0, 1.0],
                [0.716198, 0.475083, 0.51123, 0.124994, 0.346757, -0.877949, 0.330095, -0.002831, 0.605657, -0.059141, -0.793525, 0.060914, 0.0, 0.0, 0.0, 1.0],
                [0.669975, 0.496202, 0.552192, 0.124994, 0.376613, -0.868163, 0.323193, -0.002831, 0.639763, -0.008569, -0.768525, 0.060906, 0.0, 0.0, 0.0, 1.0],
                [0.623939, 0.514514, 0.588197, 0.124994, 0.402349, -0.856751, 0.322631, -0.002831, 0.669937, 0.035358, -0.741576, 0.060895, 0.0, 0.0, 0.0, 1.0],
                [0.579634, 0.530204, 0.618794, 0.124994, 0.423694, -0.844747, 0.32693, -0.002831, 0.696065, 0.07268, -0.714291, 0.06088, 0.0, 0.0, 0.0, 1.0],
                [0.538359, 0.543484, 0.644044, 0.124994, 0.440818, -0.832967, 0.334429, -0.002831, 0.718225, 0.103863, -0.688015, 0.060861, 0.0, 0.0, 0.0, 1.0],
                [0.500783, 0.55469, 0.664481, 0.124994, 0.454218, -0.82189, 0.343774, -0.002831, 0.736819, 0.129662, -0.66354, 0.060836, 0.0, 0.0, 0.0, 1.0],
                [0.467061, 0.564144, 0.680878, 0.124994, 0.464569, -0.811745, 0.353898, -0.002831, 0.752349, 0.151023, -0.64122, 0.060807, 0.0, 0.0, 0.0, 1.0],
                [0.43699, 0.572087, 0.694086, 0.124994, 0.47262, -0.802593, 0.363968, -0.002831, 0.765291, 0.168988, -0.621106, 0.060772, 0.0, 0.0, 0.0, 1.0],
                [0.410159, 0.578651, 0.704934, 0.124994, 0.479126, -0.794399, 0.373317, -0.002831, 0.776021, 0.184632, -0.603078, 0.06073, 0.0, 0.0, 0.0, 1.0],
                [0.386051, 0.583862, 0.714191, 0.124994, 0.484821, -0.787078, 0.381385, -0.002831, 0.784801, 0.19902, -0.586922, 0.060681, 0.0, 0.0, 0.0, 1.0],
                [0.364113, 0.587653, 0.722554, 0.124994, 0.490404, -0.78052, 0.387672, -0.002831, 0.791786, 0.213186, -0.572386, 0.060625, 0.0, 0.0, 0.0, 1.0],
                [0.343794, 0.58987, 0.730656, 0.124994, 0.496534, -0.774603, 0.391718, -0.002831, 0.797032, 0.228124, -0.559195, 0.060561, 0.0, 0.0, 0.0, 1.0],
                [0.32456, 0.590271, 0.73908, 0.124994, 0.503822, -0.769191, 0.393073, -0.002831, 0.800515, 0.244788, -0.547042, 0.060489, 0.0, 0.0, 0.0, 1.0],
                [0.305897, 0.588514, 0.748383, 0.124994, 0.512826, -0.764134, 0.391288, -0.002831, 0.802144, 0.264096, -0.535553, 0.060407, 0.0, 0.0, 0.0, 1.0],
                [0.287307, 0.584125, 0.759112, 0.124994, 0.524036, -0.759253, 0.3859, -0.002831, 0.801773, 0.28693, -0.524243, 0.060316, 0.0, 0.0, 0.0, 1.0],
                [0.268296, 0.576453, 0.771828, 0.124994, 0.537852, -0.754332, 0.376425, -0.002831, 0.799207, 0.314135, -0.512432, 0.060214, 0.0, 0.0, 0.0, 1.0],
                [0.24836, 0.564585, 0.787121, 0.124994, 0.554563, -0.749111, 0.362342, -0.002831, 0.794214, 0.346516, -0.499148, 0.060102, 0.0, 0.0, 0.0, 1.0],
                [0.266764, 0.574081, 0.774124, 0.124994, 0.555037, -0.748166, 0.363566, -0.002831, 0.78789, 0.33268, -0.518221, 0.057357, 0.0, 0.0, 0.0, 1.0],
                [0.35223, 0.612567, 0.707598, 0.124994, 0.520992, -0.75641, 0.395486, -0.002831, 0.777497, 0.22935, -0.585574, 0.049925, 0.0, 0.0, 0.0, 1.0],
                [0.489013, 0.638192, 0.594623, 0.124994, 0.448319, -0.768648, 0.456277, -0.002831, 0.748248, 0.043456, -0.661994, 0.038661, 0.0, 0.0, 0.0, 1.0],
                [0.64994, 0.61336, 0.448738, 0.124994, 0.337508, -0.761985, 0.55269, -0.002831, 0.68093, -0.207762, -0.70226, 0.024418, 0.0, 0.0, 0.0, 1.0],
                [0.795447, 0.527911, 0.297613, 0.124994, 0.209091, -0.700007, 0.682839, -0.002831, 0.56881, -0.480933, -0.667201, 0.00805, 0.0, 0.0, 0.0, 1.0],
                [0.898596, 0.404347, 0.170376, 0.124994, 0.100112, -0.566993, 0.817616, -0.002831, 0.427203, -0.717648, -0.549979, -0.009589, 0.0, 0.0, 0.0, 1.0],
                [0.960824, 0.26725, 0.073447, 0.124994, 0.040689, -0.39814, 0.916422, -0.002831, 0.274157, -0.87753, -0.393417, -0.027646, 0.0, 0.0, 0.0, 1.0],
                [0.993488, 0.112836, -0.01579, 0.124994, 0.045009, -0.261356, 0.964193, -0.002831, 0.104669, -0.958623, -0.264733, -0.045268, 0.0, 0.0, 0.0, 1.0],
                [0.985356, -0.093683, -0.142464, 0.124994, 0.119159, -0.219273, 0.96836, -0.002831, -0.121957, -0.971153, -0.2049, -0.061599, 0.0, 0.0, 0.0, 1.0],
                [0.904615, -0.304187, -0.298565, 0.124994, 0.218071, -0.271548, 0.937394, -0.002831, -0.366218, -0.913087, -0.179313, -0.075788, 0.0, 0.0, 0.0, 1.0],
                [0.793231, -0.436592, -0.424465, 0.124994, 0.278734, -0.359415, 0.890578, -0.002831, -0.541379, -0.824745, -0.163407, -0.08698, 0.0, 0.0, 0.0, 1.0],
                [0.713897, -0.493166, -0.497129, 0.124994, 0.295657, -0.431266, 0.852406, -0.002831, -0.634773, -0.755509, -0.162072, -0.094321, 0.0, 0.0, 0.0, 1.0],
                [0.683753, -0.510614, -0.521301, 0.124994, 0.290815, -0.464526, 0.836446, -0.002831, -0.669259, -0.723523, -0.169127, -0.096957, 0.0, 0.0, 0.0, 1.0],
                [0.675087, -0.516706, -0.526566, 0.124994, 0.275689, -0.485353, 0.829715, -0.002831, -0.68429, -0.705297, -0.185206, -0.096957, 0.0, 0.0, 0.0, 1.0],
                [0.661904, -0.520666, -0.539248, 0.124994, 0.249885, -0.524974, 0.813609, -0.002831, -0.706711, -0.673279, -0.217377, -0.096957, 0.0, 0.0, 0.0, 1.0],
                [0.64461, -0.521648, -0.558892, 0.124994, 0.215834, -0.577133, 0.787612, -0.002831, -0.733412, -0.628329, -0.259437, -0.096957, 0.0, 0.0, 0.0, 1.0],
                [0.624059, -0.518391, -0.584653, 0.124994, 0.176406, -0.635445, 0.751724, -0.002831, -0.761203, -0.572256, -0.305109, -0.096957, 0.0, 0.0, 0.0, 1.0],
                [0.601705, -0.509613, -0.615017, 0.124994, 0.134731, -0.694209, 0.70705, -0.002831, -0.787273, -0.508296, -0.349049, -0.096957, 0.0, 0.0, 0.0, 1.0],
                [0.57955, -0.494531, -0.647735, 0.124994, 0.093905, -0.749007, 0.655873, -0.002831, -0.809508, -0.440936, -0.387649, -0.096957, 0.0, 0.0, 0.0, 1.0],
                [0.559976, -0.473403, -0.679938, 0.124994, 0.056692, -0.796857, 0.6015, -0.002831, -0.826567, -0.375372, -0.419383, -0.096957, 0.0, 0.0, 0.0, 1.0],
                [0.545542, -0.447947, -0.708327, 0.124994, 0.025368, -0.83596, 0.548202, -0.002831, -0.837699, -0.317035, -0.444689, -0.096957, 0.0, 0.0, 0.0, 1.0],
                [0.538868, -0.421534, -0.729335, 0.124994, 0.001734, -0.865234, 0.501363, -0.002831, -0.842388, -0.271433, -0.465517, -0.096957, 0.0, 0.0, 0.0, 1.0],
                [0.542582, -0.39894, -0.739224, 0.124994, -0.012723, -0.883826, 0.467641, -0.002831, -0.839906, -0.244327, -0.484625, -0.096957, 0.0, 0.0, 0.0, 1.0],
                [0.559245, -0.385105, -0.734124, 0.124994, -0.016631, -0.890584, 0.454513, -0.002831, -0.828835, -0.241974, -0.50446, -0.096957, 0.0, 0.0, 0.0, 1.0],
                [0.582479, -0.377129, -0.720063, 0.124994, -0.014677, -0.890588, 0.45457, -0.002831, -0.812713, -0.254209, -0.524285, -0.096957, 0.0, 0.0, 0.0, 1.0],
                [0.604337, -0.369691, -0.705766, 0.124994, -0.012521, -0.890125, 0.455542, -0.002831, -0.79663, -0.266464, -0.542565, -0.096958, 0.0, 0.0, 0.0, 1.0],
                [0.624822, -0.362796, -0.691358, 0.124994, -0.010229, -0.889211, 0.457379, -0.002831, -0.7807, -0.278708, -0.559311, -0.096957, 0.0, 0.0, 0.0, 1.0],
                [0.643921, -0.356462, -0.676978, 0.124994, -0.007863, -0.887868, 0.460029, -0.002831, -0.765051, -0.290899, -0.574521, -0.096957, 0.0, 0.0, 0.0, 1.0],
                [0.661608, -0.350719, -0.662775, 0.124994, -0.005482, -0.886114, 0.463433, -0.002831, -0.749829, -0.302977, -0.588184, -0.096957, 0.0, 0.0, 0.0, 1.0],
                [0.677851, -0.345605, -0.648902, 0.124994, -0.00314, -0.883973, 0.467525, -0.002831, -0.735192, -0.314875, -0.600289, -0.096957, 0.0, 0.0, 0.0, 1.0],
                [0.692621, -0.341166, -0.635516, 0.124994, -0.000886, -0.881469, 0.472237, -0.002831, -0.7213, -0.326518, -0.610828, -0.096957, 0.0, 0.0, 0.0, 1.0],
                [0.70589, -0.337453, -0.622771, 0.124994, 0.00124, -0.87863, 0.477499, -0.002831, -0.70832, -0.337833, -0.6198, -0.096957, 0.0, 0.0, 0.0, 1.0],
                [0.717643, -0.334514, -0.610809, 0.124994, 0.003204, -0.875485, 0.483232, -0.002831, -0.696403, -0.348745, -0.627216, -0.096957, 0.0, 0.0, 0.0, 1.0],
                [0.727881, -0.332393, -0.599753, 0.124994, 0.004984, -0.872065, 0.489363, -0.002831, -0.685685, -0.359187, -0.633104, -0.096958, 0.0, 0.0, 0.0, 1.0],
                [0.736616, -0.331123, -0.589707, 0.124994, 0.006565, -0.868402, 0.495814, -0.002831, -0.676279, -0.369096, -0.637507, -0.096957, 0.0, 0.0, 0.0, 1.0],
                [0.743879, -0.330723, -0.580745, 0.124994, 0.007942, -0.864534, 0.50251, -0.002831, -0.668266, -0.378419, -0.640483, -0.096958, 0.0, 0.0, 0.0, 1.0],
                [0.749721, -0.331194, -0.572912, 0.124994, 0.009118, -0.860494, 0.509376, -0.002831, -0.66169, -0.387113, -0.642112, -0.096958, 0.0, 0.0, 0.0, 1.0],
                [0.754203, -0.332521, -0.566222, 0.124994, 0.010102, -0.856321, 0.516342, -0.002831, -0.656563, -0.395146, -0.642482, -0.096957, 0.0, 0.0, 0.0, 1.0],
                [0.757402, -0.334665, -0.560661, 0.124994, 0.010909, -0.852053, 0.523339, -0.002831, -0.652857, -0.402494, -0.641698, -0.096957, 0.0, 0.0, 0.0, 1.0],
                [0.759408, -0.337571, -0.556188, 0.124994, 0.011558, -0.847729, 0.530301, -0.002831, -0.650511, -0.409143, -0.639872, -0.096958, 0.0, 0.0, 0.0, 1.0],
                [0.76032, -0.341165, -0.552738, 0.124994, 0.012072, -0.843388, 0.537168, -0.002831, -0.649436, -0.415091, -0.637127, -0.096957, 0.0, 0.0, 0.0, 1.0],
                [0.760247, -0.345356, -0.55023, 0.124994, 0.012471, -0.839069, 0.54388, -0.002831, -0.649514, -0.420344, -0.633594, -0.096957, 0.0, 0.0, 0.0, 1.0],
                [0.759304, -0.350041, -0.548568, 0.124994, 0.012779, -0.834813, 0.550383, -0.002831, -0.650609, -0.424918, -0.629406, -0.096957, 0.0, 0.0, 0.0, 1.0],
                [0.757616, -0.355106, -0.547648, 0.124994, 0.013015, -0.830661, 0.556625, -0.002831, -0.652571, -0.428835, -0.624701, -0.096957, 0.0, 0.0, 0.0, 1.0],
                [0.75531, -0.360426, -0.547357, 0.124994, 0.013199, -0.826654, 0.562555, -0.002831, -0.655234, -0.432127, -0.619624, -0.096957, 0.0, 0.0, 0.0, 1.0],
                [0.752521, -0.365873, -0.547585, 0.124994, 0.013347, -0.822832, 0.568125, -0.002831, -0.658433, -0.434834, -0.614317, -0.096957, 0.0, 0.0, 0.0, 1.0],
                [0.749387, -0.371314, -0.548219, 0.124994, 0.01347, -0.819239, 0.573293, -0.002831, -0.661995, -0.437002, -0.608926, -0.096958, 0.0, 0.0, 0.0, 1.0],
                [0.746052, -0.376614, -0.549151, 0.124994, 0.013578, -0.815914, 0.578012, -0.002831, -0.665748, -0.438682, -0.603602, -0.096957, 0.0, 0.0, 0.0, 1.0],
                [0.742662, -0.381639, -0.550277, 0.124994, 0.013677, -0.812901, 0.58224, -0.002831, -0.669526, -0.439933, -0.598492, -0.096957, 0.0, 0.0, 0.0, 1.0],
                [0.739369, -0.386252, -0.551492, 0.124994, 0.01377, -0.81024, 0.585936, -0.002831, -0.67316, -0.440815, -0.593749, -0.096957, 0.0, 0.0, 0.0, 1.0],
                [0.736322, -0.39032, -0.552701, 0.124994, 0.013856, -0.807972, 0.589055, -0.002831, -0.676488, -0.441392, -0.589521, -0.096958, 0.0, 0.0, 0.0, 1.0],
                [0.733679, -0.393712, -0.553809, 0.124994, 0.013933, -0.80614, 0.591559, -0.002831, -0.679353, -0.44173, -0.585964, -0.096957, 0.0, 0.0, 0.0, 1.0],
                [0.731596, -0.396297, -0.554722, 0.124994, 0.013996, -0.804783, 0.593403, -0.002831, -0.681595, -0.441894, -0.583231, -0.096957, 0.0, 0.0, 0.0, 1.0],
                [0.73023, -0.397943, -0.555342, 0.124994, 0.014038, -0.80394, 0.594543, -0.002831, -0.683057, -0.441949, -0.581476, -0.096957, 0.0, 0.0, 0.0, 1.0],
                [0.72974, -0.398521, -0.555572, 0.124994, 0.014054, -0.80365, 0.594934, -0.002831, -0.68358, -0.441954, -0.580856, -0.096957, 0.0, 0.0, 0.0, 1.0],
                [0.730623, -0.396704, -0.555712, 0.124994, 0.0146, -0.80463, 0.593596, -0.002831, -0.682624, -0.441807, -0.58209, -0.096957, 0.0, 0.0, 0.0, 1.0],
                [0.733168, -0.391454, -0.556082, 0.124994, 0.01618, -0.807436, 0.589731, -0.002831, -0.679854, -0.441369, -0.585655, -0.096957, 0.0, 0.0, 0.0, 1.0],
                [0.737224, -0.383057, -0.556566, 0.124994, 0.018712, -0.811859, 0.583551, -0.002831, -0.675388, -0.440622, -0.591356, -0.096957, 0.0, 0.0, 0.0, 1.0],
                [0.74264, -0.371783, -0.557013, 0.124994, 0.022123, -0.817671, 0.575259, -0.002831, -0.669325, -0.439532, -0.599011, -0.096957, 0.0, 0.0, 0.0, 1.0],
                [0.74926, -0.357893, -0.557244, 0.124994, 0.026341, -0.824636, 0.565048, -0.002831, -0.661751, -0.438046, -0.608441, -0.096957, 0.0, 0.0, 0.0, 1.0],
                [0.756931, -0.341654, -0.55707, 0.124994, 0.031297, -0.832516, 0.553114, -0.002831, -0.652744, -0.436103, -0.619466, -0.096957, 0.0, 0.0, 0.0, 1.0],
                [0.765489, -0.323338, -0.556307, 0.124994, 0.036917, -0.841076, 0.539653, -0.002831, -0.642388, -0.433635, -0.6319, -0.096957, 0.0, 0.0, 0.0, 1.0],
                [0.774768, -0.303232, -0.554783, 0.124994, 0.043126, -0.850089, 0.524868, -0.002831, -0.630772, -0.430576, -0.645546, -0.096957, 0.0, 0.0, 0.0, 1.0],
                [0.784592, -0.281642, -0.552352, 0.124994, 0.049839, -0.859339, 0.50897, -0.002831, -0.618005, -0.426861, -0.660196, -0.096957, 0.0, 0.0, 0.0, 1.0],
                [0.794782, -0.258894, -0.548903, 0.124994, 0.056964, -0.868628, 0.492176, -0.002831, -0.604215, -0.42244, -0.675624, -0.096957, 0.0, 0.0, 0.0, 1.0],
                [0.805153, -0.235336, -0.544376, 0.124994, 0.0644, -0.877777, 0.474718, -0.002831, -0.589559, -0.417278, -0.691591, -0.096957, 0.0, 0.0, 0.0, 1.0],
                [0.815521, -0.211335, -0.53876, 0.124994, 0.072037, -0.886629, 0.456834, -0.002831, -0.574225, -0.411368, -0.707843, -0.096957, 0.0, 0.0, 0.0, 1.0],
                [0.825703, -0.187281, -0.532109, 0.124994, 0.079752, -0.895048, 0.438778, -0.002831, -0.558438, -0.404736, -0.724109, -0.096957, 0.0, 0.0, 0.0, 1.0],
                [0.835521, -0.163575, -0.524545, 0.124994, 0.087417, -0.902924, 0.420813, -0.002831, -0.542459, -0.397452, -0.740115, -0.096957, 0.0, 0.0, 0.0, 1.0],
                [0.84481, -0.140631, -0.516253, 0.124994, 0.094894, -0.910167, 0.403223, -0.002831, -0.526583, -0.389636, -0.755575, -0.096957, 0.0, 0.0, 0.0, 1.0],
                [0.853418, -0.118866, -0.507492, 0.124994, 0.102039, -0.916707, 0.386308, -0.002831, -0.51114, -0.381466, -0.770207, -0.096957, 0.0, 0.0, 0.0, 1.0],
                [0.861207, -0.098701, -0.498578, 0.124994, 0.108705, -0.922491, 0.370391, -0.002831, -0.496492, -0.373181, -0.783729, -0.096957, 0.0, 0.0, 0.0, 1.0],
                [0.868058, -0.080549, -0.489884, 0.124994, 0.114743, -0.927481, 0.355823, -0.002831, -0.483019, -0.365086, -0.795867, -0.096957, 0.0, 0.0, 0.0, 1.0],
                [0.873868, -0.064818, -0.481823, 0.124994, 0.120005, -0.931644, 0.34298, -0.002831, -0.471119, -0.35754, -0.806357, -0.096957, 0.0, 0.0, 0.0, 1.0],
                [0.878543, -0.051908, -0.474834, 0.124994, 0.124342, -0.934952, 0.332267, -0.002831, -0.461195, -0.350952, -0.814943, -0.096957, 0.0, 0.0, 0.0, 1.0],
                [0.881998, -0.042211, -0.469358, 0.124994, 0.127612, -0.937373, 0.324105, -0.002831, -0.453645, -0.345755, -0.821377, -0.096957, 0.0, 0.0, 0.0, 1.0],
                [0.884146, -0.036114, -0.465813, 0.124994, 0.129672, -0.938869, 0.318917, -0.002831, -0.448855, -0.342371, -0.825416, -0.096957, 0.0, 0.0, 0.0, 1.0],
                [0.884886, -0.033997, -0.464564, 0.124994, 0.130389, -0.939383, 0.317104, -0.002831, -0.447184, -0.341175, -0.826817, -0.096957, 0.0, 0.0, 0.0, 1.0],
                [0.884886, -0.033997, -0.464564, 0.124994, 0.130389, -0.939383, 0.317104, -0.002831, -0.447184, -0.341175, -0.826817, -0.096957, 0.0, 0.0, 0.0, 1.0],
                [0.884886, -0.033997, -0.464564, 0.124994, 0.130389, -0.939383, 0.317104, -0.002831, -0.447184, -0.341175, -0.826817, -0.096957, 0.0, 0.0, 0.0, 1.0],
                [0.884886, -0.033997, -0.464564, 0.124994, 0.130389, -0.939383, 0.317104, -0.002831, -0.447184, -0.341175, -0.826817, -0.096957, 0.0, 0.0, 0.0, 1.0],
                [0.884886, -0.033997, -0.464564, 0.124994, 0.130389, -0.939383, 0.317104, -0.002831, -0.447184, -0.341175, -0.826817, -0.096957, 0.0, 0.0, 0.0, 1.0],
                [0.884886, -0.033997, -0.464564, 0.124994, 0.130389, -0.939383, 0.317104, -0.002831, -0.447184, -0.341175, -0.826817, -0.096957, 0.0, 0.0, 0.0, 1.0],
                [0.884886, -0.033997, -0.464564, 0.124994, 0.130389, -0.939383, 0.317104, -0.002831, -0.447184, -0.341175, -0.826817, -0.096957, 0.0, 0.0, 0.0, 1.0],
                [0.884886, -0.033997, -0.464564, 0.124994, 0.130389, -0.939383, 0.317104, -0.002831, -0.447184, -0.341175, -0.826817, -0.096957, 0.0, 0.0, 0.0, 1.0],
                [0.884886, -0.033997, -0.464564, 0.124994, 0.130389, -0.939383, 0.317104, -0.002831, -0.447184, -0.341175, -0.826817, -0.096957, 0.0, 0.0, 0.0, 1.0]
            ]
        },
        {
            "name": "Leg_R",
