{
    "armature": {
        "joints": ["Root", "Thigh_R", "Leg_R", "Knee_R", "Thigh_L", "Leg_L", "Knee_L", "Torso", "Chest", "Head", "Shoulder_R", "Arm_R", "Hand_R", "Tool_R", "Elbow_R", "Shoulder_L", "Arm_L", "Hand_L", "Tool_L", "Elbow_L"],
        "hierarchy": [
            {
                "name": "Root",
                "transform": [1.0, 0.0, 0.0, -5e-06, 0.0, 0.0, -1.0, 0.000946, 0.0, 1.0, 0.0, 0.763972, 0.0, 0.0, 0.0, 1.0],
                "children": [
                    {
                        "name": "Thigh_R",
                        "transform": [1.0, -1e-06, -0.0, 0.124994, -1e-06, -1.0, 1e-06, -0.002831, -0.0, -1e-06, -1.0, -1.2e-05, 0.0, 0.0, 0.0, 1.0],
                        "children": [
                            {
                                "name": "Leg_R",
                                "transform": [1.0, 1e-06, 1e-06, -0.0, -1e-06, 1.0, 1e-06, 0.37472, -1e-06, -1e-06, 1.0, -0.0, 0.0, 0.0, 0.0, 1.0],
                                "children": []
                            },
                            {
                                "name": "Knee_R",
                                "transform": [1.0, 0.0, -1e-06, -0.0, -1e-06, 1e-06, -1.0, 0.37472, -0.0, 1.0, 1e-06, -0.0, 0.0, 0.0, 0.0, 1.0],
                                "children": []
                            }
                        ]
                    },
                    {
                        "name": "Thigh_L",
                        "transform": [1.0, -1e-06, -0.0, -0.125006, -1e-06, -1.0, 1e-06, -0.002831, -0.0, -1e-06, -1.0, -1.2e-05, 0.0, 0.0, 0.0, 1.0],
                        "children": [
                            {
                                "name": "Leg_L",
                                "transform": [1.0, 1e-06, 1e-06, 0.0, -1e-06, 1.0, 1e-06, 0.37472, -1e-06, -1e-06, 1.0, -0.0, 0.0, 0.0, 0.0, 1.0],
                                "children": []
                            },
                            {
                                "name": "Knee_L",
                                "transform": [1.0, 0.0, -1e-06, 0.0, -1e-06, 1e-06, -1.0, 0.37472, -0.0, 1.0, 1e-06, -0.0, 0.0, 0.0, 0.0, 1.0],
                                "children": []
                            }
                        ]
                    },
                    {
                        "name": "Torso",
                        "transform": [1.0, 0.0, 0.0, 0.0, 0.0, 1.0, 0.0, 0.05, 0.0, 0.0, 1.0, 0.0, 0.0, 0.0, 0.0, 1.0],
                        "children": [
                            {
                                "name": "Chest",
                                "transform": [1.0, 0.0, -0.0, 0.0, -0.0, 1.0, 0.0, 0.3, 0.0, -0.0, 1.0, 0.0, 0.0, 0.0, 0.0, 1.0],
                                "children": [
                                    {
                                        "name": "Head",
                                        "transform": [1.0, -0.0, 0.0, -0.0, 0.0, 1.0, -0.0, 0.4, -0.0, 0.0, 1.0, 0.0, 0.0, 0.0, 0.0, 1.0],
                                        "children": []
                                    },
                                    {
                                        "name": "Shoulder_R",
                                        "transform": [0.0, 0.952114, 0.305742, -0.0, -1e-06, -0.305742, 0.952114, 0.4, 1.0, -0.0, 1e-06, 0.0, 0.0, 0.0, 0.0, 1.0],
                                        "children": [
                                            {
                                                "name": "Arm_R",
                                                "transform": [0.0, 1e-06, -1.0, 0.0, 0.952114, 0.305742, 0.0, 0.39386, 0.305742, -0.952114, -1e-06, -0.0, 0.0, 0.0, 0.0, 1.0],
                                                "children": [
                                                    {
                                                        "name": "Hand_R",
                                                        "transform": [1.0, 0.0, 0.0, -0.0, -0.0, 0.993937, 0.109947, 0.3, -0.0, -0.109947, 0.993937, -0.0, 0.0, 0.0, 0.0, 1.0],
                                                        "children": [
                                                            {
                                                                "name": "Tool_R",
                                                                "transform": [1.0, 0.0, 0.0, 0.0, 0.0, -0.999836, 0.018122, 0.272859, 0.0, -0.018122, -0.999231, 0.0, 0.0, 0.0, 0.0, 1.0],
                                                                "children": []
                                                            }
                                                        ]
                                                    },
                                                    {
                                                        "name": "Elbow_R",
                                                        "transform": [-1.0, 0.0, -0.0, 0.0, 0.0, -0.0, -1.0, 0.3, -0.0, -1.0, 0.0, -0.0, 0.0, 0.0, 0.0, 1.0],
                                                        "children": []
                                                    }
                                                ]
                                            }
                                        ]
                                    },
                                    {
                                        "name": "Shoulder_L",
                                        "transform": [-1e-06, -0.952114, -0.305742, 0.0, 2e-06, -0.305742, 0.952114, 0.4, -1.0, 0.0, 2e-06, 0.0, 0.0, 0.0, 0.0, 1.0],
                                        "children": [
                                            {
                                                "name": "Arm_L",
                                                "transform": [-1e-06, -2e-06, 1.0, -0.0, -0.952115, 0.305742, -0.0, 0.39386, -0.305742, -0.952115, -2e-06, -0.0, 0.0, 0.0, 0.0, 1.0],
                                                "children": [
                                                    {
                                                        "name": "Hand_L",
                                                        "transform": [1.0, 0.0, 0.0, 0.0, -0.0, 0.993937, 0.109947, 0.3, -0.0, -0.109947, 0.993937, 0.0, 0.0, 0.0, 0.0, 1.0],
                                                        "children": [
                                                            {
                                                                "name": "Tool_L",
                                                                "transform": [1.0, 0.0, 0.0, -0.0, 0.0, -0.999836, 0.018122, 0.272858, 0.0, -0.018122, -0.999231, -0.0, 0.0, 0.0, 0.0, 1.0],
                                                                "children": []
                                                            }
                                                        ]
                                                    },
                                                    {
                                                        "name": "Elbow_L",
                                                        "transform": [-1.0, 0.0, -0.0, 0.0, 0.0, 0.0, -1.0, 0.3, -0.0, -1.0, 0.0, 0.0, 0.0, 0.0, 0.0, 1.0],
                                                        "children": []
                                                    }
                                                ]
                                            }
                                        ]
                                    }
                                ]
                            }
                        ]
                    }
                ]
            }
        ]
    },
    "animation": [
        {
            "name": "Root",
            "time": [0.0, 0.0417, 0.125, 0.1667, 0.25, 0.2917, 0.375, 0.4583, 0.5, 0.5417, 0.5833, 0.625, 0.6667, 0.7083, 0.75, 0.7917, 0.8333, 0.875, 0.9167, 0.9583, 1.0, 1.0417, 1.125, 1.1667, 1.25, 1.2917, 1.375, 1.4167, 1.5, 1.5417, 1.625, 1.6667, 1.75, 1.7917, 1.875, 1.9167, 2.0, 2.0417, 2.125, 2.1667, 2.25, 2.2917, 2.375, 2.4167, 2.5],
            "transform": [
                [1.0, 0.0, 0.0, -2.6e-05, 0.0, 0.0, -1.0, 0.91072, 0.0, 1.0, 0.0, 0.651526, 0.0, 0.0, 0.0, 1.0],
                [1.0, 0.0, 0.0, -2.6e-05, 0.0, 0.0, -1.0, 0.91072, 0.0, 1.0, 0.0, 0.651526, 0.0, 0.0, 0.0, 1.0],
                [0.986648, 0.0, 0.162865, -3.3e-05, 0.162865, 0.0, -0.986648, 1.037381, 0.0, 1.0, 0.0, 0.651526, 0.0, 0.0, 0.0, 1.0],
                [0.941929, 0.0, 0.335812, -3.9e-05, 0.335812, 0.0, -0.941929, 1.15754, 0.0, 1.0, 0.0, 0.651526, 0.0, 0.0, 0.0, 1.0],
                [0.683789, 0.0, 0.72968, -4.9e-05, 0.72968, 0.0, -0.683789, 1.3884, 0.0, 1.0, 0.0, 0.638768, 0.0, 0.0, 0.0, 1.0],
                [0.467272, 0.0, 0.884114, -5.1e-05, 0.884114, 0.0, -0.467272, 1.47284, 0.0, 1.0, 0.0, 0.608345, 0.0, 0.0, 0.0, 1.0],
                [0.067715, 0.0, 0.997705, -4.7e-05, 0.997705, 0.0, -0.067715, 1.571557, 0.0, 1.0, 0.0, 0.541612, 0.0, 0.0, 0.0, 1.0],
                [-0.0, 0.0, 1.0, -4.6e-05, 1.0, 0.0, 0.0, 1.584202, 0.0, 1.0, 0.0, 0.528854, 0.0, 0.0, 0.0, 1.0],
                [-0.0, 0.0, 1.0, -4.6e-05, 1.0, 0.0, 0.0, 1.584202, 0.0, 1.0, 0.0, 0.528854, 0.0, 0.0, 0.0, 1.0],
                [-0.0, 0.0, 1.0, -4.6e-05, 1.0, 0.0, 0.0, 1.584202, 0.0, 1.0, 0.0, 0.528854, 0.0, 0.0, 0.0, 1.0],
                [-0.0, 0.0, 1.0, -4.6e-05, 1.0, 0.0, 0.0, 1.584202, 0.0, 1.0, 0.0, 0.528854, 0.0, 0.0, 0.0, 1.0],
                [-0.0, 0.0, 1.0, -4.6e-05, 1.0, 0.0, 0.0, 1.584202, 0.0, 1.0, 0.0, 0.528854, 0.0, 0.0, 0.0, 1.0],
                [-0.0, 0.0, 1.0, -4.6e-05, 1.0, 0.0, 0.0, 1.584202, 0.0, 1.0, 0.0, 0.528854, 0.0, 0.0, 0.0, 1.0],
                [-0.0, 0.0, 1.0, -4.6e-05, 1.0, 0.0, 0.0, 1.584202, 0.0, 1.0, 0.0, 0.528854, 0.0, 0.0, 0.0, 1.0],
                [-0.0, 0.0, 1.0, -4.6e-05, 1.0, 0.0, 0.0, 1.584202, 0.0, 1.0, 0.0, 0.528854, 0.0, 0.0, 0.0, 1.0],
                [-0.0, 0.0, 1.0, -4.6e-05, 1.0, 0.0, 0.0, 1.584202, 0.0, 1.0, 0.0, 0.528854, 0.0, 0.0, 0.0, 1.0],
                [-0.0, 0.0, 1.0, -4.6e-05, 1.0, 0.0, 0.0, 1.584202, 0.0, 1.0, 0.0, 0.528854, 0.0, 0.0, 0.0, 1.0],
                [-0.0, 0.0, 1.0, -4.6e-05, 1.0, 0.0, 0.0, 1.584202, 0.0, 1.0, 0.0, 0.529284, 0.0, 0.0, 0.0, 1.0],
                [-0.0, 0.0, 1.0, -4.6e-05, 1.0, 0.0, 0.0, 1.584202, 0.0, 1.0, 0.0, 0.530543, 0.0, 0.0, 0.0, 1.0],
                [-0.0, 0.0, 1.0, -4.6e-05, 1.0, 0.0, 0.0, 1.584202, 0.0, 1.0, 0.0, 0.532585, 0.0, 0.0, 0.0, 1.0],
                [-0.0, 0.0, 1.0, -4.6e-05, 1.0, 0.0, 0.0, 1.584202, 0.0, 1.0, 0.0, 0.535366, 0.0, 0.0, 0.0, 1.0],
                [-0.0, 0.0, 1.0, -4.6e-05, 1.0, 0.0, 0.0, 1.584202, 0.0, 1.0, 0.0, 0.53884, 0.0, 0.0, 0.0, 1.0],
                [-0.0, 0.0, 1.0, -4.6e-05, 1.0, 0.0, 0.0, 1.584202, 0.0, 1.0, 0.0, 0.547686, 0.0, 0.0, 0.0, 1.0],
                [-0.0, 0.0, 1.0, -4.6e-05, 1.0, 0.0, 0.0, 1.584202, 0.0, 1.0, 0.0, 0.552967, 0.0, 0.0, 0.0, 1.0],
                [-0.0, 0.0, 1.0, -4.6e-05, 1.0, 0.0, 0.0, 1.584202, 0.0, 1.0, 0.0, 0.565018, 0.0, 0.0, 0.0, 1.0],
                [-0.0, 0.0, 1.0, -4.6e-05, 1.0, 0.0, 0.0, 1.584202, 0.0, 1.0, 0.0, 0.571698, 0.0, 0.0, 0.0, 1.0],
                [-0.0, 0.0, 1.0, -4.6e-05, 1.0, 0.0, 0.0, 1.584202, 0.0, 1.0, 0.0, 0.586138, 0.0, 0.0, 0.0, 1.0],
                [-0.0, 0.0, 1.0, -4.6e-05, 1.0, 0.0, 0.0, 1.584202, 0.0, 1.0, 0.0, 0.593808, 0.0, 0.0, 0.0, 1.0],
                [-0.0, 0.0, 1.0, -4.6e-05, 1.0, 0.0, 0.0, 1.584202, 0.0, 1.0, 0.0, 0.609821, 0.0, 0.0, 0.0, 1.0],
                [-0.0, 0.0, 1.0, -4.6e-05, 1.0, 0.0, 0.0, 1.584202, 0.0, 1.0, 0.0, 0.618073, 0.0, 0.0, 0.0, 1.0],
                [-0.0, 0.0, 1.0, -4.6e-05, 1.0, 0.0, 0.0, 1.584202, 0.0, 1.0, 0.0, 0.634843, 0.0, 0.0, 0.0, 1.0],
                [0.001058, 0.0, 1.0, -4.6e-05, 1.0, 0.0, -0.001058, 1.582776, 0.0, 1.0, 0.0, 0.64327, 0.0, 0.0, 0.0, 1.0],
                [0.013881, 0.0, 0.999904, -4.6e-05, 0.999904, 0.0, -0.013881, 1.572203, 0.0, 1.0, 0.0, 0.660004, 0.0, 0.0, 0.0, 1.0],
                [0.028574, 0.0, 0.999592, -4.6e-05, 0.999592, 0.0, -0.028574, 1.563619, 0.0, 1.0, 0.0, 0.668232, 0.0, 0.0, 0.0, 1.0],
                [0.082159, 0.0, 0.996619, -4.7e-05, 0.996619, 0.0, -0.082159, 1.541259, 0.0, 1.0, 0.0, 0.684214, 0.0, 0.0, 0.0, 1.0],
                [0.124344, 0.0, 0.992239, -4.8e-05, 0.992239, 0.0, -0.124344, 1.528045, 0.0, 1.0, 0.0, 0.691889, 0.0, 0.0, 0.0, 1.0],
                [0.248227, 0.0, 0.968702, -5e-05, 0.968702, 0.0, -0.248227, 1.498951, 0.0, 1.0, 0.0, 0.70641, 0.0, 0.0, 0.0, 1.0],
                [0.333075, 0.0, 0.9429, -5.1e-05, 0.9429, 0.0, -0.333075, 1.483633, 0.0, 1.0, 0.0, 0.713176, 0.0, 0.0, 0.0, 1.0],
                [0.550345, 0.0, 0.834937, -5.1e-05, 0.834937, 0.0, -0.550345, 1.452862, 0.0, 1.0, 0.0, 0.725526, 0.0, 0.0, 0.0, 1.0],
                [0.677403, 0.0, 0.735612, -5e-05, 0.735612, 0.0, -0.677403, 1.437968, 0.0, 1.0, 0.0, 0.731029, 0.0, 0.0, 0.0, 1.0],
                [0.901598, 0.0, 0.432574, -4.2e-05, 0.432574, 0.0, -0.901598, 1.410569, 0.0, 1.0, 0.0, 0.740497, 0.0, 0.0, 0.0, 1.0],
                [0.967597, 0.0, 0.252499, -3.6e-05, 0.252499, 0.0, -0.967597, 1.398622, 0.0, 1.0, 0.0, 0.744383, 0.0, 0.0, 0.0, 1.0],
                [0.997533, 0.0, -0.070201, -2.3e-05, -0.070201, 0.0, -0.997533, 1.379637, 0.0, 1.0, 0.0, 0.750261, 0.0, 0.0, 0.0, 1.0],
                [0.982996, 0.0, -0.183626, -1.8e-05, -0.183626, 0.0, -0.982996, 1.373159, 0.0, 1.0, 0.0, 0.752174, 0.0, 0.0, 0.0, 1.0],
                [0.959996, 0.0, -0.280013, -1.4e-05, -0.280013, 0.0, -0.959996, 1.36764, 0.0, 1.0, 0.0, 0.753752, 0.0, 0.0, 0.0, 1.0]
            ]
        },
        {
            "name": "Thigh_R",
            "time": [0.0, 0.0417, 0.125, 0.1667, 0.25, 0.2917, 0.375, 0.4583, 0.5, 0.5417, 0.5833, 0.625, 0.6667, 0.7083, 0.75, 0.7917, 0.8333, 0.875, 0.9167, 0.9583, 1.0, 1.0417, 1.125, 1.1667, 1.25, 1.2917, 1.375, 1.4167, 1.5, 1.5417, 1.625, 1.6667, 1.75, 1.7917, 1.875, 1.9167, 2.0, 2.0417, 2.125, 2.1667, 2.25, 2.2917, 2.375, 2.4167, 2.5],
            "transform": [
                [1.0, -1e-06, -1e-06, 0.124994, -2e-06, -0.944302, -0.32908, -0.002275, -0.0, 0.32908, -0.944302, 0.003353, 0.0, 0.0, 0.0, 1.0],
                [1.0, -1e-06, -1e-06, 0.124994, -2e-06, -0.944302, -0.32908, -0.002275, -0.0, 0.32908, -0.944302, 0.003353, 0.0, 0.0, 0.0, 1.0],
                [1.0, -1e-06, -1e-06, 0.124994, -1e-06, -0.896549, 0.442945, -0.001755, -1e-06, -0.442945, -0.896549, -0.004534, 0.0, 0.0, 0.0, 1.0],
                [1.0, -1e-06, -1e-06, 0.124994, -0.0, -0.543937, 0.839126, 0.001865, -2e-06, -0.839126, -0.543937, -0.008569, 0.0, 0.0, 0.0, 1.0],
                [0.997281, 0.073649, 0.002522, 0.125747, 0.023034, -0.344042, 0.938672, 0.003911, 0.07, -0.936061, -0.344803, -0.009553, 0.0, 0.0, 0.0, 1.0],
                [0.968232, 0.249755, 0.012189, 0.127547, 0.081598, -0.361659, 0.928733, 0.003729, 0.236364, -0.898234, -0.37055, -0.00917, 0.0, 0.0, 0.0, 1.0],
                [0.800069, 0.597622, 0.052322, 0.131108, 0.21748, -0.370221, 0.903127, 0.003638, 0.559099, -0.711186, -0.426173, -0.007268, 0.0, 0.0, 0.0, 1.0],
                [0.754738, 0.653049, 0.062433, 0.131676, 0.242699, -0.366366, 0.898261, 0.003676, 0.609482, -0.662799, -0.435004, -0.006775, 0.0, 0.0, 0.0, 1.0],
                [0.754738, 0.653049, 0.062433, 0.131676, 0.242699, -0.366366, 0.898261, 0.003676, 0.609482, -0.662799, -0.435004, -0.006775, 0.0, 0.0, 0.0, 1.0],
                [0.754738, 0.653049, 0.062433, 0.131676, 0.242699, -0.366366, 0.898261, 0.003676, 0.609482, -0.662799, -0.435004, -0.006775, 0.0, 0.0, 0.0, 1.0],
                [0.754738, 0.653049, 0.062433, 0.131676, 0.242699, -0.366366, 0.898261, 0.003676, 0.609482, -0.662799, -0.435004, -0.006775, 0.0, 0.0, 0.0, 1.0],
                [0.754738, 0.653049, 0.062433, 0.131676, 0.242699, -0.366366, 0.898261, 0.003676, 0.609482, -0.662799, -0.435004, -0.006775, 0.0, 0.0, 0.0, 1.0],
                [0.754738, 0.653049, 0.062433, 0.131676, 0.242699, -0.366366, 0.898261, 0.003676, 0.609482, -0.662799, -0.435004, -0.006775, 0.0, 0.0, 0.0, 1.0],
                [0.754738, 0.653049, 0.062433, 0.131676, 0.242699, -0.366366, 0.898261, 0.003676, 0.609482, -0.662799, -0.435004, -0.006775, 0.0, 0.0, 0.0, 1.0],
                [0.754738, 0.653049, 0.062433, 0.131676, 0.242699, -0.366366, 0.898261, 0.003676, 0.609482, -0.662799, -0.435004, -0.006775, 0.0, 0.0, 0.0, 1.0],
                [0.754738, 0.653049, 0.062433, 0.131676, 0.242699, -0.366366, 0.898261, 0.003676, 0.609482, -0.662799, -0.435004, -0.006775, 0.0, 0.0, 0.0, 1.0],
                [0.754738, 0.653049, 0.062433, 0.131676, 0.242699, -0.366366, 0.898261, 0.003676, 0.609482, -0.662799, -0.435004, -0.006775, 0.0, 0.0, 0.0, 1.0],
                [0.754554, 0.653221, 0.062846, 0.131678, 0.242431, -0.366463, 0.898294, 0.003676, 0.609816, -0.662576, -0.434877, -0.006773, 0.0, 0.0, 0.0, 1.0],
                [0.754044, 0.65369, 0.064089, 0.131682, 0.241686, -0.366863, 0.898331, 0.003672, 0.610742, -0.661892, -0.434619, -0.006766, 0.0, 0.0, 0.0, 1.0],
                [0.753265, 0.654381, 0.066164, 0.131689, 0.240556, -0.367731, 0.89828, 0.003663, 0.612148, -0.660727, -0.434414, -0.006754, 0.0, 0.0, 0.0, 1.0],
                [0.752274, 0.655219, 0.069075, 0.131698, 0.239132, -0.369229, 0.898046, 0.003647, 0.613921, -0.659058, -0.434445, -0.006737, 0.0, 0.0, 0.0, 1.0],
                [0.75113, 0.656125, 0.072828, 0.131708, 0.237506, -0.371519, 0.897532, 0.003624, 0.615951, -0.656866, -0.434893, -0.006715, 0.0, 0.0, 0.0, 1.0],
                [0.748607, 0.657814, 0.082875, 0.131725, 0.234024, -0.379116, 0.895267, 0.003546, 0.620339, -0.650809, -0.437753, -0.006653, 0.0, 0.0, 0.0, 1.0],
                [0.747347, 0.658422, 0.089182, 0.131732, 0.232357, -0.384734, 0.893303, 0.003489, 0.622482, -0.646885, -0.440518, -0.006613, 0.0, 0.0, 0.0, 1.0],
                [0.745137, 0.658691, 0.104388, 0.131735, 0.229634, -0.40036, 0.887119, 0.003329, 0.62613, -0.637055, -0.449581, -0.006513, 0.0, 0.0, 0.0, 1.0],
                [0.744319, 0.658144, 0.113293, 0.13173, 0.22876, -0.410649, 0.88263, 0.003224, 0.627422, -0.631041, -0.456211, -0.006452, 0.0, 0.0, 0.0, 1.0],
                [0.743608, 0.655112, 0.133701, 0.1317, 0.228406, -0.436831, 0.870063, 0.002956, 0.628393, -0.616448, -0.474462, -0.006304, 0.0, 0.0, 0.0, 1.0],
                [0.743868, 0.652367, 0.145179, 0.131673, 0.229074, -0.452947, 0.861606, 0.002791, 0.627842, -0.607664, -0.486374, -0.006214, 0.0, 0.0, 0.0, 1.0],
                [0.746032, 0.643701, 0.170544, 0.131585, 0.232391, -0.491674, 0.839197, 0.002394, 0.624044, -0.586435, -0.516395, -0.005998, 0.0, 0.0, 0.0, 1.0],
                [0.748113, 0.637457, 0.184326, 0.131522, 0.235112, -0.514393, 0.824695, 0.002161, 0.620523, -0.573628, -0.534698, -0.005868, 0.0, 0.0, 0.0, 1.0],
                [0.754738, 0.62026, 0.213654, 0.131347, 0.242698, -0.566567, 0.787464, 0.001626, 0.609482, -0.542475, -0.578146, -0.005551, 0.0, 0.0, 0.0, 1.0],
                [0.760865, 0.607535, 0.228003, 0.131217, 0.248997, -0.597807, 0.761989, 0.001306, 0.599236, -0.522999, -0.606125, -0.005353, 0.0, 0.0, 0.0, 1.0],
                [0.783005, 0.569132, 0.250982, 0.130825, 0.267441, -0.672335, 0.690247, 0.00054, 0.561586, -0.473344, -0.678651, -0.004848, 0.0, 0.0, 0.0, 1.0],
                [0.79782, 0.544464, 0.258925, 0.130573, 0.276274, -0.711887, 0.64567, 0.000134, 0.535869, -0.443594, -0.718379, -0.004545, 0.0, 0.0, 0.0, 1.0],
                [0.831395, 0.487381, 0.266912, 0.129989, 0.286029, -0.78716, 0.546412, -0.000639, 0.476414, -0.377939, -0.793846, -0.003876, 0.0, 0.0, 0.0, 1.0],
                [0.848655, 0.456421, 0.267329, 0.129673, 0.284936, -0.820278, 0.495939, -0.00098, 0.445641, -0.344709, -0.826183, -0.003537, 0.0, 0.0, 0.0, 1.0],
                [0.880693, 0.393243, 0.264084, 0.129026, 0.268361, -0.873615, 0.405931, -0.001528, 0.390337, -0.286631, -0.874917, -0.002944, 0.0, 0.0, 0.0, 1.0],
                [0.894353, 0.362292, 0.262445, 0.12871, 0.252783, -0.893276, 0.371698, -0.00173, 0.369099, -0.266088, -0.890485, -0.002735, 0.0, 0.0, 0.0, 1.0],
                [0.914746, 0.304436, 0.265628, 0.128118, 0.207669, -0.918231, 0.337232, -0.001986, 0.346573, -0.253319, -0.90317, -0.002604, 0.0, 0.0, 0.0, 1.0],
                [0.921027, 0.277824, 0.27299, 0.127846, 0.179061, -0.924437, 0.336681, -0.002048, 0.3459, -0.261211, -0.901178, -0.002685, 0.0, 0.0, 0.0, 1.0],
                [0.926792, 0.229027, 0.297662, 0.127348, 0.11756, -0.929628, 0.349242, -0.0021, 0.356701, -0.288682, -0.888497, -0.002965, 0.0, 0.0, 0.0, 1.0],
                [0.92677, 0.208144, 0.312688, 0.127136, 0.087482, -0.929147, 0.35921, -0.002094, 0.365301, -0.30555, -0.879315, -0.003137, 0.0, 0.0, 0.0, 1.0],
                [0.92312, 0.176052, 0.341842, 0.126809, 0.035693, -0.924421, 0.3797, -0.002043, 0.382853, -0.338307, -0.859635, -0.003472, 0.0, 0.0, 0.0, 1.0],
                [0.920707, 0.165566, 0.353391, 0.126702, 0.016795, -0.921516, 0.387978, -0.002013, 0.389891, -0.351279, -0.851227, -0.003604, 0.0, 0.0, 0.0, 1.0],
                [0.91804, 0.156912, 0.364116, 0.126614, -1e-06, -0.918355, 0.395758, -0.00198, 0.396486, -0.363323, -0.843087, -0.003727, 0.0, 0.0, 0.0, 1.0]
            ]
        },
        {
            "name": "Leg_R",
            "time": [0.0, 0.0417, 0.125, 0.1667, 0.25, 0.2917, 0.375, 0.4583, 0.5, 0.5417, 0.5833, 0.625, 0.6667, 0.7083, 0.75, 0.7917, 0.8333, 0.875, 0.9167, 0.9583, 1.0, 1.0417, 1.125, 1.1667, 1.25, 1.2917, 1.375, 1.4167, 1.5, 1.5417, 1.625, 1.6667, 1.75, 1.7917, 1.875, 1.9167, 2.0, 2.0417, 2.125, 2.1667, 2.25, 2.2917, 2.375, 2.4167, 2.5],
            "transform": [
                [1.0, -0.0, 2e-06, -0.0, -1e-06, 0.605585, 0.795781, 0.37472, -1e-06, -0.795781, 0.605584, 0.0, 0.0, 0.0, 0.0, 1.0],
                [1.0, -0.0, 2e-06, -0.0, -1e-06, 0.605585, 0.795781, 0.37472, -1e-06, -0.795781, 0.605584, 0.0, 0.0, 0.0, 0.0, 1.0],
                [1.0, 0.0, 2e-06, -0.0, -1e-06, 0.74559, 0.666405, 0.37472, -1e-06, -0.666405, 0.74559, -0.0, 0.0, 0.0, 0.0, 1.0],
                [1.0, 0.0, 2e-06, -0.0, -1e-06, 0.826375, 0.56312, 0.37472, -1e-06, -0.56312, 0.826375, -0.0, 0.0, 0.0, 0.0, 1.0],
                [1.0, 0.0, 2e-06, -0.0, -1e-06, 0.821058, 0.570845, 0.37472, -1e-06, -0.570845, 0.821058, -0.0, 0.0, 0.0, 0.0, 1.0],
                [1.0, -0.0, 2e-06, -0.0, -1e-06, 0.715461, 0.698652, 0.37472, -1e-06, -0.698652, 0.715461, 0.0, 0.0, 0.0, 0.0, 1.0],
                [1.0, -1e-06, 2e-06, 0.0, -1e-06, 0.418313, 0.908303, 0.37472, -1e-06, -0.908303, 0.418313, -0.0, 0.0, 0.0, 0.0, 1.0],
                [1.0, -1e-06, 2e-06, 0.0, -1e-06, 0.35502, 0.934859, 0.37472, -1e-06, -0.934859, 0.35502, 0.0, 0.0, 0.0, 0.0, 1.0],
                [1.0, -1e-06, 2e-06, 0.0, -1e-06, 0.35502, 0.934859, 0.37472, -1e-06, -0.934859, 0.35502, 0.0, 0.0, 0.0, 0.0, 1.0],
                [1.0, -1e-06, 2e-06, 0.0, -1e-06, 0.35502, 0.934859, 0.37472, -1e-06, -0.934859, 0.35502, 0.0, 0.0, 0.0, 0.0, 1.0],
                [1.0, -1e-06, 2e-06, 0.0, -1e-06, 0.35502, 0.934859, 0.37472, -1e-06, -0.934859, 0.35502, 0.0, 0.0, 0.0, 0.0, 1.0],
                [1.0, -1e-06, 2e-06, 0.0, -1e-06, 0.35502, 0.934859, 0.37472, -1e-06, -0.934859, 0.35502, 0.0, 0.0, 0.0, 0.0, 1.0],
                [1.0, -1e-06, 2e-06, 0.0, -1e-06, 0.35502, 0.934859, 0.37472, -1e-06, -0.934859, 0.35502, 0.0, 0.0, 0.0, 0.0, 1.0],
                [1.0, -1e-06, 2e-06, 0.0, -1e-06, 0.35502, 0.934859, 0.37472, -1e-06, -0.934859, 0.35502, 0.0, 0.0, 0.0, 0.0, 1.0],
                [1.0, -1e-06, 2e-06, 0.0, -1e-06, 0.35502, 0.934859, 0.37472, -1e-06, -0.934859, 0.35502, 0.0, 0.0, 0.0, 0.0, 1.0],
                [1.0, -1e-06, 2e-06, 0.0, -1e-06, 0.35502, 0.934859, 0.37472, -1e-06, -0.934859, 0.35502, 0.0, 0.0, 0.0, 0.0, 1.0],
                [1.0, -1e-06, 2e-06, 0.0, -1e-06, 0.35502, 0.934859, 0.37472, -1e-06, -0.934859, 0.35502, 0.0, 0.0, 0.0, 0.0, 1.0],
                [1.0, -1e-06, 2e-06, -0.0, -1e-06, 0.355036, 0.934853, 0.37472, -1e-06, -0.934853, 0.355036, 0.0, 0.0, 0.0, 0.0, 1.0],
                [1.0, -1e-06, 2e-06, 0.0, -1e-06, 0.355154, 0.934808, 0.37472, -1e-06, -0.934808, 0.355154, 0.0, 0.0, 0.0, 0.0, 1.0],
                [1.0, -1e-06, 2e-06, 0.0, -1e-06, 0.355471, 0.934687, 0.37472, -1e-06, -0.934687, 0.355471, 0.0, 0.0, 0.0, 0.0, 1.0],
                [1.0, -1e-06, 2e-06, 0.0, -1e-06, 0.35609, 0.934451, 0.37472, -1e-06, -0.934452, 0.35609, -0.0, 0.0, 0.0, 0.0, 1.0],
                [1.0, -1e-06, 2e-06, -0.0, -1e-06, 0.357111, 0.934062, 0.37472, -1e-06, -0.934062, 0.357111, -0.0, 0.0, 0.0, 0.0, 1.0],
                [1.0, -1e-06, 2e-06, -0.0, -1e-06, 0.360755, 0.93266, 0.37472, -1e-06, -0.932661, 0.360755, 0.0, 0.0, 0.0, 0.0, 1.0],
                [1.0, -1e-06, 2e-06, -0.0, -1e-06, 0.363577, 0.931564, 0.37472, -1e-06, -0.931564, 0.363577, -0.0, 0.0, 0.0, 0.0, 1.0],
                [1.0, -1e-06, 2e-06, 0.0, -1e-06, 0.371706, 0.92835, 0.37472, -1e-06, -0.92835, 0.371706, 0.0, 0.0, 0.0, 0.0, 1.0],
                [1.0, -1e-06, 2e-06, 0.0, -1e-06, 0.377205, 0.92613, 0.37472, -1e-06, -0.92613, 0.377205, 0.0, 0.0, 0.0, 0.0, 1.0],
                [1.0, -1e-06, 2e-06, -0.0, -1e-06, 0.391531, 0.920165, 0.37472, -1e-06, -0.920165, 0.391531, -0.0, 0.0, 0.0, 0.0, 1.0],
                [1.0, -1e-06, 2e-06, 0.0, -1e-06, 0.400533, 0.916282, 0.37472, -1e-06, -0.916282, 0.400533, -0.0, 0.0, 0.0, 0.0, 1.0],
                [1.0, -1e-06, 2e-06, -0.0, -1e-06, 0.422618, 0.906308, 0.37472, -1e-06, -0.906308, 0.422618, -0.0, 0.0, 0.0, 0.0, 1.0],
                [1.0, -1e-06, 2e-06, -0.0, -1e-06, 0.435842, 0.900023, 0.37472, -1e-06, -0.900023, 0.435842, -0.0, 0.0, 0.0, 0.0, 1.0],
                [1.0, -0.0, 2e-06, 0.0, -1e-06, 0.466948, 0.884285, 0.37472, -1e-06, -0.884285, 0.466948, 0.0, 0.0, 0.0, 0.0, 1.0],
                [1.0, -0.0, 2e-06, -0.0, -1e-06, 0.488588, 0.872515, 0.37472, -1e-06, -0.872515, 0.488588, 0.0, 0.0, 0.0, 0.0, 1.0],
                [1.0, -0.0, 2e-06, 0.0, -1e-06, 0.553337, 0.832958, 0.37472, -1e-06, -0.832958, 0.553337, 0.0, 0.0, 0.0, 0.0, 1.0],
                [1.0, -0.0, 2e-06, 0.0, -1e-06, 0.592684, 0.805435, 0.37472, -1e-06, -0.805435, 0.592684, 0.0, 0.0, 0.0, 0.0, 1.0],
                [1.0, 0.0, 2e-06, 0.0, -1e-06, 0.675718, 0.73716, 0.37472, -1e-06, -0.73716, 0.675718, 0.0, 0.0, 0.0, 0.0, 1.0],
                [1.0, 0.0, 2e-06, 0.0, -1e-06, 0.715742, 0.698365, 0.37472, -1e-06, -0.698365, 0.715742, -0.0, 0.0, 0.0, 0.0, 1.0],
                [1.0, 0.0, 2e-06, 0.0, -1e-06, 0.785156, 0.619297, 0.37472, -1e-06, -0.619297, 0.785156, -0.0, 0.0, 0.0, 0.0, 1.0],
                [1.0, 0.0, 2e-06, -0.0, -1e-06, 0.812384, 0.583122, 0.37472, -1e-06, -0.583122, 0.812384, -0.0, 0.0, 0.0, 0.0, 1.0],
                [1.0, 0.0, 2e-06, -0.0, -1e-06, 0.84873, 0.528827, 0.37472, -1e-06, -0.528827, 0.84873, 0.0, 0.0, 0.0, 0.0, 1.0],
                [1.0, 0.0, 2e-06, -0.0, -1e-06, 0.859123, 0.511768, 0.37472, -1e-06, -0.511768, 0.859123, 0.0, 0.0, 0.0, 0.0, 1.0],
                [1.0, 1e-06, 2e-06, -0.0, -1e-06, 0.873081, 0.487576, 0.37472, -1e-06, -0.487576, 0.87308, 0.0, 0.0, 0.0, 0.0, 1.0],
                [1.0, 1e-06, 2e-06, -0.0, -1e-06, 0.877411, 0.47974, 0.37472, -1e-06, -0.47974, 0.877411, -0.0, 0.0, 0.0, 0.0, 1.0],
                [1.0, 1e-06, 2e-06, -0.0, -1e-06, 0.882319, 0.470652, 0.37472, -1e-06, -0.470652, 0.882319, -0.0, 0.0, 0.0, 0.0, 1.0],
                [1.0, 1e-06, 2e-06, 0.0, -1e-06, 0.883413, 0.468596, 0.37472, -1e-06, -0.468596, 0.883413, -0.0, 0.0, 0.0, 0.0, 1.0],
                [1.0, 1e-06, 2e-06, 0.0, -1e-06, 0.884028, 0.467434, 0.37472, -1e-06, -0.467434, 0.884028, -0.0, 0.0, 0.0, 0.0, 1.0]
            ]
        },
        {
            "name": "Knee_R",
            "time": [0.0, 0.0417, 0.125, 0.1667, 0.25, 0.2917, 0.375, 0.4583, 0.5, 0.5417, 0.5833, 0.625, 0.6667, 0.7083, 0.75, 0.7917, 0.8333, 0.875, 0.9167, 0.9583, 1.0, 1.0417, 1.125, 1.1667, 1.25, 1.2917, 1.375, 1.4167, 1.5, 1.5417, 1.625, 1.6667, 1.75, 1.7917, 1.875, 1.9167, 2.0, 2.0417, 2.125, 2.1667, 2.25, 2.2917, 2.375, 2.4167, 2.5],
            "transform": [
                [1.0, 1e-06, -2e-06, -0.0, -2e-06, 1e-06, -1.0, 0.37472, -1e-06, 1.0, 1e-06, 0.0, 0.0, 0.0, 0.0, 1.0],
                [1.0, 1e-06, -2e-06, -0.0, -2e-06, 1e-06, -1.0, 0.37472, -1e-06, 1.0, 1e-06, 0.0, 0.0, 0.0, 0.0, 1.0],
                [1.0, 1e-06, -1e-06, -0.0, -2e-06, 1e-06, -1.0, 0.37472, -1e-06, 1.0, 1e-06, 0.0, 0.0, 0.0, 0.0, 1.0],
                [1.0, 1e-06, -1e-06, -0.0, -2e-06, 1e-06, -1.0, 0.37472, -1e-06, 1.0, 1e-06, 0.0, 0.0, 0.0, 0.0, 1.0],
                [1.0, 1e-06, -1e-06, -0.0, -2e-06, 1e-06, -1.0, 0.37472, -1e-06, 1.0, 1e-06, 0.0, 0.0, 0.0, 0.0, 1.0],
                [1.0, 1e-06, -1e-06, -0.0, -1e-06, 1e-06, -1.0, 0.37472, -1e-06, 1.0, 1e-06, 0.0, 0.0, 0.0, 0.0, 1.0],
                [1.0, 1e-06, -2e-06, 0.0, -2e-06, 1e-06, -1.0, 0.37472, -1e-06, 1.0, 1e-06, 0.0, 0.0, 0.0, 0.0, 1.0],
                [1.0, 1e-06, -2e-06, -0.0, -2e-06, 1e-06, -1.0, 0.37472, -1e-06, 1.0, 1e-06, 0.0, 0.0, 0.0, 0.0, 1.0],
                [1.0, 1e-06, -2e-06, -0.0, -2e-06, 1e-06, -1.0, 0.37472, -1e-06, 1.0, 1e-06, 0.0, 0.0, 0.0, 0.0, 1.0],
                [1.0, 1e-06, -2e-06, -0.0, -2e-06, 1e-06, -1.0, 0.37472, -1e-06, 1.0, 1e-06, 0.0, 0.0, 0.0, 0.0, 1.0],
                [1.0, 1e-06, -2e-06, -0.0, -2e-06, 1e-06, -1.0, 0.37472, -1e-06, 1.0, 1e-06, 0.0, 0.0, 0.0, 0.0, 1.0],
                [1.0, 1e-06, -2e-06, -0.0, -2e-06, 1e-06, -1.0, 0.37472, -1e-06, 1.0, 1e-06, 0.0, 0.0, 0.0, 0.0, 1.0],
                [1.0, 1e-06, -2e-06, -0.0, -2e-06, 1e-06, -1.0, 0.37472, -1e-06, 1.0, 1e-06, 0.0, 0.0, 0.0, 0.0, 1.0],
                [1.0, 1e-06, -2e-06, -0.0, -2e-06, 1e-06, -1.0, 0.37472, -1e-06, 1.0, 1e-06, 0.0, 0.0, 0.0, 0.0, 1.0],
                [1.0, 1e-06, -2e-06, -0.0, -2e-06, 1e-06, -1.0, 0.37472, -1e-06, 1.0, 1e-06, 0.0, 0.0, 0.0, 0.0, 1.0],
                [1.0, 1e-06, -2e-06, -0.0, -2e-06, 1e-06, -1.0, 0.37472, -1e-06, 1.0, 1e-06, 0.0, 0.0, 0.0, 0.0, 1.0],
                [1.0, 1e-06, -2e-06, -0.0, -2e-06, 1e-06, -1.0, 0.37472, -1e-06, 1.0, 1e-06, 0.0, 0.0, 0.0, 0.0, 1.0],
                [1.0, 1e-06, -1e-06, -0.0, -1e-06, 1e-06, -1.0, 0.37472, -1e-06, 1.0, 1e-06, 0.0, 0.0, 0.0, 0.0, 1.0],
                [1.0, 1e-06, -1e-06, 0.0, -1e-06, 1e-06, -1.0, 0.37472, -1e-06, 1.0, 1e-06, 0.0, 0.0, 0.0, 0.0, 1.0],
                [1.0, 1e-06, -2e-06, -0.0, -2e-06, 1e-06, -1.0, 0.37472, -1e-06, 1.0, 1e-06, 0.0, 0.0, 0.0, 0.0, 1.0],
                [1.0, 1e-06, -1e-06, -0.0, -1e-06, 1e-06, -1.0, 0.37472, -1e-06, 1.0, 1e-06, 0.0, 0.0, 0.0, 0.0, 1.0],
                [1.0, 1e-06, -1e-06, -0.0, -1e-06, 1e-06, -1.0, 0.37472, -1e-06, 1.0, 1e-06, 0.0, 0.0, 0.0, 0.0, 1.0],
                [1.0, 1e-06, -1e-06, -0.0, -2e-06, 1e-06, -1.0, 0.37472, -1e-06, 1.0, 1e-06, 0.0, 0.0, 0.0, 0.0, 1.0],
                [1.0, 1e-06, -1e-06, -0.0, -1e-06, 1e-06, -1.0, 0.37472, -1e-06, 1.0, 1e-06, 0.0, 0.0, 0.0, 0.0, 1.0],
                [1.0, 1e-06, -1e-06, -0.0, -1e-06, 1e-06, -1.0, 0.37472, -1e-06, 1.0, 1e-06, 0.0, 0.0, 0.0, 0.0, 1.0],
                [1.0, 1e-06, -2e-06, -0.0, -2e-06, 1e-06, -1.0, 0.37472, -1e-06, 1.0, 1e-06, 0.0, 0.0, 0.0, 0.0, 1.0],
                [1.0, 1e-06, -1e-06, -0.0, -1e-06, 1e-06, -1.0, 0.37472, -1e-06, 1.0, 1e-06, 0.0, 0.0, 0.0, 0.0, 1.0],
                [1.0, 1e-06, -2e-06, -0.0, -1e-06, 1e-06, -1.0, 0.37472, -1e-06, 1.0, 1e-06, 0.0, 0.0, 0.0, 0.0, 1.0],
                [1.0, 1e-06, -2e-06, -0.0, -1e-06, 1e-06, -1.0, 0.37472, -1e-06, 1.0, 1e-06, 0.0, 0.0, 0.0, 0.0, 1.0],
                [1.0, 1e-06, -1e-06, -0.0, -2e-06, 1e-06, -1.0, 0.37472, -1e-06, 1.0, 1e-06, 0.0, 0.0, 0.0, 0.0, 1.0],
                [1.0, 1e-06, -2e-06, -0.0, -2e-06, 1e-06, -1.0, 0.37472, -1e-06, 1.0, 1e-06, 0.0, 0.0, 0.0, 0.0, 1.0],
                [1.0, 1e-06, -2e-06, -0.0, -2e-06, 1e-06, -1.0, 0.37472, -1e-06, 1.0, 1e-06, 0.0, 0.0, 0.0, 0.0, 1.0],
                [1.0, 1e-06, -1e-06, 0.0, -2e-06, 1e-06, -1.0, 0.37472, -1e-06, 1.0, 1e-06, 0.0, 0.0, 0.0, 0.0, 1.0],
                [1.0, 1e-06, -2e-06, -0.0, -2e-06, 1e-06, -1.0, 0.37472, -1e-06, 1.0, 1e-06, 0.0, 0.0, 0.0, 0.0, 1.0],
                [1.0, 1e-06, -2e-06, -0.0, -1e-06, 1e-06, -1.0, 0.37472, -1e-06, 1.0, 1e-06, 0.0, 0.0, 0.0, 0.0, 1.0],
                [1.0, 1e-06, -1e-06, -0.0, -1e-06, 1e-06, -1.0, 0.37472, -1e-06, 1.0, 1e-06, 0.0, 0.0, 0.0, 0.0, 1.0],
                [1.0, 1e-06, -2e-06, -0.0, -2e-06, 1e-06, -1.0, 0.37472, -1e-06, 1.0, 1e-06, 0.0, 0.0, 0.0, 0.0, 1.0],
                [1.0, 1e-06, -1e-06, -0.0, -2e-06, 1e-06, -1.0, 0.37472, -1e-06, 1.0, 1e-06, 0.0, 0.0, 0.0, 0.0, 1.0],
                [1.0, 1e-06, -2e-06, -0.0, -1e-06, 1e-06, -1.0, 0.37472, -1e-06, 1.0, 1e-06, 0.0, 0.0, 0.0, 0.0, 1.0],
                [1.0, 1e-06, -2e-06, -0.0, -2e-06, 1e-06, -1.0, 0.37472, -1e-06, 1.0, 1e-06, 0.0, 0.0, 0.0, 0.0, 1.0],
                [1.0, 1e-06, -2e-06, -0.0, -2e-06, 1e-06, -1.0, 0.37472, -1e-06, 1.0, 1e-06, -0.0, 0.0, 0.0, 0.0, 1.0],
                [1.0, 1e-06, -2e-06, -0.0, -2e-06, 1e-06, -1.0, 0.37472, -1e-06, 1.0, 1e-06, 0.0, 0.0, 0.0, 0.0, 1.0],
                [1.0, 1e-06, -2e-06, -0.0, -2e-06, 1e-06, -1.0, 0.37472, -1e-06, 1.0, 1e-06, -0.0, 0.0, 0.0, 0.0, 1.0],
                [1.0, 1e-06, -2e-06, -0.0, -1e-06, 1e-06, -1.0, 0.37472, -1e-06, 1.0, 1e-06, 0.0, 0.0, 0.0, 0.0, 1.0],
                [1.0, 1e-06, -2e-06, -0.0, -2e-06, 1e-06, -1.0, 0.37472, -1e-06, 1.0, 1e-06, 0.0, 0.0, 0.0, 0.0, 1.0]
            ]
        },
        {
            "name": "Thigh_L",
            "time": [0.0, 0.0417, 0.125, 0.1667, 0.25, 0.2917, 0.375, 0.4583, 0.5, 0.5417, 0.5833, 0.625, 0.6667, 0.7083, 0.75, 0.7917, 0.8333, 0.875, 0.9167, 0.9583, 1.0, 1.0417, 1.125, 1.1667, 1.25, 1.2917, 1.375, 1.4167, 1.5, 1.5417, 1.625, 1.6667, 1.75, 1.7917, 1.875, 1.9167, 2.0, 2.0417, 2.125, 2.1667, 2.25, 2.2917, 2.375, 2.4167, 2.5],
            "transform": [
                [1.0, -1e-06, 0.0, -0.125006, -1e-06, -0.683777, 0.729691, 0.000431, -0.0, -0.729691, -0.683777, -0.007456, 0.0, 0.0, 0.0, 1.0],
                [1.0, -1e-06, 0.0, -0.125006, -1e-06, -0.683777, 0.729691, 0.000431, -0.0, -0.729691, -0.683777, -0.007456, 0.0, 0.0, 0.0, 1.0],
                [0.967112, -0.171602, -0.187741, -0.126767, 0.018907, -0.687576, 0.725866, 0.000392, -0.253646, -0.705544, -0.661719, -0.007203, 0.0, 0.0, 0.0, 1.0],
                [0.894133, -0.312953, -0.320292, -0.128215, 0.020092, -0.686498, 0.726854, 0.000403, -0.447351, -0.65634, -0.607532, -0.006693, 0.0, 0.0, 0.0, 1.0],
                [0.747528, -0.528355, -0.402545, -0.130417, -0.023617, -0.626792, 0.778829, 0.001016, -0.66381, -0.572689, -0.481023, -0.005829, 0.0, 0.0, 0.0, 1.0],
                [0.697851, -0.608274, -0.378162, -0.131232, -0.027409, -0.550272, 0.834535, 0.0018, -0.715718, -0.572017, -0.40068, -0.005817, 0.0, 0.0, 0.0, 1.0],
                [0.647975, -0.701984, -0.295546, -0.132184, -0.005861, -0.392612, 0.919686, 0.003415, -0.76164, -0.594201, -0.258517, -0.006037, 0.0, 0.0, 0.0, 1.0],
                [0.643399, -0.713309, -0.2779, -0.132299, -1e-06, -0.363016, 0.931783, 0.003717, -0.765531, -0.599508, -0.233565, -0.006091, 0.0, 0.0, 0.0, 1.0],
                [0.643399, -0.713309, -0.2779, -0.132299, -1e-06, -0.363016, 0.931783, 0.003717, -0.765531, -0.599508, -0.233565, -0.006091, 0.0, 0.0, 0.0, 1.0],
                [0.643399, -0.713309, -0.2779, -0.132299, -1e-06, -0.363016, 0.931783, 0.003717, -0.765531, -0.599508, -0.233565, -0.006091, 0.0, 0.0, 0.0, 1.0],
                [0.643399, -0.713309, -0.2779, -0.132299, -1e-06, -0.363016, 0.931783, 0.003717, -0.765531, -0.599508, -0.233565, -0.006091, 0.0, 0.0, 0.0, 1.0],
                [0.643399, -0.713309, -0.2779, -0.132299, -1e-06, -0.363016, 0.931783, 0.003717, -0.765531, -0.599508, -0.233565, -0.006091, 0.0, 0.0, 0.0, 1.0],
                [0.643399, -0.713309, -0.2779, -0.132299, -1e-06, -0.363016, 0.931783, 0.003717, -0.765531, -0.599508, -0.233565, -0.006091, 0.0, 0.0, 0.0, 1.0],
                [0.643399, -0.713309, -0.2779, -0.132299, -1e-06, -0.363016, 0.931783, 0.003717, -0.765531, -0.599508, -0.233565, -0.006091, 0.0, 0.0, 0.0, 1.0],
                [0.643399, -0.713309, -0.2779, -0.132299, -1e-06, -0.363016, 0.931783, 0.003717, -0.765531, -0.599508, -0.233565, -0.006091, 0.0, 0.0, 0.0, 1.0],
                [0.643399, -0.713309, -0.2779, -0.132299, -1e-06, -0.363016, 0.931783, 0.003717, -0.765531, -0.599508, -0.233565, -0.006091, 0.0, 0.0, 0.0, 1.0],
                [0.643399, -0.713309, -0.2779, -0.132299, -1e-06, -0.363016, 0.931783, 0.003717, -0.765531, -0.599508, -0.233565, -0.006091, 0.0, 0.0, 0.0, 1.0],
                [0.64315, -0.713383, -0.278285, -0.1323, 0.00026, -0.363216, 0.931705, 0.003715, -0.76574, -0.599299, -0.233417, -0.006088, 0.0, 0.0, 0.0, 1.0],
                [0.642459, -0.713537, -0.279483, -0.132302, 0.000984, -0.36394, 0.931422, 0.003708, -0.76632, -0.598675, -0.233115, -0.006082, 0.0, 0.0, 0.0, 1.0],
                [0.641406, -0.713668, -0.28156, -0.132303, 0.002081, -0.365376, 0.930858, 0.003693, -0.767199, -0.597644, -0.232869, -0.006071, 0.0, 0.0, 0.0, 1.0],
                [0.640073, -0.713668, -0.284578, -0.132303, 0.003462, -0.367711, 0.929934, 0.003669, -0.768307, -0.59621, -0.232891, -0.006057, 0.0, 0.0, 0.0, 1.0],
                [0.638537, -0.713428, -0.288601, -0.132301, 0.005034, -0.371126, 0.928569, 0.003634, -0.769574, -0.594379, -0.233387, -0.006038, 0.0, 0.0, 0.0, 1.0],
                [0.63518, -0.71176, -0.299905, -0.132284, 0.008385, -0.381918, 0.924158, 0.003524, -0.772318, -0.589522, -0.236619, -0.005988, 0.0, 0.0, 0.0, 1.0],
                [0.633518, -0.710083, -0.307306, -0.132267, 0.00998, -0.389643, 0.920912, 0.003445, -0.773664, -0.586482, -0.239759, -0.005957, 0.0, 0.0, 0.0, 1.0],
                [0.630635, -0.704346, -0.325878, -0.13221, 0.012563, -0.410583, 0.911737, 0.00323, -0.775978, -0.579067, -0.250079, -0.005882, 0.0, 0.0, 0.0, 1.0],
                [0.629585, -0.69997, -0.337142, -0.132165, 0.013378, -0.424109, 0.905512, 0.003092, -0.776816, -0.574607, -0.257649, -0.005837, 0.0, 0.0, 0.0, 1.0],
                [0.628717, -0.687296, -0.363786, -0.132037, 0.013663, -0.457975, 0.88886, 0.002745, -0.777515, -0.563811, -0.278546, -0.005727, 0.0, 0.0, 0.0, 1.0],
                [0.629092, -0.678575, -0.379183, -0.131948, 0.012996, -0.478551, 0.877964, 0.002534, -0.777223, -0.557247, -0.292234, -0.005661, 0.0, 0.0, 0.0, 1.0],
                [0.631983, -0.655141, -0.41399, -0.13171, 0.009784, -0.527405, 0.849557, 0.002034, -0.774921, -0.540956, -0.326901, -0.005496, 0.0, 0.0, 0.0, 1.0],
                [0.634725, -0.639864, -0.433241, -0.131555, 0.007181, -0.555749, 0.831319, 0.001744, -0.772705, -0.53077, -0.348153, -0.005392, 0.0, 0.0, 0.0, 1.0],
                [0.643399, -0.600609, -0.474664, -0.131156, -1e-06, -0.620046, 0.784565, 0.001085, -0.765531, -0.504788, -0.398938, -0.005129, 0.0, 0.0, 0.0, 1.0],
                [0.650316, -0.575363, -0.496031, -0.130899, -0.006052, -0.656864, 0.753984, 0.000707, -0.75964, -0.487326, -0.430652, -0.004952, 0.0, 0.0, 0.0, 1.0],
                [0.672802, -0.511739, -0.534286, -0.130251, -0.025999, -0.738089, 0.674202, -0.000126, -0.739366, -0.439714, -0.509892, -0.004469, 0.0, 0.0, 0.0, 1.0],
                [0.688354, -0.474593, -0.548572, -0.129872, -0.037667, -0.778626, 0.626357, -0.000542, -0.724397, -0.410492, -0.553846, -0.004173, 0.0, 0.0, 0.0, 1.0],
                [0.727036, -0.394465, -0.561975, -0.129054, -0.058856, -0.851283, 0.521395, -0.001288, -0.684072, -0.345998, -0.64213, -0.003518, 0.0, 0.0, 0.0, 1.0],
                [0.749341, -0.353923, -0.559667, -0.128641, -0.066428, -0.881097, 0.468248, -0.001595, -0.658844, -0.3137, -0.683752, -0.00319, 0.0, 0.0, 0.0, 1.0],
                [0.79712, -0.278145, -0.535944, -0.127866, -0.072104, -0.925083, 0.372859, -0.002048, -0.599501, -0.258569, -0.757457, -0.002631, 0.0, 0.0, 0.0, 1.0],
