{
    "armature": {
        "joints": ["Root", "Thigh_R", "Leg_R", "Knee_R", "Thigh_L", "Leg_L", "Knee_L", "Torso", "Chest", "Head", "Shoulder_R", "Arm_R", "Hand_R", "Tool_R", "Elbow_R", "Shoulder_L", "Arm_L", "Hand_L", "Tool_L", "Elbow_L"],
        "hierarchy": [
            {
                "name": "Root",
                "transform": [1.0, 0.0, 0.0, -5e-06, 0.0, 0.0, -1.0, 0.000946, 0.0, 1.0, 0.0, 0.763972, 0.0, 0.0, 0.0, 1.0],
                "children": [
                    {
                        "name": "Thigh_R",
                        "transform": [1.0, -1e-06, -0.0, 0.124994, -1e-06, -1.0, 1e-06, -0.002831, -0.0, -1e-06, -1.0, -1.2e-05, 0.0, 0.0, 0.0, 1.0],
                        "children": [
                            {
                                "name": "Leg_R",
                                "transform": [1.0, 1e-06, 1e-06, -0.0, -1e-06, 1.0, 1e-06, 0.37472, -1e-06, -1e-06, 1.0, -0.0, 0.0, 0.0, 0.0, 1.0],
                                "children": []
                            },
                            {
                                "name": "Knee_R",
                                "transform": [1.0, 0.0, -1e-06, -0.0, -1e-06, 1e-06, -1.0, 0.37472, -0.0, 1.0, 1e-06, -0.0, 0.0, 0.0, 0.0, 1.0],
                                "children": []
                            }
                        ]
                    },
                    {
                        "name": "Thigh_L",
                        "transform": [1.0, -1e-06, -0.0, -0.125006, -1e-06, -1.0, 1e-06, -0.002831, -0.0, -1e-06, -1.0, -1.2e-05, 0.0, 0.0, 0.0, 1.0],
                        "children": [
                            {
                                "name": "Leg_L",
                                "transform": [1.0, 1e-06, 1e-06, 0.0, -1e-06, 1.0, 1e-06, 0.37472, -1e-06, -1e-06, 1.0, -0.0, 0.0, 0.0, 0.0, 1.0],
                                "children": []
                            },
                            {
                                "name": "Knee_L",
                                "transform": [1.0, 0.0, -1e-06, 0.0, -1e-06, 1e-06, -1.0, 0.37472, -0.0, 1.0, 1e-06, -0.0, 0.0, 0.0, 0.0, 1.0],
                                "children": []
                            }
                        ]
                    },
                    {
                        "name": "Torso",
                        "transform": [1.0, 0.0, 0.0, 0.0, 0.0, 1.0, 0.0, 0.05, 0.0, 0.0, 1.0, 0.0, 0.0, 0.0, 0.0, 1.0],
                        "children": [
                            {
                                "name": "Chest",
                                "transform": [1.0, 0.0, -0.0, 0.0, -0.0, 1.0, 0.0, 0.3, 0.0, -0.0, 1.0, 0.0, 0.0, 0.0, 0.0, 1.0],
                                "children": [
                                    {
                                        "name": "Head",
                                        "transform": [1.0, -0.0, 0.0, -0.0, 0.0, 1.0, -0.0, 0.4, -0.0, 0.0, 1.0, 0.0, 0.0, 0.0, 0.0, 1.0],
                                        "children": []
                                    },
                                    {
                                        "name": "Shoulder_R",
                                        "transform": [0.0, 0.952114, 0.305742, -0.0, -1e-06, -0.305742, 0.952114, 0.4, 1.0, -0.0, 1e-06, 0.0, 0.0, 0.0, 0.0, 1.0],
                                        "children": [
                                            {
                                                "name": "Arm_R",
                                                "transform": [0.0, 1e-06, -1.0, 0.0, 0.952114, 0.305742, 0.0, 0.39386, 0.305742, -0.952114, -1e-06, -0.0, 0.0, 0.0, 0.0, 1.0],
                                                "children": [
                                                    {
                                                        "name": "Hand_R",
                                                        "transform": [1.0, 0.0, 0.0, -0.0, -0.0, 0.993937, 0.109947, 0.3, -0.0, -0.109947, 0.993937, -0.0, 0.0, 0.0, 0.0, 1.0],
                                                        "children": [
                                                            {
                                                                "name": "Tool_R",
                                                                "transform": [1.0, 0.0, 0.0, 0.0, 0.0, -0.999836, 0.018122, 0.272859, 0.0, -0.018122, -0.999231, 0.0, 0.0, 0.0, 0.0, 1.0],
                                                                "children": []
                                                            }
                                                        ]
                                                    },
                                                    {
                                                        "name": "Elbow_R",
                                                        "transform": [-1.0, 0.0, -0.0, 0.0, 0.0, -0.0, -1.0, 0.3, -0.0, -1.0, 0.0, -0.0, 0.0, 0.0, 0.0, 1.0],
                                                        "children": []
                                                    }
                                                ]
                                            }
                                        ]
                                    },
                                    {
                                        "name": "Shoulder_L",
                                        "transform": [-1e-06, -0.952114, -0.305742, 0.0, 2e-06, -0.305742, 0.952114, 0.4, -1.0, 0.0, 2e-06, 0.0, 0.0, 0.0, 0.0, 1.0],
                                        "children": [
                                            {
                                                "name": "Arm_L",
                                                "transform": [-1e-06, -2e-06, 1.0, -0.0, -0.952115, 0.305742, -0.0, 0.39386, -0.305742, -0.952115, -2e-06, -0.0, 0.0, 0.0, 0.0, 1.0],
                                                "children": [
                                                    {
                                                        "name": "Hand_L",
                                                        "transform": [1.0, 0.0, 0.0, 0.0, -0.0, 0.993937, 0.109947, 0.3, -0.0, -0.109947, 0.993937, 0.0, 0.0, 0.0, 0.0, 1.0],
                                                        "children": [
                                                            {
                                                                "name": "Tool_L",
                                                                "transform": [1.0, 0.0, 0.0, -0.0, 0.0, -0.999836, 0.018122, 0.272858, 0.0, -0.018122, -0.999231, -0.0, 0.0, 0.0, 0.0, 1.0],
                                                                "children": []
                                                            }
                                                        ]
                                                    },
                                                    {
                                                        "name": "Elbow_L",
                                                        "transform": [-1.0, 0.0, -0.0, 0.0, 0.0, 0.0, -1.0, 0.3, -0.0, -1.0, 0.0, 0.0, 0.0, 0.0, 0.0, 1.0],
                                                        "children": []
                                                    }
                                                ]
                                            }
                                        ]
                                    }
                                ]
                            }
                        ]
                    }
                ]
            }
        ]
    },
    "animation": [
        {
            "name": "Root",
            "time": [0.0, 0.0417, 0.125, 0.1667, 0.25, 0.2917, 0.375, 0.4583, 0.5, 0.5417, 0.5833, 0.625, 0.6667, 0.7083, 0.75, 0.7917, 0.8333, 0.875, 0.9167, 0.9583, 1.0, 1.0417, 1.125, 1.1667, 1.25, 1.2917, 1.375, 1.4167, 1.5, 1.5417, 1.625, 1.6667],
            "transform": [
                [0.778367, 0.0, -0.62781, 4e-06, -0.62781, 0.0, -0.778367, 0.000992, 0.0, 1.0, 0.0, 0.746416, 0.0, 0.0, 0.0, 1.0],
                [0.778367, 0.0, -0.62781, 4e-06, -0.62781, 0.0, -0.778367, 0.000992, 0.0, 1.0, 0.0, 0.746416, 0.0, 0.0, 0.0, 1.0],
                [0.778367, 0.0, -0.62781, 4e-06, -0.62781, 0.0, -0.778367, 0.000992, 0.0, 1.0, 0.0, 0.746416, 0.0, 0.0, 0.0, 1.0],
                [0.778367, 0.0, -0.62781, 4e-06, -0.62781, 0.0, -0.778367, 0.000992, 0.0, 1.0, 0.0, 0.746416, 0.0, 0.0, 0.0, 1.0],
                [0.778367, 0.0, -0.62781, 4e-06, -0.62781, 0.0, -0.778367, 0.000992, 0.0, 1.0, 0.0, 0.746416, 0.0, 0.0, 0.0, 1.0],
                [0.784071, 0.0, -0.620671, 4e-06, -0.620671, 0.0, -0.784071, 0.029329, 0.0, 1.0, 0.0, 0.739837, 0.0, 0.0, 0.0, 1.0],
                [0.861882, 0.0, -0.507109, -2e-06, -0.507109, 0.0, -0.861882, 0.209657, 0.0, 1.0, 0.0, 0.697976, 0.0, 0.0, 0.0, 1.0],
                [0.9981, 0.0, -0.061622, -2.4e-05, -0.061622, 0.0, -0.9981, 0.451807, 0.0, 1.0, 0.0, 0.641761, 0.0, 0.0, 0.0, 1.0],
                [0.945022, 0.0, 0.327006, -3.9e-05, 0.327006, 0.0, -0.945022, 0.557416, 0.0, 1.0, 0.0, 0.617242, 0.0, 0.0, 0.0, 1.0],
                [0.780383, 0.0, 0.625302, -4.7e-05, 0.625302, 0.0, -0.780383, 0.63211, 0.0, 1.0, 0.0, 0.5999, 0.0, 0.0, 0.0, 1.0],
                [0.6857, 0.0, 0.727884, -4.9e-05, 0.727884, 0.0, -0.6857, 0.660441, 0.0, 1.0, 0.0, 0.593322, 0.0, 0.0, 0.0, 1.0],
                [0.6857, 0.0, 0.727884, -4.9e-05, 0.727884, 0.0, -0.6857, 0.660441, 0.0, 1.0, 0.0, 0.593322, 0.0, 0.0, 0.0, 1.0],
                [0.6857, 0.0, 0.727884, -4.9e-05, 0.727884, 0.0, -0.6857, 0.660441, 0.0, 1.0, 0.0, 0.593322, 0.0, 0.0, 0.0, 1.0],
                [0.6857, 0.0, 0.727884, -4.9e-05, 0.727884, 0.0, -0.6857, 0.660441, 0.0, 1.0, 0.0, 0.593322, 0.0, 0.0, 0.0, 1.0],
                [0.6857, 0.0, 0.727884, -4.9e-05, 0.727884, 0.0, -0.6857, 0.660441, 0.0, 1.0, 0.0, 0.593322, 0.0, 0.0, 0.0, 1.0],
                [0.6857, 0.0, 0.727884, -4.9e-05, 0.727884, 0.0, -0.6857, 0.660441, 0.0, 1.0, 0.0, 0.593322, 0.0, 0.0, 0.0, 1.0],
                [0.690697, 0.0, 0.723144, -4.9e-05, 0.723144, 0.0, -0.690697, 0.660441, 0.0, 1.0, 0.0, 0.594378, 0.0, 0.0, 0.0, 1.0],
                [0.7049, 0.0, 0.709306, -4.9e-05, 0.709306, 0.0, -0.7049, 0.660442, 0.0, 1.0, 0.0, 0.59741, 0.0, 0.0, 0.0, 1.0],
                [0.726961, 0.0, 0.686679, -4.9e-05, 0.686679, 0.0, -0.726961, 0.660443, 0.0, 1.0, 0.0, 0.602208, 0.0, 0.0, 0.0, 1.0],
                [0.755322, 0.0, 0.655354, -4.8e-05, 0.655354, 0.0, -0.755322, 0.660445, 0.0, 1.0, 0.0, 0.608566, 0.0, 0.0, 0.0, 1.0],
                [0.788234, 0.0, 0.615376, -4.7e-05, 0.615376, 0.0, -0.788234, 0.660447, 0.0, 1.0, 0.0, 0.616275, 0.0, 0.0, 0.0, 1.0],
                [0.823794, 0.0, 0.566889, -4.6e-05, 0.566889, 0.0, -0.823794, 0.66045, 0.0, 1.0, 0.0, 0.625127, 0.0, 0.0, 0.0, 1.0],
                [0.894887, 0.0, 0.446292, -4.2e-05, 0.446292, 0.0, -0.894887, 0.660456, 0.0, 1.0, 0.0, 0.64543, 0.0, 0.0, 0.0, 1.0],
                [0.926589, 0.0, 0.376074, -4e-05, 0.376074, 0.0, -0.926589, 0.660458, 0.0, 1.0, 0.0, 0.656465, 0.0, 0.0, 0.0, 1.0],
                [0.974687, 0.0, 0.223572, -3.5e-05, 0.223572, 0.0, -0.974687, 0.660464, 0.0, 1.0, 0.0, 0.679262, 0.0, 0.0, 0.0, 1.0],
                [0.98938, 0.0, 0.145351, -3.2e-05, 0.145351, 0.0, -0.98938, 0.660466, 0.0, 1.0, 0.0, 0.690609, 0.0, 0.0, 0.0, 1.0],
                [0.999992, 0.0, -0.004089, -2.6e-05, -0.004089, 0.0, -0.999992, 0.66047, 0.0, 1.0, 0.0, 0.712159, 0.0, 0.0, 0.0, 1.0],
                [0.997459, 0.0, -0.071241, -2.3e-05, -0.071241, 0.0, -0.997459, 0.660471, 0.0, 1.0, 0.0, 0.721947, 0.0, 0.0, 0.0, 1.0],
                [0.983261, 0.0, -0.182205, -1.8e-05, -0.182205, 0.0, -0.983261, 0.660473, 0.0, 1.0, 0.0, 0.738508, 0.0, 0.0, 0.0, 1.0],
                [0.974685, 0.0, -0.223581, -1.7e-05, -0.223581, 0.0, -0.974685, 0.660473, 0.0, 1.0, 0.0, 0.744865, 0.0, 0.0, 0.0, 1.0],
                [0.961902, 0.0, -0.273395, -1.4e-05, -0.273395, 0.0, -0.961902, 0.660474, 0.0, 1.0, 0.0, 0.752695, 0.0, 0.0, 0.0, 1.0],
                [0.959996, 0.0, -0.280013, -1.4e-05, -0.280013, 0.0, -0.959996, 0.660474, 0.0, 1.0, 0.0, 0.753752, 0.0, 0.0, 0.0, 1.0]
            ]
        },
        {
            "name": "Thigh_R",
            "time": [0.0, 0.0417, 0.125, 0.1667, 0.25, 0.2917, 0.375, 0.4583, 0.5, 0.5417, 0.5833, 0.625, 0.6667, 0.7083, 0.75, 0.7917, 0.8333, 0.875, 0.9167, 0.9583, 1.0, 1.0417, 1.125, 1.1667, 1.25, 1.2917, 1.375, 1.4167, 1.5, 1.5417, 1.625, 1.6667],
            "transform": [
                [1.0, -1e-06, -0.0, 0.124994, -1e-06, -0.89898, 0.43799, -0.00178, -1e-06, -0.43799, -0.89898, -0.004484, 0.0, 0.0, 0.0, 1.0],
                [1.0, -1e-06, -0.0, 0.124994, -1e-06, -0.89898, 0.43799, -0.00178, -1e-06, -0.43799, -0.89898, -0.004484, 0.0, 0.0, 0.0, 1.0],
                [1.0, -1e-06, -0.0, 0.124994, -1e-06, -0.89898, 0.43799, -0.00178, -1e-06, -0.43799, -0.89898, -0.004484, 0.0, 0.0, 0.0, 1.0],
                [1.0, -1e-06, -0.0, 0.124994, -1e-06, -0.89898, 0.43799, -0.00178, -1e-06, -0.43799, -0.89898, -0.004484, 0.0, 0.0, 0.0, 1.0],
                [1.0, -1e-06, -0.0, 0.124994, -1e-06, -0.89898, 0.43799, -0.00178, -1e-06, -0.43799, -0.89898, -0.004484, 0.0, 0.0, 0.0, 1.0],
                [0.999922, -0.001728, -0.012393, 0.124976, 0.004895, -0.857487, 0.514482, -0.001353, -0.011516, -0.514503, -0.857411, -0.005264, 0.0, 0.0, 0.0, 1.0],
                [0.995733, 0.000884, -0.092278, 0.124999, 0.079274, -0.520087, 0.850427, 0.002107, -0.047241, -0.854113, -0.517938, -0.008719, 0.0, 0.0, 0.0, 1.0],
                [0.970526, 0.08785, -0.224416, 0.125883, 0.238426, -0.2143, 0.947222, 0.005233, 0.035121, -0.972809, -0.22893, -0.009922, 0.0, 0.0, 0.0, 1.0],
                [0.919234, 0.355561, -0.169072, 0.128623, 0.275365, -0.273693, 0.921556, 0.004624, 0.281396, -0.893682, -0.349497, -0.009124, 0.0, 0.0, 0.0, 1.0],
                [0.734172, 0.675541, 0.068089, 0.131906, 0.285862, -0.398509, 0.871478, 0.003346, 0.615853, -0.62035, -0.485686, -0.006344, 0.0, 0.0, 0.0, 1.0],
                [0.595592, 0.775246, 0.210389, 0.132934, 0.302005, -0.458799, 0.835642, 0.002728, 0.744354, -0.434163, -0.507385, -0.004445, 0.0, 0.0, 0.0, 1.0],
                [0.595592, 0.775246, 0.210389, 0.132934, 0.302005, -0.458799, 0.835642, 0.002728, 0.744354, -0.434163, -0.507385, -0.004445, 0.0, 0.0, 0.0, 1.0],
                [0.595592, 0.775246, 0.210389, 0.132934, 0.302005, -0.458799, 0.835642, 0.002728, 0.744354, -0.434163, -0.507385, -0.004445, 0.0, 0.0, 0.0, 1.0],
                [0.595592, 0.775246, 0.210389, 0.132934, 0.302005, -0.458799, 0.835642, 0.002728, 0.744354, -0.434163, -0.507385, -0.004445, 0.0, 0.0, 0.0, 1.0],
                [0.595592, 0.775246, 0.210389, 0.132934, 0.302005, -0.458799, 0.835642, 0.002728, 0.744354, -0.434163, -0.507385, -0.004445, 0.0, 0.0, 0.0, 1.0],
                [0.595592, 0.775246, 0.210389, 0.132934, 0.302005, -0.458799, 0.835642, 0.002728, 0.744354, -0.434163, -0.507385, -0.004445, 0.0, 0.0, 0.0, 1.0],
                [0.598565, 0.772346, 0.212604, 0.132905, 0.30121, -0.462917, 0.833655, 0.002686, 0.742288, -0.434958, -0.509724, -0.004453, 0.0, 0.0, 0.0, 1.0],
                [0.607065, 0.763909, 0.218896, 0.132818, 0.298832, -0.474699, 0.827865, 0.002565, 0.736324, -0.437155, -0.516453, -0.004475, 0.0, 0.0, 0.0, 1.0],
                [0.620426, 0.750192, 0.228657, 0.132678, 0.294771, -0.493238, 0.818429, 0.002375, 0.726761, -0.440373, -0.527152, -0.004509, 0.0, 0.0, 0.0, 1.0],
                [0.637934, 0.731343, 0.241199, 0.132486, 0.288829, -0.517569, 0.805419, 0.002127, 0.713875, -0.444139, -0.541408, -0.004547, 0.0, 0.0, 0.0, 1.0],
                [0.658825, 0.707481, 0.255774, 0.132242, 0.280765, -0.546658, 0.788883, 0.001829, 0.69794, -0.447923, -0.558788, -0.004586, 0.0, 0.0, 0.0, 1.0],
                [0.682291, 0.678759, 0.271597, 0.131949, 0.270345, -0.579414, 0.768891, 0.001494, 0.679259, -0.451182, -0.578828, -0.00462, 0.0, 0.0, 0.0, 1.0],
                [0.733568, 0.607899, 0.30387, 0.131225, 0.241825, -0.651334, 0.719225, 0.000757, 0.635137, -0.454117, -0.624803, -0.004651, 0.0, 0.0, 0.0, 1.0],
                [0.759694, 0.566733, 0.318871, 0.130804, 0.223699, -0.688192, 0.690181, 0.000379, 0.610593, -0.452996, -0.649593, -0.00464, 0.0, 0.0, 0.0, 1.0],
                [0.809072, 0.476704, 0.343739, 0.129884, 0.18076, -0.758369, 0.62626, -0.000339, 0.559221, -0.444556, -0.699744, -0.004555, 0.0, 0.0, 0.0, 1.0],
                [0.831083, 0.429836, 0.352905, 0.129405, 0.156836, -0.789936, 0.592793, -0.000663, 0.533576, -0.437312, -0.723916, -0.004481, 0.0, 0.0, 0.0, 1.0],
                [0.867731, 0.338148, 0.364278, 0.128468, 0.107307, -0.843073, 0.526986, -0.001207, 0.485312, -0.418192, -0.767846, -0.004287, 0.0, 0.0, 0.0, 1.0],
                [0.882035, 0.295724, 0.366826, 0.128034, 0.083263, -0.864092, 0.496399, -0.001423, 0.463768, -0.407299, -0.786783, -0.004175, 0.0, 0.0, 0.0, 1.0],
                [0.902795, 0.223439, 0.367472, 0.127295, 0.040758, -0.895052, 0.444096, -0.001741, 0.428134, -0.38595, -0.817156, -0.003958, 0.0, 0.0, 0.0, 1.0],
                [0.909604, 0.195657, 0.366523, 0.12701, 0.023925, -0.905378, 0.423933, -0.001846, 0.414786, -0.376842, -0.828217, -0.003865, 0.0, 0.0, 0.0, 1.0],
                [0.917103, 0.16151, 0.364467, 0.126661, 0.002866, -0.916901, 0.399105, -0.001965, 0.398639, -0.364977, -0.841355, -0.003744, 0.0, 0.0, 0.0, 1.0],
                [0.91804, 0.156912, 0.364116, 0.126614, -1e-06, -0.918355, 0.395758, -0.00198, 0.396486, -0.363323, -0.843087, -0.003727, 0.0, 0.0, 0.0, 1.0]
            ]
        },
        {
            "name": "Leg_R",
            "time": [0.0, 0.0417, 0.125, 0.1667, 0.25, 0.2917, 0.375, 0.4583, 0.5, 0.5417, 0.5833, 0.625, 0.6667, 0.7083, 0.75, 0.7917, 0.8333, 0.875, 0.9167, 0.9583, 1.0, 1.0417, 1.125, 1.1667, 1.25, 1.2917, 1.375, 1.4167, 1.5, 1.5417, 1.625, 1.6667],
            "transform": [
                [1.0, 0.0, 2e-06, 0.0, -1e-06, 0.679757, 0.733438, 0.37472, -1e-06, -0.733438, 0.679756, 0.0, 0.0, 0.0, 0.0, 1.0],
                [1.0, 0.0, 2e-06, 0.0, -1e-06, 0.679757, 0.733438, 0.37472, -1e-06, -0.733438, 0.679756, 0.0, 0.0, 0.0, 0.0, 1.0],
                [1.0, 0.0, 2e-06, 0.0, -1e-06, 0.679757, 0.733438, 0.37472, -1e-06, -0.733438, 0.679756, 0.0, 0.0, 0.0, 0.0, 1.0],
                [1.0, 0.0, 2e-06, 0.0, -1e-06, 0.679757, 0.733438, 0.37472, -1e-06, -0.733438, 0.679756, 0.0, 0.0, 0.0, 0.0, 1.0],
                [1.0, 0.0, 2e-06, 0.0, -1e-06, 0.679757, 0.733438, 0.37472, -1e-06, -0.733438, 0.679756, 0.0, 0.0, 0.0, 0.0, 1.0],
                [1.0, 0.0003, -0.000811, 0.0, 0.000384, 0.685988, 0.727612, 0.37472, 0.000775, -0.727612, 0.685988, 0.0, 0.0, 0.0, 0.0, 1.0],
                [0.999922, 0.004436, -0.011724, -0.0, 0.004976, 0.717983, 0.696043, 0.37472, 0.011505, -0.696046, 0.717904, -0.0, 0.0, 0.0, 0.0, 1.0],
                [0.998843, 0.016997, -0.044995, 0.0, 0.017841, 0.737819, 0.674763, 0.37472, 0.044667, -0.674785, 0.736661, -0.0, 0.0, 0.0, 0.0, 1.0],
                [0.996985, 0.04066, -0.066089, -0.0, 0.031034, 0.571688, 0.819884, 0.37472, 0.071119, -0.819463, 0.568702, 0.0, 0.0, 0.0, 0.0, 1.0],
                [0.994618, 0.077572, -0.068691, 0.0, 0.052557, 0.19362, 0.979668, 0.37472, 0.089295, -0.978005, 0.188501, -0.0, 0.0, 0.0, 0.0, 1.0],
                [0.993586, 0.094441, -0.062194, 0.0, 0.064319, -0.019626, 0.997737, 0.37472, 0.093006, -0.995337, -0.025575, 0.0, 0.0, 0.0, 0.0, 1.0],
                [0.993586, 0.094441, -0.062194, 0.0, 0.064319, -0.019626, 0.997737, 0.37472, 0.093006, -0.995337, -0.025575, 0.0, 0.0, 0.0, 0.0, 1.0],
                [0.993586, 0.094441, -0.062194, 0.0, 0.064319, -0.019626, 0.997737, 0.37472, 0.093006, -0.995337, -0.025575, 0.0, 0.0, 0.0, 0.0, 1.0],
                [0.993586, 0.094441, -0.062194, 0.0, 0.064319, -0.019626, 0.997737, 0.37472, 0.093006, -0.995337, -0.025575, 0.0, 0.0, 0.0, 0.0, 1.0],
                [0.993586, 0.094441, -0.062194, 0.0, 0.064319, -0.019626, 0.997737, 0.37472, 0.093006, -0.995337, -0.025575, 0.0, 0.0, 0.0, 0.0, 1.0],
                [0.993586, 0.094441, -0.062194, 0.0, 0.064319, -0.019626, 0.997737, 0.37472, 0.093006, -0.995337, -0.025575, 0.0, 0.0, 0.0, 0.0, 1.0],
                [0.993657, 0.093698, -0.062172, -0.0, 0.063638, -0.01274, 0.997892, 0.37472, 0.092708, -0.995519, -0.018622, 0.0, 0.0, 0.0, 0.0, 1.0],
                [0.993862, 0.091559, -0.06208, -0.0, 0.061689, 0.007094, 0.99807, 0.37472, 0.091823, -0.995774, 0.001403, -0.0, 0.0, 0.0, 0.0, 1.0],
                [0.994185, 0.088155, -0.061845, -0.0, 0.05862, 0.038709, 0.99753, 0.37472, 0.090331, -0.995354, 0.033316, 0.0, 0.0, 0.0, 0.0, 1.0],
                [0.994607, 0.083616, -0.061359, 0.0, 0.054593, 0.08094, 0.995223, 0.37472, 0.088183, -0.993205, 0.075939, -0.0, 0.0, 0.0, 0.0, 1.0],
                [0.995109, 0.078086, -0.0605, -0.0, 0.049785, 0.132526, 0.989928, 0.37472, 0.085317, -0.988099, 0.12799, 0.0, 0.0, 0.0, 0.0, 1.0],
                [0.99567, 0.071728, -0.059138, 0.0, 0.044398, 0.192014, 0.980387, 0.37472, 0.081676, -0.978767, 0.187998, -0.0, 0.0, 0.0, 0.0, 1.0],
                [0.996869, 0.057308, -0.054481, 0.0, 0.032766, 0.327679, 0.944221, 0.37472, 0.071963, -0.94305, 0.324775, 0.0, 0.0, 0.0, 0.0, 1.0],
                [0.997458, 0.049694, -0.05106, -0.0, 0.026985, 0.399772, 0.916217, 0.37472, 0.065942, -0.915267, 0.397415, 0.0, 0.0, 0.0, 0.0, 1.0],
                [0.998505, 0.034841, -0.042113, -0.0, 0.016557, 0.54149, 0.840544, 0.37472, 0.052089, -0.839985, 0.540104, 0.0, 0.0, 0.0, 0.0, 1.0],
                [0.99893, 0.028036, -0.036797, 0.0, 0.012234, 0.607002, 0.794606, 0.37472, 0.044613, -0.794205, 0.606009, 0.0, 0.0, 0.0, 0.0, 1.0],
                [0.999543, 0.016465, -0.025374, 0.0, 0.005776, 0.719536, 0.694431, 0.37472, 0.029692, -0.69426, 0.719112, 0.0, 0.0, 0.0, 0.0, 1.0],
                [0.999735, 0.011865, -0.019714, -0.0, 0.003627, 0.764808, 0.644248, 0.37472, 0.022722, -0.644149, 0.764563, 0.0, 0.0, 0.0, 0.0, 1.0],
                [0.999941, 0.005088, -0.009643, -0.0, 0.00111, 0.832334, 0.554273, 0.37472, 0.010847, -0.554251, 0.832279, -0.0, 0.0, 0.0, 0.0, 1.0],
                [0.99998, 0.002832, -0.005653, 0.0, 0.000509, 0.855125, 0.518422, 0.37472, 0.006302, -0.518415, 0.855106, 0.0, 0.0, 0.0, 0.0, 1.0],
                [0.999999, 0.000318, -0.000674, 0.0, 4e-05, 0.880771, 0.473542, 0.37472, 0.000744, -0.473542, 0.880771, 0.0, 0.0, 0.0, 0.0, 1.0],
                [1.0, 1e-06, 2e-06, -0.0, -1e-06, 0.884028, 0.467434, 0.37472, -1e-06, -0.467434, 0.884028, 0.0, 0.0, 0.0, 0.0, 1.0]
            ]
        },
        {
            "name": "Knee_R",
            "time": [0.0, 0.0417, 0.125, 0.1667, 0.25, 0.2917, 0.375, 0.4583, 0.5, 0.5417, 0.5833, 0.625, 0.6667, 0.7083, 0.75, 0.7917, 0.8333, 0.875, 0.9167, 0.9583, 1.0, 1.0417, 1.125, 1.1667, 1.25, 1.2917, 1.375, 1.4167, 1.5, 1.5417, 1.625, 1.6667],
            "transform": [
                [1.0, 1e-06, -2e-06, 0.0, -1e-06, 1e-06, -1.0, 0.37472, -1e-06, 1.0, 1e-06, 0.0, 0.0, 0.0, 0.0, 1.0],
                [1.0, 1e-06, -2e-06, 0.0, -1e-06, 1e-06, -1.0, 0.37472, -1e-06, 1.0, 1e-06, 0.0, 0.0, 0.0, 0.0, 1.0],
                [1.0, 1e-06, -2e-06, 0.0, -1e-06, 1e-06, -1.0, 0.37472, -1e-06, 1.0, 1e-06, 0.0, 0.0, 0.0, 0.0, 1.0],
                [1.0, 1e-06, -2e-06, 0.0, -1e-06, 1e-06, -1.0, 0.37472, -1e-06, 1.0, 1e-06, 0.0, 0.0, 0.0, 0.0, 1.0],
                [1.0, 1e-06, -2e-06, 0.0, -1e-06, 1e-06, -1.0, 0.37472, -1e-06, 1.0, 1e-06, 0.0, 0.0, 0.0, 0.0, 1.0],
                [1.0, 1e-06, -1e-06, -0.0, -2e-06, 1e-06, -1.0, 0.37472, -1e-06, 1.0, 1e-06, -0.0, 0.0, 0.0, 0.0, 1.0],
                [1.0, 1e-06, -1e-06, -0.0, -2e-06, 1e-06, -1.0, 0.37472, -1e-06, 1.0, 1e-06, 0.0, 0.0, 0.0, 0.0, 1.0],
                [1.0, 1e-06, -2e-06, -0.0, -2e-06, 1e-06, -1.0, 0.37472, -1e-06, 1.0, 1e-06, -0.0, 0.0, 0.0, 0.0, 1.0],
                [1.0, 1e-06, -2e-06, -0.0, -2e-06, 1e-06, -1.0, 0.37472, -1e-06, 1.0, 1e-06, 0.0, 0.0, 0.0, 0.0, 1.0],
                [1.0, 1e-06, -2e-06, 0.0, -2e-06, 1e-06, -1.0, 0.37472, -1e-06, 1.0, 1e-06, 0.0, 0.0, 0.0, 0.0, 1.0],
                [1.0, 1e-06, -2e-06, -0.0, -1e-06, 1e-06, -1.0, 0.37472, -1e-06, 1.0, 1e-06, 0.0, 0.0, 0.0, 0.0, 1.0],
                [1.0, 1e-06, -2e-06, -0.0, -1e-06, 1e-06, -1.0, 0.37472, -1e-06, 1.0, 1e-06, 0.0, 0.0, 0.0, 0.0, 1.0],
                [1.0, 1e-06, -2e-06, -0.0, -1e-06, 1e-06, -1.0, 0.37472, -1e-06, 1.0, 1e-06, 0.0, 0.0, 0.0, 0.0, 1.0],
                [1.0, 1e-06, -2e-06, -0.0, -1e-06, 1e-06, -1.0, 0.37472, -1e-06, 1.0, 1e-06, 0.0, 0.0, 0.0, 0.0, 1.0],
                [1.0, 1e-06, -2e-06, -0.0, -1e-06, 1e-06, -1.0, 0.37472, -1e-06, 1.0, 1e-06, 0.0, 0.0, 0.0, 0.0, 1.0],
                [1.0, 1e-06, -2e-06, -0.0, -1e-06, 1e-06, -1.0, 0.37472, -1e-06, 1.0, 1e-06, 0.0, 0.0, 0.0, 0.0, 1.0],
                [1.0, 1e-06, -1e-06, -0.0, -2e-06, 1e-06, -1.0, 0.37472, -1e-06, 1.0, 1e-06, 0.0, 0.0, 0.0, 0.0, 1.0],
                [1.0, 1e-06, -1e-06, -0.0, -1e-06, 1e-06, -1.0, 0.37472, -1e-06, 1.0, 1e-06, -0.0, 0.0, 0.0, 0.0, 1.0],
                [1.0, 1e-06, -2e-06, -0.0, -2e-06, 1e-06, -1.0, 0.37472, -1e-06, 1.0, 1e-06, 0.0, 0.0, 0.0, 0.0, 1.0],
                [1.0, 1e-06, -2e-06, -0.0, -2e-06, 1e-06, -1.0, 0.37472, -1e-06, 1.0, 1e-06, -0.0, 0.0, 0.0, 0.0, 1.0],
                [1.0, 1e-06, -1e-06, -0.0, -2e-06, 1e-06, -1.0, 0.37472, -1e-06, 1.0, 1e-06, -0.0, 0.0, 0.0, 0.0, 1.0],
                [1.0, 1e-06, -2e-06, -0.0, -2e-06, 1e-06, -1.0, 0.37472, -1e-06, 1.0, 1e-06, 0.0, 0.0, 0.0, 0.0, 1.0],
                [1.0, 1e-06, -2e-06, 0.0, -2e-06, 1e-06, -1.0, 0.37472, -1e-06, 1.0, 1e-06, 0.0, 0.0, 0.0, 0.0, 1.0],
                [1.0, 1e-06, -1e-06, -0.0, -1e-06, 1e-06, -1.0, 0.37472, -1e-06, 1.0, 1e-06, 0.0, 0.0, 0.0, 0.0, 1.0],
                [1.0, 1e-06, -2e-06, -0.0, -2e-06, 1e-06, -1.0, 0.37472, -1e-06, 1.0, 1e-06, 0.0, 0.0, 0.0, 0.0, 1.0],
                [1.0, 1e-06, -2e-06, 0.0, -2e-06, 1e-06, -1.0, 0.37472, -1e-06, 1.0, 1e-06, 0.0, 0.0, 0.0, 0.0, 1.0],
                [1.0, 1e-06, -1e-06, 0.0, -1e-06, 1e-06, -1.0, 0.37472, -1e-06, 1.0, 1e-06, 0.0, 0.0, 0.0, 0.0, 1.0],
                [1.0, 1e-06, -1e-06, -0.0, -2e-06, 1e-06, -1.0, 0.37472, -1e-06, 1.0, 1e-06, 0.0, 0.0, 0.0, 0.0, 1.0],
                [1.0, 1e-06, -2e-06, -0.0, -2e-06, 1e-06, -1.0, 0.37472, -1e-06, 1.0, 1e-06, -0.0, 0.0, 0.0, 0.0, 1.0],
                [1.0, 1e-06, -2e-06, -0.0, -2e-06, 1e-06, -1.0, 0.37472, -1e-06, 1.0, 1e-06, 0.0, 0.0, 0.0, 0.0, 1.0],
                [1.0, 1e-06, -2e-06, 0.0, -2e-06, 1e-06, -1.0, 0.37472, -1e-06, 1.0, 1e-06, 0.0, 0.0, 0.0, 0.0, 1.0],
                [1.0, 1e-06, -2e-06, 0.0, -2e-06, 1e-06, -1.0, 0.37472, -1e-06, 1.0, 1e-06, 0.0, 0.0, 0.0, 0.0, 1.0]
            ]
        },
        {
            "name": "Thigh_L",
            "time": [0.0, 0.0417, 0.125, 0.1667, 0.25, 0.2917, 0.375, 0.4583, 0.5, 0.5417, 0.5833, 0.625, 0.6667, 0.7083, 0.75, 0.7917, 0.8333, 0.875, 0.9167, 0.9583, 1.0, 1.0417, 1.125, 1.1667, 1.25, 1.2917, 1.375, 1.4167, 1.5, 1.5417, 1.625, 1.6667],
            "transform": [
                [0.805498, -0.176233, -0.565787, -0.126826, -1e-06, -0.954756, 0.29739, -0.002356, -0.592598, -0.239547, -0.769054, -0.002438, 0.0, 0.0, 0.0, 1.0],
                [0.805498, -0.176233, -0.565787, -0.126826, -1e-06, -0.954756, 0.29739, -0.002356, -0.592598, -0.239547, -0.769054, -0.002438, 0.0, 0.0, 0.0, 1.0],
                [0.805498, -0.176233, -0.565787, -0.126826, -1e-06, -0.954756, 0.29739, -0.002356, -0.592598, -0.239547, -0.769054, -0.002438, 0.0, 0.0, 0.0, 1.0],
                [0.805498, -0.176233, -0.565787, -0.126826, -1e-06, -0.954756, 0.29739, -0.002356, -0.592598, -0.239547, -0.769054, -0.002438, 0.0, 0.0, 0.0, 1.0],
                [0.805498, -0.176233, -0.565787, -0.126826, -1e-06, -0.954756, 0.29739, -0.002356, -0.592598, -0.239547, -0.769054, -0.002438, 0.0, 0.0, 0.0, 1.0],
                [0.81258, -0.166394, -0.558594, -0.126725, 0.007516, -0.955313, 0.295501, -0.002362, -0.582801, -0.244317, -0.775018, -0.002487, 0.0, 0.0, 0.0, 1.0],
                [0.888878, -0.104074, -0.446166, -0.126086, 0.03457, -0.955844, 0.291835, -0.002368, -0.456837, -0.27483, -0.846031, -0.002804, 0.0, 0.0, 0.0, 1.0],
                [0.999462, -0.009888, -0.03128, -0.125108, -1e-06, -0.953508, 0.301368, -0.002343, -0.032806, -0.301206, -0.952995, -0.003087, 0.0, 0.0, 0.0, 1.0],
                [0.943845, -0.000207, 0.330388, -0.124993, -0.056971, -0.985122, 0.162137, -0.002671, 0.325439, -0.171855, -0.929815, -0.001772, 0.0, 0.0, 0.0, 1.0],
                [0.778841, -0.097225, 0.61964, -0.125969, -0.04048, -0.993645, -0.105028, -0.002769, 0.625914, 0.056717, -0.777827, 0.000563, 0.0, 0.0, 0.0, 1.0],
                [0.681742, -0.173586, 0.710701, -0.126744, -1e-06, -0.971444, -0.23727, -0.002548, 0.731592, 0.161756, -0.662274, 0.001639, 0.0, 0.0, 0.0, 1.0],
                [0.681742, -0.173586, 0.710701, -0.126744, -1e-06, -0.971444, -0.23727, -0.002548, 0.731592, 0.161756, -0.662274, 0.001639, 0.0, 0.0, 0.0, 1.0],
                [0.681742, -0.173586, 0.710701, -0.126744, -1e-06, -0.971444, -0.23727, -0.002548, 0.731592, 0.161756, -0.662274, 0.001639, 0.0, 0.0, 0.0, 1.0],
                [0.681742, -0.173586, 0.710701, -0.126744, -1e-06, -0.971444, -0.23727, -0.002548, 0.731592, 0.161756, -0.662274, 0.001639, 0.0, 0.0, 0.0, 1.0],
                [0.681742, -0.173586, 0.710701, -0.126744, -1e-06, -0.971444, -0.23727, -0.002548, 0.731592, 0.161756, -0.662274, 0.001639, 0.0, 0.0, 0.0, 1.0],
                [0.681742, -0.173586, 0.710701, -0.126744, -1e-06, -0.971444, -0.23727, -0.002548, 0.731592, 0.161756, -0.662274, 0.001639, 0.0, 0.0, 0.0, 1.0],
                [0.686367, -0.171454, 0.706756, -0.126722, -0.001997, -0.972253, -0.233922, -0.002557, 0.727253, 0.159145, -0.667665, 0.001613, 0.0, 0.0, 0.0, 1.0],
                [0.699551, -0.165399, 0.695178, -0.126661, -0.007627, -0.974517, -0.224185, -0.002579, 0.714542, 0.151527, -0.682985, 0.001534, 0.0, 0.0, 0.0, 1.0],
                [0.72014, -0.156012, 0.676062, -0.126566, -0.016228, -0.977913, -0.208383, -0.002613, 0.693639, 0.139094, -0.706765, 0.001407, 0.0, 0.0, 0.0, 1.0],
                [0.746814, -0.143987, 0.649258, -0.126445, -0.026996, -0.982039, -0.186736, -0.002654, 0.664485, 0.12193, -0.737288, 0.001231, 0.0, 0.0, 0.0, 1.0],
                [0.778079, -0.130115, 0.614543, -0.126306, -0.039008, -0.986433, -0.159464, -0.002698, 0.626954, 0.100103, -0.772598, 0.001007, 0.0, 0.0, 0.0, 1.0],
                [0.812265, -0.115269, 0.571785, -0.126156, -0.05126, -0.990593, -0.12688, -0.002738, 0.581032, 0.07375, -0.810533, 0.000737, 0.0, 0.0, 0.0, 1.0],
                [0.882138, -0.086363, 0.463005, -0.125867, -0.07236, -0.996225, -0.04796, -0.002792, 0.465399, 0.008805, -0.885058, 7.3e-05, 0.0, 0.0, 0.0, 1.0],
                [0.91419, -0.074088, 0.398457, -0.125745, -0.079339, -0.996842, -0.003321, -0.002797, 0.397445, -0.028577, -0.917181, -0.000309, 0.0, 0.0, 0.0, 1.0],
                [0.964903, -0.05736, 0.256267, -0.125581, -0.083002, -0.992442, 0.090385, -0.002748, 0.249146, -0.108483, -0.962371, -0.001124, 0.0, 0.0, 0.0, 1.0],
                [0.981715, -0.053593, 0.182659, -0.125546, -0.079339, -0.987431, 0.136697, -0.002695, 0.173037, -0.14869, -0.973627, -0.001534, 0.0, 0.0, 0.0, 1.0],
                [0.997631, -0.054829, 0.041533, -0.125565, -0.06271, -0.973098, 0.221694, -0.002545, 0.02826, -0.223773, -0.974232, -0.002298, 0.0, 0.0, 0.0, 1.0],
                [0.998025, -0.058887, -0.021872, -0.125609, -0.05126, -0.964702, 0.258308, -0.002458, -0.03631, -0.256677, -0.965815, -0.002633, 0.0, 0.0, 0.0, 1.0],
                [0.989495, -0.070328, -0.126308, -0.12573, -0.026995, -0.948215, 0.316481, -0.002288, -0.142025, -0.309747, -0.940152, -0.003172, 0.0, 0.0, 0.0, 1.0],
                [0.983338, -0.076125, -0.165077, -0.12579, -0.016227, -0.941228, 0.337381, -0.002216, -0.181058, -0.329081, -0.926781, -0.003368, 0.0, 0.0, 0.0, 1.0],
                [0.973723, -0.084235, -0.211584, -0.125875, -0.001997, -0.932202, 0.361933, -0.002123, -0.227727, -0.352, -0.907875, -0.0036, 0.0, 0.0, 0.0, 1.0],
                [0.972261, -0.085407, -0.217747, -0.125887, -1e-06, -0.930951, 0.365143, -0.00211, -0.233898, -0.355014, -0.905128, -0.003631, 0.0, 0.0, 0.0, 1.0]
            ]
        },
        {
            "name": "Leg_L",
            "time": [0.0, 0.0417, 0.125, 0.1667, 0.25, 0.2917, 0.375, 0.4583, 0.5, 0.5417, 0.5833, 0.625, 0.6667, 0.7083, 0.75, 0.7917, 0.8333, 0.875, 0.9167, 0.9583, 1.0, 1.0417, 1.125, 1.1667, 1.25, 1.2917, 1.375, 1.4167, 1.5, 1.5417, 1.625, 1.6667],
            "transform": [
                [1.0, 1e-06, 1e-06, 0.0, -1e-06, 0.954062, 0.299609, 0.37472, -1e-06, -0.299609, 0.954062, -0.0, 0.0, 0.0, 0.0, 1.0],
                [1.0, 1e-06, 1e-06, 0.0, -1e-06, 0.954062, 0.299609, 0.37472, -1e-06, -0.299609, 0.954062, -0.0, 0.0, 0.0, 0.0, 1.0],
                [1.0, 1e-06, 1e-06, 0.0, -1e-06, 0.954062, 0.299609, 0.37472, -1e-06, -0.299609, 0.954062, -0.0, 0.0, 0.0, 0.0, 1.0],
                [1.0, 1e-06, 1e-06, 0.0, -1e-06, 0.954062, 0.299609, 0.37472, -1e-06, -0.299609, 0.954062, -0.0, 0.0, 0.0, 0.0, 1.0],
                [1.0, 1e-06, 1e-06, 0.0, -1e-06, 0.954062, 0.299609, 0.37472, -1e-06, -0.299609, 0.954062, -0.0, 0.0, 0.0, 0.0, 1.0],
                [1.0, 0.0, 1e-06, 0.0, -1e-06, 0.922647, 0.385645, 0.37472, -1e-06, -0.385645, 0.922647, -0.0, 0.0, 0.0, 0.0, 1.0],
                [1.0, -0.0, 1e-06, -0.0, -1e-06, 0.624064, 0.781373, 0.37472, -1e-06, -0.781373, 0.624064, 0.0, 0.0, 0.0, 0.0, 1.0],
                [1.0, -0.0, 1e-06, 0.0, -1e-06, 0.34327, 0.939237, 0.37472, -1e-06, -0.939237, 0.343271, 0.0, 0.0, 0.0, 0.0, 1.0],
                [1.0, -0.0, 1e-06, -0.0, -1e-06, 0.39347, 0.919337, 0.37472, -1e-06, -0.919337, 0.39347, 0.0, 0.0, 0.0, 0.0, 1.0],
                [1.0, -0.0, 1e-06, -0.0, -1e-06, 0.482661, 0.875807, 0.37472, -1e-06, -0.875807, 0.482661, 0.0, 0.0, 0.0, 0.0, 1.0],
                [1.0, -0.0, 1e-06, 0.0, -1e-06, 0.528199, 0.849121, 0.37472, -1e-06, -0.849121, 0.528199, -0.0, 0.0, 0.0, 0.0, 1.0],
                [1.0, -0.0, 1e-06, 0.0, -1e-06, 0.528199, 0.849121, 0.37472, -1e-06, -0.849121, 0.528199, -0.0, 0.0, 0.0, 0.0, 1.0],
                [1.0, -0.0, 1e-06, 0.0, -1e-06, 0.528199, 0.849121, 0.37472, -1e-06, -0.849121, 0.528199, -0.0, 0.0, 0.0, 0.0, 1.0],
                [1.0, -0.0, 1e-06, 0.0, -1e-06, 0.528199, 0.849121, 0.37472, -1e-06, -0.849121, 0.528199, -0.0, 0.0, 0.0, 0.0, 1.0],
                [1.0, -0.0, 1e-06, 0.0, -1e-06, 0.528199, 0.849121, 0.37472, -1e-06, -0.849121, 0.528199, -0.0, 0.0, 0.0, 0.0, 1.0],
                [1.0, -0.0, 1e-06, 0.0, -1e-06, 0.528199, 0.849121, 0.37472, -1e-06, -0.849121, 0.528199, -0.0, 0.0, 0.0, 0.0, 1.0],
                [1.0, -0.0, 1e-06, 0.0, -1e-06, 0.531813, 0.846862, 0.37472, -1e-06, -0.846862, 0.531812, 0.0, 0.0, 0.0, 0.0, 1.0],
                [1.0, -0.0, 1e-06, -0.0, -1e-06, 0.54214, 0.840288, 0.37472, -1e-06, -0.840288, 0.54214, 0.0, 0.0, 0.0, 0.0, 1.0],
                [1.0, -0.0, 1e-06, -0.0, -1e-06, 0.55836, 0.829599, 0.37472, -1e-06, -0.829599, 0.55836, -0.0, 0.0, 0.0, 0.0, 1.0],
                [1.0, -0.0, 1e-06, 0.0, -1e-06, 0.579594, 0.814905, 0.37472, -1e-06, -0.814905, 0.579594, -0.0, 0.0, 0.0, 0.0, 1.0],
                [1.0, -0.0, 1e-06, 0.0, -1e-06, 0.604917, 0.796288, 0.37472, -1e-06, -0.796289, 0.604917, 0.0, 0.0, 0.0, 0.0, 1.0],
                [1.0, -0.0, 1e-06, -0.0, -1e-06, 0.633368, 0.77385, 0.37472, -1e-06, -0.77385, 0.633368, -0.0, 0.0, 0.0, 0.0, 1.0],
                [1.0, 0.0, 1e-06, -0.0, -1e-06, 0.695755, 0.718279, 0.37472, -1e-06, -0.718279, 0.695755, -0.0, 0.0, 0.0, 0.0, 1.0],
                [1.0, 0.0, 1e-06, -0.0, -1e-06, 0.727782, 0.685808, 0.37472, -1e-06, -0.685808, 0.727782, -0.0, 0.0, 0.0, 0.0, 1.0],
                [1.0, 0.0, 1e-06, -0.0, -1e-06, 0.789194, 0.614144, 0.37472, -1e-06, -0.614144, 0.789194, -0.0, 0.0, 0.0, 0.0, 1.0],
                [1.0, 0.0, 1e-06, -0.0, -1e-06, 0.817164, 0.576406, 0.37472, -1e-06, -0.576406, 0.817164, -0.0, 0.0, 0.0, 0.0, 1.0],
                [1.0, 0.0, 1e-06, 0.0, -1e-06, 0.865144, 0.501523, 0.37472, -1e-06, -0.501523, 0.865144, -0.0, 0.0, 0.0, 0.0, 1.0],
                [1.0, 0.0, 1e-06, 0.0, -1e-06, 0.88461, 0.466332, 0.37472, -1e-06, -0.466332, 0.88461, 0.0, 0.0, 0.0, 0.0, 1.0],
                [1.0, 1e-06, 1e-06, 0.0, -1e-06, 0.914118, 0.40545, 0.37472, -1e-06, -0.40545, 0.914117, 0.0, 0.0, 0.0, 0.0, 1.0],
                [1.0, 1e-06, 1e-06, -0.0, -1e-06, 0.924281, 0.381712, 0.37472, -1e-06, -0.381712, 0.924281, 0.0, 0.0, 0.0, 0.0, 1.0],
                [1.0, 1e-06, 1e-06, 0.0, -1e-06, 0.935904, 0.352256, 0.37472, -1e-06, -0.352256, 0.935904, -0.0, 0.0, 0.0, 0.0, 1.0],
                [1.0, 1e-06, 1e-06, -0.0, -1e-06, 0.937397, 0.348264, 0.37472, -1e-06, -0.348264, 0.937397, 0.0, 0.0, 0.0, 0.0, 1.0]
            ]
        },
        {
            "name": "Knee_L",
            "time": [0.0, 0.0417, 0.125, 0.1667, 0.25, 0.2917, 0.375, 0.4583, 0.5, 0.5417, 0.5833, 0.625, 0.6667, 0.7083, 0.75, 0.7917, 0.8333, 0.875, 0.9167, 0.9583, 1.0, 1.0417, 1.125, 1.1667, 1.25, 1.2917, 1.375, 1.4167, 1.5, 1.5417, 1.625, 1.6667],
            "transform": [
                [1.0, 0.0, -1e-06, -0.0, -1e-06, 1e-06, -1.0, 0.37472, -0.0, 1.0, 1e-06, -0.0, 0.0, 0.0, 0.0, 1.0],
                [1.0, 0.0, -1e-06, -0.0, -1e-06, 1e-06, -1.0, 0.37472, -0.0, 1.0, 1e-06, -0.0, 0.0, 0.0, 0.0, 1.0],
                [1.0, 0.0, -1e-06, -0.0, -1e-06, 1e-06, -1.0, 0.37472, -0.0, 1.0, 1e-06, -0.0, 0.0, 0.0, 0.0, 1.0],
                [1.0, 0.0, -1e-06, -0.0, -1e-06, 1e-06, -1.0, 0.37472, -0.0, 1.0, 1e-06, -0.0, 0.0, 0.0, 0.0, 1.0],
                [1.0, 0.0, -1e-06, -0.0, -1e-06, 1e-06, -1.0, 0.37472, -0.0, 1.0, 1e-06, -0.0, 0.0, 0.0, 0.0, 1.0],
                [1.0, 0.0, -1e-06, -0.0, -1e-06, 1e-06, -1.0, 0.37472, -0.0, 1.0, 1e-06, -0.0, 0.0, 0.0, 0.0, 1.0],
                [1.0, 0.0, -1e-06, -0.0, -1e-06, 1e-06, -1.0, 0.37472, -0.0, 1.0, 1e-06, 0.0, 0.0, 0.0, 0.0, 1.0],
                [1.0, 0.0, -1e-06, -0.0, -1e-06, 1e-06, -1.0, 0.37472, -0.0, 1.0, 1e-06, 0.0, 0.0, 0.0, 0.0, 1.0],
                [1.0, 0.0, -1e-06, -0.0, -1e-06, 1e-06, -1.0, 0.37472, -0.0, 1.0, 1e-06, 0.0, 0.0, 0.0, 0.0, 1.0],
                [1.0, 0.0, -1e-06, -0.0, -1e-06, 1e-06, -1.0, 0.37472, -0.0, 1.0, 1e-06, 0.0, 0.0, 0.0, 0.0, 1.0],
                [1.0, 0.0, -1e-06, -0.0, -1e-06, 1e-06, -1.0, 0.37472, -0.0, 1.0, 1e-06, 0.0, 0.0, 0.0, 0.0, 1.0],
                [1.0, 0.0, -1e-06, -0.0, -1e-06, 1e-06, -1.0, 0.37472, -0.0, 1.0, 1e-06, 0.0, 0.0, 0.0, 0.0, 1.0],
                [1.0, 0.0, -1e-06, -0.0, -1e-06, 1e-06, -1.0, 0.37472, -0.0, 1.0, 1e-06, 0.0, 0.0, 0.0, 0.0, 1.0],
                [1.0, 0.0, -1e-06, -0.0, -1e-06, 1e-06, -1.0, 0.37472, -0.0, 1.0, 1e-06, 0.0, 0.0, 0.0, 0.0, 1.0],
                [1.0, 0.0, -1e-06, -0.0, -1e-06, 1e-06, -1.0, 0.37472, -0.0, 1.0, 1e-06, 0.0, 0.0, 0.0, 0.0, 1.0],
                [1.0, 0.0, -1e-06, -0.0, -1e-06, 1e-06, -1.0, 0.37472, -0.0, 1.0, 1e-06, 0.0, 0.0, 0.0, 0.0, 1.0],
                [1.0, 0.0, -1e-06, -0.0, -1e-06, 1e-06, -1.0, 0.37472, -0.0, 1.0, 1e-06, 0.0, 0.0, 0.0, 0.0, 1.0],
                [1.0, 0.0, -1e-06, -0.0, -1e-06, 1e-06, -1.0, 0.37472, -0.0, 1.0, 1e-06, 0.0, 0.0, 0.0, 0.0, 1.0],
                [1.0, 0.0, -1e-06, -0.0, -1e-06, 1e-06, -1.0, 0.37472, -0.0, 1.0, 1e-06, -0.0, 0.0, 0.0, 0.0, 1.0],
                [1.0, 0.0, -1e-06, -0.0, -1e-06, 1e-06, -1.0, 0.37472, -0.0, 1.0, 1e-06, -0.0, 0.0, 0.0, 0.0, 1.0],
                [1.0, 0.0, -1e-06, -0.0, -1e-06, 1e-06, -1.0, 0.37472, -0.0, 1.0, 1e-06, 0.0, 0.0, 0.0, 0.0, 1.0],
                [1.0, 0.0, -1e-06, -0.0, -1e-06, 1e-06, -1.0, 0.37472, -0.0, 1.0, 1e-06, -0.0, 0.0, 0.0, 0.0, 1.0],
