{
    "armature": {
        "joints": ["Root", "Thigh_R", "Leg_R", "Knee_R", "Thigh_L", "Leg_L", "Knee_L", "Torso", "Chest", "Head", "Shoulder_R", "Arm_R", "Hand_R", "Tool_R", "Elbow_R", "Shoulder_L", "Arm_L", "Hand_L", "Tool_L", "Elbow_L"],
        "hierarchy": [
            {
                "name": "Root",
                "transform": [1.0, 0.0, 0.0, -5e-06, 0.0, 0.0, -1.0, 0.000946, 0.0, 1.0, 0.0, 0.763972, 0.0, 0.0, 0.0, 1.0],
                "children": [
                    {
                        "name": "Thigh_R",
                        "transform": [1.0, -1e-06, -0.0, 0.124994, -1e-06, -1.0, 1e-06, -0.002831, -0.0, -1e-06, -1.0, -1.2e-05, 0.0, 0.0, 0.0, 1.0],
                        "children": [
                            {
                                "name": "Leg_R",
                                "transform": [1.0, 1e-06, 1e-06, -0.0, -1e-06, 1.0, 1e-06, 0.37472, -1e-06, -1e-06, 1.0, -0.0, 0.0, 0.0, 0.0, 1.0],
                                "children": []
                            },
                            {
                                "name": "Knee_R",
                                "transform": [1.0, 0.0, -1e-06, -0.0, -1e-06, 1e-06, -1.0, 0.37472, -0.0, 1.0, 1e-06, -0.0, 0.0, 0.0, 0.0, 1.0],
                                "children": []
                            }
                        ]
                    },
                    {
                        "name": "Thigh_L",
                        "transform": [1.0, -1e-06, -0.0, -0.125006, -1e-06, -1.0, 1e-06, -0.002831, -0.0, -1e-06, -1.0, -1.2e-05, 0.0, 0.0, 0.0, 1.0],
                        "children": [
                            {
                                "name": "Leg_L",
                                "transform": [1.0, 1e-06, 1e-06, 0.0, -1e-06, 1.0, 1e-06, 0.37472, -1e-06, -1e-06, 1.0, -0.0, 0.0, 0.0, 0.0, 1.0],
                                "children": []
                            },
                            {
                                "name": "Knee_L",
                                "transform": [1.0, 0.0, -1e-06, 0.0, -1e-06, 1e-06, -1.0, 0.37472, -0.0, 1.0, 1e-06, -0.0, 0.0, 0.0, 0.0, 1.0],
                                "children": []
                            }
                        ]
                    },
                    {
                        "name": "Torso",
                        "transform": [1.0, 0.0, 0.0, 0.0, 0.0, 1.0, 0.0, 0.05, 0.0, 0.0, 1.0, 0.0, 0.0, 0.0, 0.0, 1.0],
                        "children": [
                            {
                                "name": "Chest",
                                "transform": [1.0, 0.0, -0.0, 0.0, -0.0, 1.0, 0.0, 0.3, 0.0, -0.0, 1.0, 0.0, 0.0, 0.0, 0.0, 1.0],
                                "children": [
                                    {
                                        "name": "Head",
                                        "transform": [1.0, -0.0, 0.0, -0.0, 0.0, 1.0, -0.0, 0.4, -0.0, 0.0, 1.0, 0.0, 0.0, 0.0, 0.0, 1.0],
                                        "children": []
                                    },
                                    {
                                        "name": "Shoulder_R",
                                        "transform": [0.0, 0.952114, 0.305742, -0.0, -1e-06, -0.305742, 0.952114, 0.4, 1.0, -0.0, 1e-06, 0.0, 0.0, 0.0, 0.0, 1.0],
                                        "children": [
                                            {
                                                "name": "Arm_R",
                                                "transform": [0.0, 1e-06, -1.0, 0.0, 0.952114, 0.305742, 0.0, 0.39386, 0.305742, -0.952114, -1e-06, -0.0, 0.0, 0.0, 0.0, 1.0],
                                                "children": [
                                                    {
                                                        "name": "Hand_R",
                                                        "transform": [1.0, 0.0, 0.0, -0.0, -0.0, 0.993937, 0.109947, 0.3, -0.0, -0.109947, 0.993937, -0.0, 0.0, 0.0, 0.0, 1.0],
                                                        "children": [
                                                            {
                                                                "name": "Tool_R",
                                                                "transform": [1.0, 0.0, 0.0, 0.0, 0.0, -0.999836, 0.018122, 0.272859, 0.0, -0.018122, -0.999231, 0.0, 0.0, 0.0, 0.0, 1.0],
                                                                "children": []
                                                            }
                                                        ]
                                                    },
                                                    {
                                                        "name": "Elbow_R",
                                                        "transform": [-1.0, 0.0, -0.0, 0.0, 0.0, -0.0, -1.0, 0.3, -0.0, -1.0, 0.0, -0.0, 0.0, 0.0, 0.0, 1.0],
                                                        "children": []
                                                    }
                                                ]
                                            }
                                        ]
                                    },
                                    {
                                        "name": "Shoulder_L",
                                        "transform": [-1e-06, -0.952114, -0.305742, 0.0, 2e-06, -0.305742, 0.952114, 0.4, -1.0, 0.0, 2e-06, 0.0, 0.0, 0.0, 0.0, 1.0],
                                        "children": [
                                            {
                                                "name": "Arm_L",
                                                "transform": [-1e-06, -2e-06, 1.0, -0.0, -0.952115, 0.305742, -0.0, 0.39386, -0.305742, -0.952115, -2e-06, -0.0, 0.0, 0.0, 0.0, 1.0],
                                                "children": [
                                                    {
                                                        "name": "Hand_L",
                                                        "transform": [1.0, 0.0, 0.0, 0.0, -0.0, 0.993937, 0.109947, 0.3, -0.0, -0.109947, 0.993937, 0.0, 0.0, 0.0, 0.0, 1.0],
                                                        "children": [
                                                            {
                                                                "name": "Tool_L",
                                                                "transform": [1.0, 0.0, 0.0, -0.0, 0.0, -0.999836, 0.018122, 0.272858, 0.0, -0.018122, -0.999231, -0.0, 0.0, 0.0, 0.0, 1.0],
                                                                "children": []
                                                            }
                                                        ]
                                                    },
                                                    {
                                                        "name": "Elbow_L",
                                                        "transform": [-1.0, 0.0, -0.0, 0.0, 0.0, 0.0, -1.0, 0.3, -0.0, -1.0, 0.0, 0.0, 0.0, 0.0, 0.0, 1.0],
                                                        "children": []
                                                    }
                                                ]
                                            }
                                        ]
                                    }
                                ]
                            }
                        ]
                    }
                ]
            }
        ]
    },
    "animation": [
        {
            "name": "Root",
            "time": [0.0, 0.0417, 0.125, 0.1667, 0.25, 0.2917, 0.375, 0.4583, 0.5, 0.5417, 0.5833, 0.625, 0.6667, 0.7083, 0.75, 0.7917, 0.8333, 0.875, 0.9167, 0.9583, 1.0, 1.0417],
            "transform": [
                [0.6857, 0.0, 0.727884, -4.9e-05, 0.727884, 0.0, -0.6857, 0.000959, 0.0, 1.0, 0.0, 0.62767, 0.0, 0.0, 0.0, 1.0],
                [0.6857, 0.0, 0.727884, -4.9e-05, 0.727884, 0.0, -0.6857, 0.000959, 0.0, 1.0, 0.0, 0.62767, 0.0, 0.0, 0.0, 1.0],
                [0.803126, 0.0, 0.59581, -4.7e-05, 0.59581, 0.0, -0.803126, 0.230822, 0.0, 1.0, 0.0, 0.621235, 0.0, 0.0, 0.0, 1.0],
                [0.882383, 0.0, 0.470531, -4.3e-05, 0.470531, 0.0, -0.882383, 0.411947, 0.0, 1.0, 0.0, 0.61608, 0.0, 0.0, 0.0, 1.0],
                [0.987206, 0.0, 0.159448, -3.3e-05, 0.159448, 0.0, -0.987206, 0.703646, 0.0, 1.0, 0.0, 0.60507, 0.0, 0.0, 0.0, 1.0],
                [0.99192, 0.0, -0.126861, -2.1e-05, -0.126861, 0.0, -0.99192, 0.857381, 0.0, 1.0, 0.0, 0.595585, 0.0, 0.0, 0.0, 1.0],
                [0.869641, 0.0, -0.493685, -3e-06, -0.493685, 0.0, -0.869641, 0.974633, 0.0, 1.0, 0.0, 0.582147, 0.0, 0.0, 0.0, 1.0],
                [0.820172, 0.0, -0.572117, 1e-06, -0.572117, 0.0, -0.820172, 0.991529, 0.0, 1.0, 0.0, 0.578732, 0.0, 0.0, 0.0, 1.0],
                [0.81816, 0.0, -0.574991, 1e-06, -0.574991, 0.0, -0.81816, 0.992178, 0.0, 1.0, 0.0, 0.578601, 0.0, 0.0, 0.0, 1.0],
                [0.81816, 0.0, -0.574991, 1e-06, -0.574991, 0.0, -0.81816, 0.992178, 0.0, 1.0, 0.0, 0.578601, 0.0, 0.0, 0.0, 1.0],
                [0.81816, 0.0, -0.574991, 1e-06, -0.574991, 0.0, -0.81816, 0.992178, 0.0, 1.0, 0.0, 0.578601, 0.0, 0.0, 0.0, 1.0],
                [0.822521, 0.0, -0.568735, 1e-06, -0.568735, 0.0, -0.822521, 0.992178, 0.0, 1.0, 0.0, 0.58268, 0.0, 0.0, 0.0, 1.0],
                [0.834244, 0.0, -0.551395, -0.0, -0.551395, 0.0, -0.834244, 0.992178, 0.0, 1.0, 0.0, 0.593866, 0.0, 0.0, 0.0, 1.0],
                [0.851106, 0.0, -0.524993, -2e-06, -0.524993, 0.0, -0.851106, 0.992179, 0.0, 1.0, 0.0, 0.610578, 0.0, 0.0, 0.0, 1.0],
                [0.87083, 0.0, -0.491585, -3e-06, -0.491585, 0.0, -0.87083, 0.992179, 0.0, 1.0, 0.0, 0.631238, 0.0, 0.0, 0.0, 1.0],
                [0.891294, 0.0, -0.453426, -5e-06, -0.453426, 0.0, -0.891294, 0.992179, 0.0, 1.0, 0.0, 0.654267, 0.0, 0.0, 0.0, 1.0],
                [0.91071, 0.0, -0.413045, -7e-06, -0.413045, 0.0, -0.91071, 0.992179, 0.0, 1.0, 0.0, 0.678086, 0.0, 0.0, 0.0, 1.0],
                [0.927737, 0.0, -0.373233, -9e-06, -0.373233, 0.0, -0.927737, 0.992178, 0.0, 1.0, 0.0, 0.701115, 0.0, 0.0, 0.0, 1.0],
                [0.941517, 0.0, -0.336967, -1.1e-05, -0.336967, 0.0, -0.941517, 0.992178, 0.0, 1.0, 0.0, 0.721775, 0.0, 0.0, 0.0, 1.0],
                [0.951609, 0.0, -0.30731, -1.3e-05, -0.30731, 0.0, -0.951609, 0.992178, 0.0, 1.0, 0.0, 0.738487, 0.0, 0.0, 0.0, 1.0],
                [0.957833, 0.0, -0.287325, -1.4e-05, -0.287325, 0.0, -0.957833, 0.992178, 0.0, 1.0, 0.0, 0.749673, 0.0, 0.0, 0.0, 1.0],
                [0.959996, 0.0, -0.280013, -1.4e-05, -0.280013, 0.0, -0.959996, 0.992178, 0.0, 1.0, 0.0, 0.753752, 0.0, 0.0, 0.0, 1.0]
            ]
        },
        {
            "name": "Thigh_R",
            "time": [0.0, 0.0417, 0.125, 0.1667, 0.25, 0.2917, 0.375, 0.4583, 0.5, 0.5417, 0.5833, 0.625, 0.6667, 0.7083, 0.75, 0.7917, 0.8333, 0.875, 0.9167, 0.9583, 1.0, 1.0417],
            "transform": [
                [0.624765, 0.726288, 0.286663, 0.132436, 0.309456, -0.567388, 0.763091, 0.001615, 0.716872, -0.388043, -0.579239, -0.003976, 0.0, 0.0, 0.0, 1.0],
                [0.624765, 0.726288, 0.286663, 0.132436, 0.309456, -0.567388, 0.763091, 0.001615, 0.716872, -0.388043, -0.579239, -0.003976, 0.0, 0.0, 0.0, 1.0],
                [0.739501, 0.632511, 0.230367, 0.131473, 0.335748, -0.643181, 0.68818, 0.000837, 0.583449, -0.431564, -0.687997, -0.004422, 0.0, 0.0, 0.0, 1.0],
                [0.820498, 0.546429, 0.167922, 0.130589, 0.342951, -0.705542, 0.620158, 0.000197, 0.457348, -0.451249, -0.766294, -0.004624, 0.0, 0.0, 0.0, 1.0],
                [0.939514, 0.342282, -0.012513, 0.128493, 0.309167, -0.831764, 0.46107, -0.001099, 0.147408, -0.43705, -0.887276, -0.004477, 0.0, 0.0, 0.0, 1.0],
                [0.965147, 0.16644, -0.201962, 0.126688, 0.226553, -0.917685, 0.326385, -0.001981, -0.131014, -0.360765, -0.923409, -0.003693, 0.0, 0.0, 0.0, 1.0],
                [0.880775, -0.037383, -0.472056, 0.124595, 0.051382, -0.983448, 0.17375, -0.002655, -0.470738, -0.17729, -0.864276, -0.001808, 0.0, 0.0, 0.0, 1.0],
                [0.84194, -0.07666, -0.534097, 0.124192, 0.001911, -0.989426, 0.145026, -0.002717, -0.539568, -0.123124, -0.832891, -0.001251, 0.0, 0.0, 0.0, 1.0],
                [0.840343, -0.078061, -0.536405, 0.124178, -1e-06, -0.989577, 0.144007, -0.002718, -0.542055, -0.121015, -0.831584, -0.00123, 0.0, 0.0, 0.0, 1.0],
                [0.84451, -0.072413, -0.530621, 0.124235, 0.007809, -0.989046, 0.147402, -0.002713, -0.535482, -0.128626, -0.834694, -0.001308, 0.0, 0.0, 0.0, 1.0],
                [0.860085, -0.059657, -0.506649, 0.124367, 0.024255, -0.987234, 0.15742, -0.002694, -0.509573, -0.147683, -0.847658, -0.001504, 0.0, 0.0, 0.0, 1.0],
                [0.888144, -0.044796, -0.457377, 0.12452, 0.040151, -0.983869, 0.174326, -0.002659, -0.457808, -0.173191, -0.872019, -0.001767, 0.0, 0.0, 0.0, 1.0],
                [0.922682, -0.02796, -0.384546, 0.124694, 0.052764, -0.978827, 0.197772, -0.002607, -0.381934, -0.202771, -0.901671, -0.002072, 0.0, 0.0, 0.0, 1.0],
                [0.956482, -0.008104, -0.291679, 0.1249, 0.060784, -0.972151, 0.226336, -0.002538, -0.28539, -0.234216, -0.929352, -0.002396, 0.0, 0.0, 0.0, 1.0],
                [0.982795, 0.015152, -0.184078, 0.125142, 0.063184, -0.964081, 0.257984, -0.002454, -0.173557, -0.265176, -0.948451, -0.002716, 0.0, 0.0, 0.0, 1.0],
                [0.996762, 0.041289, -0.069003, 0.125413, 0.059656, -0.95509, 0.290247, -0.002361, -0.053921, -0.293424, -0.954461, -0.003007, 0.0, 0.0, 0.0, 1.0],
                [0.996604, 0.068901, 0.045089, 0.1257, 0.050885, -0.945839, 0.320623, -0.002265, 0.064738, -0.31724, -0.946133, -0.003253, 0.0, 0.0, 0.0, 1.0],
                [0.984032, 0.095964, 0.149909, 0.125981, 0.038514, -0.937059, 0.347039, -0.002174, 0.173777, -0.335724, -0.925792, -0.003443, 0.0, 0.0, 0.0, 1.0],
                [0.963653, 0.12024, 0.23857, 0.126233, 0.024827, -0.929432, 0.368157, -0.002095, 0.266002, -0.348852, -0.898635, -0.003578, 0.0, 0.0, 0.0, 1.0],
                [0.941705, 0.139636, 0.306093, 0.126435, 0.012323, -0.923507, 0.383383, -0.002033, 0.336213, -0.357262, -0.871392, -0.003665, 0.0, 0.0, 0.0, 1.0],
                [0.924659, 0.152364, 0.348986, 0.126567, 0.003368, -0.9197, 0.392607, -0.001994, 0.380781, -0.361852, -0.850922, -0.003712, 0.0, 0.0, 0.0, 1.0],
                [0.91804, 0.156912, 0.364116, 0.126614, -1e-06, -0.918355, 0.395758, -0.00198, 0.396486, -0.363323, -0.843087, -0.003727, 0.0, 0.0, 0.0, 1.0]
            ]
        },
        {
            "name": "Leg_R",
            "time": [0.0, 0.0417, 0.125, 0.1667, 0.25, 0.2917, 0.375, 0.4583, 0.5, 0.5417, 0.5833, 0.625, 0.6667, 0.7083, 0.75, 0.7917, 0.8333, 0.875, 0.9167, 0.9583, 1.0, 1.0417],
            "transform": [
                [0.995245, -0.096313, 0.014496, -0.0, 0.071667, 0.824955, 0.560636, 0.37472, -0.065955, -0.556932, 0.827935, 0.0, 0.0, 0.0, 0.0, 1.0],
                [0.995245, -0.096313, 0.014496, -0.0, 0.071667, 0.824955, 0.560636, 0.37472, -0.065955, -0.556932, 0.827935, 0.0, 0.0, 0.0, 0.0, 1.0],
                [0.996458, -0.05333, -0.065012, -0.0, 0.08367, 0.551881, 0.829715, 0.37472, -0.008369, -0.832216, 0.554388, 0.0, 0.0, 0.0, 0.0, 1.0],
                [0.993977, -0.002362, -0.109561, -0.0, 0.105441, 0.292985, 0.950285, 0.37472, 0.029855, -0.956114, 0.29147, -0.0, 0.0, 0.0, 0.0, 1.0],
                [0.990467, 0.056823, -0.125482, 0.0, 0.121978, 0.06143, 0.99063, 0.37472, 0.063999, -0.996493, 0.053913, 0.0, 0.0, 0.0, 0.0, 1.0],
                [0.993806, 0.053076, -0.097638, -0.0, 0.093853, 0.069663, 0.993146, 0.37472, 0.059514, -0.996158, 0.06425, 0.0, 0.0, 0.0, 0.0, 1.0],
                [0.999486, 0.017057, -0.027152, 0.0, 0.025355, 0.097941, 0.994869, 0.37472, 0.019629, -0.995046, 0.097458, 0.0, 0.0, 0.0, 0.0, 1.0],
                [0.999997, 0.001508, -0.001992, 0.0, 0.001815, 0.10935, 0.994002, 0.37472, 0.001717, -0.994002, 0.109347, -0.0, 0.0, 0.0, 0.0, 1.0],
                [1.0, -1e-06, 1e-06, -0.0, -1e-06, 0.110344, 0.993894, 0.37472, -1e-06, -0.993894, 0.110344, -0.0, 0.0, 0.0, 0.0, 1.0],
                [0.999979, 0.003255, -0.00559, 0.0, 0.005206, 0.107822, 0.994157, 0.37472, 0.003838, -0.994165, 0.107803, 0.0, 0.0, 0.0, 0.0, 1.0],
                [0.999916, 0.006533, -0.011187, 0.0, 0.010437, 0.10531, 0.994385, 0.37472, 0.007675, -0.994418, 0.105233, 0.0, 0.0, 0.0, 0.0, 1.0],
                [0.99992, 0.006277, -0.011024, -0.0, 0.010137, 0.127174, 0.991828, 0.37472, 0.007628, -0.99186, 0.1271, -0.0, 0.0, 0.0, 0.0, 1.0],
                [0.999929, 0.005587, -0.010547, -0.0, 0.009314, 0.187333, 0.982252, 0.37472, 0.007463, -0.982281, 0.187268, 0.0, 0.0, 0.0, 0.0, 1.0],
                [0.999942, 0.004599, -0.009745, 0.0, 0.008088, 0.277176, 0.960785, 0.37472, 0.007119, -0.960808, 0.277123, -0.0, 0.0, 0.0, 0.0, 1.0],
                [0.999957, 0.00347, -0.008614, 0.0, 0.006603, 0.386544, 0.922248, 0.37472, 0.006529, -0.922265, 0.386504, 0.0, 0.0, 0.0, 0.0, 1.0],
                [0.999971, 0.002364, -0.007192, -0.0, 0.005024, 0.503535, 0.86396, 0.37472, 0.005664, -0.863972, 0.503509, 0.0, 0.0, 0.0, 0.0, 1.0],
                [0.999983, 0.001422, -0.005577, 0.0, 0.003518, 0.615859, 0.787848, 0.37472, 0.004555, -0.787855, 0.615844, -0.0, 0.0, 0.0, 0.0, 1.0],
                [0.999992, 0.000731, -0.003917, 0.0, 0.002225, 0.713228, 0.700929, 0.37472, 0.003306, -0.700932, 0.713221, 0.0, 0.0, 0.0, 0.0, 1.0],
                [0.999997, 0.000303, -0.002382, -0.0, 0.001223, 0.789382, 0.613901, 0.37472, 0.002067, -0.613903, 0.789379, -0.0, 0.0, 0.0, 0.0, 1.0],
                [0.999999, 9.2e-05, -0.001132, -0.0, 0.000532, 0.842473, 0.538739, 0.37472, 0.001003, -0.538739, 0.842472, -0.0, 0.0, 0.0, 0.0, 1.0],
                [1.0, 1.6e-05, -0.0003, 0.0, 0.000132, 0.873578, 0.486684, 0.37472, 0.000269, -0.486684, 0.873578, 0.0, 0.0, 0.0, 0.0, 1.0],
                [1.0, 1e-06, 2e-06, 0.0, -1e-06, 0.884028, 0.467434, 0.37472, -1e-06, -0.467434, 0.884028, 0.0, 0.0, 0.0, 0.0, 1.0]
            ]
        },
        {
            "name": "Knee_R",
            "time": [0.0, 0.0417, 0.125, 0.1667, 0.25, 0.2917, 0.375, 0.4583, 0.5, 0.5417, 0.5833, 0.625, 0.6667, 0.7083, 0.75, 0.7917, 0.8333, 0.875, 0.9167, 0.9583, 1.0, 1.0417],
            "transform": [
                [1.0, 1e-06, -2e-06, -0.0, -1e-06, 1e-06, -1.0, 0.37472, -1e-06, 1.0, 1e-06, -0.0, 0.0, 0.0, 0.0, 1.0],
                [1.0, 1e-06, -2e-06, -0.0, -1e-06, 1e-06, -1.0, 0.37472, -1e-06, 1.0, 1e-06, -0.0, 0.0, 0.0, 0.0, 1.0],
                [1.0, 1e-06, -2e-06, 0.0, -2e-06, 1e-06, -1.0, 0.37472, -1e-06, 1.0, 1e-06, -0.0, 0.0, 0.0, 0.0, 1.0],
                [1.0, 1e-06, -1e-06, -0.0, -2e-06, 1e-06, -1.0, 0.37472, -1e-06, 1.0, 1e-06, -0.0, 0.0, 0.0, 0.0, 1.0],
                [1.0, 1e-06, -1e-06, 0.0, -1e-06, 1e-06, -1.0, 0.37472, -1e-06, 1.0, 1e-06, -0.0, 0.0, 0.0, 0.0, 1.0],
                [1.0, 1e-06, -2e-06, 0.0, -1e-06, 1e-06, -1.0, 0.37472, -1e-06, 1.0, 1e-06, -0.0, 0.0, 0.0, 0.0, 1.0],
                [1.0, 1e-06, -2e-06, 0.0, -2e-06, 1e-06, -1.0, 0.37472, -1e-06, 1.0, 1e-06, -0.0, 0.0, 0.0, 0.0, 1.0],
                [1.0, 1e-06, -2e-06, -0.0, -2e-06, 1e-06, -1.0, 0.37472, -1e-06, 1.0, 1e-06, -0.0, 0.0, 0.0, 0.0, 1.0],
                [1.0, 1e-06, -2e-06, 0.0, -2e-06, 1e-06, -1.0, 0.37472, -1e-06, 1.0, 1e-06, -0.0, 0.0, 0.0, 0.0, 1.0],
                [1.0, 1e-06, -2e-06, 0.0, -2e-06, 1e-06, -1.0, 0.37472, -1e-06, 1.0, 1e-06, -0.0, 0.0, 0.0, 0.0, 1.0],
                [1.0, 1e-06, -2e-06, 0.0, -2e-06, 1e-06, -1.0, 0.37472, -1e-06, 1.0, 1e-06, -0.0, 0.0, 0.0, 0.0, 1.0],
                [1.0, 1e-06, -2e-06, 0.0, -2e-06, 1e-06, -1.0, 0.37472, -1e-06, 1.0, 1e-06, -0.0, 0.0, 0.0, 0.0, 1.0],
                [1.0, 1e-06, -2e-06, 0.0, -2e-06, 1e-06, -1.0, 0.37472, -1e-06, 1.0, 1e-06, -0.0, 0.0, 0.0, 0.0, 1.0],
                [1.0, 1e-06, -2e-06, 0.0, -2e-06, 1e-06, -1.0, 0.37472, -1e-06, 1.0, 1e-06, -0.0, 0.0, 0.0, 0.0, 1.0],
                [1.0, 1e-06, -2e-06, -0.0, -2e-06, 1e-06, -1.0, 0.37472, -1e-06, 1.0, 1e-06, 0.0, 0.0, 0.0, 0.0, 1.0],
                [1.0, 1e-06, -1e-06, 0.0, -1e-06, 1e-06, -1.0, 0.37472, -1e-06, 1.0, 1e-06, -0.0, 0.0, 0.0, 0.0, 1.0],
                [1.0, 1e-06, -2e-06, 0.0, -2e-06, 1e-06, -1.0, 0.37472, -1e-06, 1.0, 1e-06, -0.0, 0.0, 0.0, 0.0, 1.0],
                [1.0, 1e-06, -2e-06, 0.0, -1e-06, 1e-06, -1.0, 0.37472, -1e-06, 1.0, 1e-06, 0.0, 0.0, 0.0, 0.0, 1.0],
                [1.0, 1e-06, -1e-06, -0.0, -1e-06, 1e-06, -1.0, 0.37472, -1e-06, 1.0, 1e-06, -0.0, 0.0, 0.0, 0.0, 1.0],
                [1.0, 1e-06, -2e-06, -0.0, -2e-06, 1e-06, -1.0, 0.37472, -1e-06, 1.0, 1e-06, -0.0, 0.0, 0.0, 0.0, 1.0],
                [1.0, 1e-06, -2e-06, 0.0, -2e-06, 1e-06, -1.0, 0.37472, -1e-06, 1.0, 1e-06, -0.0, 0.0, 0.0, 0.0, 1.0],
                [1.0, 1e-06, -2e-06, 0.0, -2e-06, 1e-06, -1.0, 0.37472, -1e-06, 1.0, 1e-06, -0.0, 0.0, 0.0, 0.0, 1.0]
            ]
        },
        {
            "name": "Thigh_L",
            "time": [0.0, 0.0417, 0.125, 0.1667, 0.25, 0.2917, 0.375, 0.4583, 0.5, 0.5417, 0.5833, 0.625, 0.6667, 0.7083, 0.75, 0.7917, 0.8333, 0.875, 0.9167, 0.9583, 1.0, 1.0417],
            "transform": [
                [0.698742, -0.583065, -0.414481, -0.130975, -0.005031, -0.583381, 0.812183, 0.001461, -0.715356, -0.565422, -0.410566, -0.00575, 0.0, 0.0, 0.0, 1.0],
                [0.698742, -0.583065, -0.414481, -0.130975, -0.005031, -0.583381, 0.812183, 0.001461, -0.715356, -0.565422, -0.410566, -0.00575, 0.0, 0.0, 0.0, 1.0],
                [0.698742, -0.615814, -0.36405, -0.131308, -0.005031, -0.513112, 0.858307, 0.002181, -0.715356, -0.597904, -0.361631, -0.00608, 0.0, 0.0, 0.0, 1.0],
                [0.698742, -0.626584, -0.345182, -0.131417, -0.005031, -0.486813, 0.873492, 0.00245, -0.715356, -0.608609, -0.343309, -0.006189, 0.0, 0.0, 0.0, 1.0],
                [0.698742, -0.626944, -0.34453, -0.131421, -0.005031, -0.485903, 0.873998, 0.002459, -0.715356, -0.608966, -0.342675, -0.006193, 0.0, 0.0, 0.0, 1.0],
                [0.698742, -0.627014, -0.344403, -0.131421, -0.00503, -0.485725, 0.874097, 0.002461, -0.715356, -0.609036, -0.342551, -0.006193, 0.0, 0.0, 0.0, 1.0],
                [0.698742, -0.627176, -0.344108, -0.131423, -0.00503, -0.485314, 0.874326, 0.002465, -0.715356, -0.609197, -0.342264, -0.006195, 0.0, 0.0, 0.0, 1.0],
                [0.698742, -0.627237, -0.343995, -0.131424, -0.00503, -0.485157, 0.874413, 0.002467, -0.715356, -0.609259, -0.342155, -0.006196, 0.0, 0.0, 0.0, 1.0],
                [0.698742, -0.627243, -0.343985, -0.131424, -0.00503, -0.485143, 0.874421, 0.002467, -0.715356, -0.609264, -0.342145, -0.006196, 0.0, 0.0, 0.0, 1.0],
                [0.698741, -0.62724, -0.343993, -0.131424, -0.005029, -0.485152, 0.874415, 0.002467, -0.715357, -0.60926, -0.34215, -0.006196, 0.0, 0.0, 0.0, 1.0],
                [0.698742, -0.627215, -0.344034, -0.131424, -0.005031, -0.485212, 0.874382, 0.002466, -0.715356, -0.609237, -0.342193, -0.006195, 0.0, 0.0, 0.0, 1.0],
                [0.707425, -0.615902, -0.346719, -0.131308, -0.009208, -0.498546, 0.866814, 0.00233, -0.706728, -0.610014, -0.358356, -0.006204, 0.0, 0.0, 0.0, 1.0],
                [0.731018, -0.584144, -0.352689, -0.130984, -0.019765, -0.534777, 0.844762, 0.001959, -0.682073, -0.610565, -0.402477, -0.006212, 0.0, 0.0, 0.0, 1.0],
                [0.765483, -0.534707, -0.357944, -0.13048, -0.032942, -0.58812, 0.808103, 0.001413, -0.642613, -0.606797, -0.46781, -0.006177, 0.0, 0.0, 0.0, 1.0],
                [0.806245, -0.470877, -0.358112, -0.129829, -0.044588, -0.651992, 0.756913, 0.000758, -0.5899, -0.59429, -0.546661, -0.006054, 0.0, 0.0, 0.0, 1.0],
                [0.848413, -0.397293, -0.34979, -0.129077, -0.051097, -0.719194, 0.692928, 6.9e-05, -0.526862, -0.570016, -0.630475, -0.00581, 0.0, 0.0, 0.0, 1.0],
                [0.887436, -0.32, -0.33175, -0.128287, -0.050375, -0.782759, 0.620283, -0.000584, -0.458171, -0.533749, -0.710768, -0.005445, 0.0, 0.0, 0.0, 1.0],
                [0.919923, -0.24571, -0.305562, -0.127528, -0.042486, -0.837174, 0.545285, -0.001143, -0.389791, -0.488638, -0.780575, -0.004988, 0.0, 0.0, 0.0, 1.0],
                [0.944216, -0.180682, -0.275336, -0.126863, -0.02964, -0.87929, 0.475364, -0.001577, -0.327989, -0.440686, -0.835595, -0.004501, 0.0, 0.0, 0.0, 1.0],
                [0.960338, -0.129914, -0.246725, -0.126343, -0.015535, -0.908385, 0.417847, -0.001877, -0.278406, -0.397441, -0.874375, -0.004062, 0.0, 0.0, 0.0, 1.0],
                [0.969337, -0.097108, -0.225736, -0.126007, -0.004386, -0.925298, 0.379215, -0.002051, -0.245698, -0.366597, -0.897351, -0.003749, 0.0, 0.0, 0.0, 1.0],
                [0.972261, -0.085407, -0.217747, -0.125887, -1e-06, -0.930951, 0.365143, -0.00211, -0.233898, -0.355014, -0.905128, -0.003631, 0.0, 0.0, 0.0, 1.0]
            ]
        },
        {
            "name": "Leg_L",
            "time": [0.0, 0.0417, 0.125, 0.1667, 0.25, 0.2917, 0.375, 0.4583, 0.5, 0.5417, 0.5833, 0.625, 0.6667, 0.7083, 0.75, 0.7917, 0.8333, 0.875, 0.9167, 0.9583, 1.0, 1.0417],
            "transform": [
                [1.0, -0.0, 1e-06, 0.0, -1e-06, 0.528199, 0.849121, 0.37472, -1e-06, -0.849121, 0.528199, -0.0, 0.0, 0.0, 0.0, 1.0],
                [1.0, -0.0, 1e-06, 0.0, -1e-06, 0.528199, 0.849121, 0.37472, -1e-06, -0.849121, 0.528199, -0.0, 0.0, 0.0, 0.0, 1.0],
                [1.0, 0.0, 1e-06, 0.0, -1e-06, 0.686624, 0.727012, 0.37472, -1e-06, -0.727012, 0.686624, -0.0, 0.0, 0.0, 0.0, 1.0],
                [1.0, 0.0, 1e-06, -0.0, -1e-06, 0.735809, 0.677189, 0.37472, -1e-06, -0.677189, 0.735809, 0.0, 0.0, 0.0, 0.0, 1.0],
                [1.0, 0.0, 1e-06, -0.0, -1e-06, 0.706407, 0.707806, 0.37472, -1e-06, -0.707806, 0.706407, -0.0, 0.0, 0.0, 0.0, 1.0],
                [1.0, 0.0, 1e-06, -0.0, -1e-06, 0.647683, 0.76191, 0.37472, -1e-06, -0.76191, 0.647683, -0.0, 0.0, 0.0, 0.0, 1.0],
                [1.0, -0.0, 1e-06, 0.0, -1e-06, 0.527895, 0.84931, 0.37472, -1e-06, -0.84931, 0.527895, -0.0, 0.0, 0.0, 0.0, 1.0],
                [1.0, -0.0, 1e-06, -0.0, -1e-06, 0.491461, 0.870899, 0.37472, -1e-06, -0.870899, 0.491462, 0.0, 0.0, 0.0, 0.0, 1.0],
                [1.0, -0.0, 1e-06, 0.0, -1e-06, 0.489943, 0.871754, 0.37472, -1e-06, -0.871754, 0.489943, -0.0, 0.0, 0.0, 0.0, 1.0],
                [1.0, -0.0, 1e-06, -0.0, -1e-06, 0.492997, 0.870031, 0.37472, -1e-06, -0.870031, 0.492997, 0.0, 0.0, 0.0, 0.0, 1.0],
                [1.0, -0.0, 1e-06, -0.0, -1e-06, 0.507755, 0.861501, 0.37472, -1e-06, -0.861501, 0.507755, 0.0, 0.0, 0.0, 0.0, 1.0],
                [1.0, -0.0, 1e-06, 0.0, -1e-06, 0.540202, 0.841535, 0.37472, -1e-06, -0.841535, 0.540202, -0.0, 0.0, 0.0, 0.0, 1.0],
                [1.0, -0.0, 1e-06, 0.0, -1e-06, 0.587411, 0.809289, 0.37472, -1e-06, -0.809289, 0.587411, 0.0, 0.0, 0.0, 0.0, 1.0],
                [1.0, 0.0, 1e-06, 0.0, -1e-06, 0.643964, 0.765056, 0.37472, -1e-06, -0.765056, 0.643964, -0.0, 0.0, 0.0, 0.0, 1.0],
                [1.0, 0.0, 1e-06, 0.0, -1e-06, 0.704304, 0.709898, 0.37472, -1e-06, -0.709898, 0.704304, -0.0, 0.0, 0.0, 0.0, 1.0],
                [1.0, 0.0, 1e-06, -0.0, -1e-06, 0.7632, 0.646162, 0.37472, -1e-06, -0.646162, 0.7632, 0.0, 0.0, 0.0, 0.0, 1.0],
                [1.0, 0.0, 1e-06, 0.0, -1e-06, 0.81631, 0.577615, 0.37472, -1e-06, -0.577615, 0.816309, 0.0, 0.0, 0.0, 0.0, 1.0],
                [1.0, 0.0, 1e-06, -0.0, -1e-06, 0.860653, 0.509191, 0.37472, -1e-06, -0.509191, 0.860653, -0.0, 0.0, 0.0, 0.0, 1.0],
                [1.0, 0.0, 1e-06, -0.0, -1e-06, 0.894791, 0.446485, 0.37472, -1e-06, -0.446485, 0.894791, -0.0, 0.0, 0.0, 0.0, 1.0],
                [1.0, 1e-06, 1e-06, 0.0, -1e-06, 0.918594, 0.395203, 0.37472, -1e-06, -0.395203, 0.918594, 0.0, 0.0, 0.0, 0.0, 1.0],
                [1.0, 1e-06, 1e-06, 0.0, -1e-06, 0.932649, 0.360786, 0.37472, -1e-06, -0.360786, 0.932649, 0.0, 0.0, 0.0, 0.0, 1.0],
                [1.0, 1e-06, 1e-06, -0.0, -1e-06, 0.937396, 0.348264, 0.37472, -1e-06, -0.348264, 0.937396, 0.0, 0.0, 0.0, 0.0, 1.0]
            ]
        },
        {
            "name": "Knee_L",
            "time": [0.0, 0.0417, 0.125, 0.1667, 0.25, 0.2917, 0.375, 0.4583, 0.5, 0.5417, 0.5833, 0.625, 0.6667, 0.7083, 0.75, 0.7917, 0.8333, 0.875, 0.9167, 0.9583, 1.0, 1.0417],
            "transform": [
                [1.0, 0.0, -1e-06, -0.0, -1e-06, 1e-06, -1.0, 0.37472, -0.0, 1.0, 1e-06, -0.0, 0.0, 0.0, 0.0, 1.0],
                [1.0, 0.0, -1e-06, -0.0, -1e-06, 1e-06, -1.0, 0.37472, -0.0, 1.0, 1e-06, -0.0, 0.0, 0.0, 0.0, 1.0],
                [1.0, 0.0, -1e-06, -0.0, -1e-06, 1e-06, -1.0, 0.37472, -0.0, 1.0, 1e-06, -0.0, 0.0, 0.0, 0.0, 1.0],
                [1.0, 0.0, -1e-06, -0.0, -1e-06, 1e-06, -1.0, 0.37472, -0.0, 1.0, 1e-06, -0.0, 0.0, 0.0, 0.0, 1.0],
                [1.0, 0.0, -1e-06, -0.0, -1e-06, 1e-06, -1.0, 0.37472, -0.0, 1.0, 1e-06, -0.0, 0.0, 0.0, 0.0, 1.0],
                [1.0, 0.0, -1e-06, -0.0, -1e-06, 1e-06, -1.0, 0.37472, -0.0, 1.0, 1e-06, 0.0, 0.0, 0.0, 0.0, 1.0],
                [1.0, 0.0, -1e-06, 0.0, -1e-06, 1e-06, -1.0, 0.37472, -0.0, 1.0, 1e-06, 0.0, 0.0, 0.0, 0.0, 1.0],
                [1.0, 0.0, -1e-06, -0.0, -1e-06, 1e-06, -1.0, 0.37472, -0.0, 1.0, 1e-06, 0.0, 0.0, 0.0, 0.0, 1.0],
                [1.0, 0.0, -1e-06, -0.0, -1e-06, 1e-06, -1.0, 0.37472, -0.0, 1.0, 1e-06, 0.0, 0.0, 0.0, 0.0, 1.0],
                [1.0, 0.0, -1e-06, -0.0, -1e-06, 1e-06, -1.0, 0.37472, -0.0, 1.0, 1e-06, 0.0, 0.0, 0.0, 0.0, 1.0],
                [1.0, 0.0, -1e-06, -0.0, -1e-06, 1e-06, -1.0, 0.37472, -0.0, 1.0, 1e-06, -0.0, 0.0, 0.0, 0.0, 1.0],
                [1.0, 0.0, -1e-06, -0.0, -1e-06, 1e-06, -1.0, 0.37472, -0.0, 1.0, 1e-06, -0.0, 0.0, 0.0, 0.0, 1.0],
                [1.0, 0.0, -1e-06, -0.0, -1e-06, 1e-06, -1.0, 0.37472, -0.0, 1.0, 1e-06, -0.0, 0.0, 0.0, 0.0, 1.0],
                [1.0, 0.0, -1e-06, -0.0, -1e-06, 1e-06, -1.0, 0.37472, -0.0, 1.0, 1e-06, -0.0, 0.0, 0.0, 0.0, 1.0],
                [1.0, 0.0, -1e-06, -0.0, -1e-06, 1e-06, -1.0, 0.37472, -0.0, 1.0, 1e-06, -0.0, 0.0, 0.0, 0.0, 1.0],
                [1.0, 0.0, -1e-06, -0.0, -1e-06, 1e-06, -1.0, 0.37472, -0.0, 1.0, 1e-06, -0.0, 0.0, 0.0, 0.0, 1.0],
                [1.0, 0.0, -1e-06, -0.0, -1e-06, 1e-06, -1.0, 0.37472, -0.0, 1.0, 1e-06, -0.0, 0.0, 0.0, 0.0, 1.0],
                [1.0, 0.0, -1e-06, -0.0, -1e-06, 1e-06, -1.0, 0.37472, -0.0, 1.0, 1e-06, -0.0, 0.0, 0.0, 0.0, 1.0],
                [1.0, 0.0, -1e-06, -0.0, -1e-06, 1e-06, -1.0, 0.37472, -0.0, 1.0, 1e-06, -0.0, 0.0, 0.0, 0.0, 1.0],
                [1.0, 0.0, -1e-06, -0.0, -1e-06, 1e-06, -1.0, 0.37472, -0.0, 1.0, 1e-06, 0.0, 0.0, 0.0, 0.0, 1.0],
                [1.0, 0.0, -1e-06, -0.0, -1e-06, 1e-06, -1.0, 0.37472, -0.0, 1.0, 1e-06, 0.0, 0.0, 0.0, 0.0, 1.0],
                [1.0, 0.0, -1e-06, -0.0, -1e-06, 1e-06, -1.0, 0.37472, -0.0, 1.0, 1e-06, 0.0, 0.0, 0.0, 0.0, 1.0]
            ]
        },
        {
            "name": "Torso",
            "time": [0.0, 0.0417, 0.125, 0.1667, 0.25, 0.2917, 0.375, 0.4583, 0.5, 0.5417, 0.5833, 0.625, 0.6667, 0.7083, 0.75, 0.7917, 0.8333, 0.875, 0.9167, 0.9583, 1.0, 1.0417],
            "transform": [
                [0.651114, -0.340922, 0.678102, -0.0, -0.022017, 0.884579, 0.465871, 0.05, -0.758661, -0.318265, 0.568455, 0.0, 0.0, 0.0, 0.0, 1.0],
                [0.651114, -0.340922, 0.678102, -0.0, -0.022017, 0.884579, 0.465871, 0.05, -0.758661, -0.318265, 0.568455, 0.0, 0.0, 0.0, 0.0, 1.0],
                [0.730684, -0.297244, 0.614611, -0.0, -0.009302, 0.895827, 0.444306, 0.05, -0.682652, -0.330364, 0.651802, -0.0, 0.0, 0.0, 0.0, 1.0],
                [0.789097, -0.260758, 0.556176, 0.0, -0.000966, 0.904899, 0.425625, 0.05, -0.614268, -0.336396, 0.713801, 0.0, 0.0, 0.0, 0.0, 1.0],
                [0.893352, -0.180544, 0.411493, -0.0, 0.010504, 0.923876, 0.382548, 0.05, -0.449235, -0.337427, 0.827243, -0.0, 0.0, 0.0, 0.0, 1.0],
                [0.956286, -0.111939, 0.27016, -0.0, 0.012871, 0.939053, 0.343531, 0.05, -0.292149, -0.325036, 0.899445, -0.0, 0.0, 0.0, 0.0, 1.0],
                [0.998154, -0.021671, 0.056739, -0.0, 0.004369, 0.95738, 0.288797, 0.05, -0.060579, -0.288016, 0.955708, 0.0, 0.0, 0.0, 0.0, 1.0],
                [0.999998, -0.000784, 0.002095, 0.0, 0.000176, 0.961306, 0.275482, 0.05, -0.00223, -0.275481, 0.961304, 0.0, 0.0, 0.0, 0.0, 1.0],
                [1.0, 0.0, 0.0, 0.0, -0.0, 0.961451, 0.274977, 0.05, 0.0, -0.274977, 0.961451, -0.0, 0.0, 0.0, 0.0, 1.0],
                [1.0, 0.0, 0.0, 0.0, -0.0, 0.961451, 0.274977, 0.05, 0.0, -0.274977, 0.961451, -0.0, 0.0, 0.0, 0.0, 1.0],
                [1.0, 0.0, 0.0, 0.0, -0.0, 0.961451, 0.274977, 0.05, 0.0, -0.274977, 0.961451, -0.0, 0.0, 0.0, 0.0, 1.0],
                [1.0, 0.0, 0.0, -0.0, -0.0, 0.96253, 0.271175, 0.05, 0.0, -0.271175, 0.96253, 0.0, 0.0, 0.0, 0.0, 1.0],
                [1.0, 0.0, 0.0, 0.0, 0.0, 0.965413, 0.260725, 0.05, -0.0, -0.260725, 0.965413, 0.0, 0.0, 0.0, 0.0, 1.0],
                [1.0, 0.0, 0.0, -0.0, -0.0, 0.969511, 0.245049, 0.05, 0.0, -0.245049, 0.969511, 0.0, 0.0, 0.0, 0.0, 1.0],
                [1.0, -0.0, 0.0, 0.0, -0.0, 0.974226, 0.225572, 0.05, -0.0, -0.225572, 0.974226, 0.0, 0.0, 0.0, 0.0, 1.0],
                [1.0, -0.0, 0.0, -0.0, 0.0, 0.979024, 0.203747, 0.05, 0.0, -0.203747, 0.979024, 0.0, 0.0, 0.0, 0.0, 1.0],
                [1.0, 0.0, 0.0, -0.0, -0.0, 0.983471, 0.181065, 0.05, -0.0, -0.181065, 0.983471, 0.0, 0.0, 0.0, 0.0, 1.0],
                [1.0, -0.0, 0.0, -0.0, 0.0, 0.987271, 0.159045, 0.05, -0.0, -0.159045, 0.987271, -0.0, 0.0, 0.0, 0.0, 1.0],
                [1.0, -0.0, 0.0, -0.0, 0.0, 0.99026, 0.139229, 0.05, -0.0, -0.139229, 0.99026, 0.0, 0.0, 0.0, 0.0, 1.0],
                [1.0, 0.0, 0.0, 0.0, 0.0, 0.992386, 0.123166, 0.05, -0.0, -0.123166, 0.992386, 0.0, 0.0, 0.0, 0.0, 1.0],
                [1.0, -0.0, 0.0, -0.0, 0.0, 0.993663, 0.112402, 0.05, 0.0, -0.112402, 0.993663, -0.0, 0.0, 0.0, 0.0, 1.0],
                [1.0, 0.0, 0.0, -0.0, -0.0, 0.994099, 0.108474, 0.05, 0.0, -0.108474, 0.994099, -0.0, 0.0, 0.0, 0.0, 1.0]
            ]
        },
        {
            "name": "Chest",
            "time": [0.0, 0.0417, 0.125, 0.1667, 0.25, 0.2917, 0.375, 0.4583, 0.5, 0.5417, 0.5833, 0.625, 0.6667, 0.7083, 0.75, 0.7917, 0.8333, 0.875, 0.9167, 0.9583, 1.0, 1.0417],
            "transform": [
                [0.756527, 0.151554, 0.636159, -0.0, -0.329525, 0.928597, 0.170652, 0.3, -0.564872, -0.338733, 0.752449, 0.0, 0.0, 0.0, 0.0, 1.0],
                [0.756527, 0.151554, 0.636159, -0.0, -0.329525, 0.928597, 0.170652, 0.3, -0.564872, -0.338733, 0.752449, 0.0, 0.0, 0.0, 0.0, 1.0],
                [0.870764, 0.105446, 0.480261, -0.0, -0.264279, 0.924024, 0.276289, 0.3, -0.414639, -0.367506, 0.832474, 0.0, 0.0, 0.0, 0.0, 1.0],
                [0.941469, 0.070849, 0.329569, 0.0, -0.192984, 0.91488, 0.354615, 0.3, -0.276392, -0.397461, 0.875004, 0.0, 0.0, 0.0, 0.0, 1.0],
                [0.998895, 0.014597, -0.044669, -0.0, 0.00856, 0.878114, 0.478376, 0.3, 0.046207, -0.47823, 0.877019, 0.0, 0.0, 0.0, 0.0, 1.0],
                [0.928057, -0.004255, -0.372414, -0.0, 0.210163, 0.831505, 0.514227, 0.3, 0.307476, -0.5555, 0.772579, -0.0, 0.0, 0.0, 0.0, 1.0],
                [0.675841, 0.018333, -0.736819, -0.0, 0.470256, 0.75905, 0.450224, 0.3, 0.567537, -0.650774, 0.504376, -0.0, 0.0, 0.0, 0.0, 1.0],
                [0.596273, 0.031003, -0.802183, -0.0, 0.524022, 0.741971, 0.418188, 0.3, 0.608161, -0.669716, 0.426171, 0.0, 0.0, 0.0, 0.0, 1.0],
                [0.593159, 0.031529, -0.804468, 0.0, 0.52597, 0.741334, 0.416869, 0.3, 0.609523, -0.670395, 0.423145, 0.0, 0.0, 0.0, 0.0, 1.0],
                [0.603232, 0.030388, -0.796987, 0.0, 0.519916, 0.74279, 0.421842, 0.3, 0.604812, -0.668834, 0.432276, 0.0, 0.0, 0.0, 0.0, 1.0],
                [0.632461, 0.025047, -0.774187, 0.0, 0.500557, 0.749537, 0.433172, 0.3, 0.591131, -0.661489, 0.461515, 0.0, 0.0, 0.0, 0.0, 1.0],
                [0.678604, 0.013805, -0.734375, 0.0, 0.466162, 0.764559, 0.445132, 0.3, 0.567618, -0.644406, 0.512397, 0.0, 0.0, 0.0, 0.0, 1.0],
                [0.736433, -0.001115, -0.676509, 0.0, 0.417933, 0.787101, 0.453656, 0.3, 0.531976, -0.616823, 0.580113, 0.0, 0.0, 0.0, 0.0, 1.0],
                [0.799059, -0.016172, -0.601036, 0.0, 0.358903, 0.814837, 0.455225, 0.3, 0.482384, -0.579465, 0.656906, 0.0, 0.0, 0.0, 0.0, 1.0],
                [0.85941, -0.028069, -0.510515, -0.0, 0.293234, 0.845014, 0.447175, 0.3, 0.418841, -0.534007, 0.734445, -0.0, 0.0, 0.0, 0.0, 1.0],
                [0.911391, -0.034454, -0.410097, 0.0, 0.225946, 0.874764, 0.428645, 0.3, 0.343969, -0.483323, 0.805037, 0.0, 0.0, 0.0, 0.0, 1.0],
                [0.951086, -0.034481, -0.306996, -0.0, 0.162144, 0.901585, 0.401065, 0.3, 0.262954, -0.431225, 0.863076, -0.0, 0.0, 0.0, 0.0, 1.0],
                [0.97744, -0.028949, -0.20922, 0.0, 0.106114, 0.92378, 0.367928, 0.3, 0.182622, -0.381828, 0.906011, 0.0, 0.0, 0.0, 0.0, 1.0],
                [0.992057, -0.019968, -0.12419, 0.0, 0.060744, 0.940615, 0.333996, 0.3, 0.110146, -0.338888, 0.934357, 0.0, 0.0, 0.0, 0.0, 1.0],
                [0.998266, -0.010332, -0.057947, 0.0, 0.027522, 0.95216, 0.304359, 0.3, 0.05203, -0.305426, 0.950793, 0.0, 0.0, 0.0, 0.0, 1.0],
                [0.99988, -0.002882, -0.015191, -0.0, 0.007074, 0.958879, 0.283727, 0.3, 0.013749, -0.283801, 0.958785, -0.0, 0.0, 0.0, 0.0, 1.0],
                [1.0, -0.0, 0.0, 0.0, 0.0, 0.961129, 0.276098, 0.3, -0.0, -0.276098, 0.961129, 0.0, 0.0, 0.0, 0.0, 1.0]
            ]
        },
        {
            "name": "Head",
            "time": [0.0, 0.0417, 0.125, 0.1667, 0.25, 0.2917, 0.375, 0.4583, 0.5, 0.5417, 0.5833, 0.625, 0.6667, 0.7083, 0.75, 0.7917, 0.8333, 0.875, 0.9167, 0.9583, 1.0, 1.0417],
            "transform": [
                [1.0, 0.0, -0.0, -0.0, -0.0, 1.0, -0.0, 0.4, 0.0, 0.0, 1.0, 0.0, 0.0, 0.0, 0.0, 1.0],
                [1.0, 0.0, -0.0, -0.0, -0.0, 1.0, -0.0, 0.4, 0.0, 0.0, 1.0, 0.0, 0.0, 0.0, 0.0, 1.0],
                [0.996813, 0.019797, 0.07728, 0.0, -0.015386, 0.998241, -0.057254, 0.4, -0.078277, 0.055883, 0.995364, 0.0, 0.0, 0.0, 0.0, 1.0],
                [0.989562, 0.038971, 0.13874, -0.0, -0.024527, 0.994239, -0.10434, 0.4, -0.142007, 0.099848, 0.984817, 0.0, 0.0, 0.0, 0.0, 1.0],
                [0.959911, 0.089255, 0.265717, 0.0, -0.033779, 0.977875, -0.206443, 0.4, -0.278264, 0.189192, 0.941688, 0.0, 0.0, 0.0, 0.0, 1.0],
                [0.91946, 0.141542, 0.366824, -0.0, -0.03009, 0.955551, -0.293286, 0.4, -0.392032, 0.258627, 0.882849, 0.0, 0.0, 0.0, 0.0, 1.0],
                [0.841567, 0.22617, 0.490522, -0.0, -0.00693, 0.912564, -0.408876, 0.4, -0.540108, 0.340697, 0.769551, 0.0, 0.0, 0.0, 0.0, 1.0],
                [0.818581, 0.249013, 0.517607, -0.0, 0.002035, 0.899878, -0.436137, 0.4, -0.574387, 0.358066, 0.736117, 0.0, 0.0, 0.0, 0.0, 1.0],
                [0.817675, 0.249899, 0.518611, -0.0, 0.002403, 0.899378, -0.437165, 0.4, -0.575675, 0.358705, 0.734799, 0.0, 0.0, 0.0, 0.0, 1.0],
                [0.820483, 0.24728, 0.515422, -0.0, 0.000503, 0.901294, -0.433207, 0.4, -0.57167, 0.355698, 0.739373, 0.0, 0.0, 0.0, 0.0, 1.0],
                [0.829066, 0.238683, 0.505648, 0.0, -0.002144, 0.905665, -0.423989, 0.4, -0.559146, 0.350431, 0.751368, 0.0, 0.0, 0.0, 0.0, 1.0],
                [0.843159, 0.223369, 0.489069, 0.0, -0.001733, 0.910743, -0.412969, 0.4, -0.53766, 0.347351, 0.768289, 0.0, 0.0, 0.0, 0.0, 1.0],
                [0.861135, 0.202282, 0.466399, -0.0, 0.002155, 0.915969, -0.401244, 0.4, -0.508371, 0.34653, 0.788337, 0.0, 0.0, 0.0, 0.0, 1.0],
                [0.881056, 0.176822, 0.43872, -0.0, 0.009021, 0.921051, -0.389337, 0.4, -0.472926, 0.346985, 0.809903, 0.0, 0.0, 0.0, 0.0, 1.0],
