{
    "animation": [
        {
            "name": "Root",
            "time": [0.0, 0.0167, 0.0333, 0.05, 0.0667, 0.0833, 0.1, 0.1167, 0.1333, 0.15, 0.1667, 0.1833, 0.2, 0.2167, 0.2333, 0.25, 0.2667, 0.2833, 0.3, 0.3167, 0.3333, 0.35, 0.3667, 0.3833, 0.4, 0.4167, 0.4333, 0.45, 0.4667, 0.4833, 0.5, 0.5167, 0.5333, 1.0],
            "transform": [
                [-0.147374, 0.107054, -0.98327, -5e-06, -0.984076, -0.115747, 0.134893, -0.007368, -0.09937, 0.987493, 0.122408, 0.563231, 0.0, 0.0, 0.0, 1.0],
                [-0.046953, 0.119375, -0.991738, -5e-06, -0.993872, -0.105047, 0.03441, 0.021592, -0.100072, 0.987276, 0.123576, 0.575437, 0.0, 0.0, 0.0, 1.0],
                [0.150867, 0.140148, -0.978569, -5e-06, -0.9833, -0.080651, -0.163147, 0.08586, -0.101788, 0.98684, 0.12564, 0.599193, 0.0, 0.0, 0.0, 1.0],
                [0.269626, 0.150392, -0.951149, -5e-06, -0.957431, -0.06388, -0.281507, 0.146048, -0.103096, 0.986561, 0.126766, 0.613763, 0.0, 0.0, 0.0, 1.0],
                [0.257362, 0.149657, -0.954656, -5e-06, -0.96079, -0.065868, -0.269341, 0.172665, -0.10319, 0.986541, 0.126837, 0.613763, 0.0, 0.0, 0.0, 1.0],
                [0.228897, 0.147617, -0.962193, -5e-06, -0.96797, -0.070229, -0.241046, 0.183439, -0.103156, 0.986548, 0.126813, 0.613763, 0.0, 0.0, 0.0, 1.0],
                [0.199874, 0.145393, -0.968974, -5e-06, -0.974383, -0.07456, -0.212177, 0.191291, -0.103096, 0.986561, 0.126766, 0.613763, 0.0, 0.0, 0.0, 1.0],
                [0.178772, 0.143732, -0.973335, 0.001912, -0.978476, -0.077672, -0.191186, 0.207132, -0.10308, 0.986564, 0.126753, 0.613763, 0.0, 0.0, 0.0, 1.0],
                [0.164119, 0.142561, -0.976085, 0.005643, -0.981039, -0.079818, -0.17661, 0.225832, -0.103087, 0.986562, 0.126759, 0.613763, 0.0, 0.0, 0.0, 1.0],
                [0.158606, 0.142119, -0.97706, 0.007932, -0.981945, -0.080625, -0.171127, 0.2412, -0.103096, 0.986561, 0.126766, 0.613763, 0.0, 0.0, 0.0, 1.0],
                [0.158606, 0.142119, -0.97706, 0.007932, -0.981945, -0.080625, -0.171127, 0.247712, -0.103096, 0.986561, 0.126766, 0.607399, 0.0, 0.0, 0.0, 1.0],
                [0.158606, 0.142119, -0.97706, 0.007932, -0.981945, -0.080625, -0.171127, 0.251372, -0.103096, 0.986561, 0.126766, 0.595002, 0.0, 0.0, 0.0, 1.0],
                [0.158606, 0.142119, -0.97706, 0.007932, -0.981945, -0.080625, -0.171127, 0.254191, -0.103096, 0.986561, 0.126766, 0.580812, 0.0, 0.0, 0.0, 1.0],
                [0.158606, 0.142119, -0.97706, 0.007932, -0.981945, -0.080625, -0.171127, 0.256886, -0.103096, 0.986561, 0.126766, 0.566472, 0.0, 0.0, 0.0, 1.0],
                [0.158606, 0.142119, -0.97706, 0.007932, -0.981945, -0.080625, -0.171127, 0.25976, -0.103096, 0.986561, 0.126766, 0.552682, 0.0, 0.0, 0.0, 1.0],
                [0.158606, 0.142119, -0.97706, 0.007932, -0.981945, -0.080625, -0.171127, 0.262695, -0.103096, 0.986561, 0.126766, 0.539489, 0.0, 0.0, 0.0, 1.0],
                [0.158606, 0.142119, -0.97706, 0.007932, -0.981945, -0.080625, -0.171127, 0.265688, -0.103096, 0.986561, 0.126766, 0.527239, 0.0, 0.0, 0.0, 1.0],
                [0.158606, 0.142119, -0.97706, 0.007932, -0.981945, -0.080625, -0.171127, 0.269234, -0.103096, 0.986561, 0.126766, 0.517063, 0.0, 0.0, 0.0, 1.0],
                [0.158606, 0.142119, -0.97706, 0.007932, -0.981945, -0.080625, -0.171127, 0.281368, -0.103096, 0.986561, 0.126766, 0.512615, 0.0, 0.0, 0.0, 1.0],
                [0.191746, 0.144689, -0.970721, 0.007932, -0.976015, -0.075786, -0.204088, 0.324163, -0.103097, 0.986571, 0.126687, 0.512615, 0.0, 0.0, 0.0, 1.0],
                [0.265481, 0.149939, -0.952386, 0.007932, -0.958591, -0.064558, -0.277374, 0.396357, -0.103073, 0.986585, 0.126591, 0.512615, 0.0, 0.0, 0.0, 1.0],
                [0.352344, 0.155144, -0.922921, 0.007932, -0.930182, -0.050513, -0.363607, 0.482087, -0.103031, 0.9866, 0.126514, 0.512615, 0.0, 0.0, 0.0, 1.0],
                [0.440568, 0.159238, -0.883484, 0.007932, -0.891792, -0.03527, -0.451068, 0.5755, -0.102988, 0.98661, 0.126468, 0.512615, 0.0, 0.0, 0.0, 1.0],
                [0.52574, 0.16189, -0.835098, 0.007932, -0.844392, -0.019501, -0.535371, 0.673572, -0.102956, 0.986616, 0.126446, 0.512615, 0.0, 0.0, 0.0, 1.0],
                [0.604472, 0.163017, -0.779769, 0.007932, -0.789945, -0.00385, -0.613165, 0.775848, -0.102958, 0.986616, 0.126448, 0.512615, 0.0, 0.0, 0.0, 1.0],
                [0.672736, 0.162809, -0.721748, 0.007932, -0.732678, 0.010787, -0.68049, 0.885512, -0.103005, 0.986599, 0.126544, 0.512615, 0.0, 0.0, 0.0, 1.0],
                [0.720288, 0.16194, -0.674508, 0.007932, -0.685971, 0.021769, -0.727303, 0.787557, -0.103096, 0.986561, 0.126766, 0.512615, 0.0, 0.0, 0.0, 1.0],
                [0.747688, 0.160986, -0.644241, 0.007932, -0.655994, 0.028393, -0.754232, 0.779566, -0.103129, 0.986548, 0.126835, 0.512615, 0.0, 0.0, 0.0, 1.0],
                [0.76468, 0.160179, -0.624185, 0.007932, -0.636104, 0.032614, -0.770913, 0.741501, -0.103127, 0.986549, 0.12683, 0.512615, 0.0, 0.0, 0.0, 1.0],
                [0.774896, 0.159592, -0.61161, 0.007932, -0.623622, 0.035188, -0.780933, 0.830168, -0.103109, 0.986556, 0.126792, 0.512615, 0.0, 0.0, 0.0, 1.0],
                [0.77823, 0.159374, -0.607419, 0.007932, -0.619459, 0.036031, -0.784202, 0.789023, -0.103096, 0.986561, 0.126766, 0.512615, 0.0, 0.0, 0.0, 1.0],
                [0.77823, 0.159374, -0.607419, 0.007932, -0.619459, 0.036031, -0.784202, 0.853398, -0.103096, 0.986561, 0.126766, 0.512615, 0.0, 0.0, 0.0, 1.0],
                [0.77823, 0.159374, -0.607419, 0.007932, -0.619459, 0.036031, -0.784202, 0.840018, -0.103096, 0.986561, 0.126766, 0.512615, 0.0, 0.0, 0.0, 1.0],
                [0.857691, 0.191116, 0.477326, -0.050072, 0.491812, -0.034193, -0.87003, 0.506024, -0.149956, 0.980972, -0.12332, 0.577786, 0.0, 0.0, 0.0, 1.0]
            ]
        },
        {
            "name": "Thigh_R",
            "time": [0.0, 0.0167, 0.0333, 0.05, 0.0667, 0.0833, 0.1, 0.1167, 0.1333, 0.15, 0.1667, 0.1833, 0.2, 0.2167, 0.2333, 0.25, 0.2667, 0.2833, 0.3, 0.3167, 0.3333, 0.35, 0.3667, 0.3833, 0.4, 0.4167, 0.4333, 0.45, 0.4667, 0.4833, 0.5, 0.5167, 0.5333, 1.0],
            "transform": [
                [0.597806, 0.588448, -0.544385, 0.153967, 0.772681, -0.603849, 0.195777, -0.002832, -0.213523, -0.537671, -0.815669, -0.029428, 0.0, 0.0, 0.0, 1.0],
                [0.631361, 0.555121, -0.5415, 0.153967, 0.741901, -0.635652, 0.213373, -0.002832, -0.225759, -0.536453, -0.813172, -0.029428, 0.0, 0.0, 0.0, 1.0],
                [0.69416, 0.485508, -0.531434, 0.153967, 0.67546, -0.694517, 0.247786, -0.002832, -0.248789, -0.530964, -0.810049, -0.029428, 0.0, 0.0, 0.0, 1.0],
                [0.735539, 0.441636, -0.51375, 0.153967, 0.627592, -0.729788, 0.271174, -0.002832, -0.255169, -0.521884, -0.813956, -0.029428, 0.0, 0.0, 0.0, 1.0],
                [0.754777, 0.459737, -0.467923, 0.153967, 0.620211, -0.732463, 0.280771, -0.002832, -0.213656, -0.502129, -0.837983, -0.029428, 0.0, 0.0, 0.0, 1.0],
                [0.778071, 0.497887, -0.383031, 0.153967, 0.613598, -0.73298, 0.293657, -0.002832, -0.134546, -0.463512, -0.875816, -0.029428, 0.0, 0.0, 0.0, 1.0],
                [0.795261, 0.541146, -0.273348, 0.153967, 0.605343, -0.733634, 0.308768, -0.002832, -0.033449, -0.411019, -0.911012, -0.029428, 0.0, 0.0, 0.0, 1.0],
                [0.802568, 0.584691, -0.118401, 0.153967, 0.587257, -0.739418, 0.329222, -0.002832, 0.104945, -0.333754, -0.9368, -0.029428, 0.0, 0.0, 0.0, 1.0],
                [0.788324, 0.614125, 0.037337, 0.153967, 0.566332, -0.748009, 0.346044, -0.002832, 0.240443, -0.251649, -0.937475, -0.029428, 0.0, 0.0, 0.0, 1.0],
                [0.771001, 0.626916, 0.111942, 0.153967, 0.559405, -0.750717, 0.351407, -0.002832, 0.30434, -0.208313, -0.929506, -0.029428, 0.0, 0.0, 0.0, 1.0],
                [0.762531, 0.637431, 0.110567, 0.153967, 0.570845, -0.74335, 0.34866, -0.002832, 0.304437, -0.202747, -0.930705, -0.029428, 0.0, 0.0, 0.0, 1.0],
                [0.75239, 0.649787, 0.10809, 0.153967, 0.583591, -0.733645, 0.348113, -0.002832, 0.3055, -0.198835, -0.9312, -0.029428, 0.0, 0.0, 0.0, 1.0],
                [0.741833, 0.662272, 0.105248, 0.153967, 0.596312, -0.723287, 0.348232, -0.002832, 0.306749, -0.195569, -0.931481, -0.029428, 0.0, 0.0, 0.0, 1.0],
                [0.731414, 0.674222, 0.102252, 0.153967, 0.608496, -0.712956, 0.348459, -0.002832, 0.307841, -0.192647, -0.93173, -0.029428, 0.0, 0.0, 0.0, 1.0],
                [0.721444, 0.685348, 0.099072, 0.153967, 0.619947, -0.70298, 0.348543, -0.002832, 0.308519, -0.190035, -0.932042, -0.029428, 0.0, 0.0, 0.0, 1.0],
                [0.711857, 0.695748, 0.095877, 0.153967, 0.630717, -0.693344, 0.348522, -0.002832, 0.30896, -0.187626, -0.932384, -0.029428, 0.0, 0.0, 0.0, 1.0],
                [0.70287, 0.705235, 0.092809, 0.153967, 0.640595, -0.684292, 0.348395, -0.002832, 0.309209, -0.185423, -0.932742, -0.029428, 0.0, 0.0, 0.0, 1.0],
                [0.695354, 0.713007, 0.090001, 0.153967, 0.648831, -0.676691, 0.348001, -0.002832, 0.30903, -0.183588, -0.933164, -0.029428, 0.0, 0.0, 0.0, 1.0],
                [0.692504, 0.716233, 0.086291, 0.153967, 0.653627, -0.673548, 0.345113, -0.002832, 0.305303, -0.18259, -0.934586, -0.029428, 0.0, 0.0, 0.0, 1.0],
                [0.695286, 0.712852, 0.091742, 0.153967, 0.666929, -0.687475, 0.287369, -0.002832, 0.267922, -0.138618, -0.953416, -0.029428, 0.0, 0.0, 0.0, 1.0],
                [0.702032, 0.703416, 0.111145, 0.153967, 0.682608, -0.709149, 0.176495, -0.002832, 0.202968, -0.048036, -0.978006, -0.029428, 0.0, 0.0, 0.0, 1.0],
                [0.712279, 0.689028, 0.133774, 0.153967, 0.690102, -0.722264, 0.04573, -0.002832, 0.128129, 0.059745, -0.989956, -0.029428, 0.0, 0.0, 0.0, 1.0],
                [0.725119, 0.671002, 0.154778, 0.153967, 0.686588, -0.721743, -0.087637, -0.002832, 0.052905, 0.169816, -0.984054, -0.029428, 0.0, 0.0, 0.0, 1.0],
                [0.739714, 0.650435, 0.172495, 0.153967, 0.672658, -0.707546, -0.21658, -0.002832, -0.018823, 0.276236, -0.960905, -0.029428, 0.0, 0.0, 0.0, 1.0],
                [0.755178, 0.628623, 0.185838, 0.153967, 0.650272, -0.682598, -0.333472, -0.002832, -0.082776, 0.372675, -0.924262, -0.029428, 0.0, 0.0, 0.0, 1.0],
                [0.770391, 0.6074, 0.193807, 0.153967, 0.623714, -0.654949, -0.426639, -0.002832, -0.132207, 0.449559, -0.883412, -0.029428, 0.0, 0.0, 0.0, 1.0],
                [0.783663, 0.590033, 0.194248, 0.153967, 0.602724, -0.646566, -0.467626, -0.002832, -0.150321, 0.483539, -0.862318, -0.029428, 0.0, 0.0, 0.0, 1.0],
                [0.799314, 0.573125, 0.180616, 0.153967, 0.58601, -0.67692, -0.445387, -0.002832, -0.133001, 0.461846, -0.876931, -0.029428, 0.0, 0.0, 0.0, 1.0],
                [0.816926, 0.555094, 0.156528, 0.153967, 0.567865, -0.726727, -0.386517, -0.002832, -0.100801, 0.404642, -0.908902, -0.029428, 0.0, 0.0, 0.0, 1.0],
                [0.833085, 0.537091, 0.132289, 0.153967, 0.549005, -0.773649, -0.316319, -0.002832, -0.067547, 0.336148, -0.939383, -0.029428, 0.0, 0.0, 0.0, 1.0],
                [0.840618, 0.528012, 0.120677, 0.153967, 0.53919, -0.794681, -0.278842, -0.002832, -0.051333, 0.299467, -0.952724, -0.029428, 0.0, 0.0, 0.0, 1.0],
                [0.839945, 0.528579, 0.122856, 0.153967, 0.539927, -0.791265, -0.287009, -0.002832, -0.054495, 0.307405, -0.950016, -0.029428, 0.0, 0.0, 0.0, 1.0],
                [0.836221, 0.533746, 0.125893, 0.153967, 0.545257, -0.784713, -0.294817, -0.002832, -0.058568, 0.315176, -0.947224, -0.029428, 0.0, 0.0, 0.0, 1.0],
                [0.861546, 0.502594, 0.071676, 0.153967, 0.325952, -0.655847, 0.680895, -0.002832, 0.389222, -0.563258, -0.728866, -0.029428, 0.0, 0.0, 0.0, 1.0]
            ]
        },
        {
            "name": "Leg_R",
            "time": [0.0, 0.0167, 0.0333, 0.05, 0.0667, 0.0833, 0.1, 0.1167, 0.1333, 0.15, 0.1667, 0.1833, 0.2, 0.2167, 0.2333, 0.25, 0.2667, 0.2833, 0.3, 0.3167, 0.3333, 0.35, 0.3667, 0.3833, 0.4, 0.4167, 0.4333, 0.45, 0.4667, 0.4833, 0.5, 0.5167, 0.5333, 1.0],
            "transform": [
                [1.0, -0.0, -6e-05, 0.0, 2.6e-05, 0.90366, 0.428252, 0.374726, 5.4e-05, -0.428253, 0.903658, 0.0, 0.0, 0.0, 0.0, 1.0],
                [1.0, -0.0, -6e-05, -0.0, 2.6e-05, 0.90366, 0.428253, 0.374726, 5.4e-05, -0.428253, 0.903658, -0.0, 0.0, 0.0, 0.0, 1.0],
                [1.0, -0.0, -6e-05, 0.0, 2.6e-05, 0.90366, 0.428253, 0.374726, 5.4e-05, -0.428253, 0.903658, 0.0, 0.0, 0.0, 0.0, 1.0],
                [1.0, -0.0, -6e-05, -0.0, 2.6e-05, 0.90366, 0.428253, 0.374726, 5.4e-05, -0.428253, 0.903658, -0.0, 0.0, 0.0, 0.0, 1.0],
                [0.999535, 0.004825, 0.030112, 0.0, -0.015994, 0.923645, 0.382916, 0.374726, -0.025966, -0.38322, 0.923291, -0.0, 0.0, 0.0, 0.0, 1.0],
                [0.995951, 0.018463, 0.087981, 0.0, -0.043395, 0.955845, 0.290651, 0.374726, -0.07873, -0.293292, 0.952775, -0.0, 0.0, 0.0, 0.0, 1.0],
                [0.992026, 0.029514, 0.122529, 0.0, -0.057549, 0.971002, 0.232044, 0.374726, -0.112128, -0.237246, 0.964956, -0.0, 0.0, 0.0, 0.0, 1.0],
                [0.992026, 0.029514, 0.122529, -0.0, -0.057549, 0.971002, 0.232044, 0.374726, -0.112128, -0.237246, 0.964956, 0.0, 0.0, 0.0, 0.0, 1.0],
                [0.992026, 0.029514, 0.122529, -0.0, -0.057549, 0.971002, 0.232044, 0.374726, -0.112128, -0.237246, 0.964956, -0.0, 0.0, 0.0, 0.0, 1.0],
                [0.992026, 0.029514, 0.122529, -0.0, -0.057549, 0.971002, 0.232044, 0.374726, -0.112128, -0.237246, 0.964956, 0.0, 0.0, 0.0, 0.0, 1.0],
                [0.992026, 0.029514, 0.122529, 0.0, -0.057549, 0.971002, 0.232044, 0.374726, -0.112128, -0.237246, 0.964956, 0.0, 0.0, 0.0, 0.0, 1.0],
                [0.992026, 0.029514, 0.122529, 0.0, -0.057549, 0.971002, 0.232044, 0.374726, -0.112128, -0.237246, 0.964956, 0.0, 0.0, 0.0, 0.0, 1.0],
                [0.992026, 0.029514, 0.122529, 0.0, -0.057549, 0.971002, 0.232044, 0.374726, -0.112128, -0.237246, 0.964956, 0.0, 0.0, 0.0, 0.0, 1.0],
                [0.992026, 0.029514, 0.122529, -0.0, -0.057549, 0.971002, 0.232044, 0.374726, -0.112128, -0.237246, 0.964956, 0.0, 0.0, 0.0, 0.0, 1.0],
                [0.992026, 0.029514, 0.122529, -0.0, -0.057549, 0.971002, 0.232044, 0.374726, -0.112128, -0.237246, 0.964956, 0.0, 0.0, 0.0, 0.0, 1.0],
                [0.992026, 0.029514, 0.122529, -0.0, -0.057549, 0.971002, 0.232044, 0.374726, -0.112128, -0.237246, 0.964956, -0.0, 0.0, 0.0, 0.0, 1.0],
                [0.992026, 0.029514, 0.122529, -0.0, -0.057549, 0.971002, 0.232044, 0.374726, -0.112128, -0.237246, 0.964956, 0.0, 0.0, 0.0, 0.0, 1.0],
                [0.992026, 0.029514, 0.122529, 0.0, -0.057549, 0.971002, 0.232044, 0.374726, -0.112128, -0.237246, 0.964956, 0.0, 0.0, 0.0, 0.0, 1.0],
                [0.992026, 0.029514, 0.122529, 0.0, -0.057549, 0.971002, 0.232044, 0.374726, -0.112128, -0.237246, 0.964956, 0.0, 0.0, 0.0, 0.0, 1.0],
                [0.992012, 0.029558, 0.122633, -0.0, -0.057623, 0.970984, 0.232099, 0.374726, -0.112214, -0.237312, 0.96493, 0.0, 0.0, 0.0, 0.0, 1.0],
                [0.991981, 0.029694, 0.122848, 0.0, -0.057827, 0.970934, 0.232258, 0.374726, -0.112381, -0.2375, 0.964864, -0.0, 0.0, 0.0, 0.0, 1.0],
                [0.991937, 0.030023, 0.123121, -0.0, -0.058257, 0.970822, 0.232621, 0.374726, -0.112545, -0.237919, 0.964742, -0.0, 0.0, 0.0, 0.0, 1.0],
                [0.991875, 0.030732, 0.123453, -0.0, -0.05912, 0.970587, 0.23338, 0.374726, -0.11265, -0.238783, 0.964516, 0.0, 0.0, 0.0, 0.0, 1.0],
                [0.991779, 0.032079, 0.123875, 0.0, -0.060706, 0.970146, 0.234803, 0.374726, -0.112644, -0.240393, 0.964117, 0.0, 0.0, 0.0, 0.0, 1.0],
                [0.991666, 0.033754, 0.124334, -0.0, -0.062663, 0.969594, 0.236565, 0.374726, -0.112569, -0.242385, 0.963627, 0.0, 0.0, 0.0, 0.0, 1.0],
                [0.99153, 0.035873, 0.12483, -0.0, -0.065116, 0.968887, 0.238786, 0.374726, -0.11238, -0.244892, 0.963015, -0.0, 0.0, 0.0, 0.0, 1.0],
                [0.991079, 0.043262, 0.126057, 0.0, -0.073532, 0.966358, 0.24647, 0.374726, -0.111154, -0.25354, 0.960917, 0.0, 0.0, 0.0, 0.0, 1.0],
                [0.986299, 0.113548, 0.119673, 0.0, -0.148493, 0.927084, 0.344189, 0.374726, -0.071865, -0.357244, 0.931242, 0.0, 0.0, 0.0, 0.0, 1.0],
                [0.961052, 0.24885, 0.120226, -0.0, -0.274013, 0.801282, 0.53185, 0.374726, 0.036016, -0.54408, 0.83826, -0.0, 0.0, 0.0, 0.0, 1.0],
                [0.910164, 0.385566, 0.151463, -0.0, -0.37264, 0.602342, 0.70592, 0.374726, 0.180946, -0.698945, 0.691906, -0.0, 0.0, 0.0, 0.0, 1.0],
                [0.876906, 0.44625, 0.1786, -0.0, -0.404365, 0.484013, 0.776028, 0.374726, 0.259858, -0.752724, 0.604881, -0.0, 0.0, 0.0, 0.0, 1.0],
                [0.876906, 0.44625, 0.1786, -0.0, -0.404365, 0.484013, 0.776028, 0.374726, 0.259858, -0.752724, 0.604881, 0.0, 0.0, 0.0, 0.0, 1.0],
                [0.876906, 0.44625, 0.1786, -0.0, -0.404365, 0.484013, 0.776028, 0.374726, 0.259858, -0.752724, 0.604881, -0.0, 0.0, 0.0, 0.0, 1.0],
                [0.865174, 0.501293, -0.013445, -0.0, -0.262321, 0.475262, 0.839829, 0.374726, 0.42739, -0.723072, 0.542683, 0.0, 0.0, 0.0, 0.0, 1.0]
            ]
        },
        {
            "name": "Knee_R",
            "time": [0.0, 0.0167, 0.0333, 0.05, 0.0667, 0.0833, 0.1, 0.1167, 0.1333, 0.15, 0.1667, 0.1833, 0.2, 0.2167, 0.2333, 0.25, 0.2667, 0.2833, 0.3, 0.3167, 0.3333, 0.35, 0.3667, 0.3833, 0.4, 0.4167, 0.4333, 0.45, 0.4667, 0.4833, 0.5, 0.5167, 0.5333, 1.0],
            "transform": [
                [1.0, -0.0, 0.0, 0.0, 0.0, 1e-06, -1.0, 0.448353, 0.0, 1.0, 1e-06, 0.0, 0.0, 0.0, 0.0, 1.0],
                [1.0, 0.0, -0.0, -0.0, -0.0, 1e-06, -1.0, 0.43803, -0.0, 1.0, 1e-06, -0.0, 0.0, 0.0, 0.0, 1.0],
                [1.0, -0.0, -0.0, 0.0, -0.0, 1e-06, -1.0, 0.41794, 0.0, 1.0, 1e-06, -0.0, 0.0, 0.0, 0.0, 1.0],
                [1.0, -0.0, 0.0, -0.0, 0.0, 1e-06, -1.0, 0.405618, -0.0, 1.0, 1e-06, -0.0, 0.0, 0.0, 0.0, 1.0],
                [1.0, 0.0, -0.0, 0.0, 0.0, 1e-06, -1.0, 0.405618, -0.0, 1.0, 1e-06, -0.0, 0.0, 0.0, 0.0, 1.0],
                [1.0, -0.0, -0.0, 0.0, -0.0, 1e-06, -1.0, 0.405618, 0.0, 1.0, 1e-06, -0.0, 0.0, 0.0, 0.0, 1.0],
                [1.0, -0.0, 0.0, 0.0, 0.0, 1e-06, -1.0, 0.405618, -0.0, 1.0, 1e-06, -0.0, 0.0, 0.0, 0.0, 1.0],
                [1.0, -0.0, 0.0, -0.0, 0.0, 1e-06, -1.0, 0.405618, -0.0, 1.0, 1e-06, 0.0, 0.0, 0.0, 0.0, 1.0],
                [1.0, 0.0, 0.0, -0.0, 0.0, 1e-06, -1.0, 0.405618, -0.0, 1.0, 1e-06, -0.0, 0.0, 0.0, 0.0, 1.0],
                [1.0, -0.0, 0.0, 0.0, 0.0, 1e-06, -1.0, 0.405618, -0.0, 1.0, 1e-06, 0.0, 0.0, 0.0, 0.0, 1.0],
                [1.0, 0.0, -0.0, -0.0, 0.0, 1e-06, -1.0, 0.405618, -0.0, 1.0, 1e-06, -0.0, 0.0, 0.0, 0.0, 1.0],
                [1.0, -0.0, -0.0, 0.0, 0.0, 1e-06, -1.0, 0.405618, -0.0, 1.0, 1e-06, 0.0, 0.0, 0.0, 0.0, 1.0],
                [1.0, -0.0, 0.0, 0.0, 0.0, 1e-06, -1.0, 0.405618, 0.0, 1.0, 1e-06, -0.0, 0.0, 0.0, 0.0, 1.0],
                [1.0, 0.0, 0.0, 0.0, 0.0, 1e-06, -1.0, 0.405618, -0.0, 1.0, 1e-06, 0.0, 0.0, 0.0, 0.0, 1.0],
                [1.0, -0.0, 0.0, -0.0, 0.0, 1e-06, -1.0, 0.405618, 0.0, 1.0, 1e-06, 0.0, 0.0, 0.0, 0.0, 1.0],
                [1.0, 0.0, 0.0, -0.0, -0.0, 1e-06, -1.0, 0.405618, 0.0, 1.0, 1e-06, -0.0, 0.0, 0.0, 0.0, 1.0],
                [1.0, 0.0, 0.0, 0.0, 0.0, 1e-06, -1.0, 0.405618, -0.0, 1.0, 1e-06, 0.0, 0.0, 0.0, 0.0, 1.0],
                [1.0, 0.0, 0.0, 0.0, 0.0, 1e-06, -1.0, 0.405618, -0.0, 1.0, 1e-06, -0.0, 0.0, 0.0, 0.0, 1.0],
                [1.0, -0.0, -0.0, -0.0, -0.0, 1e-06, -1.0, 0.405618, 0.0, 1.0, 1e-06, -0.0, 0.0, 0.0, 0.0, 1.0],
                [1.0, 0.0, 0.0, -0.0, 0.0, 1e-06, -1.0, 0.405618, 0.0, 1.0, 1e-06, -0.0, 0.0, 0.0, 0.0, 1.0],
                [1.0, 0.0, -0.0, -0.0, 0.0, 1e-06, -1.0, 0.405618, 0.0, 1.0, 1e-06, -0.0, 0.0, 0.0, 0.0, 1.0],
                [1.0, 0.0, -0.0, -0.0, -0.0, 1e-06, -1.0, 0.405618, 0.0, 1.0, 1e-06, 0.0, 0.0, 0.0, 0.0, 1.0],
                [1.0, 0.0, -0.0, -0.0, -0.0, 1e-06, -1.0, 0.405618, 0.0, 1.0, 1e-06, 0.0, 0.0, 0.0, 0.0, 1.0],
                [1.0, 0.0, -0.0, 0.0, 0.0, 1e-06, -1.0, 0.405618, -0.0, 1.0, 1e-06, 0.0, 0.0, 0.0, 0.0, 1.0],
                [1.0, -0.0, 0.0, -0.0, 0.0, 1e-06, -1.0, 0.405618, 0.0, 1.0, 1e-06, 0.0, 0.0, 0.0, 0.0, 1.0],
                [1.0, -0.0, 0.0, 0.0, 0.0, 1e-06, -1.0, 0.405618, 0.0, 1.0, 1e-06, 0.0, 0.0, 0.0, 0.0, 1.0],
                [1.0, -0.0, 0.0, 0.0, -0.0, 1e-06, -1.0, 0.405617, 0.0, 1.0, 1e-06, 0.0, 0.0, 0.0, 0.0, 1.0],
                [1.0, -0.0, -0.0, -0.0, 0.0, 1e-06, -1.0, 0.405618, 0.0, 1.0, 1e-06, 0.0, 0.0, 0.0, 0.0, 1.0],
                [1.0, -0.0, 0.0, -0.0, 0.0, 1e-06, -1.0, 0.405618, -0.0, 1.0, 1e-06, -0.0, 0.0, 0.0, 0.0, 1.0],
                [1.0, -0.0, 0.0, -0.0, 0.0, 1e-06, -1.0, 0.405618, 0.0, 1.0, 1e-06, -0.0, 0.0, 0.0, 0.0, 1.0],
                [1.0, -0.0, 0.0, -0.0, 0.0, 1e-06, -1.0, 0.405618, -0.0, 1.0, 1e-06, -0.0, 0.0, 0.0, 0.0, 1.0],
                [1.0, 0.0, -0.0, -0.0, -0.0, 1e-06, -1.0, 0.405618, 0.0, 1.0, 1e-06, -0.0, 0.0, 0.0, 0.0, 1.0],
                [1.0, 0.0, -0.0, -0.0, -0.0, 1e-06, -1.0, 0.405618, 0.0, 1.0, 1e-06, -0.0, 0.0, 0.0, 0.0, 1.0],
                [1.0, 0.0, 0.0, 0.0, 0.0, 1e-06, -1.0, 0.405617, 0.0, 1.0, 1e-06, 0.0, 0.0, 0.0, 0.0, 1.0]
            ]
        },
        {
            "name": "Thigh_L",
            "time": [0.0, 0.0167, 0.0333, 0.05, 0.0667, 0.0833, 0.1, 0.1167, 0.1333, 0.15, 0.1667, 0.1833, 0.2, 0.2167, 0.2333, 0.25, 0.2667, 0.2833, 0.3, 0.3167, 0.3333, 0.35, 0.3667, 0.3833, 0.4, 0.4167, 0.4333, 0.45, 0.4667, 0.4833, 0.5, 0.5167, 0.5333, 1.0],
            "transform": [
                [0.329679, -0.751201, -0.571847, -0.156611, -0.221855, -0.650391, 0.726479, -0.002831, -0.917656, -0.112638, -0.381078, 0.032079, 0.0, 0.0, 0.0, 1.0],
                [0.379547, -0.586457, -0.715549, -0.156611, -0.138425, -0.800713, 0.582834, -0.002831, -0.914758, -0.122163, -0.38509, 0.032079, 0.0, 0.0, 0.0, 1.0],
                [0.417568, -0.177227, -0.891194, -0.156611, 0.051391, -0.974616, 0.217896, -0.002831, -0.907191, -0.136786, -0.397861, 0.032079, 0.0, 0.0, 0.0, 1.0],
                [0.397536, 0.089827, -0.913179, -0.156611, 0.16612, -0.985796, -0.024653, -0.002831, -0.902423, -0.141896, -0.406813, 0.032079, 0.0, 0.0, 0.0, 1.0],
                [0.398619, 0.011747, -0.917041, -0.156611, 0.156018, -0.98621, 0.055184, -0.00283, -0.903748, -0.165072, -0.394956, 0.032079, 0.0, 0.0, 0.0, 1.0],
                [0.399755, -0.17174, -0.900389, -0.156611, 0.130722, -0.961567, 0.241448, -0.002831, -0.907252, -0.214221, -0.361942, 0.032079, 0.0, 0.0, 0.0, 1.0],
                [0.393381, -0.356217, -0.847561, -0.156611, 0.102879, -0.899041, 0.425604, -0.002831, -0.913601, -0.25462, -0.317019, 0.032079, 0.0, 0.0, 0.0, 1.0],
                [0.383893, -0.481674, -0.787792, -0.156611, 0.079562, -0.832734, 0.547925, -0.002831, -0.919943, -0.273022, -0.281358, 0.032079, 0.0, 0.0, 0.0, 1.0],
                [0.377073, -0.572568, -0.727998, -0.156611, 0.05747, -0.770039, 0.635401, -0.00283, -0.924398, -0.28143, -0.257456, 0.032079, 0.0, 0.0, 0.0, 1.0],
                [0.37182, -0.63197, -0.679972, -0.156611, 0.040384, -0.720781, 0.691984, -0.002831, -0.927425, -0.284753, -0.24248, 0.032079, 0.0, 0.0, 0.0, 1.0],
                [0.364846, -0.665328, -0.651324, -0.156611, 0.027344, -0.691586, 0.721775, -0.002831, -0.930666, -0.281146, -0.23413, 0.032079, 0.0, 0.0, 0.0, 1.0],
                [0.357844, -0.689035, -0.63022, -0.156611, 0.016673, -0.670089, 0.742093, -0.002831, -0.933632, -0.276061, -0.228299, 0.032079, 0.0, 0.0, 0.0, 1.0],
                [0.351382, -0.708603, -0.611891, -0.156611, 0.00773, -0.651349, 0.758738, -0.002831, -0.9362, -0.271336, -0.223396, 0.032079, 0.0, 0.0, 0.0, 1.0],
                [0.345731, -0.726006, -0.594461, -0.156611, 0.00029, -0.633445, 0.773787, -0.002831, -0.938333, -0.267694, -0.218792, 0.032079, 0.0, 0.0, 0.0, 1.0],
                [0.341097, -0.741972, -0.577173, -0.156611, -0.00569, -0.615613, 0.788027, -0.002831, -0.94001, -0.265509, -0.214206, 0.032079, 0.0, 0.0, 0.0, 1.0],
                [0.337285, -0.756872, -0.559805, -0.156611, -0.010531, -0.597646, 0.801691, -0.002831, -0.941343, -0.264503, -0.209548, 0.032079, 0.0, 0.0, 0.0, 1.0],
                [0.334606, -0.770742, -0.542212, -0.156611, -0.014028, -0.579387, 0.814931, -0.002831, -0.942253, -0.265075, -0.204679, 0.032079, 0.0, 0.0, 0.0, 1.0],
                [0.33452, -0.783202, -0.524107, -0.156611, -0.014983, -0.560497, 0.82802, -0.002831, -0.942269, -0.269137, -0.199232, 0.032079, 0.0, 0.0, 0.0, 1.0],
                [0.343027, -0.792933, -0.503575, -0.156611, -0.008995, -0.53885, 0.842353, -0.002831, -0.939282, -0.28442, -0.191973, 0.032079, 0.0, 0.0, 0.0, 1.0],
                [0.374152, -0.792445, -0.481705, -0.156611, 0.019641, -0.512544, 0.858436, -0.002831, -0.927159, -0.330646, -0.176206, 0.032079, 0.0, 0.0, 0.0, 1.0],
                [0.416524, -0.780117, -0.466822, -0.156611, 0.062781, -0.487577, 0.870819, -0.002831, -0.906954, -0.392024, -0.154112, 0.032079, 0.0, 0.0, 0.0, 1.0],
                [0.460873, -0.761306, -0.456077, -0.156611, 0.108974, -0.461473, 0.880435, -0.002831, -0.880749, -0.455469, -0.129719, 0.032079, 0.0, 0.0, 0.0, 1.0],
                [0.503221, -0.738823, -0.448228, -0.156611, 0.153455, -0.434044, 0.887726, -0.002831, -0.850423, -0.515505, -0.105044, 0.032079, 0.0, 0.0, 0.0, 1.0],
                [0.542705, -0.713874, -0.442553, -0.156611, 0.195121, -0.405327, 0.893105, -0.002831, -0.816944, -0.571043, -0.080682, 0.032079, 0.0, 0.0, 0.0, 1.0],
                [0.57801, -0.688082, -0.438687, -0.156611, 0.232472, -0.376463, 0.89679, -0.002831, -0.782215, -0.620335, -0.05764, 0.032079, 0.0, 0.0, 0.0, 1.0],
                [0.606121, -0.664937, -0.436434, -0.156611, 0.262262, -0.350945, 0.898919, -0.002831, -0.750889, -0.659314, -0.038328, 0.032079, 0.0, 0.0, 0.0, 1.0],
                [0.618029, -0.654354, -0.435729, -0.156611, 0.274903, -0.339382, 0.899582, -0.002831, -0.736525, -0.67575, -0.029864, 0.032079, 0.0, 0.0, 0.0, 1.0],
                [0.565711, -0.678218, -0.46903, -0.156611, 0.224678, -0.420499, 0.879034, -0.002831, -0.793404, -0.602659, -0.085501, 0.032079, 0.0, 0.0, 0.0, 1.0],
                [0.437594, -0.706551, -0.556144, -0.156611, 0.07819, -0.586262, 0.806339, -0.002831, -0.895766, -0.396333, -0.2013, 0.032079, 0.0, 0.0, 0.0, 1.0],
                [0.295849, -0.688289, -0.662367, -0.156611, -0.120984, -0.714822, 0.68876, -0.002831, -0.947542, -0.123633, -0.294752, 0.032079, 0.0, 0.0, 0.0, 1.0],
                [0.228305, -0.658691, -0.716939, -0.156611, -0.235568, -0.751879, 0.615779, -0.002831, -0.94466, 0.028302, -0.326825, 0.032079, 0.0, 0.0, 0.0, 1.0],
                [0.226279, -0.658517, -0.717741, -0.156611, -0.244065, -0.751677, 0.612709, -0.00283, -0.942989, 0.036533, -0.33081, 0.032079, 0.0, 0.0, 0.0, 1.0],
                [0.228903, -0.658849, -0.716603, -0.156611, -0.246495, -0.751386, 0.612093, -0.002831, -0.941723, 0.03653, -0.334398, 0.032079, 0.0, 0.0, 0.0, 1.0],
                [0.815067, -0.488406, -0.311648, -0.156611, -0.391407, -0.860787, 0.325337, -0.002831, -0.427159, -0.14319, -0.892766, 0.032078, 0.0, 0.0, 0.0, 1.0]
            ]
        },
        {
            "name": "Leg_L",
            "time": [0.0, 0.0167, 0.0333, 0.05, 0.0667, 0.0833, 0.1, 0.1167, 0.1333, 0.15, 0.1667, 0.1833, 0.2, 0.2167, 0.2333, 0.25, 0.2667, 0.2833, 0.3, 0.3167, 0.3333, 0.35, 0.3667, 0.3833, 0.4, 0.4167, 0.4333, 0.45, 0.4667, 0.4833, 0.5, 0.5167, 0.5333, 1.0],
            "transform": [
                [1.0, -1e-06, 6.4e-05, 0.0, -5.2e-05, 0.588173, 0.808735, 0.374726, -3.9e-05, -0.808734, 0.588174, 0.0, 0.0, 0.0, 0.0, 1.0],
                [0.999613, -0.027596, 0.003509, 0.0, 0.012835, 0.56942, 0.821947, 0.374726, -0.02468, -0.821583, 0.569554, 0.0, 0.0, 0.0, 0.0, 1.0],
                [0.996304, -0.084979, 0.012502, -0.0, 0.032113, 0.503523, 0.863385, 0.374726, -0.079665, -0.859792, 0.504391, 0.0, 0.0, 0.0, 0.0, 1.0],
                [0.991163, -0.130424, 0.024182, 0.0, 0.028781, 0.389412, 0.920614, 0.374726, -0.129487, -0.911782, 0.389725, 0.0, 0.0, 0.0, 0.0, 1.0],
                [0.989743, -0.134389, 0.048463, -0.0, -0.023321, 0.182699, 0.982893, 0.374726, -0.140944, -0.973941, 0.177691, 0.0, 0.0, 0.0, 0.0, 1.0],
                [0.989082, -0.122782, 0.081494, 0.0, -0.087654, -0.045624, 0.995106, 0.374726, -0.118463, -0.991384, -0.055888, 0.0, 0.0, 0.0, 0.0, 1.0],
                [0.988223, -0.114861, 0.101106, 0.0, -0.118791, -0.159346, 0.98005, 0.374726, -0.096459, -0.980518, -0.171114, 0.0, 0.0, 0.0, 0.0, 1.0],
                [0.988223, -0.114861, 0.101106, 0.0, -0.118791, -0.159346, 0.98005, 0.374726, -0.096459, -0.980518, -0.171114, 0.0, 0.0, 0.0, 0.0, 1.0],
                [0.988223, -0.114861, 0.101106, 0.0, -0.118791, -0.159346, 0.98005, 0.374726, -0.096459, -0.980518, -0.171114, -0.0, 0.0, 0.0, 0.0, 1.0],
                [0.988223, -0.114861, 0.101106, 0.0, -0.118791, -0.159346, 0.98005, 0.374726, -0.096459, -0.980518, -0.171114, -0.0, 0.0, 0.0, 0.0, 1.0],
                [0.990097, -0.104446, 0.093802, -0.0, -0.105909, -0.11715, 0.987451, 0.374726, -0.092146, -0.987606, -0.127052, -0.0, 0.0, 0.0, 0.0, 1.0],
                [0.993328, -0.084888, 0.078064, 0.0, -0.081115, -0.03311, 0.996155, 0.374726, -0.081977, -0.99584, -0.039775, -0.0, 0.0, 0.0, 0.0, 1.0],
                [0.996278, -0.063993, 0.057746, 0.0, -0.05358, 0.065007, 0.996445, 0.374726, -0.067519, -0.99583, 0.061337, -0.0, 0.0, 0.0, 0.0, 1.0],
                [0.99838, -0.044875, 0.034975, 0.0, -0.027136, 0.164721, 0.985967, 0.374726, -0.050006, -0.985318, 0.163237, 0.0, 0.0, 0.0, 0.0, 1.0],
                [0.999524, -0.028709, 0.011289, -0.0, -0.003451, 0.259578, 0.965716, 0.374726, -0.030655, -0.965295, 0.259356, 0.0, 0.0, 0.0, 0.0, 1.0],
                [0.9998, -0.015503, -0.012668, -0.0, 0.017273, 0.34802, 0.937328, 0.374726, -0.010123, -0.937359, 0.348218, 0.0, 0.0, 0.0, 0.0, 1.0],
                [0.999347, -0.005354, -0.035727, 0.0, 0.034591, 0.427044, 0.903569, 0.374726, 0.01042, -0.904215, 0.426951, 0.0, 0.0, 0.0, 0.0, 1.0],
                [0.998471, 0.001484, -0.05526, 0.0, 0.047452, 0.489788, 0.87055, 0.374726, 0.028357, -0.87184, 0.488969, -0.0, 0.0, 0.0, 0.0, 1.0],
                [0.997951, 0.004015, -0.063858, 0.0, 0.052622, 0.516266, 0.85481, 0.374726, 0.0364, -0.856419, 0.514997, -0.0, 0.0, 0.0, 0.0, 1.0],
                [0.998561, 0.001663, -0.053611, -0.0, 0.046432, 0.473552, 0.879541, 0.374726, 0.02685, -0.880764, 0.472794, -0.0, 0.0, 0.0, 0.0, 1.0],
                [0.99944, -0.004672, -0.033141, 0.0, 0.032401, 0.383188, 0.923102, 0.374726, 0.008387, -0.923658, 0.383125, 0.0, 0.0, 0.0, 0.0, 1.0],
                [0.999842, -0.014629, -0.01013, -0.0, 0.013739, 0.272868, 0.961954, 0.374726, -0.011308, -0.96194, 0.273026, 0.0, 0.0, 0.0, 0.0, 1.0],
                [0.999552, -0.027447, 0.011947, -0.0, -0.007494, 0.156961, 0.987577, 0.374726, -0.028982, -0.987223, 0.156685, 0.0, 0.0, 0.0, 0.0, 1.0],
                [0.998586, -0.042468, 0.031967, -0.0, -0.03021, 0.04139, 0.998687, 0.374726, -0.043736, -0.99824, 0.040049, -0.0, 0.0, 0.0, 0.0, 1.0],
                [0.997087, -0.0585, 0.048949, 0.0, -0.052831, -0.066778, 0.996369, 0.374726, -0.055019, -0.996051, -0.069674, 0.0, 0.0, 0.0, 0.0, 1.0],
                [0.995423, -0.073076, 0.061583, 0.0, -0.072359, -0.155411, 0.985196, 0.374726, -0.062424, -0.985143, -0.159988, -0.0, 0.0, 0.0, 0.0, 1.0],
                [0.994584, -0.079752, 0.066648, -0.0, -0.081036, -0.193511, 0.977746, 0.374726, -0.06508, -0.977851, -0.198926, -0.0, 0.0, 0.0, 0.0, 1.0],
                [0.997245, -0.056652, 0.047891, 0.0, -0.05369, -0.105725, 0.992945, 0.374726, -0.051189, -0.99278, -0.108476, -0.0, 0.0, 0.0, 0.0, 1.0],
                [0.999946, -0.009686, -0.003837, 0.0, 0.004827, 0.104392, 0.994525, 0.374726, -0.009232, -0.994489, 0.104433, 0.0, 0.0, 0.0, 0.0, 1.0],
                [0.996963, 0.028835, -0.072347, 0.0, 0.05842, 0.337433, 0.939535, 0.374726, 0.051504, -0.940908, 0.334723, 0.0, 0.0, 0.0, 0.0, 1.0],
                [0.993047, 0.041818, -0.11004, -0.0, 0.079617, 0.449957, 0.889494, 0.374726, 0.08671, -0.89207, 0.4435, -0.0, 0.0, 0.0, 0.0, 1.0],
                [0.993047, 0.041818, -0.11004, -0.0, 0.079617, 0.449957, 0.889494, 0.374726, 0.08671, -0.89207, 0.4435, 0.0, 0.0, 0.0, 0.0, 1.0],
                [0.993047, 0.041818, -0.11004, 0.0, 0.079617, 0.449957, 0.889494, 0.374726, 0.08671, -0.89207, 0.4435, 0.0, 0.0, 0.0, 0.0, 1.0],
                [0.990633, 0.037814, -0.131212, -0.0, 0.083565, 0.592079, 0.801536, 0.374726, 0.107997, -0.804992, 0.583373, -0.0, 0.0, 0.0, 0.0, 1.0]
            ]
        },
        {
            "name": "Knee_L",
            "time": [0.0, 0.0167, 0.0333, 0.05, 0.0667, 0.0833, 0.1, 0.1167, 0.1333, 0.15, 0.1667, 0.1833, 0.2, 0.2167, 0.2333, 0.25, 0.2667, 0.2833, 0.3, 0.3167, 0.3333, 0.35, 0.3667, 0.3833, 0.4, 0.4167, 0.4333, 0.45, 0.4667, 0.4833, 0.5, 0.5167, 0.5333, 1.0],
            "transform": [
                [1.0, -0.0, 0.0, 0.0, 0.0, 1e-06, -1.0, 0.41546, 0.0, 1.0, 1e-06, 0.0, 0.0, 0.0, 0.0, 1.0],
                [1.0, 0.0, 0.0, 0.0, -0.0, 1e-06, -1.0, 0.415434, 0.0, 1.0, 1e-06, -0.0, 0.0, 0.0, 0.0, 1.0],
                [1.0, -0.0, 0.0, -0.0, -0.0, 1e-06, -1.0, 0.415385, 0.0, 1.0, 1e-06, -0.0, 0.0, 0.0, 0.0, 1.0],
                [1.0, -0.0, -0.0, -0.0, -0.0, 1e-06, -1.0, 0.415354, 0.0, 1.0, 1e-06, 0.0, 0.0, 0.0, 0.0, 1.0],
                [1.0, -0.0, 0.0, -0.0, 0.0, 1e-06, -1.0, 0.415354, 0.0, 1.0, 1e-06, -0.0, 0.0, 0.0, 0.0, 1.0],
                [1.0, -0.0, -0.0, 0.0, -0.0, 1e-06, -1.0, 0.415354, -0.0, 1.0, 1e-06, -0.0, 0.0, 0.0, 0.0, 1.0],
                [1.0, 0.0, -0.0, 0.0, -0.0, 1e-06, -1.0, 0.415354, -0.0, 1.0, 1e-06, 0.0, 0.0, 0.0, 0.0, 1.0],
                [1.0, 0.0, -0.0, -0.0, -0.0, 1e-06, -1.0, 0.415354, 0.0, 1.0, 1e-06, 0.0, 0.0, 0.0, 0.0, 1.0],
                [1.0, 0.0, -0.0, 0.0, -0.0, 1e-06, -1.0, 0.415354, -0.0, 1.0, 1e-06, -0.0, 0.0, 0.0, 0.0, 1.0],
                [1.0, 0.0, -0.0, 0.0, -0.0, 1e-06, -1.0, 0.415354, 0.0, 1.0, 1e-06, -0.0, 0.0, 0.0, 0.0, 1.0],
                [1.0, -0.0, 0.0, 0.0, -0.0, 1e-06, -1.0, 0.415354, 0.0, 1.0, 1e-06, -0.0, 0.0, 0.0, 0.0, 1.0],
                [1.0, 0.0, 0.0, 0.0, 0.0, 1e-06, -1.0, 0.415354, 0.0, 1.0, 1e-06, -0.0, 0.0, 0.0, 0.0, 1.0],
                [1.0, 0.0, -0.0, -0.0, -0.0, 1e-06, -1.0, 0.415354, 0.0, 1.0, 1e-06, -0.0, 0.0, 0.0, 0.0, 1.0],
                [1.0, -0.0, 0.0, 0.0, 0.0, 1e-06, -1.0, 0.415354, 0.0, 1.0, 1e-06, 0.0, 0.0, 0.0, 0.0, 1.0],
                [1.0, 0.0, -0.0, -0.0, 0.0, 1e-06, -1.0, 0.415354, 0.0, 1.0, 1e-06, 0.0, 0.0, 0.0, 0.0, 1.0],
                [1.0, -0.0, -0.0, -0.0, 0.0, 1e-06, -1.0, 0.415354, 0.0, 1.0, 1e-06, -0.0, 0.0, 0.0, 0.0, 1.0],
                [1.0, -0.0, 0.0, 0.0, -0.0, 1e-06, -1.0, 0.415354, 0.0, 1.0, 1e-06, 0.0, 0.0, 0.0, 0.0, 1.0],
                [1.0, -0.0, 0.0, 0.0, -0.0, 1e-06, -1.0, 0.415354, 0.0, 1.0, 1e-06, 0.0, 0.0, 0.0, 0.0, 1.0],
                [1.0, -0.0, 0.0, -0.0, -0.0, 1e-06, -1.0, 0.415354, -0.0, 1.0, 1e-06, -0.0, 0.0, 0.0, 0.0, 1.0],
                [1.0, 0.0, -0.0, -0.0, 0.0, 1e-06, -1.0, 0.415354, -0.0, 1.0, 1e-06, 0.0, 0.0, 0.0, 0.0, 1.0],
                [1.0, 0.0, 0.0, -0.0, 0.0, 1e-06, -1.0, 0.415354, -0.0, 1.0, 1e-06, 0.0, 0.0, 0.0, 0.0, 1.0],
                [1.0, -0.0, 0.0, -0.0, -0.0, 1e-06, -1.0, 0.415354, -0.0, 1.0, 1e-06, 0.0, 0.0, 0.0, 0.0, 1.0],
                [1.0, 0.0, -0.0, -0.0, -0.0, 1e-06, -1.0, 0.415354, -0.0, 1.0, 1e-06, 0.0, 0.0, 0.0, 0.0, 1.0],
                [1.0, 0.0, -0.0, 0.0, 0.0, 1e-06, -1.0, 0.415354, 0.0, 1.0, 1e-06, 0.0, 0.0, 0.0, 0.0, 1.0],
                [1.0, -0.0, -0.0, 0.0, -0.0, 1e-06, -1.0, 0.415354, 0.0, 1.0, 1e-06, 0.0, 0.0, 0.0, 0.0, 1.0],
                [1.0, -0.0, 0.0, 0.0, -0.0, 1e-06, -1.0, 0.415354, 0.0, 1.0, 1e-06, -0.0, 0.0, 0.0, 0.0, 1.0],
                [1.0, -0.0, 0.0, -0.0, -0.0, 1e-06, -1.0, 0.415354, 0.0, 1.0, 1e-06, -0.0, 0.0, 0.0, 0.0, 1.0],
                [1.0, -0.0, 0.0, 0.0, -0.0, 1e-06, -1.0, 0.415354, 0.0, 1.0, 1e-06, 0.0, 0.0, 0.0, 0.0, 1.0],
                [1.0, -0.0, 0.0, 0.0, -0.0, 1e-06, -1.0, 0.415354, -0.0, 1.0, 1e-06, -0.0, 0.0, 0.0, 0.0, 1.0],
                [1.0, -0.0, -0.0, 0.0, -0.0, 1e-06, -1.0, 0.415354, -0.0, 1.0, 1e-06, -0.0, 0.0, 0.0, 0.0, 1.0],
                [1.0, -0.0, -0.0, -0.0, -0.0, 1e-06, -1.0, 0.415354, -0.0, 1.0, 1e-06, 0.0, 0.0, 0.0, 0.0, 1.0],
                [1.0, -0.0, 0.0, -0.0, -0.0, 1e-06, -1.0, 0.415354, 0.0, 1.0, 1e-06, 0.0, 0.0, 0.0, 0.0, 1.0],
                [1.0, -0.0, 0.0, 0.0, 0.0, 1e-06, -1.0, 0.415354, 0.0, 1.0, 1e-06, 0.0, 0.0, 0.0, 0.0, 1.0],
                [1.0, 0.0, -0.0, 0.0, 0.0, 1e-06, -1.0, 0.415354, 0.0, 1.0, 1e-06, 0.0, 0.0, 0.0, 0.0, 1.0]
            ]
        },
        {
            "name": "Torso",
            "time": [0.0, 0.0167, 0.0333, 0.05, 0.0667, 0.0833, 0.1, 0.1167, 0.1333, 0.15, 0.1667, 0.1833, 0.2, 0.2167, 0.2333, 0.25, 0.2667, 0.2833, 0.3, 0.3167, 0.3333, 0.35, 0.3667, 0.3833, 0.4, 0.4167, 0.4333, 0.45, 0.4667, 0.4833, 0.5, 0.5167, 0.5333, 1.0],
            "transform": [
                [0.918928, -0.197689, 0.341308, 0.0, 0.185887, 0.980263, 0.067302, 0.05, -0.347876, 0.001599, 0.937539, -0.0, 0.0, 0.0, 0.0, 1.0],
                [0.935778, -0.148963, 0.319578, 0.0, 0.137765, 0.988794, 0.057503, 0.05, -0.324562, -0.009784, 0.945814, 0.0, 0.0, 0.0, 0.0, 1.0],
                [0.959971, -0.051986, 0.275233, -0.0, 0.042109, 0.998243, 0.041679, 0.05, -0.276917, -0.028421, 0.960474, -0.0, 0.0, 0.0, 0.0, 1.0],
                [0.968989, 0.008286, 0.246966, 0.0, -0.017265, 0.999266, 0.034213, 0.05, -0.246501, -0.037416, 0.96842, 0.0, 0.0, 0.0, 0.0, 1.0],
                [0.968989, 0.008286, 0.246966, -0.0, -0.017265, 0.999265, 0.034213, 0.05, -0.246501, -0.037416, 0.96842, -0.0, 0.0, 0.0, 0.0, 1.0],
                [0.968989, 0.008286, 0.246966, -0.0, -0.017265, 0.999266, 0.034213, 0.05, -0.246501, -0.037416, 0.96842, 0.0, 0.0, 0.0, 0.0, 1.0],
                [0.968989, 0.008286, 0.246966, 0.0, -0.017265, 0.999266, 0.034213, 0.05, -0.246501, -0.037416, 0.96842, 0.0, 0.0, 0.0, 0.0, 1.0],
                [0.968388, 0.002073, 0.249441, 0.0, -0.002803, 0.999993, 0.00257, 0.05, -0.249435, -0.003188, 0.968386, -0.0, 0.0, 0.0, 0.0, 1.0],
                [0.966883, -0.009657, 0.255037, -0.0, 0.025701, 0.997888, -0.059651, 0.05, -0.253922, 0.06423, 0.96509, 0.0, 0.0, 0.0, 0.0, 1.0],
                [0.965672, -0.016436, 0.259243, 0.0, 0.043492, 0.994139, -0.09898, 0.05, -0.256097, 0.106857, 0.960727, 0.0, 0.0, 0.0, 0.0, 1.0],
                [0.965493, -0.014037, 0.260051, -0.0, 0.042114, 0.993819, -0.102712, 0.05, -0.257002, 0.11012, 0.960116, 0.0, 0.0, 0.0, 0.0, 1.0],
                [0.965491, -0.010115, 0.260238, 0.0, 0.038695, 0.993726, -0.104935, 0.05, -0.257544, 0.111384, 0.959825, 0.0, 0.0, 0.0, 0.0, 1.0],
                [0.965533, -0.005767, 0.260217, -0.0, 0.034645, 0.993706, -0.106527, 0.05, -0.257965, 0.11187, 0.959656, 0.0, 0.0, 0.0, 0.0, 1.0],
                [0.965572, -0.001418, 0.260133, 0.0, 0.030506, 0.993703, -0.107815, 0.05, -0.258342, 0.112039, 0.959535, 0.0, 0.0, 0.0, 0.0, 1.0],
                [0.965593, 0.002746, 0.260044, -0.0, 0.026509, 0.993696, -0.108925, 0.05, -0.258704, 0.112071, 0.959433, 0.0, 0.0, 0.0, 0.0, 1.0],
                [0.965597, 0.006721, 0.259955, 0.0, 0.022676, 0.993682, -0.109923, 0.05, -0.259051, 0.112036, 0.959344, 0.0, 0.0, 0.0, 0.0, 1.0],
                [0.965585, 0.010409, 0.259878, -0.0, 0.019113, 0.993657, -0.110815, 0.05, -0.259383, 0.111969, 0.959262, 0.0, 0.0, 0.0, 0.0, 1.0],
                [0.965553, 0.013472, 0.259856, 0.0, 0.016154, 0.993629, -0.11154, 0.05, -0.259703, 0.111896, 0.959184, 0.0, 0.0, 0.0, 0.0, 1.0],
                [0.965413, 0.014838, 0.260302, 0.0, 0.014887, 0.993614, -0.111851, 0.05, -0.260299, 0.111858, 0.959027, 0.0, 0.0, 0.0, 0.0, 1.0],
