{
    "animation": [
        {
            "name": "Root",
            "time": [0.0, 0.0667, 0.1333, 0.2, 0.5],
            "transform": [
                [-0.064228, 0.03137, 0.997442, -5e-06, 0.969981, -0.232951, 0.069786, 0.010946, 0.234544, 0.971982, -0.015466, 0.362498, 0.0, 0.0, 0.0, 1.0],
                [-0.820668, 0.219134, 0.527716, -5e-06, 0.523911, -0.080075, 0.848001, 0.440946, 0.228083, 0.972403, -0.049091, 0.354642, 0.0, 0.0, 0.0, 1.0],
                [-0.127842, -0.096158, -0.987122, -5e-06, -0.888608, 0.453147, 0.070941, 3.000947, 0.44049, 0.886235, -0.143378, 0.348502, 0.0, 0.0, 0.0, 1.0],
                [0.689035, -0.007181, -0.724692, -5e-06, -0.529588, 0.677632, -0.510246, 3.000947, 0.494739, 0.735366, 0.463109, 0.350217, 0.0, 0.0, 0.0, 1.0],
                [0.840032, -0.070035, -0.537998, -5e-06, -0.517024, 0.197179, -0.832951, 3.000947, 0.164418, 0.977863, 0.129427, 0.421075, 0.0, 0.0, 0.0, 1.0]
            ]
        },
        {
            "name": "Thigh_R",
            "time": [0.0, 0.0667, 0.1333, 0.2, 0.5],
            "transform": [
                [0.88801, 0.138831, -0.438234, 0.124994, 0.432347, -0.576152, 0.69354, -0.00283, -0.156216, -0.805386, -0.571683, -1.2e-05, 0.0, 0.0, 0.0, 1.0],
                [0.913421, 0.204974, -0.351507, 0.124994, 0.395672, -0.649001, 0.649728, -0.00283, -0.094955, -0.732589, -0.673944, -1.2e-05, 0.0, 0.0, 0.0, 1.0],
                [0.904166, 0.427112, 0.0047, 0.124994, 0.426391, -0.901881, -0.069026, -0.00283, -0.025243, 0.064416, -0.997585, -1.2e-05, 0.0, 0.0, 0.0, 1.0],
                [0.939042, 0.329726, -0.0973, 0.124994, 0.343693, -0.906888, 0.243744, -0.002831, -0.007871, -0.262329, -0.964937, -1.2e-05, 0.0, 0.0, 0.0, 1.0],
                [0.843891, 0.504601, -0.182223, 0.124994, 0.533326, -0.825896, 0.182866, -0.002831, -0.058223, -0.251506, -0.966091, -1.2e-05, 0.0, 0.0, 0.0, 1.0]
            ]
        },
        {
            "name": "Leg_R",
            "time": [0.0, 0.0667, 0.1333, 0.2, 0.5],
            "transform": [
                [0.98479, 0.160249, -0.067427, -0.0, 0.008591, 0.342502, 0.939468, 0.374726, 0.173649, -0.925738, 0.33591, 0.0, 0.0, 0.0, 0.0, 1.0],
                [0.997764, 0.065534, -0.014153, -0.0, 0.019073, -0.075073, 0.996985, 0.374726, 0.064276, -0.995014, -0.076154, 0.0, 0.0, 0.0, 0.0, 1.0],
                [0.998741, -0.048167, 0.014371, 0.0, 0.008712, 0.447442, 0.894265, 0.374726, -0.049505, -0.893008, 0.447297, -0.0, 0.0, 0.0, 0.0, 1.0],
                [0.998439, -0.038442, 0.04054, -0.0, 0.008709, 0.823862, 0.566721, 0.374726, -0.055186, -0.565485, 0.822908, -0.0, 0.0, 0.0, 0.0, 1.0],
                [0.98078, -0.192164, -0.033901, -0.0, 0.123499, 0.476779, 0.8703, 0.374726, -0.151079, -0.85776, 0.491344, -0.0, 0.0, 0.0, 0.0, 1.0]
            ]
        },
        {
            "name": "Knee_R",
            "time": [0.0, 0.0667, 0.1333, 0.2, 0.5],
            "transform": [
                [0.995807, 0.069714, -0.059243, -0.0, -0.08849, 0.56959, -0.817151, 0.37472, -0.023222, 0.818968, 0.57337, 0.0, 0.0, 0.0, 0.0, 1.0],
                [0.99933, 0.029694, -0.021401, 0.0, -0.036325, 0.732678, -0.679607, 0.37472, -0.004501, 0.679929, 0.733265, 0.0, 0.0, 0.0, 0.0, 1.0],
                [0.999659, -0.022047, 0.014025, 0.0, 0.023517, 0.525187, -0.850662, 0.37472, 0.011388, 0.850701, 0.525526, 0.0, 0.0, 0.0, 0.0, 1.0],
                [0.9996, -0.016149, 0.02319, -0.0, 0.026936, 0.29635, -0.954699, 0.37472, 0.008545, 0.954943, 0.296667, 0.0, 0.0, 0.0, 0.0, 1.0],
                [0.994829, -0.101143, 0.009231, -0.0, 0.058993, 0.501468, -0.863162, 0.37472, 0.082674, 0.859244, 0.504842, 0.0, 0.0, 0.0, 0.0, 1.0]
            ]
        },
        {
            "name": "Thigh_L",
            "time": [0.0, 0.0667, 0.1333, 0.2, 0.5],
            "transform": [
                [0.219666, -0.974939, -0.034722, -0.125006, -0.866733, -0.211374, 0.451727, -0.00283, -0.447753, -0.069136, -0.891461, -1.2e-05, 0.0, 0.0, 0.0, 1.0],
                [0.844072, -0.443618, 0.301122, -0.125006, -0.427119, -0.216875, 0.877774, -0.002831, -0.324099, -0.869531, -0.372557, -1.2e-05, 0.0, 0.0, 0.0, 1.0],
                [0.926863, -0.291992, 0.235777, -0.125006, -0.214666, 0.102835, 0.971219, -0.00283, -0.307835, -0.95087, 0.032633, -1.2e-05, 0.0, 0.0, 0.0, 1.0],
                [0.736728, -0.445538, 0.508633, -0.125006, -0.394521, 0.32767, 0.858468, -0.00283, -0.549145, -0.833136, 0.06563, -1.2e-05, 0.0, 0.0, 0.0, 1.0],
                [0.889566, -0.31134, 0.334267, -0.125006, -0.386946, -0.124678, 0.913632, -0.002831, -0.242775, -0.942082, -0.231382, -1.2e-05, 0.0, 0.0, 0.0, 1.0]
            ]
        },
        {
            "name": "Leg_L",
            "time": [0.0, 0.0667, 0.1333, 0.2, 0.5],
            "transform": [
                [0.98551, -0.163308, 0.045886, 0.0, 0.006617, 0.307308, 0.95159, 0.374726, -0.169503, -0.937493, 0.303936, -0.0, 0.0, 0.0, 0.0, 1.0],
                [0.996549, -0.083002, -0.001324, 0.0, -0.021863, -0.277813, 0.960389, 0.374726, -0.080082, -0.95704, -0.27867, -0.0, 0.0, 0.0, 0.0, 1.0],
                [0.99334, -0.11401, 0.016616, 0.0, -0.059133, -0.380722, 0.922795, 0.374726, -0.098882, -0.917633, -0.384928, 0.0, 0.0, 0.0, 0.0, 1.0],
                [0.976754, -0.214011, 0.012246, -0.0, -0.125685, -0.525481, 0.84147, 0.374726, -0.173649, -0.823447, -0.540165, -0.0, 0.0, 0.0, 0.0, 1.0],
                [0.951251, -0.174691, 0.254175, 0.0, -0.254889, 0.018723, 0.966789, 0.374726, -0.173648, -0.984444, -0.026717, -0.0, 0.0, 0.0, 0.0, 1.0]
            ]
        },
        {
            "name": "Knee_L",
            "time": [0.0, 0.0667, 0.1333, 0.2, 0.5],
            "transform": [
                [0.995987, -0.074417, 0.049715, 0.0, 0.083943, 0.584195, -0.807261, 0.37472, 0.031031, 0.808194, 0.588098, 0.0, 0.0, 0.0, 0.0, 1.0],
                [0.998922, -0.041858, 0.020094, 0.0, 0.045532, 0.798393, -0.600416, 0.37472, 0.009089, 0.600688, 0.799431, 0.0, 0.0, 0.0, 0.0, 1.0],
                [0.997858, -0.052616, 0.038883, -0.0, 0.065352, 0.829674, -0.554404, 0.37472, -0.00309, 0.555748, 0.83135, -0.0, 0.0, 0.0, 0.0, 1.0],
                [0.992133, -0.103753, 0.07006, -0.0, 0.124689, 0.869075, -0.478708, 0.37472, -0.01122, 0.483677, 0.875175, -0.0, 0.0, 0.0, 0.0, 1.0],
                [0.985637, -0.034519, 0.165312, -0.0, 0.141586, 0.702467, -0.69749, 0.374721, -0.09205, 0.710878, 0.697265, 0.0, 0.0, 0.0, 0.0, 1.0]
            ]
        },
        {
            "name": "Torso",
            "time": [0.0, 0.0667, 0.1333, 0.2, 0.5],
            "transform": [
                [0.977986, -0.176515, 0.111292, 0.0, 0.178558, 0.983892, -0.00859, 0.05, -0.107983, 0.028273, 0.993751, 0.0, 0.0, 0.0, 0.0, 1.0],
                [0.990985, -0.075497, 0.110674, -0.0, 0.064664, 0.993044, 0.098398, 0.05, -0.117333, -0.090354, 0.988974, -0.0, 0.0, 0.0, 0.0, 1.0],
                [0.995564, -0.017367, 0.092475, 0.0, 0.01214, 0.998313, 0.056787, 0.05, -0.093305, -0.055412, 0.994094, 0.0, 0.0, 0.0, 0.0, 1.0],
                [0.99878, 0.047485, 0.013594, -0.0, -0.047877, 0.998401, 0.030061, 0.05, -0.012145, -0.030676, 0.999456, -0.0, 0.0, 0.0, 0.0, 1.0],
                [0.980771, 0.192615, -0.031434, -0.0, -0.193669, 0.940671, -0.278622, 0.05, -0.024098, 0.279352, 0.959886, -0.0, 0.0, 0.0, 0.0, 1.0]
            ]
        },
        {
            "name": "Chest",
            "time": [0.0, 0.0667, 0.1333, 0.2, 0.5],
            "transform": [
                [0.485644, -0.240469, 0.840431, 0.0, -0.198096, 0.906133, 0.373738, 0.3, -0.851415, -0.34799, 0.392423, 0.0, 0.0, 0.0, 0.0, 1.0],
                [0.934259, 0.187007, 0.303626, -0.0, -0.337196, 0.740306, 0.581588, 0.3, -0.116016, -0.645736, 0.754696, -0.0, 0.0, 0.0, 0.0, 1.0],
                [0.784185, 0.617089, -0.065235, 0.0, -0.509375, 0.70019, 0.500271, 0.3, 0.354389, -0.359076, 0.863407, 0.0, 0.0, 0.0, 0.0, 1.0],
                [0.999609, -0.001107, 0.02795, -0.0, -0.00133, 0.996206, 0.087017, 0.3, -0.02794, -0.08702, 0.995814, -0.0, 0.0, 0.0, 0.0, 1.0],
                [0.97089, -0.031433, 0.237452, -0.0, -0.101295, 0.844455, 0.52596, 0.3, -0.21705, -0.534703, 0.816689, 0.0, 0.0, 0.0, 0.0, 1.0]
            ]
        },
        {
            "name": "Head",
            "time": [0.0, 0.0667, 0.1333, 0.2, 0.5],
            "transform": [
                [0.970114, 0.066534, -0.23335, 0.0, -0.120403, 0.966923, -0.224865, 0.4, 0.210671, 0.246241, 0.946036, 0.0, 0.0, 0.0, 0.0, 1.0],
                [0.805605, -0.358259, 0.47186, 0.0, 0.36088, 0.928381, 0.088743, 0.4, -0.469858, 0.098793, 0.877196, 0.0, 0.0, 0.0, 0.0, 1.0],
                [0.831885, -0.304835, 0.463727, 0.0, 0.196295, 0.943235, 0.26791, 0.4, -0.519073, -0.131844, 0.844501, 0.0, 0.0, 0.0, 0.0, 1.0],
                [0.709902, 0.208812, 0.672634, 0.0, 0.078932, 0.925433, -0.370597, 0.4, -0.699864, 0.31618, 0.640486, -0.0, 0.0, 0.0, 0.0, 1.0],
                [0.952103, -0.167221, 0.256004, 0.0, 0.175476, 0.984436, -0.009582, 0.4, -0.250418, 0.054045, 0.966629, -0.0, 0.0, 0.0, 0.0, 1.0]
            ]
        },
        {
            "name": "Shoulder_R",
            "time": [0.0, 0.0667, 0.1333, 0.2, 0.5],
            "transform": [
                [-0.02874, 0.923897, 0.38156, 0.0, 0.007693, -0.381502, 0.924336, 0.4, 0.999557, 0.0295, 0.003857, 0.0, 0.0, 0.0, 0.0, 1.0],
                [-0.086252, 0.9305, 0.355994, 0.0, 0.023095, -0.355362, 0.934444, 0.4, 0.996005, 0.08882, 0.009161, 0.0, 0.0, 0.0, 0.0, 1.0],
                [-0.173447, 0.926429, 0.334139, 0.0, 0.046444, -0.33121, 0.942414, 0.4, 0.983747, 0.178979, 0.01442, 0.0, 0.0, 0.0, 0.0, 1.0],
                [-0.208567, 0.919817, 0.332327, 0.0, 0.055849, -0.328045, 0.943011, 0.4, 0.976412, 0.215242, 0.017049, -0.0, 0.0, 0.0, 0.0, 1.0],
                [-0.225729, 0.915517, 0.332987, 0.0, 0.060445, -0.327989, 0.942747, 0.4, 0.972313, 0.232933, 0.018698, -0.0, 0.0, 0.0, 0.0, 1.0]
            ]
        },
        {
            "name": "Arm_R",
            "time": [0.0, 0.0667, 0.1333, 0.2, 0.5],
            "transform": [
                [0.26422, -0.95605, -0.127112, 0.0, 0.526359, 0.253379, -0.811632, 0.39386, 0.808168, 0.147543, 0.570172, 0.0, 0.0, 0.0, 0.0, 1.0],
                [0.565202, -0.701514, -0.434078, 0.0, 0.476866, 0.707197, -0.521987, 0.393861, 0.673163, 0.088031, 0.734235, 0.0, 0.0, 0.0, 0.0, 1.0],
                [0.645597, 0.190166, -0.739619, -0.0, 0.09408, 0.941317, 0.324142, 0.393861, 0.757862, -0.27885, 0.589817, 0.0, 0.0, 0.0, 0.0, 1.0],
                [0.428877, 0.505412, -0.748741, 0.0, 0.078475, 0.804865, 0.58824, 0.39386, 0.899949, -0.311042, 0.305524, 0.0, 0.0, 0.0, 0.0, 1.0],
                [0.163023, 0.576104, -0.800946, -0.0, 0.458456, 0.674613, 0.578539, 0.39386, 0.873638, -0.461517, -0.15414, 0.0, 0.0, 0.0, 0.0, 1.0]
            ]
        },
        {
            "name": "Hand_R",
            "time": [0.0, 0.0667, 0.1333, 0.2, 0.5],
            "transform": [
                [0.999424, -0.011725, -0.031859, 0.0, 0.0092, 0.99689, -0.078273, 0.300003, 0.032678, 0.077935, 0.996423, 0.0, 0.0, 0.0, 0.0, 1.0],
                [0.99987, -0.013508, -0.008717, -0.0, 0.010999, 0.970252, -0.241857, 0.300003, 0.011724, 0.241731, 0.970271, -0.0, 0.0, 0.0, 0.0, 1.0],
                [0.996982, -0.071662, 0.02976, -0.0, 0.077587, 0.914914, -0.396132, 0.300002, 0.00116, 0.397251, 0.917706, -0.0, 0.0, 0.0, 0.0, 1.0],
                [0.990338, -0.131503, 0.04395, 0.0, 0.13821, 0.911012, -0.388541, 0.300003, 0.011056, 0.390868, 0.920376, 0.0, 0.0, 0.0, 0.0, 1.0],
                [0.98562, -0.134034, 0.102865, 0.0, 0.168213, 0.721472, -0.671703, 0.300003, 0.015817, 0.679359, 0.733635, -0.0, 0.0, 0.0, 0.0, 1.0]
            ]
        },
        {
            "name": "Tool_R",
            "time": [0.0, 0.0667, 0.1333, 0.2, 0.5],
            "transform": [
                [-1.0, 0.0, 0.0, -0.02, 0.0, -1.0, -0.0, 0.291425, 0.0, -0.0, 1.000015, -0.0, 0.0, 0.0, 0.0, 1.0],
                [-1.0, -0.0, -0.0, -0.02, -0.0, -1.0, 0.0, 0.291425, -0.0, -0.0, 1.000015, -0.0, 0.0, 0.0, 0.0, 1.0],
                [-0.999958, -0.009126, -0.000948, -0.02, 0.008913, -0.990709, 0.135714, 0.291425, -0.002178, 0.135698, 0.990757, 0.0, 0.0, 0.0, 0.0, 1.0],
                [-0.999832, -0.018339, -0.000644, -0.02, 0.017487, -0.96283, 0.269549, 0.291425, -0.005564, 0.269492, 0.96299, -0.0, 0.0, 0.0, 0.0, 1.0],
                [-0.999738, -0.022546, -0.003999, -0.02, 0.021571, -0.985908, 0.165902, 0.291425, -0.007683, 0.165773, 0.986134, 0.0, 0.0, 0.0, 0.0, 1.0]
            ]
        },
        {
            "name": "Elbow_R",
            "time": [0.0, 0.0667, 0.1333, 0.2, 0.5],
            "transform": [
                [-0.999855, -0.00364, -0.016586, 0.0, 0.016432, 0.03897, -0.999105, 0.329779, 0.004283, -0.999233, -0.038904, 0.0, 0.0, 0.0, 0.0, 1.0],
                [-0.999968, -0.004339, -0.006784, 0.0, 0.006192, 0.124438, -0.992208, 0.329779, 0.00515, -0.992218, -0.124407, 0.0, 0.0, 0.0, 0.0, 1.0],
                [-0.999238, -0.036973, -0.01246, 0.0, 0.004412, 0.210223, -0.977643, 0.329779, 0.038766, -0.976954, -0.2099, -0.0, 0.0, 0.0, 0.0, 1.0],
                [-0.997559, -0.064695, -0.026231, 0.0, 0.012175, 0.208757, -0.977891, 0.329779, 0.068741, -0.975825, -0.20746, 0.0, 0.0, 0.0, 0.0, 1.0],
                [-0.996279, -0.068188, -0.052711, 0.0, 0.023413, 0.374474, -0.926941, 0.329779, 0.082945, -0.924728, -0.371484, -0.0, 0.0, 0.0, 0.0, 1.0]
            ]
        },
        {
            "name": "Shoulder_L",
            "time": [0.0, 0.0667, 0.1333, 0.2, 0.5],
            "transform": [
                [0.037865, -0.927628, -0.371581, 0.0, 0.010139, -0.371472, 0.928388, 0.4, -0.999231, -0.038921, -0.00466, 0.0, 0.0, 0.0, 0.0, 1.0],
                [0.09718, -0.932174, -0.348722, 0.0, 0.026023, -0.347881, 0.937177, 0.4, -0.994926, -0.100149, -0.009549, 0.0, 0.0, 0.0, 0.0, 1.0],
                [0.370556, -0.913977, -0.16533, 0.0, 0.09923, -0.138027, 0.985445, 0.4, -0.923494, -0.381568, 0.039547, 0.0, 0.0, 0.0, 0.0, 1.0],
                [0.482983, -0.868759, -0.109478, 0.0, 0.129337, -0.052876, 0.99019, 0.4, -0.866025, -0.492404, 0.086824, -0.0, 0.0, 0.0, 0.0, 1.0],
                [0.330065, -0.913979, -0.236007, 0.0, 0.088387, -0.218996, 0.971714, 0.4, -0.939811, -0.341589, 0.008501, -0.0, 0.0, 0.0, 0.0, 1.0]
            ]
        },
        {
            "name": "Arm_L",
            "time": [0.0, 0.0667, 0.1333, 0.2, 0.5],
            "transform": [
                [0.012446, 0.98596, -0.166515, 0.0, 0.162975, -0.166302, -0.972513, 0.39386, -0.986551, -0.015034, -0.162756, -0.0, 0.0, 0.0, 0.0, 1.0],
                [0.281936, 0.957008, -0.068165, 0.0, 0.720247, -0.258052, -0.643935, 0.39386, -0.633841, 0.132453, -0.762037, 0.0, 0.0, 0.0, 0.0, 1.0],
                [-0.149712, 0.867232, 0.474864, 0.0, 0.388868, 0.493217, -0.778151, 0.39386, -0.909048, 0.068161, -0.411079, 0.0, 0.0, 0.0, 0.0, 1.0],
                [0.227503, 0.388479, 0.892931, -0.0, 0.836624, 0.391256, -0.383377, 0.39386, -0.498299, 0.834267, -0.235999, 0.0, 0.0, 0.0, 0.0, 1.0],
                [0.291858, 0.784894, 0.54659, -0.0, 0.36987, 0.434394, -0.821278, 0.39386, -0.882051, 0.441864, -0.163528, 0.0, 0.0, 0.0, 0.0, 1.0]
            ]
        },
        {
            "name": "Hand_L",
            "time": [0.0, 0.0667, 0.1333, 0.2, 0.5],
            "transform": [
                [0.999971, 0.003886, -0.006554, 0.0, -0.005759, 0.948685, -0.316171, 0.300003, 0.004989, 0.316199, 0.94868, -0.0, 0.0, 0.0, 0.0, 1.0],
                [0.999984, -0.001332, -0.005543, -0.0, -0.00246, 0.776266, -0.6304, 0.300003, 0.005143, 0.630403, 0.77625, 0.0, 0.0, 0.0, 0.0, 1.0],
                [0.999848, 0.013084, -0.011528, 0.0, -0.012041, 0.039796, -0.999135, 0.300003, -0.012614, 0.999122, 0.039947, -0.0, 0.0, 0.0, 0.0, 1.0],
                [0.999237, 0.032683, 0.021372, -0.0, -0.031361, 0.997734, -0.059522, 0.300003, -0.023269, 0.058806, 0.997998, -0.0, 0.0, 0.0, 0.0, 1.0],
                [0.999946, -0.010194, -0.002218, 0.0, 0.005864, 0.725044, -0.688678, 0.300002, 0.008629, 0.688627, 0.725064, 0.0, 0.0, 0.0, 0.0, 1.0]
            ]
        },
        {
            "name": "Tool_L",
            "time": [0.0, 0.0667, 0.1333, 0.2, 0.5],
            "transform": [
                [-1.0, 0.0, -1e-06, 0.02, -0.0, -1.0, 0.0, 0.291426, -1e-06, 0.0, 1.00002, -0.0, 0.0, 0.0, 0.0, 1.0],
                [-1.0, 3e-06, 4e-06, 0.02, -1e-06, -0.953998, 0.299818, 0.291426, 4e-06, 0.299814, 0.954012, -0.0, 0.0, 0.0, 0.0, 1.0],
                [-1.0, 6e-06, 1.3e-05, 0.02, -2e-06, -0.95762, 0.288037, 0.291426, 1.4e-05, 0.288035, 0.957626, 0.0, 0.0, 0.0, 0.0, 1.0],
                [0.0, 0.0, 0.0, 0.02, 0.0, 0.0, 0.0, 0.291424, 0.0, 0.0, 0.0, -0.0, 0.0, 0.0, 0.0, 1.0],
                [0.0, 0.0, 0.0, 0.02, 0.0, 0.0, 0.0, 0.291425, 0.0, 0.0, 0.0, 1e-06, 0.0, 0.0, 0.0, 1.0]
            ]
        },
        {
            "name": "Elbow_L",
            "time": [0.0, 0.0667, 0.1333, 0.2, 0.5],
            "transform": [
                [-0.999992, 0.003403, -0.00174, 0.0, 0.002263, 0.160172, -0.987086, 0.329779, -0.003081, -0.987083, -0.160178, -0.0, 0.0, 0.0, 0.0, 1.0],
                [-0.999996, 0.002366, -0.001665, -0.0, 0.00236, 0.334469, -0.942404, 0.329779, -0.001672, -0.942404, -0.334473, 0.0, 0.0, 0.0, 0.0, 1.0],
                [-0.999956, -0.003538, 0.008708, 0.0, -0.008731, 0.692785, -0.721092, 0.329779, -0.003482, -0.721136, -0.692784, -0.0, 0.0, 0.0, 0.0, 1.0],
                [-0.99981, 0.015159, 0.012314, -0.0, -0.011865, 0.029328, -0.9995, 0.329779, -0.015513, -0.999456, -0.029143, -0.0, 0.0, 0.0, 0.0, 1.0],
                [-0.999986, -0.000145, -0.005311, -0.0, 0.004878, 0.370735, -0.928726, 0.329779, 0.002103, -0.928739, -0.370729, 0.0, 0.0, 0.0, 0.0, 1.0]
            ]
        }
    ]
}