{
    "animation": [
        {
            "name": "Root",
            "time": [0.0, 0.3333, 0.6167, 0.8333, 4.6667, 5.0],
            "transform": [
                [0.780084, -0.061987, -0.622596, -5e-06, -0.616013, -0.250288, -0.746916, 0.000946, -0.109529, 0.966185, -0.23343, 0.614777, 0.0, 0.0, 0.0, 1.0],
                [0.780084, -0.061987, -0.622596, -5e-06, -0.616013, -0.250288, -0.746916, 0.000946, -0.109529, 0.966185, -0.23343, 0.565704, 0.0, 0.0, 0.0, 1.0],
                [0.780084, -0.061987, -0.622596, -5e-06, -0.616013, -0.250288, -0.746916, 0.000946, -0.109529, 0.966185, -0.23343, 0.565704, 0.0, 0.0, 0.0, 1.0],
                [0.995416, 0.095557, 0.003896, -5e-06, 0.026074, -0.23197, -0.972373, 0.000946, -0.092013, 0.968018, -0.233398, 0.378597, 0.0, 0.0, 0.0, 1.0],
                [0.995416, 0.095557, 0.003896, -5e-06, 0.026074, -0.23197, -0.972373, 0.000946, -0.092013, 0.968018, -0.233398, 0.378597, 0.0, 0.0, 0.0, 1.0],
                [0.780084, -0.061987, -0.622596, -5e-06, -0.616013, -0.250288, -0.746916, 0.000946, -0.109529, 0.966185, -0.23343, 0.614777, 0.0, 0.0, 0.0, 1.0]
            ]
        },
        {
            "name": "Thigh_R",
            "time": [0.0, 0.3333, 0.6167, 0.8333, 4.6667, 5.0],
            "transform": [
                [0.755445, 0.489352, 0.435702, 0.139708, 0.49492, -0.86195, 0.109969, 0.00723, 0.429367, 0.132562, -0.893349, -0.042079, 0.0, 0.0, 0.0, 1.0],
                [0.707627, 0.599816, 0.373475, 0.139708, 0.54234, -0.799869, 0.257051, 0.00723, 0.452915, 0.020655, -0.891315, -0.042079, 0.0, 0.0, 0.0, 1.0],
                [0.707627, 0.599816, 0.373475, 0.139708, 0.54234, -0.799869, 0.257051, 0.00723, 0.452915, 0.020655, -0.891315, -0.042079, 0.0, 0.0, 0.0, 1.0],
                [0.467187, 0.829878, 0.305018, 0.104859, 0.427208, -0.513914, 0.743898, 0.079115, 0.774099, -0.217233, -0.594626, -0.017963, 0.0, 0.0, 0.0, 1.0],
                [0.467187, 0.829878, 0.305018, 0.104859, 0.427208, -0.513914, 0.743898, 0.079115, 0.774099, -0.217233, -0.594626, -0.017963, 0.0, 0.0, 0.0, 1.0],
                [0.755445, 0.489352, 0.435702, 0.139708, 0.49492, -0.86195, 0.109969, 0.00723, 0.429367, 0.132562, -0.893349, -0.042079, 0.0, 0.0, 0.0, 1.0]
            ]
        },
        {
            "name": "Leg_R",
            "time": [0.0, 0.3333, 0.6167, 0.8333, 4.6667, 5.0],
            "transform": [
                [1.0, -0.0, 1e-06, 0.0, -0.0, 0.965677, 0.259748, 0.374726, -1e-06, -0.259748, 0.965676, 0.0, 0.0, 0.0, 0.0, 1.0],
                [1.0, -0.0, 1e-06, -0.0, -0.0, 0.880419, 0.474198, 0.374726, -1e-06, -0.474199, 0.880417, 0.0, 0.0, 0.0, 0.0, 1.0],
                [1.0, -0.0, 1e-06, -0.0, -0.0, 0.880419, 0.474198, 0.374726, -1e-06, -0.474199, 0.880417, 0.0, 0.0, 0.0, 0.0, 1.0],
                [1.0, -1e-06, 0.0, -0.0, 0.0, 0.361851, 0.932235, 0.374726, -1e-06, -0.932237, 0.36185, -0.0, 0.0, 0.0, 0.0, 1.0],
                [1.0, -1e-06, 0.0, -0.0, 0.0, 0.361851, 0.932235, 0.374726, -1e-06, -0.932237, 0.36185, -0.0, 0.0, 0.0, 0.0, 1.0],
                [1.0, -0.0, 1e-06, 0.0, -0.0, 0.965677, 0.259748, 0.374726, -1e-06, -0.259748, 0.965676, 0.0, 0.0, 0.0, 0.0, 1.0]
            ]
        },
        {
            "name": "Knee_R",
            "time": [0.0, 0.3333, 0.6167, 0.8333, 4.6667, 5.0],
            "transform": [
                [1.0, 0.0, 0.0, 0.0, -0.0, 1e-06, -1.0, 0.399479, -0.0, 1.0, 1e-06, 0.0, 0.0, 0.0, 0.0, 1.0],
                [1.0, 0.0, 0.0, -0.0, 0.0, 1e-06, -1.0, 0.399479, 0.0, 1.0, 1e-06, -0.0, 0.0, 0.0, 0.0, 1.0],
                [1.0, 0.0, 0.0, -0.0, 0.0, 1e-06, -1.0, 0.399479, 0.0, 1.0, 1e-06, -0.0, 0.0, 0.0, 0.0, 1.0],
                [1.0, -0.0, 0.0, -0.0, -0.0, 1e-06, -1.0, 0.470587, -0.0, 1.0, 1e-06, 0.0, 0.0, 0.0, 0.0, 1.0],
                [1.0, -0.0, 0.0, -0.0, -0.0, 1e-06, -1.0, 0.470587, -0.0, 1.0, 1e-06, 0.0, 0.0, 0.0, 0.0, 1.0],
                [1.0, 0.0, 0.0, 0.0, -0.0, 1e-06, -1.0, 0.399479, -0.0, 1.0, 1e-06, 0.0, 0.0, 0.0, 0.0, 1.0]
            ]
        },
        {
            "name": "Thigh_L",
            "time": [0.0, 0.3333, 0.6167, 0.8333, 4.6667, 5.0],
            "transform": [
                [0.831725, -0.25882, -0.491166, -0.142138, -0.247082, -0.964805, 0.090005, 0.01733, -0.497175, 0.046499, -0.866403, -0.023485, 0.0, 0.0, 0.0, 1.0],
                [0.722213, -0.263158, -0.639652, -0.142138, -0.288561, -0.955104, 0.067131, 0.01733, -0.628601, 0.136096, -0.765727, -0.023485, 0.0, 0.0, 0.0, 1.0],
                [0.722213, -0.263158, -0.639652, -0.142138, -0.288561, -0.955104, 0.067131, 0.01733, -0.628601, 0.136096, -0.765727, -0.023485, 0.0, 0.0, 0.0, 1.0],
                [0.772779, -0.60236, -0.199936, -0.146661, -0.253981, -0.582199, 0.772358, 0.045388, -0.581641, -0.546082, -0.602899, -0.030299, 0.0, 0.0, 0.0, 1.0],
                [0.772779, -0.60236, -0.199936, -0.146661, -0.253981, -0.582199, 0.772358, 0.045388, -0.581641, -0.546082, -0.602899, -0.030299, 0.0, 0.0, 0.0, 1.0],
                [0.831725, -0.25882, -0.491166, -0.142138, -0.247082, -0.964805, 0.090005, 0.01733, -0.497175, 0.046499, -0.866403, -0.023485, 0.0, 0.0, 0.0, 1.0]
            ]
        },
        {
            "name": "Leg_L",
            "time": [0.0, 0.3333, 0.6167, 0.8333, 4.6667, 5.0],
            "transform": [
                [1.0, -0.0, 1e-06, -0.0, -0.0, 0.906733, 0.421706, 0.374726, -1e-06, -0.421705, 0.906733, 0.0, 0.0, 0.0, 0.0, 1.0],
                [1.0, -0.0, 1e-06, 0.0, -0.0, 0.818904, 0.573931, 0.374726, -1e-06, -0.573931, 0.818904, -0.0, 0.0, 0.0, 0.0, 1.0],
                [1.0, -0.0, 1e-06, 0.0, -0.0, 0.818904, 0.573931, 0.374726, -1e-06, -0.573931, 0.818904, -0.0, 0.0, 0.0, 0.0, 1.0],
                [1.0, -1e-06, 0.0, 0.0, 0.0, 0.148027, 0.988984, 0.374726, -1e-06, -0.988983, 0.148027, 0.0, 0.0, 0.0, 0.0, 1.0],
                [1.0, -1e-06, 0.0, 0.0, 0.0, 0.148027, 0.988984, 0.374726, -1e-06, -0.988983, 0.148027, 0.0, 0.0, 0.0, 0.0, 1.0],
                [1.0, -0.0, 1e-06, -0.0, -0.0, 0.906733, 0.421706, 0.374726, -1e-06, -0.421705, 0.906733, 0.0, 0.0, 0.0, 0.0, 1.0]
            ]
        },
        {
            "name": "Knee_L",
            "time": [0.0, 0.3333, 0.6167, 0.8333, 4.6667, 5.0],
            "transform": [
                [1.0, 0.0, -0.0, -0.0, 0.0, 1e-06, -1.0, 0.37472, -0.0, 1.0, 1e-06, -0.0, 0.0, 0.0, 0.0, 1.0],
                [1.0, 0.0, 0.0, -0.0, 0.0, 1e-06, -1.0, 0.383932, -0.0, 1.0, 1e-06, 0.0, 0.0, 0.0, 0.0, 1.0],
                [1.0, 0.0, 0.0, -0.0, 0.0, 1e-06, -1.0, 0.383932, -0.0, 1.0, 1e-06, 0.0, 0.0, 0.0, 0.0, 1.0],
                [1.0, 0.0, -0.0, 0.0, -0.0, 0.0, -1.0, 0.469114, -0.0, 1.0, 0.0, -0.0, 0.0, 0.0, 0.0, 1.0],
                [1.0, 0.0, -0.0, 0.0, -0.0, 0.0, -1.0, 0.469114, -0.0, 1.0, 0.0, -0.0, 0.0, 0.0, 0.0, 1.0],
                [1.0, 0.0, -0.0, -0.0, 0.0, 1e-06, -1.0, 0.37472, -0.0, 1.0, 1e-06, -0.0, 0.0, 0.0, 0.0, 1.0]
            ]
        },
        {
            "name": "Torso",
            "time": [0.0, 0.3333, 0.6167, 0.8333, 4.6667, 5.0],
            "transform": [
                [0.981493, -0.124211, 0.145749, -0.0, 0.096371, 0.978083, 0.184572, 0.05, -0.16548, -0.167111, 0.971952, 0.0, 0.0, 0.0, 0.0, 1.0],
                [0.946143, -0.113161, 0.303329, -0.0, 0.055274, 0.97963, 0.193055, 0.05, -0.318996, -0.165892, 0.933125, -0.0, 0.0, 0.0, 0.0, 1.0],
                [0.952706, 0.02349, 0.302985, -0.0, -0.021377, 0.999719, -0.010289, 0.05, -0.303141, 0.003326, 0.95294, -0.0, 0.0, 0.0, 0.0, 1.0],
                [0.956741, -0.218377, 0.192246, 0.0, 0.124922, 0.9051, 0.406434, 0.05, -0.262757, -0.364836, 0.893226, -0.0, 0.0, 0.0, 0.0, 1.0],
                [0.956741, -0.218377, 0.192246, 0.0, 0.124922, 0.9051, 0.406434, 0.05, -0.262757, -0.364836, 0.893226, -0.0, 0.0, 0.0, 0.0, 1.0],
                [0.981493, -0.124211, 0.145749, -0.0, 0.096371, 0.978083, 0.184572, 0.05, -0.16548, -0.167111, 0.971952, 0.0, 0.0, 0.0, 0.0, 1.0]
            ]
        },
        {
            "name": "Chest",
            "time": [0.0, 0.3333, 0.6167, 0.8333, 4.6667, 5.0],
            "transform": [
                [0.98423, -0.054921, 0.168151, 0.0, -0.008604, 0.934592, 0.355618, 0.3, -0.176683, -0.351456, 0.919381, -0.0, 0.0, 0.0, 0.0, 1.0],
                [0.978302, 0.181199, 0.100462, 0.0, 0.033466, 0.34032, -0.939714, 0.3, -0.204464, 0.922686, 0.326871, -0.0, 0.0, 0.0, 0.0, 1.0],
                [0.980718, 0.175075, 0.086842, 0.0, 0.030316, 0.302693, -0.952606, 0.3, -0.193064, 0.93687, 0.291549, -0.0, 0.0, 0.0, 0.0, 1.0],
                [0.96173, 0.259881, -0.086824, 0.0, -0.104708, 0.641405, 0.760024, 0.3, 0.253205, -0.721846, 0.64407, 0.0, 0.0, 0.0, 0.0, 1.0],
                [0.96173, 0.259881, -0.086824, 0.0, -0.104708, 0.641405, 0.760024, 0.3, 0.253205, -0.721846, 0.64407, 0.0, 0.0, 0.0, 0.0, 1.0],
                [0.98423, -0.054921, 0.168151, 0.0, -0.008604, 0.934592, 0.355618, 0.3, -0.176683, -0.351456, 0.919381, -0.0, 0.0, 0.0, 0.0, 1.0]
            ]
        },
        {
            "name": "Head",
            "time": [0.0, 0.3333, 0.6167, 0.8333, 4.6667, 5.0],
            "transform": [
                [0.95876, -0.049638, 0.279849, 0.0, 0.069455, 0.995697, -0.061343, 0.4, -0.2756, 0.07825, 0.958082, 0.0, 0.0, 0.0, 0.0, 1.0],
                [0.998896, 0.022987, -0.040974, 0.0, -0.025651, 0.997507, -0.065733, 0.4, 0.039361, 0.066711, 0.996996, 0.0, 0.0, 0.0, 0.0, 1.0],
                [0.998896, 0.022987, -0.040974, -0.0, -0.025651, 0.997507, -0.065733, 0.4, 0.039361, 0.066711, 0.996996, 0.0, 0.0, 0.0, 0.0, 1.0],
                [0.997884, -0.025737, -0.059711, 0.0, 0.01535, 0.985616, -0.168302, 0.4, 0.063184, 0.16703, 0.983925, -0.0, 0.0, 0.0, 0.0, 1.0],
                [0.997884, -0.025737, -0.059711, 0.0, 0.01535, 0.985616, -0.168302, 0.4, 0.063184, 0.16703, 0.983925, -0.0, 0.0, 0.0, 0.0, 1.0],
                [0.95876, -0.049638, 0.279849, 0.0, 0.069455, 0.995697, -0.061343, 0.4, -0.2756, 0.07825, 0.958082, 0.0, 0.0, 0.0, 0.0, 1.0]
            ]
        },
        {
            "name": "Shoulder_R",
            "time": [0.0, 0.3333, 0.6167, 0.8333, 4.6667, 5.0],
            "transform": [
                [-0.018195, 0.962396, 0.271038, 0.0, 0.047011, -0.269959, 0.961723, 0.4, 0.998728, 0.030241, -0.040331, 0.0, 0.0, 0.0, 0.0, 1.0],
                [-0.018195, 0.962396, 0.271038, 0.0, 0.047011, -0.269959, 0.961723, 0.4, 0.998728, 0.030241, -0.040331, 0.0, 0.0, 0.0, 0.0, 1.0],
                [-0.018195, 0.962397, 0.271038, -0.0, 0.047011, -0.269959, 0.961723, 0.4, 0.998728, 0.030241, -0.040331, 0.0, 0.0, 0.0, 0.0, 1.0],
                [-0.018195, 0.962396, 0.271038, 0.0, 0.047011, -0.269959, 0.961723, 0.4, 0.998728, 0.030241, -0.040331, -0.0, 0.0, 0.0, 0.0, 1.0],
                [-0.018195, 0.962396, 0.271038, 0.0, 0.047011, -0.269959, 0.961723, 0.4, 0.998728, 0.030241, -0.040331, -0.0, 0.0, 0.0, 0.0, 1.0],
                [-0.018195, 0.962396, 0.271038, 0.0, 0.047011, -0.269959, 0.961723, 0.4, 0.998728, 0.030241, -0.040331, 0.0, 0.0, 0.0, 0.0, 1.0]
            ]
        },
        {
            "name": "Arm_R",
            "time": [0.0, 0.3333, 0.6167, 0.8333, 4.6667, 5.0],
            "transform": [
                [0.06583, -0.09156, -0.993621, 0.0, 0.815017, 0.579436, 0.000603, 0.39386, 0.575685, -0.809858, 0.112767, -0.0, 0.0, 0.0, 0.0, 1.0],
                [0.185489, -0.982454, -0.019417, -0.0, 0.974926, 0.181524, 0.128716, 0.39386, -0.122933, -0.042806, 0.991491, 0.0, 0.0, 0.0, 0.0, 1.0],
                [0.160477, -0.982746, 0.091965, -0.0, 0.976583, 0.171613, 0.129745, 0.393861, -0.143289, 0.06899, 0.987273, 0.0, 0.0, 0.0, 0.0, 1.0],
                [0.311286, -0.876793, -0.366517, 0.0, 0.681223, 0.474788, -0.557235, 0.393861, 0.662598, -0.07622, 0.745087, 0.0, 0.0, 0.0, 0.0, 1.0],
                [0.311286, -0.876793, -0.366517, 0.0, 0.681223, 0.474788, -0.557235, 0.393861, 0.662598, -0.07622, 0.745087, 0.0, 0.0, 0.0, 0.0, 1.0],
                [0.06583, -0.09156, -0.993621, 0.0, 0.815017, 0.579436, 0.000603, 0.39386, 0.575685, -0.809858, 0.112767, -0.0, 0.0, 0.0, 0.0, 1.0]
            ]
        },
        {
            "name": "Hand_R",
            "time": [0.0, 0.3333, 0.6167, 0.8333, 4.6667, 5.0],
            "transform": [
                [1.0, 0.0, 0.0, -0.0, -0.0, 0.550858, -0.834599, 0.300003, -0.0, 0.834599, 0.550858, 0.0, 0.0, 0.0, 0.0, 1.0],
                [1.0, -0.0, 0.0, 0.0, 0.0, 0.550858, -0.834599, 0.300003, -0.0, 0.834599, 0.550858, -0.0, 0.0, 0.0, 0.0, 1.0],
                [1.0, -0.0, -0.0, -0.0, -0.0, 0.550858, -0.834599, 0.300003, -0.0, 0.834599, 0.550858, 0.0, 0.0, 0.0, 0.0, 1.0],
                [1.0, -0.0, 0.0, 0.0, -0.0, 0.628884, -0.777499, 0.300003, -0.0, 0.777498, 0.628885, 0.0, 0.0, 0.0, 0.0, 1.0],
                [1.0, -0.0, 0.0, 0.0, -0.0, 0.628884, -0.777499, 0.300003, -0.0, 0.777498, 0.628885, 0.0, 0.0, 0.0, 0.0, 1.0],
                [1.0, 0.0, 0.0, -0.0, -0.0, 0.550858, -0.834599, 0.300003, -0.0, 0.834599, 0.550858, 0.0, 0.0, 0.0, 0.0, 1.0]
            ]
        },
        {
            "name": "Tool_R",
            "time": [0.0, 0.1667, 0.6167, 0.8333, 4.6667, 5.0],
            "transform": [
                [0.998134, 0.019335, 0.056393, 0.001877, 0.044204, -0.874409, -0.482415, 0.285422, 0.04, 0.483843, -0.874081, -0.036183, 0.0, 0.0, 0.0, 1.0],
                [0.645361, -0.756354, -0.104492, 0.016309, -0.758337, -0.619779, -0.200464, 0.248029, 0.086833, 0.208682, -0.974095, 0.071363, 0.0, 0.0, 0.0, 1.0],
                [-0.003973, -0.993215, -0.116094, 0.026692, 0.979819, 0.019336, -0.198735, 0.22113, 0.199742, -0.114607, 0.972575, 0.148729, 0.0, 0.0, 0.0, 1.0],
                [-0.355427, 0.761998, 0.540907, 0.024486, -0.818441, 0.02561, -0.573753, 0.226844, -0.451213, -0.64669, 0.614632, 0.132292, 0.0, 0.0, 0.0, 1.0],
                [-0.355427, 0.761998, 0.540907, 0.024486, -0.818441, 0.02561, -0.573753, 0.226844, -0.451213, -0.64669, 0.614632, 0.132292, 0.0, 0.0, 0.0, 1.0],
                [0.998134, 0.019335, 0.056393, 0.001877, 0.044204, -0.874409, -0.482415, 0.285422, 0.04, 0.483843, -0.874081, -0.036183, 0.0, 0.0, 0.0, 1.0]
            ]
        },
        {
            "name": "Elbow_R",
            "time": [0.0, 0.3333, 0.6167, 0.8333, 4.6667, 5.0],
            "transform": [
                [-1.0, -0.0, 0.0, -0.0, 0.0, -0.0, -1.0, 0.402854, 0.0, -1.0, 0.0, 0.0, 0.0, 0.0, 0.0, 1.0],
                [-1.0, -0.0, -0.0, 0.0, 0.0, -0.0, -1.0, 0.402854, 0.0, -1.0, -0.0, 0.0, 0.0, 0.0, 0.0, 1.0],
                [-1.0, -0.0, -0.0, 0.0, 0.0, -0.0, -1.0, 0.402855, 0.0, -1.0, -0.0, 0.0, 0.0, 0.0, 0.0, 1.0],
                [-1.0, 0.0, 0.0, 0.0, -0.0, -0.0, -1.0, 0.39379, -0.0, -1.0, -0.0, 0.0, 0.0, 0.0, 0.0, 1.0],
                [-1.0, 0.0, 0.0, 0.0, -0.0, -0.0, -1.0, 0.39379, -0.0, -1.0, -0.0, 0.0, 0.0, 0.0, 0.0, 1.0],
                [-1.0, -0.0, 0.0, -0.0, 0.0, -0.0, -1.0, 0.402854, 0.0, -1.0, 0.0, 0.0, 0.0, 0.0, 0.0, 1.0]
            ]
        },
        {
            "name": "Shoulder_L",
            "time": [0.0, 0.3333, 0.6167, 0.8333, 4.6667, 5.0],
            "transform": [
                [-0.084269, -0.95005, -0.300505, 0.0, 0.022067, -0.303283, 0.952645, 0.4, -0.996198, 0.073647, 0.046523, 0.0, 0.0, 0.0, 0.0, 1.0],
                [-0.084269, -0.95005, -0.300505, 0.0, 0.022068, -0.303283, 0.952645, 0.4, -0.996198, 0.073647, 0.046523, 0.0, 0.0, 0.0, 0.0, 1.0],
                [-0.084269, -0.95005, -0.300505, -0.0, 0.022068, -0.303283, 0.952645, 0.4, -0.996199, 0.073647, 0.046523, 0.0, 0.0, 0.0, 0.0, 1.0],
                [-0.084269, -0.95005, -0.300505, 0.0, 0.022068, -0.303283, 0.952645, 0.4, -0.996199, 0.073647, 0.046523, -0.0, 0.0, 0.0, 0.0, 1.0],
                [-0.084269, -0.95005, -0.300505, 0.0, 0.022068, -0.303283, 0.952645, 0.4, -0.996199, 0.073647, 0.046523, -0.0, 0.0, 0.0, 0.0, 1.0],
                [-0.084269, -0.95005, -0.300505, 0.0, 0.022067, -0.303283, 0.952645, 0.4, -0.996198, 0.073647, 0.046523, 0.0, 0.0, 0.0, 0.0, 1.0]
            ]
        },
        {
            "name": "Arm_L",
            "time": [0.0, 0.3333, 0.6167, 0.8333, 4.6667, 5.0],
            "transform": [
                [0.077392, -0.066524, 0.994779, -0.0, -0.829937, 0.548591, 0.101254, 0.39386, -0.552463, -0.83344, -0.012755, -0.0, 0.0, 0.0, 0.0, 1.0],
                [0.594059, 0.801152, -0.072448, 0.0, -0.750319, 0.519382, -0.408978, 0.39386, -0.290026, 0.297317, 0.909663, 0.0, 0.0, 0.0, 0.0, 1.0],
                [0.502673, 0.737309, -0.451326, -0.0, -0.862381, 0.391362, -0.321145, 0.39386, -0.060151, 0.550646, 0.832569, 0.0, 0.0, 0.0, 0.0, 1.0],
                [0.222524, 0.973095, 0.059749, -0.0, -0.684492, 0.19958, -0.70117, 0.39386, -0.694229, 0.115129, 0.710486, 0.0, 0.0, 0.0, 0.0, 1.0],
                [0.222524, 0.973095, 0.059749, -0.0, -0.684492, 0.19958, -0.70117, 0.39386, -0.694229, 0.115129, 0.710486, 0.0, 0.0, 0.0, 0.0, 1.0],
                [0.077392, -0.066524, 0.994779, -0.0, -0.829937, 0.548591, 0.101254, 0.39386, -0.552463, -0.83344, -0.012755, -0.0, 0.0, 0.0, 0.0, 1.0]
            ]
        },
        {
            "name": "Hand_L",
            "time": [0.0, 0.3333, 0.6167, 0.8333, 4.6667, 5.0],
            "transform": [
                [1.0, 0.0, -0.0, 0.0, -0.0, 0.795322, -0.606188, 0.300003, 0.0, 0.606188, 0.795322, 0.0, 0.0, 0.0, 0.0, 1.0],
                [1.0, -0.0, 0.0, 0.0, 0.0, 0.795322, -0.606188, 0.300003, 0.0, 0.606188, 0.795322, -0.0, 0.0, 0.0, 0.0, 1.0],
                [1.0, -0.0, 0.0, -0.0, 0.0, 0.795322, -0.606188, 0.300003, 0.0, 0.606188, 0.795322, 0.0, 0.0, 0.0, 0.0, 1.0],
                [1.0, 0.0, 0.0, -0.0, 0.0, 0.795322, -0.606187, 0.300003, 0.0, 0.606187, 0.795322, 0.0, 0.0, 0.0, 0.0, 1.0],
                [1.0, 0.0, 0.0, -0.0, 0.0, 0.795322, -0.606187, 0.300003, 0.0, 0.606187, 0.795322, 0.0, 0.0, 0.0, 0.0, 1.0],
                [1.0, 0.0, -0.0, 0.0, -0.0, 0.795322, -0.606188, 0.300003, 0.0, 0.606188, 0.795322, 0.0, 0.0, 0.0, 0.0, 1.0]
            ]
        },
        {
            "name": "Tool_L",
            "time": [0.0, 0.1667, 0.6167, 0.8333, 4.6667, 5.0],
            "transform": [
                [0.994423, 0.020557, 0.099624, -0.006931, 0.033894, -0.990182, -0.134189, 0.286809, 0.095869, 0.136844, -0.985935, -0.054563, 0.0, 0.0, 0.0, 1.0],
                [0.992197, -0.110519, -0.055319, -0.021647, -0.118806, -0.976232, -0.180387, 0.313499, -0.034079, 0.185604, -0.981732, 0.015655, 0.0, 0.0, 0.0, 1.0],
                [0.04464, -0.947105, -0.317508, -0.032234, 0.918279, -0.086235, 0.386052, 0.3327, -0.393169, -0.308942, 0.865609, 0.066169, 0.0, 0.0, 0.0, 1.0],
                [-0.907772, 0.068185, -0.413529, -0.029985, 0.113443, -0.909834, -0.398807, 0.328621, -0.403595, -0.409101, 0.818017, 0.055437, 0.0, 0.0, 0.0, 1.0],
                [-0.907772, 0.068185, -0.413529, -0.029985, 0.113443, -0.909834, -0.398807, 0.328621, -0.403595, -0.409101, 0.818017, 0.055437, 0.0, 0.0, 0.0, 1.0],
                [0.994423, 0.020557, 0.099624, -0.006931, 0.033894, -0.990182, -0.134189, 0.286809, 0.095869, 0.136844, -0.985935, -0.054563, 0.0, 0.0, 0.0, 1.0]
            ]
        },
        {
            "name": "Elbow_L",
            "time": [0.0, 0.3333, 0.6167, 0.8333, 4.6667, 5.0],
            "transform": [
                [-1.0, 0.0, 0.0, 0.0, 0.0, 0.0, -1.0, 0.371354, -0.0, -1.0, 0.0, 0.0, 0.0, 0.0, 0.0, 1.0],
                [-1.0, 0.0, -0.0, 0.0, 0.0, 0.0, -1.0, 0.371354, -0.0, -1.0, -0.0, -0.0, 0.0, 0.0, 0.0, 1.0],
                [-1.0, -0.0, 0.0, -0.0, -0.0, 0.0, -1.0, 0.371354, 0.0, -1.0, -0.0, 0.0, 0.0, 0.0, 0.0, 1.0],
                [-1.0, -0.0, 0.0, -0.0, 0.0, -0.0, -1.0, 0.371354, -0.0, -1.0, -0.0, 0.0, 0.0, 0.0, 0.0, 1.0],
                [-1.0, -0.0, 0.0, -0.0, 0.0, -0.0, -1.0, 0.371354, -0.0, -1.0, -0.0, 0.0, 0.0, 0.0, 0.0, 1.0],
                [-1.0, 0.0, 0.0, 0.0, 0.0, 0.0, -1.0, 0.371354, -0.0, -1.0, 0.0, 0.0, 0.0, 0.0, 0.0, 1.0]
            ]
        }
    ]
}