{
    "animation": [
        {
            "name": "Root",
            "time": [0.0, 0.3333, 0.7167, 0.75, 0.7833, 0.8167, 0.85, 0.8833, 0.9167, 0.95, 0.9833, 1.0167, 1.05, 1.0833, 1.1167, 1.15, 1.1833, 1.2167, 1.25, 1.2833, 1.3167, 1.35, 1.3833, 1.4167, 1.45, 1.4833, 1.5167, 1.55, 1.5833, 1.6167, 1.65, 1.6833, 1.7167, 1.75, 1.7833, 1.8167, 1.85, 1.8667, 1.8833, 1.9167, 1.95, 1.9833, 2.0167, 2.05, 2.0833, 2.3333],
            "transform": [
                [1.0, 0.000632, 1e-06, 0.000313, -1e-06, 0.003857, -0.999992, 0.109144, -0.000632, 0.999992, 0.003857, 0.663363, 0.0, 0.0, 0.0, 1.0],
                [0.999994, -0.001285, 0.003069, 0.143174, 0.003074, 0.00369, -0.999988, 0.818167, 0.001274, 0.999992, 0.003694, 0.629793, 0.0, 0.0, 0.0, 1.0],
                [0.999994, -0.001589, 0.002959, 0.087123, 0.002965, 0.00357, -0.999989, 0.864116, 0.001578, 0.999992, 0.003575, 0.668558, 0.0, 0.0, 0.0, 1.0],
                [0.999994, -0.00153, 0.002978, 0.038532, 0.002984, 0.003596, -0.999989, 0.930759, 0.00152, 0.999992, 0.0036, 0.670638, 0.0, 0.0, 0.0, 1.0],
                [0.999994, -0.000766, 0.003323, 0.009476, 0.003326, 0.003833, -0.999987, 1.04377, 0.000753, 0.999992, 0.003835, 0.610693, 0.0, 0.0, 0.0, 1.0],
                [1.0, 0.000396, 1e-06, -0.012398, -0.0, 0.003888, -0.999992, 1.177315, -0.000396, 0.999992, 0.003888, 0.514022, 0.0, 0.0, 0.0, 1.0],
                [0.999999, 0.001441, 3e-06, -0.035024, -3e-06, 0.003632, -0.999993, 1.295225, -0.001441, 0.999992, 0.003632, 0.419732, 0.0, 0.0, 0.0, 1.0],
                [0.999998, 0.001952, 3e-06, -0.059984, -3e-06, 0.003385, -0.999994, 1.323499, -0.001952, 0.999992, 0.003385, 0.350344, 0.0, 0.0, 0.0, 1.0],
                [0.999998, 0.001937, 4e-06, -0.061348, -3e-06, 0.003394, -0.999994, 1.336858, -0.001937, 0.999992, 0.003394, 0.343771, 0.0, 0.0, 0.0, 1.0],
                [0.999998, 0.001887, 3e-06, -0.062721, -3e-06, 0.003423, -0.999994, 1.350301, -0.001887, 0.999992, 0.003423, 0.339383, 0.0, 0.0, 0.0, 1.0],
                [0.999998, 0.00181, 3e-06, -0.064099, -3e-06, 0.003464, -0.999993, 1.363495, -0.00181, 0.999992, 0.003464, 0.337958, 0.0, 0.0, 0.0, 1.0],
                [0.999998, 0.001718, 3e-06, -0.063246, -3e-06, 0.003512, -0.999993, 1.376105, -0.001718, 0.999992, 0.003512, 0.336533, 0.0, 0.0, 0.0, 1.0],
                [0.999999, 0.001623, 3e-06, -0.062391, -3e-06, 0.003556, -0.999993, 1.387802, -0.001623, 0.999992, 0.003556, 0.338559, 0.0, 0.0, 0.0, 1.0],
                [0.999999, 0.001539, 3e-06, -0.061534, -3e-06, 0.003592, -0.999993, 1.398253, -0.001539, 0.999992, 0.003592, 0.340584, 0.0, 0.0, 0.0, 1.0],
                [0.999999, 0.001484, 3e-06, -0.060667, -3e-06, 0.003615, -0.999993, 1.407125, -0.001484, 0.999992, 0.003615, 0.345464, 0.0, 0.0, 0.0, 1.0],
                [0.999999, 0.00147, 3e-06, -0.059787, -2e-06, 0.003621, -0.999993, 1.414087, -0.00147, 0.999992, 0.003621, 0.350344, 0.0, 0.0, 0.0, 1.0],
                [0.999999, 0.001498, 2e-06, -0.058893, -3e-06, 0.003609, -0.999993, 1.418782, -0.001498, 0.999992, 0.003609, 0.35745, 0.0, 0.0, 0.0, 1.0],
                [0.999999, 0.001558, 3e-06, -0.056717, -3e-06, 0.003584, -0.999993, 1.421411, -0.001558, 0.999992, 0.003584, 0.364555, 0.0, 0.0, 0.0, 1.0],
                [0.999999, 0.001637, 3e-06, -0.054372, -3e-06, 0.003549, -0.999993, 1.422489, -0.001637, 0.999992, 0.003549, 0.373642, 0.0, 0.0, 0.0, 1.0],
                [0.999998, 0.001727, 3e-06, -0.05197, -3e-06, 0.003508, -0.999993, 1.422527, -0.001727, 0.999992, 0.003508, 0.382729, 0.0, 0.0, 0.0, 1.0],
                [0.999998, 0.001814, 4e-06, -0.04962, -3e-06, 0.003461, -0.999993, 1.422039, -0.001814, 0.999992, 0.003461, 0.393753, 0.0, 0.0, 0.0, 1.0],
                [0.999998, 0.001895, 4e-06, -0.047432, -3e-06, 0.003417, -0.999994, 1.421534, -0.001895, 0.999992, 0.003417, 0.404777, 0.0, 0.0, 0.0, 1.0],
                [0.999998, 0.001964, 3e-06, -0.045516, -3e-06, 0.003379, -0.999994, 1.421531, -0.001964, 0.999992, 0.003379, 0.417699, 0.0, 0.0, 0.0, 1.0],
                [0.999998, 0.002014, 3e-06, -0.043982, -3e-06, 0.003349, -0.999994, 1.422536, -0.002014, 0.999992, 0.003349, 0.43062, 0.0, 0.0, 0.0, 1.0],
                [0.999998, 0.002043, 3e-06, -0.042938, -3e-06, 0.003332, -0.999994, 1.425067, -0.002043, 0.999992, 0.003332, 0.445393, 0.0, 0.0, 0.0, 1.0],
                [0.999998, 0.002044, 3e-06, -0.0425, -4e-06, 0.003331, -0.999994, 1.429687, -0.002044, 0.999992, 0.003331, 0.460291, 0.0, 0.0, 0.0, 1.0],
                [0.999998, 0.001995, 4e-06, -0.043053, -3e-06, 0.00336, -0.999994, 1.437856, -0.001995, 0.999992, 0.00336, 0.480274, 0.0, 0.0, 0.0, 1.0],
                [0.999998, 0.001887, 3e-06, -0.044661, -3e-06, 0.003423, -0.999994, 1.45022, -0.001887, 0.999992, 0.003423, 0.50669, 0.0, 0.0, 0.0, 1.0],
                [0.999998, 0.001733, 3e-06, -0.046296, -3e-06, 0.003503, -0.999993, 1.465556, -0.001733, 0.999992, 0.003503, 0.53493, 0.0, 0.0, 0.0, 1.0],
                [0.999999, 0.001549, 3e-06, -0.047723, -3e-06, 0.003589, -0.999993, 1.482697, -0.001549, 0.999992, 0.003589, 0.563172, 0.0, 0.0, 0.0, 1.0],
                [0.999999, 0.001358, 2e-06, -0.048748, -3e-06, 0.003665, -0.999993, 1.500466, -0.001358, 0.999992, 0.003665, 0.585614, 0.0, 0.0, 0.0, 1.0],
                [0.999999, 0.001137, 2e-06, -0.049366, -2e-06, 0.003739, -0.999993, 1.519242, -0.001137, 0.999992, 0.003739, 0.602347, 0.0, 0.0, 0.0, 1.0],
                [0.999999, 0.000868, 2e-06, -0.04961, -2e-06, 0.003811, -0.999992, 1.539802, -0.000868, 0.999992, 0.003811, 0.615919, 0.0, 0.0, 0.0, 1.0],
                [1.0, 0.000592, 1e-06, -0.049492, -1e-06, 0.003863, -0.999992, 1.561575, -0.000592, 0.999992, 0.003863, 0.627177, 0.0, 0.0, 0.0, 1.0],
                [1.0, 0.000351, 1e-06, -0.049021, -0.0, 0.003892, -0.999992, 1.583994, -0.000351, 0.999992, 0.003892, 0.63645, 0.0, 0.0, 0.0, 1.0],
                [1.0, 0.000187, 0.0, -0.046039, -0.0, 0.003904, -0.999992, 1.606501, -0.000187, 0.999992, 0.003904, 0.645723, 0.0, 0.0, 0.0, 1.0],
                [1.0, 0.000118, 0.0, -0.04302, -0.0, 0.003906, -0.999992, 1.629789, -0.000118, 0.999992, 0.003906, 0.654997, 0.0, 0.0, 0.0, 1.0],
                [1.0, 0.000579, 1e-06, -0.002955, -1e-06, 0.003865, -0.999992, 1.799059, -0.000579, 0.999992, 0.003865, 0.665984, 0.0, 0.0, 0.0, 1.0],
                [1.0, 0.000117, 0.0, -0.037513, -0.0, 0.003906, -0.999992, 1.654236, -0.000117, 0.999992, 0.003906, 0.662253, 0.0, 0.0, 0.0, 1.0],
                [1.0, 0.000157, 0.0, -0.032083, -0.0, 0.003905, -0.999992, 1.678809, -0.000157, 0.999992, 0.003905, 0.66951, 0.0, 0.0, 0.0, 1.0],
                [1.0, 0.000215, -0.0, -0.026743, -1e-06, 0.003903, -0.999992, 1.702463, -0.000215, 0.999992, 0.003903, 0.674434, 0.0, 0.0, 0.0, 1.0],
                [1.0, 0.000272, 1e-06, -0.0215, -0.0, 0.0039, -0.999992, 1.724165, -0.000272, 0.999992, 0.0039, 0.67731, 0.0, 0.0, 0.0, 1.0],
                [1.0, 0.00033, 1e-06, -0.016356, -1e-06, 0.003894, -0.999992, 1.744782, -0.00033, 0.999992, 0.003894, 0.67718, 0.0, 0.0, 0.0, 1.0],
                [1.0, 0.000415, 1e-06, -0.011296, -0.0, 0.003887, -0.999992, 1.765009, -0.000415, 0.999992, 0.003887, 0.673448, 0.0, 0.0, 0.0, 1.0],
                [1.0, 0.0005, 1e-06, -0.006334, -0.0, 0.003876, -0.999992, 1.783538, -0.0005, 0.999992, 0.003876, 0.669716, 0.0, 0.0, 0.0, 1.0],
                [1.0, 0.000632, 1e-06, 0.000313, -1e-06, 0.003857, -0.999992, 1.810262, -0.000632, 0.999992, 0.003857, 0.663363, 0.0, 0.0, 0.0, 1.0]
            ]
        },
        {
            "name": "Thigh_R",
            "time": [0.0, 0.1667, 0.3333, 0.85, 0.9167, 0.95, 0.9833, 1.0167, 1.05, 1.0833, 1.1167, 1.15, 1.1833, 1.2167, 1.25, 1.2833, 1.3167, 1.35, 1.3833, 1.4167, 1.45, 1.4833, 1.5167, 1.55, 1.5833, 1.6167, 1.65, 1.6833, 1.7167, 1.75, 1.7833, 1.8167, 1.85, 1.8833, 1.9167, 1.95, 1.9833, 2.0167, 2.05, 2.0833, 2.1167, 2.3333],
            "transform": [
                [0.860512, 0.267303, 0.433663, 0.096232, 0.232828, -0.963534, 0.131904, 0.058663, 0.453105, -0.012536, -0.891368, 0.031335, 0.0, 0.0, 0.0, 1.0],
                [0.98598, 0.155826, 0.059655, 0.098225, -0.009672, -0.303551, 0.952769, 0.003903, 0.166574, -0.939987, -0.297789, -0.031902, 0.0, 0.0, 0.0, 1.0],
                [0.986, 0.155542, 0.060061, 0.098225, 0.042816, -0.584338, 0.810382, 0.003903, 0.161143, -0.796465, -0.582819, -0.031902, 0.0, 0.0, 0.0, 1.0],
                [0.986, 0.155542, 0.060061, 0.098225, 0.042816, -0.584338, 0.810382, 0.003903, 0.161143, -0.796465, -0.582819, -0.031902, 0.0, 0.0, 0.0, 1.0],
                [0.648649, 0.631285, 0.425127, 0.098225, 0.569093, -0.773193, 0.27983, 0.003903, 0.505356, 0.060425, -0.860794, -0.031902, 0.0, 0.0, 0.0, 1.0],
                [0.630829, 0.646359, 0.429272, 0.098225, 0.571176, -0.761288, 0.306916, 0.003903, 0.525176, 0.051578, -0.84943, -0.031902, 0.0, 0.0, 0.0, 1.0],
                [0.626979, 0.639358, 0.445105, 0.098225, 0.573002, -0.765566, 0.292537, 0.003903, 0.527791, 0.071631, -0.846349, -0.031902, 0.0, 0.0, 0.0, 1.0],
                [0.613603, 0.630662, 0.475139, 0.098225, 0.579674, -0.768368, 0.27127, 0.003903, 0.53616, 0.108974, -0.837054, -0.031902, 0.0, 0.0, 0.0, 1.0],
                [0.593021, 0.620431, 0.513217, 0.098225, 0.590057, -0.768554, 0.247299, 0.003903, 0.547865, 0.156173, -0.821861, -0.031902, 0.0, 0.0, 0.0, 1.0],
                [0.567292, 0.609971, 0.553278, 0.098225, 0.602801, -0.765314, 0.225665, 0.003903, 0.561078, 0.205498, -0.80185, -0.031902, 0.0, 0.0, 0.0, 1.0],
                [0.54175, 0.600354, 0.588288, 0.098225, 0.614856, -0.760265, 0.209641, 0.003903, 0.573112, 0.24814, -0.781007, -0.031902, 0.0, 0.0, 0.0, 1.0],
                [0.518585, 0.593646, 0.615349, 0.098225, 0.622825, -0.755345, 0.203818, 0.003903, 0.585795, 0.277557, -0.761451, -0.031902, 0.0, 0.0, 0.0, 1.0],
                [0.49577, 0.59554, 0.632095, 0.098225, 0.627813, -0.748665, 0.212958, 0.003903, 0.600051, 0.291259, -0.745056, -0.031902, 0.0, 0.0, 0.0, 1.0],
                [0.46645, 0.602803, 0.647344, 0.098224, 0.632415, -0.738944, 0.232406, 0.003903, 0.618444, 0.300984, -0.725904, -0.031902, 0.0, 0.0, 0.0, 1.0],
                [0.432641, 0.612687, 0.661391, 0.098225, 0.634363, -0.728153, 0.259571, 0.003903, 0.640626, 0.307261, -0.703697, -0.031902, 0.0, 0.0, 0.0, 1.0],
                [0.39714, 0.623611, 0.673343, 0.098225, 0.634746, -0.716543, 0.289245, 0.003903, 0.662853, 0.312531, -0.680404, -0.031902, 0.0, 0.0, 0.0, 1.0],
                [0.364439, 0.632018, 0.683914, 0.098225, 0.631945, -0.707278, 0.316862, 0.003903, 0.683978, 0.31672, -0.657163, -0.031902, 0.0, 0.0, 0.0, 1.0],
                [0.331095, 0.639033, 0.694272, 0.098225, 0.628003, -0.698383, 0.343326, 0.003903, 0.704262, 0.322331, -0.632548, -0.031903, 0.0, 0.0, 0.0, 1.0],
                [0.304502, 0.641712, 0.703908, 0.098225, 0.622934, -0.693218, 0.362493, 0.003903, 0.720575, 0.328109, -0.610833, -0.031902, 0.0, 0.0, 0.0, 1.0],
                [0.287242, 0.637839, 0.714602, 0.098225, 0.617341, -0.693701, 0.371037, 0.003903, 0.73238, 0.334575, -0.593026, -0.031902, 0.0, 0.0, 0.0, 1.0],
                [0.278982, 0.623957, 0.729964, 0.098225, 0.611461, -0.701551, 0.365979, 0.003903, 0.740461, 0.344243, -0.577248, -0.031902, 0.0, 0.0, 0.0, 1.0],
                [0.285147, 0.599044, 0.748224, 0.098225, 0.606286, -0.717345, 0.343268, 0.003903, 0.742365, 0.355756, -0.567743, -0.031902, 0.0, 0.0, 0.0, 1.0],
                [0.318498, 0.549568, 0.772358, 0.098225, 0.599626, -0.747862, 0.28487, 0.003903, 0.73417, 0.372395, -0.567729, -0.031902, 0.0, 0.0, 0.0, 1.0],
                [0.379746, 0.458662, 0.803383, 0.098225, 0.587327, -0.790494, 0.173684, 0.003903, 0.714729, 0.405893, -0.569573, -0.031902, 0.0, 0.0, 0.0, 1.0],
                [0.452419, 0.344396, 0.822624, 0.098225, 0.57582, -0.81718, 0.025431, 0.003903, 0.680988, 0.462178, -0.56802, -0.031902, 0.0, 0.0, 0.0, 1.0],
                [0.521449, 0.327825, 0.787797, 0.098224, 0.552225, -0.833486, -0.018685, 0.003903, 0.65049, 0.444784, -0.615655, -0.031902, 0.0, 0.0, 0.0, 1.0],
                [0.571295, 0.391402, 0.721407, 0.098225, 0.53706, -0.842935, 0.032029, 0.003903, 0.620634, 0.369141, -0.691773, -0.031902, 0.0, 0.0, 0.0, 1.0],
                [0.633766, 0.370921, 0.678792, 0.098225, 0.480195, -0.876624, 0.030683, 0.003903, 0.606425, 0.306507, -0.733691, -0.031902, 0.0, 0.0, 0.0, 1.0],
                [0.706898, 0.346453, 0.616657, 0.098225, 0.417847, -0.907983, 0.031133, 0.003903, 0.570699, 0.235661, -0.786618, -0.031902, 0.0, 0.0, 0.0, 1.0],
                [0.780737, 0.322552, 0.535172, 0.098225, 0.355556, -0.933619, 0.043994, 0.003902, 0.513835, 0.155936, -0.843599, -0.031902, 0.0, 0.0, 0.0, 1.0],
                [0.843281, 0.29636, 0.448381, 0.098225, 0.298026, -0.952078, 0.068774, 0.003903, 0.447274, 0.075633, -0.891195, -0.031902, 0.0, 0.0, 0.0, 1.0],
                [0.886366, 0.270552, 0.375707, 0.098225, 0.252233, -0.962674, 0.098168, 0.003903, 0.388242, 0.007752, -0.921526, -0.031902, 0.0, 0.0, 0.0, 1.0],
                [0.917217, 0.245202, 0.313984, 0.098225, 0.214466, -0.968106, 0.129526, 0.003903, 0.335728, -0.051465, -0.940554, -0.031902, 0.0, 0.0, 0.0, 1.0],
                [0.941955, 0.224844, 0.249327, 0.098225, 0.185913, -0.967696, 0.170293, 0.003903, 0.279561, -0.114055, -0.953331, -0.031902, 0.0, 0.0, 0.0, 1.0],
                [0.957289, 0.217809, 0.190146, 0.098225, 0.175544, -0.960405, 0.216349, 0.003903, 0.229739, -0.173729, -0.957623, -0.031902, 0.0, 0.0, 0.0, 1.0],
                [0.963287, 0.22348, 0.148773, 0.098225, 0.180187, -0.948972, 0.258813, 0.003903, 0.19902, -0.222504, -0.954403, -0.031902, 0.0, 0.0, 0.0, 1.0],
                [0.961641, 0.236767, 0.138509, 0.098225, 0.189646, -0.938691, 0.287914, 0.003903, 0.198185, -0.250602, -0.947589, -0.031902, 0.0, 0.0, 0.0, 1.0],
                [0.947926, 0.255436, 0.190225, 0.098225, 0.198889, -0.941275, 0.272848, 0.003903, 0.248747, -0.220806, -0.943066, -0.031902, 0.0, 0.0, 0.0, 1.0],
                [0.915567, 0.278879, 0.28976, 0.098225, 0.210542, -0.946265, 0.245471, 0.003903, 0.342645, -0.163738, -0.925088, -0.031902, 0.0, 0.0, 0.0, 1.0],
                [0.868513, 0.294568, 0.398639, 0.098225, 0.221471, -0.950128, 0.219564, 0.003903, 0.443433, -0.102407, -0.89044, -0.031902, 0.0, 0.0, 0.0, 1.0],
                [0.81958, 0.30569, 0.484605, 0.098224, 0.235637, -0.950778, 0.201237, 0.003903, 0.522266, -0.050739, -0.851273, -0.031902, 0.0, 0.0, 0.0, 1.0],
                [0.860512, 0.267303, 0.433663, 0.096232, 0.232828, -0.963534, 0.131904, 0.058663, 0.453105, -0.012536, -0.891368, 0.031335, 0.0, 0.0, 0.0, 1.0]
            ]
        },
        {
            "name": "Leg_R",
            "time": [0.0, 0.3333, 0.7167, 0.75, 0.7833, 0.8167, 0.85, 0.8833, 0.9167, 0.95, 0.9833, 1.0167, 1.05, 1.0833, 1.1167, 1.15, 1.1833, 1.2167, 1.25, 1.2833, 1.3167, 1.35, 1.3833, 1.4167, 1.45, 1.4833, 1.5167, 1.55, 1.5833, 1.6167, 1.65, 1.6833, 1.7167, 1.75, 1.7833, 1.8167, 1.85, 1.8833, 1.9167, 1.95, 1.9833, 2.0167, 2.05, 2.0833, 2.1167, 2.3333],
            "transform": [
                [0.999995, -0.001635, 0.001071, 0.0, 0.001069, 0.91608, 0.400996, 0.374726, -0.001637, -0.400993, 0.916082, -0.0, 0.0, 0.0, 0.0, 1.0],
                [1.000001, -0.001853, 0.000623, 0.0, 0.000621, 0.603473, 0.79738, 0.374726, -0.001854, -0.797378, 0.603473, 0.0, 0.0, 0.0, 0.0, 1.0],
                [1.000002, -0.001736, 0.000899, 0.0, 0.000898, 0.816443, 0.57742, 0.374726, -0.001737, -0.577419, 0.816443, 0.0, 0.0, 0.0, 0.0, 1.0],
                [1.000001, -0.001657, 0.001037, -0.0, 0.001035, 0.898856, 0.438237, 0.374726, -0.001658, -0.438236, 0.898855, -0.0, 0.0, 0.0, 0.0, 1.0],
                [1.000001, -0.001729, 0.000912, 0.0, 0.000912, 0.825129, 0.564939, 0.374726, -0.001729, -0.564938, 0.825128, 0.0, 0.0, 0.0, 0.0, 1.0],
                [1.000001, -0.001841, 0.000658, 0.0, 0.000656, 0.633046, 0.77411, 0.374726, -0.001842, -0.774109, 0.633045, 0.0, 0.0, 0.0, 0.0, 1.0],
                [1.000001, -0.001899, 0.000468, -0.0, 0.000467, 0.464461, 0.88559, 0.374726, -0.001899, -0.885589, 0.464461, 0.0, 0.0, 0.0, 0.0, 1.0],
                [1.000002, -0.00194, 0.000243, -0.0, 0.000241, 0.245551, 0.969381, 0.374726, -0.00194, -0.969379, 0.245551, 0.0, 0.0, 0.0, 0.0, 1.0],
                [1.000002, -0.001949, 0.00015, -0.0, 0.000149, 0.152913, 0.988238, 0.374726, -0.00195, -0.988235, 0.152913, -0.0, 0.0, 0.0, 0.0, 1.0],
                [1.000001, -0.001952, 0.000117, 0.0, 0.000118, 0.120231, 0.992744, 0.374726, -0.001952, -0.992741, 0.120231, -0.0, 0.0, 0.0, 0.0, 1.0],
                [1.000002, -0.001951, 0.000132, -0.0, 0.000131, 0.133924, 0.990989, 0.374726, -0.001951, -0.990986, 0.133924, -0.0, 0.0, 0.0, 0.0, 1.0],
                [1.000001, -0.001949, 0.000163, -0.0, 0.000162, 0.165455, 0.986215, 0.374726, -0.001949, -0.986212, 0.165455, -0.0, 0.0, 0.0, 0.0, 1.0],
                [1.000002, -0.001945, 0.000206, -0.0, 0.000204, 0.208617, 0.977995, 0.374726, -0.001945, -0.977992, 0.208617, 0.0, 0.0, 0.0, 0.0, 1.0],
                [1.000002, -0.00194, 0.000255, 0.0, 0.000253, 0.257339, 0.966319, 0.374726, -0.00194, -0.966316, 0.25734, 0.0, 0.0, 0.0, 0.0, 1.0],
                [1.000002, -0.001932, 0.000303, 0.0, 0.000302, 0.305417, 0.952216, 0.374726, -0.001932, -0.952214, 0.305417, 0.0, 0.0, 0.0, 0.0, 1.0],
                [1.0, -0.001925, 0.000338, -0.0, 0.000337, 0.339989, 0.940426, 0.374726, -0.001926, -0.940425, 0.339989, 0.0, 0.0, 0.0, 0.0, 1.0],
                [1.000002, -0.001922, 0.000358, 0.0, 0.000356, 0.358901, 0.933373, 0.374726, -0.001923, -0.93337, 0.358902, 0.0, 0.0, 0.0, 0.0, 1.0],
                [1.000001, -0.00192, 0.000369, 0.0, 0.000367, 0.369807, 0.929106, 0.374726, -0.00192, -0.929104, 0.369807, 0.0, 0.0, 0.0, 0.0, 1.0],
                [1.000002, -0.001919, 0.000373, -0.0, 0.000372, 0.374444, 0.927246, 0.374726, -0.001919, -0.927244, 0.374444, -0.0, 0.0, 0.0, 0.0, 1.0],
                [1.000002, -0.001918, 0.000378, -0.0, 0.000377, 0.379073, 0.925364, 0.374726, -0.001918, -0.925362, 0.379073, -0.0, 0.0, 0.0, 0.0, 1.0],
                [1.000001, -0.001917, 0.000384, -0.0, 0.000381, 0.383691, 0.923459, 0.374726, -0.001918, -0.923457, 0.383691, -0.0, 0.0, 0.0, 0.0, 1.0],
                [1.000002, -0.001916, 0.000392, -0.0, 0.000389, 0.391337, 0.920245, 0.374726, -0.001916, -0.920242, 0.391337, 0.0, 0.0, 0.0, 0.0, 1.0],
                [1.000001, -0.001913, 0.000406, 0.0, 0.000403, 0.404981, 0.914322, 0.374726, -0.001913, -0.914321, 0.404981, 0.0, 0.0, 0.0, 0.0, 1.0],
                [1.000002, -0.001908, 0.000429, -0.0, 0.000427, 0.427375, 0.904072, 0.374726, -0.001908, -0.904069, 0.427375, 0.0, 0.0, 0.0, 0.0, 1.0],
                [1.000002, -0.001899, 0.000466, 0.0, 0.000465, 0.462314, 0.886713, 0.374726, -0.001899, -0.88671, 0.462315, 0.0, 0.0, 0.0, 0.0, 1.0],
                [1.000001, -0.001885, 0.000521, -0.0, 0.000518, 0.512407, 0.858739, 0.374726, -0.001885, -0.858737, 0.512407, -0.0, 0.0, 0.0, 0.0, 1.0],
                [1.000002, -0.001856, 0.000617, -0.0, 0.000616, 0.598534, 0.801093, 0.374726, -0.001856, -0.801092, 0.598534, 0.0, 0.0, 0.0, 0.0, 1.0],
                [1.000002, -0.001792, 0.000783, 0.0, 0.000782, 0.733364, 0.679832, 0.374726, -0.001792, -0.67983, 0.733363, 0.0, 0.0, 0.0, 0.0, 1.0],
                [1.000001, -0.001679, 0.001001, -0.0, 0.001, 0.879354, 0.476163, 0.374726, -0.00168, -0.476162, 0.879353, 0.0, 0.0, 0.0, 0.0, 1.0],
                [1.000001, -0.001651, 0.001046, -0.0, 0.001044, 0.903767, 0.42802, 0.374726, -0.001652, -0.428018, 0.903765, -0.0, 0.0, 0.0, 0.0, 1.0],
                [1.000002, -0.001698, 0.000969, 0.0, 0.000968, 0.860696, 0.509112, 0.374726, -0.001699, -0.50911, 0.860696, -0.0, 0.0, 0.0, 0.0, 1.0],
                [1.000001, -0.001742, 0.000888, -0.0, 0.000886, 0.808403, 0.588625, 0.374726, -0.001743, -0.588623, 0.808402, -0.0, 0.0, 0.0, 0.0, 1.0],
                [1.000003, -0.001779, 0.00081, -0.0, 0.000809, 0.754131, 0.656719, 0.374726, -0.001779, -0.656717, 0.754131, 0.0, 0.0, 0.0, 0.0, 1.0],
                [1.000002, -0.001812, 0.000734, 0.0, 0.000734, 0.695802, 0.71823, 0.374726, -0.001812, -0.718228, 0.695801, -0.0, 0.0, 0.0, 0.0, 1.0],
                [1.000002, -0.001835, 0.000673, -0.0, 0.000672, 0.645951, 0.763375, 0.374726, -0.001835, -0.763373, 0.645951, 0.0, 0.0, 0.0, 0.0, 1.0],
                [1.000002, -0.001848, 0.000639, -0.0, 0.000637, 0.616891, 0.787044, 0.374726, -0.001848, -0.787042, 0.616891, -0.0, 0.0, 0.0, 0.0, 1.0],
                [1.000001, -0.001847, 0.000641, -0.0, 0.00064, 0.619307, 0.785145, 0.374726, -0.001847, -0.785144, 0.619307, 0.0, 0.0, 0.0, 0.0, 1.0],
                [1.000003, -0.001835, 0.000673, -0.0, 0.000672, 0.64595, 0.763376, 0.374726, -0.001836, -0.763373, 0.64595, 0.0, 0.0, 0.0, 0.0, 1.0],
                [1.000002, -0.001817, 0.000721, -0.0, 0.000721, 0.685475, 0.728091, 0.374726, -0.001817, -0.728089, 0.685476, -0.0, 0.0, 0.0, 0.0, 1.0],
                [1.000003, -0.001794, 0.000777, -0.0, 0.000775, 0.728802, 0.684719, 0.374726, -0.001795, -0.684717, 0.728802, -0.0, 0.0, 0.0, 0.0, 1.0],
                [1.000002, -0.001771, 0.000828, 0.0, 0.000827, 0.767038, 0.641597, 0.374726, -0.001771, -0.641595, 0.767038, -0.0, 0.0, 0.0, 0.0, 1.0],
                [1.000002, -0.001736, 0.0009, 0.0, 0.000899, 0.816861, 0.576829, 0.374726, -0.001736, -0.576828, 0.81686, 0.0, 0.0, 0.0, 0.0, 1.0],
                [1.000002, -0.001705, 0.000958, 0.0, 0.000957, 0.853682, 0.520789, 0.374726, -0.001705, -0.520788, 0.853681, 0.0, 0.0, 0.0, 0.0, 1.0],
                [1.000002, -0.001679, 0.001002, 0.0, 0.001001, 0.87978, 0.475375, 0.374726, -0.00168, -0.475374, 0.879779, 0.0, 0.0, 0.0, 0.0, 1.0],
                [1.000003, -0.001652, 0.001046, -0.0, 0.001044, 0.903462, 0.42866, 0.374726, -0.001653, -0.428659, 0.903461, 0.0, 0.0, 0.0, 0.0, 1.0],
                [0.999995, -0.001635, 0.001071, 0.0, 0.001069, 0.91608, 0.400996, 0.374726, -0.001637, -0.400993, 0.916082, 0.0, 0.0, 0.0, 0.0, 1.0]
            ]
        },
        {
            "name": "Knee_R",
            "time": [0.0, 2.3333],
            "transform": [
                [1.0, 0.0, 0.0, -0.0, 0.0, 1e-06, -1.0, 0.37472, -0.0, 1.0, 1e-06, -0.0, 0.0, 0.0, 0.0, 1.0],
                [1.0, 0.0, 0.0, 0.0, 0.0, 1e-06, -1.0, 0.37472, -0.0, 1.0, 1e-06, -0.0, 0.0, 0.0, 0.0, 1.0]
            ]
        },
        {
            "name": "Thigh_L",
            "time": [0.0, 0.3333, 0.7167, 0.75, 0.7833, 0.8167, 0.85, 0.8833, 0.9167, 0.95, 0.9833, 1.0167, 1.05, 1.0833, 1.1167, 1.15, 1.1833, 1.2167, 1.25, 1.2833, 1.3167, 1.35, 1.3833, 1.4167, 1.45, 1.4833, 1.5167, 1.55, 1.5833, 1.6167, 1.65, 1.6833, 1.7167, 1.75, 1.7833, 1.8167, 1.85, 1.8833, 1.9167, 1.95, 1.9833, 2.0167, 2.05, 2.0833, 2.1167, 2.3333],
            "transform": [
                [0.984786, -0.167668, 0.045695, -0.128273, -0.173724, -0.942938, 0.284054, 0.04514, -0.004539, -0.28767, -0.957719, -0.048974, 0.0, 0.0, 0.0, 1.0],
                [0.787059, -0.44307, -0.429198, -0.080049, -0.43131, -0.892717, 0.130573, 0.018306, -0.440989, 0.082352, -0.893723, 0.062769, 0.0, 0.0, 0.0, 1.0],
                [0.701336, -0.512458, -0.495485, -0.067739, -0.347929, -0.852801, 0.389484, 0.02344, -0.62212, -0.100769, -0.776401, 0.074463, 0.0, 0.0, 0.0, 1.0],
                [0.731372, -0.514968, -0.447094, -0.069857, -0.231284, -0.804061, 0.547737, 0.025133, -0.641534, -0.297204, -0.707172, 0.07191, 0.0, 0.0, 0.0, 1.0],
                [0.936268, -0.26123, -0.234797, -0.09417, -0.123495, -0.870653, 0.476173, 0.018331, -0.328805, -0.416845, -0.847426, 0.038462, 0.0, 0.0, 0.0, 1.0],
                [0.9825, -0.048881, 0.179651, -0.101184, -0.174542, -0.577621, 0.797432, 0.002979, 0.064789, -0.814858, -0.576046, -0.020889, 0.0, 0.0, 0.0, 1.0],
                [0.866185, -0.068699, 0.494961, -0.07463, -0.470537, -0.445563, 0.761623, -0.012962, 0.168209, -0.892623, -0.418266, -0.070323, 0.0, 0.0, 0.0, 1.0],
                [0.734856, 0.112345, 0.668847, -0.04988, -0.605725, -0.33488, 0.721767, -0.026957, 0.305065, -0.935548, -0.178039, -0.086415, 0.0, 0.0, 0.0, 1.0],
                [0.728069, 0.132574, 0.672556, -0.050026, -0.610443, -0.320964, 0.724112, -0.030606, 0.311859, -0.937775, -0.152755, -0.085105, 0.0, 0.0, 0.0, 1.0],
                [0.728704, 0.146515, 0.668967, -0.051924, -0.609863, -0.305516, 0.731248, -0.033968, 0.311514, -0.940855, -0.133277, -0.082658, 0.0, 0.0, 0.0, 1.0],
                [0.734801, 0.155217, 0.660278, -0.054874, -0.603725, -0.294011, 0.740993, -0.03704, 0.309138, -0.943123, -0.122332, -0.079367, 0.0, 0.0, 0.0, 1.0],
                [0.744308, 0.158519, 0.648744, -0.058317, -0.595259, -0.282903, 0.752083, -0.03947, 0.302745, -0.945967, -0.116208, -0.075655, 0.0, 0.0, 0.0, 1.0],
                [0.755608, 0.156658, 0.636007, -0.06175, -0.584755, -0.276158, 0.762754, -0.041236, 0.295125, -0.948268, -0.117061, -0.071896, 0.0, 0.0, 0.0, 1.0],
                [0.766607, 0.149617, 0.624435, -0.064645, -0.573775, -0.276915, 0.770777, -0.042326, 0.288231, -0.949184, -0.126438, -0.068645, 0.0, 0.0, 0.0, 1.0],
                [0.777673, 0.142105, 0.612389, -0.066619, -0.561972, -0.279467, 0.778513, -0.042752, 0.281768, -0.94959, -0.137475, -0.066459, 0.0, 0.0, 0.0, 1.0],
                [0.785268, 0.134633, 0.604333, -0.067208, -0.552489, -0.28818, 0.782116, -0.042476, 0.27945, -0.948073, -0.151916, -0.066043, 0.0, 0.0, 0.0, 1.0],
                [0.790605, 0.126798, 0.599046, -0.06649, -0.545147, -0.299725, 0.782929, -0.041398, 0.278817, -0.945571, -0.16784, -0.067438, 0.0, 0.0, 0.0, 1.0],
                [0.79338, 0.115954, 0.597572, -0.064826, -0.539811, -0.319651, 0.778733, -0.039589, 0.281307, -0.940422, -0.191012, -0.070092, 0.0, 0.0, 0.0, 1.0],
                [0.794466, 0.103935, 0.59834, -0.062379, -0.535787, -0.343875, 0.771155, -0.036949, 0.285899, -0.933254, -0.217511, -0.073663, 0.0, 0.0, 0.0, 1.0],
                [0.796457, 0.088419, 0.598186, -0.059409, -0.531214, -0.370289, 0.762034, -0.033619, 0.288875, -0.924708, -0.24795, -0.077607, 0.0, 0.0, 0.0, 1.0],
                [0.806503, 0.064577, 0.587683, -0.056227, -0.52016, -0.394968, 0.757253, -0.029668, 0.281012, -0.916432, -0.284952, -0.081491, 0.0, 0.0, 0.0, 1.0],
                [0.818157, 0.039337, 0.573636, -0.052964, -0.506691, -0.422245, 0.751647, -0.02546, 0.271777, -0.905638, -0.325532, -0.085023, 0.0, 0.0, 0.0, 1.0],
                [0.831505, 0.011623, 0.555384, -0.050087, -0.491587, -0.4502, 0.745428, -0.021112, 0.258693, -0.892862, -0.368631, -0.087908, 0.0, 0.0, 0.0, 1.0],
                [0.845994, -0.015555, 0.532953, -0.047922, -0.47411, -0.479231, 0.738619, -0.017094, 0.243913, -0.877562, -0.412802, -0.089963, 0.0, 0.0, 0.0, 1.0],
                [0.860839, -0.042036, 0.507122, -0.046707, -0.455638, -0.507384, 0.731408, -0.013622, 0.226555, -0.860706, -0.45593, -0.091187, 0.0, 0.0, 0.0, 1.0],
                [0.876899, -0.066603, 0.47602, -0.046802, -0.433906, -0.535719, 0.724385, -0.011115, 0.206762, -0.841778, -0.498672, -0.091478, 0.0, 0.0, 0.0, 1.0],
                [0.895534, -0.09056, 0.43566, -0.049472, -0.405836, -0.567711, 0.716244, -0.010804, 0.182462, -0.818245, -0.545158, -0.0901, 0.0, 0.0, 0.0, 1.0],
                [0.91739, -0.114119, 0.381251, -0.054906, -0.36855, -0.605062, 0.705746, -0.012561, 0.150138, -0.787972, -0.597138, -0.08666, 0.0, 0.0, 0.0, 1.0],
                [0.93909, -0.138084, 0.314674, -0.062144, -0.325936, -0.648001, 0.688381, -0.015109, 0.108852, -0.749033, -0.65354, -0.081194, 0.0, 0.0, 0.0, 1.0],
                [0.957038, -0.160026, 0.241755, -0.069914, -0.283536, -0.690602, 0.665348, -0.016967, 0.060482, -0.705327, -0.706307, -0.074209, 0.0, 0.0, 0.0, 1.0],
                [0.969327, -0.168568, 0.178788, -0.077199, -0.244685, -0.728845, 0.639474, -0.017267, 0.022513, -0.663623, -0.747737, -0.066521, 0.0, 0.0, 0.0, 1.0],
                [0.978345, -0.169704, 0.118381, -0.084779, -0.206374, -0.759213, 0.617269, -0.016141, -0.014876, -0.628351, -0.777796, -0.056879, 0.0, 0.0, 0.0, 1.0],
                [0.984401, -0.168313, 0.050962, -0.092248, -0.165144, -0.785219, 0.596805, -0.014299, -0.060431, -0.595929, -0.800767, -0.044376, 0.0, 0.0, 0.0, 1.0],
                [0.986084, -0.165557, -0.014067, -0.097921, -0.127712, -0.809428, 0.573182, -0.012293, -0.106277, -0.563426, -0.819309, -0.030722, 0.0, 0.0, 0.0, 1.0],
                [0.984653, -0.160611, -0.068048, -0.101179, -0.097967, -0.832009, 0.546064, -0.010587, -0.144316, -0.531035, -0.834976, -0.018283, 0.0, 0.0, 0.0, 1.0],
                [0.983171, -0.154465, -0.097369, -0.102496, -0.083308, -0.854027, 0.51354, -0.009167, -0.162474, -0.496803, -0.852524, -0.009695, 0.0, 0.0, 0.0, 1.0],
                [0.975498, -0.16284, -0.147823, -0.102884, -0.074479, -0.877058, 0.474604, -0.007898, -0.206927, -0.451982, -0.867698, -0.006001, 0.0, 0.0, 0.0, 1.0],
                [0.972248, -0.168171, -0.162537, -0.103001, -0.082567, -0.897044, 0.434193, -0.006459, -0.218814, -0.408737, -0.886036, -0.005714, 0.0, 0.0, 0.0, 1.0],
                [0.972563, -0.171193, -0.15742, -0.102951, -0.097293, -0.914321, 0.393166, -0.005026, -0.211232, -0.367076, -0.905892, -0.0077, 0.0, 0.0, 0.0, 1.0],
                [0.974247, -0.174974, -0.1421, -0.102747, -0.115004, -0.928074, 0.354235, -0.003514, -0.193854, -0.328781, -0.924298, -0.010691, 0.0, 0.0, 0.0, 1.0],
                [0.975749, -0.179118, -0.125676, -0.102455, -0.129851, -0.936338, 0.326254, -0.002169, -0.176107, -0.302034, -0.936891, -0.013481, 0.0, 0.0, 0.0, 1.0],
                [0.977185, -0.185481, -0.103299, -0.102025, -0.144675, -0.937897, 0.315355, -0.001001, -0.15537, -0.293226, -0.943336, -0.016535, 0.0, 0.0, 0.0, 1.0],
                [0.979572, -0.189903, -0.065876, -0.101247, -0.16032, -0.935885, 0.313766, 0.000216, -0.121232, -0.296806, -0.947213, -0.020798, 0.0, 0.0, 0.0, 1.0],
                [0.97988, -0.198003, -0.024376, -0.1002, -0.180901, -0.933453, 0.309791, 0.001862, -0.08409, -0.29916, -0.950493, -0.025298, 0.0, 0.0, 0.0, 1.0],
                [0.980546, -0.195783, 0.012766, -0.099087, -0.190455, -0.934279, 0.301463, 0.002775, -0.047092, -0.29804, -0.953393, -0.029284, 0.0, 0.0, 0.0, 1.0],
                [0.984786, -0.167668, 0.045695, -0.128273, -0.173724, -0.942938, 0.284054, 0.04514, -0.004539, -0.28767, -0.957719, -0.048974, 0.0, 0.0, 0.0, 1.0]
            ]
        },
        {
            "name": "Leg_L",
            "time": [0.0, 0.3333, 0.7167, 0.75, 0.7833, 0.8167, 0.85, 0.8833, 0.9167, 0.95, 0.9833, 1.0167, 1.05, 1.0833, 1.1167, 1.15, 1.1833, 1.2167, 1.25, 1.2833, 1.3167, 1.35, 1.3833, 1.4167, 1.45, 1.4833, 1.5167, 1.55, 1.5833, 1.6167, 1.65, 1.6833, 1.7167, 1.75, 1.7833, 1.8167, 1.85, 1.8833, 1.9167, 1.95, 1.9833, 2.0167, 2.05, 2.0833, 2.1167, 2.3333],
            "transform": [
                [0.999999, -0.001678, 0.001003, -0.0, 0.001, 0.880032, 0.474912, 0.374726, -0.00168, -0.47491, 0.880033, 0.0, 0.0, 0.0, 0.0, 1.0],
                [0.999994, 0.001848, -0.000629, -0.0, -0.000636, 0.613259, 0.789882, 0.374726, 0.001846, -0.78989, 0.613252, -0.0, 0.0, 0.0, 0.0, 1.0],
                [0.999992, 0.001893, -0.000479, -0.0, -0.000483, 0.477255, 0.878762, 0.374726, 0.001892, -0.878778, 0.477246, 0.0, 0.0, 0.0, 0.0, 1.0],
                [0.999992, 0.001925, -0.000325, 0.0, -0.000326, 0.32883, 0.944383, 0.374726, 0.001925, -0.944403, 0.328822, -0.0, 0.0, 0.0, 0.0, 1.0],
                [0.999993, 0.001944, -0.00019, -0.0, -0.00019, 0.193774, 0.981036, 0.374726, 0.001944, -0.981061, 0.193769, -0.0, 0.0, 0.0, 0.0, 1.0],
                [0.999991, 0.00195, -3.7e-05, -0.0, -4.3e-05, 0.040608, 0.999165, 0.374726, 0.00195, -0.999191, 0.040607, -0.0, 0.0, 0.0, 0.0, 1.0],
                [0.999994, 0.001829, -0.000669, -0.0, -0.000672, 0.646538, 0.762884, 0.374726, 0.001828, -0.762885, 0.646536, -0.0, 0.0, 0.0, 0.0, 1.0],
                [0.999997, 0.001924, -0.000287, 0.0, -0.00029, 0.293151, 0.956065, 0.374726, 0.001924, -0.956068, 0.29315, 0.0, 0.0, 0.0, 0.0, 1.0],
                [0.999998, 0.001932, -0.000229, 0.0, -0.000231, 0.23448, 0.972119, 0.374726, 0.001932, -0.972122, 0.234479, 0.0, 0.0, 0.0, 0.0, 1.0],
                [0.999998, 0.001937, -0.000182, 0.0, -0.000182, 0.18586, 0.982575, 0.374726, 0.001937, -0.982577, 0.185859, -0.0, 0.0, 0.0, 0.0, 1.0],
                [0.999998, 0.001941, -0.000143, 0.0, -0.000142, 0.145706, 0.989326, 0.374726, 0.001941, -0.989328, 0.145705, 0.0, 0.0, 0.0, 0.0, 1.0],
                [0.999998, 0.001943, -0.000113, 0.0, -0.000112, 0.115645, 0.993289, 0.374726, 0.001943, -0.993291, 0.115644, -0.0, 0.0, 0.0, 0.0, 1.0],
                [0.999997, 0.001944, -9.2e-05, -0.0, -9.1e-05, 0.094387, 0.995534, 0.374726, 0.001945, -0.995536, 0.094386, -0.0, 0.0, 0.0, 0.0, 1.0],
                [0.999997, 0.001945, -7.9e-05, -0.0, -7.7e-05, 0.080386, 0.996762, 0.374726, 0.001945, -0.996765, 0.080385, -0.0, 0.0, 0.0, 0.0, 1.0],
                [0.999998, 0.001944, -7.4e-05, -0.0, -7.1e-05, 0.074756, 0.9972, 0.374726, 0.001944, -0.997202, 0.074755, 0.0, 0.0, 0.0, 0.0, 1.0],
                [0.999998, 0.001945, -7.5e-05, 0.0, -7.4e-05, 0.076635, 0.997058, 0.374726, 0.001945, -0.99706, 0.076634, -0.0, 0.0, 0.0, 0.0, 1.0],
                [0.999997, 0.001945, -8.4e-05, 0.0, -8.2e-05, 0.085063, 0.996373, 0.374726, 0.001945, -0.996377, 0.085063, -0.0, 0.0, 0.0, 0.0, 1.0],
                [0.999997, 0.001943, -0.0001, -0.0, -9.9e-05, 0.10181, 0.994802, 0.374726, 0.001943, -0.994805, 0.10181, 0.0, 0.0, 0.0, 0.0, 1.0],
                [0.999996, 0.001942, -0.000123, 0.0, -0.000124, 0.126636, 0.991947, 0.374726, 0.001942, -0.991951, 0.126635, 0.0, 0.0, 0.0, 0.0, 1.0],
                [0.999996, 0.001939, -0.000154, -0.0, -0.000156, 0.159196, 0.987245, 0.374726, 0.001939, -0.98725, 0.159195, 0.0, 0.0, 0.0, 0.0, 1.0],
                [0.999997, 0.001937, -0.000193, 0.0, -0.000195, 0.198154, 0.980169, 0.374726, 0.001937, -0.980173, 0.198153, 0.0, 0.0, 0.0, 0.0, 1.0],
                [0.999995, 0.001932, -0.000237, 0.0, -0.000241, 0.243853, 0.96981, 0.374726, 0.001931, -0.969816, 0.243851, 0.0, 0.0, 0.0, 0.0, 1.0],
                [0.999995, 0.001925, -0.000286, -0.0, -0.000291, 0.293149, 0.956065, 0.374726, 0.001924, -0.95607, 0.293147, 0.0, 0.0, 0.0, 0.0, 1.0],
                [0.999996, 0.001919, -0.000339, -0.0, -0.000345, 0.345839, 0.938292, 0.374726, 0.001918, -0.938297, 0.345837, -0.0, 0.0, 0.0, 0.0, 1.0],
                [0.999995, 0.001908, -0.000392, -0.0, -0.000399, 0.397499, 0.917601, 0.374726, 0.001907, -0.917607, 0.397496, 0.0, 0.0, 0.0, 0.0, 1.0],
                [0.999994, 0.001896, -0.000445, -0.0, -0.000452, 0.448214, 0.893926, 0.374726, 0.001894, -0.893931, 0.44821, 0.0, 0.0, 0.0, 0.0, 1.0],
                [0.999995, 0.001882, -0.000502, 0.0, -0.000508, 0.500997, 0.865449, 0.374726, 0.00188, -0.865453, 0.500994, 0.0, 0.0, 0.0, 0.0, 1.0],
                [0.999994, 0.001862, -0.000571, 0.0, -0.000575, 0.562474, 0.826816, 0.374726, 0.001861, -0.826821, 0.562469, -0.0, 0.0, 0.0, 0.0, 1.0],
                [0.999992, 0.001836, -0.00065, 0.0, -0.000654, 0.63068, 0.776046, 0.374726, 0.001835, -0.776049, 0.630676, -0.0, 0.0, 0.0, 0.0, 1.0],
                [0.999992, 0.001806, -0.000733, -0.0, -0.000738, 0.699034, 0.715092, 0.374726, 0.001804, -0.715095, 0.69903, -0.0, 0.0, 0.0, 0.0, 1.0],
                [0.999991, 0.001773, -0.000811, 0.0, -0.000815, 0.758002, 0.652258, 0.374726, 0.001771, -0.652258, 0.757999, 0.0, 0.0, 0.0, 0.0, 1.0],
                [0.999992, 0.001743, -0.000876, -0.0, -0.00088, 0.804111, 0.594485, 0.374726, 0.001741, -0.594485, 0.804109, 0.0, 0.0, 0.0, 0.0, 1.0],
                [0.999991, 0.001712, -0.000937, -0.0, -0.000941, 0.843432, 0.537243, 0.374726, 0.00171, -0.537242, 0.84343, 0.0, 0.0, 0.0, 0.0, 1.0],
                [0.999991, 0.001678, -0.000996, 0.0, -0.000999, 0.878683, 0.477414, 0.374726, 0.001676, -0.477413, 0.878682, -0.0, 0.0, 0.0, 0.0, 1.0],
                [0.99999, 0.001646, -0.001049, -0.0, -0.001052, 0.907377, 0.420327, 0.374726, 0.001644, -0.420325, 0.907376, -0.0, 0.0, 0.0, 0.0, 1.0],
                [0.99999, 0.001615, -0.001096, -0.0, -0.001099, 0.929896, 0.367833, 0.374726, 0.001614, -0.367831, 0.929896, -0.0, 0.0, 0.0, 0.0, 1.0],
                [0.99999, 0.001588, -0.001136, -0.0, -0.001138, 0.946835, 0.32173, 0.374726, 0.001586, -0.321728, 0.946836, -0.0, 0.0, 0.0, 0.0, 1.0],
                [0.99999, 0.001567, -0.001165, -0.0, -0.001167, 0.958104, 0.28643, 0.374726, 0.001565, -0.286428, 0.958106, -0.0, 0.0, 0.0, 0.0, 1.0],
                [0.99999, 0.001552, -0.001186, 0.0, -0.001188, 0.965358, 0.260938, 0.374726, 0.00155, -0.260935, 0.96536, -0.0, 0.0, 0.0, 0.0, 1.0],
                [0.999991, 0.001541, -0.0012, 0.0, -0.001202, 0.969924, 0.243417, 0.374726, 0.001539, -0.243414, 0.969927, 0.0, 0.0, 0.0, 0.0, 1.0],
                [0.99999, 0.00154, -0.0012, -0.0, -0.001203, 0.970091, 0.242747, 0.374726, 0.001538, -0.242744, 0.970095, 0.0, 0.0, 0.0, 0.0, 1.0],
                [0.99999, 0.001563, -0.00117, 0.0, -0.001173, 0.960075, 0.279751, 0.374726, 0.001561, -0.279748, 0.960077, 0.0, 0.0, 0.0, 0.0, 1.0],
                [0.99999, 0.001599, -0.001121, -0.0, -0.001124, 0.940808, 0.338948, 0.374726, 0.001596, -0.338945, 0.94081, 0.0, 0.0, 0.0, 0.0, 1.0],
                [0.999991, 0.001631, -0.001073, 0.0, -0.001077, 0.919157, 0.393899, 0.374726, 0.001629, -0.393896, 0.919158, 0.0, 0.0, 0.0, 0.0, 1.0],
                [0.999991, 0.001654, -0.001037, 0.0, -0.001042, 0.901325, 0.43315, 0.374726, 0.001651, -0.433148, 0.901325, 0.0, 0.0, 0.0, 0.0, 1.0],
                [0.999999, -0.001678, 0.001003, -0.0, 0.001, 0.880032, 0.474912, 0.374726, -0.00168, -0.47491, 0.880033, 0.0, 0.0, 0.0, 0.0, 1.0]
            ]
        },
        {
            "name": "Knee_L",
            "time": [0.0, 2.3333],
            "transform": [
                [1.0, -0.0, -0.0, 0.0, 0.0, 1e-06, -1.0, 0.37472, -0.0, 1.0, 1e-06, -0.0, 0.0, 0.0, 0.0, 1.0],
                [1.0, -0.0, -0.0, 0.0, 0.0, 1e-06, -1.0, 0.37472, -0.0, 1.0, 1e-06, -0.0, 0.0, 0.0, 0.0, 1.0]
            ]
        },
        {
            "name": "Torso",
            "time": [0.0, 0.3333, 0.7167, 0.75, 0.7833, 0.8167, 0.85, 0.8833, 0.9167, 0.95, 0.9833, 1.0167, 1.05, 1.0833, 1.1167, 1.15, 1.1833, 1.2167, 1.25, 1.2833, 1.3167, 1.35, 1.3833, 1.4167, 1.45, 1.4833, 1.5167, 1.55, 1.5833, 1.6167, 1.65, 1.6833, 1.7167, 1.75, 1.7833, 1.8167, 1.85, 1.8833, 1.9167, 1.95, 1.9833, 2.0167, 2.05, 2.0833, 2.1167, 2.3333],
            "transform": [
                [0.957742, 0.055086, -0.282314, 0.0, 0.001026, 0.980826, 0.194864, 0.05, 0.287638, -0.186918, 0.939322, -0.0, 0.0, 0.0, 0.0, 1.0],
                [0.890494, -0.091088, 0.445787, -0.0, 0.016448, 0.985557, 0.168527, 0.05, -0.454702, -0.142739, 0.879132, 0.0, 0.0, 0.0, 0.0, 1.0],
                [0.818085, 0.024754, 0.574566, -0.0, -0.1345, 0.979599, 0.1493, 0.05, -0.559151, -0.199418, 0.804726, -0.0, 0.0, 0.0, 0.0, 1.0],
                [0.831514, 0.078689, 0.549906, 0.0, -0.201711, 0.965117, 0.166901, 0.05, -0.517593, -0.249701, 0.818382, -0.0, 0.0, 0.0, 0.0, 1.0],
                [0.975246, 0.04966, 0.215483, -0.0, -0.099555, 0.968714, 0.227321, 0.05, -0.197453, -0.243145, 0.949681, -0.0, 0.0, 0.0, 0.0, 1.0],
                [0.953552, -0.014105, -0.300906, 0.0, 0.100573, 0.95649, 0.273872, 0.05, 0.283952, -0.291413, 0.913482, -0.0, 0.0, 0.0, 0.0, 1.0],
                [0.707735, 0.011086, -0.706392, -0.0, 0.262906, 0.923929, 0.277905, 0.05, 0.65574, -0.382395, 0.650984, -0.0, 0.0, 0.0, 0.0, 1.0],
                [0.534904, 0.126681, -0.835363, -0.0, 0.34818, 0.867793, 0.354547, 0.05, 0.76984, -0.480503, 0.420078, 0.0, 0.0, 0.0, 0.0, 1.0],
                [0.596303, 0.17073, -0.784395, -0.0, 0.298621, 0.859821, 0.414162, 0.05, 0.745152, -0.4812, 0.461731, -0.0, 0.0, 0.0, 0.0, 1.0],
