{
    "animation": [
        {
            "name": "Root",
            "time": [0.0333, 0.0667, 0.1, 0.1333, 0.1667, 0.2, 0.2333, 0.2667, 0.3, 0.3333, 0.3667, 0.4, 0.4333, 0.4667, 0.5333, 0.7, 0.8, 0.9667, 1.0, 1.0333, 1.0667, 1.1333, 1.1667, 1.2, 1.3333],
            "transform": [
                [0.609596, -0.029269, -0.792159, -0.057976, -0.785181, -0.159604, -0.598329, -0.001533, -0.108921, 0.986737, -0.120277, 0.700515, 0.0, 0.0, 0.0, 1.0],
                [0.405531, -0.022046, -0.913805, -0.019101, -0.90765, -0.127997, -0.399711, 0.04991, -0.108153, 0.991519, -0.071918, 0.678291, 0.0, 0.0, 0.0, 1.0],
                [0.17323, 0.020323, -0.984662, 0.014601, -0.977107, -0.121743, -0.174414, 0.094173, -0.123421, 0.992343, -0.001232, 0.682913, 0.0, 0.0, 0.0, 1.0],
                [-0.078363, 0.05467, -0.995415, 0.056365, -0.989085, -0.129158, 0.070771, 0.145819, -0.124698, 0.990106, 0.064195, 0.676967, 0.0, 0.0, 0.0, 1.0],
                [-0.338773, 0.089131, -0.936626, 0.088205, -0.933559, -0.155598, 0.322857, 0.203671, -0.116962, 0.983781, 0.135923, 0.686681, 0.0, 0.0, 0.0, 1.0],
                [-0.544724, 0.094404, -0.833273, 0.134698, -0.828025, -0.217874, 0.51661, 0.256226, -0.13278, 0.97139, 0.196852, 0.701427, 0.0, 0.0, 0.0, 1.0],
                [-0.756164, 0.099245, -0.646797, 0.188336, -0.643383, -0.293097, 0.7072, 0.308419, -0.119389, 0.950907, 0.285485, 0.714927, 0.0, 0.0, 0.0, 1.0],
                [-0.940164, 0.091795, -0.328094, 0.250233, -0.337897, -0.37437, 0.863512, 0.369556, -0.043563, 0.922714, 0.382991, 0.709888, 0.0, 0.0, 0.0, 1.0],
                [-0.994941, 0.100309, -0.003185, 0.285062, -0.048709, -0.454897, 0.889199, 0.447114, 0.087747, 0.884865, 0.457487, 0.700483, 0.0, 0.0, 0.0, 1.0],
                [-0.891694, 0.133981, 0.432332, 0.306216, 0.302125, -0.535035, 0.788948, 0.526911, 0.33702, 0.834126, 0.436613, 0.706893, 0.0, 0.0, 0.0, 1.0],
                [-0.586895, 0.169328, 0.791746, 0.340363, 0.581827, -0.59182, 0.557859, 0.611868, 0.563038, 0.788072, 0.248819, 0.692667, 0.0, 0.0, 0.0, 1.0],
                [-0.29427, 0.198768, 0.934814, 0.360816, 0.693219, -0.628936, 0.351948, 0.681023, 0.6579, 0.751606, 0.047288, 0.741391, 0.0, 0.0, 0.0, 1.0],
                [0.058807, 0.24106, 0.968716, 0.373698, 0.7299, -0.672379, 0.123009, 0.755286, 0.681005, 0.69984, -0.215493, 0.731131, 0.0, 0.0, 0.0, 1.0],
                [0.336188, 0.265306, 0.903643, 0.38434, 0.700615, -0.711649, -0.051717, 0.817407, 0.629362, 0.650499, -0.42513, 0.860239, 0.0, 0.0, 0.0, 1.0],
                [0.804648, 0.223624, 0.550013, 0.371741, 0.435727, -0.851665, -0.291184, 1.186449, 0.403315, 0.473961, -0.782738, 1.081787, 0.0, 0.0, 0.0, 1.0],
                [0.230084, 0.641928, -0.731417, 0.292594, -0.316036, -0.661557, -0.680032, 2.254358, -0.920414, 0.387622, 0.050659, 1.348721, 0.0, 0.0, 0.0, 1.0],
                [-0.194216, -0.514551, -0.835163, 0.374923, 0.013303, -0.852678, 0.522249, 2.495055, -0.980858, 0.09032, 0.17245, 0.951958, 0.0, 0.0, 0.0, 1.0],
                [-0.78114, -0.131557, 0.610322, 0.307524, 0.551564, -0.603437, 0.575865, 2.856679, 0.292535, 0.786471, 0.543937, 0.664402, 0.0, 0.0, 0.0, 1.0],
                [-0.638287, -0.092681, 0.764186, 0.319773, 0.688658, -0.512342, 0.513065, 2.89536, 0.343977, 0.853754, 0.390851, 0.644281, 0.0, 0.0, 0.0, 1.0],
                [-0.492603, -0.065333, 0.867787, 0.347118, 0.793324, -0.443601, 0.416936, 2.932292, 0.357715, 0.893829, 0.270352, 0.637215, 0.0, 0.0, 0.0, 1.0],
                [-0.331804, -0.039377, 0.942516, 0.334147, 0.874661, -0.387082, 0.291745, 2.972145, 0.353347, 0.921193, 0.162879, 0.601198, 0.0, 0.0, 0.0, 1.0],
                [0.250963, -0.042906, 0.967035, 0.395337, 0.959564, -0.120475, -0.25437, 3.002464, 0.127418, 0.991779, 0.010936, 0.496242, 0.0, 0.0, 0.0, 1.0],
                [0.385494, 0.035448, 0.922018, 0.375053, 0.919344, -0.099898, -0.380535, 3.020762, 0.07862, 0.994356, -0.0711, 0.497614, 0.0, 0.0, 0.0, 1.0],
                [0.467469, 0.09578, 0.878794, 0.342872, 0.881889, -0.11916, -0.456128, 3.067543, 0.061029, 0.988234, -0.140172, 0.526996, 0.0, 0.0, 0.0, 1.0],
                [0.467469, 0.09578, 0.878794, 0.342872, 0.881889, -0.11916, -0.456128, 3.095159, 0.061029, 0.988234, -0.140172, 0.526996, 0.0, 0.0, 0.0, 1.0]
            ]
        },
        {
            "name": "Thigh_R",
            "time": [0.0333, 0.0667, 0.1, 0.1333, 0.1667, 0.2, 0.2333, 0.2667, 0.3, 0.3333, 0.3667, 0.4, 0.4333, 0.4667, 0.5333, 0.7, 0.8, 0.9667, 1.0, 1.0333, 1.0667, 1.1333, 1.1667, 1.2, 1.3333],
            "transform": [
                [0.845794, 0.450966, 0.285065, 0.124994, 0.42022, -0.892325, 0.164836, -0.011953, 0.328706, -0.019627, -0.944228, -1.2e-05, 0.0, 0.0, 0.0, 1.0],
                [0.866836, 0.469809, 0.16696, 0.124994, 0.389635, -0.847231, 0.361086, -0.011953, 0.311095, -0.247949, -0.917464, -1.2e-05, 0.0, 0.0, 0.0, 1.0],
                [0.856512, 0.484192, 0.178729, 0.124994, 0.32811, -0.778118, 0.535608, -0.011953, 0.39841, -0.400112, -0.825336, -1.2e-05, 0.0, 0.0, 0.0, 1.0],
                [0.847623, 0.511442, 0.141289, 0.124994, 0.282415, -0.660293, 0.695884, -0.011953, 0.449197, -0.549945, -0.704118, -1.2e-05, 0.0, 0.0, 0.0, 1.0],
                [0.892493, 0.450775, 0.016084, 0.124994, 0.272086, -0.566459, 0.777878, -0.011953, 0.359758, -0.689874, -0.62821, -1.2e-05, 0.0, 0.0, 0.0, 1.0],
                [0.918788, 0.394557, 0.012416, 0.124994, 0.199596, -0.491467, 0.847715, -0.011953, 0.340574, -0.776392, -0.530306, -1.2e-05, 0.0, 0.0, 0.0, 1.0],
                [0.939577, 0.342021, 0.014703, 0.124994, 0.123028, -0.377429, 0.91783, -0.011953, 0.319467, -0.860563, -0.396701, -1.2e-05, 0.0, 0.0, 0.0, 1.0],
                [0.954448, 0.296016, 0.037472, 0.124994, 0.039063, -0.248469, 0.967852, -0.011953, 0.29581, -0.9223, -0.248714, -1.2e-05, 0.0, 0.0, 0.0, 1.0],
                [0.973329, 0.219321, 0.067298, 0.124994, -0.031074, -0.164604, 0.98587, -0.011953, 0.2273, -0.961667, -0.153398, -1.2e-05, 0.0, 0.0, 0.0, 1.0],
                [0.981521, 0.166257, 0.09474, 0.124994, -0.083873, -0.071228, 0.993928, -0.011953, 0.171996, -0.983506, -0.055967, -1.2e-05, 0.0, 0.0, 0.0, 1.0],
                [0.961195, 0.213994, 0.174101, 0.124994, -0.175167, -0.014123, 0.984437, -0.011953, 0.213122, -0.976733, 0.02391, -1.2e-05, 0.0, 0.0, 0.0, 1.0],
                [0.949178, 0.24239, 0.200772, 0.124994, -0.208418, 0.00605, 0.978021, -0.011953, 0.235848, -0.97016, 0.056261, -1.2e-05, 0.0, 0.0, 0.0, 1.0],
                [0.939391, 0.275208, 0.204463, 0.124994, -0.212022, -0.002334, 0.977262, -0.011953, 0.269428, -0.961381, 0.056158, -1.2e-05, 0.0, 0.0, 0.0, 1.0],
                [0.920207, 0.327043, 0.215086, 0.124994, -0.207787, -0.057548, 0.97648, -0.011953, 0.331729, -0.943255, 0.014999, -1.2e-05, 0.0, 0.0, 0.0, 1.0],
                [0.851861, 0.445102, 0.276073, 0.124994, -0.132707, -0.326471, 0.935845, -0.011953, 0.506676, -0.833847, -0.21904, -1.2e-05, 0.0, 0.0, 0.0, 1.0],
                [0.544446, 0.799564, 0.253528, 0.124994, 0.060968, -0.339175, 0.938745, -0.011953, 0.836577, -0.495639, -0.233411, -1.2e-05, 0.0, 0.0, 0.0, 1.0],
                [0.606856, -0.266722, 0.748722, 0.124994, -0.193622, -0.963243, -0.186208, -0.011954, 0.770867, -0.031968, -0.636193, -1.2e-05, 0.0, 0.0, 0.0, 1.0],
                [0.897552, 0.389553, 0.206514, 0.124994, 0.348061, -0.913536, 0.210487, -0.011953, 0.270654, -0.117044, -0.955535, -1.2e-05, 0.0, 0.0, 0.0, 1.0],
                [0.879048, 0.433244, 0.19893, 0.124995, 0.358714, -0.87594, 0.322573, -0.011954, 0.314004, -0.212198, -0.925405, -1.1e-05, 0.0, 0.0, 0.0, 1.0],
                [0.849165, 0.485776, 0.20722, 0.124994, 0.364024, -0.82264, 0.436749, -0.011954, 0.382629, -0.295439, -0.875392, -1.2e-05, 0.0, 0.0, 0.0, 1.0],
                [0.82734, 0.535792, 0.168628, 0.124994, 0.38204, -0.756833, 0.530329, -0.011953, 0.411769, -0.374339, -0.830853, -1.2e-05, 0.0, 0.0, 0.0, 1.0],
                [0.757562, 0.644583, 0.103015, 0.124994, 0.400947, -0.584022, 0.705804, -0.011953, 0.515113, -0.493386, -0.700877, -1.2e-05, 0.0, 0.0, 0.0, 1.0],
                [0.72384, 0.68474, 0.084777, 0.124994, 0.431446, -0.545082, 0.718846, -0.011953, 0.538433, -0.483753, -0.689981, -1.2e-05, 0.0, 0.0, 0.0, 1.0],
                [0.7133, 0.699843, 0.037714, 0.124994, 0.484005, -0.5308, 0.695694, -0.011953, 0.506895, -0.477985, -0.717347, -1.2e-05, 0.0, 0.0, 0.0, 1.0],
                [0.709085, 0.704447, 0.030844, 0.124994, 0.480319, -0.51458, 0.710282, -0.011953, 0.516228, -0.488836, -0.703241, -1.1e-05, 0.0, 0.0, 0.0, 1.0]
            ]
        },
        {
            "name": "Leg_R",
            "time": [0.0333, 0.0667, 0.1, 0.1333, 0.1667, 0.2, 0.2333, 0.2667, 0.3, 0.3333, 0.3667, 0.4, 0.4333, 0.4667, 0.5333, 0.7, 0.8, 0.9667, 1.0, 1.0333, 1.0667, 1.1333, 1.1667, 1.2, 1.3333],
            "transform": [
                [1.0, -1e-06, -0.0, -0.0, 1e-06, 0.770835, 0.637035, 0.37472, -1e-06, -0.637035, 0.770835, -0.0, 0.0, 0.0, 0.0, 1.0],
                [1.0, -2e-06, -0.0, 0.0, 1e-06, 0.689523, 0.724264, 0.37472, -1e-06, -0.724264, 0.689523, -0.0, 0.0, 0.0, 0.0, 1.0],
                [1.0, -2e-06, 0.0, -0.0, 1e-06, 0.694697, 0.719303, 0.37472, -1e-06, -0.719303, 0.694697, -0.0, 0.0, 0.0, 0.0, 1.0],
                [1.0, -2e-06, -1e-06, -0.0, 2e-06, 0.649721, 0.760173, 0.37472, -1e-06, -0.760173, 0.649721, -0.0, 0.0, 0.0, 0.0, 1.0],
                [1.0, -2e-06, -1e-06, 0.0, 2e-06, 0.61988, 0.784696, 0.37472, -1e-06, -0.784696, 0.61988, 0.0, 0.0, 0.0, 0.0, 1.0],
                [1.0, -2e-06, -1e-06, -0.0, 2e-06, 0.602291, 0.798277, 0.37472, -1e-06, -0.798277, 0.602291, -0.0, 0.0, 0.0, 0.0, 1.0],
                [1.0, -2e-06, -1e-06, 0.0, 2e-06, 0.514265, 0.857631, 0.37472, -1e-06, -0.857631, 0.514265, 0.0, 0.0, 0.0, 0.0, 1.0],
                [1.0, -2e-06, -1e-06, -0.0, 2e-06, 0.377506, 0.926007, 0.37472, -1e-06, -0.926007, 0.377506, 0.0, 0.0, 0.0, 0.0, 1.0],
                [1.0, -2e-06, -1e-06, 0.0, 2e-06, 0.253596, 0.96731, 0.37472, -2e-06, -0.96731, 0.253596, -0.0, 0.0, 0.0, 0.0, 1.0],
                [1.0, -2e-06, -2e-06, -0.0, 2e-06, 0.144791, 0.989462, 0.37472, -2e-06, -0.989462, 0.144791, -0.0, 0.0, 0.0, 0.0, 1.0],
                [1.0, -3e-06, -2e-06, 0.0, 2e-06, 0.024296, 0.999705, 0.37472, -3e-06, -0.999705, 0.024296, -0.0, 0.0, 0.0, 0.0, 1.0],
                [1.0, -3e-06, -2e-06, 0.0, 2e-06, -0.062438, 0.998049, 0.37472, -3e-06, -0.998049, -0.062438, -0.0, 0.0, 0.0, 0.0, 1.0],
                [1.0, -2e-06, -2e-06, -0.0, 2e-06, -0.161208, 0.98692, 0.37472, -3e-06, -0.98692, -0.161208, -0.0, 0.0, 0.0, 0.0, 1.0],
                [1.0, -2e-06, -2e-06, 0.0, 2e-06, -0.182273, 0.983248, 0.37472, -3e-06, -0.983248, -0.182273, 0.0, 0.0, 0.0, 0.0, 1.0],
                [1.0, -3e-06, -2e-06, -0.0, 2e-06, -0.041484, 0.999139, 0.37472, -3e-06, -0.999139, -0.041484, -0.0, 0.0, 0.0, 0.0, 1.0],
                [1.0, -2e-06, -3e-06, 0.0, 2e-06, -0.200146, 0.979766, 0.37472, -2e-06, -0.979766, -0.200146, 0.0, 0.0, 0.0, 0.0, 1.0],
                [1.0, -3e-06, -3e-06, -0.0, 3e-06, 0.267259, 0.963625, 0.37472, -2e-06, -0.963625, 0.267259, -0.0, 0.0, 0.0, 0.0, 1.0],
                [1.0, -1e-06, -1e-06, -0.0, 2e-06, 0.742328, 0.670036, 0.37472, -0.0, -0.670036, 0.742328, 0.0, 0.0, 0.0, 0.0, 1.0],
                [1.0, -1e-06, -0.0, -1e-06, 1e-06, 0.667927, 0.744227, 0.37472, -1e-06, -0.744227, 0.667927, 0.0, 0.0, 0.0, 0.0, 1.0],
                [1.0, -2e-06, -1e-06, -0.0, 2e-06, 0.592578, 0.805513, 0.37472, -1e-06, -0.805513, 0.592578, -0.0, 0.0, 0.0, 0.0, 1.0],
                [1.0, -2e-06, -1e-06, 0.0, 2e-06, 0.534033, 0.845464, 0.37472, -1e-06, -0.845464, 0.534033, -0.0, 0.0, 0.0, 0.0, 1.0],
                [1.0, -2e-06, -0.0, 0.0, 1e-06, 0.371106, 0.92859, 0.37472, -2e-06, -0.92859, 0.371106, 0.0, 0.0, 0.0, 0.0, 1.0],
                [1.0, -2e-06, -0.0, -0.0, 1e-06, 0.323446, 0.946247, 0.374721, -2e-06, -0.946247, 0.323446, -0.0, 0.0, 0.0, 0.0, 1.0],
                [1.0, -2e-06, -1e-06, 0.0, 1e-06, 0.200475, 0.979699, 0.37472, -2e-06, -0.979699, 0.200475, -0.0, 0.0, 0.0, 0.0, 1.0],
                [0.999988, 0.000604, 0.004846, 0.0, -0.004882, 0.098839, 0.995091, 0.374721, 0.000122, -0.995103, 0.098841, -0.0, 0.0, 0.0, 0.0, 1.0]
            ]
        },
        {
            "name": "Foot_R",
            "time": [1.3333],
            "transform": [
                [0.941267, -0.123625, 0.314218, -0.0, 0.228947, 0.917657, -0.32479, 0.375, -0.248192, 0.377653, 0.892064, 0.0, 0.0, 0.0, 0.0, 1.0]
            ]
        },
        {
            "name": "Toe_R",
            "time": [1.3333],
            "transform": [
                [-0.959929, 0.280246, -0.000401, -0.0, -0.000109, -0.001803, -0.999998, 0.011421, -0.280246, -0.959927, 0.001762, 1e-06, 0.0, 0.0, 0.0, 1.0]
            ]
        },
        {
            "name": "Knee_R",
            "time": [0.0333, 0.0667, 0.1, 0.1333, 0.1667, 0.2, 0.2333, 0.2667, 0.3, 0.3333, 0.3667, 0.4, 0.4333, 0.4667, 0.5333, 0.7, 0.8, 0.9667, 1.0, 1.0333, 1.0667, 1.1333, 1.1667, 1.2, 1.3333],
            "transform": [
                [1.0, 0.0, -1e-06, -0.0, -1e-06, -3e-06, -1.0, 0.37472, -0.0, 1.0, -3e-06, 0.0, 0.0, 0.0, 0.0, 1.0],
                [1.0, 0.0, -1e-06, -0.0, -1e-06, -3e-06, -1.0, 0.37472, -0.0, 1.0, -3e-06, 0.0, 0.0, 0.0, 0.0, 1.0],
                [1.0, 0.0, -1e-06, -0.0, -1e-06, -3e-06, -1.0, 0.37472, -0.0, 1.0, -3e-06, -0.0, 0.0, 0.0, 0.0, 1.0],
                [1.0, 0.0, -1e-06, -0.0, -1e-06, -3e-06, -1.0, 0.37472, -0.0, 1.0, -3e-06, 0.0, 0.0, 0.0, 0.0, 1.0],
                [1.0, 0.0, -1e-06, -0.0, -1e-06, -3e-06, -1.0, 0.37472, -0.0, 1.0, -3e-06, 0.0, 0.0, 0.0, 0.0, 1.0],
                [1.0, 0.0, -1e-06, -0.0, -1e-06, -3e-06, -1.0, 0.37472, -0.0, 1.0, -3e-06, 0.0, 0.0, 0.0, 0.0, 1.0],
                [1.0, 0.0, -1e-06, -0.0, -1e-06, -3e-06, -1.0, 0.37472, -0.0, 1.0, -3e-06, 0.0, 0.0, 0.0, 0.0, 1.0],
                [1.0, 0.0, -1e-06, -0.0, -1e-06, -3e-06, -1.0, 0.37472, -0.0, 1.0, -3e-06, -0.0, 0.0, 0.0, 0.0, 1.0],
                [1.0, 0.0, -1e-06, -0.0, -1e-06, -3e-06, -1.0, 0.37472, -0.0, 1.0, -3e-06, -0.0, 0.0, 0.0, 0.0, 1.0],
                [1.0, 0.0, -1e-06, -0.0, -1e-06, -3e-06, -1.0, 0.37472, -0.0, 1.0, -3e-06, 0.0, 0.0, 0.0, 0.0, 1.0],
                [1.0, 0.0, -1e-06, -0.0, -1e-06, -3e-06, -1.0, 0.37472, -0.0, 1.0, -3e-06, -0.0, 0.0, 0.0, 0.0, 1.0],
                [1.0, 0.0, -1e-06, -0.0, -1e-06, -3e-06, -1.0, 0.37472, -0.0, 1.0, -3e-06, 0.0, 0.0, 0.0, 0.0, 1.0],
                [1.0, 0.0, -1e-06, -0.0, -1e-06, -3e-06, -1.0, 0.37472, -0.0, 1.0, -3e-06, -0.0, 0.0, 0.0, 0.0, 1.0],
                [1.0, 0.0, -1e-06, -0.0, -1e-06, -3e-06, -1.0, 0.37472, -0.0, 1.0, -3e-06, 0.0, 0.0, 0.0, 0.0, 1.0],
                [1.0, 0.0, -1e-06, -0.0, -1e-06, -3e-06, -1.0, 0.37472, -0.0, 1.0, -3e-06, 0.0, 0.0, 0.0, 0.0, 1.0],
                [1.0, 0.0, -1e-06, 0.0, -1e-06, -3e-06, -1.0, 0.37472, -0.0, 1.0, -3e-06, 0.0, 0.0, 0.0, 0.0, 1.0],
                [1.0, 0.0, -1e-06, -0.0, -0.0, -3e-06, -1.0, 0.37472, -0.0, 1.0, -3e-06, -0.0, 0.0, 0.0, 0.0, 1.0],
                [1.0, 0.0, -0.0, -0.0, -0.0, -3e-06, -1.0, 0.37472, -0.0, 1.0, -3e-06, 0.0, 0.0, 0.0, 0.0, 1.0],
                [1.0, 0.0, -1e-06, -0.0, -1e-06, -3e-06, -1.0, 0.37472, -0.0, 1.0, -3e-06, 0.0, 0.0, 0.0, 0.0, 1.0],
                [1.0, 0.0, -0.0, -0.0, -1e-06, -3e-06, -1.0, 0.37472, -0.0, 1.0, -3e-06, -0.0, 0.0, 0.0, 0.0, 1.0],
                [1.0, 0.0, -1e-06, -0.0, -1e-06, -3e-06, -1.0, 0.37472, -0.0, 1.0, -3e-06, -0.0, 0.0, 0.0, 0.0, 1.0],
                [1.0, 0.0, -1e-06, -0.0, -1e-06, -3e-06, -1.0, 0.37472, -0.0, 1.0, -3e-06, 0.0, 0.0, 0.0, 0.0, 1.0],
                [1.0, 0.0, -1e-06, -0.0, -1e-06, -3e-06, -1.0, 0.37472, -0.0, 1.0, -3e-06, -0.0, 0.0, 0.0, 0.0, 1.0],
                [1.0, 0.0, -1e-06, -0.0, -1e-06, -3e-06, -1.0, 0.37472, -0.0, 1.0, -3e-06, 0.0, 0.0, 0.0, 0.0, 1.0],
                [1.0, 0.0, -1e-06, -0.0, -1e-06, -3e-06, -1.0, 0.37472, -0.0, 1.0, -3e-06, -0.0, 0.0, 0.0, 0.0, 1.0]
            ]
        },
        {
            "name": "Thigh_L",
            "time": [0.0333, 0.0667, 0.1, 0.1333, 0.1667, 0.2, 0.2333, 0.2667, 0.3, 0.3333, 0.3667, 0.4, 0.4333, 0.4667, 0.5333, 0.7, 0.8, 0.9667, 1.0, 1.0333, 1.0667, 1.1333, 1.1667, 1.2, 1.3333],
            "transform": [
                [0.962255, -0.251097, 0.104958, -0.125006, -0.271322, -0.91519, 0.29801, -0.002831, 0.021227, -0.315239, -0.948775, -1.2e-05, 0.0, 0.0, 0.0, 1.0],
                [0.968121, -0.218294, 0.122836, -0.125006, -0.249157, -0.88961, 0.382771, -0.002831, 0.02572, -0.401174, -0.915641, -1.2e-05, 0.0, 0.0, 0.0, 1.0],
                [0.979314, -0.152244, 0.133292, -0.125006, -0.196346, -0.874217, 0.444064, -0.002831, 0.04892, -0.461049, -0.886025, -1.2e-05, 0.0, 0.0, 0.0, 1.0],
                [0.982819, -0.09827, 0.156239, -0.125006, -0.160931, -0.870744, 0.464656, -0.002831, 0.090382, -0.481816, -0.871598, -1.2e-05, 0.0, 0.0, 0.0, 1.0],
                [0.98578, -0.072077, 0.151798, -0.125006, -0.13522, -0.876557, 0.461913, -0.002831, 0.099766, -0.47587, -0.873839, -1.2e-05, 0.0, 0.0, 0.0, 1.0],
                [0.98908, -0.088076, 0.118163, -0.125006, -0.13413, -0.870187, 0.474114, -0.002831, 0.061066, -0.484786, -0.872498, -1.2e-05, 0.0, 0.0, 0.0, 1.0],
                [0.989802, -0.117403, 0.08068, -0.125006, -0.141153, -0.884638, 0.444399, -0.002831, 0.019199, -0.451255, -0.892188, -1.2e-05, 0.0, 0.0, 0.0, 1.0],
                [0.987648, -0.147108, 0.053946, -0.125006, -0.155954, -0.88965, 0.429185, -0.002831, -0.015144, -0.432297, -0.901604, -1.2e-05, 0.0, 0.0, 0.0, 1.0],
                [0.976825, -0.209979, 0.041484, -0.125006, -0.207503, -0.881518, 0.424108, -0.002831, -0.052485, -0.422888, -0.904661, -1.2e-05, 0.0, 0.0, 0.0, 1.0],
                [0.957453, -0.285314, 0.043366, -0.125006, -0.278921, -0.876294, 0.392826, -0.002831, -0.074078, -0.388208, -0.91859, -1.2e-05, 0.0, 0.0, 0.0, 1.0],
                [0.933429, -0.353492, 0.061271, -0.125006, -0.35192, -0.868971, 0.34791, -0.002831, -0.06974, -0.346311, -0.935524, -1.2e-05, 0.0, 0.0, 0.0, 1.0],
                [0.906944, -0.412258, 0.086575, -0.125006, -0.416971, -0.849345, 0.323648, -0.002831, -0.059894, -0.32963, -0.942208, -1.2e-05, 0.0, 0.0, 0.0, 1.0],
                [0.885169, -0.449299, 0.120855, -0.125006, -0.464201, -0.835234, 0.29479, -0.002831, -0.031507, -0.31704, -0.947889, -1.2e-05, 0.0, 0.0, 0.0, 1.0],
                [0.871936, -0.463944, 0.156471, -0.125006, -0.489586, -0.822363, 0.289871, -0.002831, -0.005808, -0.329355, -0.944188, -1.2e-05, 0.0, 0.0, 0.0, 1.0],
                [0.680041, -0.700359, -0.216889, -0.125006, -0.707859, -0.704238, 0.054624, -0.002831, -0.190998, 0.11638, -0.974667, -1.2e-05, 0.0, 0.0, 0.0, 1.0],
                [0.504379, -0.701736, 0.503158, -0.125006, -0.695101, 0.01574, 0.71874, -0.002831, -0.512285, -0.712263, -0.479838, -1.2e-05, 0.0, 0.0, 0.0, 1.0],
                [0.999231, -0.03138, 0.023508, -0.125006, -0.039196, -0.815122, 0.577961, -0.002831, 0.001026, -0.578438, -0.815726, -1.2e-05, 0.0, 0.0, 0.0, 1.0],
                [0.944568, -0.319352, 0.076193, -0.125006, -0.207298, -0.400154, 0.892695, -0.002831, -0.254595, -0.859006, -0.444174, -1.2e-05, 0.0, 0.0, 0.0, 1.0],
                [0.909705, -0.40648, 0.084913, -0.125006, -0.235274, -0.336031, 0.911992, -0.002831, -0.342173, -0.849622, -0.401323, -1.1e-05, 0.0, 0.0, 0.0, 1.0],
                [0.843292, -0.537142, 0.018333, -0.125006, -0.202249, -0.285551, 0.936779, -0.002831, -0.497949, -0.793686, -0.34944, -1.2e-05, 0.0, 0.0, 0.0, 1.0],
                [0.769371, -0.638526, 0.018772, -0.125006, -0.238086, -0.259357, 0.935975, -0.002831, -0.592775, -0.724581, -0.351566, -1.2e-05, 0.0, 0.0, 0.0, 1.0],
                [0.638088, -0.769514, -0.026299, -0.125006, -0.310895, -0.288744, 0.905523, -0.002831, -0.704406, -0.569627, -0.423482, -1.2e-05, 0.0, 0.0, 0.0, 1.0],
                [0.616648, -0.782813, -0.083359, -0.125006, -0.311629, -0.339966, 0.887305, -0.002831, -0.722934, -0.521178, -0.453586, -1.2e-05, 0.0, 0.0, 0.0, 1.0],
                [0.590163, -0.798217, -0.120652, -0.125006, -0.381084, -0.407216, 0.83003, -0.002831, -0.711676, -0.443875, -0.544511, -1.2e-05, 0.0, 0.0, 0.0, 1.0],
                [0.767178, -0.61821, 0.171036, -0.125006, -0.489792, -0.392426, 0.778528, -0.002831, -0.414175, -0.681042, -0.603855, -1.2e-05, 0.0, 0.0, 0.0, 1.0]
            ]
        },
        {
            "name": "Leg_L",
            "time": [0.0333, 0.0667, 0.1, 0.1333, 0.1667, 0.2, 0.2333, 0.2667, 0.3, 0.3333, 0.3667, 0.4, 0.4333, 0.4667, 0.6, 0.7, 0.8, 0.9667, 1.0, 1.0333, 1.0667, 1.1333, 1.1667, 1.2, 1.3333],
            "transform": [
                [1.0, -2e-06, -0.0, 0.0, 2e-06, 0.727594, 0.686008, 0.37472, -1e-06, -0.686008, 0.727594, -0.0, 0.0, 0.0, 0.0, 1.0],
                [1.0, -3e-06, -1e-06, -0.0, 3e-06, 0.624787, 0.780796, 0.37472, -2e-06, -0.780795, 0.624787, -0.0, 0.0, 0.0, 0.0, 1.0],
                [1.0, -2e-06, -2e-06, -0.0, 3e-06, 0.574671, 0.818385, 0.37472, -1e-06, -0.818385, 0.574671, -0.0, 0.0, 0.0, 0.0, 1.0],
                [1.0, -3e-06, -1e-06, -0.0, 3e-06, 0.576471, 0.817118, 0.37472, -1e-06, -0.817118, 0.576471, 0.0, 0.0, 0.0, 0.0, 1.0],
                [1.0, -2e-06, -1e-06, 0.0, 3e-06, 0.604154, 0.796868, 0.37472, -1e-06, -0.796868, 0.604154, 0.0, 0.0, 0.0, 0.0, 1.0],
                [1.0, -3e-06, -1e-06, 0.0, 2e-06, 0.609007, 0.793165, 0.37472, -2e-06, -0.793165, 0.609007, 0.0, 0.0, 0.0, 0.0, 1.0],
                [1.0, -2e-06, -1e-06, 0.0, 2e-06, 0.643564, 0.765392, 0.37472, -1e-06, -0.765392, 0.643564, 0.0, 0.0, 0.0, 0.0, 1.0],
                [1.0, -2e-06, -1e-06, 0.0, 2e-06, 0.681057, 0.73223, 0.37472, -1e-06, -0.73223, 0.681057, 0.0, 0.0, 0.0, 0.0, 1.0],
                [1.0, -3e-06, -1e-06, 0.0, 3e-06, 0.692865, 0.721067, 0.37472, -1e-06, -0.721067, 0.692865, -0.0, 0.0, 0.0, 0.0, 1.0],
                [1.0, -2e-06, -1e-06, 0.0, 2e-06, 0.685193, 0.728361, 0.37472, -1e-06, -0.728361, 0.685193, -0.0, 0.0, 0.0, 0.0, 1.0],
                [1.0, -3e-06, -1e-06, 0.0, 3e-06, 0.690555, 0.723279, 0.37472, -1e-06, -0.723279, 0.690555, 0.0, 0.0, 0.0, 0.0, 1.0],
                [1.0, -3e-06, -1e-06, -0.0, 3e-06, 0.697982, 0.716115, 0.37472, -1e-06, -0.716115, 0.697982, -0.0, 0.0, 0.0, 0.0, 1.0],
                [1.0, -3e-06, -1e-06, -0.0, 2e-06, 0.710173, 0.704028, 0.37472, -1e-06, -0.704028, 0.710173, -0.0, 0.0, 0.0, 0.0, 1.0],
                [1.0, -3e-06, -1e-06, -0.0, 3e-06, 0.731682, 0.681646, 0.37472, -2e-06, -0.681646, 0.731682, 0.0, 0.0, 0.0, 0.0, 1.0],
                [1.0, -0.0, -2e-06, 0.0, 2e-06, -0.33469, 0.942328, 0.37472, -1e-06, -0.942328, -0.33469, -0.0, 0.0, 0.0, 0.0, 1.0],
                [1.0, 1e-06, 0.0, -0.0, -1e-06, 0.999986, 0.005241, 0.374719, -0.0, -0.005241, 0.999986, -0.0, 0.0, 0.0, 0.0, 1.0],
                [1.0, -2e-06, 0.0, -0.0, 2e-06, 0.915458, 0.402413, 0.37472, -1e-06, -0.402413, 0.915458, -0.0, 0.0, 0.0, 0.0, 1.0],
                [1.0, -3e-06, -1e-06, 0.0, 3e-06, 0.410612, 0.91181, 0.37472, -2e-06, -0.91181, 0.410612, 0.0, 0.0, 0.0, 0.0, 1.0],
                [1.0, -4e-06, -2e-06, -0.0, 3e-06, 0.32504, 0.9457, 0.37472, -3e-06, -0.9457, 0.32504, 0.0, 0.0, 0.0, 0.0, 1.0],
                [1.0, -3e-06, -2e-06, 0.0, 3e-06, 0.279677, 0.960094, 0.37472, -2e-06, -0.960094, 0.279677, 0.0, 0.0, 0.0, 0.0, 1.0],
                [1.0, -3e-06, -2e-06, -0.0, 2e-06, 0.203544, 0.979066, 0.37472, -3e-06, -0.979066, 0.203544, 0.0, 0.0, 0.0, 0.0, 1.0],
                [1.0, -4e-06, -3e-06, 1e-06, 3e-06, 0.148991, 0.988838, 0.37472, -3e-06, -0.988838, 0.148991, 0.0, 0.0, 0.0, 0.0, 1.0],
                [1.0, -3e-06, -2e-06, 0.0, 3e-06, 0.175234, 0.984527, 0.37472, -3e-06, -0.984527, 0.175234, 0.0, 0.0, 0.0, 0.0, 1.0],
                [1.0, -1e-06, -2e-06, 0.0, 2e-06, -0.098525, 0.995135, 0.37472, -1e-06, -0.995135, -0.098525, -0.0, 0.0, 0.0, 0.0, 1.0],
                [1.0, -1e-06, -2e-06, 0.0, 2e-06, -0.098525, 0.995135, 0.37472, -1e-06, -0.995135, -0.098525, -0.0, 0.0, 0.0, 0.0, 1.0]
            ]
        },
        {
            "name": "Foot_L",
            "time": [1.3333],
            "transform": [
                [-0.497708, 0.031942, -0.866757, 0.0, 0.045213, 0.998918, 0.010851, 0.375, 0.866166, -0.033788, -0.498614, -0.0, 0.0, 0.0, 0.0, 1.0]
            ]
        },
        {
            "name": "Toe_L",
            "time": [1.3333],
            "transform": [
                [0.495519, -0.868597, 0.000531, -0.0, -8.2e-05, -0.000659, -0.999999, 0.011421, 0.868597, 0.495519, -0.000397, -0.0, 0.0, 0.0, 0.0, 1.0]
            ]
        },
        {
            "name": "Knee_L",
            "time": [0.0333, 0.0667, 0.1, 0.1333, 0.1667, 0.2, 0.2333, 0.2667, 0.3, 0.3333, 0.3667, 0.4, 0.4333, 0.4667, 0.5333, 0.7, 0.8, 0.9667, 1.0, 1.0333, 1.0667, 1.1333, 1.1667, 1.2, 1.3333],
            "transform": [
                [1.0, 0.0, -1e-06, -0.0, -1e-06, -3e-06, -1.0, 0.37472, -0.0, 1.0, -3e-06, -0.0, 0.0, 0.0, 0.0, 1.0],
                [1.0, 0.0, -0.0, -0.0, -1e-06, -3e-06, -1.0, 0.37472, -0.0, 1.0, -3e-06, -0.0, 0.0, 0.0, 0.0, 1.0],
                [1.0, 0.0, -1e-06, -0.0, -0.0, -3e-06, -1.0, 0.37472, -0.0, 1.0, -3e-06, -0.0, 0.0, 0.0, 0.0, 1.0],
                [1.0, 0.0, -1e-06, -0.0, -1e-06, -3e-06, -1.0, 0.37472, -0.0, 1.0, -3e-06, -0.0, 0.0, 0.0, 0.0, 1.0],
                [1.0, 0.0, -1e-06, -0.0, -1e-06, -3e-06, -1.0, 0.37472, -0.0, 1.0, -3e-06, -0.0, 0.0, 0.0, 0.0, 1.0],
                [1.0, 0.0, -1e-06, -0.0, -1e-06, -3e-06, -1.0, 0.37472, -0.0, 1.0, -3e-06, -0.0, 0.0, 0.0, 0.0, 1.0],
                [1.0, 0.0, -1e-06, -0.0, -1e-06, -3e-06, -1.0, 0.37472, -0.0, 1.0, -3e-06, -0.0, 0.0, 0.0, 0.0, 1.0],
                [1.0, 0.0, -1e-06, -0.0, -1e-06, -3e-06, -1.0, 0.37472, -0.0, 1.0, -3e-06, -0.0, 0.0, 0.0, 0.0, 1.0],
                [1.0, 0.0, -1e-06, -0.0, -1e-06, -3e-06, -1.0, 0.37472, -0.0, 1.0, -3e-06, -0.0, 0.0, 0.0, 0.0, 1.0],
                [1.0, 0.0, -1e-06, -0.0, -1e-06, -3e-06, -1.0, 0.37472, -0.0, 1.0, -3e-06, -0.0, 0.0, 0.0, 0.0, 1.0],
                [1.0, 0.0, -1e-06, -0.0, -1e-06, -3e-06, -1.0, 0.37472, -0.0, 1.0, -3e-06, -0.0, 0.0, 0.0, 0.0, 1.0],
                [1.0, 0.0, -1e-06, -0.0, -1e-06, -3e-06, -1.0, 0.37472, -0.0, 1.0, -3e-06, -0.0, 0.0, 0.0, 0.0, 1.0],
                [1.0, 0.0, -1e-06, -0.0, -1e-06, -3e-06, -1.0, 0.37472, -0.0, 1.0, -3e-06, -0.0, 0.0, 0.0, 0.0, 1.0],
                [1.0, 0.0, -1e-06, -0.0, -1e-06, -3e-06, -1.0, 0.37472, -0.0, 1.0, -3e-06, -0.0, 0.0, 0.0, 0.0, 1.0],
                [1.0, 0.0, -1e-06, -0.0, -1e-06, -3e-06, -1.0, 0.37472, -0.0, 1.0, -3e-06, -0.0, 0.0, 0.0, 0.0, 1.0],
                [1.0, 0.0, -1e-06, -0.0, -1e-06, -3e-06, -1.0, 0.37472, -0.0, 1.0, -3e-06, -0.0, 0.0, 0.0, 0.0, 1.0],
                [1.0, 0.0, -1e-06, -0.0, -1e-06, -3e-06, -1.0, 0.37472, -0.0, 1.0, -3e-06, -0.0, 0.0, 0.0, 0.0, 1.0],
                [1.0, 0.0, -1e-06, -0.0, -1e-06, -3e-06, -1.0, 0.37472, -0.0, 1.0, -3e-06, 0.0, 0.0, 0.0, 0.0, 1.0],
                [1.0, 0.0, -1e-06, -0.0, -1e-06, -3e-06, -1.0, 0.37472, -0.0, 1.0, -3e-06, -0.0, 0.0, 0.0, 0.0, 1.0],
                [1.0, 0.0, -1e-06, -0.0, -1e-06, -3e-06, -1.0, 0.37472, -0.0, 1.0, -3e-06, -0.0, 0.0, 0.0, 0.0, 1.0],
                [1.0, 0.0, -0.0, -0.0, -1e-06, -3e-06, -1.0, 0.37472, -0.0, 1.0, -3e-06, -0.0, 0.0, 0.0, 0.0, 1.0],
                [1.0, 0.0, -1e-06, 0.0, -1e-06, -3e-06, -1.0, 0.37472, -0.0, 1.0, -3e-06, -0.0, 0.0, 0.0, 0.0, 1.0],
                [1.0, 0.0, -0.0, -0.0, -1e-06, -3e-06, -1.0, 0.37472, -0.0, 1.0, -3e-06, -0.0, 0.0, 0.0, 0.0, 1.0],
                [1.0, 0.0, -1e-06, 0.0, -1e-06, -3e-06, -1.0, 0.37472, -0.0, 1.0, -3e-06, -0.0, 0.0, 0.0, 0.0, 1.0],
                [1.0, 0.0, -1e-06, -0.0, -1e-06, -3e-06, -1.0, 0.37472, -0.0, 1.0, -3e-06, -0.0, 0.0, 0.0, 0.0, 1.0]
            ]
        },
        {
            "name": "Torso",
            "time": [0.0333, 0.0667, 0.1, 0.1333, 0.1667, 0.2, 0.2333, 0.2667, 0.3, 0.3333, 0.3667, 0.4, 0.4333, 0.4667, 0.5333, 0.7, 0.8, 0.9667, 1.0, 1.0333, 1.0667, 1.1333, 1.1667, 1.2, 1.3333],
            "transform": [
                [0.999304, -0.02594, 0.026817, 0.0, 0.019831, 0.978107, 0.207154, 0.05, -0.031603, -0.206478, 0.977941, -0.0, 0.0, 0.0, 0.0, 1.0],
                [0.999799, 0.01266, 0.015552, 0.0, -0.015881, 0.973391, 0.228599, 0.05, -0.012244, -0.2288, 0.973396, -0.0, 0.0, 0.0, 0.0, 1.0],
                [0.99903, 0.043927, 0.00309, -0.0, -0.043211, 0.964384, 0.260953, 0.05, 0.008483, -0.260833, 0.965347, -0.0, 0.0, 0.0, 0.0, 1.0],
                [0.997057, 0.076087, -0.009439, 0.0, -0.070012, 0.953729, 0.292402, 0.05, 0.03125, -0.290881, 0.956249, -0.0, 0.0, 0.0, 0.0, 1.0],
                [0.995322, 0.093757, -0.023326, -0.0, -0.08202, 0.947562, 0.308868, 0.05, 0.051062, -0.30551, 0.950819, 0.0, 0.0, 0.0, 0.0, 1.0],
                [0.995491, 0.087529, -0.036549, 0.0, -0.071284, 0.944564, 0.320495, 0.05, 0.062575, -0.316445, 0.946545, -0.0, 0.0, 0.0, 0.0, 1.0],
                [0.995567, 0.079264, -0.050641, -0.0, -0.058314, 0.94256, 0.328907, 0.05, 0.073803, -0.324496, 0.943004, -0.0, 0.0, 0.0, 0.0, 1.0],
                [0.995697, 0.068291, -0.062644, -0.0, -0.043564, 0.941564, 0.334004, 0.05, 0.081793, -0.329838, 0.940488, -0.0, 0.0, 0.0, 0.0, 1.0],
                [0.995849, 0.04964, -0.076286, 0.0, -0.021319, 0.942075, 0.334724, 0.05, 0.088482, -0.331708, 0.939223, -0.0, 0.0, 0.0, 0.0, 1.0],
                [0.995122, 0.035269, -0.092133, -0.0, -0.002346, 0.942107, 0.335304, 0.05, 0.098625, -0.333453, 0.937594, 0.0, 0.0, 0.0, 0.0, 1.0],
                [0.99483, 0.021882, -0.099169, 0.0, 0.013209, 0.940335, 0.339994, 0.05, 0.100692, -0.339546, 0.935184, 0.0, 0.0, 0.0, 0.0, 1.0],
                [0.995034, 0.007944, -0.099214, -0.0, 0.026551, 0.939503, 0.341511, 0.05, 0.095925, -0.34245, 0.934627, 0.0, 0.0, 0.0, 0.0, 1.0],
                [0.99566, -0.006084, -0.092865, 0.0, 0.036787, 0.942322, 0.332681, 0.05, 0.085485, -0.334654, 0.938456, 0.0, 0.0, 0.0, 0.0, 1.0],
                [0.996425, -0.01444, -0.083239, 0.0, 0.040943, 0.944382, 0.326292, 0.05, 0.073898, -0.328533, 0.941597, -0.0, 0.0, 0.0, 0.0, 1.0],
                [0.997097, 0.002941, -0.076089, 0.0, 0.020773, 0.950846, 0.308967, 0.05, 0.073258, -0.309651, 0.948024, 0.0, 0.0, 0.0, 0.0, 1.0],
                [0.91681, 0.350704, 0.190963, 0.0, -0.258608, 0.885831, -0.38526, 0.05, -0.304273, 0.303826, 0.902833, 0.0, 0.0, 0.0, 0.0, 1.0],
                [0.989634, -0.134565, 0.050165, -0.0, 0.116103, 0.955266, 0.272006, 0.05, -0.084523, -0.263362, 0.960987, -0.0, 0.0, 0.0, 0.0, 1.0],
                [0.994256, -0.074469, 0.07687, -0.0, 0.050798, 0.96053, 0.273499, 0.05, -0.094203, -0.268023, 0.958796, -0.0, 0.0, 0.0, 0.0, 1.0],
                [0.99443, -0.083659, 0.064117, 1e-06, 0.06348, 0.960963, 0.269297, 0.05, -0.084144, -0.263727, 0.96092, 1e-06, 0.0, 0.0, 0.0, 1.0],
                [0.994293, -0.092739, 0.052739, 1e-06, 0.076013, 0.962678, 0.259754, 0.05, -0.07486, -0.254262, 0.964234, -0.0, 0.0, 0.0, 0.0, 1.0],
                [0.9945, -0.097492, 0.038266, 0.0, 0.085017, 0.96485, 0.248671, 0.05, -0.061164, -0.24405, 0.967832, -0.0, 0.0, 0.0, 0.0, 1.0],
                [0.997524, -0.068964, 0.013778, 0.0, 0.063171, 0.964761, 0.255432, 0.05, -0.030908, -0.253929, 0.966729, 0.0, 0.0, 0.0, 0.0, 1.0],
                [0.998934, -0.044543, 0.012107, 0.0, 0.039656, 0.962389, 0.268764, 0.05, -0.023623, -0.267997, 0.96313, -0.0, 0.0, 0.0, 0.0, 1.0],
                [0.999747, -0.021341, 0.00717, -0.0, 0.018624, 0.962916, 0.269158, 0.05, -0.012649, -0.268956, 0.963069, 0.0, 0.0, 0.0, 0.0, 1.0],
                [0.999747, -0.021341, 0.00717, 0.0, 0.018624, 0.962916, 0.269158, 0.05, -0.012649, -0.268956, 0.963069, 0.0, 0.0, 0.0, 0.0, 1.0]
            ]
        },
        {
            "name": "Chest",
            "time": [0.0333, 0.0667, 0.1, 0.1333, 0.1667, 0.2, 0.2333, 0.2667, 0.3, 0.3333, 0.3667, 0.4, 0.4333, 0.4667, 0.5333, 0.7, 0.8, 0.9667, 1.0, 1.0333, 1.0667, 1.1333, 1.1667, 1.2, 1.3333],
            "transform": [
                [0.999446, -0.01703, 0.028151, 0.0, 0.011764, 0.984028, 0.17762, 0.3, -0.030727, -0.177195, 0.983684, -0.0, 0.0, 0.0, 0.0, 1.0],
                [0.99953, 0.013508, 0.027033, -0.0, -0.018538, 0.980527, 0.1955, 0.3, -0.023866, -0.195914, 0.980318, -0.0, 0.0, 0.0, 0.0, 1.0],
                [0.998953, 0.037, 0.026437, -0.0, -0.041977, 0.973863, 0.223215, 0.3, -0.017487, -0.224096, 0.974398, 0.0, 0.0, 0.0, 0.0, 1.0],
                [0.99781, 0.060255, 0.026826, -0.0, -0.065068, 0.965792, 0.251016, 0.3, -0.010783, -0.252218, 0.967599, 0.0, 0.0, 0.0, 0.0, 1.0],
                [0.997216, 0.070802, 0.022837, -0.0, -0.074329, 0.961045, 0.266204, 0.3, -0.0031, -0.267167, 0.963634, -0.0, 0.0, 0.0, 0.0, 1.0],
                [0.997994, 0.061668, 0.013421, -0.0, -0.062968, 0.95864, 0.27756, 0.3, 0.004251, -0.277855, 0.960602, -0.0, 0.0, 0.0, 0.0, 1.0],
                [0.998713, 0.050406, 0.002361, -0.0, -0.048984, 0.957207, 0.285222, 0.3, 0.012117, -0.284977, 0.958446, 0.0, 0.0, 0.0, 0.0, 1.0],
                [0.999248, 0.037558, -0.008258, -0.0, -0.033564, 0.95664, 0.289325, 0.3, 0.018767, -0.288837, 0.957183, 0.0, 0.0, 0.0, 0.0, 1.0],
                [0.999584, 0.018282, -0.021739, -0.0, -0.011219, 0.957225, 0.289119, 0.3, 0.026095, -0.288762, 0.957034, -0.0, 0.0, 0.0, 0.0, 1.0],
                [0.999213, 0.001929, -0.039282, 0.0, 0.00952, 0.957232, 0.289159, 0.3, 0.03816, -0.289312, 0.956463, 0.0, 0.0, 0.0, 0.0, 1.0],
                [0.998716, -0.011501, -0.049082, -0.0, 0.025396, 0.955842, 0.292773, 0.3, 0.043547, -0.29365, 0.954909, 0.0, 0.0, 0.0, 0.0, 1.0],
                [0.998304, -0.023026, -0.053231, 0.0, 0.037687, 0.955178, 0.293617, 0.3, 0.044084, -0.295132, 0.954428, 0.0, 0.0, 0.0, 0.0, 1.0],
                [0.998151, -0.031835, -0.051535, 0.0, 0.04527, 0.957321, 0.285452, 0.3, 0.040248, -0.287264, 0.956994, 0.0, 0.0, 0.0, 0.0, 1.0],
                [0.998326, -0.035366, -0.045494, -0.0, 0.046721, 0.958906, 0.279845, 0.3, 0.033727, -0.281508, 0.958954, 0.0, 0.0, 0.0, 0.0, 1.0],
                [0.999516, -0.01809, -0.02479, -0.0, 0.02407, 0.96322, 0.267626, 0.3, 0.019037, -0.2681, 0.963192, 0.0, 0.0, 0.0, 0.0, 1.0],
                [0.995485, -0.072148, 0.06147, -0.0, 0.085277, 0.964839, -0.248617, 0.299999, -0.041371, 0.252743, 0.966637, 0.0, 0.0, 0.0, 0.0, 1.0],
                [0.994735, -0.100789, 0.017866, -0.0, 0.093629, 0.966473, 0.239081, 0.3, -0.041363, -0.236155, 0.970823, -0.0, 0.0, 0.0, 0.0, 1.0],
                [0.997794, -0.043814, 0.049617, -0.0, 0.030805, 0.970829, 0.237778, 0.3, -0.058587, -0.235731, 0.970039, 0.0, 0.0, 0.0, 0.0, 1.0],
                [0.997687, -0.054712, 0.040036, -0.0, 0.043855, 0.971177, 0.234282, 0.3, -0.0517, -0.23199, 0.971332, 0.0, 0.0, 0.0, 0.0, 1.0],
                [0.997359, -0.065465, 0.03105, -0.0, 0.056794, 0.972466, 0.226013, 0.3, -0.044992, -0.223658, 0.973617, -0.0, 0.0, 0.0, 0.0, 1.0],
                [0.997079, -0.073171, 0.021299, -0.0, 0.066867, 0.974091, 0.216037, 0.3, -0.036555, -0.213987, 0.976141, 0.0, 0.0, 0.0, 0.0, 1.0],
                [0.998441, -0.054451, 0.011182, -0.0, 0.050638, 0.973942, 0.221068, 0.3, -0.022928, -0.220162, 0.975182, -0.0, 0.0, 0.0, 0.0, 1.0],
                [0.999295, -0.034211, 0.014627, -0.0, 0.029882, 0.972188, 0.232281, 0.3, -0.022167, -0.231686, 0.972526, -0.0, 0.0, 0.0, 0.0, 1.0],
                [0.999731, -0.016155, 0.015893, -0.0, 0.012017, 0.972505, 0.232567, 0.3, -0.019213, -0.232319, 0.972438, -0.0, 0.0, 0.0, 0.0, 1.0],
                [0.980939, 0.062826, -0.18381, -1e-06, -0.014761, 0.967626, 0.251949, 0.3, 0.193689, -0.244439, 0.950111, -0.0, 0.0, 0.0, 0.0, 1.0]
            ]
        },
        {
            "name": "Shoulder_R",
            "time": [0.0333, 0.0667, 0.1, 0.1333, 0.1667, 0.2, 0.2333, 0.2667, 0.3, 0.3333, 0.3667, 0.4, 0.4333, 0.4667, 0.5333, 0.7, 0.8, 0.9667, 1.0, 1.0333, 1.0667, 1.1333, 1.1667, 1.2, 1.3333],
            "transform": [
                [0.030613, 0.974226, 0.223504, 0.0, 0.069839, -0.22515, 0.971812, 0.4, 0.997101, -0.014141, -0.07493, -1e-06, 0.0, 0.0, 0.0, 1.0],
                [0.035375, 0.982695, 0.181849, 0.0, 0.074509, -0.184053, 0.980082, 0.4, 0.996605, -0.021121, -0.079729, -1e-06, 0.0, 0.0, 0.0, 1.0],
                [0.039918, 0.990442, 0.132064, 0.0, 0.073956, -0.134737, 0.988111, 0.4, 0.996475, -0.029676, -0.078625, -0.0, 0.0, 0.0, 0.0, 1.0],
                [0.067887, 0.995164, 0.071077, 0.0, 0.075332, -0.076152, 0.994239, 0.4, 0.994858, -0.062141, -0.080135, -1e-06, 0.0, 0.0, 0.0, 1.0],
                [0.086894, 0.996213, 0.00453, 0.0, 0.076329, -0.011192, 0.997013, 0.4, 0.993302, -0.086289, -0.077011, -0.0, 0.0, 0.0, 0.0, 1.0],
                [0.08335, 0.996386, -0.016692, 0.0, 0.066316, 0.011167, 0.997729, 0.4, 0.994324, -0.084267, -0.065144, -0.0, 0.0, 0.0, 0.0, 1.0],
                [0.078708, 0.996317, -0.034174, 0.0, 0.057113, 0.029718, 0.997918, 0.4, 0.995273, -0.080496, -0.054562, -1e-06, 0.0, 0.0, 0.0, 1.0],
                [0.072513, 0.996539, -0.040784, 0.0, 0.048807, 0.037298, 0.998104, 0.4, 0.996185, -0.074366, -0.045932, -1e-06, 0.0, 0.0, 0.0, 1.0],
                [0.05772, 0.998029, -0.02484, 0.0, 0.040764, 0.022505, 0.998908, 0.4, 0.997513, -0.05867, -0.039384, -0.0, 0.0, 0.0, 0.0, 1.0],
                [0.03861, 0.999259, -0.001148, 0.0, 0.034058, -0.000168, 0.999413, 0.4, 0.998686, -0.038626, -0.034039, -0.0, 0.0, 0.0, 0.0, 1.0],
                [0.019186, 0.999403, 0.028915, 1e-06, 0.028323, -0.029452, 0.999158, 0.4, 0.999427, -0.018351, -0.02887, -0.0, 0.0, 0.0, 0.0, 1.0],
                [0.009719, 0.997776, 0.066027, 1e-06, 0.02977, -0.066291, 0.997349, 0.4, 0.999522, -0.007727, -0.030348, -1e-06, 0.0, 0.0, 0.0, 1.0],
                [-0.012888, 0.994599, 0.103036, 0.0, 0.031158, -0.102596, 0.994228, 0.4, 0.999444, 0.016024, -0.029666, -1e-06, 0.0, 0.0, 0.0, 1.0],
                [-0.027642, 0.99107, 0.130483, 0.0, 0.032752, -0.129566, 0.991023, 0.4, 0.999094, 0.031667, -0.028878, -0.0, 0.0, 0.0, 0.0, 1.0],
                [-0.049727, 0.988959, 0.139631, 0.0, 0.034663, -0.138012, 0.989817, 0.4, 0.998174, 0.054061, -0.027416, -0.0, 0.0, 0.0, 0.0, 1.0],
                [0.011498, 0.998801, -0.047689, 1e-06, 0.311893, 0.041731, 0.949196, 0.4, 0.950059, -0.025788, -0.311033, -0.0, 0.0, 0.0, 0.0, 1.0],
                [0.066079, 0.996932, 0.042094, -0.0, 0.051457, -0.045535, 0.997629, 0.4, 0.996499, -0.063757, -0.054307, -1e-06, 0.0, 0.0, 0.0, 1.0],
                [0.161348, 0.986555, -0.026224, 1e-06, 0.077631, 0.013803, 0.996879, 0.4, 0.983852, -0.16288, -0.074358, -1e-06, 0.0, 0.0, 0.0, 1.0],
                [0.154655, 0.987957, -0.005789, 0.0, 0.071782, -0.005392, 0.997399, 0.400001, 0.98537, -0.154668, -0.07175, -0.0, 0.0, 0.0, 0.0, 1.0],
                [0.140446, 0.989874, 0.020896, 0.0, 0.072703, -0.03136, 0.996853, 0.4, 0.987428, -0.138484, -0.076369, -1e-06, 0.0, 0.0, 0.0, 1.0],
                [0.116422, 0.992263, 0.043258, -0.0, 0.074643, -0.052173, 0.995837, 0.4, 0.990403, -0.112708, -0.080137, -1e-06, 0.0, 0.0, 0.0, 1.0],
                [0.082052, 0.99319, 0.082777, 0.0, 0.075805, -0.089037, 0.993133, 0.4, 0.993753, -0.075214, -0.082592, -0.0, 0.0, 0.0, 0.0, 1.0],
                [0.07328, 0.993045, 0.092207, 1e-06, 0.069954, -0.097347, 0.992782, 0.4, 0.994867, -0.066301, -0.076599, -1e-06, 0.0, 0.0, 0.0, 1.0],
                [0.047763, 0.994199, 0.096427, 1e-06, 0.070313, -0.099645, 0.992529, 0.4, 0.996393, -0.040626, -0.074663, -1e-06, 0.0, 0.0, 0.0, 1.0],
                [0.047763, 0.994199, 0.096427, 1e-06, 0.070313, -0.099645, 0.992529, 0.4, 0.996393, -0.040626, -0.074663, -1e-06, 0.0, 0.0, 0.0, 1.0]
            ]
        },
        {
            "name": "Arm_R",
