{
    "animation": [
        {
            "name": "Root",
            "time": [0.0, 1.7, 3.4],
            "transform": [
                [0.920768, -0.015388, -0.389808, -7e-06, -0.389753, 0.006514, -0.920896, 0.011872, 0.01671, 0.99986, 0.0, 0.624194, 0.0, 0.0, 0.0, 1.0],
                [0.920768, -0.015388, -0.389808, -4e-06, -0.389753, 0.006514, -0.920896, 0.01198, 0.01671, 0.99986, 0.0, 0.637907, 0.0, 0.0, 0.0, 1.0],
                [0.920768, -0.015388, -0.389808, -7e-06, -0.389753, 0.006514, -0.920896, 0.011872, 0.01671, 0.99986, 0.0, 0.624194, 0.0, 0.0, 0.0, 1.0]
            ]
        },
        {
            "name": "Thigh_R",
            "time": [0.0, 1.7, 3.4],
            "transform": [
                [0.72229, 0.472489, 0.505026, 0.124994, 0.226034, -0.851412, 0.473289, -0.002831, 0.65361, -0.227698, -0.721767, -1.2e-05, 0.0, 0.0, 0.0, 1.0],
                [0.72582, 0.440736, 0.528145, 0.124994, 0.222041, -0.87679, 0.426536, -0.002831, 0.651063, -0.192318, -0.734255, -1.2e-05, 0.0, 0.0, 0.0, 1.0],
                [0.72229, 0.472489, 0.505026, 0.124994, 0.226034, -0.851412, 0.473289, -0.002831, 0.65361, -0.227698, -0.721767, -1.2e-05, 0.0, 0.0, 0.0, 1.0]
            ]
        },
        {
            "name": "Leg_R",
            "time": [0.0, 1.7, 3.4],
            "transform": [
                [1.0, -0.0, 1e-06, 0.0, -1e-06, 0.727301, 0.686321, 0.37472, -1e-06, -0.68632, 0.727299, 0.0, 0.0, 0.0, 0.0, 1.0],
                [1.0, -0.0, 1e-06, -0.0, -0.0, 0.793359, 0.608756, 0.37472, -1e-06, -0.608755, 0.793358, 0.0, 0.0, 0.0, 0.0, 1.0],
                [1.0, -0.0, 1e-06, 0.0, -1e-06, 0.727301, 0.686321, 0.37472, -1e-06, -0.68632, 0.727299, 0.0, 0.0, 0.0, 0.0, 1.0]
            ]
        },
        {
            "name": "Knee_R",
            "time": [0.0, 1.7, 3.4],
            "transform": [
                [1.0, 0.0, -0.0, 0.0, -1e-06, 0.0, -1.0, 0.399176, -0.0, 1.0, 0.0, 0.0, 0.0, 0.0, 0.0, 1.0],
                [1.0, 0.0, -0.0, -0.0, -0.0, 0.0, -1.0, 0.388469, -0.0, 1.0, 0.0, 0.0, 0.0, 0.0, 0.0, 1.0],
                [1.0, 0.0, -0.0, 0.0, -1e-06, 0.0, -1.0, 0.399176, -0.0, 1.0, 0.0, 0.0, 0.0, 0.0, 0.0, 1.0]
            ]
        },
        {
            "name": "Thigh_L",
            "time": [0.0, 1.7, 3.4],
            "transform": [
                [0.962844, -0.261335, -0.068086, -0.125006, -0.170232, -0.783043, 0.598216, -0.002831, -0.209649, -0.564398, -0.798437, -1.2e-05, 0.0, 0.0, 0.0, 1.0],
                [0.963742, -0.253794, -0.082399, -0.125006, -0.167868, -0.816701, 0.552103, -0.002831, -0.207415, -0.518252, -0.829695, -1.2e-05, 0.0, 0.0, 0.0, 1.0],
                [0.962844, -0.261335, -0.068086, -0.125006, -0.170232, -0.783043, 0.598216, -0.002831, -0.209649, -0.564398, -0.798437, -1.2e-05, 0.0, 0.0, 0.0, 1.0]
            ]
        },
        {
            "name": "Leg_L",
            "time": [0.0, 1.7, 3.4],
            "transform": [
                [1.0, -0.0, 1e-06, 0.0, -0.0, 0.744631, 0.667477, 0.37472, -1e-06, -0.667476, 0.744631, 0.0, 0.0, 0.0, 0.0, 1.0],
                [1.0, -0.0, 1e-06, 0.0, -0.0, 0.810129, 0.586251, 0.37472, -1e-06, -0.58625, 0.81013, -0.0, 0.0, 0.0, 0.0, 1.0],
                [1.0, -0.0, 1e-06, 0.0, -0.0, 0.744631, 0.667477, 0.37472, -1e-06, -0.667476, 0.744631, 0.0, 0.0, 0.0, 0.0, 1.0]
            ]
        },
        {
            "name": "Knee_L",
            "time": [0.0, 1.7, 3.4],
            "transform": [
                [1.0, 0.0, -0.0, 0.0, -0.0, 0.0, -1.0, 0.396486, -0.0, 1.0, 0.0, -0.0, 0.0, 0.0, 0.0, 1.0],
                [1.0, 0.0, -0.0, 0.0, -0.0, 0.0, -1.0, 0.385521, -0.0, 1.0, 0.0, 0.0, 0.0, 0.0, 0.0, 1.0],
                [1.0, 0.0, -0.0, 0.0, -0.0, 0.0, -1.0, 0.396486, -0.0, 1.0, 0.0, -0.0, 0.0, 0.0, 0.0, 1.0]
            ]
        },
        {
            "name": "Torso",
            "time": [0.0, 1.7, 3.4],
            "transform": [
                [0.998467, 0.035934, -0.04211, -0.0, -0.038996, 0.996473, -0.074304, 0.05, 0.039292, 0.075832, 0.996346, 0.0, 0.0, 0.0, 0.0, 1.0],
                [0.998467, 0.035934, -0.04211, 0.0, -0.038996, 0.996473, -0.074304, 0.05, 0.039292, 0.075832, 0.996346, -0.0, 0.0, 0.0, 0.0, 1.0],
                [0.998467, 0.035934, -0.04211, -0.0, -0.038996, 0.996473, -0.074304, 0.05, 0.039292, 0.075832, 0.996346, 0.0, 0.0, 0.0, 0.0, 1.0]
            ]
        },
        {
            "name": "Chest",
            "time": [0.0, 1.7, 3.4],
            "transform": [
                [0.908776, 0.000409, -0.417284, 0.0, 0.102286, 0.969274, 0.223711, 0.3, 0.404554, -0.245985, 0.880811, -0.0, 0.0, 0.0, 0.0, 1.0],
                [0.908776, 0.000409, -0.417284, -0.0, 0.102286, 0.969274, 0.223711, 0.3, 0.404554, -0.245985, 0.880811, -0.0, 0.0, 0.0, 0.0, 1.0],
                [0.908776, 0.000409, -0.417284, 0.0, 0.102286, 0.969274, 0.223711, 0.3, 0.404554, -0.245985, 0.880811, -0.0, 0.0, 0.0, 0.0, 1.0]
            ]
        },
        {
            "name": "Head",
            "time": [0.0, 1.7, 3.4],
            "transform": [
                [0.645432, -0.060099, 0.76145, -0.0, 0.0781, 0.996867, 0.01248, 0.4, -0.759815, 0.051415, 0.648104, 0.0, 0.0, 0.0, 0.0, 1.0],
                [0.645432, -0.060099, 0.76145, 0.0, 0.0781, 0.996867, 0.01248, 0.4, -0.759815, 0.051415, 0.648104, -0.0, 0.0, 0.0, 0.0, 1.0],
                [0.645432, -0.060099, 0.76145, -0.0, 0.0781, 0.996867, 0.01248, 0.4, -0.759815, 0.051415, 0.648104, 0.0, 0.0, 0.0, 0.0, 1.0]
            ]
        },
        {
            "name": "Shoulder_R",
            "time": [0.0, 1.7, 3.4],
            "transform": [
                [0.311653, 0.846127, 0.432366, -0.0, -0.228262, -0.375037, 0.898468, 0.4, 0.922371, -0.378703, 0.076257, 0.0, 0.0, 0.0, 0.0, 1.0],
                [0.311653, 0.846127, 0.432366, 0.0, -0.228262, -0.375037, 0.898468, 0.4, 0.922371, -0.378703, 0.076257, -0.0, 0.0, 0.0, 0.0, 1.0],
                [0.311653, 0.846127, 0.432366, -0.0, -0.228262, -0.375037, 0.898468, 0.4, 0.922371, -0.378703, 0.076257, 0.0, 0.0, 0.0, 0.0, 1.0]
            ]
        },
        {
            "name": "Arm_R",
            "time": [0.0, 1.7, 3.4],
            "transform": [
                [0.347462, -0.764528, -0.542925, 0.0, 0.798837, 0.544554, -0.25558, 0.39386, 0.491051, -0.344904, 0.799944, -0.0, 0.0, 0.0, 0.0, 1.0],
                [0.338313, -0.785257, -0.518571, -0.0, 0.803767, 0.527715, -0.274729, 0.393861, 0.489391, -0.323866, 0.809696, 0.0, 0.0, 0.0, 0.0, 1.0],
                [0.347462, -0.764528, -0.542925, 0.0, 0.798837, 0.544554, -0.25558, 0.39386, 0.491051, -0.344904, 0.799944, -0.0, 0.0, 0.0, 0.0, 1.0]
            ]
        },
        {
            "name": "Hand_R",
            "time": [0.0, 1.7, 3.4],
            "transform": [
                [1.0, 0.0, -0.0, -0.0, -0.0, 0.063613, -0.997975, 0.3, -0.0, 0.997976, 0.063613, -0.0, 0.0, 0.0, 0.0, 1.0],
                [1.0, 0.0, 0.0, 0.0, 0.0, 0.103585, -0.99462, 0.3, 0.0, 0.994621, 0.103586, 0.0, 0.0, 0.0, 0.0, 1.0],
                [1.0, 0.0, -0.0, -0.0, -0.0, 0.063613, -0.997975, 0.3, -0.0, 0.997976, 0.063613, -0.0, 0.0, 0.0, 0.0, 1.0]
            ]
        },
        {
            "name": "Tool_R",
            "time": [0.0, 1.7, 3.4],
            "transform": [
                [0.987137, -0.154398, 0.041489, 0.03354, -0.159847, -0.94826, 0.274321, 0.259987, -0.003012, -0.277425, -0.960743, 0.03016, 0.0, 0.0, 0.0, 1.0],
                [0.987137, -0.154398, 0.04149, 0.033582, -0.159847, -0.94826, 0.274321, 0.260261, -0.003012, -0.277425, -0.960743, 0.0292, 0.0, 0.0, 0.0, 1.0],
                [0.987137, -0.154398, 0.041489, 0.03354, -0.159847, -0.94826, 0.274321, 0.259987, -0.003012, -0.277425, -0.960743, 0.03016, 0.0, 0.0, 0.0, 1.0]
            ]
        },
        {
            "name": "Elbow_R",
            "time": [0.0, 1.7, 3.4],
            "transform": [
                [-1.0, 0.0, -0.0, 0.0, 0.0, 0.0, -1.0, 0.4472, -0.0, -1.0, -0.0, 0.0, 0.0, 0.0, 0.0, 1.0],
                [-1.0, 0.0, -0.0, 0.0, 0.0, -0.0, -1.0, 0.4472, -0.0, -1.0, -0.0, -0.0, 0.0, 0.0, 0.0, 1.0],
                [-1.0, 0.0, -0.0, 0.0, 0.0, 0.0, -1.0, 0.4472, -0.0, -1.0, -0.0, 0.0, 0.0, 0.0, 0.0, 1.0]
            ]
        },
        {
            "name": "Shoulder_L",
            "time": [0.0, 1.7, 3.4],
            "transform": [
                [-0.039518, -0.911856, -0.408603, -0.0, -0.035336, -0.407391, 0.91257, 0.4, -0.998594, 0.050501, -0.016122, 0.0, 0.0, 0.0, 0.0, 1.0],
                [-0.039518, -0.911856, -0.408603, 0.0, -0.035336, -0.407391, 0.91257, 0.4, -0.998594, 0.050501, -0.016122, -0.0, 0.0, 0.0, 0.0, 1.0],
                [-0.039518, -0.911856, -0.408603, -0.0, -0.035336, -0.407391, 0.91257, 0.4, -0.998594, 0.050501, -0.016122, 0.0, 0.0, 0.0, 0.0, 1.0]
            ]
        },
        {
            "name": "Arm_L",
            "time": [0.0, 1.7, 3.4],
            "transform": [
                [0.030078, -0.408182, 0.912405, 0.0, -0.673478, 0.666231, 0.320254, 0.39386, -0.738595, -0.624117, -0.254862, -0.0, 0.0, 0.0, 0.0, 1.0],
                [0.039134, -0.416757, 0.908175, -0.0, -0.663546, 0.66871, 0.335461, 0.39386, -0.747111, -0.615743, -0.250367, -0.0, 0.0, 0.0, 0.0, 1.0],
                [0.030078, -0.408182, 0.912405, 0.0, -0.673478, 0.666231, 0.320254, 0.39386, -0.738595, -0.624117, -0.254862, -0.0, 0.0, 0.0, 0.0, 1.0]
            ]
        },
        {
            "name": "Hand_L",
            "time": [0.0, 1.7, 3.4],
            "transform": [
                [1.0, -0.0, 0.0, 0.0, -0.0, 0.581203, -0.813759, 0.3, -0.0, 0.813759, 0.581203, -0.0, 0.0, 0.0, 0.0, 1.0],
                [1.0, 0.0, 0.0, 0.0, -0.0, 0.545638, -0.838021, 0.3, 0.0, 0.838021, 0.545638, 0.0, 0.0, 0.0, 0.0, 1.0],
                [1.0, -0.0, 0.0, 0.0, -0.0, 0.581203, -0.813759, 0.3, -0.0, 0.813759, 0.581203, -0.0, 0.0, 0.0, 0.0, 1.0]
            ]
        },
        {
            "name": "Tool_L",
            "time": [0.0, 1.7, 3.4],
            "transform": [
                [1.0, -0.0, 0.0, -0.0, -0.0, -0.999835, 0.018122, 0.272858, 0.0, -0.018122, -0.999836, 0.0, 0.0, 0.0, 0.0, 1.0],
                [1.0, -0.0, 0.0, 0.0, -0.0, -0.999836, 0.018122, 0.272858, 0.0, -0.018122, -0.999836, -0.0, 0.0, 0.0, 0.0, 1.0],
                [1.0, -0.0, 0.0, -0.0, -0.0, -0.999835, 0.018122, 0.272858, 0.0, -0.018122, -0.999836, 0.0, 0.0, 0.0, 0.0, 1.0]
            ]
        },
        {
            "name": "Elbow_L",
            "time": [0.0, 1.7, 3.4],
            "transform": [
                [-1.0, 0.0, -0.0, -0.0, -0.0, -0.0, -1.0, 0.399404, -0.0, -1.0, 0.0, -0.0, 0.0, 0.0, 0.0, 1.0],
                [-1.0, 0.0, 0.0, 0.0, 0.0, -0.0, -1.0, 0.403439, -0.0, -1.0, 0.0, 0.0, 0.0, 0.0, 0.0, 1.0],
                [-1.0, 0.0, -0.0, -0.0, -0.0, -0.0, -1.0, 0.399404, -0.0, -1.0, 0.0, -0.0, 0.0, 0.0, 0.0, 1.0]
            ]
        }
    ]
}