{
    "animation": [
        {
            "name": "Root",
            "time": [0.0, 1.7, 3.4],
            "transform": [
                [0.999806, -0.016709, -0.010452, -5e-06, -0.01045, 0.000175, -0.999945, 0.000946, 0.01671, 0.99986, 0.0, 0.626597, 0.0, 0.0, 0.0, 1.0],
                [0.999806, -0.016709, -0.010452, -5e-06, -0.01045, 0.000175, -0.999945, 0.000946, 0.01671, 0.99986, 0.0, 0.601885, 0.0, 0.0, 0.0, 1.0],
                [0.999806, -0.016709, -0.010452, -5e-06, -0.01045, 0.000175, -0.999945, 0.000946, 0.01671, 0.99986, 0.0, 0.626597, 0.0, 0.0, 0.0, 1.0]
            ]
        },
        {
            "name": "Thigh_R",
            "time": [0.0, 1.7, 3.4],
            "transform": [
                [0.540589, 0.466746, 0.699937, 0.124994, 0.278821, -0.884358, 0.374385, -0.002831, 0.793739, -0.007232, -0.608215, -1.2e-05, 0.0, 0.0, 0.0, 1.0],
                [0.530099, 0.531342, 0.66081, 0.124994, 0.288339, -0.845828, 0.44881, -0.002831, 0.797405, -0.047377, -0.601581, -1.2e-05, 0.0, 0.0, 0.0, 1.0],
                [0.540589, 0.466746, 0.699937, 0.124994, 0.278821, -0.884358, 0.374385, -0.002831, 0.793739, -0.007232, -0.608215, -1.2e-05, 0.0, 0.0, 0.0, 1.0]
            ]
        },
        {
            "name": "Leg_R",
            "time": [0.0, 1.7, 3.4],
            "transform": [
                [1.0, -0.0, 1e-06, -0.0, -1e-06, 0.760924, 0.648843, 0.37472, -1e-06, -0.648841, 0.760922, 0.0, 0.0, 0.0, 0.0, 1.0],
                [1.0, -0.0, 1e-06, -0.0, -0.0, 0.644843, 0.764317, 0.37472, -1e-06, -0.764315, 0.644841, -0.0, 0.0, 0.0, 0.0, 1.0],
                [1.0, -0.0, 1e-06, -0.0, -1e-06, 0.760924, 0.648843, 0.37472, -1e-06, -0.648841, 0.760922, 0.0, 0.0, 0.0, 0.0, 1.0]
            ]
        },
        {
            "name": "Knee_R",
            "time": [0.0, 1.7, 3.4],
            "transform": [
                [1.0, 0.0, -0.0, -0.0, -0.0, 0.0, -1.0, 0.393886, -0.0, 1.0, 0.0, 0.0, 0.0, 0.0, 0.0, 1.0],
                [1.0, 0.0, -0.0, -0.0, -0.0, 0.0, -1.0, 0.411105, -0.0, 1.0, 0.0, -0.0, 0.0, 0.0, 0.0, 1.0],
                [1.0, 0.0, -0.0, -0.0, -0.0, 0.0, -1.0, 0.393886, -0.0, 1.0, 0.0, 0.0, 0.0, 0.0, 0.0, 1.0]
            ]
        },
        {
            "name": "Thigh_L",
            "time": [0.0, 1.7, 3.4],
            "transform": [
                [0.969792, -0.029235, 0.242176, -0.125006, -0.155978, -0.837626, 0.523499, -0.002831, 0.187548, -0.545459, -0.816884, -1.2e-05, 0.0, 0.0, 0.0, 1.0],
                [0.969904, -0.009335, 0.24331, -0.125006, -0.159975, -0.777755, 0.607867, -0.002831, 0.183562, -0.628495, -0.755842, -1.2e-05, 0.0, 0.0, 0.0, 1.0],
                [0.969792, -0.029235, 0.242176, -0.125006, -0.155978, -0.837626, 0.523499, -0.002831, 0.187548, -0.545459, -0.816884, -1.2e-05, 0.0, 0.0, 0.0, 1.0]
            ]
        },
        {
            "name": "Leg_L",
            "time": [0.0, 1.7, 3.4],
            "transform": [
                [1.0, -0.0, 1e-06, -0.0, -1e-06, 0.835751, 0.549109, 0.37472, -1e-06, -0.549107, 0.835752, -0.0, 0.0, 0.0, 0.0, 1.0],
                [1.0, -0.0, 1e-06, -0.0, -0.0, 0.717414, 0.696648, 0.37472, -1e-06, -0.696646, 0.717414, -0.0, 0.0, 0.0, 0.0, 1.0],
                [1.0, -0.0, 1e-06, -0.0, -1e-06, 0.835751, 0.549109, 0.37472, -1e-06, -0.549107, 0.835752, -0.0, 0.0, 0.0, 0.0, 1.0]
            ]
        },
        {
            "name": "Knee_L",
            "time": [0.0, 1.7, 3.4],
            "transform": [
                [1.0, 0.0, -0.0, -0.0, -0.0, 0.0, -1.0, 0.380781, -0.0, 1.0, 0.0, 0.0, 0.0, 0.0, 0.0, 1.0],
                [1.0, 0.0, -0.0, 0.0, -0.0, 0.0, -1.0, 0.400678, -0.0, 1.0, 0.0, -0.0, 0.0, 0.0, 0.0, 1.0],
                [1.0, 0.0, -0.0, -0.0, -0.0, 0.0, -1.0, 0.380781, -0.0, 1.0, 0.0, 0.0, 0.0, 0.0, 0.0, 1.0]
            ]
        },
        {
            "name": "Torso",
            "time": [0.0, 1.7, 3.4],
            "transform": [
                [0.999234, 0.03866, -0.006105, 0.0, -0.039009, 0.996427, -0.074905, 0.05, 0.003188, 0.075086, 0.997172, 0.0, 0.0, 0.0, 0.0, 1.0],
                [0.999234, 0.03866, -0.006105, -0.0, -0.039009, 0.996427, -0.074905, 0.05, 0.003188, 0.075086, 0.997172, 0.0, 0.0, 0.0, 0.0, 1.0],
                [0.999234, 0.03866, -0.006105, 0.0, -0.039009, 0.996427, -0.074905, 0.05, 0.003188, 0.075086, 0.997172, 0.0, 0.0, 0.0, 0.0, 1.0]
            ]
        },
        {
            "name": "Chest",
            "time": [0.0, 1.7, 3.4],
            "transform": [
                [0.996991, -0.076629, 0.011712, -0.0, 0.071589, 0.968112, 0.240071, 0.3, -0.029735, -0.23851, 0.970685, 0.0, 0.0, 0.0, 0.0, 1.0],
                [0.996991, -0.076629, 0.011712, -0.0, 0.071589, 0.968112, 0.240071, 0.3, -0.029735, -0.23851, 0.970685, 0.0, 0.0, 0.0, 0.0, 1.0],
                [0.996991, -0.076629, 0.011712, -0.0, 0.071589, 0.968112, 0.240071, 0.3, -0.029735, -0.23851, 0.970685, 0.0, 0.0, 0.0, 0.0, 1.0]
            ]
        },
        {
            "name": "Head",
            "time": [0.0, 1.7, 3.4],
            "transform": [
                [0.997697, 0.067606, 0.005451, -0.0, -0.067564, 0.997687, -0.007501, 0.4, -0.005946, 0.007116, 0.999957, 0.0, 0.0, 0.0, 0.0, 1.0],
                [0.997697, 0.067606, 0.005451, -0.0, -0.067564, 0.997687, -0.007501, 0.4, -0.005946, 0.007116, 0.999957, -0.0, 0.0, 0.0, 0.0, 1.0],
                [0.997697, 0.067606, 0.005451, -0.0, -0.067564, 0.997687, -0.007501, 0.4, -0.005946, 0.007116, 0.999957, 0.0, 0.0, 0.0, 0.0, 1.0]
            ]
        },
        {
            "name": "Shoulder_R",
            "time": [0.0, 1.7, 3.4],
            "transform": [
                [0.199404, 0.894028, 0.401189, -0.0, 0.259462, -0.442969, 0.858171, 0.4, 0.944943, -0.06703, -0.320296, 0.0, 0.0, 0.0, 0.0, 1.0],
                [0.199404, 0.894028, 0.401189, -0.0, 0.259462, -0.442969, 0.858171, 0.4, 0.944943, -0.06703, -0.320296, -0.0, 0.0, 0.0, 0.0, 1.0],
                [0.199404, 0.894028, 0.401189, -0.0, 0.259462, -0.442969, 0.858171, 0.4, 0.944943, -0.06703, -0.320296, 0.0, 0.0, 0.0, 0.0, 1.0]
            ]
        },
        {
            "name": "Arm_R",
            "time": [0.0, 1.7, 3.4],
            "transform": [
                [0.763322, -0.586161, 0.27158, 0.0, 0.63435, 0.759625, -0.143421, 0.39386, -0.12223, 0.281753, 0.951669, 0.0, 0.0, 0.0, 0.0, 1.0],
                [0.762573, -0.572416, 0.301368, -0.0, 0.635374, 0.7503, -0.18262, 0.39386, -0.121581, 0.330743, 0.935856, 0.0, 0.0, 0.0, 0.0, 1.0],
                [0.763322, -0.586161, 0.27158, 0.0, 0.63435, 0.759625, -0.143421, 0.39386, -0.12223, 0.281753, 0.951669, 0.0, 0.0, 0.0, 0.0, 1.0]
            ]
        },
        {
            "name": "Hand_R",
            "time": [0.0, 1.7, 3.4],
            "transform": [
                [1.0, 0.0, -0.0, 0.0, 0.0, 0.097003, -0.995284, 0.3, 0.0, 0.995285, 0.097003, -0.0, 0.0, 0.0, 0.0, 1.0],
                [1.0, 0.0, -0.0, 0.0, 0.0, 0.129847, -0.991533, 0.3, 0.0, 0.991535, 0.129848, -0.0, 0.0, 0.0, 0.0, 1.0],
                [1.0, 0.0, -0.0, 0.0, 0.0, 0.097003, -0.995284, 0.3, 0.0, 0.995285, 0.097003, -0.0, 0.0, 0.0, 0.0, 1.0]
            ]
        },
        {
            "name": "Tool_R",
            "time": [0.0, 1.7, 3.4],
            "transform": [
                [0.992873, -0.075417, -0.092279, 0.03354, -0.045264, -0.954916, 0.293405, 0.259987, -0.110247, -0.287137, -0.951524, 0.03016, 0.0, 0.0, 0.0, 1.0],
                [0.992873, -0.075417, -0.092279, 0.03354, -0.045264, -0.954916, 0.293405, 0.259987, -0.110247, -0.287137, -0.951525, 0.03016, 0.0, 0.0, 0.0, 1.0],
                [0.992873, -0.075417, -0.092279, 0.03354, -0.045264, -0.954916, 0.293405, 0.259987, -0.110247, -0.287137, -0.951524, 0.03016, 0.0, 0.0, 0.0, 1.0]
            ]
        },
        {
            "name": "Elbow_R",
            "time": [0.0, 1.7, 3.4],
            "transform": [
                [-1.0, 0.0, -0.0, 0.0, -0.0, 0.0, -1.0, 0.4472, -0.0, -1.0, -0.0, -0.0, 0.0, 0.0, 0.0, 1.0],
                [-1.0, 0.0, 0.0, 0.0, 0.0, 0.0, -1.0, 0.445322, -0.0, -1.0, 0.0, -0.0, 0.0, 0.0, 0.0, 1.0],
                [-1.0, 0.0, -0.0, 0.0, -0.0, 0.0, -1.0, 0.4472, -0.0, -1.0, -0.0, -0.0, 0.0, 0.0, 0.0, 1.0]
            ]
        },
        {
            "name": "Shoulder_L",
            "time": [0.0, 1.7, 3.4],
            "transform": [
                [-0.039518, -0.911856, -0.408603, -0.0, -0.035336, -0.407391, 0.91257, 0.4, -0.998594, 0.050502, -0.016122, 0.0, 0.0, 0.0, 0.0, 1.0],
                [-0.039518, -0.911856, -0.408603, -0.0, -0.035336, -0.407391, 0.91257, 0.4, -0.998594, 0.050502, -0.016122, -0.0, 0.0, 0.0, 0.0, 1.0],
                [-0.039518, -0.911856, -0.408603, -0.0, -0.035336, -0.407391, 0.91257, 0.4, -0.998594, 0.050502, -0.016122, 0.0, 0.0, 0.0, 0.0, 1.0]
            ]
        },
        {
            "name": "Arm_L",
            "time": [0.0, 1.7, 3.4],
            "transform": [
                [-0.274902, 0.170684, 0.9462, -0.0, -0.649243, 0.692909, -0.31362, 0.39386, -0.709163, -0.700529, -0.079667, 0.0, 0.0, 0.0, 0.0, 1.0],
                [-0.26665, 0.088192, 0.959749, 0.0, -0.645604, 0.723029, -0.24581, 0.39386, -0.715607, -0.685163, -0.135859, 0.0, 0.0, 0.0, 0.0, 1.0],
                [-0.274902, 0.170684, 0.9462, -0.0, -0.649243, 0.692909, -0.31362, 0.39386, -0.709163, -0.700529, -0.079667, 0.0, 0.0, 0.0, 0.0, 1.0]
            ]
        },
        {
            "name": "Hand_L",
            "time": [0.0, 1.7, 3.4],
            "transform": [
                [1.0, -0.0, 0.0, -0.0, 0.0, 0.848251, -0.529595, 0.3, -0.0, 0.529594, 0.848251, -0.0, 0.0, 0.0, 0.0, 1.0],
                [0.999999, 0.0, 0.0, -0.0, 0.0, 0.727833, -0.685754, 0.3, -0.0, 0.685754, 0.727833, 0.0, 0.0, 0.0, 0.0, 1.0],
                [1.0, -0.0, 0.0, -0.0, 0.0, 0.848251, -0.529595, 0.3, -0.0, 0.529594, 0.848251, -0.0, 0.0, 0.0, 0.0, 1.0]
            ]
        },
        {
            "name": "Tool_L",
            "time": [0.0, 1.7, 3.4],
            "transform": [
                [1.0, 0.0, 0.0, 0.0, 0.0, -0.999836, 0.018122, 0.272858, 0.0, -0.018122, -0.999836, 0.0, 0.0, 0.0, 0.0, 1.0],
                [1.0, 0.0, 0.0, -0.0, -0.0, -0.999836, 0.018122, 0.272858, 0.0, -0.018122, -0.999836, -0.0, 0.0, 0.0, 0.0, 1.0],
                [1.0, 0.0, 0.0, 0.0, 0.0, -0.999836, 0.018122, 0.272858, 0.0, -0.018122, -0.999836, 0.0, 0.0, 0.0, 0.0, 1.0]
            ]
        },
        {
            "name": "Elbow_L",
            "time": [0.0, 1.7, 3.4],
            "transform": [
                [-1.0, 0.0, 0.0, -0.0, -0.0, -0.0, -1.0, 0.362626, -0.0, -1.0, 0.0, -0.0, 0.0, 0.0, 0.0, 1.0],
                [-1.0, 0.0, -0.0, -0.0, -0.0, -0.0, -1.0, 0.381136, -0.0, -1.0, 0.0, -0.0, 0.0, 0.0, 0.0, 1.0],
                [-1.0, 0.0, 0.0, -0.0, -0.0, -0.0, -1.0, 0.362626, -0.0, -1.0, 0.0, -0.0, 0.0, 0.0, 0.0, 1.0]
            ]
        }
    ]
}