{
    "animation": [
        {
            "name": "Root",
            "time": [0.0333, 0.0667, 0.1, 0.1333, 0.1667, 0.2, 0.2333, 0.2667, 0.3, 0.3333, 0.3667, 0.4, 0.4333, 0.4667, 0.5, 0.5333, 0.5667, 0.6, 0.6333, 0.6667, 0.7, 0.7333, 0.7667, 0.8, 0.8333, 0.8667, 0.9, 0.9333, 0.9667, 1.0, 1.0333, 1.0667, 1.1, 1.1333, 1.1667, 1.2, 1.2333, 1.2667, 1.3, 1.3333, 1.3667, 1.4, 1.4333, 1.4667, 1.5, 1.5333, 1.5667, 1.6, 1.6333, 1.6667, 1.7, 1.7333, 1.7667, 1.8, 1.8333, 1.8667, 1.9, 1.9333, 1.9667, 2.0, 2.0333, 2.0667, 2.1, 2.1333, 2.1667, 2.2, 2.2333, 2.2667, 2.3, 2.3333, 2.3667, 2.4, 2.4333, 2.4667, 2.5, 2.5333, 2.5667, 2.6, 2.6333, 2.6667, 2.7, 2.7333, 2.7667, 2.8, 2.8333, 2.8667, 2.9, 2.9333, 2.9667, 3.0, 3.0333, 3.0667, 3.1, 3.1333, 3.1667, 3.2, 3.2333, 3.2667, 3.3, 3.3333, 3.3667, 3.4, 3.4333, 3.4667, 3.5, 3.5333, 3.5667, 3.6, 3.6333, 3.6667, 3.7, 3.7333, 3.7667, 3.8, 3.8333, 3.8667, 3.9, 3.9333, 3.9667, 4.0, 4.0333, 4.0667, 4.1, 4.1333, 4.1667, 4.2, 4.2333, 4.2667, 4.3, 4.3333, 4.3667, 4.4, 4.4333, 4.4667, 4.5, 4.5333, 4.5667, 4.6, 4.6333, 4.6667, 4.7, 4.7333, 4.7667, 4.8, 4.8333, 4.8667, 4.9, 4.9333, 4.9667, 5.0, 5.0333, 5.0667, 5.1, 5.1333, 5.1667, 5.2, 5.2333, 5.2667, 5.3, 5.3333, 5.3667, 5.4, 5.4333, 5.4667, 5.5, 5.5333, 5.5667, 5.6, 5.6333, 5.6667, 5.7, 5.7333, 5.7667, 5.8, 5.8333, 5.8667, 5.9, 5.9333, 5.9667, 6.0, 6.0333, 6.0667, 6.1, 6.1333, 6.1667, 6.2, 6.2333, 6.2667, 6.3, 6.3333, 6.3667, 6.4, 6.4333, 6.4667, 6.5, 6.5333, 6.5667, 6.6, 6.6333, 6.6667, 6.7, 6.7333, 6.7667, 6.8, 6.8333, 6.8667, 6.9, 6.9333, 6.9667, 7.0, 7.0333, 7.0667, 7.1, 7.1333, 7.1667, 7.2, 7.2333, 7.2667, 7.3, 7.3333, 7.3667, 7.4, 7.4333, 7.4667, 7.5, 7.5333, 7.5667, 7.6, 7.6333, 7.6667, 7.7, 7.7333, 7.7667, 7.8, 7.8333, 7.8667, 7.9, 7.9333, 7.9667, 8.0, 8.0333, 8.0667, 8.1, 8.1333, 8.1667, 8.2, 8.2333, 8.2667, 8.3, 8.3333, 8.3667, 8.4, 8.4333, 8.4667, 8.5, 8.5333, 8.5667, 8.6, 8.6333, 8.6667, 8.7, 8.7333, 8.7667, 8.8, 8.8333, 8.8667, 8.9, 8.9333, 8.9667, 9.0, 9.0333, 9.0667, 9.1, 9.1333, 9.1667, 9.2, 9.2333, 9.2667, 9.3, 9.3333, 9.3667, 9.4, 9.4333, 9.4667, 9.5, 9.5333, 9.5667],
            "transform": [
                [0.998674, 0.013087, -0.049577, 0.128926, -0.051051, 0.163424, -0.985224, -0.008461, -0.004791, 0.986459, 0.163877, 0.754116, 0.0, 0.0, 0.0, 1.0],
                [0.999405, 0.033216, 0.008121, 0.134112, 0.004008, 0.12207, -0.992503, -0.031083, -0.033959, 0.991955, 0.121865, 0.751186, 0.0, 0.0, 0.0, 1.0],
                [0.997389, 0.039049, 0.060579, 0.137871, 0.056525, 0.097679, -0.993601, -0.045769, -0.044716, 0.994442, 0.095217, 0.746099, 0.0, 0.0, 0.0, 1.0],
                [0.993812, 0.034104, 0.105614, 0.142444, 0.103031, 0.070239, -0.992185, -0.069157, -0.041256, 0.996937, 0.066291, 0.739466, 0.0, 0.0, 0.0, 1.0],
                [0.987584, 0.024489, 0.155108, 0.146612, 0.153762, 0.04965, -0.98685, -0.083081, -0.031868, 0.998456, 0.045268, 0.73124, 0.0, 0.0, 0.0, 1.0],
                [0.978054, 0.023549, 0.206969, 0.1477, 0.206774, 0.010477, -0.978322, -0.081957, -0.025208, 0.999658, 0.005378, 0.724384, 0.0, 0.0, 0.0, 1.0],
                [0.960893, 0.00671, 0.276801, 0.147962, 0.276815, -0.001158, -0.960912, -0.093572, -0.006127, 0.999967, -0.00297, 0.717934, 0.0, 0.0, 0.0, 1.0],
                [0.933123, -0.018866, 0.359033, 0.147653, 0.359199, 0.006146, -0.93323, -0.109812, 0.0154, 0.999793, 0.012511, 0.711113, 0.0, 0.0, 0.0, 1.0],
                [0.901744, -0.042691, 0.430134, 0.14665, 0.430719, 0.005116, -0.902461, -0.110263, 0.036327, 0.999065, 0.023002, 0.706253, 0.0, 0.0, 0.0, 1.0],
                [0.864371, -0.064329, 0.498702, 0.146627, 0.499465, -0.00477, -0.866309, -0.098961, 0.058108, 0.997907, 0.028008, 0.702646, 0.0, 0.0, 0.0, 1.0],
                [0.826997, -0.098656, 0.553464, 0.14664, 0.556777, 0.007477, -0.830616, -0.084311, 0.077808, 0.995084, 0.061114, 0.700894, 0.0, 0.0, 0.0, 1.0],
                [0.780159, -0.128499, 0.612226, 0.147001, 0.618564, 0.012441, -0.785623, -0.071159, 0.093336, 0.991621, 0.089191, 0.701888, 0.0, 0.0, 0.0, 1.0],
                [0.725943, -0.162556, 0.668253, 0.148172, 0.679367, 0.018333, -0.733556, -0.057746, 0.106994, 0.986519, 0.123745, 0.70513, 0.0, 0.0, 0.0, 1.0],
                [0.65803, -0.195714, 0.727099, 0.149571, 0.743557, 0.01662, -0.668451, -0.037497, 0.118742, 0.98051, 0.156462, 0.709299, 0.0, 0.0, 0.0, 1.0],
                [0.561425, -0.252249, 0.788132, 0.151777, 0.818212, 0.026803, -0.574274, -0.010512, 0.123737, 0.967281, 0.221443, 0.712206, 0.0, 0.0, 0.0, 1.0],
                [0.457435, -0.262398, 0.849635, 0.154698, 0.881657, 0.009385, -0.471777, 0.015755, 0.115821, 0.964904, 0.23564, 0.71381, 0.0, 0.0, 0.0, 1.0],
                [0.325976, -0.262863, 0.908087, 0.157645, 0.940802, -0.004089, -0.338903, 0.042527, 0.092799, 0.964814, 0.245972, 0.712893, 0.0, 0.0, 0.0, 1.0],
                [0.177234, -0.224877, 0.958122, 0.160218, 0.982377, -0.018128, -0.185976, 0.063485, 0.059191, 0.974208, 0.217703, 0.710033, 0.0, 0.0, 0.0, 1.0],
                [0.021748, -0.230742, 0.972762, 0.161636, 0.999505, -0.016667, -0.0263, 0.080362, 0.022282, 0.972862, 0.230267, 0.704661, 0.0, 0.0, 0.0, 1.0],
                [-0.131949, -0.207694, 0.969243, 0.160268, 0.991079, -0.00966, 0.132851, 0.090223, -0.01823, 0.978136, 0.207118, 0.699073, 0.0, 0.0, 0.0, 1.0],
                [-0.282823, -0.185075, 0.941137, 0.156163, 0.95739, 0.005138, 0.288718, 0.097457, -0.058271, 0.982701, 0.175737, 0.694318, 0.0, 0.0, 0.0, 1.0],
                [-0.443992, -0.170107, 0.879725, 0.148699, 0.890476, 0.02528, 0.454306, 0.107533, -0.099521, 0.985091, 0.140253, 0.69273, 0.0, 0.0, 0.0, 1.0],
                [-0.607175, -0.170844, 0.775971, 0.138208, 0.782618, 0.040062, 0.621196, 0.112127, -0.137216, 0.984473, 0.109382, 0.69492, 0.0, 0.0, 0.0, 1.0],
                [-0.764031, -0.172393, 0.621705, 0.125325, 0.62076, 0.066097, 0.781197, 0.117802, -0.175767, 0.982798, 0.056515, 0.702055, 0.0, 0.0, 0.0, 1.0],
                [-0.888425, -0.197416, 0.414376, 0.110541, 0.407533, 0.07609, 0.910004, 0.120632, -0.211182, 0.977352, 0.012853, 0.7115, 0.0, 0.0, 0.0, 1.0],
                [-0.962489, -0.222132, 0.155731, 0.094323, 0.141322, 0.079448, 0.98676, 0.126158, -0.231566, 0.971764, -0.045076, 0.722562, 0.0, 0.0, 0.0, 1.0],
                [-0.959617, -0.248838, -0.131133, 0.077964, -0.149031, 0.05442, 0.987324, 0.126518, -0.238549, 0.967005, -0.089308, 0.733601, 0.0, 0.0, 0.0, 1.0],
                [-0.873487, -0.278326, -0.399419, 0.062736, -0.424686, 0.034544, 0.904671, 0.128733, -0.237999, 0.959855, -0.148376, 0.743346, 0.0, 0.0, 0.0, 1.0],
                [-0.707428, -0.28264, -0.647796, 0.050019, -0.672826, -0.011319, 0.739701, 0.13359, -0.216404, 0.959149, -0.182162, 0.750348, 0.0, 0.0, 0.0, 1.0],
                [-0.477002, -0.272015, -0.835738, 0.040492, -0.86139, -0.044126, 0.506005, 0.135058, -0.17452, 0.961271, -0.213265, 0.753705, 0.0, 0.0, 0.0, 1.0],
                [-0.21214, -0.261378, -0.941625, 0.033875, -0.970849, -0.053556, 0.23359, 0.137626, -0.111486, 0.963739, -0.2424, 0.753521, 0.0, 0.0, 0.0, 1.0],
                [0.070326, -0.23793, -0.968723, 0.030739, -0.996944, -0.049585, -0.060196, 0.14346, -0.033712, 0.970006, -0.240692, 0.749919, 0.0, 0.0, 0.0, 1.0],
                [0.359253, -0.215487, -0.90801, 0.032022, -0.932157, -0.036219, -0.360211, 0.145599, 0.044734, 0.975825, -0.213881, 0.743981, 0.0, 0.0, 0.0, 1.0],
                [0.581437, -0.181827, -0.793001, 0.03602, -0.807525, -0.010288, -0.589727, 0.148377, 0.09907, 0.983267, -0.152813, 0.736232, 0.0, 0.0, 0.0, 1.0],
                [0.752128, -0.177015, -0.634782, 0.041879, -0.645447, -0.003516, -0.763784, 0.151653, 0.132971, 0.984192, -0.1169, 0.72762, 0.0, 0.0, 0.0, 1.0],
                [0.872772, -0.168836, -0.457977, 0.04906, -0.464595, 0.000349, -0.885512, 0.155445, 0.149667, 0.985634, -0.078136, 0.717735, 0.0, 0.0, 0.0, 1.0],
                [0.944451, -0.170607, -0.280865, 0.05642, -0.286136, -0.006617, -0.958156, 0.159771, 0.161611, 0.985307, -0.055067, 0.707371, 0.0, 0.0, 0.0, 1.0],
                [0.977817, -0.170813, -0.121148, 0.062842, -0.123041, -0.000503, -0.992391, 0.164421, 0.169454, 0.985293, -0.021509, 0.696685, 0.0, 0.0, 0.0, 1.0],
                [0.984672, -0.173564, 0.016614, 0.06773, 0.017656, 0.004461, -0.999824, 0.169131, 0.173461, 0.984802, 0.007457, 0.687223, 0.0, 0.0, 0.0, 1.0],
                [0.97516, -0.178002, 0.131753, 0.071494, 0.138247, 0.024529, -0.990084, 0.173742, 0.173007, 0.983714, 0.048529, 0.679494, 0.0, 0.0, 0.0, 1.0],
                [0.95349, -0.18793, 0.235624, 0.073081, 0.247475, 0.041972, -0.967974, 0.177978, 0.172023, 0.981275, 0.086529, 0.673344, 0.0, 0.0, 0.0, 1.0],
                [0.922478, -0.20423, 0.327573, 0.073304, 0.346986, 0.06684, -0.935475, 0.18181, 0.169159, 0.976628, 0.132524, 0.668578, 0.0, 0.0, 0.0, 1.0],
                [0.885337, -0.20821, 0.4157, 0.073013, 0.436503, 0.064403, -0.897384, 0.185079, 0.160074, 0.975951, 0.147904, 0.665717, 0.0, 0.0, 0.0, 1.0],
                [0.840731, -0.211807, 0.498287, 0.073814, 0.520676, 0.063893, -0.851349, 0.188172, 0.148486, 0.97521, 0.164001, 0.663526, 0.0, 0.0, 0.0, 1.0],
                [0.792315, -0.20476, 0.574708, 0.07627, 0.594665, 0.048672, -0.802487, 0.191246, 0.136347, 0.977591, 0.160329, 0.661072, 0.0, 0.0, 0.0, 1.0],
                [0.743779, -0.208128, 0.635182, 0.079873, 0.656063, 0.045506, -0.753319, 0.19437, 0.127883, 0.977032, 0.170393, 0.658605, 0.0, 0.0, 0.0, 1.0],
                [0.69587, -0.203354, 0.688761, 0.084665, 0.708179, 0.035018, -0.70515, 0.197501, 0.119277, 0.978469, 0.16838, 0.656488, 0.0, 0.0, 0.0, 1.0],
                [0.652753, -0.207452, 0.7286, 0.090463, 0.748544, 0.028701, -0.662449, 0.200652, 0.116516, 0.977814, 0.174023, 0.654702, 0.0, 0.0, 0.0, 1.0],
                [0.619335, -0.218013, 0.754238, 0.096687, 0.775702, 0.021606, -0.630714, 0.203479, 0.121209, 0.975696, 0.182496, 0.653995, 0.0, 0.0, 0.0, 1.0],
                [0.597694, -0.237092, 0.765852, 0.103279, 0.790935, 0.018276, -0.611611, 0.205836, 0.131013, 0.971305, 0.198449, 0.654453, 0.0, 0.0, 0.0, 1.0],
                [0.584939, -0.25146, 0.771099, 0.110168, 0.79816, 0.009551, -0.602353, 0.207554, 0.144105, 0.96781, 0.206294, 0.656304, 0.0, 0.0, 0.0, 1.0],
                [0.577478, -0.268307, 0.771045, 0.116651, 0.8021, 0.010507, -0.59708, 0.208451, 0.152101, 0.963266, 0.221279, 0.659468, 0.0, 0.0, 0.0, 1.0],
                [0.572012, -0.271344, 0.774051, 0.122624, 0.806158, 0.011913, -0.591563, 0.208579, 0.151298, 0.962398, 0.225563, 0.664194, 0.0, 0.0, 0.0, 1.0],
                [0.568228, -0.256887, 0.781732, 0.128247, 0.810327, 0.009523, -0.585884, 0.208094, 0.143063, 0.966384, 0.213576, 0.670945, 0.0, 0.0, 0.0, 1.0],
                [0.567389, -0.24495, 0.786161, 0.133563, 0.814123, 0.023676, -0.580193, 0.207302, 0.123506, 0.969236, 0.212855, 0.679848, 0.0, 0.0, 0.0, 1.0],
                [0.564799, -0.227701, 0.79318, 0.138234, 0.818964, 0.036566, -0.572662, 0.20649, 0.101393, 0.973034, 0.207133, 0.690628, 0.0, 0.0, 0.0, 1.0],
                [0.557426, -0.190852, 0.80798, 0.141785, 0.826903, 0.040788, -0.560846, 0.206112, 0.074084, 0.980761, 0.180554, 0.702276, 0.0, 0.0, 0.0, 1.0],
                [0.559534, -0.167949, 0.8116, 0.144007, 0.827535, 0.059242, -0.558261, 0.20657, 0.045679, 0.984004, 0.172133, 0.712651, 0.0, 0.0, 0.0, 1.0],
                [0.572626, -0.14558, 0.806775, 0.144932, 0.819718, 0.087411, -0.56604, 0.208234, 0.011883, 0.985467, 0.16939, 0.721865, 0.0, 0.0, 0.0, 1.0],
                [0.592673, -0.110302, 0.797842, 0.144949, 0.805029, 0.112413, -0.582471, 0.21124, -0.02544, 0.98751, 0.155422, 0.728935, 0.0, 0.0, 0.0, 1.0],
                [0.614759, -0.074058, 0.785217, 0.144176, 0.786326, 0.134765, -0.602917, 0.215781, -0.06117, 0.988096, 0.141083, 0.732446, 0.0, 0.0, 0.0, 1.0],
                [0.646585, -0.033089, 0.762111, 0.143237, 0.756954, 0.151582, -0.635628, 0.221914, -0.094491, 0.987881, 0.123059, 0.731489, 0.0, 0.0, 0.0, 1.0],
                [0.689607, -0.019766, 0.7239, 0.141483, 0.714805, 0.178818, -0.67606, 0.229248, -0.116085, 0.983674, 0.137444, 0.726866, 0.0, 0.0, 0.0, 1.0],
                [0.740331, -0.000719, 0.672227, 0.138616, 0.6603, 0.188315, -0.726994, 0.237725, -0.126069, 0.982098, 0.139891, 0.719723, 0.0, 0.0, 0.0, 1.0],
                [0.800758, 0.019792, 0.598645, 0.135279, 0.585584, 0.184256, -0.78938, 0.247031, -0.125929, 0.982669, 0.135956, 0.710781, 0.0, 0.0, 0.0, 1.0],
                [0.865575, 0.037606, 0.499346, 0.131734, 0.48654, 0.172793, -0.856389, 0.256958, -0.11849, 0.98423, 0.13127, 0.702062, 0.0, 0.0, 0.0, 1.0],
                [0.923495, 0.05587, 0.379493, 0.128126, 0.368836, 0.142356, -0.918518, 0.267662, -0.105342, 0.988227, 0.11086, 0.694644, 0.0, 0.0, 0.0, 1.0],
                [0.968762, 0.062949, 0.23983, 0.124652, 0.231833, 0.113109, -0.966147, 0.279194, -0.087946, 0.991576, 0.094983, 0.688421, 0.0, 0.0, 0.0, 1.0],
                [0.993832, 0.063045, 0.091121, 0.121599, 0.086421, 0.073655, -0.993522, 0.291606, -0.069349, 0.995279, 0.067752, 0.683313, 0.0, 0.0, 0.0, 1.0],
                [0.996842, 0.055854, -0.056275, 0.118404, -0.061468, 0.096078, -0.993464, 0.304997, -0.050083, 0.993795, 0.099209, 0.676102, 0.0, 0.0, 0.0, 1.0],
                [0.977015, 0.047061, -0.207865, 0.115873, -0.211292, 0.086215, -0.973603, 0.319364, -0.027898, 0.995154, 0.094178, 0.668576, 0.0, 0.0, 0.0, 1.0],
                [0.935466, 0.042818, -0.350785, 0.114039, -0.353343, 0.097482, -0.93039, 0.334346, -0.005642, 0.994306, 0.106322, 0.65973, 0.0, 0.0, 0.0, 1.0],
                [0.881256, 0.036589, -0.471199, 0.113042, -0.472432, 0.096139, -0.876097, 0.349422, 0.013245, 0.994685, 0.10201, 0.650211, 0.0, 0.0, 0.0, 1.0],
                [0.828644, 0.042462, -0.558145, 0.112375, -0.559233, 0.105944, -0.822201, 0.364145, 0.02422, 0.993455, 0.111537, 0.641138, 0.0, 0.0, 0.0, 1.0],
                [0.782445, 0.045109, -0.621067, 0.110983, -0.622141, 0.098981, -0.77661, 0.377914, 0.026442, 0.994056, 0.105513, 0.633764, 0.0, 0.0, 0.0, 1.0],
                [0.74965, 0.047001, -0.660148, 0.108864, -0.661579, 0.080089, -0.745573, 0.390057, 0.017828, 0.995669, 0.091134, 0.629631, 0.0, 0.0, 0.0, 1.0],
                [0.730757, 0.091029, -0.676526, 0.105532, -0.682613, 0.092146, -0.724934, 0.400098, -0.003651, 0.991566, 0.129475, 0.627858, 0.0, 0.0, 0.0, 1.0],
                [0.727798, 0.129855, -0.673371, 0.101098, -0.684815, 0.085624, -0.723655, 0.407878, -0.036314, 0.987819, 0.151245, 0.630361, 0.0, 0.0, 0.0, 1.0],
                [0.739372, 0.174897, -0.65017, 0.09615, -0.668388, 0.074438, -0.740065, 0.413477, -0.081039, 0.981759, 0.171938, 0.63511, 0.0, 0.0, 0.0, 1.0],
                [0.761957, 0.21125, -0.612189, 0.09046, -0.634682, 0.055634, -0.770755, 0.416906, -0.128765, 0.975837, 0.176469, 0.642444, 0.0, 0.0, 0.0, 1.0],
                [0.788979, 0.241106, -0.565119, 0.084777, -0.591366, 0.048497, -0.804932, 0.418604, -0.166669, 0.969276, 0.180847, 0.651988, 0.0, 0.0, 0.0, 1.0],
                [0.820135, 0.249896, -0.514695, 0.08039, -0.537741, 0.029396, -0.842586, 0.418816, -0.195431, 0.967816, 0.15849, 0.665096, 0.0, 0.0, 0.0, 1.0],
                [0.851412, 0.258999, -0.456066, 0.076743, -0.479818, 0.033525, -0.876716, 0.417621, -0.211781, 0.965285, 0.152817, 0.67973, 0.0, 0.0, 0.0, 1.0],
                [0.884025, 0.255596, -0.391344, 0.074376, -0.414785, 0.043, -0.908892, 0.415377, -0.215484, 0.965816, 0.144032, 0.696047, 0.0, 0.0, 0.0, 1.0],
                [0.911776, 0.242934, -0.331101, 0.074091, -0.352888, 0.05113, -0.934257, 0.411885, -0.210036, 0.968684, 0.132349, 0.713192, 0.0, 0.0, 0.0, 1.0],
                [0.933922, 0.22717, -0.275978, 0.075381, -0.295598, 0.056734, -0.953616, 0.407134, -0.200977, 0.972191, 0.120137, 0.728987, 0.0, 0.0, 0.0, 1.0],
                [0.952413, 0.209665, -0.221201, 0.076967, -0.239882, 0.067985, -0.968408, 0.401534, -0.188005, 0.975397, 0.115046, 0.743273, 0.0, 0.0, 0.0, 1.0],
                [0.966501, 0.194294, -0.167649, 0.078573, -0.187322, 0.08762, -0.978373, 0.395431, -0.175404, 0.977012, 0.121081, 0.754219, 0.0, 0.0, 0.0, 1.0],
                [0.9769, 0.178041, -0.118104, 0.080219, -0.137599, 0.101412, -0.985272, 0.388982, -0.163443, 0.978773, 0.123569, 0.76289, 0.0, 0.0, 0.0, 1.0],
                [0.984632, 0.161933, -0.065254, 0.081978, -0.085014, 0.118261, -0.989327, 0.382631, -0.152489, 0.97968, 0.130211, 0.766106, 0.0, 0.0, 0.0, 1.0],
                [0.989357, 0.145084, -0.010217, 0.084577, -0.030348, 0.137228, -0.990064, 0.376615, -0.142242, 0.979846, 0.140172, 0.76591, 0.0, 0.0, 0.0, 1.0],
                [0.99065, 0.128272, 0.046244, 0.088009, 0.027884, 0.141403, -0.989549, 0.371325, -0.133472, 0.981596, 0.136506, 0.762194, 0.0, 0.0, 0.0, 1.0],
                [0.98699, 0.11603, 0.11121, 0.092326, 0.093946, 0.14491, -0.984965, 0.366702, -0.130402, 0.982608, 0.132126, 0.754708, 0.0, 0.0, 0.0, 1.0],
                [0.976445, 0.110888, 0.185037, 0.098073, 0.167402, 0.151487, -0.974171, 0.362776, -0.136056, 0.98221, 0.129357, 0.744242, 0.0, 0.0, 0.0, 1.0],
                [0.957301, 0.113393, 0.265888, 0.105459, 0.247696, 0.152347, -0.956774, 0.359552, -0.149, 0.98179, 0.117756, 0.731042, 0.0, 0.0, 0.0, 1.0],
                [0.926221, 0.115427, 0.358848, 0.114896, 0.338444, 0.164528, -0.92648, 0.356967, -0.165983, 0.979585, 0.113325, 0.715735, 0.0, 0.0, 0.0, 1.0],
                [0.879623, 0.112403, 0.462179, 0.126607, 0.437139, 0.191972, -0.878656, 0.354934, -0.187491, 0.974932, 0.119728, 0.701194, 0.0, 0.0, 0.0, 1.0],
                [0.817717, 0.100167, 0.566821, 0.14137, 0.535436, 0.229036, -0.812915, 0.353383, -0.211252, 0.96824, 0.133655, 0.689914, 0.0, 0.0, 0.0, 1.0],
                [0.751641, 0.066896, 0.656156, 0.159232, 0.615609, 0.285914, -0.734342, 0.352184, -0.236731, 0.955907, 0.173725, 0.682489, 0.0, 0.0, 0.0, 1.0],
                [0.692112, 0.034104, 0.72097, 0.178917, 0.671979, 0.334144, -0.660888, 0.351471, -0.263449, 0.941894, 0.20835, 0.679886, 0.0, 0.0, 0.0, 1.0],
                [0.635973, -0.02, 0.771439, 0.198743, 0.717079, 0.38471, -0.581185, 0.350907, -0.285159, 0.92281, 0.259009, 0.680416, 0.0, 0.0, 0.0, 1.0],
                [0.590481, -0.093565, 0.801597, 0.217912, 0.750557, 0.428711, -0.502843, 0.350632, -0.296608, 0.898572, 0.323375, 0.684267, 0.0, 0.0, 0.0, 1.0],
                [0.553905, -0.178827, 0.813136, 0.234616, 0.779133, 0.455587, -0.430549, 0.350435, -0.293463, 0.872033, 0.391686, 0.688826, 0.0, 0.0, 0.0, 1.0],
                [0.539149, -0.273175, 0.796664, 0.246173, 0.799057, 0.464788, -0.381392, 0.349869, -0.266096, 0.842216, 0.468877, 0.695568, 0.0, 0.0, 0.0, 1.0],
                [0.543557, -0.351148, 0.762378, 0.250953, 0.809955, 0.457737, -0.366647, 0.349377, -0.220224, 0.816794, 0.533226, 0.703062, 0.0, 0.0, 0.0, 1.0],
                [0.559128, -0.42864, 0.709665, 0.24881, 0.813662, 0.44796, -0.370494, 0.348703, -0.159094, 0.784588, 0.599241, 0.711246, 0.0, 0.0, 0.0, 1.0],
                [0.580275, -0.497572, 0.644735, 0.240557, 0.810719, 0.428184, -0.399215, 0.348023, -0.077428, 0.754361, 0.651862, 0.718246, 0.0, 0.0, 0.0, 1.0],
                [0.596479, -0.559768, 0.575197, 0.227994, 0.802372, 0.398191, -0.444549, 0.347785, 0.019807, 0.726693, 0.686662, 0.724077, 0.0, 0.0, 0.0, 1.0],
                [0.602939, -0.614903, 0.50827, 0.212505, 0.787253, 0.355468, -0.503842, 0.348031, 0.129142, 0.70393, 0.698417, 0.728428, 0.0, 0.0, 0.0, 1.0],
                [0.604192, -0.657819, 0.449674, 0.19584, 0.758755, 0.302609, -0.5768, 0.349121, 0.243357, 0.689697, 0.681964, 0.730001, 0.0, 0.0, 0.0, 1.0],
                [0.605224, -0.690988, 0.395247, 0.179099, 0.711496, 0.246879, -0.657878, 0.351152, 0.357011, 0.679387, 0.641059, 0.729843, 0.0, 0.0, 0.0, 1.0],
                [0.606716, -0.713923, 0.349558, 0.163557, 0.650672, 0.193429, -0.734297, 0.354231, 0.456621, 0.672963, 0.581892, 0.728376, 0.0, 0.0, 0.0, 1.0],
                [0.616702, -0.722939, 0.311476, 0.150123, 0.56587, 0.132076, -0.813835, 0.358361, 0.54722, 0.678155, 0.490546, 0.7252, 0.0, 0.0, 0.0, 1.0],
                [0.634758, -0.726177, 0.264065, 0.138956, 0.468806, 0.090273, -0.878664, 0.363094, 0.614234, 0.681541, 0.397742, 0.721486, 0.0, 0.0, 0.0, 1.0],
                [0.657718, -0.715943, 0.234122, 0.129274, 0.368072, 0.034294, -0.929154, 0.368161, 0.657199, 0.697302, 0.286077, 0.717797, 0.0, 0.0, 0.0, 1.0],
                [0.68683, -0.694324, 0.214846, 0.12152, 0.279833, -0.020188, -0.959826, 0.373274, 0.670774, 0.719365, 0.180431, 0.71437, 0.0, 0.0, 0.0, 1.0],
                [0.725576, -0.656716, 0.205533, 0.116258, 0.205397, -0.078377, -0.975525, 0.378152, 0.656759, 0.750041, 0.07802, 0.710936, 0.0, 0.0, 0.0, 1.0],
                [0.765265, -0.60719, 0.213703, 0.111586, 0.159522, -0.14274, -0.97681, 0.382669, 0.62362, 0.781617, -0.012374, 0.706289, 0.0, 0.0, 0.0, 1.0],
                [0.805161, -0.551256, 0.218662, 0.108353, 0.141753, -0.179127, -0.97355, 0.386384, 0.575849, 0.814869, -0.066084, 0.699761, 0.0, 0.0, 0.0, 1.0],
                [0.843459, -0.476417, 0.24816, 0.104837, 0.153, -0.229768, -0.961134, 0.389177, 0.514925, 0.848654, -0.12091, 0.69125, 0.0, 0.0, 0.0, 1.0],
                [0.880426, -0.393596, 0.26441, 0.10121, 0.183154, -0.232055, -0.955293, 0.391432, 0.437362, 0.889501, -0.13222, 0.680897, 0.0, 0.0, 0.0, 1.0],
                [0.913277, -0.291551, 0.284435, 0.097413, 0.222567, -0.227636, -0.947959, 0.392484, 0.34113, 0.929064, -0.143007, 0.670424, 0.0, 0.0, 0.0, 1.0],
                [0.940382, -0.174263, 0.292052, 0.093523, 0.257114, -0.197805, -0.94591, 0.392457, 0.222609, 0.964617, -0.141208, 0.66021, 0.0, 0.0, 0.0, 1.0],
                [0.957097, -0.037024, 0.287357, 0.089677, 0.278637, -0.154216, -0.947923, 0.391012, 0.079412, 0.987333, -0.137285, 0.652288, 0.0, 0.0, 0.0, 1.0],
                [0.957172, 0.114242, 0.265991, 0.08623, 0.276853, -0.092777, -0.956412, 0.388309, -0.084585, 0.989101, -0.120433, 0.647094, 0.0, 0.0, 0.0, 1.0],
                [0.93392, 0.268818, 0.235606, 0.082914, 0.245572, -0.00356, -0.969361, 0.384735, -0.259746, 0.963174, -0.06934, 0.645487, 0.0, 0.0, 0.0, 1.0],
                [0.889063, 0.413234, 0.19694, 0.080752, 0.178653, 0.082876, -0.980405, 0.38048, -0.421463, 0.906835, -0.000143, 0.647929, 0.0, 0.0, 0.0, 1.0],
                [0.828758, 0.53168, 0.17452, 0.078486, 0.082377, 0.192553, -0.977812, 0.375925, -0.553493, 0.824755, 0.115783, 0.652981, 0.0, 0.0, 0.0, 1.0],
                [0.774567, 0.613357, 0.154334, 0.07564, -0.033571, 0.28354, -0.958362, 0.371468, -0.631585, 0.737142, 0.240214, 0.660028, 0.0, 0.0, 0.0, 1.0],
                [0.739623, 0.661626, 0.12324, 0.070458, -0.153422, 0.344053, -0.92632, 0.367619, -0.655285, 0.666227, 0.355981, 0.667288, 0.0, 0.0, 0.0, 1.0],
                [0.724589, 0.682521, 0.095478, 0.062708, -0.258878, 0.397954, -0.880111, 0.36496, -0.638696, 0.613007, 0.465048, 0.674914, 0.0, 0.0, 0.0, 1.0],
                [0.730421, 0.680419, 0.05912, 0.051802, -0.348533, 0.445784, -0.824489, 0.363848, -0.587358, 0.581625, 0.562764, 0.681767, 0.0, 0.0, 0.0, 1.0],
                [0.753424, 0.657259, 0.018539, 0.037886, -0.413459, 0.4955, -0.763879, 0.364423, -0.511258, 0.567865, 0.645077, 0.687564, 0.0, 0.0, 0.0, 1.0],
                [0.789095, 0.613435, -0.031735, 0.0223, -0.452226, 0.545206, -0.705848, 0.366681, -0.415694, 0.571338, 0.707637, 0.691684, 0.0, 0.0, 0.0, 1.0],
                [0.831532, 0.548753, -0.086051, 0.004197, -0.460462, 0.594355, -0.659315, 0.370397, -0.31066, 0.587871, 0.746912, 0.693487, 0.0, 0.0, 0.0, 1.0],
                [0.874225, 0.465958, -0.136358, -0.014368, -0.439461, 0.640094, -0.630185, 0.374861, -0.20636, 0.610854, 0.764364, 0.693848, 0.0, 0.0, 0.0, 1.0],
                [0.908242, 0.373394, -0.188821, -0.032157, -0.404262, 0.666673, -0.626178, 0.379578, -0.10793, 0.645061, 0.756457, 0.692225, 0.0, 0.0, 0.0, 1.0],
                [0.933781, 0.27411, -0.229995, -0.047551, -0.356985, 0.669819, -0.651064, 0.38391, -0.024408, 0.690062, 0.723325, 0.689363, 0.0, 0.0, 0.0, 1.0],
                [0.95204, 0.179129, -0.248018, -0.057589, -0.303619, 0.65288, -0.693933, 0.387289, 0.037623, 0.735962, 0.675962, 0.684782, 0.0, 0.0, 0.0, 1.0],
                [0.967377, 0.101575, -0.232043, -0.064401, -0.245041, 0.607305, -0.755722, 0.388891, 0.064159, 0.787936, 0.612389, 0.679604, 0.0, 0.0, 0.0, 1.0],
                [0.978776, 0.056193, -0.197028, -0.067919, -0.19622, 0.533797, -0.82252, 0.38834, 0.058954, 0.843732, 0.533499, 0.673374, 0.0, 0.0, 0.0, 1.0],
                [0.988649, 0.045258, -0.143196, -0.065556, -0.148349, 0.442676, -0.884314, 0.38566, 0.023368, 0.895528, 0.44437, 0.665721, 0.0, 0.0, 0.0, 1.0],
                [0.994415, 0.071484, -0.077511, -0.057016, -0.097536, 0.344346, -0.933752, 0.381013, -0.040058, 0.936107, 0.349399, 0.656942, 0.0, 0.0, 0.0, 1.0],
                [0.991313, 0.131417, 0.00279, -0.042455, -0.029772, 0.245155, -0.969016, 0.375032, -0.12803, 0.960525, 0.24694, 0.647653, 0.0, 0.0, 0.0, 1.0],
                [0.972333, 0.219807, 0.078946, -0.022975, 0.044271, 0.158427, -0.986368, 0.368189, -0.22932, 0.962583, 0.144314, 0.639329, 0.0, 0.0, 0.0, 1.0],
                [0.931442, 0.32897, 0.155485, 0.001248, 0.126957, 0.10663, -0.98615, 0.361223, -0.340996, 0.93829, 0.057555, 0.631831, 0.0, 0.0, 0.0, 1.0],
                [0.872922, 0.436344, 0.218154, 0.029124, 0.198001, 0.091793, -0.975884, 0.354968, -0.445851, 0.895074, -0.006268, 0.626812, 0.0, 0.0, 0.0, 1.0],
                [0.809188, 0.519649, 0.274154, 0.058298, 0.255057, 0.109661, -0.960677, 0.34992, -0.529284, 0.847302, -0.043804, 0.623822, 0.0, 0.0, 0.0, 1.0],
                [0.748685, 0.574537, 0.330695, 0.089129, 0.298265, 0.153551, -0.94204, 0.346758, -0.592021, 0.803934, -0.056403, 0.623785, 0.0, 0.0, 0.0, 1.0],
                [0.704239, 0.599351, 0.380533, 0.119433, 0.319538, 0.211046, -0.923761, 0.345645, -0.633974, 0.772151, -0.042889, 0.625817, 0.0, 0.0, 0.0, 1.0],
                [0.681087, 0.594562, 0.427314, 0.147369, 0.324591, 0.277941, -0.904085, 0.346685, -0.656308, 0.75447, -0.003688, 0.630546, 0.0, 0.0, 0.0, 1.0],
                [0.673038, 0.562169, 0.48059, 0.172018, 0.335731, 0.346764, -0.875797, 0.349793, -0.659003, 0.7508, 0.044648, 0.637557, 0.0, 0.0, 0.0, 1.0],
                [0.684427, 0.499736, 0.530851, 0.193127, 0.34324, 0.42151, -0.839343, 0.354643, -0.643215, 0.756686, 0.116965, 0.645765, 0.0, 0.0, 0.0, 1.0],
                [0.711469, 0.40621, 0.573398, 0.211944, 0.35344, 0.498394, -0.791621, 0.360759, -0.607349, 0.765883, 0.211023, 0.653635, 0.0, 0.0, 0.0, 1.0],
                [0.740827, 0.289023, 0.606318, 0.225774, 0.375105, 0.570779, -0.730402, 0.367482, -0.557182, 0.768542, 0.314437, 0.660597, 0.0, 0.0, 0.0, 1.0],
                [0.769188, 0.155772, 0.61973, 0.236296, 0.402553, 0.635064, -0.659261, 0.374088, -0.496267, 0.756578, 0.425781, 0.666382, 0.0, 0.0, 0.0, 1.0],
                [0.778493, 0.014302, 0.627474, 0.241054, 0.462804, 0.66222, -0.589285, 0.379886, -0.423958, 0.74916, 0.50892, 0.670302, 0.0, 0.0, 0.0, 1.0],
                [0.761716, -0.109641, 0.638552, 0.240319, 0.543756, 0.644059, -0.53805, 0.384272, -0.352276, 0.757065, 0.550213, 0.672248, 0.0, 0.0, 0.0, 1.0],
                [0.727506, -0.207911, 0.653825, 0.237853, 0.62424, 0.595999, -0.505064, 0.386952, -0.284674, 0.775589, 0.563385, 0.671304, 0.0, 0.0, 0.0, 1.0],
                [0.693222, -0.273383, 0.666847, 0.23248, 0.689921, 0.519272, -0.504326, 0.387414, -0.208403, 0.80969, 0.548589, 0.668379, 0.0, 0.0, 0.0, 1.0],
                [0.661898, -0.301874, 0.686107, 0.22507, 0.738657, 0.418372, -0.528518, 0.385641, -0.127504, 0.856631, 0.499906, 0.662843, 0.0, 0.0, 0.0, 1.0],
                [0.6357, -0.304186, 0.709462, 0.216516, 0.770592, 0.304028, -0.56012, 0.381181, -0.045316, 0.902783, 0.427678, 0.656615, 0.0, 0.0, 0.0, 1.0],
                [0.627348, -0.27385, 0.728986, 0.206708, 0.778095, 0.182737, -0.600963, 0.374633, 0.031361, 0.944242, 0.327725, 0.649508, 0.0, 0.0, 0.0, 1.0],
                [0.633904, -0.217952, 0.742053, 0.19707, 0.767708, 0.061148, -0.63786, 0.366158, 0.093649, 0.974032, 0.206087, 0.641318, 0.0, 0.0, 0.0, 1.0],
                [0.654717, -0.144695, 0.741882, 0.18766, 0.743357, -0.054531, -0.666654, 0.355942, 0.136919, 0.987962, 0.071859, 0.630627, 0.0, 0.0, 0.0, 1.0],
                [0.686461, -0.063618, 0.724365, 0.179254, 0.709728, -0.15815, -0.68648, 0.34414, 0.158232, 0.985353, -0.063413, 0.617509, 0.0, 0.0, 0.0, 1.0],
                [0.725386, 0.03062, 0.687646, 0.170427, 0.670735, -0.255861, -0.696154, 0.331046, 0.154627, 0.966218, -0.206138, 0.602167, 0.0, 0.0, 0.0, 1.0],
                [0.771063, 0.129733, 0.623386, 0.160892, 0.625639, -0.336393, -0.703843, 0.316806, 0.118392, 0.932732, -0.34055, 0.586152, 0.0, 0.0, 0.0, 1.0],
                [0.812483, 0.222892, 0.538676, 0.151937, 0.580518, -0.393964, -0.71258, 0.302058, 0.053391, 0.891679, -0.449486, 0.570628, 0.0, 0.0, 0.0, 1.0],
                [0.843883, 0.305471, 0.441054, 0.143486, 0.535576, -0.431204, -0.726086, 0.287052, -0.031614, 0.848958, -0.527495, 0.555963, 0.0, 0.0, 0.0, 1.0],
                [0.856049, 0.382084, 0.348097, 0.135931, 0.500609, -0.445268, -0.742366, 0.272124, -0.128651, 0.80977, -0.572452, 0.543854, 0.0, 0.0, 0.0, 1.0],
                [0.854052, 0.448266, 0.26388, 0.130109, 0.469046, -0.444351, -0.763235, 0.257407, -0.224879, 0.775622, -0.589762, 0.536679, 0.0, 0.0, 0.0, 1.0],
                [0.84172, 0.507241, 0.184914, 0.127409, 0.43419, -0.432419, -0.790236, 0.24306, -0.320884, 0.745453, -0.58422, 0.535543, 0.0, 0.0, 0.0, 1.0],
                [0.81809, 0.561871, 0.122513, 0.126243, 0.400844, -0.404389, -0.822054, 0.229068, -0.41235, 0.721631, -0.556055, 0.540096, 0.0, 0.0, 0.0, 1.0],
                [0.785494, 0.614559, 0.072777, 0.125358, 0.36626, -0.366867, -0.855127, 0.215279, -0.498832, 0.698359, -0.513265, 0.550637, 0.0, 0.0, 0.0, 1.0],
                [0.743793, 0.667655, 0.031441, 0.126273, 0.323676, -0.318634, -0.890891, 0.201793, -0.584796, 0.672821, -0.453106, 0.566257, 0.0, 0.0, 0.0, 1.0],
                [0.698098, 0.715898, -0.011386, 0.128468, 0.263737, -0.271899, -0.925469, 0.188656, -0.665644, 0.643072, -0.378625, 0.586544, 0.0, 0.0, 0.0, 1.0],
                [0.65088, 0.757449, -0.051064, 0.130397, 0.188565, -0.226456, -0.955584, 0.175977, -0.735377, 0.612347, -0.290227, 0.608309, 0.0, 0.0, 0.0, 1.0],
                [0.603631, 0.791478, -0.095771, 0.133007, 0.094066, -0.189992, -0.977259, 0.163963, -0.791682, 0.580901, -0.189138, 0.631236, 0.0, 0.0, 0.0, 1.0],
                [0.558422, 0.817189, -0.142642, 0.134806, -0.009368, -0.165728, -0.986117, 0.152658, -0.829492, 0.552011, -0.084892, 0.652744, 0.0, 0.0, 0.0, 1.0],
                [0.513936, 0.836453, -0.190249, 0.13606, -0.117457, -0.151074, -0.981509, 0.142431, -0.849737, 0.526785, 0.020605, 0.672266, 0.0, 0.0, 0.0, 1.0],
                [0.471791, 0.849484, -0.236156, 0.137382, -0.220778, -0.145487, -0.964402, 0.133437, -0.85361, 0.507139, 0.118909, 0.688341, 0.0, 0.0, 0.0, 1.0],
                [0.43354, 0.854577, -0.285869, 0.139424, -0.311996, -0.155261, -0.937301, 0.125784, -0.845388, 0.495552, 0.199315, 0.702644, 0.0, 0.0, 0.0, 1.0],
                [0.400193, 0.859313, -0.318445, 0.14151, -0.382313, -0.159253, -0.910195, 0.119418, -0.832864, 0.486004, 0.264797, 0.714105, 0.0, 0.0, 0.0, 1.0],
                [0.3701, 0.86078, -0.349376, 0.144682, -0.43241, -0.173234, -0.884868, 0.11409, -0.822209, 0.478568, 0.308099, 0.724293, 0.0, 0.0, 0.0, 1.0],
                [0.339521, 0.864782, -0.369943, 0.148407, -0.471168, -0.184034, -0.86262, 0.109666, -0.814068, 0.467187, 0.344977, 0.734548, 0.0, 0.0, 0.0, 1.0],
                [0.307234, 0.869671, -0.386342, 0.1518, -0.502692, -0.196393, -0.841849, 0.105801, -0.808015, 0.45286, 0.376842, 0.745045, 0.0, 0.0, 0.0, 1.0],
                [0.275402, 0.873614, -0.401163, 0.154908, -0.530415, -0.209939, -0.82132, 0.102436, -0.801744, 0.438981, 0.405564, 0.755314, 0.0, 0.0, 0.0, 1.0],
                [0.240067, 0.876129, -0.418026, 0.157677, -0.556883, -0.228421, -0.798552, 0.099642, -0.795128, 0.424502, 0.433069, 0.766826, 0.0, 0.0, 0.0, 1.0],
                [0.209705, 0.876277, -0.433754, 0.159782, -0.577918, -0.246747, -0.777886, 0.097408, -0.788679, 0.413805, 0.454677, 0.778549, 0.0, 0.0, 0.0, 1.0],
                [0.176476, 0.878767, -0.4434, 0.161076, -0.596566, -0.262812, -0.7583, 0.095919, -0.782908, 0.398344, 0.477868, 0.789388, 0.0, 0.0, 0.0, 1.0],
                [0.141987, 0.878433, -0.456263, 0.162128, -0.618984, -0.280902, -0.733439, 0.09517, -0.77245, 0.386562, 0.503856, 0.798864, 0.0, 0.0, 0.0, 1.0],
                [0.109908, 0.879499, -0.463013, 0.162962, -0.642157, -0.292725, -0.708467, 0.095267, -0.75864, 0.375197, 0.53261, 0.806175, 0.0, 0.0, 0.0, 1.0],
                [0.079706, 0.881093, -0.466157, 0.164246, -0.669235, -0.299278, -0.680101, 0.096142, -0.73875, 0.36618, 0.56581, 0.811216, 0.0, 0.0, 0.0, 1.0],
                [0.055582, 0.887162, -0.458076, 0.166093, -0.699858, -0.292593, -0.651589, 0.097875, -0.712102, 0.356808, 0.60463, 0.814247, 0.0, 0.0, 0.0, 1.0],
                [0.057705, 0.890757, -0.45078, 0.169208, -0.746123, -0.261518, -0.612282, 0.100393, -0.663288, 0.371672, 0.64953, 0.816507, 0.0, 0.0, 0.0, 1.0],
                [0.056777, 0.901217, -0.429609, 0.172764, -0.787872, -0.223846, -0.573699, 0.103557, -0.6132, 0.371054, 0.697342, 0.817478, 0.0, 0.0, 0.0, 1.0],
                [0.062534, 0.912078, -0.405195, 0.178025, -0.829261, -0.17842, -0.529597, 0.107097, -0.555334, 0.369134, 0.745201, 0.817749, 0.0, 0.0, 0.0, 1.0],
                [0.055834, 0.926319, -0.372553, 0.184738, -0.86968, -0.138162, -0.473866, 0.110914, -0.490429, 0.350463, 0.797894, 0.817274, 0.0, 0.0, 0.0, 1.0],
                [0.011579, 0.939148, -0.34329, 0.192156, -0.896846, -0.14206, -0.418887, 0.114618, -0.442169, 0.312731, 0.840634, 0.815555, 0.0, 0.0, 0.0, 1.0],
                [-0.050702, 0.946684, -0.318117, 0.199851, -0.912602, -0.173302, -0.370277, 0.118292, -0.40567, 0.271543, 0.872741, 0.812365, 0.0, 0.0, 0.0, 1.0],
                [-0.074988, 0.950901, -0.300241, 0.207125, -0.935729, -0.171159, -0.308376, 0.122377, -0.344628, 0.257822, 0.902629, 0.807301, 0.0, 0.0, 0.0, 1.0],
                [-0.111017, 0.950616, -0.2898, 0.214554, -0.955066, -0.182678, -0.233362, 0.126484, -0.274781, 0.250874, 0.928191, 0.79974, 0.0, 0.0, 0.0, 1.0],
                [-0.160249, 0.945004, -0.285074, 0.220966, -0.968617, -0.20613, -0.138819, 0.130412, -0.189949, 0.253885, 0.948389, 0.789162, 0.0, 0.0, 0.0, 1.0],
                [-0.215382, 0.933328, -0.287211, 0.22616, -0.972898, -0.230399, -0.019128, 0.133972, -0.084027, 0.27531, 0.957666, 0.774944, 0.0, 0.0, 0.0, 1.0],
                [-0.284304, 0.915064, -0.286022, 0.230969, -0.957564, -0.25636, 0.131644, 0.136977, 0.047139, 0.311315, 0.949127, 0.758188, 0.0, 0.0, 0.0, 1.0],
                [-0.359904, 0.893829, -0.26743, 0.235251, -0.909971, -0.273034, 0.312066, 0.139343, 0.205918, 0.355671, 0.911634, 0.738272, 0.0, 0.0, 0.0, 1.0],
                [-0.446261, 0.86471, -0.23045, 0.240579, -0.810014, -0.280846, 0.514764, 0.140746, 0.380405, 0.416391, 0.825767, 0.715057, 0.0, 0.0, 0.0, 1.0],
                [-0.552004, 0.817482, -0.164299, 0.247549, -0.620434, -0.271041, 0.73592, 0.140969, 0.557075, 0.508173, 0.656816, 0.689148, 0.0, 0.0, 0.0, 1.0],
                [-0.65261, 0.754486, -0.069511, 0.255547, -0.355652, -0.224033, 0.907359, 0.139848, 0.669023, 0.61688, 0.414545, 0.660779, 0.0, 0.0, 0.0, 1.0],
                [-0.735858, 0.675322, 0.049332, 0.264764, -0.069319, -0.147603, 0.986605, 0.137037, 0.673564, 0.722588, 0.155429, 0.629653, 0.0, 0.0, 0.0, 1.0],
                [-0.784406, 0.58952, 0.192752, 0.273585, 0.191912, -0.064828, 0.979259, 0.131953, 0.589794, 0.805136, -0.062285, 0.598724, 0.0, 0.0, 0.0, 1.0],
                [-0.790894, 0.506405, 0.343542, 0.281297, 0.406545, 0.015227, 0.913493, 0.124405, 0.45737, 0.86215, -0.217922, 0.568701, 0.0, 0.0, 0.0, 1.0],
                [-0.751785, 0.445932, 0.485741, 0.286384, 0.581766, 0.101798, 0.806949, 0.114205, 0.3104, 0.889248, -0.335961, 0.5411, 0.0, 0.0, 0.0, 1.0],
                [-0.668907, 0.40278, 0.62475, 0.288739, 0.727813, 0.184035, 0.660606, 0.101744, 0.151104, 0.896593, -0.416255, 0.515695, 0.0, 0.0, 0.0, 1.0],
                [-0.537566, 0.383849, 0.750775, 0.287157, 0.842979, 0.265485, 0.46785, 0.087185, -0.019736, 0.884397, -0.466297, 0.494434, 0.0, 0.0, 0.0, 1.0],
                [-0.359901, 0.399333, 0.843199, 0.280139, 0.911579, 0.34297, 0.22666, 0.07098, -0.198681, 0.850226, -0.487464, 0.47776, 0.0, 0.0, 0.0, 1.0],
                [-0.159689, 0.437881, 0.884726, 0.269777, 0.91805, 0.395306, -0.029946, 0.053751, -0.362854, 0.807449, -0.465127, 0.465936, 0.0, 0.0, 0.0, 1.0],
                [0.037096, 0.488821, 0.871584, 0.256368, 0.866314, 0.419008, -0.271869, 0.036496, -0.498101, 0.765158, -0.407933, 0.460845, 0.0, 0.0, 0.0, 1.0],
                [0.21744, 0.52938, 0.820035, 0.240994, 0.769923, 0.42336, -0.477456, 0.02035, -0.599932, 0.735189, -0.31553, 0.460575, 0.0, 0.0, 0.0, 1.0],
                [0.374893, 0.564905, 0.735063, 0.223979, 0.645392, 0.410161, -0.644374, 0.006583, -0.665511, 0.715982, -0.210821, 0.463342, 0.0, 0.0, 0.0, 1.0],
                [0.525287, 0.587113, 0.615916, 0.20478, 0.487427, 0.385684, -0.783353, -0.003908, -0.697473, 0.711706, -0.08358, 0.46743, 0.0, 0.0, 0.0, 1.0],
                [0.651541, 0.588255, 0.478989, 0.184597, 0.320315, 0.359023, -0.87663, -0.010029, -0.687657, 0.724595, 0.045492, 0.472983, 0.0, 0.0, 0.0, 1.0],
                [0.75037, 0.567219, 0.339393, 0.164328, 0.167515, 0.333502, -0.927736, -0.011264, -0.639424, 0.753007, 0.155234, 0.479102, 0.0, 0.0, 0.0, 1.0],
                [0.823217, 0.530035, 0.203365, 0.144454, 0.035385, 0.309615, -0.950193, -0.00739, -0.566606, 0.789419, 0.236128, 0.486334, 0.0, 0.0, 0.0, 1.0],
                [0.877201, 0.475527, 0.066126, 0.125452, -0.084615, 0.288704, -0.953661, 0.001436, -0.472587, 0.830966, 0.293491, 0.494149, 0.0, 0.0, 0.0, 1.0],
                [0.912462, 0.403009, -0.070547, 0.106411, -0.192255, 0.270141, -0.943421, 0.01473, -0.361153, 0.874407, 0.323977, 0.501685, 0.0, 0.0, 0.0, 1.0],
                [0.928922, 0.31024, -0.202079, 0.088383, -0.283017, 0.243082, -0.927789, 0.031707, -0.238717, 0.919044, 0.313611, 0.508571, 0.0, 0.0, 0.0, 1.0],
                [0.925548, 0.209289, -0.315497, 0.071075, -0.361463, 0.240584, -0.900802, 0.050985, -0.112625, 0.947785, 0.298326, 0.515851, 0.0, 0.0, 0.0, 1.0],
                [0.906638, 0.106578, -0.408202, 0.056928, -0.421708, 0.257042, -0.869524, 0.07136, 0.012253, 0.960495, 0.277992, 0.525092, 0.0, 0.0, 0.0, 1.0],
                [0.884926, 0.014432, -0.465486, 0.047103, -0.451595, 0.270801, -0.850123, 0.091477, 0.113786, 0.962517, 0.246158, 0.53563, 0.0, 0.0, 0.0, 1.0],
                [0.876863, -0.060445, -0.476904, 0.041555, -0.440524, 0.296084, -0.847498, 0.110291, 0.192433, 0.953237, 0.233, 0.546389, 0.0, 0.0, 0.0, 1.0],
                [0.889588, -0.111709, -0.442871, 0.039719, -0.384846, 0.338871, -0.858511, 0.126428, 0.245982, 0.934167, 0.258467, 0.557858, 0.0, 0.0, 0.0, 1.0],
                [0.917343, -0.151532, -0.368104, 0.042297, -0.289407, 0.381045, -0.878082, 0.139977, 0.273325, 0.912043, 0.305697, 0.570197, 0.0, 0.0, 0.0, 1.0],
                [0.945349, -0.191053, -0.264187, 0.050294, -0.164893, 0.418854, -0.892945, 0.150667, 0.281258, 0.887716, 0.364463, 0.584131, 0.0, 0.0, 0.0, 1.0],
                [0.964319, -0.22443, -0.140358, 0.06072, -0.021676, 0.461503, -0.886862, 0.158392, 0.263817, 0.858269, 0.440176, 0.599742, 0.0, 0.0, 0.0, 1.0],
