{
    "animation": [
        {
            "name": "Root",
            "time": [0.0, 1.0],
            "transform": [
                [0.974174, 0.15837, 0.160945, -5e-06, -0.0, 0.712787, -0.701381, -0.116922, -0.225797, 0.683267, 0.694379, 0.541632, 0.0, 0.0, 0.0, 1.0],
                [0.974174, 0.15837, 0.160945, -5e-06, -0.0, 0.712787, -0.701381, -0.116922, -0.225797, 0.683267, 0.694379, 0.541632, 0.0, 0.0, 0.0, 1.0]
            ]
        },
        {
            "name": "Thigh_R",
            "time": [0.0, 1.0],
            "transform": [
                [0.918096, 0.350076, 0.185865, 0.113746, 0.206842, -0.823183, 0.528756, -0.002831, 0.338106, -0.447003, -0.828174, 0.009462, 0.0, 0.0, 0.0, 1.0],
                [0.918096, 0.350076, 0.185865, 0.113746, 0.206842, -0.823183, 0.528756, -0.002831, 0.338106, -0.447003, -0.828174, 0.009462, 0.0, 0.0, 0.0, 1.0]
            ]
        },
        {
            "name": "Leg_R",
            "time": [0.0, 1.0],
            "transform": [
                [1.0, -1e-06, 1e-06, -0.0, -1e-06, 0.502491, 0.864582, 0.374726, -1e-06, -0.864583, 0.50249, -0.0, 0.0, 0.0, 0.0, 1.0],
                [1.0, -1e-06, 1e-06, -0.0, -1e-06, 0.502491, 0.864582, 0.374726, -1e-06, -0.864583, 0.50249, -0.0, 0.0, 0.0, 0.0, 1.0]
            ]
        },
        {
            "name": "Knee_R",
            "time": [0.0, 1.0],
            "transform": [
                [1.0, 0.0, 0.0, -0.0, 0.0, 1e-06, -1.0, 0.429418, -0.0, 1.0, 1e-06, 0.0, 0.0, 0.0, 0.0, 1.0],
                [1.0, 0.0, 0.0, -0.0, 0.0, 1e-06, -1.0, 0.429418, -0.0, 1.0, 1e-06, 0.0, 0.0, 0.0, 0.0, 1.0]
            ]
        },
        {
            "name": "Thigh_L",
            "time": [0.0, 1.0],
            "transform": [
                [0.977129, -0.028328, -0.210749, -0.113068, 0.206356, 0.365567, 0.907622, -0.002714, 0.051332, -0.930352, 0.363052, -0.051062, 0.0, 0.0, 0.0, 1.0],
                [0.977129, -0.028328, -0.210749, -0.113068, 0.206356, 0.365567, 0.907622, -0.002714, 0.051332, -0.930352, 0.363052, -0.051062, 0.0, 0.0, 0.0, 1.0]
            ]
        },
        {
            "name": "Leg_L",
            "time": [0.0, 1.0],
            "transform": [
                [1.0, -1e-06, 0.0, -0.0, 0.0, 0.391486, 0.920184, 0.374726, -1e-06, -0.920184, 0.391486, -0.0, 0.0, 0.0, 0.0, 1.0],
                [1.0, -1e-06, 0.0, -0.0, 0.0, 0.391486, 0.920184, 0.374726, -1e-06, -0.920184, 0.391486, -0.0, 0.0, 0.0, 0.0, 1.0]
            ]
        },
        {
            "name": "Knee_L",
            "time": [0.0, 1.0],
            "transform": [
                [1.0, 0.0, 0.0, -0.0, -0.0, 1e-06, -1.0, 0.442467, -0.0, 1.0, 1e-06, 0.0, 0.0, 0.0, 0.0, 1.0],
                [1.0, 0.0, 0.0, -0.0, -0.0, 1e-06, -1.0, 0.442467, -0.0, 1.0, 1e-06, 0.0, 0.0, 0.0, 0.0, 1.0]
            ]
        },
        {
            "name": "Torso",
            "time": [0.0, 1.0],
            "transform": [
                [0.999761, 0.010791, 0.018992, 0.0, 0.004342, 0.753955, -0.656912, 0.05, -0.021408, 0.656838, 0.753728, 0.0, 0.0, 0.0, 0.0, 1.0],
                [0.999761, 0.010791, 0.018992, 0.0, 0.004342, 0.753955, -0.656912, 0.05, -0.021408, 0.656838, 0.753728, 0.0, 0.0, 0.0, 0.0, 1.0]
            ]
        },
        {
            "name": "Chest",
            "time": [0.0, 1.0],
            "transform": [
                [0.995966, -0.082343, -0.035651, -0.0, 0.085045, 0.739572, 0.667683, 0.3, -0.028613, -0.668022, 0.743592, 0.0, 0.0, 0.0, 0.0, 1.0],
                [0.995966, -0.082343, -0.035651, -0.0, 0.085045, 0.739572, 0.667683, 0.3, -0.028613, -0.668022, 0.743592, 0.0, 0.0, 0.0, 0.0, 1.0]
            ]
        },
        {
            "name": "Head",
            "time": [0.0, 1.0],
            "transform": [
                [0.993999, -0.106586, -0.024602, -0.0, 0.088573, 0.916215, -0.390775, 0.4, 0.064192, 0.386251, 0.920157, 0.0, 0.0, 0.0, 0.0, 1.0],
                [0.993999, -0.106586, -0.024602, -0.0, 0.088573, 0.916215, -0.390775, 0.4, 0.064192, 0.386251, 0.920157, 0.0, 0.0, 0.0, 0.0, 1.0]
            ]
        },
        {
            "name": "Shoulder_R",
            "time": [0.0, 1.0],
            "transform": [
                [0.624428, 0.631545, -0.459609, -0.0, 0.355585, 0.294068, 0.887177, 0.4, 0.695448, -0.717409, -0.040944, 0.0, 0.0, 0.0, 0.0, 1.0],
                [0.624428, 0.631545, -0.459609, -0.0, 0.355585, 0.294068, 0.887177, 0.4, 0.695448, -0.717409, -0.040944, 0.0, 0.0, 0.0, 0.0, 1.0]
            ]
        },
        {
            "name": "Arm_R",
            "time": [0.0, 1.0],
            "transform": [
                [-0.235466, -0.708435, 0.665338, 0.0, 0.963336, -0.260719, 0.063322, 0.39386, 0.128607, 0.655854, 0.743851, 0.0, 0.0, 0.0, 0.0, 1.0],
                [-0.235466, -0.708435, 0.665338, 0.0, 0.963336, -0.260719, 0.063322, 0.39386, 0.128607, 0.655854, 0.743851, 0.0, 0.0, 0.0, 0.0, 1.0]
            ]
        },
        {
            "name": "Hand_R",
            "time": [0.0, 1.0],
            "transform": [
                [1.0, -0.0, -0.0, 0.0, -0.0, 0.300086, -0.953912, 0.300003, -0.0, 0.953912, 0.300086, 0.0, 0.0, 0.0, 0.0, 1.0],
                [1.0, -0.0, -0.0, 0.0, -0.0, 0.300086, -0.953912, 0.300003, -0.0, 0.953912, 0.300086, 0.0, 0.0, 0.0, 0.0, 1.0]
            ]
        },
        {
            "name": "Tool_R",
            "time": [0.0, 1.0],
            "transform": [
                [0.966247, -0.191642, -0.171936, 0.074271, 0.187327, 0.065099, 0.980131, 0.266497, -0.176739, -0.978723, 0.098859, -0.037379, 0.0, 0.0, 0.0, 1.0],
                [0.966247, -0.191642, -0.171936, 0.074271, 0.187327, 0.065099, 0.980131, 0.266497, -0.176739, -0.978723, 0.098859, -0.037379, 0.0, 0.0, 0.0, 1.0]
            ]
        },
        {
            "name": "Elbow_R",
            "time": [0.0, 1.0],
            "transform": [
                [-1.0, -0.0, -0.0, -0.0, 0.0, -0.0, -1.0, 0.428963, 0.0, -1.0, -0.0, 0.0, 0.0, 0.0, 0.0, 1.0],
                [-1.0, -0.0, -0.0, -0.0, 0.0, -0.0, -1.0, 0.428963, 0.0, -1.0, -0.0, 0.0, 0.0, 0.0, 0.0, 1.0]
            ]
        },
        {
            "name": "Shoulder_L",
            "time": [0.0, 1.0],
            "transform": [
                [0.233571, -0.934207, 0.269631, -0.0, -0.021726, 0.272218, 0.96199, 0.4, -0.972097, -0.230551, 0.043286, 0.0, 0.0, 0.0, 0.0, 1.0],
                [0.233571, -0.934207, 0.269631, -0.0, -0.021726, 0.272218, 0.96199, 0.4, -0.972097, -0.230551, 0.043286, 0.0, 0.0, 0.0, 0.0, 1.0]
            ]
        },
        {
            "name": "Arm_L",
            "time": [0.0, 1.0],
            "transform": [
                [0.812675, 0.570406, -0.119148, 0.0, 0.017892, -0.228798, -0.97331, 0.39386, -0.582443, 0.788852, -0.196144, 0.0, 0.0, 0.0, 0.0, 1.0],
                [0.812675, 0.570406, -0.119148, 0.0, 0.017892, -0.228798, -0.97331, 0.39386, -0.582443, 0.788852, -0.196144, 0.0, 0.0, 0.0, 0.0, 1.0]
            ]
        },
        {
            "name": "Hand_L",
            "time": [0.0, 1.0],
            "transform": [
                [1.0, -0.0, 0.0, -0.0, -0.0, 0.993938, 0.109947, 0.300003, -0.0, -0.109947, 0.993938, 0.0, 0.0, 0.0, 0.0, 1.0],
                [1.0, -0.0, 0.0, -0.0, -0.0, 0.993938, 0.109947, 0.300003, -0.0, -0.109947, 0.993938, 0.0, 0.0, 0.0, 0.0, 1.0]
            ]
        },
        {
            "name": "Tool_L",
            "time": [0.0, 1.0],
            "transform": [
                [1.0, 0.0, -0.0, -0.0, 0.0, -0.999836, 0.018117, 0.272858, -0.0, -0.018127, -0.999248, 0.0, 0.0, 0.0, 0.0, 1.0],
                [1.0, 0.0, -0.0, -0.0, 0.0, -0.999836, 0.018117, 0.272858, -0.0, -0.018127, -0.999248, 0.0, 0.0, 0.0, 0.0, 1.0]
            ]
        },
        {
            "name": "Elbow_L",
            "time": [0.0, 1.0],
            "transform": [
                [-1.0, -0.0, 0.0, -0.0, -0.0, -0.0, -1.0, 0.3, 0.0, -1.0, -0.0, 0.0, 0.0, 0.0, 0.0, 1.0],
                [-1.0, -0.0, 0.0, -0.0, -0.0, -0.0, -1.0, 0.3, 0.0, -1.0, -0.0, 0.0, 0.0, 0.0, 0.0, 1.0]
            ]
        }
    ]
}