{
    "animation": [
        {
            "name": "Root",
            "time": [0.0, 0.25, 0.35, 0.4833, 1.0],
            "transform": [
                [0.854689, 0.0, -0.51914, -5e-06, -0.51914, 0.0, -0.854689, 0.050569, 0.0, 1.0, 0.0, 0.755725, 0.0, 0.0, 0.0, 1.0],
                [0.943519, 0.0, -0.331318, -5e-06, -0.331318, 0.0, -0.943519, 0.073948, 0.0, 1.0, 0.0, 0.725213, 0.0, 0.0, 0.0, 1.0],
                [0.984674, 0.160987, 0.067089, -5e-06, -0.044672, 0.604641, -0.795245, -0.080347, -0.168589, 0.78006, 0.602565, 0.574597, 0.0, 0.0, 0.0, 1.0],
                [0.974174, 0.15837, 0.160945, -5e-06, -0.0, 0.712787, -0.701381, -0.116922, -0.225797, 0.683267, 0.694379, 0.541632, 0.0, 0.0, 0.0, 1.0],
                [0.974174, 0.15837, 0.160945, -5e-06, -0.0, 0.712787, -0.701381, -0.116922, -0.225797, 0.683267, 0.694379, 0.541632, 0.0, 0.0, 0.0, 1.0]
            ]
        },
        {
            "name": "Thigh_R",
            "time": [0.0, 0.25, 0.35, 1.0],
            "transform": [
                [0.99383, 0.085676, -0.070435, 0.124994, 0.090558, -0.993474, 0.069314, -0.002831, -0.064037, -0.075264, -0.995106, -1.1e-05, 0.0, 0.0, 0.0, 1.0],
                [0.977525, 0.161149, 0.13592, 0.124994, 0.15058, -0.98495, 0.084819, -0.002831, 0.147543, -0.062445, -0.987083, -1.2e-05, 0.0, 0.0, 0.0, 1.0],
                [0.918096, 0.350076, 0.185865, 0.113746, 0.206842, -0.823183, 0.528756, -0.002831, 0.338106, -0.447003, -0.828174, 0.009462, 0.0, 0.0, 0.0, 1.0],
                [0.918096, 0.350076, 0.185865, 0.113746, 0.206842, -0.823183, 0.528756, -0.002831, 0.338106, -0.447003, -0.828174, 0.009462, 0.0, 0.0, 0.0, 1.0]
            ]
        },
        {
            "name": "Leg_R",
            "time": [0.0, 0.25, 0.35, 0.4833, 1.0],
            "transform": [
                [1.0, -0.0, 1e-06, -0.0, -0.0, 0.969087, 0.24672, 0.374726, -1e-06, -0.246721, 0.969086, -0.0, 0.0, 0.0, 0.0, 1.0],
                [1.0, -0.0, 1e-06, -0.0, -0.0, 0.879975, 0.475021, 0.374726, -1e-06, -0.475021, 0.879974, -0.0, 0.0, 0.0, 0.0, 1.0],
                [1.0, -1e-06, 1e-06, -0.0, -1e-06, 0.54696, 0.837159, 0.374726, -1e-06, -0.83716, 0.546959, 0.0, 0.0, 0.0, 0.0, 1.0],
                [1.0, -1e-06, 1e-06, -0.0, -1e-06, 0.502491, 0.864582, 0.374726, -1e-06, -0.864583, 0.50249, -0.0, 0.0, 0.0, 0.0, 1.0],
                [1.0, -1e-06, 1e-06, -0.0, -1e-06, 0.502491, 0.864582, 0.374726, -1e-06, -0.864583, 0.50249, -0.0, 0.0, 0.0, 0.0, 1.0]
            ]
        },
        {
            "name": "Knee_R",
            "time": [0.0, 0.25, 0.35, 0.4833, 1.0],
            "transform": [
                [1.0, 0.0, -0.0, -0.0, -0.0, 1e-06, -1.0, 0.37472, -0.0, 1.0, 1e-06, 0.0, 0.0, 0.0, 0.0, 1.0],
                [1.0, -0.0, -0.0, -0.0, 0.0, 1e-06, -1.0, 0.37472, 0.0, 1.0, 1e-06, -0.0, 0.0, 0.0, 0.0, 1.0],
                [1.0, -0.0, 0.0, -0.0, 0.0, 1e-06, -1.0, 0.423929, -0.0, 1.0, 1e-06, 0.0, 0.0, 0.0, 0.0, 1.0],
                [1.0, 0.0, 0.0, -0.0, 0.0, 1e-06, -1.0, 0.429418, -0.0, 1.0, 1e-06, 0.0, 0.0, 0.0, 0.0, 1.0],
                [1.0, 0.0, 0.0, -0.0, 0.0, 1e-06, -1.0, 0.429418, -0.0, 1.0, 1e-06, 0.0, 0.0, 0.0, 0.0, 1.0]
            ]
        },
        {
            "name": "Thigh_L",
            "time": [0.0, 0.25, 0.35, 0.4833, 1.0],
            "transform": [
                [0.866212, -0.134415, -0.481257, -0.125006, -0.025053, -0.973609, 0.226836, -0.002831, -0.499047, -0.184431, -0.846721, -1.2e-05, 0.0, 0.0, 0.0, 1.0],
                [0.945248, -0.156365, -0.286454, -0.125006, -0.011446, -0.893088, 0.449734, -0.002831, -0.326152, -0.421831, -0.845981, -1.2e-05, 0.0, 0.0, 0.0, 1.0],
                [0.980035, -0.043111, -0.194092, -0.1144, 0.198124, 0.130011, 0.971516, -0.002831, -0.016649, -0.990574, 0.135956, -0.045249, 0.0, 0.0, 0.0, 1.0],
                [0.977129, -0.028328, -0.210749, -0.113068, 0.206356, 0.365567, 0.907622, -0.002714, 0.051332, -0.930352, 0.363052, -0.051062, 0.0, 0.0, 0.0, 1.0],
                [0.977129, -0.028328, -0.210749, -0.113068, 0.206356, 0.365567, 0.907622, -0.002714, 0.051332, -0.930352, 0.363052, -0.051062, 0.0, 0.0, 0.0, 1.0]
            ]
        },
        {
            "name": "Leg_L",
            "time": [0.0, 0.25, 0.35, 0.4833, 1.0],
            "transform": [
                [1.0, -0.0, 1e-06, -0.0, -0.0, 0.975546, 0.219795, 0.374726, -1e-06, -0.219795, 0.975546, -0.0, 0.0, 0.0, 0.0, 1.0],
                [1.0, -0.0, 1e-06, 0.0, -0.0, 0.914702, 0.404128, 0.374726, -1e-06, -0.404128, 0.914703, 0.0, 0.0, 0.0, 0.0, 1.0],
                [1.0, -1e-06, 1e-06, -0.0, -1e-06, 0.491179, 0.871059, 0.374726, -1e-06, -0.871058, 0.49118, -0.0, 0.0, 0.0, 0.0, 1.0],
                [1.0, -1e-06, 0.0, -0.0, 0.0, 0.391486, 0.920184, 0.374726, -1e-06, -0.920184, 0.391486, -0.0, 0.0, 0.0, 0.0, 1.0],
                [1.0, -1e-06, 0.0, -0.0, 0.0, 0.391486, 0.920184, 0.374726, -1e-06, -0.920184, 0.391486, -0.0, 0.0, 0.0, 0.0, 1.0]
            ]
        },
        {
            "name": "Knee_L",
            "time": [0.0, 0.25, 0.35, 0.4833, 1.0],
            "transform": [
                [1.0, -0.0, -0.0, 0.0, -0.0, 1e-06, -1.0, 0.37472, 0.0, 1.0, 1e-06, 0.0, 0.0, 0.0, 0.0, 1.0],
                [1.0, -0.0, -0.0, -0.0, 0.0, 1e-06, -1.0, 0.37472, 0.0, 1.0, 1e-06, -0.0, 0.0, 0.0, 0.0, 1.0],
                [1.0, -0.0, 0.0, -0.0, 0.0, 1e-06, -1.0, 0.430787, 0.0, 1.0, 1e-06, -0.0, 0.0, 0.0, 0.0, 1.0],
                [1.0, 0.0, 0.0, -0.0, -0.0, 1e-06, -1.0, 0.442467, -0.0, 1.0, 1e-06, 0.0, 0.0, 0.0, 0.0, 1.0],
                [1.0, 0.0, 0.0, -0.0, -0.0, 1e-06, -1.0, 0.442467, -0.0, 1.0, 1e-06, 0.0, 0.0, 0.0, 0.0, 1.0]
            ]
        },
        {
            "name": "Torso",
            "time": [0.0, 0.25, 0.4833, 1.0],
            "transform": [
                [0.99978, -0.020971, -0.000197, -0.0, 0.020971, 0.999603, 0.018833, 0.05, -0.000198, -0.018833, 0.999823, 0.0, 0.0, 0.0, 0.0, 1.0],
                [0.99978, -0.020971, -0.000197, 0.0, 0.020971, 0.999603, 0.018833, 0.05, -0.000198, -0.018833, 0.999823, 0.0, 0.0, 0.0, 0.0, 1.0],
                [0.999761, 0.010791, 0.018992, 0.0, 0.004342, 0.753955, -0.656912, 0.05, -0.021408, 0.656838, 0.753728, 0.0, 0.0, 0.0, 0.0, 1.0],
                [0.999761, 0.010791, 0.018992, 0.0, 0.004342, 0.753955, -0.656912, 0.05, -0.021408, 0.656838, 0.753728, 0.0, 0.0, 0.0, 0.0, 1.0]
            ]
        },
        {
            "name": "Chest",
            "time": [0.0, 0.25, 0.4833, 1.0],
            "transform": [
                [0.999771, -0.021411, -0.000206, 0.0, 0.021411, 0.999586, 0.019222, 0.3, -0.000206, -0.019222, 0.999815, 0.0, 0.0, 0.0, 0.0, 1.0],
                [0.999814, -0.019307, 0.000259, 0.0, 0.019263, 0.998306, 0.054898, 0.3, -0.001318, -0.054882, 0.998492, 0.0, 0.0, 0.0, 0.0, 1.0],
                [0.995966, -0.082343, -0.035651, -0.0, 0.085045, 0.739572, 0.667683, 0.3, -0.028613, -0.668022, 0.743592, 0.0, 0.0, 0.0, 0.0, 1.0],
                [0.995966, -0.082343, -0.035651, -0.0, 0.085045, 0.739572, 0.667683, 0.3, -0.028613, -0.668022, 0.743592, 0.0, 0.0, 0.0, 0.0, 1.0]
            ]
        },
        {
            "name": "Head",
            "time": [0.0, 0.25, 0.35, 1.0],
            "transform": [
                [0.85311, 0.037721, 0.520365, -0.0, -0.006297, 0.998055, -0.062025, 0.4, -0.521692, 0.049637, 0.851688, 0.0, 0.0, 0.0, 0.0, 1.0],
                [0.944052, 0.041667, 0.327156, -0.0, -0.015391, 0.996472, -0.082498, 0.4, -0.329439, 0.072847, 0.941362, -0.0, 0.0, 0.0, 0.0, 1.0],
                [0.993999, -0.106586, -0.024602, -0.0, 0.088573, 0.916215, -0.390775, 0.4, 0.064192, 0.386251, 0.920157, 0.0, 0.0, 0.0, 0.0, 1.0],
                [0.993999, -0.106586, -0.024602, -0.0, 0.088573, 0.916215, -0.390775, 0.4, 0.064192, 0.386251, 0.920157, 0.0, 0.0, 0.0, 0.0, 1.0]
            ]
        },
        {
            "name": "Shoulder_R",
            "time": [0.0, 0.25, 0.35, 1.0],
            "transform": [
                [0.374211, 0.88687, 0.270976, -0.0, -0.014232, -0.28668, 0.95792, 0.4, 0.927234, -0.362321, -0.094657, 0.0, 0.0, 0.0, 0.0, 1.0],
                [0.757511, 0.367087, -0.539836, -0.0, 0.495919, 0.214194, 0.841537, 0.4, 0.424547, -0.905189, -0.019791, -0.0, 0.0, 0.0, 0.0, 1.0],
                [0.624428, 0.631545, -0.459609, -0.0, 0.355585, 0.294068, 0.887177, 0.4, 0.695448, -0.717409, -0.040944, 0.0, 0.0, 0.0, 0.0, 1.0],
                [0.624428, 0.631545, -0.459609, -0.0, 0.355585, 0.294068, 0.887177, 0.4, 0.695448, -0.717409, -0.040944, 0.0, 0.0, 0.0, 0.0, 1.0]
            ]
        },
        {
            "name": "Arm_R",
            "time": [0.0, 0.25, 1.0],
            "transform": [
                [0.846583, 0.053893, -0.529522, -0.0, -0.152539, 0.977696, -0.144367, 0.39386, 0.509932, 0.202992, 0.835921, -0.0, 0.0, 0.0, 0.0, 1.0],
                [-0.235466, -0.708435, 0.665338, 0.0, 0.963336, -0.260719, 0.063322, 0.39386, 0.128607, 0.655854, 0.743851, 0.0, 0.0, 0.0, 0.0, 1.0],
                [-0.235466, -0.708435, 0.665338, 0.0, 0.963336, -0.260719, 0.063322, 0.39386, 0.128607, 0.655854, 0.743851, 0.0, 0.0, 0.0, 0.0, 1.0]
            ]
        },
        {
            "name": "Hand_R",
            "time": [0.0, 0.25, 1.0],
            "transform": [
                [0.472693, 0.850676, -0.230027, -0.0, -0.872043, 0.489138, 0.016907, 0.300003, 0.126898, 0.192601, 0.973038, 0.0, 0.0, 0.0, 0.0, 1.0],
                [1.0, -0.0, 0.0, -0.0, -0.0, 0.300086, -0.953912, 0.300002, 0.0, 0.953912, 0.300086, 0.0, 0.0, 0.0, 0.0, 1.0],
                [1.0, -0.0, -0.0, 0.0, -0.0, 0.300086, -0.953912, 0.300003, -0.0, 0.953912, 0.300086, 0.0, 0.0, 0.0, 0.0, 1.0]
            ]
        },
        {
            "name": "Tool_R",
            "time": [0.0, 0.25, 1.0],
            "transform": [
                [-0.198975, -0.098993, -0.974945, -0.0, 0.088713, -0.992615, 0.082657, 0.272858, -0.975403, -0.070085, 0.206399, -0.0, 0.0, 0.0, 0.0, 1.0],
                [0.966247, -0.191642, -0.171936, 0.074271, 0.187327, 0.065099, 0.980131, 0.266497, -0.176739, -0.978723, 0.098859, -0.037379, 0.0, 0.0, 0.0, 1.0],
                [0.966247, -0.191642, -0.171936, 0.074271, 0.187327, 0.065099, 0.980131, 0.266497, -0.176739, -0.978723, 0.098859, -0.037379, 0.0, 0.0, 0.0, 1.0]
            ]
        },
        {
            "name": "Elbow_R",
            "time": [0.0, 0.25, 1.0],
            "transform": [
                [-1.0, 0.0, -0.0, -0.0, 0.0, -0.0, -1.0, 0.311625, 0.0, -1.0, -0.0, -0.0, 0.0, 0.0, 0.0, 1.0],
                [-1.0, 0.0, 0.0, -0.0, 0.0, -0.0, -1.0, 0.428963, -0.0, -1.0, -0.0, -0.0, 0.0, 0.0, 0.0, 1.0],
                [-1.0, -0.0, -0.0, -0.0, 0.0, -0.0, -1.0, 0.428963, 0.0, -1.0, -0.0, 0.0, 0.0, 0.0, 0.0, 1.0]
            ]
        },
        {
            "name": "Shoulder_L",
            "time": [0.0, 0.25, 0.35, 1.0],
            "transform": [
                [-0.36846, -0.828642, -0.421414, -0.0, 0.014874, -0.458504, 0.888568, 0.4, -0.929525, 0.321133, 0.181266, 0.0, 0.0, 0.0, 0.0, 1.0],
                [-0.052803, -0.98376, 0.171548, -0.0, -0.160227, 0.177909, 0.970915, 0.4, -0.985667, 0.02378, -0.167019, -0.0, 0.0, 0.0, 0.0, 1.0],
                [0.233571, -0.934207, 0.269631, -0.0, -0.021726, 0.272218, 0.96199, 0.4, -0.972097, -0.230551, 0.043286, 0.0, 0.0, 0.0, 0.0, 1.0],
                [0.233571, -0.934207, 0.269631, -0.0, -0.021726, 0.272218, 0.96199, 0.4, -0.972097, -0.230551, 0.043286, 0.0, 0.0, 0.0, 0.0, 1.0]
            ]
        },
        {
            "name": "Arm_L",
            "time": [0.0, 0.25, 1.0],
            "transform": [
                [0.456749, 0.204684, 0.865728, -0.0, -0.748533, 0.614293, 0.249682, 0.39386, -0.480705, -0.762068, 0.433791, 0.0, 0.0, 0.0, 0.0, 1.0],
                [0.812675, 0.570406, -0.119148, 0.0, 0.017892, -0.228798, -0.97331, 0.39386, -0.582443, 0.788852, -0.196144, -0.0, 0.0, 0.0, 0.0, 1.0],
                [0.812675, 0.570406, -0.119148, 0.0, 0.017892, -0.228798, -0.97331, 0.39386, -0.582443, 0.788852, -0.196144, 0.0, 0.0, 0.0, 0.0, 1.0]
            ]
        },
        {
            "name": "Hand_L",
            "time": [0.0, 0.25, 1.0],
            "transform": [
                [0.996273, 0.059306, -0.062628, -0.0, -0.066259, 0.991092, -0.115526, 0.300002, 0.055219, 0.119245, 0.991328, -0.0, 0.0, 0.0, 0.0, 1.0],
                [1.0, -0.0, 0.0, 0.0, -0.0, 0.993938, 0.109947, 0.300003, -0.0, -0.109947, 0.993938, 0.0, 0.0, 0.0, 0.0, 1.0],
                [1.0, -0.0, 0.0, -0.0, -0.0, 0.993938, 0.109947, 0.300003, -0.0, -0.109947, 0.993938, 0.0, 0.0, 0.0, 0.0, 1.0]
            ]
        },
        {
            "name": "Tool_L",
            "time": [0.0, 0.25, 1.0],
            "transform": [
                [1.0, -0.0, 0.0, 0.0, 0.0, -0.999835, 0.018117, 0.272858, 0.0, -0.018127, -0.999247, -0.0, 0.0, 0.0, 0.0, 1.0],
                [1.0, 0.0, -0.0, -0.0, -0.0, -0.999836, 0.018117, 0.272858, 0.0, -0.018127, -0.999248, 0.0, 0.0, 0.0, 0.0, 1.0],
                [1.0, 0.0, -0.0, -0.0, 0.0, -0.999836, 0.018117, 0.272858, -0.0, -0.018127, -0.999248, 0.0, 0.0, 0.0, 0.0, 1.0]
            ]
        },
        {
            "name": "Elbow_L",
            "time": [0.0, 0.25, 1.0],
            "transform": [
                [-1.0, 0.0, -0.0, -0.0, 0.0, 0.0, -1.0, 0.3, -0.0, -1.0, 0.0, 0.0, 0.0, 0.0, 0.0, 1.0],
                [-1.0, -0.0, 0.0, -0.0, 0.0, -0.0, -1.0, 0.3, -0.0, -1.0, 0.0, 0.0, 0.0, 0.0, 0.0, 1.0],
                [-1.0, -0.0, 0.0, -0.0, -0.0, -0.0, -1.0, 0.3, 0.0, -1.0, -0.0, 0.0, 0.0, 0.0, 0.0, 1.0]
            ]
        }
    ]
}