{
    "animation": [
        {
            "name": "Root",
            "time": [0.0, 0.1333, 0.2, 0.2667, 0.4333, 0.6, 1.0],
            "transform": [
                [0.895159, -0.109874, -0.431994, -5e-06, -0.419222, 0.121807, -0.899675, 0.259154, 0.151471, 0.986454, 0.062975, 0.564434, 0.0, 0.0, 0.0, 1.0],
                [-0.079774, 0.073684, -0.994086, -5e-06, -0.980935, 0.171484, 0.091429, 0.320595, 0.177207, 0.982427, 0.058599, 0.460895, 0.0, 0.0, 0.0, 1.0],
                [0.650912, 0.347839, -0.674775, -5e-06, -0.634712, 0.736988, -0.232357, 1.379723, 0.416478, 0.579532, 0.700492, 0.957134, 0.0, 0.0, 0.0, 1.0],
                [-0.0, 0.0, 1.0, -5e-06, 0.0, 1.0, 0.0, 2.591663, -1.0, -0.0, 0.0, 1.253374, 0.0, 0.0, 0.0, 1.0],
                [-0.941844, -0.098013, -0.321438, -5e-06, -0.098451, 0.99503, -0.014934, 9.449242, 0.321305, 0.017581, -0.946812, 1.253374, 0.0, 0.0, 0.0, 1.0],
                [0.756222, 0.0, -0.654315, -5e-06, 0.0, 1.0, 0.0, 15.00741, 0.654315, -0.0, 0.756222, 1.253374, 0.0, 0.0, 0.0, 1.0],
                [0.895159, -0.109874, -0.431994, -5e-06, -0.419222, 0.121807, -0.899675, 15.888401, 0.151471, 0.986454, 0.062975, 0.564434, 0.0, 0.0, 0.0, 1.0]
            ]
        },
        {
            "name": "Thigh_R",
            "time": [0.0, 0.1333, 0.1667, 0.2, 0.2667, 0.6, 1.0],
            "transform": [
                [0.947091, 0.155062, -0.281023, 0.124994, 0.293206, -0.77416, 0.560985, -0.002831, -0.13057, -0.6137, -0.778667, -1.2e-05, 0.0, 0.0, 0.0, 1.0],
                [0.884997, 0.141457, -0.443587, 0.124994, 0.450091, -0.50374, 0.737335, -0.002831, -0.119151, -0.852193, -0.509478, -1.2e-05, 0.0, 0.0, 0.0, 1.0],
                [0.884565, 0.269474, -0.380694, 0.124994, 0.408639, -0.841236, 0.354025, -0.002831, -0.224853, -0.468723, -0.854248, -1.2e-05, 0.0, 0.0, 0.0, 1.0],
                [0.892353, 0.310093, -0.327944, 0.124994, 0.373379, -0.915402, 0.15041, -0.002831, -0.25356, -0.256666, -0.932647, -1.2e-05, 0.0, 0.0, 0.0, 1.0],
                [0.978784, 0.204586, 0.011235, 0.090996, 0.078079, -0.423118, 0.902704, -0.002831, 0.189434, -0.882673, -0.430117, 0.130476, 0.0, 0.0, 0.0, 1.0],
                [0.763072, 0.100654, -0.638428, 0.124994, 0.237215, -0.962475, 0.131786, -0.002832, -0.601207, -0.252006, -0.758316, -1.2e-05, 0.0, 0.0, 0.0, 1.0],
                [0.947091, 0.155062, -0.281023, 0.124994, 0.293206, -0.77416, 0.560985, -0.002831, -0.13057, -0.6137, -0.778667, -1.2e-05, 0.0, 0.0, 0.0, 1.0]
            ]
        },
        {
            "name": "Leg_R",
            "time": [0.0, 0.1333, 0.1667, 0.2, 0.2667, 0.6, 1.0],
            "transform": [
                [1.0, -1e-06, 1e-06, 0.0, 0.0, 0.654932, 0.755688, 0.374726, -1e-06, -0.755689, 0.654931, 0.0, 0.0, 0.0, 0.0, 1.0],
                [1.0, -1e-06, 0.0, -0.0, 0.0, 0.249845, 0.968285, 0.374726, -1e-06, -0.968287, 0.249844, -0.0, 0.0, 0.0, 0.0, 1.0],
                [1.0, -0.0, 1e-06, -0.0, -0.0, 0.925285, 0.379274, 0.374726, -1e-06, -0.379274, 0.925284, 0.0, 0.0, 0.0, 0.0, 1.0],
                [1.0, 0.0, 1e-06, 0.0, 0.0, 1.000001, -0.0, 0.374726, -1e-06, -0.0, 0.999999, -0.0, 0.0, 0.0, 0.0, 1.0],
                [1.0, -1e-06, 1e-06, 0.0, -0.0, 0.465757, 0.884912, 0.374726, -1e-06, -0.884914, 0.465756, -0.0, 0.0, 0.0, 0.0, 1.0],
                [1.0, -0.0, 1e-06, 0.0, -0.0, 0.893293, 0.449475, 0.374727, -1e-06, -0.449476, 0.893292, -0.0, 0.0, 0.0, 0.0, 1.0],
                [1.0, -1e-06, 1e-06, 0.0, 0.0, 0.654932, 0.755688, 0.374727, -1e-06, -0.755689, 0.654931, 0.0, 0.0, 0.0, 0.0, 1.0]
            ]
        },
        {
            "name": "Knee_R",
            "time": [0.0, 0.1333, 0.1667, 0.2, 0.2667, 0.6, 1.0],
            "transform": [
                [1.0, -0.0, -0.0, -0.0, -0.0, 1e-06, -1.0, 0.4156, 0.0, 1.0, 1e-06, 0.0, 0.0, 0.0, 0.0, 1.0],
                [1.0, -0.0, 0.0, 0.0, -0.0, 1e-06, -1.0, 0.457046, 0.0, 1.0, 1e-06, -0.0, 0.0, 0.0, 0.0, 1.0],
                [1.0, 0.0, -0.0, -0.0, -0.0, 1e-06, -1.0, 0.37472, 0.0, 1.0, 1e-06, -0.0, 0.0, 0.0, 0.0, 1.0],
                [1.0, -0.0, 0.0, 0.0, 0.0, 1e-06, -1.0, 0.37472, -0.0, 1.0, 1e-06, -0.0, 0.0, 0.0, 0.0, 1.0],
                [1.0, -0.0, 0.0, -0.0, 0.0, 1e-06, -1.0, 0.436217, 0.0, 1.0, 1e-06, -0.0, 0.0, 0.0, 0.0, 1.0],
                [1.0, 0.0, -0.0, -0.0, -0.0, 1e-06, -1.0, 0.380537, -0.0, 1.0, 1e-06, -0.0, 0.0, 0.0, 0.0, 1.0],
                [1.0, -0.0, -0.0, -0.0, -0.0, 1e-06, -1.0, 0.415601, 0.0, 1.0, 1e-06, 1e-06, 0.0, 0.0, 0.0, 1.0]
            ]
        },
        {
            "name": "Thigh_L",
            "time": [0.0, 0.1333, 0.1667, 0.2, 0.2667, 0.6, 1.0],
            "transform": [
                [0.291385, -0.885806, -0.361169, -0.125006, -0.137424, -0.412398, 0.900579, -0.002831, -0.946683, -0.212782, -0.241898, -1.2e-05, 0.0, 0.0, 0.0, 1.0],
                [0.064368, -0.997628, 0.024403, -0.125006, -0.015289, 0.023465, 0.999607, -0.002831, -0.997809, -0.064716, -0.013743, -1.2e-05, 0.0, 0.0, 0.0, 1.0],
                [0.520902, -0.523152, -0.674516, -0.125006, 0.262224, -0.65391, 0.709675, -0.002831, -0.812341, -0.546546, -0.20344, -1.2e-05, 0.0, 0.0, 0.0, 1.0],
                [0.589636, 0.320382, -0.741407, -0.125006, 0.350827, -0.928434, -0.122191, -0.002831, -0.727496, -0.188057, -0.659836, -1.2e-05, 0.0, 0.0, 0.0, 1.0],
                [0.647514, -0.559631, -0.51724, -0.108374, 0.019964, -0.666056, 0.745635, -0.00283, -0.761791, -0.493136, -0.420108, -0.060998, 0.0, 0.0, 0.0, 1.0],
                [-0.213891, -0.508007, -0.834373, -0.020283, -0.280495, -0.786232, 0.5506, -0.002831, -0.93572, 0.351806, 0.025675, 0.086231, 0.0, 0.0, 0.0, 1.0],
                [0.291385, -0.885806, -0.361169, -0.125006, -0.137424, -0.412398, 0.900579, -0.002831, -0.946683, -0.212782, -0.241898, -1.2e-05, 0.0, 0.0, 0.0, 1.0]
            ]
        },
        {
            "name": "Leg_L",
            "time": [0.0, 0.1333, 0.1667, 0.2, 0.2667, 0.6, 1.0],
            "transform": [
                [1.0, -1e-06, 0.0, 0.0, 0.0, 0.452861, 0.891581, 0.374726, -1e-06, -0.891581, 0.452861, 0.0, 0.0, 0.0, 0.0, 1.0],
                [1.0, -1e-06, -0.0, 0.0, -0.0, -0.078885, 0.996884, 0.374726, -1e-06, -0.996883, -0.078885, 0.0, 0.0, 0.0, 0.0, 1.0],
                [1.0, -1e-06, 1e-06, 0.0, -1e-06, 0.166119, 0.986106, 0.374726, -1e-06, -0.986105, 0.166119, 0.0, 0.0, 0.0, 0.0, 1.0],
                [1.0, 0.0, 1e-06, -0.0, 0.0, 1.0, 0.0, 0.374726, -1e-06, -0.0, 1.0, 0.0, 0.0, 0.0, 0.0, 1.0],
                [1.0, -1e-06, 0.0, 0.0, 0.0, 0.200495, 0.979695, 0.374726, -1e-06, -0.979694, 0.200495, 0.0, 0.0, 0.0, 0.0, 1.0],
                [1.0, -1e-06, 1e-06, 0.0, 0.0, 0.860833, 0.508887, 0.374726, -1e-06, -0.508886, 0.860834, 0.0, 0.0, 0.0, 0.0, 1.0],
                [1.0, -1e-06, 0.0, 0.0, 0.0, 0.452861, 0.891581, 0.374726, -1e-06, -0.891581, 0.452861, -0.0, 0.0, 0.0, 0.0, 1.0]
            ]
        },
        {
            "name": "Knee_L",
            "time": [0.0, 0.1333, 0.1667, 0.2, 0.2667, 0.6, 1.0],
            "transform": [
                [1.0, -0.0, -0.0, 0.0, 0.0, 1e-06, -1.0, 0.43752, 0.0, 1.0, 1e-06, 0.0, 0.0, 0.0, 0.0, 1.0],
                [1.0, 0.0, -0.0, 0.0, 0.0, 1e-06, -1.0, 0.47972, 0.0, 1.0, 1e-06, 0.0, 0.0, 0.0, 0.0, 1.0],
                [1.0, 0.0, 0.0, 0.0, -0.0, 1e-06, -1.0, 0.464734, -0.0, 1.0, 1e-06, 0.0, 0.0, 0.0, 0.0, 1.0],
                [1.0, -0.0, 0.0, -0.0, -0.0, 1e-06, -1.0, 0.37472, 0.0, 1.0, 1e-06, 0.0, 0.0, 0.0, 0.0, 1.0],
                [1.0, 0.0, -0.0, 0.0, -0.0, 1e-06, -1.0, 0.461595, -0.0, 1.0, 1e-06, -0.0, 0.0, 0.0, 0.0, 1.0],
                [1.0, -0.0, -0.0, -0.0, 0.0, 1e-06, -1.0, 0.386615, 0.0, 1.0, 1e-06, 2e-06, 0.0, 0.0, 0.0, 1.0],
                [1.0, -0.0, -0.0, -0.0, 0.0, 1e-06, -1.0, 0.43752, 0.0, 1.0, 1e-06, -1e-06, 0.0, 0.0, 0.0, 1.0]
            ]
        },
        {
            "name": "Torso",
            "time": [0.0, 0.1333, 0.2667, 0.6, 1.0],
            "transform": [
                [0.999717, 0.010022, 0.021552, -0.0, -0.012461, 0.993144, 0.116231, 0.05, -0.020239, -0.116467, 0.992988, -0.0, 0.0, 0.0, 0.0, 1.0],
                [0.99957, 0.014788, 0.025317, -0.0, -0.017999, 0.991126, 0.131704, 0.05, -0.023145, -0.132103, 0.990966, 0.0, 0.0, 0.0, 0.0, 1.0],
                [0.896512, 0.0, -0.443019, -0.0, -0.0, 1.0, 0.0, 0.05, 0.443019, -0.0, 0.896512, -0.0, 0.0, 0.0, 0.0, 1.0],
                [0.779176, -0.0, 0.626805, 0.0, -0.0, 1.0, -0.0, 0.050001, -0.626805, -0.0, 0.779176, 0.0, 0.0, 0.0, 0.0, 1.0],
                [0.999717, 0.010022, 0.021552, -0.0, -0.012461, 0.993144, 0.116231, 0.05, -0.020239, -0.116467, 0.992988, -0.0, 0.0, 0.0, 0.0, 1.0]
            ]
        },
        {
            "name": "Chest",
            "time": [0.0, 0.1333, 0.2667, 0.6, 0.7167, 1.0],
            "transform": [
                [0.995011, 0.060564, 0.079274, -0.0, -0.081617, 0.951144, 0.297764, 0.3, -0.057367, -0.302749, 0.951342, 0.0, 0.0, 0.0, 0.0, 1.0],
                [0.993015, 0.071366, 0.093959, 0.0, -0.099363, 0.935247, 0.339765, 0.3, -0.063627, -0.346728, 0.935805, 0.0, 0.0, 0.0, 0.0, 1.0],
                [0.80772, 0.0, -0.589566, 0.0, 0.0, 1.0, 0.0, 0.3, 0.589566, 0.0, 0.80772, -0.0, 0.0, 0.0, 0.0, 1.0],
                [0.91177, -0.0, 0.410701, -0.0, 0.0, 1.0, -0.0, 0.300001, -0.410701, 0.0, 0.91177, -0.0, 0.0, 0.0, 0.0, 1.0],
                [0.886318, 0.177527, 0.427697, 0.0, -0.063077, 0.961272, -0.268287, 0.299999, -0.458762, 0.210809, 0.86319, 0.0, 0.0, 0.0, 0.0, 1.0],
                [0.995011, 0.060564, 0.079274, -1e-06, -0.081617, 0.951144, 0.297764, 0.3, -0.057367, -0.302749, 0.951342, -1e-06, 0.0, 0.0, 0.0, 1.0]
            ]
        },
        {
            "name": "Head",
            "time": [0.0, 0.1333, 0.2667, 0.6, 1.0],
            "transform": [
                [0.930092, 0.00585, 0.367282, -0.0, 0.091698, 0.96452, -0.247575, 0.4, -0.355699, 0.263946, 0.896555, -0.0, 0.0, 0.0, 0.0, 1.0],
                [0.536879, -0.152693, 0.829726, 0.0, 0.35779, 0.931871, -0.06002, 0.4, -0.764033, 0.329091, 0.554934, 0.0, 0.0, 0.0, 0.0, 1.0],
                [0.848893, 0.43501, 0.300245, -0.0, -0.007932, 0.578459, -0.815673, 0.4, -0.528505, 0.690038, 0.4945, -0.0, 0.0, 0.0, 0.0, 1.0],
                [0.948831, -0.221635, -0.224938, -0.0, -0.00287, 0.706235, -0.707972, 0.4, 0.31577, 0.672391, 0.669462, -0.0, 0.0, 0.0, 0.0, 1.0],
                [0.930092, 0.00585, 0.367282, 0.0, 0.091698, 0.96452, -0.247575, 0.399999, -0.355699, 0.263946, 0.896555, 1e-06, 0.0, 0.0, 0.0, 1.0]
            ]
        },
        {
            "name": "Shoulder_R",
            "time": [0.0, 0.1, 0.2167, 0.2667, 0.5667, 0.7833, 1.0],
            "transform": [
                [0.08114, 0.996682, 0.006378, -0.0, 0.14702, -0.018298, 0.988964, 0.4, 0.9858, -0.079306, -0.148017, -0.0, 0.0, 0.0, 0.0, 1.0],
                [-0.118396, 0.980706, 0.155556, -0.0, 0.160957, -0.135631, 0.977597, 0.4, 0.979834, 0.140781, -0.141794, 0.0, 0.0, 0.0, 0.0, 1.0],
                [0.753627, 0.650716, -0.092815, -0.0, -0.477596, 0.639117, 0.602852, 0.4, 0.451605, -0.409998, 0.792436, -0.0, 0.0, 0.0, 0.0, 1.0],
                [0.430272, 0.868792, 0.245084, -0.0, -0.589538, 0.064845, 0.805133, 0.4, 0.683601, -0.490913, 0.540087, -0.0, 0.0, 0.0, 0.0, 1.0],
                [0.430272, 0.868792, 0.245084, -0.0, -0.589538, 0.064845, 0.805133, 0.400001, 0.683601, -0.490913, 0.540087, 0.0, 0.0, 0.0, 0.0, 1.0],
                [-0.541601, 0.821628, 0.177752, -0.0, 0.045034, -0.182787, 0.982121, 0.400001, 0.839428, 0.539923, 0.061997, -1e-06, 0.0, 0.0, 0.0, 1.0],
                [0.08114, 0.996682, 0.006378, 0.0, 0.14702, -0.018298, 0.988964, 0.399999, 0.9858, -0.079306, -0.148017, 1e-06, 0.0, 0.0, 0.0, 1.0]
            ]
        },
        {
            "name": "Arm_R",
            "time": [0.0, 0.1, 0.2167, 0.2667, 0.3333, 0.4333, 0.5167, 0.5667, 0.7833, 1.0],
            "transform": [
                [-0.422304, 0.854042, -0.303763, 0.0, 0.89072, 0.453146, 0.035724, 0.39386, 0.168159, -0.255482, -0.952077, -0.0, 0.0, 0.0, 0.0, 1.0],
                [0.374152, 0.131012, -0.918066, -0.0, 0.015722, 0.988932, 0.147533, 0.393861, 0.927234, -0.069634, 0.367951, 0.0, 0.0, 0.0, 0.0, 1.0],
                [0.158328, -0.681054, -0.714911, -0.0, -0.114681, 0.70646, -0.6984, 0.39386, 0.980704, 0.192564, 0.033749, 0.0, 0.0, 0.0, 0.0, 1.0],
                [0.462752, -0.856992, 0.22677, -0.0, 0.421364, -0.012427, -0.906806, 0.39386, 0.779944, 0.515179, 0.355355, -0.0, 0.0, 0.0, 0.0, 1.0],
                [0.926317, -0.34114, -0.159876, 0.0, -0.198471, -0.081166, -0.97674, 0.39386, 0.320229, 0.936502, -0.142892, -0.0, 0.0, 0.0, 0.0, 1.0],
                [0.874548, -0.484682, 0.01576, -1e-06, -0.074155, -0.165779, -0.983371, 0.39386, 0.479235, 0.858836, -0.180923, 0.0, 0.0, 0.0, 0.0, 1.0],
                [0.752042, -0.641425, 0.151678, 0.0, 0.181596, -0.019579, -0.983178, 0.39386, 0.633605, 0.766935, 0.101756, 1e-06, 0.0, 0.0, 0.0, 1.0],
                [0.462752, -0.856992, 0.22677, 1e-06, 0.421364, -0.012427, -0.906807, 0.393861, 0.779944, 0.515179, 0.355355, 0.0, 0.0, 0.0, 0.0, 1.0],
                [0.200139, 0.196352, -0.959891, 2e-06, 0.78413, 0.555305, 0.277084, 0.393861, 0.587438, -0.808135, -0.042828, -1e-06, 0.0, 0.0, 0.0, 1.0],
                [-0.422304, 0.854042, -0.303763, 1e-06, 0.89072, 0.453146, 0.035724, 0.39386, 0.168159, -0.255482, -0.952077, 1e-06, 0.0, 0.0, 0.0, 1.0]
            ]
        },
        {
            "name": "Hand_R",
            "time": [0.0, 0.1, 0.2667, 0.6, 1.0],
            "transform": [
                [0.999465, -0.029009, -0.015089, -0.0, 0.028066, 0.997846, -0.0593, 0.300003, 0.016777, 0.058845, 0.998126, 0.0, 0.0, 0.0, 0.0, 1.0],
                [1.0, -0.0, 0.0, 0.0, 0.0, 0.497808, -0.867288, 0.300003, 0.0, 0.867287, 0.497808, 0.0, 0.0, 0.0, 0.0, 1.0],
                [1.0, -0.0, -0.0, 0.0, 0.0, 0.999861, 0.016649, 0.300002, 0.0, -0.016649, 0.999861, 0.0, 0.0, 0.0, 0.0, 1.0],
                [1.0, 0.0, -0.0, 0.0, 0.0, 0.999862, 0.016649, 0.300001, 0.0, -0.016649, 0.999861, 0.0, 0.0, 0.0, 0.0, 1.0],
                [0.999465, -0.029009, -0.015089, -0.0, 0.028066, 0.997846, -0.0593, 0.300002, 0.016777, 0.058845, 0.998126, -0.0, 0.0, 0.0, 0.0, 1.0]
            ]
        },
        {
            "name": "Tool_R",
            "time": [0.0, 1.0],
            "transform": [
                [0.966541, -0.056128, 0.250148, 0.0, 0.255062, 0.106685, -0.960452, 0.272858, 0.027237, 0.992708, 0.117362, 0.0, 0.0, 0.0, 0.0, 1.0],
                [0.966541, -0.056128, 0.250148, 0.0, 0.255062, 0.106685, -0.960452, 0.272857, 0.027237, 0.992708, 0.117362, -0.0, 0.0, 0.0, 0.0, 1.0]
            ]
        },
        {
            "name": "Elbow_R",
            "time": [0.0, 0.1, 0.2667, 0.6, 1.0],
            "transform": [
                [-1.0, 0.0, -0.0, 0.0, 0.0, -0.0, -1.0, 0.391712, 0.0, -1.0, -0.0, 0.0, 0.0, 0.0, 0.0, 1.0],
                [-1.0, -0.0, 0.0, 0.0, -0.0, -0.0, -1.0, 0.408695, -0.0, -1.0, -0.0, -0.0, 0.0, 0.0, 0.0, 1.0],
                [-1.0, 0.0, -0.0, -0.0, -0.0, -0.0, -1.0, 0.308764, 0.0, -1.0, -0.0, 0.0, 0.0, 0.0, 0.0, 1.0],
                [-1.0, -0.0, 0.0, -1e-06, -0.0, -0.0, -1.0, 0.308764, 0.0, -1.0, -0.0, -1e-06, 0.0, 0.0, 0.0, 1.0],
                [-1.0, 0.0, -0.0, -0.0, 0.0, -0.0, -1.0, 0.391712, 0.0, -1.0, -0.0, -0.0, 0.0, 0.0, 0.0, 1.0]
            ]
        },
        {
            "name": "Shoulder_L",
            "time": [0.0, 0.1333, 0.2667, 0.6, 1.0],
            "transform": [
                [-0.043531, -0.938515, -0.342482, -0.0, -0.014394, -0.342182, 0.939524, 0.4, -0.998948, 0.045828, 0.001387, -0.0, 0.0, 0.0, 0.0, 1.0],
                [-0.064701, -0.935013, -0.34866, 0.0, -0.016591, -0.348336, 0.937223, 0.4, -0.997767, 0.066424, 0.007024, 0.0, 0.0, 0.0, 0.0, 1.0],
                [-0.462144, -0.718687, -0.51953, -0.0, -0.220242, -0.474473, 0.852272, 0.4, -0.85902, 0.508295, 0.06099, -0.0, 0.0, 0.0, 0.0, 1.0],
                [0.0, -0.952114, -0.305743, -0.0, 0.0, -0.305743, 0.952114, 0.4, -1.0, 0.0, 0.0, -0.0, 0.0, 0.0, 0.0, 1.0],
                [-0.043531, -0.938515, -0.342482, 0.0, -0.014394, -0.342182, 0.939524, 0.399999, -0.998948, 0.045828, 0.001387, 1e-06, 0.0, 0.0, 0.0, 1.0]
            ]
        },
        {
            "name": "Arm_L",
            "time": [0.0, 0.1333, 0.2667, 0.6, 1.0],
            "transform": [
                [0.225372, -0.969708, 0.0942, -0.0, -0.962248, -0.206403, 0.177413, 0.39386, -0.152596, -0.130628, -0.979617, 0.0, 0.0, 0.0, 0.0, 1.0],
                [0.279438, 0.378453, 0.882433, 0.0, -0.360629, 0.893125, -0.268839, 0.39386, -0.889866, -0.243107, 0.386054, -0.0, 0.0, 0.0, 0.0, 1.0],
                [0.560839, -0.515406, 0.647933, -0.0, -0.627605, 0.24575, 0.738728, 0.393861, -0.539974, -0.820953, -0.185645, -0.0, 0.0, 0.0, 0.0, 1.0],
                [-0.303864, -0.775396, 0.55356, -0.0, -0.599254, 0.607257, 0.521665, 0.393861, -0.740649, -0.173208, -0.649182, -1e-06, 0.0, 0.0, 0.0, 1.0],
                [0.225372, -0.969708, 0.0942, 0.0, -0.962248, -0.206403, 0.177413, 0.39386, -0.152596, -0.130628, -0.979617, 1e-06, 0.0, 0.0, 0.0, 1.0]
            ]
        },
        {
            "name": "Hand_L",
            "time": [0.0, 0.1333, 0.2667, 0.6, 1.0],
            "transform": [
                [0.997262, 0.06469, 0.035814, -0.0, -0.062547, 0.996355, -0.05802, 0.300003, -0.039436, 0.055621, 0.997674, 0.0, 0.0, 0.0, 0.0, 1.0],
                [1.0, -0.0, -0.0, 0.0, 0.0, 0.528986, -0.848631, 0.300002, -0.0, 0.848631, 0.528986, -0.0, 0.0, 0.0, 0.0, 1.0],
                [1.0, -0.0, 0.0, 0.0, -0.0, 0.336111, -0.941823, 0.300002, -0.0, 0.941823, 0.336111, 0.0, 0.0, 0.0, 0.0, 1.0],
                [1.0, 0.0, 0.0, -0.0, 0.0, 0.969891, -0.243539, 0.300002, 0.0, 0.243539, 0.969891, -1e-06, 0.0, 0.0, 0.0, 1.0],
                [0.997262, 0.06469, 0.035814, -0.0, -0.062547, 0.996355, -0.05802, 0.300002, -0.039436, 0.055621, 0.997674, -0.0, 0.0, 0.0, 0.0, 1.0]
            ]
        },
        {
            "name": "Tool_L",
            "time": [0.0, 1.0],
            "transform": [
                [0.990842, -0.082914, -0.10651, -0.0, -0.098377, 0.097338, -0.989794, 0.272858, 0.09249, 0.991792, 0.088238, 0.0, 0.0, 0.0, 0.0, 1.0],
                [0.990842, -0.082914, -0.10651, -0.0, -0.098377, 0.097338, -0.989794, 0.27286, 0.09249, 0.991792, 0.088238, -0.0, 0.0, 0.0, 0.0, 1.0]
            ]
        },
        {
            "name": "Elbow_L",
            "time": [0.0, 0.1333, 0.2667, 0.6, 1.0],
            "transform": [
                [-1.0, 0.0, 0.0, 0.0, -0.0, 0.0, -1.0, 0.394194, 0.0, -1.0, -0.0, 0.0, 0.0, 0.0, 0.0, 1.0],
                [-1.0, 0.0, 0.0, -0.0, 0.0, 0.0, -1.0, 0.40529, 0.0, -1.0, -0.0, -0.0, 0.0, 0.0, 0.0, 1.0],
                [-1.0, -0.0, 0.0, 0.0, 0.0, 0.0, -1.0, 0.425401, -0.0, -1.0, -0.0, 0.0, 0.0, 0.0, 0.0, 1.0],
                [-1.0, -0.0, -0.0, -1e-06, 0.0, -0.0, -1.0, 0.333377, -0.0, -1.0, 0.0, -3e-06, 0.0, 0.0, 0.0, 1.0],
                [-1.0, 0.0, 0.0, 0.0, -0.0, 0.0, -1.0, 0.394194, 0.0, -1.0, -0.0, 0.0, 0.0, 0.0, 0.0, 1.0]
            ]
        }
    ]
}