{
    "animation": [
        {
            "name": "Root",
            "time": [0.0, 0.1, 0.15, 0.2, 0.25, 0.3, 0.35, 0.4, 0.45, 0.5, 0.55, 0.6, 0.65, 0.7, 0.75, 0.8, 0.9, 1.0, 1.15, 1.3, 1.4833, 1.65, 1.7667, 1.9667, 2.0833, 2.2167, 2.3333, 2.6667],
            "transform": [
                [1.0, 0.0, 0.0, 1.7e-05, 0.0, 0.0, -1.0, 0.000905, 0.0, 1.0, 0.0, 0.774191, 0.0, 0.0, 0.0, 1.0],
                [1.0, 0.0, 0.0, 1.7e-05, 0.0, 0.588461, -0.808525, -0.065524, 0.0, 0.808525, 0.588461, 1.185102, 0.0, 0.0, 0.0, 1.0],
                [1.0, 0.0, 0.0, 1.7e-05, 0.0, 0.775262, 0.63164, 0.387567, 0.0, -0.63164, 0.775262, 1.585019, 0.0, 0.0, 0.0, 1.0],
                [1.0, 0.0, 0.0, 1.7e-05, 0.0, -0.759282, 0.650761, 0.636886, 0.0, -0.650761, -0.759282, 1.363127, 0.0, 0.0, 0.0, 1.0],
                [1.0, 0.0, 0.0, 1.7e-05, 0.0, -0.397061, -0.917792, 0.288726, 0.0, 0.917792, -0.397061, 1.427875, 0.0, 0.0, 0.0, 1.0],
                [1.0, 0.0, 0.0, 1.7e-05, 0.0, 0.925958, -0.377627, 0.422636, 0.0, 0.377627, 0.925958, 2.036642, 0.0, 0.0, 0.0, 1.0],
                [1.0, 0.0, 0.0, 1.7e-05, 0.0, 0.41422, 0.910177, 1.025629, 0.0, -0.910177, 0.41422, 2.289523, 0.0, 0.0, 0.0, 1.0],
                [1.0, 0.0, 0.0, 1.7e-05, 0.0, -0.854335, 0.519722, 1.216189, 0.0, -0.519722, -0.854335, 2.11588, 0.0, 0.0, 0.0, 1.0],
                [1.0, 0.0, 0.0, 1.7e-05, 0.0, 0.095948, -0.995386, 0.836675, 0.0, 0.995386, 0.095948, 2.297885, 0.0, 0.0, 0.0, 1.0],
                [1.0, 0.0, 0.0, 1.7e-05, 0.0, 0.990775, 0.135518, 1.115939, 0.0, -0.135518, 0.990775, 2.732828, 0.0, 0.0, 0.0, 1.0],
                [1.0, 0.0, 0.0, 1.7e-05, 0.0, -0.200087, 0.979778, 1.538006, 0.0, -0.979778, -0.200087, 2.506828, 0.0, 0.0, 0.0, 1.0],
                [1.0, 0.0, 0.0, 1.7e-05, 0.0, -0.926664, -0.37589, 1.35351, 0.0, 0.37589, -0.926664, 2.322253, 0.0, 0.0, 0.0, 1.0],
                [1.0, 0.0, 0.0, 1.7e-05, 0.0, -0.035179, -0.999381, 1.345912, 0.0, 0.999381, -0.035179, 2.504503, 0.0, 0.0, 0.0, 1.0],
                [1.0, 0.0, 0.0, 1.7e-05, 0.0, 0.952363, 0.304968, 1.534012, 0.0, -0.304968, 0.952363, 3.044238, 0.0, 0.0, 0.0, 1.0],
                [1.0, 0.0, 0.0, 1.7e-05, 0.0, -0.907312, 0.420458, 1.950818, 0.0, -0.420458, -0.907312, 2.70502, 0.0, 0.0, 0.0, 1.0],
                [1.0, 0.0, 0.0, 1.7e-05, 0.0, -0.407633, -0.913146, 1.934311, 0.0, 0.913146, -0.407633, 2.902734, 0.0, 0.0, 0.0, 1.0],
                [1.0, 0.0, 0.0, 1.7e-05, 0.0, 0.999969, 0.00787, 2.182692, 0.0, -0.00787, 0.999969, 3.428718, 0.0, 0.0, 0.0, 1.0],
                [1.0, 0.0, 0.0, 1.7e-05, 0.0, 0.624796, 0.780788, 2.42578, 0.0, -0.780788, 0.624796, 3.615438, 0.0, 0.0, 0.0, 1.0],
                [1.0, 0.0, 0.0, 1.7e-05, 0.0, -0.578352, 0.815787, 2.7809, 0.0, -0.815787, -0.578352, 3.727047, 0.0, 0.0, 0.0, 1.0],
                [1.0, 0.0, 0.0, 1.7e-05, 0.0, -0.615453, -0.788173, 3.640419, 0.0, 0.788173, -0.615453, 0.280873, 0.0, 0.0, 0.0, 1.0],
                [1.0, 0.0, 0.0, 1.7e-05, 0.0, -0.334221, -0.942495, 3.640419, 0.0, 0.942495, -0.334221, 0.280873, 0.0, 0.0, 0.0, 1.0],
                [1.0, 0.0, 0.0, 1.7e-05, 0.0, -0.328123, -0.944635, 3.640419, 0.0, 0.944635, -0.328123, 0.280873, 0.0, 0.0, 0.0, 1.0],
                [0.999115, -0.037161, 0.019728, -0.076714, 0.006901, -0.317814, -0.948128, 3.797062, 0.041503, 0.947424, -0.317277, 0.78394, 0.0, 0.0, 0.0, 1.0],
                [0.986029, 0.12704, 0.107739, -0.076714, 0.0858, -0.941743, 0.325206, 3.2779, 0.142776, -0.311418, -0.939486, 1.494431, 0.0, 0.0, 0.0, 1.0],
                [0.983527, 0.086711, -0.158604, -0.060165, 0.087171, 0.541131, 0.836408, 3.007686, 0.158351, -0.836456, 0.524658, 1.422297, 0.0, 0.0, 0.0, 1.0],
                [0.999711, 0.011705, 0.020986, -0.029412, 0.015378, 0.359438, -0.933042, 2.551783, -0.018465, 0.933096, 0.359154, 0.811666, 0.0, 0.0, 0.0, 1.0],
                [0.999679, 0.018491, -0.017336, -0.043616, -0.019963, 0.152924, -0.988036, 2.457971, -0.015619, 0.988065, 0.153244, 0.712399, 0.0, 0.0, 0.0, 1.0],
                [0.92092, 0.0, -0.389751, -0.043616, -0.389751, 0.0, -0.92092, 2.457971, 0.0, 1.0, 0.0, 0.774191, 0.0, 0.0, 0.0, 1.0]
            ]
        },
        {
            "name": "Thigh_R",
            "time": [0.0, 0.1, 0.8, 0.9, 1.15, 1.3, 1.4833, 1.65, 1.7667, 2.0833, 2.2167, 2.3333, 2.6667],
            "transform": [
                [0.948425, -0.0, 0.317, 0.124994, -0.0, -0.999998, -0.0, -0.002831, 0.317, -0.0, -0.948426, -1.2e-05, 0.0, 0.0, 0.0, 1.0],
                [0.999873, -0.011185, 0.011335, 0.124994, -0.011707, -0.033783, 0.999361, -0.002831, -0.010795, -0.999365, -0.03391, -1.2e-05, 0.0, 0.0, 0.0, 1.0],
                [0.999873, -0.011185, 0.011335, 0.124994, -0.011707, -0.033783, 0.999361, -0.002831, -0.010795, -0.999365, -0.03391, -1.2e-05, 0.0, 0.0, 0.0, 1.0],
                [0.999873, -0.011687, 0.010832, 0.124994, -0.011708, -0.077703, 0.996908, -0.002831, -0.010809, -0.996906, -0.07783, -1.2e-05, 0.0, 0.0, 0.0, 1.0],
                [0.999873, -0.015132, -0.00496, 0.124994, -0.011707, -0.909658, 0.415188, -0.002831, -0.010795, -0.415077, -0.909722, -1.2e-05, 0.0, 0.0, 0.0, 1.0],
                [0.999873, -0.015132, -0.00496, 0.124994, -0.011707, -0.909658, 0.415188, -0.002831, -0.010795, -0.415077, -0.909722, -1.2e-05, 0.0, 0.0, 0.0, 1.0],
                [0.999873, -0.015924, 6.4e-05, 0.124994, -0.011707, -0.73235, 0.680827, -0.002831, -0.010795, -0.68074, -0.732445, -1.2e-05, 0.0, 0.0, 0.0, 1.0],
                [0.999873, -0.015919, 0.000399, 0.124994, -0.011707, -0.717872, 0.696076, -0.002831, -0.010795, -0.695991, -0.717968, -1.2e-05, 0.0, 0.0, 0.0, 1.0],
                [0.999873, -0.012213, -0.010219, 0.124994, -0.011707, -0.998767, 0.048195, -0.002831, -0.010795, -0.04807, -0.998786, -1.2e-05, 0.0, 0.0, 0.0, 1.0],
                [0.994966, -0.004646, -0.100097, 0.124994, 0.073965, -0.639869, 0.764915, -0.00283, -0.067603, -0.768467, -0.636306, -1.2e-05, 0.0, 0.0, 0.0, 1.0],
                [0.998508, -0.008028, -0.053999, 0.124994, 0.030656, -0.735998, 0.676288, -0.002831, -0.045172, -0.676933, -0.734656, -1.2e-05, 0.0, 0.0, 0.0, 1.0],
                [0.999975, -0.006895, 0.000954, 0.124988, -0.006958, -0.993826, 0.11071, -0.001834, 0.000184, -0.110714, -0.993853, 0.000704, 0.0, 0.0, 0.0, 1.0],
                [0.948425, -0.0, 0.317, 0.124994, -0.0, -0.999998, -0.0, -0.002831, 0.317, -0.0, -0.948426, -1.2e-05, 0.0, 0.0, 0.0, 1.0]
            ]
        },
        {
            "name": "Leg_R",
            "time": [0.0, 0.1, 0.8, 0.9, 1.15, 1.3, 1.4833, 1.65, 2.0833, 2.2167, 2.3333, 2.6667],
            "transform": [
                [1.0, 0.0, 1e-06, -0.0, -0.0, 1.000002, -0.0, 0.374726, -1e-06, 0.0, 0.999998, 0.0, 0.0, 0.0, 0.0, 1.0],
                [1.0, -1e-06, -0.0, 0.0, -0.0, -0.571266, 0.820764, 0.374726, -1e-06, -0.820768, -0.571264, -0.0, 0.0, 0.0, 0.0, 1.0],
                [1.0, -1e-06, -0.0, -0.0, -0.0, -0.571266, 0.820764, 0.374727, -1e-06, -0.820767, -0.571264, 0.0, 0.0, 0.0, 0.0, 1.0],
                [1.0, -1e-06, -0.0, -0.0, -0.0, -0.530145, 0.847906, 0.374726, -1e-06, -0.84791, -0.530142, 0.0, 0.0, 0.0, 0.0, 1.0],
                [1.0, -0.0, 1e-06, -0.0, 0.0, 1.000002, 0.0, 0.374726, -1e-06, 0.0, 0.999998, 0.0, 0.0, 0.0, 0.0, 1.0],
                [1.0, 0.0, 1e-06, 0.0, 0.0, 1.000002, 0.0, 0.374726, -1e-06, -0.0, 0.999998, -0.0, 0.0, 0.0, 0.0, 1.0],
                [1.0, 0.0, 1e-06, -0.0, 0.0, 1.000002, -0.0, 0.374726, -1e-06, 0.0, 0.999998, 0.0, 0.0, 0.0, 0.0, 1.0],
                [1.0, 0.0, 1e-06, -0.0, 0.0, 1.000002, -0.0, 0.374726, -1e-06, 0.0, 0.999998, 0.0, 0.0, 0.0, 0.0, 1.0],
                [1.0, -1e-06, -0.0, 0.0, -0.0, -0.603601, 0.797285, 0.374726, -1e-06, -0.797289, -0.603599, -0.0, 0.0, 0.0, 0.0, 1.0],
                [1.0, -0.0, 1e-06, 0.0, -1e-06, 0.404691, 0.914452, 0.374726, -1e-06, -0.914456, 0.404689, 0.0, 0.0, 0.0, 0.0, 1.0],
                [1.0, 0.0, 1e-06, -0.0, -0.0, 1.000002, -0.0, 0.374726, -1e-06, -0.0, 0.999998, -0.0, 0.0, 0.0, 0.0, 1.0],
                [1.0, -0.0, 1e-06, -0.0, 0.0, 1.000002, -0.0, 0.374726, -1e-06, 0.0, 0.999998, -0.0, 0.0, 0.0, 0.0, 1.0]
            ]
        },
        {
            "name": "Knee_R",
            "time": [0.0, 0.1, 0.8, 0.9, 1.3, 1.4833, 1.65, 2.0833, 2.2167, 2.6667],
            "transform": [
                [1.0, -0.0, -0.0, 0.0, 0.0, -0.0, -1.0, 0.37472, 0.0, 1.0, 0.0, 0.0, 0.0, 0.0, 0.0, 1.0],
                [1.0, 0.0, 0.0, 0.0, -0.0, 0.0, -1.0, 0.37472, 0.0, 1.0, 0.0, -0.0, 0.0, 0.0, 0.0, 1.0],
                [1.0, -0.0, 0.0, -0.0, 0.0, -0.0, -1.0, 0.374721, 0.0, 1.0, 0.0, 0.0, 0.0, 0.0, 0.0, 1.0],
                [1.0, -0.0, 0.0, -0.0, -0.0, -0.0, -1.0, 0.37472, 0.0, 1.0, 0.0, -0.0, 0.0, 0.0, 0.0, 1.0],
                [1.0, 0.0, -0.0, 0.0, 0.0, 0.0, -1.0, 0.37472, -0.0, 1.0, -0.0, 0.0, 0.0, 0.0, 0.0, 1.0],
                [1.0, -0.0, -0.0, 0.0, -0.0, -0.0, -1.0, 0.374721, 0.0, 1.0, 0.0, 0.0, 0.0, 0.0, 0.0, 1.0],
                [1.0, -0.0, 0.0, 0.0, -0.0, -0.0, -1.0, 0.37472, 0.0, 1.0, -0.0, 0.0, 0.0, 0.0, 0.0, 1.0],
                [1.0, 1e-06, 0.0, 0.0, -0.0, 0.943706, -0.330787, 0.37472, -1e-06, 0.330787, 0.943706, -0.0, 0.0, 0.0, 0.0, 1.0],
                [1.0, 1e-06, 0.0, 0.0, -0.0, 0.943706, -0.330787, 0.37472, -0.0, 0.330787, 0.943706, 0.0, 0.0, 0.0, 0.0, 1.0],
                [1.0, 0.0, 0.0, -0.0, -0.0, -0.0, -1.0, 0.37472, 0.0, 1.0, 0.0, -0.0, 0.0, 0.0, 0.0, 1.0]
            ]
        },
        {
            "name": "Thigh_L",
            "time": [0.0, 0.1, 0.8, 0.9, 1.3, 1.4833, 1.65, 1.7667, 2.0833, 2.2167, 2.3333, 2.6667],
            "transform": [
                [0.989418, -0.107369, -0.097586, -0.125006, 0.094369, -0.034661, 0.994933, -0.002831, -0.110208, -0.993615, -0.024162, -1.2e-05, 0.0, 0.0, 0.0, 1.0],
                [0.989418, -0.126475, -0.071101, -0.125006, 0.094369, 0.188743, 0.977482, -0.002831, -0.110207, -0.973848, 0.198681, -1.2e-05, 0.0, 0.0, 0.0, 1.0],
                [0.989418, -0.126475, -0.071101, -0.125006, 0.094369, 0.188743, 0.977481, -0.002831, -0.110207, -0.973848, 0.198681, -1.2e-05, 0.0, 0.0, 0.0, 1.0],
                [0.989418, -0.126475, -0.071101, -0.125006, 0.094369, 0.188743, 0.977481, -0.002831, -0.110207, -0.973848, 0.198681, -1.2e-05, 0.0, 0.0, 0.0, 1.0],
                [0.989418, -0.089585, -0.11413, -0.125006, 0.094369, -0.200153, 0.975209, -0.002831, -0.110208, -0.975661, -0.189581, -1.2e-05, 0.0, 0.0, 0.0, 1.0],
                [0.989418, -0.089585, -0.11413, -0.125006, 0.094369, -0.200153, 0.975209, -0.002831, -0.110208, -0.975661, -0.189581, -1.2e-05, 0.0, 0.0, 0.0, 1.0],
                [0.989418, -0.089585, -0.11413, -0.125006, 0.094369, -0.200153, 0.975209, -0.002831, -0.110208, -0.975661, -0.189581, -1.2e-05, 0.0, 0.0, 0.0, 1.0],
                [0.989418, 0.04425, -0.138178, -0.125006, 0.094369, -0.919656, 0.381219, -0.002831, -0.110207, -0.390225, -0.9141, -1.2e-05, 0.0, 0.0, 0.0, 1.0],
                [0.960195, -0.088595, -0.264907, -0.125006, 0.02811, -0.912906, 0.4072, -0.002831, -0.277911, -0.398438, -0.874078, -1.2e-05, 0.0, 0.0, 0.0, 1.0],
                [0.977626, -0.061004, -0.201308, -0.125006, 0.070786, -0.805796, 0.587947, -0.002831, -0.19808, -0.589043, -0.783449, -1.1e-05, 0.0, 0.0, 0.0, 1.0],
                [0.989797, -0.009248, -0.142182, -0.125, 0.053337, -0.901285, 0.429932, -0.003827, -0.132123, -0.433129, -0.891595, -0.000727, 0.0, 0.0, 0.0, 1.0],
                [0.901458, 0.0, -0.432865, -0.125006, 0.0, -1.0, -0.0, -0.002831, -0.432864, -0.0, -0.901459, -1.2e-05, 0.0, 0.0, 0.0, 1.0]
            ]
        },
        {
            "name": "Leg_L",
            "time": [0.0, 0.1, 0.8, 0.9, 1.3, 1.4833, 1.65, 1.7667, 2.0833, 2.2167, 2.3333, 2.6667],
            "transform": [
                [1.0, -1e-06, 1e-06, -0.0, -0.0, 0.048343, 0.998831, 0.374726, -1e-06, -0.99883, 0.048343, 0.0, 0.0, 0.0, 0.0, 1.0],
                [1.0, -1e-06, -0.0, 0.0, -0.0, -0.767415, 0.641151, 0.374726, -1e-06, -0.64115, -0.767416, -0.0, 0.0, 0.0, 0.0, 1.0],
                [1.0, -1e-06, -0.0, -0.0, -0.0, -0.767415, 0.641151, 0.374726, -1e-06, -0.64115, -0.767417, -0.0, 0.0, 0.0, 0.0, 1.0],
                [1.0, -1e-06, -0.0, -0.0, -0.0, -0.767415, 0.641151, 0.374726, -1e-06, -0.64115, -0.767416, -0.0, 0.0, 0.0, 0.0, 1.0],
                [1.0, -1e-06, -0.0, 0.0, -0.0, -0.767415, 0.641151, 0.374726, -1e-06, -0.64115, -0.767416, 0.0, 0.0, 0.0, 0.0, 1.0],
                [1.0, -1e-06, -0.0, 0.0, -0.0, -0.767415, 0.641151, 0.374726, -1e-06, -0.64115, -0.767416, -0.0, 0.0, 0.0, 0.0, 1.0],
                [1.0, -1e-06, -0.0, 0.0, -0.0, -0.767415, 0.641151, 0.374726, -1e-06, -0.64115, -0.767416, 0.0, 0.0, 0.0, 0.0, 1.0],
                [1.0, -1e-06, 1e-06, 0.0, -0.0, 0.3864, 0.922332, 0.374726, -1e-06, -0.922331, 0.386401, -0.0, 0.0, 0.0, 0.0, 1.0],
                [1.0, -1e-06, -0.0, 0.0, -1e-06, -0.880199, 0.474604, 0.374726, -1e-06, -0.474604, -0.8802, 0.0, 0.0, 0.0, 0.0, 1.0],
                [1.0, -1e-06, 0.0, -0.0, -1e-06, -0.168718, 0.985665, 0.374726, -1e-06, -0.985664, -0.168718, -0.0, 0.0, 0.0, 0.0, 1.0],
                [1.0, -0.0, 1e-06, -0.0, -0.0, 0.911157, 0.41206, 0.374726, -1e-06, -0.412059, 0.911158, -0.0, 0.0, 0.0, 0.0, 1.0],
                [1.0, 0.0, 1e-06, -0.0, -0.0, 1.0, -0.0, 0.374726, -1e-06, 0.0, 1.000001, -0.0, 0.0, 0.0, 0.0, 1.0]
            ]
        },
        {
            "name": "Knee_L",
            "time": [0.0, 0.1, 0.8, 0.9, 1.3, 1.4833, 1.65, 2.0833, 2.2167, 2.3333, 2.6667],
            "transform": [
                [1.0, 0.0, -0.0, -0.0, 0.0, -0.0, -1.0, 0.37472, 0.0, 1.0, 0.0, 0.0, 0.0, 0.0, 0.0, 1.0],
                [1.0, 0.0, -0.0, 0.0, 0.0, 0.0, -1.0, 0.37472, 0.0, 1.0, -0.0, -0.0, 0.0, 0.0, 0.0, 1.0],
                [1.0, -0.0, 0.0, -0.0, 0.0, 0.0, -1.0, 0.374721, 0.0, 1.0, -0.0, -0.0, 0.0, 0.0, 0.0, 1.0],
                [1.0, 0.0, 0.0, 0.0, 0.0, -0.0, -1.0, 0.37472, 0.0, 1.0, 0.0, -0.0, 0.0, 0.0, 0.0, 1.0],
                [1.0, -0.0, -0.0, 0.0, 0.0, -0.0, -1.0, 0.37472, 0.0, 1.0, -0.0, -0.0, 0.0, 0.0, 0.0, 1.0],
                [1.0, 0.0, -0.0, 0.0, -0.0, 0.0, -1.0, 0.374721, 0.0, 1.0, 0.0, 0.0, 0.0, 0.0, 0.0, 1.0],
                [1.0, 0.0, 0.0, 0.0, 0.0, -0.0, -1.0, 0.374721, -0.0, 1.0, 0.0, 0.0, 0.0, 0.0, 0.0, 1.0],
                [1.0, 0.0, -1e-06, 0.0, -0.0, 0.999258, -0.038505, 0.37472, 1e-06, 0.038505, 0.999258, 1e-06, 0.0, 0.0, 0.0, 1.0],
                [1.0, 1e-06, -0.0, -0.0, -1e-06, 0.999258, -0.038505, 0.37472, -0.0, 0.038505, 0.999258, -0.0, 0.0, 0.0, 0.0, 1.0],
                [1.0, 0.0, -0.0, 0.0, -1e-06, 0.287234, -0.957861, 0.37472, 0.0, 0.95786, 0.287234, -1e-06, 0.0, 0.0, 0.0, 1.0],
                [1.0, 0.0, -0.0, -0.0, 0.0, -0.0, -1.0, 0.37472, 0.0, 1.0, 0.0, -0.0, 0.0, 0.0, 0.0, 1.0]
            ]
        },
        {
            "name": "Torso",
            "time": [0.0, 0.1, 0.8, 0.9, 1.3, 1.4833, 1.65, 1.7667, 2.2167, 2.3333, 2.6667],
            "transform": [
                [1.0, 0.0, 0.0, 0.0, 0.0, 0.998621, -0.052512, 0.05, 0.0, 0.052512, 0.99862, 0.0, 0.0, 0.0, 0.0, 1.0],
                [1.0, 0.0, 0.0, -0.0, 0.0, 0.732607, 0.680652, 0.05, 0.0, -0.680652, 0.732607, -0.0, 0.0, 0.0, 0.0, 1.0],
                [1.0, 0.0, 0.0, 0.0, 0.0, 0.732607, 0.680652, 0.05, 0.0, -0.680652, 0.732607, 0.0, 0.0, 0.0, 0.0, 1.0],
                [1.0, 0.0, 0.0, 0.0, 0.0, 0.732607, 0.680652, 0.05, 0.0, -0.680652, 0.732607, 0.0, 0.0, 0.0, 0.0, 1.0],
                [1.0, 0.0, 0.0, 0.0, 0.0, 0.732607, 0.680652, 0.050001, 0.0, -0.680652, 0.732607, -0.0, 0.0, 0.0, 0.0, 1.0],
                [1.0, 0.0, 0.0, -0.0, 0.0, 0.732607, 0.680652, 0.05, 0.0, -0.680652, 0.732607, 0.0, 0.0, 0.0, 0.0, 1.0],
                [1.0, 0.0, 0.0, 0.0, 0.0, 0.732607, 0.680652, 0.05, 0.0, -0.680652, 0.732607, 0.0, 0.0, 0.0, 0.0, 1.0],
                [1.0, 0.0, -0.0, 0.0, -0.0, 0.96516, -0.261663, 0.05, 0.0, 0.261663, 0.965159, 0.0, 0.0, 0.0, 0.0, 1.0],
                [1.0, -0.0, -0.0, 0.0, -0.0, 0.996814, -0.07977, 0.05, -0.0, 0.07977, 0.996813, 0.0, 0.0, 0.0, 0.0, 1.0],
                [1.0, -0.0, -0.0, -0.0, -0.0, 0.962736, -0.270443, 0.05, 0.0, 0.270443, 0.962736, 0.0, 0.0, 0.0, 0.0, 1.0],
                [1.0, 0.0, 0.0, 0.0, -0.0, 0.975595, -0.21958, 0.05, 0.0, 0.219581, 0.975594, -0.0, 0.0, 0.0, 0.0, 1.0]
            ]
        },
        {
            "name": "Chest",
            "time": [0.0, 0.1, 0.8, 0.9, 1.15, 1.3, 1.4833, 1.65, 1.7667, 2.0833, 2.2167, 2.3333, 2.6667],
            "transform": [
                [1.0, 0.0, 0.0, 0.0, 0.0, 0.940322, 0.340286, 0.3, 0.0, -0.340286, 0.940322, 0.0, 0.0, 0.0, 0.0, 1.0],
                [1.0, 0.0, 0.0, -0.0, 0.0, 0.30387, 0.952714, 0.3, 0.0, -0.952714, 0.30387, 0.0, 0.0, 0.0, 0.0, 1.0],
                [1.0, 0.0, 0.0, 0.0, 0.0, 0.30387, 0.952714, 0.3, 0.0, -0.952714, 0.30387, 0.0, 0.0, 0.0, 0.0, 1.0],
                [1.0, 0.0, 0.0, 0.0, 0.0, 0.314964, 0.949104, 0.3, 0.0, -0.949104, 0.314964, -0.0, 0.0, 0.0, 0.0, 1.0],
                [1.0, 0.0, 0.0, 0.0, 0.0, 0.672554, 0.740048, 0.3, 0.0, -0.740048, 0.672554, 0.0, 0.0, 0.0, 0.0, 1.0],
                [1.0, 0.0, 0.0, 0.0, 0.0, 0.672554, 0.740048, 0.3, 0.0, -0.740048, 0.672554, -0.0, 0.0, 0.0, 0.0, 1.0],
                [1.0, 0.0, 0.0, 0.0, 0.0, 0.555908, 0.831244, 0.3, 0.0, -0.831244, 0.555907, -0.0, 0.0, 0.0, 0.0, 1.0],
                [1.0, 0.0, 0.0, 0.0, 0.0, 0.78228, 0.622926, 0.3, 0.0, -0.622926, 0.78228, -0.0, 0.0, 0.0, 0.0, 1.0],
                [1.0, -0.0, 0.0, -0.0, 0.0, 0.980246, -0.197783, 0.3, -0.0, 0.197783, 0.980246, 0.0, 0.0, 0.0, 0.0, 1.0],
                [1.0, 0.0, 0.0, 0.0, -0.0, 0.248408, 0.968656, 0.3, -0.0, -0.968656, 0.248408, -0.0, 0.0, 0.0, 0.0, 1.0],
                [1.0, -0.0, 0.0, -0.0, 0.0, 0.676221, 0.736698, 0.3, -0.0, -0.736699, 0.676221, -0.0, 0.0, 0.0, 0.0, 1.0],
                [1.0, 0.0, 0.0, 0.0, -0.0, 0.952494, 0.304556, 0.3, 0.0, -0.304556, 0.952494, 0.0, 0.0, 0.0, 0.0, 1.0],
                [1.0, 0.0, -0.0, -0.0, 0.0, 0.940322, 0.340286, 0.3, -0.0, -0.340286, 0.940322, 0.0, 0.0, 0.0, 0.0, 1.0]
            ]
        },
        {
            "name": "Head",
            "time": [0.0, 0.1, 0.8, 0.9, 1.15, 1.3, 1.4833, 1.65, 1.7667, 2.0833, 2.2167, 2.3333, 2.6667],
            "transform": [
                [1.0, 0.0, 0.0, -0.0, 0.0, 0.976316, 0.216351, 0.4, 0.0, -0.216351, 0.976316, 0.0, 0.0, 0.0, 0.0, 1.0],
                [1.0, 0.0, 0.0, 0.0, 0.0, 0.541663, 0.840595, 0.4, 0.0, -0.840595, 0.541663, -0.0, 0.0, 0.0, 0.0, 1.0],
                [1.0, 0.0, 0.0, 0.0, 0.0, 0.478479, 0.878099, 0.4, 0.0, -0.878099, 0.478479, 0.0, 0.0, 0.0, 0.0, 1.0],
                [1.0, 0.0, 0.0, 0.0, 0.0, 0.975467, 0.220144, 0.4, 0.0, -0.220144, 0.975467, 0.0, 0.0, 0.0, 0.0, 1.0],
                [1.0, 0.0, 0.0, 0.0, 0.0, 0.935881, 0.352316, 0.4, 0.0, -0.352316, 0.935881, -0.0, 0.0, 0.0, 0.0, 1.0],
                [1.0, 0.0, 0.0, -0.0, 0.0, 0.73586, 0.677134, 0.4, 0.0, -0.677134, 0.73586, -0.0, 0.0, 0.0, 0.0, 1.0],
                [1.0, 0.0, 0.0, 0.0, 0.0, 0.73586, 0.677134, 0.4, 0.0, -0.677134, 0.735859, -0.0, 0.0, 0.0, 0.0, 1.0],
                [1.0, 0.0, 0.0, 0.0, 0.0, 0.735859, 0.677134, 0.4, 0.0, -0.677134, 0.735859, -0.0, 0.0, 0.0, 0.0, 1.0],
                [1.0, 0.0, -0.0, 0.0, 0.0, 0.944612, -0.328188, 0.4, 0.0, 0.328188, 0.944612, 0.0, 0.0, 0.0, 0.0, 1.0],
                [1.0, 0.0, -0.0, 0.0, 0.0, 0.305831, 0.952086, 0.4, -0.0, -0.952086, 0.305831, -0.0, 0.0, 0.0, 0.0, 1.0],
                [1.0, -0.0, -0.0, -0.0, 0.0, 0.735424, 0.677607, 0.4, 0.0, -0.677607, 0.735424, -0.0, 0.0, 0.0, 0.0, 1.0],
                [1.0, 0.0, 0.0, 0.0, -0.0, 0.828913, 0.559377, 0.4, 0.0, -0.559377, 0.828913, -0.0, 0.0, 0.0, 0.0, 1.0],
                [0.920865, -0.07639, 0.382324, -0.0, 0.072738, 0.997062, 0.024021, 0.4, -0.383036, 0.00569, 0.923716, 0.0, 0.0, 0.0, 0.0, 1.0]
            ]
        },
        {
            "name": "Shoulder_R",
            "time": [0.0, 0.1, 0.8, 0.9, 1.15, 1.3, 1.4833, 1.65, 1.7667, 2.2167, 2.3333, 2.6667],
            "transform": [
                [-0.330467, 0.825316, 0.45787, -0.0, 0.106119, -0.449559, 0.886925, 0.4, 0.937833, 0.341688, 0.060983, 0.0, 0.0, 0.0, 0.0, 1.0],
                [0.061291, 0.78199, 0.62027, 0.0, -0.756276, -0.369168, 0.540149, 0.4, 0.651375, -0.502203, 0.568773, -0.0, 0.0, 0.0, 0.0, 1.0],
                [0.061291, 0.78199, 0.62027, 0.0, -0.756277, -0.369168, 0.540149, 0.4, 0.651374, -0.502203, 0.568774, 0.0, 0.0, 0.0, 0.0, 1.0],
                [0.045695, 0.797807, 0.601179, 0.0, -0.755148, -0.366383, 0.543613, 0.4, 0.65396, -0.47882, 0.58572, 0.0, 0.0, 0.0, 0.0, 1.0],
                [-0.474321, 0.828069, -0.298869, 0.0, -0.763008, -0.217342, 0.608753, 0.4, 0.439132, 0.516784, 0.734913, -0.0, 0.0, 0.0, 0.0, 1.0],
                [-0.368746, 0.828069, -0.422291, -0.0, -0.905487, -0.217342, 0.364492, 0.4, 0.210043, 0.516785, 0.829949, -0.0, 0.0, 0.0, 0.0, 1.0],
                [0.216847, 0.796148, -0.564913, 0.0, -0.95221, 0.044987, -0.302114, 0.4, -0.215113, 0.603429, 0.767853, -0.0, 0.0, 0.0, 0.0, 1.0],
                [-0.167229, 0.936621, 0.307857, 0.0, -0.980655, -0.125799, -0.149967, 0.4, -0.101735, -0.326981, 0.939538, -0.0, 0.0, 0.0, 0.0, 1.0],
                [-0.52819, 0.830063, 0.178923, 0.0, -0.848291, -0.525171, -0.067823, 0.4, 0.037668, -0.187603, 0.981522, 0.0, 0.0, 0.0, 0.0, 1.0],
                [-0.586985, 0.77764, -0.225224, -0.0, -0.808895, -0.551733, 0.203175, 0.4, 0.033733, 0.301443, 0.952887, -0.0, 0.0, 0.0, 0.0, 1.0],
                [-0.528189, 0.784078, -0.325943, 0.0, -0.84829, -0.470218, 0.243513, 0.4, 0.037669, 0.405116, 0.913489, -0.0, 0.0, 0.0, 0.0, 1.0],
                [-0.330467, 0.825316, 0.45787, -0.0, 0.106119, -0.449559, 0.886925, 0.4, 0.937833, 0.341688, 0.060983, 0.0, 0.0, 0.0, 0.0, 1.0]
            ]
        },
        {
            "name": "Arm_R",
            "time": [0.0, 0.1, 0.8, 0.9, 1.15, 1.3, 1.4833, 1.5667, 1.65, 1.7667, 2.0833, 2.2167, 2.3333, 2.6667],
            "transform": [
                [-0.666499, -0.026929, -0.745019, -0.0, 0.662439, 0.437036, -0.60842, 0.39386, 0.341983, -0.899042, -0.273445, -0.0, 0.0, 0.0, 0.0, 1.0],
                [-0.628235, -0.768446, -0.121706, -0.0, -0.300523, 0.383968, -0.873072, 0.39386, 0.717638, -0.51192, -0.472158, 0.0, 0.0, 0.0, 0.0, 1.0],
                [-0.628235, -0.768446, -0.121707, -0.0, -0.300523, 0.383968, -0.873073, 0.39386, 0.717639, -0.51192, -0.472158, -0.0, 0.0, 0.0, 0.0, 1.0],
                [-0.648058, -0.750051, -0.132082, -0.0, -0.309553, 0.417873, -0.854143, 0.393861, 0.695842, -0.512649, -0.502986, 0.0, 0.0, 0.0, 0.0, 1.0],
                [-0.949681, 0.143267, 0.278531, -0.0, 0.240744, 0.902747, 0.356499, 0.39386, -0.200368, 0.405616, -0.891813, 0.0, 0.0, 0.0, 0.0, 1.0],
                [0.467935, -0.26139, -0.844223, 0.0, -0.422926, 0.772543, -0.473616, 0.393861, 0.775996, 0.578666, 0.250951, 0.0, 0.0, 0.0, 0.0, 1.0],
                [0.467935, -0.26139, -0.844223, 0.0, -0.422926, 0.772543, -0.473616, 0.39386, 0.775996, 0.578666, 0.250951, 0.0, 0.0, 0.0, 0.0, 1.0],
                [0.014125, 0.072077, -0.997299, -0.0, 0.999661, -0.022802, 0.012511, 0.39386, -0.021838, -0.99714, -0.072375, 0.0, 0.0, 0.0, 0.0, 1.0],
                [-0.447308, 0.264982, -0.854225, -0.0, 0.873581, 0.334221, -0.353769, 0.39386, 0.191757, -0.904479, -0.380983, -0.0, 0.0, 0.0, 0.0, 1.0],
                [-0.447308, 0.788795, -0.421568, 0.0, 0.873581, 0.486387, -0.016845, 0.393861, 0.191758, -0.375809, -0.906641, -0.0, 0.0, 0.0, 0.0, 1.0],
                [-0.710581, 0.694124, -0.115185, 0.0, 0.433137, 0.302513, -0.849045, 0.39386, -0.554497, -0.653207, -0.515611, 0.0, 0.0, 0.0, 0.0, 1.0],
                [-0.741819, 0.661522, -0.109973, -0.0, 0.479785, 0.40898, -0.776236, 0.39386, -0.46852, -0.62859, -0.620777, -0.0, 0.0, 0.0, 0.0, 1.0],
                [-0.876007, 0.435149, -0.207981, 0.0, 0.458002, 0.885699, -0.075983, 0.39386, 0.151144, -0.161818, -0.975178, 0.0, 0.0, 0.0, 0.0, 1.0],
                [-0.666499, -0.026929, -0.745019, 0.0, 0.662439, 0.437036, -0.60842, 0.393861, 0.341983, -0.899042, -0.273445, -0.0, 0.0, 0.0, 0.0, 1.0]
            ]
        },
        {
            "name": "Hand_R",
            "time": [0.0, 0.1, 0.8, 0.9, 1.15, 1.3, 1.4833, 1.5667, 1.65, 1.7667, 2.0833, 2.2167, 2.3333, 2.6667],
            "transform": [
                [1.0, 0.0, 0.0, -0.0, 0.0, 0.621451, -0.783454, 0.300002, -0.0, 0.783454, 0.621451, 0.0, 0.0, 0.0, 0.0, 1.0],
                [1.0, 0.0, 0.0, 0.0, -0.0, 0.621451, -0.783454, 0.300003, -0.0, 0.783454, 0.621451, -0.0, 0.0, 0.0, 0.0, 1.0],
                [1.0, -0.0, 0.0, 0.0, -0.0, 0.621451, -0.783454, 0.300003, 0.0, 0.783454, 0.621451, 0.0, 0.0, 0.0, 0.0, 1.0],
                [1.0, 0.0, 0.0, -0.0, -0.0, 0.630449, -0.776232, 0.300003, -0.0, 0.776231, 0.630449, 0.0, 0.0, 0.0, 0.0, 1.0],
                [1.0, 0.0, -0.0, 0.0, 0.0, 0.888809, -0.45828, 0.300003, 0.0, 0.45828, 0.888809, 0.0, 0.0, 0.0, 0.0, 1.0],
                [1.0, 0.0, 0.0, 0.0, 0.0, 0.888809, -0.45828, 0.300003, -0.0, 0.45828, 0.888809, -0.0, 0.0, 0.0, 0.0, 1.0],
                [1.0, -0.0, -0.0, -0.0, 0.0, 0.888809, -0.45828, 0.300003, -0.0, 0.45828, 0.888809, -1e-06, 0.0, 0.0, 0.0, 1.0],
                [1.0, -0.0, -1e-06, -0.0, -1e-06, -0.021068, -0.999779, 0.300003, -0.0, 0.999779, -0.021068, 0.0, 0.0, 0.0, 0.0, 1.0],
                [1.0, 0.0, 0.0, 0.0, -0.0, 0.888809, -0.45828, 0.300002, -0.0, 0.45828, 0.888809, 0.0, 0.0, 0.0, 0.0, 1.0],
                [1.0, -0.0, 0.0, -0.0, 0.0, 0.999471, -0.032543, 0.300003, -0.0, 0.032543, 0.999471, -0.0, 0.0, 0.0, 0.0, 1.0],
                [1.0, 0.0, -1e-06, -0.0, -1e-06, 0.433553, -0.901129, 0.300003, 0.0, 0.901129, 0.433553, 0.0, 0.0, 0.0, 0.0, 1.0],
                [1.0, 0.0, -1e-06, 0.0, -1e-06, 0.532729, -0.846287, 0.300002, 0.0, 0.846287, 0.532729, 0.0, 0.0, 0.0, 0.0, 1.0],
                [1.0, 1e-06, -0.0, -0.0, -1e-06, 0.959041, -0.28327, 0.300003, -0.0, 0.28327, 0.959041, -0.0, 0.0, 0.0, 0.0, 1.0],
                [1.0, -0.0, 0.0, -0.0, 0.0, 0.621451, -0.783454, 0.300003, 0.0, 0.783454, 0.621451, -0.0, 0.0, 0.0, 0.0, 1.0]
            ]
        },
        {
            "name": "Tool_R",
            "time": [0.0, 0.1, 0.8, 0.9, 1.3, 1.4833, 1.65, 2.2167, 2.6667],
            "transform": [
                [1.0, -0.0, -0.0, -0.0, 0.0, -0.999604, 0.018088, 0.272858, 0.0, -0.01813, -0.99725, 0.0, 0.0, 0.0, 0.0, 1.0],
                [1.0, 0.0, -0.0, -0.0, 0.0, -0.999604, 0.018087, 0.272858, -0.0, -0.01813, -0.99725, -0.0, 0.0, 0.0, 0.0, 1.0],
                [1.0, 0.0, -0.0, 0.0, 0.0, -0.999604, 0.018088, 0.272858, -0.0, -0.01813, -0.99725, 0.0, 0.0, 0.0, 0.0, 1.0],
                [1.0, 0.0, -0.0, -0.0, 0.0, -0.999604, 0.018088, 0.272858, -0.0, -0.01813, -0.99725, 0.0, 0.0, 0.0, 0.0, 1.0],
                [1.0, 0.0, 0.0, -0.0, 0.0, -0.999603, 0.018087, 0.272858, 0.0, -0.01813, -0.99725, 0.0, 0.0, 0.0, 0.0, 1.0],
                [1.0, 0.0, -0.0, -1e-06, -0.0, -0.999604, 0.018087, 0.272858, 0.0, -0.01813, -0.99725, 0.0, 0.0, 0.0, 0.0, 1.0],
                [1.0, 0.0, 0.0, 0.0, 0.0, -0.999604, 0.018087, 0.272859, 0.0, -0.01813, -0.99725, 0.0, 0.0, 0.0, 0.0, 1.0],
                [1.0, -0.0, -0.0, 0.0, -0.0, -0.999603, 0.018087, 0.272858, -0.0, -0.01813, -0.99725, -0.0, 0.0, 0.0, 0.0, 1.0],
                [1.0, -0.0, 0.0, -0.0, -0.0, -0.999603, 0.018087, 0.272858, 0.0, -0.01813, -0.99725, -0.0, 0.0, 0.0, 0.0, 1.0]
            ]
        },
        {
            "name": "Elbow_R",
            "time": [0.0, 0.1, 0.8, 0.9, 1.3, 1.4833, 1.65, 2.2167, 2.6667],
            "transform": [
                [-1.0, -0.0, -0.0, 0.0, 0.0, -0.0, -1.0, 0.3, 0.0, -0.999999, -0.0, 0.0, 0.0, 0.0, 0.0, 1.0],
                [-1.0, 0.0, 0.0, 0.0, 0.0, -0.0, -1.0, 0.3, -0.0, -0.999999, -0.0, 0.0, 0.0, 0.0, 0.0, 1.0],
                [-1.0, 0.0, 0.0, 0.0, 0.0, -0.0, -1.0, 0.3, -0.0, -0.999999, -0.0, 0.0, 0.0, 0.0, 0.0, 1.0],
                [-1.0, 0.0, -0.0, 0.0, -0.0, -0.0, -1.0, 0.3, 0.0, -0.999999, -0.0, 0.0, 0.0, 0.0, 0.0, 1.0],
                [-1.0, 0.0, -0.0, 0.0, -0.0, -0.0, -1.0, 0.3, 0.0, -0.999999, -0.0, -0.0, 0.0, 0.0, 0.0, 1.0],
                [-1.0, 0.0, -0.0, 0.0, 0.0, -0.0, -1.0, 0.3, -0.0, -0.999999, -0.0, -0.0, 0.0, 0.0, 0.0, 1.0],
                [-1.0, -0.0, -0.0, 0.0, 0.0, -0.0, -1.0, 0.3, 0.0, -0.999999, -0.0, -0.0, 0.0, 0.0, 0.0, 1.0],
                [-1.0, -0.0, -0.0, 0.0, -0.0, -0.0, -1.0, 0.3, -0.0, -0.999999, -0.0, 0.0, 0.0, 0.0, 0.0, 1.0],
                [-1.0, -0.0, 0.0, -0.0, 0.0, -0.0, -1.0, 0.3, -0.0, -0.999999, -0.0, -0.0, 0.0, 0.0, 0.0, 1.0]
            ]
        },
        {
            "name": "Shoulder_L",
            "time": [0.0, 0.1, 0.8, 0.9, 1.15, 1.3, 1.4833, 1.65, 1.7667, 2.2167, 2.3333, 2.6667],
            "transform": [
                [-0.332453, -0.813041, -0.477955, -0.0, -0.106752, -0.471084, 0.875605, 0.4, -0.93706, 0.34212, 0.069819, 0.0, 0.0, 0.0, 0.0, 1.0],
                [0.172639, -0.917484, -0.358356, 0.0, 0.495846, -0.233407, 0.836456, 0.4, -0.851078, -0.322094, 0.414636, -0.0, 0.0, 0.0, 0.0, 1.0],
                [0.172639, -0.917484, -0.358356, 0.0, 0.495846, -0.233407, 0.836456, 0.4, -0.851078, -0.322094, 0.414636, 0.0, 0.0, 0.0, 0.0, 1.0],
                [0.146977, -0.923914, -0.353243, 0.0, 0.486277, -0.243494, 0.839193, 0.4, -0.861356, -0.295116, 0.41349, 0.0, 0.0, 0.0, 0.0, 1.0],
                [-0.751247, -0.61803, -0.231661, 0.0, 0.005315, -0.356645, 0.934225, 0.4, -0.66, 0.700603, 0.271213, -0.0, 0.0, 0.0, 0.0, 1.0],
                [-0.751247, -0.61803, -0.231662, -0.0, 0.005315, -0.356644, 0.934225, 0.4, -0.66, 0.700603, 0.271213, -0.0, 0.0, 0.0, 0.0, 1.0],
                [-0.604269, -0.749627, 0.270036, 0.0, 0.612503, -0.220263, 0.759161, 0.4, -0.509608, 0.624135, 0.592246, -0.0, 0.0, 0.0, 0.0, 1.0],
                [0.260433, -0.893493, -0.36585, 0.0, 0.596107, -0.149274, 0.788907, 0.4, -0.759495, -0.423543, 0.493741, -0.0, 0.0, 0.0, 0.0, 1.0],
                [0.006543, -0.901829, -0.432044, 0.0, 0.397894, -0.39403, 0.828506, 0.4, -0.917409, -0.177329, 0.356254, 0.0, 0.0, 0.0, 0.0, 1.0],
                [-0.477882, -0.875997, 0.065259, -0.0, 0.748816, -0.367407, 0.551622, 0.4, -0.459242, 0.312477, 0.831538, -0.0, 0.0, 0.0, 0.0, 1.0],
                [-0.471331, -0.83725, 0.277238, 0.0, 0.861984, -0.370786, 0.345691, 0.4, -0.186634, 0.40191, 0.896458, -0.0, 0.0, 0.0, 0.0, 1.0],
                [-0.332453, -0.813041, -0.477955, -0.0, -0.106752, -0.471084, 0.875605, 0.4, -0.93706, 0.34212, 0.069819, 0.0, 0.0, 0.0, 0.0, 1.0]
            ]
        },
        {
            "name": "Arm_L",
            "time": [0.0, 0.1, 0.8, 0.9, 1.15, 1.3, 1.4833, 1.5667, 1.65, 1.7667, 2.0833, 2.2167, 2.3333, 2.6667],
            "transform": [
                [-0.807849, 0.096378, 0.581456, 0.0, -0.464908, 0.50218, -0.729161, 0.39386, -0.362271, -0.859375, -0.360879, -0.0, 0.0, 0.0, 0.0, 1.0],
                [-0.411788, 0.909997, 0.048331, 0.0, 0.06603, 0.082692, -0.994385, 0.39386, -0.908883, -0.406285, -0.094139, 0.0, 0.0, 0.0, 0.0, 1.0],
                [-0.411789, 0.909997, 0.048331, 0.0, 0.06603, 0.082692, -0.994385, 0.39386, -0.908883, -0.406285, -0.094139, 0.0, 0.0, 0.0, 0.0, 1.0],
                [-0.411789, 0.907206, 0.086057, 0.0, 0.06603, 0.123892, -0.990096, 0.39386, -0.908883, -0.402028, -0.11092, -0.0, 0.0, 0.0, 0.0, 1.0],
                [-0.411789, -0.163914, 0.896416, -0.0, 0.06603, 0.975737, 0.208751, 0.39386, -0.908883, 0.145152, -0.390974, -0.0, 0.0, 0.0, 0.0, 1.0],
                [0.982296, -0.178471, -0.056946, -0.0, 0.147913, 0.925425, -0.34887, 0.393861, 0.114962, 0.334271, 0.935439, 0.0, 0.0, 0.0, 0.0, 1.0],
                [0.982282, -0.187128, 0.010183, 0.0, 0.142143, 0.708534, -0.691212, 0.393861, 0.12213, 0.680413, 0.72258, -0.0, 0.0, 0.0, 0.0, 1.0],
                [-0.041498, 0.961209, 0.272681, 0.0, -0.969841, 0.026852, -0.242251, 0.39386, -0.240175, -0.27451, 0.931106, 0.0, 0.0, 0.0, 0.0, 1.0],
                [-0.118323, 0.859292, 0.49761, 0.0, -0.707517, 0.27866, -0.649436, 0.39386, -0.696719, -0.428911, 0.574993, -0.0, 0.0, 0.0, 0.0, 1.0],
                [-0.02927, -0.192871, 0.980787, 0.0, -0.95978, 0.279513, 0.026323, 0.39386, -0.27922, -0.94057, -0.193296, 0.0, 0.0, 0.0, 0.0, 1.0],
                [-0.63046, -0.084684, 0.771588, -0.0, -0.733891, 0.388808, -0.556985, 0.39386, -0.252832, -0.917418, -0.307277, 0.0, 0.0, 0.0, 0.0, 1.0],
                [-0.715339, -0.163446, 0.679393, -0.0, -0.649167, 0.515242, -0.559559, 0.39386, -0.258594, -0.841315, -0.474676, -0.0, 0.0, 0.0, 0.0, 1.0],
                [-0.8146, -0.547514, 0.191455, -0.0, -0.563644, 0.825117, -0.03855, 0.393861, -0.136866, -0.139315, -0.980744, 0.0, 0.0, 0.0, 0.0, 1.0],
                [-0.807849, 0.096378, 0.581456, -0.0, -0.464907, 0.50218, -0.729161, 0.39386, -0.362271, -0.859375, -0.360879, -0.0, 0.0, 0.0, 0.0, 1.0]
            ]
        },
        {
            "name": "Hand_L",
            "time": [0.0, 0.1, 0.8, 0.9, 1.15, 1.3, 1.4833, 1.5667, 1.65, 2.0833, 2.2167, 2.3333, 2.6667],
            "transform": [
                [1.0, -0.0, 0.0, 0.0, 0.0, 0.569222, -0.822185, 0.300002, 0.0, 0.822185, 0.569222, 0.0, 0.0, 0.0, 0.0, 1.0],
                [1.0, -1e-06, 1e-06, 0.0, 1e-06, 0.569222, -0.822185, 0.300003, 1e-06, 0.822185, 0.569221, -0.0, 0.0, 0.0, 0.0, 1.0],
                [1.0, -1e-06, 0.0, -0.0, 1e-06, 0.569222, -0.822185, 0.300003, 0.0, 0.822185, 0.569222, -0.0, 0.0, 0.0, 0.0, 1.0],
                [1.0, -0.0, 0.0, 0.0, 0.0, 0.583583, -0.812054, 0.300002, 0.0, 0.812055, 0.583583, 0.0, 0.0, 0.0, 0.0, 1.0],
                [1.0, -1e-06, 0.0, 0.0, 1e-06, 0.951387, -0.308001, 0.300003, 0.0, 0.308002, 0.951386, 0.0, 0.0, 0.0, 0.0, 1.0],
                [1.0, -1e-06, 0.0, 0.0, 1e-06, 0.951387, -0.308001, 0.300002, 0.0, 0.308002, 0.951386, 0.0, 0.0, 0.0, 0.0, 1.0],
                [1.0, -1e-06, 0.0, -0.0, 1e-06, 0.951387, -0.308001, 0.300003, 0.0, 0.308002, 0.951386, -0.0, 0.0, 0.0, 0.0, 1.0],
                [1.0, 0.0, 1e-06, -0.0, 1e-06, -0.221819, -0.975089, 0.300002, 0.0, 0.975089, -0.221819, -0.0, 0.0, 0.0, 0.0, 1.0],
                [1.0, -1e-06, 0.0, 0.0, 1e-06, 0.951387, -0.308001, 0.300003, 0.0, 0.308001, 0.951386, 0.0, 0.0, 0.0, 0.0, 1.0],
                [1.0, -1e-06, 0.0, 0.0, 1e-06, 0.208101, -0.978108, 0.300003, 0.0, 0.978108, 0.208101, -0.0, 0.0, 0.0, 0.0, 1.0],
                [1.0, -1e-06, -0.0, 0.0, 0.0, 0.364915, -0.931042, 0.300003, 1e-06, 0.931042, 0.364915, 0.0, 0.0, 0.0, 0.0, 1.0],
                [1.0, -1e-06, 0.0, 0.0, 1e-06, 0.991879, -0.127189, 0.300002, 0.0, 0.127189, 0.991879, -0.0, 0.0, 0.0, 0.0, 1.0],
                [1.0, -1e-06, 0.0, -0.0, 0.0, 0.569222, -0.822185, 0.300002, 0.0, 0.822185, 0.569222, 0.0, 0.0, 0.0, 0.0, 1.0]
            ]
        },
        {
            "name": "Tool_L",
            "time": [0.0, 0.1, 0.8, 0.9, 1.3, 1.4833, 1.65, 2.2167, 2.6667],
            "transform": [
                [1.0, 0.0, 0.0, -0.0, -0.0, -0.999835, 0.018116, 0.272858, 0.0, -0.018128, -0.999189, 0.0, 0.0, 0.0, 0.0, 1.0],
                [1.0, 0.0, -0.0, 0.0, 0.0, -0.999835, 0.018116, 0.272858, 0.0, -0.018127, -0.999189, 0.0, 0.0, 0.0, 0.0, 1.0],
                [1.0, 0.0, -0.0, -0.0, -0.0, -0.999835, 0.018116, 0.272858, 0.0, -0.018127, -0.999189, 0.0, 0.0, 0.0, 0.0, 1.0],
                [1.0, 0.0, 0.0, 0.0, 0.0, -0.999835, 0.018116, 0.272858, -0.0, -0.018128, -0.999189, -0.0, 0.0, 0.0, 0.0, 1.0],
                [1.0, -0.0, 0.0, -0.0, 0.0, -0.999835, 0.018116, 0.272858, 0.0, -0.018127, -0.999189, -1e-06, 0.0, 0.0, 0.0, 1.0],
                [1.0, 0.0, 0.0, -0.0, -0.0, -0.999835, 0.018116, 0.272858, 0.0, -0.018128, -0.999189, -0.0, 0.0, 0.0, 0.0, 1.0],
                [1.0, 0.0, -0.0, 0.0, 0.0, -0.999835, 0.018116, 0.272858, -0.0, -0.018127, -0.999189, -0.0, 0.0, 0.0, 0.0, 1.0],
                [1.0, 0.0, -0.0, 0.0, -0.0, -0.999835, 0.018116, 0.272858, 0.0, -0.018127, -0.999189, -0.0, 0.0, 0.0, 0.0, 1.0],
                [1.0, 0.0, 0.0, 0.0, -0.0, -0.999835, 0.018116, 0.272858, 0.0, -0.018127, -0.999189, 0.0, 0.0, 0.0, 0.0, 1.0]
            ]
        },
        {
            "name": "Elbow_L",
            "time": [0.0, 0.1, 0.8, 0.9, 1.3, 1.4833, 1.65, 2.2167, 2.6667],
            "transform": [
                [-1.0, 0.0, 1e-06, 0.0, -1e-06, -0.0, -1.0, 0.3, -0.0, -1.0, 0.0, 0.0, 0.0, 0.0, 0.0, 1.0],
                [-1.0, -0.0, 1e-06, 0.0, -1e-06, 0.0, -1.0, 0.3, 0.0, -1.0, 0.0, -0.0, 0.0, 0.0, 0.0, 1.0],
                [-1.0, 0.0, 1e-06, -0.0, -1e-06, -0.0, -1.0, 0.3, 0.0, -1.0, 0.0, 0.0, 0.0, 0.0, 0.0, 1.0],
                [-1.0, -0.0, 1e-06, -0.0, -1e-06, 0.0, -1.0, 0.3, -0.0, -1.0, -0.0, 0.0, 0.0, 0.0, 0.0, 1.0],
                [-1.0, 0.0, 0.0, 0.0, -1e-06, 0.0, -1.0, 0.3, -0.0, -1.0, -0.0, 1e-06, 0.0, 0.0, 0.0, 1.0],
                [-1.0, -0.0, 1e-06, -0.0, -1e-06, -0.0, -1.0, 0.3, 0.0, -1.0, 0.0, -0.0, 0.0, 0.0, 0.0, 1.0],
                [-1.0, 0.0, 1e-06, -0.0, -1e-06, 0.0, -1.0, 0.3, 0.0, -1.0, -0.0, 0.0, 0.0, 0.0, 0.0, 1.0],
                [-1.0, -0.0, 1e-06, 0.0, -1e-06, -0.0, -1.0, 0.3, 0.0, -1.0, 0.0, -0.0, 0.0, 0.0, 0.0, 1.0],
                [-1.0, 0.0, 1e-06, -0.0, -1e-06, 0.0, -1.0, 0.3, 0.0, -1.0, -0.0, 0.0, 0.0, 0.0, 0.0, 1.0]
            ]
        }
    ]
}