{
    "animation": [
        {
            "name": "Root",
            "time": [0.0, 0.2, 0.3, 0.5, 0.55, 0.6, 0.65, 0.7, 0.75, 0.8, 0.85, 0.9, 0.95, 1.0, 1.05, 1.1, 1.15, 1.2, 1.25, 1.3, 1.35, 1.4, 1.45, 1.5, 1.55, 1.6, 1.65, 1.7, 1.75, 1.8, 1.85, 1.9, 1.9667, 2.0333, 2.1, 2.1667, 2.2, 2.2333, 2.2667, 2.35, 2.5667],
            "transform": [
                [1.0, 0.0, 0.0, 1.7e-05, 0.0, 0.0, -1.0, 0.000905, 0.0, 1.0, 0.0, 0.774191, 0.0, 0.0, 0.0, 1.0],
                [0.632897, 0.0, -0.774236, 1.7e-05, -0.774236, 0.0, -0.632897, 0.000905, 0.0, 1.0, 0.0, 0.653321, 0.0, 0.0, 0.0, 1.0],
                [0.515703, 0.0, -0.856767, 1.7e-05, -0.856767, 0.0, -0.515703, 0.000905, 0.0, 1.0, 0.0, 0.633176, 0.0, 0.0, 0.0, 1.0],
                [0.49141, 0.0, -0.870929, 1.7e-05, -0.870929, 0.0, -0.49141, 0.000905, 0.0, 1.0, 0.0, 0.629147, 0.0, 0.0, 0.0, 1.0],
                [0.916776, 0.0, 0.399401, 1.7e-05, 0.399401, 0.0, -0.916776, 0.000905, 0.0, 1.0, 0.0, 0.629147, 0.0, 0.0, 0.0, 1.0],
                [-0.303172, 0.0, 0.952936, 1.7e-05, 0.952936, 0.0, 0.303172, 0.000905, 0.0, 1.0, 0.0, 0.629147, 0.0, 0.0, 0.0, 1.0],
                [-0.348778, 0.0, -0.937205, 1.7e-05, -0.937205, 0.0, 0.348778, 0.000905, 0.0, 1.0, 0.0, 0.629147, 0.0, 0.0, 0.0, 1.0],
                [0.926081, 0.0, 0.377324, 1.7e-05, 0.377324, 0.0, -0.926081, 0.000905, 0.0, 1.0, 0.0, 0.629147, 0.0, 0.0, 0.0, 1.0],
                [-0.472682, 0.0, 0.881233, 1.7e-05, 0.881233, 0.0, 0.472682, 0.000905, 0.0, 1.0, 0.0, 0.629147, 0.0, 0.0, 0.0, 1.0],
                [-0.843486, 0.0, -0.537152, 1.7e-05, -0.537152, 0.0, 0.843486, 0.000905, 0.0, 1.0, 0.0, 0.629147, 0.0, 0.0, 0.0, 1.0],
                [0.865176, 0.0, -0.501468, 1.7e-05, -0.501468, 0.0, -0.865176, 0.000905, 0.0, 1.0, 0.0, 0.629147, 0.0, 0.0, 0.0, 1.0],
                [0.481314, 0.0, 0.876549, 1.7e-05, 0.876549, 0.0, -0.481314, 0.000905, 0.0, 1.0, 0.0, 0.629147, 0.0, 0.0, 0.0, 1.0],
                [-0.956582, 0.0, 0.291463, 1.7e-05, 0.291463, 0.0, 0.956582, 0.000905, 0.0, 1.0, 0.0, 0.629147, 0.0, 0.0, 0.0, 1.0],
                [0.069903, 0.0, -0.997554, 1.7e-05, -0.997554, 0.0, -0.069903, 0.000905, 0.0, 1.0, 0.0, 0.629147, 0.0, 0.0, 0.0, 1.0],
                [0.485136, 0.0, 0.874439, 1.7e-05, 0.874439, 0.0, -0.485136, 0.000905, 0.0, 1.0, 0.0, 0.629147, 0.0, 0.0, 0.0, 1.0],
                [-0.472682, 0.0, 0.881233, 1.7e-05, 0.881233, 0.0, 0.472682, 0.000905, 0.0, 1.0, 0.0, 0.629147, 0.0, 0.0, 0.0, 1.0],
                [-0.843486, 0.0, -0.537152, 1.7e-05, -0.537152, 0.0, 0.843486, 0.000905, 0.0, 1.0, 0.0, 0.629147, 0.0, 0.0, 0.0, 1.0],
                [0.865176, 0.0, -0.501468, 1.7e-05, -0.501468, 0.0, -0.865176, 0.000905, 0.0, 1.0, 0.0, 0.629147, 0.0, 0.0, 0.0, 1.0],
                [0.481314, 0.0, 0.876549, 1.7e-05, 0.876549, 0.0, -0.481314, 0.000905, 0.0, 1.0, 0.0, 0.629147, 0.0, 0.0, 0.0, 1.0],
                [-0.956582, 0.0, 0.291463, 1.7e-05, 0.291463, 0.0, 0.956582, 0.000905, 0.0, 1.0, 0.0, 0.629147, 0.0, 0.0, 0.0, 1.0],
                [0.069903, 0.0, -0.997554, 1.7e-05, -0.997554, 0.0, -0.069903, 0.000905, 0.0, 1.0, 0.0, 0.629147, 0.0, 0.0, 0.0, 1.0],
                [0.485136, 0.0, 0.874439, 1.7e-05, 0.874439, 0.0, -0.485136, 0.000905, 0.0, 1.0, 0.0, 0.629147, 0.0, 0.0, 0.0, 1.0],
                [-0.472682, 0.0, 0.881233, 1.7e-05, 0.881233, 0.0, 0.472682, 0.000905, 0.0, 1.0, 0.0, 0.629147, 0.0, 0.0, 0.0, 1.0],
                [-0.843486, 0.0, -0.537152, 1.7e-05, -0.537152, 0.0, 0.843486, 0.000905, 0.0, 1.0, 0.0, 0.629147, 0.0, 0.0, 0.0, 1.0],
                [0.865176, 0.0, -0.501468, 1.7e-05, -0.501468, 0.0, -0.865176, 0.000905, 0.0, 1.0, 0.0, 0.629147, 0.0, 0.0, 0.0, 1.0],
                [0.481314, 0.0, 0.876549, 1.7e-05, 0.876549, 0.0, -0.481314, 0.000905, 0.0, 1.0, 0.0, 0.629147, 0.0, 0.0, 0.0, 1.0],
                [-0.956582, 0.0, 0.291463, 1.7e-05, 0.291463, 0.0, 0.956582, 0.000905, 0.0, 1.0, 0.0, 0.629147, 0.0, 0.0, 0.0, 1.0],
                [0.069903, 0.0, -0.997554, 1.7e-05, -0.997554, 0.0, -0.069903, 0.000905, 0.0, 1.0, 0.0, 0.629147, 0.0, 0.0, 0.0, 1.0],
                [0.485136, 0.0, 0.874439, 1.7e-05, 0.874439, 0.0, -0.485136, 0.000905, 0.0, 1.0, 0.0, 0.629147, 0.0, 0.0, 0.0, 1.0],
                [-0.472682, 0.0, 0.881233, 1.7e-05, 0.881233, 0.0, 0.472682, 0.000905, 0.0, 1.0, 0.0, 0.629147, 0.0, 0.0, 0.0, 1.0],
                [-0.843486, 0.0, -0.537152, 1.7e-05, -0.537152, 0.0, 0.843486, 0.000905, 0.0, 1.0, 0.0, 0.629147, 0.0, 0.0, 0.0, 1.0],
                [0.865176, 0.0, -0.501468, 1.7e-05, -0.501468, 0.0, -0.865176, 0.000905, 0.0, 1.0, 0.0, 0.629147, 0.0, 0.0, 0.0, 1.0],
                [0.481314, 0.0, 0.876549, 1.7e-05, 0.876549, 0.0, -0.481314, 0.000905, 0.0, 1.0, 0.0, 0.629147, 0.0, 0.0, 0.0, 1.0],
                [-0.956582, 0.0, 0.291463, 1.7e-05, 0.291463, 0.0, 0.956582, 0.000905, 0.0, 1.0, 0.0, 0.629147, 0.0, 0.0, 0.0, 1.0],
                [0.069903, 0.0, -0.997554, 1.7e-05, -0.997554, 0.0, -0.069903, 0.000905, 0.0, 1.0, 0.0, 0.629147, 0.0, 0.0, 0.0, 1.0],
                [0.998384, 0.0, -0.056828, -0.288006, -0.056828, 0.0, -0.998384, 0.0173, 0.0, 1.0, 0.0, 0.724225, 0.0, 0.0, 0.0, 1.0],
                [0.998384, 0.0, -0.056828, -0.288006, -0.056828, 0.0, -0.998384, 0.0173, 0.0, 1.0, 0.0, 0.724225, 0.0, 0.0, 0.0, 1.0],
                [0.998384, 0.0, -0.056828, -0.288006, -0.056828, 0.0, -0.998384, 0.0173, 0.0, 1.0, 0.0, 0.724225, 0.0, 0.0, 0.0, 1.0],
                [0.998384, 0.0, -0.056828, -0.288006, -0.056828, 0.0, -0.998384, 0.0173, 0.0, 1.0, 0.0, 0.724225, 0.0, 0.0, 0.0, 1.0],
                [0.998384, 0.0, -0.056828, -0.288006, -0.056828, 0.0, -0.998384, 0.0173, 0.0, 1.0, 0.0, 0.724225, 0.0, 0.0, 0.0, 1.0],
                [0.998384, 0.0, -0.056828, -0.288006, -0.056828, 0.0, -0.998384, 0.0173, 0.0, 1.0, 0.0, 0.724225, 0.0, 0.0, 0.0, 1.0]
            ]
        },
        {
            "name": "Thigh_R",
            "time": [0.0, 0.2, 0.3, 0.5, 0.6, 1.9, 2.1667, 2.2, 2.2333, 2.2667, 2.35, 2.5667],
            "transform": [
                [0.948425, -0.0, 0.317, 0.124994, -0.0, -0.999998, -0.0, -0.002831, 0.317, -0.0, -0.948426, -1.2e-05, 0.0, 0.0, 0.0, 1.0],
                [0.660859, 0.327028, 0.675512, 0.124994, 0.022295, -0.908227, 0.41788, -0.002831, 0.750178, -0.261099, -0.607503, -1.2e-05, 0.0, 0.0, 0.0, 1.0],
                [0.594872, 0.38794, 0.704009, 0.124994, 0.004257, -0.877336, 0.479855, -0.002831, 0.803808, -0.282455, -0.523556, -1.2e-05, 0.0, 0.0, 0.0, 1.0],
                [0.581408, 0.400016, 0.708485, 0.124994, -1e-06, -0.870788, 0.491656, -0.002831, 0.813611, -0.285853, -0.506284, -1.2e-05, 0.0, 0.0, 0.0, 1.0],
                [0.989608, -0.143786, 0.0, 0.124994, -0.143786, -0.989607, 0.0, -0.002831, -0.0, 0.0, -1.0, -1.2e-05, 0.0, 0.0, 0.0, 1.0],
                [0.989608, -0.143786, 0.0, 0.124994, -0.143786, -0.989607, -0.0, -0.002831, -0.0, 0.0, -1.0, -1.2e-05, 0.0, 0.0, 0.0, 1.0],
                [0.945671, 0.261196, 0.193601, 0.124994, 0.255889, -0.965284, 0.052387, -0.002831, 0.200563, -0.0, -0.979681, -1.2e-05, 0.0, 0.0, 0.0, 1.0],
                [0.945671, 0.261196, 0.193601, 0.124994, 0.255889, -0.965284, 0.052387, -0.002831, 0.200563, -0.0, -0.979681, -1.2e-05, 0.0, 0.0, 0.0, 1.0],
                [0.945671, 0.261196, 0.193601, 0.124994, 0.255889, -0.965284, 0.052387, -0.002831, 0.200563, -0.0, -0.979681, -1.2e-05, 0.0, 0.0, 0.0, 1.0],
                [0.945671, 0.261196, 0.193601, 0.124994, 0.255889, -0.965284, 0.052387, -0.002831, 0.200563, -0.0, -0.979681, -1.2e-05, 0.0, 0.0, 0.0, 1.0],
                [0.945671, 0.261196, 0.193601, 0.124994, 0.255889, -0.965284, 0.052387, -0.002831, 0.200563, -0.0, -0.979681, -1.2e-05, 0.0, 0.0, 0.0, 1.0],
                [0.945671, 0.261196, 0.193601, 0.124994, 0.255889, -0.965284, 0.052387, -0.002831, 0.200563, -0.0, -0.979681, -1.2e-05, 0.0, 0.0, 0.0, 1.0]
            ]
        },
        {
            "name": "Leg_R",
            "time": [0.0, 0.2, 0.3, 0.5, 0.6, 1.9, 2.1667, 2.2, 2.2333, 2.2667, 2.35, 2.5667],
            "transform": [
                [1.0, 0.0, 1e-06, -0.0, -0.0, 1.000002, -0.0, 0.374726, -1e-06, 0.0, 0.999998, 0.0, 0.0, 0.0, 0.0, 1.0],
                [1.0, -1e-06, 1e-06, 0.0, -1e-06, 0.574724, 0.818347, 0.374726, -1e-06, -0.81835, 0.574721, 0.0, 0.0, 0.0, 0.0, 1.0],
                [1.0, -1e-06, 1e-06, 0.0, -0.0, 0.441921, 0.897052, 0.374726, -1e-06, -0.897056, 0.441919, -0.0, 0.0, 0.0, 0.0, 1.0],
                [1.0, -1e-06, 1e-06, -0.0, -0.0, 0.414645, 0.909982, 0.374726, -1e-06, -0.909985, 0.414643, -0.0, 0.0, 0.0, 0.0, 1.0],
                [1.0, 0.0, 1e-06, -0.0, -0.0, 1.000002, 0.0, 0.374726, -1e-06, -0.0, 0.999998, -0.0, 0.0, 0.0, 0.0, 1.0],
                [1.0, -0.0, 1e-06, 0.0, 0.0, 1.000002, 0.0, 0.374726, -1e-06, -0.0, 0.999998, -0.0, 0.0, 0.0, 0.0, 1.0],
                [1.0, 0.0, 1e-06, -0.0, -0.0, 1.000002, -0.0, 0.374726, -1e-06, -0.0, 0.999998, 0.0, 0.0, 0.0, 0.0, 1.0],
                [1.0, 0.0, 1e-06, -0.0, -0.0, 1.000002, -0.0, 0.374726, -1e-06, -0.0, 0.999998, 0.0, 0.0, 0.0, 0.0, 1.0],
                [1.0, 0.0, 1e-06, -0.0, -0.0, 1.000002, -0.0, 0.374726, -1e-06, -0.0, 0.999998, 0.0, 0.0, 0.0, 0.0, 1.0],
                [1.0, 0.0, 1e-06, -0.0, -0.0, 1.000002, -0.0, 0.374726, -1e-06, -0.0, 0.999998, 0.0, 0.0, 0.0, 0.0, 1.0],
                [1.0, 0.0, 1e-06, -0.0, -0.0, 1.000002, -0.0, 0.374726, -1e-06, -0.0, 0.999998, 0.0, 0.0, 0.0, 0.0, 1.0],
                [1.0, 0.0, 1e-06, -0.0, -0.0, 1.000002, -0.0, 0.374726, -1e-06, -0.0, 0.999998, 0.0, 0.0, 0.0, 0.0, 1.0]
            ]
        },
        {
            "name": "Knee_R",
            "time": [0.0, 0.2, 0.3, 0.5, 1.9, 2.1667, 2.2, 2.2333, 2.2667, 2.35, 2.5667],
            "transform": [
                [1.0, -0.0, -0.0, 0.0, 0.0, -0.0, -1.0, 0.37472, 0.0, 1.0, 0.0, 0.0, 0.0, 0.0, 0.0, 1.0],
                [1.0, 0.0, -0.0, 0.0, -0.0, 0.0, -1.0, 0.37472, -0.0, 1.0, 0.0, -0.0, 0.0, 0.0, 0.0, 1.0],
                [1.0, -0.0, 0.0, -0.0, 0.0, 0.0, -1.0, 0.37472, -0.0, 1.0, 0.0, 0.0, 0.0, 0.0, 0.0, 1.0],
                [1.0, -0.0, 0.0, -0.0, -0.0, -0.0, -1.0, 0.37472, -0.0, 1.0, 0.0, 0.0, 0.0, 0.0, 0.0, 1.0],
                [1.0, 0.0, 0.0, 0.0, 0.0, -0.0, -1.0, 0.37472, 0.0, 1.0, 0.0, -0.0, 0.0, 0.0, 0.0, 1.0],
                [1.0, 0.0, -1e-06, -0.0, -1e-06, -0.0, -1.0, 0.37472, 0.0, 1.0, 0.0, 0.0, 0.0, 0.0, 0.0, 1.0],
                [1.0, 0.0, -1e-06, -0.0, -1e-06, -0.0, -1.0, 0.37472, 0.0, 1.0, 0.0, 0.0, 0.0, 0.0, 0.0, 1.0],
                [1.0, 0.0, -1e-06, -0.0, -1e-06, -0.0, -1.0, 0.37472, 0.0, 1.0, 0.0, 0.0, 0.0, 0.0, 0.0, 1.0],
                [1.0, 0.0, -1e-06, -0.0, -1e-06, -0.0, -1.0, 0.37472, 0.0, 1.0, 0.0, 0.0, 0.0, 0.0, 0.0, 1.0],
                [1.0, 0.0, -1e-06, -0.0, -1e-06, -0.0, -1.0, 0.37472, 0.0, 1.0, 0.0, 0.0, 0.0, 0.0, 0.0, 1.0],
                [1.0, 0.0, -1e-06, -0.0, -1e-06, -0.0, -1.0, 0.37472, 0.0, 1.0, 0.0, 0.0, 0.0, 0.0, 0.0, 1.0]
            ]
        },
        {
            "name": "Thigh_L",
            "time": [0.0, 0.2, 0.3, 0.5, 0.6, 0.7, 1.9, 2.1667, 2.2, 2.2333, 2.2667, 2.35, 2.5667],
            "transform": [
                [0.989418, -0.107369, -0.097586, -0.125006, 0.094369, -0.034661, 0.994933, -0.002831, -0.110208, -0.993615, -0.024162, -1.2e-05, 0.0, 0.0, 0.0, 1.0],
                [0.915954, 0.341946, -0.210001, -0.125006, 0.39574, -0.683066, 0.613849, -0.002831, 0.066459, -0.645364, -0.760979, -1.2e-05, 0.0, 0.0, 0.0, 1.0],
                [0.890567, 0.413381, -0.189751, -0.125006, 0.449797, -0.738366, 0.502491, -0.002831, 0.067614, -0.532852, -0.843503, -1.2e-05, 0.0, 0.0, 0.0, 1.0],
                [0.885287, 0.426853, -0.184563, -0.125006, 0.460212, -0.747077, 0.479666, -0.002831, 0.066864, -0.509581, -0.857821, -1.2e-05, 0.0, 0.0, 0.0, 1.0],
                [0.75012, -0.4186, -0.51195, -0.125006, 0.128197, -0.667424, 0.73356, -0.002831, -0.648756, -0.615889, -0.446985, -1.2e-05, 0.0, 0.0, 0.0, 1.0],
                [0.75012, -0.083178, -0.656049, -0.125006, 0.128197, -0.954949, 0.267653, -0.002831, -0.648756, -0.284876, -0.705663, -1.2e-05, 0.0, 0.0, 0.0, 1.0],
                [0.75012, -0.083178, -0.656049, -0.125006, 0.128197, -0.954949, 0.267653, -0.002831, -0.648756, -0.284876, -0.705663, -1.2e-05, 0.0, 0.0, 0.0, 1.0],
                [0.962235, -0.240329, -0.127849, -0.125006, -0.216448, -0.960286, 0.176073, -0.002831, -0.165087, -0.141752, -0.976039, -1.2e-05, 0.0, 0.0, 0.0, 1.0],
                [0.962235, -0.240329, -0.127849, -0.125006, -0.216448, -0.960286, 0.176073, -0.002831, -0.165087, -0.141752, -0.976039, -1.2e-05, 0.0, 0.0, 0.0, 1.0],
                [0.962235, -0.240329, -0.127849, -0.125006, -0.216448, -0.960286, 0.176073, -0.002831, -0.165087, -0.141752, -0.976039, -1.2e-05, 0.0, 0.0, 0.0, 1.0],
                [0.962235, -0.240329, -0.127849, -0.125006, -0.216448, -0.960286, 0.176073, -0.002831, -0.165087, -0.141752, -0.976039, -1.2e-05, 0.0, 0.0, 0.0, 1.0],
                [0.962235, -0.240329, -0.127849, -0.125006, -0.216448, -0.960286, 0.176073, -0.002831, -0.165087, -0.141752, -0.976039, -1.2e-05, 0.0, 0.0, 0.0, 1.0],
                [0.962235, -0.240329, -0.127849, -0.125006, -0.216448, -0.960286, 0.176073, -0.002831, -0.165087, -0.141752, -0.976039, -1.2e-05, 0.0, 0.0, 0.0, 1.0]
            ]
        },
        {
            "name": "Leg_L",
            "time": [0.0, 0.2, 0.3, 0.5, 0.6, 1.9, 2.1667, 2.2, 2.2333, 2.2667, 2.35, 2.5667],
            "transform": [
                [1.0, -1e-06, 1e-06, -0.0, -0.0, 0.048343, 0.998831, 0.374726, -1e-06, -0.99883, 0.048343, 0.0, 0.0, 0.0, 0.0, 1.0],
                [1.0, -0.0, 1e-06, -0.0, -0.0, 0.97137, 0.237572, 0.374726, -1e-06, -0.237572, 0.971371, 0.0, 0.0, 0.0, 0.0, 1.0],
                [1.0, -0.0, 1e-06, -0.0, 0.0, 0.999254, 0.038604, 0.374726, -1e-06, -0.038604, 0.999255, 0.0, 0.0, 0.0, 0.0, 1.0],
                [1.0, -0.0, 1e-06, 0.0, 0.0, 1.0, 0.0, 0.374726, -1e-06, 0.0, 1.000001, -0.0, 0.0, 0.0, 0.0, 1.0],
                [1.0, -1e-06, -0.0, 0.0, -0.0, -0.510145, 0.860089, 0.374726, -1e-06, -0.860088, -0.510145, -0.0, 0.0, 0.0, 0.0, 1.0],
                [1.0, -1e-06, 0.0, 0.0, -1e-06, -0.510145, 0.860089, 0.374726, -1e-06, -0.860088, -0.510146, -0.0, 0.0, 0.0, 0.0, 1.0],
                [1.0, 0.0, 1e-06, 0.0, -0.0, 1.0, 0.0, 0.374726, -1e-06, 0.0, 1.000001, 0.0, 0.0, 0.0, 0.0, 1.0],
                [1.0, 0.0, 1e-06, 0.0, -0.0, 1.0, 0.0, 0.374726, -1e-06, 0.0, 1.000001, 0.0, 0.0, 0.0, 0.0, 1.0],
                [1.0, 0.0, 1e-06, 0.0, -0.0, 1.0, 0.0, 0.374726, -1e-06, 0.0, 1.000001, 0.0, 0.0, 0.0, 0.0, 1.0],
                [1.0, 0.0, 1e-06, 0.0, -0.0, 1.0, 0.0, 0.374726, -1e-06, 0.0, 1.000001, 0.0, 0.0, 0.0, 0.0, 1.0],
                [1.0, 0.0, 1e-06, 0.0, -0.0, 1.0, 0.0, 0.374726, -1e-06, 0.0, 1.000001, 0.0, 0.0, 0.0, 0.0, 1.0],
                [1.0, 0.0, 1e-06, 0.0, -0.0, 1.0, 0.0, 0.374726, -1e-06, 0.0, 1.000001, 0.0, 0.0, 0.0, 0.0, 1.0]
            ]
        },
        {
            "name": "Knee_L",
            "time": [0.0, 0.2, 0.3, 0.5, 1.9, 2.1667, 2.2, 2.2333, 2.2667, 2.35, 2.5667],
            "transform": [
                [1.0, 0.0, -0.0, -0.0, 0.0, -0.0, -1.0, 0.37472, 0.0, 1.0, 0.0, 0.0, 0.0, 0.0, 0.0, 1.0],
                [1.0, -0.0, -0.0, -0.0, -1e-06, -0.0, -1.0, 0.37472, -0.0, 1.0, 0.0, 0.0, 0.0, 0.0, 0.0, 1.0],
                [1.0, -0.0, -0.0, 0.0, 0.0, 0.0, -1.0, 0.37472, -0.0, 1.0, 0.0, 0.0, 0.0, 0.0, 0.0, 1.0],
                [1.0, -0.0, 0.0, 0.0, 0.0, -0.0, -1.0, 0.37472, 0.0, 1.0, -0.0, 0.0, 0.0, 0.0, 0.0, 1.0],
                [1.0, 0.0, 0.0, 0.0, -0.0, -0.0, -1.0, 0.37472, -0.0, 1.0, 0.0, 0.0, 0.0, 0.0, 0.0, 1.0],
                [1.0, 0.0, -0.0, 0.0, 0.0, -0.0, -1.0, 0.37472, 0.0, 1.0, 0.0, 0.0, 0.0, 0.0, 0.0, 1.0],
                [1.0, 0.0, -0.0, 0.0, 0.0, -0.0, -1.0, 0.37472, 0.0, 1.0, 0.0, 0.0, 0.0, 0.0, 0.0, 1.0],
                [1.0, 0.0, -0.0, 0.0, 0.0, -0.0, -1.0, 0.37472, 0.0, 1.0, 0.0, 0.0, 0.0, 0.0, 0.0, 1.0],
                [1.0, 0.0, -0.0, 0.0, 0.0, -0.0, -1.0, 0.37472, 0.0, 1.0, 0.0, 0.0, 0.0, 0.0, 0.0, 1.0],
                [1.0, 0.0, -0.0, 0.0, 0.0, -0.0, -1.0, 0.37472, 0.0, 1.0, 0.0, 0.0, 0.0, 0.0, 0.0, 1.0],
                [1.0, 0.0, -0.0, 0.0, 0.0, -0.0, -1.0, 0.37472, 0.0, 1.0, 0.0, 0.0, 0.0, 0.0, 0.0, 1.0]
            ]
        },
        {
            "name": "Torso",
            "time": [0.0, 0.2, 0.3, 0.5, 0.6, 1.9, 2.1667, 2.2, 2.2333, 2.2667, 2.35, 2.5667],
            "transform": [
                [1.0, 0.0, 0.0, 0.0, 0.0, 0.998621, -0.052512, 0.05, 0.0, 0.052512, 0.99862, 0.0, 0.0, 0.0, 0.0, 1.0],
                [0.985082, -0.168562, 0.034638, 0.0, 0.171984, 0.95751, -0.23151, 0.05, 0.005857, 0.234013, 0.972216, 0.0, 0.0, 0.0, 0.0, 1.0],
                [0.979747, -0.195495, 0.043323, -0.0, 0.199993, 0.944677, -0.259979, 0.05, 0.009899, 0.263378, 0.964642, 0.0, 0.0, 0.0, 0.0, 1.0],
                [0.978587, -0.200821, 0.045153, -0.0, 0.205551, 0.941915, -0.265604, 0.05, 0.010809, 0.269198, 0.963024, 0.0, 0.0, 0.0, 0.0, 1.0],
                [1.0, 0.0, 0.0, 0.0, 0.0, 1.0, 0.0, 0.05, 0.0, 0.0, 1.0, -0.0, 0.0, 0.0, 0.0, 1.0],
                [1.0, 0.0, 0.0, -0.0, 0.0, 1.0, 0.0, 0.05, -0.0, 0.0, 1.0, 0.0, 0.0, 0.0, 0.0, 1.0],
                [1.0, 0.0, 0.0, -0.0, 0.0, 1.0, 0.0, 0.05, 0.0, 0.0, 1.0, 0.0, 0.0, 0.0, 0.0, 1.0],
                [1.0, 0.0, 0.0, -0.0, 0.0, 1.0, 0.0, 0.05, 0.0, 0.0, 1.0, 0.0, 0.0, 0.0, 0.0, 1.0],
                [1.0, 0.0, 0.0, -0.0, 0.0, 1.0, 0.0, 0.05, 0.0, 0.0, 1.0, 0.0, 0.0, 0.0, 0.0, 1.0],
                [1.0, 0.0, 0.0, -0.0, 0.0, 1.0, 0.0, 0.05, 0.0, 0.0, 1.0, 0.0, 0.0, 0.0, 0.0, 1.0],
                [1.0, 0.0, 0.0, -0.0, 0.0, 1.0, 0.0, 0.05, 0.0, 0.0, 1.0, 0.0, 0.0, 0.0, 0.0, 1.0],
                [1.0, 0.0, 0.0, -0.0, 0.0, 1.0, 0.0, 0.05, 0.0, 0.0, 1.0, 0.0, 0.0, 0.0, 0.0, 1.0]
            ]
        },
        {
            "name": "Chest",
            "time": [0.0, 0.2, 0.3, 0.5, 0.6, 0.7, 1.9, 2.1667, 2.2, 2.2333, 2.2667, 2.35, 2.5667],
            "transform": [
                [1.0, 0.0, 0.0, 0.0, 0.0, 0.940322, 0.340286, 0.3, 0.0, -0.340286, 0.940322, 0.0, 0.0, 0.0, 0.0, 1.0],
                [0.838874, 0.135613, -0.527161, 0.0, 0.294229, 0.701819, 0.648752, 0.3, 0.457951, -0.699327, 0.548837, 0.0, 0.0, 0.0, 0.0, 1.0],
                [0.78547, 0.179032, -0.592439, -0.0, 0.355944, 0.652413, 0.669075, 0.3, 0.506301, -0.736414, 0.448725, 0.0, 0.0, 0.0, 0.0, 1.0],
                [0.774224, 0.18815, -0.604299, 0.0, 0.368323, 0.642519, 0.671943, 0.3, 0.5147, -0.742811, 0.428154, 0.0, 0.0, 0.0, 0.0, 1.0],
                [0.698981, -0.160064, 0.696997, 0.0, -0.173639, 0.907478, 0.382534, 0.3, -0.69374, -0.38841, 0.606517, -0.0, 0.0, 0.0, 0.0, 1.0],
                [0.554318, 0.0, -0.832305, 0.0, 0.0, 1.0, 0.0, 0.3, 0.832305, 0.0, 0.554318, 0.0, 0.0, 0.0, 0.0, 1.0],
                [0.554318, 0.0, -0.832305, -0.0, 0.0, 1.0, 0.0, 0.3, 0.832305, 0.0, 0.554318, 0.0, 0.0, 0.0, 0.0, 1.0],
                [0.909058, 0.0, 0.41667, -0.0, 0.0, 1.0, 0.0, 0.3, -0.41667, 0.0, 0.909058, 0.0, 0.0, 0.0, 0.0, 1.0],
                [0.825999, 0.0, 0.563671, -0.0, 0.0, 1.0, 0.0, 0.3, -0.563671, 0.0, 0.825999, 0.0, 0.0, 0.0, 0.0, 1.0],
                [0.812153, 0.0, 0.583445, -0.0, 0.0, 1.0, 0.0, 0.3, -0.583445, 0.0, 0.812153, 0.0, 0.0, 0.0, 0.0, 1.0],
                [0.8098, 0.0, 0.586706, -0.0, 0.0, 1.0, 0.0, 0.3, -0.586706, 0.0, 0.8098, 0.0, 0.0, 0.0, 0.0, 1.0],
                [0.825999, 0.0, 0.563671, -0.0, 0.0, 1.0, 0.0, 0.3, -0.563671, 0.0, 0.825999, 0.0, 0.0, 0.0, 0.0, 1.0],
                [0.856448, 0.0, 0.516232, -0.0, 0.0, 1.0, 0.0, 0.3, -0.516232, 0.0, 0.856448, 0.0, 0.0, 0.0, 0.0, 1.0]
            ]
        },
        {
            "name": "Head",
            "time": [0.0, 0.2, 0.3, 0.5, 0.6, 0.7, 1.9, 2.1667, 2.2, 2.2333, 2.2667, 2.35, 2.5667],
            "transform": [
                [1.0, 0.0, 0.0, -0.0, 0.0, 0.976316, 0.216351, 0.4, 0.0, -0.216351, 0.976316, 0.0, 0.0, 0.0, 0.0, 1.0],
                [0.39264, -0.138837, 0.909152, -0.0, 0.029115, 0.989921, 0.138597, 0.4, -0.919231, -0.027949, 0.392725, -0.0, 0.0, 0.0, 0.0, 1.0],
                [0.216914, -0.137174, 0.966505, -0.0, 0.041198, 0.990482, 0.131331, 0.4, -0.975321, 0.01133, 0.220501, -0.0, 0.0, 0.0, 0.0, 1.0],
                [0.181941, -0.136017, 0.973857, -0.0, 0.043675, 0.990527, 0.130186, 0.4, -0.982339, 0.018847, 0.186158, 0.0, 0.0, 0.0, 0.0, 1.0],
                [0.933069, -0.02845, -0.35857, -0.0, 0.004692, 0.997745, -0.066956, 0.4, 0.359666, 0.060792, 0.931098, 0.0, 0.0, 0.0, 0.0, 1.0],
                [1.0, -0.0, 0.0, 0.0, 0.0, 0.940719, 0.339186, 0.4, 0.0, -0.339186, 0.940719, 0.0, 0.0, 0.0, 0.0, 1.0],
                [1.0, -0.0, 0.0, 0.0, 0.0, 0.940719, 0.339186, 0.4, 0.0, -0.339186, 0.940719, 0.0, 0.0, 0.0, 0.0, 1.0],
                [0.964623, 0.108485, -0.240279, 0.0, -0.024146, 0.943934, 0.329249, 0.4, 0.262526, -0.311799, 0.91316, -0.0, 0.0, 0.0, 0.0, 1.0],
                [0.937859, 0.108485, -0.329622, -0.0, 0.006816, 0.943935, 0.330063, 0.4, 0.346948, -0.311799, 0.884538, -0.0, 0.0, 0.0, 0.0, 1.0],
                [0.933356, 0.108485, -0.342165, 0.0, 0.011241, 0.943934, 0.329941, 0.4, 0.358775, -0.311799, 0.879808, 0.0, 0.0, 0.0, 0.0, 1.0],
                [0.93259, 0.108485, -0.344249, 0.0, 0.011978, 0.943934, 0.329916, 0.4, 0.360739, -0.311799, 0.879004, 0.0, 0.0, 0.0, 0.0, 1.0],
                [0.937859, 0.108485, -0.329622, -0.0, 0.006816, 0.943935, 0.330063, 0.4, 0.346948, -0.311799, 0.884538, -0.0, 0.0, 0.0, 0.0, 1.0],
                [0.947712, 0.108485, -0.30012, -0.0, -0.003513, 0.943934, 0.330114, 0.4, 0.319106, -0.311799, 0.894959, -0.0, 0.0, 0.0, 0.0, 1.0]
            ]
        },
        {
            "name": "Shoulder_R",
            "time": [0.0, 0.2, 0.3, 0.5, 0.6, 0.7, 1.9, 2.1667, 2.2, 2.2333, 2.2667, 2.35, 2.5667],
            "transform": [
                [-0.330467, 0.825316, 0.45787, -0.0, 0.106119, -0.449559, 0.886925, 0.4, 0.937833, 0.341688, 0.060983, 0.0, 0.0, 0.0, 0.0, 1.0],
                [-0.330467, 0.825316, 0.45787, -0.0, 0.106119, -0.449559, 0.886925, 0.4, 0.937833, 0.341688, 0.060983, -0.0, 0.0, 0.0, 0.0, 1.0],
                [-0.330467, 0.825316, 0.45787, -0.0, 0.106119, -0.449559, 0.886925, 0.4, 0.937833, 0.341688, 0.060983, -0.0, 0.0, 0.0, 0.0, 1.0],
                [-0.330467, 0.825316, 0.45787, -0.0, 0.106119, -0.449559, 0.886925, 0.4, 0.937833, 0.341688, 0.060983, 0.0, 0.0, 0.0, 0.0, 1.0],
                [-0.716231, 0.526657, 0.45787, -0.0, 0.327375, -0.325868, 0.886925, 0.4, 0.616311, 0.785139, 0.060983, 0.0, 0.0, 0.0, 0.0, 1.0],
                [-0.387138, 0.80087, 0.456873, 0.0, 0.391803, -0.305655, 0.867793, 0.4, 0.834634, 0.514961, -0.195452, 0.0, 0.0, 0.0, 0.0, 1.0],
                [-0.387138, 0.800869, 0.456873, 0.0, 0.391803, -0.305655, 0.867793, 0.4, 0.834634, 0.514961, -0.195452, 0.0, 0.0, 0.0, 0.0, 1.0],
                [0.0, 0.952115, 0.305743, 0.0, -1e-06, -0.305743, 0.952114, 0.4, 1.0, -1e-06, 1e-06, -0.0, 0.0, 0.0, 0.0, 1.0],
                [0.083627, 0.94878, 0.304671, -0.0, -1e-06, -0.305743, 0.952114, 0.4, 0.996497, -0.079623, -0.025568, -0.0, 0.0, 0.0, 0.0, 1.0],
                [0.095539, 0.94776, 0.304344, 0.0, -1e-06, -0.305743, 0.952114, 0.4, 0.995426, -0.090964, -0.02921, 0.0, 0.0, 0.0, 0.0, 1.0],
                [0.097522, 0.947577, 0.304285, 0.0, -1e-06, -0.305743, 0.952114, 0.4, 0.995233, -0.092853, -0.029816, 0.0, 0.0, 0.0, 0.0, 1.0],
                [0.083627, 0.94878, 0.304671, -0.0, -1e-06, -0.305743, 0.952114, 0.4, 0.996497, -0.079623, -0.025568, -0.0, 0.0, 0.0, 0.0, 1.0],
                [0.055784, 0.950632, 0.305266, -0.0, -1e-06, -0.305743, 0.952114, 0.4, 0.998443, -0.053113, -0.017055, -0.0, 0.0, 0.0, 0.0, 1.0]
            ]
        },
        {
            "name": "Arm_R",
            "time": [0.0, 0.2, 0.3, 0.5, 0.6, 0.7, 1.9, 2.1667, 2.2, 2.2333, 2.2667, 2.35, 2.5667],
            "transform": [
                [-0.666499, -0.026929, -0.745019, -0.0, 0.662439, 0.437036, -0.60842, 0.39386, 0.341983, -0.899042, -0.273445, -0.0, 0.0, 0.0, 0.0, 1.0],
                [-0.487541, -0.061074, -0.870962, 0.0, 0.271418, 0.937524, -0.217674, 0.393861, 0.82984, -0.342521, -0.440505, 0.0, 0.0, 0.0, 0.0, 1.0],
                [-0.456588, -0.050411, -0.888249, -0.0, 0.176148, 0.973508, -0.145795, 0.393861, 0.872066, -0.223032, -0.435612, 0.0, 0.0, 0.0, 0.0, 1.0],
                [-0.450583, -0.047796, -0.891454, -0.0, 0.156754, 0.978817, -0.131711, 0.39386, 0.878864, -0.199086, -0.433546, -0.0, 0.0, 0.0, 0.0, 1.0],
                [-0.667714, 0.712664, -0.215103, 0.0, 0.44821, 0.154169, -0.880534, 0.39386, -0.594361, -0.684357, -0.422364, -0.0, 0.0, 0.0, 0.0, 1.0],
                [-0.667714, 0.562081, -0.488081, -0.0, 0.44821, -0.219936, -0.86645, 0.39386, -0.594361, -0.797305, -0.105076, -0.0, 0.0, 0.0, 0.0, 1.0],
                [-0.667714, 0.562081, -0.488081, -0.0, 0.44821, -0.219936, -0.866451, 0.39386, -0.594361, -0.797305, -0.105076, 0.0, 0.0, 0.0, 0.0, 1.0],
                [0.0, 0.0, -1.0, 0.0, 0.713681, 0.700471, 0.0, 0.39386, 0.70047, -0.713683, -0.0, 0.0, 0.0, 0.0, 0.0, 1.0],
                [-0.15251, -0.080512, -0.985017, -0.0, 0.709674, 0.684732, -0.165847, 0.39386, 0.687825, -0.724335, -0.047291, 0.0, 0.0, 0.0, 0.0, 1.0],
                [-0.174103, -0.091711, -0.980448, 0.0, 0.707021, 0.68139, -0.189287, 0.39386, 0.685426, -0.726154, -0.053791, 0.0, 0.0, 0.0, 0.0, 1.0],
                [-0.177692, -0.093567, -0.979628, 0.0, 0.706529, 0.680807, -0.193181, 0.39386, 0.685012, -0.726463, -0.054866, -0.0, 0.0, 0.0, 0.0, 1.0],
                [-0.15251, -0.080512, -0.985017, -0.0, 0.709674, 0.684732, -0.165847, 0.39386, 0.687825, -0.724335, -0.047291, 0.0, 0.0, 0.0, 0.0, 1.0],
                [-0.101816, -0.054024, -0.993336, 0.0, 0.713849, 0.691483, -0.110776, 0.393861, 0.692858, -0.720371, -0.031839, 0.0, 0.0, 0.0, 0.0, 1.0]
            ]
        },
        {
            "name": "Hand_R",
            "time": [0.0, 0.2, 0.3, 0.5, 1.9, 2.1667, 2.2, 2.2333, 2.2667, 2.35, 2.5667],
            "transform": [
                [1.0, 0.0, 0.0, -0.0, 0.0, 0.621451, -0.783454, 0.300002, -0.0, 0.783454, 0.621451, 0.0, 0.0, 0.0, 0.0, 1.0],
                [1.0, -0.0, -1e-06, 0.0, -0.0, 0.910154, -0.414272, 0.300003, 0.0, 0.414272, 0.910154, -0.0, 0.0, 0.0, 0.0, 1.0],
                [1.0, -0.0, -1e-06, 0.0, -0.0, 0.939741, -0.341891, 0.300003, 1e-06, 0.341891, 0.939741, -0.0, 0.0, 0.0, 0.0, 1.0],
                [1.0, -0.0, -1e-06, 0.0, -0.0, 0.944944, -0.327235, 0.300003, 1e-06, 0.327235, 0.944944, 0.0, 0.0, 0.0, 0.0, 1.0],
                [1.0, -0.0, -0.0, 0.0, -0.0, 0.944944, -0.327235, 0.300003, 0.0, 0.327235, 0.944944, 0.0, 0.0, 0.0, 0.0, 1.0],
                [0.985497, -0.004389, -0.169639, -0.0, -0.067634, 0.906677, -0.416371, 0.300003, 0.155635, 0.421805, 0.89323, -0.0, 0.0, 0.0, 0.0, 1.0],
                [0.979583, -0.00714, -0.200911, 0.0, -0.081902, 0.898504, -0.431258, 0.300003, 0.183598, 0.438908, 0.879575, -0.0, 0.0, 0.0, 0.0, 1.0],
                [0.978772, -0.007527, -0.204815, 0.0, -0.083724, 0.897459, -0.433081, 0.300003, 0.187073, 0.441036, 0.877777, 0.0, 0.0, 0.0, 0.0, 1.0],
                [0.978502, -0.007656, -0.206093, 0.0, -0.084322, 0.897115, -0.433677, 0.300003, 0.188209, 0.441732, 0.877184, 0.0, 0.0, 0.0, 0.0, 1.0],
                [0.980353, -0.006774, -0.197137, 0.0, -0.080149, 0.89951, -0.429488, 0.300003, 0.180236, 0.43685, 0.881294, -0.0, 0.0, 0.0, 0.0, 1.0],
                [0.983108, -0.005483, -0.182942, -0.0, -0.073632, 0.903244, -0.422765, 0.300003, 0.167559, 0.429094, 0.887583, -0.0, 0.0, 0.0, 0.0, 1.0]
            ]
        },
        {
            "name": "Tool_R",
            "time": [0.0, 0.2, 0.3, 0.5, 1.9, 2.1667, 2.2, 2.2333, 2.2667, 2.35, 2.5667],
            "transform": [
                [1.0, -0.0, -0.0, -0.0, 0.0, -0.999604, 0.018088, 0.272858, 0.0, -0.01813, -0.99725, 0.0, 0.0, 0.0, 0.0, 1.0],
                [1.0, 0.0, 0.0, 0.0, -0.0, -0.999604, 0.018087, 0.272858, 0.0, -0.01813, -0.99725, 0.0, 0.0, 0.0, 0.0, 1.0],
                [1.0, 0.0, 0.0, 0.0, -0.0, -0.999604, 0.018087, 0.272858, -0.0, -0.01813, -0.99725, -0.0, 0.0, 0.0, 0.0, 1.0],
                [1.0, -0.0, -0.0, 0.0, 0.0, -0.999604, 0.018087, 0.272858, -0.0, -0.01813, -0.99725, 0.0, 0.0, 0.0, 0.0, 1.0],
                [1.0, 0.0, 0.0, 0.0, -0.0, -0.999603, 0.018087, 0.272858, 0.0, -0.01813, -0.99725, -0.0, 0.0, 0.0, 0.0, 1.0],
                [1.0, 0.0, 0.0, 0.0, 0.0, -0.999603, 0.018087, 0.272858, 0.0, -0.01813, -0.99725, 0.0, 0.0, 0.0, 0.0, 1.0],
                [1.0, -0.0, 0.0, -0.0, -0.0, -0.999604, 0.018088, 0.272858, -0.0, -0.01813, -0.99725, 0.0, 0.0, 0.0, 0.0, 1.0],
                [1.0, -0.0, 0.0, -0.0, 0.0, -0.999604, 0.018087, 0.272858, 0.0, -0.01813, -0.99725, -0.0, 0.0, 0.0, 0.0, 1.0],
                [1.0, -0.0, 0.0, 0.0, -0.0, -0.999604, 0.018088, 0.272858, -0.0, -0.01813, -0.99725, -0.0, 0.0, 0.0, 0.0, 1.0],
                [1.0, 0.0, -0.0, -0.0, 0.0, -0.999604, 0.018087, 0.272858, -0.0, -0.01813, -0.99725, 0.0, 0.0, 0.0, 0.0, 1.0],
                [1.0, 0.0, 0.0, -0.0, 0.0, -0.999604, 0.018087, 0.272858, 0.0, -0.01813, -0.99725, 0.0, 0.0, 0.0, 0.0, 1.0]
            ]
        },
        {
            "name": "Elbow_R",
            "time": [0.0, 0.2, 0.3, 0.5, 1.9, 2.1667, 2.2, 2.2333, 2.2667, 2.35, 2.5667],
            "transform": [
                [-1.0, -0.0, -0.0, 0.0, 0.0, -0.0, -1.0, 0.3, 0.0, -0.999999, -0.0, 0.0, 0.0, 0.0, 0.0, 1.0],
                [-1.0, 0.0, 0.0, -0.0, -0.0, -0.0, -1.0, 0.3, -0.0, -0.999999, -0.0, 0.0, 0.0, 0.0, 0.0, 1.0],
                [-1.0, 0.0, 0.0, -0.0, 0.0, -0.0, -1.0, 0.3, -0.0, -0.999999, -0.0, -0.0, 0.0, 0.0, 0.0, 1.0],
                [-1.0, 0.0, -0.0, -0.0, 0.0, -0.0, -1.0, 0.3, 0.0, -0.999999, -0.0, 0.0, 0.0, 0.0, 0.0, 1.0],
                [-1.0, -0.0, 0.0, 0.0, -0.0, -0.0, -1.0, 0.3, -0.0, -0.999999, -0.0, 0.0, 0.0, 0.0, 0.0, 1.0],
                [-1.0, 0.0, 0.0, -0.0, 0.0, -0.0, -1.0, 0.3, -0.0, -0.999999, -0.0, 0.0, 0.0, 0.0, 0.0, 1.0],
                [-1.0, -0.0, 0.0, -0.0, 0.0, -0.0, -1.0, 0.3, 0.0, -0.999999, -0.0, -0.0, 0.0, 0.0, 0.0, 1.0],
                [-1.0, -0.0, -0.0, 0.0, 0.0, -0.0, -1.0, 0.3, -0.0, -0.999999, -0.0, 0.0, 0.0, 0.0, 0.0, 1.0],
                [-1.0, -0.0, -0.0, -0.0, 0.0, -0.0, -1.0, 0.3, -0.0, -0.999999, -0.0, -0.0, 0.0, 0.0, 0.0, 1.0],
                [-1.0, -0.0, 0.0, -0.0, 0.0, -0.0, -1.0, 0.3, 0.0, -0.999999, -0.0, -0.0, 0.0, 0.0, 0.0, 1.0],
                [-1.0, -0.0, 0.0, -0.0, 0.0, -0.0, -1.0, 0.3, 0.0, -0.999999, -0.0, -0.0, 0.0, 0.0, 0.0, 1.0]
            ]
        },
        {
            "name": "Shoulder_L",
            "time": [0.0, 0.2, 0.3, 0.5, 0.7, 1.9, 2.1667, 2.2, 2.2333, 2.2667, 2.35, 2.5667],
            "transform": [
                [-0.332453, -0.813041, -0.477955, -0.0, -0.106752, -0.471084, 0.875605, 0.4, -0.93706, 0.34212, 0.069819, 0.0, 0.0, 0.0, 0.0, 1.0],
                [0.436705, -0.762134, -0.477955, -0.0, 0.305838, -0.37387, 0.875605, 0.4, -0.846022, -0.528558, 0.069819, -0.0, 0.0, 0.0, 0.0, 1.0],
                [0.5436, -0.68997, -0.477955, -0.0, 0.357289, -0.325055, 0.875605, 0.4, -0.759503, -0.646747, 0.069819, -0.0, 0.0, 0.0, 0.0, 1.0],
                [0.563227, -0.674044, -0.477955, -0.0, 0.366494, -0.31464, 0.875605, 0.4, -0.74058, -0.668332, 0.069819, 0.0, 0.0, 0.0, 0.0, 1.0],
                [0.450227, -0.567085, -0.689718, 0.0, 0.510641, -0.470135, 0.719875, 0.4, -0.73249, -0.676305, 0.07791, 0.0, 0.0, 0.0, 0.0, 1.0],
                [0.450227, -0.567085, -0.689718, 0.0, 0.510641, -0.470135, 0.719875, 0.4, -0.732491, -0.676305, 0.07791, 0.0, 0.0, 0.0, 0.0, 1.0],
                [-0.396606, -0.86558, -0.30574, 0.0, -0.127353, -0.277954, 0.952115, 0.4, -0.909113, 0.416551, 4e-06, -0.0, 0.0, 0.0, 0.0, 1.0],
                [-0.471243, -0.827713, -0.304669, -0.0, -0.127353, -0.277954, 0.952115, 0.4, -0.872762, 0.487477, 0.025572, -0.0, 0.0, 0.0, 0.0, 1.0],
                [-0.481647, -0.821823, -0.304342, 0.0, -0.127353, -0.277954, 0.952115, 0.4, -0.867064, 0.497341, 0.029214, 0.0, 0.0, 0.0, 0.0, 1.0],
                [-0.483374, -0.820831, -0.304283, 0.0, -0.127353, -0.277954, 0.952115, 0.4, -0.866102, 0.498978, 0.029821, 0.0, 0.0, 0.0, 0.0, 1.0],
                [-0.471243, -0.827713, -0.304669, -0.0, -0.127353, -0.277954, 0.952115, 0.4, -0.872762, 0.487477, 0.025572, -0.0, 0.0, 0.0, 0.0, 1.0],
                [-0.446702, -0.840995, -0.305264, -0.0, -0.127353, -0.277954, 0.952115, 0.4, -0.885573, 0.464188, 0.01706, -0.0, 0.0, 0.0, 0.0, 1.0]
            ]
        },
        {
            "name": "Arm_L",
            "time": [0.0, 0.2, 0.3, 0.5, 0.6, 0.7, 1.9, 2.1667, 2.2, 2.2333, 2.2667, 2.35, 2.5667],
            "transform": [
                [-0.807849, 0.096378, 0.581456, 0.0, -0.464908, 0.50218, -0.729161, 0.39386, -0.362271, -0.859375, -0.360879, -0.0, 0.0, 0.0, 0.0, 1.0],
                [-0.550402, 0.80703, 0.213913, -0.0, 0.179985, 0.364883, -0.913491, 0.39386, -0.815268, -0.464286, -0.346086, 0.0, 0.0, 0.0, 0.0, 1.0],
                [-0.449875, 0.880625, 0.148698, 0.0, 0.268299, 0.292071, -0.917992, 0.393861, -0.851837, -0.373086, -0.367666, 0.0, 0.0, 0.0, 0.0, 1.0],
                [-0.428753, 0.893105, 0.136141, -0.0, 0.284463, 0.276491, -0.917951, 0.39386, -0.857468, -0.354847, -0.372601, -0.0, 0.0, 0.0, 0.0, 1.0],
                [-0.428753, 0.832062, -0.351915, -0.0, 0.284463, -0.245382, -0.926751, 0.39386, -0.857468, -0.497454, -0.131482, 0.0, 0.0, 0.0, 0.0, 1.0],
                [-0.663267, 0.662798, -0.347527, 0.0, 0.339345, -0.147531, -0.929021, 0.39386, -0.667024, -0.73412, -0.127065, 0.0, 0.0, 0.0, 0.0, 1.0],
                [-0.663267, 0.662798, -0.347527, -0.0, 0.339345, -0.147531, -0.92902, 0.39386, -0.667024, -0.73412, -0.127065, 0.0, 0.0, 0.0, 0.0, 1.0],
                [-4e-06, -2e-06, 1.0, 0.0, -0.653212, 0.757174, -1e-06, 0.39386, -0.757174, -0.653212, -4e-06, 0.0, 0.0, 0.0, 0.0, 1.0],
                [0.150058, -0.084991, 0.985017, 0.0, -0.650334, 0.741934, 0.163089, 0.39386, -0.744679, -0.665063, 0.056061, -0.0, 0.0, 0.0, 0.0, 1.0],
                [0.171311, -0.096823, 0.980448, 0.0, -0.64791, 0.738621, 0.186149, 0.39386, -0.742202, -0.667131, 0.063801, 0.0, 0.0, 0.0, 0.0, 1.0],
                [0.174843, -0.098785, 0.979628, -0.0, -0.647457, 0.738041, 0.189981, 0.39386, -0.741773, -0.667484, 0.065082, 0.0, 0.0, 0.0, 0.0, 1.0],
                [0.150058, -0.084991, 0.985017, 0.0, -0.650334, 0.741934, 0.163089, 0.39386, -0.744679, -0.665063, 0.056061, -0.0, 0.0, 0.0, 0.0, 1.0],
                [0.10017, -0.057014, 0.993335, 0.0, -0.65404, 0.748577, 0.10892, 0.39386, -0.749798, -0.660592, 0.037695, 0.0, 0.0, 0.0, 0.0, 1.0]
            ]
        },
        {
            "name": "Hand_L",
            "time": [0.0, 0.2, 0.3, 0.5, 1.9, 2.1667, 2.2, 2.2333, 2.2667, 2.35, 2.5667],
            "transform": [
                [1.0, -0.0, 0.0, 0.0, 0.0, 0.569222, -0.822185, 0.300002, 0.0, 0.822185, 0.569222, 0.0, 0.0, 0.0, 0.0, 1.0],
                [1.0, -1e-06, 0.0, -0.0, 1e-06, 0.81165, -0.584145, 0.300002, 0.0, 0.584145, 0.81165, 0.0, 0.0, 0.0, 0.0, 1.0],
                [1.0, -1e-06, 0.0, -0.0, 1e-06, 0.843431, -0.537239, 0.300003, 0.0, 0.537239, 0.84343, 0.0, 0.0, 0.0, 0.0, 1.0],
                [1.0, -1e-06, 0.0, -0.0, 1e-06, 0.849447, -0.527676, 0.300003, 0.0, 0.527676, 0.849447, -0.0, 0.0, 0.0, 0.0, 1.0],
                [1.0, -1e-06, 0.0, 0.0, 1e-06, 0.849447, -0.527675, 0.300003, 0.0, 0.527676, 0.849447, 0.0, 0.0, 0.0, 0.0, 1.0],
                [0.985515, 0.004398, -0.169535, -0.0, -0.078192, 0.898857, -0.431212, 0.300003, 0.150491, 0.438222, 0.88618, -0.0, 0.0, 0.0, 0.0, 1.0],
                [0.979609, 0.007152, -0.200789, 0.0, -0.090906, 0.907001, -0.411202, 0.300002, 0.179174, 0.42107, 0.889155, 0.0, 0.0, 0.0, 0.0, 1.0],
                [0.978798, 0.00754, -0.204691, -0.0, -0.092454, 0.907996, -0.408653, 0.300003, 0.182777, 0.418914, 0.889441, -0.0, 0.0, 0.0, 0.0, 1.0],
                [0.978529, 0.00767, -0.205968, 0.0, -0.09296, 0.90832, -0.407817, 0.300003, 0.183957, 0.418207, 0.88953, 0.0, 0.0, 0.0, 0.0, 1.0],
                [0.980377, 0.006787, -0.197017, 0.0, -0.0894, 0.906034, -0.413655, 0.300002, 0.175696, 0.423152, 0.888861, 0.0, 0.0, 0.0, 0.0, 1.0],
                [0.98313, 0.005494, -0.18283, 0.0, -0.083667, 0.902359, -0.422788, 0.300003, 0.162656, 0.430952, 0.887595, -0.0, 0.0, 0.0, 0.0, 1.0]
            ]
        },
        {
            "name": "Tool_L",
            "time": [0.0, 0.2, 0.3, 0.5, 1.9, 2.1667, 2.2, 2.2333, 2.2667, 2.35, 2.5667],
            "transform": [
                [1.0, 0.0, 0.0, -0.0, -0.0, -0.999835, 0.018116, 0.272858, 0.0, -0.018128, -0.999189, 0.0, 0.0, 0.0, 0.0, 1.0],
                [1.0, 0.0, 0.0, 0.0, 0.0, -0.999835, 0.018116, 0.272858, 0.0, -0.018128, -0.999189, -0.0, 0.0, 0.0, 0.0, 1.0],
                [1.0, 0.0, 0.0, 0.0, -0.0, -0.999835, 0.018116, 0.272858, -0.0, -0.018127, -0.999189, 0.0, 0.0, 0.0, 0.0, 1.0],
                [1.0, 0.0, -0.0, 0.0, 0.0, -0.999835, 0.018116, 0.272858, -0.0, -0.018127, -0.999189, -0.0, 0.0, 0.0, 0.0, 1.0],
                [1.0, 0.0, 0.0, -0.0, 0.0, -0.999835, 0.018116, 0.272858, 0.0, -0.018127, -0.999189, -0.0, 0.0, 0.0, 0.0, 1.0],
                [1.0, -0.0, -0.0, -0.0, 0.0, -0.999835, 0.018116, 0.272858, 0.0, -0.018127, -0.999189, -0.0, 0.0, 0.0, 0.0, 1.0],
                [1.0, 0.0, -0.0, 0.0, 0.0, -0.999835, 0.018116, 0.272858, 0.0, -0.018127, -0.999189, -0.0, 0.0, 0.0, 0.0, 1.0],
                [1.0, 0.0, -0.0, 0.0, 0.0, -0.999835, 0.018116, 0.272858, -0.0, -0.018127, -0.999189, 0.0, 0.0, 0.0, 0.0, 1.0],
                [1.0, -0.0, 0.0, -0.0, -0.0, -0.999835, 0.018116, 0.272858, 0.0, -0.018128, -0.999189, 0.0, 0.0, 0.0, 0.0, 1.0],
                [1.0, 0.0, 0.0, -0.0, 0.0, -0.999835, 0.018116, 0.272858, 0.0, -0.018127, -0.999189, 0.0, 0.0, 0.0, 0.0, 1.0],
                [1.0, -0.0, 0.0, -0.0, -0.0, -0.999835, 0.018116, 0.272858, 0.0, -0.018128, -0.999189, -0.0, 0.0, 0.0, 0.0, 1.0]
            ]
        },
        {
            "name": "Elbow_L",
            "time": [0.0, 0.2, 0.3, 0.5, 1.9, 2.1667, 2.2, 2.2333, 2.2667, 2.35, 2.5667],
            "transform": [
                [-1.0, 0.0, 1e-06, 0.0, -1e-06, -0.0, -1.0, 0.3, -0.0, -1.0, 0.0, 0.0, 0.0, 0.0, 0.0, 1.0],
                [-1.0, 0.0, 1e-06, -0.0, -1e-06, 0.0, -1.0, 0.3, -0.0, -1.0, 0.0, 0.0, 0.0, 0.0, 0.0, 1.0],
                [-1.0, 0.0, 1e-06, -0.0, -0.0, -0.0, -1.0, 0.3, -0.0, -1.0, -0.0, 0.0, 0.0, 0.0, 0.0, 1.0],
                [-1.0, 0.0, 0.0, 0.0, -1e-06, 0.0, -1.0, 0.3, -0.0, -1.0, 0.0, -0.0, 0.0, 0.0, 0.0, 1.0],
                [-1.0, 0.0, 1e-06, 0.0, -1e-06, -0.0, -1.0, 0.3, 0.0, -1.0, 0.0, 0.0, 0.0, 0.0, 0.0, 1.0],
                [-1.0, -0.0, 1e-06, -0.0, -1e-06, -0.0, -1.0, 0.3, 0.0, -1.0, 0.0, 0.0, 0.0, 0.0, 0.0, 1.0],
                [-1.0, 0.0, 1e-06, 0.0, -1e-06, -0.0, -1.0, 0.3, -0.0, -1.0, -0.0, 0.0, 0.0, 0.0, 0.0, 1.0],
                [-1.0, -0.0, 1e-06, -0.0, -1e-06, -0.0, -1.0, 0.3, -0.0, -1.0, 0.0, -0.0, 0.0, 0.0, 0.0, 1.0],
                [-1.0, 0.0, 0.0, 0.0, -0.0, 0.0, -1.0, 0.3, 0.0, -1.0, 0.0, 0.0, 0.0, 0.0, 0.0, 1.0],
                [-1.0, 0.0, 0.0, 0.0, -0.0, 0.0, -1.0, 0.3, 0.0, -1.0, -0.0, 0.0, 0.0, 0.0, 0.0, 1.0],
                [-1.0, -0.0, 1e-06, 0.0, -1e-06, 0.0, -1.0, 0.3, -0.0, -1.0, 0.0, 0.0, 0.0, 0.0, 0.0, 1.0]
            ]
        }
    ]
}