{
    "animation": [
        {
            "name": "Root",
            "time": [0.0, 0.3333, 0.4667, 0.5, 0.5333, 0.5667, 0.6, 0.6333, 0.6667, 0.7, 0.7333, 0.7667, 0.8, 0.8333, 0.8667, 0.9, 0.9333, 0.9667, 1.0, 1.0333, 1.0667, 1.1, 1.1333, 1.1667, 1.2, 1.2333, 1.2667, 1.3, 1.3333, 1.3667, 1.4, 1.4333, 1.4667, 1.5, 1.5333, 1.5667, 1.6, 1.6333, 1.6667, 1.7, 1.7333, 1.8667, 1.9, 1.9333, 1.9667, 2.0, 2.0333, 2.0667, 2.1, 2.1333, 2.1667, 2.2, 2.2333, 2.2667, 2.3, 2.3333, 2.3667, 2.4, 2.4333, 2.4667, 2.5, 2.5333, 2.5667, 2.6, 2.6333, 2.6667, 2.7, 2.7333, 2.7667, 2.8, 2.8333, 2.8667, 2.9, 2.9333, 2.9667, 3.0, 3.0333, 3.5],
            "transform": [
                [1.0, 0.000632, 1e-06, 0.126807, -1e-06, 0.003856, -0.999993, 0.233601, -0.000632, 0.999992, 0.003856, 0.670335, 0.0, 0.0, 0.0, 1.0],
                [1.0, -0.000259, -0.0, -0.003275, 1e-06, 0.0039, -0.999992, -0.165206, 0.000259, 0.999992, 0.0039, 0.252005, 0.0, 0.0, 0.0, 1.0],
                [1.0, 0.0, 0.0, 0.005667, 0.0, 4e-06, -1.0, 0.329883, 0.0, 1.0, 4e-06, 0.357891, 0.0, 0.0, 0.0, 1.0],
                [1.0, 0.0, 0.0, 0.01753, 0.0, 4e-06, -1.0, 0.624832, 0.0, 1.0, 4e-06, 0.356727, 0.0, 0.0, 0.0, 1.0],
                [1.0, 0.0, 0.0, 0.029392, 0.0, 4e-06, -1.0, 0.919781, 0.0, 1.0, 4e-06, 0.355563, 0.0, 0.0, 0.0, 1.0],
                [1.0, 0.0, 0.0, 0.041255, 0.0, 4e-06, -1.0, 1.21473, 0.0, 1.0, 4e-06, 0.3544, 0.0, 0.0, 0.0, 1.0],
                [1.0, 0.0, 0.0, 0.053118, 0.0, 4e-06, -1.0, 1.509679, 0.0, 1.0, 4e-06, 0.353236, 0.0, 0.0, 0.0, 1.0],
                [1.0, 0.0, 0.0, 0.08265, 0.0, 4e-06, -1.0, 1.871004, 0.0, 1.0, 4e-06, 0.349918, 0.0, 0.0, 0.0, 1.0],
                [1.0, 0.0, 0.0, 0.112182, 0.0, 4e-06, -1.0, 2.232328, 0.0, 1.0, 4e-06, 0.3466, 0.0, 0.0, 0.0, 1.0],
                [1.0, 0.0, 0.0, 0.141715, 0.0, 4e-06, -1.0, 2.593652, 0.0, 1.0, 4e-06, 0.343282, 0.0, 0.0, 0.0, 1.0],
                [1.0, 0.0, 0.0, 0.171247, 0.0, 4e-06, -1.0, 2.954977, 0.0, 1.0, 4e-06, 0.339964, 0.0, 0.0, 0.0, 1.0],
                [1.0, 0.0, 0.0, 0.190178, 0.0, 4e-06, -1.0, 3.053185, 0.0, 1.0, 4e-06, 0.344123, 0.0, 0.0, 0.0, 1.0],
                [1.0, 0.0, 0.0, 0.209108, 0.0, 4e-06, -1.0, 3.151393, 0.0, 1.0, 4e-06, 0.348282, 0.0, 0.0, 0.0, 1.0],
                [1.0, 0.0, 0.0, 0.228039, 0.0, 4e-06, -1.0, 3.249601, 0.0, 1.0, 4e-06, 0.352441, 0.0, 0.0, 0.0, 1.0],
                [1.0, 0.0, 0.0, 0.24697, 0.0, 4e-06, -1.0, 3.347809, 0.0, 1.0, 4e-06, 0.3566, 0.0, 0.0, 0.0, 1.0],
                [1.0, 0.0, 0.0, 0.2659, 0.0, 4e-06, -1.0, 3.446017, 0.0, 1.0, 4e-06, 0.360759, 0.0, 0.0, 0.0, 1.0],
                [1.0, 0.0, 0.0, 0.265473, 0.0, 4e-06, -1.0, 3.452543, 0.0, 1.0, 4e-06, 0.363871, 0.0, 0.0, 0.0, 1.0],
                [1.0, 0.0, 0.0, 0.265045, 0.0, 4e-06, -1.0, 3.459068, 0.0, 1.0, 4e-06, 0.366984, 0.0, 0.0, 0.0, 1.0],
                [1.0, 0.0, 0.0, 0.264618, 0.0, 4e-06, -1.0, 3.465593, 0.0, 1.0, 4e-06, 0.370096, 0.0, 0.0, 0.0, 1.0],
                [1.0, 0.0, 0.0, 0.26419, 0.0, 4e-06, -1.0, 3.472119, 0.0, 1.0, 4e-06, 0.373208, 0.0, 0.0, 0.0, 1.0],
                [1.0, 0.0, 0.0, 0.263762, 0.0, 4e-06, -1.0, 3.478644, 0.0, 1.0, 4e-06, 0.37632, 0.0, 0.0, 0.0, 1.0],
                [1.0, 0.0, 0.0, 0.263335, 0.0, 4e-06, -1.0, 3.48517, 0.0, 1.0, 4e-06, 0.379432, 0.0, 0.0, 0.0, 1.0],
                [1.0, 0.0, 0.0, 0.262907, 0.0, 4e-06, -1.0, 3.491695, 0.0, 1.0, 4e-06, 0.382544, 0.0, 0.0, 0.0, 1.0],
                [1.0, 0.0, 0.0, 0.26248, 0.0, 4e-06, -1.0, 3.498221, 0.0, 1.0, 4e-06, 0.385656, 0.0, 0.0, 0.0, 1.0],
                [1.0, 0.0, 0.0, 0.262052, 0.0, 4e-06, -1.0, 3.504746, 0.0, 1.0, 4e-06, 0.388768, 0.0, 0.0, 0.0, 1.0],
                [1.0, 0.0, 0.0, 0.261625, 0.0, 4e-06, -1.0, 3.511272, 0.0, 1.0, 4e-06, 0.39188, 0.0, 0.0, 0.0, 1.0],
                [1.0, 0.0, 0.0, 0.261197, 0.0, 4e-06, -1.0, 3.517797, 0.0, 1.0, 4e-06, 0.394993, 0.0, 0.0, 0.0, 1.0],
                [1.0, 0.0, 0.0, 0.26077, 0.0, 4e-06, -1.0, 3.524323, 0.0, 1.0, 4e-06, 0.398105, 0.0, 0.0, 0.0, 1.0],
                [1.0, 0.0, 0.0, 0.260342, 0.0, 4e-06, -1.0, 3.530848, 0.0, 1.0, 4e-06, 0.401217, 0.0, 0.0, 0.0, 1.0],
                [1.0, 0.0, 0.0, 0.260223, 0.0, 4e-06, -1.0, 3.532268, 0.0, 1.0, 4e-06, 0.401111, 0.0, 0.0, 0.0, 1.0],
                [1.0, 0.0, 0.0, 0.260104, 0.0, 4e-06, -1.0, 3.533688, 0.0, 1.0, 4e-06, 0.401004, 0.0, 0.0, 0.0, 1.0],
                [1.0, 0.0, 0.0, 0.259985, 0.0, 4e-06, -1.0, 3.535108, 0.0, 1.0, 4e-06, 0.400898, 0.0, 0.0, 0.0, 1.0],
                [1.0, 0.0, 0.0, 0.259866, 0.0, 4e-06, -1.0, 3.536527, 0.0, 1.0, 4e-06, 0.400792, 0.0, 0.0, 0.0, 1.0],
                [1.0, 0.0, 0.0, 0.259747, 0.0, 4e-06, -1.0, 3.537947, 0.0, 1.0, 4e-06, 0.400685, 0.0, 0.0, 0.0, 1.0],
                [1.0, 0.0, 0.0, 0.259628, 0.0, 4e-06, -1.0, 3.542134, 0.0, 1.0, 4e-06, 0.39666, 0.0, 0.0, 0.0, 1.0],
                [1.0, 0.0, 0.0, 0.259509, 0.0, 4e-06, -1.0, 3.54632, 0.0, 1.0, 4e-06, 0.392635, 0.0, 0.0, 0.0, 1.0],
                [1.0, 0.0, 0.0, 0.25939, 0.0, 4e-06, -1.0, 3.550506, 0.0, 1.0, 4e-06, 0.388609, 0.0, 0.0, 0.0, 1.0],
                [1.0, 0.0, 0.0, 0.259271, 0.0, 4e-06, -1.0, 3.554693, 0.0, 1.0, 4e-06, 0.384584, 0.0, 0.0, 0.0, 1.0],
                [1.0, 0.0, 0.0, 0.259152, 0.0, 4e-06, -1.0, 3.558879, 0.0, 1.0, 4e-06, 0.380559, 0.0, 0.0, 0.0, 1.0],
                [1.0, 0.0, 0.0, 0.259033, 0.0, 4e-06, -1.0, 3.563065, 0.0, 1.0, 4e-06, 0.376533, 0.0, 0.0, 0.0, 1.0],
                [1.0, 0.0, 0.0, 0.258914, 0.0, 4e-06, -1.0, 3.554737, 0.0, 1.0, 4e-06, 0.386743, 0.0, 0.0, 0.0, 1.0],
                [1.0, 0.0, 0.0, 0.258439, 0.0, 4e-06, -1.0, 3.521422, 0.0, 1.0, 4e-06, 0.427582, 0.0, 0.0, 0.0, 1.0],
                [1.0, 0.0, 0.0, 0.25832, 0.0, 4e-06, -1.0, 3.513094, 0.0, 1.0, 4e-06, 0.437792, 0.0, 0.0, 0.0, 1.0],
                [1.0, 0.0, 0.0, 0.258201, 0.0, 4e-06, -1.0, 3.504765, 0.0, 1.0, 4e-06, 0.448002, 0.0, 0.0, 0.0, 1.0],
                [1.0, 0.0, 0.0, 0.258082, 0.0, 4e-06, -1.0, 3.496437, 0.0, 1.0, 4e-06, 0.458211, 0.0, 0.0, 0.0, 1.0],
                [1.0, 0.0, 0.0, 0.257963, 0.0, 4e-06, -1.0, 3.495888, 0.0, 1.0, 4e-06, 0.467556, 0.0, 0.0, 0.0, 1.0],
                [1.0, 0.0, 0.0, 0.257844, 0.0, 4e-06, -1.0, 3.49534, 0.0, 1.0, 4e-06, 0.476902, 0.0, 0.0, 0.0, 1.0],
                [1.0, 0.0, 0.0, 0.257725, 0.0, 4e-06, -1.0, 3.494792, 0.0, 1.0, 4e-06, 0.486247, 0.0, 0.0, 0.0, 1.0],
                [1.0, 0.0, 0.0, 0.257606, 0.0, 4e-06, -1.0, 3.494244, 0.0, 1.0, 4e-06, 0.495592, 0.0, 0.0, 0.0, 1.0],
                [1.0, 0.0, 0.0, 0.257487, 0.0, 4e-06, -1.0, 3.493696, 0.0, 1.0, 4e-06, 0.504937, 0.0, 0.0, 0.0, 1.0],
                [1.0, 0.0, 0.0, 0.257368, 0.0, 4e-06, -1.0, 3.493148, 0.0, 1.0, 4e-06, 0.514283, 0.0, 0.0, 0.0, 1.0],
                [1.0, 0.0, 0.0, 0.257249, 0.0, 4e-06, -1.0, 3.4926, 0.0, 1.0, 4e-06, 0.523628, 0.0, 0.0, 0.0, 1.0],
                [1.0, 0.0, 0.0, 0.257182, 0.0, 4e-06, -1.0, 3.495976, 0.0, 1.0, 4e-06, 0.523628, 0.0, 0.0, 0.0, 1.0],
                [1.0, 0.0, 0.0, 0.257205, 0.0, 4e-06, -1.0, 3.498221, 0.0, 1.0, 4e-06, 0.523628, 0.0, 0.0, 0.0, 1.0],
                [1.0, 0.0, 0.0, 0.257481, 0.0, 4e-06, -1.0, 3.500466, 0.0, 1.0, 4e-06, 0.523628, 0.0, 0.0, 0.0, 1.0],
                [1.0, 0.0, 0.0, 0.25782, 0.0, 4e-06, -1.0, 3.502711, 0.0, 1.0, 4e-06, 0.523628, 0.0, 0.0, 0.0, 1.0],
                [1.0, 0.0, 0.0, 0.258245, 0.0, 4e-06, -1.0, 3.504956, 0.0, 1.0, 4e-06, 0.523628, 0.0, 0.0, 0.0, 1.0],
                [1.0, 0.0, 0.0, 0.25878, 0.0, 4e-06, -1.0, 3.503795, 0.0, 1.0, 4e-06, 0.523628, 0.0, 0.0, 0.0, 1.0],
                [1.0, 0.0, 0.0, 0.275548, 0.0, 4e-06, -1.0, 3.502634, 0.0, 1.0, 4e-06, 0.523628, 0.0, 0.0, 0.0, 1.0],
                [1.0, 0.0, 0.0, 0.270986, 0.0, 4e-06, -1.0, 3.501472, 0.0, 1.0, 4e-06, 0.523628, 0.0, 0.0, 0.0, 1.0],
                [1.0, 0.0, 0.0, 0.265692, 0.0, 4e-06, -1.0, 3.500311, 0.0, 1.0, 4e-06, 0.523628, 0.0, 0.0, 0.0, 1.0],
                [1.0, 0.0, 0.0, 0.259613, 0.0, 4e-06, -1.0, 3.499149, 0.0, 1.0, 4e-06, 0.523628, 0.0, 0.0, 0.0, 1.0],
                [1.0, 0.0, 0.0, 0.252784, 0.0, 4e-06, -1.0, 3.497988, 0.0, 1.0, 4e-06, 0.523628, 0.0, 0.0, 0.0, 1.0],
                [1.0, 0.0, 0.0, 0.245238, 0.0, 4e-06, -1.0, 3.496827, 0.0, 1.0, 4e-06, 0.523628, 0.0, 0.0, 0.0, 1.0],
                [1.0, 0.0, 0.0, 0.23648, 0.0, 4e-06, -1.0, 3.495666, 0.0, 1.0, 4e-06, 0.523628, 0.0, 0.0, 0.0, 1.0],
                [1.0, 0.0, 0.0, 0.22659, 0.0, 4e-06, -1.0, 3.494504, 0.0, 1.0, 4e-06, 0.523628, 0.0, 0.0, 0.0, 1.0],
                [1.0, 0.0, 0.0, 0.216292, 0.0, 4e-06, -1.0, 3.493343, 0.0, 1.0, 4e-06, 0.523628, 0.0, 0.0, 0.0, 1.0],
                [1.0, 0.0, 0.0, 0.206304, 0.0, 4e-06, -1.0, 3.488482, 0.0, 1.0, 4e-06, 0.523628, 0.0, 0.0, 0.0, 1.0],
                [1.0, 0.0, 0.0, 0.197348, 0.0, 4e-06, -1.0, 3.48362, 0.0, 1.0, 4e-06, 0.523628, 0.0, 0.0, 0.0, 1.0],
                [1.0, 0.0, 0.0, 0.189911, 0.0, 4e-06, -1.0, 3.475585, 0.0, 1.0, 4e-06, 0.523628, 0.0, 0.0, 0.0, 1.0],
                [1.0, 0.0, 0.0, 0.183168, 0.0, 4e-06, -1.0, 3.467551, 0.0, 1.0, 4e-06, 0.523628, 0.0, 0.0, 0.0, 1.0],
                [1.0, 0.0, 0.0, 0.177128, 0.0, 4e-06, -1.0, 3.458706, 0.0, 1.0, 4e-06, 0.523628, 0.0, 0.0, 0.0, 1.0],
                [1.0, 0.0, 0.0, 0.171803, 0.0, 4e-06, -1.0, 3.449591, 0.0, 1.0, 4e-06, 0.523628, 0.0, 0.0, 0.0, 1.0],
                [1.0, 0.0, 0.0, 0.167209, 0.0, 4e-06, -1.0, 3.440475, 0.0, 1.0, 4e-06, 0.523628, 0.0, 0.0, 0.0, 1.0],
                [1.0, 0.0, 0.0, 0.163361, 0.0, 4e-06, -1.0, 3.430753, 0.0, 1.0, 4e-06, 0.523628, 0.0, 0.0, 0.0, 1.0],
                [1.0, 0.0, 0.0, 0.160535, 0.0, 4e-06, -1.0, 3.420625, 0.0, 1.0, 4e-06, 0.523628, 0.0, 0.0, 0.0, 1.0],
                [1.0, 0.0, 0.0, 0.158583, 0.0, 4e-06, -1.0, 3.410227, 0.0, 1.0, 4e-06, 0.523628, 0.0, 0.0, 0.0, 1.0],
                [1.0, 0.000632, 1e-06, 0.126807, -1e-06, 0.003856, -0.999993, 3.544474, -0.000632, 0.999992, 0.003856, 0.670335, 0.0, 0.0, 0.0, 1.0]
            ]
        },
        {
            "name": "Thigh_R",
            "time": [0.0, 0.3333, 0.4667, 0.5, 0.5333, 0.5667, 0.6, 0.6333, 0.6667, 0.7, 0.7333, 0.7667, 0.8, 0.8333, 0.8667, 0.9, 0.9333, 0.9667, 1.0, 1.0333, 1.0667, 1.1, 1.1333, 1.1667, 1.2, 1.2333, 1.2667, 1.3, 1.3333, 1.3667, 1.4, 1.4333, 1.4667, 1.5, 1.5333, 1.5667, 1.6, 1.6333, 1.6667, 1.7, 1.7333, 1.7667, 1.8, 1.8333, 1.8667, 1.9, 1.9333, 1.9667, 2.0, 2.0333, 2.0667, 2.1, 2.1333, 2.1667, 2.2, 2.2333, 2.2667, 2.3, 2.3333, 2.3667, 2.4, 2.4333, 2.4667, 2.5, 2.5333, 2.5667, 2.6, 2.6333, 2.6667, 2.7, 2.7333, 2.7667, 2.8, 2.8333, 2.8667, 2.9, 2.9333, 2.9667, 3.0, 3.0333, 3.5],
            "transform": [
                [0.860516, 0.267304, 0.433662, 0.096351, 0.232828, -0.963531, 0.131908, 0.058238, 0.453106, -0.012541, -0.891369, 0.033027, 0.0, 0.0, 0.0, 1.0],
                [0.997207, 0.045405, 0.059299, 0.130839, -0.046073, -0.250916, 0.966911, -0.009925, 0.058782, -0.966944, -0.248123, 0.003184, 0.0, 0.0, 0.0, 1.0],
                [0.999381, -0.02566, 0.024111, 0.187166, -0.03339, -0.907971, 0.417701, 0.041306, 0.011174, -0.418247, -0.908265, 0.10691, 0.0, 0.0, 0.0, 1.0],
                [0.999454, -0.00857, 0.031951, 0.17203, -0.006023, -0.996859, -0.078973, 0.044128, 0.032527, 0.078737, -0.996365, 0.094596, 0.0, 0.0, 0.0, 1.0],
                [0.991799, 0.040623, 0.121189, 0.156894, 0.073682, -0.956464, -0.282397, 0.04695, 0.104441, 0.289011, -0.951612, 0.082282, 0.0, 0.0, 0.0, 1.0],
                [0.960075, 0.054643, 0.274358, 0.141758, 0.188625, -0.850708, -0.49063, 0.049772, 0.206589, 0.522792, -0.827049, 0.069968, 0.0, 0.0, 0.0, 1.0],
                [0.965993, 0.057687, 0.252053, 0.126623, 0.173027, -0.868596, -0.464332, 0.052594, 0.192146, 0.492153, -0.849038, 0.057655, 0.0, 0.0, 0.0, 1.0],
                [0.997172, -0.05468, 0.051573, 0.111487, -0.073425, -0.855387, 0.51276, 0.055416, 0.016077, -0.515096, -0.856982, 0.045341, 0.0, 0.0, 0.0, 1.0],
                [0.976378, -0.210529, -0.048628, 0.096351, 0.021048, -0.131313, 0.991118, 0.058238, -0.215045, -0.968729, -0.12378, 0.033027, 0.0, 0.0, 0.0, 1.0],
                [0.98605, -0.163678, -0.030274, 0.096351, 0.028664, -0.012194, 0.999515, 0.029304, -0.163968, -0.986439, -0.007332, 0.026349, 0.0, 0.0, 0.0, 1.0],
                [0.997887, -0.055876, 0.033188, 0.096351, -0.036442, -0.058261, 0.997636, 0.058238, -0.053811, -0.996737, -0.060174, 0.033027, 0.0, 0.0, 0.0, 1.0],
                [0.996787, -0.062041, 0.05068, 0.096351, -0.061346, -0.184306, 0.980953, 0.058238, -0.051518, -0.980909, -0.18752, 0.033027, 0.0, 0.0, 0.0, 1.0],
                [0.99488, -0.085999, 0.053107, 0.096351, -0.072838, -0.245717, 0.966602, 0.058238, -0.070077, -0.96552, -0.250723, 0.033027, 0.0, 0.0, 0.0, 1.0],
                [0.992264, -0.113053, 0.051322, 0.096351, -0.086378, -0.331668, 0.939434, 0.058238, -0.089184, -0.936598, -0.338867, 0.033027, 0.0, 0.0, 0.0, 1.0],
                [0.990883, -0.127115, 0.044654, 0.096351, -0.089421, -0.372567, 0.923687, 0.058238, -0.100778, -0.919259, -0.380537, 0.033027, 0.0, 0.0, 0.0, 1.0],
                [0.990428, -0.132577, 0.03843, 0.096351, -0.088329, -0.394775, 0.914523, 0.058238, -0.106074, -0.909163, -0.402706, 0.033026, 0.0, 0.0, 0.0, 1.0],
                [0.990315, -0.134601, 0.034065, 0.096351, -0.086842, -0.409039, 0.908376, 0.058238, -0.108335, -0.902536, -0.416766, 0.033027, 0.0, 0.0, 0.0, 1.0],
                [0.990346, -0.135369, 0.029864, 0.096351, -0.08493, -0.422239, 0.902497, 0.058238, -0.10956, -0.89632, -0.429659, 0.033026, 0.0, 0.0, 0.0, 1.0],
                [0.990511, -0.134944, 0.026073, 0.096351, -0.082733, -0.433933, 0.897139, 0.058238, -0.109749, -0.890782, -0.44098, 0.033027, 0.0, 0.0, 0.0, 1.0],
                [0.990809, -0.133327, 0.022891, 0.096351, -0.080318, -0.443621, 0.892609, 0.058238, -0.108854, -0.886242, -0.450251, 0.033026, 0.0, 0.0, 0.0, 1.0],
                [0.991236, -0.130496, 0.020579, 0.096351, -0.077821, -0.450897, 0.889177, 0.058238, -0.106755, -0.882986, -0.4571, 0.033026, 0.0, 0.0, 0.0, 1.0],
                [0.991775, -0.126536, 0.0193, 0.096351, -0.075351, -0.455276, 0.887156, 0.058238, -0.10347, -0.881313, -0.461066, 0.033027, 0.0, 0.0, 0.0, 1.0],
                [0.992573, -0.12011, 0.019347, 0.096351, -0.072357, -0.45498, 0.887558, 0.058238, -0.097802, -0.882365, -0.460291, 0.033027, 0.0, 0.0, 0.0, 1.0],
                [0.99331, -0.113627, 0.020644, 0.096351, -0.070119, -0.451347, 0.889589, 0.058238, -0.091764, -0.885085, -0.456295, 0.033026, 0.0, 0.0, 0.0, 1.0],
                [0.994054, -0.106504, 0.022695, 0.096351, -0.068026, -0.444591, 0.893148, 0.058238, -0.085034, -0.88938, -0.449192, 0.033027, 0.0, 0.0, 0.0, 1.0],
                [0.99482, -0.098395, 0.025546, 0.096351, -0.066079, -0.434934, 0.898035, 0.058238, -0.077251, -0.895071, -0.439182, 0.033027, 0.0, 0.0, 0.0, 1.0],
                [0.995573, -0.089271, 0.029453, 0.096351, -0.064582, -0.421859, 0.904359, 0.058238, -0.068308, -0.902257, -0.425756, 0.033026, 0.0, 0.0, 0.0, 1.0],
                [0.996395, -0.077614, 0.034287, 0.096351, -0.063006, -0.406138, 0.911638, 0.058238, -0.05683, -0.910511, -0.409563, 0.033027, 0.0, 0.0, 0.0, 1.0],
                [0.997, -0.067146, 0.038514, 0.096351, -0.061661, -0.388128, 0.919541, 0.058238, -0.046795, -0.919157, -0.391103, 0.033027, 0.0, 0.0, 0.0, 1.0],
                [0.997403, -0.058634, 0.04185, 0.096351, -0.060623, -0.369368, 0.927304, 0.058238, -0.038913, -0.927432, -0.371963, 0.033027, 0.0, 0.0, 0.0, 1.0],
                [0.99775, -0.050421, 0.044223, 0.096351, -0.059192, -0.35203, 0.934116, 0.058238, -0.031531, -0.93463, -0.354222, 0.033026, 0.0, 0.0, 0.0, 1.0],
                [0.99812, -0.040783, 0.045777, 0.096351, -0.05687, -0.336912, 0.939818, 0.058238, -0.022906, -0.940653, -0.338597, 0.033026, 0.0, 0.0, 0.0, 1.0],
                [0.998283, -0.031319, 0.049523, 0.096351, -0.057133, -0.332654, 0.941317, 0.058238, -0.013007, -0.942529, -0.333872, 0.033027, 0.0, 0.0, 0.0, 1.0],
                [0.998335, -0.017789, 0.054898, 0.096351, -0.057693, -0.329505, 0.94239, 0.058238, 0.001325, -0.943987, -0.329982, 0.033027, 0.0, 0.0, 0.0, 1.0],
                [0.99807, -0.000239, 0.062119, 0.096351, -0.058759, -0.328087, 0.942819, 0.058238, 0.020155, -0.944648, -0.327467, 0.033026, 0.0, 0.0, 0.0, 1.0],
                [0.997253, 0.021354, 0.070937, 0.096351, -0.059985, -0.329134, 0.942376, 0.058238, 0.043471, -0.944042, -0.326949, 0.033027, 0.0, 0.0, 0.0, 1.0],
                [0.995521, 0.046902, 0.082096, 0.096351, -0.061861, -0.333548, 0.940702, 0.058238, 0.071503, -0.941566, -0.329152, 0.033027, 0.0, 0.0, 0.0, 1.0],
                [0.99352, 0.06565, 0.09279, 0.096351, -0.065034, -0.341211, 0.937735, 0.058238, 0.093223, -0.937692, -0.33473, 0.033026, 0.0, 0.0, 0.0, 1.0],
                [0.992763, 0.069376, 0.098028, 0.096351, -0.067604, -0.351814, 0.933626, 0.058238, 0.099259, -0.933496, -0.344578, 0.033027, 0.0, 0.0, 0.0, 1.0],
                [0.993515, 0.059697, 0.096775, 0.096351, -0.068325, -0.36688, 0.927756, 0.058238, 0.090889, -0.928352, -0.360421, 0.033026, 0.0, 0.0, 0.0, 1.0],
                [0.995387, 0.03819, 0.088017, 0.096351, -0.066427, -0.387641, 0.919414, 0.058238, 0.069232, -0.921019, -0.383316, 0.033027, 0.0, 0.0, 0.0, 1.0],
                [0.997326, 0.007541, 0.072707, 0.096351, -0.063034, -0.414902, 0.90768, 0.058238, 0.037011, -0.909835, -0.413317, 0.033027, 0.0, 0.0, 0.0, 1.0],
                [0.998158, -0.026689, 0.054506, 0.096351, -0.060666, -0.463945, 0.883785, 0.058238, 0.0017, -0.885463, -0.464709, 0.033026, 0.0, 0.0, 0.0, 1.0],
                [0.99798, -0.052389, 0.035958, 0.096351, -0.057983, -0.519361, 0.852586, 0.058238, -0.025991, -0.852948, -0.521349, 0.033026, 0.0, 0.0, 0.0, 1.0],
                [0.997527, -0.067512, 0.019585, 0.096351, -0.055011, -0.576267, 0.815408, 0.058238, -0.043763, -0.814469, -0.578555, 0.033026, 0.0, 0.0, 0.0, 1.0],
                [0.99742, -0.071502, 0.006591, 0.096351, -0.050406, -0.631845, 0.773455, 0.058238, -0.05114, -0.771791, -0.633818, 0.033026, 0.0, 0.0, 0.0, 1.0],
                [0.997879, -0.065055, -0.002867, 0.096351, -0.042487, -0.683811, 0.728422, 0.058238, -0.049348, -0.726754, -0.685124, 0.033027, 0.0, 0.0, 0.0, 1.0],
                [0.997717, -0.066143, -0.013669, 0.096351, -0.037164, -0.706625, 0.706612, 0.058238, -0.056397, -0.704491, -0.707469, 0.033027, 0.0, 0.0, 0.0, 1.0],
                [0.996626, -0.075233, -0.032824, 0.096351, -0.032271, -0.726831, 0.686058, 0.058238, -0.075471, -0.682684, -0.726807, 0.033027, 0.0, 0.0, 0.0, 1.0],
                [0.994453, -0.088463, -0.056922, 0.096351, -0.028105, -0.744877, 0.66661, 0.058238, -0.10137, -0.661312, -0.743231, 0.033027, 0.0, 0.0, 0.0, 1.0],
                [0.991297, -0.103174, -0.081778, 0.096351, -0.02593, -0.762009, 0.647048, 0.058238, -0.129074, -0.639296, -0.758052, 0.033026, 0.0, 0.0, 0.0, 1.0],
                [0.987968, -0.115185, -0.103216, 0.096351, -0.025347, -0.778916, 0.626616, 0.058238, -0.152573, -0.61646, -0.772464, 0.033026, 0.0, 0.0, 0.0, 1.0],
                [0.985317, -0.122571, -0.118861, 0.096351, -0.025463, -0.793862, 0.607564, 0.058238, -0.16883, -0.595616, -0.785327, 0.033026, 0.0, 0.0, 0.0, 1.0],
                [0.982736, -0.129004, -0.132627, 0.096351, -0.02624, -0.806766, 0.590289, 0.058238, -0.183149, -0.576617, -0.796222, 0.033027, 0.0, 0.0, 0.0, 1.0],
                [0.980193, -0.135364, -0.144568, 0.096351, -0.027972, -0.817264, 0.575584, 0.058238, -0.196064, -0.560139, -0.804862, 0.033027, 0.0, 0.0, 0.0, 1.0],
                [0.977237, -0.142868, -0.156837, 0.096351, -0.030109, -0.825175, 0.564075, 0.058238, -0.210006, -0.546513, -0.810692, 0.033027, 0.0, 0.0, 0.0, 1.0],
                [0.973336, -0.152411, -0.171434, 0.096351, -0.032235, -0.830819, 0.555609, 0.058238, -0.227112, -0.535268, -0.813578, 0.033027, 0.0, 0.0, 0.0, 1.0],
                [0.968161, -0.162862, -0.190112, 0.096351, -0.032532, -0.83485, 0.549516, 0.058238, -0.24821, -0.525835, -0.813566, 0.033027, 0.0, 0.0, 0.0, 1.0],
                [0.961541, -0.175521, -0.211265, 0.096351, -0.033379, -0.838148, 0.544422, 0.058238, -0.272629, -0.516432, -0.811771, 0.033026, 0.0, 0.0, 0.0, 1.0],
                [0.954578, -0.186991, -0.231985, 0.096351, -0.0334, -0.84081, 0.5403, 0.058238, -0.296086, -0.50801, -0.808863, 0.033025, 0.0, 0.0, 0.0, 1.0],
                [0.949743, -0.192086, -0.247171, 0.096351, -0.031074, -0.843549, 0.536154, 0.058238, -0.311489, -0.501527, -0.807122, 0.033026, 0.0, 0.0, 0.0, 1.0],
                [0.949478, -0.186524, -0.252391, 0.096351, -0.025099, -0.84677, 0.531367, 0.058238, -0.31283, -0.498187, -0.808671, 0.033026, 0.0, 0.0, 0.0, 1.0],
                [0.954095, -0.169502, -0.24693, 0.096351, -0.014894, -0.850282, 0.526117, 0.058238, -0.299138, -0.498288, -0.813773, 0.033027, 0.0, 0.0, 0.0, 1.0],
                [0.960628, -0.146438, -0.236117, 0.096351, -0.002111, -0.853651, 0.520842, 0.058238, -0.277832, -0.499837, -0.82035, 0.033027, 0.0, 0.0, 0.0, 1.0],
                [0.967094, -0.120903, -0.223861, 0.096351, 0.012507, -0.856221, 0.516459, 0.058238, -0.254116, -0.502264, -0.826533, 0.033027, 0.0, 0.0, 0.0, 1.0],
                [0.972058, -0.096067, -0.214187, 0.096351, 0.028151, -0.858136, 0.512651, 0.058238, -0.23305, -0.504356, -0.831453, 0.033027, 0.0, 0.0, 0.0, 1.0],
                [0.974688, -0.07488, -0.210662, 0.096351, 0.044247, -0.859004, 0.510055, 0.058238, -0.219152, -0.506465, -0.833946, 0.033026, 0.0, 0.0, 0.0, 1.0],
                [0.975398, -0.055495, -0.213356, 0.096351, 0.062078, -0.859495, 0.507361, 0.058238, -0.211535, -0.508124, -0.834904, 0.033027, 0.0, 0.0, 0.0, 1.0],
                [0.975154, -0.035094, -0.218736, 0.096351, 0.082267, -0.859403, 0.504639, 0.058238, -0.205692, -0.510095, -0.835162, 0.033027, 0.0, 0.0, 0.0, 1.0],
                [0.974153, -0.015315, -0.225373, 0.096351, 0.102811, -0.858316, 0.502716, 0.058238, -0.20114, -0.512893, -0.834556, 0.033027, 0.0, 0.0, 0.0, 1.0],
                [0.973064, 0.004189, -0.230499, 0.096351, 0.122613, -0.856096, 0.502062, 0.058238, -0.195226, -0.516801, -0.833549, 0.033026, 0.0, 0.0, 0.0, 1.0],
                [0.972526, 0.023046, -0.231652, 0.096351, 0.140146, -0.852525, 0.503549, 0.058238, -0.185884, -0.522179, -0.832332, 0.033026, 0.0, 0.0, 0.0, 1.0],
                [0.968761, 0.036538, -0.245295, 0.096351, 0.15981, -0.848324, 0.504785, 0.058238, -0.189646, -0.528217, -0.827661, 0.033027, 0.0, 0.0, 0.0, 1.0],
                [0.964664, 0.050111, -0.258678, 0.096351, 0.179385, -0.843995, 0.505464, 0.058238, -0.192994, -0.534006, -0.82316, 0.033027, 0.0, 0.0, 0.0, 1.0],
                [0.96012, 0.063864, -0.272198, 0.096351, 0.199406, -0.838836, 0.506549, 0.058238, -0.19598, -0.540626, -0.818117, 0.033026, 0.0, 0.0, 0.0, 1.0],
                [0.954335, 0.077407, -0.288538, 0.096351, 0.22084, -0.833243, 0.506889, 0.058238, -0.201186, -0.547462, -0.812287, 0.033027, 0.0, 0.0, 0.0, 1.0],
                [0.947083, 0.09294, -0.307243, 0.096351, 0.245143, -0.827336, 0.505392, 0.058238, -0.207223, -0.553966, -0.806338, 0.033027, 0.0, 0.0, 0.0, 1.0],
                [0.937973, 0.118648, -0.325777, 0.096351, 0.272284, -0.833772, 0.480297, 0.058238, -0.214637, -0.53921, -0.814361, 0.033026, 0.0, 0.0, 0.0, 1.0],
                [0.925657, 0.152058, -0.346465, 0.096351, 0.304744, -0.842353, 0.444492, 0.058238, -0.224257, -0.517031, -0.826068, 0.033027, 0.0, 0.0, 0.0, 1.0],
                [0.910524, 0.184486, -0.370018, 0.096351, 0.334005, -0.855689, 0.39527, 0.058238, -0.243699, -0.48349, -0.840743, 0.033027, 0.0, 0.0, 0.0, 1.0],
                [0.860516, 0.267304, 0.433662, 0.096351, 0.232828, -0.963531, 0.131908, 0.058238, 0.453106, -0.012541, -0.891369, 0.033027, 0.0, 0.0, 0.0, 1.0]
            ]
        },
        {
            "name": "Leg_R",
            "time": [0.0, 0.3333, 0.4667, 0.5, 0.5333, 0.5667, 0.6, 0.6333, 0.6667, 0.7, 0.7333, 0.7667, 0.8, 0.8333, 0.8667, 0.9, 0.9333, 0.9667, 1.0, 1.0333, 1.0667, 1.1, 1.1333, 1.1667, 1.2, 1.2333, 1.2667, 1.3, 1.3333, 1.3667, 1.4, 1.4333, 1.4667, 1.5, 1.5333, 1.5667, 1.6, 1.9, 2.0333, 2.0667, 2.1, 2.1333, 2.1667, 2.2, 2.2333, 2.2667, 2.3, 2.3333, 2.3667, 2.4, 2.4333, 2.4667, 2.5, 2.5333, 2.5667, 2.6, 2.6333, 2.6667, 2.7, 2.7333, 2.7667, 2.8, 2.8333, 2.8667, 2.9, 2.9333, 2.9667, 3.0, 3.0333, 3.5],
            "transform": [
                [0.999997, -0.001635, 0.001071, -0.0, 0.001068, 0.916078, 0.400999, 0.374726, -0.001637, -0.400998, 0.916078, 0.0, 0.0, 0.0, 0.0, 1.0],
                [0.999997, 0.001759, 0.000852, -0.0, 0.000853, -0.785068, 0.61941, 0.374726, 0.001758, -0.619406, -0.785071, 0.0, 0.0, 0.0, 0.0, 1.0],
                [0.99989, 0.001774, -0.014666, -0.0, 0.014676, -0.232779, 0.972419, 0.374726, -0.001689, -0.972528, -0.23278, -0.0, 0.0, 0.0, 0.0, 1.0],
                [0.999634, -0.000768, -0.026987, -0.0, 0.026368, 0.242469, 0.969801, 0.374726, 0.005798, -0.970159, 0.242401, -0.0, 0.0, 0.0, 0.0, 1.0],
                [0.998881, -0.00185, -0.047241, -0.0, 0.041264, 0.521828, 0.852052, 0.374726, 0.023075, -0.853049, 0.521321, 0.0, 0.0, 0.0, 0.0, 1.0],
                [0.996505, -0.005533, -0.08333, -0.0, 0.053672, 0.806879, 0.588274, 0.374726, 0.063982, -0.590691, 0.804357, 0.0, 0.0, 0.0, 0.0, 1.0],
                [0.998081, -0.001826, -0.061878, 0.0, 0.048341, 0.647375, 0.760637, 0.374726, 0.03867, -0.76217, 0.646222, 0.0, 0.0, 0.0, 0.0, 1.0],
                [0.998337, 0.051254, -0.026352, 0.0, 0.049147, -0.518355, 0.853752, 0.374726, 0.030098, -0.853628, -0.520012, -0.0, 0.0, 0.0, 0.0, 1.0],
                [0.998795, 0.024677, -0.04239, 0.0, 0.044364, -0.085883, 0.995317, 0.374726, 0.020921, -0.996, -0.086874, -0.0, 0.0, 0.0, 0.0, 1.0],
                [0.999115, 0.0079, -0.041276, -0.0, 0.041055, 0.026314, 0.998811, 0.374726, 0.008976, -0.999623, 0.025967, 0.0, 0.0, 0.0, 0.0, 1.0],
                [0.999321, 0.001044, -0.036791, -0.0, 0.036422, -0.172077, 0.98441, 0.374726, -0.005303, -0.985083, -0.171999, 0.0, 0.0, 0.0, 0.0, 1.0],
                [0.999081, 0.000523, -0.04284, -0.0, 0.041147, -0.290289, 0.956054, 0.374726, -0.011935, -0.956939, -0.290044, -0.0, 0.0, 0.0, 0.0, 1.0],
                [0.999102, -0.000229, -0.042339, -0.0, 0.039765, -0.33829, 0.940202, 0.374726, -0.014538, -0.941042, -0.337977, 0.0, 0.0, 0.0, 0.0, 1.0],
                [0.999408, 0.001952, -0.034328, 0.0, 0.032807, -0.352962, 0.935063, 0.374726, -0.010291, -0.935636, -0.352817, -0.0, 0.0, 0.0, 0.0, 1.0],
                [0.99956, 0.00378, -0.029373, 0.0, 0.028917, -0.338657, 0.940466, 0.374726, -0.006393, -0.940902, -0.338618, 0.0, 0.0, 0.0, 0.0, 1.0],
                [0.99967, 0.004342, -0.025285, 0.0, 0.025344, -0.320304, 0.946976, 0.374727, -0.003987, -0.947306, -0.320309, 0.0, 0.0, 0.0, 0.0, 1.0],
                [0.999691, 0.006096, -0.02406, -0.0, 0.024771, -0.306076, 0.951685, 0.374726, -0.001563, -0.951988, -0.306133, 0.0, 0.0, 0.0, 0.0, 1.0],
                [0.999744, 0.005841, -0.021803, -0.0, 0.022559, -0.291245, 0.956383, 0.374726, -0.000764, -0.956631, -0.291302, -0.0, 0.0, 0.0, 0.0, 1.0],
                [0.999756, 0.007655, -0.020661, -0.0, 0.021973, -0.276722, 0.960699, 0.374726, 0.001637, -0.96092, -0.276823, 0.0, 0.0, 0.0, 0.0, 1.0],
                [0.999801, 0.007529, -0.018434, 0.0, 0.019766, -0.263422, 0.964479, 0.374727, 0.002406, -0.964652, -0.263518, 0.0, 0.0, 0.0, 0.0, 1.0],
                [0.999803, 0.0084, -0.017917, -0.0, 0.019457, -0.252323, 0.967448, 0.374726, 0.003606, -0.967607, -0.252437, 0.0, 0.0, 0.0, 0.0, 1.0],
                [0.999803, 0.008266, -0.017958, -0.0, 0.019433, -0.244305, 0.969504, 0.374726, 0.003627, -0.969663, -0.244418, 0.0, 0.0, 0.0, 0.0, 1.0],
                [0.999802, 0.007225, -0.018508, 0.0, 0.019716, -0.245643, 0.96916, 0.374726, 0.002456, -0.969333, -0.245737, 0.0, 0.0, 0.0, 0.0, 1.0],
                [0.999758, 0.007088, -0.020778, 0.0, 0.021885, -0.246964, 0.968778, 0.374727, 0.001735, -0.968999, -0.24706, 0.0, 0.0, 0.0, 0.0, 1.0],
                [0.999655, 0.006799, -0.025324, -0.0, 0.026219, -0.248289, 0.968331, 0.374726, 0.000296, -0.968662, -0.248382, -0.0, 0.0, 0.0, 0.0, 1.0],
                [0.999576, 0.004552, -0.028718, 0.0, 0.028944, -0.249661, 0.967901, 0.374726, -0.002764, -0.968323, -0.249687, 0.0, 0.0, 0.0, 0.0, 1.0],
                [0.999341, 0.003308, -0.036119, -0.0, 0.035746, -0.258492, 0.965352, 0.374726, -0.006143, -0.966008, -0.25844, -0.0, 0.0, 0.0, 0.0, 1.0],
                [0.99892, 0.00116, -0.046431, -0.0, 0.045005, -0.271253, 0.961456, 0.374726, -0.011479, -0.962508, -0.271012, 0.0, 0.0, 0.0, 0.0, 1.0],
                [0.998346, -0.001623, -0.057446, 0.0, 0.054549, -0.28778, 0.956142, 0.374726, -0.018084, -0.957695, -0.287216, 0.0, 0.0, 0.0, 0.0, 1.0],
                [0.997744, -0.005002, -0.066924, 0.0, 0.062192, -0.305831, 0.950052, 0.374726, -0.02522, -0.952073, -0.304831, -0.0, 0.0, 0.0, 0.0, 1.0],
                [0.996911, -0.007121, -0.078204, 0.0, 0.071718, -0.32307, 0.943654, 0.374726, -0.031985, -0.946349, -0.321561, 0.0, 0.0, 0.0, 0.0, 1.0],
                [0.995872, -0.010157, -0.090183, 0.0, 0.081482, -0.337478, 0.9378, 0.374726, -0.03996, -0.941279, -0.335258, 0.0, 0.0, 0.0, 0.0, 1.0],
                [0.99808, -0.003321, -0.061835, -0.0, 0.05762, -0.315974, 0.947017, 0.374727, -0.022683, -0.948762, -0.315177, 0.0, 0.0, 0.0, 0.0, 1.0],
                [0.999799, 0.007919, -0.01833, 0.0, 0.01983, -0.286257, 0.957948, 0.374726, 0.002339, -0.95812, -0.286357, -0.0, 0.0, 0.0, 0.0, 1.0],
                [0.999246, 0.021012, 0.032627, 0.0, -0.026361, -0.249493, 0.968018, 0.374726, 0.02848, -0.968149, -0.248751, -0.0, 0.0, 0.0, 0.0, 1.0],
                [0.995906, 0.035794, 0.082995, -0.0, -0.073894, -0.206339, 0.975687, 0.374726, 0.052049, -0.977826, -0.202849, 0.0, 0.0, 0.0, 0.0, 1.0],
                [0.991342, 0.048511, 0.122001, 0.0, -0.113089, -0.156548, 0.981175, 0.374726, 0.066697, -0.986478, -0.149707, 0.0, 0.0, 0.0, 0.0, 1.0],
                [0.998266, 0.021754, 0.054672, -0.0, -0.057909, 0.198499, 0.978389, 0.374726, 0.010432, -0.97986, 0.199415, -0.0, 0.0, 0.0, 0.0, 1.0],
                [0.999512, 0.007768, 0.030235, 0.0, -0.031111, 0.168332, 0.98524, 0.374726, 0.002564, -0.9857, 0.168491, -0.0, 0.0, 0.0, 0.0, 1.0],
                [0.999338, 0.006711, 0.035716, -0.0, -0.036335, 0.20268, 0.978571, 0.374726, -0.000671, -0.979222, 0.20279, 0.0, 0.0, 0.0, 0.0, 1.0],
                [0.999425, 0.005022, 0.03349, -0.0, -0.033723, 0.238047, 0.970668, 0.374726, -0.003097, -0.971241, 0.238079, -0.0, 0.0, 0.0, 0.0, 1.0],
                [0.999811, 0.003783, 0.01904, 0.0, -0.019356, 0.269063, 0.962928, 0.374726, -0.00148, -0.963115, 0.269085, 0.0, 0.0, 0.0, 0.0, 1.0],
                [0.999959, 0.001992, 0.008706, 0.0, -0.008905, 0.295659, 0.955252, 0.374726, -0.000671, -0.955292, 0.295665, 0.0, 0.0, 0.0, 0.0, 1.0],
                [0.999995, 0.001649, 0.001951, -0.0, -0.002373, 0.316685, 0.948528, 0.374726, 0.000946, -0.94853, 0.316688, 0.0, 0.0, 0.0, 0.0, 1.0],
                [0.999997, 0.001576, -0.000808, 0.0, 0.00024, 0.331388, 0.943495, 0.374726, 0.001755, -0.943493, 0.331387, 0.0, 0.0, 0.0, 0.0, 1.0],
                [0.999996, 0.001124, -0.002052, -0.0, 0.001547, 0.340371, 0.94029, 0.374726, 0.001755, -0.940291, 0.340368, -0.0, 0.0, 0.0, 0.0, 1.0],
                [0.999997, 0.001565, -0.000831, -0.0, 0.000241, 0.344555, 0.938767, 0.374726, 0.001755, -0.938765, 0.344554, -0.0, 0.0, 0.0, 0.0, 1.0],
                [0.999986, 0.001104, 0.004908, -0.0, -0.004986, 0.347612, 0.937626, 0.374726, -0.000671, -0.937638, 0.347613, -0.0, 0.0, 0.0, 0.0, 1.0],
                [0.999912, 0.001574, 0.013099, 0.0, -0.012824, 0.34906, 0.937013, 0.374726, -0.003097, -0.937099, 0.34905, 0.0, 0.0, 0.0, 0.0, 1.0],
                [0.999825, 0.001911, 0.018557, 0.0, -0.01805, 0.350511, 0.936385, 0.374726, -0.004715, -0.936557, 0.350485, 0.0, 0.0, 0.0, 0.0, 1.0],
                [0.999872, 0.001777, 0.015824, -0.0, -0.015437, 0.351953, 0.93589, 0.374726, -0.003906, -0.936016, 0.351936, -0.0, 0.0, 0.0, 0.0, 1.0],
                [0.999995, 0.001724, 0.001885, -0.0, -0.002373, 0.353384, 0.935476, 0.374726, 0.000946, -0.935477, 0.353387, -0.0, 0.0, 0.0, 0.0, 1.0],
                [0.999817, 0.001568, -0.019022, 0.0, 0.017224, 0.355335, 0.934581, 0.374726, 0.008225, -0.934738, 0.355243, 0.0, 0.0, 0.0, 0.0, 1.0],
                [0.999101, 0.000389, -0.042359, -0.0, 0.039422, 0.357414, 0.933114, 0.374726, 0.015502, -0.933946, 0.357078, 0.0, 0.0, 0.0, 0.0, 1.0],
                [0.997998, -8.4e-05, -0.063231, -0.0, 0.058985, 0.361498, 0.930506, 0.374726, 0.02278, -0.932374, 0.360779, -0.0, 0.0, 0.0, 0.0, 1.0],
                [0.996903, -0.000314, -0.078633, 0.0, 0.073311, 0.365378, 0.927968, 0.374726, 0.028439, -0.93086, 0.36427, 0.0, 0.0, 0.0, 0.0, 1.0],
                [0.995959, -0.000878, -0.089792, -0.0, 0.083716, 0.370776, 0.924942, 0.374726, 0.032481, -0.928722, 0.369352, -0.0, 0.0, 0.0, 0.0, 1.0],
                [0.995013, -0.00118, -0.099729, -0.0, 0.092808, 0.377117, 0.921504, 0.374726, 0.036522, -0.926165, 0.375346, -1e-06, 0.0, 0.0, 0.0, 1.0],
                [0.994263, -0.001459, -0.106947, -0.0, 0.099294, 0.384241, 0.917878, 0.374726, 0.039754, -0.923232, 0.382182, -0.0, 0.0, 0.0, 0.0, 1.0],
                [0.99346, -0.001902, -0.114159, -0.0, 0.105773, 0.391778, 0.91396, 0.374726, 0.042986, -0.920059, 0.389417, 0.0, 0.0, 0.0, 0.0, 1.0],
                [0.992931, -0.002167, -0.118665, -0.0, 0.109654, 0.399294, 0.910242, 0.374726, 0.04541, -0.916821, 0.396709, 0.0, 0.0, 0.0, 0.0, 1.0],
                [0.993698, -0.002181, -0.112062, -0.0, 0.103173, 0.408455, 0.906929, 0.374726, 0.043794, -0.912776, 0.406106, 0.0, 0.0, 0.0, 0.0, 1.0],
                [0.994825, -0.001452, -0.101585, 0.0, 0.092791, 0.420154, 0.902697, 0.374726, 0.04137, -0.907452, 0.418115, 0.0, 0.0, 0.0, 0.0, 1.0],
                [0.996573, -0.000101, -0.082704, 0.0, 0.074595, 0.432926, 0.898338, 0.374726, 0.035714, -0.90143, 0.431451, 0.0, 0.0, 0.0, 0.0, 1.0],
                [0.998373, 0.002463, -0.056941, -0.0, 0.049849, 0.446611, 0.893339, 0.374726, 0.027631, -0.894725, 0.445762, -0.0, 0.0, 0.0, 0.0, 1.0],
                [0.999614, 0.004114, -0.02744, 0.0, 0.022446, 0.461465, 0.886875, 0.374726, 0.016311, -0.887149, 0.461195, 0.0, 0.0, 0.0, 0.0, 1.0],
                [0.999956, 0.006561, 0.006544, 0.0, -0.008905, 0.48498, 0.87448, 0.374726, 0.002564, -0.874501, 0.485017, -0.0, 0.0, 0.0, 0.0, 1.0],
                [0.999019, 0.0085, 0.04343, -0.0, -0.041552, 0.517849, 0.854462, 0.374726, -0.015228, -0.85543, 0.517695, -0.0, 0.0, 0.0, 0.0, 1.0],
                [0.996686, 0.010294, 0.080682, -0.0, -0.072813, 0.554983, 0.828669, 0.374726, -0.036247, -0.831798, 0.553894, -0.0, 0.0, 0.0, 0.0, 1.0],
                [0.999997, -0.001635, 0.001071, -0.0, 0.001068, 0.916078, 0.400999, 0.374726, -0.001637, -0.400998, 0.916078, -0.0, 0.0, 0.0, 0.0, 1.0]
            ]
        },
        {
            "name": "Knee_R",
            "time": [0.0, 0.3333, 0.4667, 3.5],
            "transform": [
                [1.0, -0.0, 0.0, -0.0, 0.0, -0.0, -1.0, 0.37472, 0.0, 1.0, 0.0, -0.0, 0.0, 0.0, 0.0, 1.0],
                [1.0, 0.0, -0.0, -0.0, -0.0, 0.0, -1.0, 0.37472, -0.0, 1.0, 0.0, 0.0, 0.0, 0.0, 0.0, 1.0],
                [1.0, -0.0, -0.0, -0.0, 0.0, -0.0, -1.0, 0.37472, 0.0, 1.0, 0.0, 0.0, 0.0, 0.0, 0.0, 1.0],
                [1.0, -0.0, 0.0, -0.0, 0.0, -0.0, -1.0, 0.37472, 0.0, 1.0, 0.0, -0.0, 0.0, 0.0, 0.0, 1.0]
            ]
        },
        {
            "name": "Thigh_L",
            "time": [0.0, 0.3333, 0.4667, 0.5, 0.5333, 0.5667, 0.6, 0.6333, 0.6667, 0.7, 0.7333, 0.7667, 0.8, 0.8333, 0.8667, 0.9, 0.9333, 0.9667, 1.0, 1.0333, 1.0667, 1.1, 1.1333, 1.1667, 1.2, 1.2333, 1.2667, 1.3, 1.3333, 1.3667, 1.4, 1.4333, 1.4667, 1.5, 1.5333, 1.5667, 1.6, 1.6333, 1.6667, 1.7, 1.7333, 1.7667, 1.8, 1.8333, 1.8667, 1.9, 1.9333, 1.9667, 2.0, 2.0333, 2.0667, 2.1, 2.1333, 2.1667, 2.2, 2.2333, 2.2667, 2.3, 2.3333, 2.3667, 2.4, 2.4333, 2.4667, 2.5, 2.5333, 2.5667, 2.6, 2.6333, 2.6667, 2.7, 2.7333, 2.7667, 2.8, 2.8333, 2.8667, 2.9, 2.9333, 2.9667, 3.0, 3.0333, 3.5],
            "transform": [
                [0.984725, -0.167634, 0.047037, -0.128579, -0.17408, -0.943109, 0.283276, 0.048184, -0.003125, -0.287139, -0.957884, -0.046042, 0.0, 0.0, 0.0, 1.0],
                [0.985, -0.171373, -0.020229, -0.129089, -0.112701, -0.727639, 0.676639, 0.002607, -0.130677, -0.664209, -0.736037, -0.023656, 0.0, 0.0, 0.0, 1.0],
                [0.975511, -0.167645, -0.142373, -0.128579, -0.195328, -0.957899, -0.210426, 0.048184, -0.101102, 0.233083, -0.967187, -0.046041, 0.0, 0.0, 0.0, 1.0],
                [0.98592, -0.158954, -0.051878, -0.128579, -0.152914, -0.982668, 0.104805, 0.048184, -0.067638, -0.095396, -0.993138, -0.046042, 0.0, 0.0, 0.0, 1.0],
                [0.992442, -0.120804, 0.021514, -0.128579, -0.117067, -0.879645, 0.461001, 0.048184, -0.036766, -0.460037, -0.887138, -0.046041, 0.0, 0.0, 0.0, 1.0],
                [0.996456, -0.064249, 0.054271, -0.128579, -0.083828, -0.706697, 0.702534, 0.048184, -0.006784, -0.704596, -0.709577, -0.046042, 0.0, 0.0, 0.0, 1.0],
                [0.999347, 0.003983, 0.035882, -0.128579, -0.023692, -0.677591, 0.735058, 0.048184, 0.027241, -0.735431, -0.677053, -0.046041, 0.0, 0.0, 0.0, 1.0],
                [0.998681, -0.032489, -0.039709, -0.128579, -0.001059, -0.786858, 0.617135, 0.048184, -0.051295, -0.616281, -0.785854, -0.046041, 0.0, 0.0, 0.0, 1.0],
                [0.969398, -0.12784, -0.209576, -0.128579, -0.058829, -0.949808, 0.307258, 0.048184, -0.238336, -0.285527, -0.928262, -0.046041, 0.0, 0.0, 0.0, 1.0],
                [0.925387, -0.176645, -0.335339, -0.128579, -0.16787, -0.984263, 0.055224, 0.048184, -0.339816, 0.00519, -0.940477, -0.046041, 0.0, 0.0, 0.0, 1.0],
                [0.883601, -0.266934, -0.384699, -0.128579, -0.351604, -0.920835, -0.168644, 0.048184, -0.309226, 0.284276, -0.907505, -0.046042, 0.0, 0.0, 0.0, 1.0],
                [0.875584, -0.268495, -0.401573, -0.128579, -0.409732, -0.853115, -0.32298, 0.048184, -0.255869, 0.447335, -0.856984, -0.046042, 0.0, 0.0, 0.0, 1.0],
                [0.872363, -0.261813, -0.412836, -0.128579, -0.428635, -0.815711, -0.388444, 0.048184, -0.235055, 0.515823, -0.823818, -0.046041, 0.0, 0.0, 0.0, 1.0],
                [0.866894, -0.246617, -0.433212, -0.128579, -0.446131, -0.771545, -0.453527, 0.048184, -0.222394, 0.586432, -0.77887, -0.046042, 0.0, 0.0, 0.0, 1.0],
                [0.861274, -0.24739, -0.44385, -0.128579, -0.45609, -0.761458, -0.460614, 0.048184, -0.224021, 0.599153, -0.768656, -0.046042, 0.0, 0.0, 0.0, 1.0],
                [0.855826, -0.251569, -0.451966, -0.128579, -0.464306, -0.758742, -0.456872, 0.048184, -0.22799, 0.600856, -0.766155, -0.046042, 0.0, 0.0, 0.0, 1.0],
                [0.852797, -0.25369, -0.456482, -0.12858, -0.468749, -0.757185, -0.454914, 0.048184, -0.230234, 0.601928, -0.764641, -0.046042, 0.0, 0.0, 0.0, 1.0],
                [0.850501, -0.254968, -0.460041, -0.12858, -0.472014, -0.755878, -0.45371, 0.048184, -0.232052, 0.603029, -0.763223, -0.046042, 0.0, 0.0, 0.0, 1.0],
                [0.849085, -0.255144, -0.462552, -0.12858, -0.473867, -0.754855, -0.45348, 0.048184, -0.233456, 0.604234, -0.76184, -0.046042, 0.0, 0.0, 0.0, 1.0],
                [0.848404, -0.253923, -0.46447, -0.128579, -0.474323, -0.754205, -0.454086, 0.048184, -0.235002, 0.60556, -0.760311, -0.046042, 0.0, 0.0, 0.0, 1.0],
                [0.848003, -0.252018, -0.466236, -0.12858, -0.474297, -0.753415, -0.455421, 0.048184, -0.236494, 0.607335, -0.758429, -0.046042, 0.0, 0.0, 0.0, 1.0],
                [0.847709, -0.249082, -0.468344, -0.128579, -0.473787, -0.752592, -0.457309, 0.048184, -0.238564, 0.609563, -0.75599, -0.046042, 0.0, 0.0, 0.0, 1.0],
