{
    "animation": [
        {
            "name": "Root",
            "time": [0.0, 0.0333, 0.0667, 0.1, 0.1333, 0.1667, 0.2, 0.2333, 0.2667, 0.3, 0.3333, 0.3667, 0.4, 0.4333, 0.4667, 0.5, 0.5333, 0.5667, 0.6, 1.8333],
            "transform": [
                [1.0, 0.000133, -2e-06, 9.2e-05, -3e-06, 0.003906, -0.999992, 0.002282, -0.000133, 0.999992, 0.003906, 0.646397, 0.0, 0.0, 0.0, 1.0],
                [0.999993, -0.000194, 0.003733, 0.003122, 0.003734, 0.003903, -0.999985, 0.31775, 0.000179, 0.999992, 0.003903, 0.590258, 0.0, 0.0, 0.0, 1.0],
                [0.999994, -0.000516, 0.003483, 0.006172, 0.003485, 0.003874, -0.999986, 0.638525, 0.000502, 0.999992, 0.003876, 0.52878, 0.0, 0.0, 0.0, 1.0],
                [0.999994, -0.000822, 0.003291, 0.006073, 0.003294, 0.003821, -0.999987, 0.962462, 0.000809, 0.999992, 0.003823, 0.477982, 0.0, 0.0, 0.0, 1.0],
                [0.999994, -0.00109, 0.003155, -0.0046, 0.003159, 0.003754, -0.999988, 1.287415, 0.001078, 0.999992, 0.003757, 0.45388, 0.0, 0.0, 0.0, 1.0],
                [0.999994, -0.001298, 0.003063, -0.034281, 0.003068, 0.003686, -0.999988, 1.605074, 0.001287, 0.999992, 0.00369, 0.471703, 0.0, 0.0, 0.0, 1.0],
                [0.999994, -0.001463, 0.003001, -0.07667, 0.003006, 0.003624, -0.999989, 1.913023, 0.001452, 0.999992, 0.003628, 0.519255, 0.0, 0.0, 0.0, 1.0],
                [0.999994, -0.001621, 0.002949, -0.119066, 0.002955, 0.003557, -0.999989, 2.217962, 0.00161, 0.999992, 0.003561, 0.571422, 0.0, 0.0, 0.0, 1.0],
                [0.999994, -0.001804, 0.002895, -0.144708, 0.002902, 0.003467, -0.99999, 2.526587, 0.001794, 0.999992, 0.003472, 0.603088, 0.0, 0.0, 0.0, 1.0],
                [0.999994, -0.002089, 0.00283, -0.125701, 0.002837, 0.003303, -0.99999, 2.808343, 0.002079, 0.999992, 0.003309, 0.580832, 0.0, 0.0, 0.0, 1.0],
                [0.999993, -0.002359, 0.002786, -0.080679, 0.002794, 0.003117, -0.999991, 3.078805, 0.00235, 0.999992, 0.003123, 0.532402, 0.0, 0.0, 0.0, 1.0],
                [0.999993, -0.002354, 0.002787, -0.027308, 0.002794, 0.003119, -0.999991, 3.495213, 0.002345, 0.999992, 0.003126, 0.483972, 0.0, 0.0, 0.0, 1.0],
                [0.999993, -0.002318, 0.002791, 0.025993, 0.002799, 0.003147, -0.999991, 3.823632, 0.002309, 0.999992, 0.003154, 0.508304, 0.0, 0.0, 0.0, 1.0],
                [0.999994, -0.002187, 0.002813, 0.063692, 0.00282, 0.003239, -0.999991, 4.149596, 0.002178, 0.999992, 0.003245, 0.501663, 0.0, 0.0, 0.0, 1.0],
                [0.999994, -0.001716, 0.002921, 0.065165, 0.002927, 0.003511, -0.99999, 4.493839, 0.001706, 0.999992, 0.003516, 0.341916, 0.0, 0.0, 0.0, 1.0],
                [0.999994, -0.001057, 0.00317, 0.04511, 0.003174, 0.003762, -0.999988, 4.76633, 0.001045, 0.999992, 0.003766, 0.195444, 0.0, 0.0, 0.0, 1.0],
                [0.999994, -0.00066, 0.003388, 0.018047, 0.00339, 0.003852, -0.999987, 4.925652, 0.000647, 0.999992, 0.003854, 0.161051, 0.0, 0.0, 0.0, 1.0],
                [0.999993, -0.00036, 0.003597, -0.012272, 0.003599, 0.003892, -0.999986, 5.056082, 0.000346, 0.999992, 0.003893, 0.14645, 0.0, 0.0, 0.0, 1.0],
                [0.999992, -4.7e-05, 0.003869, -0.045456, 0.00387, 0.003907, -0.999985, 5.169836, 3.2e-05, 0.999992, 0.003908, 0.147752, 0.0, 0.0, 0.0, 1.0],
                [1.0, 0.000632, 1e-06, 0.000391, -1e-06, 0.003856, -0.999993, 5.74041, -0.000632, 0.999992, 0.003856, 0.669971, 0.0, 0.0, 0.0, 1.0]
            ]
        },
        {
            "name": "Thigh_R",
            "time": [0.0, 0.0333, 0.0667, 0.1, 0.1333, 0.1667, 0.2, 0.2333, 0.2667, 0.3, 0.3333, 0.3667, 0.4, 0.4333, 0.4667, 0.5, 0.5333, 0.5667, 0.6, 1.8333],
            "transform": [
                [0.992522, -0.01299, 0.121346, 0.128568, -0.047194, -0.957817, 0.283486, 0.048184, 0.112544, -0.287095, -0.951267, -0.046041, 0.0, 0.0, 0.0, 1.0],
                [0.993847, -0.093726, -0.058979, 0.128568, -0.096552, -0.994218, -0.047057, 0.048184, -0.054228, 0.052462, -0.997149, -0.046041, 0.0, 0.0, 0.0, 1.0],
                [0.959933, -0.124343, -0.251122, 0.128567, -0.218301, -0.893711, -0.391957, 0.048184, -0.175693, 0.431076, -0.885045, -0.046041, 0.0, 0.0, 0.0, 1.0],
                [0.91995, -0.099541, -0.379182, 0.128568, -0.311217, -0.773605, -0.55198, 0.048184, -0.238391, 0.625806, -0.742657, -0.046042, 0.0, 0.0, 0.0, 1.0],
                [0.91808, -0.191756, -0.346924, 0.128568, -0.326151, -0.862832, -0.386199, 0.048184, -0.22528, 0.467713, -0.854689, -0.046041, 0.0, 0.0, 0.0, 1.0],
                [0.931076, -0.193625, -0.309198, 0.108655, -0.282772, -0.91853, -0.27631, 0.048008, -0.230506, 0.344701, -0.909971, -0.072164, 0.0, 0.0, 0.0, 1.0],
                [0.937081, -0.148984, -0.315719, 0.088742, -0.212672, -0.960806, -0.177841, 0.047832, -0.276848, 0.233797, -0.932037, -0.098287, 0.0, 0.0, 0.0, 1.0],
                [0.916245, -0.156092, -0.368953, 0.068829, -0.180847, -0.982951, -0.033259, 0.047656, -0.35747, 0.097198, -0.928851, -0.12441, 0.0, 0.0, 0.0, 1.0],
                [0.883947, -0.174628, -0.433749, 0.053321, -0.092955, -0.97476, 0.202999, 0.047532, -0.458249, -0.139122, -0.877867, -0.1247, 0.0, 0.0, 0.0, 1.0],
                [0.782505, -0.188488, -0.593426, 0.037813, 0.244796, -0.783199, 0.571557, 0.047409, -0.5725, -0.592518, -0.566715, -0.124991, 0.0, 0.0, 0.0, 1.0],
                [0.684937, 0.022263, -0.728261, 0.022304, 0.444667, -0.804573, 0.393619, 0.047285, -0.577174, -0.593441, -0.56098, -0.125282, 0.0, 0.0, 0.0, 1.0],
                [0.921093, -0.004744, -0.389309, 0.006796, 0.172128, -0.891937, 0.418119, 0.047161, -0.349221, -0.45214, -0.82074, -0.125573, 0.0, 0.0, 0.0, 1.0],
                [0.956786, 0.006712, -0.290709, -0.008712, 0.00568, -0.999976, -0.004395, 0.047038, -0.290731, 0.002554, -0.9568, -0.125864, 0.0, 0.0, 0.0, 1.0],
                [0.957938, -0.007649, -0.286866, 0.018576, -0.125264, -0.910527, -0.394022, 0.0426, -0.258185, 0.413385, -0.873186, -0.117313, 0.0, 0.0, 0.0, 1.0],
                [0.936706, -0.033822, -0.348476, 0.045864, -0.27136, -0.699063, -0.661571, 0.038163, -0.22123, 0.714264, -0.663993, -0.108764, 0.0, 0.0, 0.0, 1.0],
                [0.928693, -0.040758, -0.368598, 0.073153, -0.325021, -0.568059, -0.756089, 0.033725, -0.178568, 0.821981, -0.540799, -0.100213, 0.0, 0.0, 0.0, 1.0],
                [0.965471, -0.010782, -0.260278, 0.100441, -0.216276, -0.590119, -0.777808, 0.029288, -0.145208, 0.807248, -0.572074, -0.091662, 0.0, 0.0, 0.0, 1.0],
                [0.99332, 0.044863, -0.106284, 0.0773, -0.053692, -0.63565, -0.770109, 0.050618, -0.102108, 0.770677, -0.628995, -0.059383, 0.0, 0.0, 0.0, 1.0],
                [0.990113, 0.117446, 0.076663, 0.05416, 0.136365, -0.678333, -0.721991, 0.071949, -0.032792, 0.725312, -0.687641, -0.027105, 0.0, 0.0, 0.0, 1.0],
                [0.860516, 0.267304, 0.433662, 0.096351, 0.232828, -0.963531, 0.131908, 0.058238, 0.453106, -0.012541, -0.891369, 0.033027, 0.0, 0.0, 0.0, 1.0]
            ]
        },
        {
            "name": "Leg_R",
            "time": [0.0, 0.0333, 0.0667, 0.1, 0.1333, 0.1667, 0.2, 0.2333, 0.2667, 0.3, 0.3333, 0.3667, 0.4, 0.4333, 0.4667, 0.5, 0.5333, 0.5667, 0.6, 1.8333],
            "transform": [
                [0.999995, -0.001836, 0.000673, -0.0, 0.00067, 0.644791, 0.764361, 0.374726, -0.001837, -0.764359, 0.644791, -0.0, 0.0, 0.0, 0.0, 1.0],
                [0.999995, -0.001797, 0.000769, 0.0, 0.000766, 0.722152, 0.691737, 0.374726, -0.001798, -0.691735, 0.722152, 0.0, 0.0, 0.0, 0.0, 1.0],
                [0.999995, -0.001669, 0.001018, 0.0, 0.001014, 0.888018, 0.459809, 0.374726, -0.001671, -0.459806, 0.88802, -0.0, 0.0, 0.0, 0.0, 1.0],
                [0.999995, -0.001551, 0.001189, -0.0, 0.001186, 0.965174, 0.261607, 0.374726, -0.001553, -0.261604, 0.965177, 0.0, 0.0, 0.0, 0.0, 1.0],
                [0.999995, -0.001843, 0.000653, 0.0, 0.00065, 0.628299, 0.777974, 0.374726, -0.001844, -0.777972, 0.628299, -0.0, 0.0, 0.0, 0.0, 1.0],
                [0.999994, -0.001939, 0.000252, 0.0, 0.000249, 0.254017, 0.9672, 0.374726, -0.00194, -0.967201, 0.254016, -0.0, 0.0, 0.0, 0.0, 1.0],
                [0.999995, -0.001956, 4.7e-05, 0.0, 4.3e-05, 0.046347, 0.998926, 0.374726, -0.001956, -0.998927, 0.046347, 0.0, 0.0, 0.0, 0.0, 1.0],
                [0.999995, -0.001952, 0.000113, -0.0, 0.00011, 0.113807, 0.993503, 0.374726, -0.001952, -0.993504, 0.113807, -0.0, 0.0, 0.0, 0.0, 1.0],
                [0.999994, -0.001951, 0.000126, -0.0, 0.000124, 0.127549, 0.991833, 0.374726, -0.001952, -0.991834, 0.127549, -0.0, 0.0, 0.0, 0.0, 1.0],
                [0.999995, -0.001955, 5.9e-05, -0.0, 5.8e-05, 0.059657, 0.998219, 0.374726, -0.001955, -0.99822, 0.059657, -0.0, 0.0, 0.0, 0.0, 1.0],
                [0.999995, -0.001783, 0.000802, -0.0, 0.0008, 0.747305, 0.664482, 0.374726, -0.001784, -0.664479, 0.747307, -0.0, 0.0, 0.0, 0.0, 1.0],
                [0.999995, -0.001945, 0.000203, 0.0, 0.000201, 0.205139, 0.978733, 0.374726, -0.001945, -0.978733, 0.205139, 0.0, 0.0, 0.0, 0.0, 1.0],
                [0.999995, -0.001866, 0.000498, 0.0, 0.000507, 0.502377, 0.86465, 0.374726, -0.001863, -0.864648, 0.502377, -0.0, 0.0, 0.0, 0.0, 1.0],
                [0.999995, -0.001737, 0.000897, 0.0, 0.000895, 0.814767, 0.579789, 0.374726, -0.001738, -0.579786, 0.814769, -0.0, 0.0, 0.0, 0.0, 1.0],
                [0.999995, -0.001645, 0.001057, -0.0, 0.001054, 0.908852, 0.417118, 0.374726, -0.001646, -0.417115, 0.908855, -0.0, 0.0, 0.0, 0.0, 1.0],
                [0.999995, -0.001612, 0.001106, -0.0, 0.001103, 0.932201, 0.361941, 0.374727, -0.001614, -0.361938, 0.932204, -0.0, 0.0, 0.0, 0.0, 1.0],
                [0.999995, -0.001629, 0.001081, 0.0, 0.001077, 0.920546, 0.390636, 0.374727, -0.001631, -0.390633, 0.920548, -0.0, 0.0, 0.0, 0.0, 1.0],
                [0.999995, -0.001663, 0.001028, 0.0, 0.001025, 0.893826, 0.448415, 0.374727, -0.001664, -0.448412, 0.893828, -0.0, 0.0, 0.0, 0.0, 1.0],
                [0.999994, -0.001702, 0.000961, -0.0, 0.000959, 0.855547, 0.517726, 0.374727, -0.001704, -0.517723, 0.855549, 1e-06, 0.0, 0.0, 0.0, 1.0],
                [0.999997, -0.001635, 0.001071, 0.0, 0.001068, 0.916078, 0.400999, 0.374726, -0.001637, -0.400998, 0.916078, 0.0, 0.0, 0.0, 0.0, 1.0]
            ]
        },
        {
            "name": "Knee_R",
            "time": [0.0, 1.8333],
            "transform": [
                [1.0, 0.0, -0.0, -0.0, -0.0, -0.0, -1.0, 0.37472, 0.0, 1.0, -0.0, -0.0, 0.0, 0.0, 0.0, 1.0],
                [1.0, -0.0, 0.0, -0.0, 0.0, -0.0, -1.0, 0.37472, 0.0, 1.0, 0.0, 1e-06, 0.0, 0.0, 0.0, 1.0]
            ]
        },
        {
            "name": "Thigh_L",
            "time": [0.0, 0.0333, 0.0667, 0.1, 0.1333, 0.1667, 0.2, 0.2333, 0.2667, 0.3, 0.3333, 0.3667, 0.4, 0.4333, 0.4667, 1.8333],
            "transform": [
                [0.990172, 0.033363, -0.13581, -0.131038, 0.033112, -0.999445, -0.004108, 0.090825, -0.135872, -0.00043, -0.990727, 0.052886, 0.0, 0.0, 0.0, 1.0],
                [0.984581, -0.149286, -0.091189, -0.11258, -0.068354, -0.808149, 0.584999, 0.075297, -0.161027, -0.569746, -0.805892, 0.074702, 0.0, 0.0, 0.0, 1.0],
                [0.960176, -0.268874, -0.075957, -0.094122, -0.062221, -0.470813, 0.880037, 0.05977, -0.27238, -0.840265, -0.468792, 0.096517, 0.0, 0.0, 0.0, 1.0],
                [0.920681, -0.346198, -0.180259, -0.075664, 0.125139, -0.175635, 0.97647, 0.044243, -0.369711, -0.921576, -0.118381, 0.118333, 0.0, 0.0, 0.0, 1.0],
                [0.85456, -0.299215, -0.424499, -0.057207, 0.298293, -0.386322, 0.872798, 0.028716, -0.425147, -0.872484, -0.240881, 0.140149, 0.0, 0.0, 0.0, 1.0],
                [0.866364, -0.223606, -0.446559, -0.046065, 0.273559, -0.535614, 0.798927, 0.029871, -0.417828, -0.814322, -0.402867, 0.135441, 0.0, 0.0, 0.0, 1.0],
                [0.890782, -0.205072, -0.405529, -0.034923, 0.204104, -0.616765, 0.760226, 0.031027, -0.406017, -0.759966, -0.507547, 0.130734, 0.0, 0.0, 0.0, 1.0],
                [0.869349, -0.219524, -0.442765, -0.023781, 0.118251, -0.7775, 0.617666, 0.032183, -0.479842, -0.589327, -0.649959, 0.126026, 0.0, 0.0, 0.0, 1.0],
                [0.792644, -0.24048, -0.560254, -0.012639, -0.027125, -0.931926, 0.361637, 0.033339, -0.60908, -0.271453, -0.745208, 0.12132, 0.0, 0.0, 0.0, 1.0],
                [0.568341, -0.287873, -0.770791, -0.001498, -0.323473, -0.939541, 0.112385, 0.034495, -0.756542, 0.185457, -0.627098, 0.116612, 0.0, 0.0, 0.0, 1.0],
                [0.363058, -0.214677, -0.906699, -0.00359, -0.613749, -0.787267, -0.059356, 0.048385, -0.701073, 0.578035, -0.417581, 0.140382, 0.0, 0.0, 0.0, 1.0],
                [0.454566, -0.405127, -0.793248, -0.005683, -0.633182, -0.773337, 0.032116, 0.062274, -0.626459, 0.487672, -0.608051, 0.164153, 0.0, 0.0, 0.0, 1.0],
                [0.580178, -0.603946, -0.546483, -0.007776, -0.624367, -0.760638, 0.177756, 0.076164, -0.523031, 0.238075, -0.818388, 0.187923, 0.0, 0.0, 0.0, 1.0],
                [0.671898, -0.671112, -0.313309, -0.009868, -0.632692, -0.739998, 0.228263, 0.090053, -0.385038, 0.044859, -0.92181, 0.211692, 0.0, 0.0, 0.0, 1.0],
                [0.851219, -0.489872, 0.188291, -0.011961, -0.394168, -0.359879, 0.845648, 0.103943, -0.346497, -0.794049, -0.499427, 0.235462, 0.0, 0.0, 0.0, 1.0],
                [0.984725, -0.167634, 0.047037, -0.128579, -0.17408, -0.943109, 0.283276, 0.048184, -0.003125, -0.287139, -0.957884, -0.046041, 0.0, 0.0, 0.0, 1.0]
            ]
        },
        {
            "name": "Leg_L",
            "time": [0.0, 0.0333, 0.0667, 0.1, 0.1333, 0.1667, 0.2, 0.2333, 0.2667, 0.3, 0.3333, 0.3667, 0.4, 0.4333, 0.4667, 0.5, 0.5333, 0.5667, 1.8333],
            "transform": [
                [0.999995, 0.001876, 0.000542, 0.0, 0.00054, -0.532193, 0.846624, 0.374726, 0.001877, -0.846623, -0.532192, -0.0, 0.0, 0.0, 0.0, 1.0],
                [0.999995, 0.00182, 0.000704, 0.0, 0.000703, -0.672192, 0.740378, 0.374726, 0.001821, -0.740377, -0.672191, 0.0, 0.0, 0.0, 0.0, 1.0],
                [0.999994, 0.00186, 0.00059, 0.0, 0.000589, -0.575942, 0.817492, 0.374726, 0.001861, -0.817491, -0.575941, -0.0, 0.0, 0.0, 0.0, 1.0],
                [0.999994, 0.001937, 0.000245, -0.0, 0.000242, -0.247251, 0.968952, 0.374726, 0.001937, -0.968953, -0.24725, 0.0, 0.0, 0.0, 0.0, 1.0],
                [0.999994, 0.001869, -0.000568, -0.0, -0.000571, 0.557937, 0.829884, 0.374726, 0.001868, -0.829884, 0.557936, -0.0, 0.0, 0.0, 0.0, 1.0],
                [0.999994, 0.001806, -0.000746, -0.0, -0.000748, 0.706484, 0.707731, 0.374726, 0.001805, -0.707729, 0.706484, -0.0, 0.0, 0.0, 0.0, 1.0],
                [0.999994, 0.001869, -0.000567, -0.0, -0.000571, 0.557288, 0.830321, 0.374726, 0.001868, -0.830319, 0.557288, -0.0, 0.0, 0.0, 0.0, 1.0],
                [0.999994, 0.001901, -0.000449, -0.0, -0.000452, 0.448619, 0.893725, 0.374726, 0.0019, -0.893723, 0.448619, 0.0, 0.0, 0.0, 0.0, 1.0],
                [0.999994, 0.001884, -0.000514, 0.0, -0.000517, 0.509245, 0.860623, 0.374726, 0.001883, -0.86062, 0.509246, -0.0, 0.0, 0.0, 0.0, 1.0],
                [0.999995, 0.001826, -0.000692, -0.0, -0.000697, 0.664877, 0.746954, 0.374726, 0.001824, -0.746952, 0.664877, 0.0, 0.0, 0.0, 0.0, 1.0],
                [0.999996, 0.001643, -0.001056, 0.0, -0.00106, 0.910614, 0.413259, 0.374726, 0.00164, -0.413257, 0.910613, 0.0, 0.0, 0.0, 0.0, 1.0],
                [0.999995, 0.001822, -0.000702, 0.0, -0.000707, 0.672748, 0.739872, 0.374726, 0.00182, -0.73987, 0.672749, 0.0, 0.0, 0.0, 0.0, 1.0],
                [0.999995, 0.001924, -0.000327, 0.0, -0.000332, 0.332826, 0.94299, 0.374726, 0.001923, -0.942987, 0.332826, 0.0, 0.0, 0.0, 0.0, 1.0],
                [0.999995, 0.001951, 5.9e-05, -0.0, 5.5e-05, -0.058712, 0.998275, 0.374726, 0.001951, -0.998274, -0.058712, 0.0, 0.0, 0.0, 0.0, 1.0],
                [0.999994, 0.001818, 0.000713, -0.0, 0.000712, -0.679424, 0.733748, 0.374726, 0.001818, -0.733747, -0.679423, -0.0, 0.0, 0.0, 0.0, 1.0],
                [0.999996, 0.001952, 4.1e-05, 0.0, 3.9e-05, -0.0406, 0.999176, 0.374726, 0.001952, -0.999175, -0.0406, 0.0, 0.0, 0.0, 0.0, 1.0],
                [0.999996, 0.001742, -0.000883, -0.0, -0.000883, 0.806691, 0.590973, 0.374726, 0.001741, -0.590972, 0.80669, 0.0, 0.0, 0.0, 0.0, 1.0],
                [0.999996, 0.001817, -0.000713, -0.0, -0.000713, 0.679975, 0.733235, 0.374727, 0.001817, -0.733234, 0.679974, 0.0, 0.0, 0.0, 0.0, 1.0],
                [0.999997, -0.001678, 0.001003, 0.0, 0.001001, 0.880031, 0.474913, 0.374726, -0.001679, -0.474909, 0.880035, -0.0, 0.0, 0.0, 0.0, 1.0]
            ]
        },
        {
            "name": "Knee_L",
            "time": [0.0, 1.8333],
            "transform": [
                [1.0, -0.0, 0.0, 0.0, -0.0, -0.0, -1.0, 0.37472, 0.0, 1.0, 0.0, -0.0, 0.0, 0.0, 0.0, 1.0],
                [1.0, 0.0, -0.0, -0.0, 0.0, 0.0, -1.0, 0.37472, -0.0, 1.0, 0.0, -1e-06, 0.0, 0.0, 0.0, 1.0]
            ]
        },
        {
            "name": "Torso",
            "time": [0.0, 0.0333, 0.0667, 0.1, 0.1333, 0.1667, 0.2, 0.2333, 0.2667, 0.3, 0.3333, 0.3667, 0.4, 0.4333, 0.4667, 0.5, 0.5333, 0.5667, 1.8333],
            "transform": [
                [0.988744, 0.140411, -0.051662, 0.0, -0.06371, 0.707571, 0.703765, 0.05, 0.135371, -0.692553, 0.708552, 0.0, 0.0, 0.0, 0.0, 1.0],
                [0.992633, 0.015884, 0.120108, 0.0, -0.087531, 0.779448, 0.620323, 0.05, -0.083765, -0.626267, 0.775096, -0.0, 0.0, 0.0, 0.0, 1.0],
                [0.95099, -0.071682, 0.300796, 0.0, -0.09984, 0.849481, 0.518087, 0.05, -0.292658, -0.522728, 0.800692, -0.0, 0.0, 0.0, 0.0, 1.0],
                [0.873712, -0.108682, 0.474146, -0.0, -0.104815, 0.909765, 0.401674, 0.05, -0.475016, -0.400646, 0.783481, -0.0, 0.0, 0.0, 0.0, 1.0],
                [0.778864, -0.098703, 0.619377, -0.0, -0.104034, 0.953528, 0.282776, 0.05, -0.618505, -0.28468, 0.7324, 0.0, 0.0, 0.0, 0.0, 1.0],
                [0.683406, -0.045989, 0.728589, 0.0, -0.103495, 0.981831, 0.15905, 0.05, -0.722667, -0.184101, 0.666228, -0.0, 0.0, 0.0, 0.0, 1.0],
                [0.591832, 0.025781, 0.805649, -0.0, -0.096705, 0.99454, 0.039214, 0.05, -0.80024, -0.101118, 0.591094, -0.0, 0.0, 0.0, 0.0, 1.0],
                [0.496408, 0.093403, 0.86305, -0.0, -0.076871, 0.995018, -0.06347, 0.05, -0.864681, -0.034836, 0.501114, -0.0, 0.0, 0.0, 0.0, 1.0],
                [0.386303, 0.136847, 0.912164, -0.0, -0.04321, 0.990532, -0.130304, 0.05, -0.92136, 0.010922, 0.388558, 0.0, 0.0, 0.0, 0.0, 1.0],
                [0.233321, 0.084441, 0.968726, 0.0, 0.023657, 0.995434, -0.092467, 0.05, -0.972113, 0.044491, 0.230257, -0.0, 0.0, 0.0, 0.0, 1.0],
                [0.075712, -0.001902, 0.997127, 0.0, 0.03087, 0.999523, -0.000437, 0.05, -0.996652, 0.030815, 0.075735, 0.0, 0.0, 0.0, 0.0, 1.0],
                [0.032807, -0.013603, 0.999369, -0.0, -0.234208, 0.971961, 0.020919, 0.05, -0.971634, -0.234746, 0.028701, 0.0, 0.0, 0.0, 0.0, 1.0],
                [0.063375, -0.070795, 0.995475, 0.0, -0.296794, 0.951013, 0.086528, 0.05, -0.952837, -0.300934, 0.039258, 0.0, 0.0, 0.0, 0.0, 1.0],
                [0.145343, -0.126915, 0.981207, 0.0, -0.347687, 0.921932, 0.170749, 0.05, -0.926278, -0.36597, 0.08987, -1e-06, 0.0, 0.0, 0.0, 1.0],
                [0.336691, -0.137278, 0.931554, 0.0, -0.485859, 0.822118, 0.296754, 0.05, -0.806586, -0.552518, 0.210102, -1e-06, 0.0, 0.0, 0.0, 1.0],
                [0.571684, -0.104065, 0.813847, 0.0, -0.512526, 0.729287, 0.453275, 0.05, -0.640698, -0.676248, 0.363586, -1e-06, 0.0, 0.0, 0.0, 1.0],
                [0.763851, -0.091954, 0.638808, -0.0, -0.374593, 0.742849, 0.554848, 0.05, -0.525558, -0.663115, 0.53298, -0.0, 0.0, 0.0, 0.0, 1.0],
                [0.898664, -0.103998, 0.42613, -0.0, -0.188023, 0.786377, 0.588438, 0.05, -0.396295, -0.608931, 0.687134, -0.0, 0.0, 0.0, 0.0, 1.0],
                [0.957779, 0.055075, -0.282187, 0.0, -0.05927, 0.99822, -0.006342, 0.05, 0.281337, 0.022799, 0.959338, 0.0, 0.0, 0.0, 0.0, 1.0]
            ]
        },
        {
            "name": "Chest",
            "time": [0.0, 0.0333, 0.0667, 0.1, 0.1333, 0.1667, 0.2, 0.2333, 0.2667, 0.3, 0.3333, 0.3667, 0.4, 0.4333, 0.4667, 0.5, 0.5333, 0.5667, 1.8333],
            "transform": [
                [0.998658, 0.038804, -0.03426, -0.0, -0.0371, 0.998109, 0.049027, 0.3, 0.036098, -0.047691, 0.998209, 0.0, 0.0, 0.0, 0.0, 1.0],
                [0.999495, 0.017192, 0.026688, -0.0, -0.018566, 0.998469, 0.052119, 0.3, -0.025751, -0.052589, 0.998284, 0.0, 0.0, 0.0, 0.0, 1.0],
                [0.996159, -0.004795, 0.087414, 0.0, -0.000152, 0.998403, 0.0565, 0.3, -0.087546, -0.056296, 0.994568, -0.0, 0.0, 0.0, 0.0, 1.0],
                [0.988184, -0.027318, 0.150812, -0.0, 0.01835, 0.997998, 0.06054, 0.3, -0.152164, -0.057057, 0.986707, -0.0, 0.0, 0.0, 0.0, 1.0],
                [0.97568, -0.04991, 0.213438, 0.0, 0.036583, 0.997153, 0.065942, 0.3, -0.216121, -0.05653, 0.974729, 0.0, 0.0, 0.0, 0.0, 1.0],
                [0.955521, -0.073887, 0.285517, -0.0, 0.055821, 0.995919, 0.070914, 0.3, -0.289591, -0.051822, 0.955747, 0.0, 0.0, 0.0, 0.0, 1.0],
                [0.928556, -0.097677, 0.358107, 0.0, 0.075244, 0.994258, 0.07609, 0.3, -0.363483, -0.043708, 0.930575, -0.0, 0.0, 0.0, 0.0, 1.0],
                [0.895496, -0.120616, 0.428415, -0.0, 0.093938, 0.992114, 0.082966, 0.3, -0.435044, -0.034051, 0.899766, 0.0, 0.0, 0.0, 0.0, 1.0],
                [0.864447, -0.143845, 0.481705, 0.0, 0.111068, 0.989159, 0.096061, 0.3, -0.490301, -0.029538, 0.871053, 0.0, 0.0, 0.0, 0.0, 1.0],
                [0.854068, -0.181631, 0.487421, 0.0, 0.135378, 0.982378, 0.128859, 0.3, -0.502237, -0.044069, 0.863607, -0.0, 0.0, 0.0, 0.0, 1.0],
                [0.848575, -0.195725, 0.491541, 0.0, 0.13441, 0.978326, 0.157517, 0.3, -0.511717, -0.067597, 0.856491, 0.0, 0.0, 0.0, 0.0, 1.0],
                [0.791166, -0.079921, 0.606358, -0.0, 0.024018, 0.99472, 0.099771, 0.3, -0.611131, -0.064372, 0.788908, -0.0, 0.0, 0.0, 0.0, 1.0],
                [0.82673, -0.038977, 0.561247, -0.0, -0.022629, 0.994486, 0.102398, 0.3, -0.562144, -0.097356, 0.821289, 0.0, 0.0, 0.0, 0.0, 1.0],
                [0.872833, -0.000354, 0.488018, -0.0, -0.064146, 0.99124, 0.115445, 0.3, -0.483784, -0.132069, 0.865165, -0.0, 0.0, 0.0, 0.0, 1.0],
                [0.896061, 0.070056, 0.438367, -0.0, -0.132644, 0.984611, 0.113784, 0.3, -0.423649, -0.160104, 0.891565, 0.0, 0.0, 0.0, 0.0, 1.0],
                [0.912654, 0.113077, 0.392778, -0.0, -0.167651, 0.979976, 0.107426, 0.3, -0.372765, -0.163893, 0.913337, 0.0, 0.0, 0.0, 0.0, 1.0],
                [0.932593, 0.096744, 0.347719, 0.0, -0.13184, 0.988144, 0.078674, 0.3, -0.335985, -0.119215, 0.934292, -0.0, 0.0, 0.0, 0.0, 1.0],
                [0.949523, 0.059436, 0.30801, -0.0, -0.074832, 0.996457, 0.038406, 0.3, -0.304636, -0.059517, 0.950608, -0.0, 0.0, 0.0, 0.0, 1.0],
                [0.9988, -0.045362, 0.018507, -0.0, 0.04444, 0.997882, 0.047484, 0.3, -0.020622, -0.046604, 0.9987, 0.0, 0.0, 0.0, 0.0, 1.0]
            ]
        },
        {
            "name": "Head",
            "time": [0.0, 0.0333, 0.0667, 0.1, 0.1333, 0.1667, 0.2, 0.2333, 0.2667, 0.3, 0.3333, 0.3667, 0.4, 0.4333, 0.4667, 0.5, 0.5333, 0.5667, 1.8333],
            "transform": [
                [0.985777, -0.107229, 0.129409, 0.0, 0.144948, 0.932167, -0.331745, 0.4, -0.085058, 0.345784, 0.934449, 0.0, 0.0, 0.0, 0.0, 1.0],
                [0.993601, -0.027903, -0.109455, 0.0, -0.007031, 0.951852, -0.306474, 0.4, 0.112737, 0.305282, 0.945563, -0.0, 0.0, 0.0, 0.0, 1.0],
                [0.936848, 0.051221, -0.34597, -0.0, -0.141833, 0.959863, -0.24196, 0.4, 0.319691, 0.275749, 0.906508, 0.0, 0.0, 0.0, 0.0, 1.0],
                [0.825437, 0.115706, -0.552509, 0.0, -0.23594, 0.95989, -0.151468, 0.4, 0.512824, 0.255386, 0.819627, -0.0, 0.0, 0.0, 0.0, 1.0],
                [0.684638, 0.160504, -0.710992, 0.0, -0.283508, 0.95728, -0.056895, 0.4, 0.671488, 0.240524, 0.700894, 0.0, 0.0, 0.0, 0.0, 1.0],
                [0.536907, 0.186918, -0.822674, 0.0, -0.288062, 0.957157, 0.029475, 0.4, 0.79294, 0.221155, 0.567748, 0.0, 0.0, 0.0, 0.0, 1.0],
                [0.388466, 0.20708, -0.897892, 0.0, -0.268581, 0.957556, 0.104641, 0.4, 0.881454, 0.200507, 0.427595, 0.0, 0.0, 0.0, 0.0, 1.0],
                [0.247059, 0.230989, -0.941066, 0.0, -0.24474, 0.954559, 0.17005, 0.4, 0.937585, 0.188303, 0.292365, -0.0, 0.0, 0.0, 0.0, 1.0],
                [0.114051, 0.261877, -0.958338, 0.0, -0.233245, 0.944728, 0.230399, 0.4, 0.965707, 0.19725, 0.168829, -0.0, 0.0, 0.0, 0.0, 1.0],
                [0.025016, 0.319299, -0.947324, -0.0, -0.290118, 0.909156, 0.298774, 0.4, 0.956665, 0.267361, 0.115378, -0.0, 0.0, 0.0, 0.0, 1.0],
                [-0.017514, 0.326835, -0.944919, -0.0, -0.363232, 0.878413, 0.310565, 0.4, 0.931535, 0.348663, 0.103333, -0.0, 0.0, 0.0, 0.0, 1.0],
                [0.018361, 0.07664, -0.99689, -0.0, -0.326226, 0.94295, 0.066485, 0.4, 0.945114, 0.32399, 0.042316, -0.0, 0.0, 0.0, 0.0, 1.0],
                [-0.004708, 0.108053, -0.994134, -0.0, -0.405036, 0.908738, 0.10069, 0.4, 0.914289, 0.403134, 0.039487, -0.0, 0.0, 0.0, 0.0, 1.0],
                [0.029065, 0.154812, -0.987516, 0.0, -0.460601, 0.87887, 0.124224, 0.4, 0.887133, 0.451239, 0.096851, 0.0, 0.0, 0.0, 0.0, 1.0],
                [0.224977, -0.035245, -0.973726, 0.0, -0.382307, 0.916013, -0.121487, 0.4, 0.89623, 0.399593, 0.192608, -0.0, 0.0, 0.0, 0.0, 1.0],
                [0.468457, -0.192535, -0.862251, -0.0, -0.253301, 0.905723, -0.339858, 0.4, 0.846397, 0.377618, 0.375523, 0.0, 0.0, 0.0, 0.0, 1.0],
                [0.666129, -0.127673, -0.734827, -1e-06, -0.210692, 0.912898, -0.349606, 0.4, 0.71546, 0.387705, 0.581207, -0.0, 0.0, 0.0, 0.0, 1.0],
                [0.81247, 0.00387, -0.582991, 0.0, -0.223522, 0.925631, -0.305359, 0.4, 0.538455, 0.378406, 0.75291, -1e-06, 0.0, 0.0, 0.0, 1.0],
                [0.963513, -0.036264, 0.26519, -0.0, 0.015223, 0.996599, 0.080974, 0.4, -0.267225, -0.073983, 0.960791, 0.0, 0.0, 0.0, 0.0, 1.0]
            ]
        },
        {
            "name": "Shoulder_R",
            "time": [0.0, 0.0333, 0.0667, 0.1, 0.1333, 0.1667, 0.2, 0.2333, 0.2667, 0.3, 0.3333, 0.3667, 0.4, 0.4333, 0.4667, 0.5, 0.5333, 0.5667, 0.6, 0.6333, 0.6667, 0.7, 0.7333, 0.7667, 0.8, 0.8333, 0.8667, 0.9, 0.9333, 0.9667, 1.0, 1.0333, 1.0667, 1.1, 1.1333, 1.1667, 1.2, 1.2333, 1.2667, 1.3, 1.3333, 1.3667, 1.4, 1.4333, 1.4667, 1.5, 1.5333, 1.5667, 1.6, 1.6333, 1.6667, 1.8333],
            "transform": [
                [0.202438, 0.880871, 0.427898, 0.0, -0.034771, -0.430205, 0.902065, 0.4, 0.978667, -0.197493, -0.056461, 0.0, 0.0, 0.0, 0.0, 1.0],
                [0.231312, 0.857475, 0.459609, 0.0, -0.039903, -0.463663, 0.885117, 0.4, 0.972051, -0.223081, -0.073036, -0.0, 0.0, 0.0, 0.0, 1.0],
                [0.262198, 0.829486, 0.493168, -0.0, -0.044681, -0.500066, 0.864838, 0.4, 0.963969, -0.248797, -0.094055, 0.0, 0.0, 0.0, 0.0, 1.0],
                [0.288577, 0.805906, 0.516958, 0.0, -0.048535, -0.526923, 0.848531, 0.4, 0.956216, -0.26996, -0.112944, -0.0, 0.0, 0.0, 0.0, 1.0],
                [0.303257, 0.797926, 0.520919, 0.0, -0.049688, -0.532679, 0.844862, 0.4, 0.951601, -0.282098, -0.121892, 0.0, 0.0, 0.0, 0.0, 1.0],
                [0.300715, 0.812921, 0.498737, 0.0, -0.046615, -0.50979, 0.859041, 0.4, 0.952563, -0.281579, -0.115408, 0.0, 0.0, 0.0, 0.0, 1.0],
                [0.28498, 0.842197, 0.457711, 0.0, -0.041402, -0.466253, 0.883687, 0.4, 0.957628, -0.270787, -0.098005, 0.0, 0.0, 0.0, 0.0, 1.0],
                [0.268559, 0.875385, 0.40198, 0.0, -0.033151, -0.408666, 0.912086, 0.4, 0.962681, -0.258279, -0.080732, -0.0, 0.0, 0.0, 0.0, 1.0],
                [0.263021, 0.901845, 0.342791, 0.0, -0.025259, -0.348743, 0.936882, 0.4, 0.964448, -0.255082, -0.068948, -0.0, 0.0, 0.0, 0.0, 1.0],
                [0.294334, 0.914511, 0.277574, -0.0, -0.016585, -0.285509, 0.958237, 0.4, 0.955547, -0.286649, -0.068869, -0.0, 0.0, 0.0, 0.0, 1.0],
                [0.331697, 0.925598, 0.182361, -0.0, -0.0043, -0.19182, 0.981425, 0.4, 0.943365, -0.326324, -0.059647, -0.0, 0.0, 0.0, 0.0, 1.0],
                [0.316934, 0.948322, -0.015732, -0.0, 0.022433, 0.009087, 0.999711, 0.4, 0.94817, -0.3172, -0.018394, -0.0, 0.0, 0.0, 0.0, 1.0],
                [0.00278, 0.996688, 0.081346, -0.0, 0.009945, -0.08137, 0.996638, 0.4, 0.999936, -0.001962, -0.010138, -0.0, 0.0, 0.0, 0.0, 1.0],
                [0.108099, 0.986925, 0.119607, 0.0, 0.004938, -0.120844, 0.992663, 0.4, 0.994117, -0.106716, -0.017936, 0.0, 0.0, 0.0, 0.0, 1.0],
                [0.108275, 0.928374, -0.355542, 0.0, 0.065016, 0.350267, 0.934395, 0.4, 0.991982, -0.124289, -0.022435, -0.0, 0.0, 0.0, 0.0, 1.0],
                [0.33578, 0.869214, -0.362942, -0.0, 0.066149, 0.362602, 0.929599, 0.4, 0.939603, -0.336153, 0.064258, 0.0, 0.0, 0.0, 0.0, 1.0],
                [0.025084, 0.997324, -0.068753, -1e-06, 0.028723, 0.068028, 0.997274, 0.4, 0.999262, -0.026991, -0.02694, -0.0, 0.0, 0.0, 0.0, 1.0],
                [0.118916, 0.918244, 0.377754, 0.0, -0.030053, -0.376951, 0.92575, 0.4, 0.992439, -0.121441, -0.017229, -1e-06, 0.0, 0.0, 0.0, 1.0],
                [-0.161539, 0.901612, 0.401262, -0.0, -0.035136, -0.4116, 0.910691, 0.399999, 0.986231, 0.133015, 0.098169, 0.0, 0.0, 0.0, 0.0, 1.0],
                [-0.270471, 0.879192, 0.392268, -0.0, -0.035822, -0.416365, 0.908495, 0.399999, 0.962052, 0.231673, 0.14411, -0.0, 0.0, 0.0, 0.0, 1.0],
                [-0.244617, 0.913096, 0.326232, 0.0, -0.025328, -0.342358, 0.939231, 0.4, 0.96928, 0.221492, 0.106874, -0.0, 0.0, 0.0, 0.0, 1.0],
                [-0.148219, 0.899066, 0.411974, -0.0, -0.035946, -0.4212, 0.906259, 0.4, 0.988291, 0.119518, 0.094748, -0.0, 0.0, 0.0, 0.0, 1.0],
                [-0.026963, 0.879609, 0.474943, -0.0, -0.042821, -0.475698, 0.87857, 0.4, 0.998709, 0.003352, 0.050493, -0.0, 0.0, 0.0, 0.0, 1.0],
                [-0.06959, 0.878022, 0.473546, 0.0, -0.04262, -0.476882, 0.877938, 0.4, 0.996655, 0.040914, 0.070608, 0.0, 0.0, 0.0, 0.0, 1.0],
                [-0.134402, 0.875246, 0.464641, -0.0, -0.041882, -0.473496, 0.879803, 0.4, 0.990032, 0.098788, 0.100296, 0.0, 0.0, 0.0, 0.0, 1.0],
                [-0.205049, 0.869353, 0.449655, 0.0, -0.04103, -0.466651, 0.883493, 0.4, 0.977881, 0.162712, 0.131356, -0.0, 0.0, 0.0, 0.0, 1.0],
                [-0.266439, 0.860547, 0.434141, 0.0, -0.039963, -0.459901, 0.887075, 0.4, 0.963013, 0.219005, 0.156926, 0.0, 0.0, 0.0, 0.0, 1.0],
                [-0.303039, 0.853616, 0.423694, -0.0, -0.038964, -0.455329, 0.889474, 0.4, 0.952171, 0.25304, 0.171244, 0.0, 0.0, 0.0, 0.0, 1.0],
                [-0.301517, 0.855177, 0.421626, 0.0, -0.038276, -0.452709, 0.89084, 0.4, 0.952682, 0.252469, 0.169233, -0.0, 0.0, 0.0, 0.0, 1.0],
                [-0.272336, 0.863226, 0.425067, 0.0, -0.037661, -0.450992, 0.891737, 0.4, 0.961455, 0.226847, 0.155332, -0.0, 0.0, 0.0, 0.0, 1.0],
                [-0.235327, 0.871594, 0.430065, 0.0, -0.036915, -0.450191, 0.892172, 0.4, 0.971205, 0.194079, 0.138117, -0.0, 0.0, 0.0, 0.0, 1.0],
                [-0.213549, 0.876562, 0.431331, 0.0, -0.036087, -0.448295, 0.893161, 0.399999, 0.976255, 0.175171, 0.127367, 0.0, 0.0, 0.0, 0.0, 1.0],
                [-0.21148, 0.878846, 0.427687, 0.0, -0.035775, -0.444254, 0.895191, 0.4, 0.976717, 0.174017, 0.125392, -0.0, 0.0, 0.0, 0.0, 1.0],
                [-0.216114, 0.880822, 0.421258, -0.0, -0.034627, -0.438099, 0.898263, 0.4, 0.975743, 0.179543, 0.125181, 0.0, 0.0, 0.0, 0.0, 1.0],
                [-0.224447, 0.881197, 0.416086, -0.0, -0.033698, -0.433746, 0.900409, 0.4, 0.973892, 0.188076, 0.127049, 1e-06, 0.0, 0.0, 0.0, 1.0],
                [-0.232766, 0.881457, 0.410932, -0.0, -0.032835, -0.429422, 0.902511, 0.4, 0.971967, 0.196585, 0.128898, -1e-06, 0.0, 0.0, 0.0, 1.0],
                [-0.238039, 0.881061, 0.408755, 0.0, -0.032046, -0.42775, 0.903334, 0.4, 0.970715, 0.201933, 0.130057, -1e-06, 0.0, 0.0, 0.0, 1.0],
                [-0.236686, 0.880168, 0.411454, 0.0, -0.031859, -0.430293, 0.902132, 0.4, 0.971052, 0.200417, 0.129887, -1e-06, 0.0, 0.0, 0.0, 1.0],
                [-0.224467, 0.877892, 0.423004, 0.0, -0.033465, -0.440771, 0.897, 0.4, 0.973894, 0.187194, 0.128318, 0.0, 0.0, 0.0, 0.0, 1.0],
                [-0.201718, 0.872846, 0.444366, -0.0, -0.03494, -0.459818, 0.88733, 0.4, 0.978808, 0.163467, 0.123252, -0.0, 0.0, 0.0, 0.0, 1.0],
                [-0.178876, 0.866837, 0.465414, 0.0, -0.03685, -0.478617, 0.877255, 0.4, 0.983169, 0.139772, 0.117557, 0.0, 0.0, 0.0, 0.0, 1.0],
                [-0.158821, 0.864361, 0.477147, 0.0, -0.0372, -0.48818, 0.871955, 0.4, 0.986595, 0.120737, 0.109688, -1e-06, 0.0, 0.0, 0.0, 1.0],
                [-0.143652, 0.866402, 0.478251, -0.0, -0.03734, -0.487667, 0.872236, 0.4, 0.988912, 0.107443, 0.102406, 0.0, 0.0, 0.0, 0.0, 1.0],
                [-0.129674, 0.870055, 0.475605, -0.0, -0.035999, -0.483472, 0.874624, 0.4, 0.990892, 0.096296, 0.094016, -0.0, 0.0, 0.0, 0.0, 1.0],
                [-0.11671, 0.875239, 0.469411, 0.0, -0.03492, -0.475968, 0.878773, 0.4, 0.992541, 0.086171, 0.086114, 0.0, 0.0, 0.0, 0.0, 1.0],
                [-0.103637, 0.880274, 0.463022, 0.0, -0.033702, -0.468371, 0.882893, 0.4, 0.994034, 0.075897, 0.078208, -0.0, 0.0, 0.0, 0.0, 1.0],
                [-0.090546, 0.885133, 0.456457, -0.0, -0.032353, -0.460715, 0.886962, 0.4, 0.995357, 0.065544, 0.070353, 0.0, 0.0, 0.0, 0.0, 1.0],
                [-0.07668, 0.886936, 0.455496, 0.0, -0.031615, -0.458776, 0.887993, 0.4, 0.996545, 0.053692, 0.06322, 0.0, 0.0, 0.0, 0.0, 1.0],
                [-0.061519, 0.88562, 0.46033, 0.0, -0.032431, -0.462736, 0.885906, 0.4, 0.997569, 0.039572, 0.057189, 0.0, 0.0, 0.0, 0.0, 1.0],
                [-0.045026, 0.874816, 0.48237, 0.0, -0.03389, -0.483921, 0.874458, 0.4, 0.998402, 0.023026, 0.051437, 0.0, 0.0, 0.0, 0.0, 1.0],
                [-0.025982, 0.85568, 0.516863, -0.0, -0.037574, -0.51751, 0.854856, 0.4, 0.998947, 0.002791, 0.045598, -0.0, 0.0, 0.0, 0.0, 1.0],
                [0.00235, 0.890101, 0.455775, -0.0, 0.197443, -0.447217, 0.872367, 0.4, 0.980296, 0.087941, -0.176797, 0.0, 0.0, 0.0, 0.0, 1.0]
            ]
        },
        {
            "name": "Arm_R",
            "time": [0.0, 0.0333, 0.0667, 0.1, 0.1333, 0.1667, 0.2, 0.2333, 0.2667, 0.3, 0.3333, 0.3667, 0.4, 0.4333, 0.4667, 0.5, 0.5333, 0.5667, 0.6, 0.6333, 0.6667, 0.7, 0.7333, 0.7667, 0.8, 0.8333, 0.8667, 0.9, 0.9333, 0.9667, 1.0, 1.0333, 1.0667, 1.1, 1.1333, 1.1667, 1.2, 1.2333, 1.2667, 1.3, 1.3333, 1.3667, 1.4, 1.4333, 1.4667, 1.5, 1.5333, 1.5667, 1.6, 1.6333, 1.6667, 1.8333],
            "transform": [
                [-0.138863, -0.197377, -0.968475, 0.0, 0.579232, 0.7804, -0.240407, 0.393861, 0.803245, -0.59688, 0.005933, -0.0, 0.0, 0.0, 0.0, 1.0],
                [-0.000799, -0.444816, -0.894192, 0.0, 0.292105, 0.858722, -0.423825, 0.39386, 0.956385, -0.262648, 0.1287, -0.0, 0.0, 0.0, 0.0, 1.0],
                [0.199892, -0.593567, -0.778867, 0.0, -0.052207, 0.790704, -0.610838, 0.39386, 0.978426, 0.163456, 0.126529, -0.0, 0.0, 0.0, 0.0, 1.0],
                [0.381116, -0.644742, -0.662534, 0.0, -0.315727, 0.585641, -0.74594, 0.39386, 0.868947, 0.49557, 0.019552, 0.0, 0.0, 0.0, 0.0, 1.0],
                [0.493353, -0.664748, -0.561467, 0.0, -0.417815, 0.387457, -0.820413, 0.39386, 0.762914, 0.642065, -0.086221, 0.0, 0.0, 0.0, 0.0, 1.0],
                [0.516311, -0.724711, -0.45777, 0.0, -0.354841, 0.307529, -0.88125, 0.39386, 0.779433, 0.620066, -0.097959, 0.0, 0.0, 0.0, 0.0, 1.0],
                [0.4679, -0.816236, -0.342286, -0.0, -0.166918, 0.300334, -0.93732, 0.393861, 0.867878, 0.497821, 0.004263, 0.0, 0.0, 0.0, 0.0, 1.0],
                [0.391972, -0.890557, -0.237491, 0.0, 0.083032, 0.29244, -0.950833, 0.393861, 0.916225, 0.354489, 0.18777, 0.0, 0.0, 0.0, 0.0, 1.0],
                [0.357043, -0.924256, -0.147699, 0.0, 0.29834, 0.263316, -0.915625, 0.393861, 0.885164, 0.284062, 0.368183, 0.0, 0.0, 0.0, 0.0, 1.0],
                [0.491642, -0.8657, -0.109501, 0.0, 0.448163, 0.359821, -0.816932, 0.393861, 0.746622, 0.354069, 0.562472, 0.0, 0.0, 0.0, 0.0, 1.0],
                [0.614174, -0.788862, -0.055865, 0.0, 0.498901, 0.443197, -0.743738, 0.39386, 0.611471, 0.430744, 0.662931, 0.0, 0.0, 0.0, 0.0, 1.0],
                [0.398861, -0.916155, 0.071566, -0.0, 0.312985, 0.062338, -0.945698, 0.393861, 0.861948, 0.40131, 0.31028, 0.0, 0.0, 0.0, 0.0, 1.0],
                [0.325766, -0.885369, 0.33593, 0.0, 0.252289, -0.262487, -0.929544, 0.393861, 0.91117, 0.38922, 0.137273, 0.0, 0.0, 0.0, 0.0, 1.0],
                [0.855345, -0.462951, -0.233987, 0.0, -0.24636, 0.03555, -0.966467, 0.39386, 0.455753, 0.888071, -0.083289, 0.0, 0.0, 0.0, 0.0, 1.0],
                [0.865819, -0.33404, -0.372386, 0.0, -0.352055, 0.124442, -0.925732, 0.393861, 0.355579, 0.936581, -0.009814, 0.0, 0.0, 0.0, 0.0, 1.0],
                [0.868493, 0.164033, -0.466918, 0.0, -0.495154, 0.332384, -0.801297, 0.39386, 0.023758, 0.931054, 0.368322, 0.0, 0.0, 0.0, 0.0, 1.0],
                [0.974799, 0.198148, 0.10321, 0.0, -0.119126, 0.854846, -0.506989, 0.393861, -0.188692, 0.483963, 0.853263, -0.0, 0.0, 0.0, 0.0, 1.0],
                [0.537147, 0.561049, -0.629559, -0.0, 0.050853, 0.726647, 0.685298, 0.393861, 0.84196, -0.401822, 0.36025, 0.0, 0.0, 0.0, 0.0, 1.0],
                [0.332785, 0.514944, -0.789026, -0.0, 0.208775, 0.77919, 0.591909, 0.393861, 0.919603, -0.363245, 0.151153, 0.0, 0.0, 0.0, 0.0, 1.0],
                [-0.088338, 0.646265, -0.75754, 0.0, 0.351642, 0.734808, 0.58074, 0.39386, 0.931957, -0.215997, -0.290928, -0.0, 0.0, 0.0, 0.0, 1.0],
                [-0.449234, 0.650151, -0.612931, 0.0, 0.523499, 0.749863, 0.406612, 0.39386, 0.723976, -0.138793, -0.674346, 0.0, 0.0, 0.0, 0.0, 1.0],
                [-0.766863, 0.239138, -0.594541, 0.0, 0.280013, 0.961732, 0.023927, 0.393861, 0.577519, -0.148759, -0.801067, -0.0, 0.0, 0.0, 0.0, 1.0],
                [-0.596071, 0.139417, -0.789114, -1e-06, 0.277764, 0.961829, -0.040427, 0.39386, 0.753363, -0.244317, -0.609452, 0.0, 0.0, 0.0, 0.0, 1.0],
                [-0.563129, -0.115681, -0.816535, 0.0, 0.195374, 0.945525, -0.266995, 0.393861, 0.802946, -0.311198, -0.507693, 0.0, 0.0, 0.0, 0.0, 1.0],
                [-0.538391, -0.232245, -0.808486, 0.0, 0.152553, 0.920699, -0.363405, 0.39386, 0.828776, -0.320345, -0.458318, -0.0, 0.0, 0.0, 0.0, 1.0],
                [-0.519742, -0.254477, -0.813984, -0.0, 0.127897, 0.922869, -0.3674, 0.393861, 0.844699, -0.296312, -0.445215, 0.0, 0.0, 0.0, 0.0, 1.0],
                [-0.499079, -0.244731, -0.829673, -0.0, 0.115344, 0.934185, -0.342323, 0.39386, 0.85885, -0.267675, -0.43615, 0.0, 0.0, 0.0, 0.0, 1.0],
                [-0.468549, -0.24442, -0.847304, -0.0, 0.113373, 0.938571, -0.330891, 0.393861, 0.876136, -0.252166, -0.410313, 0.0, 0.0, 0.0, 0.0, 1.0],
                [-0.418865, -0.22465, -0.87808, -0.0, 0.12765, 0.94689, -0.300846, 0.393861, 0.899034, -0.239111, -0.366387, 0.0, 0.0, 0.0, 0.0, 1.0],
                [-0.35286, -0.155455, -0.920775, -0.0, 0.153785, 0.965176, -0.220262, 0.39386, 0.922953, -0.220254, -0.315327, -0.0, 0.0, 0.0, 0.0, 1.0],
                [-0.28392, -0.067417, -0.954462, 1e-06, 0.183237, 0.977412, -0.122732, 0.393861, 0.941178, -0.210629, -0.264033, -0.0, 0.0, 0.0, 0.0, 1.0],
                [-0.230585, 0.013273, -0.970905, 0.0, 0.214001, 0.978185, -0.03735, 0.39386, 0.949228, -0.217305, -0.22743, -0.0, 0.0, 0.0, 0.0, 1.0],
                [-0.19097, 0.0772, -0.976499, 0.0, 0.248284, 0.970341, 0.027715, 0.39386, 0.949677, -0.238162, -0.20361, -0.0, 0.0, 0.0, 0.0, 1.0],
                [-0.153945, 0.136075, -0.976636, -1e-06, 0.283707, 0.956903, 0.08767, 0.393861, 0.946473, -0.2647, -0.18513, 0.0, 0.0, 0.0, 0.0, 1.0],
                [-0.122168, 0.19588, -0.971014, -0.0, 0.320955, 0.937502, 0.147315, 0.393861, 0.939181, -0.294901, -0.176652, -0.0, 0.0, 0.0, 0.0, 1.0],
                [-0.097354, 0.265434, -0.957328, -0.0, 0.360431, 0.909812, 0.213633, 0.39386, 0.92769, -0.325629, -0.183466, 0.0, 0.0, 0.0, 0.0, 1.0],
