{
    "animation": [
        {
            "name": "Root",
            "time": [0.0, 0.1333, 0.1667, 0.2, 0.2333, 0.2667, 0.3, 0.3333, 0.3667, 0.6667, 1.3333],
            "transform": [
                [1.0, 0.000575, 1e-06, 0.01376, -2e-06, 0.003865, -0.999993, 0.155531, -0.000575, 0.999992, 0.003865, 0.684279, 0.0, 0.0, 0.0, 1.0],
                [1.0, 0.000185, -0.0, -0.001821, -1e-06, 0.003904, -0.999992, 0.002362, -0.000185, 0.999992, 0.003904, 0.479907, 0.0, 0.0, 0.0, 1.0],
                [1.0, 0.000909, 1e-06, -0.005307, -2e-06, 0.003794, -0.999993, -0.079264, -0.000909, 0.999992, 0.003794, 0.411768, 0.0, 0.0, 0.0, 1.0],
                [0.999998, 0.001802, 3e-06, -0.019839, -3e-06, 0.003461, -0.999994, -0.176717, -0.001802, 0.999992, 0.003461, 0.331577, 0.0, 0.0, 0.0, 1.0],
                [0.999998, 0.00195, 3e-06, -0.05002, -3e-06, 0.003386, -0.999994, -0.257237, -0.00195, 0.999992, 0.003386, 0.297323, 0.0, 0.0, 0.0, 1.0],
                [1.0, 0.001041, 2e-06, -0.063585, -2e-06, 0.003764, -0.999993, -0.2868, -0.001041, 0.999992, 0.003764, 0.309388, 0.0, 0.0, 0.0, 1.0],
                [1.0, 0.000175, 0.000644, -0.00911, 0.000643, 0.003903, -0.999992, -0.185081, -0.000178, 0.999992, 0.003903, 0.368629, 0.0, 0.0, 0.0, 1.0],
                [0.999993, -0.000203, 0.003726, 0.037535, 0.003727, 0.003903, -0.999985, -0.062169, 0.000188, 0.999992, 0.003904, 0.43761, 0.0, 0.0, 0.0, 1.0],
                [0.999993, -0.000214, 0.003717, 0.016029, 0.003718, 0.003902, -0.999985, -0.006115, 0.000199, 0.999992, 0.003903, 0.459288, 0.0, 0.0, 0.0, 1.0],
                [1.0, 0.000499, 1e-06, 0.007102, -1e-06, 0.003876, -0.999992, 0.14619, -0.000499, 0.999992, 0.003876, 0.662158, 0.0, 0.0, 0.0, 1.0],
                [1.0, 0.000575, 1e-06, 0.01376, -2e-06, 0.003865, -0.999993, 0.155531, -0.000575, 0.999992, 0.003865, 0.684279, 0.0, 0.0, 0.0, 1.0]
            ]
        },
        {
            "name": "Thigh_R",
            "time": [0.0, 0.1333, 0.1667, 0.2, 0.2333, 0.2667, 0.3, 0.3333, 0.3667, 0.6667, 1.3333],
            "transform": [
                [0.834807, 0.263542, 0.483368, 0.121024, 0.216862, -0.96441, 0.15128, 0.055724, 0.506033, -0.021465, -0.862248, 0.028476, 0.0, 0.0, 0.0, 1.0],
                [0.941676, 0.333127, -0.047651, 0.128567, 0.207284, -0.462651, 0.861967, 0.09044, 0.265098, -0.821575, -0.504718, 0.052834, 0.0, 0.0, 0.0, 1.0],
                [0.909868, 0.397649, -0.118375, 0.128567, 0.231374, -0.249489, 0.94033, 0.09044, 0.344387, -0.882969, -0.319007, 0.052834, 0.0, 0.0, 0.0, 1.0],
                [0.83433, 0.507964, -0.214159, 0.128567, 0.333865, -0.156477, 0.929542, 0.09044, 0.438661, -0.847049, -0.300145, 0.052834, 0.0, 0.0, 0.0, 1.0],
                [0.800589, 0.576127, -0.164726, 0.128567, 0.400654, -0.310264, 0.862097, 0.09044, 0.445567, -0.756187, -0.479221, 0.052834, 0.0, 0.0, 0.0, 1.0],
                [0.844662, 0.520248, -0.126044, 0.128567, 0.294092, -0.254266, 0.921335, 0.09044, 0.447272, -0.815288, -0.367769, 0.052834, 0.0, 0.0, 0.0, 1.0],
                [0.880926, 0.435643, 0.184886, 0.128567, 0.180507, -0.67044, 0.719672, 0.09044, 0.437474, -0.600607, -0.669245, 0.052834, 0.0, 0.0, 0.0, 1.0],
                [0.931386, 0.187152, 0.312236, 0.128567, 0.143957, -0.977167, 0.156284, 0.09044, 0.334355, -0.100612, -0.937061, 0.052834, 0.0, 0.0, 0.0, 1.0],
                [0.953403, 0.162623, 0.254113, 0.128567, 0.164152, -0.986318, 0.015325, 0.09044, 0.253127, 0.027103, -0.967053, 0.052834, 0.0, 0.0, 0.0, 1.0],
                [0.86481, 0.276602, 0.419042, 0.121024, 0.224642, -0.959541, 0.169764, 0.055724, 0.449045, -0.052679, -0.891956, 0.028476, 0.0, 0.0, 0.0, 1.0],
                [0.834807, 0.263542, 0.483368, 0.121024, 0.216862, -0.96441, 0.15128, 0.055724, 0.506033, -0.021465, -0.862248, 0.028476, 0.0, 0.0, 0.0, 1.0]
            ]
        },
        {
            "name": "Leg_R",
            "time": [0.0, 0.1333, 0.1667, 0.2, 0.2333, 0.2667, 0.3, 0.3333, 0.3667, 0.6667, 1.3333],
            "transform": [
                [0.999995, 0.001649, -0.001046, -0.0, -0.001049, 0.90528, 0.424818, 0.374726, 0.001648, -0.424817, 0.905279, 0.0, 0.0, 0.0, 0.0, 1.0],
                [0.999997, 0.001826, 0.000692, 0.0, 0.00069, -0.662043, 0.749466, 0.374726, 0.001826, -0.749463, -0.662045, 0.0, 0.0, 0.0, 0.0, 1.0],
                [0.999997, 0.001764, 0.000837, 0.0, 0.000836, -0.774363, 0.632742, 0.374726, 0.001765, -0.632738, -0.774365, 0.0, 0.0, 0.0, 0.0, 1.0],
                [0.999997, 0.001749, 0.000869, 0.0, 0.000868, -0.796565, 0.604553, 0.374726, 0.001749, -0.604549, -0.796567, -0.0, 0.0, 0.0, 0.0, 1.0],
                [0.999997, 0.001836, 0.000667, -0.0, 0.000666, -0.641276, 0.767311, 0.374726, 0.001836, -0.767308, -0.641277, 0.0, 0.0, 0.0, 0.0, 1.0],
                [0.999997, 0.00186, 0.000592, -0.0, 0.00059, -0.577078, 0.81669, 0.374726, 0.001861, -0.816687, -0.577079, -0.0, 0.0, 0.0, 0.0, 1.0],
                [0.999997, 0.002, 0.000126, 0.0, 0.000124, -0.124486, 0.992222, 0.374726, 0.002, -0.992219, -0.124486, 0.0, 0.0, 0.0, 0.0, 1.0],
                [0.999997, 0.001789, -0.000795, 0.0, -0.000799, 0.743703, 0.668511, 0.374726, 0.001787, -0.668507, 0.743705, 0.0, 0.0, 0.0, 0.0, 1.0],
                [0.999997, 0.001683, -0.000994, -0.0, -0.000997, 0.876702, 0.481031, 0.374726, 0.001681, -0.481027, 0.876706, -0.0, 0.0, 0.0, 0.0, 1.0],
                [0.999996, 0.00169, -0.000978, -0.0, -0.000981, 0.867898, 0.496744, 0.374726, 0.001689, -0.496743, 0.867897, -0.0, 0.0, 0.0, 0.0, 1.0],
                [0.999995, 0.001649, -0.001046, -0.0, -0.001049, 0.90528, 0.424818, 0.374726, 0.001648, -0.424817, 0.905279, 0.0, 0.0, 0.0, 0.0, 1.0]
            ]
        },
        {
            "name": "Knee_R",
            "time": [0.0, 0.1333, 1.3333],
            "transform": [
                [1.0, -0.0, -0.0, 0.0, 0.0, -0.0, -1.0, 0.37472, 0.0, 1.0, 0.0, 0.0, 0.0, 0.0, 0.0, 1.0],
                [1.0, -0.0, 0.0, 0.0, -0.0, 0.0, -1.0, 0.37472, -0.0, 1.0, -0.0, -0.0, 0.0, 0.0, 0.0, 1.0],
                [1.0, -0.0, -0.0, 0.0, 0.0, -0.0, -1.0, 0.37472, 0.0, 1.0, 0.0, 0.0, 0.0, 0.0, 0.0, 1.0]
            ]
        },
        {
            "name": "Thigh_L",
            "time": [0.0, 0.1333, 0.1667, 0.2, 0.2333, 0.2667, 0.3, 0.3333, 0.3667, 0.6667, 1.3333],
            "transform": [
                [0.97935, -0.200918, -0.02235, -0.128846, -0.18232, -0.925605, 0.331693, 0.001995, -0.08733, -0.320771, -0.943122, -0.025006, 0.0, 0.0, 0.0, 1.0],
                [0.998081, 0.057531, -0.022962, -0.130112, 0.057615, -0.726029, 0.685246, 0.040005, 0.022752, -0.685253, -0.72795, 0.074235, 0.0, 0.0, 0.0, 1.0],
                [0.995652, 0.040697, -0.083799, -0.124445, 0.092751, -0.517088, 0.850892, 0.02919, -0.008703, -0.854965, -0.518614, 0.048949, 0.0, 0.0, 0.0, 1.0],
                [0.993475, 0.06444, -0.094112, -0.108598, 0.11361, -0.485883, 0.866609, 0.016263, 0.010117, -0.871646, -0.490033, 0.018678, 0.0, 0.0, 0.0, 1.0],
                [0.988546, 0.150509, -0.011204, -0.097531, 0.123176, -0.761667, 0.636154, 0.013261, 0.087214, -0.630247, -0.771482, 0.002905, 0.0, 0.0, 0.0, 1.0],
                [0.989836, 0.12384, -0.069935, -0.10326, 0.14079, -0.783592, 0.605113, 0.008155, 0.020137, -0.608808, -0.793062, 0.01453, 0.0, 0.0, 0.0, 1.0],
                [0.993592, -0.008113, -0.112747, -0.118654, 0.07605, -0.689959, 0.719843, 0.018892, -0.083631, -0.723804, -0.684919, 0.039975, 0.0, 0.0, 0.0, 1.0],
                [0.994075, -0.08435, -0.068579, -0.129648, 0.012294, -0.53956, 0.841858, 0.039831, -0.108013, -0.837712, -0.535325, 0.06743, 0.0, 0.0, 0.0, 1.0],
                [0.991024, -0.080778, -0.10653, -0.1308, 0.052449, -0.498038, 0.865568, 0.045963, -0.122975, -0.863385, -0.489331, 0.076377, 0.0, 0.0, 0.0, 1.0],
                [0.977953, -0.208415, -0.012962, -0.131036, -0.173619, -0.846036, 0.504067, -0.006291, -0.116021, -0.490705, -0.863567, -0.004536, 0.0, 0.0, 0.0, 1.0],
                [0.97935, -0.200918, -0.02235, -0.128846, -0.18232, -0.925605, 0.331693, 0.001995, -0.08733, -0.320771, -0.943122, -0.025006, 0.0, 0.0, 0.0, 1.0]
            ]
        },
        {
            "name": "Leg_L",
            "time": [0.0, 0.1333, 0.1667, 0.2, 0.2333, 0.2667, 0.3, 0.3333, 0.3667, 0.6667, 1.3333],
            "transform": [
                [0.999995, 0.001698, -0.000965, -0.0, -0.000968, 0.860236, 0.509895, 0.374726, 0.001696, -0.50989, 0.860241, 0.0, 0.0, 0.0, 0.0, 1.0],
                [0.999996, -0.001939, -0.000258, 0.0, -0.000261, -0.263269, 0.964722, 0.374726, -0.001939, -0.964722, -0.263269, -0.0, 0.0, 0.0, 0.0, 1.0],
                [0.999996, -0.001902, -0.00046, 0.0, -0.000461, -0.457242, 0.889342, 0.374726, -0.001902, -0.889342, -0.457242, 0.0, 0.0, 0.0, 0.0, 1.0],
                [0.999996, -0.001904, -0.000457, 0.0, -0.000458, -0.454488, 0.890754, 0.374726, -0.001904, -0.890752, -0.454487, -0.0, 0.0, 0.0, 0.0, 1.0],
                [0.999996, -0.001951, -0.000145, 0.0, -0.000147, -0.149168, 0.988812, 0.374726, -0.001951, -0.988812, -0.149168, 0.0, 0.0, 0.0, 0.0, 1.0],
                [0.999996, -0.001947, -0.000195, 0.0, -0.000197, -0.198921, 0.980016, 0.374726, -0.001947, -0.980014, -0.198921, -0.0, 0.0, 0.0, 0.0, 1.0],
                [0.999996, -0.001886, -0.000536, 0.0, -0.000537, -0.526414, 0.850229, 0.374726, -0.001886, -0.850228, -0.526414, 0.0, 0.0, 0.0, 0.0, 1.0],
                [0.999996, -0.001791, -0.000789, -0.0, -0.00079, -0.738072, 0.674722, 0.374726, -0.00179, -0.67472, -0.738072, -0.0, 0.0, 0.0, 0.0, 1.0],
                [0.999996, -0.001754, -0.000866, 0.0, -0.000866, -0.793911, 0.608035, 0.374726, -0.001754, -0.608033, -0.793911, -0.0, 0.0, 0.0, 0.0, 1.0],
                [0.999996, 0.001805, -0.000744, 0.0, -0.000748, 0.706487, 0.707728, 0.374726, 0.001803, -0.707724, 0.706489, -0.0, 0.0, 0.0, 0.0, 1.0],
                [0.999995, 0.001698, -0.000965, -0.0, -0.000968, 0.860236, 0.509895, 0.374726, 0.001696, -0.50989, 0.860241, 0.0, 0.0, 0.0, 0.0, 1.0]
            ]
        },
        {
            "name": "Knee_L",
            "time": [0.0, 0.1333, 1.3333],
            "transform": [
                [1.0, 0.0, -0.0, -0.0, -0.0, 0.0, -1.0, 0.37472, 0.0, 1.0, -0.0, 0.0, 0.0, 0.0, 0.0, 1.0],
                [1.0, 0.0, -0.0, 0.0, 0.0, -0.0, -1.0, 0.37472, 0.0, 1.0, 0.0, -0.0, 0.0, 0.0, 0.0, 1.0],
                [1.0, 0.0, -0.0, -0.0, -0.0, 0.0, -1.0, 0.37472, 0.0, 1.0, -0.0, 0.0, 0.0, 0.0, 0.0, 1.0]
            ]
        },
        {
            "name": "Torso",
            "time": [0.0, 0.1333, 0.1667, 0.2, 0.2333, 0.2667, 0.3, 0.3333, 0.3667, 0.6667, 1.3333],
            "transform": [
                [0.977282, 0.032243, -0.209483, -0.0, -0.031725, 0.999479, 0.005831, 0.05, 0.209562, 0.000948, 0.977795, -0.0, 0.0, 0.0, 0.0, 1.0],
                [0.988752, 0.013624, -0.148958, 0.0, 0.004302, 0.992839, 0.119363, 0.05, 0.149518, -0.11866, 0.981613, 0.0, 0.0, 0.0, 0.0, 1.0],
                [0.961747, -0.063365, -0.266517, 0.0, 0.122166, 0.969988, 0.210225, 0.05, 0.245199, -0.234742, 0.940624, 0.0, 0.0, 0.0, 0.0, 1.0],
                [0.883899, -0.075187, -0.461597, 0.0, 0.234331, 0.92536, 0.297985, 0.05, 0.40474, -0.371554, 0.835544, -0.0, 0.0, 0.0, 0.0, 1.0],
                [0.793729, 0.03532, -0.607247, 0.0, 0.271311, 0.872947, 0.405402, 0.05, 0.544415, -0.48653, 0.683301, -0.0, 0.0, 0.0, 0.0, 1.0],
                [0.80666, 0.112192, -0.580271, -0.0, 0.338807, 0.716692, 0.609557, 0.05, 0.484266, -0.688303, 0.540115, 0.0, 0.0, 0.0, 0.0, 1.0],
                [0.914522, -0.035476, -0.402981, -0.0, 0.308675, 0.70507, 0.638431, 0.05, 0.261482, -0.708247, 0.655753, -0.0, 0.0, 0.0, 0.0, 1.0],
                [0.974903, -0.116967, -0.189438, 0.0, 0.217274, 0.685508, 0.694888, 0.05, 0.048582, -0.718605, 0.693717, -0.0, 0.0, 0.0, 0.0, 1.0],
                [0.987567, -0.034492, -0.153375, 0.0, 0.127494, 0.746515, 0.653037, 0.05, 0.091973, -0.664471, 0.741632, -0.0, 0.0, 0.0, 0.0, 1.0],
                [0.99745, 0.057656, -0.042096, -0.0, -0.054887, 0.996425, 0.064203, 0.05, 0.045648, -0.061729, 0.997048, -0.0, 0.0, 0.0, 0.0, 1.0],
                [0.977282, 0.032243, -0.209483, -0.0, -0.031725, 0.999479, 0.005831, 0.05, 0.209562, 0.000948, 0.977795, -0.0, 0.0, 0.0, 0.0, 1.0]
            ]
        },
        {
            "name": "Chest",
            "time": [0.0, 0.1333, 0.1667, 0.2, 0.2333, 0.2667, 0.3, 0.3333, 0.3667, 0.6667, 1.3333],
            "transform": [
                [0.997482, -0.000571, -0.070918, -0.0, 0.011283, 0.988509, 0.150737, 0.3, 0.070017, -0.151158, 0.986027, -0.0, 0.0, 0.0, 0.0, 1.0],
                [0.964184, 0.037986, -0.262505, 0.0, 0.070929, 0.91672, 0.393179, 0.3, 0.25558, -0.397715, 0.881193, -0.0, 0.0, 0.0, 0.0, 1.0],
                [0.997333, -0.072841, 0.004752, -0.0, 0.063867, 0.90228, 0.42639, 0.3, -0.035346, -0.424949, 0.904527, -0.0, 0.0, 0.0, 0.0, 1.0],
                [0.956833, -0.183773, 0.225166, 0.0, 0.043199, 0.856039, 0.5151, 0.3, -0.287413, -0.483137, 0.827026, -0.0, 0.0, 0.0, 0.0, 1.0],
                [0.9681, -0.18604, 0.167851, 0.0, 0.039822, 0.775598, 0.629969, 0.3, -0.247385, -0.603186, 0.758265, 0.0, 0.0, 0.0, 0.0, 1.0],
                [0.990445, -0.111675, 0.080923, 0.0, 0.028748, 0.741057, 0.670826, 0.3, -0.134883, -0.662088, 0.737188, 0.0, 0.0, 0.0, 0.0, 1.0],
                [0.991879, 0.082673, 0.096664, -0.0, -0.116086, 0.898996, 0.422288, 0.3, -0.051989, -0.430078, 0.901293, 0.0, 0.0, 0.0, 0.0, 1.0],
                [0.981488, 0.131281, -0.139461, -0.0, -0.164088, 0.951911, -0.258724, 0.3, 0.098789, 0.276818, 0.95583, -0.0, 0.0, 0.0, 0.0, 1.0],
                [0.966159, -0.018798, -0.257266, -0.0, -0.056234, 0.958002, -0.281189, 0.3, 0.251748, 0.286139, 0.924525, 0.0, 0.0, 0.0, 0.0, 1.0],
                [0.999974, -0.001297, -0.007111, -0.0, 0.002839, 0.975168, 0.221446, 0.3, 0.006647, -0.22146, 0.975147, 0.0, 0.0, 0.0, 0.0, 1.0],
                [0.997482, -0.000571, -0.070918, -0.0, 0.011283, 0.988509, 0.150737, 0.3, 0.070017, -0.151158, 0.986027, -0.0, 0.0, 0.0, 0.0, 1.0]
            ]
        },
        {
            "name": "Head",
            "time": [0.0, 0.1333, 0.1667, 0.2, 0.2333, 0.2667, 0.3, 0.3333, 0.3667, 0.6667, 1.3333],
            "transform": [
                [0.956979, -0.023323, 0.289213, 0.0, 0.038666, 0.998124, -0.047453, 0.4, -0.287563, 0.056594, 0.956089, 0.0, 0.0, 0.0, 0.0, 1.0],
                [0.911108, 0.022107, 0.411575, 0.0, 0.076859, 0.971931, -0.22235, 0.4, -0.404939, 0.234218, 0.883837, 0.0, 0.0, 0.0, 0.0, 1.0],
                [0.989599, 0.05879, 0.131285, 0.0, -0.029707, 0.976518, -0.21337, 0.4, -0.140746, 0.20725, 0.968112, 0.0, 0.0, 0.0, 0.0, 1.0],
                [0.998615, 0.026828, 0.045252, -0.0, -0.01903, 0.986159, -0.164696, 0.4, -0.049044, 0.163607, 0.985307, 0.0, 0.0, 0.0, 0.0, 1.0],
                [0.909011, -0.15588, 0.386523, 0.0, 0.277304, 0.918552, -0.281712, 0.4, -0.311129, 0.363262, 0.878203, -0.0, 0.0, 0.0, 0.0, 1.0],
                [0.867079, -0.008907, 0.498092, 0.0, 0.3887, 0.637459, -0.66525, 0.4, -0.311588, 0.770429, 0.556191, 0.0, 0.0, 0.0, 0.0, 1.0],
                [0.938648, 0.00869, 0.344769, 0.0, 0.238622, 0.705394, -0.667441, 0.4, -0.248998, 0.708758, 0.660046, -0.0, 0.0, 0.0, 0.0, 1.0],
                [0.951969, 0.031976, 0.304519, 0.0, 0.024199, 0.983563, -0.178929, 0.4, -0.305235, 0.177703, 0.93555, 0.0, 0.0, 0.0, 0.0, 1.0],
                [0.903748, 0.112399, 0.413043, 0.0, -0.040097, 0.982895, -0.179737, 0.4, -0.42618, 0.145875, 0.892801, 0.0, 0.0, 0.0, 0.0, 1.0],
                [0.998963, -0.025779, 0.037464, 0.0, 0.029138, 0.995327, -0.092052, 0.4, -0.034916, 0.093048, 0.995051, -0.0, 0.0, 0.0, 0.0, 1.0],
                [0.956979, -0.023323, 0.289213, 0.0, 0.038666, 0.998124, -0.047453, 0.4, -0.287563, 0.056594, 0.956089, 0.0, 0.0, 0.0, 0.0, 1.0]
            ]
        },
        {
            "name": "Shoulder_R",
            "time": [0.0, 0.1333, 0.1667, 0.2, 0.2333, 0.2667, 0.3, 0.3333, 0.3667, 0.6667, 1.3333],
            "transform": [
                [0.139394, 0.807716, 0.572869, 0.0, -0.044251, -0.57286, 0.818466, 0.4, 0.989233, -0.139442, -0.044112, 0.0, 0.0, 0.0, 0.0, 1.0],
                [-0.071235, 0.890058, 0.450263, 0.0, -0.038484, -0.453528, 0.890416, 0.4, 0.996705, 0.046102, 0.066561, 0.0, 0.0, 0.0, 0.0, 1.0],
                [-0.397643, 0.870361, 0.290446, 0.0, -0.021543, -0.32532, 0.945363, 0.4, 0.917274, 0.369666, 0.148113, 0.0, 0.0, 0.0, 0.0, 1.0],
                [-0.436218, 0.856814, 0.274939, -0.0, -0.020456, -0.314907, 0.948907, 0.4, 0.899595, 0.408312, 0.154896, 0.0, 0.0, 0.0, 0.0, 1.0],
                [-0.473503, 0.829456, 0.296318, 0.0, -0.025687, -0.349285, 0.936669, 0.4, 0.880404, 0.435911, 0.186695, -0.0, 0.0, 0.0, 0.0, 1.0],
                [-0.420834, 0.819438, 0.389137, 0.0, -0.035198, -0.443403, 0.895636, 0.4, 0.906441, 0.363223, 0.215444, 0.0, 0.0, 0.0, 0.0, 1.0],
                [-0.058645, 0.837419, 0.543418, 0.0, -0.057922, -0.546295, 0.835593, 0.4, 0.996585, 0.017528, 0.080543, -0.0, 0.0, 0.0, 0.0, 1.0],
                [0.395312, 0.883056, 0.25288, 0.0, -0.040317, -0.258359, 0.965212, 0.4, 0.917648, -0.391761, -0.066531, 0.0, 0.0, 0.0, 0.0, 1.0],
                [0.755206, 0.649367, -0.089319, 0.0, 0.026842, 0.105513, 0.994061, 0.4, 0.654918, -0.75313, 0.062255, 0.0, 0.0, 0.0, 0.0, 1.0],
                [0.127846, 0.841594, 0.524776, 0.0, -0.041957, -0.524057, 0.850657, 0.4, 0.990891, -0.130774, -0.031688, -0.0, 0.0, 0.0, 0.0, 1.0],
                [0.139394, 0.807716, 0.572869, 0.0, -0.044251, -0.57286, 0.818466, 0.4, 0.989233, -0.139442, -0.044112, 0.0, 0.0, 0.0, 0.0, 1.0]
            ]
        },
        {
            "name": "Arm_R",
            "time": [0.0, 0.1333, 0.1667, 0.2, 0.2333, 0.2667, 0.3, 0.3333, 0.3667, 0.6667, 1.3333],
            "transform": [
                [-0.077847, 0.121524, -0.984562, 0.0, 0.544023, 0.840338, 0.059567, 0.39386, 0.837593, -0.534511, -0.130196, -0.0, 0.0, 0.0, 0.0, 1.0],
                [0.048947, 0.102004, -0.991501, 0.0, 0.084315, 0.992917, 0.105434, 0.39386, 0.995241, -0.089134, 0.039831, -0.0, 0.0, 0.0, 0.0, 1.0],
                [0.623734, 0.047724, -0.778535, 0.0, 0.11382, 0.984047, 0.150613, 0.39386, 0.773317, -0.183329, 0.605775, -0.0, 0.0, 0.0, 0.0, 1.0],
                [0.754441, 0.323729, -0.570166, 0.0, 0.011754, 0.865545, 0.502773, 0.39386, 0.656281, -0.387651, 0.646441, -0.0, 0.0, 0.0, 0.0, 1.0],
                [0.737703, 0.253452, -0.624642, 0.0, 0.133084, 0.856323, 0.501025, 0.393861, 0.661895, -0.454657, 0.595444, -0.0, 0.0, 0.0, 0.0, 1.0],
                [0.714337, 0.008258, -0.698276, -0.0, 0.378715, 0.838078, 0.395604, 0.39386, 0.588487, -0.549361, 0.593017, 0.0, 0.0, 0.0, 0.0, 1.0],
                [0.99839, -0.016982, -0.054355, -0.0, 0.044761, 0.826434, 0.562613, 0.39386, 0.035368, -0.566531, 0.822348, -0.0, 0.0, 0.0, 0.0, 1.0],
                [0.957126, -0.168458, -0.235464, -0.0, 0.20532, 0.970233, 0.142752, 0.39386, 0.204414, -0.185761, 0.959129, -0.0, 0.0, 0.0, 0.0, 1.0],
                [0.562292, -0.827127, -0.050861, 0.0, 0.438281, 0.350457, -0.826253, 0.39386, 0.70125, 0.44419, 0.55719, -0.0, 0.0, 0.0, 0.0, 1.0],
                [0.256968, 0.183385, -0.944276, 0.0, 0.53376, 0.795173, 0.29512, 0.393861, 0.807869, -0.583703, 0.105371, 0.0, 0.0, 0.0, 0.0, 1.0],
                [-0.077847, 0.121524, -0.984562, 0.0, 0.544023, 0.840338, 0.059567, 0.39386, 0.837593, -0.534511, -0.130196, -0.0, 0.0, 0.0, 0.0, 1.0]
            ]
        },
        {
            "name": "Hand_R",
            "time": [0.0, 0.1333, 0.1667, 0.2, 0.2333, 0.2667, 0.3, 0.3333, 0.3667, 0.6667, 1.3333],
            "transform": [
                [0.997798, -0.001651, -0.001053, -0.0, 0.001046, 0.909432, -0.421277, 0.300002, 0.001646, 0.422664, 0.906443, -0.0, 0.0, 0.0, 0.0, 1.0],
                [1.00089, 0.001855, 0.000631, 0.0, -0.00063, 0.613147, -0.788414, 0.300003, -0.001852, 0.793512, 0.609206, 0.0, 0.0, 0.0, 0.0, 1.0],
                [1.00089, 0.001882, 0.00055, -0.0, -0.000547, 0.541107, -0.838685, 0.300003, -0.001879, 0.844702, 0.537251, 0.0, 0.0, 0.0, 0.0, 1.0],
                [1.00089, 0.001808, 0.000757, 0.0, -0.000757, 0.715433, -0.698155, 0.300003, -0.001807, 0.701859, 0.711656, 0.0, 0.0, 0.0, 0.0, 1.0],
                [1.00089, 0.001753, 0.000876, -0.0, -0.000877, 0.802599, -0.596805, 0.300003, -0.001752, 0.599297, 0.79926, 0.0, 0.0, 0.0, 0.0, 1.0],
                [1.00089, 0.001563, 0.001207, 0.0, -0.00121, 0.968372, -0.250702, 0.300003, -0.001563, 0.251117, 0.966764, 0.0, 0.0, 0.0, 0.0, 1.0],
                [1.00089, 0.001877, 0.00059, -0.0, -0.000588, 0.574798, -0.816361, 0.300003, -0.001875, 0.821938, 0.570896, -0.0, 0.0, 0.0, 0.0, 1.0],
                [1.00089, 0.001945, 0.0007, 0.0, -0.0007, 0.640843, -0.766397, 0.300003, -0.001943, 0.771124, 0.636913, -0.0, 0.0, 0.0, 0.0, 1.0],
                [1.000891, 0.001486, 0.001279, -0.0, -0.001282, 0.98926, -0.147508, 0.300002, -0.001487, 0.1477, 0.987964, -0.0, 0.0, 0.0, 0.0, 1.0],
                [0.997798, -0.001801, -0.000779, 0.0, 0.000768, 0.732179, -0.68328, 0.300003, 0.001793, 0.688912, 0.726191, 0.0, 0.0, 0.0, 0.0, 1.0],
                [0.997798, -0.001651, -0.001053, -0.0, 0.001046, 0.909432, -0.421277, 0.300002, 0.001646, 0.422664, 0.906443, -0.0, 0.0, 0.0, 0.0, 1.0]
            ]
        },
        {
            "name": "Tool_R",
            "time": [0.0, 0.1333, 0.3, 0.3333, 0.3667, 0.6667, 1.3333],
            "transform": [
                [0.989976, 0.143875, -0.00126, -0.002467, 0.129324, -0.896501, -0.426513, 0.248097, -0.062531, 0.423688, -0.902052, -0.002652, 0.0, 0.0, 0.0, 1.0],
                [0.967828, 0.204256, -0.147726, -0.0, 0.157718, -0.94809, -0.276925, 0.272858, -0.196668, 0.244849, -0.949058, 0.0, 0.0, 0.0, 0.0, 1.0],
                [0.801767, 0.594794, 0.061134, -0.0, 0.554173, -0.777808, 0.297059, 0.272858, 0.224293, -0.204404, -0.952491, 0.0, 0.0, 0.0, 0.0, 1.0],
                [0.458963, 0.532155, 0.71132, -0.0, 0.859688, -0.063252, -0.50687, 0.272858, -0.224795, 0.844605, -0.486136, 0.0, 0.0, 0.0, 0.0, 1.0],
                [0.711459, 0.703007, 0.001201, -0.0, -0.127828, 0.131085, -0.982719, 0.272858, -0.691181, 0.699389, 0.182982, 0.0, 0.0, 0.0, 0.0, 1.0],
                [0.975769, 0.185535, 0.119317, -0.002467, 0.219461, -0.869157, -0.446252, 0.248096, 0.020922, 0.463919, -0.883777, -0.002652, 0.0, 0.0, 0.0, 1.0],
                [0.946294, 0.217971, -0.239925, -0.002467, 0.072123, -0.865793, -0.497037, 0.248097, -0.316249, 0.45477, -0.831266, -0.002652, 0.0, 0.0, 0.0, 1.0]
            ]
        },
        {
            "name": "Elbow_R",
            "time": [0.0, 0.1333, 1.3333],
            "transform": [
                [-1.0, 0.0, -0.0, 0.0, -0.0, -0.0, -1.0, 0.3, 0.0, -1.0, -0.0, -0.0, 0.0, 0.0, 0.0, 1.0],
                [-1.0, 0.0, 0.0, 0.0, -0.0, -0.0, -1.0, 0.3, -0.0, -1.0, -0.0, 0.0, 0.0, 0.0, 0.0, 1.0],
                [-1.0, 0.0, -0.0, 0.0, -0.0, -0.0, -1.0, 0.3, 0.0, -1.0, -0.0, -0.0, 0.0, 0.0, 0.0, 1.0]
            ]
        },
        {
            "name": "Shoulder_L",
            "time": [0.0, 0.1333, 0.1667, 0.2, 0.2333, 0.2667, 0.3, 0.3333, 0.3667, 0.6667, 1.3333],
            "transform": [
                [-0.0088, -0.776859, -0.629622, 0.0, 0.073816, -0.628436, 0.774356, 0.4, -0.997223, -0.039662, 0.062875, 0.0, 0.0, 0.0, 0.0, 1.0],
                [0.168875, -0.84339, -0.510088, 0.0, 0.069076, -0.506123, 0.859698, 0.4, -0.983198, -0.18042, -0.027214, 0.0, 0.0, 0.0, 0.0, 1.0],
                [-0.100438, -0.874027, -0.475399, 0.0, 0.063114, -0.482452, 0.873653, 0.4, -0.992924, 0.057745, 0.103621, 0.0, 0.0, 0.0, 0.0, 1.0],
                [-0.049627, -0.837221, -0.544623, -0.0, 0.081508, -0.546873, 0.833246, 0.4, -0.995421, -0.00304, 0.095381, 0.0, 0.0, 0.0, 0.0, 1.0],
                [0.011563, -0.796497, -0.604545, 0.0, 0.098267, -0.600756, 0.793378, 0.4, -0.995078, -0.068583, 0.071324, -0.0, 0.0, 0.0, 0.0, 1.0],
                [0.009714, -0.802093, -0.597133, 0.0, 0.097365, -0.593568, 0.798881, 0.4, -0.995186, -0.065902, 0.072331, 0.0, 0.0, 0.0, 0.0, 1.0],
                [0.077139, -0.816626, -0.572003, 0.0, 0.094551, -0.565138, 0.819568, 0.4, -0.992512, -0.117306, 0.033619, -0.0, 0.0, 0.0, 0.0, 1.0],
                [0.514208, -0.803936, -0.298801, 0.0, 0.040301, -0.325358, 0.944739, 0.4, -0.856699, -0.497844, -0.134904, 0.0, 0.0, 0.0, 0.0, 1.0],
                [0.682742, -0.730105, 0.028379, 0.0, -0.048581, -0.006608, 0.998804, 0.4, -0.729021, -0.683316, -0.039982, 0.0, 0.0, 0.0, 0.0, 1.0],
                [-0.048628, -0.822102, -0.56727, 0.0, 0.07079, -0.569354, 0.819044, 0.4, -0.996295, -0.000329, 0.085884, -0.0, 0.0, 0.0, 0.0, 1.0],
                [-0.0088, -0.776859, -0.629622, 0.0, 0.073816, -0.628436, 0.774356, 0.4, -0.997223, -0.039662, 0.062875, 0.0, 0.0, 0.0, 0.0, 1.0]
            ]
        },
        {
            "name": "Arm_L",
            "time": [0.0, 0.1333, 0.1667, 0.2, 0.2333, 0.2667, 0.3, 0.3333, 0.3667, 0.6667, 1.3333],
            "transform": [
                [-0.083406, -0.141677, 0.98435, 0.0, -0.487769, 0.87083, 0.083127, 0.39386, -0.868981, -0.475209, -0.141139, -0.0, 0.0, 0.0, 0.0, 1.0],
                [0.482715, -0.413519, 0.769336, 0.0, -0.226544, 0.796725, 0.56129, 0.39386, -0.848093, -0.448188, 0.287956, -0.0, 0.0, 0.0, 0.0, 1.0],
                [0.441504, 0.031466, 0.892538, -0.0, -0.071067, 1.000783, -2.1e-05, 0.39386, -0.896448, -0.063841, 0.43958, -0.0, 0.0, 0.0, 0.0, 1.0],
                [0.615119, -0.403489, 0.6757, 0.0, 0.012819, 0.868291, 0.498328, 0.39386, -0.790611, -0.299847, 0.533794, -0.0, 0.0, 0.0, 0.0, 1.0],
                [0.760755, -0.334425, 0.555928, -0.0, -0.227478, 0.671263, 0.704078, 0.39386, -0.610831, -0.66649, 0.430172, -0.0, 0.0, 0.0, 0.0, 1.0],
                [0.923562, -0.049034, 0.382387, -0.0, -0.258888, 0.663743, 0.700375, 0.39386, -0.289192, -0.750786, 0.594203, -0.0, 0.0, 0.0, 0.0, 1.0],
                [0.959835, 0.162866, 0.234788, -0.0, -0.250963, 0.877264, 0.413483, 0.39386, -0.139131, -0.458823, 0.873916, -0.0, 0.0, 0.0, 0.0, 1.0],
                [0.93086, 0.167646, 0.328022, 0.0, -0.190565, 0.984217, 0.038737, 0.39386, -0.317495, -0.099222, 0.938472, -0.0, 0.0, 0.0, 0.0, 1.0],
                [0.645991, 0.621942, 0.444864, 0.0, -0.11892, 0.661332, -0.738803, 0.39386, -0.75641, 0.42718, 0.496076, -0.0, 0.0, 0.0, 0.0, 1.0],
                [-0.076424, 0.189497, 0.976909, -0.0, -0.595415, 0.78056, -0.196516, 0.39386, -0.799777, -0.599216, 0.052951, 0.0, 0.0, 0.0, 0.0, 1.0],
                [-0.083406, -0.141677, 0.98435, 0.0, -0.487769, 0.87083, 0.083127, 0.39386, -0.868981, -0.475209, -0.141139, -0.0, 0.0, 0.0, 0.0, 1.0]
            ]
        },
        {
            "name": "Hand_L",
            "time": [0.0, 0.1333, 0.1667, 0.2, 0.2333, 0.2667, 0.3, 0.3333, 0.3667, 0.6667, 1.3333],
            "transform": [
                [1.00089, 0.001706, 0.000957, -0.0, -0.000957, 0.854917, -0.519468, 0.300002, -0.001707, 0.52125, 0.851991, 0.0, 0.0, 0.0, 0.0, 1.0],
                [0.997799, 0.001966, 0.000178, -0.0, -0.000147, 0.167947, -0.979027, 0.300003, -0.001946, 0.995494, 0.165168, 0.0, 0.0, 0.0, 0.0, 1.0],
                [0.997798, 0.001974, 9.7e-05, -0.0, -9.3e-05, 0.09844, -0.988081, 0.300003, -0.001951, 1.004802, 0.096802, 0.0, 0.0, 0.0, 0.0, 1.0],
                [0.997797, 0.001974, 7e-06, 0.0, -2.9e-05, 0.018775, -0.992461, 0.300003, -0.00195, 1.009618, 0.018456, 0.0, 0.0, 0.0, 0.0, 1.0],
                [0.997798, 0.001942, 0.000428, 0.0, -0.000406, 0.417964, -0.904862, 0.300003, -0.001927, 0.917327, 0.412284, 0.0, 0.0, 0.0, 0.0, 1.0],
                [0.997798, 0.001837, 0.000701, -0.0, -0.000687, 0.669155, -0.744008, 0.300003, -0.001827, 0.751254, 0.662699, -0.0, 0.0, 0.0, 0.0, 1.0],
                [0.997798, 0.001752, 0.000932, -0.0, -0.000922, 0.831987, -0.558825, 0.300003, -0.001746, 0.561949, 0.827358, -0.0, 0.0, 0.0, 0.0, 1.0],
                [0.997798, 0.001855, 0.00084, 0.0, -0.000828, 0.754735, -0.658614, 0.300003, -0.001847, 0.663667, 0.748986, -0.0, 0.0, 0.0, 0.0, 1.0],
                [0.997799, 0.001392, 0.001374, -0.0, -0.001368, 1.00123, -0.013833, 0.300003, -0.001389, 0.013835, 1.000929, -0.0, 0.0, 0.0, 0.0, 1.0],
                [1.00089, 0.001747, 0.00088, 0.0, -0.000881, 0.806287, -0.591848, 0.300003, -0.001747, 0.594287, 0.802975, -0.0, 0.0, 0.0, 0.0, 1.0],
                [1.00089, 0.001706, 0.000957, -0.0, -0.000957, 0.854917, -0.519468, 0.300002, -0.001707, 0.52125, 0.851991, 0.0, 0.0, 0.0, 0.0, 1.0]
            ]
        },
        {
            "name": "Tool_L",
            "time": [0.0, 0.1333, 0.3, 0.3333, 0.3667, 0.6667, 1.3333],
            "transform": [
                [0.996302, -0.082835, -0.02248, 0.0, -0.085807, -0.964338, -0.251277, 0.272858, -0.000863, 0.252399, -0.967432, 0.0, 0.0, 0.0, 0.0, 1.0],
                [0.953818, -0.172892, 0.245981, 0.002468, 0.082926, -0.642429, -0.760557, 0.248097, 0.289668, 0.75321, -0.592234, -0.002652, 0.0, 0.0, 0.0, 1.0],
                [0.967509, -0.089662, -0.236433, 0.002468, -0.085742, -1.000938, 0.024917, 0.248097, -0.239012, -0.003874, -0.966009, -0.002652, 0.0, 0.0, 0.0, 1.0],
                [0.987645, -0.074972, -0.139031, 0.002468, -0.156391, -0.318301, -0.930707, 0.248097, 0.025537, 0.950261, -0.322721, -0.002652, 0.0, 0.0, 0.0, 1.0],
                [0.77761, -0.593828, 0.214344, 0.002399, 0.298651, 0.045455, -0.948495, 0.24879, 0.553778, 0.809335, 0.210541, -0.002578, 0.0, 0.0, 0.0, 1.0],
                [0.983181, -0.175612, 0.051347, -0.0, -0.136045, -0.890663, -0.43509, 0.272858, 0.122144, 0.421532, -0.89792, -0.0, 0.0, 0.0, 0.0, 1.0],
                [0.996302, -0.082835, -0.02248, 0.0, -0.085807, -0.964338, -0.251277, 0.272858, -0.000863, 0.252399, -0.967432, 0.0, 0.0, 0.0, 0.0, 1.0]
            ]
        },
        {
            "name": "Elbow_L",
            "time": [0.0, 0.1333, 1.3333],
            "transform": [
                [-1.0, 0.0, 0.0, -0.0, -0.0, -0.0, -1.0, 0.3, 0.0, -1.0, 0.0, 0.0, 0.0, 0.0, 0.0, 1.0],
                [-1.0, 0.0, 0.0, -0.0, 0.0, -0.0, -1.0, 0.3, 0.0, -1.0, -0.0, -0.0, 0.0, 0.0, 0.0, 1.0],
                [-1.0, 0.0, 0.0, -0.0, -0.0, -0.0, -1.0, 0.3, 0.0, -1.0, 0.0, 0.0, 0.0, 0.0, 0.0, 1.0]
            ]
        }
    ]
}