{
    "animation": [
        {
            "name": "Root",
            "time": [0.0, 0.0667, 0.1, 0.1333, 0.1667, 0.2, 0.2333, 0.2667, 0.3, 0.3333, 0.3667, 0.4, 0.4333, 0.4667, 0.5, 0.5333, 0.5667, 0.6, 0.6333, 0.6667, 0.7, 0.7333, 0.7667, 0.8, 0.8333, 0.8667, 0.9, 0.9333, 0.9667, 1.0, 1.0333, 1.0667, 1.1, 1.1333, 1.1667, 1.2, 1.2333, 1.2667, 1.3, 1.3333, 1.3667, 1.4, 1.4333, 1.4667, 1.5, 1.5333, 1.5667, 1.6, 1.6333, 1.6667, 1.7, 1.7333, 1.7667, 1.8, 1.8333, 1.8667, 1.9],
            "transform": [
                [1.0, 0.000632, 1e-06, 0.00031, -1e-06, 0.003856, -0.999993, 0.001844, -0.000632, 0.999992, 0.003856, 0.670335, 0.0, 0.0, 0.0, 1.0],
                [0.999999, 0.001602, 3e-06, -0.018312, -3e-06, 0.003565, -0.999993, -0.018059, -0.001602, 0.999992, 0.003565, 0.547165, 0.0, 0.0, 0.0, 1.0],
                [0.999998, 0.002185, 4e-06, -0.029377, -3e-06, 0.00324, -0.999995, -0.01607, -0.002185, 0.999992, 0.00324, 0.471581, 0.0, 0.0, 0.0, 1.0],
                [0.999996, 0.002679, 4e-06, -0.032412, -4e-06, 0.002845, -0.999996, 0.020571, -0.002679, 0.999992, 0.002845, 0.415711, 0.0, 0.0, 0.0, 1.0],
                [0.999995, 0.003116, 4e-06, -0.026784, -4e-06, 0.002358, -0.999997, 0.105888, -0.003116, 0.999992, 0.002358, 0.386465, 0.0, 0.0, 0.0, 1.0],
                [0.999994, 0.003477, 3e-06, -0.013229, -3e-06, 0.001784, -0.999998, 0.226312, -0.003477, 0.999992, 0.001784, 0.371619, 0.0, 0.0, 0.0, 1.0],
                [0.999993, 0.003688, 2e-06, -0.000185, -2e-06, 0.001293, -0.999999, 0.360476, -0.003688, 0.999992, 0.001293, 0.366015, 0.0, 0.0, 0.0, 1.0],
                [0.999993, 0.003778, 2e-06, 0.008584, -2e-06, 0.001, -1.0, 0.487003, -0.003778, 0.999992, 0.001, 0.362397, 0.0, 0.0, 0.0, 1.0],
                [0.999993, 0.003712, 2e-06, 0.002843, -3e-06, 0.001221, -0.999999, 0.60076, -0.003712, 0.999992, 0.001221, 0.377469, 0.0, 0.0, 0.0, 1.0],
                [0.999994, 0.003452, 3e-06, -0.007827, -3e-06, 0.001831, -0.999998, 0.714019, -0.003452, 0.999992, 0.001831, 0.394907, 0.0, 0.0, 0.0, 1.0],
                [0.999996, 0.002994, 4e-06, -0.016657, -4e-06, 0.002512, -0.999997, 0.822374, -0.002994, 0.999992, 0.002512, 0.383907, 0.0, 0.0, 0.0, 1.0],
                [0.999997, 0.002286, 4e-06, -0.021451, -4e-06, 0.00317, -0.999995, 0.945202, -0.002286, 0.999992, 0.00317, 0.373716, 0.0, 0.0, 0.0, 1.0],
                [0.999999, 0.001138, 2e-06, -0.021299, -2e-06, 0.003739, -0.999993, 1.127401, -0.001138, 0.999992, 0.003739, 0.393221, 0.0, 0.0, 0.0, 1.0],
                [1.0, 0.000237, 0.0, -0.011013, -1e-06, 0.003901, -0.999992, 1.288141, -0.000237, 0.999992, 0.003901, 0.414823, 0.0, 0.0, 0.0, 1.0],
                [1.0, 0.000337, 1e-06, 0.021649, -1e-06, 0.003893, -0.999992, 1.36283, -0.000337, 0.999992, 0.003893, 0.421448, 0.0, 0.0, 0.0, 1.0],
                [1.0, 0.000817, 2e-06, 0.05885, -2e-06, 0.003822, -0.999992, 1.406092, -0.000817, 0.999992, 0.003822, 0.424022, 0.0, 0.0, 0.0, 1.0],
                [0.999999, 0.001249, 2e-06, 0.085368, -3e-06, 0.003703, -0.999993, 1.448849, -0.001249, 0.999992, 0.003703, 0.426596, 0.0, 0.0, 0.0, 1.0],
                [0.999999, 0.001511, 3e-06, 0.086601, -3e-06, 0.003604, -0.999993, 1.499628, -0.001511, 0.999992, 0.003604, 0.435889, 0.0, 0.0, 0.0, 1.0],
                [0.999999, 0.001743, 3e-06, 0.076011, -3e-06, 0.003498, -0.999994, 1.549914, -0.001743, 0.999992, 0.003498, 0.446601, 0.0, 0.0, 0.0, 1.0],
                [0.999998, 0.001948, 3e-06, 0.062783, -3e-06, 0.003388, -0.999994, 1.605111, -0.001948, 0.999992, 0.003388, 0.445392, 0.0, 0.0, 0.0, 1.0],
                [0.999997, 0.002207, 3e-06, 0.048061, -4e-06, 0.003225, -0.999995, 1.681476, -0.002207, 0.999992, 0.003225, 0.413674, 0.0, 0.0, 0.0, 1.0],
                [0.999998, 0.002171, 4e-06, 0.032497, -4e-06, 0.00325, -0.999995, 1.74616, -0.002171, 0.999992, 0.00325, 0.371721, 0.0, 0.0, 0.0, 1.0],
                [0.999999, 0.001537, 2e-06, 0.018083, -3e-06, 0.003593, -0.999994, 1.768866, -0.001537, 0.999992, 0.003593, 0.332833, 0.0, 0.0, 0.0, 1.0],
                [1.0, 0.000699, 1e-06, 0.005111, -1e-06, 0.003845, -0.999992, 1.776177, -0.000699, 0.999992, 0.003845, 0.296107, 0.0, 0.0, 0.0, 1.0],
                [0.999992, -4e-05, 0.003875, -0.005084, 0.003876, 0.003908, -0.999985, 1.785217, 2.5e-05, 0.999992, 0.003908, 0.278646, 0.0, 0.0, 0.0, 1.0],
                [0.999994, -0.00072, 0.003351, -0.012676, 0.003354, 0.003841, -0.999987, 1.803647, 0.000707, 0.999992, 0.003843, 0.294129, 0.0, 0.0, 0.0, 1.0],
                [0.999994, -0.001405, 0.003023, -0.016997, 0.003028, 0.003646, -0.999989, 1.823822, 0.001394, 0.999992, 0.00365, 0.327986, 0.0, 0.0, 0.0, 1.0],
                [0.999994, -0.001881, 0.002876, -0.018191, 0.002882, 0.003425, -0.99999, 1.839997, 0.001871, 0.999992, 0.003431, 0.357804, 0.0, 0.0, 0.0, 1.0],
                [0.999994, -0.002057, 0.002836, -0.012959, 0.002843, 0.003323, -0.99999, 1.849077, 0.002048, 0.999992, 0.003329, 0.372424, 0.0, 0.0, 0.0, 1.0],
                [0.999994, -0.002047, 0.002838, -0.004605, 0.002845, 0.003329, -0.99999, 1.854204, 0.002037, 0.999992, 0.003335, 0.381664, 0.0, 0.0, 0.0, 1.0],
                [0.999994, -0.001978, 0.002853, 0.001592, 0.00286, 0.00337, -0.99999, 1.858995, 0.001969, 0.999992, 0.003375, 0.388221, 0.0, 0.0, 0.0, 1.0],
                [0.999994, -0.001917, 0.002867, 0.005525, 0.002874, 0.003406, -0.99999, 1.86519, 0.001907, 0.999992, 0.003411, 0.393886, 0.0, 0.0, 0.0, 1.0],
                [0.999994, -0.001849, 0.002884, 0.009348, 0.002891, 0.003442, -0.99999, 1.871919, 0.001839, 0.999992, 0.003448, 0.397934, 0.0, 0.0, 0.0, 1.0],
                [0.999994, -0.001772, 0.002904, 0.013062, 0.00291, 0.003483, -0.99999, 1.8789, 0.001761, 0.999992, 0.003488, 0.401258, 0.0, 0.0, 0.0, 1.0],
                [0.999994, -0.001686, 0.00293, 0.016624, 0.002936, 0.003526, -0.999989, 1.885843, 0.001676, 0.999992, 0.003531, 0.404583, 0.0, 0.0, 0.0, 1.0],
                [0.999994, -0.001595, 0.002958, 0.019784, 0.002964, 0.003569, -0.999989, 1.892459, 0.001584, 0.999992, 0.003574, 0.407907, 0.0, 0.0, 0.0, 1.0],
                [0.999994, -0.001501, 0.002991, 0.022497, 0.002996, 0.00361, -0.999989, 1.898465, 0.00149, 0.999992, 0.003615, 0.412531, 0.0, 0.0, 0.0, 1.0],
                [0.999994, -0.001402, 0.003028, 0.024764, 0.003033, 0.003651, -0.999989, 1.903572, 0.001391, 0.999992, 0.003656, 0.418456, 0.0, 0.0, 0.0, 1.0],
                [0.999994, -0.001302, 0.003065, 0.025564, 0.003069, 0.003686, -0.999988, 1.907492, 0.001291, 0.999992, 0.00369, 0.426119, 0.0, 0.0, 0.0, 1.0],
                [0.999994, -0.001202, 0.003105, 0.024943, 0.00311, 0.003719, -0.999988, 1.909943, 0.00119, 0.999992, 0.003723, 0.437322, 0.0, 0.0, 0.0, 1.0],
                [0.999994, -0.001103, 0.003149, 0.023052, 0.003153, 0.003749, -0.999988, 1.910593, 0.001091, 0.999992, 0.003753, 0.453294, 0.0, 0.0, 0.0, 1.0],
                [0.999994, -0.001001, 0.003199, 0.01768, 0.003203, 0.003779, -0.999988, 1.909459, 0.000989, 0.999992, 0.003782, 0.474429, 0.0, 0.0, 0.0, 1.0],
                [0.999994, -0.000896, 0.003253, 0.01162, 0.003256, 0.003805, -0.999987, 1.906742, 0.000883, 0.999992, 0.003808, 0.499101, 0.0, 0.0, 0.0, 1.0],
                [0.999994, -0.000789, 0.003312, 0.005577, 0.003315, 0.003829, -0.999987, 1.902738, 0.000777, 0.999992, 0.003831, 0.524636, 0.0, 0.0, 0.0, 1.0],
                [0.999994, -0.00068, 0.003377, -0.000493, 0.003379, 0.003849, -0.999987, 1.897599, 0.000667, 0.999992, 0.003851, 0.549399, 0.0, 0.0, 0.0, 1.0],
                [0.999994, -0.000571, 0.003447, -0.00607, 0.00345, 0.003867, -0.999987, 1.891571, 0.000558, 0.999992, 0.003869, 0.571195, 0.0, 0.0, 0.0, 1.0],
                [0.999994, -0.000462, 0.003523, -0.008931, 0.003525, 0.003882, -0.999986, 1.884881, 0.000448, 0.999992, 0.003883, 0.588008, 0.0, 0.0, 0.0, 1.0],
                [0.999993, -0.000345, 0.00361, -0.010049, 0.003612, 0.003894, -0.999986, 1.876904, 0.000331, 0.999992, 0.003895, 0.601873, 0.0, 0.0, 0.0, 1.0],
                [0.999993, -0.000223, 0.003708, -0.009824, 0.003709, 0.003901, -0.999985, 1.867213, 0.000208, 0.999992, 0.003902, 0.613276, 0.0, 0.0, 0.0, 1.0],
                [0.999998, -8.4e-05, 0.001854, -0.009084, 0.001854, 0.003909, -0.999991, 1.856346, 7.7e-05, 0.999992, 0.003909, 0.624679, 0.0, 0.0, 0.0, 1.0],
                [1.0, 5.5e-05, 0.0, -0.007788, -0.0, 0.003908, -0.999992, 1.844826, -5.5e-05, 0.999992, 0.003908, 0.634103, 0.0, 0.0, 0.0, 1.0],
                [1.0, 0.000186, 0.0, -0.006218, -0.0, 0.003903, -0.999992, 1.833186, -0.000186, 0.999992, 0.003903, 0.642686, 0.0, 0.0, 0.0, 1.0],
                [1.0, 0.000308, 0.0, -0.0047, -1e-06, 0.003896, -0.999992, 1.82196, -0.000308, 0.999992, 0.003896, 0.650427, 0.0, 0.0, 0.0, 1.0],
                [1.0, 0.000418, 1e-06, -0.003262, -1e-06, 0.003886, -0.999992, 1.811675, -0.000418, 0.999992, 0.003886, 0.656203, 0.0, 0.0, 0.0, 1.0],
                [1.0, 0.000512, 1e-06, -0.001929, -1e-06, 0.003874, -0.999992, 1.802865, -0.000512, 0.999992, 0.003874, 0.661979, 0.0, 0.0, 0.0, 1.0],
                [1.0, 0.000586, 1e-06, -0.00073, -1e-06, 0.003863, -0.999993, 1.796059, -0.000586, 0.999992, 0.003863, 0.665524, 0.0, 0.0, 0.0, 1.0],
                [1.0, 0.000632, 1e-06, 0.000308, -1e-06, 0.003856, -0.999992, 1.791791, -0.000632, 0.999992, 0.003856, 0.669069, 0.0, 0.0, 0.0, 1.0]
            ]
        },
        {
            "name": "Thigh_R",
            "time": [0.0, 0.0667, 0.1, 0.1333, 0.1667, 0.2, 0.2333, 0.2667, 0.3, 0.3333, 0.3667, 0.4, 0.4333, 0.4667, 0.5, 0.5333, 0.5667, 0.6, 0.6333, 0.6667, 0.7, 0.7333, 0.7667, 0.8, 0.8333, 0.8667, 0.9, 0.9333, 0.9667, 1.0, 1.0333, 1.0667, 1.1, 1.1333, 1.1667, 1.2, 1.2333, 1.2667, 1.3, 1.3333, 1.3667, 1.4, 1.4333, 1.4667, 1.5, 1.5333, 1.5667, 1.6, 1.6333, 1.6667, 1.7, 1.7333, 1.7667, 1.8, 1.8333, 1.8667, 1.9],
            "transform": [
                [0.860516, 0.267304, 0.433662, 0.096351, 0.232828, -0.963531, 0.131908, 0.058238, 0.453106, -0.012541, -0.891369, 0.033027, 0.0, 0.0, 0.0, 1.0],
                [0.413917, 0.670329, 0.615901, -0.0089, 0.175507, -0.722651, 0.668561, 0.075851, 0.893236, -0.168634, -0.416764, 0.10381, 0.0, 0.0, 0.0, 1.0],
                [0.115925, 0.833355, 0.540447, -0.061525, 0.07744, -0.550042, 0.83154, 0.084657, 0.990236, -0.054544, -0.128298, 0.139202, 0.0, 0.0, 0.0, 1.0],
                [-0.0444, 0.909141, 0.414119, -0.087973, 0.041858, -0.412471, 0.910009, 0.078494, 0.998136, 0.057739, -0.019741, 0.134551, 0.0, 0.0, 0.0, 1.0],
                [-0.104044, 0.928478, 0.356519, -0.114422, 0.1275, -0.343055, 0.930622, 0.072332, 0.986367, 0.142282, -0.082688, 0.1299, 0.0, 0.0, 0.0, 1.0],
                [-0.135057, 0.918472, 0.371713, -0.14087, 0.290482, -0.321963, 0.901088, 0.066169, 0.947301, 0.229675, -0.223316, 0.125249, 0.0, 0.0, 0.0, 1.0],
                [-0.156924, 0.876631, 0.454857, -0.167318, 0.454675, -0.344726, 0.82124, 0.060006, 0.876725, 0.335684, -0.344486, 0.120598, 0.0, 0.0, 0.0, 1.0],
                [-0.17288, 0.805506, 0.566809, -0.129634, 0.572753, -0.385955, 0.723183, 0.058562, 0.801292, 0.449665, -0.394632, 0.107439, 0.0, 0.0, 0.0, 1.0],
                [-0.188138, 0.677854, 0.710717, -0.091951, 0.63953, -0.464649, 0.612457, 0.057118, 0.745391, 0.569751, -0.346089, 0.094281, 0.0, 0.0, 0.0, 1.0],
                [-0.096237, 0.38073, 0.919665, -0.054267, 0.723506, -0.607782, 0.327324, 0.055674, 0.683579, 0.696883, -0.216969, 0.081122, 0.0, 0.0, 0.0, 1.0],
                [0.217961, 0.29214, 0.931208, -0.016583, 0.791028, -0.611744, 0.006767, 0.05423, 0.571637, 0.735137, -0.364426, 0.067964, 0.0, 0.0, 0.0, 1.0],
                [0.487759, 0.36023, 0.79519, 0.021101, 0.756178, -0.629506, -0.178655, 0.052786, 0.43622, 0.688445, -0.579445, 0.054805, 0.0, 0.0, 0.0, 1.0],
                [0.508226, 0.26894, 0.818156, 0.058785, 0.763859, -0.579541, -0.283994, 0.051342, 0.397778, 0.769288, -0.49997, 0.041647, 0.0, 0.0, 0.0, 1.0],
                [0.455848, 0.309447, 0.834534, 0.096469, 0.785246, -0.581251, -0.213395, 0.049898, 0.419039, 0.752589, -0.507954, 0.028489, 0.0, 0.0, 0.0, 1.0],
                [0.483894, 0.501435, 0.717224, 0.078311, 0.726878, -0.68669, -0.010319, 0.051525, 0.487337, 0.526327, -0.696767, 0.045788, 0.0, 0.0, 0.0, 1.0],
                [0.530137, 0.488885, 0.692783, 0.060154, 0.59483, -0.796695, 0.107034, 0.053151, 0.604264, 0.355345, -0.713159, 0.063089, 0.0, 0.0, 0.0, 1.0],
                [0.529485, 0.518081, 0.671744, 0.041997, 0.481291, -0.835533, 0.265038, 0.054778, 0.698575, 0.182971, -0.691749, 0.080389, 0.0, 0.0, 0.0, 1.0],
                [0.495645, 0.487696, 0.718672, 0.02384, 0.51514, -0.831277, 0.208834, 0.056405, 0.699262, 0.266709, -0.663249, 0.097689, 0.0, 0.0, 0.0, 1.0],
                [0.462698, 0.394697, 0.793804, 0.005683, 0.545614, -0.83253, 0.09592, 0.058032, 0.698724, 0.38873, -0.600562, 0.114989, 0.0, 0.0, 0.0, 1.0],
                [0.434765, 0.334298, 0.836197, -0.012475, 0.584893, -0.810864, 0.020065, 0.059659, 0.684748, 0.480363, -0.548063, 0.132289, 0.0, 0.0, 0.0, 1.0],
                [0.353288, 0.278091, 0.893227, -0.001597, 0.665189, -0.746039, -0.030829, 0.059336, 0.657807, 0.605058, -0.448549, 0.116114, 0.0, 0.0, 0.0, 1.0],
                [0.380879, 0.215944, 0.899055, 0.00928, 0.713304, -0.687315, -0.137102, 0.059014, 0.588326, 0.69352, -0.415817, 0.099939, 0.0, 0.0, 0.0, 1.0],
                [0.5924, 0.276402, 0.756746, 0.020158, 0.661179, -0.703501, -0.260634, 0.058692, 0.460331, 0.654745, -0.599505, 0.083765, 0.0, 0.0, 0.0, 1.0],
                [0.777697, 0.302842, 0.550885, 0.031035, 0.552069, -0.748157, -0.36808, 0.058369, 0.300678, 0.590382, -0.749028, 0.06759, 0.0, 0.0, 0.0, 1.0],
                [0.887366, 0.252225, 0.385961, 0.041913, 0.429318, -0.757263, -0.492179, 0.058047, 0.168133, 0.602443, -0.780253, 0.051415, 0.0, 0.0, 0.0, 1.0],
                [0.92546, 0.198404, 0.322739, 0.05279, 0.359223, -0.730183, -0.5812, 0.057725, 0.120345, 0.653813, -0.747026, 0.03524, 0.0, 0.0, 0.0, 1.0],
                [0.935792, 0.1636, 0.312293, 0.063668, 0.335406, -0.686011, -0.645673, 0.057402, 0.108604, 0.708962, -0.696836, 0.019065, 0.0, 0.0, 0.0, 1.0],
                [0.945419, 0.142317, 0.293132, 0.074545, 0.310276, -0.667977, -0.676416, 0.05708, 0.099539, 0.730452, -0.675675, 0.002891, 0.0, 0.0, 0.0, 1.0],
                [0.965303, 0.131771, 0.225445, 0.085422, 0.253003, -0.685657, -0.682544, 0.056758, 0.064638, 0.715901, -0.695205, -0.013284, 0.0, 0.0, 0.0, 1.0],
                [0.983106, 0.117984, 0.139929, 0.0963, 0.181687, -0.721523, -0.66813, 0.056435, 0.022133, 0.682269, -0.730769, -0.029459, 0.0, 0.0, 0.0, 1.0],
                [0.990272, 0.111537, 0.083183, 0.107177, 0.138751, -0.746918, -0.650279, 0.056113, -0.0104, 0.655497, -0.755128, -0.045634, 0.0, 0.0, 0.0, 1.0],
                [0.991113, 0.115236, 0.066422, 0.118055, 0.130576, -0.747949, -0.650788, 0.055791, -0.025313, 0.653681, -0.756349, -0.061808, 0.0, 0.0, 0.0, 1.0],
                [0.990098, 0.123332, 0.06703, 0.128932, 0.136848, -0.74181, -0.656502, 0.055468, -0.031243, 0.659177, -0.751341, -0.077984, 0.0, 0.0, 0.0, 1.0],
                [0.988668, 0.132503, 0.070526, 0.13981, 0.146243, -0.744447, -0.651472, 0.055146, -0.033819, 0.654407, -0.755388, -0.094158, 0.0, 0.0, 0.0, 1.0],
                [0.986651, 0.147401, 0.069211, 0.136696, 0.158813, -0.777086, -0.609031, 0.0556, -0.035989, 0.611895, -0.790122, -0.086492, 0.0, 0.0, 0.0, 1.0],
                [0.983925, 0.168422, 0.059357, 0.133582, 0.174726, -0.839346, -0.514756, 0.056053, -0.036875, 0.516855, -0.85528, -0.078827, 0.0, 0.0, 0.0, 1.0],
                [0.980008, 0.194592, 0.041432, 0.130468, 0.195875, -0.907204, -0.372315, 0.056507, -0.034862, 0.372989, -0.927182, -0.071161, 0.0, 0.0, 0.0, 1.0],
                [0.9747, 0.222916, 0.016297, 0.127354, 0.222179, -0.958381, -0.179299, 0.056961, -0.02435, 0.178384, -0.98366, -0.063496, 0.0, 0.0, 0.0, 1.0],
                [0.968204, 0.249753, -0.014271, 0.12424, 0.25007, -0.967811, 0.028469, 0.057414, -0.006702, -0.031132, -0.999493, -0.05583, 0.0, 0.0, 0.0, 1.0],
                [0.96202, 0.269526, -0.043276, 0.121126, 0.272487, -0.938656, 0.211377, 0.057868, 0.016351, -0.215142, -0.976446, -0.048164, 0.0, 0.0, 0.0, 1.0],
                [0.955266, 0.295748, -0.000586, 0.121125, 0.28913, -0.933472, 0.212218, 0.057868, 0.062216, -0.202895, -0.977222, -0.048164, 0.0, 0.0, 0.0, 1.0],
                [0.948079, 0.313373, 0.054241, 0.121126, 0.297792, -0.934611, 0.194486, 0.057868, 0.111641, -0.168237, -0.979405, -0.048165, 0.0, 0.0, 0.0, 1.0],
                [0.937554, 0.327131, 0.118229, 0.121125, 0.304513, -0.936188, 0.175574, 0.057868, 0.16812, -0.128608, -0.977342, -0.048164, 0.0, 0.0, 0.0, 1.0],
                [0.925032, 0.33476, 0.179586, 0.121126, 0.308654, -0.937891, 0.158426, 0.057868, 0.221465, -0.091119, -0.970902, -0.048164, 0.0, 0.0, 0.0, 1.0],
                [0.912376, 0.337075, 0.232271, 0.121126, 0.307987, -0.939022, 0.152923, 0.057869, 0.269654, -0.067987, -0.960555, -0.048165, 0.0, 0.0, 0.0, 1.0],
                [0.899396, 0.335436, 0.280301, 0.121126, 0.305894, -0.941023, 0.144599, 0.057868, 0.312272, -0.044309, -0.948959, -0.048164, 0.0, 0.0, 0.0, 1.0],
                [0.889748, 0.329119, 0.316273, 0.121125, 0.3022, -0.944034, 0.132213, 0.057868, 0.342084, -0.022059, -0.939411, -0.048164, 0.0, 0.0, 0.0, 1.0],
                [0.883281, 0.320676, 0.342023, 0.121126, 0.29583, -0.947154, 0.124046, 0.057868, 0.363726, -0.008387, -0.931469, -0.048165, 0.0, 0.0, 0.0, 1.0],
                [0.878067, 0.312615, 0.362312, 0.118373, 0.288484, -0.949881, 0.120441, 0.057909, 0.381803, -0.001234, -0.924243, -0.039143, 0.0, 0.0, 0.0, 1.0],
                [0.874115, 0.303564, 0.379171, 0.11562, 0.279338, -0.952811, 0.11885, 0.05795, 0.397355, 0.002028, -0.917663, -0.030122, 0.0, 0.0, 0.0, 1.0],
                [0.870341, 0.29647, 0.393207, 0.112867, 0.270834, -0.955042, 0.120605, 0.057991, 0.411284, 0.001527, -0.911506, -0.021101, 0.0, 0.0, 0.0, 1.0],
                [0.868306, 0.289215, 0.402986, 0.110115, 0.261463, -0.957265, 0.123634, 0.058033, 0.421519, -0.001987, -0.906817, -0.012079, 0.0, 0.0, 0.0, 1.0],
                [0.866086, 0.28213, 0.41267, 0.107362, 0.252067, -0.95936, 0.126859, 0.058074, 0.431689, -0.00585, -0.902004, -0.003058, 0.0, 0.0, 0.0, 1.0],
                [0.864229, 0.276533, 0.420283, 0.104609, 0.244375, -0.96096, 0.129768, 0.058115, 0.439759, -0.009443, -0.898066, 0.005963, 0.0, 0.0, 0.0, 1.0],
                [0.863525, 0.271965, 0.424686, 0.101857, 0.237782, -0.962213, 0.132699, 0.058156, 0.444727, -0.013607, -0.895563, 0.014985, 0.0, 0.0, 0.0, 1.0],
                [0.861709, 0.270655, 0.429188, 0.099104, 0.235449, -0.962567, 0.134285, 0.058197, 0.449466, -0.014663, -0.893177, 0.024006, 0.0, 0.0, 0.0, 1.0],
                [0.860514, 0.267302, 0.433663, 0.096351, 0.232827, -0.963534, 0.131903, 0.058238, 0.453105, -0.012536, -0.891369, 0.033027, 0.0, 0.0, 0.0, 1.0]
            ]
        },
        {
            "name": "Leg_R",
            "time": [0.0, 0.0667, 0.1, 0.1333, 0.1667, 0.2, 0.2333, 0.2667, 0.3, 0.3333, 0.3667, 0.4, 0.4333, 0.4667, 0.5, 0.5333, 0.5667, 0.6, 0.6333, 0.6667, 0.7, 0.7333, 0.7667, 0.8, 0.8333, 0.8667, 0.9, 0.9333, 0.9667, 1.0, 1.0333, 1.0667, 1.1, 1.1333, 1.1667, 1.2, 1.2333, 1.2667, 1.3, 1.3333, 1.3667, 1.4, 1.4333, 1.4667, 1.5, 1.5333, 1.5667, 1.6, 1.6333, 1.6667, 1.7, 1.7333, 1.7667, 1.8, 1.8333, 1.8667, 1.9],
            "transform": [
                [0.999997, -0.001635, 0.001071, -0.0, 0.001068, 0.916078, 0.400999, 0.37472, -0.001637, -0.400998, 0.916078, 0.0, 0.0, 0.0, 0.0, 1.0],
                [0.999994, -0.001917, 0.000385, -0.0, 0.000382, 0.384461, 0.923139, 0.37472, -0.001918, -0.923148, 0.384456, 0.0, 0.0, 0.0, 0.0, 1.0],
                [0.999994, -0.001951, 0.000146, -0.0, 0.000144, 0.147511, 0.989056, 0.37472, -0.001951, -0.989065, 0.147509, 0.0, 0.0, 0.0, 0.0, 1.0],
                [0.999994, -0.001956, -5e-06, -0.0, -6e-06, -0.005851, 0.999979, 0.37472, -0.001956, -0.999988, -0.005851, 0.0, 0.0, 0.0, 0.0, 1.0],
                [0.999994, -0.001956, -5.6e-05, 0.0, -5.7e-05, -0.057762, 0.998327, 0.37472, -0.001955, -0.998335, -0.057761, -0.0, 0.0, 0.0, 0.0, 1.0],
                [0.999994, -0.001955, -2.1e-05, 0.0, -2.3e-05, -0.022345, 0.999746, 0.37472, -0.001955, -0.999755, -0.022345, -0.0, 0.0, 0.0, 0.0, 1.0],
                [0.999995, -0.001951, 0.000117, -0.0, 0.000115, 0.118397, 0.992963, 0.37472, -0.001951, -0.992971, 0.118396, -0.0, 0.0, 0.0, 0.0, 1.0],
                [0.999996, -0.001927, 0.000325, 0.0, 0.000322, 0.326427, 0.945219, 0.37472, -0.001927, -0.945225, 0.326425, -0.0, 0.0, 0.0, 0.0, 1.0],
                [0.999996, -0.001844, 0.000648, -0.0, 0.000645, 0.624717, 0.780851, 0.37472, -0.001845, -0.780856, 0.624711, 0.0, 0.0, 0.0, 0.0, 1.0],
                [0.999997, -0.001512, 0.001238, 0.0, 0.001235, 0.979933, 0.199345, 0.37472, -0.001514, -0.199345, 0.979924, 0.0, 0.0, 0.0, 0.0, 1.0],
                [0.999996, -0.001427, 0.001336, -0.0, 0.001333, 0.997712, 0.067667, 0.37472, -0.001429, -0.067666, 0.997703, -0.0, 0.0, 0.0, 0.0, 1.0],
                [0.999996, -0.001603, 0.001118, -0.0, 0.001116, 0.93793, 0.346833, 0.37472, -0.001605, -0.346834, 0.937921, 0.0, 0.0, 0.0, 0.0, 1.0],
                [0.999997, -0.001532, 0.001213, 0.0, 0.001211, 0.973061, 0.230564, 0.37472, -0.001534, -0.230564, 0.973052, -0.0, 0.0, 0.0, 0.0, 1.0],
                [0.999996, -0.001625, 0.001085, 0.0, 0.001082, 0.923009, 0.384787, 0.37472, -0.001627, -0.384789, 0.923, 0.0, 0.0, 0.0, 0.0, 1.0],
                [0.999996, -0.001876, 0.000544, -0.0, 0.000542, 0.534246, 0.845327, 0.37472, -0.001877, -0.845333, 0.534242, -0.0, 0.0, 0.0, 0.0, 1.0],
                [0.999996, -0.001929, 0.000312, -0.0, 0.000312, 0.315158, 0.949036, 0.37472, -0.001929, -0.949043, 0.315155, 0.0, 0.0, 0.0, 0.0, 1.0],
                [0.999996, -0.001944, 0.000196, 0.0, 0.000195, 0.199032, 0.979989, 0.37472, -0.001944, -0.979996, 0.19903, -0.0, 0.0, 0.0, 0.0, 1.0],
                [0.999996, -0.001925, 0.000338, -0.0, 0.000337, 0.339994, 0.940424, 0.37472, -0.001925, -0.940432, 0.33999, 0.0, 0.0, 0.0, 0.0, 1.0],
                [0.999994, -0.001861, 0.000599, -0.0, 0.000598, 0.582916, 0.812531, 0.37472, -0.001861, -0.812538, 0.58291, 0.0, 0.0, 0.0, 0.0, 1.0],
                [0.999995, -0.001785, 0.000796, 0.0, 0.000794, 0.743365, 0.668887, 0.37472, -0.001785, -0.668892, 0.743358, -0.0, 0.0, 0.0, 0.0, 1.0],
                [0.999995, -0.001687, 0.000986, -0.0, 0.000984, 0.870728, 0.491772, 0.37472, -0.001688, -0.491775, 0.870719, 0.0, 0.0, 0.0, 0.0, 1.0],
                [0.999995, -0.001593, 0.001132, 0.0, 0.00113, 0.943868, 0.330337, 0.37472, -0.001594, -0.330338, 0.943859, -0.0, 0.0, 0.0, 0.0, 1.0],
                [0.999995, -0.001697, 0.000969, 0.0, 0.000968, 0.860704, 0.509111, 0.37472, -0.001698, -0.509114, 0.860696, -0.0, 0.0, 0.0, 0.0, 1.0],
                [0.999995, -0.00179, 0.000784, 0.0, 0.000783, 0.734378, 0.678742, 0.37472, -0.001791, -0.678747, 0.734371, -0.0, 0.0, 0.0, 0.0, 1.0],
                [0.999996, -0.001797, 0.000768, 0.0, 0.000766, 0.722154, 0.691733, 0.37472, -0.001797, -0.691737, 0.722148, 0.0, 0.0, 0.0, 0.0, 1.0],
                [0.999995, -0.001767, 0.000835, 0.0, 0.000833, 0.771737, 0.635944, 0.37472, -0.001768, -0.635949, 0.771729, 0.0, 0.0, 0.0, 0.0, 1.0],
                [0.999995, -0.001694, 0.000974, -0.0, 0.000972, 0.863606, 0.504173, 0.37472, -0.001695, -0.504176, 0.863597, 0.0, 0.0, 0.0, 0.0, 1.0],
                [0.999994, -0.001638, 0.001066, 0.0, 0.001064, 0.913804, 0.406167, 0.37472, -0.00164, -0.406169, 0.913794, 0.0, 0.0, 0.0, 0.0, 1.0],
                [0.999995, -0.001642, 0.001061, 0.0, 0.001059, 0.911201, 0.411969, 0.37472, -0.001643, -0.411971, 0.911193, 0.0, 0.0, 0.0, 0.0, 1.0],
                [0.999994, -0.00167, 0.001015, -0.0, 0.001013, 0.887181, 0.46143, 0.37472, -0.001672, -0.461433, 0.887172, -0.0, 0.0, 0.0, 0.0, 1.0],
                [0.999995, -0.001692, 0.000979, -0.0, 0.000976, 0.866121, 0.499842, 0.37472, -0.001694, -0.499845, 0.866112, -0.0, 0.0, 0.0, 0.0, 1.0],
                [0.999994, -0.001686, 0.000989, 0.0, 0.000987, 0.872129, 0.489283, 0.37472, -0.001688, -0.489286, 0.87212, -0.0, 0.0, 0.0, 0.0, 1.0],
                [0.999994, -0.001669, 0.001019, -0.0, 0.001016, 0.888676, 0.458544, 0.37472, -0.001671, -0.458547, 0.888667, 0.0, 0.0, 0.0, 0.0, 1.0],
                [0.999994, -0.001662, 0.001029, 0.0, 0.001026, 0.894467, 0.447143, 0.37472, -0.001663, -0.447146, 0.894458, 0.0, 0.0, 0.0, 0.0, 1.0],
                [0.999995, -0.001689, 0.000984, 0.0, 0.000981, 0.868965, 0.49488, 0.37472, -0.001691, -0.494884, 0.868956, 0.0, 0.0, 0.0, 0.0, 1.0],
                [0.999994, -0.001754, 0.000863, -0.0, 0.000861, 0.791368, 0.611343, 0.37472, -0.001755, -0.611348, 0.79136, -0.0, 0.0, 0.0, 0.0, 1.0],
                [0.999995, -0.001829, 0.00069, -0.0, 0.000688, 0.659773, 0.751465, 0.37472, -0.00183, -0.751471, 0.659766, -0.0, 0.0, 0.0, 0.0, 1.0],
                [0.999995, -0.001899, 0.000466, -0.0, 0.000463, 0.461605, 0.887083, 0.37472, -0.001899, -0.887092, 0.4616, -0.0, 0.0, 0.0, 0.0, 1.0],
                [0.999995, -0.001938, 0.000257, -0.0, 0.000254, 0.259078, 0.965852, 0.37472, -0.001938, -0.965862, 0.259075, 0.0, 0.0, 0.0, 0.0, 1.0],
                [0.999995, -0.001952, 0.000116, -0.0, 0.000116, 0.118404, 0.99296, 0.37472, -0.001952, -0.992972, 0.118402, 0.0, 0.0, 0.0, 0.0, 1.0],
                [0.999994, -0.001949, 0.000165, 0.0, 0.000164, 0.168097, 0.985765, 0.37472, -0.001949, -0.985777, 0.168095, 0.0, 0.0, 0.0, 0.0, 1.0],
                [0.999994, -0.001937, 0.000264, 0.0, 0.000262, 0.266626, 0.963795, 0.37472, -0.001937, -0.963807, 0.266622, 0.0, 0.0, 0.0, 0.0, 1.0],
                [0.999995, -0.001919, 0.000377, -0.0, 0.000374, 0.377275, 0.926097, 0.37472, -0.001919, -0.926107, 0.377271, 0.0, 0.0, 0.0, 0.0, 1.0],
                [0.999994, -0.001893, 0.000491, 0.0, 0.000489, 0.485006, 0.874509, 0.37472, -0.001893, -0.874518, 0.484999, -0.0, 0.0, 0.0, 0.0, 1.0],
                [0.999994, -0.001866, 0.000587, 0.0, 0.000584, 0.570989, 0.820957, 0.37472, -0.001867, -0.820965, 0.570982, -0.0, 0.0, 0.0, 0.0, 1.0],
                [0.999994, -0.001835, 0.000675, -0.0, 0.000672, 0.647124, 0.762386, 0.37472, -0.001836, -0.762393, 0.647116, 0.0, 0.0, 0.0, 0.0, 1.0],
                [0.999993, -0.001804, 0.000754, 0.0, 0.000752, 0.710714, 0.703483, 0.37472, -0.001805, -0.703489, 0.710706, -0.0, 0.0, 0.0, 0.0, 1.0],
                [0.999994, -0.001779, 0.000813, 0.0, 0.00081, 0.755052, 0.655668, 0.37472, -0.00178, -0.655673, 0.755044, -0.0, 0.0, 0.0, 0.0, 1.0],
                [0.999994, -0.001754, 0.000864, 0.0, 0.000861, 0.791781, 0.61081, 0.37472, -0.001755, -0.610815, 0.791772, 0.0, 0.0, 0.0, 0.0, 1.0],
                [0.999994, -0.001732, 0.000907, -0.0, 0.000904, 0.821007, 0.570923, 0.37472, -0.001733, -0.570928, 0.820998, -0.0, 0.0, 0.0, 0.0, 1.0],
                [0.999995, -0.001713, 0.000943, 0.0, 0.00094, 0.844185, 0.536057, 0.37472, -0.001714, -0.536061, 0.844176, 0.0, 0.0, 0.0, 0.0, 1.0],
                [0.999994, -0.001695, 0.000973, -0.0, 0.000971, 0.862698, 0.505728, 0.37472, -0.001697, -0.505732, 0.862688, 0.0, 0.0, 0.0, 0.0, 1.0],
                [0.999994, -0.001681, 0.000998, -0.0, 0.000995, 0.876961, 0.480569, 0.37472, -0.001683, -0.480572, 0.876952, 0.0, 0.0, 0.0, 0.0, 1.0],
                [0.999995, -0.001668, 0.001019, -0.0, 0.001016, 0.888991, 0.457933, 0.37472, -0.00167, -0.457936, 0.888982, -0.0, 0.0, 0.0, 0.0, 1.0],
                [0.999994, -0.001656, 0.001038, -0.0, 0.001035, 0.899229, 0.437488, 0.37472, -0.001658, -0.437491, 0.899219, 0.0, 0.0, 0.0, 0.0, 1.0],
                [0.999995, -0.001646, 0.001055, 0.0, 0.001052, 0.90784, 0.419326, 0.37472, -0.001648, -0.419328, 0.907831, -0.0, 0.0, 0.0, 0.0, 1.0],
                [0.999994, -0.001635, 0.001071, -0.0, 0.001068, 0.916086, 0.400995, 0.37472, -0.001637, -0.400997, 0.916076, 0.0, 0.0, 0.0, 0.0, 1.0]
            ]
        },
        {
            "name": "Knee_R",
            "time": [0.0, 1.9],
            "transform": [
                [1.0, 0.0, -0.0, -0.0, -0.0, 0.0, -1.0, 0.37472, -0.0, 1.0, 0.0, 0.0, 0.0, 0.0, 0.0, 1.0],
                [1.0, 0.0, -0.0, -0.0, -0.0, 0.0, -1.0, 0.37472, -0.0, 1.0, 0.0, 0.0, 0.0, 0.0, 0.0, 1.0]
            ]
        },
        {
            "name": "Thigh_L",
            "time": [0.0, 0.0667, 0.1, 0.1333, 0.1667, 0.2, 0.2333, 0.2667, 0.3, 0.3333, 0.3667, 0.4, 0.4333, 0.4667, 0.5, 0.5333, 0.5667, 0.6, 0.6333, 0.6667, 0.7, 0.7333, 0.7667, 0.8, 0.8333, 0.8667, 0.9, 0.9333, 0.9667, 1.0, 1.0333, 1.0667, 1.1, 1.1333, 1.1667, 1.2, 1.2333, 1.2667, 1.3, 1.3333, 1.3667, 1.4, 1.4333, 1.4667, 1.5, 1.5333, 1.5667, 1.6, 1.6333, 1.6667, 1.7, 1.7333, 1.7667, 1.8, 1.8333, 1.8667, 1.9],
            "transform": [
                [0.984725, -0.167634, 0.047037, -0.128579, -0.17408, -0.943109, 0.283276, 0.048184, -0.003125, -0.287139, -0.957884, -0.046041, 0.0, 0.0, 0.0, 1.0],
                [0.855798, 0.034478, 0.516157, -0.074071, -0.228448, -0.870025, 0.436888, 0.004056, 0.46413, -0.491806, -0.736689, -0.071971, 0.0, 0.0, 0.0, 1.0],
                [0.680973, 0.203664, 0.703417, -0.046583, -0.235526, -0.848604, 0.473711, -0.0003, 0.693396, -0.48826, -0.529908, -0.092261, 0.0, 0.0, 0.0, 1.0],
                [0.550282, 0.309625, 0.775449, -0.021522, -0.201961, -0.851777, 0.483417, -0.004866, 0.810183, -0.422629, -0.406185, -0.100969, 0.0, 0.0, 0.0, 1.0],
                [0.523906, 0.357863, 0.772953, -0.004132, -0.166379, -0.846988, 0.504909, -0.006161, 0.835366, -0.39313, -0.3842, -0.103083, 0.0, 0.0, 0.0, 1.0],
                [0.564376, 0.372621, 0.736636, 0.00838, -0.127245, -0.842405, 0.523609, -0.004499, 0.815649, -0.389248, -0.428019, -0.10291, 0.0, 0.0, 0.0, 1.0],
                [0.629672, 0.360361, 0.688224, 0.01568, -0.105265, -0.838159, 0.535175, -0.001737, 0.769693, -0.409434, -0.489832, -0.102136, 0.0, 0.0, 0.0, 1.0],
                [0.687043, 0.329885, 0.647415, 0.018451, -0.120984, -0.82663, 0.54959, -9.7e-05, 0.716471, -0.455921, -0.528019, -0.101686, 0.0, 0.0, 0.0, 1.0],
                [0.780981, 0.239491, 0.57681, 0.00669, -0.217924, -0.761017, 0.611035, -0.001407, 0.585297, -0.602911, -0.542149, -0.103122, 0.0, 0.0, 0.0, 1.0],
                [0.847043, 0.142382, 0.512096, -0.014702, -0.355342, -0.564807, 0.744799, -0.0008, 0.395279, -0.81285, -0.427822, -0.102297, 0.0, 0.0, 0.0, 1.0],
                [0.880641, 0.089637, 0.465223, -0.034787, -0.433332, -0.244601, 0.867406, 0.000868, 0.191545, -0.965475, -0.176563, -0.097319, 0.0, 0.0, 0.0, 1.0],
                [0.917256, -0.023054, 0.397627, -0.054312, -0.382766, -0.327058, 0.864015, 0.004869, 0.110128, -0.944725, -0.308821, -0.0878, 0.0, 0.0, 0.0, 1.0],
                [0.916969, -0.016652, 0.398605, -0.071308, -0.365784, -0.433944, 0.823344, 0.020438, 0.159261, -0.90079, -0.404004, -0.071974, 0.0, 0.0, 0.0, 1.0],
                [0.922522, -0.03262, 0.384556, -0.077913, -0.344932, -0.516643, 0.783647, 0.029414, 0.173115, -0.855582, -0.487867, -0.061216, 0.0, 0.0, 0.0, 1.0],
                [0.92798, -0.134272, 0.347591, -0.07158, -0.358664, -0.57479, 0.735511, 0.025154, 0.101033, -0.807213, -0.581553, -0.070188, 0.0, 0.0, 0.0, 1.0],
                [0.913503, -0.259599, 0.313237, -0.057384, -0.406686, -0.602982, 0.686309, 0.017076, 0.010711, -0.754338, -0.656401, -0.08425, 0.0, 0.0, 0.0, 1.0],
                [0.890478, -0.340094, 0.302296, -0.043561, -0.454373, -0.629126, 0.630671, 0.008282, -0.024305, -0.698957, -0.714752, -0.093359, 0.0, 0.0, 0.0, 1.0],
                [0.876418, -0.335807, 0.345142, -0.036291, -0.48017, -0.663601, 0.573647, -0.000201, 0.036402, -0.668484, -0.742836, -0.096772, 0.0, 0.0, 0.0, 1.0],
                [0.864533, -0.283912, 0.414697, -0.031455, -0.480402, -0.709221, 0.515965, -0.009799, 0.147623, -0.645293, -0.749537, -0.097961, 0.0, 0.0, 0.0, 1.0],
                [0.855241, -0.232123, 0.463334, -0.027067, -0.459099, -0.754106, 0.469631, -0.018567, 0.24039, -0.614367, -0.75151, -0.098002, 0.0, 0.0, 0.0, 1.0],
                [0.834666, -0.157196, 0.527844, -0.021142, -0.463697, -0.717713, 0.519495, -0.026258, 0.297176, -0.678368, -0.671942, -0.097699, 0.0, 0.0, 0.0, 1.0],
                [0.839285, -0.104854, 0.533483, -0.02528, -0.484132, -0.590652, 0.645559, -0.029731, 0.247413, -0.800088, -0.546488, -0.095701, 0.0, 0.0, 0.0, 1.0],
                [0.896676, -0.130589, 0.422983, -0.046947, -0.440288, -0.362293, 0.821517, -0.023558, 0.045962, -0.922874, -0.382356, -0.089013, 0.0, 0.0, 0.0, 1.0],
                [0.943748, -0.171218, 0.282878, -0.069146, -0.31291, -0.185935, 0.931405, -0.009883, -0.106876, -0.967532, -0.229052, -0.076183, 0.0, 0.0, 0.0, 1.0],
                [0.955034, -0.162607, 0.247925, -0.083192, -0.27433, -0.16741, 0.946951, 0.003984, -0.112475, -0.972387, -0.20449, -0.061207, 0.0, 0.0, 0.0, 1.0],
                [0.966029, -0.135754, 0.219895, -0.091796, -0.245209, -0.212914, 0.945801, 0.013431, -0.081577, -0.967597, -0.238969, -0.045567, 0.0, 0.0, 0.0, 1.0],
                [0.974819, -0.136648, 0.176211, -0.090998, -0.209063, -0.285226, 0.935382, 0.022553, -0.077557, -0.948672, -0.306612, -0.002628, 0.0, 0.0, 0.0, 1.0],
                [0.978568, -0.146637, 0.144559, -0.090199, -0.18705, -0.339522, 0.921812, 0.031675, -0.08609, -0.929101, -0.359674, 0.040312, 0.0, 0.0, 0.0, 1.0],
                [0.978237, -0.160402, 0.131605, -0.089401, -0.18182, -0.357174, 0.916171, 0.040798, -0.099949, -0.920165, -0.378565, 0.083252, 0.0, 0.0, 0.0, 1.0],
                [0.975565, -0.174561, 0.133407, -0.088603, -0.189402, -0.36051, 0.913323, 0.04992, -0.111335, -0.916279, -0.384763, 0.126192, 0.0, 0.0, 0.0, 1.0],
                [0.973163, -0.186166, 0.13525, -0.091545, -0.196852, -0.369164, 0.908277, 0.050926, -0.11916, -0.91053, -0.395903, 0.123228, 0.0, 0.0, 0.0, 1.0],
                [0.971551, -0.195939, 0.133016, -0.094488, -0.200938, -0.384772, 0.900875, 0.051931, -0.125335, -0.901977, -0.413197, 0.120263, 0.0, 0.0, 0.0, 1.0],
                [0.969404, -0.20621, 0.133155, -0.09743, -0.207283, -0.397145, 0.894042, 0.052937, -0.131478, -0.894292, -0.427737, 0.117299, 0.0, 0.0, 0.0, 1.0],
                [0.967042, -0.215817, 0.135086, -0.100373, -0.215112, -0.40873, 0.886943, 0.053943, -0.136203, -0.886775, -0.441683, 0.114335, 0.0, 0.0, 0.0, 1.0],
                [0.964269, -0.226403, 0.13756, -0.103315, -0.223882, -0.418847, 0.880025, 0.054949, -0.141623, -0.879382, -0.454569, 0.11137, 0.0, 0.0, 0.0, 1.0],
                [0.961746, -0.236137, 0.138849, -0.106258, -0.231566, -0.430045, 0.872604, 0.055954, -0.146342, -0.871382, -0.468276, 0.108406, 0.0, 0.0, 0.0, 1.0],
                [0.959291, -0.245587, 0.139442, -0.1092, -0.238769, -0.44161, 0.864853, 0.05696, -0.150817, -0.862944, -0.482271, 0.105442, 0.0, 0.0, 0.0, 1.0],
                [0.95763, -0.252311, 0.138847, -0.112143, -0.243946, -0.45443, 0.856729, 0.057966, -0.153065, -0.854306, -0.496726, 0.102477, 0.0, 0.0, 0.0, 1.0],
                [0.957053, -0.256789, 0.13455, -0.115085, -0.245376, -0.470371, 0.847668, 0.058971, -0.154383, -0.844284, -0.51318, 0.099513, 0.0, 0.0, 0.0, 1.0],
                [0.957971, -0.25636, 0.128708, -0.118028, -0.243748, -0.490923, 0.836411, 0.059977, -0.151236, -0.832635, -0.532777, 0.096549, 0.0, 0.0, 0.0, 1.0],
                [0.960591, -0.251901, 0.117504, -0.12097, -0.236745, -0.519956, 0.82073, 0.060983, -0.145645, -0.816209, -0.559101, 0.093584, 0.0, 0.0, 0.0, 1.0],
                [0.964929, -0.242439, 0.100652, -0.123913, -0.223771, -0.559236, 0.798238, 0.061988, -0.137235, -0.79277, -0.593873, 0.09062, 0.0, 0.0, 0.0, 1.0],
                [0.970087, -0.228491, 0.081971, -0.126855, -0.207385, -0.604578, 0.769076, 0.062994, -0.126168, -0.763073, -0.633879, 0.087655, 0.0, 0.0, 0.0, 1.0],
                [0.974486, -0.216076, 0.060685, -0.129798, -0.190023, -0.650468, 0.735381, 0.064, -0.119424, -0.728155, -0.674931, 0.084691, 0.0, 0.0, 0.0, 1.0],
                [0.978101, -0.204169, 0.040341, -0.13274, -0.173742, -0.694359, 0.698342, 0.065006, -0.114568, -0.690063, -0.714626, 0.081727, 0.0, 0.0, 0.0, 1.0],
                [0.980701, -0.193996, 0.024212, -0.132393, -0.161321, -0.733065, 0.660752, 0.063604, -0.110434, -0.651911, -0.750213, 0.07108, 0.0, 0.0, 0.0, 1.0],
                [0.982172, -0.187652, 0.01096, -0.132047, -0.152882, -0.763554, 0.627388, 0.062202, -0.109362, -0.617883, -0.778629, 0.060432, 0.0, 0.0, 0.0, 1.0],
                [0.982854, -0.184364, 0.001666, -0.1317, -0.148858, -0.788183, 0.59717, 0.0608, -0.108783, -0.587182, -0.802113, 0.049785, 0.0, 0.0, 0.0, 1.0],
                [0.983898, -0.178703, -0.002275, -0.131353, -0.146756, -0.815148, 0.560356, 0.059398, -0.101992, -0.551003, -0.828248, 0.039137, 0.0, 0.0, 0.0, 1.0],
                [0.984621, -0.174653, -0.003492, -0.131006, -0.147337, -0.841043, 0.520519, 0.057997, -0.093846, -0.512003, -0.853842, 0.02849, 0.0, 0.0, 0.0, 1.0],
                [0.98554, -0.169411, 0.002628, -0.13066, -0.150388, -0.867532, 0.474105, 0.056595, -0.078039, -0.467647, -0.880464, 0.017843, 0.0, 0.0, 0.0, 1.0],
                [0.985869, -0.167321, 0.007884, -0.130313, -0.154783, -0.891987, 0.424741, 0.055193, -0.064035, -0.419962, -0.90528, 0.007195, 0.0, 0.0, 0.0, 1.0],
                [0.985761, -0.166635, 0.022462, -0.129966, -0.161705, -0.902926, 0.398221, 0.053791, -0.046076, -0.396185, -0.917014, -0.003452, 0.0, 0.0, 0.0, 1.0],
                [0.985072, -0.16898, 0.032793, -0.12962, -0.168759, -0.910561, 0.377363, 0.052389, -0.033907, -0.377265, -0.925485, -0.014099, 0.0, 0.0, 0.0, 1.0],
                [0.984714, -0.169724, 0.039098, -0.129273, -0.17269, -0.922242, 0.345907, 0.050987, -0.022651, -0.347373, -0.937454, -0.024747, 0.0, 0.0, 0.0, 1.0],
                [0.984758, -0.169144, 0.040473, -0.128926, -0.173306, -0.93484, 0.309909, 0.049586, -0.014583, -0.312201, -0.949904, -0.035394, 0.0, 0.0, 0.0, 1.0],
                [0.984781, -0.16767, 0.045694, -0.128579, -0.173725, -0.942942, 0.28405, 0.048184, -0.004539, -0.287667, -0.95772, -0.046041, 0.0, 0.0, 0.0, 1.0]
            ]
        },
        {
            "name": "Leg_L",
            "time": [0.0, 0.0667, 0.1, 0.1333, 0.1667, 0.2, 0.2333, 0.2667, 0.3, 0.3333, 0.3667, 0.4, 0.4333, 0.4667, 0.5, 0.5333, 0.5667, 0.6, 0.6333, 0.6667, 0.7, 0.7333, 0.7667, 0.8, 0.8333, 0.8667, 0.9, 0.9333, 0.9667, 1.0, 1.0333, 1.0667, 1.1, 1.1333, 1.1667, 1.2, 1.2333, 1.2667, 1.3, 1.3333, 1.3667, 1.4, 1.4333, 1.4667, 1.5, 1.5333, 1.5667, 1.6, 1.6333, 1.6667, 1.7, 1.7333, 1.7667, 1.8, 1.8333, 1.8667, 1.9],
            "transform": [
                [0.999997, -0.001678, 0.001003, 0.0, 0.001001, 0.880031, 0.474913, 0.37472, -0.001679, -0.474909, 0.880035, 0.0, 0.0, 0.0, 0.0, 1.0],
                [0.999997, -0.001912, 0.000408, -0.0, 0.000406, 0.407244, 0.913317, 0.37472, -0.001913, -0.913321, 0.407241, 0.0, 0.0, 0.0, 0.0, 1.0],
                [0.999997, -0.001953, 8.9e-05, 0.0, 8.7e-05, 0.089731, 0.995963, 0.37472, -0.001953, -0.995969, 0.08973, -0.0, 0.0, 0.0, 0.0, 1.0],
                [0.999997, -0.00195, -0.000144, 0.0, -0.000147, -0.148412, 0.988923, 0.37472, -0.00195, -0.988928, -0.148411, 0.0, 0.0, 0.0, 0.0, 1.0],
                [0.999996, -0.001934, -0.000292, 0.0, -0.000294, -0.296431, 0.955052, 0.37472, -0.001934, -0.955057, -0.296429, 0.0, 0.0, 0.0, 0.0, 1.0],
                [0.999996, -0.001915, -0.000401, -0.0, -0.000403, -0.401964, 0.915654, 0.37472, -0.001915, -0.915658, -0.401962, 0.0, 0.0, 0.0, 0.0, 1.0],
                [0.999996, -0.001898, -0.000476, -0.0, -0.000479, -0.473719, 0.880675, 0.37472, -0.001897, -0.880679, -0.473716, 0.0, 0.0, 0.0, 0.0, 1.0],
