{
    "animation": [
        {
            "name": "Root",
            "time": [0.0, 0.0333, 0.0667, 0.1, 0.1333, 0.1667, 0.2, 0.2333, 0.2667, 0.3, 0.3333, 0.3667, 0.4, 0.4333, 0.4667, 0.5, 0.5333, 0.5667, 0.6, 0.6333, 0.6667, 0.7, 0.7333, 0.7667, 0.8, 0.8333, 0.8667, 0.9, 0.9333, 0.9667, 1.0, 1.0333, 1.0667, 1.1, 1.1333, 1.1667, 1.2, 1.2333, 1.2667, 1.3, 1.3333, 1.3667, 1.4, 1.4333, 1.4667, 1.5, 1.5333, 1.5667, 1.6, 1.6333, 1.6667, 1.7, 1.7333, 1.7667, 1.8, 1.8333, 1.8667, 1.9, 1.9333, 1.9667, 2.0, 2.1333],
            "transform": [
                [0.999994, -0.000546, 0.003462, 0.108937, 0.003464, 0.003869, -0.999987, 0.001409, 0.000533, 0.999992, 0.003871, 0.448772, 0.0, 0.0, 0.0, 1.0],
                [0.999994, -0.000663, 0.003388, 0.106165, 0.00339, 0.003853, -0.999987, 0.000249, 0.00065, 0.999992, 0.003855, 0.44999, 0.0, 0.0, 0.0, 1.0],
                [0.999994, -0.000777, 0.003319, 0.102711, 0.003322, 0.003831, -0.999987, -0.002299, 0.000764, 0.999992, 0.003834, 0.451208, 0.0, 0.0, 0.0, 1.0],
                [0.999994, -0.000887, 0.003256, 0.09994, 0.003259, 0.003806, -0.999987, -0.004849, 0.000875, 0.999992, 0.003809, 0.452425, 0.0, 0.0, 0.0, 1.0],
                [0.999994, -0.001003, 0.003196, 0.09785, 0.0032, 0.003777, -0.999988, -0.006013, 0.000991, 0.999992, 0.00378, 0.453643, 0.0, 0.0, 0.0, 1.0],
                [0.999994, -0.001134, 0.003134, 0.100193, 0.003138, 0.00374, -0.999988, -0.00441, 0.001123, 0.999992, 0.003743, 0.451893, 0.0, 0.0, 0.0, 1.0],
                [0.999994, -0.001284, 0.00307, 0.108676, 0.003075, 0.003691, -0.999988, 0.001346, 0.001273, 0.999992, 0.003695, 0.448772, 0.0, 0.0, 0.0, 1.0],
                [0.999994, -0.001575, 0.002964, 0.14222, 0.002969, 0.003577, -0.999989, 0.004195, 0.001564, 0.999992, 0.003582, 0.431624, 0.0, 0.0, 0.0, 1.0],
                [0.999994, -0.001917, 0.002867, 0.190431, 0.002874, 0.003406, -0.99999, 0.018115, 0.001907, 0.999992, 0.003411, 0.409848, 0.0, 0.0, 0.0, 1.0],
                [0.999994, -0.002023, 0.002843, 0.219021, 0.00285, 0.003344, -0.99999, 0.076043, 0.002013, 0.999992, 0.003349, 0.399472, 0.0, 0.0, 0.0, 1.0],
                [0.999994, -0.001621, 0.002949, 0.193641, 0.002955, 0.003556, -0.999989, 0.240348, 0.00161, 0.999992, 0.003561, 0.43069, 0.0, 0.0, 0.0, 1.0],
                [0.999994, -0.000755, 0.003331, 0.139014, 0.003334, 0.003835, -0.999987, 0.455904, 0.000743, 0.999992, 0.003837, 0.471912, 0.0, 0.0, 0.0, 1.0],
                [0.999999, 0.001032, 2e-06, 0.062346, -2e-06, 0.00377, -0.999993, 0.656218, -0.001032, 0.999992, 0.00377, 0.481974, 0.0, 0.0, 0.0, 1.0],
                [0.999996, 0.002918, 4e-06, 0.004537, -4e-06, 0.002599, -0.999997, 0.80488, -0.002918, 0.999992, 0.002599, 0.411653, 0.0, 0.0, 0.0, 1.0],
                [0.999995, 0.003198, 4e-06, 0.013775, -4e-06, 0.002246, -0.999997, 0.882821, -0.003198, 0.999992, 0.002246, 0.364594, 0.0, 0.0, 0.0, 1.0],
                [0.999995, 0.003247, 4e-06, 0.037059, -3e-06, 0.002175, -0.999997, 0.947682, -0.003247, 0.999992, 0.002175, 0.321958, 0.0, 0.0, 0.0, 1.0],
                [0.999995, 0.003198, 3e-06, 0.068967, -4e-06, 0.002247, -0.999997, 1.014897, -0.003198, 0.999992, 0.002247, 0.304295, 0.0, 0.0, 0.0, 1.0],
                [0.999995, 0.003059, 4e-06, 0.122272, -4e-06, 0.002432, -0.999997, 1.093684, -0.003059, 0.999992, 0.002432, 0.328616, 0.0, 0.0, 0.0, 1.0],
                [0.999996, 0.00281, 3e-06, 0.184857, -4e-06, 0.002717, -0.999996, 1.174824, -0.00281, 0.999992, 0.002717, 0.376996, 0.0, 0.0, 0.0, 1.0],
                [0.999997, 0.002539, 4e-06, 0.22762, -3e-06, 0.002972, -0.999996, 1.246087, -0.002539, 0.999992, 0.002972, 0.415675, 0.0, 0.0, 0.0, 1.0],
                [0.999997, 0.002315, 4e-06, 0.235883, -4e-06, 0.003152, -0.999995, 1.298825, -0.002315, 0.999992, 0.003152, 0.430766, 0.0, 0.0, 0.0, 1.0],
                [0.999998, 0.002065, 3e-06, 0.225551, -3e-06, 0.003318, -0.999995, 1.341678, -0.002065, 0.999992, 0.003318, 0.43566, 0.0, 0.0, 0.0, 1.0],
                [0.999999, 0.001662, 3e-06, 0.20263, -3e-06, 0.003537, -0.999994, 1.388336, -0.001662, 0.999992, 0.003537, 0.435334, 0.0, 0.0, 0.0, 1.0],
                [1.0, 0.000505, 1e-06, 0.12423, -1e-06, 0.003876, -0.999992, 1.458518, -0.000505, 0.999992, 0.003876, 0.410559, 0.0, 0.0, 0.0, 1.0],
                [0.999994, -0.000617, 0.003415, 0.089027, 0.003417, 0.003859, -0.999987, 1.472401, 0.000604, 0.999992, 0.003861, 0.356373, 0.0, 0.0, 0.0, 1.0],
                [0.999994, -0.001297, 0.003065, 0.066856, 0.00307, 0.003686, -0.999988, 1.469508, 0.001285, 0.999992, 0.00369, 0.310901, 0.0, 0.0, 0.0, 1.0],
                [0.999994, -0.001323, 0.003054, 0.050555, 0.003059, 0.003677, -0.999989, 1.45613, 0.001312, 0.999992, 0.003681, 0.298535, 0.0, 0.0, 0.0, 1.0],
                [0.999994, -0.001105, 0.003148, 0.038996, 0.003152, 0.003748, -0.999988, 1.437463, 0.001093, 0.999992, 0.003752, 0.296953, 0.0, 0.0, 0.0, 1.0],
                [0.999994, -0.000949, 0.003223, 0.032579, 0.003227, 0.003791, -0.999988, 1.426378, 0.000937, 0.999992, 0.003794, 0.299533, 0.0, 0.0, 0.0, 1.0],
                [0.999994, -0.000919, 0.003239, 0.029131, 0.003243, 0.003799, -0.999988, 1.423724, 0.000907, 0.999992, 0.003802, 0.302145, 0.0, 0.0, 0.0, 1.0],
                [0.999994, -0.000894, 0.003253, 0.026363, 0.003256, 0.003804, -0.999987, 1.421866, 0.000882, 0.999992, 0.003807, 0.304786, 0.0, 0.0, 0.0, 1.0],
                [0.999994, -0.000874, 0.003263, 0.024147, 0.003266, 0.003809, -0.999987, 1.420966, 0.000862, 0.999992, 0.003812, 0.307457, 0.0, 0.0, 0.0, 1.0],
                [0.999994, -0.00086, 0.00327, 0.023062, 0.003274, 0.003812, -0.999987, 1.421186, 0.000848, 0.999992, 0.003815, 0.310156, 0.0, 0.0, 0.0, 1.0],
                [0.999994, -0.000853, 0.003275, 0.02268, 0.003278, 0.003813, -0.999987, 1.422693, 0.000841, 0.999992, 0.003816, 0.315568, 0.0, 0.0, 0.0, 1.0],
                [0.999994, -0.000852, 0.003275, 0.022294, 0.003278, 0.003814, -0.999987, 1.425647, 0.00084, 0.999992, 0.003817, 0.322569, 0.0, 0.0, 0.0, 1.0],
                [0.999994, -0.000862, 0.003269, 0.02205, 0.003273, 0.003812, -0.999987, 1.43021, 0.000849, 0.999992, 0.003815, 0.331892, 0.0, 0.0, 0.0, 1.0],
                [0.999994, -0.000876, 0.003262, 0.022098, 0.003265, 0.003808, -0.999987, 1.436548, 0.000864, 0.999992, 0.003811, 0.344266, 0.0, 0.0, 0.0, 1.0],
                [0.999994, -0.000917, 0.003241, 0.022579, 0.003244, 0.003799, -0.999987, 1.446132, 0.000904, 0.999992, 0.003802, 0.362109, 0.0, 0.0, 0.0, 1.0],
                [0.999994, -0.000975, 0.00321, 0.023642, 0.003214, 0.003784, -0.999988, 1.459434, 0.000963, 0.999992, 0.003788, 0.383776, 0.0, 0.0, 0.0, 1.0],
                [0.999994, -0.001049, 0.003175, 0.025031, 0.003179, 0.003765, -0.999988, 1.475125, 0.001037, 0.999992, 0.003769, 0.408913, 0.0, 0.0, 0.0, 1.0],
                [0.999994, -0.001126, 0.003139, 0.026389, 0.003143, 0.003743, -0.999988, 1.491874, 0.001115, 0.999992, 0.003746, 0.435827, 0.0, 0.0, 0.0, 1.0],
                [0.999994, -0.001199, 0.003106, 0.027715, 0.00311, 0.00372, -0.999988, 1.508347, 0.001187, 0.999992, 0.003724, 0.462634, 0.0, 0.0, 0.0, 1.0],
                [0.999994, -0.001257, 0.003081, 0.029007, 0.003086, 0.003701, -0.999988, 1.523217, 0.001246, 0.999992, 0.003704, 0.489043, 0.0, 0.0, 0.0, 1.0],
                [0.999994, -0.001297, 0.003065, 0.030271, 0.00307, 0.003687, -0.999988, 1.535202, 0.001286, 0.999992, 0.003691, 0.513426, 0.0, 0.0, 0.0, 1.0],
                [0.999994, -0.0013, 0.003064, 0.031486, 0.003069, 0.003686, -0.999988, 1.542829, 0.001289, 0.999992, 0.00369, 0.534488, 0.0, 0.0, 0.0, 1.0],
                [0.999994, -0.001257, 0.003081, 0.032676, 0.003086, 0.0037, -0.999988, 1.544195, 0.001245, 0.999992, 0.003704, 0.550754, 0.0, 0.0, 0.0, 1.0],
                [0.999994, -0.001168, 0.003119, 0.033828, 0.003124, 0.003729, -0.999988, 1.539632, 0.001156, 0.999992, 0.003733, 0.564572, 0.0, 0.0, 0.0, 1.0],
                [0.999994, -0.001045, 0.003177, 0.034931, 0.003181, 0.003767, -0.999988, 1.531433, 0.001033, 0.999992, 0.00377, 0.576535, 0.0, 0.0, 0.0, 1.0],
                [0.999994, -0.00091, 0.003246, 0.035971, 0.003249, 0.003802, -0.999987, 1.521885, 0.000897, 0.999992, 0.003805, 0.585547, 0.0, 0.0, 0.0, 1.0],
                [0.999994, -0.00077, 0.003322, 0.036131, 0.003324, 0.003832, -0.999987, 1.513288, 0.000757, 0.999992, 0.003834, 0.594405, 0.0, 0.0, 0.0, 1.0],
                [0.999994, -0.000644, 0.003401, 0.036285, 0.003403, 0.003856, -0.999987, 1.507936, 0.000631, 0.999992, 0.003858, 0.603108, 0.0, 0.0, 0.0, 1.0],
                [0.999994, -0.000524, 0.00348, 0.036439, 0.003482, 0.003874, -0.999986, 1.506053, 0.000511, 0.999992, 0.003876, 0.611617, 0.0, 0.0, 0.0, 1.0],
                [0.999994, -0.000401, 0.003569, 0.036596, 0.003571, 0.003889, -0.999986, 1.505847, 0.000387, 0.999992, 0.00389, 0.619693, 0.0, 0.0, 0.0, 1.0],
                [0.999993, -0.000275, 0.003668, 0.036755, 0.003669, 0.0039, -0.999986, 1.506592, 0.000261, 0.999992, 0.003901, 0.626573, 0.0, 0.0, 0.0, 1.0],
                [0.999993, -0.000153, 0.003771, 0.036913, 0.003771, 0.003906, -0.999985, 1.507558, 0.000139, 0.999992, 0.003906, 0.632474, 0.0, 0.0, 0.0, 1.0],
                [0.999998, -3.4e-05, 0.001912, 0.035985, 0.001912, 0.003908, -0.999991, 1.508022, 2.7e-05, 0.999992, 0.003908, 0.638191, 0.0, 0.0, 0.0, 1.0],
                [1.0, 7.2e-05, 0.0, 0.033786, -0.0, 0.003909, -0.999992, 1.50726, -7.2e-05, 0.999992, 0.003909, 0.643726, 0.0, 0.0, 0.0, 1.0],
                [1.0, 0.000163, 1e-06, 0.03068, 0.0, 0.003907, -0.999992, 1.505177, -0.000163, 0.999992, 0.003907, 0.649078, 0.0, 0.0, 0.0, 1.0],
                [1.0, 0.000253, 1e-06, 0.026156, -0.0, 0.0039, -0.999992, 1.502347, -0.000253, 0.999992, 0.0039, 0.654247, 0.0, 0.0, 0.0, 1.0],
                [1.0, 0.000337, 1e-06, 0.021354, -0.0, 0.003895, -0.999992, 1.499051, -0.000337, 0.999992, 0.003895, 0.659233, 0.0, 0.0, 0.0, 1.0],
                [1.0, 0.00042, 1e-06, 0.016519, -1e-06, 0.003885, -0.999992, 1.495565, -0.00042, 0.999992, 0.003885, 0.664036, 0.0, 0.0, 0.0, 1.0],
                [1.0, 0.000632, 1e-06, 0.002948, -1e-06, 0.003856, -0.999993, 1.499923, -0.000632, 0.999992, 0.003856, 0.670284, 0.0, 0.0, 0.0, 1.0]
            ]
        },
        {
            "name": "Thigh_R",
            "time": [0.0, 0.0333, 0.0667, 0.1, 0.1333, 0.1667, 0.2, 0.2333, 0.2667, 0.3, 0.3333, 0.3667, 0.4, 0.4333, 0.4667, 0.5, 0.5333, 0.5667, 0.6, 0.6333, 0.6667, 0.7, 0.7333, 0.7667, 0.8, 0.8333, 0.8667, 0.9, 0.9333, 0.9667, 1.0, 1.0333, 1.0667, 1.1, 1.1333, 1.1667, 1.2, 1.2333, 1.2667, 1.3, 1.3333, 1.3667, 1.4, 1.4333, 1.4667, 1.5, 1.5333, 1.5667, 1.6, 1.6333, 1.6667, 1.7, 1.7333, 1.7667, 1.8, 1.8333, 1.8667, 1.9, 1.9333, 1.9667, 2.0, 2.1333],
            "transform": [
                [0.857524, 0.119127, -0.500463, 0.050301, 0.477794, -0.545041, 0.688944, 0.046888, -0.190701, -0.829904, -0.524303, -0.161326, 0.0, 0.0, 0.0, 1.0],
                [0.850679, 0.075797, -0.520194, 0.060596, 0.472794, -0.542911, 0.694056, 0.050346, -0.229812, -0.836363, -0.497679, -0.144987, 0.0, 0.0, 0.0, 1.0],
                [0.835716, 0.028075, -0.548446, 0.070891, 0.473513, -0.542671, 0.693754, 0.053803, -0.278149, -0.839476, -0.466813, -0.128649, 0.0, 0.0, 0.0, 1.0],
                [0.81578, -0.004071, -0.578349, 0.081186, 0.48109, -0.550266, 0.682467, 0.057261, -0.321024, -0.83498, -0.446937, -0.112311, 0.0, 0.0, 0.0, 1.0],
                [0.798068, -0.020153, -0.602232, 0.091481, 0.489503, -0.561148, 0.667458, 0.060719, -0.351392, -0.827471, -0.437969, -0.095973, 0.0, 0.0, 0.0, 1.0],
                [0.792541, -0.035105, -0.608808, 0.101776, 0.488636, -0.560739, 0.668436, 0.064177, -0.364848, -0.827249, -0.427255, -0.079635, 0.0, 0.0, 0.0, 1.0],
                [0.806017, -0.043916, -0.590262, 0.112071, 0.472588, -0.552675, 0.686449, 0.067635, -0.356369, -0.83224, -0.424711, -0.063296, 0.0, 0.0, 0.0, 1.0],
                [0.881507, -0.055729, -0.468871, 0.117507, 0.386938, -0.483834, 0.784974, 0.069477, -0.270602, -0.873384, -0.40494, -0.051247, 0.0, 0.0, 0.0, 1.0],
                [0.968522, -0.006317, -0.248849, 0.122943, 0.226169, -0.395273, 0.890285, 0.071319, -0.103987, -0.918543, -0.381401, -0.039198, 0.0, 0.0, 0.0, 1.0],
                [0.99254, 0.096714, -0.07423, 0.12838, 0.10736, -0.404841, 0.908063, 0.073162, 0.05777, -0.909259, -0.412204, -0.027148, 0.0, 0.0, 0.0, 1.0],
                [0.976081, 0.216567, 0.019141, 0.133816, 0.119694, -0.608784, 0.784255, 0.075004, 0.181496, -0.763205, -0.620144, -0.015099, 0.0, 0.0, 0.0, 1.0],
                [0.915418, 0.361296, 0.177418, 0.078418, 0.215019, -0.811567, 0.543256, 0.080441, 0.340262, -0.459158, -0.820608, 0.028529, 0.0, 0.0, 0.0, 1.0],
                [0.702704, 0.561541, 0.436899, 0.02302, 0.322787, -0.798852, 0.507587, 0.085878, 0.634049, -0.215658, -0.742613, 0.072156, 0.0, 0.0, 0.0, 1.0],
                [0.193439, 0.858945, 0.474126, -0.032378, 0.436403, -0.508144, 0.742525, 0.091315, 0.878713, 0.063276, -0.473141, 0.115783, 0.0, 0.0, 0.0, 1.0],
                [-0.002696, 0.898962, 0.43802, -0.087776, 0.48443, -0.38202, 0.787012, 0.096753, 0.874826, 0.214311, -0.434454, 0.159411, 0.0, 0.0, 0.0, 1.0],
                [-0.148198, 0.896516, 0.41749, -0.068938, 0.53294, -0.283213, 0.797349, 0.094636, 0.833075, 0.340662, -0.435818, 0.145328, 0.0, 0.0, 0.0, 1.0],
                [-0.222938, 0.854853, 0.468536, -0.050101, 0.590971, -0.263726, 0.762367, 0.092519, 0.775276, 0.446852, -0.446398, 0.131245, 0.0, 0.0, 0.0, 1.0],
                [-0.193753, 0.75286, 0.629018, -0.031263, 0.650706, -0.381215, 0.656702, 0.090403, 0.734196, 0.536543, -0.416028, 0.117162, 0.0, 0.0, 0.0, 1.0],
                [-0.069994, 0.555646, 0.828468, -0.012425, 0.691186, -0.57182, 0.44191, 0.088286, 0.719281, 0.603556, -0.34403, 0.103079, 0.0, 0.0, 0.0, 1.0],
                [0.094641, 0.274642, 0.956878, 0.006413, 0.708005, -0.694281, 0.129245, 0.08617, 0.699838, 0.665242, -0.260155, 0.088995, 0.0, 0.0, 0.0, 1.0],
                [0.348795, 0.221565, 0.910633, 0.025251, 0.655092, -0.752499, -0.067827, 0.084053, 0.670223, 0.620205, -0.407613, 0.074912, 0.0, 0.0, 0.0, 1.0],
                [0.640406, 0.259632, 0.722823, 0.052746, 0.524959, -0.834943, -0.165198, 0.086853, 0.560624, 0.485246, -0.670998, 0.050964, 0.0, 0.0, 0.0, 1.0],
                [0.795603, 0.278594, 0.537961, 0.08024, 0.434137, -0.881534, -0.185537, 0.089652, 0.422541, 0.381163, -0.822299, 0.027016, 0.0, 0.0, 0.0, 1.0],
                [0.828934, 0.423364, 0.365559, 0.107735, 0.494914, -0.859662, -0.126658, 0.092451, 0.260634, 0.285911, -0.922131, 0.003068, 0.0, 0.0, 0.0, 1.0],
                [0.870527, 0.422134, 0.252956, 0.096977, 0.47746, -0.849008, -0.226314, 0.077107, 0.119227, 0.317789, -0.940636, -0.02095, 0.0, 0.0, 0.0, 1.0],
                [0.897921, 0.431002, 0.08931, 0.086219, 0.438217, -0.856339, -0.273223, 0.061763, -0.04128, 0.28447, -0.957796, -0.044969, 0.0, 0.0, 0.0, 1.0],
                [0.899946, 0.435966, 0.005602, 0.087225, 0.415455, -0.853569, -0.314355, 0.063051, -0.132267, 0.28523, -0.94929, -0.052102, 0.0, 0.0, 0.0, 1.0],
                [0.902044, 0.427732, -0.058002, 0.088231, 0.373773, -0.841228, -0.390679, 0.064339, -0.215899, 0.33073, -0.918698, -0.059235, 0.0, 0.0, 0.0, 1.0],
                [0.904489, 0.41663, -0.091214, 0.089237, 0.340047, -0.833552, -0.435384, 0.065627, -0.257426, 0.362783, -0.895612, -0.066368, 0.0, 0.0, 0.0, 1.0],
                [0.904206, 0.417556, -0.089779, 0.090243, 0.334615, -0.823212, -0.458644, 0.066914, -0.265417, 0.384667, -0.884074, -0.073502, 0.0, 0.0, 0.0, 1.0],
                [0.904643, 0.417862, -0.08374, 0.091249, 0.331918, -0.814084, -0.476549, 0.068202, -0.267302, 0.403312, -0.875151, -0.080635, 0.0, 0.0, 0.0, 1.0],
                [0.906165, 0.416036, -0.076032, 0.092255, 0.332694, -0.812212, -0.479194, 0.06949, -0.261117, 0.408933, -0.87441, -0.087768, 0.0, 0.0, 0.0, 1.0],
                [0.908819, 0.411673, -0.067633, 0.093306, 0.335059, -0.816833, -0.469595, 0.068165, -0.248565, 0.404116, -0.880288, -0.088559, 0.0, 0.0, 0.0, 1.0],
                [0.911662, 0.407184, -0.055455, 0.094357, 0.340044, -0.823248, -0.454569, 0.06684, -0.230747, 0.395556, -0.888984, -0.089349, 0.0, 0.0, 0.0, 1.0],
                [0.913374, 0.405533, -0.035924, 0.095408, 0.347833, -0.823173, -0.448775, 0.065515, -0.211565, 0.397405, -0.892923, -0.09014, 0.0, 0.0, 0.0, 1.0],
                [0.913916, 0.405901, -0.001585, 0.096459, 0.358265, -0.808485, -0.466904, 0.06419, -0.190799, 0.426143, -0.884307, -0.09093, 0.0, 0.0, 0.0, 1.0],
                [0.913017, 0.406537, 0.033582, 0.09751, 0.370902, -0.793074, -0.483184, 0.062865, -0.169799, 0.453611, -0.874875, -0.09172, 0.0, 0.0, 0.0, 1.0],
                [0.914247, 0.402194, 0.04893, 0.098561, 0.380658, -0.811317, -0.443696, 0.06154, -0.138753, 0.424273, -0.894841, -0.092511, 0.0, 0.0, 0.0, 1.0],
                [0.91553, 0.39421, 0.080026, 0.099612, 0.39048, -0.823202, -0.412147, 0.060215, -0.096595, 0.408581, -0.907596, -0.093301, 0.0, 0.0, 0.0, 1.0],
                [0.91763, 0.386521, 0.092513, 0.100663, 0.394503, -0.857591, -0.330011, 0.058891, -0.048218, 0.339324, -0.939433, -0.094091, 0.0, 0.0, 0.0, 1.0],
                [0.921805, 0.375845, 0.094957, 0.101714, 0.387626, -0.896647, -0.213944, 0.057566, 0.004733, 0.234023, -0.97222, -0.094882, 0.0, 0.0, 0.0, 1.0],
                [0.927756, 0.35993, 0.098598, 0.102765, 0.368245, -0.925801, -0.085381, 0.056241, 0.060551, 0.115521, -0.991458, -0.095672, 0.0, 0.0, 0.0, 1.0],
                [0.934346, 0.339429, 0.108564, 0.103816, 0.338211, -0.940593, 0.030012, 0.054916, 0.112302, 0.008676, -0.993636, -0.096462, 0.0, 0.0, 0.0, 1.0],
                [0.940636, 0.316967, 0.121395, 0.104867, 0.30142, -0.94451, 0.130573, 0.053591, 0.156046, -0.086231, -0.983979, -0.097253, 0.0, 0.0, 0.0, 1.0],
                [0.944748, 0.298925, 0.134524, 0.104461, 0.267908, -0.940593, 0.208595, 0.053812, 0.188887, -0.16103, -0.968706, -0.091049, 0.0, 0.0, 0.0, 1.0],
                [0.942808, 0.293166, 0.158644, 0.104056, 0.261898, -0.945898, 0.191539, 0.054033, 0.206214, -0.139036, -0.968579, -0.084845, 0.0, 0.0, 0.0, 1.0],
                [0.942103, 0.277619, 0.188069, 0.10365, 0.251019, -0.955752, 0.153393, 0.054255, 0.222332, -0.097303, -0.970104, -0.078641, 0.0, 0.0, 0.0, 1.0],
                [0.942076, 0.267265, 0.202642, 0.103245, 0.239077, -0.958846, 0.153159, 0.054476, 0.235236, -0.09584, -0.967202, -0.072438, 0.0, 0.0, 0.0, 1.0],
                [0.942358, 0.259395, 0.211368, 0.102839, 0.226178, -0.959328, 0.16892, 0.054697, 0.246588, -0.111377, -0.962699, -0.066234, 0.0, 0.0, 0.0, 1.0],
                [0.942083, 0.253925, 0.219093, 0.102434, 0.215256, -0.958759, 0.185599, 0.054919, 0.257186, -0.127689, -0.957889, -0.06003, 0.0, 0.0, 0.0, 1.0],
                [0.939219, 0.250659, 0.234605, 0.102028, 0.208599, -0.959382, 0.189928, 0.05514, 0.272683, -0.129445, -0.953357, -0.053826, 0.0, 0.0, 0.0, 1.0],
                [0.933519, 0.249463, 0.257511, 0.101623, 0.205638, -0.960906, 0.1854, 0.055361, 0.293694, -0.12012, -0.948323, -0.047622, 0.0, 0.0, 0.0, 1.0],
                [0.926203, 0.250172, 0.28207, 0.101217, 0.204291, -0.961801, 0.182224, 0.055582, 0.316882, -0.111152, -0.941929, -0.041419, 0.0, 0.0, 0.0, 1.0],
                [0.917792, 0.253291, 0.305783, 0.100866, 0.205565, -0.961977, 0.179844, 0.055802, 0.339709, -0.102201, -0.934962, -0.034759, 0.0, 0.0, 0.0, 1.0],
                [0.907795, 0.257432, 0.331116, 0.100515, 0.207753, -0.961814, 0.178198, 0.056021, 0.364346, -0.092977, -0.926611, -0.028099, 0.0, 0.0, 0.0, 1.0],
                [0.898617, 0.261612, 0.352203, 0.100164, 0.210624, -0.961454, 0.176765, 0.056241, 0.384871, -0.084662, -0.91908, -0.02144, 0.0, 0.0, 0.0, 1.0],
                [0.890527, 0.267853, 0.367718, 0.099813, 0.216347, -0.960391, 0.175625, 0.056461, 0.400195, -0.076844, -0.913203, -0.01478, 0.0, 0.0, 0.0, 1.0],
                [0.885105, 0.268591, 0.380065, 0.099461, 0.2178, -0.960763, 0.171751, 0.05668, 0.411283, -0.06924, -0.908875, -0.008121, 0.0, 0.0, 0.0, 1.0],
                [0.879947, 0.269381, 0.391316, 0.09911, 0.219794, -0.961084, 0.16736, 0.0569, 0.421171, -0.061259, -0.904911, -0.001461, 0.0, 0.0, 0.0, 1.0],
                [0.875096, 0.270218, 0.401486, 0.098759, 0.222333, -0.961347, 0.162422, 0.057119, 0.429857, -0.052871, -0.901348, 0.005199, 0.0, 0.0, 0.0, 1.0],
                [0.870879, 0.270609, 0.410294, 0.098278, 0.224926, -0.96167, 0.156845, 0.057343, 0.437011, -0.044307, -0.898365, 0.010764, 0.0, 0.0, 0.0, 1.0],
                [0.860516, 0.267304, 0.433662, 0.096351, 0.232828, -0.963531, 0.131908, 0.058238, 0.453106, -0.012541, -0.891369, 0.033027, 0.0, 0.0, 0.0, 1.0]
            ]
        },
        {
            "name": "Leg_R",
            "time": [0.0, 0.0333, 0.0667, 0.1, 0.1333, 0.1667, 0.2, 0.2333, 0.2667, 0.3, 0.3333, 0.3667, 0.4, 0.4333, 0.4667, 0.5, 0.5333, 0.5667, 0.6, 0.6333, 0.6667, 0.7, 0.7333, 0.7667, 0.8, 0.8333, 0.8667, 0.9, 0.9333, 0.9667, 1.0, 1.0333, 1.0667, 1.1, 1.1333, 1.1667, 1.2, 1.2333, 1.2667, 1.3, 1.3333, 1.3667, 1.4, 1.4333, 1.4667, 1.5, 1.5333, 1.5667, 1.6, 1.6333, 1.6667, 1.7, 1.7333, 1.7667, 1.8, 1.8333, 1.8667, 1.9, 1.9333, 1.9667, 2.0, 2.1333],
            "transform": [
                [0.999997, -0.001941, 0.000238, 0.0, 0.000235, 0.2396, 0.970872, 0.37472, -0.001942, -0.97087, 0.2396, -0.0, 0.0, 0.0, 0.0, 1.0],
                [0.999997, -0.001942, 0.000231, 0.0, 0.000229, 0.233624, 0.972327, 0.37472, -0.001942, -0.972326, 0.233624, 0.0, 0.0, 0.0, 0.0, 1.0],
                [0.999998, -0.001939, 0.00025, 0.0, 0.000247, 0.252326, 0.967642, 0.37472, -0.00194, -0.96764, 0.252326, -0.0, 0.0, 0.0, 0.0, 1.0],
                [0.999997, -0.001933, 0.0003, 0.0, 0.000296, 0.30134, 0.953516, 0.37472, -0.001933, -0.953515, 0.30134, -0.0, 0.0, 0.0, 0.0, 1.0],
                [0.999997, -0.001921, 0.000362, -0.0, 0.000359, 0.362807, 0.931864, 0.37472, -0.001922, -0.931862, 0.362807, 0.0, 0.0, 0.0, 0.0, 1.0],
                [0.999997, -0.001916, 0.000394, -0.0, 0.000391, 0.392862, 0.919598, 0.37472, -0.001917, -0.919596, 0.392861, 0.0, 0.0, 0.0, 0.0, 1.0],
                [0.999997, -0.001918, 0.000386, 0.0, 0.000383, 0.385225, 0.922823, 0.37472, -0.001918, -0.922821, 0.385225, 0.0, 0.0, 0.0, 0.0, 1.0],
                [0.999997, -0.001939, 0.000249, 0.0, 0.000247, 0.251481, 0.967863, 0.37472, -0.001939, -0.96786, 0.251481, -0.0, 0.0, 0.0, 0.0, 1.0],
                [0.999997, -0.001955, 3.2e-05, 0.0, 3e-05, 0.031979, 0.999489, 0.37472, -0.001955, -0.999487, 0.031979, -0.0, 0.0, 0.0, 0.0, 1.0],
                [0.999997, -0.001952, -0.000132, 0.0, -0.000134, -0.135743, 0.990744, 0.37472, -0.001951, -0.990743, -0.135743, 0.0, 0.0, 0.0, 0.0, 1.0],
                [0.999997, -0.00195, -0.000156, -0.0, -0.000158, -0.160092, 0.987102, 0.37472, -0.00195, -0.987101, -0.160092, -0.0, 0.0, 0.0, 0.0, 1.0],
                [0.999997, -0.001956, 9e-06, 0.0, 8e-06, 0.008771, 0.999961, 0.37472, -0.001956, -0.99996, 0.008771, 0.0, 0.0, 0.0, 0.0, 1.0],
                [0.999997, -0.001951, 0.00015, -0.0, 0.000147, 0.151116, 0.988516, 0.37472, -0.001951, -0.988515, 0.151116, 0.0, 0.0, 0.0, 0.0, 1.0],
                [0.999997, -0.001955, 9.1e-05, 0.0, 8.8e-05, 0.091495, 0.995806, 0.37472, -0.001955, -0.995804, 0.091495, 0.0, 0.0, 0.0, 0.0, 1.0],
                [0.999997, -0.001956, 2.1e-05, -0.0, 1.9e-05, 0.020105, 0.999798, 0.37472, -0.001956, -0.999796, 0.020105, -0.0, 0.0, 0.0, 0.0, 1.0],
                [0.999998, -0.001956, -4.5e-05, 0.0, -4.6e-05, -0.046345, 0.998926, 0.37472, -0.001956, -0.998923, -0.046345, -0.0, 0.0, 0.0, 0.0, 1.0],
                [0.999997, -0.001957, -1.5e-05, 0.0, -1.9e-05, -0.017506, 0.999847, 0.37472, -0.001956, -0.999845, -0.017506, -0.0, 0.0, 0.0, 0.0, 1.0],
                [0.999997, -0.001949, 0.000168, -0.0, 0.000164, 0.169024, 0.985612, 0.37472, -0.00195, -0.98561, 0.169023, -0.0, 0.0, 0.0, 0.0, 1.0],
                [0.999997, -0.001891, 0.000498, -0.0, 0.000495, 0.491289, 0.870997, 0.37472, -0.001892, -0.870995, 0.491289, 0.0, 0.0, 0.0, 0.0, 1.0],
                [0.999997, -0.00171, 0.000948, 0.0, 0.000945, 0.847262, 0.531174, 0.37472, -0.001712, -0.531172, 0.847262, -0.0, 0.0, 0.0, 0.0, 1.0],
                [0.999997, -0.001696, 0.000972, 0.0, 0.000968, 0.861427, 0.50788, 0.37472, -0.001699, -0.507878, 0.861428, -0.0, 0.0, 0.0, 0.0, 1.0],
                [0.999997, -0.00179, 0.000787, -0.0, 0.000783, 0.73538, 0.677655, 0.37472, -0.001792, -0.677653, 0.73538, 0.0, 0.0, 0.0, 0.0, 1.0],
                [0.999997, -0.001839, 0.000665, -0.0, 0.000661, 0.637767, 0.770229, 0.37472, -0.00184, -0.770227, 0.637767, -0.0, 0.0, 0.0, 0.0, 1.0],
                [0.999997, -0.001857, 0.000611, -0.0, 0.000606, 0.591698, 0.80616, 0.37472, -0.001859, -0.806158, 0.591698, -0.0, 0.0, 0.0, 0.0, 1.0],
                [0.999997, -0.00189, 0.000501, -0.0, 0.000497, 0.493377, 0.869816, 0.37472, -0.001891, -0.869815, 0.493377, 0.0, 0.0, 0.0, 0.0, 1.0],
                [0.999996, -0.001916, 0.000391, 0.0, 0.000388, 0.390577, 0.92057, 0.37472, -0.001917, -0.920569, 0.390577, 0.0, 0.0, 0.0, 0.0, 1.0],
                [0.999996, -0.001914, 0.000398, 0.0, 0.000396, 0.397422, 0.917636, 0.37472, -0.001915, -0.917635, 0.397422, 0.0, 0.0, 0.0, 0.0, 1.0],
                [0.999997, -0.001896, 0.000476, 0.0, 0.000473, 0.470878, 0.882198, 0.37472, -0.001897, -0.882196, 0.470878, -0.0, 0.0, 0.0, 0.0, 1.0],
                [0.999997, -0.001879, 0.000542, -0.0, 0.000539, 0.530904, 0.847432, 0.37472, -0.00188, -0.84743, 0.530904, 0.0, 0.0, 0.0, 0.0, 1.0],
                [0.999997, -0.001869, 0.000574, -0.0, 0.000571, 0.559821, 0.828614, 0.37472, -0.00187, -0.828612, 0.55982, 0.0, 0.0, 0.0, 0.0, 1.0],
                [0.999997, -0.00186, 0.000602, -0.0, 0.000599, 0.584802, 0.811176, 0.37472, -0.001861, -0.811175, 0.584801, -0.0, 0.0, 0.0, 0.0, 1.0],
                [0.999997, -0.001856, 0.000614, 0.0, 0.00061, 0.594814, 0.803863, 0.37472, -0.001857, -0.803862, 0.594814, -0.0, 0.0, 0.0, 0.0, 1.0],
                [0.999997, -0.001855, 0.000616, 0.0, 0.000611, 0.596057, 0.802942, 0.37472, -0.001857, -0.802941, 0.596056, -0.0, 0.0, 0.0, 0.0, 1.0],
                [0.999997, -0.001855, 0.000617, 0.0, 0.000613, 0.597298, 0.802019, 0.37472, -0.001857, -0.802017, 0.597298, -0.0, 0.0, 0.0, 0.0, 1.0],
                [0.999996, -0.001848, 0.000639, -0.0, 0.000636, 0.616895, 0.787046, 0.37472, -0.001849, -0.787045, 0.616894, 0.0, 0.0, 0.0, 0.0, 1.0],
                [0.999998, -0.001827, 0.000698, -0.0, 0.000695, 0.6654, 0.746486, 0.37472, -0.001829, -0.746485, 0.6654, -0.0, 0.0, 0.0, 0.0, 1.0],
                [0.999997, -0.001799, 0.000765, 0.0, 0.000762, 0.719052, 0.694956, 0.37472, -0.001801, -0.694954, 0.719052, 0.0, 0.0, 0.0, 0.0, 1.0],
                [0.999997, -0.001818, 0.000719, -0.0, 0.000715, 0.682183, 0.731182, 0.37472, -0.00182, -0.73118, 0.682183, -0.0, 0.0, 0.0, 0.0, 1.0],
                [0.999996, -0.001822, 0.000709, 0.0, 0.000706, 0.674982, 0.737834, 0.37472, -0.001823, -0.737833, 0.674982, 0.0, 0.0, 0.0, 0.0, 1.0],
                [0.999997, -0.001842, 0.000657, 0.0, 0.000655, 0.632075, 0.774907, 0.37472, -0.001843, -0.774905, 0.632075, 0.0, 0.0, 0.0, 0.0, 1.0],
                [0.999997, -0.001868, 0.000581, 0.0, 0.000578, 0.565701, 0.824611, 0.37472, -0.001869, -0.82461, 0.565701, -0.0, 0.0, 0.0, 0.0, 1.0],
                [0.999996, -0.001887, 0.000512, 0.0, 0.000509, 0.504443, 0.863445, 0.37472, -0.001887, -0.863444, 0.504443, -0.0, 0.0, 0.0, 0.0, 1.0],
                [0.999997, -0.001898, 0.000473, -0.0, 0.00047, 0.468032, 0.883711, 0.37472, -0.001899, -0.88371, 0.468032, -0.0, 0.0, 0.0, 0.0, 1.0],
                [0.999997, -0.001904, 0.000448, 0.0, 0.000445, 0.44412, 0.895967, 0.37472, -0.001905, -0.895966, 0.44412, 0.0, 0.0, 0.0, 0.0, 1.0],
                [0.999997, -0.001907, 0.000432, 0.0, 0.00043, 0.429594, 0.903022, 0.37472, -0.001908, -0.903021, 0.429594, -0.0, 0.0, 0.0, 0.0, 1.0],
                [0.999997, -0.001892, 0.000492, -0.0, 0.000489, 0.485698, 0.874127, 0.37472, -0.001893, -0.874125, 0.485698, 0.0, 0.0, 0.0, 0.0, 1.0],
                [0.999997, -0.001865, 0.000588, 0.0, 0.000585, 0.572115, 0.820174, 0.37472, -0.001866, -0.820172, 0.572115, 0.0, 0.0, 0.0, 0.0, 1.0],
                [0.999997, -0.001852, 0.000628, 0.0, 0.000625, 0.607157, 0.794582, 0.37472, -0.001853, -0.794581, 0.607157, 0.0, 0.0, 0.0, 0.0, 1.0],
                [0.999997, -0.001847, 0.000642, 0.0, 0.000639, 0.618986, 0.785402, 0.37472, -0.001848, -0.7854, 0.618986, 0.0, 0.0, 0.0, 0.0, 1.0],
                [0.999997, -0.001842, 0.000656, 0.0, 0.000652, 0.630677, 0.776046, 0.37472, -0.001843, -0.776044, 0.630677, -0.0, 0.0, 0.0, 0.0, 1.0],
                [0.999997, -0.001832, 0.000682, 0.0, 0.000679, 0.652895, 0.757448, 0.37472, -0.001833, -0.757447, 0.652895, 0.0, 0.0, 0.0, 0.0, 1.0],
                [0.999997, -0.001819, 0.000716, 0.0, 0.000714, 0.681023, 0.732262, 0.37472, -0.00182, -0.73226, 0.681023, -0.0, 0.0, 0.0, 0.0, 1.0],
                [0.999997, -0.001806, 0.000749, 0.0, 0.000746, 0.706466, 0.707747, 0.37472, -0.001807, -0.707745, 0.706466, 0.0, 0.0, 0.0, 0.0, 1.0],
                [0.999997, -0.001795, 0.000777, 0.0, 0.000774, 0.728131, 0.685438, 0.37472, -0.001796, -0.685437, 0.728131, 0.0, 0.0, 0.0, 0.0, 1.0],
                [0.999997, -0.001783, 0.000804, 0.0, 0.0008, 0.7479, 0.663812, 0.37472, -0.001785, -0.66381, 0.7479, -0.0, 0.0, 0.0, 0.0, 1.0],
                [0.999997, -0.001771, 0.00083, 0.0, 0.000826, 0.76703, 0.641612, 0.37472, -0.001773, -0.64161, 0.76703, -0.0, 0.0, 0.0, 0.0, 1.0],
                [0.999997, -0.001759, 0.000855, 0.0, 0.000852, 0.785497, 0.618865, 0.37472, -0.00176, -0.618863, 0.785498, 0.0, 0.0, 0.0, 0.0, 1.0],
                [0.999997, -0.001745, 0.000882, -0.0, 0.00088, 0.80451, 0.593939, 0.37472, -0.001746, -0.593937, 0.80451, -0.0, 0.0, 0.0, 0.0, 1.0],
                [0.999997, -0.00173, 0.000911, -0.0, 0.000909, 0.823902, 0.566732, 0.37472, -0.001731, -0.56673, 0.823902, -0.0, 0.0, 0.0, 0.0, 1.0],
                [0.999997, -0.001714, 0.000942, 0.0, 0.00094, 0.843571, 0.537017, 0.37472, -0.001715, -0.537015, 0.843571, 0.0, 0.0, 0.0, 0.0, 1.0],
                [0.999997, -0.001696, 0.000973, -0.0, 0.00097, 0.862179, 0.506605, 0.37472, -0.001699, -0.506603, 0.862178, -0.0, 0.0, 0.0, 0.0, 1.0],
                [0.999997, -0.001635, 0.001071, -0.0, 0.001068, 0.916078, 0.400999, 0.37472, -0.001637, -0.400998, 0.916078, -0.0, 0.0, 0.0, 0.0, 1.0]
            ]
        },
        {
            "name": "Knee_R",
            "time": [2.1333, 0.0],
            "transform": [
                [1.0, 0.0, -0.0, 0.0, -1e-06, 0.0, -1.0, 0.37472, -0.0, 1.0, 0.0, -0.0, 0.0, 0.0, 0.0, 1.0],
                [1.0, 0.0, -0.0, -0.0, -0.0, 0.0, -1.0, 0.37472, -0.0, 1.0, 0.0, -0.0, 0.0, 0.0, 0.0, 1.0]
            ]
        },
        {
            "name": "Thigh_L",
            "time": [0.0, 0.0333, 0.0667, 0.1, 0.1333, 0.1667, 0.2, 0.2333, 0.2667, 0.3, 0.3333, 0.3667, 0.4, 0.4333, 0.4667, 0.5, 0.5333, 0.5667, 0.6, 0.6333, 0.6667, 0.7, 0.7333, 0.7667, 0.8, 0.8333, 0.8667, 0.9, 0.9333, 0.9667, 1.0, 1.0333, 1.0667, 1.1, 1.1333, 1.1667, 1.2, 1.2333, 1.2667, 1.3, 1.3333, 1.3667, 1.4, 1.4333, 1.4667, 1.5, 1.5333, 1.5667, 1.6, 1.6333, 1.6667, 1.7, 1.7333, 1.7667, 1.8, 1.8333, 1.8667, 1.9, 1.9333, 1.9667, 2.0, 2.1333],
            "transform": [
                [0.247684, -0.5938, -0.765543, 0.002716, -0.595939, -0.716378, 0.362849, 0.109751, -0.763874, 0.366348, -0.531304, 0.112834, 0.0, 0.0, 0.0, 1.0],
                [0.149772, -0.563326, -0.812548, -0.029594, -0.597706, -0.706236, 0.379446, 0.119465, -0.787598, 0.428837, -0.442477, 0.104222, 0.0, 0.0, 0.0, 1.0],
                [0.03888, -0.523588, -0.851085, -0.061904, -0.604416, -0.690574, 0.397228, 0.129179, -0.795717, 0.498968, -0.343314, 0.09561, 0.0, 0.0, 0.0, 1.0],
                [-0.07184, -0.482043, -0.873198, -0.064256, -0.614658, -0.668074, 0.419373, 0.111664, -0.785513, 0.566849, -0.248297, 0.079381, 0.0, 0.0, 0.0, 1.0],
                [-0.171227, -0.445874, -0.878566, -0.066607, -0.623888, -0.641094, 0.446947, 0.094148, -0.762523, 0.624659, -0.168402, 0.063152, 0.0, 0.0, 0.0, 1.0],
                [-0.2548, -0.420153, -0.870947, -0.068958, -0.627113, -0.613796, 0.479565, 0.076632, -0.736072, 0.668379, -0.107088, 0.046923, 0.0, 0.0, 0.0, 1.0],
                [-0.299531, -0.407278, -0.862789, -0.076628, -0.631421, -0.593317, 0.499281, 0.081853, -0.715251, 0.694337, -0.079447, 0.066397, 0.0, 0.0, 0.0, 1.0],
                [-0.307067, -0.472001, -0.826393, -0.084298, -0.612651, -0.566448, 0.551176, 0.087074, -0.728262, 0.675542, -0.115234, 0.085871, 0.0, 0.0, 0.0, 1.0],
                [-0.228268, -0.565238, -0.792717, -0.091968, -0.601904, -0.558043, 0.571226, 0.092294, -0.765246, 0.607535, -0.212835, 0.105345, 0.0, 0.0, 0.0, 1.0],
                [-0.040927, -0.53348, -0.844823, -0.105526, -0.669543, -0.612967, 0.419504, 0.077387, -0.741642, 0.582818, -0.3321, 0.083836, 0.0, 0.0, 0.0, 1.0],
                [0.450164, -0.51905, -0.726595, -0.119084, -0.72386, -0.68858, 0.043419, 0.062479, -0.522853, 0.506411, -0.685692, 0.062328, 0.0, 0.0, 0.0, 1.0],
                [0.844728, -0.369535, -0.387137, -0.132642, -0.492843, -0.819121, -0.293512, 0.047572, -0.208648, 0.438738, -0.874057, 0.040819, 0.0, 0.0, 0.0, 1.0],
                [0.986761, -0.13707, 0.086665, -0.086867, -0.147847, -0.979966, 0.133466, 0.067357, 0.066634, -0.144513, -0.987256, -0.013703, 0.0, 0.0, 0.0, 1.0],
                [0.722024, 0.285754, 0.630098, -0.041092, -0.351838, -0.632521, 0.690021, 0.087142, 0.595723, -0.719909, -0.356156, -0.068225, 0.0, 0.0, 0.0, 1.0],
                [0.81357, -0.07905, 0.576067, 0.004684, -0.541493, -0.463979, 0.701076, 0.106927, 0.211862, -0.882315, -0.420284, -0.122747, 0.0, 0.0, 0.0, 1.0],
                [0.843262, -0.100654, 0.527991, 0.001279, -0.526221, -0.354766, 0.772807, 0.099049, 0.109527, -0.929524, -0.352126, -0.111729, 0.0, 0.0, 0.0, 1.0],
                [0.789869, -0.084742, 0.60739, -0.002986, -0.598323, -0.323827, 0.732901, 0.089806, 0.134581, -0.942316, -0.306484, -0.115228, 0.0, 0.0, 0.0, 1.0],
                [0.721369, -0.123058, 0.681528, -0.007251, -0.653834, -0.445429, 0.611631, 0.080563, 0.228305, -0.886823, -0.401778, -0.118727, 0.0, 0.0, 0.0, 1.0],
                [0.653282, -0.19594, 0.731319, -0.011516, -0.663203, -0.614041, 0.42792, 0.071321, 0.365212, -0.76457, -0.53109, -0.122226, 0.0, 0.0, 0.0, 1.0],
                [0.638019, -0.260465, 0.724629, -0.015781, -0.636093, -0.708621, 0.305357, 0.062078, 0.43395, -0.655759, -0.617793, -0.125725, 0.0, 0.0, 0.0, 1.0],
                [0.69543, -0.290464, 0.657272, -0.020046, -0.61692, -0.710363, 0.338813, 0.052835, 0.368487, -0.641108, -0.6732, -0.129224, 0.0, 0.0, 0.0, 1.0],
                [0.774925, -0.319568, 0.545313, -0.028129, -0.594683, -0.660901, 0.457779, 0.058206, 0.214106, -0.679035, -0.70219, -0.08549, 0.0, 0.0, 0.0, 1.0],
                [0.832386, -0.353762, 0.426597, -0.036212, -0.551387, -0.60603, 0.573323, 0.063576, 0.055711, -0.712449, -0.69951, -0.041757, 0.0, 0.0, 0.0, 1.0],
                [0.901738, -0.31967, 0.290994, -0.044295, -0.427512, -0.559786, 0.709841, 0.068946, -0.06402, -0.764497, -0.641442, 0.001976, 0.0, 0.0, 0.0, 1.0],
                [0.922075, -0.32621, 0.208233, -0.052378, -0.35089, -0.477733, 0.805387, 0.074316, -0.163244, -0.815699, -0.554969, 0.045709, 0.0, 0.0, 0.0, 1.0],
                [0.924287, -0.340511, 0.172458, -0.060461, -0.306515, -0.392914, 0.866987, 0.079686, -0.227456, -0.854211, -0.467537, 0.089442, 0.0, 0.0, 0.0, 1.0],
                [0.920954, -0.366627, 0.132, -0.074161, -0.255063, -0.311093, 0.915513, 0.063125, -0.294586, -0.876819, -0.380015, 0.09722, 0.0, 0.0, 0.0, 1.0],
                [0.910133, -0.406849, 0.078291, -0.087861, -0.185599, -0.231423, 0.954985, 0.046564, -0.370414, -0.883698, -0.286136, 0.104998, 0.0, 0.0, 0.0, 1.0],
                [0.898456, -0.436578, 0.046615, -0.087498, -0.140844, -0.186026, 0.972397, 0.047318, -0.415854, -0.880227, -0.228625, 0.109972, 0.0, 0.0, 0.0, 1.0],
                [0.896055, -0.442519, 0.035505, -0.087134, -0.126954, -0.17879, 0.975662, 0.048072, -0.4254, -0.878758, -0.216385, 0.114947, 0.0, 0.0, 0.0, 1.0],
                [0.895286, -0.444567, 0.028656, -0.086771, -0.118349, -0.175338, 0.977369, 0.048826, -0.42948, -0.87842, -0.209592, 0.119922, 0.0, 0.0, 0.0, 1.0],
                [0.895894, -0.443547, 0.025251, -0.086408, -0.115193, -0.177028, 0.977441, 0.049579, -0.429069, -0.878596, -0.209692, 0.124897, 0.0, 0.0, 0.0, 1.0],
                [0.897659, -0.439927, 0.025896, -0.086045, -0.117542, -0.182381, 0.976176, 0.050333, -0.424722, -0.879322, -0.215426, 0.129872, 0.0, 0.0, 0.0, 1.0],
                [0.900869, -0.433152, 0.028518, -0.085682, -0.123478, -0.192722, 0.973453, 0.051087, -0.416156, -0.880478, -0.227102, 0.134846, 0.0, 0.0, 0.0, 1.0],
                [0.904954, -0.42448, 0.029547, -0.085318, -0.132379, -0.214869, 0.96763, 0.051841, -0.404389, -0.879576, -0.250638, 0.139821, 0.0, 0.0, 0.0, 1.0],
                [0.909784, -0.413861, 0.031802, -0.084955, -0.14239, -0.239209, 0.960471, 0.052594, -0.389892, -0.878352, -0.276558, 0.144796, 0.0, 0.0, 0.0, 1.0],
                [0.915046, -0.401943, 0.033605, -0.084592, -0.153581, -0.270173, 0.950484, 0.053348, -0.37296, -0.874902, -0.308951, 0.149771, 0.0, 0.0, 0.0, 1.0],
                [0.920951, -0.388027, 0.035811, -0.084229, -0.168104, -0.312709, 0.934855, 0.054102, -0.351549, -0.86698, -0.353218, 0.154746, 0.0, 0.0, 0.0, 1.0],
                [0.928154, -0.370226, 0.038208, -0.083865, -0.184584, -0.368736, 0.911022, 0.054856, -0.323195, -0.852626, -0.410582, 0.159721, 0.0, 0.0, 0.0, 1.0],
                [0.935853, -0.350069, 0.040343, -0.083502, -0.199932, -0.433213, 0.878837, 0.055609, -0.290175, -0.830533, -0.475414, 0.164695, 0.0, 0.0, 0.0, 1.0],
                [0.942765, -0.330753, 0.042341, -0.083139, -0.213143, -0.500094, 0.839331, 0.056363, -0.256436, -0.800322, -0.541968, 0.16967, 0.0, 0.0, 0.0, 1.0],
                [0.949433, -0.310723, 0.04499, -0.082776, -0.22234, -0.564257, 0.795097, 0.057117, -0.221669, -0.764899, -0.60481, 0.174645, 0.0, 0.0, 0.0, 1.0],
                [0.95529, -0.291888, 0.047087, -0.082413, -0.226736, -0.621036, 0.750271, 0.057871, -0.189752, -0.727407, -0.659451, 0.17962, 0.0, 0.0, 0.0, 1.0],
                [0.959411, -0.277245, 0.051587, -0.082049, -0.231112, -0.668189, 0.707187, 0.058624, -0.161593, -0.69041, -0.705141, 0.184595, 0.0, 0.0, 0.0, 1.0],
                [0.962183, -0.266934, 0.054272, -0.081686, -0.233251, -0.704502, 0.670278, 0.059378, -0.140684, -0.657594, -0.740122, 0.189569, 0.0, 0.0, 0.0, 1.0],
                [0.965411, -0.255169, 0.05354, -0.084031, -0.229077, -0.732094, 0.641533, 0.058832, -0.124503, -0.631611, -0.765224, 0.17432, 0.0, 0.0, 0.0, 1.0],
                [0.967965, -0.24547, 0.052756, -0.086375, -0.225043, -0.755077, 0.615807, 0.058286, -0.111327, -0.607956, -0.786128, 0.15907, 0.0, 0.0, 0.0, 1.0],
                [0.970214, -0.237235, 0.048986, -0.08872, -0.219328, -0.774465, 0.593382, 0.05774, -0.102832, -0.586455, -0.803429, 0.143821, 0.0, 0.0, 0.0, 1.0],
                [0.972076, -0.230533, 0.043796, -0.091065, -0.213457, -0.791207, 0.573089, 0.057193, -0.097464, -0.566438, -0.818322, 0.128571, 0.0, 0.0, 0.0, 1.0],
                [0.973396, -0.225739, 0.039224, -0.093409, -0.209119, -0.80536, 0.554677, 0.056647, -0.093622, -0.548126, -0.83114, 0.113321, 0.0, 0.0, 0.0, 1.0],
                [0.974565, -0.22159, 0.033422, -0.095754, -0.204605, -0.819022, 0.536043, 0.056101, -0.091408, -0.52925, -0.843528, 0.098072, 0.0, 0.0, 0.0, 1.0],
