{
    "animation": [
        {
            "name": "Root",
            "time": [0.0, 0.0333, 0.0667, 0.1, 0.1333, 0.1667, 0.2, 0.2333, 0.2667, 0.3, 0.3333, 0.3667, 0.4, 0.4333, 0.4667, 0.5, 0.5333, 0.5667, 0.6, 0.6333, 0.6667, 0.7, 0.7333, 0.7667, 0.8, 0.8333, 0.8667, 0.9, 0.9333, 0.9667, 1.0, 1.0333, 1.0667, 1.1, 1.1333, 1.1667, 1.2, 1.2333, 1.2667, 1.3, 1.3333, 1.3667, 1.4, 1.4333, 1.4667, 1.5, 1.5333, 1.5667, 1.6, 1.6333, 1.6667, 1.7, 1.7333, 1.8],
            "transform": [
                [1.0, 0.000484, 1e-06, 0.045769, -1e-06, 0.003878, -0.999992, 0.001272, -0.000484, 0.999992, 0.003878, 0.532727, 0.0, 0.0, 0.0, 1.0],
                [1.0, 6e-06, 0.0, 0.040247, 0.0, 0.003908, -0.999992, -6.7e-05, -6e-06, 0.999992, 0.003908, 0.543243, 0.0, 0.0, 0.0, 1.0],
                [0.999994, -0.000526, 0.003476, 0.034667, 0.003478, 0.003872, -0.999986, -0.005789, 0.000512, 0.999992, 0.003874, 0.554395, 0.0, 0.0, 0.0, 1.0],
                [0.999994, -0.001008, 0.003194, 0.028799, 0.003198, 0.003775, -0.999988, -0.00935, 0.000996, 0.999992, 0.003779, 0.565752, 0.0, 0.0, 0.0, 1.0],
                [0.999994, -0.001379, 0.003032, 0.022406, 0.003037, 0.003656, -0.999989, -0.004203, 0.001368, 0.999992, 0.003661, 0.571271, 0.0, 0.0, 0.0, 1.0],
                [0.999994, -0.001573, 0.002964, 0.015255, 0.002969, 0.003577, -0.999989, 0.016212, 0.001562, 0.999992, 0.003582, 0.567296, 0.0, 0.0, 0.0, 1.0],
                [0.999994, -0.001402, 0.003024, 0.004018, 0.003029, 0.003647, -0.999989, 0.069625, 0.001391, 0.999992, 0.003652, 0.538222, 0.0, 0.0, 0.0, 1.0],
                [0.999994, -0.000884, 0.003257, -0.008025, 0.003261, 0.003807, -0.999987, 0.15333, 0.000872, 0.999992, 0.00381, 0.490729, 0.0, 0.0, 0.0, 1.0],
                [0.999993, -0.000269, 0.003669, -0.016874, 0.003671, 0.003899, -0.999986, 0.243255, 0.000255, 0.999992, 0.0039, 0.452273, 0.0, 0.0, 0.0, 1.0],
                [1.0, 0.000609, 1e-06, -0.012404, -1e-06, 0.00386, -0.999993, 0.333145, -0.000609, 0.999992, 0.00386, 0.437755, 0.0, 0.0, 0.0, 1.0],
                [0.999999, 0.001404, 3e-06, 0.002986, -3e-06, 0.003647, -0.999993, 0.441328, -0.001404, 0.999992, 0.003647, 0.449752, 0.0, 0.0, 0.0, 1.0],
                [0.999999, 0.001552, 3e-06, -0.001701, -3e-06, 0.003587, -0.999994, 0.586086, -0.001552, 0.999992, 0.003587, 0.446409, 0.0, 0.0, 0.0, 1.0],
                [0.999999, 0.001412, 3e-06, 0.002073, -2e-06, 0.003645, -0.999993, 0.729962, -0.001412, 0.999992, 0.003645, 0.47573, 0.0, 0.0, 0.0, 1.0],
                [0.999999, 0.001228, 2e-06, 0.00675, -2e-06, 0.00371, -0.999993, 0.845396, -0.001228, 0.999992, 0.00371, 0.48197, 0.0, 0.0, 0.0, 1.0],
                [0.999999, 0.000961, 2e-06, 0.011623, -2e-06, 0.003788, -0.999993, 0.949965, -0.000961, 0.999992, 0.003788, 0.481022, 0.0, 0.0, 0.0, 1.0],
                [1.0, 0.000584, 2e-06, 0.015182, -1e-06, 0.003864, -0.999993, 1.040674, -0.000584, 0.999992, 0.003864, 0.477765, 0.0, 0.0, 0.0, 1.0],
                [0.999992, -1.1e-05, 0.003904, 0.013951, 0.003904, 0.003906, -0.999985, 1.098912, -4e-06, 0.999992, 0.003906, 0.474894, 0.0, 0.0, 0.0, 1.0],
                [0.999994, -0.000723, 0.003349, 0.012044, 0.003352, 0.00384, -0.999987, 1.143825, 0.00071, 0.999992, 0.003843, 0.471748, 0.0, 0.0, 0.0, 1.0],
                [0.999994, -0.00146, 0.003002, 0.01386, 0.003007, 0.003625, -0.999989, 1.20767, 0.001449, 0.999992, 0.003629, 0.470312, 0.0, 0.0, 0.0, 1.0],
                [0.999994, -0.002017, 0.002845, 0.015925, 0.002851, 0.003348, -0.99999, 1.265234, 0.002007, 0.999992, 0.003353, 0.470737, 0.0, 0.0, 0.0, 1.0],
                [0.999994, -0.002189, 0.002811, 0.01648, 0.002818, 0.003237, -0.999991, 1.298848, 0.00218, 0.999992, 0.003243, 0.474258, 0.0, 0.0, 0.0, 1.0],
                [0.999994, -0.002128, 0.002822, 0.016071, 0.002829, 0.003277, -0.999991, 1.318242, 0.002119, 0.999992, 0.003283, 0.477805, 0.0, 0.0, 0.0, 1.0],
                [0.999994, -0.001889, 0.002874, 0.015392, 0.00288, 0.003422, -0.99999, 1.325454, 0.001879, 0.999992, 0.003427, 0.478777, 0.0, 0.0, 0.0, 1.0],
                [0.999994, -0.001605, 0.002954, 0.01452, 0.00296, 0.003563, -0.999989, 1.32577, 0.001594, 0.999992, 0.003568, 0.479087, 0.0, 0.0, 0.0, 1.0],
                [0.999994, -0.001423, 0.003016, 0.013757, 0.003021, 0.00364, -0.999989, 1.325011, 0.001412, 0.999992, 0.003644, 0.479444, 0.0, 0.0, 0.0, 1.0],
                [0.999994, -0.001248, 0.003084, 0.013018, 0.003089, 0.003703, -0.999988, 1.32137, 0.001237, 0.999992, 0.003707, 0.479833, 0.0, 0.0, 0.0, 1.0],
                [0.999995, -0.001082, 0.003158, 0.012297, 0.003162, 0.003755, -0.999988, 1.316862, 0.001071, 0.999992, 0.003758, 0.480242, 0.0, 0.0, 0.0, 1.0],
                [0.999994, -0.000927, 0.003234, 0.011593, 0.003238, 0.003796, -0.999987, 1.313495, 0.000915, 0.999992, 0.003799, 0.480658, 0.0, 0.0, 0.0, 1.0],
                [0.999994, -0.000785, 0.003312, 0.0109, 0.003315, 0.003829, -0.999987, 1.313283, 0.000773, 0.999992, 0.003831, 0.481303, 0.0, 0.0, 0.0, 1.0],
                [0.999994, -0.000658, 0.003389, 0.010222, 0.003391, 0.003852, -0.999987, 1.31824, 0.000645, 0.999992, 0.003854, 0.485547, 0.0, 0.0, 0.0, 1.0],
                [0.999994, -0.000546, 0.003462, 0.009593, 0.003464, 0.00387, -0.999987, 1.330376, 0.000532, 0.999992, 0.003872, 0.487002, 0.0, 0.0, 0.0, 1.0],
                [0.999994, -0.000449, 0.00353, 0.009144, 0.003531, 0.003882, -0.999986, 1.350452, 0.000436, 0.999992, 0.003884, 0.489033, 0.0, 0.0, 0.0, 1.0],
                [0.999993, -0.000365, 0.003593, 0.008828, 0.003594, 0.003891, -0.999986, 1.376766, 0.000351, 0.999992, 0.003892, 0.491364, 0.0, 0.0, 0.0, 1.0],
                [0.999993, -0.000293, 0.003651, 0.008507, 0.003652, 0.003897, -0.999986, 1.407641, 0.000279, 0.999992, 0.003898, 0.493832, 0.0, 0.0, 0.0, 1.0],
                [0.999993, -0.000221, 0.00371, 0.008181, 0.003711, 0.003902, -0.999986, 1.441404, 0.000206, 0.999992, 0.003902, 0.496711, 0.0, 0.0, 0.0, 1.0],
                [0.999993, -0.000158, 0.003767, 0.007849, 0.003767, 0.003906, -0.999985, 1.476374, 0.000143, 0.999992, 0.003906, 0.499575, 0.0, 0.0, 0.0, 1.0],
                [0.999993, -9.4e-05, 0.003824, 0.007478, 0.003824, 0.003907, -0.999985, 1.510876, 7.9e-05, 0.999992, 0.003907, 0.502425, 0.0, 0.0, 0.0, 1.0],
                [0.999997, -3.2e-05, 0.002549, 0.016332, 0.002549, 0.003908, -0.999989, 1.538895, 2.2e-05, 0.999992, 0.003908, 0.525489, 0.0, 0.0, 0.0, 1.0],
                [0.999999, 3e-05, 0.001275, 0.025186, 0.001275, 0.003909, -0.999992, 1.566913, -3.5e-05, 0.999992, 0.003909, 0.548553, 0.0, 0.0, 0.0, 1.0],
                [1.0, 9.3e-05, 0.0, 0.03404, -0.0, 0.003907, -0.999992, 1.594932, -9.3e-05, 0.999992, 0.003907, 0.571617, 0.0, 0.0, 0.0, 1.0],
                [1.0, 0.000141, 0.0, 0.042894, -0.0, 0.003906, -0.999992, 1.62295, -0.000141, 0.999992, 0.003906, 0.594681, 0.0, 0.0, 0.0, 1.0],
                [1.0, 0.00019, 1e-06, 0.051747, -0.0, 0.003903, -0.999992, 1.650969, -0.00019, 0.999992, 0.003903, 0.617745, 0.0, 0.0, 0.0, 1.0],
                [1.0, 0.000231, 1e-06, 0.04177, -0.0, 0.003901, -0.999992, 1.673927, -0.000231, 0.999992, 0.003901, 0.626922, 0.0, 0.0, 0.0, 1.0],
                [1.0, 0.000272, 1e-06, 0.031792, -0.0, 0.003899, -0.999992, 1.696885, -0.000272, 0.999992, 0.003899, 0.6361, 0.0, 0.0, 0.0, 1.0],
                [1.0, 0.000307, 1e-06, 0.021815, -0.0, 0.003896, -0.999992, 1.719843, -0.000307, 0.999992, 0.003896, 0.645278, 0.0, 0.0, 0.0, 1.0],
                [1.0, 0.000342, 1e-06, 0.011837, -0.0, 0.003893, -0.999992, 1.742802, -0.000342, 0.999992, 0.003893, 0.654455, 0.0, 0.0, 0.0, 1.0],
                [1.0, 0.000378, 1e-06, 0.003265, -0.0, 0.00389, -0.999992, 1.759869, -0.000378, 0.999992, 0.00389, 0.658237, 0.0, 0.0, 0.0, 1.0],
                [1.0, 0.000414, 1e-06, -0.003374, -0.0, 0.003886, -0.999992, 1.77355, -0.000414, 0.999992, 0.003886, 0.6615, 0.0, 0.0, 0.0, 1.0],
                [1.0, 0.000452, 1e-06, -0.00665, -1e-06, 0.003882, -0.999992, 1.781591, -0.000452, 0.999992, 0.003882, 0.663986, 0.0, 0.0, 0.0, 1.0],
                [1.0, 0.00049, 1e-06, -0.00776, -1e-06, 0.003878, -0.999992, 1.783302, -0.00049, 0.999992, 0.003878, 0.665862, 0.0, 0.0, 0.0, 1.0],
                [1.0, 0.000529, 1e-06, -0.006699, -1e-06, 0.003873, -0.999992, 1.780509, -0.000529, 0.999992, 0.003873, 0.667192, 0.0, 0.0, 0.0, 1.0],
                [1.0, 0.000563, 1e-06, -0.005132, -1e-06, 0.003867, -0.999993, 1.775037, -0.000563, 0.999992, 0.003867, 0.6679, 0.0, 0.0, 0.0, 1.0],
                [1.0, 0.000593, 2e-06, -0.003405, -1e-06, 0.003863, -0.999993, 1.768717, -0.000593, 0.999992, 0.003863, 0.668508, 0.0, 0.0, 0.0, 1.0],
                [1.0, 0.000632, 1e-06, -0.003405, -1e-06, 0.003856, -0.999993, 1.768717, -0.000632, 0.999992, 0.003856, 0.670335, 0.0, 0.0, 0.0, 1.0]
            ]
        },
        {
            "name": "Thigh_R",
            "time": [0.0, 0.0333, 0.0667, 0.1, 0.1333, 0.1667, 0.2, 0.2333, 0.2667, 0.3, 0.3333, 0.3667, 0.4, 0.4333, 0.4667, 0.5, 0.5333, 0.5667, 0.6, 0.6333, 0.6667, 0.7, 0.7333, 0.7667, 0.8, 0.8333, 0.8667, 0.9, 0.9333, 0.9667, 1.0, 1.0333, 1.0667, 1.1, 1.1333, 1.1667, 1.2, 1.2333, 1.2667, 1.3, 1.3333, 1.3667, 1.4, 1.4333, 1.4667, 1.5, 1.5333, 1.5667, 1.6, 1.6333, 1.6667, 1.7, 1.7333, 1.8],
            "transform": [
                [0.34615, 0.491994, 0.798825, 0.068648, 0.682955, -0.715926, 0.144993, 0.0692, 0.643234, 0.495374, -0.583827, 0.097645, 0.0, 0.0, 0.0, 1.0],
                [0.519741, 0.469227, 0.713929, 0.088621, 0.660657, -0.750587, 0.012358, 0.062195, 0.541663, 0.465242, -0.700108, 0.049749, 0.0, 0.0, 0.0, 1.0],
                [0.677217, 0.446377, 0.584914, 0.108594, 0.609116, -0.786051, -0.105368, 0.055189, 0.412738, 0.427639, -0.804222, 0.001854, 0.0, 0.0, 0.0, 1.0],
                [0.80236, 0.422913, 0.421144, 0.128567, 0.533256, -0.824891, -0.187601, 0.048184, 0.268059, 0.375102, -0.887379, -0.046041, 0.0, 0.0, 0.0, 1.0],
                [0.884154, 0.388693, 0.259205, 0.128567, 0.449547, -0.858851, -0.245528, 0.048184, 0.127183, 0.333611, -0.934092, -0.046041, 0.0, 0.0, 0.0, 1.0],
                [0.926705, 0.348009, 0.141795, 0.128567, 0.375746, -0.86359, -0.336199, 0.048184, 0.005452, 0.364838, -0.931055, -0.046041, 0.0, 0.0, 0.0, 1.0],
                [0.96052, 0.25741, 0.105549, 0.128567, 0.276699, -0.84442, -0.458687, 0.048184, -0.028943, 0.469785, -0.882307, -0.046041, 0.0, 0.0, 0.0, 1.0],
                [0.983048, 0.136554, 0.12234, 0.120938, 0.183202, -0.757625, -0.626452, 0.058148, 0.007143, 0.638248, -0.769798, -0.022307, 0.0, 0.0, 0.0, 1.0],
                [0.987719, 0.046735, 0.14908, 0.113308, 0.146574, -0.607515, -0.780667, 0.068111, 0.054084, 0.792934, -0.606904, 0.001428, 0.0, 0.0, 0.0, 1.0],
                [0.942291, 0.048078, 0.33132, 0.105679, 0.303363, -0.541229, -0.784246, 0.078075, 0.141614, 0.839503, -0.52458, 0.025163, 0.0, 0.0, 0.0, 1.0],
                [0.836623, 0.217493, 0.502749, 0.098049, 0.497282, -0.686447, -0.530567, 0.088039, 0.229715, 0.693896, -0.682452, 0.048898, 0.0, 0.0, 0.0, 1.0],
                [0.833445, 0.374523, 0.406327, 0.09042, 0.492957, -0.83618, -0.240412, 0.098002, 0.249722, 0.400673, -0.881533, 0.072632, 0.0, 0.0, 0.0, 1.0],
                [0.881487, 0.414445, 0.226305, 0.08279, 0.402528, -0.910068, 0.098748, 0.107966, 0.246878, 0.004049, -0.969037, 0.096367, 0.0, 0.0, 0.0, 1.0],
                [0.926514, 0.356862, 0.11924, 0.075161, 0.273379, -0.856236, 0.438322, 0.11793, 0.258517, -0.373515, -0.890873, 0.120102, 0.0, 0.0, 0.0, 1.0],
                [0.975943, 0.212857, 0.047185, 0.08211, 0.112561, -0.677264, 0.727079, 0.103673, 0.18672, -0.704278, -0.68493, 0.087264, 0.0, 0.0, 0.0, 1.0],
                [0.995673, 0.06265, -0.068608, 0.08906, 0.089004, -0.431373, 0.897772, 0.089417, 0.026649, -0.899998, -0.435082, 0.054427, 0.0, 0.0, 0.0, 1.0],
                [0.932607, -0.029032, -0.359723, 0.09601, 0.323213, -0.376238, 0.868319, 0.075161, -0.16055, -0.92607, -0.341498, 0.02159, 0.0, 0.0, 0.0, 1.0],
                [0.800407, -0.05997, -0.596448, 0.10296, 0.524647, -0.411241, 0.745403, 0.060905, -0.289985, -0.909554, -0.297697, -0.011247, 0.0, 0.0, 0.0, 1.0],
                [0.780944, -0.097067, -0.617011, 0.109909, 0.531536, -0.415499, 0.738126, 0.046648, -0.328015, -0.904402, -0.272887, -0.044084, 0.0, 0.0, 0.0, 1.0],
                [0.783624, -0.118193, -0.609886, 0.098112, 0.508998, -0.440687, 0.739402, 0.042018, -0.35616, -0.889848, -0.285173, -0.053798, 0.0, 0.0, 0.0, 1.0],
                [0.802386, -0.076065, -0.591937, 0.086315, 0.488393, -0.486347, 0.724527, 0.037387, -0.342997, -0.870451, -0.353088, -0.063511, 0.0, 0.0, 0.0, 1.0],
                [0.819961, -0.030162, -0.571622, 0.074517, 0.474604, -0.522465, 0.708365, 0.032756, -0.320017, -0.85213, -0.414086, -0.073224, 0.0, 0.0, 0.0, 1.0],
                [0.823414, -0.008305, -0.567379, 0.06272, 0.476714, -0.532226, 0.699628, 0.028126, -0.307784, -0.846564, -0.434282, -0.082937, 0.0, 0.0, 0.0, 1.0],
                [0.823067, 0.005147, -0.567919, 0.050923, 0.483095, -0.532125, 0.695314, 0.023495, -0.298624, -0.846653, -0.440461, -0.092651, 0.0, 0.0, 0.0, 1.0],
                [0.824084, 0.018335, -0.566168, 0.039125, 0.486094, -0.536072, 0.690173, 0.018864, -0.290852, -0.843976, -0.450681, -0.102364, 0.0, 0.0, 0.0, 1.0],
                [0.823389, 0.031596, -0.566595, 0.027328, 0.492423, -0.536022, 0.685711, 0.014234, -0.282042, -0.843614, -0.456913, -0.112077, 0.0, 0.0, 0.0, 1.0],
                [0.822539, 0.044848, -0.566936, 0.015531, 0.498764, -0.535857, 0.681243, 0.009603, -0.273243, -0.843119, -0.463131, -0.12179, 0.0, 0.0, 0.0, 1.0],
                [0.822876, 0.057121, -0.565341, 0.003733, 0.502759, -0.536805, 0.67755, 0.004972, -0.264775, -0.841773, -0.470441, -0.131504, 0.0, 0.0, 0.0, 1.0],
                [0.824263, 0.069247, -0.561955, 0.016188, 0.504516, -0.540328, 0.673431, 0.0102, -0.257007, -0.838602, -0.480309, -0.123113, 0.0, 0.0, 0.0, 1.0],
                [0.82783, 0.078503, -0.555457, 0.028643, 0.500985, -0.548971, 0.669063, 0.015427, -0.252406, -0.83215, -0.493783, -0.114721, 0.0, 0.0, 0.0, 1.0],
                [0.834302, 0.085076, -0.544702, 0.041098, 0.490841, -0.564498, 0.663639, 0.020655, -0.251023, -0.821041, -0.51272, -0.10633, 0.0, 0.0, 0.0, 1.0],
                [0.848677, 0.089962, -0.521202, 0.053553, 0.468579, -0.584935, 0.662031, 0.025882, -0.24531, -0.806078, -0.538575, -0.097939, 0.0, 0.0, 0.0, 1.0],
                [0.868708, 0.092719, -0.486567, 0.066008, 0.436435, -0.607826, 0.66338, 0.03111, -0.234239, -0.788642, -0.568488, -0.089548, 0.0, 0.0, 0.0, 1.0],
                [0.890172, 0.096761, -0.445227, 0.078463, 0.399846, -0.634386, 0.661573, 0.036337, -0.21843, -0.76694, -0.603401, -0.081156, 0.0, 0.0, 0.0, 1.0],
                [0.910609, 0.102143, -0.400445, 0.090918, 0.362471, -0.66283, 0.655188, 0.041565, -0.198504, -0.741772, -0.640603, -0.072765, 0.0, 0.0, 0.0, 1.0],
                [0.927978, 0.109685, -0.356123, 0.103373, 0.328259, -0.69292, 0.641957, 0.046792, -0.176351, -0.712626, -0.679019, -0.064374, 0.0, 0.0, 0.0, 1.0],
                [0.942008, 0.12312, -0.312187, 0.115828, 0.300683, -0.722768, 0.622252, 0.05202, -0.149027, -0.680038, -0.717872, -0.055982, 0.0, 0.0, 0.0, 1.0],
                [0.952176, 0.137646, -0.272788, 0.128283, 0.280125, -0.749795, 0.599448, 0.057247, -0.122023, -0.647197, -0.752494, -0.047591, 0.0, 0.0, 0.0, 1.0],
                [0.959596, 0.155156, -0.234735, 0.140738, 0.265822, -0.773419, 0.575468, 0.062475, -0.09226, -0.614617, -0.783413, -0.0392, 0.0, 0.0, 0.0, 1.0],
                [0.963321, 0.173465, -0.204745, 0.138961, 0.25939, -0.797415, 0.544837, 0.05337, -0.068756, -0.577964, -0.813161, -0.031834, 0.0, 0.0, 0.0, 1.0],
                [0.965382, 0.19275, -0.175738, 0.137185, 0.256489, -0.824, 0.505213, 0.044265, -0.047429, -0.5328, -0.844911, -0.024468, 0.0, 0.0, 0.0, 1.0],
                [0.966582, 0.215185, -0.139327, 0.135408, 0.255657, -0.849146, 0.46216, 0.03516, -0.018859, -0.482338, -0.875782, -0.017103, 0.0, 0.0, 0.0, 1.0],
                [0.965946, 0.24199, -0.091574, 0.133629, 0.257778, -0.869639, 0.421048, 0.0372, 0.022253, -0.430317, -0.902403, -0.009693, 0.0, 0.0, 0.0, 1.0],
                [0.962351, 0.270605, -0.025507, 0.131851, 0.259411, -0.886412, 0.383383, 0.039239, 0.081135, -0.375568, -0.923237, -0.002284, 0.0, 0.0, 0.0, 1.0],
                [0.954115, 0.294551, 0.053857, 0.130072, 0.258162, -0.900319, 0.350401, 0.041278, 0.151699, -0.320421, -0.93505, 0.005126, 0.0, 0.0, 0.0, 1.0],
                [0.940102, 0.312597, 0.135974, 0.128293, 0.256755, -0.911696, 0.320765, 0.043318, 0.224237, -0.266641, -0.937347, 0.012535, 0.0, 0.0, 0.0, 1.0],
                [0.922103, 0.323479, 0.212334, 0.126515, 0.255261, -0.920941, 0.294469, 0.045357, 0.2908, -0.217331, -0.931773, 0.019944, 0.0, 0.0, 0.0, 1.0],
                [0.904653, 0.327221, 0.272994, 0.124736, 0.255198, -0.929039, 0.26789, 0.047397, 0.34128, -0.172681, -0.923963, 0.027354, 0.0, 0.0, 0.0, 1.0],
                [0.891626, 0.321598, 0.31871, 0.120681, 0.254393, -0.938133, 0.234934, 0.048945, 0.374546, -0.128397, -0.918275, 0.028164, 0.0, 0.0, 0.0, 1.0],
                [0.881556, 0.311883, 0.354383, 0.116626, 0.252152, -0.945716, 0.205045, 0.050494, 0.399095, -0.0914, -0.912342, 0.028975, 0.0, 0.0, 0.0, 1.0],
                [0.874919, 0.300027, 0.380131, 0.112571, 0.248144, -0.951832, 0.180117, 0.052043, 0.41586, -0.063261, -0.907225, 0.029785, 0.0, 0.0, 0.0, 1.0],
                [0.870623, 0.288004, 0.398832, 0.108516, 0.243668, -0.956744, 0.158967, 0.053592, 0.427362, -0.041218, -0.90314, 0.030596, 0.0, 0.0, 0.0, 1.0],
                [0.867222, 0.276842, 0.413862, 0.104461, 0.23853, -0.960591, 0.142734, 0.055141, 0.437065, -0.025063, -0.89908, 0.031406, 0.0, 0.0, 0.0, 1.0],
                [0.860516, 0.267304, 0.433662, 0.096351, 0.232828, -0.963531, 0.131908, 0.058238, 0.453106, -0.012541, -0.891369, 0.033027, 0.0, 0.0, 0.0, 1.0]
            ]
        },
        {
            "name": "Leg_R",
            "time": [0.0, 0.0333, 0.0667, 0.1, 0.1333, 0.1667, 0.2, 0.2333, 0.2667, 0.3, 0.3333, 0.3667, 0.4, 0.4333, 0.4667, 0.5, 0.5333, 0.5667, 0.6, 0.6333, 0.6667, 0.7, 0.7333, 0.7667, 0.8, 0.8333, 0.8667, 0.9, 0.9333, 0.9667, 1.0, 1.0333, 1.0667, 1.1, 1.1333, 1.1667, 1.2, 1.2333, 1.2667, 1.3, 1.3333, 1.3667, 1.4, 1.4333, 1.4667, 1.5, 1.5333, 1.5667, 1.6, 1.6333, 1.6667, 1.7, 1.7333, 1.8],
            "transform": [
                [0.999997, 0.001844, -0.000641, -0.0, -0.000643, 0.621114, 0.783721, 0.37472, 0.001843, -0.783717, 0.621116, -0.0, 0.0, 0.0, 0.0, 1.0],
                [0.999997, 0.001844, -0.00064, 0.0, -0.000644, 0.621115, 0.78372, 0.37472, 0.001843, -0.783716, 0.621117, 0.0, 0.0, 0.0, 0.0, 1.0],
                [0.999997, 0.001847, -0.000631, -0.0, -0.000634, 0.613048, 0.790046, 0.37472, 0.001846, -0.790042, 0.61305, -0.0, 0.0, 0.0, 0.0, 1.0],
                [0.999997, 0.001855, -0.00061, -0.0, -0.000612, 0.594191, 0.804325, 0.37472, 0.001854, -0.804321, 0.594193, -0.0, 0.0, 0.0, 0.0, 1.0],
                [0.999997, 0.001853, -0.000616, -0.0, -0.000618, 0.599773, 0.800171, 0.37472, 0.001852, -0.800167, 0.599775, -0.0, 0.0, 0.0, 0.0, 1.0],
                [0.999997, 0.001826, -0.000691, -0.0, -0.000693, 0.662611, 0.748965, 0.37472, 0.001826, -0.748961, 0.662612, 0.0, 0.0, 0.0, 0.0, 1.0],
                [0.999997, 0.001796, -0.000766, -0.0, -0.000768, 0.722663, 0.6912, 0.37472, 0.001795, -0.691195, 0.722666, 0.0, 0.0, 0.0, 0.0, 1.0],
                [0.999998, 0.001717, -0.000931, 0.0, -0.000934, 0.839136, 0.54392, 0.37472, 0.001715, -0.543915, 0.83914, -0.0, 0.0, 0.0, 0.0, 1.0],
                [0.999998, 0.001555, -0.001182, 0.0, -0.001185, 0.964069, 0.265641, 0.37472, 0.001553, -0.265638, 0.964074, -0.0, 0.0, 0.0, 0.0, 1.0],
                [0.999997, 0.001478, -0.001277, -0.0, -0.001279, 0.989573, 0.144017, 0.37472, 0.001476, -0.144014, 0.989578, 0.0, 0.0, 0.0, 0.0, 1.0],
                [0.999997, 0.001736, -0.000894, -0.0, -0.000896, 0.814766, 0.57979, 0.37472, 0.001735, -0.579786, 0.814769, 0.0, 0.0, 0.0, 0.0, 1.0],
                [0.999996, 0.001916, -0.000371, 0.0, -0.000373, 0.374454, 0.927247, 0.37472, 0.001916, -0.927244, 0.374454, 0.0, 0.0, 0.0, 0.0, 1.0],
                [0.999997, 0.00195, 9.9e-05, -0.0, 9.9e-05, -0.100882, 0.994899, 0.37472, 0.00195, -0.994897, -0.100882, -0.0, 0.0, 0.0, 0.0, 1.0],
                [0.999997, 0.00191, 0.000407, -0.0, 0.000406, -0.407241, 0.913322, 0.37472, 0.00191, -0.913318, -0.407242, 0.0, 0.0, 0.0, 0.0, 1.0],
                [0.999997, 0.001891, 0.000485, 0.0, 0.000484, -0.480782, 0.876842, 0.37472, 0.001891, -0.876837, -0.480783, -0.0, 0.0, 0.0, 0.0, 1.0],
                [0.999997, 0.00193, 0.000293, -0.0, 0.000291, -0.295611, 0.955309, 0.37472, 0.00193, -0.955306, -0.295612, 0.0, 0.0, 0.0, 0.0, 1.0],
                [0.999997, 0.001892, -0.000484, 0.0, -0.000486, 0.480781, 0.876842, 0.37472, 0.001891, -0.876838, 0.480782, 0.0, 0.0, 0.0, 0.0, 1.0],
                [0.999997, 0.001895, -0.00047, -0.0, -0.000473, 0.468744, 0.883335, 0.37472, 0.001894, -0.883332, 0.468745, 0.0, 0.0, 0.0, 0.0, 1.0],
                [0.999997, 0.001937, -0.000241, -0.0, -0.000243, 0.2464, 0.969169, 0.37472, 0.001937, -0.969167, 0.2464, -0.0, 0.0, 0.0, 0.0, 1.0],
                [0.999997, 0.00195, -8.8e-05, 0.0, -8.9e-05, 0.090662, 0.995882, 0.37472, 0.00195, -0.995881, 0.090662, -0.0, 0.0, 0.0, 0.0, 1.0],
                [0.999997, 0.001951, -7.9e-05, -0.0, -8.1e-05, 0.082257, 0.996612, 0.37472, 0.001951, -0.996609, 0.082257, -0.0, 0.0, 0.0, 0.0, 1.0],
                [0.999997, 0.001949, -0.000111, -0.0, -0.000112, 0.113805, 0.993504, 0.37472, 0.001949, -0.993501, 0.113805, -0.0, 0.0, 0.0, 0.0, 1.0],
                [0.999997, 0.001949, -0.000119, -0.0, -0.00012, 0.122049, 0.992525, 0.37472, 0.001949, -0.992523, 0.122049, 0.0, 0.0, 0.0, 0.0, 1.0],
                [0.999997, 0.001948, -0.000127, -0.0, -0.000128, 0.130284, 0.991478, 0.37472, 0.001948, -0.991475, 0.130284, 0.0, 0.0, 0.0, 0.0, 1.0],
                [0.999997, 0.001948, -0.000143, -0.0, -0.000143, 0.145978, 0.989289, 0.37472, 0.001948, -0.989286, 0.145978, -0.0, 0.0, 0.0, 0.0, 1.0],
                [0.999997, 0.001946, -0.000159, 0.0, -0.000159, 0.162675, 0.98668, 0.37472, 0.001946, -0.986678, 0.162676, -0.0, 0.0, 0.0, 0.0, 1.0],
                [0.999998, 0.001944, -0.000176, -0.0, -0.000177, 0.180363, 0.983601, 0.37472, 0.001944, -0.983598, 0.180363, -0.0, 0.0, 0.0, 0.0, 1.0],
                [0.999997, 0.001942, -0.000193, -0.0, -0.000195, 0.197992, 0.980204, 0.37472, 0.001942, -0.980202, 0.197992, -0.0, 0.0, 0.0, 0.0, 1.0],
                [0.999997, 0.001941, -0.000211, -0.0, -0.000213, 0.215556, 0.976493, 0.37472, 0.00194, -0.97649, 0.215557, -0.0, 0.0, 0.0, 0.0, 1.0],
                [0.999997, 0.00194, -0.000224, 0.0, -0.000226, 0.228484, 0.973549, 0.37472, 0.00194, -0.973546, 0.228484, 0.0, 0.0, 0.0, 0.0, 1.0],
                [0.999997, 0.001939, -0.000231, 0.0, -0.000233, 0.236187, 0.971709, 0.37472, 0.001939, -0.971705, 0.236188, -0.0, 0.0, 0.0, 0.0, 1.0],
                [0.999997, 0.001939, -0.000232, 0.0, -0.000233, 0.236615, 0.971604, 0.37472, 0.001938, -0.971602, 0.236615, 0.0, 0.0, 0.0, 0.0, 1.0],
                [0.999997, 0.001939, -0.000232, 0.0, -0.000234, 0.237042, 0.9715, 0.37472, 0.001938, -0.971498, 0.237042, 0.0, 0.0, 0.0, 0.0, 1.0],
                [0.999997, 0.001938, -0.000237, 0.0, -0.000239, 0.242154, 0.970239, 0.37472, 0.001938, -0.970236, 0.242154, 0.0, 0.0, 0.0, 0.0, 1.0],
                [0.999997, 0.001936, -0.000253, 0.0, -0.000255, 0.257788, 0.966203, 0.37472, 0.001936, -0.966199, 0.257789, -0.0, 0.0, 0.0, 0.0, 1.0],
                [0.999997, 0.001932, -0.000277, -0.0, -0.000279, 0.281975, 0.959423, 0.37472, 0.001932, -0.95942, 0.281975, -0.0, 0.0, 0.0, 0.0, 1.0],
                [0.999997, 0.001928, -0.000309, 0.0, -0.000312, 0.313883, 0.949463, 0.37472, 0.001927, -0.949459, 0.313884, 0.0, 0.0, 0.0, 0.0, 1.0],
                [0.999997, 0.001921, -0.000347, -0.0, -0.000349, 0.350843, 0.936435, 0.37472, 0.001921, -0.936431, 0.350844, -0.0, 0.0, 0.0, 0.0, 1.0],
                [0.999997, 0.001914, -0.000387, 0.0, -0.000389, 0.389613, 0.92098, 0.37472, 0.001913, -0.920977, 0.389614, -0.0, 0.0, 0.0, 0.0, 1.0],
                [0.999997, 0.001904, -0.000431, 0.0, -0.000433, 0.431713, 0.902012, 0.37472, 0.001904, -0.902008, 0.431714, -0.0, 0.0, 0.0, 0.0, 1.0],
                [0.999997, 0.001892, -0.000483, -0.0, -0.000485, 0.480077, 0.877227, 0.37472, 0.001891, -0.877224, 0.480078, 0.0, 0.0, 0.0, 0.0, 1.0],
                [0.999997, 0.001875, -0.000544, -0.0, -0.000546, 0.536241, 0.844066, 0.37472, 0.001875, -0.844062, 0.536242, 0.0, 0.0, 0.0, 0.0, 1.0],
                [0.999997, 0.001855, -0.000611, -0.0, -0.000613, 0.595176, 0.803596, 0.37472, 0.001854, -0.803592, 0.595177, -0.0, 0.0, 0.0, 0.0, 1.0],
                [0.999997, 0.00183, -0.000682, 0.0, -0.000684, 0.65485, 0.755759, 0.37472, 0.00183, -0.755756, 0.654852, 0.0, 0.0, 0.0, 0.0, 1.0],
                [0.999997, 0.001801, -0.000756, 0.0, -0.000758, 0.714247, 0.699895, 0.37472, 0.0018, -0.699891, 0.714248, -0.0, 0.0, 0.0, 0.0, 1.0],
                [0.999997, 0.001769, -0.000829, 0.0, -0.000832, 0.769529, 0.638611, 0.37472, 0.001767, -0.638607, 0.769532, -0.0, 0.0, 0.0, 0.0, 1.0],
                [0.999997, 0.001735, -0.000898, -0.0, -0.0009, 0.817288, 0.576228, 0.37472, 0.001734, -0.576224, 0.817291, -0.0, 0.0, 0.0, 0.0, 1.0],
                [0.999996, 0.001699, -0.000963, 0.0, -0.000965, 0.858501, 0.51281, 0.37472, 0.001698, -0.512806, 0.858504, -0.0, 0.0, 0.0, 0.0, 1.0],
                [0.999996, 0.001672, -0.001009, -0.0, -0.001011, 0.885385, 0.464855, 0.37472, 0.00167, -0.464852, 0.885389, 0.0, 0.0, 0.0, 0.0, 1.0],
                [0.999997, 0.001653, -0.001039, -0.0, -0.001041, 0.901633, 0.432498, 0.37472, 0.001652, -0.432494, 0.901638, -0.0, 0.0, 0.0, 0.0, 1.0],
                [0.999997, 0.001644, -0.001055, 0.0, -0.001057, 0.909585, 0.415514, 0.37472, 0.001642, -0.41551, 0.909589, 0.0, 0.0, 0.0, 0.0, 1.0],
                [0.999997, 0.001639, -0.001062, -0.0, -0.001064, 0.913365, 0.407138, 0.37472, 0.001637, -0.407134, 0.913369, 0.0, 0.0, 0.0, 0.0, 1.0],
                [0.999997, 0.001637, -0.001064, 0.0, -0.001067, 0.914483, 0.40462, 0.37472, 0.001636, -0.404616, 0.914487, -0.0, 0.0, 0.0, 0.0, 1.0],
                [0.999997, -0.001635, 0.001071, -0.0, 0.001068, 0.916078, 0.400999, 0.37472, -0.001637, -0.400998, 0.916078, 0.0, 0.0, 0.0, 0.0, 1.0]
            ]
        },
        {
            "name": "Knee_R",
            "time": [1.8, 0.0],
            "transform": [
                [1.0, 0.0, -0.0, -0.0, -1e-06, 0.0, -1.0, 0.37472, -0.0, 1.0, 0.0, -0.0, 0.0, 0.0, 0.0, 1.0],
                [1.0, 0.0, -0.0, -0.0, -0.0, 0.0, -1.0, 0.37472, -0.0, 1.0, 0.0, 0.0, 0.0, 0.0, 0.0, 1.0]
            ]
        },
        {
            "name": "Thigh_L",
            "time": [0.0, 0.0333, 0.0667, 0.1, 0.1333, 0.1667, 0.2, 0.2333, 0.2667, 0.3, 0.3333, 0.3667, 0.4, 0.4333, 0.4667, 0.5, 0.5333, 0.5667, 0.6, 0.6333, 0.6667, 0.7, 0.7333, 0.7667, 0.8, 0.8333, 0.8667, 0.9, 0.9333, 0.9667, 1.0, 1.0333, 1.0667, 1.1, 1.1333, 1.1667, 1.2, 1.2333, 1.2667, 1.3, 1.3333, 1.3667, 1.4, 1.4333, 1.4667, 1.5, 1.5333, 1.5667, 1.6, 1.6333, 1.6667, 1.7, 1.7333, 1.8],
            "transform": [
                [0.898474, -0.147549, 0.413494, -0.139183, -0.428793, -0.49713, 0.75432, 0.0239, 0.094262, -0.855039, -0.509925, -0.063925, 0.0, 0.0, 0.0, 1.0],
                [0.909657, -0.118129, 0.398212, -0.13425, -0.407977, -0.434121, 0.803178, 0.036927, 0.077993, -0.893076, -0.443094, -0.037086, 0.0, 0.0, 0.0, 1.0],
                [0.923928, -0.116631, 0.364358, -0.129317, -0.379764, -0.394745, 0.836633, 0.049953, 0.046251, -0.911358, -0.409008, -0.010248, 0.0, 0.0, 0.0, 1.0],
                [0.934641, -0.132837, 0.329852, -0.124384, -0.355238, -0.390347, 0.849374, 0.06298, 0.015928, -0.911035, -0.412023, 0.016591, 0.0, 0.0, 0.0, 1.0],
                [0.941636, -0.147857, 0.302426, -0.119451, -0.336621, -0.405456, 0.849878, 0.076007, -0.00304, -0.902079, -0.431564, 0.043429, 0.0, 0.0, 0.0, 1.0],
                [0.944752, -0.146327, 0.293316, -0.114533, -0.327637, -0.394205, 0.858638, 0.072722, -0.010015, -0.9073, -0.420368, 0.065887, 0.0, 0.0, 0.0, 1.0],
                [0.940592, -0.09999, 0.324485, -0.109616, -0.339427, -0.301702, 0.890936, 0.069438, 0.008813, -0.948145, -0.317717, 0.088345, 0.0, 0.0, 0.0, 1.0],
                [0.940276, -0.065396, 0.334078, -0.104698, -0.340387, -0.193893, 0.920078, 0.066153, 0.004607, -0.978841, -0.204573, 0.110802, 0.0, 0.0, 0.0, 1.0],
                [0.93901, -0.108266, 0.326406, -0.099781, -0.34109, -0.172284, 0.924109, 0.062869, -0.043815, -0.97908, -0.198705, 0.13326, 0.0, 0.0, 0.0, 1.0],
                [0.88089, -0.140407, 0.45202, -0.086048, -0.472056, -0.330483, 0.817279, 0.047506, 0.034633, -0.933309, -0.357399, 0.058397, 0.0, 0.0, 0.0, 1.0],
                [0.82019, -0.20282, 0.534936, -0.072316, -0.534376, -0.605507, 0.589749, 0.032144, 0.204296, -0.769561, -0.605012, -0.016466, 0.0, 0.0, 0.0, 1.0],
                [0.841865, -0.241919, 0.482433, -0.058584, -0.429599, -0.841457, 0.327712, 0.016782, 0.326667, -0.483141, -0.81232, -0.091329, 0.0, 0.0, 0.0, 1.0],
                [0.870896, -0.265677, 0.41347, -0.061796, -0.315036, -0.947501, 0.054743, 0.000635, 0.377219, -0.177934, -0.908871, -0.081152, 0.0, 0.0, 0.0, 1.0],
                [0.893996, -0.344833, 0.286118, -0.065009, -0.301982, -0.935424, -0.183822, -0.015511, 0.33103, 0.077934, -0.940397, -0.070976, 0.0, 0.0, 0.0, 1.0],
                [0.906463, -0.405233, 0.118793, -0.068221, -0.33637, -0.862954, -0.37705, -0.031658, 0.255306, 0.301824, -0.918543, -0.060799, 0.0, 0.0, 0.0, 1.0],
                [0.904584, -0.419468, -0.076001, -0.056231, -0.398305, -0.768107, -0.501364, -0.007068, 0.151929, 0.483798, -0.861893, -0.031036, 0.0, 0.0, 0.0, 1.0],
                [0.857119, -0.435185, -0.275613, -0.044242, -0.513422, -0.765134, -0.388548, 0.017522, -0.041791, 0.474538, -0.879243, -0.001272, 0.0, 0.0, 0.0, 1.0],
                [0.721574, -0.508534, -0.469814, -0.032252, -0.639736, -0.749191, -0.171613, 0.042111, -0.26471, 0.424389, -0.865924, 0.028491, 0.0, 0.0, 0.0, 1.0],
                [0.515293, -0.579348, -0.63153, -0.020263, -0.727562, -0.685155, 0.034894, 0.066701, -0.452912, 0.441496, -0.774566, 0.058255, 0.0, 0.0, 0.0, 1.0],
                [0.324843, -0.624088, -0.710628, -0.008273, -0.742631, -0.633585, 0.216956, 0.091291, -0.585643, 0.457258, -0.669282, 0.088018, 0.0, 0.0, 0.0, 1.0],
                [0.307803, -0.643934, -0.700434, -0.002438, -0.6937, -0.65573, 0.297993, 0.09164, -0.651184, 0.394168, -0.648532, 0.088896, 0.0, 0.0, 0.0, 1.0],
                [0.344024, -0.639722, -0.687316, 0.003397, -0.634173, -0.698118, 0.332352, 0.091988, -0.692442, 0.321539, -0.645863, 0.089775, 0.0, 0.0, 0.0, 1.0],
                [0.309466, -0.636451, -0.706514, 0.009232, -0.621016, -0.697929, 0.3567, 0.092337, -0.720119, 0.32837, -0.611231, 0.090653, 0.0, 0.0, 0.0, 1.0],
                [0.276292, -0.635286, -0.721163, 0.015067, -0.613472, -0.694194, 0.376495, 0.092686, -0.739809, 0.33839, -0.581529, 0.091531, 0.0, 0.0, 0.0, 1.0],
                [0.264498, -0.636616, -0.724405, 0.020903, -0.607842, -0.693218, 0.387271, 0.093035, -0.748713, 0.337891, -0.570316, 0.092409, 0.0, 0.0, 0.0, 1.0],
                [0.248829, -0.641653, -0.725511, 0.026738, -0.599915, -0.690186, 0.404657, 0.093384, -0.760386, 0.334555, -0.556675, 0.093288, 0.0, 0.0, 0.0, 1.0],
                [0.235351, -0.648669, -0.723767, 0.032573, -0.592169, -0.686205, 0.422446, 0.093733, -0.770681, 0.329169, -0.54562, 0.094166, 0.0, 0.0, 0.0, 1.0],
                [0.225203, -0.652221, -0.723804, 0.038408, -0.585609, -0.684336, 0.434451, 0.094081, -0.778684, 0.326026, -0.53606, 0.095045, 0.0, 0.0, 0.0, 1.0],
                [0.221372, -0.647424, -0.729272, 0.024514, -0.582667, -0.687476, 0.433448, 0.092084, -0.781982, 0.328969, -0.52942, 0.089162, 0.0, 0.0, 0.0, 1.0],
                [0.227249, -0.630437, -0.742232, 0.01062, -0.586053, -0.697242, 0.412792, 0.090087, -0.777754, 0.341181, -0.527916, 0.08328, 0.0, 0.0, 0.0, 1.0],
                [0.247685, -0.593798, -0.765544, -0.003274, -0.595941, -0.716377, 0.362849, 0.08809, -0.763877, 0.366346, -0.531304, 0.077397, 0.0, 0.0, 0.0, 1.0],
                [0.317492, -0.593441, -0.739613, -0.017168, -0.565822, -0.744459, 0.354439, 0.086093, -0.760951, 0.305958, -0.572141, 0.071515, 0.0, 0.0, 0.0, 1.0],
                [0.436397, -0.590964, -0.678469, -0.031062, -0.508739, -0.784017, 0.355673, 0.084096, -0.742121, 0.189949, -0.642788, 0.065632, 0.0, 0.0, 0.0, 1.0],
                [0.566534, -0.574714, -0.590546, -0.044955, -0.438682, -0.817003, 0.374254, 0.082099, -0.697566, 0.047034, -0.714976, 0.05975, 0.0, 0.0, 0.0, 1.0],
                [0.673724, -0.544503, -0.499614, -0.058849, -0.377818, -0.834842, 0.400367, 0.080102, -0.6351, -0.080974, -0.768175, 0.053868, 0.0, 0.0, 0.0, 1.0],
                [0.757047, -0.505401, -0.414067, -0.072743, -0.334932, -0.844342, 0.418221, 0.078104, -0.560983, -0.177928, -0.80848, 0.047985, 0.0, 0.0, 0.0, 1.0],
                [0.828842, -0.459402, -0.319331, -0.086637, -0.29902, -0.846143, 0.441169, 0.076107, -0.472874, -0.270173, -0.838688, 0.042103, 0.0, 0.0, 0.0, 1.0],
                [0.883319, -0.411967, -0.223682, -0.092093, -0.272659, -0.839658, 0.469716, 0.069487, -0.381324, -0.353919, -0.854011, 0.034482, 0.0, 0.0, 0.0, 1.0],
                [0.920505, -0.366667, -0.135007, -0.097549, -0.255935, -0.826892, 0.500748, 0.062867, -0.295244, -0.426388, -0.855, 0.026862, 0.0, 0.0, 0.0, 1.0],
                [0.944737, -0.322225, -0.060379, -0.103005, -0.244387, -0.81498, 0.525437, 0.056247, -0.218517, -0.481643, -0.848688, 0.019242, 0.0, 0.0, 0.0, 1.0],
                [0.959887, -0.280295, 0.007244, -0.108461, -0.237845, -0.800291, 0.550423, 0.049627, -0.148483, -0.530068, -0.834855, 0.011621, 0.0, 0.0, 0.0, 1.0],
                [0.967637, -0.243603, 0.065851, -0.113918, -0.236662, -0.785488, 0.57184, 0.043007, -0.087577, -0.568918, -0.817719, 0.004, 0.0, 0.0, 0.0, 1.0],
                [0.970618, -0.21227, 0.113332, -0.11736, -0.238522, -0.786518, 0.569648, 0.045966, -0.031781, -0.579943, -0.814038, -0.000757, 0.0, 0.0, 0.0, 1.0],
                [0.9742, -0.199348, 0.105809, -0.120803, -0.225048, -0.822767, 0.521929, 0.048925, -0.01699, -0.532276, -0.846401, -0.005515, 0.0, 0.0, 0.0, 1.0],
                [0.97778, -0.192477, 0.083065, -0.124246, -0.208437, -0.850323, 0.483226, 0.051884, -0.022378, -0.489803, -0.871547, -0.010273, 0.0, 0.0, 0.0, 1.0],
                [0.980611, -0.186844, 0.059104, -0.127688, -0.193446, -0.874668, 0.444451, 0.054843, -0.031347, -0.447266, -0.893852, -0.015031, 0.0, 0.0, 0.0, 1.0],
                [0.982717, -0.181095, 0.038386, -0.131131, -0.180918, -0.895615, 0.406379, 0.057802, -0.039214, -0.4063, -0.912898, -0.019788, 0.0, 0.0, 0.0, 1.0],
                [0.984263, -0.174871, 0.025433, -0.130812, -0.171837, -0.913595, 0.368537, 0.0566, -0.041211, -0.367108, -0.929266, -0.02307, 0.0, 0.0, 0.0, 1.0],
                [0.985309, -0.169375, 0.021907, -0.130493, -0.166808, -0.926889, 0.336234, 0.055398, -0.036644, -0.334948, -0.941524, -0.026352, 0.0, 0.0, 0.0, 1.0],
                [0.985727, -0.16677, 0.023059, -0.130174, -0.165477, -0.93452, 0.315106, 0.054196, -0.031001, -0.314425, -0.948777, -0.029633, 0.0, 0.0, 0.0, 1.0],
                [0.985847, -0.165556, 0.026412, -0.129855, -0.165769, -0.939092, 0.301045, 0.052993, -0.025036, -0.301162, -0.953245, -0.032915, 0.0, 0.0, 0.0, 1.0],
                [0.985653, -0.16571, 0.032067, -0.129536, -0.167774, -0.941171, 0.293346, 0.051791, -0.01843, -0.294518, -0.955469, -0.036197, 0.0, 0.0, 0.0, 1.0],
                [0.98526, -0.166812, 0.037897, -0.129217, -0.170578, -0.941396, 0.290998, 0.050589, -0.012866, -0.293173, -0.955973, -0.039478, 0.0, 0.0, 0.0, 1.0],
                [0.984725, -0.167634, 0.047037, -0.128579, -0.17408, -0.943109, 0.283276, 0.048184, -0.003125, -0.287139, -0.957884, -0.046041, 0.0, 0.0, 0.0, 1.0]
            ]
        },
        {
            "name": "Leg_L",
            "time": [0.0, 0.0333, 0.0667, 0.1, 0.1333, 0.1667, 0.2, 0.2333, 0.2667, 0.3, 0.3333, 0.3667, 0.4, 0.4333, 0.4667, 0.5, 0.5333, 0.5667, 0.6, 0.6333, 0.6667, 0.7, 0.7333, 0.7667, 0.8, 0.8333, 0.8667, 0.9, 0.9333, 0.9667, 1.0, 1.0333, 1.0667, 1.1, 1.1333, 1.1667, 1.2, 1.2333, 1.2667, 1.3, 1.3333, 1.3667, 1.4, 1.4333, 1.4667, 1.5, 1.5333, 1.5667, 1.6, 1.6333, 1.6667, 1.7, 1.7333, 1.8],
            "transform": [
                [0.999997, -0.001949, -0.000158, -0.0, -0.000162, -0.162777, 0.986663, 0.37472, -0.001949, -0.986661, -0.162777, -0.0, 0.0, 0.0, 0.0, 1.0],
                [0.999997, -0.001955, -6.1e-05, 0.0, -6.3e-05, -0.063443, 0.997986, 0.37472, -0.001955, -0.997983, -0.063443, -0.0, 0.0, 0.0, 0.0, 1.0],
                [0.999997, -0.001952, 0.000108, 0.0, 0.000106, 0.109201, 0.99402, 0.37472, -0.001952, -0.994017, 0.109201, 0.0, 0.0, 0.0, 0.0, 1.0],
                [0.999996, -0.00193, 0.000312, -0.0, 0.00031, 0.314347, 0.949308, 0.37472, -0.001931, -0.949307, 0.314347, 0.0, 0.0, 0.0, 0.0, 1.0],
                [0.999997, -0.00189, 0.000505, -0.0, 0.000502, 0.497541, 0.86744, 0.37472, -0.00189, -0.86744, 0.497541, 0.0, 0.0, 0.0, 0.0, 1.0],
                [0.999996, -0.001872, 0.000566, -0.0, 0.000563, 0.552728, 0.833362, 0.37472, -0.001873, -0.833361, 0.552727, 0.0, 0.0, 0.0, 0.0, 1.0],
                [0.999997, -0.001921, 0.000363, 0.0, 0.00036, 0.363589, 0.93156, 0.37472, -0.001922, -0.931558, 0.363589, 0.0, 0.0, 0.0, 0.0, 1.0],
                [0.999997, -0.001955, -7e-06, -0.0, -1e-05, -0.00877, 0.999962, 0.37472, -0.001955, -0.99996, -0.00877, 0.0, 0.0, 0.0, 0.0, 1.0],
                [0.999997, -0.001935, -0.000284, -0.0, -0.000285, -0.288212, 0.957567, 0.37472, -0.001935, -0.957565, -0.288212, -0.0, 0.0, 0.0, 0.0, 1.0],
                [0.999997, -0.001912, -0.000411, 0.0, -0.000412, -0.410997, 0.911637, 0.37472, -0.001912, -0.911635, -0.410997, -0.0, 0.0, 0.0, 0.0, 1.0],
                [0.999997, -0.001925, -0.000344, -0.0, -0.000345, -0.347115, 0.937823, 0.37472, -0.001925, -0.93782, -0.347115, 0.0, 0.0, 0.0, 0.0, 1.0],
                [0.999997, -0.001953, -0.000109, 0.0, -0.000112, -0.112885, 0.993609, 0.37472, -0.001953, -0.993606, -0.112885, 0.0, 0.0, 0.0, 0.0, 1.0],
                [0.999997, -0.001945, 0.000206, 0.0, 0.000203, 0.20775, 0.978182, 0.37472, -0.001945, -0.978181, 0.20775, -0.0, 0.0, 0.0, 0.0, 1.0],
                [0.999997, -0.001887, 0.000511, 0.0, 0.000507, 0.503067, 0.864247, 0.37472, -0.001888, -0.864246, 0.503067, -0.0, 0.0, 0.0, 0.0, 1.0],
                [0.999998, -0.001786, 0.000796, 0.0, 0.000794, 0.742865, 0.669441, 0.37472, -0.001787, -0.669439, 0.742865, -0.0, 0.0, 0.0, 0.0, 1.0],
                [0.999997, -0.001653, 0.001043, 0.0, 0.00104, 0.901636, 0.432496, 0.37472, -0.001656, -0.432494, 0.901635, 0.0, 0.0, 0.0, 0.0, 1.0],
                [0.999998, -0.001701, 0.000964, -0.0, 0.000961, 0.857028, 0.515268, 0.37472, -0.001702, -0.515266, 0.857029, 0.0, 0.0, 0.0, 0.0, 1.0],
                [0.999997, -0.001784, 0.0008, -0.0, 0.000797, 0.745336, 0.666688, 0.37472, -0.001786, -0.666686, 0.745336, -0.0, 0.0, 0.0, 0.0, 1.0],
                [0.999998, -0.001806, 0.00075, -0.0, 0.000746, 0.70698, 0.707233, 0.37472, -0.001807, -0.707231, 0.70698, -0.0, 0.0, 0.0, 0.0, 1.0],
                [0.999997, -0.001826, 0.000698, -0.0, 0.000695, 0.666008, 0.745944, 0.37472, -0.001827, -0.745942, 0.666009, -0.0, 0.0, 0.0, 0.0, 1.0],
                [0.999997, -0.001864, 0.000591, -0.0, 0.000588, 0.574668, 0.818387, 0.37472, -0.001865, -0.818385, 0.574668, 0.0, 0.0, 0.0, 0.0, 1.0],
