{
    "animation": [
        {
            "name": "Root",
            "time": [0.0, 0.0333, 0.0667, 0.1, 0.1333, 0.1667, 0.2, 0.2333, 0.2667, 0.3, 0.3333, 0.3667, 0.4, 0.4333, 0.4667, 0.5, 0.5333, 0.5667, 0.6, 0.6333, 0.6667, 0.7, 0.7333, 0.7667, 0.8, 0.8333, 0.8667, 0.9, 0.9333, 0.9667, 1.0, 1.0333, 1.0667, 1.1, 1.1333, 1.1667, 1.2, 1.2333, 1.2667, 1.3, 1.3333, 1.3667, 1.4, 1.4333, 1.4667, 1.5, 1.5333, 1.5667, 1.6, 1.6333, 1.6667, 1.7, 1.8],
            "transform": [
                [0.999994, -0.001597, 0.002956, 0.020711, 0.002962, 0.003567, -0.999989, 0.001243, 0.001587, 0.999992, 0.003572, 0.439442, 0.0, 0.0, 0.0, 1.0],
                [0.999994, -0.001659, 0.002937, 0.013274, 0.002943, 0.003539, -0.999989, 0.045859, 0.001649, 0.999992, 0.003544, 0.428449, 0.0, 0.0, 0.0, 1.0],
                [0.999994, -0.00173, 0.002916, 0.005328, 0.002922, 0.003504, -0.99999, 0.088381, 0.00172, 0.999992, 0.003509, 0.417455, 0.0, 0.0, 0.0, 1.0],
                [0.999994, -0.001777, 0.002903, -0.001984, 0.002909, 0.003481, -0.99999, 0.131952, 0.001767, 0.999992, 0.003486, 0.406461, 0.0, 0.0, 0.0, 1.0],
                [0.999994, -0.001754, 0.002909, -0.005267, 0.002915, 0.003493, -0.99999, 0.179722, 0.001743, 0.999992, 0.003498, 0.395467, 0.0, 0.0, 0.0, 1.0],
                [0.999994, -0.001609, 0.002953, -0.00217, 0.002958, 0.003561, -0.999989, 0.234835, 0.001598, 0.999992, 0.003566, 0.384474, 0.0, 0.0, 0.0, 1.0],
                [0.999994, -0.00125, 0.003084, 0.024776, 0.003088, 0.003703, -0.999988, 0.303603, 0.001238, 0.999992, 0.003707, 0.37348, 0.0, 0.0, 0.0, 1.0],
                [0.999994, -0.000712, 0.003356, 0.064177, 0.003358, 0.003843, -0.999987, 0.386908, 0.000699, 0.999992, 0.003845, 0.364239, 0.0, 0.0, 0.0, 1.0],
                [0.999993, -0.000128, 0.003792, 0.091573, 0.003793, 0.003906, -0.999985, 0.479758, 0.000113, 0.999992, 0.003906, 0.359842, 0.0, 0.0, 0.0, 1.0],
                [1.0, 0.000616, 1e-06, 0.086137, -1e-06, 0.00386, -0.999993, 0.588965, -0.000616, 0.999992, 0.00386, 0.365919, 0.0, 0.0, 0.0, 1.0],
                [0.999999, 0.001374, 2e-06, 0.066715, -3e-06, 0.003659, -0.999993, 0.707691, -0.001374, 0.999992, 0.003659, 0.375978, 0.0, 0.0, 0.0, 1.0],
                [0.999998, 0.001766, 3e-06, 0.055501, -3e-06, 0.003487, -0.999994, 0.810578, -0.001766, 0.999992, 0.003487, 0.382195, 0.0, 0.0, 0.0, 1.0],
                [0.999999, 0.001065, 2e-06, 0.079606, -2e-06, 0.003761, -0.999993, 0.87682, -0.001065, 0.999992, 0.003761, 0.368618, 0.0, 0.0, 0.0, 1.0],
                [1.0, 8.7e-05, -0.0, 0.099481, -1e-06, 0.003908, -0.999992, 0.912459, -8.7e-05, 0.999992, 0.003908, 0.354012, 0.0, 0.0, 0.0, 1.0],
                [0.999992, -1.7e-05, 0.003899, 0.059228, 0.003899, 0.003909, -0.999985, 0.915727, 2e-06, 0.999992, 0.003909, 0.35435, 0.0, 0.0, 0.0, 1.0],
                [1.0, 0.000146, 0.0, 0.016928, -0.0, 0.003906, -0.999992, 0.912344, -0.000146, 0.999992, 0.003906, 0.358059, 0.0, 0.0, 0.0, 1.0],
                [1.0, 0.000209, 0.0, 0.01238, -0.0, 0.003903, -0.999992, 0.93273, -0.000209, 0.999992, 0.003903, 0.354093, 0.0, 0.0, 0.0, 1.0],
                [1.0, 0.000269, 1e-06, 0.017367, -1e-06, 0.003899, -0.999992, 0.958522, -0.000269, 0.999992, 0.003899, 0.350126, 0.0, 0.0, 0.0, 1.0],
                [1.0, 0.000315, 1e-06, 0.023112, -1e-06, 0.003896, -0.999992, 0.972978, -0.000315, 0.999992, 0.003896, 0.350357, 0.0, 0.0, 0.0, 1.0],
                [1.0, 0.00035, 1e-06, 0.027632, -1e-06, 0.003893, -0.999992, 0.973231, -0.00035, 0.999992, 0.003893, 0.357181, 0.0, 0.0, 0.0, 1.0],
                [1.0, 0.000378, 0.0, 0.032206, -1e-06, 0.00389, -0.999992, 0.968796, -0.000378, 0.999992, 0.00389, 0.364006, 0.0, 0.0, 0.0, 1.0],
                [1.0, 0.000405, 1e-06, 0.036518, -1e-06, 0.003888, -0.999992, 0.96153, -0.000405, 0.999992, 0.003888, 0.373037, 0.0, 0.0, 0.0, 1.0],
                [1.0, 0.000433, 1e-06, 0.040249, -1e-06, 0.003885, -0.999992, 0.953278, -0.000433, 0.999992, 0.003885, 0.382068, 0.0, 0.0, 0.0, 1.0],
                [1.0, 0.00046, 1e-06, 0.04308, -1e-06, 0.003881, -0.999992, 0.945891, -0.00046, 0.999992, 0.003881, 0.391098, 0.0, 0.0, 0.0, 1.0],
                [1.0, 0.000482, 1e-06, 0.044854, -1e-06, 0.003879, -0.999992, 0.941221, -0.000482, 0.999992, 0.003879, 0.400128, 0.0, 0.0, 0.0, 1.0],
                [1.0, 0.000502, 1e-06, 0.046323, -1e-06, 0.003876, -0.999992, 0.93866, -0.000502, 0.999992, 0.003876, 0.407882, 0.0, 0.0, 0.0, 1.0],
                [1.0, 0.00052, 1e-06, 0.047557, -1e-06, 0.003874, -0.999992, 0.936491, -0.00052, 0.999992, 0.003874, 0.414355, 0.0, 0.0, 0.0, 1.0],
                [1.0, 0.000535, 1e-06, 0.048474, -1e-06, 0.003872, -0.999992, 0.934898, -0.000535, 0.999992, 0.003872, 0.420829, 0.0, 0.0, 0.0, 1.0],
                [1.0, 0.000548, 1e-06, 0.04865, -1e-06, 0.00387, -0.999992, 0.934061, -0.000548, 0.999992, 0.00387, 0.427303, 0.0, 0.0, 0.0, 1.0],
                [1.0, 0.000559, 1e-06, 0.04797, -1e-06, 0.003868, -0.999992, 0.934164, -0.000559, 0.999992, 0.003868, 0.434937, 0.0, 0.0, 0.0, 1.0],
                [1.0, 0.000571, 1e-06, 0.046754, -1e-06, 0.003866, -0.999993, 0.93539, -0.000571, 0.999992, 0.003866, 0.444853, 0.0, 0.0, 0.0, 1.0],
                [1.0, 0.000581, 1e-06, 0.045059, -1e-06, 0.003865, -0.999992, 0.937918, -0.000581, 0.999992, 0.003865, 0.457456, 0.0, 0.0, 0.0, 1.0],
                [1.0, 0.000589, 1e-06, 0.042541, -2e-06, 0.003864, -0.999993, 0.942223, -0.000589, 0.999992, 0.003864, 0.474066, 0.0, 0.0, 0.0, 1.0],
                [1.0, 0.000595, 1e-06, 0.037609, -1e-06, 0.003863, -0.999993, 0.948299, -0.000595, 0.999992, 0.003863, 0.494157, 0.0, 0.0, 0.0, 1.0],
                [1.0, 0.0006, 1e-06, 0.032606, -1e-06, 0.003862, -0.999993, 0.955611, -0.0006, 0.999992, 0.003862, 0.515748, 0.0, 0.0, 0.0, 1.0],
                [1.0, 0.000603, 1e-06, 0.02798, -1e-06, 0.003861, -0.999993, 0.963629, -0.000603, 0.999992, 0.003861, 0.537754, 0.0, 0.0, 0.0, 1.0],
                [1.0, 0.000607, 2e-06, 0.023732, -1e-06, 0.003861, -0.999992, 0.971824, -0.000607, 0.999992, 0.003861, 0.560025, 0.0, 0.0, 0.0, 1.0],
                [1.0, 0.00061, 1e-06, 0.01986, -1e-06, 0.00386, -0.999993, 0.979662, -0.00061, 0.999992, 0.00386, 0.580698, 0.0, 0.0, 0.0, 1.0],
                [1.0, 0.000614, 1e-06, 0.017494, -1e-06, 0.00386, -0.999993, 0.986611, -0.000614, 0.999992, 0.00386, 0.597559, 0.0, 0.0, 0.0, 1.0],
                [1.0, 0.000617, 1e-06, 0.01671, -2e-06, 0.003859, -0.999992, 0.993149, -0.000617, 0.999992, 0.003859, 0.612152, 0.0, 0.0, 0.0, 1.0],
                [1.0, 0.00062, 1e-06, 0.016836, -2e-06, 0.003859, -0.999993, 0.999909, -0.00062, 0.999992, 0.003859, 0.625053, 0.0, 0.0, 0.0, 1.0],
                [1.0, 0.000624, 1e-06, 0.017303, -1e-06, 0.003858, -0.999993, 1.006588, -0.000624, 0.999992, 0.003858, 0.636642, 0.0, 0.0, 0.0, 1.0],
                [1.0, 0.000627, 1e-06, 0.01793, -1e-06, 0.003858, -0.999993, 1.01289, -0.000627, 0.999992, 0.003858, 0.647546, 0.0, 0.0, 0.0, 1.0],
                [1.0, 0.00063, 1e-06, 0.018677, -2e-06, 0.003857, -0.999992, 1.018537, -0.00063, 0.999992, 0.003857, 0.655707, 0.0, 0.0, 0.0, 1.0],
                [1.0, 0.000634, 1e-06, 0.019482, -1e-06, 0.003857, -0.999992, 1.023147, -0.000634, 0.999992, 0.003857, 0.663282, 0.0, 0.0, 0.0, 1.0],
                [1.0, 0.000634, 2e-06, 0.01905, -1e-06, 0.003857, -0.999993, 1.026508, -0.000634, 0.999992, 0.003857, 0.670413, 0.0, 0.0, 0.0, 1.0],
                [1.0, 0.000634, 1e-06, 0.017171, -1e-06, 0.003857, -0.999992, 1.02864, -0.000634, 0.999992, 0.003857, 0.677051, 0.0, 0.0, 0.0, 1.0],
                [1.0, 0.000634, 1e-06, 0.015101, -1e-06, 0.003857, -0.999993, 1.029902, -0.000634, 0.999992, 0.003857, 0.681569, 0.0, 0.0, 0.0, 1.0],
                [1.0, 0.000633, 1e-06, 0.012897, -2e-06, 0.003857, -0.999993, 1.030465, -0.000633, 0.999992, 0.003857, 0.685659, 0.0, 0.0, 0.0, 1.0],
                [1.0, 0.000633, 1e-06, 0.01062, -1e-06, 0.003857, -0.999993, 1.030496, -0.000633, 0.999992, 0.003857, 0.689232, 0.0, 0.0, 0.0, 1.0],
                [1.0, 0.000634, 1e-06, 0.008329, -1e-06, 0.003857, -0.999993, 1.030161, -0.000634, 0.999992, 0.003857, 0.692204, 0.0, 0.0, 0.0, 1.0],
                [1.0, 0.000633, 1e-06, 0.006082, -1e-06, 0.003857, -0.999993, 1.02963, -0.000633, 0.999992, 0.003857, 0.694686, 0.0, 0.0, 0.0, 1.0],
                [1.0, 0.000632, 1e-06, 0.001963, -1e-06, 0.003856, -0.999993, 1.040102, -0.000632, 0.999992, 0.003856, 0.672924, 0.0, 0.0, 0.0, 1.0]
            ]
        },
        {
            "name": "Thigh_R",
            "time": [0.0, 0.0333, 0.0667, 0.1, 0.1333, 0.1667, 0.2, 0.2333, 0.2667, 0.3, 0.3333, 0.3667, 0.4, 0.4333, 0.4667, 0.5, 0.5333, 0.5667, 0.6, 0.6333, 0.6667, 0.7, 0.7333, 0.7667, 0.8, 0.8333, 0.8667, 0.9, 0.9333, 0.9667, 1.0, 1.0333, 1.0667, 1.1, 1.1333, 1.1667, 1.2, 1.2333, 1.2667, 1.3, 1.3333, 1.3667, 1.4, 1.4333, 1.4667, 1.5, 1.5333, 1.5667, 1.6, 1.6333, 1.6667, 1.7, 1.8],
            "transform": [
                [0.983923, 0.168422, 0.059357, 0.128567, 0.174725, -0.839346, -0.514756, 0.048184, -0.036875, 0.516855, -0.85528, -0.046041, 0.0, 0.0, 0.0, 1.0],
                [0.98493, 0.172682, 0.009401, 0.12324, 0.164894, -0.921359, -0.352012, 0.046173, -0.052124, 0.348259, -0.935948, -0.054603, 0.0, 0.0, 0.0, 1.0],
                [0.984293, 0.16425, -0.064687, 0.117914, 0.156965, -0.982007, -0.105021, 0.044162, -0.080773, 0.093219, -0.992363, -0.063164, 0.0, 0.0, 0.0, 1.0],
                [0.980454, 0.135563, -0.142585, 0.112587, 0.154285, -0.979482, 0.129667, 0.042151, -0.122082, -0.149132, -0.981252, -0.071725, 0.0, 0.0, 0.0, 1.0],
                [0.974138, 0.093895, -0.205506, 0.10726, 0.158016, -0.933242, 0.322638, 0.040141, -0.161492, -0.34677, -0.923943, -0.080286, 0.0, 0.0, 0.0, 1.0],
                [0.972714, 0.058123, -0.2246, 0.101933, 0.154561, -0.884331, 0.440538, 0.03813, -0.173014, -0.463234, -0.869184, -0.088847, 0.0, 0.0, 0.0, 1.0],
                [0.984512, 0.046153, -0.169122, 0.109196, 0.101778, -0.935968, 0.337059, 0.043255, -0.142736, -0.349053, -0.926168, -0.066776, 0.0, 0.0, 0.0, 1.0],
                [0.996599, 0.024576, -0.078631, 0.116459, 0.041471, -0.974376, 0.22108, 0.048381, -0.071183, -0.22359, -0.97208, -0.044706, 0.0, 0.0, 0.0, 1.0],
                [0.998335, 0.048261, 0.03155, 0.123722, 0.045065, -0.994443, 0.095161, 0.053507, 0.035967, -0.093581, -0.994961, -0.022635, 0.0, 0.0, 0.0, 1.0],
                [0.964396, 0.174891, 0.198369, 0.117063, 0.187152, -0.981315, -0.044695, 0.062006, 0.186846, 0.080229, -0.979107, -0.004285, 0.0, 0.0, 0.0, 1.0],
                [0.862412, 0.298646, 0.408723, 0.110404, 0.389874, -0.90686, -0.160019, 0.070506, 0.322864, 0.297354, -0.89852, 0.014065, 0.0, 0.0, 0.0, 1.0],
                [0.750902, 0.3189, 0.578314, 0.103746, 0.522428, -0.822524, -0.224778, 0.079006, 0.403994, 0.470916, -0.784236, 0.032415, 0.0, 0.0, 0.0, 1.0],
                [0.711953, 0.185, 0.677418, 0.097087, 0.545087, -0.753773, -0.367026, 0.087506, 0.442718, 0.630561, -0.637491, 0.050766, 0.0, 0.0, 0.0, 1.0],
                [0.641513, 0.121445, 0.757436, 0.101191, 0.60249, -0.690947, -0.399499, 0.090232, 0.474829, 0.712636, -0.51642, 0.052602, 0.0, 0.0, 0.0, 1.0],
                [0.480184, 0.351757, 0.803548, 0.105295, 0.695613, -0.710769, -0.104546, 0.092959, 0.534359, 0.609164, -0.585986, 0.054438, 0.0, 0.0, 0.0, 1.0],
                [0.341881, 0.533309, 0.773757, 0.1094, 0.7268, -0.672002, 0.142039, 0.095685, 0.595715, 0.513809, -0.617353, 0.056275, 0.0, 0.0, 0.0, 1.0],
                [0.305921, 0.534539, 0.787834, 0.113504, 0.732364, -0.660866, 0.164006, 0.098411, 0.608317, 0.526811, -0.593649, 0.058111, 0.0, 0.0, 0.0, 1.0],
                [0.311176, 0.529954, 0.788872, 0.112376, 0.729017, -0.665631, 0.159593, 0.09735, 0.609671, 0.525443, -0.593473, 0.058485, 0.0, 0.0, 0.0, 1.0],
                [0.319455, 0.526327, 0.78799, 0.111248, 0.72409, -0.671994, 0.155295, 0.096288, 0.611258, 0.52097, -0.59578, 0.058859, 0.0, 0.0, 0.0, 1.0],
                [0.320776, 0.523948, 0.789039, 0.11012, 0.718841, -0.677124, 0.15739, 0.095227, 0.616737, 0.51671, -0.593839, 0.059233, 0.0, 0.0, 0.0, 1.0],
                [0.319055, 0.519122, 0.792917, 0.108991, 0.712134, -0.683369, 0.160846, 0.094165, 0.625351, 0.513348, -0.587716, 0.059608, 0.0, 0.0, 0.0, 1.0],
                [0.32087, 0.514276, 0.795338, 0.107863, 0.704504, -0.69085, 0.162482, 0.093103, 0.633016, 0.508187, -0.583982, 0.059982, 0.0, 0.0, 0.0, 1.0],
                [0.325426, 0.507902, 0.79758, 0.106735, 0.69634, -0.699367, 0.161237, 0.092042, 0.63969, 0.502919, -0.581264, 0.060356, 0.0, 0.0, 0.0, 1.0],
                [0.333514, 0.500194, 0.799108, 0.105607, 0.688975, -0.707897, 0.155548, 0.09098, 0.643488, 0.498691, -0.580715, 0.06073, 0.0, 0.0, 0.0, 1.0],
                [0.346282, 0.493904, 0.797589, 0.104479, 0.683564, -0.715127, 0.146059, 0.089919, 0.642514, 0.494628, -0.58525, 0.061104, 0.0, 0.0, 0.0, 1.0],
                [0.363181, 0.487862, 0.793782, 0.103351, 0.678853, -0.722092, 0.1332, 0.088857, 0.638164, 0.490489, -0.593436, 0.061478, 0.0, 0.0, 0.0, 1.0],
                [0.382141, 0.485521, 0.786281, 0.102223, 0.675819, -0.727144, 0.120545, 0.087795, 0.630264, 0.485322, -0.605995, 0.061852, 0.0, 0.0, 0.0, 1.0],
                [0.404915, 0.471045, 0.783683, 0.101094, 0.673966, -0.73297, 0.092333, 0.086734, 0.617907, 0.490792, -0.614259, 0.062226, 0.0, 0.0, 0.0, 1.0],
                [0.430886, 0.454656, 0.779503, 0.099966, 0.671228, -0.738828, 0.059893, 0.085672, 0.603147, 0.49742, -0.623528, 0.0626, 0.0, 0.0, 0.0, 1.0],
                [0.460978, 0.433082, 0.774557, 0.098838, 0.66662, -0.745133, 0.019886, 0.084611, 0.585757, 0.507171, -0.632191, 0.062975, 0.0, 0.0, 0.0, 1.0],
                [0.49388, 0.418137, 0.762393, 0.09771, 0.659331, -0.751707, -0.014844, 0.083549, 0.566887, 0.510003, -0.646943, 0.063349, 0.0, 0.0, 0.0, 1.0],
                [0.527863, 0.423131, 0.736424, 0.096582, 0.649618, -0.759702, -0.029138, 0.082487, 0.547132, 0.493778, -0.675892, 0.063723, 0.0, 0.0, 0.0, 1.0],
                [0.573506, 0.419988, 0.703349, 0.095454, 0.60676, -0.794628, -0.020261, 0.081426, 0.550389, 0.438387, -0.710555, 0.064097, 0.0, 0.0, 0.0, 1.0],
                [0.628353, 0.449955, 0.634596, 0.094325, 0.541177, -0.838844, 0.058918, 0.080364, 0.558835, 0.306409, -0.770594, 0.064471, 0.0, 0.0, 0.0, 1.0],
                [0.687228, 0.475044, 0.54959, 0.093197, 0.460134, -0.870092, 0.176696, 0.079303, 0.562129, 0.131455, -0.816535, 0.064845, 0.0, 0.0, 0.0, 1.0],
                [0.74547, 0.478111, 0.464417, 0.092069, 0.376838, -0.877037, 0.297999, 0.078241, 0.549784, -0.04714, -0.833974, 0.065219, 0.0, 0.0, 0.0, 1.0],
                [0.797155, 0.457578, 0.393909, 0.090941, 0.301878, -0.867073, 0.396303, 0.077179, 0.522885, -0.197003, -0.829325, 0.065593, 0.0, 0.0, 0.0, 1.0],
                [0.837946, 0.426268, 0.340793, 0.089813, 0.245346, -0.852026, 0.462451, 0.076118, 0.48749, -0.303898, -0.818534, 0.065967, 0.0, 0.0, 0.0, 1.0],
                [0.864141, 0.398562, 0.307256, 0.09245, 0.213722, -0.843405, 0.492945, 0.072116, 0.455608, -0.360308, -0.814002, 0.063707, 0.0, 0.0, 0.0, 1.0],
                [0.873307, 0.376677, 0.308945, 0.095087, 0.218704, -0.869808, 0.442274, 0.068113, 0.435315, -0.318676, -0.841989, 0.061446, 0.0, 0.0, 0.0, 1.0],
                [0.877035, 0.360036, 0.318089, 0.097724, 0.221337, -0.890461, 0.397609, 0.064111, 0.426398, -0.278314, -0.860654, 0.059186, 0.0, 0.0, 0.0, 1.0],
                [0.876892, 0.346144, 0.333529, 0.10036, 0.220635, -0.906296, 0.360487, 0.060108, 0.427055, -0.242522, -0.871095, 0.056925, 0.0, 0.0, 0.0, 1.0],
                [0.874421, 0.333744, 0.352136, 0.102997, 0.218192, -0.918786, 0.32898, 0.056106, 0.433332, -0.210834, -0.876226, 0.054665, 0.0, 0.0, 0.0, 1.0],
                [0.870226, 0.323227, 0.371791, 0.105634, 0.216016, -0.928612, 0.301695, 0.052104, 0.442765, -0.18223, -0.877924, 0.052404, 0.0, 0.0, 0.0, 1.0],
                [0.865845, 0.31579, 0.388055, 0.108271, 0.216891, -0.935879, 0.277654, 0.048101, 0.450851, -0.15624, -0.878818, 0.050144, 0.0, 0.0, 0.0, 1.0],
                [0.863326, 0.307764, 0.399936, 0.110908, 0.218779, -0.942419, 0.25295, 0.044099, 0.454755, -0.130881, -0.880947, 0.047883, 0.0, 0.0, 0.0, 1.0],
                [0.863252, 0.298737, 0.406876, 0.113545, 0.219687, -0.948076, 0.229989, 0.040097, 0.454453, -0.109154, -0.884057, 0.045623, 0.0, 0.0, 0.0, 1.0],
                [0.862595, 0.290571, 0.41412, 0.111396, 0.221119, -0.952817, 0.207965, 0.042364, 0.455007, -0.08782, -0.886146, 0.044048, 0.0, 0.0, 0.0, 1.0],
                [0.862554, 0.285179, 0.417935, 0.109246, 0.22309, -0.955758, 0.191734, 0.044632, 0.454121, -0.072144, -0.888013, 0.042474, 0.0, 0.0, 0.0, 1.0],
                [0.862114, 0.280396, 0.422059, 0.107097, 0.224731, -0.958123, 0.177482, 0.0469, 0.454148, -0.05816, -0.889025, 0.040899, 0.0, 0.0, 0.0, 1.0],
                [0.861762, 0.277315, 0.424804, 0.104948, 0.226874, -0.959639, 0.166212, 0.049167, 0.453749, -0.046858, -0.889896, 0.039325, 0.0, 0.0, 0.0, 1.0],
                [0.86107, 0.274512, 0.428017, 0.102799, 0.228797, -0.960897, 0.155988, 0.051435, 0.454099, -0.036388, -0.890207, 0.03775, 0.0, 0.0, 0.0, 1.0],
                [0.860516, 0.267304, 0.433662, 0.096351, 0.232828, -0.963531, 0.131908, 0.058238, 0.453106, -0.012541, -0.891369, 0.033027, 0.0, 0.0, 0.0, 1.0]
            ]
        },
        {
            "name": "Leg_R",
            "time": [0.0, 0.0333, 0.0667, 0.1, 0.1333, 0.1667, 0.2, 0.2333, 0.2667, 0.3, 0.3333, 0.3667, 0.4, 0.4333, 0.4667, 0.5, 0.5333, 0.5667, 0.6, 0.6333, 0.6667, 0.7, 0.7333, 0.7667, 0.8, 0.8333, 0.8667, 0.9, 0.9333, 0.9667, 1.0, 1.0333, 1.0667, 1.1, 1.1333, 1.1667, 1.2, 1.2333, 1.2667, 1.3, 1.3333, 1.3667, 1.4, 1.4333, 1.4667, 1.5, 1.5333, 1.5667, 1.6, 1.6333, 1.6667, 1.7, 1.8],
            "transform": [
                [0.999995, -0.001754, 0.000863, -0.0, 0.00086, 0.791364, 0.611347, 0.37472, -0.001755, -0.611344, 0.791365, 0.0, 0.0, 0.0, 0.0, 1.0],
                [0.999995, -0.00186, 0.000601, 0.0, 0.000599, 0.584173, 0.811631, 0.37472, -0.001861, -0.811629, 0.584173, 0.0, 0.0, 0.0, 0.0, 1.0],
                [0.999996, -0.001944, 0.00022, 0.0, 0.000219, 0.223328, 0.974744, 0.37472, -0.001944, -0.974744, 0.223327, 0.0, 0.0, 0.0, 0.0, 1.0],
                [0.999995, -0.001954, -8.9e-05, 0.0, -9.2e-05, -0.092527, 0.995711, 0.37472, -0.001954, -0.99571, -0.092527, 0.0, 0.0, 0.0, 0.0, 1.0],
                [0.999995, -0.001933, -0.000301, -0.0, -0.000303, -0.30542, 0.952219, 0.37472, -0.001933, -0.952218, -0.305419, 0.0, 0.0, 0.0, 0.0, 1.0],
                [0.999995, -0.001911, -0.000422, 0.0, -0.000421, -0.420705, 0.907199, 0.37472, -0.001911, -0.907197, -0.420705, 0.0, 0.0, 0.0, 0.0, 1.0],
                [0.999995, -0.001916, -0.000397, -0.0, -0.000399, -0.398181, 0.917309, 0.37472, -0.001915, -0.917306, -0.398181, 0.0, 0.0, 0.0, 0.0, 1.0],
                [0.999995, -0.001929, -0.000325, -0.0, -0.000327, -0.328833, 0.94439, 0.37472, -0.001928, -0.944388, -0.328833, -0.0, 0.0, 0.0, 0.0, 1.0],
                [0.999996, -0.001945, -0.000199, -0.0, -0.000201, -0.203398, 0.979098, 0.37472, -0.001945, -0.979096, -0.203398, 0.0, 0.0, 0.0, 0.0, 1.0],
                [0.999996, -0.001955, 2.6e-05, -0.0, 2.3e-05, 0.025238, 0.999683, 0.37472, -0.001955, -0.999681, 0.025238, 0.0, 0.0, 0.0, 0.0, 1.0],
                [0.999997, -0.001923, 0.000354, -0.0, 0.00035, 0.354201, 0.935171, 0.37472, -0.001923, -0.935168, 0.354201, 0.0, 0.0, 0.0, 0.0, 1.0],
                [0.999996, -0.001843, 0.000652, 0.0, 0.000648, 0.627106, 0.778935, 0.37472, -0.001844, -0.778932, 0.627107, 0.0, 0.0, 0.0, 0.0, 1.0],
                [0.999996, -0.00172, 0.00093, -0.0, 0.000926, 0.835592, 0.549351, 0.37472, -0.001722, -0.549348, 0.835594, -0.0, 0.0, 0.0, 0.0, 1.0],
                [0.999995, -0.001638, 0.001068, 0.0, 0.001064, 0.914084, 0.405524, 0.37472, -0.00164, -0.405521, 0.914087, 0.0, 0.0, 0.0, 0.0, 1.0],
                [0.999996, -0.001799, 0.000767, 0.0, 0.000763, 0.720087, 0.693886, 0.37472, -0.001801, -0.693883, 0.720087, -0.0, 0.0, 0.0, 0.0, 1.0],
                [0.999995, -0.001875, 0.000559, -0.0, 0.000556, 0.546168, 0.837677, 0.37472, -0.001876, -0.837675, 0.546168, 0.0, 0.0, 0.0, 0.0, 1.0],
                [0.999996, -0.001866, 0.000585, 0.0, 0.000582, 0.569542, 0.821964, 0.37472, -0.001867, -0.821962, 0.569542, 0.0, 0.0, 0.0, 0.0, 1.0],
                [0.999995, -0.001862, 0.000599, -0.0, 0.000596, 0.582116, 0.813107, 0.37472, -0.001863, -0.813106, 0.582115, -0.0, 0.0, 0.0, 0.0, 1.0],
                [0.999995, -0.001859, 0.000608, 0.0, 0.000605, 0.589348, 0.807881, 0.37472, -0.00186, -0.80788, 0.589347, -0.0, 0.0, 0.0, 0.0, 1.0],
                [0.999996, -0.001856, 0.000614, 0.0, 0.000611, 0.5949, 0.803802, 0.37472, -0.001858, -0.8038, 0.594899, -0.0, 0.0, 0.0, 0.0, 1.0],
                [0.999995, -0.001855, 0.000618, -0.0, 0.000615, 0.598795, 0.800903, 0.37472, -0.001856, -0.800902, 0.598795, 0.0, 0.0, 0.0, 0.0, 1.0],
                [0.999995, -0.001854, 0.000624, 0.0, 0.00062, 0.602677, 0.797987, 0.37472, -0.001855, -0.797985, 0.602677, 0.0, 0.0, 0.0, 0.0, 1.0],
                [0.999995, -0.001852, 0.000628, -0.0, 0.000624, 0.606545, 0.795051, 0.37472, -0.001853, -0.795049, 0.606544, -0.0, 0.0, 0.0, 0.0, 1.0],
                [0.999996, -0.001849, 0.000638, 0.0, 0.000634, 0.61506, 0.788482, 0.37472, -0.00185, -0.788479, 0.615061, -0.0, 0.0, 0.0, 0.0, 1.0],
                [0.999996, -0.001845, 0.000648, -0.0, 0.000644, 0.623506, 0.78182, 0.37472, -0.001847, -0.781817, 0.623507, -0.0, 0.0, 0.0, 0.0, 1.0],
                [0.999996, -0.001843, 0.000654, 0.0, 0.00065, 0.628694, 0.777654, 0.37472, -0.001844, -0.777652, 0.628695, 0.0, 0.0, 0.0, 0.0, 1.0],
                [0.999995, -0.001842, 0.000656, 0.0, 0.000653, 0.630677, 0.776047, 0.37472, -0.001844, -0.776045, 0.630677, 0.0, 0.0, 0.0, 0.0, 1.0],
                [0.999996, -0.001833, 0.000682, 0.0, 0.000678, 0.651894, 0.758312, 0.37472, -0.001834, -0.758309, 0.651894, -0.0, 0.0, 0.0, 0.0, 1.0],
                [0.999996, -0.001822, 0.00071, -0.0, 0.000706, 0.674981, 0.737836, 0.37472, -0.001824, -0.737833, 0.674982, 0.0, 0.0, 0.0, 0.0, 1.0],
                [0.999996, -0.001804, 0.000753, 0.0, 0.000749, 0.709126, 0.705083, 0.37472, -0.001806, -0.705081, 0.709127, 0.0, 0.0, 0.0, 0.0, 1.0],
                [0.999996, -0.001791, 0.000786, 0.0, 0.000782, 0.734373, 0.678747, 0.37472, -0.001793, -0.678743, 0.734375, -0.0, 0.0, 0.0, 0.0, 1.0],
                [0.999996, -0.001792, 0.000781, -0.0, 0.000778, 0.731343, 0.682011, 0.37472, -0.001793, -0.682007, 0.731344, -0.0, 0.0, 0.0, 0.0, 1.0],
                [0.999996, -0.001805, 0.000754, -0.0, 0.00075, 0.709652, 0.704553, 0.37472, -0.001806, -0.70455, 0.709653, 0.0, 0.0, 0.0, 0.0, 1.0],
                [0.999996, -0.001849, 0.000634, -0.0, 0.00063, 0.61204, 0.790828, 0.37472, -0.001851, -0.790825, 0.61204, 0.0, 0.0, 0.0, 0.0, 1.0],
                [0.999995, -0.001889, 0.000501, -0.0, 0.000498, 0.494072, 0.869422, 0.37472, -0.00189, -0.869421, 0.494071, -0.0, 0.0, 0.0, 0.0, 1.0],
                [0.999996, -0.001911, 0.000411, 0.0, 0.000408, 0.409494, 0.912313, 0.37472, -0.001912, -0.912312, 0.409494, -0.0, 0.0, 0.0, 0.0, 1.0],
                [0.999996, -0.001917, 0.000385, 0.0, 0.00038, 0.383692, 0.923462, 0.37472, -0.001918, -0.92346, 0.383692, -0.0, 0.0, 0.0, 0.0, 1.0],
                [0.999995, -0.001913, 0.000406, -0.0, 0.000403, 0.404937, 0.914345, 0.37472, -0.001913, -0.914345, 0.404936, -0.0, 0.0, 0.0, 0.0, 1.0],
                [0.999996, -0.001903, 0.00045, -0.0, 0.000447, 0.446438, 0.894815, 0.37472, -0.001903, -0.894813, 0.446438, 0.0, 0.0, 0.0, 0.0, 1.0],
                [0.999996, -0.001882, 0.000528, 0.0, 0.000525, 0.518781, 0.854908, 0.37472, -0.001883, -0.854906, 0.518781, -0.0, 0.0, 0.0, 0.0, 1.0],
                [0.999996, -0.001862, 0.000597, -0.0, 0.000593, 0.57975, 0.814796, 0.37472, -0.001863, -0.814794, 0.57975, 0.0, 0.0, 0.0, 0.0, 1.0],
                [0.999996, -0.001842, 0.000656, -0.0, 0.000652, 0.630675, 0.776048, 0.37472, -0.001843, -0.776045, 0.630676, 0.0, 0.0, 0.0, 0.0, 1.0],
                [0.999996, -0.001823, 0.000707, -0.0, 0.000703, 0.672748, 0.739872, 0.37472, -0.001825, -0.739869, 0.672749, 0.0, 0.0, 0.0, 0.0, 1.0],
                [0.999996, -0.001804, 0.000753, 0.0, 0.000749, 0.70934, 0.704868, 0.37472, -0.001806, -0.704864, 0.709342, -0.0, 0.0, 0.0, 0.0, 1.0],
                [0.999997, -0.001786, 0.000796, -0.0, 0.000792, 0.742047, 0.670348, 0.37472, -0.001788, -0.670344, 0.74205, 0.0, 0.0, 0.0, 0.0, 1.0],
                [0.999996, -0.001767, 0.000838, 0.0, 0.000835, 0.773278, 0.634067, 0.37472, -0.001768, -0.634063, 0.773281, -0.0, 0.0, 0.0, 0.0, 1.0],
                [0.999995, -0.001747, 0.000878, 0.0, 0.000875, 0.801599, 0.597863, 0.37472, -0.001748, -0.59786, 0.801601, -0.0, 0.0, 0.0, 0.0, 1.0],
                [0.999996, -0.001726, 0.000917, -0.0, 0.000913, 0.827167, 0.561957, 0.37472, -0.001728, -0.561953, 0.827169, 0.0, 0.0, 0.0, 0.0, 1.0],
                [0.999995, -0.001709, 0.000949, -0.0, 0.000946, 0.848024, 0.529958, 0.37472, -0.001711, -0.529955, 0.848026, -0.0, 0.0, 0.0, 0.0, 1.0],
                [0.999996, -0.001693, 0.000978, -0.0, 0.000975, 0.865398, 0.501084, 0.37472, -0.001695, -0.501081, 0.865401, -0.0, 0.0, 0.0, 0.0, 1.0],
                [0.999995, -0.001678, 0.001003, 0.0, 0.001, 0.879695, 0.475539, 0.37472, -0.00168, -0.475536, 0.879697, -0.0, 0.0, 0.0, 0.0, 1.0],
                [0.999996, -0.001666, 0.001023, 0.0, 0.001019, 0.890602, 0.454783, 0.37472, -0.001669, -0.454779, 0.890605, 0.0, 0.0, 0.0, 0.0, 1.0],
                [0.999997, -0.001635, 0.001071, -0.0, 0.001068, 0.916078, 0.400999, 0.37472, -0.001637, -0.400998, 0.916078, 0.0, 0.0, 0.0, 0.0, 1.0]
            ]
        },
        {
            "name": "Knee_R",
            "time": [1.8, 0.0],
            "transform": [
                [1.0, 0.0, -0.0, -0.0, -0.0, 0.0, -1.0, 0.37472, -0.0, 1.0, 0.0, 0.0, 0.0, 0.0, 0.0, 1.0],
                [1.0, 0.0, -0.0, -0.0, -0.0, 0.0, -1.0, 0.37472, -0.0, 1.0, 0.0, 0.0, 0.0, 0.0, 0.0, 1.0]
            ]
        },
        {
            "name": "Thigh_L",
            "time": [0.0, 0.0333, 0.0667, 0.1, 0.1333, 0.1667, 0.2, 0.2333, 0.2667, 0.3, 0.3333, 0.3667, 0.4, 0.4333, 0.4667, 0.5, 0.5333, 0.5667, 0.6, 0.6333, 0.6667, 0.7, 0.7333, 0.7667, 0.8, 0.8333, 0.8667, 0.9, 0.9333, 0.9667, 1.0, 1.0333, 1.0667, 1.1, 1.1333, 1.1667, 1.2, 1.2333, 1.2667, 1.3, 1.3333, 1.3667, 1.4, 1.4333, 1.4667, 1.5, 1.5333, 1.5667, 1.6, 1.6333, 1.6667, 1.7, 1.8],
            "transform": [
                [0.933383, -0.358878, -0.002113, -0.075289, -0.153704, -0.405064, 0.901276, 0.037757, -0.324304, -0.840911, -0.433241, 0.140573, 0.0, 0.0, 0.0, 1.0],
                [0.92509, -0.379743, -0.002112, -0.077079, -0.166581, -0.410791, 0.896383, 0.042748, -0.341263, -0.828883, -0.443277, 0.153172, 0.0, 0.0, 0.0, 1.0],
                [0.913081, -0.407666, -0.00971, -0.07887, -0.178596, -0.421193, 0.889213, 0.047738, -0.366593, -0.810187, -0.457391, 0.165771, 0.0, 0.0, 0.0, 1.0],
                [0.899443, -0.436875, -0.011997, -0.08066, -0.200721, -0.437318, 0.876621, 0.052728, -0.388221, -0.786062, -0.481032, 0.17837, 0.0, 0.0, 0.0, 1.0],
                [0.889732, -0.45648, 0.002391, -0.08245, -0.240534, -0.464364, 0.852355, 0.057718, -0.387973, -0.758943, -0.522958, 0.19097, 0.0, 0.0, 0.0, 1.0],
                [0.88905, -0.456168, 0.038758, -0.08424, -0.296962, -0.510182, 0.807173, 0.062708, -0.348434, -0.729126, -0.589041, 0.203569, 0.0, 0.0, 0.0, 1.0],
                [0.920408, -0.345246, 0.183456, -0.08603, -0.327836, -0.425887, 0.843294, 0.067698, -0.213012, -0.836317, -0.505173, 0.216168, 0.0, 0.0, 0.0, 1.0],
                [0.92007, -0.16209, 0.356649, -0.09146, -0.389463, -0.280125, 0.87741, 0.054174, -0.042313, -0.946181, -0.320863, 0.161498, 0.0, 0.0, 0.0, 1.0],
                [0.88926, -0.040608, 0.455597, -0.096889, -0.454052, -0.198735, 0.868529, 0.040649, 0.055274, -0.979212, -0.195165, 0.106828, 0.0, 0.0, 0.0, 1.0],
                [0.856058, 0.038461, 0.515449, -0.102319, -0.491322, -0.249164, 0.834578, 0.027124, 0.160531, -0.967697, -0.194402, 0.052158, 0.0, 0.0, 0.0, 1.0],
                [0.799659, 0.089746, 0.593711, -0.107748, -0.523796, -0.379163, 0.762807, 0.0136, 0.293572, -0.920968, -0.256192, -0.002512, 0.0, 0.0, 0.0, 1.0],
                [0.76792, 0.075671, 0.636061, -0.113178, -0.542245, -0.451812, 0.708405, 7.5e-05, 0.340986, -0.888899, -0.305923, -0.057181, 0.0, 0.0, 0.0, 1.0],
                [0.840582, -0.043396, 0.539944, -0.111807, -0.510462, -0.396991, 0.762776, 0.001567, 0.181251, -0.916797, -0.355855, -0.055753, 0.0, 0.0, 0.0, 1.0],
                [0.86962, -0.114934, 0.480159, -0.110436, -0.489682, -0.324944, 0.809088, 0.003058, 0.063033, -0.938725, -0.338859, -0.054325, 0.0, 0.0, 0.0, 1.0],
                [0.901145, -0.090424, 0.423985, -0.109065, -0.429241, -0.323196, 0.843385, 0.00455, 0.060768, -0.942002, -0.33006, -0.052897, 0.0, 0.0, 0.0, 1.0],
                [0.918965, -0.03591, 0.392704, -0.107695, -0.380078, -0.346078, 0.857771, 0.006041, 0.105104, -0.937519, -0.331682, -0.051468, 0.0, 0.0, 0.0, 1.0],
                [0.917783, -0.042308, 0.394826, -0.106324, -0.380764, -0.375917, 0.844811, 0.007533, 0.11268, -0.925688, -0.361119, -0.05004, 0.0, 0.0, 0.0, 1.0],
                [0.907034, -0.069832, 0.415228, -0.104953, -0.403675, -0.424653, 0.810381, 0.009024, 0.119737, -0.90266, -0.413364, -0.048612, 0.0, 0.0, 0.0, 1.0],
                [0.898963, -0.094091, 0.427801, -0.103583, -0.420633, -0.457922, 0.783183, 0.010516, 0.12221, -0.884, -0.451232, -0.047184, 0.0, 0.0, 0.0, 1.0],
                [0.896535, -0.10919, 0.429309, -0.102212, -0.42707, -0.470432, 0.772208, 0.012007, 0.117644, -0.875655, -0.46839, -0.045756, 0.0, 0.0, 0.0, 1.0],
                [0.89551, -0.117906, 0.42914, -0.100841, -0.430087, -0.477156, 0.766386, 0.013498, 0.114405, -0.870874, -0.478007, -0.044327, 0.0, 0.0, 0.0, 1.0],
                [0.895078, -0.127444, 0.427313, -0.095464, -0.432506, -0.481351, 0.762392, 0.005823, 0.108525, -0.867214, -0.485966, -0.049018, 0.0, 0.0, 0.0, 1.0],
                [0.895462, -0.135592, 0.423987, -0.090087, -0.433245, -0.484197, 0.760166, -0.001852, 0.102221, -0.864389, -0.492324, -0.05371, 0.0, 0.0, 0.0, 1.0],
                [0.896712, -0.141803, 0.419286, -0.08471, -0.431754, -0.488803, 0.758064, -0.009527, 0.097452, -0.860794, -0.499539, -0.058401, 0.0, 0.0, 0.0, 1.0],
                [0.899162, -0.146889, 0.412229, -0.079332, -0.427414, -0.496999, 0.755189, -0.017202, 0.093949, -0.85523, -0.509664, -0.063092, 0.0, 0.0, 0.0, 1.0],
                [0.900166, -0.151241, 0.408447, -0.073955, -0.425301, -0.507446, 0.749412, -0.024877, 0.093922, -0.848308, -0.521108, -0.067784, 0.0, 0.0, 0.0, 1.0],
                [0.902313, -0.153684, 0.402758, -0.073903, -0.420763, -0.51719, 0.745302, -0.022753, 0.093761, -0.841961, -0.531331, -0.068582, 0.0, 0.0, 0.0, 1.0],
                [0.904281, -0.155958, 0.397434, -0.07406, -0.416374, -0.527963, 0.740195, -0.020296, 0.094391, -0.834825, -0.542364, -0.069182, 0.0, 0.0, 0.0, 1.0],
                [0.907195, -0.157627, 0.390068, -0.07438, -0.409951, -0.539563, 0.7354, -0.017729, 0.094547, -0.82706, -0.554107, -0.069543, 0.0, 0.0, 0.0, 1.0],
                [0.91055, -0.15918, 0.381526, -0.074931, -0.402375, -0.552982, 0.729593, -0.014954, 0.09484, -0.817847, -0.567568, -0.069603, 0.0, 0.0, 0.0, 1.0],
                [0.915328, -0.161142, 0.369066, -0.075821, -0.391632, -0.56967, 0.722566, -0.012266, 0.09381, -0.805923, -0.584542, -0.069164, 0.0, 0.0, 0.0, 1.0],
                [0.921211, -0.164323, 0.352663, -0.077127, -0.378343, -0.589703, 0.713518, -0.009616, 0.090719, -0.790727, -0.60541, -0.068131, 0.0, 0.0, 0.0, 1.0],
                [0.927882, -0.167551, 0.33311, -0.079084, -0.362348, -0.615951, 0.699507, -0.006991, 0.087977, -0.769762, -0.632241, -0.066181, 0.0, 0.0, 0.0, 1.0],
                [0.935175, -0.169943, 0.310756, -0.081447, -0.343907, -0.645551, 0.681904, -0.00434, 0.084724, -0.74457, -0.662147, -0.063486, 0.0, 0.0, 0.0, 1.0],
                [0.943108, -0.170981, 0.285159, -0.096821, -0.322506, -0.679026, 0.65948, 0.022223, 0.080872, -0.713925, -0.695537, -0.054204, 0.0, 0.0, 0.0, 1.0],
                [0.950669, -0.170992, 0.258828, -0.112196, -0.300635, -0.713551, 0.632822, 0.048787, 0.07648, -0.679417, -0.729757, -0.044922, 0.0, 0.0, 0.0, 1.0],
                [0.957225, -0.171112, 0.233331, -0.12757, -0.280558, -0.746136, 0.603795, 0.07535, 0.07078, -0.64343, -0.762226, -0.035639, 0.0, 0.0, 0.0, 1.0],
                [0.962511, -0.172232, 0.209549, -0.142944, -0.263704, -0.775078, 0.574209, 0.101913, 0.06352, -0.60794, -0.791438, -0.026357, 0.0, 0.0, 0.0, 1.0],
                [0.967063, -0.171672, 0.187934, -0.140967, -0.248177, -0.799977, 0.546303, 0.098753, 0.056558, -0.57495, -0.816232, -0.027436, 0.0, 0.0, 0.0, 1.0],
                [0.970045, -0.175512, 0.167959, -0.13899, -0.238347, -0.821271, 0.518369, 0.095593, 0.046959, -0.542873, -0.838501, -0.028515, 0.0, 0.0, 0.0, 1.0],
                [0.97242, -0.179803, 0.148567, -0.137014, -0.230339, -0.840467, 0.49047, 0.092433, 0.036677, -0.511164, -0.858701, -0.029593, 0.0, 0.0, 0.0, 1.0],
                [0.974193, -0.185318, 0.128872, -0.135037, -0.224397, -0.856909, 0.464062, 0.089273, 0.024432, -0.481004, -0.876378, -0.030672, 0.0, 0.0, 0.0, 1.0],
                [0.975248, -0.1918, 0.110031, -0.13306, -0.22081, -0.87109, 0.438686, 0.086113, 0.011707, -0.452123, -0.891879, -0.031751, 0.0, 0.0, 0.0, 1.0],
                [0.976178, -0.195533, 0.094055, -0.131083, -0.21697, -0.883482, 0.41519, 0.082952, 0.001913, -0.425706, -0.90486, -0.03283, 0.0, 0.0, 0.0, 1.0],
                [0.977511, -0.195584, 0.07888, -0.129107, -0.210793, -0.89468, 0.393847, 0.079792, -0.006458, -0.401616, -0.915786, -0.033908, 0.0, 0.0, 0.0, 1.0],
                [0.978662, -0.194109, 0.067428, -0.12713, -0.205147, -0.904081, 0.374901, 0.076632, -0.011812, -0.380733, -0.92461, -0.034987, 0.0, 0.0, 0.0, 1.0],
                [0.97938, -0.192845, 0.060228, -0.125153, -0.201527, -0.911467, 0.358631, 0.073472, -0.014265, -0.363374, -0.931535, -0.036066, 0.0, 0.0, 0.0, 1.0],
                [0.980108, -0.190198, 0.056704, -0.125581, -0.198021, -0.917896, 0.343882, 0.070311, -0.013357, -0.348269, -0.9373, -0.037313, 0.0, 0.0, 0.0, 1.0],
                [0.981079, -0.186313, 0.05267, -0.12601, -0.193172, -0.923534, 0.331317, 0.06715, -0.013086, -0.335222, -0.942049, -0.03856, 0.0, 0.0, 0.0, 1.0],
                [0.981823, -0.182745, 0.051302, -0.126438, -0.189497, -0.928212, 0.320177, 0.063989, -0.010892, -0.324079, -0.945968, -0.039807, 0.0, 0.0, 0.0, 1.0],
                [0.982611, -0.179088, 0.049042, -0.126866, -0.18541, -0.932069, 0.311244, 0.060828, -0.010029, -0.314925, -0.949064, -0.041054, 0.0, 0.0, 0.0, 1.0],
                [0.983329, -0.175295, 0.048355, -0.127295, -0.181673, -0.935553, 0.30288, 0.057667, -0.007854, -0.306615, -0.951802, -0.042301, 0.0, 0.0, 0.0, 1.0],
                [0.984725, -0.167634, 0.047037, -0.128579, -0.17408, -0.943109, 0.283276, 0.048184, -0.003125, -0.287139, -0.957884, -0.046042, 0.0, 0.0, 0.0, 1.0]
            ]
        },
        {
            "name": "Leg_L",
            "time": [0.0, 0.0333, 0.0667, 0.1, 0.1333, 0.1667, 0.2, 0.2333, 0.2667, 0.3, 0.3333, 0.3667, 0.4, 0.4333, 0.4667, 0.5, 0.5333, 0.5667, 0.6, 0.6333, 0.6667, 0.7, 0.7333, 0.7667, 0.8, 0.8333, 0.8667, 0.9, 0.9333, 0.9667, 1.0, 1.0333, 1.0667, 1.1, 1.1333, 1.1667, 1.2, 1.2333, 1.2667, 1.3, 1.3333, 1.3667, 1.4, 1.4333, 1.4667, 1.5, 1.5333, 1.5667, 1.6, 1.6333, 1.6667, 1.7, 1.8],
            "transform": [
                [0.999997, -0.001953, 9.3e-05, -0.0, 9e-05, 0.093455, 0.995624, 0.37472, -0.001953, -0.995622, 0.093455, -0.0, 0.0, 0.0, 0.0, 1.0],
                [0.999997, -0.001955, 4.6e-05, -0.0, 4.3e-05, 0.045358, 0.998971, 0.37472, -0.001955, -0.998969, 0.045358, -0.0, 0.0, 0.0, 0.0, 1.0],
                [0.999997, -0.001955, 8e-06, 0.0, 6e-06, 0.007022, 0.999976, 0.37472, -0.001955, -0.999973, 0.007022, 0.0, 0.0, 0.0, 0.0, 1.0],
                [0.999997, -0.001956, -2.6e-05, -0.0, -2.8e-05, -0.027586, 0.999619, 0.37472, -0.001956, -0.999618, -0.027586, -0.0, 0.0, 0.0, 0.0, 1.0],
                [0.999996, -0.001955, -5.9e-05, 0.0, -6.2e-05, -0.061474, 0.998108, 0.37472, -0.001955, -0.998109, -0.061474, -0.0, 0.0, 0.0, 0.0, 1.0],
                [0.999997, -0.001954, -9.5e-05, -0.0, -9.7e-05, -0.098101, 0.995177, 0.37472, -0.001954, -0.995175, -0.098101, 0.0, 0.0, 0.0, 0.0, 1.0],
                [0.999997, -0.001949, -0.000168, 0.0, -0.00017, -0.17191, 0.985113, 0.37472, -0.001949, -0.985111, -0.17191, 0.0, 0.0, 0.0, 0.0, 1.0],
                [0.999997, -0.001943, -0.000224, 0.0, -0.000226, -0.228483, 0.973548, 0.37472, -0.001943, -0.973546, -0.228483, 0.0, 0.0, 0.0, 0.0, 1.0],
                [0.999996, -0.001943, -0.000227, 0.0, -0.000229, -0.231485, 0.972839, 0.37472, -0.001943, -0.972837, -0.231485, 0.0, 0.0, 0.0, 0.0, 1.0],
                [0.999997, -0.001942, -0.000229, -0.0, -0.000231, -0.233624, 0.972327, 0.37472, -0.001942, -0.972324, -0.233625, -0.0, 0.0, 0.0, 0.0, 1.0],
                [0.999997, -0.001947, -0.00019, 0.0, -0.000193, -0.194652, 0.980873, 0.37472, -0.001947, -0.980871, -0.194652, 0.0, 0.0, 0.0, 0.0, 1.0],
                [0.999996, -0.001953, -0.000108, -0.0, -0.000111, -0.111965, 0.993712, 0.37472, -0.001952, -0.993711, -0.111965, -0.0, 0.0, 0.0, 0.0, 1.0],
                [0.999997, -0.001946, -0.000194, -0.0, -0.000196, -0.198154, 0.980171, 0.37472, -0.001945, -0.980169, -0.198154, -0.0, 0.0, 0.0, 0.0, 1.0],
                [0.999997, -0.001945, -0.000207, 0.0, -0.00021, -0.212092, 0.97725, 0.37472, -0.001945, -0.977249, -0.212092, -0.0, 0.0, 0.0, 0.0, 1.0],
                [0.999997, -0.001943, -0.000224, 0.0, -0.000225, -0.22803, 0.973654, 0.37472, -0.001942, -0.973652, -0.228031, 0.0, 0.0, 0.0, 0.0, 1.0],
                [0.999997, -0.00194, -0.000244, 0.0, -0.000246, -0.248943, 0.968518, 0.37472, -0.00194, -0.968517, -0.248942, 0.0, 0.0, 0.0, 0.0, 1.0],
                [0.999997, -0.001935, -0.000289, -0.0, -0.000291, -0.293089, 0.956085, 0.37472, -0.001934, -0.956083, -0.293089, -0.0, 0.0, 0.0, 0.0, 1.0],
                [0.999997, -0.001929, -0.000329, 0.0, -0.00033, -0.332016, 0.943274, 0.37472, -0.001928, -0.943272, -0.332016, 0.0, 0.0, 0.0, 0.0, 1.0],
                [0.999997, -0.001927, -0.000334, 0.0, -0.000337, -0.337824, 0.94121, 0.37472, -0.001927, -0.941208, -0.337824, 0.0, 0.0, 0.0, 0.0, 1.0],
                [0.999997, -0.00193, -0.000317, -0.0, -0.000318, -0.320094, 0.947386, 0.37472, -0.00193, -0.947384, -0.320094, -0.0, 0.0, 0.0, 0.0, 1.0],
                [0.999997, -0.001934, -0.000291, -0.0, -0.000294, -0.295612, 0.955308, 0.37472, -0.001934, -0.955307, -0.295612, -0.0, 0.0, 0.0, 0.0, 1.0],
                [0.999997, -0.001939, -0.000258, -0.0, -0.00026, -0.262237, 0.965004, 0.37472, -0.001939, -0.965001, -0.262237, 0.0, 0.0, 0.0, 0.0, 1.0],
                [0.999997, -0.001943, -0.000224, -0.0, -0.000226, -0.228824, 0.973468, 0.37472, -0.001943, -0.973466, -0.228824, -0.0, 0.0, 0.0, 0.0, 1.0],
                [0.999997, -0.001946, -0.00019, 0.0, -0.000194, -0.195583, 0.980687, 0.37472, -0.001946, -0.980686, -0.195582, -0.0, 0.0, 0.0, 0.0, 1.0],
                [0.999997, -0.001949, -0.00016, -0.0, -0.000162, -0.163931, 0.986471, 0.37472, -0.001949, -0.986471, -0.163931, -0.0, 0.0, 0.0, 0.0, 1.0],
                [0.999996, -0.001952, -0.000133, -0.0, -0.000136, -0.137058, 0.990563, 0.37472, -0.001951, -0.990563, -0.137057, -0.0, 0.0, 0.0, 0.0, 1.0],
                [0.999997, -0.001953, -0.000108, -0.0, -0.000109, -0.110752, 0.993848, 0.37472, -0.001953, -0.993847, -0.110752, 0.0, 0.0, 0.0, 0.0, 1.0],
