{
    "animation": [
        {
            "name": "Root",
            "time": [0.0, 0.0333, 0.0667, 0.1, 0.1333, 0.1667, 0.2, 0.2333, 0.2667, 0.3, 0.3333, 0.3667, 0.4, 0.4333, 0.4667, 0.5, 0.5333, 0.5667, 0.6, 0.6333, 0.6667, 0.7, 0.7333, 0.7667, 0.8, 0.8333, 0.8667, 0.9, 0.9333, 0.9667, 1.0, 1.0333, 1.0667, 1.1, 1.1333, 1.1667, 1.2, 1.2333, 1.2667, 1.3, 1.3333, 1.3667, 1.4, 1.4333, 1.4667, 1.5, 1.5333, 1.5667, 1.6, 1.6333, 1.6667, 1.9333],
            "transform": [
                [1.0, 0.000133, -2e-06, 9.2e-05, -3e-06, 0.003906, -0.999992, 0.002282, -0.000133, 0.999992, 0.003906, 0.646397, 0.0, 0.0, 0.0, 1.0],
                [0.999993, -0.000194, 0.003733, 0.003122, 0.003734, 0.003903, -0.999985, 0.31775, 0.000179, 0.999992, 0.003903, 0.590258, 0.0, 0.0, 0.0, 1.0],
                [0.999994, -0.000516, 0.003483, 0.006172, 0.003485, 0.003874, -0.999986, 0.638525, 0.000502, 0.999992, 0.003876, 0.52878, 0.0, 0.0, 0.0, 1.0],
                [0.999994, -0.000822, 0.003291, 0.006073, 0.003294, 0.003821, -0.999987, 0.962462, 0.000809, 0.999992, 0.003823, 0.477982, 0.0, 0.0, 0.0, 1.0],
                [0.999994, -0.00109, 0.003155, -0.0046, 0.003159, 0.003754, -0.999988, 1.287415, 0.001078, 0.999992, 0.003757, 0.45388, 0.0, 0.0, 0.0, 1.0],
                [0.999994, -0.001298, 0.003063, -0.034281, 0.003068, 0.003686, -0.999988, 1.605074, 0.001287, 0.999992, 0.00369, 0.471703, 0.0, 0.0, 0.0, 1.0],
                [0.999994, -0.001463, 0.003001, -0.07667, 0.003006, 0.003624, -0.999989, 1.913023, 0.001452, 0.999992, 0.003628, 0.519255, 0.0, 0.0, 0.0, 1.0],
                [0.999994, -0.001621, 0.002949, -0.119066, 0.002955, 0.003557, -0.999989, 2.217962, 0.00161, 0.999992, 0.003561, 0.571422, 0.0, 0.0, 0.0, 1.0],
                [0.999994, -0.001804, 0.002895, -0.144708, 0.002902, 0.003467, -0.99999, 2.526587, 0.001794, 0.999992, 0.003472, 0.603088, 0.0, 0.0, 0.0, 1.0],
                [0.999994, -0.002089, 0.00283, -0.125701, 0.002837, 0.003303, -0.99999, 2.808343, 0.002079, 0.999992, 0.003309, 0.580832, 0.0, 0.0, 0.0, 1.0],
                [0.999993, -0.002359, 0.002786, -0.080679, 0.002794, 0.003117, -0.999991, 3.078805, 0.00235, 0.999992, 0.003123, 0.532402, 0.0, 0.0, 0.0, 1.0],
                [0.999993, -0.002354, 0.002787, -0.027308, 0.002794, 0.003119, -0.999991, 3.495213, 0.002345, 0.999992, 0.003126, 0.483972, 0.0, 0.0, 0.0, 1.0],
                [0.999993, -0.002318, 0.002791, 0.025993, 0.002799, 0.003147, -0.999991, 3.823632, 0.002309, 0.999992, 0.003154, 0.508304, 0.0, 0.0, 0.0, 1.0],
                [0.999994, -0.002187, 0.002813, 0.063692, 0.00282, 0.003239, -0.999991, 4.149596, 0.002178, 0.999992, 0.003245, 0.501663, 0.0, 0.0, 0.0, 1.0],
                [0.999994, -0.001716, 0.002921, 0.065165, 0.002927, 0.003511, -0.99999, 4.493839, 0.001706, 0.999992, 0.003516, 0.341916, 0.0, 0.0, 0.0, 1.0],
                [0.999994, -0.001057, 0.00317, 0.04511, 0.003174, 0.003762, -0.999988, 4.76633, 0.001045, 0.999992, 0.003766, 0.195444, 0.0, 0.0, 0.0, 1.0],
                [0.999994, -0.00066, 0.003388, 0.018047, 0.00339, 0.003852, -0.999987, 4.925652, 0.000647, 0.999992, 0.003854, 0.161051, 0.0, 0.0, 0.0, 1.0],
                [0.999993, -0.00036, 0.003597, -0.012272, 0.003599, 0.003892, -0.999986, 5.056082, 0.000346, 0.999992, 0.003893, 0.14645, 0.0, 0.0, 0.0, 1.0],
                [0.999992, -4.7e-05, 0.003869, -0.045456, 0.00387, 0.003907, -0.999985, 5.169836, 3.2e-05, 0.999992, 0.003908, 0.147752, 0.0, 0.0, 0.0, 1.0],
                [1.0, 0.000358, 0.0, -0.078608, -1e-06, 0.003892, -0.999992, 5.27911, -0.000358, 0.999992, 0.003892, 0.161109, 0.0, 0.0, 0.0, 1.0],
                [1.0, 0.000873, 2e-06, -0.111713, -2e-06, 0.003809, -0.999993, 5.396094, -0.000873, 0.999992, 0.003809, 0.182623, 0.0, 0.0, 0.0, 1.0],
                [0.999998, 0.001861, 3e-06, -0.153922, -3e-06, 0.003436, -0.999994, 5.494801, -0.001861, 0.999992, 0.003436, 0.274139, 0.0, 0.0, 0.0, 1.0],
                [0.999996, 0.002682, 4e-06, -0.186486, -4e-06, 0.002843, -0.999996, 5.570891, -0.002682, 0.999992, 0.002843, 0.365656, 0.0, 0.0, 0.0, 1.0],
                [0.999995, 0.002964, 3e-06, -0.197875, -4e-06, 0.002548, -0.999997, 5.609845, -0.002964, 0.999992, 0.002548, 0.377752, 0.0, 0.0, 0.0, 1.0],
                [0.999995, 0.003146, 3e-06, -0.204911, -4e-06, 0.002319, -0.999997, 5.640482, -0.003146, 0.999992, 0.002319, 0.374175, 0.0, 0.0, 0.0, 1.0],
                [0.999995, 0.003259, 4e-06, -0.208496, -3e-06, 0.002157, -0.999998, 5.664856, -0.003259, 0.999992, 0.002157, 0.360851, 0.0, 0.0, 0.0, 1.0],
                [0.999994, 0.003329, 3e-06, -0.208714, -3e-06, 0.002049, -0.999998, 5.685021, -0.003329, 0.999992, 0.002049, 0.347528, 0.0, 0.0, 0.0, 1.0],
                [0.999994, 0.003374, 3e-06, -0.208936, -3e-06, 0.001973, -0.999998, 5.703018, -0.003374, 0.999992, 0.001973, 0.3382, 0.0, 0.0, 0.0, 1.0],
                [0.999994, 0.003384, 3e-06, -0.205209, -3e-06, 0.001956, -0.999998, 5.716616, -0.003384, 0.999992, 0.001956, 0.333655, 0.0, 0.0, 0.0, 1.0],
                [0.999994, 0.003344, 3e-06, -0.197397, -4e-06, 0.002023, -0.999998, 5.723869, -0.003344, 0.999992, 0.002023, 0.329109, 0.0, 0.0, 0.0, 1.0],
                [0.999995, 0.003264, 4e-06, -0.186658, -3e-06, 0.002149, -0.999998, 5.727252, -0.003264, 0.999992, 0.002149, 0.324563, 0.0, 0.0, 0.0, 1.0],
                [0.999995, 0.003156, 3e-06, -0.175922, -4e-06, 0.002306, -0.999997, 5.729242, -0.003156, 0.999992, 0.002306, 0.325402, 0.0, 0.0, 0.0, 1.0],
                [0.999995, 0.003021, 3e-06, -0.165196, -4e-06, 0.002479, -0.999997, 5.731325, -0.003021, 0.999992, 0.002479, 0.32624, 0.0, 0.0, 0.0, 1.0],
                [0.999996, 0.002857, 4e-06, -0.152793, -4e-06, 0.002666, -0.999996, 5.732974, -0.002857, 0.999992, 0.002666, 0.327078, 0.0, 0.0, 0.0, 1.0],
                [0.999996, 0.002665, 4e-06, -0.140401, -4e-06, 0.002858, -0.999996, 5.733628, -0.002665, 0.999992, 0.002858, 0.327917, 0.0, 0.0, 0.0, 1.0],
                [0.999997, 0.002447, 4e-06, -0.128015, -3e-06, 0.003047, -0.999995, 5.732739, -0.002447, 0.999992, 0.003047, 0.332976, 0.0, 0.0, 0.0, 1.0],
                [0.999998, 0.002212, 4e-06, -0.115631, -4e-06, 0.003222, -0.999995, 5.729748, -0.002212, 0.999992, 0.003222, 0.343556, 0.0, 0.0, 0.0, 1.0],
                [0.999998, 0.001967, 3e-06, -0.103247, -3e-06, 0.003378, -0.999994, 5.724102, -0.001967, 0.999992, 0.003378, 0.361766, 0.0, 0.0, 0.0, 1.0],
                [0.999998, 0.001675, 2e-06, -0.09289, -4e-06, 0.003531, -0.999994, 5.7114, -0.001675, 0.999992, 0.003531, 0.399291, 0.0, 0.0, 0.0, 1.0],
                [0.999999, 0.001339, 2e-06, -0.082552, -3e-06, 0.00367, -0.999993, 5.691854, -0.001339, 0.999992, 0.00367, 0.455429, 0.0, 0.0, 0.0, 1.0],
                [0.999999, 0.001027, 1e-06, -0.072222, -2e-06, 0.003769, -0.999993, 5.671837, -0.001027, 0.999992, 0.003769, 0.511567, 0.0, 0.0, 0.0, 1.0],
                [1.0, 0.000806, 2e-06, -0.064124, -1e-06, 0.003826, -0.999993, 5.657735, -0.000806, 0.999992, 0.003826, 0.55191, 0.0, 0.0, 0.0, 1.0],
                [1.0, 0.00067, 1e-06, -0.055993, -1e-06, 0.00385, -0.999993, 5.649613, -0.00067, 0.999992, 0.00385, 0.575674, 0.0, 0.0, 0.0, 1.0],
                [1.0, 0.00056, 1e-06, -0.049111, -1e-06, 0.003867, -0.999993, 5.643066, -0.00056, 0.999992, 0.003867, 0.594786, 0.0, 0.0, 0.0, 1.0],
                [1.0, 0.000475, 1e-06, -0.042305, -1e-06, 0.003879, -0.999992, 5.637922, -0.000475, 0.999992, 0.003879, 0.609935, 0.0, 0.0, 0.0, 1.0],
                [1.0, 0.00041, 1e-06, -0.035446, -1e-06, 0.003886, -0.999992, 5.633795, -0.00041, 0.999992, 0.003886, 0.622402, 0.0, 0.0, 0.0, 1.0],
                [1.0, 0.000358, 0.0, -0.028581, -1e-06, 0.003892, -0.999992, 5.630441, -0.000358, 0.999992, 0.003892, 0.632581, 0.0, 0.0, 0.0, 1.0],
                [1.0, 0.000319, 0.0, -0.021708, -1e-06, 0.003895, -0.999992, 5.627581, -0.000319, 0.999992, 0.003895, 0.64276, 0.0, 0.0, 0.0, 1.0],
                [1.0, 0.00028, 1e-06, -0.014837, -0.0, 0.0039, -0.999992, 5.624936, -0.00028, 0.999992, 0.0039, 0.652939, 0.0, 0.0, 0.0, 1.0],
                [1.0, 0.000284, -0.0, -0.00419, -1e-06, 0.003899, -0.999992, 5.623621, -0.000284, 0.999992, 0.003899, 0.660264, 0.0, 0.0, 0.0, 1.0],
                [1.0, 0.00034, 0.0, 0.006486, -1e-06, 0.003894, -0.999992, 5.624382, -0.00034, 0.999992, 0.003894, 0.662412, 0.0, 0.0, 0.0, 1.0],
                [1.0, 0.000632, 1e-06, 0.000391, -1e-06, 0.003856, -0.999993, 5.74041, -0.000632, 0.999992, 0.003856, 0.669971, 0.0, 0.0, 0.0, 1.0]
            ]
        },
        {
            "name": "Thigh_R",
            "time": [0.0, 0.0333, 0.0667, 0.1, 0.1333, 0.1667, 0.2, 0.2333, 0.2667, 0.3, 0.3333, 0.3667, 0.4, 0.4333, 0.4667, 0.5, 0.5333, 0.5667, 0.6, 0.6333, 0.6667, 0.7, 0.7333, 0.7667, 0.8, 0.8333, 0.8667, 0.9, 0.9333, 0.9667, 1.0, 1.0333, 1.0667, 1.1, 1.1333, 1.1667, 1.2, 1.2333, 1.2667, 1.3, 1.3333, 1.3667, 1.4, 1.4333, 1.4667, 1.5, 1.5333, 1.5667, 1.6, 1.6333, 1.6667, 1.9333],
            "transform": [
                [0.992522, -0.01299, 0.121346, 0.128568, -0.047194, -0.957817, 0.283486, 0.048184, 0.112544, -0.287095, -0.951267, -0.046041, 0.0, 0.0, 0.0, 1.0],
                [0.993847, -0.093726, -0.058979, 0.128568, -0.096552, -0.994218, -0.047057, 0.048184, -0.054228, 0.052462, -0.997149, -0.046041, 0.0, 0.0, 0.0, 1.0],
                [0.959933, -0.124343, -0.251122, 0.128567, -0.218301, -0.893711, -0.391957, 0.048184, -0.175693, 0.431076, -0.885045, -0.046041, 0.0, 0.0, 0.0, 1.0],
                [0.91995, -0.099541, -0.379181, 0.128568, -0.311217, -0.773605, -0.55198, 0.048184, -0.238391, 0.625806, -0.742657, -0.046042, 0.0, 0.0, 0.0, 1.0],
                [0.91808, -0.191756, -0.346924, 0.128568, -0.326151, -0.862832, -0.386199, 0.048184, -0.22528, 0.467713, -0.854689, -0.046041, 0.0, 0.0, 0.0, 1.0],
                [0.931076, -0.193625, -0.309198, 0.108655, -0.282772, -0.91853, -0.27631, 0.048008, -0.230506, 0.344701, -0.909971, -0.072164, 0.0, 0.0, 0.0, 1.0],
                [0.937081, -0.148984, -0.315719, 0.088742, -0.212672, -0.960806, -0.177841, 0.047832, -0.276848, 0.233797, -0.932037, -0.098287, 0.0, 0.0, 0.0, 1.0],
                [0.916245, -0.156092, -0.368953, 0.068829, -0.180847, -0.982951, -0.033259, 0.047656, -0.35747, 0.097198, -0.928851, -0.12441, 0.0, 0.0, 0.0, 1.0],
                [0.883947, -0.174628, -0.433749, 0.053321, -0.092955, -0.97476, 0.202999, 0.047532, -0.458249, -0.139122, -0.877867, -0.1247, 0.0, 0.0, 0.0, 1.0],
                [0.782505, -0.188488, -0.593426, 0.037813, 0.244796, -0.783199, 0.571557, 0.047409, -0.5725, -0.592518, -0.566715, -0.124991, 0.0, 0.0, 0.0, 1.0],
                [0.684937, 0.022263, -0.728261, 0.022304, 0.444667, -0.804573, 0.393619, 0.047285, -0.577174, -0.593441, -0.56098, -0.125282, 0.0, 0.0, 0.0, 1.0],
                [0.921093, -0.004744, -0.389309, 0.006796, 0.172128, -0.891937, 0.418119, 0.047161, -0.349221, -0.45214, -0.82074, -0.125573, 0.0, 0.0, 0.0, 1.0],
                [0.956786, 0.006712, -0.290709, -0.008712, 0.00568, -0.999976, -0.004395, 0.047038, -0.290731, 0.002554, -0.9568, -0.125864, 0.0, 0.0, 0.0, 1.0],
                [0.957938, -0.007649, -0.286866, 0.018576, -0.125264, -0.910527, -0.394022, 0.0426, -0.258185, 0.413385, -0.873186, -0.117313, 0.0, 0.0, 0.0, 1.0],
                [0.936706, -0.033822, -0.348476, 0.045864, -0.27136, -0.699063, -0.661571, 0.038163, -0.22123, 0.714264, -0.663993, -0.108763, 0.0, 0.0, 0.0, 1.0],
                [0.928693, -0.040758, -0.368598, 0.073153, -0.325021, -0.568059, -0.756089, 0.033725, -0.178568, 0.821981, -0.540799, -0.100212, 0.0, 0.0, 0.0, 1.0],
                [0.965471, -0.010782, -0.260278, 0.100441, -0.216276, -0.590119, -0.777808, 0.029288, -0.145208, 0.807248, -0.572074, -0.091662, 0.0, 0.0, 0.0, 1.0],
                [0.99332, 0.044863, -0.106284, 0.0773, -0.053692, -0.63565, -0.770109, 0.050618, -0.102108, 0.770677, -0.628995, -0.059382, 0.0, 0.0, 0.0, 1.0],
                [0.990113, 0.117446, 0.076663, 0.05416, 0.136365, -0.678333, -0.721991, 0.071949, -0.032792, 0.725312, -0.687641, -0.027105, 0.0, 0.0, 0.0, 1.0],
                [0.947565, 0.174325, 0.267816, 0.031019, 0.311792, -0.687953, -0.655369, 0.09328, 0.069997, 0.704513, -0.706233, 0.005174, 0.0, 0.0, 0.0, 1.0],
                [0.868466, 0.291572, 0.400936, 0.007879, 0.468886, -0.745704, -0.473363, 0.114611, 0.160959, 0.599097, -0.784332, 0.037452, 0.0, 0.0, 0.0, 1.0],
                [0.745263, 0.4452, 0.496366, -0.015261, 0.576918, -0.803777, -0.145293, 0.135942, 0.334282, 0.394646, -0.855868, 0.06973, 0.0, 0.0, 0.0, 1.0],
                [0.606228, 0.515371, 0.605706, -0.038402, 0.598254, -0.79734, 0.079648, 0.157273, 0.523999, 0.314083, -0.791691, 0.102009, 0.0, 0.0, 0.0, 1.0],
                [0.512932, 0.524013, 0.679935, -0.038895, 0.612503, -0.778365, 0.137803, 0.153934, 0.601446, 0.345781, -0.720207, 0.104651, 0.0, 0.0, 0.0, 1.0],
                [0.395741, 0.506242, 0.76623, -0.039389, 0.640375, -0.750157, 0.164879, 0.150595, 0.658259, 0.425427, -0.621052, 0.107293, 0.0, 0.0, 0.0, 1.0],
                [0.307614, 0.496032, 0.811989, -0.039883, 0.660232, -0.725777, 0.19324, 0.147256, 0.685174, 0.476661, -0.550755, 0.109936, 0.0, 0.0, 0.0, 1.0],
                [0.271109, 0.504455, 0.819772, -0.040376, 0.680318, -0.702915, 0.207553, 0.143917, 0.680928, 0.501439, -0.533756, 0.112578, 0.0, 0.0, 0.0, 1.0],
                [0.248755, 0.501981, 0.828333, -0.04087, 0.697761, -0.686015, 0.206188, 0.140578, 0.671748, 0.526691, -0.520912, 0.11522, 0.0, 0.0, 0.0, 1.0],
                [0.248083, 0.491157, 0.834997, -0.041363, 0.706255, -0.681669, 0.191131, 0.137239, 0.663064, 0.542308, -0.515992, 0.117863, 0.0, 0.0, 0.0, 1.0],
                [0.286373, 0.499262, 0.817757, -0.041857, 0.710411, -0.683339, 0.168412, 0.1339, 0.642885, 0.532718, -0.550372, 0.120505, 0.0, 0.0, 0.0, 1.0],
                [0.338498, 0.507394, 0.792446, -0.027891, 0.708888, -0.691321, 0.139835, 0.131325, 0.618783, 0.514424, -0.593695, 0.114802, 0.0, 0.0, 0.0, 1.0],
                [0.385979, 0.503622, 0.772906, -0.013926, 0.701222, -0.704575, 0.108912, 0.128751, 0.599419, 0.499944, -0.625102, 0.109097, 0.0, 0.0, 0.0, 1.0],
                [0.421456, 0.489089, 0.763654, 4e-05, 0.690299, -0.719133, 0.079598, 0.126177, 0.588096, 0.493605, -0.6407, 0.103393, 0.0, 0.0, 0.0, 1.0],
                [0.45709, 0.472147, 0.753754, 0.014006, 0.675164, -0.735867, 0.051507, 0.123603, 0.57898, 0.485367, -0.655134, 0.097689, 0.0, 0.0, 0.0, 1.0],
                [0.492974, 0.447927, 0.745881, 0.027971, 0.65801, -0.752813, 0.017188, 0.121029, 0.569206, 0.482326, -0.665857, 0.091985, 0.0, 0.0, 0.0, 1.0],
                [0.529676, 0.413386, 0.740645, 0.041937, 0.638124, -0.769465, -0.026891, 0.118455, 0.558781, 0.48687, -0.671357, 0.086281, 0.0, 0.0, 0.0, 1.0],
                [0.568955, 0.366602, 0.736133, 0.055903, 0.6157, -0.783297, -0.085787, 0.115881, 0.54516, 0.502049, -0.671377, 0.080577, 0.0, 0.0, 0.0, 1.0],
                [0.613483, 0.302877, 0.729316, 0.069868, 0.590531, -0.789115, -0.169034, 0.113307, 0.524315, 0.534387, -0.662966, 0.074872, 0.0, 0.0, 0.0, 1.0],
                [0.684868, 0.305197, 0.661671, 0.083834, 0.520029, -0.840796, -0.150446, 0.110732, 0.510412, 0.447127, -0.734545, 0.069168, 0.0, 0.0, 0.0, 1.0],
                [0.777391, 0.25993, 0.572797, 0.097799, 0.40445, -0.903984, -0.138699, 0.108158, 0.481744, 0.339493, -0.807877, 0.063465, 0.0, 0.0, 0.0, 1.0],
                [0.857582, 0.231919, 0.459089, 0.111765, 0.285286, -0.957172, -0.049386, 0.105584, 0.427972, 0.173326, -0.887016, 0.057761, 0.0, 0.0, 0.0, 1.0],
                [0.900836, 0.219398, 0.37464, 0.113865, 0.213445, -0.975242, 0.057881, 0.098409, 0.378062, 0.027824, -0.925361, 0.044786, 0.0, 0.0, 0.0, 1.0],
                [0.913373, 0.237865, 0.330402, 0.115966, 0.206792, -0.970141, 0.126762, 0.091234, 0.350687, -0.047457, -0.935289, 0.03181, 0.0, 0.0, 0.0, 1.0],
                [0.913996, 0.276284, 0.297111, 0.118066, 0.230888, -0.956369, 0.179042, 0.084059, 0.333612, -0.095045, -0.937906, 0.018835, 0.0, 0.0, 0.0, 1.0],
                [0.910212, 0.313726, 0.270346, 0.120166, 0.255918, -0.93933, 0.228408, 0.076884, 0.3256, -0.138714, -0.935276, 0.00586, 0.0, 0.0, 0.0, 1.0],
                [0.910413, 0.323359, 0.258037, 0.122267, 0.265599, -0.935083, 0.234696, 0.069709, 0.317176, -0.145137, -0.937195, -0.007116, 0.0, 0.0, 0.0, 1.0],
                [0.916626, 0.304776, 0.258661, 0.124367, 0.255728, -0.944427, 0.206558, 0.062534, 0.307238, -0.12319, -0.943625, -0.02009, 0.0, 0.0, 0.0, 1.0],
                [0.923758, 0.28475, 0.256094, 0.126467, 0.242297, -0.952408, 0.184977, 0.055359, 0.296576, -0.108824, -0.948788, -0.033067, 0.0, 0.0, 0.0, 1.0],
                [0.93025, 0.268862, 0.249687, 0.128568, 0.232061, -0.958223, 0.167219, 0.048184, 0.284213, -0.097613, -0.953779, -0.046041, 0.0, 0.0, 0.0, 1.0],
                [0.931309, 0.258243, 0.256848, 0.128567, 0.221669, -0.961425, 0.162884, 0.048184, 0.289002, -0.094761, -0.952627, -0.04604, 0.0, 0.0, 0.0, 1.0],
                [0.923245, 0.256659, 0.285901, 0.128568, 0.213673, -0.961449, 0.1731, 0.048184, 0.319305, -0.098725, -0.942495, -0.046043, 0.0, 0.0, 0.0, 1.0],
                [0.860516, 0.267304, 0.433662, 0.096351, 0.232828, -0.963531, 0.131908, 0.058238, 0.453106, -0.012541, -0.891369, 0.033027, 0.0, 0.0, 0.0, 1.0]
            ]
        },
        {
            "name": "Leg_R",
            "time": [0.0, 0.0333, 0.0667, 0.1, 0.1333, 0.1667, 0.2, 0.2333, 0.2667, 0.3, 0.3333, 0.3667, 0.4, 0.4333, 0.4667, 0.5, 0.5333, 0.5667, 0.6, 0.6333, 0.6667, 0.7, 0.7333, 0.7667, 0.8, 0.8333, 0.8667, 0.9, 0.9333, 0.9667, 1.0, 1.0333, 1.0667, 1.1, 1.1333, 1.1667, 1.2, 1.2333, 1.2667, 1.3, 1.3333, 1.3667, 1.4, 1.4333, 1.4667, 1.5, 1.5333, 1.5667, 1.6, 1.6333, 1.6667, 1.9333],
            "transform": [
                [0.999995, -0.001836, 0.000673, 0.0, 0.00067, 0.644791, 0.764361, 0.37472, -0.001837, -0.764359, 0.644791, -0.0, 0.0, 0.0, 0.0, 1.0],
                [0.999995, -0.001797, 0.000769, 0.0, 0.000766, 0.722152, 0.691737, 0.37472, -0.001798, -0.691735, 0.722152, -0.0, 0.0, 0.0, 0.0, 1.0],
                [0.999995, -0.001669, 0.001018, -0.0, 0.001014, 0.888018, 0.459809, 0.37472, -0.001671, -0.459806, 0.88802, -0.0, 0.0, 0.0, 0.0, 1.0],
                [0.999995, -0.001551, 0.001189, -0.0, 0.001186, 0.965174, 0.261607, 0.37472, -0.001553, -0.261604, 0.965177, -0.0, 0.0, 0.0, 0.0, 1.0],
                [0.999995, -0.001843, 0.000653, -0.0, 0.00065, 0.628299, 0.777974, 0.37472, -0.001844, -0.777972, 0.628299, -0.0, 0.0, 0.0, 0.0, 1.0],
                [0.999994, -0.001939, 0.000252, -0.0, 0.000249, 0.254017, 0.9672, 0.37472, -0.00194, -0.967201, 0.254016, -0.0, 0.0, 0.0, 0.0, 1.0],
                [0.999995, -0.001955, 4.7e-05, -0.0, 4.4e-05, 0.046347, 0.998926, 0.37472, -0.001956, -0.998927, 0.046347, -0.0, 0.0, 0.0, 0.0, 1.0],
                [0.999995, -0.001952, 0.000113, 0.0, 0.00011, 0.113807, 0.993503, 0.37472, -0.001952, -0.993504, 0.113807, -0.0, 0.0, 0.0, 0.0, 1.0],
                [0.999994, -0.001951, 0.000126, -0.0, 0.000124, 0.127549, 0.991833, 0.37472, -0.001952, -0.991834, 0.127549, -0.0, 0.0, 0.0, 0.0, 1.0],
                [0.999995, -0.001955, 5.9e-05, -0.0, 5.8e-05, 0.059657, 0.998219, 0.37472, -0.001955, -0.99822, 0.059657, -0.0, 0.0, 0.0, 0.0, 1.0],
                [0.999995, -0.001783, 0.000802, 0.0, 0.0008, 0.747305, 0.664482, 0.37472, -0.001784, -0.664479, 0.747307, -0.0, 0.0, 0.0, 0.0, 1.0],
                [0.999995, -0.001945, 0.000203, -0.0, 0.000201, 0.205139, 0.978733, 0.37472, -0.001945, -0.978733, 0.205139, -0.0, 0.0, 0.0, 0.0, 1.0],
                [0.999995, -0.001866, 0.000498, 0.0, 0.000507, 0.502377, 0.86465, 0.37472, -0.001863, -0.864648, 0.502377, -0.0, 0.0, 0.0, 0.0, 1.0],
                [0.999995, -0.001737, 0.000897, 0.0, 0.000895, 0.814767, 0.579789, 0.37472, -0.001738, -0.579786, 0.814769, 0.0, 0.0, 0.0, 0.0, 1.0],
                [0.999995, -0.001645, 0.001057, 0.0, 0.001054, 0.908852, 0.417118, 0.37472, -0.001646, -0.417115, 0.908855, -0.0, 0.0, 0.0, 0.0, 1.0],
                [0.999995, -0.001612, 0.001106, 0.0, 0.001103, 0.932201, 0.361941, 0.37472, -0.001614, -0.361938, 0.932204, 0.0, 0.0, 0.0, 0.0, 1.0],
                [0.999995, -0.001629, 0.001081, -0.0, 0.001077, 0.920546, 0.390636, 0.374721, -0.001631, -0.390633, 0.920548, -0.0, 0.0, 0.0, 0.0, 1.0],
                [0.999995, -0.001663, 0.001028, -0.0, 0.001025, 0.893826, 0.448415, 0.374721, -0.001664, -0.448412, 0.893828, -0.0, 0.0, 0.0, 0.0, 1.0],
                [0.999994, -0.001702, 0.000961, 0.0, 0.000959, 0.855547, 0.517726, 0.37472, -0.001704, -0.517723, 0.855549, -0.0, 0.0, 0.0, 0.0, 1.0],
                [0.999994, -0.001703, 0.00096, -0.0, 0.000958, 0.854804, 0.518953, 0.37472, -0.001704, -0.51895, 0.854805, 0.0, 0.0, 0.0, 0.0, 1.0],
                [0.999995, -0.001766, 0.000839, 0.0, 0.000837, 0.774525, 0.632545, 0.37472, -0.001767, -0.632542, 0.774526, -0.0, 0.0, 0.0, 0.0, 1.0],
                [0.999995, -0.001817, 0.000724, -0.0, 0.000721, 0.686574, 0.727062, 0.37472, -0.001818, -0.727059, 0.686575, -0.0, 0.0, 0.0, 0.0, 1.0],
                [0.999995, -0.001773, 0.000823, 0.0, 0.00082, 0.762778, 0.646662, 0.37472, -0.001774, -0.646659, 0.762779, -0.0, 0.0, 0.0, 0.0, 1.0],
                [0.999995, -0.001735, 0.0009, -0.0, 0.000897, 0.816445, 0.577423, 0.37472, -0.001737, -0.57742, 0.816447, 0.0, 0.0, 0.0, 0.0, 1.0],
                [0.999995, -0.001674, 0.00101, 0.0, 0.001006, 0.883727, 0.468003, 0.37472, -0.001676, -0.467999, 0.883729, -1e-06, 0.0, 0.0, 0.0, 1.0],
                [0.999996, -0.001641, 0.001062, 0.0, 0.001059, 0.911487, 0.411327, 0.37472, -0.001643, -0.411324, 0.911491, -0.0, 0.0, 0.0, 0.0, 1.0],
                [0.999995, -0.001641, 0.001062, -0.0, 0.001059, 0.911488, 0.411327, 0.37472, -0.001643, -0.411323, 0.911491, 0.0, 0.0, 0.0, 0.0, 1.0],
                [0.999995, -0.001631, 0.001078, -0.0, 0.001075, 0.919155, 0.393896, 0.37472, -0.001633, -0.393893, 0.919158, -0.0, 0.0, 0.0, 0.0, 1.0],
                [0.999995, -0.00162, 0.001093, 0.0, 0.00109, 0.926488, 0.376323, 0.37472, -0.001623, -0.37632, 0.926491, 0.0, 0.0, 0.0, 0.0, 1.0],
                [0.999995, -0.001648, 0.001052, 0.0, 0.001049, 0.906178, 0.422896, 0.37472, -0.00165, -0.422893, 0.906181, 0.0, 0.0, 0.0, 0.0, 1.0],
                [0.999995, -0.001683, 0.000996, -0.0, 0.000993, 0.875938, 0.482424, 0.37472, -0.001684, -0.48242, 0.875941, -0.0, 0.0, 0.0, 0.0, 1.0],
                [0.999995, -0.001704, 0.000958, -0.0, 0.000955, 0.85331, 0.521404, 0.37472, -0.001706, -0.5214, 0.853313, -0.0, 0.0, 0.0, 0.0, 1.0],
                [0.999995, -0.001718, 0.000934, -1e-06, 0.000932, 0.838716, 0.54457, 0.37472, -0.001719, -0.544567, 0.838718, -0.0, 0.0, 0.0, 0.0, 1.0],
                [0.999995, -0.00173, 0.000911, 0.0, 0.000908, 0.823492, 0.567328, 0.37472, -0.001732, -0.567325, 0.823494, -0.0, 0.0, 0.0, 0.0, 1.0],
                [0.999995, -0.001736, 0.000899, -0.0, 0.000896, 0.815607, 0.578607, 0.37472, -0.001738, -0.578604, 0.815609, -0.0, 0.0, 0.0, 0.0, 1.0],
                [0.999995, -0.001732, 0.000905, -0.0, 0.000903, 0.820194, 0.572088, 0.37472, -0.001734, -0.572084, 0.820195, -0.0, 0.0, 0.0, 0.0, 1.0],
                [0.999995, -0.001715, 0.000939, -0.0, 0.000937, 0.841869, 0.539682, 0.37472, -0.001716, -0.539679, 0.841871, -0.0, 0.0, 0.0, 0.0, 1.0],
                [0.999995, -0.001671, 0.001015, -0.0, 0.001013, 0.886706, 0.462334, 0.37472, -0.001673, -0.462331, 0.886709, 0.0, 0.0, 0.0, 0.0, 1.0],
                [0.999994, -0.001762, 0.000849, -0.0, 0.000846, 0.780974, 0.624565, 0.37472, -0.001763, -0.624563, 0.780975, 0.0, 0.0, 0.0, 0.0, 1.0],
                [0.999995, -0.001825, 0.000703, -0.0, 0.000701, 0.670512, 0.741901, 0.37472, -0.001825, -0.741899, 0.670512, -0.0, 0.0, 0.0, 0.0, 1.0],
                [0.999995, -0.001885, 0.000521, 0.0, 0.000519, 0.512663, 0.858592, 0.37472, -0.001886, -0.858591, 0.512663, -0.0, 0.0, 0.0, 0.0, 1.0],
                [0.999995, -0.001911, 0.000419, -0.0, 0.000416, 0.416981, 0.908916, 0.37472, -0.001911, -0.908916, 0.416981, 1e-06, 0.0, 0.0, 0.0, 1.0],
                [0.999994, -0.001902, 0.000456, -0.0, 0.000454, 0.452241, 0.891897, 0.37472, -0.001903, -0.891897, 0.45224, 0.0, 0.0, 0.0, 0.0, 1.0],
                [0.999994, -0.001867, 0.000581, -0.0, 0.000579, 0.566368, 0.824154, 0.37472, -0.001868, -0.824153, 0.566367, -1e-06, 0.0, 0.0, 0.0, 1.0],
                [0.999994, -0.001826, 0.000699, 0.0, 0.000696, 0.666573, 0.745441, 0.37472, -0.001827, -0.745439, 0.666573, 0.0, 0.0, 0.0, 0.0, 1.0],
                [0.999995, -0.00178, 0.000809, 0.0, 0.000807, 0.752679, 0.65839, 0.37472, -0.001781, -0.658387, 0.75268, 1e-06, 0.0, 0.0, 0.0, 1.0],
                [0.999995, -0.001758, 0.000855, -0.0, 0.000853, 0.785974, 0.618261, 0.37472, -0.001759, -0.618258, 0.785975, 1e-06, 0.0, 0.0, 0.0, 1.0],
                [0.999995, -0.001741, 0.000889, 0.0, 0.000886, 0.808833, 0.58804, 0.37472, -0.001743, -0.588037, 0.808835, 0.0, 0.0, 0.0, 0.0, 1.0],
                [0.999995, -0.001727, 0.000917, 0.0, 0.000914, 0.827573, 0.561359, 0.37472, -0.001728, -0.561356, 0.827575, -0.0, 0.0, 0.0, 0.0, 1.0],
                [0.999995, -0.001719, 0.000931, 0.0, 0.000928, 0.836383, 0.548147, 0.37472, -0.001721, -0.548144, 0.836385, 0.0, 0.0, 0.0, 0.0, 1.0],
                [0.999995, -0.001723, 0.000925, -0.0, 0.000922, 0.832606, 0.553868, 0.37472, -0.001724, -0.553865, 0.832607, 0.0, 0.0, 0.0, 0.0, 1.0],
                [0.999997, -0.001635, 0.001071, -0.0, 0.001068, 0.916078, 0.400999, 0.37472, -0.001637, -0.400998, 0.916078, 0.0, 0.0, 0.0, 0.0, 1.0]
            ]
        },
        {
            "name": "Knee_R",
            "time": [1.9333, 0.0],
            "transform": [
                [1.0, 0.0, -0.0, 0.0, -0.0, 0.0, -1.0, 0.37472, -0.0, 1.0, 0.0, -0.0, 0.0, 0.0, 0.0, 1.0],
                [1.0, 0.0, -0.0, -0.0, -0.0, 0.0, -1.0, 0.37472, -0.0, 1.0, 0.0, 0.0, 0.0, 0.0, 0.0, 1.0]
            ]
        },
        {
            "name": "Thigh_L",
            "time": [0.0, 0.0333, 0.0667, 0.1, 0.1333, 0.1667, 0.2, 0.2333, 0.2667, 0.3, 0.3333, 0.3667, 0.4, 0.4333, 0.4667, 0.6, 0.7333, 0.7667, 0.8, 0.8333, 0.8667, 0.9, 0.9333, 0.9667, 1.0, 1.0333, 1.0667, 1.1, 1.1333, 1.1667, 1.2, 1.2333, 1.2667, 1.3, 1.3333, 1.3667, 1.4, 1.4333, 1.4667, 1.5, 1.5333, 1.5667, 1.6, 1.6333, 1.6667, 1.9333],
            "transform": [
                [0.990172, 0.033363, -0.13581, -0.131038, 0.033112, -0.999445, -0.004108, 0.090825, -0.135872, -0.00043, -0.990727, 0.052886, 0.0, 0.0, 0.0, 1.0],
                [0.984581, -0.149286, -0.091189, -0.11258, -0.068354, -0.808149, 0.584999, 0.075297, -0.161027, -0.569746, -0.805892, 0.074702, 0.0, 0.0, 0.0, 1.0],
                [0.960176, -0.268873, -0.075957, -0.094122, -0.062222, -0.470813, 0.880037, 0.05977, -0.27238, -0.840265, -0.468792, 0.096517, 0.0, 0.0, 0.0, 1.0],
                [0.920681, -0.346198, -0.180259, -0.075664, 0.125139, -0.175635, 0.97647, 0.044243, -0.369711, -0.921576, -0.118381, 0.118333, 0.0, 0.0, 0.0, 1.0],
                [0.85456, -0.299215, -0.424499, -0.057207, 0.298293, -0.386322, 0.872798, 0.028716, -0.425147, -0.872484, -0.240881, 0.140149, 0.0, 0.0, 0.0, 1.0],
                [0.866364, -0.223606, -0.446559, -0.046065, 0.273559, -0.535614, 0.798927, 0.029871, -0.417828, -0.814322, -0.402867, 0.135441, 0.0, 0.0, 0.0, 1.0],
                [0.890782, -0.205072, -0.405529, -0.034923, 0.204104, -0.616765, 0.760226, 0.031027, -0.406017, -0.759966, -0.507547, 0.130734, 0.0, 0.0, 0.0, 1.0],
                [0.869349, -0.219524, -0.442765, -0.023781, 0.118251, -0.7775, 0.617666, 0.032183, -0.479842, -0.589327, -0.649959, 0.126026, 0.0, 0.0, 0.0, 1.0],
                [0.792644, -0.24048, -0.560254, -0.012639, -0.027125, -0.931926, 0.361637, 0.033339, -0.60908, -0.271453, -0.745208, 0.12132, 0.0, 0.0, 0.0, 1.0],
                [0.568341, -0.287873, -0.770791, -0.001498, -0.323473, -0.939541, 0.112385, 0.034495, -0.756542, 0.185457, -0.627098, 0.116612, 0.0, 0.0, 0.0, 1.0],
                [0.363058, -0.214677, -0.906699, -0.00359, -0.613749, -0.787267, -0.059356, 0.048385, -0.701073, 0.578035, -0.417581, 0.140382, 0.0, 0.0, 0.0, 1.0],
                [0.454566, -0.405127, -0.793248, -0.005683, -0.633182, -0.773337, 0.032116, 0.062274, -0.626459, 0.487672, -0.608051, 0.164153, 0.0, 0.0, 0.0, 1.0],
                [0.580178, -0.603946, -0.546483, -0.007776, -0.624367, -0.760638, 0.177756, 0.076164, -0.523031, 0.238075, -0.818388, 0.187923, 0.0, 0.0, 0.0, 1.0],
                [0.671898, -0.671112, -0.313309, -0.009868, -0.632692, -0.739998, 0.228263, 0.090053, -0.385038, 0.044859, -0.92181, 0.211692, 0.0, 0.0, 0.0, 1.0],
                [0.851219, -0.489872, 0.188291, -0.011961, -0.394168, -0.359879, 0.845648, 0.103943, -0.346497, -0.794049, -0.499427, 0.235463, 0.0, 0.0, 0.0, 1.0],
                [0.898426, -0.170489, 0.40468, -0.109505, -0.43838, -0.401946, 0.803905, 0.068031, 0.025603, -0.899652, -0.435857, 0.127596, 0.0, 0.0, 0.0, 1.0],
                [0.799216, 0.162613, 0.57863, 0.01919, -0.45776, -0.459193, 0.761314, 0.03893, 0.389502, -0.873327, -0.292557, -0.126653, 0.0, 0.0, 0.0, 1.0],
                [0.794711, 0.15263, 0.587486, 0.030789, -0.452028, -0.497133, 0.740628, 0.038024, 0.405101, -0.854145, -0.326084, -0.129474, 0.0, 0.0, 0.0, 1.0],
                [0.795811, 0.145015, 0.587926, 0.042388, -0.448856, -0.510443, 0.733469, 0.037118, 0.406467, -0.847596, -0.341125, -0.132294, 0.0, 0.0, 0.0, 1.0],
                [0.795387, 0.143, 0.588993, 0.053986, -0.450332, -0.510973, 0.732194, 0.036212, 0.405664, -0.847619, -0.342024, -0.135115, 0.0, 0.0, 0.0, 1.0],
                [0.788862, 0.148151, 0.596448, 0.065585, -0.454342, -0.512953, 0.728322, 0.035306, 0.413852, -0.845536, -0.337338, -0.137936, 0.0, 0.0, 0.0, 1.0],
                [0.767687, 0.165973, 0.618959, 0.05515, -0.459246, -0.531147, 0.712023, 0.034629, 0.446935, -0.830865, -0.331532, -0.143424, 0.0, 0.0, 0.0, 1.0],
                [0.742333, 0.186634, 0.643515, 0.044715, -0.461177, -0.554405, 0.692785, 0.033951, 0.486066, -0.81105, -0.325482, -0.148911, 0.0, 0.0, 0.0, 1.0],
                [0.725638, 0.198661, 0.658776, 0.034279, -0.462089, -0.568696, 0.680485, 0.033274, 0.509829, -0.798198, -0.320867, -0.154399, 0.0, 0.0, 0.0, 1.0],
                [0.715121, 0.207575, 0.66747, 0.023844, -0.461199, -0.577433, 0.673697, 0.032597, 0.525262, -0.78961, -0.317201, -0.159887, 0.0, 0.0, 0.0, 1.0],
                [0.71048, 0.212939, 0.670729, 0.013409, -0.457367, -0.584643, 0.670081, 0.03192, 0.534824, -0.782847, -0.317985, -0.165376, 0.0, 0.0, 0.0, 1.0],
                [0.705041, 0.21987, 0.674223, 0.002974, -0.454032, -0.590381, 0.667313, 0.031242, 0.544771, -0.7766, -0.316415, -0.170865, 0.0, 0.0, 0.0, 1.0],
                [0.702739, 0.225512, 0.674762, -0.007462, -0.451331, -0.591849, 0.667845, 0.030565, 0.549964, -0.77386, -0.314135, -0.176352, 0.0, 0.0, 0.0, 1.0],
                [0.704093, 0.228031, 0.672501, -0.017907, -0.449074, -0.59063, 0.67044, 0.033425, 0.55008, -0.774053, -0.313455, -0.181831, 0.0, 0.0, 0.0, 1.0],
                [0.709536, 0.225805, 0.667512, -0.028352, -0.447745, -0.587002, 0.674503, 0.036285, 0.544138, -0.777458, -0.315396, -0.18731, 0.0, 0.0, 0.0, 1.0],
                [0.721238, 0.216441, 0.658004, -0.038798, -0.4447, -0.583641, 0.679415, 0.039145, 0.531092, -0.782634, -0.324693, -0.192788, 0.0, 0.0, 0.0, 1.0],
                [0.738918, 0.199004, 0.643738, -0.048137, -0.439848, -0.581282, 0.684577, 0.03861, 0.510427, -0.788993, -0.341988, -0.173431, 0.0, 0.0, 0.0, 1.0],
                [0.769081, 0.167239, 0.616884, -0.057477, -0.424847, -0.587316, 0.688887, 0.038074, 0.477515, -0.791891, -0.380643, -0.154073, 0.0, 0.0, 0.0, 1.0],
                [0.810114, 0.113898, 0.575103, -0.066817, -0.400672, -0.608554, 0.684926, 0.037538, 0.427994, -0.785296, -0.447362, -0.134714, 0.0, 0.0, 0.0, 1.0],
                [0.849407, 0.052398, 0.525132, -0.076156, -0.373827, -0.64263, 0.66879, 0.037003, 0.372509, -0.764383, -0.526266, -0.115356, 0.0, 0.0, 0.0, 1.0],
                [0.876354, 0.006651, 0.481624, -0.085496, -0.352674, -0.672175, 0.651001, 0.036467, 0.328065, -0.740363, -0.586717, -0.095999, 0.0, 0.0, 0.0, 1.0],
                [0.892066, -0.02976, 0.450927, -0.094836, -0.342893, -0.694521, 0.632507, 0.035931, 0.294355, -0.718857, -0.629762, -0.07664, 0.0, 0.0, 0.0, 1.0],
                [0.907274, -0.059786, 0.416269, -0.104175, -0.332135, -0.709027, 0.622067, 0.035396, 0.257956, -0.702643, -0.663138, -0.057283, 0.0, 0.0, 0.0, 1.0],
                [0.923765, -0.088699, 0.372548, -0.113515, -0.315991, -0.72613, 0.610644, 0.03486, 0.216355, -0.681814, -0.698801, -0.037925, 0.0, 0.0, 0.0, 1.0],
                [0.94169, -0.126501, 0.3118, -0.122855, -0.295299, -0.754921, 0.585571, 0.034325, 0.161309, -0.6435, -0.748257, -0.018567, 0.0, 0.0, 0.0, 1.0],
                [0.967516, -0.168858, 0.18815, -0.132194, -0.244817, -0.811462, 0.530656, 0.033789, 0.063071, -0.559481, -0.82644, 0.000792, 0.0, 0.0, 0.0, 1.0],
                [0.98167, -0.188439, 0.028521, -0.131893, -0.178502, -0.856644, 0.484045, 0.034989, -0.066781, -0.480265, -0.874579, -0.003112, 0.0, 0.0, 0.0, 1.0],
                [0.975699, -0.204799, -0.077904, -0.131592, -0.15093, -0.885911, 0.438618, 0.036188, -0.158844, -0.416202, -0.895291, -0.007015, 0.0, 0.0, 0.0, 1.0],
                [0.97199, -0.210944, -0.103624, -0.131291, -0.150842, -0.898049, 0.413227, 0.037388, -0.180227, -0.386022, -0.904713, -0.010917, 0.0, 0.0, 0.0, 1.0],
                [0.97254, -0.213753, -0.092054, -0.130989, -0.161316, -0.904242, 0.395382, 0.038587, -0.167753, -0.369676, -0.913893, -0.014821, 0.0, 0.0, 0.0, 1.0],
                [0.984725, -0.167634, 0.047037, -0.128579, -0.17408, -0.943109, 0.283276, 0.048184, -0.003125, -0.287139, -0.957884, -0.046041, 0.0, 0.0, 0.0, 1.0]
            ]
        },
        {
            "name": "Leg_L",
            "time": [0.0, 0.0333, 0.0667, 0.1, 0.1333, 0.1667, 0.2, 0.2333, 0.2667, 0.3, 0.3333, 0.3667, 0.4, 0.4333, 0.4667, 0.5, 0.5333, 0.5667, 0.6, 0.6333, 0.6667, 0.7, 0.7333, 0.7667, 0.8, 0.8333, 0.8667, 0.9, 0.9333, 0.9667, 1.0, 1.0333, 1.0667, 1.1, 1.1333, 1.1667, 1.2, 1.2333, 1.2667, 1.3, 1.3333, 1.3667, 1.4, 1.4333, 1.4667, 1.5, 1.5333, 1.5667, 1.6, 1.6333, 1.6667, 1.9333],
            "transform": [
                [0.999995, 0.001876, 0.000542, 0.0, 0.00054, -0.532193, 0.846624, 0.37472, 0.001877, -0.846623, -0.532192, 0.0, 0.0, 0.0, 0.0, 1.0],
                [0.999995, 0.001821, 0.000704, 0.0, 0.000702, -0.672192, 0.740378, 0.37472, 0.001821, -0.740377, -0.672191, 0.0, 0.0, 0.0, 0.0, 1.0],
                [0.999994, 0.00186, 0.00059, -0.0, 0.000589, -0.575942, 0.817492, 0.37472, 0.001861, -0.817491, -0.575941, -0.0, 0.0, 0.0, 0.0, 1.0],
                [0.999994, 0.001937, 0.000244, -0.0, 0.000242, -0.247251, 0.968952, 0.37472, 0.001938, -0.968953, -0.24725, 0.0, 0.0, 0.0, 0.0, 1.0],
                [0.999994, 0.001869, -0.000568, -0.0, -0.000571, 0.557937, 0.829884, 0.37472, 0.001868, -0.829884, 0.557936, 0.0, 0.0, 0.0, 0.0, 1.0],
                [0.999994, 0.001806, -0.000746, 0.0, -0.000748, 0.706484, 0.707731, 0.37472, 0.001805, -0.707729, 0.706484, 0.0, 0.0, 0.0, 0.0, 1.0],
                [0.999994, 0.001869, -0.000567, 0.0, -0.000571, 0.557288, 0.830321, 0.37472, 0.001868, -0.830319, 0.557288, -0.0, 0.0, 0.0, 0.0, 1.0],
                [0.999994, 0.001901, -0.000449, 0.0, -0.000452, 0.448619, 0.893725, 0.37472, 0.0019, -0.893723, 0.448619, 0.0, 0.0, 0.0, 0.0, 1.0],
                [0.999994, 0.001884, -0.000514, -0.0, -0.000517, 0.509245, 0.860623, 0.37472, 0.001883, -0.86062, 0.509246, 0.0, 0.0, 0.0, 0.0, 1.0],
                [0.999995, 0.001826, -0.000692, -0.0, -0.000697, 0.664877, 0.746954, 0.37472, 0.001824, -0.746952, 0.664877, -0.0, 0.0, 0.0, 0.0, 1.0],
                [0.999996, 0.001643, -0.001056, 0.0, -0.00106, 0.910614, 0.413259, 0.37472, 0.00164, -0.413257, 0.910613, 0.0, 0.0, 0.0, 0.0, 1.0],
                [0.999995, 0.001822, -0.000702, -0.0, -0.000707, 0.672748, 0.739872, 0.37472, 0.00182, -0.73987, 0.672749, -0.0, 0.0, 0.0, 0.0, 1.0],
                [0.999995, 0.001924, -0.000327, 0.0, -0.000332, 0.332826, 0.94299, 0.37472, 0.001923, -0.942987, 0.332826, 0.0, 0.0, 0.0, 0.0, 1.0],
                [0.999995, 0.001951, 5.9e-05, 0.0, 5.5e-05, -0.058712, 0.998275, 0.37472, 0.001951, -0.998274, -0.058712, -0.0, 0.0, 0.0, 0.0, 1.0],
                [0.999994, 0.001818, 0.000713, 0.0, 0.000712, -0.679424, 0.733748, 0.374721, 0.001818, -0.733747, -0.679423, 0.0, 0.0, 0.0, 0.0, 1.0],
                [0.999996, 0.001952, 4.1e-05, 0.0, 3.9e-05, -0.0406, 0.999176, 0.37472, 0.001952, -0.999175, -0.0406, -0.0, 0.0, 0.0, 0.0, 1.0],
                [0.999996, 0.001742, -0.000883, -0.0, -0.000883, 0.806691, 0.590973, 0.37472, 0.001741, -0.590972, 0.80669, 0.0, 0.0, 0.0, 0.0, 1.0],
                [0.999996, 0.001817, -0.000713, 0.0, -0.000713, 0.679975, 0.733235, 0.37472, 0.001817, -0.733234, 0.679974, 0.0, 0.0, 0.0, 0.0, 1.0],
                [0.999997, 0.001895, -0.000464, 0.0, -0.000463, 0.4616, 0.887088, 0.37472, 0.001896, -0.887087, 0.461599, 0.0, 0.0, 0.0, 0.0, 1.0],
                [0.999996, 0.001938, -0.00022, 0.0, -0.000219, 0.223327, 0.974744, 0.37472, 0.001938, -0.974743, 0.223327, 0.0, 0.0, 0.0, 0.0, 1.0],
                [0.999996, 0.00195, -2.6e-05, 0.0, -2.5e-05, 0.026201, 0.999657, 0.37472, 0.00195, -0.999656, 0.026201, -0.0, 0.0, 0.0, 0.0, 1.0],
                [0.999995, 0.001951, 3.7e-05, -0.0, 3.7e-05, -0.037735, 0.999288, 0.374719, 0.001951, -0.999288, -0.037735, 0.0, 0.0, 0.0, 0.0, 1.0],
                [0.999994, 0.001951, -2e-05, 0.0, -2.2e-05, 0.021375, 0.999772, 0.37472, 0.001951, -0.999772, 0.021375, 0.0, 0.0, 0.0, 0.0, 1.0],
                [0.999995, 0.001953, -9e-06, 0.0, -1e-05, 0.009748, 0.999953, 0.37472, 0.001953, -0.999953, 0.009748, 0.0, 0.0, 0.0, 0.0, 1.0],
                [0.999995, 0.001951, 2.1e-05, 1e-06, 1.9e-05, -0.020408, 0.999792, 0.37472, 0.001951, -0.999792, -0.020408, -0.0, 0.0, 0.0, 0.0, 1.0],
                [0.999995, 0.001951, 6.4e-05, -0.0, 6.3e-05, -0.065333, 0.997864, 0.37472, 0.001951, -0.997864, -0.065333, 0.0, 0.0, 0.0, 0.0, 1.0],
                [0.999994, 0.001949, 0.000108, 0.0, 0.000107, -0.110122, 0.993918, 0.37472, 0.001949, -0.993918, -0.110122, -0.0, 0.0, 0.0, 0.0, 1.0],
                [0.999995, 0.001947, 0.000138, 0.0, 0.000137, -0.140279, 0.990112, 0.374721, 0.001947, -0.990112, -0.140278, 0.0, 0.0, 0.0, 0.0, 1.0],
                [0.999994, 0.001945, 0.000154, 0.0, 0.000153, -0.156508, 0.987677, 0.37472, 0.001945, -0.987677, -0.156508, 0.0, 0.0, 0.0, 0.0, 1.0],
                [0.999995, 0.001944, 0.000166, -0.0, 0.000165, -0.169024, 0.985612, 0.37472, 0.001944, -0.985612, -0.169023, -0.0, 0.0, 0.0, 0.0, 1.0],
                [0.999995, 0.001943, 0.000172, 0.0, 0.000171, -0.175247, 0.984525, 0.374721, 0.001943, -0.984525, -0.175246, -0.0, 0.0, 0.0, 0.0, 1.0],
                [0.999995, 0.001944, 0.000169, 0.0, 0.00017, -0.172876, 0.984944, 0.374721, 0.001944, -0.984944, -0.172876, 0.0, 0.0, 0.0, 0.0, 1.0],
                [0.999994, 0.001943, 0.000168, 0.0, 0.000166, -0.170505, 0.985357, 0.37472, 0.001943, -0.985357, -0.170505, 0.0, 0.0, 0.0, 0.0, 1.0],
                [0.999995, 0.001944, 0.000165, -1e-06, 0.000164, -0.168133, 0.985765, 0.37472, 0.001944, -0.985764, -0.168132, 0.0, 0.0, 0.0, 0.0, 1.0],
                [0.999995, 0.001945, 0.000157, -0.0, 0.000156, -0.160092, 0.987103, 0.374721, 0.001945, -0.987102, -0.160092, 0.0, 0.0, 0.0, 0.0, 1.0],
                [0.999995, 0.001945, 0.00014, -0.0, 0.000138, -0.142089, 0.989854, 0.37472, 0.001946, -0.989853, -0.142089, -0.0, 0.0, 0.0, 0.0, 1.0],
