{
    "animation": [
        {
            "name": "Root",
            "time": [0.0, 0.0333, 0.0667, 0.1333, 0.1667, 0.2, 0.2333, 0.2667, 0.3, 0.3333, 0.5, 0.5333, 0.5667, 0.6, 0.6333, 0.6667, 0.7, 0.7333, 0.7667, 0.8, 0.8333, 0.8667, 0.9, 0.9333, 0.9667, 1.0, 1.0333, 1.0667, 1.1, 1.1333, 1.1667, 1.2, 1.2333, 1.2667, 1.3, 1.3333, 1.3667, 1.4, 1.4333, 1.4667, 1.5, 1.5333, 1.5667, 1.6, 1.6333, 1.6667, 1.7, 1.7333, 1.7667, 1.8, 1.8333, 1.8667, 1.9, 2.0667],
            "transform": [
                [0.984681, 0.112973, 0.132817, -0.065185, 0.088809, 0.330571, -0.939593, 0.070815, -0.150054, 0.936995, 0.315474, 0.533526, 0.0, 0.0, 0.0, 1.0],
                [0.993074, 0.081245, 0.084868, -0.044839, 0.064901, 0.22278, -0.972706, 0.124546, -0.097935, 0.971477, 0.215964, 0.551159, 0.0, 0.0, 0.0, 1.0],
                [0.998219, 0.044023, 0.040256, -0.024493, 0.035069, 0.112838, -0.992994, 0.178277, -0.048257, 0.992638, 0.111093, 0.568793, 0.0, 0.0, 0.0, 1.0],
                [0.999998, 0.002157, 3e-06, -0.004146, -4e-06, 0.003259, -0.999995, 0.232008, -0.002157, 0.999992, 0.003259, 0.586426, 0.0, 0.0, 0.0, 1.0],
                [0.999996, 0.003055, 3e-06, -0.00389, -4e-06, 0.002437, -0.999997, 0.387936, -0.003055, 0.999992, 0.002437, 0.600853, 0.0, 0.0, 0.0, 1.0],
                [0.999993, 0.003719, 2e-06, -0.003195, -2e-06, 0.001203, -0.999999, 0.528552, -0.003719, 0.999992, 0.001203, 0.618197, 0.0, 0.0, 0.0, 1.0],
                [0.999986, 0.003905, -0.003774, 0.000888, -0.003773, -0.00015, -0.999993, 0.665738, -0.003906, 0.999992, -0.000135, 0.623492, 0.0, 0.0, 0.0, 1.0],
                [0.999988, 0.003723, -0.003114, 0.011944, -0.00311, -0.001189, -0.999994, 0.811434, -0.003727, 0.999992, -0.001178, 0.601954, 0.0, 0.0, 0.0, 1.0],
                [0.99999, 0.003578, -0.00297, 0.047374, -0.002965, -0.001572, -0.999994, 0.852218, -0.003583, 0.999992, -0.001561, 0.518298, 0.0, 0.0, 0.0, 1.0],
                [0.99999, 0.003588, -0.002978, 0.092859, -0.002972, -0.001549, -0.999994, 0.888292, -0.003593, 0.999992, -0.001539, 0.458487, 0.0, 0.0, 0.0, 1.0],
                [0.999994, -0.00071, 0.003357, -0.059929, 0.003359, 0.003843, -0.999986, 1.742516, 0.000697, 0.999992, 0.003846, 0.428543, 0.0, 0.0, 0.0, 1.0],
                [1.0, 0.000107, -2e-06, -0.024787, -2e-06, 0.003907, -0.999992, 1.774571, -0.000107, 0.999992, 0.003907, 0.376327, 0.0, 0.0, 0.0, 1.0],
                [0.999999, 0.001254, 2e-06, -0.035423, -2e-06, 0.003702, -0.999993, 1.818279, -0.001254, 0.999992, 0.003702, 0.357931, 0.0, 0.0, 0.0, 1.0],
                [0.999999, 0.001495, 3e-06, -0.04606, -3e-06, 0.003611, -0.999993, 1.861986, -0.001495, 0.999992, 0.003611, 0.339534, 0.0, 0.0, 0.0, 1.0],
                [0.999999, 0.001529, 2e-06, -0.042894, -3e-06, 0.003597, -0.999993, 1.877603, -0.001529, 0.999992, 0.003597, 0.324156, 0.0, 0.0, 0.0, 1.0],
                [0.999999, 0.001672, 2e-06, -0.04869, -4e-06, 0.003536, -0.999994, 1.872801, -0.001672, 0.999992, 0.003536, 0.317962, 0.0, 0.0, 0.0, 1.0],
                [0.999998, 0.001809, 3e-06, -0.054488, -3e-06, 0.003464, -0.999994, 1.867226, -0.001809, 0.999992, 0.003464, 0.313571, 0.0, 0.0, 0.0, 1.0],
                [0.999998, 0.001892, 3e-06, -0.052057, -4e-06, 0.00342, -0.999994, 1.861741, -0.001892, 0.999992, 0.00342, 0.309181, 0.0, 0.0, 0.0, 1.0],
                [0.999998, 0.001964, 3e-06, -0.047243, -4e-06, 0.003379, -0.999994, 1.855948, -0.001964, 0.999992, 0.003379, 0.304791, 0.0, 0.0, 0.0, 1.0],
                [0.999998, 0.002018, 4e-06, -0.042436, -3e-06, 0.003347, -0.999994, 1.850933, -0.002018, 0.999992, 0.003347, 0.3004, 0.0, 0.0, 0.0, 1.0],
                [0.999998, 0.002051, 3e-06, -0.039577, -4e-06, 0.003326, -0.999994, 1.847776, -0.002051, 0.999992, 0.003326, 0.29601, 0.0, 0.0, 0.0, 1.0],
                [0.999998, 0.002069, 3e-06, -0.040326, -4e-06, 0.003316, -0.999994, 1.846411, -0.002069, 0.999992, 0.003316, 0.291619, 0.0, 0.0, 0.0, 1.0],
                [0.999998, 0.002088, 2e-06, -0.041076, -5e-06, 0.003304, -0.999994, 1.845877, -0.002088, 0.999992, 0.003304, 0.287229, 0.0, 0.0, 0.0, 1.0],
                [0.999998, 0.002099, 3e-06, -0.041828, -4e-06, 0.003296, -0.999994, 1.845917, -0.002099, 0.999992, 0.003296, 0.282839, 0.0, 0.0, 0.0, 1.0],
                [0.999998, 0.002104, 2e-06, -0.042583, -4e-06, 0.003294, -0.999994, 1.846277, -0.002104, 0.999992, 0.003294, 0.278448, 0.0, 0.0, 0.0, 1.0],
                [0.999998, 0.002098, 3e-06, -0.04334, -4e-06, 0.003298, -0.999994, 1.846701, -0.002098, 0.999992, 0.003298, 0.276136, 0.0, 0.0, 0.0, 1.0],
                [0.999998, 0.00208, 3e-06, -0.042718, -4e-06, 0.003309, -0.999994, 1.846934, -0.002079, 0.999992, 0.003309, 0.273823, 0.0, 0.0, 0.0, 1.0],
                [0.999998, 0.002046, 3e-06, -0.042098, -3e-06, 0.003329, -0.999994, 1.846726, -0.002046, 0.999992, 0.003329, 0.275289, 0.0, 0.0, 0.0, 1.0],
                [0.999998, 0.001973, 3e-06, -0.037735, -3e-06, 0.003374, -0.999994, 1.84468, -0.001973, 0.999992, 0.003374, 0.276755, 0.0, 0.0, 0.0, 1.0],
                [0.999998, 0.00185, 4e-06, -0.03045, -3e-06, 0.003442, -0.999994, 1.841403, -0.00185, 0.999992, 0.003442, 0.281979, 0.0, 0.0, 0.0, 1.0],
                [0.999999, 0.001708, 2e-06, -0.023168, -4e-06, 0.003516, -0.999994, 1.839624, -0.001708, 0.999992, 0.003516, 0.294694, 0.0, 0.0, 0.0, 1.0],
                [0.999999, 0.001574, 3e-06, -0.015874, -3e-06, 0.003577, -0.999993, 1.842076, -0.001574, 0.999992, 0.003577, 0.319336, 0.0, 0.0, 0.0, 1.0],
                [0.999999, 0.001448, 3e-06, -0.012063, -2e-06, 0.003633, -0.999993, 1.850289, -0.001448, 0.999992, 0.003633, 0.360127, 0.0, 0.0, 0.0, 1.0],
                [0.999999, 0.001318, 2e-06, -0.00825, -3e-06, 0.00368, -0.999993, 1.862297, -0.001318, 0.999992, 0.00368, 0.412981, 0.0, 0.0, 0.0, 1.0],
                [0.999999, 0.001189, 2e-06, -0.004441, -2e-06, 0.003723, -0.999993, 1.875596, -0.001189, 0.999992, 0.003723, 0.469834, 0.0, 0.0, 0.0, 1.0],
                [0.999999, 0.001075, 2e-06, -0.000635, -2e-06, 0.003757, -0.999993, 1.88768, -0.001075, 0.999992, 0.003757, 0.522624, 0.0, 0.0, 0.0, 1.0],
                [1.0, 0.000989, 2e-06, 0.003175, -2e-06, 0.003781, -0.999993, 1.896042, -0.000989, 0.999992, 0.003781, 0.56329, 0.0, 0.0, 0.0, 1.0],
                [1.0, 0.000939, 2e-06, 0.008619, -2e-06, 0.003794, -0.999992, 1.90137, -0.000939, 0.999992, 0.003794, 0.589919, 0.0, 0.0, 0.0, 1.0],
                [1.0, 0.000919, 2e-06, 0.014074, -2e-06, 0.003798, -0.999993, 1.905332, -0.000919, 0.999992, 0.003798, 0.607878, 0.0, 0.0, 0.0, 1.0],
                [1.0, 0.000914, 2e-06, 0.019562, -2e-06, 0.0038, -0.999993, 1.9069, -0.000914, 0.999992, 0.0038, 0.620111, 0.0, 0.0, 0.0, 1.0],
                [1.0, 0.000909, 2e-06, 0.023289, -1e-06, 0.003801, -0.999993, 1.905041, -0.000909, 0.999992, 0.003801, 0.6294, 0.0, 0.0, 0.0, 1.0],
                [1.0, 0.000891, 2e-06, 0.0239, -1e-06, 0.003805, -0.999993, 1.898724, -0.000891, 0.999992, 0.003805, 0.638748, 0.0, 0.0, 0.0, 1.0],
                [1.0, 0.000858, 2e-06, 0.019748, -1e-06, 0.003813, -0.999992, 1.887233, -0.000858, 0.999992, 0.003813, 0.648095, 0.0, 0.0, 0.0, 1.0],
                [1.0, 0.000816, 2e-06, 0.015591, -1e-06, 0.003823, -0.999992, 1.871637, -0.000816, 0.999992, 0.003823, 0.655983, 0.0, 0.0, 0.0, 1.0],
                [1.0, 0.000774, 1e-06, 0.008986, -2e-06, 0.003832, -0.999992, 1.853571, -0.000774, 0.999992, 0.003832, 0.663872, 0.0, 0.0, 0.0, 1.0],
                [1.0, 0.000733, 2e-06, 0.002379, -1e-06, 0.00384, -0.999992, 1.834671, -0.000733, 0.999992, 0.00384, 0.66992, 0.0, 0.0, 0.0, 1.0],
                [1.0, 0.000691, 2e-06, -0.004228, -1e-06, 0.003847, -0.999992, 1.816578, -0.000691, 0.999992, 0.003847, 0.675968, 0.0, 0.0, 0.0, 1.0],
                [1.0, 0.000658, 1e-06, -0.010831, -1e-06, 0.003852, -0.999992, 1.800921, -0.000658, 0.999992, 0.003852, 0.680296, 0.0, 0.0, 0.0, 1.0],
                [1.0, 0.000635, 2e-06, -0.01276, -1e-06, 0.003856, -0.999992, 1.789347, -0.000635, 0.999992, 0.003856, 0.684623, 0.0, 0.0, 0.0, 1.0],
                [1.0, 0.000622, 1e-06, -0.014684, -2e-06, 0.003858, -0.999992, 1.781718, -0.000622, 0.999992, 0.003858, 0.688951, 0.0, 0.0, 0.0, 1.0],
                [1.0, 0.000618, 2e-06, -0.013579, -1e-06, 0.003859, -0.999992, 1.776448, -0.000618, 0.999992, 0.003859, 0.691325, 0.0, 0.0, 0.0, 1.0],
                [1.0, 0.000614, 1e-06, -0.012473, -1e-06, 0.00386, -0.999992, 1.772994, -0.000614, 0.999992, 0.00386, 0.693699, 0.0, 0.0, 0.0, 1.0],
                [1.0, 0.000618, 2e-06, -0.0099, -1e-06, 0.003859, -0.999992, 1.770808, -0.000618, 0.999992, 0.003859, 0.695102, 0.0, 0.0, 0.0, 1.0],
                [1.0, 0.000632, 1e-06, 0.00039, -1e-06, 0.003856, -0.999993, 1.763879, -0.000632, 0.999992, 0.003856, 0.670335, 0.0, 0.0, 0.0, 1.0]
            ]
        },
        {
            "name": "Thigh_R",
            "time": [0.0, 0.0333, 0.0667, 0.1333, 0.1667, 0.2, 0.2333, 0.2667, 0.3, 0.3333, 0.5, 0.5333, 0.5667, 0.6, 0.6333, 0.6667, 0.7, 0.7333, 0.7667, 0.8, 0.8333, 0.8667, 0.9, 0.9333, 0.9667, 1.0, 1.0333, 1.0667, 1.1, 1.1333, 1.1667, 1.2, 1.2333, 1.2667, 1.3, 1.3333, 1.3667, 1.4, 1.4333, 1.4667, 1.5, 1.5333, 1.5667, 1.6, 1.6333, 1.6667, 1.7, 1.7333, 1.7667, 1.8, 1.8333, 1.8667, 1.9, 2.0667],
            "transform": [
                [0.910799, 0.309187, 0.27358, 0.128567, 0.329263, -0.943777, -0.029576, 0.048184, 0.249053, 0.117019, -0.961394, -0.046042, 0.0, 0.0, 0.0, 1.0],
                [0.727904, 0.398655, 0.557881, 0.079729, 0.462247, -0.886239, 0.030169, 0.064838, 0.506442, 0.235919, -0.829373, 0.023459, 0.0, 0.0, 0.0, 1.0],
                [0.44644, 0.437503, 0.780566, 0.030891, 0.563158, -0.815271, 0.13486, 0.081491, 0.695375, 0.379375, -0.610352, 0.092961, 0.0, 0.0, 0.0, 1.0],
                [0.118485, 0.418543, 0.900435, -0.040584, 0.613326, -0.744004, 0.265125, 0.089975, 0.780895, 0.520846, -0.344855, 0.102276, 0.0, 0.0, 0.0, 1.0],
                [-0.303088, 0.542171, 0.783702, -0.056991, 0.541514, -0.578723, 0.609789, 0.08432, 0.784159, 0.609204, -0.118189, 0.079978, 0.0, 0.0, 0.0, 1.0],
                [-0.732529, 0.382645, 0.563015, -0.073399, 0.333877, -0.518806, 0.786999, 0.078664, 0.593238, 0.764476, 0.252284, 0.057681, 0.0, 0.0, 0.0, 1.0],
                [-0.989325, 0.105573, 0.100466, -0.101085, -0.044706, -0.875982, 0.480269, 0.087184, 0.13871, 0.470651, 0.871349, 0.098811, 0.0, 0.0, 0.0, 1.0],
                [-0.940706, -0.067237, -0.3325, -0.128771, 0.170639, -0.940917, -0.2925, 0.095703, -0.293189, -0.331893, 0.896598, 0.139942, 0.0, 0.0, 0.0, 1.0],
                [-0.334776, -0.29304, -0.895574, -0.118729, 0.634412, -0.772835, 0.01573, 0.072864, -0.696744, -0.562895, 0.444634, 0.088461, 0.0, 0.0, 0.0, 1.0],
                [0.090308, -0.294944, -0.951237, -0.113709, 0.709046, -0.651684, 0.269378, 0.061445, -0.69936, -0.698795, 0.150276, 0.062721, 0.0, 0.0, 0.0, 1.0],
                [0.955139, 0.163133, 0.247175, 0.110475, 0.271424, -0.816074, -0.510248, 0.085134, 0.118475, 0.554449, -0.823742, -0.013869, 0.0, 0.0, 0.0, 1.0],
                [0.927193, 0.193327, 0.320838, 0.155311, 0.317337, -0.860487, -0.398574, 0.089872, 0.199021, 0.47137, -0.859186, -0.029187, 0.0, 0.0, 0.0, 1.0],
                [0.664271, 0.339059, 0.66617, 0.069157, 0.575301, -0.800916, -0.166024, 0.092521, 0.477252, 0.493535, -0.727086, 0.033692, 0.0, 0.0, 0.0, 1.0],
                [0.597512, 0.408798, 0.689828, -0.016997, 0.623389, -0.777915, -0.078968, 0.09517, 0.504345, 0.477218, -0.719653, 0.096572, 0.0, 0.0, 0.0, 1.0],
                [0.59923, 0.424428, 0.678811, -0.021014, 0.62895, -0.774183, -0.071159, 0.097165, 0.49532, 0.46958, -0.730857, 0.096264, 0.0, 0.0, 0.0, 1.0],
                [0.565791, 0.456431, 0.686696, -0.02503, 0.649972, -0.759333, -0.030825, 0.099159, 0.50736, 0.463775, -0.726291, 0.095956, 0.0, 0.0, 0.0, 1.0],
                [0.531243, 0.485078, 0.694608, -0.029047, 0.667906, -0.744193, 0.008881, 0.101154, 0.521229, 0.459217, -0.719333, 0.095648, 0.0, 0.0, 0.0, 1.0],
                [0.51624, 0.497926, 0.696825, -0.033063, 0.67423, -0.737997, 0.027843, 0.103148, 0.528118, 0.455448, -0.716699, 0.09534, 0.0, 0.0, 0.0, 1.0],
                [0.502589, 0.507044, 0.700222, -0.03708, 0.678496, -0.733286, 0.043989, 0.105143, 0.535766, 0.452991, -0.712568, 0.095032, 0.0, 0.0, 0.0, 1.0],
                [0.494615, 0.514107, 0.700749, -0.041096, 0.681084, -0.730142, 0.054933, 0.107137, 0.539886, 0.4501, -0.711289, 0.094724, 0.0, 0.0, 0.0, 1.0],
                [0.491903, 0.518103, 0.699715, -0.045113, 0.682036, -0.728838, 0.060189, 0.109131, 0.541161, 0.447625, -0.711882, 0.094416, 0.0, 0.0, 0.0, 1.0],
                [0.493637, 0.5219, 0.695661, -0.04913, 0.683664, -0.727286, 0.060498, 0.111126, 0.537517, 0.445736, -0.715818, 0.094108, 0.0, 0.0, 0.0, 1.0],
                [0.497542, 0.52671, 0.689223, -0.053146, 0.684756, -0.726242, 0.060679, 0.11312, 0.532502, 0.441761, -0.722003, 0.0938, 0.0, 0.0, 0.0, 1.0],
                [0.503185, 0.530534, 0.682157, -0.057163, 0.685261, -0.725898, 0.059074, 0.115115, 0.526516, 0.437733, -0.728815, 0.093492, 0.0, 0.0, 0.0, 1.0],
                [0.509646, 0.532867, 0.67551, -0.061179, 0.685547, -0.725917, 0.055408, 0.117109, 0.519888, 0.434857, -0.735266, 0.093184, 0.0, 0.0, 0.0, 1.0],
                [0.518361, 0.534143, 0.667828, -0.047777, 0.683859, -0.727809, 0.051309, 0.114861, 0.513456, 0.430105, -0.742545, 0.094122, 0.0, 0.0, 0.0, 1.0],
                [0.527706, 0.532053, 0.662152, -0.034374, 0.680503, -0.731343, 0.045313, 0.112612, 0.508368, 0.426687, -0.747997, 0.09506, 0.0, 0.0, 0.0, 1.0],
                [0.538316, 0.526907, 0.657713, -0.020972, 0.67538, -0.736528, 0.037267, 0.110364, 0.504059, 0.424146, -0.752346, 0.095998, 0.0, 0.0, 0.0, 1.0],
                [0.553402, 0.516867, 0.653143, -0.007569, 0.664735, -0.746571, 0.027574, 0.108115, 0.501868, 0.418909, -0.756732, 0.096935, 0.0, 0.0, 0.0, 1.0],
                [0.576388, 0.494499, 0.650575, 0.005833, 0.644742, -0.764339, 0.009745, 0.105867, 0.502077, 0.413838, -0.759379, 0.097873, 0.0, 0.0, 0.0, 1.0],
                [0.602098, 0.459923, 0.652648, 0.019236, 0.621216, -0.783357, -0.02107, 0.103618, 0.501564, 0.418123, -0.757368, 0.098811, 0.0, 0.0, 0.0, 1.0],
                [0.62778, 0.412473, 0.660119, 0.032638, 0.595805, -0.800371, -0.066512, 0.10137, 0.500904, 0.435059, -0.74821, 0.099749, 0.0, 0.0, 0.0, 1.0],
                [0.661963, 0.340007, 0.667981, 0.046041, 0.562727, -0.814135, -0.143259, 0.099121, 0.495117, 0.470725, -0.730258, 0.100687, 0.0, 0.0, 0.0, 1.0],
                [0.727342, 0.306047, 0.614253, 0.059443, 0.504347, -0.845375, -0.176002, 0.096873, 0.465408, 0.437812, -0.76923, 0.101625, 0.0, 0.0, 0.0, 1.0],
                [0.806171, 0.299495, 0.510285, 0.066788, 0.434299, -0.885235, -0.166567, 0.093139, 0.401835, 0.355899, -0.84372, 0.094789, 0.0, 0.0, 0.0, 1.0],
                [0.870629, 0.284305, 0.401466, 0.074133, 0.369382, -0.916794, -0.15181, 0.089405, 0.324901, 0.280466, -0.903204, 0.087953, 0.0, 0.0, 0.0, 1.0],
                [0.906412, 0.273668, 0.321749, 0.081478, 0.32519, -0.93825, -0.118066, 0.085671, 0.26957, 0.211647, -0.939434, 0.081117, 0.0, 0.0, 0.0, 1.0],
                [0.915951, 0.272581, 0.294503, 0.088823, 0.302426, -0.951275, -0.060135, 0.081937, 0.263761, 0.144146, -0.953756, 0.074281, 0.0, 0.0, 0.0, 1.0],
                [0.913022, 0.277478, 0.298991, 0.096168, 0.28451, -0.958451, 0.020682, 0.078203, 0.292306, 0.066183, -0.954031, 0.067445, 0.0, 0.0, 0.0, 1.0],
                [0.902492, 0.287061, 0.321097, 0.103513, 0.267497, -0.957877, 0.104498, 0.074469, 0.337568, -0.008417, -0.941263, 0.060609, 0.0, 0.0, 0.0, 1.0],
                [0.892189, 0.291766, 0.344775, 0.110858, 0.255418, -0.955495, 0.147628, 0.070735, 0.372503, -0.04365, -0.927003, 0.053773, 0.0, 0.0, 0.0, 1.0],
                [0.882978, 0.283599, 0.374059, 0.118202, 0.253835, -0.958779, 0.127726, 0.067001, 0.394862, -0.01783, -0.918567, 0.046937, 0.0, 0.0, 0.0, 1.0],
                [0.875009, 0.279462, 0.395297, 0.118056, 0.254313, -0.960158, 0.115864, 0.064925, 0.411926, -0.000853, -0.911216, 0.044249, 0.0, 0.0, 0.0, 1.0],
                [0.867383, 0.280357, 0.411152, 0.11791, 0.254986, -0.95989, 0.1166, 0.062849, 0.42735, 0.003701, -0.904078, 0.04156, 0.0, 0.0, 0.0, 1.0],
                [0.859822, 0.28609, 0.422917, 0.117764, 0.256543, -0.958204, 0.126622, 0.060773, 0.441465, -0.000376, -0.897278, 0.038871, 0.0, 0.0, 0.0, 1.0],
                [0.852936, 0.292451, 0.432402, 0.117618, 0.257194, -0.956251, 0.139419, 0.058698, 0.454257, -0.007704, -0.890837, 0.036183, 0.0, 0.0, 0.0, 1.0],
                [0.847673, 0.299692, 0.43776, 0.117471, 0.257468, -0.953863, 0.154457, 0.056622, 0.463852, -0.01822, -0.885725, 0.033494, 0.0, 0.0, 0.0, 1.0],
                [0.843678, 0.303639, 0.442731, 0.117325, 0.256291, -0.952445, 0.164819, 0.054546, 0.471721, -0.025587, -0.881376, 0.030806, 0.0, 0.0, 0.0, 1.0],
                [0.840903, 0.302212, 0.448942, 0.117179, 0.253293, -0.952868, 0.166998, 0.05247, 0.47825, -0.026715, -0.877817, 0.028117, 0.0, 0.0, 0.0, 1.0],
                [0.839976, 0.298803, 0.452941, 0.117033, 0.250902, -0.95401, 0.164057, 0.050394, 0.48113, -0.024161, -0.876316, 0.025429, 0.0, 0.0, 0.0, 1.0],
                [0.840389, 0.294062, 0.455273, 0.116886, 0.248342, -0.955571, 0.158787, 0.048319, 0.481738, -0.020379, -0.876078, 0.02274, 0.0, 0.0, 0.0, 1.0],
                [0.843619, 0.289321, 0.452326, 0.11674, 0.244837, -0.957016, 0.155493, 0.046243, 0.477869, -0.020431, -0.878193, 0.020052, 0.0, 0.0, 0.0, 1.0],
                [0.847316, 0.284941, 0.448177, 0.113342, 0.242116, -0.95834, 0.151548, 0.048242, 0.472687, -0.019898, -0.881005, 0.022214, 0.0, 0.0, 0.0, 1.0],
                [0.860516, 0.267304, 0.433662, 0.096351, 0.232828, -0.963531, 0.131908, 0.058238, 0.453106, -0.012541, -0.891369, 0.033027, 0.0, 0.0, 0.0, 1.0]
            ]
        },
        {
            "name": "Leg_R",
            "time": [0.0, 0.0333, 0.0667, 0.1333, 0.1667, 0.2, 0.2333, 0.2667, 0.3, 0.3333, 0.5, 0.5333, 0.5667, 0.6, 0.6333, 0.6667, 0.7, 0.7333, 0.7667, 0.8, 0.8333, 0.8667, 0.9, 0.9333, 0.9667, 1.0, 1.0333, 1.0667, 1.1, 1.1333, 1.1667, 1.2, 1.2333, 1.2667, 1.3, 1.3333, 1.3667, 1.4, 1.4333, 1.4667, 1.5, 1.5333, 1.5667, 1.6, 1.6333, 1.6667, 1.7, 1.7333, 1.7667, 1.8, 1.8333, 1.8667, 1.9, 2.0667],
            "transform": [
                [0.999997, -0.001805, 0.00075, -0.0, 0.000747, 0.707542, 0.706671, 0.37472, -0.001806, -0.706667, 0.707545, -0.0, 0.0, 0.0, 0.0, 1.0],
                [0.999997, -0.001826, 0.000703, 0.0, 0.000701, 0.669685, 0.742645, 0.37472, -0.001827, -0.742642, 0.669687, 0.0, 0.0, 0.0, 0.0, 1.0],
                [0.999996, -0.001844, 0.000655, 0.0, 0.000653, 0.629974, 0.776617, 0.37472, -0.001844, -0.776614, 0.629975, 0.0, 0.0, 0.0, 0.0, 1.0],
                [0.999995, -0.001859, 0.000606, -0.0, 0.000604, 0.588572, 0.808446, 0.37472, -0.00186, -0.808444, 0.588571, -0.0, 0.0, 0.0, 0.0, 1.0],
                [0.999995, -0.001892, 0.000492, -0.0, 0.000489, 0.485699, 0.874126, 0.37472, -0.001893, -0.874125, 0.485699, -0.0, 0.0, 0.0, 0.0, 1.0],
                [0.999995, -0.001926, 0.000338, -0.0, 0.000335, 0.339198, 0.940716, 0.37472, -0.001926, -0.940715, 0.339197, -0.0, 0.0, 0.0, 0.0, 1.0],
                [0.999995, -0.001953, 9.8e-05, -0.0, 9.6e-05, 0.099028, 0.995085, 0.37472, -0.001953, -0.995085, 0.099027, 0.0, 0.0, 0.0, 0.0, 1.0],
                [0.999996, -0.001816, 0.000725, -0.0, 0.000722, 0.687667, 0.726027, 0.37472, -0.001817, -0.726025, 0.687667, -0.0, 0.0, 0.0, 0.0, 1.0],
                [0.999996, -0.001813, 0.000732, -0.0, 0.00073, 0.693635, 0.720327, 0.37472, -0.001814, -0.720325, 0.693635, -0.0, 0.0, 0.0, 0.0, 1.0],
                [0.999996, -0.001795, 0.000771, -0.0, 0.000765, 0.722762, 0.691097, 0.37472, -0.001798, -0.691096, 0.722762, 0.0, 0.0, 0.0, 0.0, 1.0],
                [0.999995, -0.001695, 0.000973, 0.0, 0.00097, 0.862517, 0.506029, 0.37472, -0.001697, -0.506027, 0.862518, -0.0, 0.0, 0.0, 0.0, 1.0],
                [0.999996, -0.0018, 0.000764, -0.0, 0.00076, 0.718016, 0.696028, 0.37472, -0.001801, -0.696025, 0.718016, 0.0, 0.0, 0.0, 0.0, 1.0],
                [0.999995, -0.001774, 0.000823, 0.0, 0.00082, 0.762301, 0.647224, 0.37472, -0.001776, -0.647221, 0.762303, 0.0, 0.0, 0.0, 0.0, 1.0],
                [0.999995, -0.001807, 0.000749, -0.0, 0.000745, 0.705957, 0.708257, 0.37472, -0.001808, -0.708254, 0.705957, 0.0, 0.0, 0.0, 0.0, 1.0],
                [0.999995, -0.001822, 0.000712, -0.0, 0.000708, 0.676096, 0.736816, 0.37472, -0.001823, -0.736813, 0.676096, 0.0, 0.0, 0.0, 0.0, 1.0],
                [0.999995, -0.00183, 0.00069, 0.0, 0.000686, 0.658628, 0.75247, 0.37472, -0.001832, -0.752468, 0.658629, 0.0, 0.0, 0.0, 0.0, 1.0],
                [0.999995, -0.001835, 0.000676, 0.0, 0.000672, 0.646761, 0.762695, 0.37472, -0.001837, -0.762692, 0.646761, -0.0, 0.0, 0.0, 0.0, 1.0],
                [0.999995, -0.001841, 0.000661, -0.0, 0.000658, 0.634733, 0.772733, 0.37472, -0.001842, -0.772731, 0.634733, -0.0, 0.0, 0.0, 0.0, 1.0],
                [0.999995, -0.001846, 0.000646, 0.0, 0.000643, 0.622549, 0.782583, 0.37472, -0.001847, -0.782581, 0.622549, -0.0, 0.0, 0.0, 0.0, 1.0],
                [0.999995, -0.001851, 0.000632, -0.0, 0.000629, 0.610214, 0.792239, 0.37472, -0.001852, -0.792236, 0.610214, 0.0, 0.0, 0.0, 0.0, 1.0],
                [0.999995, -0.001855, 0.000622, -0.0, 0.000619, 0.601568, 0.798823, 0.37472, -0.001856, -0.798821, 0.601569, 0.0, 0.0, 0.0, 0.0, 1.0],
                [0.999994, -0.001858, 0.000612, 0.0, 0.000609, 0.592851, 0.805315, 0.37472, -0.001859, -0.805312, 0.592851, -0.0, 0.0, 0.0, 0.0, 1.0],
                [0.999995, -0.001862, 0.000602, -0.0, 0.000599, 0.584063, 0.811711, 0.37472, -0.001863, -0.811708, 0.584063, -0.0, 0.0, 0.0, 0.0, 1.0],
                [0.999995, -0.001865, 0.000592, -0.0, 0.000588, 0.575205, 0.818011, 0.37472, -0.001866, -0.818009, 0.575205, 0.0, 0.0, 0.0, 0.0, 1.0],
                [0.999995, -0.001868, 0.000582, -0.0, 0.000578, 0.56628, 0.824215, 0.37472, -0.001869, -0.824213, 0.56628, 0.0, 0.0, 0.0, 0.0, 1.0],
                [0.999995, -0.001871, 0.000571, -0.0, 0.000568, 0.557291, 0.83032, 0.37472, -0.001872, -0.830318, 0.55729, 0.0, 0.0, 0.0, 0.0, 1.0],
                [0.999995, -0.001873, 0.000564, 0.0, 0.000561, 0.550759, 0.834666, 0.37472, -0.001874, -0.834664, 0.550759, -0.0, 0.0, 0.0, 0.0, 1.0],
                [0.999995, -0.001875, 0.000557, -0.0, 0.000553, 0.544194, 0.838961, 0.37472, -0.001876, -0.83896, 0.544194, -0.0, 0.0, 0.0, 0.0, 1.0],
                [0.999994, -0.001879, 0.000543, -0.0, 0.00054, 0.532219, 0.846609, 0.37472, -0.00188, -0.846607, 0.532219, 0.0, 0.0, 0.0, 0.0, 1.0],
                [0.999995, -0.001883, 0.000531, -0.0, 0.000526, 0.520137, 0.854085, 0.37472, -0.001884, -0.854083, 0.520137, -0.0, 0.0, 0.0, 0.0, 1.0],
                [0.999995, -0.001879, 0.000545, 0.0, 0.00054, 0.532911, 0.846173, 0.37472, -0.00188, -0.846171, 0.532911, 0.0, 0.0, 0.0, 0.0, 1.0],
                [0.999995, -0.001859, 0.000608, 0.0, 0.000604, 0.589198, 0.807991, 0.37472, -0.00186, -0.807989, 0.589198, -0.0, 0.0, 0.0, 0.0, 1.0],
                [0.999995, -0.001809, 0.000743, -0.0, 0.000738, 0.70117, 0.712997, 0.37472, -0.001811, -0.712994, 0.701171, -0.0, 0.0, 0.0, 0.0, 1.0],
                [0.999995, -0.001785, 0.000798, 0.0, 0.000795, 0.743856, 0.668342, 0.37472, -0.001787, -0.668339, 0.743857, 0.0, 0.0, 0.0, 0.0, 1.0],
                [0.999996, -0.00179, 0.000786, 0.0, 0.000782, 0.734877, 0.678201, 0.37472, -0.001792, -0.678198, 0.734878, -0.0, 0.0, 0.0, 0.0, 1.0],
                [0.999996, -0.001784, 0.0008, -0.0, 0.000796, 0.745337, 0.66669, 0.37472, -0.001786, -0.666687, 0.745337, 0.0, 0.0, 0.0, 0.0, 1.0],
                [0.999996, -0.00178, 0.00081, -0.0, 0.000806, 0.752679, 0.658389, 0.37472, -0.001782, -0.658386, 0.75268, 0.0, 0.0, 0.0, 0.0, 1.0],
                [0.999996, -0.001779, 0.000811, 0.0, 0.000807, 0.753165, 0.657834, 0.37472, -0.001781, -0.657831, 0.753165, 0.0, 0.0, 0.0, 0.0, 1.0],
                [0.999996, -0.001783, 0.000803, 0.0, 0.000801, 0.748286, 0.663377, 0.37472, -0.001784, -0.663374, 0.748288, -0.0, 0.0, 0.0, 0.0, 1.0],
                [0.999996, -0.001787, 0.000793, -0.0, 0.000789, 0.739889, 0.67273, 0.37472, -0.001789, -0.672728, 0.739889, 0.0, 0.0, 0.0, 0.0, 1.0],
                [0.999995, -0.001782, 0.000806, -0.0, 0.000803, 0.749754, 0.661717, 0.37472, -0.001783, -0.661714, 0.749755, -0.0, 0.0, 0.0, 0.0, 1.0],
                [0.999996, -0.001757, 0.000858, 0.0, 0.000855, 0.787329, 0.616535, 0.37472, -0.001758, -0.616532, 0.78733, 0.0, 0.0, 0.0, 0.0, 1.0],
                [0.999996, -0.001735, 0.000902, 0.0, 0.000898, 0.817282, 0.57624, 0.37472, -0.001737, -0.576237, 0.817283, 0.0, 0.0, 0.0, 0.0, 1.0],
                [0.999996, -0.001719, 0.000931, -0.0, 0.000928, 0.836383, 0.548146, 0.37472, -0.001721, -0.548144, 0.836384, 0.0, 0.0, 0.0, 0.0, 1.0],
                [0.999996, -0.001709, 0.00095, -0.0, 0.000946, 0.848024, 0.529958, 0.37472, -0.001711, -0.529955, 0.848025, -0.0, 0.0, 0.0, 0.0, 1.0],
                [0.999996, -0.001703, 0.000959, -0.0, 0.000956, 0.854172, 0.519991, 0.37472, -0.001705, -0.519989, 0.854173, -0.0, 0.0, 0.0, 0.0, 1.0],
                [0.999996, -0.001698, 0.00097, -0.0, 0.000966, 0.860203, 0.509952, 0.37472, -0.0017, -0.50995, 0.860204, 0.0, 0.0, 0.0, 0.0, 1.0],
                [0.999996, -0.001692, 0.00098, -0.0, 0.000976, 0.866115, 0.499845, 0.37472, -0.001694, -0.499842, 0.866117, -0.0, 0.0, 0.0, 0.0, 1.0],
                [0.999996, -0.001683, 0.000995, 0.0, 0.000992, 0.875238, 0.483693, 0.37472, -0.001685, -0.48369, 0.87524, -0.0, 0.0, 0.0, 0.0, 1.0],
                [0.999996, -0.001673, 0.00101, -0.0, 0.001007, 0.88406, 0.467374, 0.37472, -0.001675, -0.467371, 0.884062, 0.0, 0.0, 0.0, 0.0, 1.0],
                [0.999996, -0.001666, 0.001023, 0.0, 0.00102, 0.890941, 0.45412, 0.37472, -0.001668, -0.454117, 0.890943, 0.0, 0.0, 0.0, 0.0, 1.0],
                [0.999996, -0.00166, 0.001032, 0.0, 0.001028, 0.895727, 0.444605, 0.37472, -0.001663, -0.444602, 0.895729, 0.0, 0.0, 0.0, 0.0, 1.0],
                [0.999996, -0.001657, 0.001038, 0.0, 0.001034, 0.898699, 0.438566, 0.37472, -0.001659, -0.438563, 0.898701, -0.0, 0.0, 0.0, 0.0, 1.0],
                [0.999997, -0.001635, 0.001071, 0.0, 0.001068, 0.916078, 0.400999, 0.37472, -0.001637, -0.400998, 0.916078, 0.0, 0.0, 0.0, 0.0, 1.0]
            ]
        },
        {
            "name": "Knee_R",
            "time": [0.0, 0.0333, 0.0667, 0.1333, 0.1667, 0.2, 0.2333, 0.2667, 0.3, 0.3333, 2.0667],
            "transform": [
                [1.0, 0.0, -0.0, -0.0, -0.0, 0.0, -1.0, 0.37472, -0.0, 1.0, 0.0, -0.0, 0.0, 0.0, 0.0, 1.0],
                [1.0, 0.0, -0.0, 0.0, -1e-06, 0.0, -1.0, 0.37472, -0.0, 1.0, 0.0, 0.0, 0.0, 0.0, 0.0, 1.0],
                [1.0, 0.0, -0.0, 0.0, -0.0, 0.0, -1.0, 0.37472, -0.0, 1.0, 0.0, 0.0, 0.0, 0.0, 0.0, 1.0],
                [1.0, 0.0, -0.0, -0.0, -0.0, 0.0, -1.0, 0.37472, -0.0, 1.0, 0.0, -0.0, 0.0, 0.0, 0.0, 1.0],
                [1.0, 0.0, -0.0, -0.0, -0.0, 0.0, -1.0, 0.37472, -0.0, 1.0, 0.0, -0.0, 0.0, 0.0, 0.0, 1.0],
                [1.0, 0.0, -0.0, -0.0, -0.0, 0.0, -1.0, 0.37472, -0.0, 1.0, 0.0, -0.0, 0.0, 0.0, 0.0, 1.0],
                [1.0, 0.0, -0.0, -0.0, -0.0, 0.0, -1.0, 0.37472, -0.0, 1.0, 0.0, 0.0, 0.0, 0.0, 0.0, 1.0],
                [1.0, 0.0, -0.0, -0.0, -0.0, 0.0, -1.0, 0.37472, -0.0, 1.0, 0.0, -0.0, 0.0, 0.0, 0.0, 1.0],
                [1.0, 0.0, -1e-06, -0.0, -0.0, 0.0, -1.0, 0.37472, -0.0, 1.0, 0.0, -0.0, 0.0, 0.0, 0.0, 1.0],
                [1.0, 0.0, -0.0, -0.0, -1e-06, 0.0, -1.0, 0.37472, -0.0, 1.0, 0.0, 0.0, 0.0, 0.0, 0.0, 1.0],
                [1.0, 0.0, -0.0, 0.0, -0.0, 0.0, -1.0, 0.37472, -0.0, 1.0, 0.0, 0.0, 0.0, 0.0, 0.0, 1.0]
            ]
        },
        {
            "name": "Thigh_L",
            "time": [0.0, 0.0333, 0.0667, 0.1333, 0.1667, 0.2, 0.2333, 0.2667, 0.3, 0.3333, 0.5, 0.5333, 0.5667, 0.6, 0.6333, 0.6667, 0.7, 0.7333, 0.7667, 0.8, 0.8333, 0.8667, 0.9, 0.9333, 0.9667, 1.0, 1.0333, 1.0667, 1.1, 1.1333, 1.1667, 1.2, 1.2333, 1.2667, 1.3, 1.3333, 1.3667, 1.4, 1.4333, 1.4667, 1.5, 1.5333, 1.5667, 1.6, 1.6333, 1.6667, 1.7, 1.7333, 1.7667, 1.8, 1.8333, 1.8667, 1.9, 2.0667],
            "transform": [
                [0.959067, -0.255237, -0.122673, -0.116631, -0.002044, -0.439418, 0.898281, 0.000394, -0.28318, -0.861258, -0.421953, 0.000392, 0.0, 0.0, 0.0, 1.0],
                [0.97375, 0.104963, 0.201978, -0.083861, -0.128506, -0.478904, 0.868411, -0.005162, 0.187879, -0.87157, -0.452845, -0.042721, 0.0, 0.0, 0.0, 1.0],
                [0.735001, 0.440233, 0.515722, -0.051091, -0.220564, -0.56399, 0.795781, -0.010718, 0.64119, -0.698651, -0.317433, -0.085834, 0.0, 0.0, 0.0, 1.0],
                [0.329687, 0.628587, 0.704405, -0.018321, -0.244725, -0.663718, 0.706816, -0.016274, 0.911819, -0.405415, -0.064988, -0.128948, 0.0, 0.0, 0.0, 1.0],
                [-0.275923, 0.594867, 0.754984, 0.021601, 0.016093, -0.78251, 0.622432, -0.009662, 0.961043, 0.183894, 0.20634, -0.129101, 0.0, 0.0, 0.0, 1.0],
                [-0.79021, 0.366193, 0.491395, 0.058478, 0.141735, -0.670896, 0.727881, -0.005534, 0.596217, 0.644831, 0.478246, -0.117371, 0.0, 0.0, 0.0, 1.0],
                [-0.923065, 0.197693, 0.329945, 0.091191, 0.160112, -0.582466, 0.796931, -0.005317, 0.349727, 0.788453, 0.506001, -0.094241, 0.0, 0.0, 0.0, 1.0],
                [-0.993156, 0.038139, 0.110376, 0.109564, 0.064793, -0.606379, 0.792532, 0.002141, 0.097156, 0.794264, 0.599758, -0.090872, 0.0, 0.0, 0.0, 1.0],
                [-0.978964, -0.186641, -0.082423, 0.146311, 0.007832, -0.438054, 0.898915, 0.017056, -0.203879, 0.879363, 0.4303, -0.084135, 0.0, 0.0, 0.0, 1.0],
                [-0.945581, -0.267779, -0.184849, 0.140063, -0.076431, -0.369411, 0.926117, 0.03441, -0.31628, 0.88985, 0.328841, -0.053177, 0.0, 0.0, 0.0, 1.0],
                [0.984488, 0.045804, 0.169379, -0.149486, -0.127961, -0.473077, 0.871679, 0.112487, 0.120056, -0.87983, -0.459877, 0.09937, 0.0, 0.0, 0.0, 1.0],
                [0.974903, 0.05445, 0.21588, -0.134826, -0.174072, -0.418121, 0.891557, 0.105337, 0.13881, -0.906758, -0.398148, 0.070243, 0.0, 0.0, 0.0, 1.0],
                [0.912255, 0.151639, 0.380524, -0.105503, -0.288681, -0.42106, 0.859867, 0.088859, 0.290612, -0.894269, -0.340339, -0.093231, 0.0, 0.0, 0.0, 1.0],
                [0.809909, 0.225781, 0.541361, -0.087181, -0.400562, -0.461323, 0.791664, 0.081744, 0.428486, -0.858025, -0.283189, -0.102048, 0.0, 0.0, 0.0, 1.0],
                [0.785631, 0.244969, 0.568134, -0.068858, -0.416908, -0.468876, 0.778681, 0.074629, 0.457137, -0.848615, -0.266234, -0.110866, 0.0, 0.0, 0.0, 1.0],
                [0.765733, 0.258507, 0.588923, -0.050536, -0.429334, -0.476339, 0.767317, 0.067513, 0.478884, -0.840403, -0.253762, -0.119683, 0.0, 0.0, 0.0, 1.0],
                [0.750127, 0.262511, 0.606959, -0.032214, -0.442322, -0.483126, 0.755607, 0.060398, 0.491593, -0.835272, -0.246291, -0.128501, 0.0, 0.0, 0.0, 1.0],
                [0.755303, 0.239984, 0.609857, -0.034721, -0.454609, -0.478426, 0.751292, 0.063018, 0.47207, -0.8447, -0.252257, -0.125744, 0.0, 0.0, 0.0, 1.0],
                [0.762186, 0.213301, 0.61121, -0.037228, -0.467719, -0.471317, 0.74773, 0.065637, 0.447565, -0.855784, -0.259465, -0.122986, 0.0, 0.0, 0.0, 1.0],
                [0.770738, 0.186991, 0.609096, -0.039734, -0.477366, -0.463691, 0.746401, 0.068257, 0.422002, -0.866041, -0.26812, -0.120229, 0.0, 0.0, 0.0, 1.0],
                [0.777185, 0.170291, 0.605793, -0.042241, -0.48324, -0.455121, 0.747894, 0.070877, 0.403069, -0.873996, -0.271422, -0.117472, 0.0, 0.0, 0.0, 1.0],
                [0.781213, 0.163594, 0.602449, -0.044748, -0.485037, -0.448473, 0.750741, 0.073496, 0.392998, -0.878699, -0.271004, -0.114715, 0.0, 0.0, 0.0, 1.0],
                [0.782908, 0.161447, 0.600826, -0.047255, -0.487331, -0.441186, 0.753567, 0.076116, 0.386737, -0.882775, -0.26673, -0.111958, 0.0, 0.0, 0.0, 1.0],
                [0.78331, 0.163612, 0.599715, -0.049762, -0.48883, -0.433862, 0.756842, 0.078736, 0.384021, -0.886001, -0.25987, -0.109201, 0.0, 0.0, 0.0, 1.0],
                [0.784004, 0.167649, 0.59769, -0.052268, -0.488461, -0.427565, 0.760654, 0.081355, 0.383074, -0.888304, -0.253323, -0.106444, 0.0, 0.0, 0.0, 1.0],
                [0.786743, 0.171397, 0.593009, -0.054775, -0.485586, -0.421276, 0.765985, 0.083975, 0.381108, -0.890591, -0.248207, -0.103687, 0.0, 0.0, 0.0, 1.0],
                [0.79117, 0.174565, 0.586156, -0.057282, -0.480179, -0.416283, 0.772099, 0.086595, 0.378788, -0.892322, -0.245527, -0.10093, 0.0, 0.0, 0.0, 1.0],
                [0.79967, 0.173591, 0.574801, -0.059789, -0.470891, -0.412654, 0.77973, 0.089214, 0.372548, -0.894196, -0.248244, -0.098172, 0.0, 0.0, 0.0, 1.0],
                [0.815186, 0.168328, 0.554202, -0.062296, -0.454672, -0.406787, 0.792337, 0.091834, 0.358815, -0.897882, -0.255072, -0.095416, 0.0, 0.0, 0.0, 1.0],
                [0.835561, 0.158537, 0.526028, -0.064802, -0.432045, -0.401837, 0.807381, 0.094454, 0.339378, -0.901884, -0.267264, -0.092658, 0.0, 0.0, 0.0, 1.0],
                [0.858457, 0.145044, 0.491951, -0.067309, -0.401771, -0.406035, 0.820802, 0.097073, 0.318802, -0.902274, -0.290289, -0.089901, 0.0, 0.0, 0.0, 1.0],
                [0.87996, 0.125431, 0.458192, -0.069816, -0.368685, -0.427919, 0.825202, 0.099693, 0.299575, -0.895072, -0.330306, -0.087144, 0.0, 0.0, 0.0, 1.0],
                [0.904074, 0.089715, 0.417857, -0.077736, -0.331645, -0.469415, 0.818329, 0.074134, 0.269565, -0.878409, -0.394631, -0.086158, 0.0, 0.0, 0.0, 1.0],
                [0.925192, 0.050771, 0.376091, -0.085656, -0.294519, -0.528929, 0.795923, 0.048574, 0.239335, -0.847147, -0.474407, -0.085172, 0.0, 0.0, 0.0, 1.0],
                [0.933006, 0.03152, 0.358483, -0.093575, -0.268952, -0.600784, 0.75281, 0.023015, 0.2391, -0.79879, -0.552057, -0.084186, 0.0, 0.0, 0.0, 1.0],
                [0.934605, 0.019421, 0.355163, -0.101495, -0.251711, -0.669388, 0.698972, -0.002544, 0.251317, -0.742659, -0.620724, -0.0832, 0.0, 0.0, 0.0, 1.0],
                [0.93985, 0.000429, 0.341593, -0.107068, -0.236651, -0.720325, 0.652018, -0.002743, 0.246339, -0.693636, -0.676895, -0.075889, 0.0, 0.0, 0.0, 1.0],
                [0.948748, -0.018289, 0.315509, -0.110741, -0.220271, -0.754163, 0.618644, -0.002074, 0.226631, -0.656433, -0.719538, -0.070444, 0.0, 0.0, 0.0, 1.0],
                [0.955547, -0.033281, 0.292963, -0.113141, -0.208553, -0.77866, 0.591772, -0.001051, 0.208425, -0.626562, -0.750986, -0.066546, 0.0, 0.0, 0.0, 1.0],
                [0.961307, -0.043193, 0.272079, -0.114708, -0.197605, -0.796265, 0.571764, 4.6e-05, 0.191951, -0.603404, -0.773989, -0.063815, 0.0, 0.0, 0.0, 1.0],
                [0.96749, -0.052684, 0.247366, -0.116197, -0.186704, -0.808549, 0.558024, 0.001047, 0.170609, -0.586067, -0.792098, -0.061053, 0.0, 0.0, 0.0, 1.0],
                [0.973455, -0.059679, 0.220971, -0.117634, -0.174492, -0.818278, 0.547698, 0.001828, 0.14813, -0.571716, -0.806969, -0.058218, 0.0, 0.0, 0.0, 1.0],
                [0.978908, -0.0634, 0.194226, -0.119159, -0.160598, -0.826431, 0.539648, 0.002364, 0.126301, -0.559457, -0.81918, -0.055007, 0.0, 0.0, 0.0, 1.0],
                [0.981356, -0.065903, 0.180556, -0.120601, -0.15311, -0.835915, 0.527071, 0.002829, 0.116195, -0.544888, -0.830419, -0.051747, 0.0, 0.0, 0.0, 1.0],
                [0.981902, -0.074224, 0.174253, -0.121957, -0.152473, -0.855559, 0.494743, 0.003224, 0.112362, -0.512357, -0.851391, -0.048442, 0.0, 0.0, 0.0, 1.0],
                [0.982576, -0.084444, 0.165584, -0.123077, -0.153356, -0.871671, 0.46548, 0.003556, 0.105028, -0.482761, -0.869432, -0.045496, 0.0, 0.0, 0.0, 1.0],
                [0.984228, -0.107351, 0.140625, -0.124129, -0.156458, -0.899203, 0.408602, 0.003833, 0.082587, -0.424159, -0.901814, -0.042519, 0.0, 0.0, 0.0, 1.0],
                [0.984653, -0.13309, 0.11291, -0.124949, -0.164347, -0.924799, 0.34313, 0.003992, 0.058751, -0.35642, -0.932477, -0.04003, 0.0, 0.0, 0.0, 1.0],
                [0.984582, -0.149655, 0.090584, -0.12555, -0.170328, -0.938168, 0.301381, 0.004101, 0.039879, -0.312163, -0.949192, -0.038093, 0.0, 0.0, 0.0, 1.0],
                [0.985503, -0.151454, 0.076471, -0.125997, -0.167491, -0.940374, 0.296049, 0.00396, 0.027074, -0.304566, -0.952107, -0.0366, 0.0, 0.0, 0.0, 1.0],
                [0.985874, -0.152772, 0.068679, -0.126235, -0.166274, -0.942111, 0.29117, 0.003685, 0.020221, -0.298476, -0.954203, -0.035802, 0.0, 0.0, 0.0, 1.0],
                [0.985929, -0.155561, 0.061208, -0.126466, -0.166685, -0.942674, 0.289106, 0.003408, 0.012725, -0.295241, -0.955339, -0.035003, 0.0, 0.0, 0.0, 1.0],
                [0.985679, -0.158258, 0.058256, -0.126561, -0.168386, -0.942556, 0.288506, 0.002949, 0.009251, -0.294183, -0.955705, -0.034703, 0.0, 0.0, 0.0, 1.0],
                [0.984725, -0.167634, 0.047037, -0.128579, -0.17408, -0.943109, 0.283276, 0.048184, -0.003125, -0.287139, -0.957884, -0.046042, 0.0, 0.0, 0.0, 1.0]
            ]
        },
        {
            "name": "Leg_L",
            "time": [0.0, 0.0333, 0.0667, 0.1333, 0.1667, 0.2, 0.2333, 0.2667, 0.3, 0.3333, 0.5, 0.5333, 0.5667, 0.6, 0.6333, 0.6667, 0.7, 0.7333, 0.7667, 0.8, 0.8333, 0.8667, 0.9, 0.9333, 0.9667, 1.0, 1.0333, 1.0667, 1.1, 1.1333, 1.1667, 1.2, 1.2333, 1.2667, 1.3, 1.3333, 1.3667, 1.4, 1.4333, 1.4667, 1.5, 1.5333, 1.5667, 1.6, 1.6333, 1.6667, 1.7, 1.7333, 1.7667, 1.8, 1.8333, 1.8667, 1.9, 2.0667],
            "transform": [
                [0.999997, -0.00193, 0.000313, 0.0, 0.000313, 0.315909, 0.94879, 0.37472, -0.00193, -0.948786, 0.31591, 0.0, 0.0, 0.0, 0.0, 1.0],
                [0.999997, -0.001941, 0.000253, 0.0, 0.000252, 0.255889, 0.966707, 0.37472, -0.001942, -0.966704, 0.255889, 0.0, 0.0, 0.0, 0.0, 1.0],
                [0.999996, -0.001949, 0.000193, 0.0, 0.000191, 0.194804, 0.980843, 0.37472, -0.001949, -0.980842, 0.194804, -0.0, 0.0, 0.0, 0.0, 1.0],
                [0.999995, -0.001953, 0.000132, -0.0, 0.000129, 0.133015, 0.991115, 0.37472, -0.001953, -0.991115, 0.133014, 0.0, 0.0, 0.0, 0.0, 1.0],
                [0.999995, -0.001952, 0.000128, 0.0, 0.000125, 0.129373, 0.991596, 0.37472, -0.001952, -0.991597, 0.129372, 0.0, 0.0, 0.0, 0.0, 1.0],
                [0.999995, -0.001941, 0.000235, -0.0, 0.000232, 0.237043, 0.9715, 0.37472, -0.001942, -0.9715, 0.237043, 0.0, 0.0, 0.0, 0.0, 1.0],
                [0.999994, -0.00189, 0.0005, 0.0, 0.000498, 0.493377, 0.869817, 0.37472, -0.00189, -0.869815, 0.493377, 0.0, 0.0, 0.0, 0.0, 1.0],
                [0.998975, -0.042498, -0.015426, 0.0, 0.03935, 0.649301, 0.759515, 0.37472, -0.022262, -0.759342, 0.650312, -0.0, 0.0, 0.0, 0.0, 1.0],
                [0.996608, 0.080267, -0.018065, -0.0, -0.01659, 0.411109, 0.911437, 0.37472, 0.080585, -0.908045, 0.411048, -0.0, 0.0, 0.0, 0.0, 1.0],
                [0.999998, -0.001915, 0.000403, -0.0, 0.000402, 0.402719, 0.915325, 0.37472, -0.001916, -0.915321, 0.402719, 0.0, 0.0, 0.0, 0.0, 1.0],
                [0.999995, -0.00193, 0.000318, -0.0, 0.000315, 0.319194, 0.94769, 0.37472, -0.001931, -0.947689, 0.319194, 0.0, 0.0, 0.0, 0.0, 1.0],
                [0.999995, -0.001954, 7.2e-05, -0.0, 7.1e-05, 0.072875, 0.997342, 0.37472, -0.001954, -0.99734, 0.072875, -0.0, 0.0, 0.0, 0.0, 1.0],
                [0.999994, -0.001951, -0.000135, -0.0, -0.000135, -0.137557, 0.990495, 0.37472, -0.001951, -0.990493, -0.137557, -0.0, 0.0, 0.0, 0.0, 1.0],
                [0.999994, -0.001949, -0.000164, 0.0, -0.000164, -0.166775, 0.985996, 0.37472, -0.001949, -0.985995, -0.166775, 0.0, 0.0, 0.0, 0.0, 1.0],
                [0.999994, -0.001949, -0.000173, 0.0, -0.000173, -0.176133, 0.984367, 0.37472, -0.001949, -0.984366, -0.176133, -0.0, 0.0, 0.0, 0.0, 1.0],
