{
    "animation": [
        {
            "name": "Root",
            "time": [0.0, 0.1333, 0.1667, 0.2333, 0.3, 0.3333, 0.3667, 0.4, 0.4333, 0.4667, 0.5, 0.5333, 0.5667, 0.6, 0.6667, 0.7, 0.7333, 0.7667, 0.8, 0.8333, 0.8667, 0.9, 0.9333, 0.9667, 1.0, 1.0333, 1.0667, 1.1, 1.1333, 1.1667, 1.2, 1.6667, 1.9],
            "transform": [
                [1.0, 0.000632, 1e-06, 0.00031, -1e-06, 0.003856, -0.999993, 0.001844, -0.000632, 0.999992, 0.003856, 0.670335, 0.0, 0.0, 0.0, 1.0],
                [0.92751, 0.015564, -0.373475, -0.023988, -0.367695, 0.217814, -0.904078, -0.008269, 0.067277, 0.975866, 0.207748, 0.559047, 0.0, 0.0, 0.0, 1.0],
                [0.671756, -0.002653, -0.740767, -0.055481, -0.727302, 0.187472, -0.660216, 0.110107, 0.140625, 0.982266, 0.124005, 0.482441, 0.0, 0.0, 0.0, 1.0],
                [0.532745, -0.040376, -0.845312, -0.072974, -0.833624, 0.147045, -0.5324, 0.150559, 0.145795, 0.988305, 0.044679, 0.477328, 0.0, 0.0, 0.0, 1.0],
                [0.411715, -0.095994, -0.906243, -0.096412, -0.902889, 0.091926, -0.419929, 0.191036, 0.123618, 0.991128, -0.048824, 0.492764, 0.0, 0.0, 0.0, 1.0],
                [0.368754, -0.146274, -0.917945, -0.123714, -0.925746, 0.031203, -0.376859, 0.222451, 0.083767, 0.988752, -0.123906, 0.533454, 0.0, 0.0, 0.0, 1.0],
                [0.379949, -0.183426, -0.906639, -0.145662, -0.923715, -0.023429, -0.382364, 0.244286, 0.048894, 0.982754, -0.178336, 0.583139, 0.0, 0.0, 0.0, 1.0],
                [0.402511, -0.221138, -0.888303, -0.159473, -0.915206, -0.076465, -0.395665, 0.279311, 0.019572, 0.97224, -0.233164, 0.655095, 0.0, 0.0, 0.0, 1.0],
                [0.505676, -0.296274, -0.810255, -0.174245, -0.862009, -0.135298, -0.488503, 0.377825, 0.035105, 0.945471, -0.323808, 0.736505, 0.0, 0.0, 0.0, 1.0],
                [0.678894, -0.319334, -0.661157, -0.187703, -0.72117, -0.120893, -0.682128, 0.472185, 0.137897, 0.939899, -0.312367, 0.783551, 0.0, 0.0, 0.0, 1.0],
                [0.769144, -0.311744, -0.557883, -0.193646, -0.605849, -0.077875, -0.791759, 0.526722, 0.203381, 0.946969, -0.248768, 0.796975, 0.0, 0.0, 0.0, 1.0],
                [0.829828, -0.297242, -0.472263, -0.197059, -0.499487, -0.018331, -0.866127, 0.57428, 0.248792, 0.954626, -0.16368, 0.797841, 0.0, 0.0, 0.0, 1.0],
                [0.899342, -0.265652, -0.347294, -0.200183, -0.32474, 0.126063, -0.937365, 0.648276, 0.292794, 0.955791, 0.027106, 0.790901, 0.0, 0.0, 0.0, 1.0],
                [0.966899, -0.246016, -0.067691, -0.201659, 0.047033, 0.432584, -0.900366, 0.939608, 0.250786, 0.86738, 0.429836, 0.737352, 0.0, 0.0, 0.0, 1.0],
                [0.686239, -0.214811, 0.694933, -0.092517, 0.688561, 0.499776, -0.52546, 1.37054, -0.234437, 0.839095, 0.490876, 0.449932, 0.0, 0.0, 0.0, 1.0],
                [0.60889, -0.114645, 0.784926, -0.044461, 0.742781, 0.429724, -0.513433, 1.391556, -0.278439, 0.895652, 0.346812, 0.459556, 0.0, 0.0, 0.0, 1.0],
                [0.548126, 0.02733, 0.835949, 0.001497, 0.75643, 0.410277, -0.509398, 1.420863, -0.356892, 0.911551, 0.20421, 0.482342, 0.0, 0.0, 0.0, 1.0],
                [0.509681, 0.139941, 0.848906, 0.035242, 0.755942, 0.398302, -0.519525, 1.44487, -0.410824, 0.906516, 0.097219, 0.506855, 0.0, 0.0, 0.0, 1.0],
                [0.496391, 0.164898, 0.852294, 0.049111, 0.772665, 0.363608, -0.520364, 1.458995, -0.395707, 0.916841, 0.053081, 0.521574, 0.0, 0.0, 0.0, 1.0],
                [0.499504, 0.156354, 0.852086, 0.054112, 0.789251, 0.323396, -0.522012, 1.46874, -0.357179, 0.933257, 0.038135, 0.533937, 0.0, 0.0, 0.0, 1.0],
                [0.505319, 0.144704, 0.850713, 0.055026, 0.801181, 0.287551, -0.524808, 1.475564, -0.320565, 0.946771, 0.029371, 0.543352, 0.0, 0.0, 0.0, 1.0],
                [0.528128, 0.129465, 0.839237, 0.04328, 0.797048, 0.265326, -0.542509, 1.475542, -0.292907, 0.955427, 0.036936, 0.542654, 0.0, 0.0, 0.0, 1.0],
                [0.566352, 0.103897, 0.817589, 0.01946, 0.779572, 0.254353, -0.572339, 1.468624, -0.267421, 0.961514, 0.063058, 0.534685, 0.0, 0.0, 0.0, 1.0],
                [0.596819, 0.090582, 0.797247, -0.000281, 0.760833, 0.25168, -0.598155, 1.460227, -0.254833, 0.963562, 0.08129, 0.529811, 0.0, 0.0, 0.0, 1.0],
                [0.619404, 0.090045, 0.779891, -0.015077, 0.742966, 0.253727, -0.619373, 1.450625, -0.253651, 0.963075, 0.090259, 0.528618, 0.0, 0.0, 0.0, 1.0],
                [0.639771, 0.093033, 0.762914, -0.029353, 0.725012, 0.256362, -0.639247, 1.440127, -0.255053, 0.962093, 0.096562, 0.529058, 0.0, 0.0, 0.0, 1.0],
                [0.659095, 0.09725, 0.745745, -0.041981, 0.706697, 0.259088, -0.658371, 1.430943, -0.25724, 0.960945, 0.102037, 0.529156, 0.0, 0.0, 0.0, 1.0],
                [0.67454, 0.101621, 0.731211, -0.051831, 0.691582, 0.25955, -0.674053, 1.425281, -0.258284, 0.960368, 0.104798, 0.528177, 0.0, 0.0, 0.0, 1.0],
                [0.68425, 0.10509, 0.721636, -0.05783, 0.6822, 0.257434, -0.684347, 1.42505, -0.257691, 0.960564, 0.104456, 0.523564, 0.0, 0.0, 0.0, 1.0],
                [0.679308, 0.10814, 0.725842, -0.059885, 0.687411, 0.252507, -0.68096, 1.428966, -0.256919, 0.961533, 0.097193, 0.512657, 0.0, 0.0, 0.0, 1.0],
                [0.665193, 0.11084, 0.738399, -0.058973, 0.70127, 0.246839, -0.668798, 1.435906, -0.256395, 0.962697, 0.086467, 0.497362, 0.0, 0.0, 0.0, 1.0],
                [0.991046, 0.064821, 0.116732, -0.021335, 0.11317, 0.056147, -0.991988, 1.725069, -0.070856, 0.996316, 0.048308, 0.637193, 0.0, 0.0, 0.0, 1.0],
                [1.0, 0.000632, 1e-06, -0.021128, -1e-06, 0.003856, -0.999993, 1.818833, -0.000632, 0.999992, 0.003856, 0.668683, 0.0, 0.0, 0.0, 1.0]
            ]
        },
        {
            "name": "Thigh_R",
            "time": [0.0, 0.1333, 0.1667, 0.2333, 0.3, 0.3333, 0.3667, 0.4, 0.4333, 0.4667, 0.5, 0.5333, 0.5667, 0.6, 0.6667, 0.7, 0.7333, 0.7667, 0.8, 0.8333, 0.8667, 0.9, 0.9333, 0.9667, 1.0, 1.0333, 1.0667, 1.1, 1.1333, 1.1667, 1.2, 1.6333, 1.9],
            "transform": [
                [0.860516, 0.267304, 0.433662, 0.096351, 0.232828, -0.963531, 0.131908, 0.058238, 0.453106, -0.012541, -0.891369, 0.033027, 0.0, 0.0, 0.0, 1.0],
                [0.968232, 0.20623, 0.141401, 0.128567, 0.084504, -0.802091, 0.591194, 0.048184, 0.235338, -0.560466, -0.794037, -0.046041, 0.0, 0.0, 0.0, 1.0],
                [0.974921, 0.198883, -0.09987, 0.128567, 0.21802, -0.763429, 0.607984, 0.048184, 0.044674, -0.614511, -0.787642, -0.046041, 0.0, 0.0, 0.0, 1.0],
                [0.940967, 0.175393, -0.28952, 0.128567, 0.305891, -0.806869, 0.505363, 0.048184, -0.144967, -0.564091, -0.812887, -0.046042, 0.0, 0.0, 0.0, 1.0],
                [0.865266, 0.214203, -0.453249, 0.124403, 0.389049, -0.857113, 0.337633, 0.050566, -0.316166, -0.468477, -0.824965, -0.024201, 0.0, 0.0, 0.0, 1.0],
                [0.820159, 0.358573, -0.445835, 0.12232, 0.467019, -0.869717, 0.15963, 0.051758, -0.330514, -0.339134, -0.880766, -0.01328, 0.0, 0.0, 0.0, 1.0],
                [0.81045, 0.448169, -0.377251, 0.120238, 0.506748, -0.859436, 0.06764, 0.052949, -0.29391, -0.245989, -0.923637, -0.00236, 0.0, 0.0, 0.0, 1.0],
                [0.834911, 0.411232, -0.365805, 0.118156, 0.461941, -0.88491, 0.059523, 0.05414, -0.299228, -0.218676, -0.928785, 0.00856, 0.0, 0.0, 0.0, 1.0],
                [0.89683, 0.264051, -0.354931, 0.116073, 0.332946, -0.931174, 0.148527, 0.055331, -0.291285, -0.251376, -0.923018, 0.019481, 0.0, 0.0, 0.0, 1.0],
                [0.95547, 0.193979, -0.222371, 0.113991, 0.224799, -0.966654, 0.122667, 0.056523, -0.191161, -0.167194, -0.967214, 0.030401, 0.0, 0.0, 0.0, 1.0],
                [0.981585, 0.136931, -0.133195, 0.111909, 0.161746, -0.966735, 0.198146, 0.057714, -0.101632, -0.216042, -0.97108, 0.041321, 0.0, 0.0, 0.0, 1.0],
                [0.994061, 0.08885, -0.062832, 0.116569, 0.105443, -0.929186, 0.354252, 0.055774, -0.026908, -0.358774, -0.933036, 0.039627, 0.0, 0.0, 0.0, 1.0],
                [0.996274, 0.086022, -0.00633, 0.121229, 0.071791, -0.786294, 0.613666, 0.053834, 0.047811, -0.611834, -0.78954, 0.037932, 0.0, 0.0, 0.0, 1.0],
                [0.973457, 0.228153, 0.017865, 0.12589, 0.051586, -0.294819, 0.95416, 0.051894, 0.22296, -0.927921, -0.298763, 0.036238, 0.0, 0.0, 0.0, 1.0],
                [0.599996, 0.797514, -0.063072, 0.135211, 0.045139, 0.044966, 0.997968, 0.048015, 0.798724, -0.601628, -0.009019, 0.032849, 0.0, 0.0, 0.0, 1.0],
                [0.570871, 0.820373, -0.033136, 0.139871, 0.096918, -0.027256, 0.994919, 0.046075, 0.815294, -0.571188, -0.095068, 0.031155, 0.0, 0.0, 0.0, 1.0],
                [0.53608, 0.844108, -0.010233, 0.142204, 0.152713, -0.085051, 0.984603, 0.046061, 0.830234, -0.529394, -0.174501, 0.029116, 0.0, 0.0, 0.0, 1.0],
                [0.51871, 0.854558, 0.025953, 0.144537, 0.206633, -0.154767, 0.9661, 0.046048, 0.8296, -0.495766, -0.256859, 0.027077, 0.0, 0.0, 0.0, 1.0],
                [0.532075, 0.841369, 0.094852, 0.146871, 0.230419, -0.251686, 0.939979, 0.046034, 0.814739, -0.478286, -0.327783, 0.025038, 0.0, 0.0, 0.0, 1.0],
                [0.557352, 0.812657, 0.170144, 0.149204, 0.234377, -0.350586, 0.906729, 0.04602, 0.796508, -0.46549, -0.385868, 0.022999, 0.0, 0.0, 0.0, 1.0],
                [0.578506, 0.784693, 0.222687, 0.151537, 0.23435, -0.421395, 0.876074, 0.046006, 0.781285, -0.45463, -0.427672, 0.020961, 0.0, 0.0, 0.0, 1.0],
                [0.593495, 0.770796, 0.231597, 0.15387, 0.246356, -0.447928, 0.859459, 0.045993, 0.766204, -0.453031, -0.455733, 0.018922, 0.0, 0.0, 0.0, 1.0],
                [0.60719, 0.766234, 0.210254, 0.156203, 0.267589, -0.446361, 0.853907, 0.045979, 0.74814, -0.462225, -0.476062, 0.016883, 0.0, 0.0, 0.0, 1.0],
                [0.6166, 0.766928, 0.177842, 0.158537, 0.293068, -0.433262, 0.852288, 0.045965, 0.730694, -0.473403, -0.491911, 0.014844, 0.0, 0.0, 0.0, 1.0],
                [0.623524, 0.76918, 0.139932, 0.16087, 0.322514, -0.416115, 0.850196, 0.045951, 0.712178, -0.48499, -0.507529, 0.012805, 0.0, 0.0, 0.0, 1.0],
                [0.628918, 0.770881, 0.101028, 0.163203, 0.35246, -0.398523, 0.846729, 0.045937, 0.692987, -0.496917, -0.522342, 0.010766, 0.0, 0.0, 0.0, 1.0],
                [0.633114, 0.771365, 0.064533, 0.165536, 0.380947, -0.383075, 0.841506, 0.045924, 0.673826, -0.508189, -0.536379, 0.008728, 0.0, 0.0, 0.0, 1.0],
                [0.635997, 0.770893, 0.035124, 0.16787, 0.404982, -0.372171, 0.835152, 0.04591, 0.656881, -0.516932, -0.548897, 0.006689, 0.0, 0.0, 0.0, 1.0],
                [0.637542, 0.770267, 0.015197, 0.166251, 0.423617, -0.366967, 0.82818, 0.048036, 0.643493, -0.521565, -0.560255, 0.008121, 0.0, 0.0, 0.0, 1.0],
                [0.627384, 0.778696, 0.004904, 0.164631, 0.439595, -0.359364, 0.823172, 0.050163, 0.64276, -0.514292, -0.56777, 0.009553, 0.0, 0.0, 0.0, 1.0],
                [0.612072, 0.790802, 0.001255, 0.163012, 0.453427, -0.352251, 0.818731, 0.052289, 0.647893, -0.500557, -0.574174, 0.010985, 0.0, 0.0, 0.0, 1.0],
                [0.945556, 0.263328, 0.191261, 0.141964, 0.187265, -0.920846, 0.342017, 0.079935, 0.266184, -0.287581, -0.920024, 0.029602, 0.0, 0.0, 0.0, 1.0],
                [0.860516, 0.267304, 0.433662, 0.096351, 0.232828, -0.963531, 0.131908, 0.058238, 0.453106, -0.012541, -0.891369, 0.033027, 0.0, 0.0, 0.0, 1.0]
            ]
        },
        {
            "name": "Leg_R",
            "time": [0.0, 0.1333, 0.1667, 0.2333, 0.3, 0.3333, 0.3667, 0.4, 0.4333, 0.4667, 0.5, 0.5333, 0.5667, 0.6, 0.6667, 0.7, 0.7333, 0.7667, 0.8, 0.8333, 0.8667, 0.9, 0.9333, 0.9667, 1.0, 1.0333, 1.0667, 1.1, 1.1333, 1.1667, 1.2, 1.9],
            "transform": [
                [0.999997, -0.001635, 0.001071, -0.0, 0.001068, 0.916078, 0.400999, 0.37472, -0.001637, -0.400998, 0.916078, -0.0, 0.0, 0.0, 0.0, 1.0],
                [0.999993, -0.001914, 0.000435, 0.0, 0.000431, 0.430358, 0.90266, 0.37472, -0.001915, -0.902661, 0.430357, 0.0, 0.0, 0.0, 0.0, 1.0],
                [0.999993, -0.001936, 0.000262, 0.0, 0.000257, 0.263652, 0.96462, 0.37472, -0.001936, -0.96462, 0.263652, -0.0, 0.0, 0.0, 0.0, 1.0],
                [0.999996, -0.001919, 0.000361, -0.0, 0.000355, 0.360316, 0.932832, 0.37472, -0.00192, -0.932829, 0.360317, -0.0, 0.0, 0.0, 0.0, 1.0],
                [0.999998, -0.001876, 0.000544, 0.0, 0.000539, 0.532499, 0.846431, 0.37472, -0.001877, -0.846426, 0.532501, 0.0, 0.0, 0.0, 0.0, 1.0],
                [1.0, -0.001772, 0.000824, 0.0, 0.000818, 0.762184, 0.647357, 0.37472, -0.001775, -0.647351, 0.76219, -0.0, 0.0, 0.0, 0.0, 1.0],
                [0.999999, -0.00167, 0.001012, -0.0, 0.001008, 0.88519, 0.465223, 0.37472, -0.001673, -0.465218, 0.885196, 0.0, 0.0, 0.0, 0.0, 1.0],
                [0.999999, -0.001656, 0.001034, 0.0, 0.00103, 0.897451, 0.441108, 0.37472, -0.001659, -0.441103, 0.897456, 0.0, 0.0, 0.0, 0.0, 1.0],
                [0.999998, -0.001783, 0.000799, 0.0, 0.000795, 0.744888, 0.667189, 0.37472, -0.001785, -0.667183, 0.744892, 0.0, 0.0, 0.0, 0.0, 1.0],
                [0.999995, -0.001796, 0.000766, -0.0, 0.000763, 0.720601, 0.693351, 0.37472, -0.001797, -0.693348, 0.720603, -0.0, 0.0, 0.0, 0.0, 1.0],
                [0.999994, -0.001822, 0.000703, 0.0, 0.000699, 0.670511, 0.741902, 0.37472, -0.001823, -0.7419, 0.670512, -0.0, 0.0, 0.0, 0.0, 1.0],
                [0.999994, -0.001862, 0.000591, -0.0, 0.000587, 0.574667, 0.81839, 0.37472, -0.001863, -0.818387, 0.574667, 0.0, 0.0, 0.0, 0.0, 1.0],
                [0.999995, -0.001888, 0.000501, 0.0, 0.000497, 0.494068, 0.869425, 0.37472, -0.001889, -0.869423, 0.494068, -0.0, 0.0, 0.0, 0.0, 1.0],
                [0.999998, -0.001828, 0.000734, -0.0, 0.00073, 0.690041, 0.72377, 0.37472, -0.001829, -0.723766, 0.690043, 0.0, 0.0, 0.0, 0.0, 1.0],
                [0.999998, -0.001953, 0.000143, -0.0, 0.000147, 0.147505, 0.989062, 0.37472, -0.001952, -0.989058, 0.147506, -0.0, 0.0, 0.0, 0.0, 1.0],
                [0.999996, -0.001957, 5.6e-05, 0.0, 6.1e-05, 0.059652, 0.998221, 0.37472, -0.001957, -0.998218, 0.059652, 0.0, 0.0, 0.0, 0.0, 1.0],
                [0.999996, -0.001959, 1.5e-05, 0.0, 1.7e-05, 0.016443, 0.999866, 0.37472, -0.001959, -0.999863, 0.016443, -0.0, 0.0, 0.0, 0.0, 1.0],
                [0.999995, -0.001959, 2.7e-05, 0.0, 3e-05, 0.029092, 0.999579, 0.37472, -0.001959, -0.999576, 0.029092, 0.0, 0.0, 0.0, 0.0, 1.0],
                [0.999994, -0.001957, 6.8e-05, 0.0, 6.9e-05, 0.070049, 0.997546, 0.37472, -0.001957, -0.997544, 0.070049, 0.0, 0.0, 0.0, 0.0, 1.0],
                [0.999995, -0.001955, 0.000119, 0.0, 0.00012, 0.122063, 0.992525, 0.37472, -0.001955, -0.992521, 0.122064, 0.0, 0.0, 0.0, 0.0, 1.0],
                [0.999993, -0.001952, 0.000158, -0.0, 0.000157, 0.160092, 0.987104, 0.37472, -0.001952, -0.987104, 0.160092, -0.0, 0.0, 0.0, 0.0, 1.0],
                [0.999994, -0.001951, 0.000172, 0.0, 0.000173, 0.175331, 0.984512, 0.37472, -0.001951, -0.984511, 0.175331, -0.0, 0.0, 0.0, 0.0, 1.0],
                [0.999992, -0.001949, 0.000184, -0.0, 0.000183, 0.186316, 0.982491, 0.37472, -0.00195, -0.982492, 0.186315, 0.0, 0.0, 0.0, 0.0, 1.0],
                [0.999993, -0.001948, 0.000196, 0.0, 0.000194, 0.198093, 0.980185, 0.37472, -0.001948, -0.980185, 0.198093, -0.0, 0.0, 0.0, 0.0, 1.0],
                [0.999993, -0.001946, 0.000214, -0.0, 0.000214, 0.217351, 0.976095, 0.37472, -0.001946, -0.976095, 0.217351, 0.0, 0.0, 0.0, 0.0, 1.0],
                [0.999992, -0.001943, 0.000237, -0.0, 0.000236, 0.239954, 0.970785, 0.37472, -0.001943, -0.970787, 0.239953, -0.0, 0.0, 0.0, 0.0, 1.0],
                [0.999992, -0.00194, 0.000259, 0.0, 0.000258, 0.261403, 0.965231, 0.37472, -0.00194, -0.965232, 0.261403, 0.0, 0.0, 0.0, 0.0, 1.0],
                [0.999994, -0.001938, 0.000273, -0.0, 0.000271, 0.275057, 0.961429, 0.37472, -0.001938, -0.961429, 0.275057, 0.0, 0.0, 0.0, 0.0, 1.0],
                [0.999994, -0.001938, 0.000269, -0.0, 0.000268, 0.272036, 0.962288, 0.37472, -0.001938, -0.962288, 0.272036, -0.0, 0.0, 0.0, 0.0, 1.0],
                [0.999993, -0.001942, 0.000241, 0.0, 0.000239, 0.243243, 0.969966, 0.37472, -0.001943, -0.969967, 0.243242, -0.0, 0.0, 0.0, 0.0, 1.0],
                [0.999993, -0.001948, 0.000195, -0.0, 0.000193, 0.197237, 0.980357, 0.37472, -0.001948, -0.980358, 0.197237, -0.0, 0.0, 0.0, 0.0, 1.0],
                [0.999997, -0.001635, 0.001071, 0.0, 0.001068, 0.916078, 0.400999, 0.37472, -0.001637, -0.400998, 0.916078, 0.0, 0.0, 0.0, 0.0, 1.0]
            ]
        },
        {
            "name": "Knee_R",
            "time": [0.0, 0.6, 0.6667, 1.9],
            "transform": [
                [1.0, 0.0, -0.0, -0.0, -0.0, 0.0, -1.0, 0.37472, -0.0, 1.0, 0.0, -0.0, 0.0, 0.0, 0.0, 1.0],
                [1.0, 0.0, -0.0, -0.0, -1e-06, 0.0, -1.0, 0.37472, -0.0, 1.0, 0.0, 0.0, 0.0, 0.0, 0.0, 1.0],
                [1.0, 0.0, -0.0, -0.0, -0.0, 0.0, -1.0, 0.37472, -0.0, 1.0, 0.0, -0.0, 0.0, 0.0, 0.0, 1.0],
                [1.0, 0.0, -0.0, 0.0, -0.0, 0.0, -1.0, 0.37472, -0.0, 1.0, 0.0, 0.0, 0.0, 0.0, 0.0, 1.0]
            ]
        },
        {
            "name": "Thigh_L",
            "time": [0.0, 0.0667, 0.1, 0.1333, 0.1667, 0.2333, 0.3, 0.3333, 0.3667, 0.4, 0.4333, 0.4667, 0.5, 0.5333, 0.5667, 0.6, 0.6667, 0.7, 0.7333, 0.7667, 0.8, 0.8333, 0.8667, 0.9, 0.9333, 0.9667, 1.0, 1.0333, 1.0667, 1.1, 1.1333, 1.1667, 1.2, 1.5667, 1.7667, 1.9],
            "transform": [
                [0.984725, -0.167634, 0.047037, -0.128579, -0.17408, -0.943109, 0.283276, 0.048184, -0.003125, -0.287139, -0.957884, -0.046041, 0.0, 0.0, 0.0, 1.0],
                [0.986149, -0.165855, 0.001289, -0.124454, -0.107071, -0.630656, 0.768641, 0.062245, -0.126669, -0.758135, -0.639678, 0.014101, 0.0, 0.0, 0.0, 1.0],
                [0.976341, -0.214808, 0.024813, -0.122391, -0.115556, -0.421314, 0.899523, 0.069276, -0.18277, -0.88111, -0.436168, 0.044172, 0.0, 0.0, 0.0, 1.0],
                [0.905659, -0.424002, -0.00203, -0.120328, -0.107012, -0.233202, 0.966522, 0.076306, -0.41028, -0.875124, -0.256575, 0.074244, 0.0, 0.0, 0.0, 1.0],
                [0.650889, -0.757167, 0.055164, -0.123874, -0.186396, -0.088947, 0.978441, 0.079754, -0.735936, -0.647139, -0.199027, 0.064874, 0.0, 0.0, 0.0, 1.0],
                [0.492469, -0.866273, -0.083944, -0.130967, -0.172881, -0.191895, 0.966069, 0.086648, -0.852989, -0.461245, -0.244264, 0.046134, 0.0, 0.0, 0.0, 1.0],
                [0.458415, -0.85755, -0.233376, -0.13806, -0.253709, -0.377936, 0.890391, 0.093542, -0.851757, -0.348958, -0.39082, 0.027395, 0.0, 0.0, 0.0, 1.0],
                [0.565936, -0.744823, -0.353493, -0.132703, -0.416389, -0.628281, 0.657178, 0.070255, -0.711574, -0.22473, -0.665702, 0.020644, 0.0, 0.0, 0.0, 1.0],
                [0.590591, -0.642387, -0.488409, -0.127346, -0.367817, -0.752998, 0.545624, 0.046968, -0.718273, -0.142595, -0.680994, 0.013894, 0.0, 0.0, 0.0, 1.0],
                [0.620749, -0.465534, -0.630833, -0.121989, -0.330422, -0.88502, 0.32797, 0.023681, -0.710978, 0.004854, -0.703197, 0.007143, 0.0, 0.0, 0.0, 1.0],
                [0.707811, -0.197269, -0.678297, -0.116631, -0.300098, -0.953235, -0.035932, 0.000394, -0.639483, 0.22899, -0.733909, 0.000393, 0.0, 0.0, 0.0, 1.0],
                [0.797975, -0.093169, -0.595441, -0.116632, -0.26359, -0.942434, -0.205789, 0.000394, -0.541985, 0.321171, -0.776596, 0.000393, 0.0, 0.0, 0.0, 1.0],
                [0.841739, -0.084599, -0.533207, -0.116631, -0.243186, -0.941193, -0.234578, 0.000394, -0.482001, 0.327126, -0.812812, 0.000392, 0.0, 0.0, 0.0, 1.0],
                [0.869863, -0.092314, -0.484574, -0.116632, -0.226535, -0.947382, -0.226178, 0.000394, -0.438194, 0.30652, -0.845004, 0.000393, 0.0, 0.0, 0.0, 1.0],
                [0.908588, -0.129914, -0.396968, -0.116631, -0.192077, -0.973908, -0.120912, 0.000394, -0.370898, 0.186109, -0.909834, 0.000392, 0.0, 0.0, 0.0, 1.0],
                [0.963422, -0.190604, -0.188375, -0.116631, -0.157489, -0.971447, 0.177469, 0.000394, -0.216821, -0.141311, -0.96593, 0.000393, 0.0, 0.0, 0.0, 1.0],
                [0.896444, -0.395451, 0.200021, -0.116631, -0.439227, -0.852832, 0.282415, 0.000394, 0.058903, -0.341024, -0.938208, 0.000393, 0.0, 0.0, 0.0, 1.0],
                [0.884861, -0.410276, 0.220671, -0.116631, -0.459382, -0.847158, 0.267009, 0.000394, 0.077396, -0.337639, -0.938089, 0.000392, 0.0, 0.0, 0.0, 1.0],
                [0.921549, -0.32493, 0.212531, -0.116631, -0.375837, -0.883922, 0.278263, 0.000394, 0.097445, -0.33631, -0.936697, 0.000393, 0.0, 0.0, 0.0, 1.0],
                [0.947738, -0.255745, 0.190753, -0.114194, -0.299095, -0.920302, 0.252168, 0.010429, 0.11106, -0.296043, -0.948697, 0.014338, 0.0, 0.0, 0.0, 1.0],
                [0.947031, -0.259557, 0.18911, -0.111757, -0.297856, -0.930067, 0.215079, 0.020463, 0.120059, -0.260014, -0.958112, 0.028284, 0.0, 0.0, 0.0, 1.0],
                [0.94065, -0.278536, 0.193895, -0.109321, -0.31341, -0.932125, 0.181441, 0.030498, 0.130196, -0.231442, -0.964098, 0.042229, 0.0, 0.0, 0.0, 1.0],
                [0.935235, -0.293739, 0.197617, -0.106884, -0.324581, -0.934314, 0.147335, 0.040533, 0.141358, -0.201936, -0.969144, 0.056175, 0.0, 0.0, 0.0, 1.0],
                [0.928165, -0.31455, 0.198919, -0.10628, -0.337775, -0.936383, 0.09538, 0.035562, 0.156262, -0.155719, -0.975363, 0.05399, 0.0, 0.0, 0.0, 1.0],
                [0.92682, -0.321444, 0.194108, -0.105677, -0.336495, -0.940391, 0.049404, 0.030591, 0.166656, -0.111105, -0.979736, 0.051806, 0.0, 0.0, 0.0, 1.0],
                [0.933648, -0.306668, 0.185084, -0.105073, -0.319097, -0.946843, 0.040847, 0.02562, 0.162719, -0.097196, -0.981874, 0.049622, 0.0, 0.0, 0.0, 1.0],
                [0.945249, -0.277654, 0.171494, -0.104469, -0.291484, -0.954627, 0.061062, 0.020649, 0.146758, -0.107707, -0.983291, 0.047437, 0.0, 0.0, 0.0, 1.0],
                [0.957436, -0.243289, 0.155322, -0.103866, -0.258929, -0.961725, 0.089698, 0.015678, 0.127554, -0.126098, -0.983784, 0.045253, 0.0, 0.0, 0.0, 1.0],
                [0.967713, -0.210232, 0.139044, -0.104446, -0.226834, -0.96691, 0.116772, 0.017851, 0.109894, -0.144542, -0.983378, 0.041865, 0.0, 0.0, 0.0, 1.0],
                [0.974612, -0.184581, 0.12673, -0.105027, -0.201405, -0.97001, 0.136091, 0.020025, 0.097809, -0.15816, -0.982558, 0.038476, 0.0, 0.0, 0.0, 1.0],
                [0.976769, -0.174906, 0.123812, -0.105607, -0.191228, -0.972184, 0.135254, 0.022198, 0.096711, -0.155789, -0.983045, 0.035088, 0.0, 0.0, 0.0, 1.0],
                [0.974464, -0.181626, 0.132027, -0.106188, -0.196858, -0.973872, 0.113245, 0.024372, 0.108009, -0.136344, -0.984756, 0.0317, 0.0, 0.0, 0.0, 1.0],
                [0.968641, -0.199511, 0.148083, -0.106768, -0.212497, -0.974075, 0.077631, 0.026546, 0.128756, -0.106664, -0.985924, 0.028312, 0.0, 0.0, 0.0, 1.0],
                [0.995968, -0.086733, 0.022886, -0.113154, -0.085066, -0.832304, 0.547757, 0.050455, -0.02846, -0.547497, -0.836325, -0.008958, 0.0, 0.0, 0.0, 1.0],
                [0.991499, -0.12709, 0.027839, -0.130761, -0.120752, -0.819281, 0.560535, 0.042733, -0.04843, -0.559134, -0.827662, -0.002821, 0.0, 0.0, 0.0, 1.0],
                [0.984725, -0.167634, 0.047037, -0.128579, -0.17408, -0.943109, 0.283276, 0.048184, -0.003125, -0.287139, -0.957884, -0.046041, 0.0, 0.0, 0.0, 1.0]
            ]
        },
        {
            "name": "Leg_L",
            "time": [0.0, 0.0333, 0.0667, 0.1, 0.1333, 0.1667, 0.2333, 0.3, 0.3333, 0.3667, 0.4, 0.4333, 0.4667, 0.5, 0.5333, 0.5667, 0.6, 0.6667, 0.7, 0.7333, 0.7667, 0.8, 0.8333, 0.8667, 0.9, 0.9333, 0.9667, 1.0, 1.0333, 1.0667, 1.1, 1.1333, 1.1667, 1.2, 1.5667, 1.7667, 1.9],
            "transform": [
                [0.999997, -0.001678, 0.001003, 0.0, 0.001001, 0.880031, 0.474913, 0.37472, -0.001679, -0.474909, 0.880035, 0.0, 0.0, 0.0, 0.0, 1.0],
                [0.999997, -0.001881, 0.000612, -0.0, 0.000948, 0.727494, 0.686114, 0.37472, -0.001735, -0.68611, 0.727497, -0.0, 0.0, 0.0, 0.0, 1.0],
                [0.999996, -0.001962, 0.000382, 0.0, 0.000891, 0.608486, 0.793565, 0.37472, -0.001789, -0.793562, 0.608488, -0.0, 0.0, 0.0, 0.0, 1.0],
                [0.999996, -0.001957, 0.000452, -0.0, 0.000822, 0.603873, 0.797082, 0.37472, -0.001833, -0.797079, 0.603874, -0.0, 0.0, 0.0, 0.0, 1.0],
                [0.999995, -0.001964, 0.000282, 0.0, 0.000702, 0.483115, 0.875558, 0.37472, -0.001856, -0.875557, 0.483115, -0.0, 0.0, 0.0, 0.0, 1.0],
                [0.999994, -0.00193, -0.000315, -0.0, 0.000591, 0.144558, 0.989496, 0.37472, -0.001864, -0.989498, 0.144558, -0.0, 0.0, 0.0, 0.0, 1.0],
                [0.999993, -0.001909, 0.00042, 0.0, 0.000417, 0.417984, 0.908455, 0.37472, -0.00191, -0.908457, 0.417982, -0.0, 0.0, 0.0, 0.0, 1.0],
                [0.999991, -0.001924, 0.000345, -0.0, 0.000343, 0.346319, 0.938117, 0.37472, -0.001924, -0.938121, 0.346317, -0.0, 0.0, 0.0, 0.0, 1.0],
                [0.999991, -0.001912, 0.000407, 0.0, 0.000405, 0.406356, 0.913716, 0.37472, -0.001912, -0.913721, 0.406353, -0.0, 0.0, 0.0, 0.0, 1.0],
                [0.999991, -0.001875, 0.000552, 0.0, 0.00055, 0.541005, 0.841021, 0.37472, -0.001876, -0.841024, 0.541002, -0.0, 0.0, 0.0, 0.0, 1.0],
                [0.99999, -0.001779, 0.000815, -0.0, 0.000813, 0.756539, 0.653955, 0.37472, -0.001779, -0.653957, 0.756533, 0.0, 0.0, 0.0, 0.0, 1.0],
                [0.999991, -0.001606, 0.001119, -0.0, 0.001117, 0.937724, 0.347395, 0.37472, -0.001607, -0.347396, 0.937718, -0.0, 0.0, 0.0, 0.0, 1.0],
                [0.999991, -0.001467, 0.001292, 0.0, 0.00129, 0.991847, 0.127481, 0.37472, -0.001469, -0.12748, 0.99184, -0.0, 0.0, 0.0, 0.0, 1.0],
                [0.999991, -0.001419, 0.001344, -0.0, 0.001342, 0.99846, 0.055592, 0.37472, -0.001421, -0.055591, 0.998452, -0.0, 0.0, 0.0, 0.0, 1.0],
                [0.999992, -0.001397, 0.001367, 0.0, 0.001364, 0.999729, 0.023488, 0.37472, -0.0014, -0.023486, 0.999722, -0.0, 0.0, 0.0, 0.0, 1.0],
                [0.999992, -0.001437, 0.001326, 0.0, 0.001323, 0.996626, 0.082144, 0.37472, -0.001439, -0.082143, 0.996619, -0.0, 0.0, 0.0, 0.0, 1.0],
                [0.999992, -0.001573, 0.001162, 0.0, 0.001159, 0.955206, 0.295956, 0.37472, -0.001576, -0.295955, 0.955201, 0.0, 0.0, 0.0, 0.0, 1.0],
                [0.999994, -0.001731, 0.000912, -0.0, 0.000909, 0.823697, 0.567034, 0.37472, -0.001732, -0.567034, 0.823694, -0.0, 0.0, 0.0, 0.0, 1.0],
                [0.999995, -0.001721, 0.000931, 0.0, 0.00093, 0.836574, 0.547857, 0.37472, -0.001722, -0.547857, 0.836572, 0.0, 0.0, 0.0, 0.0, 1.0],
                [0.999993, -0.001704, 0.000961, -0.0, 0.000959, 0.8551, 0.518467, 0.37472, -0.001705, -0.518467, 0.855097, 0.0, 0.0, 0.0, 0.0, 1.0],
                [0.999994, -0.001684, 0.000996, 0.0, 0.000994, 0.87564, 0.482969, 0.37472, -0.001686, -0.482969, 0.875637, -0.0, 0.0, 0.0, 0.0, 1.0],
                [0.999994, -0.001662, 0.001032, -0.0, 0.00103, 0.895615, 0.444834, 0.37472, -0.001664, -0.444834, 0.895612, -0.0, 0.0, 0.0, 0.0, 1.0],
                [0.999993, -0.00164, 0.001065, 0.0, 0.001062, 0.912787, 0.408443, 0.37472, -0.001642, -0.408443, 0.912783, -0.0, 0.0, 0.0, 0.0, 1.0],
                [0.999993, -0.001623, 0.001091, 0.0, 0.001088, 0.925292, 0.379263, 0.37472, -0.001625, -0.379263, 0.925288, -0.0, 0.0, 0.0, 0.0, 1.0],
                [0.999994, -0.001612, 0.001108, -0.0, 0.001106, 0.933218, 0.359319, 0.37472, -0.001613, -0.359318, 0.933215, 0.0, 0.0, 0.0, 0.0, 1.0],
                [0.999993, -0.001617, 0.0011, 0.0, 0.001097, 0.929376, 0.369143, 0.37472, -0.001619, -0.369142, 0.929372, 0.0, 0.0, 0.0, 0.0, 1.0],
                [0.999993, -0.001642, 0.001064, -0.0, 0.001061, 0.911872, 0.410482, 0.37472, -0.001644, -0.410482, 0.911868, -0.0, 0.0, 0.0, 0.0, 1.0],
                [0.999992, -0.001678, 0.001007, 0.0, 0.001003, 0.881263, 0.472633, 0.37472, -0.00168, -0.472633, 0.881259, 0.0, 0.0, 0.0, 0.0, 1.0],
                [0.999992, -0.001716, 0.000941, 0.0, 0.000938, 0.842271, 0.539061, 0.37472, -0.001717, -0.539062, 0.842266, 0.0, 0.0, 0.0, 0.0, 1.0],
                [0.999992, -0.001749, 0.000877, 0.0, 0.000874, 0.800354, 0.599533, 0.37472, -0.001751, -0.599534, 0.80035, 0.0, 0.0, 0.0, 0.0, 1.0],
                [0.999992, -0.001775, 0.000824, -0.0, 0.000821, 0.76288, 0.646545, 0.37472, -0.001776, -0.646546, 0.762876, -0.0, 0.0, 0.0, 0.0, 1.0],
                [0.999991, -0.001788, 0.000796, -0.0, 0.000793, 0.741996, 0.670409, 0.37472, -0.001789, -0.670411, 0.741992, -0.0, 0.0, 0.0, 0.0, 1.0],
                [0.999991, -0.001785, 0.000801, -0.0, 0.000799, 0.74632, 0.665592, 0.37472, -0.001786, -0.665593, 0.746316, 0.0, 0.0, 0.0, 0.0, 1.0],
                [0.999992, -0.001772, 0.00083, 0.0, 0.000827, 0.766859, 0.64182, 0.37472, -0.001773, -0.641821, 0.766855, 0.0, 0.0, 0.0, 0.0, 1.0],
                [0.999992, -0.001923, 0.000448, 0.0, 0.000669, 0.543387, 0.839484, 0.37472, -0.001858, -0.839485, 0.543386, -0.0, 0.0, 0.0, 0.0, 1.0],
                [0.999995, -0.001874, 0.000628, 0.0, 0.00088, 0.706386, 0.707828, 0.37472, -0.00177, -0.707825, 0.706387, 0.0, 0.0, 0.0, 0.0, 1.0],
                [0.999997, -0.001678, 0.001003, 0.0, 0.001001, 0.880031, 0.474913, 0.37472, -0.001679, -0.474909, 0.880035, 0.0, 0.0, 0.0, 0.0, 1.0]
            ]
        },
        {
            "name": "Knee_L",
            "time": [0.0, 0.6, 0.6667, 1.9],
            "transform": [
                [1.0, 0.0, -0.0, 0.0, -0.0, 0.0, -1.0, 0.37472, -0.0, 1.0, 0.0, 0.0, 0.0, 0.0, 0.0, 1.0],
                [1.0, 0.0, -0.0, 0.0, -0.0, 0.0, -1.0, 0.37472, -0.0, 1.0, 0.0, 0.0, 0.0, 0.0, 0.0, 1.0],
                [1.0, 0.0, -0.0, -0.0, -0.0, 0.0, -1.0, 0.37472, -0.0, 1.0, 0.0, -0.0, 0.0, 0.0, 0.0, 1.0],
                [1.0, 0.0, -0.0, 0.0, -0.0, 0.0, -1.0, 0.37472, -0.0, 1.0, 0.0, 0.0, 0.0, 0.0, 0.0, 1.0]
            ]
        },
        {
            "name": "Torso",
            "time": [0.0, 0.1333, 0.1667, 0.2333, 0.3, 0.3333, 0.3667, 0.4, 0.4333, 0.4667, 0.5, 0.5333, 0.5667, 0.6, 0.6667, 0.7, 0.7333, 0.7667, 0.8, 0.8333, 0.8667, 0.9, 0.9333, 0.9667, 1.0, 1.0333, 1.0667, 1.1, 1.1333, 1.1667, 1.2, 1.9],
            "transform": [
                [0.957779, 0.055075, -0.282187, -0.0, -0.05927, 0.99822, -0.006342, 0.05, 0.281337, 0.022799, 0.959338, -0.0, 0.0, 0.0, 0.0, 1.0],
                [0.994613, -0.044374, 0.093693, -0.0, 0.033902, 0.993291, 0.110546, 0.05, -0.09797, -0.106774, 0.989445, -0.0, 0.0, 0.0, 0.0, 1.0],
                [0.994604, -0.037503, 0.096746, 0.0, 0.021294, 0.986323, 0.163433, 0.05, -0.101552, -0.16049, 0.981799, -0.0, 0.0, 0.0, 0.0, 1.0],
                [0.996493, -0.013925, 0.082531, -0.0, 0.000644, 0.987308, 0.158806, 0.05, -0.083696, -0.158195, 0.983854, -0.0, 0.0, 0.0, 0.0, 1.0],
                [0.998393, 0.009669, 0.055873, 0.0, -0.017887, 0.988748, 0.148508, 0.05, -0.053809, -0.149268, 0.987332, 0.0, 0.0, 0.0, 0.0, 1.0],
                [0.999753, 0.015187, 0.016343, -0.0, -0.017346, 0.989814, 0.141286, 0.05, -0.01403, -0.141534, 0.989834, 0.0, 0.0, 0.0, 0.0, 1.0],
                [0.99971, 0.010643, -0.021709, 0.0, -0.007587, 0.990636, 0.1363, 0.05, 0.022956, -0.136095, 0.99043, 0.0, 0.0, 0.0, 0.0, 1.0],
                [0.998331, 0.002653, -0.057713, 0.0, 0.005082, 0.99104, 0.133454, 0.05, 0.05755, -0.133525, 0.989373, -0.0, 0.0, 0.0, 0.0, 1.0],
                [0.995288, -0.008149, -0.096634, -0.0, 0.021856, 0.989674, 0.141652, 0.05, 0.094483, -0.143097, 0.985188, 0.0, 0.0, 0.0, 0.0, 1.0],
                [0.991988, -0.017813, -0.125081, 0.0, 0.037304, 0.987167, 0.155261, 0.05, 0.12071, -0.158683, 0.979923, 0.0, 0.0, 0.0, 0.0, 1.0],
                [0.989882, -0.022651, -0.140084, 0.0, 0.045701, 0.985466, 0.163595, 0.05, 0.134344, -0.168341, 0.976531, -0.0, 0.0, 0.0, 0.0, 1.0],
                [0.987844, -0.0271, -0.15308, -0.0, 0.053438, 0.983877, 0.170666, 0.05, 0.145987, -0.176771, 0.973365, 0.0, 0.0, 0.0, 0.0, 1.0],
                [0.983073, -0.03706, -0.179435, 0.0, 0.070752, 0.98015, 0.185192, 0.05, 0.169011, -0.194752, 0.966181, -0.0, 0.0, 0.0, 0.0, 1.0],
                [0.973514, -0.0544, -0.222069, 0.0, 0.102135, 0.972454, 0.20952, 0.05, 0.204554, -0.22665, 0.952254, -0.0, 0.0, 0.0, 0.0, 1.0],
                [0.999547, -0.005629, -0.029612, -0.0, 0.01238, 0.972393, 0.233013, 0.05, 0.027483, -0.233273, 0.972022, 0.0, 0.0, 0.0, 0.0, 1.0],
                [0.998236, 0.008328, 0.058804, 0.0, -0.020725, 0.976723, 0.213495, 0.05, -0.055658, -0.214336, 0.975172, -0.0, 0.0, 0.0, 0.0, 1.0],
                [0.990113, 0.023113, 0.138366, -0.0, -0.048734, 0.981571, 0.184769, 0.05, -0.131546, -0.189685, 0.972993, -0.0, 0.0, 0.0, 0.0, 1.0],
                [0.980522, 0.039094, 0.192485, -0.0, -0.069239, 0.985879, 0.15247, 0.05, -0.183806, -0.162827, 0.969383, -0.0, 0.0, 0.0, 0.0, 1.0],
                [0.976921, 0.051494, 0.207307, 0.0, -0.078343, 0.989251, 0.123458, 0.05, -0.198722, -0.136849, 0.970454, 0.0, 0.0, 0.0, 0.0, 1.0],
                [0.976781, 0.061573, 0.205208, -0.0, -0.082936, 0.991803, 0.097176, 0.05, -0.197544, -0.111938, 0.973882, -0.0, 0.0, 0.0, 0.0, 1.0],
                [0.978014, 0.069455, 0.196636, -0.0, -0.085641, 0.993495, 0.075037, 0.05, -0.190146, -0.090227, 0.977601, -0.0, 0.0, 0.0, 0.0, 1.0],
                [0.981139, 0.076737, 0.177426, -0.0, -0.086855, 0.994965, 0.04997, 0.05, -0.172699, -0.064438, 0.982864, 0.0, 0.0, 0.0, 0.0, 1.0],
                [0.985624, 0.08252, 0.147443, -0.0, -0.086651, 0.995999, 0.021806, 0.05, -0.145054, -0.034268, 0.98883, -0.0, 0.0, 0.0, 0.0, 1.0],
                [0.988522, 0.084769, 0.125063, 0.0, -0.085443, 0.996342, 2.6e-05, 0.05, -0.124603, -0.010711, 0.992149, -0.0, 0.0, 0.0, 0.0, 1.0],
                [0.989587, 0.08449, 0.116544, 0.0, -0.083703, 0.996421, -0.011647, 0.05, -0.117111, 0.001771, 0.993117, 0.0, 0.0, 0.0, 0.0, 1.0],
                [0.99011, 0.081256, 0.11438, -0.0, -0.080697, 0.996691, -0.009521, 0.05, -0.114775, 0.000197, 0.993392, -0.0, 0.0, 0.0, 0.0, 1.0],
                [0.990571, 0.07658, 0.113614, 0.0, -0.077324, 0.997002, 0.002148, 0.05, -0.113109, -0.010913, 0.993523, -0.0, 0.0, 0.0, 0.0, 1.0],
                [0.990856, 0.069853, 0.115443, 0.0, -0.072866, 0.997096, 0.022078, 0.05, -0.113566, -0.030288, 0.993068, 0.0, 0.0, 0.0, 0.0, 1.0],
                [0.991058, 0.062311, 0.118, 0.0, -0.06806, 0.99665, 0.045328, 0.05, -0.114781, -0.052953, 0.991978, -0.0, 0.0, 0.0, 0.0, 1.0],
                [0.991034, 0.054141, 0.122165, -0.0, -0.063737, 0.995062, 0.07606, 0.05, -0.117444, -0.083164, 0.989591, 0.0, 0.0, 0.0, 0.0, 1.0],
                [0.99087, 0.045615, 0.126882, 0.0, -0.059578, 0.992305, 0.108521, 0.05, -0.120956, -0.115089, 0.985963, -0.0, 0.0, 0.0, 0.0, 1.0],
                [0.957779, 0.055075, -0.282187, -0.0, -0.05927, 0.99822, -0.006342, 0.05, 0.281337, 0.022799, 0.959338, 0.0, 0.0, 0.0, 0.0, 1.0]
            ]
        },
        {
            "name": "Chest",
            "time": [0.0, 0.1333, 0.1667, 0.2333, 0.3, 0.3333, 0.3667, 0.4, 0.4333, 0.4667, 0.5, 0.5333, 0.5667, 0.6, 0.6667, 0.7, 0.7333, 0.7667, 0.8, 0.8333, 0.8667, 0.9, 0.9333, 0.9667, 1.0, 1.0333, 1.0667, 1.1, 1.1333, 1.1667, 1.2, 1.9],
            "transform": [
                [0.9988, -0.045362, 0.018507, -0.0, 0.04444, 0.997882, 0.047484, 0.3, -0.020622, -0.046604, 0.9987, -0.0, 0.0, 0.0, 0.0, 1.0],
                [0.958665, 0.05182, 0.27978, -0.0, -0.10118, 0.981093, 0.164979, 0.3, -0.265942, -0.186468, 0.945783, -0.0, 0.0, 0.0, 0.0, 1.0],
                [0.956017, 0.063904, 0.286267, -0.0, -0.098176, 0.989399, 0.107003, 0.3, -0.276394, -0.130401, 0.952156, -0.0, 0.0, 0.0, 0.0, 1.0],
                [0.96401, 0.100119, 0.246299, 0.0, -0.126414, 0.987576, 0.093334, 0.3, -0.233895, -0.12111, 0.964689, 0.0, 0.0, 0.0, 0.0, 1.0],
                [0.975704, 0.144905, 0.164331, 0.0, -0.160637, 0.983188, 0.086805, 0.3, -0.14899, -0.111093, 0.982578, 0.0, 0.0, 0.0, 0.0, 1.0],
                [0.982249, 0.181117, 0.048842, -0.0, -0.184961, 0.978506, 0.09117, 0.3, -0.03128, -0.098585, 0.994637, 0.0, 0.0, 0.0, 0.0, 1.0],
                [0.977056, 0.205007, -0.057766, -0.0, -0.198729, 0.975035, 0.099043, 0.3, 0.076629, -0.08529, 0.993405, 0.0, 0.0, 0.0, 0.0, 1.0],
                [0.964212, 0.213874, -0.156701, 0.0, -0.201195, 0.975133, 0.092925, 0.3, 0.172679, -0.058072, 0.983265, 0.0, 0.0, 0.0, 0.0, 1.0],
                [0.947946, 0.156564, -0.277286, -0.0, -0.16129, 0.986889, 0.005834, 0.3, 0.274565, 0.039193, 0.960769, 0.0, 0.0, 0.0, 0.0, 1.0],
                [0.932549, 0.072094, -0.353774, -0.0, -0.111483, 0.989476, -0.092229, 0.3, 0.343403, 0.125448, 0.930772, 0.0, 0.0, 0.0, 0.0, 1.0],
                [0.919042, 0.035847, -0.392529, -0.0, -0.092528, 0.987647, -0.126442, 0.3, 0.383149, 0.152525, 0.911006, -0.0, 0.0, 0.0, 0.0, 1.0],
                [0.905867, 0.016444, -0.423246, -0.0, -0.084583, 0.986141, -0.142717, 0.3, 0.415035, 0.165081, 0.894703, -0.0, 0.0, 0.0, 0.0, 1.0],
                [0.86795, 0.028872, -0.495813, -0.0, -0.099272, 0.988247, -0.116234, 0.3, 0.486632, 0.150106, 0.860615, -0.0, 0.0, 0.0, 0.0, 1.0],
                [0.788765, 0.088174, -0.608338, 0.0, -0.135136, 0.99032, -0.031677, 0.3, 0.599657, 0.107194, 0.793045, -0.0, 0.0, 0.0, 0.0, 1.0],
                [0.973164, 0.211201, -0.091367, 0.0, -0.213209, 0.976923, -0.012686, 0.3, 0.08658, 0.031826, 0.995736, 0.0, 0.0, 0.0, 0.0, 1.0],
                [0.958402, 0.240914, 0.15306, 0.0, -0.240278, 0.970433, -0.022919, 0.3, -0.154056, -0.014811, 0.987951, -0.0, 0.0, 0.0, 0.0, 1.0],
                [0.884218, 0.265086, 0.384563, -0.0, -0.270473, 0.961848, -0.041128, 0.3, -0.380794, -0.067647, 0.922182, 0.0, 0.0, 0.0, 0.0, 1.0],
                [0.798531, 0.271115, 0.537443, 0.0, -0.290573, 0.95553, -0.050289, 0.3, -0.527177, -0.116009, 0.841799, 0.0, 0.0, 0.0, 0.0, 1.0],
                [0.774563, 0.248223, 0.581755, -0.0, -0.286434, 0.957711, -0.027273, 0.3, -0.563925, -0.14551, 0.812906, -0.0, 0.0, 0.0, 0.0, 1.0],
                [0.785184, 0.21704, 0.579983, 0.0, -0.272943, 0.961982, 0.00952, 0.3, -0.555868, -0.165777, 0.814572, -0.0, 0.0, 0.0, 0.0, 1.0],
                [0.804718, 0.185198, 0.564031, 0.0, -0.255335, 0.965699, 0.047208, 0.3, -0.535943, -0.182006, 0.824402, 0.0, 0.0, 0.0, 0.0, 1.0],
                [0.84284, 0.138752, 0.51997, 0.0, -0.222882, 0.969432, 0.102588, 0.3, -0.489843, -0.202357, 0.848001, -0.0, 0.0, 0.0, 0.0, 1.0],
                [0.894386, 0.081662, 0.43978, 0.0, -0.173388, 0.969615, 0.172573, 0.3, -0.412326, -0.2306, 0.881368, -0.0, 0.0, 0.0, 0.0, 1.0],
                [0.926414, 0.040257, 0.374351, 0.0, -0.13161, 0.966169, 0.221796, 0.3, -0.352758, -0.254743, 0.900371, 0.0, 0.0, 0.0, 0.0, 1.0],
                [0.936724, 0.019708, 0.349513, -0.0, -0.109263, 0.964995, 0.238421, 0.3, -0.33258, -0.261524, 0.906088, -0.0, 0.0, 0.0, 0.0, 1.0],
                [0.940351, 0.005096, 0.340168, 0.0, -0.092457, 0.966083, 0.241112, 0.3, -0.327402, -0.258181, 0.908928, 0.0, 0.0, 0.0, 0.0, 1.0],
                [0.942342, -0.00994, 0.334504, 0.0, -0.074324, 0.968379, 0.238157, 0.3, -0.326294, -0.249287, 0.911805, -0.0, 0.0, 0.0, 0.0, 1.0],
                [0.942306, -0.023385, 0.333936, 0.0, -0.058125, 0.970974, 0.232013, 0.3, -0.32967, -0.238037, 0.913595, -0.0, 0.0, 0.0, 0.0, 1.0],
                [0.940945, -0.034458, 0.336802, -0.0, -0.045343, 0.973018, 0.226228, 0.3, -0.33551, -0.22814, 0.913994, 0.0, 0.0, 0.0, 0.0, 1.0],
                [0.93668, -0.041206, 0.347757, -0.0, -0.039705, 0.974151, 0.222374, 0.3, -0.347933, -0.2221, 0.910832, 0.0, 0.0, 0.0, 0.0, 1.0],
                [0.931732, -0.047119, 0.360079, 0.0, -0.035313, 0.975091, 0.218973, 0.3, -0.361429, -0.21674, 0.906859, -0.0, 0.0, 0.0, 0.0, 1.0],
                [0.9988, -0.045362, 0.018507, 0.0, 0.04444, 0.997882, 0.047484, 0.3, -0.020622, -0.046604, 0.9987, -0.0, 0.0, 0.0, 0.0, 1.0]
            ]
        },
        {
            "name": "Head",
