{
    "animation": [
        {
            "name": "Root",
            "time": [0.0, 0.0667, 0.1, 0.1333, 0.1667, 0.2, 0.2333, 0.2667, 0.3, 0.3333, 0.3667, 0.4, 0.4333, 0.4667, 0.5, 0.5333, 0.5667, 0.6, 0.6333, 0.6667, 0.7, 0.7333, 0.7667, 1.0667, 1.1, 1.1333, 1.1667, 1.2, 1.2333, 1.2667, 1.3, 1.3333, 1.3667, 1.4, 1.4333, 1.4667, 1.5, 1.5333, 1.5667, 1.9333],
            "transform": [
                [0.762101, 0.149073, 0.630063, 0.002048, 0.596179, 0.217989, -0.772691, -0.010305, -0.252535, 0.964499, 0.077256, 0.562478, 0.0, 0.0, 0.0, 1.0],
                [0.693188, 0.067546, 0.717585, 0.004048, 0.66109, 0.33705, -0.670341, -0.009881, -0.287141, 0.93906, 0.188985, 0.522229, 0.0, 0.0, 0.0, 1.0],
                [0.685567, 0.048527, 0.726391, 0.007066, 0.674576, 0.332865, -0.6589, -0.024453, -0.273764, 0.941725, 0.195466, 0.48227, 0.0, 0.0, 0.0, 1.0],
                [0.679051, 0.024871, 0.73367, 0.011298, 0.685829, 0.334903, -0.646125, -0.037021, -0.261778, 0.941924, 0.210359, 0.440553, 0.0, 0.0, 0.0, 1.0],
                [0.676032, 0.007137, 0.736837, 0.015662, 0.687802, 0.352689, -0.634459, -0.036559, -0.264403, 0.935713, 0.23352, 0.430458, 0.0, 0.0, 0.0, 1.0],
                [0.679106, -0.009751, 0.733975, 0.021168, 0.679427, 0.38682, -0.623497, -0.022915, -0.277836, 0.922104, 0.269317, 0.444908, 0.0, 0.0, 0.0, 1.0],
                [0.738705, -0.010004, 0.673955, 0.020986, 0.620848, 0.399381, -0.674568, 0.010113, -0.262417, 0.91673, 0.301236, 0.471465, 0.0, 0.0, 0.0, 1.0],
                [0.861536, 0.014588, 0.507487, 0.009021, 0.470567, 0.35229, -0.808986, 0.058492, -0.190584, 0.935777, 0.296646, 0.498639, 0.0, 0.0, 0.0, 1.0],
                [0.936632, 0.034276, 0.348632, -0.002537, 0.326237, 0.277229, -0.903722, 0.113658, -0.127627, 0.960192, 0.248479, 0.530066, 0.0, 0.0, 0.0, 1.0],
                [0.982183, 0.056658, 0.179185, -0.016465, 0.174844, 0.074061, -0.981806, 0.231532, -0.068898, 0.995643, 0.062835, 0.559904, 0.0, 0.0, 0.0, 1.0],
                [0.99882, 0.047212, 0.011402, -0.031554, 0.018578, -0.154473, -0.987822, 0.417506, -0.044876, 0.986868, -0.155167, 0.582846, 0.0, 0.0, 0.0, 1.0],
                [0.996657, 0.027081, -0.077077, -0.040571, -0.069766, -0.208761, -0.975475, 0.549361, -0.042508, 0.977592, -0.206174, 0.602139, 0.0, 0.0, 0.0, 1.0],
                [0.996716, 0.028856, -0.075663, -0.041154, -0.070968, -0.138747, -0.987781, 0.592006, -0.039001, 0.989907, -0.136243, 0.591453, 0.0, 0.0, 0.0, 1.0],
                [0.997232, 0.032374, -0.066929, -0.041165, -0.06454, -0.069934, -0.995462, 0.625046, -0.036908, 0.997026, -0.067651, 0.567659, 0.0, 0.0, 0.0, 1.0],
                [0.997506, 0.041967, -0.05675, -0.04249, -0.061067, 0.109987, -0.992055, 0.702078, -0.035392, 0.993047, 0.112276, 0.455976, 0.0, 0.0, 0.0, 1.0],
                [0.996679, 0.075219, -0.031185, -0.045887, -0.051764, 0.289651, -0.955731, 0.85342, -0.062856, 0.954172, 0.292583, 0.354511, 0.0, 0.0, 0.0, 1.0],
                [0.994385, 0.105794, -0.002364, -0.049769, -0.041626, 0.370516, -0.927893, 0.951707, -0.097289, 0.922782, 0.372839, 0.366104, 0.0, 0.0, 0.0, 1.0],
                [0.991498, 0.126406, 0.030855, -0.054949, -0.017826, 0.366855, -0.930108, 1.007535, -0.128891, 0.92165, 0.36599, 0.410591, 0.0, 0.0, 0.0, 1.0],
                [0.988329, 0.140521, 0.058812, -0.06136, 0.007003, 0.343759, -0.939032, 1.040869, -0.152171, 0.928485, 0.338763, 0.463648, 0.0, 0.0, 0.0, 1.0],
                [0.98714, 0.137092, 0.082215, -0.071092, 0.030952, 0.340662, -0.939676, 1.068218, -0.156829, 0.930137, 0.332039, 0.498199, 0.0, 0.0, 0.0, 1.0],
                [0.986259, 0.129033, 0.103172, -0.077797, 0.053884, 0.339108, -0.939203, 1.085793, -0.156175, 0.931857, 0.327495, 0.521339, 0.0, 0.0, 0.0, 1.0],
                [0.985199, 0.120502, 0.121911, -0.073192, 0.075373, 0.334226, -0.939474, 1.095169, -0.153955, 0.934758, 0.320197, 0.532163, 0.0, 0.0, 0.0, 1.0],
                [0.984681, 0.112973, 0.132817, -0.065185, 0.088809, 0.330571, -0.939593, 1.096767, -0.150054, 0.936995, 0.315474, 0.533526, 0.0, 0.0, 0.0, 1.0],
                [0.995595, 0.050841, 0.078781, -0.067534, 0.059245, 0.310127, -0.948847, 1.081215, -0.072673, 0.949335, 0.305749, 0.550715, 0.0, 0.0, 0.0, 1.0],
                [0.995554, 0.043957, 0.083312, -0.076814, 0.067097, 0.289848, -0.954718, 1.088065, -0.066114, 0.956063, 0.28561, 0.565182, 0.0, 0.0, 0.0, 1.0],
                [0.995654, 0.036334, 0.085754, -0.086928, 0.073205, 0.263904, -0.961767, 1.0952, -0.057576, 0.963864, 0.260097, 0.579654, 0.0, 0.0, 0.0, 1.0],
                [0.995687, 0.029075, 0.088107, -0.097597, 0.078776, 0.23676, -0.968369, 1.102594, -0.049016, 0.971133, 0.233448, 0.596194, 0.0, 0.0, 0.0, 1.0],
                [0.995697, 0.021818, 0.090057, -0.108546, 0.08356, 0.208643, -0.974416, 1.110221, -0.04005, 0.977748, 0.205922, 0.612733, 0.0, 0.0, 0.0, 1.0],
                [0.995619, 0.01487, 0.092309, -0.119497, 0.088129, 0.180541, -0.979611, 1.118055, -0.031233, 0.983455, 0.178439, 0.629273, 0.0, 0.0, 0.0, 1.0],
                [0.997712, 0.014057, 0.066123, -0.130174, 0.062995, 0.161537, -0.984854, 1.126074, -0.024526, 0.986766, 0.160282, 0.645813, 0.0, 0.0, 0.0, 1.0],
                [0.999124, 0.012736, 0.039868, -0.140297, 0.037651, 0.14247, -0.989083, 1.134248, -0.018276, 0.989717, 0.141866, 0.660591, 0.0, 0.0, 0.0, 1.0],
                [0.999848, 0.010905, 0.013585, -0.149644, 0.012137, 0.123369, -0.992286, 1.142607, -0.012497, 0.992301, 0.123218, 0.675442, 0.0, 0.0, 0.0, 1.0],
                [0.999883, 0.008567, -0.012684, -0.157782, -0.013508, 0.104265, -0.994458, 1.150967, -0.007197, 0.994513, 0.104369, 0.687004, 0.0, 0.0, 0.0, 1.0],
                [0.999227, 0.005724, -0.038897, -0.164587, -0.039244, 0.085188, -0.995592, 1.159459, -0.002385, 0.996348, 0.085347, 0.697467, 0.0, 0.0, 0.0, 1.0],
                [0.997881, 0.002382, -0.065014, -0.169534, -0.065029, 0.066167, -0.995687, 1.16862, 0.00193, 0.997806, 0.066182, 0.704014, 0.0, 0.0, 0.0, 1.0],
                [0.995851, -0.001453, -0.090992, -0.172598, -0.090822, 0.047234, -0.994746, 1.178769, 0.005743, 0.998883, 0.046906, 0.706486, 0.0, 0.0, 0.0, 1.0],
                [0.99314, -0.005773, -0.116792, -0.174177, -0.116583, 0.028417, -0.992774, 1.189482, 0.00905, 0.99958, 0.027549, 0.707667, 0.0, 0.0, 0.0, 1.0],
                [0.994154, -0.005383, -0.10784, -0.174671, -0.107662, 0.026503, -0.993834, 1.200335, 0.008208, 0.999634, 0.025769, 0.706005, 0.0, 0.0, 0.0, 1.0],
                [0.995087, -0.004976, -0.098879, -0.174479, -0.098729, 0.024593, -0.99481, 1.210901, 0.007381, 0.999685, 0.023981, 0.704393, 0.0, 0.0, 0.0, 1.0],
                [1.0, 0.000632, 1e-06, -0.174934, -1e-06, 0.003856, -0.999993, 1.22518, -0.000632, 0.999992, 0.003856, 0.670506, 0.0, 0.0, 0.0, 1.0]
            ]
        },
        {
            "name": "Thigh_R",
            "time": [0.0, 0.0667, 0.1, 0.1333, 0.1667, 0.2, 0.2333, 0.2667, 0.3, 0.3333, 0.3667, 0.4, 0.4333, 0.4667, 0.5, 0.5333, 0.5667, 0.6, 0.6333, 0.6667, 0.7, 0.7333, 0.7667, 1.0667, 1.1, 1.1333, 1.1667, 1.2, 1.2333, 1.2667, 1.3, 1.3333, 1.3667, 1.4, 1.4333, 1.4667, 1.5, 1.5333, 1.5667, 1.9333],
            "transform": [
                [0.621305, 0.697086, 0.357844, 0.128567, 0.240954, -0.604527, 0.759269, 0.048184, 0.7456, -0.385515, -0.54356, -0.046042, 0.0, 0.0, 0.0, 1.0],
                [0.588828, 0.780479, 0.210084, 0.128567, 0.227922, -0.409712, 0.883282, 0.048184, 0.775455, -0.472221, -0.419138, -0.046041, 0.0, 0.0, 0.0, 1.0],
                [0.591722, 0.790671, 0.157183, 0.128567, 0.221222, -0.346762, 0.911491, 0.048184, 0.775192, -0.504579, -0.380101, -0.046041, 0.0, 0.0, 0.0, 1.0],
                [0.597034, 0.795661, 0.102349, 0.128567, 0.209394, -0.277725, 0.937562, 0.048184, 0.774404, -0.538327, -0.332417, -0.046041, 0.0, 0.0, 0.0, 1.0],
                [0.600816, 0.794468, 0.088558, 0.128567, 0.190609, -0.249968, 0.949306, 0.048184, 0.776328, -0.553481, -0.301617, -0.046041, 0.0, 0.0, 0.0, 1.0],
                [0.605066, 0.788675, 0.109031, 0.128567, 0.159513, -0.254251, 0.953893, 0.048184, 0.78003, -0.559779, -0.279642, -0.046041, 0.0, 0.0, 0.0, 1.0],
                [0.647536, 0.742848, 0.169925, 0.128567, 0.128156, -0.325972, 0.936652, 0.048184, 0.751179, -0.584741, -0.306279, -0.046041, 0.0, 0.0, 0.0, 1.0],
                [0.731588, 0.637632, 0.241256, 0.128567, 0.12076, -0.469489, 0.874641, 0.048184, 0.670964, -0.610746, -0.420473, -0.046041, 0.0, 0.0, 0.0, 1.0],
                [0.803713, 0.532204, 0.266091, 0.128567, 0.151785, -0.615785, 0.773156, 0.048184, 0.57533, -0.581009, -0.575695, -0.046041, 0.0, 0.0, 0.0, 1.0],
                [0.878653, 0.398133, 0.26355, 0.128567, 0.256566, -0.859225, 0.442616, 0.048184, 0.402668, -0.321289, -0.857106, -0.046041, 0.0, 0.0, 0.0, 1.0],
                [0.959384, 0.263413, 0.100964, 0.128567, 0.277841, -0.944261, -0.176577, 0.048184, 0.048824, 0.197458, -0.979095, -0.046041, 0.0, 0.0, 0.0, 1.0],
                [0.968954, 0.245808, 0.026535, 0.128567, 0.196144, -0.698946, -0.687753, 0.048184, -0.150508, 0.671608, -0.72546, -0.046042, 0.0, 0.0, 0.0, 1.0],
                [0.970491, 0.22932, 0.074548, 0.128567, 0.22058, -0.719392, -0.658651, 0.048184, -0.097412, 0.655661, -0.748746, -0.046041, 0.0, 0.0, 0.0, 1.0],
                [0.9711, 0.216657, 0.100108, 0.128567, 0.235402, -0.800353, -0.551383, 0.048184, -0.039339, 0.559016, -0.828223, -0.046041, 0.0, 0.0, 0.0, 1.0],
                [0.959354, 0.233944, 0.157825, 0.128567, 0.28044, -0.852736, -0.440679, 0.048184, 0.031489, 0.467029, -0.883681, -0.046042, 0.0, 0.0, 0.0, 1.0],
                [0.942607, 0.277081, 0.186323, 0.128567, 0.318869, -0.912535, -0.256133, 0.048184, 0.099056, 0.300847, -0.948514, -0.046042, 0.0, 0.0, 0.0, 1.0],
                [0.928605, 0.319426, 0.188834, 0.128567, 0.34004, -0.936243, -0.08846, 0.048184, 0.148537, 0.146356, -0.978016, -0.046042, 0.0, 0.0, 0.0, 1.0],
                [0.91301, 0.360672, 0.190592, 0.128567, 0.361921, -0.931745, 0.029458, 0.048183, 0.188208, 0.042084, -0.981227, -0.046041, 0.0, 0.0, 0.0, 1.0],
                [0.901553, 0.388577, 0.190282, 0.128567, 0.374328, -0.921064, 0.107341, 0.048184, 0.216972, -0.025546, -0.975843, -0.046042, 0.0, 0.0, 0.0, 1.0],
                [0.898252, 0.389289, 0.203953, 0.128567, 0.372924, -0.920717, 0.114942, 0.048184, 0.232527, -0.027188, -0.972209, -0.046041, 0.0, 0.0, 0.0, 1.0],
                [0.901038, 0.371629, 0.223653, 0.128567, 0.362025, -0.928368, 0.084096, 0.048184, 0.238884, 0.005194, -0.971034, -0.046041, 0.0, 0.0, 0.0, 1.0],
                [0.906714, 0.337958, 0.252293, 0.128567, 0.344536, -0.938582, 0.019035, 0.048184, 0.243229, 0.069665, -0.967463, -0.046042, 0.0, 0.0, 0.0, 1.0],
                [0.910799, 0.309187, 0.27358, 0.128567, 0.329263, -0.943777, -0.029576, 0.048184, 0.249053, 0.117019, -0.961394, -0.046042, 0.0, 0.0, 0.0, 1.0],
                [0.926153, 0.280668, 0.251921, 0.128567, 0.299265, -0.953415, -0.038003, 0.048184, 0.229518, 0.110588, -0.967001, -0.046041, 0.0, 0.0, 0.0, 1.0],
                [0.918372, 0.278049, 0.281566, 0.128567, 0.314852, -0.944447, -0.094295, 0.048184, 0.239705, 0.17525, -0.954897, -0.046041, 0.0, 0.0, 0.0, 1.0],
                [0.913662, 0.279975, 0.294676, 0.128567, 0.322714, -0.94042, -0.107097, 0.048184, 0.247134, 0.192947, -0.949576, -0.046042, 0.0, 0.0, 0.0, 1.0],
                [0.913706, 0.28396, 0.290699, 0.128567, 0.316698, -0.945828, -0.071529, 0.048184, 0.254638, 0.157421, -0.954137, -0.046041, 0.0, 0.0, 0.0, 1.0],
                [0.914924, 0.290391, 0.280331, 0.128567, 0.306999, -0.951573, -0.016246, 0.048184, 0.262038, 0.100926, -0.959765, -0.046041, 0.0, 0.0, 0.0, 1.0],
                [0.917482, 0.297131, 0.264457, 0.128567, 0.292647, -0.954513, 0.057153, 0.048184, 0.269409, 0.024956, -0.962702, -0.046041, 0.0, 0.0, 0.0, 1.0],
                [0.921004, 0.302339, 0.245642, 0.128567, 0.274741, -0.951183, 0.140609, 0.048184, 0.276161, -0.062014, -0.959108, -0.046041, 0.0, 0.0, 0.0, 1.0],
                [0.925848, 0.304247, 0.224137, 0.128567, 0.251922, -0.939028, 0.234021, 0.048184, 0.28167, -0.160204, -0.946042, -0.046042, 0.0, 0.0, 0.0, 1.0],
                [0.932206, 0.300438, 0.201807, 0.128567, 0.222549, -0.915561, 0.334999, 0.048184, 0.285412, -0.267377, -0.920352, -0.046041, 0.0, 0.0, 0.0, 1.0],
                [0.938375, 0.290655, 0.187002, 0.128567, 0.194456, -0.891314, 0.409572, 0.048184, 0.285721, -0.34797, -0.892906, -0.046041, 0.0, 0.0, 0.0, 1.0],
                [0.944382, 0.276754, 0.177614, 0.128567, 0.170234, -0.873552, 0.455995, 0.048184, 0.281352, -0.4004, -0.872079, -0.046041, 0.0, 0.0, 0.0, 1.0],
                [0.950008, 0.259623, 0.173428, 0.128567, 0.151024, -0.86828, 0.472529, 0.048184, 0.273263, -0.422717, -0.864082, -0.046042, 0.0, 0.0, 0.0, 1.0],
                [0.955521, 0.238909, 0.172918, 0.128567, 0.133991, -0.873988, 0.467112, 0.048184, 0.262725, -0.423167, -0.867124, -0.046041, 0.0, 0.0, 0.0, 1.0],
                [0.961137, 0.215641, 0.17237, 0.128567, 0.117121, -0.88392, 0.452737, 0.048184, 0.249989, -0.414956, -0.874824, -0.046042, 0.0, 0.0, 0.0, 1.0],
                [0.96647, 0.19227, 0.17019, 0.128567, 0.101565, -0.895004, 0.434346, 0.048184, 0.235831, -0.402499, -0.884521, -0.046042, 0.0, 0.0, 0.0, 1.0],
                [0.971251, 0.171804, 0.164778, 0.128567, 0.087874, -0.902063, 0.422567, 0.048184, 0.221238, -0.395941, -0.891226, -0.046042, 0.0, 0.0, 0.0, 1.0],
                [0.860516, 0.267304, 0.433662, 0.096351, 0.232828, -0.963531, 0.131908, 0.058238, 0.453106, -0.012541, -0.891369, 0.033027, 0.0, 0.0, 0.0, 1.0]
            ]
        },
        {
            "name": "Leg_R",
            "time": [0.0, 0.0667, 0.1, 0.1333, 0.1667, 0.2, 0.2333, 0.2667, 0.3, 0.3333, 0.3667, 0.4, 0.4333, 0.4667, 0.5, 0.5333, 0.5667, 0.6, 0.6333, 0.6667, 0.7, 0.7333, 0.7667, 1.0667, 1.1, 1.1333, 1.1667, 1.2, 1.2333, 1.2667, 1.3, 1.3333, 1.3667, 1.4, 1.4333, 1.4667, 1.5, 1.5333, 1.5667, 1.9333],
            "transform": [
                [0.999997, -0.001932, 0.000304, 0.0, 0.000301, 0.305417, 0.95222, 0.37472, -0.001932, -0.952217, 0.305417, 0.0, 0.0, 0.0, 0.0, 1.0],
                [0.999997, -0.001954, 5.2e-05, 0.0, 5e-05, 0.052062, 0.998645, 0.37472, -0.001954, -0.998642, 0.052062, 0.0, 0.0, 0.0, 0.0, 1.0],
                [0.999997, -0.001954, -6.1e-05, 0.0, -6.4e-05, -0.064115, 0.997943, 0.37472, -0.001954, -0.997941, -0.064115, 0.0, 0.0, 0.0, 0.0, 1.0],
                [0.999997, -0.001948, -0.000169, -0.0, -0.000171, -0.172949, 0.984932, 0.37472, -0.001948, -0.98493, -0.172949, 0.0, 0.0, 0.0, 0.0, 1.0],
                [0.999997, -0.001945, -0.000199, 0.0, -0.000201, -0.203396, 0.979097, 0.37472, -0.001945, -0.979095, -0.203396, 0.0, 0.0, 0.0, 0.0, 1.0],
                [0.999997, -0.001948, -0.000167, 0.0, -0.000168, -0.170817, 0.985304, 0.37472, -0.001948, -0.985301, -0.170817, 0.0, 0.0, 0.0, 0.0, 1.0],
                [0.999997, -0.001953, -8.9e-05, -0.0, -9.1e-05, -0.092391, 0.995724, 0.37472, -0.001953, -0.99572, -0.092391, 0.0, 0.0, 0.0, 0.0, 1.0],
                [0.999997, -0.001955, 3.4e-05, -0.0, 3.2e-05, 0.034024, 0.999422, 0.37472, -0.001955, -0.999419, 0.034024, 0.0, 0.0, 0.0, 0.0, 1.0],
                [0.999997, -0.001949, 0.000149, 0.0, 0.000147, 0.151114, 0.988517, 0.37472, -0.001949, -0.988515, 0.151114, 0.0, 0.0, 0.0, 0.0, 1.0],
                [0.999998, -0.001918, 0.00039, 0.0, 0.000388, 0.389506, 0.921024, 0.37472, -0.001918, -0.92102, 0.389507, -0.0, 0.0, 0.0, 0.0, 1.0],
                [0.999997, -0.001792, 0.000799, 0.0, 0.000797, 0.743337, 0.668917, 0.37472, -0.001793, -0.668913, 0.74334, 0.0, 0.0, 0.0, 0.0, 1.0],
                [0.999997, -0.001445, 0.001318, 0.0, 0.001315, 0.995574, 0.093944, 0.37472, -0.001448, -0.093941, 0.99558, 0.0, 0.0, 0.0, 0.0, 1.0],
                [0.999997, -0.001459, 0.0013, 0.0, 0.001297, 0.993099, 0.117247, 0.37472, -0.001462, -0.117245, 0.993105, 0.0, 0.0, 0.0, 0.0, 1.0],
                [0.999998, -0.001583, 0.001148, -0.0, 0.001145, 0.949936, 0.312436, 0.37472, -0.001585, -0.312433, 0.949941, -0.0, 0.0, 0.0, 0.0, 1.0],
                [0.999997, -0.001744, 0.000888, 0.0, 0.000886, 0.808026, 0.589145, 0.37472, -0.001745, -0.58914, 0.80803, 0.0, 0.0, 0.0, 0.0, 1.0],
                [0.999997, -0.001827, 0.000697, 0.0, 0.000694, 0.664877, 0.746953, 0.37472, -0.001828, -0.746949, 0.664879, 0.0, 0.0, 0.0, 0.0, 1.0],
                [0.999998, -0.00186, 0.0006, 0.0, 0.000597, 0.582909, 0.812538, 0.37472, -0.001861, -0.812533, 0.582911, -0.0, 0.0, 0.0, 0.0, 1.0],
                [0.999998, -0.001882, 0.00053, -0.0, 0.000528, 0.520812, 0.853672, 0.37472, -0.001883, -0.853668, 0.520813, 0.0, 0.0, 0.0, 0.0, 1.0],
                [0.999997, -0.00189, 0.000499, 0.0, 0.000496, 0.491984, 0.870605, 0.37472, -0.001891, -0.870602, 0.491985, -0.0, 0.0, 0.0, 0.0, 1.0],
                [0.999997, -0.001882, 0.00053, 0.0, 0.000528, 0.520811, 0.853673, 0.37472, -0.001882, -0.853669, 0.520813, -0.0, 0.0, 0.0, 0.0, 1.0],
                [0.999998, -0.001858, 0.000611, 0.0, 0.000609, 0.59271, 0.805417, 0.37472, -0.001859, -0.805412, 0.592712, 0.0, 0.0, 0.0, 0.0, 1.0],
                [0.999997, -0.001827, 0.000696, -0.0, 0.000694, 0.664877, 0.746953, 0.37472, -0.001827, -0.746949, 0.664879, 0.0, 0.0, 0.0, 0.0, 1.0],
                [0.999997, -0.001805, 0.00075, -0.0, 0.000747, 0.707542, 0.706671, 0.37472, -0.001806, -0.706667, 0.707545, 0.0, 0.0, 0.0, 0.0, 1.0],
                [0.999997, -0.001802, 0.000759, -0.0, 0.000756, 0.71437, 0.699768, 0.37472, -0.001803, -0.699764, 0.714373, -0.0, 0.0, 0.0, 0.0, 1.0],
                [0.999998, -0.001767, 0.000836, 0.0, 0.000834, 0.772197, 0.635382, 0.37472, -0.001769, -0.635377, 0.772201, -0.0, 0.0, 0.0, 0.0, 1.0],
                [0.999998, -0.001757, 0.000857, -0.0, 0.000853, 0.786875, 0.617111, 0.37472, -0.001759, -0.617107, 0.786878, 0.0, 0.0, 0.0, 0.0, 1.0],
                [0.999997, -0.00178, 0.000809, 0.0, 0.000806, 0.752191, 0.658945, 0.37472, -0.001781, -0.658941, 0.752194, 0.0, 0.0, 0.0, 0.0, 1.0],
                [0.999998, -0.001811, 0.000736, 0.0, 0.000734, 0.696878, 0.717189, 0.37472, -0.001812, -0.717185, 0.696881, -0.0, 0.0, 0.0, 0.0, 1.0],
                [0.999997, -0.001844, 0.000649, -0.0, 0.000646, 0.624714, 0.780854, 0.37472, -0.001845, -0.78085, 0.624716, 0.0, 0.0, 0.0, 0.0, 1.0],
                [0.999997, -0.001875, 0.000554, 0.0, 0.000552, 0.542871, 0.839817, 0.37472, -0.001876, -0.839813, 0.542872, -0.0, 0.0, 0.0, 0.0, 1.0],
                [0.999997, -0.001902, 0.00046, 0.0, 0.000458, 0.456126, 0.889916, 0.37472, -0.001902, -0.889912, 0.456127, -0.0, 0.0, 0.0, 0.0, 1.0],
                [0.999997, -0.001919, 0.000373, 0.0, 0.000371, 0.373275, 0.927721, 0.37472, -0.00192, -0.927719, 0.373275, -0.0, 0.0, 0.0, 0.0, 1.0],
                [0.999997, -0.001928, 0.000325, 0.0, 0.000322, 0.326427, 0.945223, 0.37472, -0.001928, -0.945219, 0.326428, -0.0, 0.0, 0.0, 0.0, 1.0],
                [0.999997, -0.00193, 0.000311, -0.0, 0.000309, 0.312727, 0.949844, 0.37472, -0.00193, -0.949841, 0.312727, 0.0, 0.0, 0.0, 0.0, 1.0],
                [0.999997, -0.001927, 0.000327, -0.0, 0.000325, 0.328831, 0.94439, 0.37472, -0.001928, -0.944387, 0.328832, -0.0, 0.0, 0.0, 0.0, 1.0],
                [0.999998, -0.001919, 0.00037, 0.0, 0.000368, 0.370584, 0.9288, 0.37472, -0.00192, -0.928796, 0.370584, 0.0, 0.0, 0.0, 0.0, 1.0],
                [0.999997, -0.001906, 0.000438, 0.0, 0.000435, 0.434746, 0.900554, 0.37472, -0.001907, -0.90055, 0.434747, -0.0, 0.0, 0.0, 0.0, 1.0],
                [0.999997, -0.001883, 0.000526, 0.0, 0.000522, 0.516745, 0.85614, 0.37472, -0.001884, -0.856137, 0.516746, 0.0, 0.0, 0.0, 0.0, 1.0],
                [0.999997, -0.001854, 0.000622, 0.0, 0.000619, 0.601999, 0.798497, 0.37472, -0.001855, -0.798494, 0.602, -0.0, 0.0, 0.0, 0.0, 1.0],
                [0.999997, -0.001635, 0.001071, -0.0, 0.001068, 0.916078, 0.400999, 0.37472, -0.001637, -0.400998, 0.916078, -0.0, 0.0, 0.0, 0.0, 1.0]
            ]
        },
        {
            "name": "Knee_R",
            "time": [0.0, 1.9333],
            "transform": [
                [1.0, 0.0, -0.0, 0.0, -0.0, 0.0, -1.0, 0.37472, -0.0, 1.0, 0.0, 0.0, 0.0, 0.0, 0.0, 1.0],
                [1.0, 0.0, -0.0, -0.0, -0.0, 0.0, -1.0, 0.37472, -0.0, 1.0, 0.0, -0.0, 0.0, 0.0, 0.0, 1.0]
            ]
        },
        {
            "name": "Thigh_L",
            "time": [0.0, 0.0667, 0.1, 0.1333, 0.1667, 0.2, 0.2333, 0.2667, 0.3, 0.3333, 0.3667, 0.5, 0.5333, 0.6, 0.6333, 0.6667, 0.7, 0.7333, 0.7667, 1.0667, 1.1, 1.1333, 1.1667, 1.2, 1.2333, 1.2667, 1.3, 1.3333, 1.3667, 1.4, 1.4333, 1.4667, 1.5, 1.5333, 1.5667, 1.9333],
            "transform": [
                [0.955534, -0.199599, 0.217069, -0.110279, -0.21877, -0.973407, 0.067952, 0.019671, 0.197734, -0.112419, -0.973788, 0.082316, 0.0, 0.0, 0.0, 1.0],
                [0.957335, -0.133941, 0.256075, -0.116632, -0.232144, -0.884174, 0.405394, 0.000394, 0.172116, -0.447543, -0.877543, 0.000392, 0.0, 0.0, 0.0, 1.0],
                [0.940475, -0.140691, 0.309382, -0.116632, -0.27386, -0.852794, 0.444683, 0.000394, 0.201277, -0.502938, -0.84056, 0.000392, 0.0, 0.0, 0.0, 1.0],
                [0.921007, -0.144977, 0.361567, -0.116632, -0.32095, -0.808432, 0.493385, 0.000394, 0.220774, -0.570455, -0.791101, 0.000392, 0.0, 0.0, 0.0, 1.0],
                [0.918277, -0.144057, 0.368808, -0.116632, -0.336584, -0.774572, 0.53549, 0.000394, 0.208528, -0.615861, -0.759758, 0.000392, 0.0, 0.0, 0.0, 1.0],
                [0.931706, -0.140885, 0.334782, -0.116632, -0.322524, -0.74481, 0.584155, 0.000394, 0.167051, -0.652234, -0.739382, 0.000392, 0.0, 0.0, 0.0, 1.0],
                [0.944077, -0.168294, 0.28355, -0.116632, -0.306831, -0.763273, 0.568567, 0.000394, 0.12074, -0.623771, -0.772225, 0.000392, 0.0, 0.0, 0.0, 1.0],
                [0.945017, -0.234359, 0.228085, -0.116632, -0.309669, -0.865495, 0.39373, 0.000394, 0.105133, -0.442711, -0.89048, 0.000392, 0.0, 0.0, 0.0, 1.0],
                [0.957246, -0.248373, 0.148308, -0.116632, -0.280636, -0.921717, 0.267732, 0.000394, 0.0702, -0.297905, -0.952011, 0.000393, 0.0, 0.0, 0.0, 1.0],
                [0.980264, -0.197367, 0.011468, -0.116632, -0.189944, -0.924132, 0.331514, 0.000394, -0.054832, -0.327149, -0.943381, 0.000392, 0.0, 0.0, 0.0, 1.0],
                [0.97902, -0.193958, -0.062488, -0.116632, -0.11695, -0.785922, 0.607165, 0.000394, -0.166875, -0.587117, -0.792115, 0.000393, 0.0, 0.0, 0.0, 1.0],
                [0.949121, -0.312349, -0.040133, -0.116632, -0.013875, -0.168793, 0.985554, 0.000394, -0.314612, -0.934851, -0.164539, 0.000393, 0.0, 0.0, 0.0, 1.0],
                [0.939239, -0.336227, 0.069176, -0.116632, -0.029148, 0.122678, 0.992019, 0.000394, -0.342031, -0.933757, 0.105423, 0.000392, 0.0, 0.0, 0.0, 1.0],
                [0.94771, -0.319135, -0.001436, -0.116631, -0.020773, -0.066177, 0.997592, 0.000393, -0.318462, -0.945396, -0.069346, 0.000393, 0.0, 0.0, 0.0, 1.0],
                [0.955261, -0.287101, -0.071087, -0.116632, 0.000862, -0.237643, 0.971353, 0.000394, -0.295771, -0.927953, -0.226764, 0.000393, 0.0, 0.0, 0.0, 1.0],
                [0.958778, -0.264727, -0.103288, -0.116632, 0.015428, -0.314451, 0.949149, 0.000394, -0.283745, -0.911614, -0.297404, 0.000392, 0.0, 0.0, 0.0, 1.0],
                [0.960598, -0.249091, -0.123325, -0.116632, 0.020679, -0.378421, 0.925403, 0.000394, -0.277178, -0.891488, -0.35836, 0.000393, 0.0, 0.0, 0.0, 1.0],
                [0.960353, -0.247679, -0.127986, -0.116632, 0.010687, -0.426031, 0.904646, 0.000394, -0.278589, -0.870145, -0.406493, 0.000393, 0.0, 0.0, 0.0, 1.0],
                [0.959067, -0.255237, -0.122673, -0.116631, -0.002044, -0.439418, 0.898281, 0.000394, -0.28318, -0.861258, -0.421953, 0.000392, 0.0, 0.0, 0.0, 1.0],
                [0.935197, -0.336293, -0.110981, -0.116632, -0.049179, -0.433681, 0.899724, 0.000394, -0.350702, -0.835959, -0.422115, 0.000392, 0.0, 0.0, 0.0, 1.0],
                [0.935745, -0.330102, -0.124168, -0.116632, -0.053205, -0.480163, 0.875564, 0.000394, -0.348647, -0.812697, -0.466872, 0.000392, 0.0, 0.0, 0.0, 1.0],
                [0.936293, -0.323085, -0.137751, -0.116632, -0.058166, -0.529419, 0.846364, 0.000394, -0.346376, -0.78443, -0.514483, 0.000393, 0.0, 0.0, 0.0, 1.0],
                [0.936757, -0.315552, -0.151382, -0.116632, -0.064242, -0.58022, 0.811922, 0.000394, -0.344039, -0.750847, -0.563797, 0.000391, 0.0, 0.0, 0.0, 1.0],
                [0.936951, -0.308109, -0.164907, -0.116632, -0.072022, -0.632, 0.771614, 0.000394, -0.341964, -0.711086, -0.614343, 0.000393, 0.0, 0.0, 0.0, 1.0],
                [0.937173, -0.299995, -0.178083, -0.116632, -0.080741, -0.683105, 0.725843, 0.000394, -0.3394, -0.66586, -0.664408, 0.000392, 0.0, 0.0, 0.0, 1.0],
                [0.937554, -0.291165, -0.190312, -0.116632, -0.089853, -0.731269, 0.676145, 0.000394, -0.33604, -0.616821, -0.711765, 0.000392, 0.0, 0.0, 0.0, 1.0],
                [0.93795, -0.28227, -0.201436, -0.116632, -0.099662, -0.775796, 0.623063, 0.000394, -0.332146, -0.564325, -0.755789, 0.000393, 0.0, 0.0, 0.0, 1.0],
                [0.938359, -0.273463, -0.21143, -0.116632, -0.109934, -0.815996, 0.567508, 0.000394, -0.327719, -0.509282, -0.79576, 0.000393, 0.0, 0.0, 0.0, 1.0],
                [0.938839, -0.265132, -0.219746, -0.116632, -0.120132, -0.850208, 0.512556, 0.000394, -0.322725, -0.454809, -0.830059, 0.000392, 0.0, 0.0, 0.0, 1.0],
                [0.939503, -0.257424, -0.225985, -0.116632, -0.130076, -0.878418, 0.459851, 0.000393, -0.316886, -0.402635, -0.85876, 0.000393, 0.0, 0.0, 0.0, 1.0],
                [0.94026, -0.251296, -0.229705, -0.116631, -0.139779, -0.900134, 0.412578, 0.000394, -0.310445, -0.355823, -0.881485, 0.000392, 0.0, 0.0, 0.0, 1.0],
                [0.940989, -0.246867, -0.231513, -0.116632, -0.149945, -0.917357, 0.368743, 0.000394, -0.303411, -0.312269, -0.900239, 0.000392, 0.0, 0.0, 0.0, 1.0],
                [0.941684, -0.244749, -0.23094, -0.116632, -0.159957, -0.929368, 0.332699, 0.000393, -0.296056, -0.276356, -0.914319, 0.000392, 0.0, 0.0, 0.0, 1.0],
                [0.9425, -0.243414, -0.229008, -0.116632, -0.16958, -0.938775, 0.299909, 0.000394, -0.287989, -0.243829, -0.926073, 0.000392, 0.0, 0.0, 0.0, 1.0],
                [0.943437, -0.242315, -0.226303, -0.116632, -0.178108, -0.946096, 0.270518, 0.000394, -0.279655, -0.21491, -0.935739, 0.000393, 0.0, 0.0, 0.0, 1.0],
                [0.984725, -0.167634, 0.047037, -0.128579, -0.17408, -0.943109, 0.283276, 0.048184, -0.003125, -0.287139, -0.957884, -0.046041, 0.0, 0.0, 0.0, 1.0]
            ]
        },
        {
            "name": "Leg_L",
            "time": [0.0, 0.0667, 0.1, 0.1333, 0.1667, 0.2, 0.2333, 0.2667, 0.3, 0.3333, 0.3667, 0.5, 0.5333, 0.6, 0.6333, 0.6667, 0.7, 0.7333, 0.7667, 1.0667, 1.1, 1.1333, 1.1667, 1.2, 1.2333, 1.2667, 1.3, 1.3333, 1.3667, 1.4, 1.4333, 1.4667, 1.5, 1.5333, 1.5667, 1.9333],
            "transform": [
                [0.999996, -0.001752, 0.000867, 0.0, 0.000864, 0.794027, 0.607883, 0.37472, -0.001753, -0.607881, 0.794027, 0.0, 0.0, 0.0, 0.0, 1.0],
                [0.999997, -0.001889, 0.000506, 0.0, 0.000504, 0.499313, 0.866422, 0.37472, -0.00189, -0.866419, 0.499314, 0.0, 0.0, 0.0, 0.0, 1.0],
                [0.999997, -0.001915, 0.000397, -0.0, 0.000395, 0.396705, 0.917947, 0.37472, -0.001916, -0.917943, 0.396706, -0.0, 0.0, 0.0, 0.0, 1.0],
                [0.999997, -0.001936, 0.000278, -0.0, 0.000276, 0.280594, 0.959827, 0.37472, -0.001936, -0.959824, 0.280595, 0.0, 0.0, 0.0, 0.0, 1.0],
                [0.999997, -0.001941, 0.000235, 0.0, 0.000234, 0.237893, 0.971292, 0.37472, -0.001941, -0.971289, 0.237893, 0.0, 0.0, 0.0, 0.0, 1.0],
                [0.999997, -0.00194, 0.000249, 0.0, 0.000249, 0.252635, 0.967562, 0.37472, -0.00194, -0.967559, 0.252635, -0.0, 0.0, 0.0, 0.0, 1.0],
                [0.999997, -0.001934, 0.000287, 0.0, 0.000286, 0.290044, 0.957014, 0.37472, -0.001935, -0.95701, 0.290044, -0.0, 0.0, 0.0, 0.0, 1.0],
                [0.999997, -0.001927, 0.000333, 0.0, 0.000331, 0.334434, 0.94242, 0.37472, -0.001928, -0.942417, 0.334435, -0.0, 0.0, 0.0, 0.0, 1.0],
                [0.999997, -0.001924, 0.00035, -0.0, 0.000348, 0.351052, 0.936357, 0.37472, -0.001925, -0.936353, 0.351053, -0.0, 0.0, 0.0, 0.0, 1.0],
                [0.999997, -0.001942, 0.00024, -0.0, 0.000239, 0.242611, 0.970124, 0.37472, -0.001942, -0.970122, 0.242611, -0.0, 0.0, 0.0, 0.0, 1.0],
                [0.999998, -0.001958, -2.3e-05, -0.0, -2.3e-05, -0.023734, 0.999719, 0.37472, -0.001958, -0.999716, -0.023734, 0.0, 0.0, 0.0, 0.0, 1.0],
                [0.999998, -0.001789, -0.000695, -0.0, 0.000601, -0.052256, 0.998634, 0.37472, -0.001823, -0.998631, -0.052255, 0.0, 0.0, 0.0, 0.0, 1.0],
                [0.999998, -0.001767, -0.000836, -0.0, 0.000214, -0.326224, 0.945293, 0.37472, -0.001943, -0.94529, -0.326224, 0.0, 0.0, 0.0, 0.0, 1.0],
                [0.999997, -0.001954, 4.3e-05, 0.0, 4.2e-05, 0.043481, 0.999055, 0.37472, -0.001954, -0.999052, 0.043482, -0.0, 0.0, 0.0, 0.0, 1.0],
                [0.999997, -0.00195, 0.000144, 0.0, 0.000145, 0.147511, 0.989062, 0.37472, -0.00195, -0.989058, 0.147511, -0.0, 0.0, 0.0, 0.0, 1.0],
                [0.999997, -0.001946, 0.000193, -0.0, 0.000192, 0.195878, 0.98063, 0.37472, -0.001946, -0.980626, 0.195878, -0.0, 0.0, 0.0, 0.0, 1.0],
                [0.999997, -0.00194, 0.000244, -0.0, 0.000243, 0.247289, 0.968942, 0.37472, -0.00194, -0.96894, 0.247289, 0.0, 0.0, 0.0, 0.0, 1.0],
                [0.999997, -0.001934, 0.00029, -0.0, 0.000289, 0.29318, 0.956058, 0.37472, -0.001934, -0.956055, 0.29318, 0.0, 0.0, 0.0, 0.0, 1.0],
                [0.999997, -0.00193, 0.000313, -0.0, 0.000313, 0.315909, 0.94879, 0.37472, -0.00193, -0.948786, 0.31591, 0.0, 0.0, 0.0, 0.0, 1.0],
                [0.999997, -0.001924, 0.00035, 0.0, 0.000349, 0.35208, 0.935971, 0.37472, -0.001924, -0.935968, 0.35208, 0.0, 0.0, 0.0, 0.0, 1.0],
                [0.999997, -0.001919, 0.000377, -0.0, 0.000377, 0.378313, 0.925678, 0.37472, -0.001919, -0.925677, 0.378312, -0.0, 0.0, 0.0, 0.0, 1.0],
                [0.999997, -0.001913, 0.000409, -0.0, 0.000409, 0.40863, 0.912701, 0.37472, -0.001913, -0.912698, 0.40863, 0.0, 0.0, 0.0, 0.0, 1.0],
                [0.999997, -0.001905, 0.000445, -0.0, 0.000444, 0.442686, 0.896677, 0.37472, -0.001905, -0.896675, 0.442686, -0.0, 0.0, 0.0, 0.0, 1.0],
                [0.999997, -0.001894, 0.000485, 0.0, 0.000484, 0.480085, 0.877223, 0.37472, -0.001894, -0.877219, 0.480086, -0.0, 0.0, 0.0, 0.0, 1.0],
                [0.999997, -0.001883, 0.000527, -0.0, 0.000527, 0.519291, 0.854598, 0.37472, -0.001883, -0.854595, 0.519291, -0.0, 0.0, 0.0, 0.0, 1.0],
                [0.999997, -0.00187, 0.000571, 0.0, 0.000571, 0.558589, 0.829445, 0.37472, -0.00187, -0.829443, 0.558589, 0.0, 0.0, 0.0, 0.0, 1.0],
                [0.999997, -0.001856, 0.000619, 0.0, 0.000618, 0.599609, 0.800293, 0.37472, -0.001856, -0.800291, 0.59961, 0.0, 0.0, 0.0, 0.0, 1.0],
                [0.999997, -0.001839, 0.000664, 0.0, 0.000665, 0.639057, 0.769159, 0.37472, -0.001839, -0.769157, 0.639057, -0.0, 0.0, 0.0, 0.0, 1.0],
                [0.999997, -0.001822, 0.00071, -0.0, 0.000709, 0.676184, 0.736732, 0.37472, -0.001823, -0.73673, 0.676185, -0.0, 0.0, 0.0, 0.0, 1.0],
                [0.999997, -0.001806, 0.000751, -0.0, 0.00075, 0.708962, 0.705246, 0.37472, -0.001806, -0.705244, 0.708963, -0.0, 0.0, 0.0, 0.0, 1.0],
                [0.999996, -0.00179, 0.000787, -0.0, 0.000786, 0.736384, 0.676564, 0.37472, -0.001791, -0.676562, 0.736384, 0.0, 0.0, 0.0, 0.0, 1.0],
                [0.999997, -0.00178, 0.00081, 0.0, 0.000809, 0.753641, 0.657286, 0.37472, -0.00178, -0.657284, 0.753641, 0.0, 0.0, 0.0, 0.0, 1.0],
                [0.999997, -0.001772, 0.000828, -0.0, 0.000827, 0.766568, 0.642163, 0.37472, -0.001772, -0.642161, 0.766568, 0.0, 0.0, 0.0, 0.0, 1.0],
                [0.999997, -0.001767, 0.000837, -0.0, 0.000836, 0.773246, 0.634106, 0.37472, -0.001768, -0.634104, 0.773246, -0.0, 0.0, 0.0, 0.0, 1.0],
                [0.999997, -0.001763, 0.000847, 0.0, 0.000845, 0.779934, 0.625862, 0.37472, -0.001764, -0.62586, 0.779934, 0.0, 0.0, 0.0, 0.0, 1.0],
                [0.999997, -0.001678, 0.001003, 0.0, 0.001001, 0.880031, 0.474913, 0.37472, -0.001679, -0.474909, 0.880035, 0.0, 0.0, 0.0, 0.0, 1.0]
            ]
        },
        {
            "name": "Knee_L",
            "time": [0.0, 1.9333],
            "transform": [
                [1.0, 0.0, -1e-06, 0.0, -0.0, 0.0, -1.0, 0.37472, -0.0, 1.0, 0.0, 0.0, 0.0, 0.0, 0.0, 1.0],
                [1.0, 0.0, -0.0, 0.0, -0.0, 0.0, -1.0, 0.37472, -0.0, 1.0, 0.0, 0.0, 0.0, 0.0, 0.0, 1.0]
            ]
        },
        {
            "name": "Torso",
            "time": [0.0, 0.0667, 0.1, 0.1333, 0.1667, 0.2, 0.2333, 0.2667, 0.3, 0.3333, 0.3667, 0.4, 0.4333, 0.4667, 0.5, 0.5333, 0.5667, 0.6, 0.6333, 0.6667, 0.7, 0.7333, 0.7667, 1.0667, 1.1, 1.1333, 1.1667, 1.2, 1.2333, 1.2667, 1.3, 1.3333, 1.3667, 1.4, 1.4333, 1.4667, 1.5, 1.5333, 1.5667, 1.9333],
            "transform": [
                [0.984056, -0.006188, 0.177755, -0.0, -0.03311, 0.975551, 0.21726, 0.05, -0.174754, -0.219681, 0.959792, -0.0, 0.0, 0.0, 0.0, 1.0],
                [0.986005, 0.018765, 0.165666, 0.0, -0.042645, 0.988976, 0.141789, 0.05, -0.16118, -0.146869, 0.975936, 0.0, 0.0, 0.0, 0.0, 1.0],
                [0.984321, 0.028557, 0.174072, -0.0, -0.046781, 0.993733, 0.101503, 0.05, -0.170083, -0.108054, 0.979488, 0.0, 0.0, 0.0, 0.0, 1.0],
                [0.983572, 0.035447, 0.177009, -0.0, -0.047516, 0.99679, 0.064414, 0.05, -0.174158, -0.071766, 0.982099, 0.0, 0.0, 0.0, 0.0, 1.0],
                [0.985132, 0.03298, 0.168613, -0.0, -0.043407, 0.99734, 0.058531, 0.05, -0.166235, -0.06498, 0.983943, -0.0, 0.0, 0.0, 0.0, 1.0],
                [0.987783, 0.025083, 0.153815, -0.0, -0.036289, 0.996851, 0.070485, 0.05, -0.151564, -0.075206, 0.985582, -0.0, 0.0, 0.0, 0.0, 1.0],
                [0.991703, 0.010936, 0.128096, 0.0, -0.023407, 0.99508, 0.096255, 0.05, -0.126413, -0.098455, 0.98708, -0.0, 0.0, 0.0, 0.0, 1.0],
                [0.994914, -0.003041, 0.100701, -0.0, -0.009132, 0.992705, 0.120208, 0.05, -0.100332, -0.120516, 0.987628, -0.0, 0.0, 0.0, 0.0, 1.0],
                [0.996737, -0.01093, 0.079993, -0.0, 0.00042, 0.99148, 0.130244, 0.05, -0.080735, -0.129785, 0.98825, -0.0, 0.0, 0.0, 0.0, 1.0],
                [0.998244, -0.015739, 0.057126, -0.0, 0.008379, 0.991883, 0.126864, 0.05, -0.05866, -0.126162, 0.990274, -0.0, 0.0, 0.0, 0.0, 1.0],
                [0.999535, -0.021907, 0.021256, -0.0, 0.019597, 0.994444, 0.103411, 0.05, -0.023403, -0.102946, 0.994411, 0.0, 0.0, 0.0, 0.0, 1.0],
                [0.99982, -0.016529, 0.009557, -0.0, 0.01675, 0.99958, -0.023563, 0.05, -0.009163, 0.023719, 0.999677, -0.0, 0.0, 0.0, 0.0, 1.0],
                [0.999797, -0.002064, 0.020095, -0.0, 0.004608, 0.991839, -0.127399, 0.05, -0.019668, 0.127466, 0.991648, 0.0, 0.0, 0.0, 0.0, 1.0],
                [0.999674, 0.003599, 0.025325, -0.0, -0.000678, 0.993428, -0.114444, 0.05, -0.02557, 0.114389, 0.993107, 0.0, 0.0, 0.0, 0.0, 1.0],
                [0.99946, -0.007346, 0.032059, 0.0, -0.011173, 0.84093, 0.541026, 0.05, -0.030934, -0.541091, 0.840394, -0.0, 0.0, 0.0, 0.0, 1.0],
                [0.997775, -0.040379, 0.053086, 0.0, -0.000853, 0.78813, 0.615506, 0.05, -0.066692, -0.61418, 0.786342, 0.0, 0.0, 0.0, 0.0, 1.0],
                [0.995048, -0.062648, 0.077189, 0.0, 0.017577, 0.875087, 0.483643, 0.05, -0.097847, -0.479889, 0.871855, -0.0, 0.0, 0.0, 0.0, 1.0],
                [0.991215, -0.08085, 0.104678, -0.0, 0.046788, 0.954582, 0.294248, 0.05, -0.123714, -0.286765, 0.949979, 0.0, 0.0, 0.0, 0.0, 1.0],
                [0.98772, -0.084073, 0.131694, 0.0, 0.06911, 0.991033, 0.114342, 0.05, -0.140126, -0.103836, 0.984674, 0.0, 0.0, 0.0, 0.0, 1.0],
                [0.985265, -0.085752, 0.147993, 0.0, 0.076332, 0.994745, 0.06821, 0.05, -0.153065, -0.055908, 0.986633, 0.0, 0.0, 0.0, 0.0, 1.0],
                [0.984362, -0.075437, 0.159197, 0.0, 0.062921, 0.994621, 0.082255, 0.05, -0.164547, -0.070951, 0.983814, 0.0, 0.0, 0.0, 0.0, 1.0],
                [0.982482, -0.079208, 0.168693, -0.0, 0.06845, 0.995287, 0.068672, 0.05, -0.173338, -0.055921, 0.983273, -0.0, 0.0, 0.0, 0.0, 1.0],
                [0.981412, -0.080084, 0.174413, 0.0, 0.070703, 0.995728, 0.059361, 0.05, -0.178422, -0.045926, 0.982882, -0.0, 0.0, 0.0, 0.0, 1.0],
                [0.988049, -0.132275, 0.079152, -0.0, 0.118463, 0.980117, 0.159164, 0.05, -0.098632, -0.147885, 0.984074, -0.0, 0.0, 0.0, 0.0, 1.0],
                [0.990135, -0.123284, 0.066601, 0.0, 0.111593, 0.981222, 0.157317, 0.05, -0.084745, -0.148332, 0.9853, 0.0, 0.0, 0.0, 0.0, 1.0],
                [0.992138, -0.113344, 0.053097, 0.0, 0.103965, 0.982482, 0.154649, 0.05, -0.069695, -0.147913, 0.986542, -0.0, 0.0, 0.0, 0.0, 1.0],
                [0.993991, -0.102216, 0.039195, 0.0, 0.09524, 0.983967, 0.15078, 0.05, -0.053979, -0.14614, 0.98779, -0.0, 0.0, 0.0, 0.0, 1.0],
                [0.995556, -0.090825, 0.02494, 0.0, 0.086236, 0.985454, 0.14643, 0.05, -0.037877, -0.143628, 0.988906, 0.0, 0.0, 0.0, 0.0, 1.0],
                [0.996803, -0.07921, 0.010675, 0.0, 0.076911, 0.986939, 0.141535, 0.05, -0.021747, -0.140261, 0.989875, 0.0, 0.0, 0.0, 0.0, 1.0],
                [0.997721, -0.067409, -0.00326, 0.0, 0.067226, 0.988421, 0.136022, 0.05, -0.005947, -0.13593, 0.9907, -0.0, 0.0, 0.0, 0.0, 1.0],
                [0.998316, -0.055721, -0.016214, 0.0, 0.057365, 0.989794, 0.130438, 0.05, 0.008781, -0.131148, 0.991323, 0.0, 0.0, 0.0, 0.0, 1.0],
                [0.998608, -0.04465, -0.028129, 0.0, 0.047819, 0.991068, 0.124478, 0.05, 0.02232, -0.125649, 0.991823, 0.0, 0.0, 0.0, 0.0, 1.0],
                [0.998687, -0.03545, -0.037011, 0.0, 0.039604, 0.992185, 0.118308, 0.05, 0.032528, -0.119618, 0.992287, 0.0, 0.0, 0.0, 0.0, 1.0],
                [0.998679, -0.027712, -0.043304, 0.0, 0.032427, 0.993145, 0.112292, 0.05, 0.039896, -0.113548, 0.992731, 0.0, 0.0, 0.0, 0.0, 1.0],
                [0.998721, -0.021579, -0.045751, 0.0, 0.026302, 0.994094, 0.105273, 0.05, 0.043209, -0.106342, 0.99339, -0.0, 0.0, 0.0, 0.0, 1.0],
                [0.998945, -0.017365, -0.04256, 0.0, 0.0214, 0.995124, 0.096255, 0.05, 0.040681, -0.097064, 0.994446, 0.0, 0.0, 0.0, 0.0, 1.0],
                [0.999231, -0.014205, -0.036599, -0.0, 0.017333, 0.99609, 0.086606, 0.05, 0.035225, -0.087173, 0.99557, 0.0, 0.0, 0.0, 0.0, 1.0],
                [0.999524, -0.011775, -0.028558, 0.0, 0.013934, 0.996963, 0.076611, 0.05, 0.02757, -0.076973, 0.996652, -0.0, 0.0, 0.0, 0.0, 1.0],
                [0.999754, -0.009883, -0.019946, -0.0, 0.011192, 0.997715, 0.066606, 0.05, 0.019242, -0.066812, 0.99758, -0.0, 0.0, 0.0, 0.0, 1.0],
                [0.957779, 0.055075, -0.282187, -0.0, -0.05927, 0.99822, -0.006342, 0.05, 0.281337, 0.022799, 0.959338, 0.0, 0.0, 0.0, 0.0, 1.0]
            ]
        },
        {
            "name": "Chest",
            "time": [0.0, 0.0667, 0.1, 0.1333, 0.1667, 0.2, 0.2333, 0.2667, 0.3, 0.3333, 0.3667, 0.4, 0.4333, 0.4667, 0.5, 0.5333, 0.5667, 0.6, 0.6333, 0.6667, 0.7, 0.7333, 0.7667, 1.0667, 1.1, 1.1333, 1.1667, 1.2, 1.2333, 1.2667, 1.3, 1.3333, 1.3667, 1.4, 1.4333, 1.4667, 1.5, 1.5333, 1.5667, 1.9333],
            "transform": [
                [0.826316, 0.17361, 0.535782, -0.0, -0.323358, 0.92513, 0.198929, 0.3, -0.461133, -0.337627, 0.820587, -0.0, 0.0, 0.0, 0.0, 1.0],
                [0.839284, 0.172938, 0.515457, -0.0, -0.344997, 0.902144, 0.259059, 0.3, -0.420217, -0.395254, 0.816818, 0.0, 0.0, 0.0, 0.0, 1.0],
                [0.836758, 0.129043, 0.532153, -0.0, -0.312835, 0.910276, 0.271165, 0.3, -0.449415, -0.393375, 0.802049, -0.0, 0.0, 0.0, 0.0, 1.0],
