{
    "animation": [
        {
            "name": "Root",
            "time": [0.0, 0.1, 0.1333, 0.1667, 0.2, 0.2333, 0.2667, 0.3, 0.3333, 0.3667, 0.4, 0.4333, 0.4667, 0.5, 0.5333, 0.5667, 0.6, 0.6333, 0.6667, 0.8, 0.8333, 0.8667, 0.9, 0.9333, 0.9667, 1.0, 1.0333, 1.0667, 1.1, 1.1333, 1.1667, 1.2, 1.2333, 1.5, 1.5333, 1.5667, 1.6, 1.6333, 1.6667, 1.7, 1.7333, 1.7667, 1.8, 1.8333, 1.8667, 1.9, 1.9333, 1.9667, 2.0667, 2.1667],
            "transform": [
                [0.68425, 0.10509, 0.721636, -0.003483, 0.6822, 0.257434, -0.684347, 0.014495, -0.257691, 0.960564, 0.104456, 0.523564, 0.0, 0.0, 0.0, 1.0],
                [0.713888, 0.0957, 0.69369, -0.010475, 0.626013, 0.3567, -0.69345, 0.106892, -0.313803, 0.929305, 0.194734, 0.465179, 0.0, 0.0, 0.0, 1.0],
                [0.789645, 0.089999, 0.606927, -0.017729, 0.52702, 0.407033, -0.746039, 0.135517, -0.314183, 0.908969, 0.27398, 0.428948, 0.0, 0.0, 0.0, 1.0],
                [0.871701, 0.092589, 0.481212, -0.029317, 0.389024, 0.466392, -0.794442, 0.184381, -0.29799, 0.879719, 0.370535, 0.383047, 0.0, 0.0, 0.0, 1.0],
                [0.930125, 0.103276, 0.352423, -0.041956, 0.255062, 0.508759, -0.822257, 0.242871, -0.264218, 0.854692, 0.446868, 0.345022, 0.0, 0.0, 0.0, 1.0],
                [0.967669, 0.117715, 0.223066, -0.055815, 0.131451, 0.519422, -0.844347, 0.323473, -0.215258, 0.846371, 0.487155, 0.319012, 0.0, 0.0, 0.0, 1.0],
                [0.984224, 0.125522, 0.124687, -0.067127, 0.049307, 0.482224, -0.87466, 0.413878, -0.169916, 0.867009, 0.468427, 0.311745, 0.0, 0.0, 0.0, 1.0],
                [0.990711, 0.123244, 0.057459, -0.07667, -0.001558, 0.43281, -0.901484, 0.491113, -0.135972, 0.893021, 0.428982, 0.318961, 0.0, 0.0, 0.0, 1.0],
                [0.992935, 0.110473, -0.04331, -0.093815, -0.082107, 0.376155, -0.922912, 0.596774, -0.085666, 0.919947, 0.382568, 0.334244, 0.0, 0.0, 0.0, 1.0],
                [0.981695, 0.093753, -0.165786, -0.122208, -0.189691, 0.403193, -0.895239, 0.679552, -0.017087, 0.9103, 0.413597, 0.354775, 0.0, 0.0, 0.0, 1.0],
                [0.910753, 0.075502, -0.405991, -0.180266, -0.386163, 0.504049, -0.772536, 0.803627, 0.146312, 0.860368, 0.48822, 0.404272, 0.0, 0.0, 0.0, 1.0],
                [0.788953, 0.020913, -0.614098, -0.202193, -0.559914, 0.436108, -0.70449, 0.874767, 0.25308, 0.899651, 0.355779, 0.439446, 0.0, 0.0, 0.0, 1.0],
                [0.644026, -0.061548, -0.762524, -0.214422, -0.701381, 0.350469, -0.620674, 0.971254, 0.305442, 0.93455, 0.182542, 0.474621, 0.0, 0.0, 0.0, 1.0],
                [0.488139, -0.160338, -0.857911, -0.224496, -0.804311, 0.298971, -0.513517, 1.064043, 0.338827, 0.940695, 0.016978, 0.531127, 0.0, 0.0, 0.0, 1.0],
                [0.361922, -0.250937, -0.897799, -0.229575, -0.867019, 0.263211, -0.423082, 1.133591, 0.342477, 0.931531, -0.122305, 0.585664, 0.0, 0.0, 0.0, 1.0],
                [0.341979, -0.311742, -0.886492, -0.224402, -0.885293, 0.20948, -0.415181, 1.195101, 0.315132, 0.926787, -0.204345, 0.613068, 0.0, 0.0, 0.0, 1.0],
                [0.388838, -0.370016, -0.843738, -0.206232, -0.885353, 0.103271, -0.453305, 1.266511, 0.254864, 0.923268, -0.287439, 0.631714, 0.0, 0.0, 0.0, 1.0],
                [0.459403, -0.394279, -0.795923, -0.189149, -0.863343, 0.012409, -0.504465, 1.316233, 0.208776, 0.918907, -0.334698, 0.637113, 0.0, 0.0, 0.0, 1.0],
                [0.586105, -0.386164, -0.712291, -0.172895, -0.790164, -0.077965, -0.607916, 1.385172, 0.179222, 0.919129, -0.350829, 0.629459, 0.0, 0.0, 0.0, 1.0],
                [0.871128, -0.119987, 0.476172, -0.195025, 0.477963, 0.429617, -0.766147, 1.752963, -0.112643, 0.895004, 0.4316, 0.461058, 0.0, 0.0, 0.0, 1.0],
                [0.807091, -0.079272, 0.585082, -0.165138, 0.555785, 0.436445, -0.707544, 1.787597, -0.199268, 0.896232, 0.396309, 0.476699, 0.0, 0.0, 0.0, 1.0],
                [0.756534, -0.015673, 0.653766, -0.127923, 0.601378, 0.409411, -0.686095, 1.808687, -0.256906, 0.912215, 0.319159, 0.496985, 0.0, 0.0, 0.0, 1.0],
                [0.721323, 0.049153, 0.690852, -0.089082, 0.628908, 0.37134, -0.683067, 1.821965, -0.290115, 0.927195, 0.236944, 0.517594, 0.0, 0.0, 0.0, 1.0],
                [0.702763, 0.093019, 0.705317, -0.054316, 0.642697, 0.342118, -0.685489, 1.833157, -0.305066, 0.935041, 0.180645, 0.532575, 0.0, 0.0, 0.0, 1.0],
                [0.698211, 0.111716, 0.707121, -0.021273, 0.646777, 0.324989, -0.689972, 1.840054, -0.306887, 0.939096, 0.154655, 0.541201, 0.0, 0.0, 0.0, 1.0],
                [0.698797, 0.127936, 0.703786, 0.007985, 0.646982, 0.30663, -0.698135, 1.839834, -0.305118, 0.943192, 0.1315, 0.548822, 0.0, 0.0, 0.0, 1.0],
                [0.708233, 0.136548, 0.692648, 0.020771, 0.640801, 0.28741, -0.711878, 1.837378, -0.296279, 0.948025, 0.116053, 0.55347, 0.0, 0.0, 0.0, 1.0],
                [0.720225, 0.142843, 0.678876, 0.016666, 0.63207, 0.268234, -0.727007, 1.835034, -0.285946, 0.952705, 0.102902, 0.558151, 0.0, 0.0, 0.0, 1.0],
                [0.734424, 0.146621, 0.662664, 0.00533, 0.620779, 0.249533, -0.743214, 1.832045, -0.274328, 0.957202, 0.092244, 0.561349, 0.0, 0.0, 0.0, 1.0],
                [0.748795, 0.148393, 0.645977, -0.010084, 0.608535, 0.232315, -0.758759, 1.828488, -0.262665, 0.961254, 0.083655, 0.563566, 0.0, 0.0, 0.0, 1.0],
                [0.762101, 0.149073, 0.630063, -0.026423, 0.596179, 0.217989, -0.772691, 1.824445, -0.252535, 0.964499, 0.077256, 0.562478, 0.0, 0.0, 0.0, 1.0],
                [0.773341, 0.149417, 0.616131, -0.040533, 0.584813, 0.207162, -0.784269, 1.819993, -0.244822, 0.966829, 0.072826, 0.558154, 0.0, 0.0, 0.0, 1.0],
                [0.781636, 0.150166, 0.605389, -0.049261, 0.575767, 0.199552, -0.792888, 1.815214, -0.239871, 0.968313, 0.069516, 0.551932, 0.0, 0.0, 0.0, 1.0],
                [0.945251, 0.101719, 0.310087, -0.022886, 0.316663, -0.056164, -0.946874, 1.873207, -0.078899, 0.993227, -0.0853, 0.585663, 0.0, 0.0, 0.0, 1.0],
                [0.959492, 0.095166, 0.265177, -0.024672, 0.272914, -0.080255, -0.958685, 1.88536, -0.069952, 0.992221, -0.102976, 0.596219, 0.0, 0.0, 0.0, 1.0],
                [0.970594, 0.086804, 0.224527, -0.026459, 0.232655, -0.098832, -0.967524, 1.897512, -0.061795, 0.991311, -0.116121, 0.606775, 0.0, 0.0, 0.0, 1.0],
                [0.979419, 0.077105, 0.18653, -0.028245, 0.194548, -0.114498, -0.974187, 1.909665, -0.053757, 0.990427, -0.127142, 0.617332, 0.0, 0.0, 0.0, 1.0],
                [0.984912, 0.065999, 0.159974, -0.030031, 0.166704, -0.113741, -0.979425, 1.921817, -0.046445, 0.991316, -0.123027, 0.627888, 0.0, 0.0, 0.0, 1.0],
                [0.98817, 0.053355, 0.143782, -0.031817, 0.148446, -0.09729, -0.984123, 1.93397, -0.03852, 0.993825, -0.104059, 0.638444, 0.0, 0.0, 0.0, 1.0],
                [0.990089, 0.04098, 0.134327, -0.033603, 0.137029, -0.072395, -0.987918, 1.946122, -0.03076, 0.996534, -0.077293, 0.649, 0.0, 0.0, 0.0, 1.0],
                [0.991511, 0.030066, 0.126497, -0.03539, 0.127816, -0.046977, -0.990685, 1.943597, -0.023844, 0.998443, -0.050421, 0.646932, 0.0, 0.0, 0.0, 1.0],
                [0.992669, 0.022096, 0.118833, -0.037176, 0.119411, -0.02699, -0.992478, 1.941072, -0.018722, 0.999391, -0.029431, 0.644863, 0.0, 0.0, 0.0, 1.0],
                [0.993643, 0.016366, 0.111384, -0.038962, 0.111586, -0.011963, -0.993683, 1.938547, -0.01493, 0.999794, -0.013713, 0.642795, 0.0, 0.0, 0.0, 1.0],
                [0.994539, 0.010855, 0.103802, -0.040748, 0.103785, 0.002123, -0.994597, 1.936022, -0.011017, 0.999939, 0.000985, 0.640726, 0.0, 0.0, 0.0, 1.0],
                [0.995237, 0.00711, 0.097221, -0.042534, 0.09711, 0.014607, -0.995166, 1.933497, -0.008496, 0.999868, 0.013847, 0.638658, 0.0, 0.0, 0.0, 1.0],
                [0.995744, 0.004559, 0.09205, -0.044321, 0.091904, 0.02576, -0.995435, 1.930972, -0.006909, 0.999658, 0.025232, 0.636589, 0.0, 0.0, 0.0, 1.0],
                [0.996198, 0.001721, 0.087102, -0.046107, 0.086978, 0.037236, -0.995514, 1.925933, -0.004957, 0.999305, 0.036945, 0.641562, 0.0, 0.0, 0.0, 1.0],
                [0.996639, -0.001481, 0.081895, -0.047893, 0.081876, 0.045971, -0.995582, 1.920893, -0.00229, 0.998942, 0.045937, 0.646535, 0.0, 0.0, 0.0, 1.0],
                [0.999159, 7e-06, 0.040993, -0.053252, 0.040981, 0.024941, -0.998849, 1.905774, -0.001029, 0.999689, 0.024919, 0.661452, 0.0, 0.0, 0.0, 1.0],
                [1.0, 0.000632, 1e-06, -0.05861, -1e-06, 0.003856, -0.999993, 1.908466, -0.000632, 0.999992, 0.003856, 0.670615, 0.0, 0.0, 0.0, 1.0]
            ]
        },
        {
            "name": "Thigh_R",
            "time": [0.0, 0.1, 0.2, 0.2333, 0.2667, 0.3, 0.3333, 0.3667, 0.4, 0.4333, 0.4667, 0.5, 0.5333, 0.5667, 0.6, 0.6333, 0.6667, 0.8, 0.8333, 0.8667, 0.9, 0.9333, 0.9667, 1.0, 1.0333, 1.0667, 1.1, 1.1333, 1.1667, 1.2, 1.2333, 1.5, 1.5333, 1.5667, 1.6, 1.6333, 1.6667, 2.1667],
            "transform": [
                [0.637542, 0.770267, 0.015197, 0.128567, 0.423617, -0.366967, 0.82818, 0.048184, 0.643493, -0.521565, -0.560255, -0.046041, 0.0, 0.0, 0.0, 1.0],
                [0.701604, 0.708549, -0.075571, 0.166885, 0.378974, -0.28123, 0.881639, 0.053321, 0.603428, -0.647205, -0.465833, -0.008807, 0.0, 0.0, 0.0, 1.0],
                [0.916518, 0.36336, -0.167217, 0.161566, 0.217713, -0.102474, 0.970618, 0.066267, 0.335548, -0.925998, -0.173027, -0.013244, 0.0, 0.0, 0.0, 1.0],
                [0.945545, 0.293712, -0.14027, 0.159793, 0.211695, -0.227592, 0.950467, 0.070582, 0.247238, -0.928407, -0.277376, -0.014722, 0.0, 0.0, 0.0, 1.0],
                [0.959659, 0.262282, -0.101294, 0.15802, 0.219216, -0.472394, 0.853691, 0.074898, 0.176056, -0.84146, -0.510833, -0.016201, 0.0, 0.0, 0.0, 1.0],
                [0.964787, 0.252237, -0.074562, 0.156246, 0.230757, -0.67566, 0.700168, 0.079213, 0.126229, -0.692722, -0.710073, -0.01768, 0.0, 0.0, 0.0, 1.0],
                [0.967642, 0.244443, -0.06256, 0.154473, 0.246412, -0.862141, 0.442715, 0.083529, 0.054283, -0.443807, -0.894477, -0.019159, 0.0, 0.0, 0.0, 1.0],
                [0.961662, 0.259426, -0.088896, 0.148613, 0.274149, -0.917458, 0.288298, 0.08362, -0.006766, -0.301617, -0.953405, -0.009175, 0.0, 0.0, 0.0, 1.0],
                [0.943184, 0.296407, -0.150149, 0.142753, 0.320662, -0.930392, 0.177624, 0.083712, -0.087048, -0.21568, -0.972576, 0.000808, 0.0, 0.0, 0.0, 1.0],
                [0.903373, 0.330968, -0.272719, 0.136892, 0.389655, -0.899064, 0.199636, 0.083804, -0.179118, -0.286613, -0.941153, 0.010791, 0.0, 0.0, 0.0, 1.0],
                [0.878044, 0.289298, -0.381241, 0.131032, 0.398241, -0.883455, 0.246805, 0.083895, -0.265408, -0.368533, -0.890922, 0.020774, 0.0, 0.0, 0.0, 1.0],
                [0.856859, 0.221668, -0.465461, 0.125172, 0.317477, -0.938227, 0.137628, 0.083987, -0.4062, -0.265702, -0.874302, 0.030757, 0.0, 0.0, 0.0, 1.0],
                [0.82513, 0.109876, -0.554153, 0.126848, 0.210208, -0.970187, 0.120633, 0.080316, -0.524377, -0.216026, -0.823627, 0.032421, 0.0, 0.0, 0.0, 1.0],
                [0.825036, 0.091673, -0.557593, 0.128525, 0.147224, -0.987548, 0.055478, 0.076644, -0.545562, -0.127863, -0.828258, 0.034085, 0.0, 0.0, 0.0, 1.0],
                [0.901102, -0.033797, -0.432287, 0.130201, 0.034868, -0.988082, 0.149933, 0.072973, -0.432202, -0.150178, -0.889183, 0.035748, 0.0, 0.0, 0.0, 1.0],
                [0.949031, -0.130597, -0.286846, 0.131878, -0.052184, -0.962663, 0.265633, 0.069301, -0.310826, -0.237126, -0.920411, 0.037412, 0.0, 0.0, 0.0, 1.0],
                [0.977902, -0.157738, -0.137202, 0.133554, -0.089725, -0.909438, 0.406048, 0.065629, -0.188826, -0.384766, -0.903493, 0.039076, 0.0, 0.0, 0.0, 1.0],
                [0.67708, 0.723236, 0.135992, 0.128567, 0.035789, -0.216938, 0.975529, 0.048184, 0.735037, -0.655647, -0.172768, -0.046041, 0.0, 0.0, 0.0, 1.0],
                [0.600608, 0.781519, 0.168819, 0.128567, 0.087704, -0.274268, 0.957645, 0.048184, 0.794717, -0.560365, -0.233269, -0.046042, 0.0, 0.0, 0.0, 1.0],
                [0.572573, 0.793651, 0.205622, 0.128568, 0.157958, -0.352895, 0.922233, 0.048183, 0.804492, -0.495568, -0.327421, -0.046041, 0.0, 0.0, 0.0, 1.0],
                [0.575677, 0.780721, 0.243045, 0.128568, 0.216427, -0.432126, 0.875457, 0.048184, 0.788512, -0.451381, -0.417734, -0.046041, 0.0, 0.0, 0.0, 1.0],
                [0.584933, 0.760635, 0.281584, 0.128568, 0.238158, -0.49294, 0.836834, 0.048184, 0.775326, -0.422432, -0.469488, -0.046041, 0.0, 0.0, 0.0, 1.0],
                [0.5906, 0.740763, 0.320099, 0.128567, 0.221117, -0.530045, 0.818633, 0.048184, 0.776077, -0.412707, -0.476839, -0.046042, 0.0, 0.0, 0.0, 1.0],
                [0.597926, 0.72163, 0.348908, 0.128567, 0.19718, -0.554339, 0.808596, 0.048183, 0.776917, -0.414685, -0.473744, -0.046041, 0.0, 0.0, 0.0, 1.0],
                [0.603189, 0.708507, 0.366307, 0.128567, 0.187157, -0.572171, 0.798494, 0.048184, 0.775326, -0.413089, -0.477729, -0.046041, 0.0, 0.0, 0.0, 1.0],
                [0.607147, 0.701567, 0.373066, 0.128568, 0.195356, -0.586895, 0.785743, 0.048185, 0.770198, -0.404183, -0.493387, -0.046042, 0.0, 0.0, 0.0, 1.0],
                [0.612747, 0.696953, 0.372557, 0.128567, 0.2092, -0.597659, 0.773977, 0.048184, 0.762085, -0.396315, -0.512016, -0.046042, 0.0, 0.0, 0.0, 1.0],
                [0.617623, 0.695525, 0.367135, 0.128567, 0.225288, -0.603712, 0.764708, 0.048184, 0.753515, -0.389592, -0.529559, -0.046042, 0.0, 0.0, 0.0, 1.0],
                [0.621305, 0.697086, 0.357844, 0.128567, 0.240954, -0.604527, 0.759269, 0.048184, 0.7456, -0.385515, -0.54356, -0.046042, 0.0, 0.0, 0.0, 1.0],
                [0.622807, 0.703252, 0.342853, 0.128567, 0.25431, -0.596394, 0.761341, 0.048184, 0.739889, -0.38698, -0.550282, -0.046041, 0.0, 0.0, 0.0, 1.0],
                [0.622013, 0.711846, 0.326155, 0.128567, 0.262213, -0.581861, 0.769859, 0.048184, 0.737795, -0.393342, -0.548579, -0.046041, 0.0, 0.0, 0.0, 1.0],
                [0.897751, 0.319375, 0.303382, 0.128567, 0.215775, -0.919271, 0.329217, 0.048184, 0.384033, -0.230093, -0.89419, -0.046042, 0.0, 0.0, 0.0, 1.0],
                [0.918588, 0.27717, 0.281729, 0.125635, 0.20998, -0.946194, 0.246228, 0.04495, 0.334816, -0.167025, -0.927362, -0.045342, 0.0, 0.0, 0.0, 1.0],
                [0.935162, 0.242546, 0.258147, 0.122703, 0.202933, -0.964189, 0.170767, 0.041716, 0.290321, -0.107309, -0.950893, -0.044642, 0.0, 0.0, 0.0, 1.0],
                [0.947955, 0.215132, 0.234728, 0.11977, 0.195621, -0.975179, 0.10374, 0.038482, 0.251219, -0.052424, -0.966509, -0.043942, 0.0, 0.0, 0.0, 1.0],
                [0.954549, 0.198258, 0.222547, 0.116838, 0.190506, -0.98009, 0.056, 0.035248, 0.229217, -0.011058, -0.973312, -0.043242, 0.0, 0.0, 0.0, 1.0],
                [0.955567, 0.188553, 0.226579, 0.113905, 0.186793, -0.981961, 0.029382, 0.032013, 0.228032, 0.014247, -0.973549, -0.042543, 0.0, 0.0, 0.0, 1.0],
                [0.860516, 0.267304, 0.433662, 0.096351, 0.232828, -0.963531, 0.131908, 0.058238, 0.453106, -0.012541, -0.891369, 0.033027, 0.0, 0.0, 0.0, 1.0]
            ]
        },
        {
            "name": "Leg_R",
            "time": [0.0, 0.1, 0.1333, 0.1667, 0.2, 0.2333, 0.2667, 0.3, 0.3333, 0.3667, 0.4, 0.4333, 0.4667, 0.5, 0.5333, 0.5667, 0.6, 0.6333, 0.6667, 0.8, 0.8333, 0.8667, 0.9, 0.9333, 0.9667, 1.0, 1.0333, 1.0667, 1.1, 1.1333, 1.1667, 1.2, 1.2333, 1.5, 1.5333, 1.5667, 1.6, 1.6333, 1.6667, 2.1667],
            "transform": [
                [0.999994, -0.001938, 0.000269, 0.0, 0.000268, 0.272036, 0.962288, 0.37472, -0.001938, -0.962288, 0.272036, 0.0, 0.0, 0.0, 0.0, 1.0],
                [0.999997, -0.001956, -2.5e-05, 0.0, -2.7e-05, -0.026357, 0.999653, 0.37472, -0.001956, -0.999651, -0.026357, 0.0, 0.0, 0.0, 0.0, 1.0],
                [0.999997, -0.001951, -0.000144, 0.0, -0.000146, -0.147672, 0.989037, 0.37472, -0.001951, -0.989035, -0.147672, -0.0, 0.0, 0.0, 0.0, 1.0],
                [0.999997, -0.001934, -0.000298, 0.0, -0.0003, -0.301931, 0.95333, 0.37472, -0.001933, -0.953328, -0.301932, 0.0, 0.0, 0.0, 0.0, 1.0],
                [0.999997, -0.001912, -0.000412, -0.0, -0.000414, -0.4128, 0.910823, 0.37472, -0.001912, -0.910819, -0.412801, -0.0, 0.0, 0.0, 0.0, 1.0],
                [0.999997, -0.001904, -0.000448, -0.0, -0.00045, -0.446603, 0.894733, 0.37472, -0.001903, -0.89473, -0.446603, 0.0, 0.0, 0.0, 0.0, 1.0],
                [0.999997, -0.001918, -0.000383, 0.0, -0.000385, -0.385226, 0.922824, 0.37472, -0.001917, -0.92282, -0.385226, 0.0, 0.0, 0.0, 0.0, 1.0],
                [0.999997, -0.001941, -0.000249, 0.0, -0.000251, -0.253648, 0.967298, 0.37472, -0.001941, -0.967294, -0.253649, -0.0, 0.0, 0.0, 0.0, 1.0],
                [0.999997, -0.001955, -1.1e-05, 0.0, -1.4e-05, -0.012658, 0.999921, 0.37472, -0.001955, -0.999918, -0.012658, -0.0, 0.0, 0.0, 0.0, 1.0],
                [0.999998, -0.001942, 0.00027, 0.0, 0.000267, 0.271461, 0.962451, 0.37472, -0.001943, -0.962447, 0.271461, -0.0, 0.0, 0.0, 0.0, 1.0],
                [0.999997, -0.001815, 0.000728, -0.0, 0.000725, 0.689846, 0.723956, 0.37472, -0.001816, -0.723952, 0.689848, 0.0, 0.0, 0.0, 0.0, 1.0],
                [0.999997, -0.001833, 0.000681, 0.0, 0.000678, 0.651742, 0.758442, 0.37472, -0.001834, -0.758437, 0.651744, -0.0, 0.0, 0.0, 0.0, 1.0],
                [0.999997, -0.001849, 0.000637, -0.0, 0.000634, 0.61447, 0.788941, 0.37472, -0.00185, -0.788937, 0.614472, -0.0, 0.0, 0.0, 0.0, 1.0],
                [0.999997, -0.001797, 0.000769, -0.0, 0.000766, 0.722148, 0.691739, 0.37472, -0.001799, -0.691735, 0.72215, 0.0, 0.0, 0.0, 0.0, 1.0],
                [0.999997, -0.001818, 0.000719, 0.0, 0.000717, 0.683282, 0.730155, 0.37472, -0.001819, -0.73015, 0.683284, 0.0, 0.0, 0.0, 0.0, 1.0],
                [0.999997, -0.001833, 0.000682, -0.0, 0.00068, 0.652904, 0.757441, 0.37472, -0.001834, -0.757436, 0.652906, 0.0, 0.0, 0.0, 0.0, 1.0],
                [0.999997, -0.001918, 0.000392, -0.0, 0.00039, 0.391228, 0.920295, 0.37472, -0.001918, -0.920291, 0.391229, 0.0, 0.0, 0.0, 0.0, 1.0],
                [0.999997, -0.001947, 0.000174, 0.0, 0.000172, 0.176132, 0.984368, 0.37472, -0.001948, -0.984365, 0.176133, 0.0, 0.0, 0.0, 0.0, 1.0],
                [0.999997, -0.001956, 4.5e-05, 0.0, 4.3e-05, 0.044985, 0.998989, 0.37472, -0.001956, -0.998985, 0.044985, 0.0, 0.0, 0.0, 0.0, 1.0],
                [0.999997, -0.00195, 0.000153, 0.0, 0.000149, 0.153813, 0.9881, 0.37472, -0.00195, -0.988098, 0.153813, 0.0, 0.0, 0.0, 0.0, 1.0],
                [0.999997, -0.00195, 0.000134, -0.0, 0.000132, 0.135742, 0.990745, 0.37472, -0.00195, -0.990743, 0.135742, 0.0, 0.0, 0.0, 0.0, 1.0],
                [0.999997, -0.00195, 0.000151, 0.0, 0.000149, 0.152914, 0.98824, 0.37472, -0.00195, -0.988238, 0.152914, -0.0, 0.0, 0.0, 0.0, 1.0],
                [0.999997, -0.001947, 0.000182, -0.0, 0.000179, 0.183702, 0.982983, 0.37472, -0.001947, -0.982981, 0.183702, -0.0, 0.0, 0.0, 0.0, 1.0],
                [0.999997, -0.001944, 0.000208, 0.0, 0.000205, 0.210356, 0.977625, 0.37472, -0.001945, -0.977623, 0.210356, -0.0, 0.0, 0.0, 0.0, 1.0],
                [0.999997, -0.001943, 0.000221, -0.0, 0.000219, 0.223445, 0.974717, 0.37472, -0.001943, -0.974715, 0.223445, -0.0, 0.0, 0.0, 0.0, 1.0],
                [0.999997, -0.001941, 0.000234, 0.0, 0.000232, 0.236582, 0.971612, 0.37472, -0.001941, -0.971611, 0.236582, 0.0, 0.0, 0.0, 0.0, 1.0],
                [0.999997, -0.00194, 0.000249, -0.0, 0.000246, 0.251159, 0.967947, 0.37472, -0.00194, -0.967944, 0.251159, 0.0, 0.0, 0.0, 0.0, 1.0],
                [0.999997, -0.001937, 0.000265, 0.0, 0.000263, 0.267419, 0.963581, 0.37472, -0.001938, -0.963579, 0.267419, 0.0, 0.0, 0.0, 0.0, 1.0],
                [0.999997, -0.001935, 0.000281, -0.0, 0.000279, 0.283604, 0.958942, 0.37472, -0.001935, -0.95894, 0.283604, -0.0, 0.0, 0.0, 0.0, 1.0],
                [0.999997, -0.001932, 0.000298, 0.0, 0.000295, 0.299706, 0.954032, 0.37472, -0.001933, -0.954031, 0.299706, -0.0, 0.0, 0.0, 0.0, 1.0],
                [0.999997, -0.001932, 0.000304, -0.0, 0.000301, 0.305417, 0.95222, 0.37472, -0.001932, -0.952217, 0.305417, -0.0, 0.0, 0.0, 0.0, 1.0],
                [0.999998, -0.001933, 0.000298, -0.0, 0.000296, 0.300109, 0.953906, 0.37472, -0.001933, -0.953902, 0.300109, -0.0, 0.0, 0.0, 0.0, 1.0],
                [0.999997, -0.001934, 0.000284, -0.0, 0.00028, 0.285722, 0.958313, 0.37472, -0.001934, -0.958311, 0.285722, -0.0, 0.0, 0.0, 0.0, 1.0],
                [0.999997, -0.001839, 0.000666, 0.0, 0.000663, 0.63932, 0.768941, 0.37472, -0.00184, -0.768937, 0.639322, 0.0, 0.0, 0.0, 0.0, 1.0],
                [0.999997, -0.001805, 0.000752, -0.0, 0.00075, 0.709229, 0.704978, 0.37472, -0.001806, -0.704974, 0.709232, -0.0, 0.0, 0.0, 0.0, 1.0],
                [0.999997, -0.001769, 0.000833, 0.0, 0.000831, 0.769985, 0.638062, 0.37472, -0.00177, -0.638058, 0.769987, 0.0, 0.0, 0.0, 0.0, 1.0],
                [0.999997, -0.001732, 0.000907, 0.0, 0.000905, 0.821242, 0.570579, 0.37472, -0.001733, -0.570575, 0.821245, 0.0, 0.0, 0.0, 0.0, 1.0],
                [0.999997, -0.001693, 0.000978, -0.0, 0.000976, 0.865515, 0.500881, 0.37472, -0.001695, -0.500877, 0.865518, 0.0, 0.0, 0.0, 0.0, 1.0],
                [0.999997, -0.001649, 0.001049, 0.0, 0.001046, 0.904975, 0.42546, 0.37472, -0.001651, -0.425456, 0.90498, -0.0, 0.0, 0.0, 0.0, 1.0],
                [0.999997, -0.001635, 0.001071, -0.0, 0.001068, 0.916078, 0.400999, 0.37472, -0.001637, -0.400998, 0.916078, 0.0, 0.0, 0.0, 0.0, 1.0]
            ]
        },
        {
            "name": "Knee_R",
            "time": [0.0, 1.6667, 2.1667],
            "transform": [
                [1.0, 0.0, -0.0, 0.0, -0.0, 0.0, -1.0, 0.37472, -0.0, 1.0, 0.0, 0.0, 0.0, 0.0, 0.0, 1.0],
                [1.0, 0.0, -0.0, 0.0, -0.0, 0.0, -1.0, 0.37472, -0.0, 1.0, 0.0, -0.0, 0.0, 0.0, 0.0, 1.0],
                [1.0, 0.0, -0.0, -0.0, -0.0, 0.0, -1.0, 0.37472, -0.0, 1.0, 0.0, 0.0, 0.0, 0.0, 0.0, 1.0]
            ]
        },
        {
            "name": "Thigh_L",
            "time": [0.0, 0.1, 0.1333, 0.1667, 0.2, 0.2333, 0.2667, 0.3, 0.3333, 0.3667, 0.4, 0.4333, 0.4667, 0.5, 0.5333, 0.5667, 0.6, 0.6333, 0.6667, 0.8, 0.8333, 0.8667, 0.9, 0.9333, 0.9667, 1.0, 1.0333, 1.0667, 1.1, 1.1333, 1.1667, 1.2, 1.2333, 1.3667, 1.5, 1.5333, 1.5667, 1.6, 1.6333, 1.6667, 2.1667],
            "transform": [
                [0.976769, -0.174906, 0.123812, -0.116632, -0.191228, -0.972184, 0.135254, 0.000394, 0.096711, -0.155789, -0.983045, 0.000393, 0.0, 0.0, 0.0, 1.0],
                [0.934793, -0.270234, 0.23052, -0.116632, -0.317753, -0.926253, 0.202703, 0.000394, 0.158743, -0.262733, -0.951721, 0.000393, 0.0, 0.0, 0.0, 1.0],
                [0.941693, -0.262069, 0.211041, -0.116632, -0.300321, -0.937475, 0.175918, 0.000394, 0.151744, -0.22904, -0.961517, 0.000393, 0.0, 0.0, 0.0, 1.0],
                [0.953141, -0.256654, 0.160168, -0.116632, -0.266642, -0.962792, 0.043968, 0.000394, 0.142924, -0.084615, -0.98611, 0.000392, 0.0, 0.0, 0.0, 1.0],
                [0.967531, -0.234275, 0.094887, -0.116632, -0.227244, -0.970603, -0.079297, 0.000394, 0.110675, 0.05516, -0.992325, 0.000393, 0.0, 0.0, 0.0, 1.0],
                [0.979549, -0.200891, 0.01143, -0.116632, -0.200056, -0.978416, -0.051764, 0.000394, 0.021582, 0.048419, -0.998594, 0.000392, 0.0, 0.0, 0.0, 1.0],
                [0.97602, -0.212712, -0.046294, -0.116632, -0.202628, -0.96543, 0.163968, 0.000394, -0.079572, -0.150655, -0.985379, 0.000392, 0.0, 0.0, 0.0, 1.0],
                [0.967543, -0.248365, -0.046696, -0.116632, -0.194881, -0.850903, 0.487837, 0.000394, -0.160896, -0.462901, -0.871685, 0.000392, 0.0, 0.0, 0.0, 1.0],
                [0.951177, -0.305782, -0.042003, -0.116632, -0.151183, -0.580205, 0.800316, 0.000394, -0.269093, -0.754889, -0.598107, 0.000392, 0.0, 0.0, 0.0, 1.0],
                [0.933134, -0.357672, -0.036521, -0.116631, -0.083757, -0.315042, 0.945375, 0.000394, -0.349641, -0.8791, -0.323934, 0.000393, 0.0, 0.0, 0.0, 1.0],
                [0.90586, -0.422445, -0.030995, -0.116632, -0.020345, -0.116481, 0.992985, 0.000394, -0.423093, -0.898872, -0.11411, 0.000392, 0.0, 0.0, 0.0, 1.0],
                [0.784934, -0.61656, 0.061113, -0.116632, -0.179633, -0.132063, 0.97483, 0.000394, -0.59297, -0.776153, -0.214415, 0.000393, 0.0, 0.0, 0.0, 1.0],
                [0.608869, -0.793243, -0.006725, -0.116632, -0.354807, -0.2799, 0.892059, 0.000394, -0.709502, -0.54076, -0.45187, 0.000392, 0.0, 0.0, 0.0, 1.0],
                [0.561341, -0.774269, -0.292242, -0.116397, -0.44204, -0.579047, 0.685059, 0.005479, -0.699641, -0.25537, -0.6673, -0.007291, 0.0, 0.0, 0.0, 1.0],
                [0.521087, -0.656232, -0.545738, -0.116163, -0.488494, -0.753633, 0.439788, 0.010564, -0.699888, 0.037421, -0.713272, -0.014974, 0.0, 0.0, 0.0, 1.0],
                [0.522107, -0.493874, -0.695337, -0.115929, -0.506313, -0.835557, 0.213292, 0.015649, -0.686333, 0.240697, -0.686304, -0.022657, 0.0, 0.0, 0.0, 1.0],
                [0.545243, -0.291021, -0.786141, -0.115695, -0.529624, -0.846515, -0.05396, 0.020734, -0.649777, 0.44578, -0.615688, -0.030341, 0.0, 0.0, 0.0, 1.0],
                [0.573947, -0.160492, -0.803012, -0.115461, -0.547655, -0.804275, -0.230689, 0.025819, -0.608817, 0.572177, -0.549505, -0.038024, 0.0, 0.0, 0.0, 1.0],
                [0.62796, -0.061764, -0.775791, -0.115227, -0.557177, -0.731641, -0.392755, 0.030905, -0.543342, 0.678888, -0.493855, -0.045707, 0.0, 0.0, 0.0, 1.0],
                [0.946727, -0.320611, -0.030362, -0.119925, -0.301921, -0.916413, 0.262736, 0.046456, -0.11206, -0.239571, -0.96439, 0.035873, 0.0, 0.0, 0.0, 1.0],
                [0.977904, -0.190642, 0.085818, -0.1211, -0.2089, -0.874529, 0.437674, 0.050344, -0.008389, -0.445929, -0.895029, 0.056268, 0.0, 0.0, 0.0, 1.0],
                [0.978294, -0.146505, 0.14657, -0.122275, -0.197463, -0.873618, 0.444744, 0.054232, 0.062889, -0.464031, -0.883584, 0.076663, 0.0, 0.0, 0.0, 1.0],
                [0.977635, -0.126833, 0.167777, -0.120942, -0.185226, -0.897099, 0.401127, 0.050392, 0.099637, -0.423231, -0.900527, 0.077291, 0.0, 0.0, 0.0, 1.0],
                [0.974752, -0.119579, 0.188589, -0.119609, -0.181389, -0.916571, 0.356361, 0.046552, 0.130243, -0.38157, -0.915119, 0.077919, 0.0, 0.0, 0.0, 1.0],
                [0.966743, -0.132654, 0.218667, -0.118276, -0.197142, -0.931172, 0.30668, 0.042712, 0.162935, -0.339588, -0.926354, 0.078547, 0.0, 0.0, 0.0, 1.0],
                [0.958281, -0.154731, 0.240332, -0.116943, -0.213791, -0.946086, 0.24334, 0.038872, 0.189723, -0.284568, -0.939695, 0.079175, 0.0, 0.0, 0.0, 1.0],
                [0.952904, -0.17392, 0.248457, -0.115611, -0.224685, -0.955094, 0.19316, 0.035031, 0.203706, -0.239886, -0.949189, 0.079804, 0.0, 0.0, 0.0, 1.0],
                [0.951328, -0.184287, 0.247016, -0.114278, -0.227022, -0.961105, 0.157285, 0.031191, 0.208423, -0.205707, -0.956162, 0.080432, 0.0, 0.0, 0.0, 1.0],
                [0.951575, -0.192362, 0.239805, -0.112945, -0.226309, -0.966269, 0.122915, 0.027351, 0.208073, -0.171232, -0.963009, 0.08106, 0.0, 0.0, 0.0, 1.0],
                [0.953146, -0.197304, 0.22932, -0.111612, -0.22328, -0.970287, 0.093212, 0.023511, 0.204115, -0.140047, -0.968878, 0.081688, 0.0, 0.0, 0.0, 1.0],
                [0.955534, -0.199599, 0.217069, -0.110279, -0.21877, -0.973407, 0.067952, 0.019671, 0.197734, -0.112419, -0.973788, 0.082316, 0.0, 0.0, 0.0, 1.0],
                [0.957829, -0.200309, 0.20602, -0.112039, -0.214356, -0.975572, 0.048049, 0.020055, 0.191364, -0.090184, -0.977368, 0.075112, 0.0, 0.0, 0.0, 1.0],
                [0.95992, -0.198689, 0.197689, -0.113798, -0.209439, -0.977201, 0.034824, 0.020438, 0.186263, -0.074831, -0.979647, 0.067907, 0.0, 0.0, 0.0, 1.0],
                [0.964241, -0.18418, 0.190582, -0.120837, -0.205826, -0.973397, 0.100659, 0.021973, 0.166973, -0.136286, -0.976497, 0.03909, 0.0, 0.0, 0.0, 1.0],
                [0.968377, -0.170143, 0.182488, -0.116632, -0.200916, -0.965434, 0.166037, 0.000394, 0.14793, -0.197451, -0.969087, 0.000392, 0.0, 0.0, 0.0, 1.0],
                [0.976543, -0.164476, 0.138981, -0.117229, -0.183304, -0.973642, 0.135716, 0.002783, 0.112997, -0.158008, -0.980951, -0.00193, 0.0, 0.0, 0.0, 1.0],
                [0.982162, -0.160212, 0.098466, -0.117826, -0.170247, -0.979928, 0.103715, 0.005173, 0.079873, -0.118628, -0.989722, -0.004251, 0.0, 0.0, 0.0, 1.0],
                [0.985813, -0.156795, 0.059941, -0.118424, -0.160869, -0.984451, 0.070544, 0.007562, 0.047948, -0.079186, -0.995706, -0.006573, 0.0, 0.0, 0.0, 1.0],
                [0.987581, -0.155089, 0.025184, -0.119021, -0.156043, -0.986864, 0.04182, 0.009952, 0.018367, -0.04523, -0.998808, -0.008894, 0.0, 0.0, 0.0, 1.0],
                [0.988156, -0.153313, -0.006879, -0.119618, -0.153124, -0.987948, 0.022556, 0.012341, -0.010254, -0.021236, -0.999722, -0.011216, 0.0, 0.0, 0.0, 1.0],
                [0.984725, -0.167634, 0.047037, -0.128579, -0.17408, -0.943109, 0.283276, 0.048184, -0.003125, -0.287139, -0.957884, -0.046041, 0.0, 0.0, 0.0, 1.0]
            ]
        },
        {
            "name": "Leg_L",
            "time": [0.0, 0.1, 0.1333, 0.1667, 0.2, 0.2333, 0.2667, 0.3, 0.3333, 0.3667, 0.4, 0.4333, 0.4667, 0.5, 0.5333, 0.5667, 0.6, 0.6333, 0.6667, 0.8, 0.8333, 0.8667, 0.9, 0.9333, 0.9667, 1.0, 1.0333, 1.0667, 1.1, 1.1333, 1.1667, 1.2, 1.2333, 1.5, 1.6333, 1.6667, 2.1667],
            "transform": [
                [0.999991, -0.001788, 0.000796, -0.0, 0.000793, 0.741996, 0.670409, 0.37472, -0.001789, -0.670411, 0.741992, -0.0, 0.0, 0.0, 0.0, 1.0],
                [0.999997, -0.00179, 0.000787, -0.0, 0.000784, 0.73588, 0.677111, 0.37472, -0.001791, -0.677108, 0.735881, 0.0, 0.0, 0.0, 0.0, 1.0],
                [0.999997, -0.001803, 0.000757, -0.0, 0.000754, 0.712796, 0.701371, 0.37472, -0.001804, -0.701369, 0.712796, 0.0, 0.0, 0.0, 0.0, 1.0],
                [0.999997, -0.001761, 0.000851, 0.0, 0.000849, 0.782806, 0.622266, 0.37472, -0.001762, -0.622263, 0.782807, 0.0, 0.0, 0.0, 0.0, 1.0],
                [0.999998, -0.001709, 0.00095, -0.0, 0.000947, 0.848398, 0.529357, 0.37472, -0.00171, -0.529355, 0.848399, 0.0, 0.0, 0.0, 0.0, 1.0],
                [0.999997, -0.001764, 0.000849, 0.0, 0.000846, 0.780644, 0.624975, 0.37472, -0.001765, -0.624973, 0.780645, -0.0, 0.0, 0.0, 0.0, 1.0],
                [0.999997, -0.00191, 0.00042, 0.0, 0.000418, 0.418468, 0.908232, 0.37472, -0.00191, -0.908229, 0.418469, 0.0, 0.0, 0.0, 0.0, 1.0],
                [0.999997, -0.001964, -4.9e-05, 0.0, -5e-05, -0.050749, 0.998713, 0.37472, -0.001964, -0.998709, -0.050749, 0.0, 0.0, 0.0, 0.0, 1.0],
                [0.999997, -0.001903, -0.00045, -0.0, -0.00045, -0.447892, 0.894089, 0.37472, -0.001903, -0.894085, -0.447893, 0.0, 0.0, 0.0, 0.0, 1.0],
                [0.999997, -0.001872, -0.000567, -0.0, -0.000567, -0.554979, 0.831865, 0.37472, -0.001872, -0.831861, -0.55498, -0.0, 0.0, 0.0, 0.0, 1.0],
                [0.999997, -0.001877, -0.000549, 0.0, -0.000549, -0.538899, 0.842371, 0.37472, -0.001877, -0.842367, -0.538901, 0.0, 0.0, 0.0, 0.0, 1.0],
                [0.999997, -0.001925, -0.000343, 0.0, -0.000343, -0.345535, 0.938407, 0.37472, -0.001925, -0.938403, -0.345535, -0.0, 0.0, 0.0, 0.0, 1.0],
                [0.999997, -0.001953, 8.4e-05, -0.0, 8.4e-05, 0.085998, 0.996296, 0.37472, -0.001953, -0.996293, 0.085998, 0.0, 0.0, 0.0, 0.0, 1.0],
                [0.999997, -0.001942, 0.000237, 0.0, 0.000238, 0.241173, 0.970482, 0.37472, -0.001942, -0.970481, 0.241172, -0.0, 0.0, 0.0, 0.0, 1.0],
                [0.999996, -0.001899, 0.000464, -0.0, 0.000465, 0.461599, 0.887088, 0.37472, -0.001899, -0.887088, 0.461599, 0.0, 0.0, 0.0, 0.0, 1.0],
                [0.999996, -0.001841, 0.000663, 0.0, 0.000662, 0.637485, 0.770463, 0.37472, -0.001841, -0.770462, 0.637484, -0.0, 0.0, 0.0, 0.0, 1.0],
                [0.999996, -0.00176, 0.000855, -0.0, 0.000854, 0.785861, 0.618403, 0.37472, -0.00176, -0.618402, 0.78586, -0.0, 0.0, 0.0, 0.0, 1.0],
                [0.999996, -0.001691, 0.000983, 0.0, 0.000981, 0.868357, 0.495941, 0.37472, -0.001692, -0.49594, 0.868356, -0.0, 0.0, 0.0, 0.0, 1.0],
                [0.999996, -0.001613, 0.001108, 0.0, 0.001106, 0.933085, 0.359657, 0.37472, -0.001614, -0.359655, 0.933084, -0.0, 0.0, 0.0, 0.0, 1.0],
                [0.999998, -0.001809, 0.000742, -0.0, 0.00074, 0.7017, 0.712472, 0.37472, -0.00181, -0.712469, 0.701701, -0.0, 0.0, 0.0, 0.0, 1.0],
                [0.999997, -0.001871, 0.000566, -0.0, 0.000564, 0.553378, 0.832931, 0.37472, -0.001872, -0.832927, 0.553379, -0.0, 0.0, 0.0, 0.0, 1.0],
                [0.999997, -0.001881, 0.000535, -0.0, 0.000532, 0.52486, 0.851189, 0.37472, -0.001882, -0.851185, 0.524861, 0.0, 0.0, 0.0, 0.0, 1.0],
                [0.999997, -0.001866, 0.000584, -0.0, 0.000581, 0.568912, 0.822399, 0.37472, -0.001867, -0.822395, 0.568913, -0.0, 0.0, 0.0, 0.0, 1.0],
                [0.999997, -0.001845, 0.000649, 0.0, 0.000645, 0.624611, 0.780936, 0.37472, -0.001846, -0.780933, 0.624612, -0.0, 0.0, 0.0, 0.0, 1.0],
                [0.999997, -0.001818, 0.000719, 0.0, 0.000716, 0.682732, 0.730669, 0.37472, -0.001819, -0.730667, 0.682732, 0.0, 0.0, 0.0, 0.0, 1.0],
                [0.999997, -0.001782, 0.000804, -0.0, 0.000801, 0.748601, 0.663021, 0.37472, -0.001784, -0.663019, 0.748601, -0.0, 0.0, 0.0, 0.0, 1.0],
                [0.999997, -0.001757, 0.000856, 0.0, 0.000853, 0.786424, 0.617687, 0.37472, -0.001759, -0.617684, 0.786425, 0.0, 0.0, 0.0, 0.0, 1.0],
                [0.999997, -0.00175, 0.000872, -0.0, 0.000868, 0.797123, 0.603816, 0.37472, -0.001751, -0.603814, 0.797124, 0.0, 0.0, 0.0, 0.0, 1.0],
                [0.999997, -0.001747, 0.000877, 0.0, 0.000874, 0.800629, 0.599161, 0.37472, -0.001749, -0.599158, 0.800629, -0.0, 0.0, 0.0, 0.0, 1.0],
                [0.999997, -0.001749, 0.000874, 0.0, 0.00087, 0.79844, 0.602073, 0.37472, -0.001751, -0.602071, 0.798441, 0.0, 0.0, 0.0, 0.0, 1.0],
                [0.999996, -0.001752, 0.000867, -0.0, 0.000864, 0.794027, 0.607883, 0.37472, -0.001753, -0.607881, 0.794027, -0.0, 0.0, 0.0, 0.0, 1.0],
                [0.999997, -0.001755, 0.000861, -0.0, 0.000858, 0.78957, 0.61366, 0.37472, -0.001757, -0.613657, 0.789571, -0.0, 0.0, 0.0, 0.0, 1.0],
                [0.999997, -0.001758, 0.000856, 0.0, 0.000853, 0.786298, 0.617846, 0.37472, -0.001759, -0.617843, 0.786299, -0.0, 0.0, 0.0, 0.0, 1.0],
                [0.999997, -0.00193, 0.000315, 0.0, 0.000313, 0.316768, 0.948504, 0.37472, -0.00193, -0.948501, 0.316768, 0.0, 0.0, 0.0, 0.0, 1.0],
                [0.999997, -0.001502, 0.001298, 0.0, 0.000527, 0.831202, 0.555971, 0.37472, -0.001914, -0.555968, 0.831202, 0.0, 0.0, 0.0, 0.0, 1.0],
                [0.999997, -0.001512, 0.001279, 0.0, 0.000557, 0.834522, 0.550975, 0.37472, -0.0019, -0.550972, 0.834522, 0.0, 0.0, 0.0, 0.0, 1.0],
                [0.999997, -0.001678, 0.001003, 0.0, 0.001001, 0.880031, 0.474913, 0.37472, -0.001679, -0.474909, 0.880035, 0.0, 0.0, 0.0, 0.0, 1.0]
            ]
        },
        {
            "name": "Knee_L",
            "time": [0.0, 1.6667, 2.1667],
            "transform": [
                [1.0, 0.0, -1e-06, -0.0, -1e-06, 0.0, -1.0, 0.37472, -0.0, 1.0, 0.0, -0.0, 0.0, 0.0, 0.0, 1.0],
                [1.0, 0.0, -0.0, 0.0, -0.0, 0.0, -1.0, 0.37472, -0.0, 1.0, 0.0, 0.0, 0.0, 0.0, 0.0, 1.0],
                [1.0, 0.0, -0.0, 0.0, -0.0, 0.0, -1.0, 0.37472, -0.0, 1.0, 0.0, 0.0, 0.0, 0.0, 0.0, 1.0]
            ]
        },
        {
            "name": "Torso",
            "time": [0.0, 0.1, 0.1333, 0.1667, 0.2, 0.2333, 0.2667, 0.3, 0.3333, 0.3667, 0.4, 0.4333, 0.4667, 0.5, 0.5333, 0.5667, 0.6, 0.6333, 0.6667, 0.8, 0.8333, 0.8667, 0.9, 0.9333, 0.9667, 1.0, 1.0333, 1.0667, 1.1, 1.1333, 1.1667, 1.2, 1.2333, 1.5, 1.5333, 1.5667, 1.6, 1.6333, 1.6667, 1.7, 1.7333, 1.7667, 1.8, 1.8333, 2.1667],
            "transform": [
                [0.991058, 0.062311, 0.118, 0.0, -0.06806, 0.99665, 0.045328, 0.05, -0.114781, -0.052953, 0.991978, -0.0, 0.0, 0.0, 0.0, 1.0],
                [0.983547, 0.010172, 0.180372, -0.0, -0.018555, 0.99882, 0.044852, 0.05, -0.179704, -0.04746, 0.982575, 0.0, 0.0, 0.0, 0.0, 1.0],
                [0.982437, -0.025272, 0.184881, 0.0, 0.016985, 0.998783, 0.046271, 0.05, -0.185826, -0.042318, 0.981671, 0.0, 0.0, 0.0, 0.0, 1.0],
                [0.979158, -0.072538, 0.189713, 0.0, 0.064714, 0.996789, 0.047123, 0.05, -0.192522, -0.033864, 0.980708, -0.0, 0.0, 0.0, 0.0, 1.0],
                [0.975691, -0.109938, 0.189588, 0.0, 0.102181, 0.993495, 0.050247, 0.05, -0.193879, -0.029653, 0.980577, 0.0, 0.0, 0.0, 0.0, 1.0],
                [0.973611, -0.137944, 0.181814, 0.0, 0.129508, 0.989906, 0.057545, 0.05, -0.187918, -0.03248, 0.981647, 0.0, 0.0, 0.0, 0.0, 1.0],
                [0.974878, -0.14961, 0.165025, 0.0, 0.139721, 0.987708, 0.070054, 0.05, -0.173478, -0.045236, 0.983798, 0.0, 0.0, 0.0, 0.0, 1.0],
                [0.977829, -0.148597, 0.147551, 0.0, 0.138101, 0.987256, 0.07906, 0.05, -0.157419, -0.05693, 0.985889, 0.0, 0.0, 0.0, 0.0, 1.0],
                [0.982087, -0.1425, 0.123296, -0.0, 0.13329, 0.98784, 0.080013, 0.05, -0.133199, -0.062145, 0.989139, 0.0, 0.0, 0.0, 0.0, 1.0],
                [0.984961, -0.135338, 0.10742, 0.0, 0.131454, 0.99041, 0.042481, 0.05, -0.112139, -0.027721, 0.993306, 0.0, 0.0, 0.0, 0.0, 1.0],
                [0.989777, -0.116418, 0.082412, -0.0, 0.121682, 0.990629, -0.062011, 0.05, -0.07442, 0.071405, 0.994667, -0.0, 0.0, 0.0, 0.0, 1.0],
                [0.994677, -0.093035, 0.04433, -0.0, 0.096833, 0.990941, -0.093036, 0.05, -0.035273, 0.096833, 0.994675, 0.0, 0.0, 0.0, 0.0, 1.0],
                [0.997579, -0.069507, 0.002652, -0.0, 0.069493, 0.994268, -0.081234, 0.05, 0.003009, 0.081221, 0.996691, -0.0, 0.0, 0.0, 0.0, 1.0],
                [0.99791, -0.036297, -0.053496, 0.0, 0.038276, 0.998601, 0.036441, 0.05, 0.052098, -0.038412, 0.997903, -0.0, 0.0, 0.0, 0.0, 1.0],
                [0.995351, 0.004152, -0.096233, 0.0, 0.011866, 0.986175, 0.165271, 0.05, 0.095589, -0.165644, 0.981542, -0.0, 0.0, 0.0, 0.0, 1.0],
                [0.99252, 0.031182, -0.118051, 0.0, -0.002738, 0.972278, 0.233804, 0.05, 0.122069, -0.231732, 0.965091, 0.0, 0.0, 0.0, 0.0, 1.0],
                [0.990251, 0.046102, -0.131454, 0.0, -0.009677, 0.964134, 0.265235, 0.05, 0.138967, -0.261376, 0.955181, 0.0, 0.0, 0.0, 0.0, 1.0],
                [0.989631, 0.050033, -0.13465, -0.0, -0.011793, 0.962512, 0.270977, 0.05, 0.143161, -0.266578, 0.953122, 0.0, 0.0, 0.0, 0.0, 1.0],
                [0.989318, 0.053815, -0.135484, 0.0, -0.014696, 0.961451, 0.27458, 0.05, 0.145038, -0.269655, 0.951972, 0.0, 0.0, 0.0, 0.0, 1.0],
                [0.952328, 0.299499, 0.058099, 0.0, -0.304036, 0.915926, 0.261991, 0.05, 0.025252, -0.267165, 0.96332, 0.0, 0.0, 0.0, 0.0, 1.0],
                [0.963778, 0.23798, 0.120411, 0.0, -0.261124, 0.933862, 0.244364, 0.05, -0.054294, -0.266955, 0.962178, 0.0, 0.0, 0.0, 0.0, 1.0],
                [0.977489, 0.134309, 0.162726, -0.0, -0.169318, 0.959501, 0.225137, 0.05, -0.125898, -0.24762, 0.960642, 0.0, 0.0, 0.0, 0.0, 1.0],
                [0.984839, 0.061388, 0.16225, -0.0, -0.094446, 0.974266, 0.204656, 0.05, -0.145511, -0.216877, 0.965293, 0.0, 0.0, 0.0, 0.0, 1.0],
                [0.988045, 0.00521, 0.15409, -0.0, -0.035688, 0.980013, 0.195696, 0.05, -0.149991, -0.198854, 0.968483, -0.0, 0.0, 0.0, 0.0, 1.0],
                [0.98649, -0.010929, 0.163461, 0.0, -0.021626, 0.980353, 0.196055, 0.05, -0.162392, -0.196941, 0.966873, 0.0, 0.0, 0.0, 0.0, 1.0],
                [0.984073, -0.008541, 0.177567, 0.0, -0.027271, 0.979768, 0.198261, 0.05, -0.175669, -0.199945, 0.963931, -0.0, 0.0, 0.0, 0.0, 1.0],
                [0.982862, -0.006971, 0.184218, -0.0, -0.030813, 0.979014, 0.201446, 0.05, -0.181757, -0.203669, 0.96202, 0.0, 0.0, 0.0, 0.0, 1.0],
                [0.982886, -0.006987, 0.184086, 0.0, -0.031433, 0.978264, 0.204962, 0.05, -0.181517, -0.207241, 0.961302, -0.0, 0.0, 0.0, 0.0, 1.0],
