{
    "animation": [
        {
            "name": "Root",
            "time": [0.0, 0.0333, 0.0667, 0.1, 0.1333, 0.2333, 0.2667, 0.3, 0.4, 0.4333, 0.4667, 0.5, 0.5667, 0.6, 0.6333, 0.7, 0.7333, 0.8, 0.8333, 0.8667, 0.9, 0.9333, 0.9667, 1.0, 1.0333, 1.0667, 1.1, 1.1333, 1.1667, 1.2, 1.2333, 1.2667, 1.3, 1.3333, 1.3667, 1.4, 1.4333, 1.4667, 1.5, 1.5333, 1.5667, 1.6, 1.6333, 1.6667, 1.7, 1.7333, 1.7667, 1.8, 1.9667],
            "transform": [
                [1.0, 0.000576, 1e-06, 0.000354, -1e-06, 0.003865, -0.999992, 0.264336, -0.000576, 0.999992, 0.003865, 0.438852, 0.0, 0.0, 0.0, 1.0],
                [1.0, 0.000221, 1e-06, 0.000361, 0.0, 0.003902, -0.999992, 0.385886, -0.000221, 0.999992, 0.003902, 0.402029, 0.0, 0.0, 0.0, 1.0],
                [0.999998, -8.3e-05, 0.001879, 0.000368, 0.001879, 0.003906, -0.99999, 0.507435, 7.6e-05, 0.999992, 0.003906, 0.365206, 0.0, 0.0, 0.0, 1.0],
                [0.999994, -0.000447, 0.003534, 0.000376, 0.003536, 0.003882, -0.999986, 0.76772, 0.000433, 0.999992, 0.003883, 0.75488, 0.0, 0.0, 0.0, 1.0],
                [0.999994, -0.000392, 0.003574, 0.000383, 0.003575, 0.003888, -0.999986, 0.802533, 0.000378, 0.999992, 0.00389, 0.837566, 0.0, 0.0, 0.0, 1.0],
                [0.999993, -0.000339, 0.003615, 0.000405, 0.003616, 0.003894, -0.999986, 0.906972, 0.000325, 0.999992, 0.003895, 1.085624, 0.0, 0.0, 0.0, 1.0],
                [0.999993, -0.000292, 0.003653, 0.000412, 0.003654, 0.003897, -0.999986, 0.941785, 0.000277, 0.999992, 0.003898, 1.16831, 0.0, 0.0, 0.0, 1.0],
                [0.999993, -0.000244, 0.003691, 0.000419, 0.003692, 0.0039, -0.999985, 1.016004, 0.00023, 0.999992, 0.003901, 1.211442, 0.0, 0.0, 0.0, 1.0],
                [0.999993, -0.000176, 0.003751, 0.000441, 0.003751, 0.003904, -0.999985, 1.23866, 0.000161, 0.999992, 0.003905, 1.340838, 0.0, 0.0, 0.0, 1.0],
                [0.999993, -8.9e-05, 0.003829, 0.000448, 0.003829, 0.003907, -0.999985, 1.431797, 7.4e-05, 0.999992, 0.003908, 1.170713, 0.0, 0.0, 0.0, 1.0],
                [1.0, 0.00016, 1e-06, 0.000456, -0.0, 0.003905, -0.999992, 1.424942, -0.00016, 0.999992, 0.003905, 1.289465, 0.0, 0.0, 0.0, 1.0],
                [1.0, 0.000456, 1e-06, 0.000463, -1e-06, 0.003881, -0.999992, 1.889179, -0.000456, 0.999992, 0.003881, 0.448255, 0.0, 0.0, 0.0, 1.0],
                [1.0, 0.000595, 1e-06, 0.00047, -1e-06, 0.003863, -0.999992, 2.089281, -0.000595, 0.999992, 0.003863, 0.367956, 0.0, 0.0, 0.0, 1.0],
                [1.0, 0.00051, 0.0, 0.000477, -2e-06, 0.003874, -0.999992, 2.237321, -0.00051, 0.999992, 0.003874, 0.328291, 0.0, 0.0, 0.0, 1.0],
                [1.0, 0.000424, 0.0, 0.000485, -1e-06, 0.003886, -0.999992, 2.268932, -0.000424, 0.999992, 0.003886, 0.330238, 0.0, 0.0, 0.0, 1.0],
                [1.0, 0.000387, 0.0, 0.000499, -1e-06, 0.00389, -0.999992, 2.332152, -0.000387, 0.999992, 0.00389, 0.334133, 0.0, 0.0, 0.0, 1.0],
                [1.0, 0.000351, 0.0, 0.000507, -1e-06, 0.003893, -0.999992, 2.363763, -0.000351, 0.999992, 0.003893, 0.336081, 0.0, 0.0, 0.0, 1.0],
                [1.0, 0.000314, 1e-06, 0.000521, -0.0, 0.003896, -0.999992, 2.426984, -0.000314, 0.999992, 0.003896, 0.339976, 0.0, 0.0, 0.0, 1.0],
                [1.0, 0.000277, 1e-06, 0.000523, -1e-06, 0.0039, -0.999992, 2.427028, -0.000277, 0.999992, 0.0039, 0.34004, 0.0, 0.0, 0.0, 1.0],
                [1.0, 0.000241, 1e-06, 0.000533, 0.0, 0.003902, -0.999992, 2.427085, -0.000241, 0.999992, 0.003902, 0.34015, 0.0, 0.0, 0.0, 1.0],
                [1.0, 0.000201, 0.0, 0.000557, -1e-06, 0.003902, -0.999992, 2.427161, -0.000201, 0.999992, 0.003902, 0.340327, 0.0, 0.0, 0.0, 1.0],
                [1.0, 0.000161, 0.0, 0.000593, -0.0, 0.003904, -0.999992, 2.427258, -0.000161, 0.999992, 0.003904, 0.340593, 0.0, 0.0, 0.0, 1.0],
                [1.0, 0.000113, -0.0, 0.000688, -0.0, 0.003907, -0.999992, 2.427383, -0.000113, 0.999992, 0.003907, 0.340987, 0.0, 0.0, 0.0, 1.0],
                [1.0, 5.3e-05, 3e-06, 0.000656, 3e-06, 0.003907, -0.999992, 2.427561, -5.3e-05, 0.999992, 0.003907, 0.361171, 0.0, 0.0, 0.0, 1.0],
                [0.999999, -1.4e-05, 0.001251, 0.000624, 0.001251, 0.003909, -0.999991, 2.451427, 9e-06, 0.999992, 0.003909, 0.370689, 0.0, 0.0, 0.0, 1.0],
                [0.999997, -8.1e-05, 0.002516, 0.000592, 0.002516, 0.00391, -0.999989, 2.475293, 7.1e-05, 0.999992, 0.00391, 0.380207, 0.0, 0.0, 0.0, 1.0],
                [0.999993, -0.000148, 0.003775, 0.00056, 0.003775, 0.003906, -0.999985, 2.49916, 0.000134, 0.999992, 0.003907, 0.389724, 0.0, 0.0, 0.0, 1.0],
                [0.999993, -0.000196, 0.003732, 0.000528, 0.003733, 0.003903, -0.999985, 2.523026, 0.000181, 0.999992, 0.003904, 0.399242, 0.0, 0.0, 0.0, 1.0],
                [0.999993, -0.000225, 0.003707, 0.000496, 0.003708, 0.003903, -0.999985, 2.546892, 0.00021, 0.999992, 0.003904, 0.40876, 0.0, 0.0, 0.0, 1.0],
                [0.999993, -0.00023, 0.003703, 0.00019, 0.003704, 0.003902, -0.999985, 2.551795, 0.000215, 0.999992, 0.003903, 0.425693, 0.0, 0.0, 0.0, 1.0],
                [0.999993, -0.000214, 0.003716, -0.000116, 0.003717, 0.003902, -0.999985, 2.5567, 0.000199, 0.999992, 0.003903, 0.442625, 0.0, 0.0, 0.0, 1.0],
                [0.999993, -0.000183, 0.003742, -0.000421, 0.003743, 0.003904, -0.999985, 2.561603, 0.000168, 0.999992, 0.003905, 0.459557, 0.0, 0.0, 0.0, 1.0],
                [0.999993, -0.000137, 0.003784, 3.4e-05, 0.003785, 0.003907, -0.999985, 2.58743, 0.000122, 0.999992, 0.003908, 0.483078, 0.0, 0.0, 0.0, 1.0],
                [0.999993, -9.1e-05, 0.003828, -0.000317, 0.003828, 0.003909, -0.999985, 2.613257, 7.6e-05, 0.999992, 0.003909, 0.506599, 0.0, 0.0, 0.0, 1.0],
                [0.999993, -4.5e-05, 0.00386, -0.000553, 0.00386, 0.003908, -0.999985, 2.639084, 3e-05, 0.999992, 0.003908, 0.53012, 0.0, 0.0, 0.0, 1.0],
                [1.0, 2.8e-05, 0.0, -0.000616, 0.0, 0.003907, -0.999992, 2.664912, -2.8e-05, 0.999992, 0.003907, 0.553641, 0.0, 0.0, 0.0, 1.0],
                [1.0, 0.000106, 1e-06, -0.000526, 1e-06, 0.003907, -0.999992, 2.690739, -0.000106, 0.999992, 0.003907, 0.577162, 0.0, 0.0, 0.0, 1.0],
                [1.0, 0.000185, -0.0, -0.000418, -1e-06, 0.003903, -0.999992, 2.716566, -0.000185, 0.999992, 0.003903, 0.600683, 0.0, 0.0, 0.0, 1.0],
                [1.0, 0.000248, 1e-06, -0.000349, -0.0, 0.003901, -0.999992, 2.729969, -0.000248, 0.999992, 0.003901, 0.604988, 0.0, 0.0, 0.0, 1.0],
                [1.0, 0.000293, 1e-06, -0.000299, -0.0, 0.003899, -0.999992, 2.743371, -0.000293, 0.999992, 0.003899, 0.609292, 0.0, 0.0, 0.0, 1.0],
                [1.0, 0.000338, 0.0, -0.000263, -1e-06, 0.003895, -0.999992, 2.756774, -0.000338, 0.999992, 0.003895, 0.613597, 0.0, 0.0, 0.0, 1.0],
                [1.0, 0.000382, 0.0, -0.000231, -1e-06, 0.00389, -0.999992, 2.770177, -0.000382, 0.999992, 0.00389, 0.617901, 0.0, 0.0, 0.0, 1.0],
                [1.0, 0.000418, -0.0, -0.000201, -2e-06, 0.003887, -0.999992, 2.78358, -0.000418, 0.999992, 0.003887, 0.622206, 0.0, 0.0, 0.0, 1.0],
                [1.0, 0.000455, 0.0, -0.000171, -2e-06, 0.003883, -0.999992, 2.796983, -0.000455, 0.999992, 0.003883, 0.62651, 0.0, 0.0, 0.0, 1.0],
                [1.0, 0.000487, -0.0, -0.000141, -2e-06, 0.003877, -0.999992, 2.810386, -0.000487, 0.999992, 0.003877, 0.630814, 0.0, 0.0, 0.0, 1.0],
                [1.0, 0.000519, 1e-06, -0.000118, -1e-06, 0.003874, -0.999992, 2.823789, -0.000519, 0.999992, 0.003874, 0.635119, 0.0, 0.0, 0.0, 1.0],
                [1.0, 0.000542, 1e-06, -9.5e-05, -1e-06, 0.003869, -0.999992, 2.837192, -0.000542, 0.999992, 0.003869, 0.639423, 0.0, 0.0, 0.0, 1.0],
                [1.0, 0.000557, 1e-06, -2.8e-05, -1e-06, 0.003867, -0.999992, 2.850595, -0.000557, 0.999992, 0.003867, 0.643728, 0.0, 0.0, 0.0, 1.0],
                [1.0, 0.000632, 1e-06, 0.00031, -1e-06, 0.003856, -0.999993, 2.944274, -0.000632, 0.999992, 0.003856, 0.667112, 0.0, 0.0, 0.0, 1.0]
            ]
        },
        {
            "name": "Thigh_R",
            "time": [0.0, 0.0333, 0.0667, 0.1, 0.1333, 0.4667, 0.5, 0.5667, 0.6, 0.6333, 0.8, 0.8333, 1.0, 1.1667, 1.2, 1.2333, 1.2667, 1.3, 1.3333, 1.3667, 1.4, 1.4333, 1.4667, 1.5, 1.7333, 1.9667],
            "transform": [
                [0.993079, 0.093695, 0.070809, 0.139112, -0.043472, -0.266838, 0.96276, 0.052546, 0.1091, -0.959177, -0.260918, 0.033005, 0.0, 0.0, 0.0, 1.0],
                [0.998557, 0.053577, -0.003412, 0.142675, 0.018106, -0.276273, 0.960908, 0.052072, 0.05054, -0.959586, -0.276844, 0.033003, 0.0, 0.0, 0.0, 1.0],
                [0.997136, 0.013617, -0.074377, 0.121229, 0.071607, -0.485976, 0.871033, 0.062551, -0.024284, -0.873867, -0.485559, -0.013722, 0.0, 0.0, 0.0, 1.0],
                [0.967498, 0.115124, 0.225149, 0.099784, 0.169637, -0.955775, -0.240247, 0.07303, 0.187533, 0.270633, -0.94424, -0.060448, 0.0, 0.0, 0.0, 1.0],
                [0.850241, 0.088053, 0.518977, 0.078338, 0.364459, -0.809849, -0.459689, 0.083508, 0.379816, 0.579993, -0.720658, -0.107173, 0.0, 0.0, 0.0, 1.0],
                [0.889128, 0.377713, 0.258425, 0.122391, -0.156272, -0.280162, 0.947147, 0.051807, 0.430149, -0.882523, -0.190074, 0.005834, 0.0, 0.0, 0.0, 1.0],
                [0.981467, 0.151491, 0.117361, 0.119579, -0.093016, -0.158846, 0.982912, 0.045468, 0.167545, -0.975612, -0.141811, 0.014239, 0.0, 0.0, 0.0, 1.0],
                [0.997145, 0.075396, -0.003768, 0.113955, 0.029092, -0.337742, 0.940789, 0.032789, 0.069659, -0.938216, -0.338971, 0.031048, 0.0, 0.0, 0.0, 1.0],
                [0.994013, 0.056221, -0.093679, 0.109737, 0.092539, 0.022564, 0.995453, 0.02328, 0.058079, -0.998165, 0.017226, 0.043655, 0.0, 0.0, 0.0, 1.0],
                [0.994706, 0.059283, -0.083922, 0.111069, 0.081176, 0.047291, 0.995577, 0.024135, 0.06299, -0.997122, 0.042228, 0.042865, 0.0, 0.0, 0.0, 1.0],
                [0.995318, 0.06228, 0.073911, 0.117728, -0.076198, 0.035189, 0.996471, 0.028408, 0.05946, -0.997439, 0.03977, 0.038909, 0.0, 0.0, 0.0, 1.0],
                [0.995417, 0.054269, 0.078743, 0.11906, -0.08093, 0.039357, 0.995942, 0.029262, 0.05095, -0.997751, 0.043568, 0.038119, 0.0, 0.0, 0.0, 1.0],
                [0.99822, 0.031762, 0.05047, 0.125719, -0.04844, -0.061707, 0.996917, 0.033535, 0.034778, -0.99759, -0.060059, 0.034163, 0.0, 0.0, 0.0, 1.0],
                [0.999727, 0.013554, 0.018972, 0.132377, -0.014956, -0.251432, 0.967759, 0.037808, 0.017887, -0.967781, -0.25116, 0.030208, 0.0, 0.0, 0.0, 1.0],
                [0.999232, 0.02238, 0.032125, 0.133709, -0.023723, -0.306646, 0.951528, 0.038663, 0.031146, -0.951563, -0.305879, 0.029417, 0.0, 0.0, 0.0, 1.0],
                [0.998455, 0.033267, 0.04449, 0.135041, -0.029515, -0.360799, 0.932176, 0.039517, 0.047062, -0.932052, -0.35926, 0.028626, 0.0, 0.0, 0.0, 1.0],
                [0.997354, 0.044388, 0.057561, 0.136373, -0.033565, -0.421158, 0.906366, 0.040372, 0.064474, -0.905902, -0.418553, 0.027835, 0.0, 0.0, 0.0, 1.0],
                [0.99594, 0.054492, 0.071624, 0.137705, -0.036481, -0.483082, 0.874815, 0.041227, 0.08227, -0.873881, -0.479133, 0.027044, 0.0, 0.0, 0.0, 1.0],
                [0.994328, 0.065361, 0.083884, 0.139036, -0.035057, -0.543249, 0.83884, 0.042081, 0.100397, -0.837026, -0.537876, 0.026253, 0.0, 0.0, 0.0, 1.0],
                [0.992295, 0.07654, 0.097411, 0.13679, -0.031581, -0.604042, 0.796327, 0.042932, 0.119791, -0.793271, -0.596971, 0.02661, 0.0, 0.0, 0.0, 1.0],
                [0.990086, 0.081912, 0.114095, 0.134543, -0.03069, -0.666534, 0.744843, 0.043782, 0.137059, -0.740962, -0.657412, 0.026966, 0.0, 0.0, 0.0, 1.0],
                [0.988009, 0.082413, 0.130554, 0.132297, -0.02792, -0.736299, 0.676081, 0.044632, 0.151845, -0.671622, -0.725168, 0.027323, 0.0, 0.0, 0.0, 1.0],
                [0.985599, 0.079899, 0.149019, 0.13005, -0.025155, -0.802223, 0.596496, 0.045483, 0.167206, -0.591657, -0.78866, 0.027679, 0.0, 0.0, 0.0, 1.0],
                [0.983333, 0.076904, 0.164738, 0.127803, -0.017745, -0.861205, 0.507951, 0.046333, 0.180936, -0.50241, -0.845486, 0.028036, 0.0, 0.0, 0.0, 1.0],
                [0.936682, 0.192129, 0.292769, 0.112077, 0.094064, -0.943369, 0.318134, 0.052286, 0.337312, -0.270451, -0.901708, 0.030531, 0.0, 0.0, 0.0, 1.0],
                [0.860516, 0.267304, 0.433662, 0.096351, 0.232828, -0.963531, 0.131908, 0.058238, 0.453106, -0.012541, -0.891369, 0.033027, 0.0, 0.0, 0.0, 1.0]
            ]
        },
        {
            "name": "Leg_R",
            "time": [0.0, 0.0333, 0.0667, 0.1, 0.1333, 0.1667, 0.2, 0.2333, 0.2667, 0.3, 0.3333, 0.3667, 0.4, 0.4333, 0.4667, 0.5, 0.5667, 0.6, 0.6333, 0.8667, 0.9, 0.9333, 0.9667, 1.0, 1.1667, 1.2, 1.2333, 1.2667, 1.3, 1.3333, 1.3667, 1.4, 1.4333, 1.4667, 1.5, 1.9667],
            "transform": [
                [0.999999, -0.001954, -0.000116, 0.0, -0.000118, -0.119437, 0.992842, 0.37472, -0.001954, -0.992839, -0.119438, -0.0, 0.0, 0.0, 0.0, 1.0],
                [0.999998, -0.001915, -0.000401, 0.0, -0.000403, -0.401964, 0.915656, 0.37472, -0.001915, -0.915654, -0.401964, -0.0, 0.0, 0.0, 0.0, 1.0],
                [0.999998, -0.001864, -0.000596, -0.0, -0.000596, -0.580382, 0.814345, 0.37472, -0.001864, -0.814341, -0.580383, -0.0, 0.0, 0.0, 0.0, 1.0],
                [0.999998, -0.001693, 0.000978, 0.0, 0.000974, 0.865037, 0.501705, 0.37472, -0.001695, -0.5017, 0.865041, 0.0, 0.0, 0.0, 0.0, 1.0],
                [0.999999, -0.001518, 0.001231, -0.0, 0.001229, 0.978155, 0.207855, 0.37472, -0.00152, -0.207851, 0.978162, 0.0, 0.0, 0.0, 0.0, 1.0],
                [0.999998, -0.001588, 0.00114, -0.0, 0.001136, 0.946602, 0.322394, 0.37472, -0.001591, -0.32239, 0.946608, -0.0, 0.0, 0.0, 0.0, 1.0],
                [0.999999, -0.001846, 0.00068, -0.0, 0.000678, 0.647785, 0.761823, 0.37472, -0.001847, -0.761817, 0.647788, 0.0, 0.0, 0.0, 0.0, 1.0],
                [0.999999, -0.001955, 2.5e-05, -0.0, 2.2e-05, 0.024272, 0.999707, 0.37472, -0.001955, -0.999701, 0.024272, -0.0, 0.0, 0.0, 0.0, 1.0],
                [0.999998, -0.001936, -0.000278, 0.0, -0.000279, -0.281603, 0.959532, 0.37472, -0.001936, -0.959527, -0.281604, 0.0, 0.0, 0.0, 0.0, 1.0],
                [0.999998, -0.001892, -0.000503, -0.0, -0.000503, -0.496961, 0.867774, 0.37472, -0.001892, -0.867768, -0.496963, 0.0, 0.0, 0.0, 0.0, 1.0],
                [0.999998, -0.001838, -0.000668, -0.0, -0.000669, -0.642456, 0.766323, 0.37472, -0.001838, -0.766319, -0.642458, 0.0, 0.0, 0.0, 0.0, 1.0],
                [0.999997, -0.001788, -0.000791, -0.0, -0.000791, -0.739883, 0.672736, 0.37472, -0.001788, -0.672731, -0.739886, -0.0, 0.0, 0.0, 0.0, 1.0],
                [0.999997, -0.001829, -0.000694, -0.0, -0.000694, -0.663178, 0.748462, 0.37472, -0.001829, -0.748457, -0.663181, -0.0, 0.0, 0.0, 0.0, 1.0],
                [0.999998, -0.001874, -0.000558, 0.0, -0.000558, -0.546826, 0.837247, 0.37472, -0.001874, -0.837243, -0.546827, 0.0, 0.0, 0.0, 0.0, 1.0],
                [0.999998, -0.001914, -0.000399, -0.0, -0.000399, -0.399695, 0.916649, 0.37472, -0.001914, -0.916646, -0.399696, 0.0, 0.0, 0.0, 0.0, 1.0],
                [0.999998, -0.001953, 6.6e-05, -0.0, 6.3e-05, 0.06627, 0.997803, 0.37472, -0.001953, -0.997798, 0.06627, -0.0, 0.0, 0.0, 0.0, 1.0],
                [0.999996, -0.001824, 0.000705, -0.0, 0.000702, 0.671069, 0.741395, 0.37472, -0.001825, -0.741391, 0.671071, -0.0, 0.0, 0.0, 0.0, 1.0],
                [0.999997, -0.001955, -3.3e-05, 0.0, -3.7e-05, -0.035812, 0.999359, 0.37472, -0.001955, -0.999357, -0.035812, 0.0, 0.0, 0.0, 0.0, 1.0],
                [0.999996, -0.001953, 9.5e-05, -0.0, -0.000245, -0.076856, 0.997043, 0.37472, -0.00194, -0.997041, -0.076856, -0.0, 0.0, 0.0, 0.0, 1.0],
                [0.999998, -0.001946, -0.000192, -0.0, -0.000194, -0.196408, 0.980523, 0.37472, -0.001946, -0.98052, -0.196409, -0.0, 0.0, 0.0, 0.0, 1.0],
                [0.999998, -0.001947, -0.000185, 0.0, -0.000187, -0.189389, 0.981903, 0.37472, -0.001947, -0.981899, -0.189389, -0.0, 0.0, 0.0, 0.0, 1.0],
                [0.999998, -0.001948, -0.000168, -0.0, -0.000171, -0.172589, 0.984995, 0.37472, -0.001948, -0.984991, -0.172589, -0.0, 0.0, 0.0, 0.0, 1.0],
                [0.999998, -0.001951, -0.000144, -0.0, -0.000148, -0.148776, 0.988873, 0.37472, -0.00195, -0.988868, -0.148777, 0.0, 0.0, 0.0, 0.0, 1.0],
                [0.999996, -0.001952, -0.000121, 0.0, -0.000124, -0.124867, 0.992174, 0.37472, -0.001952, -0.992172, -0.124867, 0.0, 0.0, 0.0, 0.0, 1.0],
                [0.999998, -0.001955, -2.7e-05, -0.0, -3e-05, -0.029097, 0.999577, 0.37472, -0.001955, -0.999574, -0.029097, -0.0, 0.0, 0.0, 0.0, 1.0],
                [0.999998, -0.001956, -9e-06, 0.0, -1.2e-05, -0.010718, 0.999943, 0.37472, -0.001956, -0.999941, -0.010718, -0.0, 0.0, 0.0, 0.0, 1.0],
                [0.999999, -0.001955, 1.9e-05, -0.0, 1.7e-05, 0.018473, 0.99983, 0.37472, -0.001955, -0.999826, 0.018473, 0.0, 0.0, 0.0, 0.0, 1.0],
                [0.999999, -0.001955, 4.7e-05, 0.0, 4.5e-05, 0.047298, 0.998882, 0.37472, -0.001955, -0.998877, 0.047298, -0.0, 0.0, 0.0, 0.0, 1.0],
                [0.999998, -0.001954, 8.5e-05, -0.0, 8.3e-05, 0.085659, 0.996325, 0.37472, -0.001954, -0.996323, 0.085659, -0.0, 0.0, 0.0, 0.0, 1.0],
                [0.999998, -0.001952, 0.000123, -0.0, 0.00012, 0.123893, 0.992296, 0.37472, -0.001952, -0.992292, 0.123893, 0.0, 0.0, 0.0, 0.0, 1.0],
                [0.999998, -0.001949, 0.000166, 0.0, 0.000164, 0.168132, 0.985765, 0.37472, -0.001949, -0.985762, 0.168132, -0.0, 0.0, 0.0, 0.0, 1.0],
                [0.999998, -0.001942, 0.000223, -0.0, 0.00022, 0.225046, 0.974349, 0.37472, -0.001943, -0.974345, 0.225047, 0.0, 0.0, 0.0, 0.0, 1.0],
                [0.999999, -0.001932, 0.0003, 0.0, 0.000296, 0.30134, 0.953518, 0.37472, -0.001932, -0.953512, 0.301341, 0.0, 0.0, 0.0, 0.0, 1.0],
                [0.999999, -0.001915, 0.000395, 0.0, 0.000392, 0.394383, 0.918947, 0.37472, -0.001916, -0.918942, 0.394385, -0.0, 0.0, 0.0, 0.0, 1.0],
                [0.999998, -0.001889, 0.000503, -0.0, 0.000501, 0.496018, 0.868313, 0.37472, -0.00189, -0.868308, 0.496019, -0.0, 0.0, 0.0, 0.0, 1.0],
                [0.999997, -0.001635, 0.001071, 0.0, 0.001068, 0.916078, 0.400999, 0.37472, -0.001637, -0.400998, 0.916078, -0.0, 0.0, 0.0, 0.0, 1.0]
            ]
        },
        {
            "name": "Knee_R",
            "time": [0.0, 0.4667, 0.5667, 1.9667],
            "transform": [
                [1.0, 0.0, -0.0, 0.0, -0.0, 0.0, -1.0, 0.37472, -0.0, 1.0, 0.0, -0.0, 0.0, 0.0, 0.0, 1.0],
                [1.0, 0.0, -0.0, -0.0, -0.0, 0.0, -1.0, 0.37472, -0.0, 1.0, 0.0, 0.0, 0.0, 0.0, 0.0, 1.0],
                [1.0, 0.0, -0.0, -0.0, -0.0, 0.0, -1.0, 0.37472, -0.0, 1.0, 0.0, -0.0, 0.0, 0.0, 0.0, 1.0],
                [1.0, 0.0, -0.0, 0.0, -0.0, 0.0, -1.0, 0.37472, -0.0, 1.0, 0.0, -0.0, 0.0, 0.0, 0.0, 1.0]
            ]
        },
        {
            "name": "Thigh_L",
            "time": [0.0, 0.0333, 0.0667, 0.1, 0.1333, 0.1667, 0.2, 0.2333, 0.2667, 0.3, 0.3333, 0.3667, 0.4, 0.4333, 0.4667, 0.5, 0.5667, 0.7667, 0.9333, 1.2333, 1.3333, 1.3667, 1.4, 1.4333, 1.4667, 1.5, 1.9667],
            "transform": [
                [0.922656, -0.381032, -0.059357, -0.121962, -0.332533, -0.86408, 0.377873, 0.07582, -0.195271, -0.328908, -0.923953, -0.037067, 0.0, 0.0, 0.0, 1.0],
                [0.892519, -0.432391, -0.12826, -0.120139, -0.391397, -0.883866, 0.256105, 0.073501, -0.224102, -0.178377, -0.958103, -0.024528, 0.0, 0.0, 0.0, 1.0],
                [0.868213, -0.458918, -0.18869, -0.118317, -0.455172, -0.888001, 0.065368, 0.071182, -0.197556, 0.029133, -0.979859, -0.011989, 0.0, 0.0, 0.0, 1.0],
                [0.993882, -0.110092, 0.009195, -0.116494, -0.096985, -0.90934, -0.40459, 0.068863, 0.052903, 0.401222, -0.914452, 0.000549, 0.0, 0.0, 0.0, 1.0],
                [0.993681, -0.03822, -0.105553, -0.114671, -0.070449, -0.94437, -0.321251, 0.066544, -0.087403, 0.326656, -0.941094, 0.013088, 0.0, 0.0, 0.0, 1.0],
                [0.959166, -0.077418, -0.27205, -0.112849, -0.110759, -0.987808, -0.109399, 0.064225, -0.260264, 0.135064, -0.956045, 0.025627, 0.0, 0.0, 0.0, 1.0],
                [0.907152, -0.165069, -0.38708, -0.111026, -0.119457, -0.983025, 0.139253, 0.061907, -0.403496, -0.080084, -0.911471, 0.038166, 0.0, 0.0, 0.0, 1.0],
                [0.867602, -0.227354, -0.442244, -0.112877, -0.099611, -0.950793, 0.293378, 0.070648, -0.487184, -0.210482, -0.847555, 0.037787, 0.0, 0.0, 0.0, 1.0],
                [0.853142, -0.252886, -0.456291, -0.114727, -0.085062, -0.930379, 0.356593, 0.079389, -0.514702, -0.265411, -0.815255, 0.037408, 0.0, 0.0, 0.0, 1.0],
                [0.84189, -0.283808, -0.458995, -0.116577, -0.073336, -0.902819, 0.423721, 0.08813, -0.534646, -0.323065, -0.780887, 0.037029, 0.0, 0.0, 0.0, 1.0],
                [0.835538, -0.3019, -0.459058, -0.118427, -0.057304, -0.878837, 0.473669, 0.096871, -0.546438, -0.369462, -0.751601, 0.036649, 0.0, 0.0, 0.0, 1.0],
                [0.830813, -0.356137, -0.427689, -0.120277, -0.161133, -0.889467, 0.42765, 0.105612, -0.532718, -0.286382, -0.796365, 0.03627, 0.0, 0.0, 0.0, 1.0],
                [0.863793, -0.318972, -0.390027, -0.122127, -0.120118, -0.882142, 0.45541, 0.114353, -0.489322, -0.346531, -0.800301, 0.035891, 0.0, 0.0, 0.0, 1.0],
                [0.891727, -0.271663, -0.361973, -0.123977, -0.08368, -0.884984, 0.45804, 0.123094, -0.444773, -0.378156, -0.811896, 0.035512, 0.0, 0.0, 0.0, 1.0],
                [0.960942, -0.00084, -0.276754, -0.125827, 0.02784, -0.99463, 0.099684, 0.131835, -0.275352, -0.103495, -0.955757, 0.035133, 0.0, 0.0, 0.0, 1.0],
                [0.958995, -0.147431, -0.242068, -0.127677, -0.095738, -0.972364, 0.212935, 0.140577, -0.266772, -0.181028, -0.946606, 0.034754, 0.0, 0.0, 0.0, 1.0],
                [0.931057, -0.301109, -0.206079, -0.127434, -0.266954, -0.947158, 0.17784, 0.132454, -0.248739, -0.110565, -0.96224, 0.028865, 0.0, 0.0, 0.0, 1.0],
                [0.955174, -0.232479, -0.183301, -0.123059, -0.272586, -0.932196, -0.238133, 0.105705, -0.115512, 0.277424, -0.953779, 0.016226, 0.0, 0.0, 0.0, 1.0],
                [0.972018, -0.186357, -0.143021, -0.119412, -0.218989, -0.939174, -0.264567, 0.083414, -0.085018, 0.288483, -0.953703, 0.005693, 0.0, 0.0, 0.0, 1.0],
                [0.969946, -0.242983, 0.01288, -0.109568, -0.234544, -0.919547, 0.315314, 0.068026, -0.064772, -0.308858, -0.948901, 0.012259, 0.0, 0.0, 0.0, 1.0],
                [0.966168, -0.240072, 0.094269, -0.106286, -0.245421, -0.743356, 0.622247, 0.062897, -0.079309, -0.62433, -0.777125, 0.014448, 0.0, 0.0, 0.0, 1.0],
                [0.965142, -0.233088, 0.119048, -0.107459, -0.247672, -0.6663, 0.703352, 0.062123, -0.084621, -0.708319, -0.700803, 0.011264, 0.0, 0.0, 0.0, 1.0],
                [0.983984, -0.165534, 0.066157, -0.108633, -0.162518, -0.680501, 0.714498, 0.061348, -0.073254, -0.713805, -0.696503, 0.00808, 0.0, 0.0, 0.0, 1.0],
                [0.994472, -0.102492, 0.022895, -0.109806, -0.091925, -0.74413, 0.66168, 0.060574, -0.05078, -0.660125, -0.749437, 0.004897, 0.0, 0.0, 0.0, 1.0],
                [0.996965, -0.076382, 0.015114, -0.110979, -0.067851, -0.757024, 0.649855, 0.0598, -0.038195, -0.648908, -0.759909, 0.001713, 0.0, 0.0, 0.0, 1.0],
                [0.996688, -0.064738, 0.049249, -0.112153, -0.081334, -0.801666, 0.592214, 0.059025, 0.001142, -0.594257, -0.804275, -0.00147, 0.0, 0.0, 0.0, 1.0],
                [0.984725, -0.167634, 0.047037, -0.128579, -0.17408, -0.943109, 0.283276, 0.048184, -0.003125, -0.287139, -0.957884, -0.046041, 0.0, 0.0, 0.0, 1.0]
            ]
        },
        {
            "name": "Leg_L",
            "time": [0.0, 0.0333, 0.0667, 0.1, 0.1333, 0.1667, 0.2, 0.2333, 0.2667, 0.3, 0.3333, 0.3667, 0.4, 0.4333, 0.4667, 0.5, 0.5667, 0.7667, 0.9333, 1.1667, 1.2, 1.2333, 1.2667, 1.3, 1.3333, 1.3667, 1.4, 1.4333, 1.4667, 1.5, 1.9667],
            "transform": [
                [0.999998, -0.001953, 9.8e-05, -0.0, 9.6e-05, 0.099028, 0.995085, 0.37472, -0.001954, -0.995082, 0.099028, -0.0, 0.0, 0.0, 0.0, 1.0],
                [0.999998, -0.001953, 0.000108, -0.0, 0.000106, 0.109202, 0.99402, 0.37472, -0.001953, -0.994016, 0.109202, -0.0, 0.0, 0.0, 0.0, 1.0],
                [0.999997, -0.001953, 0.000128, -0.0, 0.000126, 0.129804, 0.99154, 0.37472, -0.001953, -0.991537, 0.129804, 0.0, 0.0, 0.0, 0.0, 1.0],
                [0.999997, -0.001831, 0.000686, -0.0, 0.000683, 0.655767, 0.754963, 0.37472, -0.001832, -0.75496, 0.655767, -0.0, 0.0, 0.0, 0.0, 1.0],
                [0.999998, -0.001901, 0.000471, 0.0, 0.000468, 0.465548, 0.885023, 0.37472, -0.001901, -0.88502, 0.465548, 0.0, 0.0, 0.0, 0.0, 1.0],
                [0.999998, -0.001951, 0.000143, -0.0, 0.000141, 0.144804, 0.989461, 0.37472, -0.001951, -0.989457, 0.144804, -0.0, 0.0, 0.0, 0.0, 1.0],
                [0.999997, -0.001952, -0.000152, 0.0, -0.000154, -0.155678, 0.987809, 0.37472, -0.001952, -0.987805, -0.155678, 0.0, 0.0, 0.0, 0.0, 1.0],
                [0.999997, -0.001933, -0.000305, 0.0, -0.000306, -0.30867, 0.95117, 0.37472, -0.001932, -0.951166, -0.30867, -0.0, 0.0, 0.0, 0.0, 1.0],
                [0.999997, -0.001927, -0.00034, -0.0, -0.000342, -0.343161, 0.939277, 0.37472, -0.001927, -0.939273, -0.343162, -0.0, 0.0, 0.0, 0.0, 1.0],
                [0.999997, -0.001925, -0.000348, -0.0, -0.00035, -0.351055, 0.936356, 0.37472, -0.001924, -0.936352, -0.351056, -0.0, 0.0, 0.0, 0.0, 1.0],
                [0.999997, -0.001924, -0.000353, 0.0, -0.000355, -0.35577, 0.934574, 0.37472, -0.001924, -0.934571, -0.35577, -0.0, 0.0, 0.0, 0.0, 1.0],
                [0.999998, -0.001854, -0.000625, 0.0, -0.000626, -0.60593, 0.795518, 0.37472, -0.001854, -0.795515, -0.605931, 0.0, 0.0, 0.0, 0.0, 1.0],
                [0.999997, -0.001875, -0.00056, -0.0, -0.000561, -0.548797, 0.835956, 0.37472, -0.001874, -0.835953, -0.548798, -0.0, 0.0, 0.0, 0.0, 1.0],
                [0.999997, -0.001903, -0.000455, 0.0, -0.000457, -0.453684, 0.891163, 0.37472, -0.001902, -0.89116, -0.453685, -0.0, 0.0, 0.0, 0.0, 1.0],
                [0.999997, -0.001514, 0.001237, -0.0, 0.001234, 0.979511, 0.201388, 0.37472, -0.001516, -0.201386, 0.979511, 0.0, 0.0, 0.0, 0.0, 1.0],
                [0.999998, -0.001907, 0.000434, 0.0, 0.000432, 0.431805, 0.901967, 0.37472, -0.001907, -0.901964, 0.431806, -0.0, 0.0, 0.0, 0.0, 1.0],
                [0.999998, -0.001955, 5.6e-05, -0.0, 5.5e-05, 0.056812, 0.998386, 0.37472, -0.001955, -0.998383, 0.056812, 0.0, 0.0, 0.0, 0.0, 1.0],
                [0.999998, -0.001905, 0.000546, -0.0, 0.00019, 0.366542, 0.930402, 0.37472, -0.001972, -0.930399, 0.366542, -0.0, 0.0, 0.0, 0.0, 1.0],
                [0.999998, -0.001876, 0.000623, -0.0, 0.000304, 0.457422, 0.88925, 0.37472, -0.001953, -0.889247, 0.457422, 0.0, 0.0, 0.0, 0.0, 1.0],
                [0.999997, -0.001947, 0.000188, 0.0, 0.000186, 0.190263, 0.981734, 0.37472, -0.001947, -0.981731, 0.190263, 0.0, 0.0, 0.0, 0.0, 1.0],
                [0.999997, -0.001956, -1.6e-05, -0.0, -1.8e-05, -0.017505, 0.999848, 0.37472, -0.001956, -0.999844, -0.017505, -0.0, 0.0, 0.0, 0.0, 1.0],
                [0.999998, -0.001948, -0.00017, -0.0, -0.000172, -0.174357, 0.984683, 0.37472, -0.001948, -0.98468, -0.174357, 0.0, 0.0, 0.0, 0.0, 1.0],
                [0.999998, -0.001941, -0.000245, 0.0, -0.000246, -0.248942, 0.968519, 0.37472, -0.001941, -0.968515, -0.248943, -0.0, 0.0, 0.0, 0.0, 1.0],
                [0.999997, -0.001938, -0.000265, 0.0, -0.000266, -0.269127, 0.963105, 0.37472, -0.001938, -0.963103, -0.269127, 0.0, 0.0, 0.0, 0.0, 1.0],
                [0.999998, -0.001942, -0.000233, 0.0, -0.000235, -0.237895, 0.971291, 0.37472, -0.001942, -0.971289, -0.237895, -0.0, 0.0, 0.0, 0.0, 1.0],
                [0.999998, -0.001951, -0.000139, 0.0, -0.00014, -0.142089, 0.989854, 0.37472, -0.001951, -0.989851, -0.142089, 0.0, 0.0, 0.0, 0.0, 1.0],
                [0.999998, -0.001955, 5.7e-05, 0.0, 5.6e-05, 0.05776, 0.998331, 0.37472, -0.001955, -0.998328, 0.057761, 0.0, 0.0, 0.0, 0.0, 1.0],
                [0.999998, -0.001923, 0.00036, -0.0, 0.000358, 0.361247, 0.93247, 0.37472, -0.001923, -0.932467, 0.361247, 0.0, 0.0, 0.0, 0.0, 1.0],
                [0.999997, -0.001867, 0.000582, -0.0, 0.000579, 0.566987, 0.823726, 0.37472, -0.001868, -0.823724, 0.566987, -0.0, 0.0, 0.0, 0.0, 1.0],
                [0.999997, -0.001847, 0.000641, 0.0, 0.000638, 0.618365, 0.785892, 0.37472, -0.001848, -0.785889, 0.618365, -0.0, 0.0, 0.0, 0.0, 1.0],
                [0.999997, -0.001678, 0.001003, 0.0, 0.001001, 0.880031, 0.474913, 0.37472, -0.001679, -0.474909, 0.880035, 0.0, 0.0, 0.0, 0.0, 1.0]
            ]
        },
        {
            "name": "Knee_L",
            "time": [0.0, 0.4667, 0.5667, 1.9667],
            "transform": [
                [1.0, 0.0, -0.0, -0.0, -0.0, 0.0, -1.0, 0.37472, -0.0, 1.0, 0.0, -0.0, 0.0, 0.0, 0.0, 1.0],
                [1.0, 0.0, -0.0, -0.0, -0.0, 0.0, -1.0, 0.37472, -0.0, 1.0, 0.0, 0.0, 0.0, 0.0, 0.0, 1.0],
                [1.0, 0.0, -1e-06, -0.0, -0.0, 0.0, -1.0, 0.37472, -0.0, 1.0, 0.0, 0.0, 0.0, 0.0, 0.0, 1.0],
                [1.0, 0.0, -0.0, 0.0, -0.0, 0.0, -1.0, 0.37472, -0.0, 1.0, 0.0, 0.0, 0.0, 0.0, 0.0, 1.0]
            ]
        },
        {
            "name": "Torso",
            "time": [0.0, 0.0333, 0.0667, 0.1, 0.1333, 0.2333, 0.3, 0.4, 0.4333, 0.4667, 0.5, 0.5667, 0.6, 0.6333, 0.7, 0.7333, 0.8, 0.8333, 0.8667, 0.9, 0.9333, 0.9667, 1.0, 1.0333, 1.0667, 1.1, 1.1333, 1.1667, 1.2, 1.2333, 1.2667, 1.3, 1.3333, 1.3667, 1.4, 1.4333, 1.4667, 1.5, 1.9667],
            "transform": [
                [0.989247, 0.092303, -0.113449, 0.0, -0.028141, 0.881323, 0.471674, 0.05, 0.143523, -0.463409, 0.874444, 0.0, 0.0, 0.0, 0.0, 1.0],
                [0.996389, -0.01196, 0.084057, 0.0, -0.027995, 0.888385, 0.458244, 0.05, -0.080156, -0.458942, 0.884843, 0.0, 0.0, 0.0, 0.0, 1.0],
                [0.975368, -0.068369, 0.209726, -0.0, -0.014093, 0.929499, 0.368552, 0.05, -0.220138, -0.362428, 0.90564, 0.0, 0.0, 0.0, 0.0, 1.0],
                [0.911271, -0.035366, 0.410287, -0.0, -0.004259, 0.995442, 0.095266, 0.05, -0.411786, -0.088561, 0.906967, 0.0, 0.0, 0.0, 0.0, 1.0],
                [0.927732, 0.02544, 0.372378, 0.0, 0.016706, 0.993844, -0.109517, 0.05, -0.372872, 0.107824, 0.921596, 0.0, 0.0, 0.0, 0.0, 1.0],
                [0.948647, 0.014983, 0.315984, -0.0, -0.011403, 0.999847, -0.013176, 0.05, -0.316134, 0.008897, 0.948673, -0.0, 0.0, 0.0, 0.0, 1.0],
                [0.948087, 0.007529, 0.317922, 0.0, -0.00581, 0.999963, -0.006357, 0.05, -0.317959, 0.004179, 0.948095, 0.0, 0.0, 0.0, 0.0, 1.0],
                [0.941475, -0.012536, 0.336852, 0.0, -0.059389, 0.977507, 0.202364, 0.05, -0.331813, -0.210525, 0.919554, 0.0, 0.0, 0.0, 0.0, 1.0],
                [0.936529, -0.014627, 0.350285, 0.0, -0.137668, 0.903532, 0.405801, 0.05, -0.32243, -0.428267, 0.844172, -0.0, 0.0, 0.0, 0.0, 1.0],
                [0.929471, 0.051811, 0.365239, -0.0, -0.25824, 0.798412, 0.543919, 0.05, -0.26343, -0.599876, 0.755481, -0.0, 0.0, 0.0, 0.0, 1.0],
                [0.980151, 0.034426, 0.195244, 0.0, -0.151, 0.767783, 0.622661, 0.05, -0.12847, -0.639783, 0.757742, -0.0, 0.0, 0.0, 0.0, 1.0],
                [0.999175, -0.030302, 0.027042, -0.0, 0.006331, 0.773905, 0.63327, 0.05, -0.040117, -0.632575, 0.773458, -0.0, 0.0, 0.0, 0.0, 1.0],
                [0.999134, -0.027445, 0.031271, 0.0, 0.001978, 0.782061, 0.623198, 0.05, -0.041559, -0.622596, 0.781438, -0.0, 0.0, 0.0, 0.0, 1.0],
                [0.998099, -0.019368, 0.05852, -0.0, -0.020257, 0.79357, 0.60814, 0.05, -0.058218, -0.608169, 0.791669, 0.0, 0.0, 0.0, 0.0, 1.0],
                [0.997399, -0.021424, 0.068827, 0.0, -0.023988, 0.801738, 0.597192, 0.05, -0.067976, -0.597289, 0.799139, -0.0, 0.0, 0.0, 0.0, 1.0],
                [0.996572, -0.026531, 0.078362, -0.0, -0.024534, 0.809808, 0.586181, 0.05, -0.07901, -0.586093, 0.806381, -0.0, 0.0, 0.0, 0.0, 1.0],
                [0.995631, -0.031367, 0.087947, -0.0, -0.025039, 0.817698, 0.575101, 0.05, -0.089953, -0.57479, 0.813341, -0.0, 0.0, 0.0, 0.0, 1.0],
                [0.994656, -0.035002, 0.09713, -0.0, -0.025903, 0.826088, 0.562944, 0.05, -0.099942, -0.562451, 0.820768, 0.0, 0.0, 0.0, 0.0, 1.0],
                [0.993583, -0.036994, 0.106889, -0.0, -0.027592, 0.83718, 0.54623, 0.05, -0.109692, -0.545673, 0.830787, 0.0, 0.0, 0.0, 0.0, 1.0],
                [0.992583, -0.03659, 0.115931, 0.0, -0.030271, 0.849202, 0.527198, 0.05, -0.117739, -0.526797, 0.841797, -0.0, 0.0, 0.0, 0.0, 1.0],
                [0.991814, -0.028731, 0.124425, 0.0, -0.038121, 0.863317, 0.503218, 0.05, -0.121877, -0.503841, 0.855155, -0.0, 0.0, 0.0, 0.0, 1.0],
                [0.991039, -0.014776, 0.132758, -0.0, -0.050226, 0.879708, 0.472852, 0.05, -0.123775, -0.475282, 0.871083, 0.0, 0.0, 0.0, 0.0, 1.0],
                [0.989967, 0.005695, 0.141189, -0.0, -0.067356, 0.897381, 0.436083, 0.05, -0.124217, -0.441217, 0.888762, 0.0, 0.0, 0.0, 0.0, 1.0],
                [0.988603, 0.030856, 0.147351, -0.0, -0.087644, 0.913766, 0.396671, 0.05, -0.122404, -0.405065, 0.906057, -0.0, 0.0, 0.0, 0.0, 1.0],
                [0.987486, 0.05517, 0.147747, 0.0, -0.105289, 0.928092, 0.357154, 0.05, -0.117418, -0.36824, 0.922286, -0.0, 0.0, 0.0, 0.0, 1.0],
                [0.985411, 0.082571, 0.14882, -0.0, -0.126758, 0.939574, 0.318011, 0.05, -0.113569, -0.332236, 0.936334, -0.0, 0.0, 0.0, 0.0, 1.0],
                [0.984509, 0.106364, 0.139386, 0.0, -0.142707, 0.947971, 0.284575, 0.05, -0.101865, -0.300058, 0.948466, -0.0, 0.0, 0.0, 0.0, 1.0],
                [0.9848, 0.123556, 0.12208, -0.0, -0.151676, 0.954222, 0.257784, 0.05, -0.08464, -0.272382, 0.958459, 0.0, 0.0, 0.0, 0.0, 1.0],
                [0.986238, 0.134173, 0.096612, 0.0, -0.153772, 0.959061, 0.237812, 0.05, -0.060749, -0.249396, 0.966494, 0.0, 0.0, 0.0, 0.0, 1.0],
                [0.988044, 0.138568, 0.067581, -0.0, -0.150278, 0.963508, 0.221513, 0.05, -0.03442, -0.22902, 0.972813, -0.0, 0.0, 0.0, 0.0, 1.0],
                [0.98989, 0.13702, 0.036666, -0.0, -0.141673, 0.967703, 0.208513, 0.05, -0.006912, -0.211599, 0.977332, -0.0, 0.0, 0.0, 0.0, 1.0],
                [0.991021, 0.133583, 0.005742, 0.0, -0.132147, 0.972015, 0.194221, 0.05, 0.020363, -0.193236, 0.980941, -0.0, 0.0, 0.0, 0.0, 1.0],
                [0.991985, 0.125538, -0.014348, -0.0, -0.120928, 0.97616, 0.180238, 0.05, 0.036633, -0.177058, 0.983518, -0.0, 0.0, 0.0, 0.0, 1.0],
                [0.9929, 0.116785, -0.022608, 0.0, -0.111584, 0.980266, 0.163176, 0.05, 0.041219, -0.159494, 0.986338, 0.0, 0.0, 0.0, 0.0, 1.0],
                [0.993998, 0.101727, -0.04025, -0.0, -0.094934, 0.984898, 0.14478, 0.05, 0.05437, -0.14009, 0.988645, -0.0, 0.0, 0.0, 0.0, 1.0],
                [0.995227, 0.076336, -0.060799, 0.0, -0.068054, 0.989402, 0.128258, 0.05, 0.069946, -0.123508, 0.989875, 0.0, 0.0, 0.0, 0.0, 1.0],
                [0.995064, 0.050754, -0.085287, 0.0, -0.040869, 0.992651, 0.113893, 0.05, 0.090441, -0.109845, 0.989825, -0.0, 0.0, 0.0, 0.0, 1.0],
                [0.993581, 0.035488, -0.107414, -0.0, -0.024533, 0.994517, 0.101646, 0.05, 0.110433, -0.098358, 0.989004, 0.0, 0.0, 0.0, 0.0, 1.0],
                [0.957779, 0.055075, -0.282187, 0.0, -0.05927, 0.99822, -0.006342, 0.05, 0.281337, 0.022799, 0.959338, 0.0, 0.0, 0.0, 0.0, 1.0]
            ]
        },
        {
            "name": "Chest",
            "time": [0.0, 0.0333, 0.0667, 0.1, 0.1333, 0.2333, 0.3, 0.4, 0.4333, 0.4667, 0.5, 0.5667, 0.6, 0.6333, 0.7, 0.7333, 0.8, 0.8333, 0.8667, 0.9, 0.9333, 0.9667, 1.0, 1.0333, 1.0667, 1.1, 1.1333, 1.1667, 1.2, 1.2333, 1.2667, 1.3, 1.3333, 1.3667, 1.4, 1.4333, 1.4667, 1.5, 1.9667],
            "transform": [
                [0.832064, 0.192953, -0.520038, -0.0, -0.050205, 0.959895, 0.275827, 0.3, 0.552404, -0.203397, 0.808381, -0.0, 0.0, 0.0, 0.0, 1.0],
                [0.844136, 0.261716, -0.46791, -0.0, -0.209066, 0.964351, 0.162226, 0.3, 0.493687, -0.039117, 0.868759, 0.0, 0.0, 0.0, 0.0, 1.0],
                [0.918502, 0.259545, -0.298314, 0.0, -0.254758, 0.965407, 0.055551, 0.3, 0.302413, 0.024974, 0.95285, 0.0, 0.0, 0.0, 0.0, 1.0],
                [0.988405, 0.144871, 0.04549, 0.0, -0.14201, 0.987992, -0.060854, 0.3, -0.05376, 0.053689, 0.997109, -0.0, 0.0, 0.0, 0.0, 1.0],
                [0.975789, 0.035405, 0.215831, 0.0, -0.034876, 0.999372, -0.00626, 0.3, -0.215917, -0.001419, 0.976411, 0.0, 0.0, 0.0, 0.0, 1.0],
                [0.997183, -0.056236, -0.049636, 0.0, 0.050614, 0.992857, -0.108039, 0.3, 0.055357, 0.105222, 0.992906, 0.0, 0.0, 0.0, 0.0, 1.0],
                [0.980848, -0.045034, -0.189499, 0.0, 0.04471, 0.998982, -0.005983, 0.3, 0.189575, -0.002604, 0.981862, -0.0, 0.0, 0.0, 0.0, 1.0],
                [0.967979, -0.017523, -0.250418, -0.0, 0.03739, 0.996496, 0.074801, 0.3, 0.24823, -0.081769, 0.965244, -0.0, 0.0, 0.0, 0.0, 1.0],
                [0.974221, 0.030155, -0.223575, -0.0, 0.020221, 0.975365, 0.219665, 0.3, 0.224692, -0.218522, 0.949611, -0.0, 0.0, 0.0, 0.0, 1.0],
                [0.994453, 0.008658, 0.104832, -0.0, -0.04443, 0.937914, 0.344009, 0.3, -0.095345, -0.346758, 0.933096, -0.0, 0.0, 0.0, 0.0, 1.0],
                [0.994273, 0.08656, 0.062692, -0.0, -0.106872, 0.81131, 0.574764, 0.3, -0.001111, -0.578171, 0.815914, 0.0, 0.0, 0.0, 0.0, 1.0],
                [0.971089, 0.160576, -0.176639, -0.0, -0.019222, 0.790147, 0.612616, 0.3, 0.237942, -0.591509, 0.77039, 0.0, 0.0, 0.0, 0.0, 1.0],
                [0.94093, 0.196999, -0.275394, 0.0, -0.006911, 0.824333, 0.566062, 0.3, 0.33853, -0.530721, 0.777002, -0.0, 0.0, 0.0, 0.0, 1.0],
                [0.923048, 0.209576, -0.322583, 0.0, -0.00976, 0.851054, 0.524987, 0.3, 0.384561, -0.481439, 0.78761, -0.0, 0.0, 0.0, 0.0, 1.0],
                [0.914058, 0.213573, -0.344797, 0.0, -0.010717, 0.862545, 0.505865, 0.3, 0.405442, -0.458694, 0.790706, 0.0, 0.0, 0.0, 0.0, 1.0],
                [0.906942, 0.216091, -0.361609, 0.0, -0.014922, 0.874347, 0.48507, 0.3, 0.420992, -0.434534, 0.796207, 0.0, 0.0, 0.0, 0.0, 1.0],
                [0.901066, 0.216703, -0.375659, 0.0, -0.019252, 0.885342, 0.464541, 0.3, 0.433255, -0.41135, 0.801924, -0.0, 0.0, 0.0, 0.0, 1.0],
                [0.89723, 0.216007, -0.385124, -0.0, -0.024081, 0.894819, 0.445779, 0.3, 0.440908, -0.390691, 0.808059, 0.0, 0.0, 0.0, 0.0, 1.0],
                [0.895927, 0.210553, -0.39113, -0.0, -0.025041, 0.903063, 0.428776, 0.3, 0.443495, -0.374357, 0.814351, -0.0, 0.0, 0.0, 0.0, 1.0],
                [0.896142, 0.203792, -0.394207, -0.0, -0.024254, 0.909481, 0.415035, 0.3, 0.443105, -0.362369, 0.819967, -0.0, 0.0, 0.0, 0.0, 1.0],
                [0.897799, 0.193217, -0.395758, 0.0, -0.01817, 0.914107, 0.405066, 0.3, 0.440031, -0.356476, 0.824195, 0.0, 0.0, 0.0, 0.0, 1.0],
                [0.901131, 0.179181, -0.394788, 0.0, -0.005086, 0.914905, 0.403636, 0.3, 0.433518, -0.361721, 0.82536, 0.0, 0.0, 0.0, 0.0, 1.0],
                [0.907627, 0.159834, -0.38816, -0.0, 0.013834, 0.912783, 0.408209, 0.3, 0.419552, -0.375871, 0.826255, 0.0, 0.0, 0.0, 0.0, 1.0],
                [0.914741, 0.136503, -0.380286, -0.0, 0.037671, 0.908289, 0.416644, 0.3, 0.402283, -0.395446, 0.825706, 0.0, 0.0, 0.0, 0.0, 1.0],
                [0.924585, 0.107771, -0.365415, -0.0, 0.063135, 0.902548, 0.425934, 0.3, 0.375708, -0.416883, 0.827678, 0.0, 0.0, 0.0, 0.0, 1.0],
                [0.934166, 0.077203, -0.348387, 0.0, 0.086626, 0.898047, 0.431287, 0.3, 0.346165, -0.433073, 0.832237, 0.0, 0.0, 0.0, 0.0, 1.0],
                [0.944989, 0.042658, -0.324308, 0.0, 0.108352, 0.894664, 0.4334, 0.3, 0.308635, -0.444698, 0.840826, 0.0, 0.0, 0.0, 0.0, 1.0],
                [0.955764, 0.009123, -0.293994, 0.0, 0.122364, 0.896589, 0.425624, 0.3, 0.267475, -0.44277, 0.855811, -0.0, 0.0, 0.0, 0.0, 1.0],
                [0.96706, -0.027153, -0.253095, -0.0, 0.132112, 0.903432, 0.407868, 0.3, 0.21758, -0.427869, 0.877261, 1e-06, 0.0, 0.0, 0.0, 1.0],
                [0.977155, -0.065078, -0.202318, -0.0, 0.140102, 0.913078, 0.382961, 0.3, 0.15981, -0.402557, 0.901337, 0.0, 0.0, 0.0, 0.0, 1.0],
