{
    "animation": [
        {
            "name": "Root",
            "time": [0.0, 0.0333, 0.0667, 0.1, 0.1333, 0.1667, 0.2, 0.2333, 0.2667, 0.3, 0.3333, 0.3667, 0.4, 0.4333, 0.4667, 0.5, 0.5333, 0.5667, 0.6, 0.6333, 0.6667, 0.7, 0.7333, 0.7667, 0.8, 0.8333, 0.8667, 0.9, 0.9333, 0.9667, 1.0, 1.0333, 1.0667, 1.1, 1.1333, 1.1667, 1.2, 1.2333, 1.2667, 1.3, 1.3333, 1.3667, 1.4, 1.4333, 1.4667, 1.5, 1.5333, 1.5667, 1.6, 1.6333, 1.6667, 1.7, 1.7333, 1.7667, 1.9667],
            "transform": [
                [0.99999, -0.003415, 0.002905, 0.009953, 0.002911, 0.001843, -0.999994, -0.085841, 0.003409, 0.999992, 0.001853, 0.457001, 0.0, 0.0, 0.0, 1.0],
                [0.999988, -0.003766, 0.003171, -0.030786, 0.003175, 0.001045, -0.999994, -0.203522, 0.003762, 0.999992, 0.001057, 0.424348, 0.0, 0.0, 0.0, 1.0],
                [0.999988, -0.003802, 0.003241, -0.02225, 0.003245, 0.000905, -0.999994, -0.290155, 0.003799, 0.999992, 0.000917, 0.426068, 0.0, 0.0, 0.0, 1.0],
                [0.999987, -0.003818, 0.003278, -0.002976, 0.003282, 0.000836, -0.999994, -0.335506, 0.003815, 0.999992, 0.000848, 0.435447, 0.0, 0.0, 0.0, 1.0],
                [0.999987, -0.003831, 0.003313, 0.01136, 0.003316, 0.000774, -0.999994, -0.369316, 0.003828, 0.999992, 0.000786, 0.441887, 0.0, 0.0, 0.0, 1.0],
                [0.999987, -0.003847, 0.003364, 0.023856, 0.003367, 0.000687, -0.999994, -0.400487, 0.003845, 0.999992, 0.0007, 0.448971, 0.0, 0.0, 0.0, 1.0],
                [0.999987, -0.003869, 0.003448, 0.031305, 0.00345, 0.000555, -0.999994, -0.427695, 0.003867, 0.999992, 0.000569, 0.458742, 0.0, 0.0, 0.0, 1.0],
                [0.999986, -0.003882, 0.003518, 0.035878, 0.00352, 0.000452, -0.999994, -0.446658, 0.00388, 0.999992, 0.000466, 0.48591, 0.0, 0.0, 0.0, 1.0],
                [0.999986, -0.003868, 0.003466, 0.02997, 0.003468, 0.000536, -0.999994, -0.430729, 0.003866, 0.999992, 0.000549, 0.570036, 0.0, 0.0, 0.0, 1.0],
                [0.999989, -0.003625, 0.003022, 0.013921, 0.003027, 0.001428, -0.999994, -0.282057, 0.00362, 0.999992, 0.001439, 0.639902, 0.0, 0.0, 0.0, 1.0],
                [0.999991, -0.003237, 0.00281, -0.001737, 0.002817, 0.002191, -0.999994, -0.102594, 0.003231, 0.999992, 0.0022, 0.661888, 0.0, 0.0, 0.0, 1.0],
                [0.999992, -0.002843, 0.002761, -0.015181, 0.002768, 0.002681, -0.999993, 0.079811, 0.002836, 0.999992, 0.002689, 0.658095, 0.0, 0.0, 0.0, 1.0],
                [0.999994, -0.002246, 0.002802, -0.033624, 0.00281, 0.003198, -0.999991, 0.330152, 0.002237, 0.999992, 0.003205, 0.641036, 0.0, 0.0, 0.0, 1.0],
                [0.999995, -0.001534, 0.002977, -0.054692, 0.002983, 0.003594, -0.999989, 0.581467, 0.001524, 0.999992, 0.003599, 0.61326, 0.0, 0.0, 0.0, 1.0],
                [0.999994, -0.000523, 0.003478, -0.094345, 0.00348, 0.003873, -0.999986, 0.815683, 0.000509, 0.999992, 0.003875, 0.532754, 0.0, 0.0, 0.0, 1.0],
                [0.999988, -1.4e-05, 0.004876, -0.078843, 0.004876, 0.003909, -0.999981, 0.919684, -5e-06, 0.999992, 0.003909, 0.515183, 0.0, 0.0, 0.0, 1.0],
                [1.0, 0.000521, -1.2e-05, -0.063373, -1.4e-05, 0.003874, -0.999992, 1.24333, -0.000521, 0.999992, 0.003874, 0.397231, 0.0, 0.0, 0.0, 1.0],
                [1.0, 0.000589, 1e-06, -0.062297, -1e-06, 0.003864, -0.999993, 1.259781, -0.000589, 0.999992, 0.003864, 0.391213, 0.0, 0.0, 0.0, 1.0],
                [1.0, 0.000571, 1e-06, -0.06122, -1e-06, 0.003866, -0.999993, 1.219169, -0.000571, 0.999992, 0.003866, 0.405967, 0.0, 0.0, 0.0, 1.0],
                [1.0, 0.000537, 1e-06, -0.066131, -1e-06, 0.003871, -0.999992, 1.180295, -0.000537, 0.999992, 0.003871, 0.418177, 0.0, 0.0, 0.0, 1.0],
                [1.0, 0.000521, 0.0, -0.072795, -2e-06, 0.003874, -0.999992, 1.16103, -0.000521, 0.999992, 0.003874, 0.420517, 0.0, 0.0, 0.0, 1.0],
                [1.0, 0.000504, 0.0, -0.08056, -2e-06, 0.003875, -0.999992, 1.140458, -0.000504, 0.999992, 0.003875, 0.422857, 0.0, 0.0, 0.0, 1.0],
                [1.0, 0.000483, 0.0, -0.088924, -1e-06, 0.003879, -0.999992, 1.11951, -0.000483, 0.999992, 0.003879, 0.424213, 0.0, 0.0, 0.0, 1.0],
                [1.0, 0.000462, 1e-06, -0.097319, -1e-06, 0.003881, -0.999993, 1.099117, -0.000462, 0.999992, 0.003881, 0.425568, 0.0, 0.0, 0.0, 1.0],
                [1.0, 0.00044, 1e-06, -0.105649, -1e-06, 0.003884, -0.999992, 1.08021, -0.00044, 0.999992, 0.003884, 0.426924, 0.0, 0.0, 0.0, 1.0],
                [1.0, 0.000419, 0.0, -0.113818, -1e-06, 0.003886, -0.999992, 1.063719, -0.000419, 0.999992, 0.003886, 0.42828, 0.0, 0.0, 0.0, 1.0],
                [1.0, 0.000398, 0.0, -0.120967, -1e-06, 0.003888, -0.999992, 1.050573, -0.000398, 0.999992, 0.003888, 0.429636, 0.0, 0.0, 0.0, 1.0],
                [1.0, 0.000384, 1e-06, -0.126714, -1e-06, 0.00389, -0.999992, 1.041709, -0.000384, 0.999992, 0.00389, 0.43209, 0.0, 0.0, 0.0, 1.0],
                [1.0, 0.00037, 0.0, -0.131598, -1e-06, 0.003891, -0.999992, 1.036776, -0.00037, 0.999992, 0.003891, 0.434544, 0.0, 0.0, 0.0, 1.0],
                [1.0, 0.000356, 1e-06, -0.135819, -1e-06, 0.003892, -0.999993, 1.034741, -0.000356, 0.999992, 0.003892, 0.436998, 0.0, 0.0, 0.0, 1.0],
                [1.0, 0.000342, 1e-06, -0.139487, -0.0, 0.003893, -0.999992, 1.035502, -0.000342, 0.999992, 0.003893, 0.439452, 0.0, 0.0, 0.0, 1.0],
                [1.0, 0.000331, 0.0, -0.142712, -1e-06, 0.003894, -0.999992, 1.038953, -0.000331, 0.999992, 0.003894, 0.441906, 0.0, 0.0, 0.0, 1.0],
                [1.0, 0.000319, 1e-06, -0.143226, -1e-06, 0.003895, -0.999993, 1.044998, -0.000319, 0.999992, 0.003895, 0.44573, 0.0, 0.0, 0.0, 1.0],
                [1.0, 0.000315, 1e-06, -0.143736, -1e-06, 0.003895, -0.999992, 1.053528, -0.000315, 0.999992, 0.003895, 0.449553, 0.0, 0.0, 0.0, 1.0],
                [1.0, 0.00031, 1e-06, -0.144244, -0.0, 0.003896, -0.999993, 1.064446, -0.00031, 0.999992, 0.003896, 0.455064, 0.0, 0.0, 0.0, 1.0],
                [1.0, 0.000314, 1e-06, -0.141189, -1e-06, 0.003896, -0.999992, 1.077647, -0.000314, 0.999992, 0.003896, 0.462091, 0.0, 0.0, 0.0, 1.0],
                [1.0, 0.000317, 1e-06, -0.13759, 0.0, 0.003896, -0.999993, 1.093801, -0.000317, 0.999992, 0.003896, 0.470872, 0.0, 0.0, 0.0, 1.0],
                [1.0, 0.000327, 0.0, -0.133446, -1e-06, 0.003895, -0.999992, 1.113161, -0.000327, 0.999992, 0.003895, 0.479653, 0.0, 0.0, 0.0, 1.0],
                [1.0, 0.000337, 0.0, -0.128761, -1e-06, 0.003893, -0.999992, 1.135018, -0.000337, 0.999992, 0.003893, 0.489924, 0.0, 0.0, 0.0, 1.0],
                [1.0, 0.000352, 0.0, -0.121802, -1e-06, 0.003892, -0.999992, 1.158647, -0.000352, 0.999992, 0.003892, 0.500195, 0.0, 0.0, 0.0, 1.0],
                [1.0, 0.000366, 0.0, -0.114892, -1e-06, 0.003891, -0.999992, 1.183337, -0.000366, 0.999992, 0.003891, 0.511473, 0.0, 0.0, 0.0, 1.0],
                [1.0, 0.000384, 1e-06, -0.108028, -1e-06, 0.00389, -0.999992, 1.208369, -0.000384, 0.999992, 0.00389, 0.522751, 0.0, 0.0, 0.0, 1.0],
                [1.0, 0.000402, 0.0, -0.101212, -1e-06, 0.003888, -0.999993, 1.233026, -0.000402, 0.999992, 0.003888, 0.534539, 0.0, 0.0, 0.0, 1.0],
                [1.0, 0.00042, 1e-06, -0.094443, -1e-06, 0.003886, -0.999992, 1.256592, -0.00042, 0.999992, 0.003886, 0.546327, 0.0, 0.0, 0.0, 1.0],
                [1.0, 0.000437, 1e-06, -0.087681, -1e-06, 0.003884, -0.999992, 1.278476, -0.000437, 0.999992, 0.003884, 0.558188, 0.0, 0.0, 0.0, 1.0],
                [1.0, 0.000455, 1e-06, -0.08105, -1e-06, 0.003882, -0.999993, 1.29758, -0.000455, 0.999992, 0.003882, 0.569903, 0.0, 0.0, 0.0, 1.0],
                [1.0, 0.000473, 1e-06, -0.074424, -1e-06, 0.00388, -0.999992, 1.313569, -0.000473, 0.999992, 0.00388, 0.581691, 0.0, 0.0, 0.0, 1.0],
                [1.0, 0.00049, 1e-06, -0.067846, -1e-06, 0.003878, -0.999993, 1.326031, -0.00049, 0.999992, 0.003878, 0.593479, 0.0, 0.0, 0.0, 1.0],
                [1.0, 0.00051, 1e-06, -0.061313, -1e-06, 0.003875, -0.999992, 1.335496, -0.00051, 0.999992, 0.003875, 0.606217, 0.0, 0.0, 0.0, 1.0],
                [1.0, 0.00053, 1e-06, -0.054828, -2e-06, 0.003873, -0.999992, 1.342468, -0.00053, 0.999992, 0.003873, 0.618955, 0.0, 0.0, 0.0, 1.0],
                [1.0, 0.000549, 1e-06, -0.04839, -1e-06, 0.00387, -0.999992, 1.347451, -0.000549, 0.999992, 0.00387, 0.631694, 0.0, 0.0, 0.0, 1.0],
                [1.0, 0.000569, 1e-06, -0.041999, -1e-06, 0.003867, -0.999993, 1.350952, -0.000569, 0.999992, 0.003867, 0.644432, 0.0, 0.0, 0.0, 1.0],
                [1.0, 0.000588, 1e-06, -0.035655, -1e-06, 0.003865, -0.999993, 1.353475, -0.000588, 0.999992, 0.003865, 0.65717, 0.0, 0.0, 0.0, 1.0],
                [1.0, 0.000608, 1e-06, -0.029358, -1e-06, 0.003862, -0.999993, 1.355525, -0.000608, 0.999992, 0.003862, 0.668859, 0.0, 0.0, 0.0, 1.0],
                [1.0, 0.000694, 1e-06, 0.000426, -1e-06, 0.003846, -0.999992, 1.350234, -0.000694, 0.999992, 0.003846, 0.704443, 0.0, 0.0, 0.0, 1.0]
            ]
        },
        {
            "name": "Thigh_R",
            "time": [0.0, 0.0333, 0.0667, 0.1, 0.1333, 0.1667, 0.2, 0.2333, 0.2667, 0.3, 0.3333, 0.3667, 0.4, 0.4333, 0.4667, 0.5, 0.5333, 0.5667, 0.6, 0.6333, 0.6667, 0.7, 0.7333, 0.7667, 0.8, 0.8333, 0.8667, 0.9, 0.9333, 0.9667, 1.0, 1.0333, 1.0667, 1.1, 1.1333, 1.1667, 1.2, 1.2333, 1.2667, 1.3, 1.3333, 1.3667, 1.4, 1.4333, 1.4667, 1.5, 1.5333, 1.5667, 1.6, 1.6333, 1.6667, 1.7, 1.7333, 1.7667, 1.9667],
            "transform": [
                [0.047911, -0.53447, -0.843828, -0.013875, 0.508403, -0.714133, 0.481187, 0.025268, -0.859784, -0.452061, 0.237511, -0.048814, 0.0, 0.0, 0.0, 1.0],
                [-0.241302, -0.374941, -0.895094, -0.067591, 0.621732, -0.767928, 0.154063, 0.02983, -0.745131, -0.519335, 0.418415, -0.031809, 0.0, 0.0, 0.0, 1.0],
                [-0.342492, -0.305644, -0.888414, -0.134322, 0.631054, -0.775384, 0.023479, 0.038789, -0.696036, -0.552598, 0.45844, 0.013094, 0.0, 0.0, 0.0, 1.0],
                [-0.437616, -0.252706, -0.86292, -0.129902, 0.602955, -0.794416, -0.073137, 0.036479, -0.667034, -0.55231, 0.500019, 0.01881, 0.0, 0.0, 0.0, 1.0],
                [-0.508368, -0.199088, -0.837809, -0.125482, 0.579834, -0.798447, -0.1621, 0.03417, -0.636672, -0.568199, 0.521343, 0.024526, 0.0, 0.0, 0.0, 1.0],
                [-0.578931, -0.149109, -0.801626, -0.121061, 0.551996, -0.79526, -0.250726, 0.03186, -0.600114, -0.587649, 0.542708, 0.030242, 0.0, 0.0, 0.0, 1.0],
                [-0.647955, -0.131493, -0.750242, -0.116641, 0.515571, -0.800751, -0.304935, 0.029551, -0.560659, -0.58439, 0.586644, 0.035958, 0.0, 0.0, 0.0, 1.0],
                [-0.67483, -0.142362, -0.72411, -0.112221, 0.501734, -0.808056, -0.308723, 0.027241, -0.54117, -0.571648, 0.616728, 0.041673, 0.0, 0.0, 0.0, 1.0],
                [-0.609989, -0.139399, -0.780051, -0.093822, 0.488031, -0.841641, -0.231229, 0.021673, -0.624288, -0.521738, 0.581423, -0.001752, 0.0, 0.0, 0.0, 1.0],
                [-0.759683, -0.233358, -0.606979, -0.075423, 0.292719, -0.956199, 0.001254, 0.016105, -0.580684, -0.176722, 0.794716, -0.045178, 0.0, 0.0, 0.0, 1.0],
                [-0.658631, -0.360654, -0.660404, -0.034625, 0.236126, -0.932384, 0.27369, 0.022521, -0.714456, 0.024322, 0.699256, -0.045351, 0.0, 0.0, 0.0, 1.0],
                [-0.082526, -0.511185, -0.855499, 0.006173, 0.135545, -0.85621, 0.498532, 0.028937, -0.987327, -0.074817, 0.139948, -0.045523, 0.0, 0.0, 0.0, 1.0],
                [0.828714, -0.286985, -0.48049, 0.046971, -0.073017, -0.906627, 0.415569, 0.035352, -0.554886, -0.309305, -0.772289, -0.045696, 0.0, 0.0, 0.0, 1.0],
                [0.962598, 0.111177, 0.247068, 0.087769, 0.05636, -0.974149, 0.218768, 0.041768, 0.265003, -0.196661, -0.943979, -0.045869, 0.0, 0.0, 0.0, 1.0],
                [0.854816, 0.268013, 0.444361, 0.128567, 0.263173, -0.961915, 0.073903, 0.048184, 0.447244, 0.053771, -0.892794, -0.046041, 0.0, 0.0, 0.0, 1.0],
                [0.948321, 0.14951, 0.279877, 0.128567, 0.164825, -0.985809, -0.031869, 0.048184, 0.27114, 0.076353, -0.959506, -0.046042, 0.0, 0.0, 0.0, 1.0],
                [0.903254, 0.201292, 0.378961, 0.128567, 0.339562, -0.875246, -0.344447, 0.048184, 0.262349, 0.439805, -0.85892, -0.046041, 0.0, 0.0, 0.0, 1.0],
                [0.938352, 0.157086, 0.307925, 0.128567, 0.267302, -0.89456, -0.358209, 0.048184, 0.219187, 0.418436, -0.881401, -0.046041, 0.0, 0.0, 0.0, 1.0],
                [0.967412, 0.088966, 0.23706, 0.128567, 0.172933, -0.916018, -0.361949, 0.048184, 0.18495, 0.391151, -0.901551, -0.046041, 0.0, 0.0, 0.0, 1.0],
                [0.979474, 0.056107, 0.193596, 0.128567, 0.119987, -0.934061, -0.336356, 0.048184, 0.161958, 0.352683, -0.92162, -0.046041, 0.0, 0.0, 0.0, 1.0],
                [0.980338, 0.061428, 0.187516, 0.128567, 0.119089, -0.941913, -0.31404, 0.048184, 0.157332, 0.330197, -0.930707, -0.046042, 0.0, 0.0, 0.0, 1.0],
                [0.977661, 0.08032, 0.194229, 0.128567, 0.134744, -0.948738, -0.285908, 0.048184, 0.161308, 0.305693, -0.938366, -0.046041, 0.0, 0.0, 0.0, 1.0],
                [0.971577, 0.109541, 0.209847, 0.128567, 0.162815, -0.952736, -0.25649, 0.048184, 0.171832, 0.283367, -0.943491, -0.046041, 0.0, 0.0, 0.0, 1.0],
                [0.961588, 0.145726, 0.232614, 0.128567, 0.198488, -0.954502, -0.222554, 0.048184, 0.189598, 0.260177, -0.946763, -0.046042, 0.0, 0.0, 0.0, 1.0],
                [0.948433, 0.18438, 0.25783, 0.128567, 0.237659, -0.951876, -0.193528, 0.048184, 0.209738, 0.244825, -0.94661, -0.046042, 0.0, 0.0, 0.0, 1.0],
                [0.933216, 0.22257, 0.282078, 0.128567, 0.275214, -0.94748, -0.162915, 0.048184, 0.231002, 0.229668, -0.945457, -0.046042, 0.0, 0.0, 0.0, 1.0],
                [0.918092, 0.253257, 0.304903, 0.128567, 0.306625, -0.941262, -0.141458, 0.048184, 0.251168, 0.223363, -0.941819, -0.046041, 0.0, 0.0, 0.0, 1.0],
                [0.905438, 0.276409, 0.322146, 0.128567, 0.330195, -0.935556, -0.125336, 0.048184, 0.266741, 0.219856, -0.938356, -0.046042, 0.0, 0.0, 0.0, 1.0],
                [0.89479, 0.289423, 0.339977, 0.128567, 0.346916, -0.930016, -0.121333, 0.048184, 0.281067, 0.226511, -0.932573, -0.046041, 0.0, 0.0, 0.0, 1.0],
                [0.884423, 0.299864, 0.357598, 0.128567, 0.363258, -0.923385, -0.124123, 0.048184, 0.292979, 0.239678, -0.92559, -0.046041, 0.0, 0.0, 0.0, 1.0],
                [0.87426, 0.303188, 0.379137, 0.128567, 0.376903, -0.916142, -0.136494, 0.048184, 0.305959, 0.26223, -0.915218, -0.046041, 0.0, 0.0, 0.0, 1.0],
                [0.863575, 0.306301, 0.40052, 0.128567, 0.390956, -0.908392, -0.148257, 0.048184, 0.318417, 0.284618, -0.904214, -0.046041, 0.0, 0.0, 0.0, 1.0],
                [0.854281, 0.305291, 0.420712, 0.128567, 0.402935, -0.900248, -0.164921, 0.048184, 0.328396, 0.31041, -0.892077, -0.046042, 0.0, 0.0, 0.0, 1.0],
                [0.843593, 0.302841, 0.443438, 0.128567, 0.414187, -0.892538, -0.178401, 0.048184, 0.341757, 0.334166, -0.878371, -0.046042, 0.0, 0.0, 0.0, 1.0],
                [0.834374, 0.298702, 0.463245, 0.128567, 0.424055, -0.884771, -0.193287, 0.048184, 0.35213, 0.357716, -0.864895, -0.046041, 0.0, 0.0, 0.0, 1.0],
                [0.826168, 0.293517, 0.480928, 0.128567, 0.431854, -0.878119, -0.20594, 0.048184, 0.361864, 0.377834, -0.85223, -0.046042, 0.0, 0.0, 0.0, 1.0],
                [0.82301, 0.28897, 0.489029, 0.128567, 0.436746, -0.872389, -0.219525, 0.048184, 0.363186, 0.394255, -0.844191, -0.046041, 0.0, 0.0, 0.0, 1.0],
                [0.826995, 0.282886, 0.485852, 0.128567, 0.435662, -0.868682, -0.235779, 0.048184, 0.355352, 0.406657, -0.841638, -0.046041, 0.0, 0.0, 0.0, 1.0],
                [0.836157, 0.277882, 0.472886, 0.128567, 0.429475, -0.867971, -0.249356, 0.048184, 0.341159, 0.411595, -0.845103, -0.046041, 0.0, 0.0, 0.0, 1.0],
                [0.845176, 0.272729, 0.459668, 0.128567, 0.416544, -0.874992, -0.246741, 0.048184, 0.334912, 0.400013, -0.853126, -0.046041, 0.0, 0.0, 0.0, 1.0],
                [0.855236, 0.293952, 0.426805, 0.128567, 0.402482, -0.895557, -0.189706, 0.048184, 0.326463, 0.334026, -0.884222, -0.046041, 0.0, 0.0, 0.0, 1.0],
                [0.867009, 0.328056, 0.375064, 0.128567, 0.384355, -0.919321, -0.084393, 0.048184, 0.317118, 0.217328, -0.923149, -0.046041, 0.0, 0.0, 0.0, 1.0],
                [0.879091, 0.371289, 0.298901, 0.128567, 0.366192, -0.927504, 0.07512, 0.048184, 0.305122, 0.043418, -0.951322, -0.046041, 0.0, 0.0, 0.0, 1.0],
                [0.889885, 0.39927, 0.220652, 0.126719, 0.349088, -0.907392, 0.234051, 0.048058, 0.293667, -0.131252, -0.946854, -0.028978, 0.0, 0.0, 0.0, 1.0],
                [0.898332, 0.410603, 0.156213, 0.124872, 0.336632, -0.871848, 0.355755, 0.047932, 0.282268, -0.267001, -0.921431, -0.011914, 0.0, 0.0, 0.0, 1.0],
                [0.904046, 0.411918, 0.114114, 0.123024, 0.32728, -0.838818, 0.435057, 0.047806, 0.274928, -0.355966, -0.893142, 0.00515, 0.0, 0.0, 0.0, 1.0],
                [0.906386, 0.410094, 0.10142, 0.121176, 0.31999, -0.82322, 0.468953, 0.04768, 0.275805, -0.3926, -0.87738, 0.022213, 0.0, 0.0, 0.0, 1.0],
                [0.907438, 0.398501, 0.133236, 0.119328, 0.309905, -0.848873, 0.428224, 0.047553, 0.283748, -0.347297, -0.893796, 0.039277, 0.0, 0.0, 0.0, 1.0],
                [0.90667, 0.387617, 0.166435, 0.11748, 0.299577, -0.869431, 0.392868, 0.047427, 0.296986, -0.306342, -0.904408, 0.056341, 0.0, 0.0, 0.0, 1.0],
                [0.904554, 0.376269, 0.200507, 0.115632, 0.290138, -0.887833, 0.357176, 0.047301, 0.31241, -0.264911, -0.912262, 0.073404, 0.0, 0.0, 0.0, 1.0],
                [0.900773, 0.364762, 0.235704, 0.113704, 0.280682, -0.903122, 0.324948, 0.048395, 0.331397, -0.226547, -0.915889, 0.069366, 0.0, 0.0, 0.0, 1.0],
                [0.895329, 0.352603, 0.272131, 0.111776, 0.272677, -0.917023, 0.291063, 0.049489, 0.352179, -0.186394, -0.917184, 0.065329, 0.0, 0.0, 0.0, 1.0],
                [0.889618, 0.337407, 0.30779, 0.109848, 0.26393, -0.929827, 0.256446, 0.050582, 0.372718, -0.146904, -0.916242, 0.061291, 0.0, 0.0, 0.0, 1.0],
                [0.882665, 0.321027, 0.343281, 0.10792, 0.256817, -0.94114, 0.21978, 0.051676, 0.393629, -0.105832, -0.913156, 0.057254, 0.0, 0.0, 0.0, 1.0],
                [0.860514, 0.267304, 0.433661, 0.096351, 0.232828, -0.963532, 0.131908, 0.058238, 0.453105, -0.012541, -0.891368, 0.033027, 0.0, 0.0, 0.0, 1.0]
            ]
        },
        {
            "name": "Leg_R",
            "time": [0.0, 0.0333, 0.0667, 0.1, 0.1333, 0.1667, 0.2, 0.2333, 0.2667, 0.3, 0.3333, 0.3667, 0.4, 0.4333, 0.4667, 0.5, 0.5333, 0.5667, 0.6, 0.6333, 0.6667, 0.7, 0.7333, 0.7667, 0.8, 0.8333, 0.8667, 0.9, 0.9333, 0.9667, 1.0, 1.0333, 1.0667, 1.1, 1.1333, 1.1667, 1.2, 1.2333, 1.2667, 1.3, 1.3333, 1.3667, 1.4, 1.4333, 1.4667, 1.5, 1.5333, 1.5667, 1.6, 1.6333, 1.6667, 1.7, 1.7333, 1.7667, 1.9667],
            "transform": [
                [0.999996, -0.001954, -0.000104, 0.0, -0.000108, -0.108247, 0.994125, 0.37472, -0.001954, -0.994123, -0.108247, 0.0, 0.0, 0.0, 0.0, 1.0],
                [0.999996, -0.001954, 0.000111, 0.0, 0.000105, 0.110249, 0.993905, 0.37472, -0.001954, -0.993903, 0.110249, 0.0, 0.0, 0.0, 0.0, 1.0],
                [0.999996, -0.001936, 0.000287, 0.0, 0.000282, 0.287743, 0.957709, 0.37472, -0.001936, -0.957707, 0.287743, -0.0, 0.0, 0.0, 0.0, 1.0],
                [0.999996, -0.001911, 0.000422, -0.0, 0.000417, 0.419141, 0.907923, 0.37472, -0.001912, -0.90792, 0.419141, -0.0, 0.0, 0.0, 0.0, 1.0],
                [0.999996, -0.001879, 0.000547, 0.0, 0.000541, 0.534117, 0.845411, 0.37472, -0.00188, -0.845409, 0.534118, 0.0, 0.0, 0.0, 0.0, 1.0],
                [0.999996, -0.001842, 0.000657, -0.0, 0.000651, 0.63046, 0.776223, 0.37472, -0.001843, -0.776221, 0.63046, 0.0, 0.0, 0.0, 0.0, 1.0],
                [0.999996, -0.001831, 0.000687, -0.0, 0.000682, 0.655828, 0.754912, 0.37472, -0.001832, -0.754909, 0.655828, -0.0, 0.0, 0.0, 0.0, 1.0],
                [0.999996, -0.001807, 0.000747, 0.0, 0.000743, 0.704281, 0.709923, 0.37472, -0.001809, -0.709921, 0.704281, 0.0, 0.0, 0.0, 0.0, 1.0],
                [0.999996, -0.001747, 0.000878, 0.0, 0.000873, 0.800697, 0.599071, 0.37472, -0.001749, -0.599069, 0.800697, -0.0, 0.0, 0.0, 0.0, 1.0],
                [0.999996, -0.001848, 0.000646, 0.0, 0.000642, 0.621386, 0.783506, 0.37472, -0.00185, -0.783504, 0.621386, -0.0, 0.0, 0.0, 0.0, 1.0],
                [0.999996, -0.001905, 0.000443, 0.0, 0.000439, 0.439146, 0.898417, 0.37472, -0.001906, -0.898415, 0.439146, 0.0, 0.0, 0.0, 0.0, 1.0],
                [0.999996, -0.001931, 0.00031, -0.0, 0.000306, 0.311106, 0.950377, 0.37472, -0.001931, -0.950374, 0.311106, 0.0, 0.0, 0.0, 0.0, 1.0],
                [0.999996, -0.001924, 0.000351, 0.0, 0.000348, 0.351844, 0.93606, 0.37472, -0.001924, -0.936058, 0.351844, -0.0, 0.0, 0.0, 0.0, 1.0],
                [0.999996, -0.001924, 0.000352, 0.0, 0.000349, 0.352629, 0.935764, 0.37472, -0.001925, -0.935762, 0.35263, 0.0, 0.0, 0.0, 0.0, 1.0],
                [0.999996, -0.001939, 0.000263, 0.0, 0.000259, 0.264106, 0.964495, 0.37472, -0.001939, -0.964492, 0.264106, -0.0, 0.0, 0.0, 0.0, 1.0],
                [0.999996, -0.001942, 0.000219, 0.0, 0.000217, 0.221597, 0.97514, 0.37472, -0.001943, -0.975137, 0.221597, -0.0, 0.0, 0.0, 0.0, 1.0],
                [0.999996, -0.001937, 0.000271, 0.0, 0.000267, 0.272531, 0.962148, 0.37472, -0.001937, -0.962146, 0.272531, -0.0, 0.0, 0.0, 0.0, 1.0],
                [0.999996, -0.00194, 0.000243, 0.0, 0.000239, 0.244703, 0.969599, 0.37472, -0.001941, -0.969597, 0.244703, 0.0, 0.0, 0.0, 0.0, 1.0],
                [0.999996, -0.001936, 0.000274, -0.0, 0.000271, 0.275794, 0.961218, 0.37472, -0.001936, -0.961216, 0.275794, 0.0, 0.0, 0.0, 0.0, 1.0],
                [0.999996, -0.001936, 0.000273, -0.0, 0.00027, 0.274963, 0.961456, 0.37472, -0.001937, -0.961454, 0.274963, -0.0, 0.0, 0.0, 0.0, 1.0],
                [0.999996, -0.001939, 0.000255, 0.0, 0.000252, 0.257387, 0.96631, 0.37472, -0.001939, -0.966307, 0.257387, 0.0, 0.0, 0.0, 0.0, 1.0],
                [0.999996, -0.001942, 0.00023, 0.0, 0.000227, 0.231642, 0.972802, 0.37472, -0.001943, -0.9728, 0.231642, 0.0, 0.0, 0.0, 0.0, 1.0],
                [0.999996, -0.001945, 0.000204, -0.0, 0.000201, 0.205729, 0.97861, 0.37472, -0.001946, -0.978608, 0.205729, 0.0, 0.0, 0.0, 0.0, 1.0],
                [0.999996, -0.001947, 0.000178, 0.0, 0.000175, 0.179676, 0.983727, 0.37472, -0.001948, -0.983725, 0.179676, -0.0, 0.0, 0.0, 0.0, 1.0],
                [0.999996, -0.001949, 0.000157, 0.0, 0.000154, 0.158301, 0.987392, 0.37472, -0.001949, -0.98739, 0.158301, -0.0, 0.0, 0.0, 0.0, 1.0],
                [0.999996, -0.00195, 0.000143, -0.0, 0.000139, 0.143897, 0.989594, 0.37472, -0.001951, -0.989592, 0.143897, -0.0, 0.0, 0.0, 0.0, 1.0],
                [0.999996, -0.001951, 0.000138, 0.0, 0.000135, 0.139372, 0.990241, 0.37472, -0.001951, -0.990239, 0.139372, 0.0, 0.0, 0.0, 0.0, 1.0],
                [0.999996, -0.00195, 0.000144, 0.0, 0.00014, 0.144802, 0.989462, 0.37472, -0.00195, -0.98946, 0.144802, -0.0, 0.0, 0.0, 0.0, 1.0],
                [0.999996, -0.001949, 0.000162, 0.0, 0.000159, 0.163671, 0.986516, 0.37472, -0.001949, -0.986514, 0.163671, -0.0, 0.0, 0.0, 0.0, 1.0],
                [0.999996, -0.001947, 0.000192, -0.0, 0.000189, 0.193773, 0.981048, 0.37472, -0.001947, -0.981045, 0.193773, -0.0, 0.0, 0.0, 0.0, 1.0],
                [0.999996, -0.001942, 0.000232, -0.0, 0.000228, 0.233624, 0.972329, 0.37472, -0.001942, -0.972326, 0.233624, -0.0, 0.0, 0.0, 0.0, 1.0],
                [0.999996, -0.001935, 0.000278, 0.0, 0.000275, 0.279946, 0.960017, 0.37472, -0.001936, -0.960015, 0.279946, -0.0, 0.0, 0.0, 0.0, 1.0],
                [0.999996, -0.001928, 0.000329, -0.0, 0.000325, 0.329576, 0.94413, 0.37472, -0.001929, -0.944128, 0.329576, 0.0, 0.0, 0.0, 0.0, 1.0],
                [0.999996, -0.001918, 0.000379, 0.0, 0.000375, 0.378312, 0.92568, 0.37472, -0.001919, -0.925677, 0.378312, -0.0, 0.0, 0.0, 0.0, 1.0],
                [0.999996, -0.001909, 0.000425, 0.0, 0.000421, 0.42219, 0.906509, 0.37472, -0.00191, -0.906506, 0.42219, 0.0, 0.0, 0.0, 0.0, 1.0],
                [0.999996, -0.001899, 0.000466, 0.0, 0.000462, 0.460882, 0.887463, 0.37472, -0.0019, -0.88746, 0.460882, -0.0, 0.0, 0.0, 0.0, 1.0],
                [0.999996, -0.001891, 0.000499, -0.0, 0.000496, 0.492172, 0.870499, 0.37472, -0.001892, -0.870497, 0.492173, -0.0, 0.0, 0.0, 0.0, 1.0],
                [0.999996, -0.001881, 0.000533, -0.0, 0.000529, 0.52284, 0.852432, 0.37472, -0.001882, -0.85243, 0.52284, 0.0, 0.0, 0.0, 0.0, 1.0],
                [0.999996, -0.001876, 0.000553, 0.0, 0.000549, 0.540888, 0.841096, 0.37472, -0.001877, -0.841093, 0.540889, 0.0, 0.0, 0.0, 0.0, 1.0],
                [0.999996, -0.001876, 0.000552, 0.0, 0.000548, 0.540226, 0.841521, 0.37472, -0.001877, -0.841519, 0.540226, -0.0, 0.0, 0.0, 0.0, 1.0],
                [0.999996, -0.001883, 0.000526, 0.0, 0.000523, 0.516747, 0.856139, 0.37472, -0.001884, -0.856137, 0.516747, 0.0, 0.0, 0.0, 0.0, 1.0],
                [0.999996, -0.0019, 0.000462, -0.0, 0.000458, 0.457289, 0.889319, 0.37472, -0.001901, -0.889317, 0.457289, 0.0, 0.0, 0.0, 0.0, 1.0],
                [0.999996, -0.001925, 0.000346, -0.0, 0.000342, 0.346324, 0.938116, 0.37472, -0.001926, -0.938114, 0.346324, -0.0, 0.0, 0.0, 0.0, 1.0],
                [0.999996, -0.001938, 0.000264, -0.0, 0.000261, 0.26578, 0.964035, 0.37472, -0.001938, -0.964032, 0.265781, 0.0, 0.0, 0.0, 0.0, 1.0],
                [0.999996, -0.001941, 0.000243, 0.0, 0.000241, 0.245565, 0.969381, 0.37472, -0.001941, -0.969379, 0.245565, -0.0, 0.0, 0.0, 0.0, 1.0],
                [0.999996, -0.001937, 0.000268, -0.0, 0.000265, 0.269961, 0.962873, 0.37472, -0.001938, -0.96287, 0.269961, 0.0, 0.0, 0.0, 0.0, 1.0],
                [0.999996, -0.00193, 0.000316, 0.0, 0.000312, 0.316769, 0.948504, 0.37472, -0.001931, -0.948502, 0.316769, 0.0, 0.0, 0.0, 0.0, 1.0],
                [0.999996, -0.001918, 0.00039, -0.0, 0.000386, 0.388903, 0.92128, 0.37472, -0.001919, -0.921277, 0.388903, 0.0, 0.0, 0.0, 0.0, 1.0],
                [0.999996, -0.0019, 0.000463, 0.0, 0.00046, 0.458726, 0.888579, 0.37472, -0.0019, -0.888576, 0.458727, 0.0, 0.0, 0.0, 0.0, 1.0],
                [0.999996, -0.00188, 0.000539, 0.0, 0.000536, 0.528892, 0.84869, 0.37472, -0.001881, -0.848688, 0.528892, -0.0, 0.0, 0.0, 0.0, 1.0],
                [0.999996, -0.001856, 0.000617, -0.0, 0.000613, 0.597296, 0.802022, 0.37472, -0.001857, -0.80202, 0.597296, 0.0, 0.0, 0.0, 0.0, 1.0],
                [0.999996, -0.001828, 0.000696, 0.0, 0.000692, 0.663744, 0.747961, 0.37472, -0.001829, -0.747958, 0.663745, -0.0, 0.0, 0.0, 0.0, 1.0],
                [0.999996, -0.001794, 0.000776, 0.0, 0.000773, 0.727276, 0.686346, 0.37472, -0.001796, -0.686344, 0.727276, 0.0, 0.0, 0.0, 0.0, 1.0],
                [0.999996, -0.001757, 0.000858, 0.0, 0.000855, 0.787778, 0.615961, 0.37472, -0.001758, -0.615958, 0.787778, 0.0, 0.0, 0.0, 0.0, 1.0],
                [0.999996, -0.001635, 0.001071, -0.0, 0.001068, 0.916078, 0.401, 0.37472, -0.001637, -0.400998, 0.916079, -0.0, 0.0, 0.0, 0.0, 1.0]
            ]
        },
        {
            "name": "Knee_R",
            "time": [0.0, 0.3, 1.9667],
            "transform": [
                [1.0, 0.0, -0.0, 0.0, -0.0, 0.0, -1.0, 0.37472, -0.0, 1.0, 0.0, 0.0, 0.0, 0.0, 0.0, 1.0],
                [1.0, 0.0, -0.0, 0.0, -0.0, 0.0, -1.0, 0.37472, -0.0, 1.0, 0.0, -0.0, 0.0, 0.0, 0.0, 1.0],
                [1.0, 0.0, -0.0, -0.0, -0.0, 0.0, -1.0, 0.37472, -0.0, 1.0, 0.0, -0.0, 0.0, 0.0, 0.0, 1.0]
            ]
        },
        {
            "name": "Thigh_L",
            "time": [0.0, 0.0333, 0.0667, 0.1, 0.1333, 0.1667, 0.2, 0.2333, 0.2667, 0.3, 0.3333, 0.3667, 0.4, 0.4333, 0.4667, 0.5, 0.5333, 0.5667, 0.6, 0.6333, 0.6667, 0.7, 0.7333, 0.7667, 0.8, 0.8333, 0.8667, 0.9, 0.9333, 0.9667, 1.0, 1.0333, 1.0667, 1.1, 1.1333, 1.1667, 1.2, 1.2333, 1.2667, 1.3, 1.3333, 1.3667, 1.4, 1.4333, 1.4667, 1.5, 1.5333, 1.5667, 1.6, 1.6333, 1.6667, 1.7, 1.7333, 1.7667, 1.9667],
            "transform": [
                [-0.352259, -0.455004, -0.817855, 0.075597, -0.622447, -0.538684, 0.567785, 0.023157, -0.698908, 0.709081, -0.093459, 0.100089, 0.0, 0.0, 0.0, 1.0],
                [-0.705654, -0.407503, -0.57965, 0.114018, -0.488864, -0.31217, 0.814593, 0.025261, -0.512897, 0.858193, 0.02107, 0.059788, 0.0, 0.0, 0.0, 1.0],
                [-0.838774, -0.303771, -0.451863, 0.118962, -0.356644, -0.320559, 0.877523, 0.017901, -0.411414, 0.897201, 0.160539, 0.052384, 0.0, 0.0, 0.0, 1.0],
                [-0.882651, -0.263756, -0.389049, 0.121151, -0.284094, -0.360043, 0.888628, 0.014519, -0.374454, 0.894878, 0.24286, 0.048323, 0.0, 0.0, 0.0, 1.0],
                [-0.896411, -0.261603, -0.357787, 0.122593, -0.240925, -0.389967, 0.888753, 0.014442, -0.372024, 0.882889, 0.286543, 0.044552, 0.0, 0.0, 0.0, 1.0],
                [-0.933412, -0.217784, -0.285149, 0.124724, -0.179187, -0.405585, 0.896322, 0.011641, -0.310856, 0.887736, 0.339553, 0.039072, 0.0, 0.0, 0.0, 1.0],
                [-0.986076, -0.093276, -0.137668, 0.127609, -0.088189, -0.408533, 0.908474, 0.002865, -0.14098, 0.907967, 0.394618, 0.030255, 0.0, 0.0, 0.0, 1.0],
                [-0.996405, -0.058808, -0.060963, 0.129115, -0.026943, -0.462297, 0.886316, -0.003949, -0.080305, 0.884775, 0.459051, 0.023161, 0.0, 0.0, 0.0, 1.0],
                [-0.996487, -0.038655, -0.074286, 0.127634, -0.032121, -0.642795, 0.765365, 0.004715, -0.077336, 0.765065, 0.639295, 0.028259, 0.0, 0.0, 0.0, 1.0],
                [-0.901788, -0.184683, -0.390732, 0.099521, -0.127244, -0.750564, 0.648433, 0.01712, -0.413022, 0.634468, 0.653349, 0.081116, 0.0, 0.0, 0.0, 1.0],
                [-0.640986, -0.288406, -0.711307, 0.055312, -0.265621, -0.786113, 0.558098, 0.032534, -0.720125, 0.546673, 0.427281, 0.114491, 0.0, 0.0, 0.0, 1.0],
                [-0.304315, -0.408336, -0.860614, 0.01578, -0.383796, -0.77433, 0.503106, 0.038003, -0.871833, 0.483404, 0.078922, 0.124635, 0.0, 0.0, 0.0, 1.0],
                [0.222149, -0.520874, -0.824222, -0.036464, -0.453174, -0.803647, 0.385728, 0.034758, -0.863297, 0.287828, -0.414576, 0.121205, 0.0, 0.0, 0.0, 1.0],
                [0.705477, -0.434868, -0.559636, -0.084668, -0.238087, -0.889158, 0.390789, 0.025325, -0.667544, -0.142451, -0.730816, 0.097054, 0.0, 0.0, 0.0, 1.0],
                [0.999584, 0.025714, -0.013013, -0.123055, 0.023602, -0.471326, 0.881644, 0.023583, 0.016537, -0.881586, -0.471737, 0.039137, 0.0, 0.0, 0.0, 1.0],
                [0.998753, 0.038878, 0.031299, -0.12396, -0.012003, -0.421588, 0.906709, 0.043139, 0.048446, -0.905956, -0.420595, 0.001825, 0.0, 0.0, 0.0, 1.0],
                [0.985601, 0.13618, 0.100227, -0.125851, -0.050123, -0.330808, 0.942366, 0.019295, 0.161487, -0.933823, -0.319219, -0.031932, 0.0, 0.0, 0.0, 1.0],
                [0.995455, 0.059756, 0.074141, -0.125222, -0.049428, -0.341239, 0.938676, 0.016695, 0.081391, -0.938077, -0.336735, -0.035653, 0.0, 0.0, 0.0, 1.0],
                [0.99908, -0.03383, 0.026343, -0.125605, -0.03558, -0.311302, 0.949645, 0.017667, -0.023926, -0.949711, -0.312219, -0.033789, 0.0, 0.0, 0.0, 1.0],
                [0.997037, -0.076364, -0.009212, -0.126201, -0.013292, -0.289018, 0.957232, 0.018197, -0.07576, -0.954275, -0.289176, -0.031188, 0.0, 0.0, 0.0, 1.0],
                [0.996549, -0.079087, -0.025174, -0.126609, 0.002693, -0.272346, 0.962196, 0.017415, -0.082953, -0.958946, -0.271193, -0.029957, 0.0, 0.0, 0.0, 1.0],
                [0.996131, -0.078012, -0.040439, -0.127063, 0.019443, -0.25312, 0.96724, 0.016581, -0.085692, -0.964286, -0.250624, -0.028472, 0.0, 0.0, 0.0, 1.0],
                [0.995892, -0.072444, -0.054311, -0.127521, 0.03578, -0.236138, 0.971061, 0.015658, -0.083173, -0.969018, -0.232576, -0.026905, 0.0, 0.0, 0.0, 1.0],
                [0.995735, -0.063765, -0.066671, -0.127952, 0.051385, -0.216865, 0.974849, 0.014693, -0.076619, -0.974119, -0.212663, -0.025354, 0.0, 0.0, 0.0, 1.0],
                [0.995831, -0.051373, -0.075368, -0.128361, 0.063426, -0.203797, 0.976957, 0.013694, -0.065549, -0.977666, -0.199689, -0.023802, 0.0, 0.0, 0.0, 1.0],
                [0.995704, -0.039134, -0.083916, -0.128742, 0.075016, -0.190311, 0.978854, 0.012667, -0.054277, -0.980946, -0.186557, -0.022262, 0.0, 0.0, 0.0, 1.0],
                [0.996085, -0.023171, -0.085309, -0.12902, 0.079602, -0.184594, 0.979586, 0.011839, -0.038446, -0.982544, -0.182027, -0.021076, 0.0, 0.0, 0.0, 1.0],
                [0.996436, -0.007406, -0.084021, -0.129282, 0.081315, -0.180298, 0.980245, 0.010997, -0.022409, -0.983586, -0.179053, -0.019896, 0.0, 0.0, 0.0, 1.0],
                [0.996794, 0.008822, -0.079516, -0.129477, 0.079783, -0.183483, 0.97978, 0.010378, -0.005946, -0.982985, -0.183599, -0.018939, 0.0, 0.0, 0.0, 1.0],
                [0.997013, 0.025073, -0.073051, -0.129633, 0.076437, -0.184834, 0.979793, 0.009949, 0.011064, -0.982452, -0.186198, -0.018081, 0.0, 0.0, 0.0, 1.0],
                [0.997015, 0.041762, -0.064932, -0.129754, 0.071812, -0.192878, 0.978592, 0.009614, 0.028344, -0.980336, -0.195302, -0.017379, 0.0, 0.0, 0.0, 1.0],
                [0.996665, 0.058479, -0.056899, -0.129871, 0.067584, -0.200984, 0.977261, 0.009286, 0.045713, -0.97785, -0.204266, -0.016673, 0.0, 0.0, 0.0, 1.0],
                [0.996224, 0.072064, -0.048416, -0.129982, 0.062737, -0.212073, 0.975238, 0.008967, 0.060012, -0.974595, -0.215793, -0.015962, 0.0, 0.0, 0.0, 1.0],
                [0.995644, 0.08497, -0.038361, -0.13004, 0.056902, -0.227923, 0.972015, 0.008726, 0.073849, -0.969967, -0.231765, -0.015622, 0.0, 0.0, 0.0, 1.0],
                [0.995027, 0.095804, -0.02724, -0.130088, 0.050566, -0.250279, 0.966853, 0.00837, 0.085811, -0.963424, -0.253878, -0.015417, 0.0, 0.0, 0.0, 1.0],
                [0.994585, 0.102981, -0.013966, -0.130101, 0.042247, -0.277871, 0.959689, 0.008022, 0.094948, -0.955085, -0.280717, -0.015492, 0.0, 0.0, 0.0, 1.0],
                [0.993908, 0.110205, 0.000478, -0.130095, 0.033956, -0.31036, 0.950013, 0.007478, 0.104844, -0.944212, -0.312211, -0.015806, 0.0, 0.0, 0.0, 1.0],
                [0.993085, 0.116133, 0.01715, -0.130057, 0.024478, -0.347727, 0.937277, 0.006921, 0.114812, -0.930378, -0.348164, -0.016368, 0.0, 0.0, 0.0, 1.0],
                [0.992169, 0.11983, 0.035229, -0.130012, 0.014652, -0.391779, 0.919943, 0.006371, 0.124038, -0.912225, -0.390467, -0.016937, 0.0, 0.0, 0.0, 1.0],
                [0.990807, 0.124082, 0.053892, -0.129929, 0.005635, -0.43589, 0.899983, 0.005767, 0.135162, -0.891408, -0.432581, -0.017772, 0.0, 0.0, 0.0, 1.0],
                [0.989417, 0.124942, 0.07377, -0.129835, -0.003566, -0.487337, 0.873208, 0.00518, 0.145051, -0.864232, -0.481733, -0.018617, 0.0, 0.0, 0.0, 1.0],
                [0.987936, 0.124699, 0.091823, -0.12972, -0.011293, -0.533358, 0.845815, 0.004579, 0.154447, -0.83665, -0.525515, -0.019554, 0.0, 0.0, 0.0, 1.0],
                [0.986642, 0.122137, 0.107791, -0.129593, -0.017024, -0.580771, 0.81389, 0.003999, 0.162008, -0.804855, -0.570933, -0.020503, 0.0, 0.0, 0.0, 1.0],
                [0.985253, 0.118831, 0.123102, -0.129435, -0.022281, -0.624248, 0.78091, 0.003491, 0.169642, -0.772139, -0.612394, -0.021566, 0.0, 0.0, 0.0, 1.0],
                [0.984294, 0.113468, 0.135239, -0.129262, -0.025618, -0.666161, 0.745369, 0.003008, 0.174666, -0.737129, -0.65279, -0.022646, 0.0, 0.0, 0.0, 1.0],
                [0.983697, 0.106776, 0.144697, -0.129089, -0.028453, -0.702089, 0.711522, 0.002607, 0.177563, -0.704041, -0.687604, -0.023658, 0.0, 0.0, 0.0, 1.0],
                [0.983774, 0.098937, 0.149666, -0.128904, -0.029378, -0.734117, 0.678389, 0.002232, 0.17699, -0.67178, -0.719298, -0.024686, 0.0, 0.0, 0.0, 1.0],
                [0.984567, 0.079305, 0.156008, -0.128707, -0.040619, -0.763537, 0.644488, 0.001887, 0.170228, -0.64088, -0.74853, -0.025722, 0.0, 0.0, 0.0, 1.0],
                [0.985913, 0.053473, 0.15848, -0.128486, -0.055603, -0.788845, 0.612074, 0.00164, 0.157746, -0.612265, -0.774758, -0.026817, 0.0, 0.0, 0.0, 1.0],
                [0.987477, 0.023272, 0.156033, -0.128254, -0.072132, -0.813015, 0.577759, 0.001432, 0.140302, -0.58178, -0.801155, -0.027917, 0.0, 0.0, 0.0, 1.0],
                [0.988795, -0.008782, 0.149018, -0.128, -0.089357, -0.83448, 0.543747, 0.001323, 0.119577, -0.550972, -0.825914, -0.029063, 0.0, 0.0, 0.0, 1.0],
                [0.989482, -0.041258, 0.138645, -0.127735, -0.106814, -0.854734, 0.507961, 0.001258, 0.097546, -0.517428, -0.85015, -0.030211, 0.0, 0.0, 0.0, 1.0],
                [0.989413, -0.073314, 0.125241, -0.127459, -0.124159, -0.874435, 0.468989, 0.001238, 0.075131, -0.479575, -0.874279, -0.031358, 0.0, 0.0, 0.0, 1.0],
                [0.98872, -0.102173, 0.109514, -0.127172, -0.139663, -0.893053, 0.42773, 0.001262, 0.0541, -0.438202, -0.897248, -0.032501, 0.0, 0.0, 0.0, 1.0],
                [0.984726, -0.167634, 0.047037, -0.128579, -0.17408, -0.943109, 0.283277, 0.048184, -0.003125, -0.287139, -0.957884, -0.046041, 0.0, 0.0, 0.0, 1.0]
            ]
        },
        {
            "name": "Leg_L",
            "time": [0.0, 0.0333, 0.0667, 0.1, 0.1333, 0.1667, 0.2, 0.2333, 0.2667, 0.3, 0.3333, 0.3667, 0.4, 0.4333, 0.4667, 0.5, 0.5333, 0.5667, 0.6, 0.6333, 0.6667, 0.7, 0.7333, 0.7667, 0.8, 0.8333, 0.8667, 0.9, 0.9333, 0.9667, 1.0, 1.0333, 1.0667, 1.1, 1.1333, 1.1667, 1.2, 1.2333, 1.2667, 1.3, 1.3333, 1.3667, 1.4, 1.4333, 1.4667, 1.5, 1.5333, 1.5667, 1.6, 1.6333, 1.6667, 1.7, 1.7333, 1.7667, 1.9667],
            "transform": [
                [0.999996, -0.001958, 6.5e-05, 0.0, 5.9e-05, 0.06318, 0.998001, 0.37472, -0.001959, -0.998003, 0.06318, 0.0, 0.0, 0.0, 0.0, 1.0],
                [0.999996, -0.001945, -0.000224, -0.0, -0.000226, -0.22813, 0.973629, 0.37472, -0.001945, -0.973632, -0.228128, -0.0, 0.0, 0.0, 0.0, 1.0],
                [0.999996, -0.001937, -0.000282, 0.0, -0.000284, -0.286121, 0.958192, 0.37472, -0.001936, -0.958195, -0.28612, -0.0, 0.0, 0.0, 0.0, 1.0],
                [0.999996, -0.001937, -0.000273, 0.0, -0.000275, -0.277225, 0.960804, 0.37472, -0.001937, -0.960806, -0.277224, -0.0, 0.0, 0.0, 0.0, 1.0],
                [0.999996, -0.001936, -0.000278, -0.0, -0.000279, -0.281672, 0.959509, 0.37472, -0.001936, -0.959512, -0.28167, 0.0, 0.0, 0.0, 0.0, 1.0],
                [0.999996, -0.001935, -0.000282, -0.0, -0.000284, -0.286355, 0.958123, 0.37472, -0.001935, -0.958125, -0.286354, -0.0, 0.0, 0.0, 0.0, 1.0],
                [0.999996, -0.001935, -0.000286, 0.0, -0.000287, -0.289807, 0.957084, 0.37472, -0.001935, -0.957087, -0.289806, -0.0, 0.0, 0.0, 0.0, 1.0],
                [0.999996, -0.001946, -0.000211, 0.0, -0.000213, -0.21521, 0.976566, 0.37472, -0.001945, -0.976569, -0.215209, 0.0, 0.0, 0.0, 0.0, 1.0],
                [0.999996, -0.001952, 0.000178, 0.0, 0.000176, 0.180054, 0.983655, 0.37472, -0.001952, -0.983658, 0.180053, -0.0, 0.0, 0.0, 0.0, 1.0],
                [0.999996, -0.001863, 0.0006, 0.0, 0.000597, 0.582566, 0.812783, 0.37472, -0.001864, -0.812785, 0.582563, -0.0, 0.0, 0.0, 0.0, 1.0],
                [0.999996, -0.001823, 0.000708, 0.0, 0.000705, 0.673864, 0.738856, 0.37472, -0.001824, -0.738858, 0.67386, -0.0, 0.0, 0.0, 0.0, 1.0],
                [0.999996, -0.001863, 0.000595, -0.0, 0.000591, 0.577845, 0.816146, 0.37472, -0.001864, -0.816148, 0.577843, 0.0, 0.0, 0.0, 0.0, 1.0],
                [0.999996, -0.001925, 0.000347, -0.0, 0.000343, 0.347112, 0.937822, 0.37472, -0.001926, -0.937825, 0.347111, 0.0, 0.0, 0.0, 0.0, 1.0],
                [0.999996, -0.001957, -2.4e-05, 0.0, -2.6e-05, -0.025243, 0.99968, 0.37472, -0.001957, -0.999682, -0.025243, 0.0, 0.0, 0.0, 0.0, 1.0],
                [0.999996, -0.001819, 0.000716, -0.0, 0.000714, 0.681081, 0.732208, 0.37472, -0.00182, -0.73221, 0.681078, 0.0, 0.0, 0.0, 0.0, 1.0],
                [0.999996, -0.001915, 0.000393, 0.0, 0.000387, 0.390598, 0.92056, 0.37472, -0.001916, -0.920563, 0.390597, 0.0, 0.0, 0.0, 0.0, 1.0],
