{
    "animation": [
        {
            "name": "Root",
            "time": [0.0, 0.0333, 0.0667, 0.1, 0.1667, 0.2, 0.2333, 0.2667, 0.3, 0.3333, 0.3667, 0.4, 0.4333, 0.4667, 0.5, 0.5333, 0.5667, 0.6, 0.6333, 0.6667, 0.7, 0.7333, 0.7667, 0.8, 0.8333, 0.8667, 0.9, 0.9333, 0.9667, 1.0, 1.0333, 1.0667, 1.1, 1.1333, 1.1667, 1.2, 1.2333, 1.2667, 1.3, 1.3333, 1.3667, 1.4, 1.4333, 1.4667, 1.5, 1.5333, 1.5667, 1.6, 1.6333, 1.6667, 1.8667],
            "transform": [
                [0.999996, 0.002971, 4e-06, -0.106182, -4e-06, 0.002539, -0.999997, 0.023109, -0.002971, 0.999992, 0.002539, 0.406527, 0.0, 0.0, 0.0, 1.0],
                [0.999995, 0.003052, 3e-06, -0.101632, -4e-06, 0.002441, -0.999997, 0.006815, -0.003052, 0.999992, 0.002441, 0.383774, 0.0, 0.0, 0.0, 1.0],
                [0.999995, 0.003261, 4e-06, -0.090407, -3e-06, 0.002152, -0.999997, 0.003074, -0.003261, 0.999992, 0.002152, 0.353059, 0.0, 0.0, 0.0, 1.0],
                [0.999994, 0.00341, 2e-06, -0.084856, -4e-06, 0.001909, -0.999998, 0.011538, -0.00341, 0.999992, 0.001909, 0.329762, 0.0, 0.0, 0.0, 1.0],
                [0.999994, 0.003347, 4e-06, -0.043938, -3e-06, 0.002018, -0.999998, 0.133594, -0.003347, 0.999992, 0.002018, 0.208829, 0.0, 0.0, 0.0, 1.0],
                [0.999995, 0.003127, 3e-06, -0.001721, -4e-06, 0.002344, -0.999997, 0.172782, -0.003127, 0.999992, 0.002344, 0.181301, 0.0, 0.0, 0.0, 1.0],
                [0.999996, 0.002775, 3e-06, 0.024101, -4e-06, 0.002752, -0.999996, 0.238314, -0.002775, 0.999992, 0.002752, 0.164389, 0.0, 0.0, 0.0, 1.0],
                [0.999998, 0.001996, 3e-06, 0.006523, -4e-06, 0.00336, -0.999994, 0.384246, -0.001996, 0.999992, 0.00336, 0.176465, 0.0, 0.0, 0.0, 1.0],
                [0.999999, 0.000812, 2e-06, -0.038806, -1e-06, 0.003823, -0.999992, 0.581, -0.000812, 0.999992, 0.003823, 0.207413, 0.0, 0.0, 0.0, 1.0],
                [0.999994, -0.000542, 0.003465, -0.105077, 0.003467, 0.00387, -0.999986, 0.792222, 0.000529, 0.999992, 0.003872, 0.242659, 0.0, 0.0, 0.0, 1.0],
                [0.999994, -0.001351, 0.003043, -0.24835, 0.003048, 0.003667, -0.999988, 1.050175, 0.00134, 0.999992, 0.003671, 0.299651, 0.0, 0.0, 0.0, 1.0],
                [0.999994, -0.002092, 0.00283, -0.249383, 0.002837, 0.003301, -0.99999, 1.403183, 0.002083, 0.999992, 0.003307, 0.277447, 0.0, 0.0, 0.0, 1.0],
                [0.999994, -0.002, 0.002848, -0.241868, 0.002855, 0.003358, -0.99999, 1.535189, 0.001991, 0.999992, 0.003363, 0.280726, 0.0, 0.0, 0.0, 1.0],
                [0.999994, -0.002187, 0.002813, -0.234623, 0.00282, 0.003239, -0.999991, 1.631526, 0.002178, 0.999992, 0.003245, 0.286292, 0.0, 0.0, 0.0, 1.0],
                [0.999993, -0.00245, 0.002776, -0.227401, 0.002784, 0.003044, -0.999991, 1.719661, 0.002442, 0.999992, 0.003051, 0.292343, 0.0, 0.0, 0.0, 1.0],
                [0.999993, -0.002611, 0.002764, -0.227194, 0.002772, 0.002908, -0.999992, 1.768257, 0.002603, 0.999992, 0.002916, 0.29862, 0.0, 0.0, 0.0, 1.0],
                [0.999992, -0.002641, 0.002762, -0.213566, 0.00277, 0.00288, -0.999992, 1.780475, 0.002634, 0.999992, 0.002887, 0.300778, 0.0, 0.0, 0.0, 1.0],
                [0.999992, -0.002641, 0.002762, -0.20742, 0.00277, 0.00288, -0.999992, 1.781739, 0.002633, 0.999992, 0.002888, 0.30288, 0.0, 0.0, 0.0, 1.0],
                [0.999993, -0.002619, 0.002763, -0.203651, 0.002771, 0.002901, -0.999992, 1.774819, 0.00261, 0.999992, 0.002908, 0.304925, 0.0, 0.0, 0.0, 1.0],
                [0.999993, -0.002579, 0.002766, -0.205347, 0.002773, 0.002936, -0.999992, 1.762488, 0.002571, 0.999992, 0.002943, 0.306914, 0.0, 0.0, 0.0, 1.0],
                [0.999993, -0.002527, 0.002769, -0.206829, 0.002777, 0.002982, -0.999991, 1.747518, 0.002519, 0.999992, 0.002989, 0.308847, 0.0, 0.0, 0.0, 1.0],
                [0.999993, -0.002474, 0.002774, -0.208139, 0.002781, 0.003026, -0.999991, 1.732677, 0.002465, 0.999992, 0.003033, 0.310723, 0.0, 0.0, 0.0, 1.0],
                [0.999993, -0.002424, 0.002779, -0.209313, 0.002786, 0.003067, -0.999991, 1.720739, 0.002416, 0.999992, 0.003074, 0.312542, 0.0, 0.0, 0.0, 1.0],
                [0.999993, -0.002373, 0.002786, -0.210384, 0.002793, 0.003106, -0.999991, 1.710363, 0.002365, 0.999992, 0.003113, 0.314304, 0.0, 0.0, 0.0, 1.0],
                [0.999993, -0.002321, 0.002792, -0.211387, 0.002799, 0.003144, -0.999991, 1.698642, 0.002312, 0.999992, 0.003151, 0.31451, 0.0, 0.0, 0.0, 1.0],
                [0.999993, -0.002265, 0.0028, -0.212356, 0.002807, 0.003186, -0.999991, 1.686011, 0.002256, 0.999992, 0.003192, 0.31476, 0.0, 0.0, 0.0, 1.0],
                [0.999994, -0.002207, 0.002809, -0.213615, 0.002816, 0.003225, -0.99999, 1.672899, 0.002198, 0.999992, 0.003231, 0.315253, 0.0, 0.0, 0.0, 1.0],
                [0.999994, -0.002144, 0.002821, -0.215404, 0.002828, 0.003269, -0.99999, 1.65974, 0.002134, 0.999992, 0.003275, 0.316188, 0.0, 0.0, 0.0, 1.0],
                [0.999994, -0.002078, 0.002832, -0.217636, 0.002839, 0.00331, -0.99999, 1.646961, 0.002069, 0.999992, 0.003316, 0.317894, 0.0, 0.0, 0.0, 1.0],
                [0.999994, -0.002004, 0.002848, -0.220219, 0.002855, 0.003355, -0.99999, 1.635, 0.001994, 0.999992, 0.003361, 0.321218, 0.0, 0.0, 0.0, 1.0],
                [0.999994, -0.001923, 0.002866, -0.223065, 0.002873, 0.003402, -0.99999, 1.624284, 0.001913, 0.999992, 0.003408, 0.326872, 0.0, 0.0, 0.0, 1.0],
                [0.999994, -0.001831, 0.002888, -0.226085, 0.002895, 0.003452, -0.99999, 1.615245, 0.001821, 0.999992, 0.003458, 0.334522, 0.0, 0.0, 0.0, 1.0],
                [0.999994, -0.001725, 0.002917, -0.229841, 0.002923, 0.003507, -0.999989, 1.605926, 0.001715, 0.999992, 0.003512, 0.347788, 0.0, 0.0, 0.0, 1.0],
                [0.999994, -0.001602, 0.002955, -0.234432, 0.00296, 0.003565, -0.999989, 1.595083, 0.001591, 0.999992, 0.00357, 0.36301, 0.0, 0.0, 0.0, 1.0],
                [0.999994, -0.001464, 0.003001, -0.239208, 0.003006, 0.003624, -0.999989, 1.58425, 0.001453, 0.999992, 0.003628, 0.380188, 0.0, 0.0, 0.0, 1.0],
                [0.999994, -0.001315, 0.003057, -0.244017, 0.003062, 0.00368, -0.999988, 1.574961, 0.001304, 0.999992, 0.003684, 0.400973, 0.0, 0.0, 0.0, 1.0],
                [0.999994, -0.001159, 0.003127, -0.248829, 0.003132, 0.003736, -0.999988, 1.568744, 0.001148, 0.999992, 0.003739, 0.421607, 0.0, 0.0, 0.0, 1.0],
                [0.999994, -0.001, 0.003198, -0.253618, 0.003201, 0.003778, -0.999987, 1.567125, 0.000988, 0.999992, 0.003781, 0.442091, 0.0, 0.0, 0.0, 1.0],
                [0.999994, -0.000846, 0.003278, -0.25798, 0.003281, 0.003815, -0.999987, 1.571641, 0.000834, 0.999992, 0.003818, 0.462424, 0.0, 0.0, 0.0, 1.0],
                [0.999994, -0.000705, 0.003365, -0.261037, 0.003368, 0.003847, -0.999987, 1.583824, 0.000692, 0.999992, 0.003849, 0.482727, 0.0, 0.0, 0.0, 1.0],
                [0.999994, -0.00056, 0.003453, -0.262292, 0.003455, 0.003868, -0.999986, 1.608664, 0.000547, 0.999992, 0.00387, 0.503246, 0.0, 0.0, 0.0, 1.0],
                [0.999994, -0.000415, 0.003562, -0.262229, 0.003563, 0.003889, -0.999986, 1.646172, 0.000401, 0.999992, 0.00389, 0.523601, 0.0, 0.0, 0.0, 1.0],
                [0.999993, -0.000268, 0.003671, -0.261672, 0.003672, 0.003899, -0.999985, 1.692142, 0.000253, 0.999992, 0.0039, 0.544171, 0.0, 0.0, 0.0, 1.0],
                [0.999993, -0.000124, 0.003796, -0.260966, 0.003797, 0.003906, -0.999985, 1.741605, 0.000109, 0.999992, 0.003906, 0.564831, 0.0, 0.0, 0.0, 1.0],
                [1.0, 2.5e-05, 4e-06, -0.26011, 4e-06, 0.003908, -0.999992, 1.78977, -2.5e-05, 0.999992, 0.003908, 0.582752, 0.0, 0.0, 0.0, 1.0],
                [1.0, 0.000144, 0.0, -0.25912, -0.0, 0.003906, -0.999992, 1.831862, -0.000144, 0.999992, 0.003906, 0.600672, 0.0, 0.0, 0.0, 1.0],
                [1.0, 0.000246, 0.0, -0.260613, -1e-06, 0.003901, -0.999992, 1.863091, -0.000246, 0.999992, 0.003901, 0.613421, 0.0, 0.0, 0.0, 1.0],
                [1.0, 0.000326, 0.0, -0.262118, -1e-06, 0.003895, -0.999992, 1.88408, -0.000326, 0.999992, 0.003895, 0.623702, 0.0, 0.0, 0.0, 1.0],
                [1.0, 0.000391, 1e-06, -0.263634, -1e-06, 0.003889, -0.999992, 1.899495, -0.000391, 0.999992, 0.003889, 0.631607, 0.0, 0.0, 0.0, 1.0],
                [1.0, 0.000441, 0.0, -0.265158, -1e-06, 0.003883, -0.999992, 1.910622, -0.000441, 0.999992, 0.003883, 0.637724, 0.0, 0.0, 0.0, 1.0],
                [1.0, 0.000632, 1e-06, -0.278584, -1e-06, 0.003856, -0.999993, 1.946965, -0.000632, 0.999992, 0.003856, 0.661181, 0.0, 0.0, 0.0, 1.0]
            ]
        },
        {
            "name": "Thigh_R",
            "time": [0.0, 0.0333, 0.0667, 0.1, 0.1667, 0.2, 0.2333, 0.2667, 0.3, 0.3333, 0.3667, 0.4, 0.4333, 0.4667, 0.5, 0.5333, 0.5667, 0.6, 0.6333, 0.6667, 0.7, 0.7333, 0.7667, 0.8, 0.8333, 0.8667, 0.9, 0.9333, 0.9667, 1.0, 1.0333, 1.0667, 1.1, 1.1333, 1.1667, 1.2, 1.2333, 1.2667, 1.3, 1.3333, 1.3667, 1.4, 1.4333, 1.4667, 1.5, 1.5333, 1.5667, 1.6, 1.6333, 1.6667, 1.8667],
            "transform": [
                [-0.135071, 0.842911, 0.520823, -0.097276, 0.098088, -0.511682, 0.853557, 0.083904, 0.98597, 0.166377, -0.013565, 0.080053, 0.0, 0.0, 0.0, 1.0],
                [-0.163743, 0.869327, 0.466325, -0.148163, 0.059739, -0.463099, 0.884291, 0.089156, 0.984694, 0.172654, 0.023897, 0.096454, 0.0, 0.0, 0.0, 1.0],
                [-0.233154, 0.901171, 0.365418, -0.160744, -1.3e-05, -0.375777, 0.92671, 0.091188, 0.972441, 0.216061, 0.087626, 0.088067, 0.0, 0.0, 0.0, 1.0],
                [-0.290216, 0.910262, 0.295295, -0.173325, -0.034037, -0.318199, 0.947413, 0.093219, 0.956357, 0.264903, 0.123328, 0.07968, 0.0, 0.0, 0.0, 1.0],
                [-0.232906, 0.940477, 0.247503, -0.198486, 0.146996, -0.217533, 0.964921, 0.097283, 0.961327, 0.261118, -0.087582, 0.062905, 0.0, 0.0, 0.0, 1.0],
                [-0.102321, 0.950267, 0.294147, -0.135034, 0.270128, -0.258045, 0.927601, 0.102145, 0.957373, 0.17437, -0.23029, 0.039165, 0.0, 0.0, 0.0, 1.0],
                [0.076479, 0.933354, 0.350717, -0.071582, 0.435649, -0.347675, 0.830261, 0.107008, 0.896863, 0.089291, -0.433204, 0.015425, 0.0, 0.0, 0.0, 1.0],
                [0.475639, 0.787462, 0.392012, -0.00813, 0.631011, -0.615933, 0.471648, 0.11187, 0.612859, 0.023029, -0.789858, -0.008315, 0.0, 0.0, 0.0, 1.0],
                [0.874681, 0.425246, 0.232597, 0.055322, 0.476177, -0.843496, -0.248534, 0.116733, 0.090506, 0.328145, -0.940282, -0.032056, 0.0, 0.0, 0.0, 1.0],
                [0.949487, 0.309327, -0.052859, 0.118774, 0.1996, -0.725271, -0.658894, 0.121595, -0.242151, 0.61506, -0.750377, -0.055796, 0.0, 0.0, 0.0, 1.0],
                [0.875057, 0.477789, -0.077431, 0.09759, 0.351314, -0.736997, -0.57742, 0.115445, -0.332952, 0.478072, -0.812768, -0.076448, 0.0, 0.0, 0.0, 1.0],
                [0.746896, -0.382749, -0.543738, 0.076406, 0.432983, -0.340655, 0.834554, 0.109295, -0.504652, -0.858753, -0.08871, -0.0971, 0.0, 0.0, 0.0, 1.0],
                [0.715441, -0.409294, -0.566237, 0.055222, 0.392313, -0.43528, 0.810322, 0.103144, -0.578132, -0.801879, -0.150846, -0.117752, 0.0, 0.0, 0.0, 1.0],
                [0.693013, -0.462559, -0.552969, 0.034038, 0.320025, -0.489927, 0.810898, 0.096994, -0.646003, -0.738926, -0.191495, -0.138404, 0.0, 0.0, 0.0, 1.0],
                [0.653361, -0.516492, -0.553496, 0.012853, 0.240909, -0.551269, 0.79879, 0.090844, -0.717694, -0.655239, -0.23575, -0.159056, 0.0, 0.0, 0.0, 1.0],
                [0.619496, -0.546161, -0.563857, 0.018081, 0.196868, -0.587241, 0.785106, 0.090156, -0.759915, -0.597374, -0.256272, -0.154229, 0.0, 0.0, 0.0, 1.0],
                [0.609499, -0.557185, -0.563965, 0.023309, 0.181073, -0.594727, 0.78327, 0.089469, -0.771833, -0.57952, -0.261595, -0.149402, 0.0, 0.0, 0.0, 1.0],
                [0.610222, -0.560396, -0.559988, 0.028537, 0.174351, -0.594524, 0.784948, 0.088782, -0.772809, -0.576626, -0.265086, -0.144574, 0.0, 0.0, 0.0, 1.0],
                [0.61752, -0.558427, -0.553922, 0.033765, 0.175229, -0.588869, 0.789005, 0.088095, -0.76679, -0.584288, -0.265786, -0.139747, 0.0, 0.0, 0.0, 1.0],
                [0.6271, -0.553734, -0.547838, 0.038993, 0.181536, -0.580051, 0.794094, 0.087407, -0.757491, -0.597428, -0.263227, -0.13492, 0.0, 0.0, 0.0, 1.0],
                [0.637107, -0.548873, -0.541142, 0.044221, 0.189481, -0.568998, 0.800211, 0.08672, -0.747124, -0.612355, -0.258512, -0.130092, 0.0, 0.0, 0.0, 1.0],
                [0.642396, -0.546109, -0.537674, 0.049449, 0.198778, -0.558839, 0.8051, 0.086033, -0.740147, -0.62407, -0.250441, -0.125265, 0.0, 0.0, 0.0, 1.0],
                [0.639734, -0.547589, -0.53934, 0.054677, 0.206196, -0.553721, 0.806769, 0.085345, -0.740423, -0.627327, -0.241324, -0.120438, 0.0, 0.0, 0.0, 1.0],
                [0.628768, -0.555012, -0.544623, 0.059905, 0.216599, -0.547665, 0.808176, 0.084658, -0.746819, -0.626119, -0.224139, -0.115611, 0.0, 0.0, 0.0, 1.0],
                [0.607795, -0.564555, -0.558448, 0.065133, 0.233989, -0.544702, 0.805325, 0.083971, -0.758839, -0.620143, -0.198968, -0.110783, 0.0, 0.0, 0.0, 1.0],
                [0.58004, -0.575905, -0.576098, 0.070361, 0.255709, -0.542747, 0.800024, 0.083284, -0.773414, -0.611358, -0.167551, -0.105956, 0.0, 0.0, 0.0, 1.0],
                [0.548377, -0.587362, -0.595223, 0.075589, 0.278475, -0.542896, 0.792285, 0.082596, -0.788503, -0.600225, -0.134146, -0.101129, 0.0, 0.0, 0.0, 1.0],
                [0.517103, -0.596556, -0.613781, 0.080817, 0.300965, -0.544576, 0.782852, 0.081909, -0.801266, -0.58954, -0.102059, -0.096301, 0.0, 0.0, 0.0, 1.0],
                [0.491882, -0.602718, -0.628319, 0.086045, 0.319054, -0.546677, 0.774176, 0.081222, -0.810098, -0.58127, -0.076601, -0.091474, 0.0, 0.0, 0.0, 1.0],
                [0.474862, -0.606663, -0.637547, 0.091273, 0.330224, -0.548674, 0.768055, 0.080535, -0.815757, -0.575253, -0.06021, -0.086647, 0.0, 0.0, 0.0, 1.0],
                [0.471874, -0.607509, -0.638959, 0.09553, 0.3324, -0.548655, 0.76713, 0.082634, -0.816607, -0.574378, -0.05696, -0.083927, 0.0, 0.0, 0.0, 1.0],
                [0.486225, -0.599529, -0.635729, 0.099786, 0.329269, -0.548191, 0.76881, 0.084733, -0.809425, -0.58314, -0.069138, -0.081206, 0.0, 0.0, 0.0, 1.0],
                [0.526712, -0.565726, -0.634453, 0.104043, 0.304408, -0.571345, 0.762169, 0.086831, -0.793671, -0.594575, -0.128722, -0.078486, 0.0, 0.0, 0.0, 1.0],
                [0.589826, -0.511348, -0.625003, 0.1083, 0.2727, -0.602375, 0.750186, 0.08893, -0.760094, -0.612917, -0.215852, -0.075766, 0.0, 0.0, 0.0, 1.0],
                [0.66512, -0.440542, -0.602943, 0.112557, 0.242086, -0.636618, 0.732197, 0.091029, -0.706408, -0.632962, -0.316778, -0.073046, 0.0, 0.0, 0.0, 1.0],
                [0.742975, -0.354669, -0.567627, 0.116813, 0.220554, -0.670967, 0.707926, 0.093128, -0.631939, -0.651162, -0.420288, -0.070326, 0.0, 0.0, 0.0, 1.0],
                [0.8139, -0.258571, -0.520298, 0.12107, 0.211744, -0.701915, 0.680059, 0.095227, -0.541049, -0.663669, -0.516537, -0.067606, 0.0, 0.0, 0.0, 1.0],
                [0.872091, -0.161102, -0.462067, 0.125327, 0.211714, -0.727089, 0.653084, 0.097326, -0.441178, -0.667374, -0.59998, -0.064885, 0.0, 0.0, 0.0, 1.0],
                [0.914717, -0.068575, -0.398236, 0.129584, 0.216614, -0.748737, 0.626476, 0.099425, -0.341135, -0.659311, -0.670028, -0.062165, 0.0, 0.0, 0.0, 1.0],
                [0.942402, 0.009504, -0.334352, 0.13384, 0.22099, -0.768052, 0.601048, 0.101524, -0.251087, -0.640317, -0.725914, -0.059445, 0.0, 0.0, 0.0, 1.0],
                [0.965321, 0.049341, -0.256365, 0.126949, 0.19715, -0.781498, 0.59194, 0.091867, -0.171142, -0.621954, -0.764123, -0.040972, 0.0, 0.0, 0.0, 1.0],
                [0.979867, 0.092367, -0.177008, 0.120057, 0.17753, -0.808742, 0.560731, 0.08221, -0.091361, -0.580865, -0.808857, -0.022498, 0.0, 0.0, 0.0, 1.0],
                [0.986146, 0.13653, -0.094221, 0.113166, 0.165607, -0.843206, 0.511446, 0.072554, -0.00962, -0.519963, -0.854135, -0.004025, 0.0, 0.0, 0.0, 1.0],
                [0.984346, 0.175784, -0.012892, 0.106274, 0.162672, -0.877886, 0.450393, 0.062897, 0.067854, -0.445439, -0.892738, 0.014448, 0.0, 0.0, 0.0, 1.0],
                [0.976279, 0.206819, 0.064096, 0.106274, 0.167103, -0.907925, 0.38438, 0.062897, 0.137692, -0.364551, -0.920948, 0.014448, 0.0, 0.0, 0.0, 1.0],
                [0.963921, 0.229203, 0.135366, 0.106274, 0.176151, -0.930492, 0.321179, 0.062897, 0.199572, -0.285746, -0.937295, 0.014448, 0.0, 0.0, 0.0, 1.0],
                [0.950197, 0.242552, 0.195693, 0.106274, 0.18523, -0.944508, 0.271282, 0.062897, 0.250634, -0.221523, -0.942397, 0.014448, 0.0, 0.0, 0.0, 1.0],
                [0.937008, 0.249932, 0.244035, 0.106274, 0.192237, -0.952262, 0.237154, 0.062897, 0.291657, -0.175302, -0.940322, 0.014448, 0.0, 0.0, 0.0, 1.0],
                [0.924662, 0.254309, 0.283425, 0.106274, 0.198401, -0.95704, 0.211451, 0.062897, 0.325023, -0.139289, -0.935392, 0.014448, 0.0, 0.0, 0.0, 1.0],
                [0.91331, 0.258825, 0.314446, 0.106274, 0.205465, -0.959452, 0.192965, 0.062897, 0.35164, -0.111629, -0.929456, 0.014448, 0.0, 0.0, 0.0, 1.0],
                [0.860516, 0.267304, 0.433662, 0.096351, 0.232828, -0.96353, 0.131908, 0.058238, 0.453106, -0.012541, -0.891369, 0.033027, 0.0, 0.0, 0.0, 1.0]
            ]
        },
        {
            "name": "Leg_R",
            "time": [0.0, 0.0333, 0.0667, 0.1, 0.1667, 0.2, 0.2333, 0.2667, 0.3, 0.3333, 0.3667, 0.4, 0.4333, 0.4667, 0.5, 0.5333, 0.5667, 0.6, 0.6333, 0.6667, 0.7, 0.7333, 0.7667, 0.8, 0.8333, 0.8667, 0.9, 0.9333, 0.9667, 1.0, 1.0333, 1.0667, 1.1, 1.1333, 1.1667, 1.2, 1.2333, 1.2667, 1.3, 1.3333, 1.3667, 1.4, 1.4333, 1.4667, 1.5, 1.5333, 1.5667, 1.6, 1.6333, 1.6667, 1.8667],
            "transform": [
                [1.0, -0.001924, 0.000348, -0.0, 0.000346, 0.349409, 0.936969, 0.37472, -0.001925, -0.936967, 0.349409, 0.0, 0.0, 0.0, 0.0, 1.0],
                [1.0, -0.001937, 0.000266, -0.0, 0.000264, 0.268948, 0.963154, 0.37472, -0.001937, -0.963152, 0.268948, -0.0, 0.0, 0.0, 0.0, 1.0],
                [1.0, -0.00195, 0.000145, -0.0, 0.000143, 0.146905, 0.98915, 0.37472, -0.00195, -0.989148, 0.146905, -0.0, 0.0, 0.0, 0.0, 1.0],
                [1.0, -0.001954, 8.5e-05, 0.0, 8.3e-05, 0.085997, 0.996295, 0.37472, -0.001954, -0.996293, 0.085997, -0.0, 0.0, 0.0, 0.0, 1.0],
                [1.0, -0.001953, -0.000103, 0.0, -0.000104, -0.105509, 0.994417, 0.37472, -0.001953, -0.994416, -0.105509, -0.0, 0.0, 0.0, 0.0, 1.0],
                [1.0, -0.001946, -0.000196, -0.0, -0.000197, -0.199904, 0.979815, 0.37472, -0.001946, -0.979813, -0.199904, -0.0, 0.0, 0.0, 0.0, 1.0],
                [1.0, -0.001942, -0.000235, -0.0, -0.000237, -0.2396, 0.970871, 0.37472, -0.001942, -0.970869, -0.2396, -0.0, 0.0, 0.0, 0.0, 1.0],
                [1.0, -0.001955, -9.3e-05, 0.0, -9.7e-05, -0.097172, 0.995267, 0.37472, -0.001955, -0.995265, -0.097172, -0.0, 0.0, 0.0, 0.0, 1.0],
                [1.0, -0.001906, 0.000439, 0.0, 0.000434, 0.434745, 0.900553, 0.37472, -0.001907, -0.900551, 0.434745, -0.0, 0.0, 0.0, 0.0, 1.0],
                [1.0, -0.001688, 0.000987, -0.0, 0.000983, 0.87037, 0.492396, 0.37472, -0.00169, -0.492394, 0.87037, 0.0, 0.0, 0.0, 0.0, 1.0],
                [1.0, -0.001677, 0.001004, 0.0, 0.001001, 0.880708, 0.473656, 0.37472, -0.001679, -0.473655, 0.880708, -0.0, 0.0, 0.0, 0.0, 1.0],
                [1.0, -0.001956, 2.4e-05, 0.0, 2.1e-05, 0.023306, 0.999728, 0.37472, -0.001956, -0.999725, 0.023306, -0.0, 0.0, 0.0, 0.0, 1.0],
                [1.0, -0.001955, -9.5e-05, -0.0, -9.8e-05, -0.098774, 0.995109, 0.37472, -0.001955, -0.995107, -0.098774, 0.0, 0.0, 0.0, 0.0, 1.0],
                [1.0, -0.001948, -0.000188, 0.0, -0.000191, -0.192898, 0.981218, 0.37472, -0.001948, -0.981216, -0.192898, 0.0, 0.0, 0.0, 0.0, 1.0],
                [1.0, -0.001942, -0.000239, -0.0, -0.000243, -0.244704, 0.969597, 0.37472, -0.001942, -0.969595, -0.244704, 0.0, 0.0, 0.0, 0.0, 1.0],
                [1.0, -0.001941, -0.000246, -0.0, -0.00025, -0.251481, 0.967862, 0.37472, -0.001941, -0.96786, -0.251481, -0.0, 0.0, 0.0, 0.0, 1.0],
                [1.0, -0.001942, -0.000237, -0.0, -0.000242, -0.242989, 0.970028, 0.37472, -0.001942, -0.970026, -0.242989, -0.0, 0.0, 0.0, 0.0, 1.0],
                [1.0, -0.001943, -0.000228, -0.0, -0.000234, -0.23448, 0.97212, 0.37472, -0.001943, -0.972118, -0.23448, 0.0, 0.0, 0.0, 0.0, 1.0],
                [1.0, -0.001945, -0.000217, -0.0, -0.000221, -0.222435, 0.974947, 0.37472, -0.001944, -0.974945, -0.222435, 0.0, 0.0, 0.0, 0.0, 1.0],
                [1.0, -0.001946, -0.000205, -0.0, -0.000209, -0.210357, 0.977624, 0.37472, -0.001945, -0.977622, -0.210357, -0.0, 0.0, 0.0, 0.0, 1.0],
                [1.0, -0.001948, -0.00019, 0.0, -0.000195, -0.196058, 0.980592, 0.37472, -0.001947, -0.98059, -0.196058, 0.0, 0.0, 0.0, 0.0, 1.0],
                [1.0, -0.001949, -0.000176, -0.0, -0.000181, -0.181715, 0.983351, 0.37472, -0.001948, -0.983348, -0.181715, -0.0, 0.0, 0.0, 0.0, 1.0],
                [1.0, -0.00195, -0.000162, -0.0, -0.000167, -0.167331, 0.9859, 0.37472, -0.00195, -0.985898, -0.167331, -0.0, 0.0, 0.0, 0.0, 1.0],
                [1.0, -0.001951, -0.000148, 0.0, -0.000152, -0.152913, 0.988239, 0.37472, -0.001951, -0.988237, -0.152913, -0.0, 0.0, 0.0, 0.0, 1.0],
                [1.0, -0.001952, -0.000134, -0.0, -0.000138, -0.138466, 0.990366, 0.37472, -0.001952, -0.990364, -0.138466, -0.0, 0.0, 0.0, 0.0, 1.0],
                [1.0, -0.001953, -0.000117, -0.0, -0.00012, -0.121081, 0.992642, 0.37472, -0.001953, -0.99264, -0.121081, 0.0, 0.0, 0.0, 0.0, 1.0],
                [1.0, -0.001954, -0.0001, -0.0, -0.000103, -0.10366, 0.994612, 0.37472, -0.001954, -0.99461, -0.10366, -0.0, 0.0, 0.0, 0.0, 1.0],
                [1.0, -0.001955, -7.9e-05, -0.0, -8.3e-05, -0.082624, 0.99658, 0.37472, -0.001955, -0.996578, -0.082624, -0.0, 0.0, 0.0, 0.0, 1.0],
                [1.0, -0.001956, -5.9e-05, 0.0, -6.2e-05, -0.061552, 0.998103, 0.37472, -0.001956, -0.998101, -0.061552, 0.0, 0.0, 0.0, 0.0, 1.0],
                [1.0, -0.001957, -3.4e-05, -0.0, -3.7e-05, -0.036188, 0.999344, 0.37472, -0.001957, -0.999342, -0.036188, 0.0, 0.0, 0.0, 0.0, 1.0],
                [1.0, -0.001956, -9e-06, -0.0, -1.2e-05, -0.010793, 0.999941, 0.37472, -0.001956, -0.999939, -0.010794, -0.0, 0.0, 0.0, 0.0, 1.0],
                [1.0, -0.001957, 1.6e-05, -0.0, 1.3e-05, 0.014597, 0.999893, 0.37472, -0.001957, -0.999891, 0.014597, -0.0, 0.0, 0.0, 0.0, 1.0],
                [1.0, -0.001956, 2.4e-05, -0.0, 2.1e-05, 0.023284, 0.999728, 0.37472, -0.001956, -0.999726, 0.023284, -0.0, 0.0, 0.0, 0.0, 1.0],
                [1.0, -0.001956, 3.2e-05, -0.0, 3e-05, 0.031977, 0.999488, 0.37472, -0.001956, -0.999486, 0.031977, -0.0, 0.0, 0.0, 0.0, 1.0],
                [1.0, -0.001956, 5.1e-05, 0.0, 4.9e-05, 0.051109, 0.998692, 0.37472, -0.001956, -0.99869, 0.051109, -0.0, 0.0, 0.0, 0.0, 1.0],
                [1.0, -0.001955, 8.5e-05, -0.0, 8.2e-05, 0.085062, 0.996375, 0.37472, -0.001955, -0.996373, 0.085062, 0.0, 0.0, 0.0, 0.0, 1.0],
                [1.0, -0.001952, 0.00013, -0.0, 0.000127, 0.131193, 0.991356, 0.37472, -0.001952, -0.991354, 0.131193, -0.0, 0.0, 0.0, 0.0, 1.0],
                [1.0, -0.001947, 0.000186, -0.0, 0.000184, 0.188501, 0.982072, 0.37472, -0.001947, -0.98207, 0.188501, 0.0, 0.0, 0.0, 0.0, 1.0],
                [1.0, -0.001941, 0.000251, 0.0, 0.000247, 0.252367, 0.967631, 0.37472, -0.001942, -0.967629, 0.252367, 0.0, 0.0, 0.0, 0.0, 1.0],
                [1.0, -0.001931, 0.000314, 0.0, 0.000311, 0.315153, 0.94904, 0.37472, -0.001931, -0.949038, 0.315153, 0.0, 0.0, 0.0, 0.0, 1.0],
                [1.0, -0.001921, 0.000368, 0.0, 0.000366, 0.368601, 0.929586, 0.37472, -0.001921, -0.929584, 0.368601, 0.0, 0.0, 0.0, 0.0, 1.0],
                [1.0, -0.001908, 0.000429, -0.0, 0.000426, 0.426635, 0.904423, 0.37472, -0.001909, -0.904421, 0.426636, -0.0, 0.0, 0.0, 0.0, 1.0],
                [1.0, -0.001891, 0.000498, 0.0, 0.000494, 0.490589, 0.87139, 0.37472, -0.001892, -0.871388, 0.490589, 0.0, 0.0, 0.0, 0.0, 1.0],
                [1.0, -0.001869, 0.000573, 0.0, 0.000569, 0.558586, 0.829445, 0.37472, -0.00187, -0.829443, 0.558586, -0.0, 0.0, 0.0, 0.0, 1.0],
                [1.0, -0.001843, 0.000655, 0.0, 0.000651, 0.629486, 0.777011, 0.37472, -0.001844, -0.777009, 0.629486, -0.0, 0.0, 0.0, 0.0, 1.0],
                [1.0, -0.001811, 0.000736, -0.0, 0.000733, 0.69634, 0.717711, 0.37472, -0.001813, -0.717709, 0.69634, -0.0, 0.0, 0.0, 0.0, 1.0],
                [1.0, -0.00178, 0.000808, -0.0, 0.000804, 0.751217, 0.660054, 0.37472, -0.001782, -0.660052, 0.751217, -0.0, 0.0, 0.0, 0.0, 1.0],
                [1.0, -0.001754, 0.000864, 0.0, 0.00086, 0.791362, 0.611346, 0.37472, -0.001756, -0.611344, 0.791362, -0.0, 0.0, 0.0, 0.0, 1.0],
                [1.0, -0.001731, 0.000908, -0.0, 0.000904, 0.821431, 0.570305, 0.37472, -0.001733, -0.570303, 0.821432, -0.0, 0.0, 0.0, 0.0, 1.0],
                [1.0, -0.001713, 0.000943, -0.0, 0.000938, 0.843418, 0.537256, 0.37472, -0.001716, -0.537254, 0.843418, 0.0, 0.0, 0.0, 0.0, 1.0],
                [1.0, -0.001635, 0.001071, 0.0, 0.001068, 0.916077, 0.400999, 0.37472, -0.001637, -0.400997, 0.916077, 0.0, 0.0, 0.0, 0.0, 1.0]
            ]
        },
        {
            "name": "Knee_R",
            "time": [0.0, 1.8667],
            "transform": [
                [1.0, 0.0, -0.0, -0.0, -0.0, 0.0, -1.0, 0.37472, -0.0, 1.0, 0.0, 0.0, 0.0, 0.0, 0.0, 1.0],
                [1.0, 0.0, -0.0, 0.0, -0.0, 0.0, -1.0, 0.37472, -0.0, 1.0, 0.0, 0.0, 0.0, 0.0, 0.0, 1.0]
            ]
        },
        {
            "name": "Thigh_L",
            "time": [0.0, 0.0333, 0.0667, 0.1, 0.1667, 0.2, 0.2333, 0.2667, 0.3, 0.3333, 0.3667, 0.4, 0.4333, 0.4667, 0.5, 0.5333, 0.5667, 0.6, 0.6333, 0.6667, 0.7, 0.7333, 0.7667, 0.8, 0.8333, 0.8667, 0.9, 0.9333, 0.9667, 1.0, 1.0333, 1.0667, 1.1, 1.1333, 1.1667, 1.2, 1.2333, 1.2667, 1.3, 1.3333, 1.3667, 1.4, 1.4333, 1.4667, 1.5, 1.5333, 1.5667, 1.6, 1.6333, 1.6667, 1.8667],
            "transform": [
                [0.2265, 0.003989, 0.974002, 0.012474, -0.533002, -0.836473, 0.127373, 0.020869, 0.815232, -0.547998, -0.187334, -0.128778, 0.0, 0.0, 0.0, 1.0],
                [0.222696, -0.024445, 0.974581, 0.021215, -0.557868, -0.823026, 0.106832, 0.027396, 0.799492, -0.567481, -0.196921, -0.128449, 0.0, 0.0, 0.0, 1.0],
                [0.293162, -0.129658, 0.94723, 0.045256, -0.60677, -0.79089, 0.079534, 0.048919, 0.738839, -0.59807, -0.31053, -0.12272, 0.0, 0.0, 0.0, 1.0],
                [0.304716, -0.174135, 0.936389, 0.063055, -0.627539, -0.776283, 0.059852, 0.058757, 0.716478, -0.605861, -0.345822, -0.114019, 0.0, 0.0, 0.0, 1.0],
                [-0.016766, -0.028173, 0.999462, 0.056599, -0.43719, -0.898778, -0.032668, 0.02398, 0.899211, -0.437504, 0.002752, -0.116888, 0.0, 0.0, 0.0, 1.0],
                [0.093794, -0.056747, 0.993972, 0.032488, -0.485466, -0.874248, -0.004101, 0.020032, 0.869208, -0.482158, -0.109548, -0.125083, 0.0, 0.0, 0.0, 1.0],
                [0.223527, -0.042502, 0.97377, -0.002101, -0.496433, -0.864725, 0.076214, 0.017634, 0.838801, -0.50045, -0.214388, -0.128772, 0.0, 0.0, 0.0, 1.0],
                [0.482273, 0.083517, 0.87203, -0.063942, -0.484763, -0.8037, 0.34507, 0.019957, 0.729667, -0.589149, -0.347116, -0.112302, 0.0, 0.0, 0.0, 1.0],
                [0.81856, 0.109609, 0.563865, -0.119814, -0.37038, -0.649602, 0.663955, 0.028414, 0.439062, -0.752335, -0.491141, -0.051609, 0.0, 0.0, 0.0, 1.0],
                [0.987664, -0.083069, 0.132727, -0.125942, -0.155915, -0.599716, 0.784877, 0.036369, 0.0144, -0.795893, -0.605269, 0.036411, 0.0, 0.0, 0.0, 1.0],
                [0.963071, -0.100505, -0.249779, -0.099649, 0.033863, -0.875134, 0.482697, 0.040818, -0.267103, -0.473333, -0.839412, 0.085413, 0.0, 0.0, 0.0, 1.0],
                [0.75217, -0.387809, -0.53277, -0.052664, -0.387962, -0.914134, 0.117673, 0.051821, -0.532656, 0.118185, -0.838038, 0.119902, 0.0, 0.0, 0.0, 1.0],
                [0.401647, -0.363615, -0.840514, -0.057443, -0.565097, -0.820638, 0.084977, 0.044044, -0.720654, 0.440843, -0.535084, 0.118017, 0.0, 0.0, 0.0, 1.0],
                [0.300733, -0.305382, -0.903494, -0.042381, -0.597629, -0.798624, 0.07101, 0.055956, -0.743234, 0.518601, -0.422677, 0.123544, 0.0, 0.0, 0.0, 1.0],
                [0.247769, -0.256099, -0.934357, -0.019848, -0.611116, -0.789672, 0.054387, 0.067122, -0.751761, 0.557528, -0.352161, 0.127475, 0.0, 0.0, 0.0, 1.0],
                [0.223182, -0.227303, -0.947904, -0.005624, -0.612686, -0.789048, 0.044953, 0.069901, -0.758157, 0.570738, -0.315367, 0.128334, 0.0, 0.0, 0.0, 1.0],
                [0.206395, -0.24315, -0.947776, -0.002745, -0.62235, -0.78007, 0.064596, 0.068406, -0.755035, 0.576519, -0.312326, 0.128733, 0.0, 0.0, 0.0, 1.0],
                [0.196666, -0.255455, -0.946607, -0.002748, -0.625423, -0.776223, 0.079536, 0.066219, -0.755093, 0.576391, -0.312423, 0.129146, 0.0, 0.0, 0.0, 1.0],
                [0.190143, -0.265155, -0.945271, -0.004865, -0.62354, -0.776321, 0.092335, 0.063741, -0.758314, 0.57186, -0.312946, 0.129506, 0.0, 0.0, 0.0, 1.0],
                [0.185681, -0.271202, -0.944442, -0.008451, -0.617797, -0.779641, 0.102415, 0.061077, -0.764099, 0.56446, -0.312311, 0.129721, 0.0, 0.0, 0.0, 1.0],
                [0.181092, -0.276609, -0.943765, -0.012986, -0.610982, -0.783621, 0.112433, 0.058486, -0.770651, 0.556266, -0.31091, 0.129683, 0.0, 0.0, 0.0, 1.0],
                [0.172365, -0.279524, -0.94454, -0.017635, -0.603791, -0.787613, 0.122898, 0.056173, -0.778282, 0.549124, -0.30453, 0.129392, 0.0, 0.0, 0.0, 1.0],
                [0.162796, -0.280174, -0.946044, -0.021999, -0.600648, -0.788833, 0.130253, 0.054516, -0.782762, 0.547038, -0.296704, 0.128881, 0.0, 0.0, 0.0, 1.0],
                [0.146087, -0.284752, -0.947404, -0.026313, -0.597112, -0.788936, 0.145048, 0.052786, -0.788741, 0.544519, -0.285282, 0.128215, 0.0, 0.0, 0.0, 1.0],
                [0.124217, -0.289257, -0.949157, -0.030678, -0.595475, -0.786897, 0.161876, 0.050958, -0.793711, 0.545094, -0.269991, 0.12737, 0.0, 0.0, 0.0, 1.0],
                [0.09921, -0.293037, -0.95094, -0.035134, -0.593991, -0.784153, 0.179669, 0.048902, -0.798329, 0.547028, -0.251856, 0.126327, 0.0, 0.0, 0.0, 1.0],
                [0.072595, -0.295822, -0.95248, -0.039782, -0.592648, -0.780908, 0.197364, 0.046902, -0.802182, 0.55016, -0.232008, 0.125021, 0.0, 0.0, 0.0, 1.0],
                [0.048151, -0.294829, -0.954336, -0.0446, -0.590057, -0.779307, 0.210983, 0.044794, -0.805922, 0.552957, -0.21149, 0.123434, 0.0, 0.0, 0.0, 1.0],
                [0.026921, -0.292908, -0.955761, -0.04978, -0.587103, -0.778468, 0.222035, 0.042954, -0.809063, 0.555155, -0.192924, 0.121452, 0.0, 0.0, 0.0, 1.0],
                [0.011691, -0.285859, -0.9582, -0.055141, -0.582672, -0.780712, 0.225798, 0.041439, -0.812622, 0.555679, -0.175689, 0.119105, 0.0, 0.0, 0.0, 1.0],
                [0.0052, -0.276883, -0.960889, -0.060928, -0.576509, -0.785971, 0.223358, 0.040372, -0.817072, 0.552803, -0.163712, 0.116233, 0.0, 0.0, 0.0, 1.0],
                [0.012749, -0.256743, -0.966395, -0.067087, -0.565439, -0.79896, 0.204799, 0.038971, -0.82469, 0.54383, -0.155358, 0.11275, 0.0, 0.0, 0.0, 1.0],
                [0.022595, -0.235662, -0.971572, -0.073938, -0.554849, -0.811372, 0.1839, 0.039489, -0.831642, 0.534924, -0.14909, 0.108399, 0.0, 0.0, 0.0, 1.0],
                [0.033695, -0.199125, -0.979394, -0.081504, -0.540218, -0.828091, 0.149776, 0.040717, -0.840849, 0.524043, -0.135473, 0.102866, 0.0, 0.0, 0.0, 1.0],
                [0.045827, -0.161659, -0.985782, -0.089306, -0.524156, -0.843955, 0.114032, 0.042323, -0.850386, 0.511481, -0.123411, 0.096196, 0.0, 0.0, 0.0, 1.0],
                [0.062354, -0.119732, -0.990846, -0.096999, -0.509258, -0.857633, 0.071587, 0.043744, -0.85835, 0.500135, -0.114451, 0.088432, 0.0, 0.0, 0.0, 1.0],
                [0.088558, -0.070267, -0.993589, -0.10428, -0.495063, -0.868686, 0.017309, 0.04454, -0.864331, 0.490359, -0.111715, 0.079707, 0.0, 0.0, 0.0, 1.0],
                [0.128109, -0.011045, -0.991698, -0.110763, -0.482341, -0.874407, -0.052571, 0.044689, -0.866564, 0.485074, -0.117346, 0.070418, 0.0, 0.0, 0.0, 1.0],
                [0.187023, 0.022285, -0.982102, -0.116193, -0.468561, -0.876667, -0.109121, 0.044026, -0.863406, 0.480585, -0.153515, 0.061059, 0.0, 0.0, 0.0, 1.0],
                [0.273445, 0.034358, -0.961273, -0.120523, -0.448488, -0.879532, -0.159014, 0.042381, -0.850931, 0.474604, -0.225094, 0.052002, 0.0, 0.0, 0.0, 1.0],
                [0.382889, 0.033369, -0.923191, -0.123991, -0.35712, -0.91631, -0.181234, 0.040201, -0.851973, 0.399084, -0.338928, 0.043001, 0.0, 0.0, 0.0, 1.0],
                [0.53138, -0.060529, -0.844967, -0.126752, -0.231457, -0.969868, -0.076083, 0.037819, -0.814899, 0.236004, -0.529377, 0.033737, 0.0, 0.0, 0.0, 1.0],
                [0.699791, -0.149212, -0.698588, -0.128799, -0.107245, -0.988805, 0.103768, 0.03572, -0.706249, 0.002304, -0.707958, 0.02427, 0.0, 0.0, 0.0, 1.0],
                [0.851927, -0.183957, -0.490283, -0.130105, -0.039122, -0.956011, 0.290718, 0.034161, -0.522194, -0.22849, -0.821647, 0.015033, 0.0, 0.0, 0.0, 1.0],
                [0.949867, -0.179223, -0.256182, -0.130762, -0.053003, -0.89984, 0.432993, 0.033347, -0.308124, -0.397709, -0.864226, 0.006302, 0.0, 0.0, 0.0, 1.0],
                [0.984885, -0.167281, -0.044904, -0.130887, -0.123246, -0.859014, 0.496899, 0.033125, -0.121695, -0.483857, -0.866645, -0.001624, 0.0, 0.0, 0.0, 1.0],
                [0.980058, -0.169768, 0.10326, -0.130667, -0.198645, -0.849881, 0.488104, 0.033511, 0.004894, -0.498885, -0.866655, -0.00822, 0.0, 0.0, 0.0, 1.0],
                [0.975426, -0.162176, 0.149136, -0.130284, -0.211049, -0.882092, 0.42116, 0.034274, 0.063249, -0.442287, -0.894641, -0.013471, 0.0, 0.0, 0.0, 1.0],
                [0.976689, -0.163411, 0.139185, -0.12985, -0.205902, -0.896477, 0.392349, 0.035355, 0.060662, -0.411864, -0.909224, -0.01766, 0.0, 0.0, 0.0, 1.0],
                [0.98038, -0.167501, 0.103903, -0.129419, -0.194855, -0.903084, 0.38272, 0.036536, 0.029727, -0.395459, -0.918002, -0.02098, 0.0, 0.0, 0.0, 1.0],
                [0.984725, -0.167634, 0.047037, -0.128579, -0.17408, -0.943109, 0.283276, 0.048184, -0.003125, -0.287139, -0.957883, -0.046041, 0.0, 0.0, 0.0, 1.0]
            ]
        },
        {
            "name": "Leg_L",
            "time": [0.0, 0.0333, 0.0667, 0.1, 0.1667, 0.2, 0.2333, 0.2667, 0.3, 0.3333, 0.3667, 0.4, 0.4333, 0.4667, 0.5, 0.5333, 0.5667, 0.6, 0.6333, 0.6667, 0.7, 0.7333, 0.7667, 0.8, 0.8333, 0.8667, 0.9, 0.9333, 0.9667, 1.0, 1.0333, 1.0667, 1.1, 1.1333, 1.1667, 1.2, 1.2333, 1.2667, 1.3, 1.3333, 1.3667, 1.4, 1.4333, 1.4667, 1.5, 1.5333, 1.5667, 1.6, 1.6333, 1.6667, 1.8667],
            "transform": [
                [0.999999, -0.001869, 0.000577, 0.0, 0.00057, 0.560531, 0.828133, 0.37472, -0.001871, -0.828128, 0.560534, 0.0, 0.0, 0.0, 0.0, 1.0],
                [0.999999, -0.001863, 0.000597, 0.0, 0.000591, 0.578443, 0.815723, 0.37472, -0.001865, -0.815717, 0.578445, -0.0, 0.0, 0.0, 0.0, 1.0],
                [0.999999, -0.001825, 0.000705, -0.0, 0.000701, 0.67071, 0.741719, 0.37472, -0.001826, -0.741714, 0.670713, 0.0, 0.0, 0.0, 0.0, 1.0],
                [0.999999, -0.001813, 0.000734, 0.0, 0.00073, 0.694182, 0.719798, 0.37472, -0.001815, -0.719793, 0.694185, 0.0, 0.0, 0.0, 0.0, 1.0],
                [0.999999, -0.001947, 0.000202, 0.0, 0.000198, 0.203391, 0.979099, 0.37472, -0.001947, -0.979093, 0.203392, -0.0, 0.0, 0.0, 0.0, 1.0],
                [0.999999, -0.001952, 0.000142, 0.0, 0.000137, 0.142086, 0.989856, 0.37472, -0.001952, -0.98985, 0.142086, 0.0, 0.0, 0.0, 0.0, 1.0],
                [0.999999, -0.001957, 2e-05, -0.0, 1.6e-05, 0.01847, 0.999831, 0.37472, -0.001957, -0.999825, 0.01847, -0.0, 0.0, 0.0, 0.0, 1.0],
                [0.999999, -0.001946, -0.000213, 0.0, -0.000215, -0.217288, 0.976109, 0.37472, -0.001946, -0.976103, -0.217289, -0.0, 0.0, 0.0, 0.0, 1.0],
                [0.999999, -0.00192, -0.000382, 0.0, -0.000383, -0.383691, 0.923463, 0.37472, -0.001919, -0.923457, -0.383693, -0.0, 0.0, 0.0, 0.0, 1.0],
                [0.999999, -0.001915, -0.000405, -0.0, -0.000406, -0.404981, 0.914326, 0.37472, -0.001915, -0.91432, -0.404983, 0.0, 0.0, 0.0, 0.0, 1.0],
                [0.999999, -0.00195, -0.000175, -0.0, -0.000178, -0.179677, 0.983727, 0.37472, -0.001949, -0.983721, -0.179677, 0.0, 0.0, 0.0, 0.0, 1.0],
                [0.999999, -0.001946, 0.000207, 0.0, 0.000202, 0.207745, 0.978184, 0.37472, -0.001946, -0.978178, 0.207746, 0.0, 0.0, 0.0, 0.0, 1.0],
                [0.999999, -0.001919, 0.00038, -0.0, 0.000376, 0.379088, 0.925361, 0.37472, -0.00192, -0.925355, 0.37909, 0.0, 0.0, 0.0, 0.0, 1.0],
                [0.999999, -0.001899, 0.000469, 0.0, 0.000463, 0.46303, 0.886343, 0.37472, -0.001901, -0.886337, 0.463032, 0.0, 0.0, 0.0, 0.0, 1.0],
                [0.999999, -0.001877, 0.000547, -0.0, 0.000542, 0.534909, 0.84491, 0.37472, -0.001879, -0.844904, 0.534912, 0.0, 0.0, 0.0, 0.0, 1.0],
                [0.999999, -0.001864, 0.000589, -0.0, 0.000585, 0.572753, 0.819728, 0.37472, -0.001866, -0.819722, 0.572756, -0.0, 0.0, 0.0, 0.0, 1.0],
                [0.999999, -0.001862, 0.000595, 0.0, 0.00059, 0.577848, 0.816144, 0.37472, -0.001864, -0.816139, 0.57785, -0.0, 0.0, 0.0, 0.0, 1.0],
                [0.999999, -0.001865, 0.000587, -0.0, 0.000583, 0.570836, 0.821064, 0.37472, -0.001866, -0.821059, 0.570838, -0.0, 0.0, 0.0, 0.0, 1.0],
                [0.999999, -0.001871, 0.000567, 0.0, 0.000563, 0.55338, 0.832929, 0.37472, -0.001872, -0.832924, 0.553382, -0.0, 0.0, 0.0, 0.0, 1.0],
                [0.999999, -0.001879, 0.000543, 0.0, 0.000538, 0.531187, 0.847255, 0.37472, -0.00188, -0.84725, 0.531189, -0.0, 0.0, 0.0, 0.0, 1.0],
                [0.999999, -0.001886, 0.000518, 0.0, 0.000513, 0.508619, 0.860992, 0.37472, -0.001887, -0.860987, 0.508621, -0.0, 0.0, 0.0, 0.0, 1.0],
                [0.999999, -0.001892, 0.000493, -0.0, 0.000488, 0.485699, 0.874126, 0.37472, -0.001893, -0.874121, 0.485701, 0.0, 0.0, 0.0, 0.0, 1.0],
                [0.999999, -0.001896, 0.000477, -0.0, 0.000471, 0.470126, 0.8826, 0.37472, -0.001898, -0.882594, 0.470128, -0.0, 0.0, 0.0, 0.0, 1.0],
                [0.999999, -0.0019, 0.000459, 0.0, 0.000454, 0.454407, 0.890795, 0.37472, -0.001902, -0.890789, 0.454408, -0.0, 0.0, 0.0, 0.0, 1.0],
                [0.999999, -0.001905, 0.000439, 0.0, 0.000433, 0.43461, 0.90062, 0.37472, -0.001907, -0.900614, 0.434611, -0.0, 0.0, 0.0, 0.0, 1.0],
                [0.999999, -0.00191, 0.000418, 0.0, 0.000412, 0.414597, 0.910006, 0.37472, -0.001911, -0.91, 0.414598, -0.0, 0.0, 0.0, 0.0, 1.0],
                [0.999999, -0.001915, 0.000397, 0.0, 0.000391, 0.394384, 0.918947, 0.37472, -0.001916, -0.918941, 0.394386, 0.0, 0.0, 0.0, 0.0, 1.0],
                [0.999999, -0.001918, 0.000379, 0.0, 0.000373, 0.377541, 0.925994, 0.37472, -0.001919, -0.925988, 0.377543, -0.0, 0.0, 0.0, 0.0, 1.0],
                [0.999999, -0.001921, 0.000367, 0.0, 0.00036, 0.365146, 0.930951, 0.37472, -0.001922, -0.930945, 0.365147, 0.0, 0.0, 0.0, 0.0, 1.0],
                [0.999999, -0.001922, 0.000361, -0.0, 0.000355, 0.359685, 0.933075, 0.37472, -0.001923, -0.933069, 0.359686, -0.0, 0.0, 0.0, 0.0, 1.0],
                [0.999999, -0.001922, 0.000364, 0.0, 0.000358, 0.362808, 0.931865, 0.37472, -0.001923, -0.931859, 0.362809, -0.0, 0.0, 0.0, 0.0, 1.0],
                [0.999999, -0.001919, 0.000379, 0.0, 0.000372, 0.376769, 0.926308, 0.37472, -0.00192, -0.926302, 0.376771, 0.0, 0.0, 0.0, 0.0, 1.0],
                [0.999999, -0.001913, 0.000408, 0.0, 0.000402, 0.404981, 0.914326, 0.37472, -0.001914, -0.91432, 0.404983, 0.0, 0.0, 0.0, 0.0, 1.0],
                [0.999999, -0.0019, 0.000464, 0.0, 0.000457, 0.457287, 0.88932, 0.37472, -0.001902, -0.889314, 0.457289, -0.0, 0.0, 0.0, 0.0, 1.0],
