{
  "animation": [
    {
      "name": "Root",
      "time": [0.0, 1.3335, 2.6667],
      "transform": [
        [1.0, 0.0, 0.0, -5e-06, 0.0, 0.0, -1.0, 0.000946, 0.0, 1.0, 0.0, 0.631034, 0.0, 0.0, 0.0, 1.0],
        [1.0, 0.0, 0.0, -5e-06, 0.0, 0.0, -1.0, 0.000946, 0.0, 1.0, 0.0, 0.637299, 0.0, 0.0, 0.0, 1.0],
        [1.0, 0.0, 0.0, -5e-06, 0.0, 0.0, -1.0, 0.000946, 0.0, 1.0, 0.0, 0.631034, 0.0, 0.0, 0.0, 1.0]
      ]
    },
    {
      "name": "Thigh_R",
      "time": [0.0, 1.3335, 2.6667],
      "transform": [
        [0.781804, 0.605142, 0.150285, 0.124994, 0.414056, -0.684066, 0.600509, -0.002831, 0.466198, -0.407254, -0.785369, -1.2e-05, 0.0, 0.0, 0.0, 1.0],
        [0.781804, 0.600703, 0.167147, 0.124994, 0.414056, -0.700591, 0.581146, -0.002831, 0.466198, -0.385134, -0.796449, -1.2e-05, 0.0, 0.0, 0.0, 1.0],
        [0.781804, 0.605142, 0.150285, 0.124994, 0.414056, -0.684066, 0.600509, -0.002831, 0.466198, -0.407254, -0.785369, -1.2e-05, 0.0, 0.0, 0.0, 1.0]
      ]
    },
    {
      "name": "Leg_R",
      "time": [0.0, 1.3335, 2.6667],
      "transform": [
        [0.981254, -0.192677, 0.004092, 0.0, 0.117094, 0.612927, 0.781415, 0.37472, -0.153069, -0.766287, 0.623998, 0.0, 0.0, 0.0, 0.0, 1.0],
        [0.981254, -0.192292, 0.012848, 0.0, 0.117094, 0.647817, 0.752743, 0.37472, -0.153069, -0.737127, 0.658189, -0.0, 0.0, 0.0, 0.0, 1.0],
        [0.981254, -0.192677, 0.004092, 0.0, 0.117094, 0.612927, 0.781415, 0.37472, -0.153069, -0.766287, 0.623998, 0.0, 0.0, 0.0, 0.0, 1.0]
      ]
    },
    {
      "name": "Knee_R",
      "time": [0.0, 1.3335, 2.6667],
      "transform": [
        [0.994136, 0.032986, 0.102978, 0.0, 0.080571, 0.409181, -0.908889, 0.37472, -0.072117, 0.911857, 0.404124, 0.0, 0.0, 0.0, 0.0, 1.0],
        [0.994137, 0.032986, 0.102978, 0.0, 0.080571, 0.409181, -0.908889, 0.37472, -0.072117, 0.911857, 0.404124, -0.0, 0.0, 0.0, 0.0, 1.0],
        [0.994136, 0.032986, 0.102978, 0.0, 0.080571, 0.409181, -0.908889, 0.37472, -0.072117, 0.911857, 0.404124, 0.0, 0.0, 0.0, 0.0, 1.0]
      ]
    },
    {
      "name": "Thigh_L",
      "time": [0.0, 1.3335, 2.6667],
      "transform": [
        [0.823288, -0.545981, -0.155249, -0.125006, -0.335197, -0.68836, 0.643275, -0.002831, -0.458083, -0.477561, -0.74973, -1.2e-05, 0.0, 0.0, 0.0, 1.0],
        [0.823288, -0.542535, -0.166892, -0.125006, -0.335196, -0.701962, 0.628404, -0.002831, -0.458083, -0.461415, -0.759773, -1.2e-05, 0.0, 0.0, 0.0, 1.0],
        [0.823288, -0.545981, -0.155249, -0.125006, -0.335197, -0.68836, 0.643275, -0.002831, -0.458083, -0.477561, -0.74973, -1.2e-05, 0.0, 0.0, 0.0, 1.0]
      ]
    },
    {
      "name": "Leg_L",
      "time": [0.0, 1.3335, 2.6667],
      "transform": [
        [0.971851, 0.200236, 0.12414, -0.0, -0.221609, 0.598106, 0.770168, 0.37472, 0.079966, -0.775999, 0.625644, -0.0, 0.0, 0.0, 0.0, 1.0],
        [0.971851, 0.202914, 0.119713, -0.0, -0.221609, 0.614876, 0.756847, 0.37472, 0.079966, -0.762072, 0.642535, -0.0, 0.0, 0.0, 0.0, 1.0],
        [0.971851, 0.200236, 0.12414, -0.0, -0.221609, 0.598106, 0.770168, 0.37472, 0.079966, -0.775999, 0.625644, -0.0, 0.0, 0.0, 0.0, 1.0]
      ]
    },
    {
      "name": "Knee_L",
      "time": [0.0, 1.3335, 2.6667],
      "transform": [
        [0.993007, 0.088692, -0.077914, -0.0, -0.107201, 0.401012, -0.909778, 0.37472, -0.049445, 0.911769, 0.407716, -0.0, 0.0, 0.0, 0.0, 1.0],
        [0.993007, 0.088692, -0.077914, -0.0, -0.107201, 0.401012, -0.909779, 0.37472, -0.049445, 0.911769, 0.407716, -0.0, 0.0, 0.0, 0.0, 1.0],
        [0.993007, 0.088692, -0.077914, -0.0, -0.107201, 0.401012, -0.909778, 0.37472, -0.049445, 0.911769, 0.407716, -0.0, 0.0, 0.0, 0.0, 1.0]
      ]
    },
    {
      "name": "Torso",
      "time": [0.0, 1.3335, 2.6667],
      "transform": [
        [0.981458, -0.002053, -0.191668, 0.0, 0.010338, 0.999054, 0.042236, 0.05, 0.1914, -0.043435, 0.980551, 0.0, 0.0, 0.0, 0.0, 1.0],
        [0.981458, -0.002053, -0.191668, 0.0, 0.010338, 0.999054, 0.042236, 0.05, 0.1914, -0.043435, 0.980551, 0.0, 0.0, 0.0, 0.0, 1.0],
        [0.981458, -0.002053, -0.191668, 0.0, 0.010338, 0.999054, 0.042236, 0.05, 0.1914, -0.043435, 0.980551, 0.0, 0.0, 0.0, 0.0, 1.0]
      ]
    },
    {
      "name": "Chest",
      "time": [0.0, 1.3335, 2.6667],
      "transform": [
        [0.781931, 0.048381, -0.621485, -0.0, 0.117735, 0.967578, 0.223454, 0.3, 0.612146, -0.247896, 0.750882, 0.0, 0.0, 0.0, 0.0, 1.0],
        [0.8214, 0.029618, -0.569583, -0.0, 0.113784, 0.970067, 0.214531, 0.3, 0.558888, -0.241025, 0.793443, 0.0, 0.0, 0.0, 0.0, 1.0],
        [0.781931, 0.048381, -0.621485, -0.0, 0.117735, 0.967578, 0.223454, 0.3, 0.612146, -0.247896, 0.750882, 0.0, 0.0, 0.0, 0.0, 1.0]
      ]
    },
    {
      "name": "Head",
      "time": [0.0, 1.3335, 2.6667],
      "transform": [
        [0.653217, 0.131733, 0.745624, -0.0, 0.110683, 0.957558, -0.266142, 0.4, -0.749038, 0.256376, 0.610912, -0.0, 0.0, 0.0, 0.0, 1.0],
        [0.69849, 0.131069, 0.703514, -0.0, 0.094892, 0.957439, -0.272591, 0.4, -0.7093, 0.25716, 0.656324, -0.0, 0.0, 0.0, 0.0, 1.0],
        [0.653217, 0.131733, 0.745624, -0.0, 0.110683, 0.957558, -0.266142, 0.4, -0.749038, 0.256376, 0.610912, -0.0, 0.0, 0.0, 0.0, 1.0]
      ]
    },
    {
      "name": "Shoulder_R",
      "time": [0.0, 1.3335, 2.6667],
      "transform": [
        [-0.389145, 0.891126, 0.233366, -0.0, 0.009516, -0.249432, 0.968346, 0.4, 0.921127, 0.379048, 0.088585, -0.0, 0.0, 0.0, 0.0, 1.0],
        [-0.389145, 0.891126, 0.233366, -0.0, 0.009516, -0.249432, 0.968346, 0.4, 0.921127, 0.379048, 0.088585, -0.0, 0.0, 0.0, 0.0, 1.0],
        [-0.389145, 0.891126, 0.233366, -0.0, 0.009516, -0.249432, 0.968346, 0.4, 0.921127, 0.379048, 0.088585, -0.0, 0.0, 0.0, 0.0, 1.0]
      ]
    },
    {
      "name": "Arm_R",
      "time": [0.0, 1.3335, 2.6667],
      "transform": [
        [0.044778, -0.027633, -0.998615, 0.0, -0.416691, 0.907992, -0.04381, 0.393861, 0.907945, 0.418076, 0.029144, -0.0, 0.0, 0.0, 0.0, 1.0],
        [0.058809, -0.026079, -0.997929, 0.0, -0.395499, 0.917249, -0.047277, 0.39386, 0.916581, 0.39746, 0.043628, 0.0, 0.0, 0.0, 0.0, 1.0],
        [0.044778, -0.027633, -0.998615, 0.0, -0.416691, 0.907992, -0.04381, 0.393861, 0.907945, 0.418076, 0.029144, -0.0, 0.0, 0.0, 0.0, 1.0]
      ]
    },
    {
      "name": "Hand_R",
      "time": [0.0, 1.3335, 2.6667],
      "transform": [
        [0.967091, 0.076611, 0.242624, -0.0, 0.220036, 0.226961, -0.948722, 0.3, -0.127749, 0.970886, 0.202635, 0.0, 0.0, 0.0, 0.0, 1.0],
        [0.978605, 0.059357, 0.197, -0.0, 0.179757, 0.219159, -0.958987, 0.3, -0.100097, 0.973882, 0.203801, 0.0, 0.0, 0.0, 0.0, 1.0],
        [0.967091, 0.076611, 0.242624, -0.0, 0.220036, 0.226961, -0.948722, 0.3, -0.127749, 0.970886, 0.202635, 0.0, 0.0, 0.0, 0.0, 1.0]
      ]
    },
    {
      "name": "Tool_R",
      "time": [0.0, 1.3335, 2.6667],
      "transform": [
        [0.989149, -2.2e-05, -0.146916, -0.0, -0.038669, -0.96478, -0.260201, 0.272858, -0.141652, 0.262892, -0.95375, -0.0, 0.0, 0.0, 0.0, 1.0],
        [0.989683, 0.016074, -0.142372, -0.0, -0.031828, -0.944193, -0.32785, 0.272858, -0.139615, 0.328794, -0.933391, 0.0, 0.0, 0.0, 0.0, 1.0],
        [0.989149, -2.2e-05, -0.146916, -0.0, -0.038669, -0.96478, -0.260201, 0.272858, -0.141652, 0.262892, -0.95375, -0.0, 0.0, 0.0, 0.0, 1.0]
      ]
    },
    {
      "name": "Elbow_R",
      "time": [0.0, 1.3335, 2.6667],
      "transform": [
        [-0.991789, -0.11996, 0.044331, -0.0, -0.108591, 0.606818, -0.787388, 0.3, 0.067554, -0.785737, -0.614861, 0.0, 0.0, 0.0, 0.0, 1.0],
        [-0.991788, -0.11996, 0.044331, -0.0, -0.108591, 0.606817, -0.787388, 0.3, 0.067554, -0.785737, -0.614861, 0.0, 0.0, 0.0, 0.0, 1.0],
        [-0.991789, -0.11996, 0.044331, -0.0, -0.108591, 0.606818, -0.787388, 0.3, 0.067554, -0.785737, -0.614861, 0.0, 0.0, 0.0, 0.0, 1.0]
      ]
    },
    {
      "name": "Shoulder_L",
      "time": [0.0, 1.3335, 2.6667],
      "transform": [
        [0.258163, -0.950265, -0.174206, -0.0, 0.037875, -0.170224, 0.984677, 0.4, -0.965359, -0.260805, -0.007954, -0.0, 0.0, 0.0, 0.0, 1.0],
        [0.258163, -0.950265, -0.174206, -0.0, 0.037875, -0.170224, 0.984677, 0.4, -0.965359, -0.260805, -0.007954, -0.0, 0.0, 0.0, 0.0, 1.0],
        [0.258163, -0.950265, -0.174206, -0.0, 0.037875, -0.170224, 0.984677, 0.4, -0.965359, -0.260805, -0.007954, -0.0, 0.0, 0.0, 0.0, 1.0]
      ]
    },
    {
      "name": "Arm_L",
      "time": [0.0, 1.3335, 2.6667],
      "transform": [
        [0.695471, 0.662875, 0.277341, -0.0, -0.695187, 0.718346, 0.02635, 0.39386, -0.18176, -0.21113, 0.96041, -0.0, 0.0, 0.0, 0.0, 1.0],
        [0.693977, 0.66879, 0.266674, 0.0, -0.696674, 0.717247, 0.014205, 0.39386, -0.181772, -0.195643, 0.963682, -0.0, 0.0, 0.0, 0.0, 1.0],
        [0.695471, 0.662875, 0.277341, -0.0, -0.695187, 0.718346, 0.02635, 0.39386, -0.18176, -0.21113, 0.96041, -0.0, 0.0, 0.0, 0.0, 1.0]
      ]
    },
    {
      "name": "Hand_L",
      "time": [0.0, 1.3335, 2.6667],
      "transform": [
        [1.0, 0.0, 0.0, -0.0, -0.0, 0.999708, 0.024191, 0.3, -0.0, -0.024191, 0.999707, 0.0, 0.0, 0.0, 0.0, 1.0],
        [1.0, 0.0, 0.0, 0.0, -0.0, 0.999708, 0.024191, 0.3, -0.0, -0.024191, 0.999707, 0.0, 0.0, 0.0, 0.0, 1.0],
        [1.0, 0.0, 0.0, -0.0, -0.0, 0.999708, 0.024191, 0.3, -0.0, -0.024191, 0.999707, 0.0, 0.0, 0.0, 0.0, 1.0]
      ]
    },
    {
      "name": "Tool_L",
      "time": [0.0, 1.3335, 2.6667],
      "transform": [
        [0.929705, 0.339178, 0.143549, 0.0, 0.270411, -0.89323, 0.359191, 0.272858, 0.249908, -0.29496, -0.921612, -0.0, 0.0, 0.0, 0.0, 1.0],
        [0.952537, 0.281777, 0.115216, 0.0, 0.226323, -0.908605, 0.351019, 0.272858, 0.203478, -0.308111, -0.928702, -0.0, 0.0, 0.0, 0.0, 1.0],
        [0.929705, 0.339178, 0.143549, 0.0, 0.270411, -0.89323, 0.359191, 0.272858, 0.249908, -0.29496, -0.921612, -0.0, 0.0, 0.0, 0.0, 1.0]
      ]
    },
    {
      "name": "Elbow_L",
      "time": [0.0, 1.3335, 2.6667],
      "transform": [
        [-1.0, 0.0, -0.0, -0.0, 0.0, -0.0, -1.0, 0.3, -0.0, -1.0, -0.0, 0.0, 0.0, 0.0, 0.0, 1.0],
        [-1.0, 0.0, -0.0, 0.0, 0.0, -0.0, -1.0, 0.3, -0.0, -1.0, 0.0, 0.0, 0.0, 0.0, 0.0, 1.0],
        [-1.0, 0.0, -0.0, -0.0, 0.0, -0.0, -1.0, 0.3, -0.0, -1.0, -0.0, 0.0, 0.0, 0.0, 0.0, 1.0]
      ]
    }
  ]
}