{
    "animation": [
        {
            "name": "Root",
            "time": [0.0, 1.8667, 3.6667, 3.6833],
            "transform": [
                [0.999086, 0.031643, -0.028749, 1.8e-05, 0.031752, -0.99949, 0.003324, 0.013358, -0.028629, -0.004234, -0.999581, 0.125654, 0.0, 0.0, 0.0, 1.0],
                [0.999086, 0.030894, -0.029553, 1.8e-05, 0.031752, -0.999075, 0.029015, 0.013358, -0.028629, -0.029927, -0.999142, 0.125654, 0.0, 0.0, 0.0, 1.0],
                [0.999086, 0.031643, -0.028749, 1.8e-05, 0.031752, -0.99949, 0.003324, 0.013358, -0.028629, -0.004234, -0.999581, 0.125654, 0.0, 0.0, 0.0, 1.0],
                [0.999086, 0.031643, -0.028749, 1.8e-05, 0.031752, -0.99949, 0.003324, 0.013358, -0.028629, -0.004234, -0.999581, 0.125654, 0.0, 0.0, 0.0, 1.0]
            ]
        },
        {
            "name": "Thigh_R",
            "time": [0.0, 1.8667, 3.6667, 3.6833],
            "transform": [
                [0.99532, -0.094349, -0.020883, 0.124994, -0.093575, -0.994984, 0.035348, -0.002831, -0.024114, -0.033228, -0.999157, -1.2e-05, 0.0, 0.0, 0.0, 1.0],
                [0.99532, -0.092735, -0.027166, 0.124994, -0.093576, -0.995114, -0.03148, -0.002831, -0.024114, 0.033875, -0.999136, -1.2e-05, 0.0, 0.0, 0.0, 1.0],
                [0.99532, -0.094349, -0.020883, 0.124994, -0.093575, -0.994984, 0.035348, -0.002831, -0.024114, -0.033228, -0.999157, -1.2e-05, 0.0, 0.0, 0.0, 1.0],
                [0.99532, -0.094349, -0.020883, 0.124994, -0.093575, -0.994984, 0.035348, -0.002831, -0.024114, -0.033228, -0.999157, -1.2e-05, 0.0, 0.0, 0.0, 1.0]
            ]
        },
        {
            "name": "Leg_R",
            "time": [0.0, 1.8667, 3.6667, 3.6833],
            "transform": [
                [1.0, -0.0, 1e-06, 0.0, -0.0, 0.997612, 0.069073, 0.374726, -1e-06, -0.069073, 0.997611, 0.0, 0.0, 0.0, 0.0, 1.0],
                [1.0, -0.0, 1e-06, -0.0, -0.0, 0.99958, 0.029003, 0.374726, -1e-06, -0.029003, 0.999579, -0.0, 0.0, 0.0, 0.0, 1.0],
                [1.0, -0.0, 1e-06, 0.0, -0.0, 0.997612, 0.069073, 0.374726, -1e-06, -0.069073, 0.997611, 0.0, 0.0, 0.0, 0.0, 1.0],
                [1.0, -0.0, 1e-06, 0.0, -0.0, 0.997612, 0.069073, 0.374726, -1e-06, -0.069073, 0.997611, 0.0, 0.0, 0.0, 0.0, 1.0]
            ]
        },
        {
            "name": "Knee_R",
            "time": [0.0, 1.8667, 3.6667, 3.6833],
            "transform": [
                [1.0, 0.0, 0.0, -0.0, 0.0, 1e-06, -1.0, 0.37472, -0.0, 1.0, 1e-06, -0.0, 0.0, 0.0, 0.0, 1.0],
                [1.0, -0.0, -0.0, 0.0, -0.0, 1e-06, -1.0, 0.37472, 0.0, 1.0, 1e-06, 0.0, 0.0, 0.0, 0.0, 1.0],
                [1.0, 0.0, 0.0, -0.0, 0.0, 1e-06, -1.0, 0.37472, -0.0, 1.0, 1e-06, -0.0, 0.0, 0.0, 0.0, 1.0],
                [1.0, 0.0, 0.0, -0.0, 0.0, 1e-06, -1.0, 0.37472, -0.0, 1.0, 1e-06, -0.0, 0.0, 0.0, 0.0, 1.0]
            ]
        },
        {
            "name": "Thigh_L",
            "time": [0.0, 1.8667, 3.6667, 3.6833],
            "transform": [
                [0.813687, 0.236661, -0.530947, -0.148487, 0.468892, -0.807075, 0.358844, 0.014878, -0.34359, -0.540944, -0.767675, -0.042936, 0.0, 0.0, 0.0, 1.0],
                [0.813687, 0.217365, -0.539134, -0.144933, 0.468892, -0.793613, 0.387709, 0.033369, -0.343589, -0.568269, -0.747674, -0.050669, 0.0, 0.0, 0.0, 1.0],
                [0.813687, 0.236661, -0.530947, -0.148487, 0.468892, -0.807075, 0.358844, 0.014878, -0.34359, -0.540944, -0.767675, -0.042936, 0.0, 0.0, 0.0, 1.0],
                [0.813687, 0.236661, -0.530947, -0.148487, 0.468892, -0.807075, 0.358844, 0.014878, -0.34359, -0.540944, -0.767675, -0.042936, 0.0, 0.0, 0.0, 1.0]
            ]
        },
        {
            "name": "Leg_L",
            "time": [0.0, 1.8667, 3.6667, 3.6833],
            "transform": [
                [0.998576, 0.049464, 0.01997, -0.0, -0.051599, 0.800761, 0.596757, 0.374726, 0.013527, -0.596937, 0.802174, -0.0, 0.0, 0.0, 0.0, 1.0],
                [0.998576, 0.045741, 0.027444, -0.0, -0.051599, 0.697818, 0.714414, 0.374726, 0.013527, -0.714812, 0.699185, -0.0, 0.0, 0.0, 0.0, 1.0],
                [0.998576, 0.049464, 0.01997, -0.0, -0.051599, 0.800761, 0.596757, 0.374726, 0.013527, -0.596937, 0.802174, -0.0, 0.0, 0.0, 0.0, 1.0],
                [0.998576, 0.049464, 0.01997, -0.0, -0.051599, 0.800761, 0.596757, 0.374726, 0.013527, -0.596937, 0.802174, -0.0, 0.0, 0.0, 0.0, 1.0]
            ]
        },
        {
            "name": "Knee_L",
            "time": [0.0, 1.8667, 3.6667, 3.6833],
            "transform": [
                [1.0, 0.0, 0.0, -0.0, -0.0, 1e-06, -1.0, 0.37472, -0.0, 1.0, 1e-06, 0.0, 0.0, 0.0, 0.0, 1.0],
                [1.0, -0.0, -0.0, 0.0, -0.0, 1e-06, -1.0, 0.37472, -0.0, 1.0, 1e-06, -0.0, 0.0, 0.0, 0.0, 1.0],
                [1.0, 0.0, 0.0, -0.0, -0.0, 1e-06, -1.0, 0.37472, -0.0, 1.0, 1e-06, 0.0, 0.0, 0.0, 0.0, 1.0],
                [1.0, 0.0, 0.0, -0.0, -0.0, 1e-06, -1.0, 0.37472, -0.0, 1.0, 1e-06, 0.0, 0.0, 0.0, 0.0, 1.0]
            ]
        },
        {
            "name": "Torso",
            "time": [0.0, 1.8667, 3.6667, 3.6833],
            "transform": [
                [0.999042, -0.042919, -0.008521, 0.0, 0.04367, 0.990263, 0.132181, 0.05, 0.002765, -0.132426, 0.991189, 0.0, 0.0, 0.0, 0.0, 1.0],
                [0.999042, -0.042919, -0.008521, -0.0, 0.04367, 0.990263, 0.132181, 0.05, 0.002765, -0.132426, 0.991189, 0.0, 0.0, 0.0, 0.0, 1.0],
                [0.999042, -0.042919, -0.008521, 0.0, 0.04367, 0.990263, 0.132181, 0.05, 0.002765, -0.132426, 0.991189, 0.0, 0.0, 0.0, 0.0, 1.0],
                [0.999042, -0.042919, -0.008521, 0.0, 0.04367, 0.990263, 0.132181, 0.05, 0.002765, -0.132426, 0.991189, 0.0, 0.0, 0.0, 0.0, 1.0]
            ]
        },
        {
            "name": "Chest",
            "time": [0.0, 1.8667, 3.6667, 3.6833],
            "transform": [
                [0.999771, -0.021316, -0.002029, -0.0, 0.021411, 0.994316, 0.104295, 0.3, -0.000206, -0.104315, 0.994545, -0.0, 0.0, 0.0, 0.0, 1.0],
                [0.999771, -0.021268, -0.002485, 0.0, 0.021411, 0.991857, 0.125542, 0.3, -0.000206, -0.125566, 0.992085, 0.0, 0.0, 0.0, 0.0, 1.0],
                [0.999771, -0.021316, -0.002029, -0.0, 0.021411, 0.994316, 0.104295, 0.3, -0.000206, -0.104315, 0.994545, -0.0, 0.0, 0.0, 0.0, 1.0],
                [0.999771, -0.021316, -0.002029, -0.0, 0.021411, 0.994316, 0.104295, 0.3, -0.000206, -0.104315, 0.994545, -0.0, 0.0, 0.0, 0.0, 1.0]
            ]
        },
        {
            "name": "Head",
            "time": [0.0, 1.8667, 3.6667, 3.6833],
            "transform": [
                [0.998827, 0.019615, 0.044263, 0.0, -0.036148, 0.910324, 0.412316, 0.4, -0.032206, -0.413432, 0.909965, 0.0, 0.0, 0.0, 0.0, 1.0],
                [0.998827, 0.019615, 0.044263, 0.0, -0.036148, 0.910324, 0.412316, 0.4, -0.032206, -0.413432, 0.909965, -0.0, 0.0, 0.0, 0.0, 1.0],
                [0.998827, 0.019615, 0.044263, 0.0, -0.036148, 0.910324, 0.412316, 0.4, -0.032206, -0.413432, 0.909965, 0.0, 0.0, 0.0, 0.0, 1.0],
                [0.998827, 0.019615, 0.044263, 0.0, -0.036148, 0.910324, 0.412316, 0.4, -0.032206, -0.413432, 0.909965, 0.0, 0.0, 0.0, 0.0, 1.0]
            ]
        },
        {
            "name": "Shoulder_R",
            "time": [0.0, 1.8667, 3.6667, 3.6833],
            "transform": [
                [0.006683, 0.988919, -0.148308, 0.0, 0.086967, 0.147174, 0.98528, 0.4, 0.996189, -0.019483, -0.08502, 0.0, 0.0, 0.0, 0.0, 1.0],
                [0.006683, 0.988919, -0.148308, 0.0, 0.086967, 0.147174, 0.98528, 0.4, 0.996189, -0.019483, -0.08502, -0.0, 0.0, 0.0, 0.0, 1.0],
                [0.006683, 0.988919, -0.148308, 0.0, 0.086967, 0.147174, 0.98528, 0.4, 0.996189, -0.019483, -0.08502, 0.0, 0.0, 0.0, 0.0, 1.0],
                [0.006683, 0.988919, -0.148308, 0.0, 0.086967, 0.147174, 0.98528, 0.4, 0.996189, -0.019483, -0.08502, 0.0, 0.0, 0.0, 0.0, 1.0]
            ]
        },
        {
            "name": "Arm_R",
            "time": [0.0, 1.8667, 3.6667, 3.6833],
            "transform": [
                [0.857364, 0.514191, -0.023126, -0.0, -0.090151, 0.105779, -0.990295, 0.39386, -0.506754, 0.851128, 0.137046, -0.0, 0.0, 0.0, 0.0, 1.0],
                [0.857364, 0.51373, 0.031755, 0.0, -0.090151, 0.210621, -0.973402, 0.393861, -0.506754, 0.831697, 0.226892, 0.0, 0.0, 0.0, 0.0, 1.0],
                [0.857364, 0.514191, -0.023126, -0.0, -0.090151, 0.105779, -0.990295, 0.39386, -0.506754, 0.851128, 0.137046, -0.0, 0.0, 0.0, 0.0, 1.0],
                [0.857364, 0.514191, -0.023126, -0.0, -0.090151, 0.105779, -0.990295, 0.39386, -0.506754, 0.851128, 0.137046, -0.0, 0.0, 0.0, 0.0, 1.0]
            ]
        },
        {
            "name": "Hand_R",
            "time": [0.0, 1.8667, 3.6667, 3.6833],
            "transform": [
                [0.999998, 0.000272, 0.001803, -0.0, 0.000868, 0.798529, -0.601955, 0.300003, -0.001603, 0.601956, 0.798528, -0.0, 0.0, 0.0, 0.0, 1.0],
                [0.999998, 0.000865, 0.001605, 0.0, 0.000868, 0.548192, -0.836352, 0.300002, -0.001603, 0.836352, 0.54819, -0.0, 0.0, 0.0, 0.0, 1.0],
                [0.999998, 0.000272, 0.001803, -0.0, 0.000868, 0.798529, -0.601955, 0.300003, -0.001603, 0.601956, 0.798528, -0.0, 0.0, 0.0, 0.0, 1.0],
                [0.999998, 0.000272, 0.001803, -0.0, 0.000868, 0.798529, -0.601955, 0.300003, -0.001603, 0.601956, 0.798528, -0.0, 0.0, 0.0, 0.0, 1.0]
            ]
        },
        {
            "name": "Tool_R",
            "time": [0.0, 3.6833],
            "transform": [
                [0.0, 0.0, 0.0, 0.015054, 0.0, 0.0, 0.0, 0.243316, 0.0, 0.0, 0.0, 0.024459, 0.0, 0.0, 0.0, 1.0],
                [0.0, 0.0, 0.0, 0.015054, 0.0, 0.0, 0.0, 0.243316, 0.0, 0.0, 0.0, 0.024459, 0.0, 0.0, 0.0, 1.0]
            ]
        },
        {
            "name": "Elbow_R",
            "time": [0.0, 1.8667, 3.6667, 3.6833],
            "transform": [
                [-1.0, 0.0, -0.0, -0.0, 0.0, -0.0, -1.0, 0.341622, -0.0, -1.0, -0.0, -0.0, 0.0, 0.0, 0.0, 1.0],
                [-1.0, 0.0, 0.0, 0.0, 0.0, -0.0, -1.0, 0.341622, -0.0, -1.0, -0.0, -0.0, 0.0, 0.0, 0.0, 1.0],
                [-1.0, 0.0, -0.0, -0.0, 0.0, -0.0, -1.0, 0.341622, -0.0, -1.0, -0.0, -0.0, 0.0, 0.0, 0.0, 1.0],
                [-1.0, 0.0, -0.0, -0.0, 0.0, -0.0, -1.0, 0.341622, -0.0, -1.0, -0.0, -0.0, 0.0, 0.0, 0.0, 1.0]
            ]
        },
        {
            "name": "Shoulder_L",
            "time": [0.0, 1.8667, 3.6667, 3.6833],
            "transform": [
                [0.040309, -0.929213, 0.367339, 0.0, 0.041739, 0.368883, 0.928538, 0.4, -0.998315, -0.022096, 0.053653, 0.0, 0.0, 0.0, 0.0, 1.0],
                [0.040309, -0.929213, 0.367339, 0.0, 0.041739, 0.368883, 0.928538, 0.4, -0.998315, -0.022096, 0.053653, -0.0, 0.0, 0.0, 0.0, 1.0],
                [0.040309, -0.929213, 0.367339, 0.0, 0.041739, 0.368883, 0.928538, 0.4, -0.998315, -0.022096, 0.053653, 0.0, 0.0, 0.0, 0.0, 1.0],
                [0.040309, -0.929213, 0.367339, 0.0, 0.041739, 0.368883, 0.928538, 0.4, -0.998315, -0.022096, 0.053653, 0.0, 0.0, 0.0, 0.0, 1.0]
            ]
        },
        {
            "name": "Arm_L",
            "time": [0.0, 1.8667, 3.6667, 3.6833],
            "transform": [
                [0.474017, -0.489769, 0.731733, 0.0, 0.749014, -0.212607, -0.627516, 0.39386, 0.46291, 0.845532, 0.266065, -0.0, 0.0, 0.0, 0.0, 1.0],
                [0.474017, -0.544163, 0.692238, -0.0, 0.749014, -0.164117, -0.641906, 0.39386, 0.46291, 0.822771, 0.329792, -0.0, 0.0, 0.0, 0.0, 1.0],
                [0.474017, -0.489769, 0.731733, 0.0, 0.749014, -0.212607, -0.627516, 0.39386, 0.46291, 0.845532, 0.266065, -0.0, 0.0, 0.0, 0.0, 1.0],
                [0.474017, -0.489769, 0.731733, 0.0, 0.749014, -0.212607, -0.627516, 0.39386, 0.46291, 0.845532, 0.266065, -0.0, 0.0, 0.0, 0.0, 1.0]
            ]
        },
        {
            "name": "Hand_L",
            "time": [0.0, 1.8667, 3.6667, 3.6833],
            "transform": [
                [0.999993, -0.002642, -0.002727, 0.0, 0.000938, 0.867913, -0.496716, 0.300003, 0.003679, 0.49671, 0.867909, 0.0, 0.0, 0.0, 0.0, 1.0],
                [0.999993, -0.002958, -0.002381, 0.0, 0.000938, 0.800041, -0.599946, 0.300002, 0.003679, 0.599939, 0.800038, 0.0, 0.0, 0.0, 0.0, 1.0],
                [0.999993, -0.002642, -0.002727, 0.0, 0.000938, 0.867913, -0.496716, 0.300003, 0.003679, 0.49671, 0.867909, 0.0, 0.0, 0.0, 0.0, 1.0],
                [0.999993, -0.002642, -0.002727, 0.0, 0.000938, 0.867913, -0.496716, 0.300003, 0.003679, 0.49671, 0.867909, 0.0, 0.0, 0.0, 0.0, 1.0]
            ]
        },
        {
            "name": "Tool_L",
            "time": [0.0, 3.6833],
            "transform": [
                [0.0, 0.0, 0.0, 0.0, 0.0, 0.0, 0.0, 0.272858, 0.0, 0.0, 0.0, -0.0, 0.0, 0.0, 0.0, 1.0],
                [0.0, 0.0, 0.0, 0.0, 0.0, 0.0, 0.0, 0.272858, 0.0, 0.0, 0.0, -0.0, 0.0, 0.0, 0.0, 1.0]
            ]
        },
        {
            "name": "Elbow_L",
            "time": [0.0, 1.8667, 3.6667, 3.6833],
            "transform": [
                [-1.0, 0.0, 0.0, 2.7e-05, 0.0, 0.0, -1.0, 0.334301, 0.0, -1.0, -0.0, -0.002121, 0.0, 0.0, 0.0, 1.0],
                [-1.0, 0.0, -0.0, 2.7e-05, -0.0, -0.0, -1.0, 0.334301, -0.0, -1.0, 0.0, -0.002121, 0.0, 0.0, 0.0, 1.0],
                [-1.0, 0.0, 0.0, 2.7e-05, 0.0, 0.0, -1.0, 0.334301, 0.0, -1.0, -0.0, -0.002121, 0.0, 0.0, 0.0, 1.0],
                [-1.0, 0.0, 0.0, 2.7e-05, 0.0, 0.0, -1.0, 0.334301, 0.0, -1.0, -0.0, -0.002121, 0.0, 0.0, 0.0, 1.0]
            ]
        }
    ]
}