{
    "animation": [
        {
            "name": "Root",
            "time": [0.0, 3.6667],
            "transform": [
                [0.999086, 0.031643, -0.028749, 1.8e-05, 0.031752, -0.99949, 0.003324, 0.013358, -0.028629, -0.004234, -0.999581, 0.125654, 0.0, 0.0, 0.0, 1.0],
                [0.999086, 0.031643, -0.028749, 1.8e-05, 0.031752, -0.99949, 0.003324, 0.013358, -0.028629, -0.004234, -0.999581, 0.125654, 0.0, 0.0, 0.0, 1.0]
            ]
        },
        {
            "name": "Thigh_R",
            "time": [0.0, 1.8667, 3.6667],
            "transform": [
                [0.936013, 0.293409, -0.194401, 0.124994, 0.351895, -0.79129, 0.50003, -0.002831, -0.007114, -0.536442, -0.843907, -1.2e-05, 0.0, 0.0, 0.0, 1.0],
                [0.936013, 0.285598, -0.205704, 0.124994, 0.351895, -0.771172, 0.530533, -0.002831, -0.007114, -0.568971, -0.822327, -1.2e-05, 0.0, 0.0, 0.0, 1.0],
                [0.936013, 0.293409, -0.194401, 0.124994, 0.351895, -0.79129, 0.50003, -0.002831, -0.007114, -0.536442, -0.843907, -1.2e-05, 0.0, 0.0, 0.0, 1.0]
            ]
        },
        {
            "name": "Leg_R",
            "time": [0.0, 1.8667, 3.6667],
            "transform": [
                [1.0, -1e-06, -0.0, 0.0, -0.0, -0.164628, 0.986355, 0.374726, -1e-06, -0.986357, -0.164628, 0.0, 0.0, 0.0, 0.0, 1.0],
                [0.998649, 0.051971, -0.0, -0.0, 0.008556, -0.164405, 0.986355, 0.374726, 0.051262, -0.985024, -0.164627, 0.0, 0.0, 0.0, 0.0, 1.0],
                [1.0, -1e-06, -0.0, 0.0, -0.0, -0.164628, 0.986355, 0.374726, -1e-06, -0.986357, -0.164628, 0.0, 0.0, 0.0, 0.0, 1.0]
            ]
        },
        {
            "name": "Knee_R",
            "time": [0.0, 3.6667],
            "transform": [
                [1.0, -0.0, -0.0, 0.0, 0.0, 0.261442, -0.965219, 0.37472, -0.0, 0.965219, 0.261442, 0.0, 0.0, 0.0, 0.0, 1.0],
                [1.0, -0.0, -0.0, 0.0, 0.0, 0.261442, -0.965219, 0.37472, -0.0, 0.965219, 0.261442, 0.0, 0.0, 0.0, 0.0, 1.0]
            ]
        },
        {
            "name": "Thigh_L",
            "time": [0.0, 1.8667, 3.6667],
            "transform": [
                [0.749143, -0.312638, -0.583988, -0.158097, -0.216332, -0.948745, 0.230398, 0.013362, -0.626086, -0.046266, -0.778379, -1.9e-05, 0.0, 0.0, 0.0, 1.0],
                [0.749143, -0.327613, -0.57572, -0.158097, -0.216332, -0.942479, 0.254819, 0.013362, -0.626086, -0.066349, -0.776925, -1.9e-05, 0.0, 0.0, 0.0, 1.0],
                [0.749143, -0.312638, -0.583988, -0.158097, -0.216332, -0.948745, 0.230398, 0.013362, -0.626086, -0.046266, -0.778379, -1.9e-05, 0.0, 0.0, 0.0, 1.0]
            ]
        },
        {
            "name": "Leg_L",
            "time": [0.0, 1.8667, 3.6667],
            "transform": [
                [0.998576, 0.053343, -4e-06, -0.0, -0.051599, 0.965952, 0.253524, 0.374726, 0.013527, -0.253163, 0.967329, 0.0, 0.0, 0.0, 0.0, 1.0],
                [0.998576, 0.053258, 0.003006, -0.0, -0.051599, 0.95011, 0.307615, 0.374726, 0.013527, -0.307332, 0.951506, 0.0, 0.0, 0.0, 0.0, 1.0],
                [0.998576, 0.053343, -4e-06, -0.0, -0.051599, 0.965952, 0.253524, 0.374726, 0.013527, -0.253163, 0.967329, 0.0, 0.0, 0.0, 0.0, 1.0]
            ]
        },
        {
            "name": "Knee_L",
            "time": [0.0, 3.6667],
            "transform": [
                [1.0, -0.0, 0.0, -0.0, -0.0, 1e-06, -1.0, 0.37472, 0.0, 1.0, 1e-06, 0.0, 0.0, 0.0, 0.0, 1.0],
                [1.0, -0.0, 0.0, -0.0, -0.0, 1e-06, -1.0, 0.37472, 0.0, 1.0, 1e-06, 0.0, 0.0, 0.0, 0.0, 1.0]
            ]
        },
        {
            "name": "Torso",
            "time": [0.0, 3.6667],
            "transform": [
                [0.999042, -0.043659, -0.002924, 0.0, 0.04367, 0.99904, 0.003579, 0.05, 0.002765, -0.003704, 0.999989, 0.0, 0.0, 0.0, 0.0, 1.0],
                [0.999042, -0.043659, -0.002924, 0.0, 0.04367, 0.99904, 0.003579, 0.05, 0.002765, -0.003704, 0.999989, 0.0, 0.0, 0.0, 0.0, 1.0]
            ]
        },
        {
            "name": "Chest",
            "time": [0.0, 1.8667, 3.6667],
            "transform": [
                [0.999771, -0.021316, -0.002029, -0.0, 0.021411, 0.994316, 0.104295, 0.3, -0.000206, -0.104315, 0.994544, -0.0, 0.0, 0.0, 0.0, 1.0],
                [0.999771, -0.021256, -0.002579, -0.0, 0.021411, 0.991288, 0.129962, 0.3, -0.000206, -0.129987, 0.991516, -0.0, 0.0, 0.0, 0.0, 1.0],
                [0.999771, -0.021316, -0.002029, -0.0, 0.021411, 0.994316, 0.104295, 0.3, -0.000206, -0.104315, 0.994544, -0.0, 0.0, 0.0, 0.0, 1.0]
            ]
        },
        {
            "name": "Head",
            "time": [0.0, 3.6667],
            "transform": [
                [0.998827, 0.019615, 0.044263, -0.0, -0.036148, 0.910324, 0.412316, 0.4, -0.032206, -0.413432, 0.909965, -0.0, 0.0, 0.0, 0.0, 1.0],
                [0.998827, 0.019615, 0.044263, -0.0, -0.036148, 0.910324, 0.412316, 0.4, -0.032206, -0.413432, 0.909965, -0.0, 0.0, 0.0, 0.0, 1.0]
            ]
        },
        {
            "name": "Shoulder_R",
            "time": [0.0, 3.6667],
            "transform": [
                [0.006683, 0.934903, 0.354841, -0.0, 0.086967, -0.354047, 0.931175, 0.4, 0.996188, 0.024636, -0.083672, -0.0, 0.0, 0.0, 0.0, 1.0],
                [0.006683, 0.934903, 0.354841, -0.0, 0.086967, -0.354047, 0.931175, 0.4, 0.996188, 0.024636, -0.083672, -0.0, 0.0, 0.0, 0.0, 1.0]
            ]
        },
        {
            "name": "Arm_R",
            "time": [0.0, 1.8667, 3.6667],
            "transform": [
                [-0.761582, -0.074322, -0.643793, 0.0, 0.362223, 0.774929, -0.517956, 0.39386, 0.53739, -0.627663, -0.563251, -0.0, 0.0, 0.0, 0.0, 1.0],
                [-0.793399, -0.06606, -0.605107, -0.0, 0.336716, 0.780516, -0.526704, 0.39386, 0.50709, -0.621635, -0.597017, 0.0, 0.0, 0.0, 0.0, 1.0],
                [-0.761582, -0.074322, -0.643793, 0.0, 0.362223, 0.774929, -0.517956, 0.39386, 0.53739, -0.627663, -0.563251, -0.0, 0.0, 0.0, 0.0, 1.0]
            ]
        },
        {
            "name": "Hand_R",
            "time": [0.0, 3.6667],
            "transform": [
                [0.999998, -0.000747, 0.001663, 0.0, 0.000868, 0.997263, -0.073929, 0.300003, -0.001603, 0.073931, 0.997262, -0.0, 0.0, 0.0, 0.0, 1.0],
                [0.999998, -0.000747, 0.001663, 0.0, 0.000868, 0.997263, -0.073929, 0.300003, -0.001603, 0.073931, 0.997262, -0.0, 0.0, 0.0, 0.0, 1.0]
            ]
        },
        {
            "name": "Tool_R",
            "time": [0.0, 3.6667],
            "transform": [
                [0.0, 0.0, 0.0, 0.015054, 0.0, 0.0, 0.0, 0.243316, 0.0, 0.0, 0.0, 0.024459, 0.0, 0.0, 0.0, 1.0],
                [0.0, 0.0, 0.0, 0.015054, 0.0, 0.0, 0.0, 0.243316, 0.0, 0.0, 0.0, 0.024459, 0.0, 0.0, 0.0, 1.0]
            ]
        },
        {
            "name": "Elbow_R",
            "time": [0.0, 3.6667],
            "transform": [
                [-1.0, -0.0, 0.0, 0.0, -0.0, -0.0, -1.0, 0.341622, 0.0, -1.0, -0.0, 0.0, 0.0, 0.0, 0.0, 1.0],
                [-1.0, -0.0, 0.0, 0.0, -0.0, -0.0, -1.0, 0.341622, 0.0, -1.0, -0.0, 0.0, 0.0, 0.0, 0.0, 1.0]
            ]
        },
        {
            "name": "Shoulder_L",
            "time": [0.0, 3.6667],
            "transform": [
                [0.040309, -0.929213, 0.367339, -0.0, 0.041739, 0.368883, 0.928538, 0.4, -0.998315, -0.022096, 0.053653, -0.0, 0.0, 0.0, 0.0, 1.0],
                [0.040309, -0.929213, 0.367339, -0.0, 0.041739, 0.368883, 0.928538, 0.4, -0.998315, -0.022096, 0.053653, -0.0, 0.0, 0.0, 0.0, 1.0]
            ]
        },
        {
            "name": "Arm_L",
            "time": [0.0, 1.8667, 3.6667],
            "transform": [
                [0.474017, -0.489769, 0.731733, -0.0, 0.749014, -0.212607, -0.627516, 0.39386, 0.46291, 0.845532, 0.266065, -0.0, 0.0, 0.0, 0.0, 1.0],
                [0.456923, -0.512242, 0.727207, 0.0, 0.749251, -0.218994, -0.625032, 0.39386, 0.479421, 0.830451, 0.283734, 0.0, 0.0, 0.0, 0.0, 1.0],
                [0.474017, -0.489769, 0.731733, -0.0, 0.749014, -0.212607, -0.627516, 0.39386, 0.46291, 0.845532, 0.266065, -0.0, 0.0, 0.0, 0.0, 1.0]
            ]
        },
        {
            "name": "Hand_L",
            "time": [0.0, 3.6667],
            "transform": [
                [0.999993, -0.003292, -0.001893, 0.0, 0.000938, 0.697235, -0.716842, 0.300003, 0.003679, 0.716835, 0.697233, -0.0, 0.0, 0.0, 0.0, 1.0],
                [0.999993, -0.003292, -0.001893, 0.0, 0.000938, 0.697235, -0.716842, 0.300003, 0.003679, 0.716835, 0.697233, -0.0, 0.0, 0.0, 0.0, 1.0]
            ]
        },
        {
            "name": "Tool_L",
            "time": [0.0, 3.6667],
            "transform": [
                [0.0, 0.0, 0.0, -0.0, 0.0, 0.0, 0.0, 0.272858, 0.0, 0.0, 0.0, 0.0, 0.0, 0.0, 0.0, 1.0],
                [0.0, 0.0, 0.0, -0.0, 0.0, 0.0, 0.0, 0.272858, 0.0, 0.0, 0.0, 0.0, 0.0, 0.0, 0.0, 1.0]
            ]
        },
        {
            "name": "Elbow_L",
            "time": [0.0, 3.6667],
            "transform": [
                [-1.0, 0.0, -0.0, 2.7e-05, 0.0, 0.0, -1.0, 0.334302, 0.0, -1.0, -0.0, -0.002121, 0.0, 0.0, 0.0, 1.0],
                [-1.0, 0.0, -0.0, 2.7e-05, 0.0, 0.0, -1.0, 0.334302, 0.0, -1.0, -0.0, -0.002121, 0.0, 0.0, 0.0, 1.0]
            ]
        }
    ]
}