{
    "animation": [
        {
            "name": "Root",
            "time": [0.0, 1.9333, 3.6667],
            "transform": [
                [0.666784, 0.020307, -0.744974, -0.004801, -0.745248, 0.0209, -0.66646, -0.002772, 0.002036, 0.999575, 0.02907, 0.721948, 0.0, 0.0, 0.0, 1.0],
                [0.666784, 0.020307, -0.744974, -0.005959, -0.745248, 0.0209, -0.66646, -0.002921, 0.002036, 0.999575, 0.02907, 0.666211, 0.0, 0.0, 0.0, 1.0],
                [0.666784, 0.020307, -0.744974, -0.004801, -0.745248, 0.0209, -0.66646, -0.002772, 0.002036, 0.999575, 0.02907, 0.721948, 0.0, 0.0, 0.0, 1.0]
            ]
        },
        {
            "name": "Thigh_R",
            "time": [0.0, 1.9333, 3.6667],
            "transform": [
                [0.964472, 0.263886, 0.012553, 0.124994, 0.263992, -0.960865, -0.083942, -0.002831, -0.010089, 0.084274, -0.996392, -1.2e-05, 0.0, 0.0, 0.0, 1.0],
                [0.964472, 0.260989, -0.040963, 0.133075, 0.263992, -0.958034, 0.11171, 0.034765, -0.010089, -0.118555, -0.992897, -0.000259, 0.0, 0.0, 0.0, 1.0],
                [0.964472, 0.263886, 0.012553, 0.124994, 0.263992, -0.960865, -0.083942, -0.002831, -0.010089, 0.084274, -0.996392, -1.2e-05, 0.0, 0.0, 0.0, 1.0]
            ]
        },
        {
            "name": "Leg_R",
            "time": [0.0, 1.9333, 3.6667],
            "transform": [
                [1.0, 0.0, 1e-06, -0.0, -0.0, 0.997612, 0.069073, 0.374726, -1e-06, -0.069073, 0.997611, 0.0, 0.0, 0.0, 0.0, 1.0],
                [1.0, -0.0, 1e-06, 0.0, -0.0, 0.912317, 0.409486, 0.374726, -1e-06, -0.409486, 0.912316, -0.0, 0.0, 0.0, 0.0, 1.0],
                [1.0, 0.0, 1e-06, -0.0, -0.0, 0.997612, 0.069073, 0.374726, -1e-06, -0.069073, 0.997611, 0.0, 0.0, 0.0, 0.0, 1.0]
            ]
        },
        {
            "name": "Knee_R",
            "time": [0.0, 1.9333, 3.6667],
            "transform": [
                [1.0, -0.0, -0.0, -0.0, -0.0, 1e-06, -1.0, 0.37472, -0.0, 1.0, 1e-06, -0.0, 0.0, 0.0, 0.0, 1.0],
                [1.0, 0.0, -0.0, 0.0, -0.0, 1e-06, -1.0, 0.37472, -0.0, 1.0, 1e-06, -0.0, 0.0, 0.0, 0.0, 1.0],
                [1.0, -0.0, -0.0, -0.0, -0.0, 1e-06, -1.0, 0.37472, -0.0, 1.0, 1e-06, -0.0, 0.0, 0.0, 0.0, 1.0]
            ]
        },
        {
            "name": "Thigh_L",
            "time": [0.0, 1.9333, 3.6667],
            "transform": [
                [0.850727, -0.264592, -0.454151, -0.142855, -0.146367, -0.949132, 0.278792, 0.038363, -0.504815, -0.170703, -0.846181, -0.023617, 0.0, 0.0, 0.0, 1.0],
                [0.850728, -0.326609, -0.411811, -0.140816, -0.146367, -0.899717, 0.4112, 0.051522, -0.504815, -0.289543, -0.813219, -0.025309, 0.0, 0.0, 0.0, 1.0],
                [0.850727, -0.264592, -0.454151, -0.142855, -0.146367, -0.949132, 0.278792, 0.038363, -0.504815, -0.170703, -0.846181, -0.023617, 0.0, 0.0, 0.0, 1.0]
            ]
        },
        {
            "name": "Leg_L",
            "time": [0.0, 1.9333, 3.6667],
            "transform": [
                [0.998576, 0.053235, -0.003397, 0.0, -0.051599, 0.980122, 0.191569, 0.374726, 0.013527, -0.191121, 0.981474, -0.0, 0.0, 0.0, 0.0, 1.0],
                [0.998576, 0.051744, 0.012963, -0.0, -0.051599, 0.875354, 0.480721, 0.374726, 0.013527, -0.480705, 0.876778, 0.0, 0.0, 0.0, 0.0, 1.0],
                [0.998576, 0.053235, -0.003397, 0.0, -0.051599, 0.980122, 0.191569, 0.374726, 0.013527, -0.191121, 0.981474, -0.0, 0.0, 0.0, 0.0, 1.0]
            ]
        },
        {
            "name": "Knee_L",
            "time": [0.0, 1.9333, 3.6667],
            "transform": [
                [1.0, 0.0, 0.0, 0.0, -0.0, 1e-06, -1.0, 0.37472, -0.0, 1.0, 1e-06, 0.0, 0.0, 0.0, 0.0, 1.0],
                [1.0, 0.0, 0.0, 0.0, -0.0, 1e-06, -1.0, 0.37472, -0.0, 1.0, 1e-06, 0.0, 0.0, 0.0, 0.0, 1.0],
                [1.0, 0.0, 0.0, 0.0, -0.0, 1e-06, -1.0, 0.37472, -0.0, 1.0, 1e-06, 0.0, 0.0, 0.0, 0.0, 1.0]
            ]
        },
        {
            "name": "Torso",
            "time": [0.0, 1.9333, 3.6667],
            "transform": [
                [0.988623, -0.043673, 0.143938, -0.0, 0.043406, 0.999045, 0.005001, 0.05, -0.144019, 0.001304, 0.989574, 0.0, 0.0, 0.0, 0.0, 1.0],
                [0.988623, -0.043673, 0.143938, 0.0, 0.043406, 0.999045, 0.005001, 0.05, -0.144019, 0.001304, 0.989574, -0.0, 0.0, 0.0, 0.0, 1.0],
                [0.988623, -0.043673, 0.143938, -0.0, 0.043406, 0.999045, 0.005001, 0.05, -0.144019, 0.001304, 0.989574, 0.0, 0.0, 0.0, 0.0, 1.0]
            ]
        },
        {
            "name": "Chest",
            "time": [0.0, 1.9333, 3.6667],
            "transform": [
                [0.909625, 0.098439, 0.403599, 0.0, -0.083775, 0.995027, -0.05388, 0.3, -0.406895, 0.015199, 0.913348, -0.0, 0.0, 0.0, 0.0, 1.0],
                [0.909625, 0.082825, 0.40709, 0.0, -0.083775, 0.996364, -0.015527, 0.3, -0.406896, -0.01998, 0.913256, 0.0, 0.0, 0.0, 0.0, 1.0],
                [0.909625, 0.098439, 0.403599, 0.0, -0.083775, 0.995027, -0.05388, 0.3, -0.406895, 0.015199, 0.913348, -0.0, 0.0, 0.0, 0.0, 1.0]
            ]
        },
        {
            "name": "Head",
            "time": [0.0, 1.9333, 3.6667],
            "transform": [
                [0.964363, -0.040335, 0.26149, 0.0, 0.036163, 0.99913, 0.020751, 0.4, -0.2621, -0.010555, 0.964983, 0.0, 0.0, 0.0, 0.0, 1.0],
                [0.974893, -0.102429, 0.197715, -0.0, 0.081929, 0.990634, 0.109235, 0.4, -0.207052, -0.090294, 0.974154, 0.0, 0.0, 0.0, 0.0, 1.0],
                [0.964363, -0.040335, 0.26149, 0.0, 0.036163, 0.99913, 0.020751, 0.4, -0.2621, -0.010555, 0.964983, 0.0, 0.0, 0.0, 0.0, 1.0]
            ]
        },
        {
            "name": "Shoulder_R",
            "time": [0.0, 1.9333, 3.6667],
            "transform": [
                [-0.277883, 0.893407, 0.352994, 0.0, 0.231203, -0.294462, 0.927274, 0.4, 0.932376, 0.339287, -0.124733, 0.0, 0.0, 0.0, 0.0, 1.0],
                [-0.277883, 0.888603, 0.364918, -0.0, 0.231203, -0.306844, 0.92325, 0.4, 0.932376, 0.340926, -0.120181, 0.0, 0.0, 0.0, 0.0, 1.0],
                [-0.277883, 0.893407, 0.352994, 0.0, 0.231203, -0.294462, 0.927274, 0.4, 0.932376, 0.339287, -0.124733, 0.0, 0.0, 0.0, 0.0, 1.0]
            ]
        },
        {
            "name": "Arm_R",
            "time": [0.0, 1.9333, 3.6667],
            "transform": [
                [-0.006382, 0.003769, -0.999972, -0.0, 0.830409, 0.557145, -0.0032, 0.393861, 0.557118, -0.830407, -0.006686, -0.0, 0.0, 0.0, 0.0, 1.0],
                [-0.009523, -0.009627, -0.999908, -0.0, 0.833775, 0.551946, -0.013255, 0.39386, 0.552023, -0.833824, 0.00277, 0.0, 0.0, 0.0, 0.0, 1.0],
                [-0.006382, 0.003769, -0.999972, -0.0, 0.830409, 0.557145, -0.0032, 0.393861, 0.557118, -0.830407, -0.006686, -0.0, 0.0, 0.0, 0.0, 1.0]
            ]
        },
        {
            "name": "Hand_R",
            "time": [0.0, 1.9333, 3.6667],
            "transform": [
                [0.999998, -0.000836, 0.00162, -0.0, 0.000868, 0.999803, -0.019836, 0.300002, -0.001603, 0.019837, 0.999802, -0.0, 0.0, 0.0, 0.0, 1.0],
                [0.999998, -0.000836, 0.00162, -0.0, 0.000868, 0.999803, -0.019836, 0.300002, -0.001603, 0.019837, 0.999802, 0.0, 0.0, 0.0, 0.0, 1.0],
                [0.999998, -0.000836, 0.00162, -0.0, 0.000868, 0.999803, -0.019836, 0.300002, -0.001603, 0.019837, 0.999802, -0.0, 0.0, 0.0, 0.0, 1.0]
            ]
        },
        {
            "name": "Tool_R",
            "time": [0.0, 3.6667],
            "transform": [
                [0.0, 0.0, 0.0, 0.015054, 0.0, 0.0, 0.0, 0.243316, 0.0, 0.0, 0.0, 0.024459, 0.0, 0.0, 0.0, 1.0],
                [0.0, 0.0, 0.0, 0.015054, 0.0, 0.0, 0.0, 0.243316, 0.0, 0.0, 0.0, 0.024459, 0.0, 0.0, 0.0, 1.0]
            ]
        },
        {
            "name": "Elbow_R",
            "time": [0.0, 1.9333, 3.6667],
            "transform": [
                [-1.0, 0.0, 0.0, -0.0, 0.0, -0.0, -1.0, 0.341622, 0.0, -1.0, -0.0, 0.0, 0.0, 0.0, 0.0, 1.0],
                [-1.0, -0.0, 0.0, -0.0, 0.0, -0.0, -1.0, 0.341622, -0.0, -1.0, -0.0, 0.0, 0.0, 0.0, 0.0, 1.0],
                [-1.0, 0.0, 0.0, -0.0, 0.0, -0.0, -1.0, 0.341622, 0.0, -1.0, -0.0, 0.0, 0.0, 0.0, 0.0, 1.0]
            ]
        },
        {
            "name": "Shoulder_L",
            "time": [0.0, 1.9333, 3.6667],
            "transform": [
                [-0.195656, -0.890461, -0.410851, 0.0, -0.015208, -0.416142, 0.909172, 0.4, -0.980555, 0.184133, 0.067878, 0.0, 0.0, 0.0, 0.0, 1.0],
                [-0.195656, -0.890461, -0.410851, -0.0, -0.015208, -0.416142, 0.909172, 0.4, -0.980555, 0.184133, 0.067878, 0.0, 0.0, 0.0, 0.0, 1.0],
                [-0.195656, -0.890461, -0.410851, 0.0, -0.015208, -0.416142, 0.909172, 0.4, -0.980555, 0.184133, 0.067878, 0.0, 0.0, 0.0, 0.0, 1.0]
            ]
        },
        {
            "name": "Arm_L",
            "time": [0.0, 1.9333, 3.6667],
            "transform": [
                [-0.173922, 0.974915, -0.138895, -0.0, 0.313375, -0.078919, -0.946345, 0.39386, -0.933567, -0.208116, -0.291788, -0.0, 0.0, 0.0, 0.0, 1.0],
                [-0.209143, 0.965264, -0.156605, 0.0, 0.284146, -0.09325, -0.954236, 0.39386, -0.935692, -0.244071, -0.254773, -0.0, 0.0, 0.0, 0.0, 1.0],
                [-0.173922, 0.974915, -0.138895, -0.0, 0.313375, -0.078919, -0.946345, 0.39386, -0.933567, -0.208116, -0.291788, -0.0, 0.0, 0.0, 0.0, 1.0]
            ]
        },
        {
            "name": "Hand_L",
            "time": [0.0, 3.6667],
            "transform": [
                [0.999993, -0.003797, 4.1e-05, -0.0, 0.000938, 0.236612, -0.971604, 0.300003, 0.003679, 0.971597, 0.236613, 0.0, 0.0, 0.0, 0.0, 1.0],
                [0.999993, -0.003797, 4.1e-05, -0.0, 0.000938, 0.236612, -0.971604, 0.300003, 0.003679, 0.971597, 0.236613, 0.0, 0.0, 0.0, 0.0, 1.0]
            ]
        },
        {
            "name": "Tool_L",
            "time": [0.0, 3.6667],
            "transform": [
                [0.0, 0.0, 0.0, -0.0, 0.0, 0.0, 0.0, 0.272858, 0.0, 0.0, 0.0, -0.0, 0.0, 0.0, 0.0, 1.0],
                [0.0, 0.0, 0.0, -0.0, 0.0, 0.0, 0.0, 0.272858, 0.0, 0.0, 0.0, -0.0, 0.0, 0.0, 0.0, 1.0]
            ]
        },
        {
            "name": "Elbow_L",
            "time": [0.0, 1.9333, 3.6667],
            "transform": [
                [-1.0, 0.0, -0.0, 2.7e-05, 0.0, 0.567032, -0.823696, 0.334301, -0.0, -0.823696, -0.567032, -0.002121, 0.0, 0.0, 0.0, 1.0],
                [-1.0, 0.0, 0.0, 2.7e-05, 0.0, 0.567032, -0.823696, 0.334301, -0.0, -0.823696, -0.567032, -0.002121, 0.0, 0.0, 0.0, 1.0],
                [-1.0, 0.0, -0.0, 2.7e-05, 0.0, 0.567032, -0.823696, 0.334301, -0.0, -0.823696, -0.567032, -0.002121, 0.0, 0.0, 0.0, 1.0]
            ]
        }
    ]
}