{
    "animation": [
        {
            "name": "Root",
            "time": [0.0, 3.6667],
            "transform": [
                [0.826927, 0.045422, -0.560471, -0.048461, -0.486692, -0.441415, -0.753846, -0.024458, -0.281641, 0.896153, -0.342912, 0.136368, 0.0, 0.0, 0.0, 1.0],
                [0.826927, 0.045422, -0.560471, -0.048461, -0.486692, -0.441415, -0.753846, -0.024458, -0.281641, 0.896153, -0.342912, 0.136368, 0.0, 0.0, 0.0, 1.0]
            ]
        },
        {
            "name": "Thigh_R",
            "time": [0.0, 3.6667],
            "transform": [
                [0.911997, -0.283597, -0.296366, 0.124994, 0.179623, -0.373439, 0.910099, -0.002831, -0.368776, -0.883242, -0.289635, -1.2e-05, 0.0, 0.0, 0.0, 1.0],
                [0.911997, -0.283597, -0.296366, 0.124994, 0.179623, -0.373439, 0.910099, -0.002831, -0.368776, -0.883242, -0.289635, -1.2e-05, 0.0, 0.0, 0.0, 1.0]
            ]
        },
        {
            "name": "Leg_R",
            "time": [0.0, 3.6667],
            "transform": [
                [1.0, -0.0, 1e-06, 0.0, -0.0, 0.987561, 0.157239, 0.374726, -1e-06, -0.157239, 0.98756, -0.0, 0.0, 0.0, 0.0, 1.0],
                [1.0, -0.0, 1e-06, 0.0, -0.0, 0.987561, 0.157239, 0.374726, -1e-06, -0.157239, 0.98756, -0.0, 0.0, 0.0, 0.0, 1.0]
            ]
        },
        {
            "name": "Knee_R",
            "time": [0.0, 3.6667],
            "transform": [
                [1.0, 0.0, -0.0, 0.0, 0.0, 1e-06, -1.0, 0.37472, 0.0, 1.0, 1e-06, -0.0, 0.0, 0.0, 0.0, 1.0],
                [1.0, 0.0, -0.0, 0.0, 0.0, 1e-06, -1.0, 0.37472, 0.0, 1.0, 1e-06, -0.0, 0.0, 0.0, 0.0, 1.0]
            ]
        },
        {
            "name": "Thigh_L",
            "time": [0.0, 3.6667],
            "transform": [
                [0.724837, -0.67909, 0.115963, -0.125006, -0.00526, 0.162865, 0.986634, -0.002831, -0.688899, -0.71576, 0.114478, -1.2e-05, 0.0, 0.0, 0.0, 1.0],
                [0.724837, -0.67909, 0.115963, -0.125006, -0.00526, 0.162865, 0.986634, -0.002831, -0.688899, -0.71576, 0.114478, -1.2e-05, 0.0, 0.0, 0.0, 1.0]
            ]
        },
        {
            "name": "Leg_L",
            "time": [0.0, 3.6667],
            "transform": [
                [0.998576, -0.003585, 0.053223, -0.0, -0.0516, -0.317926, 0.946711, 0.374726, 0.013527, -0.948109, -0.317658, -0.0, 0.0, 0.0, 0.0, 1.0],
                [0.998576, -0.003585, 0.053223, -0.0, -0.0516, -0.317926, 0.946711, 0.374726, 0.013527, -0.948109, -0.317658, -0.0, 0.0, 0.0, 0.0, 1.0]
            ]
        },
        {
            "name": "Knee_L",
            "time": [0.0, 3.6667],
            "transform": [
                [1.0, 0.0, -0.0, 0.0, -1e-06, 0.754007, -0.656866, 0.37472, 0.0, 0.656866, 0.754007, 0.0, 0.0, 0.0, 0.0, 1.0],
                [1.0, 0.0, -0.0, 0.0, -1e-06, 0.754007, -0.656866, 0.37472, 0.0, 0.656866, 0.754007, 0.0, 0.0, 0.0, 0.0, 1.0]
            ]
        },
        {
            "name": "Torso",
            "time": [0.0, 1.95, 3.6667],
            "transform": [
                [0.893001, -0.219167, 0.393083, 0.0, 0.115002, 0.95554, 0.271511, 0.05, -0.435112, -0.197255, 0.878503, 0.0, 0.0, 0.0, 0.0, 1.0],
                [0.894062, -0.233326, 0.382378, 0.0, 0.116788, 0.945523, 0.303886, 0.05, -0.432451, -0.227036, 0.872606, 0.0, 0.0, 0.0, 0.0, 1.0],
                [0.893001, -0.219167, 0.393083, 0.0, 0.115002, 0.95554, 0.271511, 0.05, -0.435112, -0.197255, 0.878503, 0.0, 0.0, 0.0, 0.0, 1.0]
            ]
        },
        {
            "name": "Chest",
            "time": [0.0, 3.6667],
            "transform": [
                [0.999941, -0.008003, -0.007352, -0.0, 0.009915, 0.948803, 0.315711, 0.3, 0.004449, -0.315765, 0.948827, 0.0, 0.0, 0.0, 0.0, 1.0],
                [0.999941, -0.008003, -0.007352, -0.0, 0.009915, 0.948803, 0.315711, 0.3, 0.004449, -0.315765, 0.948827, 0.0, 0.0, 0.0, 0.0, 1.0]
            ]
        },
        {
            "name": "Head",
            "time": [0.0, 1.95, 3.6667],
            "transform": [
                [0.995725, 0.037721, 0.084313, -0.0, -0.033349, 0.998055, -0.052674, 0.4, -0.086135, 0.049637, 0.995046, 0.0, 0.0, 0.0, 0.0, 1.0],
                [0.995725, 0.034235, 0.085787, 0.0, -0.033349, 0.999375, -0.011741, 0.4, -0.086135, 0.00883, 0.996244, 0.0, 0.0, 0.0, 0.0, 1.0],
                [0.995725, 0.037721, 0.084313, -0.0, -0.033349, 0.998055, -0.052674, 0.4, -0.086135, 0.049637, 0.995046, 0.0, 0.0, 0.0, 0.0, 1.0]
            ]
        },
        {
            "name": "Shoulder_R",
            "time": [0.0, 1.95, 3.6667],
            "transform": [
                [0.110305, 0.849474, 0.515972, -0.0, 0.091141, -0.525598, 0.845837, 0.4, 0.98971, -0.046274, -0.135397, 0.0, 0.0, 0.0, 0.0, 1.0],
                [0.110305, 0.84247, 0.52733, 0.0, 0.091141, -0.536906, 0.838705, 0.4, 0.98971, -0.044452, -0.136007, 0.0, 0.0, 0.0, 0.0, 1.0],
                [0.110305, 0.849474, 0.515972, -0.0, 0.091141, -0.525598, 0.845837, 0.4, 0.98971, -0.046274, -0.135397, 0.0, 0.0, 0.0, 0.0, 1.0]
            ]
        },
        {
            "name": "Arm_R",
            "time": [0.0, 1.95, 3.6667],
            "transform": [
                [-0.002081, -0.03631, -0.999338, 0.0, 0.768135, 0.639806, -0.024847, 0.39386, 0.640285, -0.767678, 0.02656, -0.0, 0.0, 0.0, 0.0, 1.0],
                [-0.000541, -0.036366, -0.999338, -0.0, 0.740335, 0.671779, -0.024847, 0.393861, 0.672238, -0.739859, 0.02656, -0.0, 0.0, 0.0, 0.0, 1.0],
                [-0.002081, -0.03631, -0.999338, 0.0, 0.768135, 0.639806, -0.024847, 0.39386, 0.640285, -0.767678, 0.02656, -0.0, 0.0, 0.0, 0.0, 1.0]
            ]
        },
        {
            "name": "Hand_R",
            "time": [0.0, 3.6667],
            "transform": [
                [0.999998, -0.000843, 0.001617, 0.0, 0.000868, 0.999882, -0.015341, 0.300003, -0.001603, 0.015342, 0.999881, 0.0, 0.0, 0.0, 0.0, 1.0],
                [0.999998, -0.000843, 0.001617, 0.0, 0.000868, 0.999882, -0.015341, 0.300003, -0.001603, 0.015342, 0.999881, 0.0, 0.0, 0.0, 0.0, 1.0]
            ]
        },
        {
            "name": "Tool_R",
            "time": [0.0, 3.6667],
            "transform": [
                [0.0, 0.0, 0.0, 0.015054, 0.0, 0.0, 0.0, 0.243316, 0.0, 0.0, 0.0, 0.024459, 0.0, 0.0, 0.0, 1.0],
                [0.0, 0.0, 0.0, 0.015054, 0.0, 0.0, 0.0, 0.243316, 0.0, 0.0, 0.0, 0.024459, 0.0, 0.0, 0.0, 1.0]
            ]
        },
        {
            "name": "Elbow_R",
            "time": [0.0, 3.6667],
            "transform": [
                [-1.0, 0.0, 0.0, -0.0, -0.0, -0.0, -1.0, 0.341622, -0.0, -1.0, -0.0, 0.0, 0.0, 0.0, 0.0, 1.0],
                [-1.0, 0.0, 0.0, -0.0, -0.0, -0.0, -1.0, 0.341622, -0.0, -1.0, -0.0, 0.0, 0.0, 0.0, 0.0, 1.0]
            ]
        },
        {
            "name": "Shoulder_L",
            "time": [0.0, 3.6667],
            "transform": [
                [-0.223566, -0.946611, -0.232262, -0.0, -0.022073, -0.233315, 0.972151, 0.4, -0.974439, 0.222466, 0.031267, 0.0, 0.0, 0.0, 0.0, 1.0],
                [-0.223566, -0.946611, -0.232262, -0.0, -0.022073, -0.233315, 0.972151, 0.4, -0.974439, 0.222466, 0.031267, 0.0, 0.0, 0.0, 0.0, 1.0]
            ]
        },
        {
            "name": "Arm_L",
            "time": [0.0, 1.95, 3.6667],
            "transform": [
                [-0.642374, 0.756542, 0.122475, -0.0, -0.209271, -0.019419, -0.977665, 0.39386, -0.737266, -0.653657, 0.170796, -0.0, 0.0, 0.0, 0.0, 1.0],
                [-0.604851, 0.78932, 0.105496, 0.0, -0.213448, -0.033065, -0.976395, 0.39386, -0.7672, -0.613091, 0.188478, -0.0, 0.0, 0.0, 0.0, 1.0],
                [-0.642374, 0.756542, 0.122475, -0.0, -0.209271, -0.019419, -0.977665, 0.39386, -0.737266, -0.653657, 0.170796, -0.0, 0.0, 0.0, 0.0, 1.0]
            ]
        },
        {
            "name": "Hand_L",
            "time": [0.0, 1.95, 3.6667],
            "transform": [
                [0.999993, -0.003589, -0.00124, -0.0, 0.000938, 0.549931, -0.83521, 0.300002, 0.003679, 0.835203, 0.54993, 0.0, 0.0, 0.0, 0.0, 1.0],
                [0.999993, -0.003642, -0.001075, 0.0, 0.000938, 0.511228, -0.859445, 0.300003, 0.003679, 0.859438, 0.511228, -0.0, 0.0, 0.0, 0.0, 1.0],
                [0.999993, -0.003589, -0.00124, -0.0, 0.000938, 0.549931, -0.83521, 0.300002, 0.003679, 0.835203, 0.54993, 0.0, 0.0, 0.0, 0.0, 1.0]
            ]
        },
        {
            "name": "Tool_L",
            "time": [0.0, 3.6667],
            "transform": [
                [0.0, 0.0, 0.0, -0.0, 0.0, 0.0, 0.0, 0.272858, 0.0, 0.0, 0.0, -0.0, 0.0, 0.0, 0.0, 1.0],
                [0.0, 0.0, 0.0, -0.0, 0.0, 0.0, 0.0, 0.272858, 0.0, 0.0, 0.0, -0.0, 0.0, 0.0, 0.0, 1.0]
            ]
        },
        {
            "name": "Elbow_L",
            "time": [0.0, 3.6667],
            "transform": [
                [-1.0, -0.0, 0.0, 2.7e-05, 0.0, 0.361434, -0.932397, 0.334301, -0.0, -0.932398, -0.361434, -0.002121, 0.0, 0.0, 0.0, 1.0],
                [-1.0, -0.0, 0.0, 2.7e-05, 0.0, 0.361434, -0.932397, 0.334301, -0.0, -0.932398, -0.361434, -0.002121, 0.0, 0.0, 0.0, 1.0]
            ]
        }
    ]
}