{
    "animation": [
        {
            "name": "Root",
            "time": [0.0, 1.85, 3.6667],
            "transform": [
                [0.990936, 0.028643, -0.131245, 8.3e-05, -0.131299, -0.0, -0.991343, 0.002726, -0.028395, 0.99959, 0.003761, 0.785484, 0.0, 0.0, 0.0, 1.0],
                [0.990936, 0.028643, -0.131245, 8.3e-05, -0.131299, -0.0, -0.991343, 0.01696, -0.028395, 0.99959, 0.003761, 0.746598, 0.0, 0.0, 0.0, 1.0],
                [0.990936, 0.028643, -0.131245, 8.3e-05, -0.131299, -0.0, -0.991343, 0.002726, -0.028395, 0.99959, 0.003761, 0.785484, 0.0, 0.0, 0.0, 1.0]
            ]
        },
        {
            "name": "Thigh_R",
            "time": [0.0, 1.85, 3.6667],
            "transform": [
                [0.951075, 0.153428, 0.26817, 0.139927, 0.143121, -0.988022, 0.057693, -0.007845, 0.273809, -0.016489, -0.961643, 0.012133, 0.0, 0.0, 0.0, 1.0],
                [0.951075, 0.153428, 0.26817, 0.137791, 0.143121, -0.988022, 0.057693, 0.029178, 0.273809, -0.016489, -0.961643, -0.004295, 0.0, 0.0, 0.0, 1.0],
                [0.951075, 0.153428, 0.26817, 0.139927, 0.143121, -0.988022, 0.057693, -0.007845, 0.273809, -0.016489, -0.961643, 0.012133, 0.0, 0.0, 0.0, 1.0]
            ]
        },
        {
            "name": "Leg_R",
            "time": [0.0, 1.85, 3.6667],
            "transform": [
                [1.0, -0.0, 1e-06, -0.0, 0.0, 0.997612, 0.069073, 0.37472, -1e-06, -0.069073, 0.997611, 0.0, 0.0, 0.0, 0.0, 1.0],
                [1.0, -0.0, 1e-06, 0.0, 0.0, 0.984867, 0.173315, 0.37472, -1e-06, -0.173315, 0.984866, -0.0, 0.0, 0.0, 0.0, 1.0],
                [1.0, -0.0, 1e-06, -0.0, 0.0, 0.997612, 0.069073, 0.37472, -1e-06, -0.069073, 0.997611, 0.0, 0.0, 0.0, 0.0, 1.0]
            ]
        },
        {
            "name": "Knee_R",
            "time": [0.0, 1.85, 3.6667],
            "transform": [
                [1.0, 0.0, -0.0, -0.0, -0.0, 1e-06, -1.0, 0.37472, -0.0, 1.0, 1e-06, 0.0, 0.0, 0.0, 0.0, 1.0],
                [1.0, 0.0, -0.0, 0.0, -0.0, 1e-06, -1.0, 0.37472, -0.0, 1.0, 1e-06, -0.0, 0.0, 0.0, 0.0, 1.0],
                [1.0, 0.0, -0.0, -0.0, -0.0, 1e-06, -1.0, 0.37472, -0.0, 1.0, 1e-06, 0.0, 0.0, 0.0, 0.0, 1.0]
            ]
        },
        {
            "name": "Thigh_L",
            "time": [0.0, 1.85, 3.6667],
            "transform": [
                [0.960309, -0.150393, -0.234921, -0.151637, -0.119481, -0.982807, 0.140764, -0.032805, -0.252052, -0.107108, -0.961768, -0.03479, 0.0, 0.0, 0.0, 1.0],
                [0.960309, -0.157628, -0.230129, -0.160912, -0.119481, -0.977953, 0.171268, 0.002121, -0.252052, -0.136974, -0.95797, -0.03198, 0.0, 0.0, 0.0, 1.0],
                [0.960309, -0.150393, -0.234921, -0.151637, -0.119481, -0.982807, 0.140764, -0.032805, -0.252052, -0.107108, -0.961768, -0.03479, 0.0, 0.0, 0.0, 1.0]
            ]
        },
        {
            "name": "Leg_L",
            "time": [0.0, 1.85, 3.6667],
            "transform": [
                [0.998576, 0.052576, -0.00901, 0.0, -0.051599, 0.994889, 0.086794, 0.37472, 0.013527, -0.086206, 0.996186, -0.0, 0.0, 0.0, 0.0, 1.0],
                [0.998576, 0.053232, -0.003444, -0.0, -0.051599, 0.980293, 0.190691, 0.37472, 0.013527, -0.190242, 0.981644, 0.0, 0.0, 0.0, 0.0, 1.0],
                [0.998576, 0.052576, -0.00901, 0.0, -0.051599, 0.994889, 0.086794, 0.37472, 0.013527, -0.086206, 0.996186, -0.0, 0.0, 0.0, 0.0, 1.0]
            ]
        },
        {
            "name": "Knee_L",
            "time": [0.0, 1.85, 3.6667],
            "transform": [
                [1.0, 0.0, -0.0, 0.0, -0.0, 1e-06, -1.0, 0.37472, -0.0, 1.0, 1e-06, -0.0, 0.0, 0.0, 0.0, 1.0],
                [1.0, 0.0, -0.0, -0.0, -0.0, 1e-06, -1.0, 0.37472, -0.0, 1.0, 1e-06, 0.0, 0.0, 0.0, 0.0, 1.0],
                [1.0, 0.0, -0.0, 0.0, -0.0, 1e-06, -1.0, 0.37472, -0.0, 1.0, 1e-06, -0.0, 0.0, 0.0, 0.0, 1.0]
            ]
        },
        {
            "name": "Torso",
            "time": [0.0, 1.85, 3.6667],
            "transform": [
                [0.999042, -0.043658, -0.002938, -0.0, 0.04367, 0.999039, 0.003888, 0.05, 0.002765, -0.004012, 0.999988, 0.0, 0.0, 0.0, 0.0, 1.0],
                [0.999042, -0.043405, -0.005542, 0.0, 0.04367, 0.99702, 0.063591, 0.05, 0.002765, -0.063772, 0.997961, 0.0, 0.0, 0.0, 0.0, 1.0],
                [0.999042, -0.043658, -0.002938, -0.0, 0.04367, 0.999039, 0.003888, 0.05, 0.002765, -0.004012, 0.999988, 0.0, 0.0, 0.0, 0.0, 1.0]
            ]
        },
        {
            "name": "Chest",
            "time": [0.0, 1.85, 3.6667],
            "transform": [
                [0.999771, -0.021376, 0.00125, -0.0, 0.021411, 0.99858, -0.048776, 0.3, -0.000206, 0.048792, 0.998809, -0.0, 0.0, 0.0, 0.0, 1.0],
                [0.999771, -0.021412, 8.5e-05, -0.0, 0.021411, 0.999755, 0.00564, 0.3, -0.000206, -0.005636, 0.999984, -0.0, 0.0, 0.0, 0.0, 1.0],
                [0.999771, -0.021376, 0.00125, -0.0, 0.021411, 0.99858, -0.048776, 0.3, -0.000206, 0.048792, 0.998809, -0.0, 0.0, 0.0, 0.0, 1.0]
            ]
        },
        {
            "name": "Head",
            "time": [0.0, 1.85, 3.6667],
            "transform": [
                [0.99743, 0.050488, 0.050834, -0.0, -0.034577, 0.960635, -0.275654, 0.4, -0.06275, 0.273188, 0.959912, -0.0, 0.0, 0.0, 0.0, 1.0],
                [0.99743, 0.054336, 0.046699, -0.0, -0.034577, 0.935934, -0.350475, 0.4, -0.06275, 0.347959, 0.935407, 0.0, 0.0, 0.0, 0.0, 1.0],
                [0.99743, 0.050488, 0.050834, -0.0, -0.034577, 0.960635, -0.275654, 0.4, -0.06275, 0.273188, 0.959912, -0.0, 0.0, 0.0, 0.0, 1.0]
            ]
        },
        {
            "name": "Shoulder_R",
            "time": [0.0, 1.85, 3.6667],
            "transform": [
                [0.110305, 0.923551, 0.367268, -0.0, 0.091141, -0.377365, 0.921569, 0.4, 0.98971, -0.06818, -0.125798, -0.0, 0.0, 0.0, 0.0, 1.0],
                [0.110305, 0.923551, 0.367268, -0.0, 0.091141, -0.377365, 0.921568, 0.4, 0.98971, -0.06818, -0.125798, 0.0, 0.0, 0.0, 0.0, 1.0],
                [0.110305, 0.923551, 0.367268, -0.0, 0.091141, -0.377365, 0.921569, 0.4, 0.98971, -0.06818, -0.125798, -0.0, 0.0, 0.0, 0.0, 1.0]
            ]
        },
        {
            "name": "Arm_R",
            "time": [0.0, 1.85, 3.6667],
            "transform": [
                [0.090603, 0.06298, -0.993894, -0.0, 0.883116, 0.456217, 0.109414, 0.393861, 0.460322, -0.887637, -0.014284, -0.0, 0.0, 0.0, 0.0, 1.0],
                [0.088053, -0.081563, -0.992771, 0.0, 0.900329, 0.432952, 0.044284, 0.39386, 0.42621, -0.897719, 0.111556, 0.0, 0.0, 0.0, 0.0, 1.0],
                [0.090603, 0.06298, -0.993894, -0.0, 0.883116, 0.456217, 0.109414, 0.393861, 0.460322, -0.887637, -0.014284, -0.0, 0.0, 0.0, 0.0, 1.0]
            ]
        },
        {
            "name": "Hand_R",
            "time": [0.0, 1.85, 3.6667],
            "transform": [
                [0.999998, -0.000901, 0.001585, -0.0, 0.000868, 0.999788, 0.020555, 0.3, -0.001603, -0.020554, 0.999787, -0.0, 0.0, 0.0, 0.0, 1.0],
                [0.999998, -0.000901, 0.001585, 0.0, 0.000868, 0.999789, 0.020555, 0.3, -0.001603, -0.020554, 0.999787, -0.0, 0.0, 0.0, 0.0, 1.0],
                [0.999998, -0.000901, 0.001585, -0.0, 0.000868, 0.999788, 0.020555, 0.3, -0.001603, -0.020554, 0.999787, -0.0, 0.0, 0.0, 0.0, 1.0]
            ]
        },
        {
            "name": "Tool_R",
            "time": [0.0, 1.85, 3.6667],
            "transform": [
                [0.976086, -0.063799, 0.207812, 0.015054, -0.000916, -0.957162, -0.28955, 0.243316, 0.217254, 0.282258, -0.933781, 0.024459, 0.0, 0.0, 0.0, 1.0],
                [0.976086, -0.063799, 0.207812, 0.015054, -0.000916, -0.957162, -0.28955, 0.243316, 0.217254, 0.282258, -0.933781, 0.024459, 0.0, 0.0, 0.0, 1.0],
                [0.976086, -0.063799, 0.207812, 0.015054, -0.000916, -0.957162, -0.28955, 0.243316, 0.217254, 0.282258, -0.933781, 0.024459, 0.0, 0.0, 0.0, 1.0]
            ]
        },
        {
            "name": "Elbow_R",
            "time": [0.0, 1.85, 3.6667],
            "transform": [
                [-1.0, 0.0, -0.0, -0.0, 0.0, -0.0, -1.0, 0.341622, -0.0, -1.0, 0.0, -0.0, 0.0, 0.0, 0.0, 1.0],
                [-1.0, 0.0, -0.0, -0.0, 0.0, -0.0, -1.0, 0.341622, -0.0, -1.0, 0.0, -0.0, 0.0, 0.0, 0.0, 1.0],
                [-1.0, 0.0, -0.0, -0.0, 0.0, -0.0, -1.0, 0.341622, -0.0, -1.0, 0.0, -0.0, 0.0, 0.0, 0.0, 1.0]
            ]
        },
        {
            "name": "Shoulder_L",
            "time": [0.0, 1.85, 3.6667],
            "transform": [
                [-0.182631, -0.916893, -0.354898, -0.0, -0.052254, -0.351406, 0.934764, 0.4, -0.981792, 0.189261, 0.016266, -0.0, 0.0, 0.0, 0.0, 1.0],
                [-0.182631, -0.916893, -0.354898, -0.0, -0.052254, -0.351406, 0.934764, 0.4, -0.981792, 0.189261, 0.016266, 0.0, 0.0, 0.0, 0.0, 1.0],
                [-0.182631, -0.916893, -0.354898, -0.0, -0.052254, -0.351406, 0.934764, 0.4, -0.981792, 0.189261, 0.016266, -0.0, 0.0, 0.0, 0.0, 1.0]
            ]
        },
        {
            "name": "Arm_L",
            "time": [0.0, 1.85, 3.6667],
            "transform": [
                [-0.46169, 0.07217, 0.884101, 0.0, -0.731501, 0.532788, -0.425492, 0.39386, -0.501746, -0.843166, -0.19319, -0.0, 0.0, 0.0, 0.0, 1.0],
                [-0.460937, 0.18697, 0.867513, 0.0, -0.711897, 0.505751, -0.487255, 0.39386, -0.529848, -0.842174, -0.100016, 0.0, 0.0, 0.0, 0.0, 1.0],
                [-0.46169, 0.07217, 0.884101, 0.0, -0.731501, 0.532788, -0.425492, 0.39386, -0.501746, -0.843166, -0.19319, -0.0, 0.0, 0.0, 0.0, 1.0]
            ]
        },
        {
            "name": "Hand_L",
            "time": [0.0, 1.85, 3.6667],
            "transform": [
                [0.999993, -0.00063, -0.003744, -0.0, 0.000938, 0.996553, 0.08296, 0.3, 0.003679, -0.082963, 0.996546, -0.0, 0.0, 0.0, 0.0, 1.0],
                [0.999993, -0.00063, -0.003744, -0.0, 0.000938, 0.996553, 0.08296, 0.3, 0.003679, -0.082963, 0.996546, -0.0, 0.0, 0.0, 0.0, 1.0],
                [0.999993, -0.00063, -0.003744, -0.0, 0.000938, 0.996553, 0.08296, 0.3, 0.003679, -0.082963, 0.996546, -0.0, 0.0, 0.0, 0.0, 1.0]
            ]
        },
        {
            "name": "Tool_L",
            "time": [0.0, 1.85, 3.6667],
            "transform": [
                [0.997004, 0.01104, -0.076554, 0.0, -0.036659, -0.804079, -0.593391, 0.272858, -0.068067, 0.594062, -0.8008, -0.0, 0.0, 0.0, 0.0, 1.0],
                [0.997004, 0.01104, -0.076554, 0.0, -0.036659, -0.804079, -0.593391, 0.272858, -0.068067, 0.594062, -0.8008, -0.0, 0.0, 0.0, 0.0, 1.0],
                [0.997004, 0.01104, -0.076554, 0.0, -0.036659, -0.804079, -0.593391, 0.272858, -0.068067, 0.594062, -0.8008, -0.0, 0.0, 0.0, 0.0, 1.0]
            ]
        },
        {
            "name": "Elbow_L",
            "time": [0.0, 1.85, 3.6667],
            "transform": [
                [-1.0, 0.0, -0.0, 2.7e-05, 0.0, -0.0, -1.0, 0.334301, -0.0, -1.0, -0.0, -0.002121, 0.0, 0.0, 0.0, 1.0],
                [-1.0, 0.0, -0.0, 2.7e-05, 0.0, -0.0, -1.0, 0.334301, -0.0, -1.0, -0.0, -0.002121, 0.0, 0.0, 0.0, 1.0],
                [-1.0, 0.0, -0.0, 2.7e-05, 0.0, -0.0, -1.0, 0.334301, -0.0, -1.0, -0.0, -0.002121, 0.0, 0.0, 0.0, 1.0]
            ]
        }
    ]
}