{
    "animation": [
        {
            "name": "Root",
            "time": [0.0, 1.7, 3.6667],
            "transform": [
                [0.948241, 0.028643, -0.316257, 0.008409, -0.316387, -0.0, -0.94863, 0.071543, -0.027172, 0.99959, 0.009062, 0.733457, 0.0, 0.0, 0.0, 1.0],
                [0.948241, 0.028643, -0.316257, 0.003492, -0.316387, -0.0, -0.94863, 0.071972, -0.027172, 0.99959, 0.009062, 0.707105, 0.0, 0.0, 0.0, 1.0],
                [0.948241, 0.028643, -0.316257, 0.008409, -0.316387, -0.0, -0.94863, 0.071543, -0.027172, 0.99959, 0.009062, 0.733457, 0.0, 0.0, 0.0, 1.0]
            ]
        },
        {
            "name": "Thigh_R",
            "time": [0.0, 1.7, 3.6667],
            "transform": [
                [0.97514, 0.219105, -0.033078, 0.134548, 0.214635, -0.971059, -0.104766, -0.01252, -0.055076, 0.095062, -0.993947, 0.017137, 0.0, 0.0, 0.0, 1.0],
                [0.97514, 0.214423, -0.055895, 0.135654, 0.214635, -0.976692, -0.002258, 0.017568, -0.055076, -0.009796, -0.998435, 0.006741, 0.0, 0.0, 0.0, 1.0],
                [0.97514, 0.219105, -0.033078, 0.134548, 0.214635, -0.971059, -0.104766, -0.01252, -0.055076, 0.095062, -0.993947, 0.017137, 0.0, 0.0, 0.0, 1.0]
            ]
        },
        {
            "name": "Leg_R",
            "time": [0.0, 1.7, 3.6667],
            "transform": [
                [1.0, -0.0, 1e-06, 0.0, -0.0, 0.997612, 0.069073, 0.374726, -1e-06, -0.069073, 0.997611, 0.0, 0.0, 0.0, 0.0, 1.0],
                [1.0, -0.0, 1e-06, 0.0, -0.0, 0.939275, 0.343167, 0.374726, -1e-06, -0.343167, 0.939274, -0.0, 0.0, 0.0, 0.0, 1.0],
                [1.0, -0.0, 1e-06, 0.0, -0.0, 0.997612, 0.069073, 0.374726, -1e-06, -0.069073, 0.997611, 0.0, 0.0, 0.0, 0.0, 1.0]
            ]
        },
        {
            "name": "Knee_R",
            "time": [0.0, 3.6667],
            "transform": [
                [1.0, 0.0, 0.0, -0.0, 0.0, 1e-06, -1.0, 0.37472, 0.0, 1.0, 1e-06, 0.0, 0.0, 0.0, 0.0, 1.0],
                [1.0, 0.0, 0.0, -0.0, 0.0, 1e-06, -1.0, 0.37472, 0.0, 1.0, 1e-06, 0.0, 0.0, 0.0, 0.0, 1.0]
            ]
        },
        {
            "name": "Thigh_L",
            "time": [0.0, 1.7, 3.6667],
            "transform": [
                [0.86424, -0.236247, -0.444156, -0.141182, -0.100794, -0.946289, 0.307208, -0.022939, -0.492877, -0.220734, -0.841634, -0.018039, 0.0, 0.0, 0.0, 1.0],
                [0.86424, -0.266247, -0.426849, -0.142662, -0.100793, -0.92291, 0.371589, 0.006605, -0.492877, -0.278119, -0.824452, -0.024501, 0.0, 0.0, 0.0, 1.0],
                [0.86424, -0.236247, -0.444156, -0.141182, -0.100794, -0.946289, 0.307208, -0.022939, -0.492877, -0.220734, -0.841634, -0.018039, 0.0, 0.0, 0.0, 1.0]
            ]
        },
        {
            "name": "Leg_L",
            "time": [0.0, 1.7, 3.6667],
            "transform": [
                [0.998576, 0.053235, -0.003397, -0.0, -0.051599, 0.980122, 0.191569, 0.374726, 0.013527, -0.191121, 0.981474, 0.0, 0.0, 0.0, 0.0, 1.0],
                [0.998576, 0.053235, 0.003397, -0.0, -0.051599, 0.947827, 0.314582, 0.374726, 0.013527, -0.31431, 0.949225, 0.0, 0.0, 0.0, 0.0, 1.0],
                [0.998576, 0.053235, -0.003397, -0.0, -0.051599, 0.980122, 0.191569, 0.374726, 0.013527, -0.191121, 0.981474, 0.0, 0.0, 0.0, 0.0, 1.0]
            ]
        },
        {
            "name": "Knee_L",
            "time": [0.0, 3.6667],
            "transform": [
                [1.0, 0.0, 0.0, 0.0, -0.0, 1e-06, -1.0, 0.37472, 0.0, 1.0, 1e-06, 0.0, 0.0, 0.0, 0.0, 1.0],
                [1.0, 0.0, 0.0, 0.0, -0.0, 1e-06, -1.0, 0.37472, 0.0, 1.0, 1e-06, 0.0, 0.0, 0.0, 0.0, 1.0]
            ]
        },
        {
            "name": "Torso",
            "time": [0.0, 3.6667],
            "transform": [
                [0.991716, -0.043673, 0.120796, -0.0, 0.043511, 0.999045, 0.003985, 0.05, -0.120855, 0.001304, 0.992669, -0.0, 0.0, 0.0, 0.0, 1.0],
                [0.991716, -0.043673, 0.120796, -0.0, 0.043511, 0.999045, 0.003985, 0.05, -0.120855, 0.001304, 0.992669, -0.0, 0.0, 0.0, 0.0, 1.0]
            ]
        },
        {
            "name": "Chest",
            "time": [0.0, 1.7, 3.6667],
            "transform": [
                [0.997466, -0.021316, -0.067873, 0.0, 0.028234, 0.994316, 0.102659, 0.3, 0.065298, -0.104315, 0.992398, 0.0, 0.0, 0.0, 0.0, 1.0],
                [0.997466, -0.018557, -0.068678, -0.0, 0.028234, 0.989357, 0.142744, 0.3, 0.065298, -0.144321, 0.987374, -0.0, 0.0, 0.0, 0.0, 1.0],
                [0.997466, -0.021316, -0.067873, 0.0, 0.028234, 0.994316, 0.102659, 0.3, 0.065298, -0.104315, 0.992398, 0.0, 0.0, 0.0, 0.0, 1.0]
            ]
        },
        {
            "name": "Head",
            "time": [0.0, 1.7, 3.6667],
            "transform": [
                [0.947111, 0.037721, 0.31868, -0.0, -0.019866, 0.998055, -0.059094, 0.4, -0.320289, 0.049637, 0.946018, -0.0, 0.0, 0.0, 0.0, 1.0],
                [0.947111, 0.0252, 0.319914, -0.0, -0.019866, 0.999604, -0.019925, 0.4, -0.320289, 0.012515, 0.947237, -0.0, 0.0, 0.0, 0.0, 1.0],
                [0.947111, 0.037721, 0.31868, -0.0, -0.019866, 0.998055, -0.059094, 0.4, -0.320289, 0.049637, 0.946018, -0.0, 0.0, 0.0, 0.0, 1.0]
            ]
        },
        {
            "name": "Shoulder_R",
            "time": [0.0, 3.6667],
            "transform": [
                [0.110305, 0.993313, 0.034074, -0.0, 0.091141, -0.044248, 0.994854, 0.4, 0.98971, -0.106631, -0.095412, -0.0, 0.0, 0.0, 0.0, 1.0],
                [0.110305, 0.993313, 0.034074, -0.0, 0.091141, -0.044248, 0.994854, 0.4, 0.98971, -0.106631, -0.095412, -0.0, 0.0, 0.0, 0.0, 1.0]
            ]
        },
        {
            "name": "Arm_R",
            "time": [0.0, 3.6667],
            "transform": [
                [-0.198945, 0.070977, 0.977438, -0.0, 0.977955, 0.078936, 0.193319, 0.393861, -0.063434, 0.99435, -0.085116, -0.0, 0.0, 0.0, 0.0, 1.0],
                [-0.198945, 0.070977, 0.977438, -0.0, 0.977955, 0.078936, 0.193319, 0.393861, -0.063434, 0.99435, -0.085116, -0.0, 0.0, 0.0, 0.0, 1.0]
            ]
        },
        {
            "name": "Hand_R",
            "time": [0.0, 3.6667],
            "transform": [
                [0.999998, -0.000654, 0.001702, 0.0, 0.000868, 0.99162, -0.129185, 0.300003, -0.001603, 0.129186, 0.991619, -0.0, 0.0, 0.0, 0.0, 1.0],
                [0.999998, -0.000654, 0.001702, 0.0, 0.000868, 0.99162, -0.129185, 0.300003, -0.001603, 0.129186, 0.991619, -0.0, 0.0, 0.0, 0.0, 1.0]
            ]
        },
        {
            "name": "Tool_R",
            "time": [0.0, 3.6667],
            "transform": [
                [0.0, 0.0, 0.0, 0.015054, 0.0, 0.0, 0.0, 0.243316, 0.0, 0.0, 0.0, 0.024459, 0.0, 0.0, 0.0, 1.0],
                [0.0, 0.0, 0.0, 0.015054, 0.0, 0.0, 0.0, 0.243316, 0.0, 0.0, 0.0, 0.024459, 0.0, 0.0, 0.0, 1.0]
            ]
        },
        {
            "name": "Elbow_R",
            "time": [0.0, 3.6667],
            "transform": [
                [-1.0, 0.0, 0.0, 0.0, -0.0, -0.0, -1.0, 0.341622, -0.0, -1.0, -0.0, -0.0, 0.0, 0.0, 0.0, 1.0],
                [-1.0, 0.0, 0.0, 0.0, -0.0, -0.0, -1.0, 0.341622, -0.0, -1.0, -0.0, -0.0, 0.0, 0.0, 0.0, 1.0]
            ]
        },
        {
            "name": "Shoulder_L",
            "time": [0.0, 3.6667],
            "transform": [
                [-0.223566, -0.972601, 0.063755, -0.0, -0.022073, 0.070446, 0.997271, 0.4, -0.974439, 0.221548, -0.037218, -0.0, 0.0, 0.0, 0.0, 1.0],
                [-0.223566, -0.972601, 0.063755, -0.0, -0.022073, 0.070446, 0.997271, 0.4, -0.974439, 0.221548, -0.037218, -0.0, 0.0, 0.0, 0.0, 1.0]
            ]
        },
        {
            "name": "Arm_L",
            "time": [0.0, 3.6667],
            "transform": [
                [-0.18502, 0.070469, -0.980205, 0.0, -0.965809, 0.17128, 0.194616, 0.39386, 0.181604, 0.982698, 0.03637, -0.0, 0.0, 0.0, 0.0, 1.0],
                [-0.18502, 0.070469, -0.980205, 0.0, -0.965809, 0.17128, 0.194616, 0.39386, 0.181604, 0.982698, 0.03637, -0.0, 0.0, 0.0, 0.0, 1.0]
            ]
        },
        {
            "name": "Hand_L",
            "time": [0.0, 3.6667],
            "transform": [
                [0.999993, -0.000878, -0.003694, -0.0, 0.000938, 0.999867, 0.016288, 0.300003, 0.003679, -0.016291, 0.999861, 0.0, 0.0, 0.0, 0.0, 1.0],
                [0.999993, -0.000878, -0.003694, -0.0, 0.000938, 0.999867, 0.016288, 0.300003, 0.003679, -0.016291, 0.999861, 0.0, 0.0, 0.0, 0.0, 1.0]
            ]
        },
        {
            "name": "Tool_L",
            "time": [0.0, 3.6667],
            "transform": [
                [0.0, 0.0, 0.0, 0.0, 0.0, 0.0, 0.0, 0.272858, 0.0, 0.0, 0.0, 0.0, 0.0, 0.0, 0.0, 1.0],
                [0.0, 0.0, 0.0, 0.0, 0.0, 0.0, 0.0, 0.272858, 0.0, 0.0, 0.0, 0.0, 0.0, 0.0, 0.0, 1.0]
            ]
        },
        {
            "name": "Elbow_L",
            "time": [0.0, 3.6667],
            "transform": [
                [-1.0, -0.0, 0.0, 2.7e-05, 0.0, 0.0, -1.0, 0.334301, 0.0, -1.0, -0.0, -0.002121, 0.0, 0.0, 0.0, 1.0],
                [-1.0, -0.0, 0.0, 2.7e-05, 0.0, 0.0, -1.0, 0.334301, 0.0, -1.0, -0.0, -0.002121, 0.0, 0.0, 0.0, 1.0]
            ]
        }
    ]
}