{
    "vertices": {
        "positions": {
            "stride": 3,
            "count": 122,
            "array": [0.25, 0.25, 1.500045, 0.25, -0.25, 1.500045, -0.25, -0.25, 1.500045, -0.25, 0.25, 1.500045, 0.25, 0.25, 2.000045, 0.25, -0.25, 2.000045, -0.25, -0.25, 2.000045, -0.25, 0.25, 2.000045, -0.062639, 0.0625, 4.4e-05, -0.062639, -0.0625, 4.4e-05, -0.187639, -0.0625, 4.4e-05, -0.187639, 0.0625, 4.4e-05, -0.062639, 0.0625, 0.750044, -0.062639, -0.0625, 0.750044, -0.187639, -0.0625, 0.750044, -0.187639, 0.0625, 0.750044, 0.374882, 0.0625, 0.750044, 0.374882, -0.0625, 0.750044, 0.249882, -0.0625, 0.750044, 0.249882, 0.0625, 0.750044, 0.374882, 0.0625, 1.500044, 0.374881, -0.0625, 1.500044, 0.249882, -0.0625, 1.500044, 0.249882, 0.0625, 1.500044, 0.25, 0.125, 0.750045, 0.25, -0.125, 0.750045, -0.25, -0.125, 0.750045, -0.25, 0.125, 0.750045, 0.25, 0.125, 1.500045, 0.25, -0.125, 1.500045, -0.25, -0.125, 1.500045, -0.25, 0.125, 1.500045, -0.062639, 0.0625, 0.375044, -0.062639, -0.0625, 0.375044, -0.187639, -0.0625, 0.375044, -0.187639, 0.0625, 0.375044, -0.062639, 0.0625, 0.375044, -0.187639, 0.0625, 0.375044, -0.187639, -0.0625, 0.375044, -0.062639, -0.0625, 0.375044, 0.188368, -0.0625, 0.375044, 0.063368, -0.0625, 0.375044, 0.063368, 0.0625, 0.375044, 0.188368, 0.0625, 0.375044, 0.063368, 0.0625, 0.375044, 0.063368, -0.0625, 0.375044, 0.188368, -0.0625, 0.375044, 0.188368, 0.0625, 0.375044, 0.063368, 0.0625, 0.750044, 0.063368, -0.0625, 0.750044, 0.188367, -0.0625, 0.750044, 0.188368, 0.0625, 0.750044, 0.063368, 0.0625, 4.4e-05, 0.063368, -0.0625, 4.4e-05, 0.188368, -0.0625, 4.4e-05, 0.188368, 0.0625, 4.4e-05, -0.250233, -0.0625, 1.125044, -0.375233, -0.0625, 1.125044, -0.375233, 0.0625, 1.125044, -0.250233, 0.0625, 1.125044, -0.375233, 0.0625, 1.125044, -0.375233, -0.0625, 1.125044, -0.250233, -0.0625, 1.125044, -0.250233, 0.0625, 1.125044, -0.375233, 0.0625, 1.500044, -0.375233, -0.0625, 1.500044, -0.250233, -0.0625, 1.500044, -0.250233, 0.0625, 1.500044, 0.374882, 0.0625, 1.125044, 0.374882, -0.0625, 1.125044, 0.249882, -0.0625, 1.125044, 0.249882, 0.0625, 1.125044, 0.25, 0.125, 0.875045, 0.25, 0.125, 1.000045, 0.25, 0.125, 1.125045, 0.25, 0.125, 1.250045, 0.25, 0.125, 1.375045, 0.25, -0.125, 0.875045, 0.25, -0.125, 1.000045, 0.25, -0.125, 1.125045, 0.25, -0.125, 1.250045, 0.25, -0.125, 1.375045, -0.25, -0.125, 0.875045, -0.25, -0.125, 1.000045, -0.25, -0.125, 1.125045, -0.25, -0.125, 1.250045, -0.25, -0.125, 1.375045, -0.25, 0.125, 0.875045, -0.25, 0.125, 1.000045, -0.25, 0.125, 1.125045, -0.25, 0.125, 1.250045, -0.25, 0.125, 1.375045, 0.0, 0.125, 0.750045, 0.0, -0.125, 0.750045, 0.0, 0.125, 1.500045, -0.0, -0.125, 1.500045, 0.0, 0.125, 1.375045, 0.0, 0.125, 1.250045, 0.0, 0.125, 1.125045, 0.0, 0.125, 1.000045, 0.0, 0.125, 0.875045, 0.0, -0.125, 0.875045, 0.0, -0.125, 1.000045, 0.0, -0.125, 1.125045, 0.0, -0.125, 1.250045, -0.0, -0.125, 1.375045, 0.374882, 0.0625, 1.125044, 0.249882, 0.0625, 1.125044, 0.249882, -0.0625, 1.125044, 0.374882, -0.0625, 1.125044, -0.375233, 0.0625, 0.750044, -0.375233, -0.0625, 0.750044, -0.250233, -0.0625, 0.750044, -0.250233, 0.0625, 0.750044, 0.275, 0.275, 1.475045, 0.275, -0.275, 1.475045, -0.275, -0.275, 1.475045, -0.275, 0.275, 1.475045, 0.275, 0.275, 2.025045, 0.275, -0.275, 2.025045, -0.275, -0.275, 2.025045, -0.275, 0.275, 2.025045]
        },
        "uvs": {
            "stride": 2,
            "count": 179,
            "array": [0.253125, 0.007031, 0.371875, 0.244531, 0.371875, 0.007031, 0.246875, 0.244531, 0.128125, 0.007031, 0.128125, 0.244531, 0.121875, 0.257031, 0.003125, 0.494531, 0.121875, 0.494531, 0.496875, 0.257031, 0.378125, 0.494531, 0.496875, 0.494531, 0.371875, 0.494531, 0.253125, 0.257031, 0.253125, 0.494531, 0.128125, 0.494531, 0.246875, 0.257031, 0.128125, 0.257031, 0.6875, 0.5, 0.656205, 0.5625, 0.65625, 0.5, 0.656582, 0.5628, 0.687377, 0.501611, 0.656641, 0.501562, 0.5, 0.625586, 0.562451, 0.50083, 0.5, 0.500928, 0.434375, 0.622656, 0.375, 0.503906, 0.375, 0.622656, 0.310937, 0.635156, 0.251562, 0.694531, 0.310937, 0.694531, 0.5625, 0.635156, 0.503125, 0.694531, 0.5625, 0.694531, 0.498437, 0.635156, 0.439062, 0.694531, 0.498437, 0.694531, 0.375, 0.991406, 0.434375, 0.932031, 0.375, 0.932031, 0.0625, 0.5, 0.031205, 0.5625, 0.03125, 0.5, 0.031582, 0.5628, 0.062377, 0.501611, 0.031641, 0.501562, 0.0625, 0.75, 0.09375, 0.5625, 0.0625, 0.5625, 0.09375, 0.75, 0.125, 0.5625, 0.0, 0.75, 0.0, 0.5625, 0.0625, 0.9375, 0.125, 0.9375, 0.09375, 0.9375, 0.03125, 0.9375, -4.5e-05, 0.9375, 0.062575, 0.75002, 0.093733, 0.5, 0.062488, 0.56308, 0.09368, 0.500919, 0.062617, 0.500917, 0.03125, 0.75, 0.687488, 0.56308, 0.71868, 0.500919, 0.687617, 0.500917, 0.718733, 0.5, 0.6875, 0.5625, 0.687575, 0.75002, 0.65625, 0.9375, 0.6875, 0.9375, 0.625, 0.75, 0.624955, 0.9375, 0.75, 0.9375, 0.71875, 0.75, 0.71875, 0.9375, 0.6875, 0.75, 0.625, 0.5625, 0.75, 0.5625, 0.71875, 0.5625, 0.65625, 0.75, 0.375, 0.694531, 0.434375, 0.635156, 0.375, 0.635156, 0.375, 0.753906, 0.434375, 0.694531, 0.375, 0.813281, 0.434375, 0.753906, 0.375, 0.872656, 0.434375, 0.813281, 0.434375, 0.872656, 0.498437, 0.932031, 0.439062, 0.991406, 0.498437, 0.991406, 0.498437, 0.872656, 0.439062, 0.932031, 0.439063, 0.813281, 0.439063, 0.872656, 0.498437, 0.753906, 0.498437, 0.813281, 0.439062, 0.753906, 0.5625, 0.932031, 0.503125, 0.991406, 0.5625, 0.991406, 0.5625, 0.872656, 0.503125, 0.932031, 0.5625, 0.813281, 0.503125, 0.872656, 0.5625, 0.753906, 0.503125, 0.813281, 0.503125, 0.753906, 0.310937, 0.932031, 0.251562, 0.991406, 0.310937, 0.991406, 0.310937, 0.872656, 0.251562, 0.932031, 0.310937, 0.813281, 0.251562, 0.872656, 0.310937, 0.753906, 0.251562, 0.813281, 0.251562, 0.753906, 0.621875, 0.694531, 0.621875, 0.753906, 0.621875, 0.813281, 0.621875, 0.872656, 0.621875, 0.932031, 0.621875, 0.991406, 0.315625, 0.932031, 0.315625, 0.872656, 0.315625, 0.813281, 0.315625, 0.753906, 0.315625, 0.694531, 0.315625, 0.635156, 0.315625, 0.991406, 0.621875, 0.635156, 0.315625, 0.503906, 0.315625, 0.622656, 0.437918, 0.501199, 0.875, 0.0, 0.75, 0.25, 0.875, 0.25, 0.625, 0.25, 0.75, 0.0, 0.625, 0.0, 0.5, 0.5, 0.625, 0.5, 1.0, 0.25, 0.875, 0.5, 1.0, 0.5, 0.75, 0.5, 0.253125, 0.244531, 0.246875, 0.007031, 0.003125, 0.257031, 0.378125, 0.257031, 0.371875, 0.257031, 0.246875, 0.494531, 0.687378, 0.562793, 0.562476, 0.625732, 0.434375, 0.503906, 0.251563, 0.635156, 0.503125, 0.635156, 0.439063, 0.635156, 0.434375, 0.991406, 0.062378, 0.562793, 0.093738, 0.75, 0.125, 0.75, 0.03125, 0.74986, 0.093732, 0.563413, 0.09375, 0.74986, 0.718732, 0.563413, 0.75, 0.75, 0.65625, 0.74986, 0.718738, 0.75, 0.71875, 0.74986, 0.437795, 0.625609, 0.5, 0.25]
        },
        "normals": {
            "stride": 3,
            "count": 6,
            "array": [0.0, 0.0, -1.0, 0.0, 0.0, 1.0, 1.0, 0.0, -0.0, -0.0, -1.0, -0.0, -1.0, 0.0, 0.0, 0.0, 1.0, 0.0]
        },
        "indices": {
            "stride": 3,
            "count": 600,
            "array": [0, 0, 0, 2, 1, 0, 3, 2, 0, 7, 3, 1, 5, 4, 1, 4, 5, 1, 4, 6, 2, 1, 7, 2, 0, 8, 2, 5, 9, 3, 2, 10, 3, 1, 11, 3, 2, 12, 4, 7, 13, 4, 3, 14, 4, 0, 15, 5, 7, 16, 5, 4, 17, 5, 17, 18, 0, 19, 19, 0, 16, 20, 0, 20, 21, 1, 22, 22, 1, 21, 23, 1, 93, 24, 0, 27, 25, 0, 92, 26, 0, 31, 27, 1, 95, 28, 1, 94, 29, 1, 28, 30, 2, 81, 31, 2, 76, 32, 2, 95, 33, 3, 86, 34, 3, 105, 35, 3, 30, 36, 4, 91, 37, 4, 86, 38, 4, 92, 39, 5, 87, 40, 5, 100, 41, 5, 9, 42, 0, 11, 43, 0, 8, 44, 0, 12, 45, 1, 14, 46, 1, 13, 47, 1, 33, 48, 2, 12, 49, 2, 13, 50, 2, 34, 51, 3, 13, 52, 3, 14, 49, 3, 35, 53, 4, 14, 43, 4, 15, 54, 4, 12, 43, 5, 35, 48, 5, 15, 50, 5, 9, 55, 2, 36, 51, 2, 39, 48, 2, 9, 56, 3, 38, 51, 3, 10, 57, 3, 10, 58, 4, 37, 53, 4, 11, 59, 4, 37, 60, 5, 8, 58, 5, 11, 55, 5, 38, 61, 1, 36, 50, 1, 37, 42, 1, 32, 62, 0, 34, 63, 0, 35, 64, 0, 47, 62, 0, 45, 63, 0, 44, 64, 0, 41, 61, 1, 43, 50, 1, 42, 42, 1, 42, 60, 5, 55, 58, 5, 52, 55, 5, 53, 57, 4, 42, 48, 4, 52, 55, 4, 54, 56, 3, 41, 51, 3, 53, 57, 3, 54, 59, 2, 43, 65, 2, 40, 53, 2, 51, 43, 5, 44, 48, 5, 48, 50, 5, 44, 48, 4, 49, 49, 4, 48, 50, 4, 45, 51, 3, 50, 52, 3, 49, 49, 3, 46, 53, 2, 51, 43, 2, 50, 54, 2, 51, 45, 1, 49, 46, 1, 50, 47, 1, 54, 42, 0, 52, 43, 0, 55, 44, 0, 63, 66, 0, 61, 67, 0, 60, 68, 0, 57, 69, 1, 59, 70, 1, 58, 18, 1, 58, 71, 5, 113, 72, 5, 110, 73, 5, 111, 72, 4, 58, 74, 4, 110, 75, 4, 112, 76, 3, 57, 77, 3, 111, 78, 3, 112, 73, 2, 59, 77, 2, 56, 79, 2, 67, 19, 5, 60, 79, 5, 64, 70, 5, 60, 74, 4, 65, 19, 4, 64, 80, 4, 61, 77, 3, 66, 81, 3, 65, 82, 3, 62, 79, 2, 67, 82, 2, 66, 70, 2, 69, 74, 2, 20, 19, 2, 21, 80, 2, 70, 77, 3, 21, 81, 3, 22, 82, 3, 71, 79, 4, 22, 82, 4, 23, 70, 4, 20, 19, 5, 71, 79, 5, 23, 70, 5, 17, 75, 2, 106, 83, 2, 109, 74, 2, 17, 76, 3, 108, 77, 3, 18, 78, 3, 18, 78, 4, 107, 79, 4, 19, 73, 4, 107, 71, 5, 16, 72, 5, 19, 73, 5, 96, 84, 5, 31, 85, 5, 94, 86, 5, 97, 87, 5, 91, 88, 5, 96, 84, 5, 98, 89, 5, 90, 90, 5, 97, 87, 5, 99, 91, 5, 89, 92, 5, 98, 89, 5, 100, 41, 5, 88, 93, 5, 99, 91, 5, 82, 94, 4, 27, 95, 4, 26, 96, 4, 83, 97, 4, 87, 98, 4, 82, 94, 4, 83, 97, 4, 89, 99, 4, 88, 100, 4, 85, 101, 4, 89, 99, 4, 84, 102, 4, 86, 38, 4, 90, 103, 4, 85, 101, 4, 101, 104, 3, 26, 105, 3, 93, 106, 3, 102, 107, 3, 82, 108, 3, 101, 104, 3, 103, 109, 3, 83, 110, 3, 102, 107, 3, 104, 111, 3, 84, 112, 3, 103, 109, 3, 105, 35, 3, 85, 113, 3, 104, 111, 3, 72, 114, 2, 25, 115, 2, 24, 116, 2, 73, 117, 2, 77, 118, 2, 72, 114, 2, 74, 119, 2, 78, 120, 2, 73, 117, 2, 75, 121, 2, 79, 122, 2, 74, 119, 2, 76, 32, 2, 80, 123, 2, 75, 121, 2, 81, 124, 3, 104, 111, 3, 80, 125, 3, 80, 125, 3, 103, 109, 3, 79, 126, 3, 79, 126, 3, 102, 107, 3, 78, 127, 3, 78, 127, 3, 101, 104, 3, 77, 128, 3, 77, 128, 3, 93, 106, 3, 25, 129, 3, 72, 130, 5, 99, 91, 5, 73, 131, 5, 73, 131, 5, 98, 89, 5, 74, 132, 5, 74, 132, 5, 97, 87, 5, 75, 133, 5, 75, 133, 5, 96, 84, 5, 76, 134, 5, 76, 134, 5, 94, 86, 5, 28, 135, 5, 24, 136, 5, 100, 41, 5, 72, 130, 5, 29, 137, 3, 105, 35, 3, 81, 124, 3, 94, 29, 1, 29, 138, 1, 28, 139, 1, 24, 140, 0, 93, 24, 0, 92, 26, 0, 108, 69, 1, 106, 70, 1, 107, 18, 1, 67, 21, 1, 65, 22, 1, 66, 23, 1, 68, 66, 0, 70, 67, 0, 71, 68, 0, 112, 18, 0, 110, 19, 0, 113, 20, 0, 114, 141, 0, 116, 142, 0, 117, 143, 0, 118, 144, 1, 120, 145, 1, 119, 146, 1, 118, 144, 2, 115, 147, 2, 114, 148, 2, 119, 149, 3, 116, 150, 3, 115, 151, 3, 120, 143, 4, 117, 152, 4, 116, 150, 4, 114, 148, 5, 121, 142, 5, 118, 144, 5, 0, 0, 0, 1, 153, 0, 2, 1, 0, 7, 3, 1, 6, 154, 1, 5, 4, 1, 4, 6, 2, 5, 155, 2, 1, 7, 2, 5, 9, 3, 6, 156, 3, 2, 10, 3, 2, 12, 4, 6, 157, 4, 7, 13, 4, 0, 15, 5, 3, 158, 5, 7, 16, 5, 17, 18, 0, 18, 70, 0, 19, 19, 0, 20, 21, 1, 23, 159, 1, 22, 22, 1, 93, 24, 0, 26, 160, 0, 27, 25, 0, 31, 27, 1, 30, 161, 1, 95, 28, 1, 28, 30, 2, 29, 162, 2, 81, 31, 2, 95, 33, 3, 30, 163, 3, 86, 34, 3, 30, 36, 4, 31, 164, 4, 91, 37, 4, 92, 39, 5, 27, 165, 5, 87, 40, 5, 9, 42, 0, 10, 50, 0, 11, 43, 0, 12, 45, 1, 15, 166, 1, 14, 46, 1, 33, 48, 2, 32, 167, 2, 12, 49, 2, 34, 51, 3, 33, 168, 3, 13, 52, 3, 35, 53, 4, 34, 169, 4, 14, 43, 4, 12, 43, 5, 32, 65, 5, 35, 48, 5, 9, 55, 2, 8, 57, 2, 36, 51, 2, 9, 56, 3, 39, 168, 3, 38, 51, 3, 10, 58, 4, 38, 65, 4, 37, 53, 4, 37, 60, 5, 36, 65, 5, 8, 58, 5, 38, 61, 1, 39, 49, 1, 36, 50, 1, 32, 62, 0, 33, 170, 0, 34, 63, 0, 47, 62, 0, 46, 170, 0, 45, 63, 0, 41, 61, 1, 40, 49, 1, 43, 50, 1, 42, 60, 5, 43, 65, 5, 55, 58, 5, 53, 57, 4, 41, 51, 4, 42, 48, 4, 54, 56, 3, 40, 168, 3, 41, 51, 3, 54, 59, 2, 55, 58, 2, 43, 65, 2, 51, 43, 5, 47, 65, 5, 44, 48, 5, 44, 48, 4, 45, 171, 4, 49, 49, 4, 45, 51, 3, 46, 168, 3, 50, 52, 3, 46, 53, 2, 47, 65, 2, 51, 43, 2, 51, 45, 1, 48, 166, 1, 49, 46, 1, 54, 42, 0, 53, 50, 0, 52, 43, 0, 63, 66, 0, 62, 172, 0, 61, 67, 0, 57, 69, 1, 56, 82, 1, 59, 70, 1, 58, 71, 5, 59, 83, 5, 113, 72, 5, 111, 72, 4, 57, 83, 4, 58, 74, 4, 112, 76, 3, 56, 173, 3, 57, 77, 3, 112, 73, 2, 113, 78, 2, 59, 77, 2, 67, 19, 5, 63, 83, 5, 60, 79, 5, 60, 74, 4, 61, 174, 4, 65, 19, 4, 61, 77, 3, 62, 173, 3, 66, 81, 3, 62, 79, 2, 63, 175, 2, 67, 82, 2, 69, 74, 2, 68, 83, 2, 20, 19, 2, 70, 77, 3, 69, 173, 3, 21, 81, 3, 71, 79, 4, 70, 176, 4, 22, 82, 4, 20, 19, 5, 68, 83, 5, 71, 79, 5, 17, 75, 2, 16, 72, 2, 106, 83, 2, 17, 76, 3, 109, 173, 3, 108, 77, 3, 18, 78, 4, 108, 77, 4, 107, 79, 4, 107, 71, 5, 106, 83, 5, 16, 72, 5, 96, 84, 5, 91, 88, 5, 31, 85, 5, 97, 87, 5, 90, 90, 5, 91, 88, 5, 98, 89, 5, 89, 92, 5, 90, 90, 5, 99, 91, 5, 88, 93, 5, 89, 92, 5, 100, 41, 5, 87, 40, 5, 88, 93, 5, 82, 94, 4, 87, 98, 4, 27, 95, 4, 83, 97, 4, 88, 100, 4, 87, 98, 4, 83, 97, 4, 84, 102, 4, 89, 99, 4, 85, 101, 4, 90, 103, 4, 89, 99, 4, 86, 38, 4, 91, 37, 4, 90, 103, 4, 101, 104, 3, 82, 108, 3, 26, 105, 3, 102, 107, 3, 83, 110, 3, 82, 108, 3, 103, 109, 3, 84, 112, 3, 83, 110, 3, 104, 111, 3, 85, 113, 3, 84, 112, 3, 105, 35, 3, 86, 34, 3, 85, 113, 3, 72, 114, 2, 77, 118, 2, 25, 115, 2, 73, 117, 2, 78, 120, 2, 77, 118, 2, 74, 119, 2, 79, 122, 2, 78, 120, 2, 75, 121, 2, 80, 123, 2, 79, 122, 2, 76, 32, 2, 81, 31, 2, 80, 123, 2, 81, 124, 3, 105, 35, 3, 104, 111, 3, 80, 125, 3, 104, 111, 3, 103, 109, 3, 79, 126, 3, 103, 109, 3, 102, 107, 3, 78, 127, 3, 102, 107, 3, 101, 104, 3, 77, 128, 3, 101, 104, 3, 93, 106, 3, 72, 130, 5, 100, 41, 5, 99, 91, 5, 73, 131, 5, 99, 91, 5, 98, 89, 5, 74, 132, 5, 98, 89, 5, 97, 87, 5, 75, 133, 5, 97, 87, 5, 96, 84, 5, 76, 134, 5, 96, 84, 5, 94, 86, 5, 24, 136, 5, 92, 39, 5, 100, 41, 5, 29, 137, 3, 95, 33, 3, 105, 35, 3, 94, 29, 1, 95, 28, 1, 29, 138, 1, 24, 140, 0, 25, 177, 0, 93, 24, 0, 108, 69, 1, 109, 82, 1, 106, 70, 1, 67, 21, 1, 64, 159, 1, 65, 22, 1, 68, 66, 0, 69, 172, 0, 70, 67, 0, 112, 18, 0, 111, 70, 0, 110, 19, 0, 114, 141, 0, 115, 145, 0, 116, 142, 0, 118, 144, 1, 121, 142, 1, 120, 145, 1, 118, 144, 2, 119, 178, 2, 115, 147, 2, 119, 149, 3, 120, 143, 3, 116, 150, 3, 120, 143, 4, 121, 142, 4, 117, 152, 4, 114, 148, 5, 117, 152, 5, 121, 142, 5]
        },
        "vcounts": {
            "stride": 1,
            "count": 122,
            "array": [1, 1, 1, 1, 1, 2, 1, 3, 1, 1, 1, 1, 1, 1, 1, 1, 1, 1, 1, 1, 1, 1, 1, 1, 1, 1, 1, 1, 1, 1, 1, 1, 1, 1, 1, 1, 1, 1, 1, 1, 1, 1, 1, 1, 1, 1, 1, 1, 1, 1, 1, 1, 1, 1, 1, 1, 1, 1, 1, 1, 1, 1, 1, 1, 1, 1, 1, 1, 1, 1, 1, 1, 2, 2, 2, 2, 2, 2, 2, 2, 2, 2, 2, 2, 2, 2, 2, 2, 2, 2, 2, 2, 1, 1, 1, 1, 2, 2, 2, 2, 2, 2, 2, 2, 2, 2, 1, 1, 1, 1, 1, 1, 1, 1, 1, 1, 1, 1, 1, 1, 1, 2]
        },
        "weights": {
            "stride": 1,
            "count": 39,
            "array": [1.0, 0.9944, 0.0056, 0.9899, 0.005, 0.0051, 0.746, 0.254, 0.7461, 0.2539, 0.5019, 0.4981, 0.2558, 0.7442, 0.23, 0.77, 0.7457, 0.2543, 0.7456, 0.2544, 0.5017, 0.4983, 0.2561, 0.7439, 0.2355, 0.7645, 0.5018, 0.4982, 0.2562, 0.7438, 0.2329, 0.7671, 0.2327, 0.7673, 0.7686, 0.2314, 0.7658, 0.2342, 0.9949]
        },
        "vindices": {
            "stride": 1,
            "count": 312,
            "array": [9, 0, 9, 0, 9, 0, 9, 0, 9, 0, 9, 1, 15, 2, 9, 0, 9, 3, 10, 4, 15, 5, 5, 0, 5, 0, 5, 0, 5, 0, 4, 0, 4, 0, 4, 0, 4, 0, 12, 0, 12, 0, 12, 0, 12, 0, 11, 0, 11, 0, 11, 0, 11, 0, 7, 0, 7, 0, 7, 0, 7, 0, 8, 0, 8, 0, 8, 0, 8, 0, 4, 0, 4, 0, 4, 0, 4, 0, 5, 0, 5, 0, 5, 0, 5, 0, 2, 0, 2, 0, 2, 0, 2, 0, 1, 0, 1, 0, 1, 0, 1, 0, 1, 0, 1, 0, 1, 0, 1, 0, 2, 0, 2, 0, 2, 0, 2, 0, 17, 0, 17, 0, 17, 0, 17, 0, 16, 0, 16, 0, 16, 0, 16, 0, 16, 0, 16, 0, 16, 0, 16, 0, 11, 0, 11, 0, 11, 0, 11, 0, 7, 6, 8, 7, 7, 8, 8, 9, 7, 10, 8, 11, 7, 12, 8, 13, 7, 14, 8, 15, 7, 16, 8, 17, 7, 18, 8, 19, 7, 20, 8, 21, 7, 22, 8, 23, 7, 24, 8, 25, 7, 16, 8, 17, 7, 16, 8, 17, 7, 26, 8, 27, 7, 28, 8, 29, 7, 30, 8, 31, 7, 6, 8, 7, 7, 6, 8, 7, 7, 20, 8, 21, 7, 12, 8, 13, 7, 32, 8, 33, 7, 0, 7, 0, 8, 0, 8, 0, 8, 34, 7, 35, 8, 13, 7, 12, 8, 27, 7, 26, 8, 7, 7, 6, 8, 7, 7, 6, 8, 17, 7, 16, 8, 17, 7, 16, 8, 27, 7, 26, 8, 29, 7, 28, 8, 36, 7, 37, 12, 0, 12, 0, 12, 0, 12, 0, 17, 0, 17, 0, 17, 0, 17, 0, 9, 0, 9, 0, 9, 0, 9, 0, 9, 0, 9, 0, 9, 0, 9, 38, 15, 5]
        }
    },
    "armature": {
        "joints": ["Root", "Thigh_R", "Leg_R", "Knee_R", "Thigh_L", "Leg_L", "Knee_L", "Torso", "Chest", "Head", "Shoulder_R", "Arm_R", "Hand_R", "Tool_R", "Elbow_R", "Shoulder_L", "Arm_L", "Hand_L", "Tool_L", "Elbow_L"],
        "hierarchy": [
            {
                "name": "Root",
                "transform": [1.0, 0.0, 0.0, -5e-06, 0.0, 0.0, -1.0, 0.000946, 0.0, 1.0, 0.0, 0.763972, 0.0, 0.0, 0.0, 1.0],
                "children": [
                    {
                        "name": "Thigh_R",
                        "transform": [1.0, -0.0, -0.0, 0.124994, 0.0, -1.0, 1e-06, -0.002831, -0.0, -0.0, -1.0, -1.2e-05, 0.0, 0.0, 0.0, 1.0],
                        "children": [
                            {
                                "name": "Leg_R",
                                "transform": [1.0, 0.0, 1e-06, 0.0, -0.0, 1.0, 0.0, 0.37472, -1e-06, -0.0, 1.0, 0.0, 0.0, 0.0, 0.0, 1.0],
                                "children": []
                            },
                            {
                                "name": "Knee_R",
                                "transform": [1.0, 0.0, -0.0, 0.0, -0.0, 1e-06, -1.0, 0.37472, -0.0, 1.0, 1e-06, 0.0, 0.0, 0.0, 0.0, 1.0],
                                "children": []
                            }
                        ]
                    },
                    {
                        "name": "Thigh_L",
                        "transform": [1.0, -0.0, -0.0, -0.125006, 0.0, -1.0, 1e-06, -0.002831, -0.0, -0.0, -1.0, -1.2e-05, 0.0, 0.0, 0.0, 1.0],
                        "children": [
                            {
                                "name": "Leg_L",
                                "transform": [1.0, 0.0, 1e-06, -0.0, -0.0, 1.0, 0.0, 0.37472, -1e-06, -0.0, 1.0, 0.0, 0.0, 0.0, 0.0, 1.0],
                                "children": []
                            },
                            {
                                "name": "Knee_L",
                                "transform": [1.0, 0.0, -0.0, -0.0, -0.0, 1e-06, -1.0, 0.37472, -0.0, 1.0, 1e-06, 0.0, 0.0, 0.0, 0.0, 1.0],
                                "children": []
                            }
                        ]
                    },
                    {
                        "name": "Torso",
                        "transform": [1.0, 0.0, 0.0, 0.0, 0.0, 1.0, 0.0, 0.05, 0.0, 0.0, 1.0, 0.0, 0.0, 0.0, 0.0, 1.0],
                        "children": [
                            {
                                "name": "Chest",
                                "transform": [1.0, 0.0, 0.0, 0.0, 0.0, 1.0, 0.0, 0.3, 0.0, 0.0, 1.0, 0.0, 0.0, 0.0, 0.0, 1.0],
                                "children": [
                                    {
                                        "name": "Head",
                                        "transform": [1.0, 0.0, 0.0, 0.0, 0.0, 1.0, 0.0, 0.4, 0.0, 0.0, 1.0, 0.0, 0.0, 0.0, 0.0, 1.0],
                                        "children": []
                                    },
                                    {
                                        "name": "Shoulder_R",
                                        "transform": [-0.0, 0.932661, 0.360754, 0.0, -0.0, -0.360754, 0.932661, 0.4, 1.0, 0.0, 0.0, 0.0, 0.0, 0.0, 0.0, 1.0],
                                        "children": [
                                            {
                                                "name": "Arm_R",
                                                "transform": [0.0, 0.0, -1.0, 0.0, 0.932661, 0.360754, 0.0, 0.333802, 0.360754, -0.932661, 0.0, 0.0, 0.0, 0.0, 0.0, 1.0],
                                                "children": [
                                                    {
                                                        "name": "Hand_R",
                                                        "transform": [1.0, 0.0, -0.0, 0.0, -0.0, 1.0, 0.0, 0.3, 0.0, -0.0, 1.0, 0.0, 0.0, 0.0, 0.0, 1.0],
                                                        "children": [
                                                            {
                                                                "name": "Tool_R",
                                                                "transform": [1.0, 0.0, 0.0, 0.0, 0.0, -1.0, 0.0, 0.271204, 0.0, -0.0, -1.0, -0.0, 0.0, 0.0, 0.0, 1.0],
                                                                "children": []
                                                            }
                                                        ]
                                                    },
                                                    {
                                                        "name": "Elbow_R",
                                                        "transform": [-1.0, 0.0, -0.0, 0.0, 0.0, -0.0, -1.0, 0.3, -0.0, -1.0, 0.0, 0.0, 0.0, 0.0, 0.0, 1.0],
                                                        "children": []
                                                    }
                                                ]
                                            }
                                        ]
                                    },
                                    {
                                        "name": "Shoulder_L",
                                        "transform": [-0.0, -0.932661, -0.360754, 0.0, 0.0, -0.360754, 0.932661, 0.4, -1.0, 0.0, 0.0, 0.0, 0.0, 0.0, 0.0, 1.0],
                                        "children": [
                                            {
                                                "name": "Arm_L",
                                                "transform": [-0.0, -0.0, 1.0, 0.0, -0.932661, 0.360754, -0.0, 0.333802, -0.360754, -0.932661, -0.0, -0.0, 0.0, 0.0, 0.0, 1.0],
                                                "children": [
                                                    {
                                                        "name": "Hand_L",
                                                        "transform": [1.0, -0.0, 0.0, 0.0, 0.0, 1.0, 0.0, 0.3, -0.0, -0.0, 1.0, -0.0, 0.0, 0.0, 0.0, 1.0],
                                                        "children": [
                                                            {
                                                                "name": "Tool_L",
                                                                "transform": [1.0, 0.0, 0.0, -0.0, 0.0, -1.0, 0.0, 0.271204, 0.0, -0.0, -1.0, -0.0, 0.0, 0.0, 0.0, 1.0],
                                                                "children": []
                                                            }
                                                        ]
                                                    },
                                                    {
                                                        "name": "Elbow_L",
                                                        "transform": [-1.0, 0.0, -0.0, 0.0, 0.0, -0.0, -1.0, 0.3, -0.0, -1.0, 0.0, -0.0, 0.0, 0.0, 0.0, 1.0],
                                                        "children": []
                                                    }
                                                ]
                                            }
                                        ]
                                    }
                                ]
                            }
                        ]
                    }
                ]
            }
        ]
    },
    "animation": [
        {
            "name": "Root",
            "time": [0.0, 0.1333, 0.3, 0.3667, 0.4333, 0.75],
            "transform": [
                [0.84469, 0.010425, 0.535155, -5e-06, 0.535191, -0.000866, -0.844731, 0.000946, -0.008343, 0.999945, -0.006311, 0.61152, 0.0, 0.0, 0.0, 1.0],
                [0.686978, 0.022684, 0.726324, 0.054819, 0.72654, -0.001967, -0.687121, 0.040606, -0.014158, 0.999741, -0.017832, 0.64581, 0.0, 0.0, 0.0, 1.0],
                [0.48579, 0.034899, 0.873379, -5e-06, 0.873911, -0.0, -0.486086, 0.253008, -0.016964, 0.999391, -0.030499, 0.62319, 0.0, 0.0, 0.0, 1.0],
                [0.798165, 0.0, -0.602439, -5e-06, -0.602439, 0.0, -0.798165, 0.600946, 0.0, 1.0, 0.0, 0.633137, 0.0, 0.0, 0.0, 1.0],
                [0.536264, 0.0, -0.84405, -5e-06, -0.84405, 0.0, -0.536264, 0.700946, 0.0, 1.0, 0.0, 0.624034, 0.0, 0.0, 0.0, 1.0],
                [0.301055, 0.0, -0.953607, -5e-06, -0.953607, 0.0, -0.301055, 0.700946, 0.0, 1.0, 0.0, 0.6181, 0.0, 0.0, 0.0, 1.0]
            ]
        },
        {
            "name": "Thigh_R",
            "time": [0.0, 0.1333, 0.3, 0.3333, 0.3667, 0.4333, 0.75],
            "transform": [
                [0.928428, 0.369491, -0.038626, 0.124994, 0.316039, -0.730879, 0.604922, -0.002831, 0.195283, -0.573834, -0.795345, -1.2e-05, 0.0, 0.0, 0.0, 1.0],
                [0.94732, 0.317439, 0.042561, 0.124994, 0.268073, -0.858587, 0.436989, -0.002831, 0.17526, -0.40256, -0.898456, -1.2e-05, 0.0, 0.0, 0.0, 1.0],
                [0.972037, 0.189145, 0.139147, 0.124994, 0.167978, -0.974186, 0.15079, -0.002831, 0.164077, -0.1232, -0.97872, -1.2e-05, 0.0, 0.0, 0.0, 1.0],
                [0.973728, 0.219469, 0.060672, 0.124991, 0.217866, -0.975452, 0.031969, -0.002309, 0.066199, -0.01791, -0.997643, -7e-06, 0.0, 0.0, 0.0, 1.0],
                [0.92434, 0.312679, -0.218683, 0.124985, 0.365827, -0.889124, 0.275001, -0.001525, -0.108449, -0.334195, -0.936241, 2e-06, 0.0, 0.0, 0.0, 1.0],
                [0.895594, 0.316194, -0.312932, 0.124983, 0.401152, -0.878088, 0.260833, -0.001204, -0.192308, -0.359135, -0.913255, 5e-06, 0.0, 0.0, 0.0, 1.0],
                [0.893044, 0.344343, -0.289648, 0.124983, 0.437864, -0.813317, 0.383125, -0.001204, -0.103649, -0.468975, -0.877106, 5e-06, 0.0, 0.0, 0.0, 1.0]
            ]
        },
        {
            "name": "Leg_R",
            "time": [0.0, 0.3, 0.3333, 0.3667, 0.4333, 0.75],
            "transform": [
                [1.000002, -0.0, 1e-06, 0.0, -0.0, 0.642173, 0.766561, 0.37472, -1e-06, -0.76656, 0.642174, -0.0, 0.0, 0.0, 0.0, 1.0],
                [1.000002, -0.0, 1e-06, -0.0, -0.0, 0.604696, 0.796458, 0.37472, -1e-06, -0.796458, 0.604696, -0.0, 0.0, 0.0, 0.0, 1.0],
                [1.000001, -0.0, 1e-06, 0.0, -0.0, 0.718867, 0.695149, 0.37472, -1e-06, -0.695149, 0.718867, 0.0, 0.0, 0.0, 0.0, 1.0],
                [1.000001, -0.0, 1e-06, 0.0, -0.0, 0.804783, 0.59357, 0.37472, -1e-06, -0.593571, 0.804783, 0.0, 0.0, 0.0, 0.0, 1.0],
                [1.000001, -0.0, 1e-06, -0.0, -0.0, 0.820114, 0.572201, 0.37472, -1e-06, -0.572201, 0.820114, -0.0, 0.0, 0.0, 0.0, 1.0],
                [1.000001, -0.0, 1e-06, -0.0, -0.0, 0.812422, 0.583072, 0.37472, -1e-06, -0.583071, 0.812423, 0.0, 0.0, 0.0, 0.0, 1.0]
            ]
        },
        {
            "name": "Knee_R",
            "time": [0.0, 0.3, 0.3667, 0.4333, 0.75],
            "transform": [
                [1.0, 0.0, -0.0, 0.0, -0.0, 1e-06, -1.0, 0.37472, -0.0, 1.0, 1e-06, -0.0, 0.0, 0.0, 0.0, 1.0],
                [1.0, 0.0, -0.0, -0.0, -0.0, 1e-06, -1.0, 0.37472, -0.0, 1.0, 1e-06, -0.0, 0.0, 0.0, 0.0, 1.0],
                [1.0, 0.0, -0.0, 0.0, -0.0, 1e-06, -1.0, 0.37472, -0.0, 1.0, 1e-06, 0.0, 0.0, 0.0, 0.0, 1.0],
                [1.0, 0.0, -0.0, -0.0, -0.0, 1e-06, -1.0, 0.37472, -0.0, 1.0, 1e-06, -0.0, 0.0, 0.0, 0.0, 1.0],
                [1.0, 0.0, -0.0, -0.0, -0.0, 1e-06, -1.0, 0.37472, -0.0, 1.0, 1e-06, 0.0, 0.0, 0.0, 0.0, 1.0]
            ]
        },
        {
            "name": "Thigh_L",
            "time": [0.0, 0.3, 0.3333, 0.3667, 0.4333, 0.75],
            "transform": [
                [0.937546, -0.315057, 0.147461, -0.125006, -0.30839, -0.948917, -0.066685, -0.002831, 0.160938, 0.017045, -0.986816, -1.2e-05, 0.0, 0.0, 0.0, 1.0],
                [0.966038, -0.043976, 0.254627, -0.125006, -0.184923, -0.805921, 0.562397, -0.002831, 0.180478, -0.590384, -0.786684, -1.2e-05, 0.0, 0.0, 0.0, 1.0],
                [0.995253, -0.056474, 0.079256, -0.125002, -0.091741, -0.816177, 0.57047, -0.003483, 0.032471, -0.575033, -0.817484, -1.9e-05, 0.0, 0.0, 0.0, 1.0],
                [0.944657, -0.324226, -0.049992, -0.124998, -0.264877, -0.843725, 0.466867, -0.004136, -0.193551, -0.427788, -0.882912, -2.5e-05, 0.0, 0.0, 0.0, 1.0],
                [0.901303, -0.432508, -0.024278, -0.124995, -0.387792, -0.830557, 0.399739, -0.004457, -0.193055, -0.35087, -0.916307, -2.9e-05, 0.0, 0.0, 0.0, 1.0],
                [0.867712, -0.496737, 0.018081, -0.125006, -0.486044, -0.840291, 0.240149, -0.004457, -0.104097, -0.217168, -0.970567, -2.8e-05, 0.0, 0.0, 0.0, 1.0]
            ]
        },
        {
            "name": "Leg_L",
            "time": [0.0, 0.3, 0.3333, 0.3667, 0.4333, 0.75],
            "transform": [
                [0.999999, -0.0, 1e-06, 0.0, -0.0, 0.797406, 0.603445, 0.37472, -1e-06, -0.603445, 0.797406, 0.0, 0.0, 0.0, 0.0, 1.0],
                [0.999999, -1e-06, 1e-06, 0.0, -0.0, 0.461628, 0.887076, 0.37472, -1e-06, -0.887075, 0.461629, 0.0, 0.0, 0.0, 0.0, 1.0],
                [1.0, -1e-06, 1e-06, -0.0, -0.0, 0.472513, 0.881325, 0.37472, -1e-06, -0.881325, 0.472513, -0.0, 0.0, 0.0, 0.0, 1.0],
                [1.0, -0.0, 1e-06, 0.0, -0.0, 0.71382, 0.700331, 0.37472, -1e-06, -0.70033, 0.713821, -0.0, 0.0, 0.0, 0.0, 1.0],
                [0.999999, -0.0, 1e-06, 0.0, -0.0, 0.784605, 0.619997, 0.37472, -1e-06, -0.619996, 0.784606, 0.0, 0.0, 0.0, 0.0, 1.0],
                [0.999999, -0.0, 1e-06, -0.0, -0.0, 0.822941, 0.568128, 0.37472, -1e-06, -0.568126, 0.822943, -0.0, 0.0, 0.0, 0.0, 1.0]
            ]
        },
        {
            "name": "Knee_L",
            "time": [0.0, 0.3, 0.3667, 0.4333, 0.75],
            "transform": [
                [1.0, 0.0, -0.0, 0.0, -0.0, 1e-06, -1.0, 0.37472, -0.0, 1.0, 1e-06, 0.0, 0.0, 0.0, 0.0, 1.0],
                [1.0, 0.0, -0.0, 0.0, -0.0, 1e-06, -1.0, 0.37472, -0.0, 1.0, 1e-06, 0.0, 0.0, 0.0, 0.0, 1.0],
                [1.0, 0.0, -0.0, 0.0, -0.0, 1e-06, -1.0, 0.37472, 0.0, 1.0, 1e-06, -0.0, 0.0, 0.0, 0.0, 1.0],
                [1.0, 0.0, -0.0, 0.0, -0.0, 1e-06, -1.0, 0.37472, -0.0, 1.0, 1e-06, 0.0, 0.0, 0.0, 0.0, 1.0],
                [1.0, 0.0, -0.0, -0.0, -0.0, 1e-06, -1.0, 0.37472, -0.0, 1.0, 1e-06, -0.0, 0.0, 0.0, 0.0, 1.0]
            ]
        },
        {
            "name": "Torso",
            "time": [0.0, 0.1333, 0.3, 0.3333, 0.3667, 0.4333, 0.75],
            "transform": [
                [0.999932, 0.011517, -0.001403, 0.0, -0.011576, 0.998508, -0.053355, 0.05, 0.000787, 0.053368, 0.998575, 0.0, 0.0, 0.0, 0.0, 1.0],
                [0.992909, -0.117755, 0.016299, 0.0, 0.118805, 0.978153, -0.170593, 0.05, 0.004146, 0.171319, 0.985207, 0.0, 0.0, 0.0, 0.0, 1.0],
                [0.999992, 0.003312, -0.002203, 0.0, -0.00342, 0.998682, -0.051206, 0.05, 0.002031, 0.051213, 0.998686, 0.0, 0.0, 0.0, 0.0, 1.0],
                [0.999353, -0.035884, -0.002511, 0.0, 0.035713, 0.998105, -0.050106, 0.05, 0.004304, 0.049984, 0.998741, -0.0, 0.0, 0.0, 0.0, 1.0],
                [0.992787, -0.119878, -0.001597, -0.0, 0.119724, 0.992035, -0.039157, 0.05, 0.006278, 0.038684, 0.999232, 0.0, 0.0, 0.0, 0.0, 1.0],
                [0.989666, -0.143382, -0.00159, 0.0, 0.14315, 0.988588, -0.046926, 0.05, 0.0083, 0.046214, 0.998897, 0.0, 0.0, 0.0, 0.0, 1.0],
                [0.98752, -0.130025, -0.088869, -0.0, 0.124503, 0.990081, -0.065098, 0.05, 0.096452, 0.053221, 0.993914, -0.0, 0.0, 0.0, 0.0, 1.0]
            ]
        },
        {
            "name": "Chest",
            "time": [0.0, 0.1333, 0.2, 0.3, 0.3333, 0.3667, 0.4333, 0.75],
            "transform": [
                [0.963657, -0.003343, 0.267123, -0.0, -0.014143, 0.997881, 0.063507, 0.3, -0.266769, -0.064976, 0.961568, -0.0, 0.0, 0.0, 0.0, 1.0],
                [0.881069, 0.014756, 0.472758, -0.0, -0.037396, 0.998557, 0.038527, 0.3, -0.471508, -0.051624, 0.880349, -0.0, 0.0, 0.0, 0.0, 1.0],
                [0.797277, -0.001149, 0.603612, 0.0, 0.022519, 0.999358, -0.027842, 0.3, -0.603193, 0.035791, 0.796791, 0.0, 0.0, 0.0, 0.0, 1.0],
                [0.999772, 0.021369, -0.000277, -0.0, -0.02137, 0.999757, -0.005418, 0.3, 0.000161, 0.005423, 0.999985, 0.0, 0.0, 0.0, 0.0, 1.0],
                [0.893439, 0.033578, 0.447928, 0.0, -0.044235, 0.998932, 0.013348, 0.3, -0.447002, -0.031739, 0.89397, 0.0, 0.0, 0.0, 0.0, 1.0],
                [0.950727, 0.045675, -0.306645, -0.0, -0.022206, 0.99658, 0.079594, 0.3, 0.309232, -0.068863, 0.94849, 0.0, 0.0, 0.0, 0.0, 1.0],
                [0.922932, 0.095205, -0.373004, -0.0, -0.056305, 0.9919, 0.113856, 0.3, 0.380823, -0.084079, 0.920817, -0.0, 0.0, 0.0, 0.0, 1.0],
                [0.956244, 0.096558, -0.276176, 0.0, -0.064352, 0.990267, 0.123408, 0.3, 0.285405, -0.100235, 0.953151, -0.0, 0.0, 0.0, 0.0, 1.0]
            ]
        },
        {
            "name": "Head",
            "time": [0.0, 0.1333, 0.2, 0.3, 0.3333, 0.3667, 0.4333, 0.75],
            "transform": [
                [0.746564, -0.006501, -0.665282, 0.0, 0.024403, 0.999547, 0.017618, 0.4, 0.664866, -0.029388, 0.746385, 0.0, 0.0, 0.0, 0.0, 1.0],
                [0.504934, 0.104129, -0.856854, 0.0, 0.060598, 0.985971, 0.155529, 0.4, 0.861028, -0.130455, 0.49154, 0.0, 0.0, 0.0, 0.0, 1.0],
                [0.324132, 0.047953, -0.944796, 0.0, 0.089968, 0.992625, 0.081246, 0.4, 0.941724, -0.111335, 0.317428, 0.0, 0.0, 0.0, 0.0, 1.0],
                [0.557698, -0.038627, -0.829145, 0.0, 0.088809, 0.995959, 0.013335, 0.4, 0.82528, -0.081072, 0.558875, -0.0, 0.0, 0.0, 0.0, 1.0],
                [0.809715, 0.044868, -0.585106, -0.0, 0.005661, 0.996429, 0.084244, 0.4, 0.586797, -0.071526, 0.806569, -0.0, 0.0, 0.0, 0.0, 1.0],
                [0.613526, -0.004561, 0.789661, 0.0, 0.025063, 0.999592, -0.0137, 0.4, -0.789276, 0.028196, 0.613391, 0.0, 0.0, 0.0, 0.0, 1.0],
                [0.211968, 0.000584, 0.977277, -0.0, 0.037977, 0.99924, -0.008834, 0.4, -0.976539, 0.038986, 0.211784, -0.0, 0.0, 0.0, 0.0, 1.0],
                [0.099305, -0.00506, 0.995044, -0.0, 0.020701, 0.999781, 0.003018, 0.4, -0.994842, 0.020299, 0.099388, 0.0, 0.0, 0.0, 0.0, 1.0]
            ]
        },
        {
            "name": "Shoulder_R",
            "time": [0.0, 0.3, 0.3667, 0.4333, 0.75],
            "transform": [
                [0.982124, 0.123085, 0.142417, 0.0, -0.077523, -0.424961, 0.901886, 0.4, 0.17153, -0.896804, -0.407822, 0.0, 0.0, 0.0, 0.0, 1.0],
                [0.79741, 0.486029, 0.357651, 0.0, -0.156487, -0.405859, 0.900439, 0.4, 0.582795, -0.773986, -0.247579, -0.0, 0.0, 0.0, 0.0, 1.0],
                [-0.079797, 0.928415, 0.362874, 0.0, -0.140027, -0.370865, 0.91807, 0.4, 0.986927, 0.022447, 0.159597, 0.0, 0.0, 0.0, 0.0, 1.0],
                [-0.24433, 0.914844, 0.321502, -0.0, -0.175851, -0.367856, 0.913104, 0.4, 0.953614, 0.166562, 0.250755, -0.0, 0.0, 0.0, 0.0, 1.0],
                [-0.24433, 0.914844, 0.321502, -0.0, -0.175851, -0.367856, 0.913104, 0.4, 0.953614, 0.166562, 0.250755, 0.0, 0.0, 0.0, 0.0, 1.0]
            ]
        },
        {
            "name": "Arm_R",
            "time": [0.0, 0.2, 0.3, 0.3333, 0.3667, 0.4333, 0.75],
            "transform": [
                [-0.014523, -0.990951, 0.133429, -3e-05, 0.959259, 0.023847, 0.281519, 0.34081, -0.282154, 0.132082, 0.950233, -0.020873, 0.0, 0.0, 0.0, 1.0],
                [0.179848, -0.9755, -0.126704, -0.006422, -0.387285, 0.048185, -0.9207, 0.35307, 0.904248, 0.214656, -0.36913, -0.060477, 0.0, 0.0, 0.0, 1.0],
                [0.356646, -0.921175, -0.15569, -0.007547, -0.45263, -0.024592, -0.891359, 0.355227, 0.817269, 0.38837, -0.425722, -0.067444, 0.0, 0.0, 0.0, 1.0],
                [0.06135, -0.990246, -0.125092, -0.005707, -0.267916, 0.10439, -0.95777, 0.351699, 0.961487, 0.092274, -0.258899, -0.056045, 0.0, 0.0, 0.0, 1.0],
                [-0.366988, -0.919012, -0.144002, -0.095951, -0.178674, 0.22156, -0.958638, 0.347466, 0.912905, -0.326079, -0.245513, -0.050044, 0.0, 0.0, 0.0, 1.0],
                [-0.540848, -0.707439, -0.454987, -3e-05, -0.228548, 0.644179, -0.72993, 0.34081, 0.809475, -0.290795, -0.510087, -0.020873, 0.0, 0.0, 0.0, 1.0],
                [-0.516549, -0.738025, -0.43416, -3e-05, -0.346541, 0.643851, -0.682176, 0.34081, 0.782998, -0.201923, -0.588337, -0.020873, 0.0, 0.0, 0.0, 1.0]
            ]
        },
        {
            "name": "Hand_R",
            "time": [0.0, 0.3, 0.3333, 0.3667, 0.4333, 0.75],
            "transform": [
                [0.999883, -0.0032, 0.014952, 0.0, 0.006813, 0.968667, -0.248269, 0.3, -0.013689, 0.248341, 0.968576, 0.0, 0.0, 0.0, 0.0, 1.0],
                [0.99876, -0.009652, 0.048842, 0.0, 0.034162, 0.846488, -0.53131, 0.3, -0.036216, 0.532319, 0.845769, 0.0, 0.0, 0.0, 0.0, 1.0],
                [0.999557, -0.006277, 0.029102, -0.0, 0.019061, 0.885836, -0.463607, 0.3, -0.022869, 0.463956, 0.885563, -0.0, 0.0, 0.0, 0.0, 1.0],
                [0.999955, -0.003523, 0.008826, -0.0, 0.005863, 0.959632, -0.281196, 0.3, -0.007479, 0.281235, 0.95961, 0.0, 0.0, 0.0, 0.0, 1.0],
                [0.999998, -0.001921, -0.000834, 0.0, 0.00173, 0.982191, -0.187877, 0.3, 0.00118, 0.187875, 0.982192, -0.0, 0.0, 0.0, 0.0, 1.0],
                [0.999998, -0.001921, -0.000834, -0.0, 0.00173, 0.982191, -0.187877, 0.3, 0.00118, 0.187875, 0.982192, 0.0, 0.0, 0.0, 0.0, 1.0]
            ]
        },
        {
            "name": "Tool_R",
            "time": [0.0, 0.3, 0.3333, 0.3667, 0.4333, 0.75],
            "transform": [
                [1.0, -0.0, 0.0, -0.0, -0.0, -0.98011, -0.198456, 0.271204, 0.0, 0.198456, -0.98011, -0.0, 0.0, 0.0, 0.0, 1.0],
                [1.0, -0.0, 0.0, 0.0, -0.0, -0.856335, -0.516422, 0.271204, 0.0, 0.516421, -0.856335, -0.0, 0.0, 0.0, 0.0, 1.0],
                [1.0, -0.0, 0.0, 0.0, 0.0, -0.980713, -0.195453, 0.271204, 0.0, 0.195453, -0.980713, 0.0, 0.0, 0.0, 0.0, 1.0],
                [1.0, -0.0, 0.0, -0.0, 0.0, -0.682452, -0.730931, 0.271204, 0.0, 0.730931, -0.682452, -0.0, 0.0, 0.0, 0.0, 1.0],
                [1.0, -0.0, 0.0, 0.0, -0.0, -0.631957, -0.775004, 0.271204, 0.0, 0.775004, -0.631957, 0.0, 0.0, 0.0, 0.0, 1.0],
                [1.0, -0.0, 0.0, -0.0, -0.0, -0.687682, -0.726012, 0.271204, 0.0, 0.726013, -0.687682, 0.0, 0.0, 0.0, 0.0, 1.0]
            ]
        },
        {
            "name": "Elbow_R",
            "time": [0.0, 0.3, 0.3667, 0.4333, 0.75],
            "transform": [
                [-1.0, 0.0, -0.0, 0.0, -0.0, -0.0, -1.0, 0.3, -0.0, -1.0, 0.0, 0.0, 0.0, 0.0, 0.0, 1.0],
                [-1.0, 0.0, 0.0, 0.0, -0.0, -0.0, -1.0, 0.3, -0.0, -1.0, 0.0, 0.0, 0.0, 0.0, 0.0, 1.0],
                [-1.0, 0.0, -0.0, -0.0, 0.0, -0.0, -1.0, 0.3, -0.0, -1.0, 0.0, 0.0, 0.0, 0.0, 0.0, 1.0],
                [-1.0, 0.0, 0.0, 0.0, 0.0, -0.0, -1.0, 0.3, -0.0, -1.0, 0.0, -0.0, 0.0, 0.0, 0.0, 1.0],
                [-1.0, 0.0, -0.0, -0.0, 0.0, 0.0, -1.0, 0.3, -0.0, -1.0, 0.0, 0.0, 0.0, 0.0, 0.0, 1.0]
            ]
        },
        {
            "name": "Shoulder_L",
            "time": [0.0, 0.3, 0.3667, 0.4333, 0.75],
            "transform": [
                [-0.677053, -0.660353, -0.324856, 0.0, -0.23605, -0.223236, 0.945751, 0.4, -0.69705, 0.717006, -0.004734, 0.0, 0.0, 0.0, 0.0, 1.0],
                [-0.414716, -0.872003, -0.260041, 0.0, -0.019124, -0.277359, 0.960576, 0.4, -0.909749, 0.403339, 0.098349, -0.0, 0.0, 0.0, 0.0, 1.0],
                [0.669312, -0.692418, -0.269404, 0.0, 0.046094, -0.323203, 0.945206, 0.4, -0.74155, -0.645056, -0.184407, 0.0, 0.0, 0.0, 0.0, 1.0],
                [0.842327, -0.489583, -0.225375, -0.0, 0.065966, -0.321368, 0.944654, 0.4, -0.534914, -0.810574, -0.238401, -0.0, 0.0, 0.0, 0.0, 1.0],
                [0.842327, -0.489583, -0.225375, -0.0, 0.065966, -0.321368, 0.944654, 0.4, -0.534914, -0.810574, -0.238401, 0.0, 0.0, 0.0, 0.0, 1.0]
            ]
        },
        {
            "name": "Arm_L",
            "time": [0.0, 0.3, 0.3667, 0.4333, 0.75],
            "transform": [
                [0.297015, 0.720414, 0.626726, -0.000214, 0.223338, 0.585727, -0.779129, 0.325349, -0.928386, 0.371386, 0.013074, 0.02033, 0.0, 0.0, 0.0, 1.0],
