{
    "vertices": {
        "positions": {
            "stride": 3,
            "count": 122,
            "array": [0.25, 0.25, 1.500045, 0.25, -0.25, 1.500045, -0.25, -0.25, 1.500045, -0.25, 0.25, 1.500045, 0.25, 0.25, 2.000045, 0.25, -0.25, 2.000045, -0.25, -0.25, 2.000045, -0.25, 0.25, 2.000045, -0.062639, 0.0625, 4.4e-05, -0.062639, -0.0625, 4.4e-05, -0.187639, -0.0625, 4.4e-05, -0.187639, 0.0625, 4.4e-05, -0.062639, 0.0625, 0.750044, -0.062639, -0.0625, 0.750044, -0.187639, -0.0625, 0.750044, -0.187639, 0.0625, 0.750044, 0.374882, 0.0625, 0.750044, 0.374882, -0.0625, 0.750044, 0.249882, -0.0625, 0.750044, 0.249882, 0.0625, 0.750044, 0.374882, 0.0625, 1.500044, 0.374881, -0.0625, 1.500044, 0.249882, -0.0625, 1.500044, 0.249882, 0.0625, 1.500044, 0.25, 0.125, 0.750045, 0.25, -0.125, 0.750045, -0.25, -0.125, 0.750045, -0.25, 0.125, 0.750045, 0.25, 0.125, 1.500045, 0.25, -0.125, 1.500045, -0.25, -0.125, 1.500045, -0.25, 0.125, 1.500045, -0.062639, 0.0625, 0.375044, -0.062639, -0.0625, 0.375044, -0.187639, -0.0625, 0.375044, -0.187639, 0.0625, 0.375044, -0.062639, 0.0625, 0.375044, -0.187639, 0.0625, 0.375044, -0.187639, -0.0625, 0.375044, -0.062639, -0.0625, 0.375044, 0.188368, -0.0625, 0.375044, 0.063368, -0.0625, 0.375044, 0.063368, 0.0625, 0.375044, 0.188368, 0.0625, 0.375044, 0.063368, 0.0625, 0.375044, 0.063368, -0.0625, 0.375044, 0.188368, -0.0625, 0.375044, 0.188368, 0.0625, 0.375044, 0.063368, 0.0625, 0.750044, 0.063368, -0.0625, 0.750044, 0.188367, -0.0625, 0.750044, 0.188368, 0.0625, 0.750044, 0.063368, 0.0625, 4.4e-05, 0.063368, -0.0625, 4.4e-05, 0.188368, -0.0625, 4.4e-05, 0.188368, 0.0625, 4.4e-05, -0.250233, -0.0625, 1.125044, -0.375233, -0.0625, 1.125044, -0.375233, 0.0625, 1.125044, -0.250233, 0.0625, 1.125044, -0.375233, 0.0625, 1.125044, -0.375233, -0.0625, 1.125044, -0.250233, -0.0625, 1.125044, -0.250233, 0.0625, 1.125044, -0.375233, 0.0625, 1.500044, -0.375233, -0.0625, 1.500044, -0.250233, -0.0625, 1.500044, -0.250233, 0.0625, 1.500044, 0.374882, 0.0625, 1.125044, 0.374882, -0.0625, 1.125044, 0.249882, -0.0625, 1.125044, 0.249882, 0.0625, 1.125044, 0.25, 0.125, 0.875045, 0.25, 0.125, 1.000045, 0.25, 0.125, 1.125045, 0.25, 0.125, 1.250045, 0.25, 0.125, 1.375045, 0.25, -0.125, 0.875045, 0.25, -0.125, 1.000045, 0.25, -0.125, 1.125045, 0.25, -0.125, 1.250045, 0.25, -0.125, 1.375045, -0.25, -0.125, 0.875045, -0.25, -0.125, 1.000045, -0.25, -0.125, 1.125045, -0.25, -0.125, 1.250045, -0.25, -0.125, 1.375045, -0.25, 0.125, 0.875045, -0.25, 0.125, 1.000045, -0.25, 0.125, 1.125045, -0.25, 0.125, 1.250045, -0.25, 0.125, 1.375045, 0.0, 0.125, 0.750045, 0.0, -0.125, 0.750045, 0.0, 0.125, 1.500045, -0.0, -0.125, 1.500045, 0.0, 0.125, 1.375045, 0.0, 0.125, 1.250045, 0.0, 0.125, 1.125045, 0.0, 0.125, 1.000045, 0.0, 0.125, 0.875045, 0.0, -0.125, 0.875045, 0.0, -0.125, 1.000045, 0.0, -0.125, 1.125045, 0.0, -0.125, 1.250045, -0.0, -0.125, 1.375045, 0.374882, 0.0625, 1.125044, 0.249882, 0.0625, 1.125044, 0.249882, -0.0625, 1.125044, 0.374882, -0.0625, 1.125044, -0.375233, 0.0625, 0.750044, -0.375233, -0.0625, 0.750044, -0.250233, -0.0625, 0.750044, -0.250233, 0.0625, 0.750044, 0.275, 0.275, 1.475045, 0.275, -0.275, 1.475045, -0.275, -0.275, 1.475045, -0.275, 0.275, 1.475045, 0.275, 0.275, 2.025045, 0.275, -0.275, 2.025045, -0.275, -0.275, 2.025045, -0.275, 0.275, 2.025045]
        },
        "uvs": {
            "stride": 2,
            "count": 179,
            "array": [0.253125, 0.007031, 0.371875, 0.244531, 0.371875, 0.007031, 0.246875, 0.244531, 0.128125, 0.007031, 0.128125, 0.244531, 0.121875, 0.257031, 0.003125, 0.494531, 0.121875, 0.494531, 0.496875, 0.257031, 0.378125, 0.494531, 0.496875, 0.494531, 0.371875, 0.494531, 0.253125, 0.257031, 0.253125, 0.494531, 0.128125, 0.494531, 0.246875, 0.257031, 0.128125, 0.257031, 0.6875, 0.5, 0.656205, 0.5625, 0.65625, 0.5, 0.656582, 0.5628, 0.687377, 0.501611, 0.656641, 0.501562, 0.5, 0.625586, 0.562451, 0.50083, 0.5, 0.500928, 0.434375, 0.622656, 0.375, 0.503906, 0.375, 0.622656, 0.310937, 0.635156, 0.251562, 0.694531, 0.310937, 0.694531, 0.5625, 0.635156, 0.503125, 0.694531, 0.5625, 0.694531, 0.498437, 0.635156, 0.439062, 0.694531, 0.498437, 0.694531, 0.375, 0.991406, 0.434375, 0.932031, 0.375, 0.932031, 0.0625, 0.5, 0.031205, 0.5625, 0.03125, 0.5, 0.031582, 0.5628, 0.062377, 0.501611, 0.031641, 0.501562, 0.0625, 0.75, 0.09375, 0.5625, 0.0625, 0.5625, 0.09375, 0.75, 0.125, 0.5625, 0.0, 0.75, 0.0, 0.5625, 0.0625, 0.9375, 0.125, 0.9375, 0.09375, 0.9375, 0.03125, 0.9375, -4.5e-05, 0.9375, 0.062575, 0.75002, 0.093733, 0.5, 0.062488, 0.56308, 0.09368, 0.500919, 0.062617, 0.500917, 0.03125, 0.75, 0.687488, 0.56308, 0.71868, 0.500919, 0.687617, 0.500917, 0.718733, 0.5, 0.6875, 0.5625, 0.687575, 0.75002, 0.65625, 0.9375, 0.6875, 0.9375, 0.625, 0.75, 0.624955, 0.9375, 0.75, 0.9375, 0.71875, 0.75, 0.71875, 0.9375, 0.6875, 0.75, 0.625, 0.5625, 0.75, 0.5625, 0.71875, 0.5625, 0.65625, 0.75, 0.375, 0.694531, 0.434375, 0.635156, 0.375, 0.635156, 0.375, 0.753906, 0.434375, 0.694531, 0.375, 0.813281, 0.434375, 0.753906, 0.375, 0.872656, 0.434375, 0.813281, 0.434375, 0.872656, 0.498437, 0.932031, 0.439062, 0.991406, 0.498437, 0.991406, 0.498437, 0.872656, 0.439062, 0.932031, 0.439063, 0.813281, 0.439063, 0.872656, 0.498437, 0.753906, 0.498437, 0.813281, 0.439062, 0.753906, 0.5625, 0.932031, 0.503125, 0.991406, 0.5625, 0.991406, 0.5625, 0.872656, 0.503125, 0.932031, 0.5625, 0.813281, 0.503125, 0.872656, 0.5625, 0.753906, 0.503125, 0.813281, 0.503125, 0.753906, 0.310937, 0.932031, 0.251562, 0.991406, 0.310937, 0.991406, 0.310937, 0.872656, 0.251562, 0.932031, 0.310937, 0.813281, 0.251562, 0.872656, 0.310937, 0.753906, 0.251562, 0.813281, 0.251562, 0.753906, 0.621875, 0.694531, 0.621875, 0.753906, 0.621875, 0.813281, 0.621875, 0.872656, 0.621875, 0.932031, 0.621875, 0.991406, 0.315625, 0.932031, 0.315625, 0.872656, 0.315625, 0.813281, 0.315625, 0.753906, 0.315625, 0.694531, 0.315625, 0.635156, 0.315625, 0.991406, 0.621875, 0.635156, 0.315625, 0.503906, 0.315625, 0.622656, 0.437918, 0.501199, 0.875, 0.0, 0.75, 0.25, 0.875, 0.25, 0.625, 0.25, 0.75, 0.0, 0.625, 0.0, 0.5, 0.5, 0.625, 0.5, 1.0, 0.25, 0.875, 0.5, 1.0, 0.5, 0.75, 0.5, 0.253125, 0.244531, 0.246875, 0.007031, 0.003125, 0.257031, 0.378125, 0.257031, 0.371875, 0.257031, 0.246875, 0.494531, 0.687378, 0.562793, 0.562476, 0.625732, 0.434375, 0.503906, 0.251563, 0.635156, 0.503125, 0.635156, 0.439063, 0.635156, 0.434375, 0.991406, 0.062378, 0.562793, 0.093738, 0.75, 0.125, 0.75, 0.03125, 0.74986, 0.093732, 0.563413, 0.09375, 0.74986, 0.718732, 0.563413, 0.75, 0.75, 0.65625, 0.74986, 0.718738, 0.75, 0.71875, 0.74986, 0.437795, 0.625609, 0.5, 0.25]
        },
        "normals": {
            "stride": 3,
            "count": 6,
            "array": [0.0, 0.0, -1.0, 0.0, 0.0, 1.0, 1.0, 0.0, -0.0, -0.0, -1.0, -0.0, -1.0, 0.0, 0.0, 0.0, 1.0, 0.0]
        },
        "indices": {
            "stride": 3,
            "count": 600,
            "array": [0, 0, 0, 2, 1, 0, 3, 2, 0, 7, 3, 1, 5, 4, 1, 4, 5, 1, 4, 6, 2, 1, 7, 2, 0, 8, 2, 5, 9, 3, 2, 10, 3, 1, 11, 3, 2, 12, 4, 7, 13, 4, 3, 14, 4, 0, 15, 5, 7, 16, 5, 4, 17, 5, 17, 18, 0, 19, 19, 0, 16, 20, 0, 20, 21, 1, 22, 22, 1, 21, 23, 1, 93, 24, 0, 27, 25, 0, 92, 26, 0, 31, 27, 1, 95, 28, 1, 94, 29, 1, 28, 30, 2, 81, 31, 2, 76, 32, 2, 95, 33, 3, 86, 34, 3, 105, 35, 3, 30, 36, 4, 91, 37, 4, 86, 38, 4, 92, 39, 5, 87, 40, 5, 100, 41, 5, 9, 42, 0, 11, 43, 0, 8, 44, 0, 12, 45, 1, 14, 46, 1, 13, 47, 1, 33, 48, 2, 12, 49, 2, 13, 50, 2, 34, 51, 3, 13, 52, 3, 14, 49, 3, 35, 53, 4, 14, 43, 4, 15, 54, 4, 12, 43, 5, 35, 48, 5, 15, 50, 5, 9, 55, 2, 36, 51, 2, 39, 48, 2, 9, 56, 3, 38, 51, 3, 10, 57, 3, 10, 58, 4, 37, 53, 4, 11, 59, 4, 37, 60, 5, 8, 58, 5, 11, 55, 5, 38, 61, 1, 36, 50, 1, 37, 42, 1, 32, 62, 0, 34, 63, 0, 35, 64, 0, 47, 62, 0, 45, 63, 0, 44, 64, 0, 41, 61, 1, 43, 50, 1, 42, 42, 1, 42, 60, 5, 55, 58, 5, 52, 55, 5, 53, 57, 4, 42, 48, 4, 52, 55, 4, 54, 56, 3, 41, 51, 3, 53, 57, 3, 54, 59, 2, 43, 65, 2, 40, 53, 2, 51, 43, 5, 44, 48, 5, 48, 50, 5, 44, 48, 4, 49, 49, 4, 48, 50, 4, 45, 51, 3, 50, 52, 3, 49, 49, 3, 46, 53, 2, 51, 43, 2, 50, 54, 2, 51, 45, 1, 49, 46, 1, 50, 47, 1, 54, 42, 0, 52, 43, 0, 55, 44, 0, 63, 66, 0, 61, 67, 0, 60, 68, 0, 57, 69, 1, 59, 70, 1, 58, 18, 1, 58, 71, 5, 113, 72, 5, 110, 73, 5, 111, 72, 4, 58, 74, 4, 110, 75, 4, 112, 76, 3, 57, 77, 3, 111, 78, 3, 112, 73, 2, 59, 77, 2, 56, 79, 2, 67, 19, 5, 60, 79, 5, 64, 70, 5, 60, 74, 4, 65, 19, 4, 64, 80, 4, 61, 77, 3, 66, 81, 3, 65, 82, 3, 62, 79, 2, 67, 82, 2, 66, 70, 2, 69, 74, 2, 20, 19, 2, 21, 80, 2, 70, 77, 3, 21, 81, 3, 22, 82, 3, 71, 79, 4, 22, 82, 4, 23, 70, 4, 20, 19, 5, 71, 79, 5, 23, 70, 5, 17, 75, 2, 106, 83, 2, 109, 74, 2, 17, 76, 3, 108, 77, 3, 18, 78, 3, 18, 78, 4, 107, 79, 4, 19, 73, 4, 107, 71, 5, 16, 72, 5, 19, 73, 5, 96, 84, 5, 31, 85, 5, 94, 86, 5, 97, 87, 5, 91, 88, 5, 96, 84, 5, 98, 89, 5, 90, 90, 5, 97, 87, 5, 99, 91, 5, 89, 92, 5, 98, 89, 5, 100, 41, 5, 88, 93, 5, 99, 91, 5, 82, 94, 4, 27, 95, 4, 26, 96, 4, 83, 97, 4, 87, 98, 4, 82, 94, 4, 83, 97, 4, 89, 99, 4, 88, 100, 4, 85, 101, 4, 89, 99, 4, 84, 102, 4, 86, 38, 4, 90, 103, 4, 85, 101, 4, 101, 104, 3, 26, 105, 3, 93, 106, 3, 102, 107, 3, 82, 108, 3, 101, 104, 3, 103, 109, 3, 83, 110, 3, 102, 107, 3, 104, 111, 3, 84, 112, 3, 103, 109, 3, 105, 35, 3, 85, 113, 3, 104, 111, 3, 72, 114, 2, 25, 115, 2, 24, 116, 2, 73, 117, 2, 77, 118, 2, 72, 114, 2, 74, 119, 2, 78, 120, 2, 73, 117, 2, 75, 121, 2, 79, 122, 2, 74, 119, 2, 76, 32, 2, 80, 123, 2, 75, 121, 2, 81, 124, 3, 104, 111, 3, 80, 125, 3, 80, 125, 3, 103, 109, 3, 79, 126, 3, 79, 126, 3, 102, 107, 3, 78, 127, 3, 78, 127, 3, 101, 104, 3, 77, 128, 3, 77, 128, 3, 93, 106, 3, 25, 129, 3, 72, 130, 5, 99, 91, 5, 73, 131, 5, 73, 131, 5, 98, 89, 5, 74, 132, 5, 74, 132, 5, 97, 87, 5, 75, 133, 5, 75, 133, 5, 96, 84, 5, 76, 134, 5, 76, 134, 5, 94, 86, 5, 28, 135, 5, 24, 136, 5, 100, 41, 5, 72, 130, 5, 29, 137, 3, 105, 35, 3, 81, 124, 3, 94, 29, 1, 29, 138, 1, 28, 139, 1, 24, 140, 0, 93, 24, 0, 92, 26, 0, 108, 69, 1, 106, 70, 1, 107, 18, 1, 67, 21, 1, 65, 22, 1, 66, 23, 1, 68, 66, 0, 70, 67, 0, 71, 68, 0, 112, 18, 0, 110, 19, 0, 113, 20, 0, 114, 141, 0, 116, 142, 0, 117, 143, 0, 118, 144, 1, 120, 145, 1, 119, 146, 1, 118, 144, 2, 115, 147, 2, 114, 148, 2, 119, 149, 3, 116, 150, 3, 115, 151, 3, 120, 143, 4, 117, 152, 4, 116, 150, 4, 114, 148, 5, 121, 142, 5, 118, 144, 5, 0, 0, 0, 1, 153, 0, 2, 1, 0, 7, 3, 1, 6, 154, 1, 5, 4, 1, 4, 6, 2, 5, 155, 2, 1, 7, 2, 5, 9, 3, 6, 156, 3, 2, 10, 3, 2, 12, 4, 6, 157, 4, 7, 13, 4, 0, 15, 5, 3, 158, 5, 7, 16, 5, 17, 18, 0, 18, 70, 0, 19, 19, 0, 20, 21, 1, 23, 159, 1, 22, 22, 1, 93, 24, 0, 26, 160, 0, 27, 25, 0, 31, 27, 1, 30, 161, 1, 95, 28, 1, 28, 30, 2, 29, 162, 2, 81, 31, 2, 95, 33, 3, 30, 163, 3, 86, 34, 3, 30, 36, 4, 31, 164, 4, 91, 37, 4, 92, 39, 5, 27, 165, 5, 87, 40, 5, 9, 42, 0, 10, 50, 0, 11, 43, 0, 12, 45, 1, 15, 166, 1, 14, 46, 1, 33, 48, 2, 32, 167, 2, 12, 49, 2, 34, 51, 3, 33, 168, 3, 13, 52, 3, 35, 53, 4, 34, 169, 4, 14, 43, 4, 12, 43, 5, 32, 65, 5, 35, 48, 5, 9, 55, 2, 8, 57, 2, 36, 51, 2, 9, 56, 3, 39, 168, 3, 38, 51, 3, 10, 58, 4, 38, 65, 4, 37, 53, 4, 37, 60, 5, 36, 65, 5, 8, 58, 5, 38, 61, 1, 39, 49, 1, 36, 50, 1, 32, 62, 0, 33, 170, 0, 34, 63, 0, 47, 62, 0, 46, 170, 0, 45, 63, 0, 41, 61, 1, 40, 49, 1, 43, 50, 1, 42, 60, 5, 43, 65, 5, 55, 58, 5, 53, 57, 4, 41, 51, 4, 42, 48, 4, 54, 56, 3, 40, 168, 3, 41, 51, 3, 54, 59, 2, 55, 58, 2, 43, 65, 2, 51, 43, 5, 47, 65, 5, 44, 48, 5, 44, 48, 4, 45, 171, 4, 49, 49, 4, 45, 51, 3, 46, 168, 3, 50, 52, 3, 46, 53, 2, 47, 65, 2, 51, 43, 2, 51, 45, 1, 48, 166, 1, 49, 46, 1, 54, 42, 0, 53, 50, 0, 52, 43, 0, 63, 66, 0, 62, 172, 0, 61, 67, 0, 57, 69, 1, 56, 82, 1, 59, 70, 1, 58, 71, 5, 59, 83, 5, 113, 72, 5, 111, 72, 4, 57, 83, 4, 58, 74, 4, 112, 76, 3, 56, 173, 3, 57, 77, 3, 112, 73, 2, 113, 78, 2, 59, 77, 2, 67, 19, 5, 63, 83, 5, 60, 79, 5, 60, 74, 4, 61, 174, 4, 65, 19, 4, 61, 77, 3, 62, 173, 3, 66, 81, 3, 62, 79, 2, 63, 175, 2, 67, 82, 2, 69, 74, 2, 68, 83, 2, 20, 19, 2, 70, 77, 3, 69, 173, 3, 21, 81, 3, 71, 79, 4, 70, 176, 4, 22, 82, 4, 20, 19, 5, 68, 83, 5, 71, 79, 5, 17, 75, 2, 16, 72, 2, 106, 83, 2, 17, 76, 3, 109, 173, 3, 108, 77, 3, 18, 78, 4, 108, 77, 4, 107, 79, 4, 107, 71, 5, 106, 83, 5, 16, 72, 5, 96, 84, 5, 91, 88, 5, 31, 85, 5, 97, 87, 5, 90, 90, 5, 91, 88, 5, 98, 89, 5, 89, 92, 5, 90, 90, 5, 99, 91, 5, 88, 93, 5, 89, 92, 5, 100, 41, 5, 87, 40, 5, 88, 93, 5, 82, 94, 4, 87, 98, 4, 27, 95, 4, 83, 97, 4, 88, 100, 4, 87, 98, 4, 83, 97, 4, 84, 102, 4, 89, 99, 4, 85, 101, 4, 90, 103, 4, 89, 99, 4, 86, 38, 4, 91, 37, 4, 90, 103, 4, 101, 104, 3, 82, 108, 3, 26, 105, 3, 102, 107, 3, 83, 110, 3, 82, 108, 3, 103, 109, 3, 84, 112, 3, 83, 110, 3, 104, 111, 3, 85, 113, 3, 84, 112, 3, 105, 35, 3, 86, 34, 3, 85, 113, 3, 72, 114, 2, 77, 118, 2, 25, 115, 2, 73, 117, 2, 78, 120, 2, 77, 118, 2, 74, 119, 2, 79, 122, 2, 78, 120, 2, 75, 121, 2, 80, 123, 2, 79, 122, 2, 76, 32, 2, 81, 31, 2, 80, 123, 2, 81, 124, 3, 105, 35, 3, 104, 111, 3, 80, 125, 3, 104, 111, 3, 103, 109, 3, 79, 126, 3, 103, 109, 3, 102, 107, 3, 78, 127, 3, 102, 107, 3, 101, 104, 3, 77, 128, 3, 101, 104, 3, 93, 106, 3, 72, 130, 5, 100, 41, 5, 99, 91, 5, 73, 131, 5, 99, 91, 5, 98, 89, 5, 74, 132, 5, 98, 89, 5, 97, 87, 5, 75, 133, 5, 97, 87, 5, 96, 84, 5, 76, 134, 5, 96, 84, 5, 94, 86, 5, 24, 136, 5, 92, 39, 5, 100, 41, 5, 29, 137, 3, 95, 33, 3, 105, 35, 3, 94, 29, 1, 95, 28, 1, 29, 138, 1, 24, 140, 0, 25, 177, 0, 93, 24, 0, 108, 69, 1, 109, 82, 1, 106, 70, 1, 67, 21, 1, 64, 159, 1, 65, 22, 1, 68, 66, 0, 69, 172, 0, 70, 67, 0, 112, 18, 0, 111, 70, 0, 110, 19, 0, 114, 141, 0, 115, 145, 0, 116, 142, 0, 118, 144, 1, 121, 142, 1, 120, 145, 1, 118, 144, 2, 119, 178, 2, 115, 147, 2, 119, 149, 3, 120, 143, 3, 116, 150, 3, 120, 143, 4, 121, 142, 4, 117, 152, 4, 114, 148, 5, 117, 152, 5, 121, 142, 5]
        },
        "vcounts": {
            "stride": 1,
            "count": 122,
            "array": [1, 1, 1, 1, 1, 2, 1, 3, 1, 1, 1, 1, 1, 1, 1, 1, 1, 1, 1, 1, 1, 1, 1, 1, 1, 1, 1, 1, 1, 1, 1, 1, 1, 1, 1, 1, 1, 1, 1, 1, 1, 1, 1, 1, 1, 1, 1, 1, 1, 1, 1, 1, 1, 1, 1, 1, 1, 1, 1, 1, 1, 1, 1, 1, 1, 1, 1, 1, 1, 1, 1, 1, 2, 2, 2, 2, 2, 2, 2, 2, 2, 2, 2, 2, 2, 2, 2, 2, 2, 2, 2, 2, 1, 1, 1, 1, 2, 2, 2, 2, 2, 2, 2, 2, 2, 2, 1, 1, 1, 1, 1, 1, 1, 1, 1, 1, 1, 1, 1, 1, 1, 2]
        },
        "weights": {
            "stride": 1,
            "count": 39,
            "array": [1.0, 0.9944, 0.0056, 0.9899, 0.005, 0.0051, 0.746, 0.254, 0.7461, 0.2539, 0.5019, 0.4981, 0.2558, 0.7442, 0.23, 0.77, 0.7457, 0.2543, 0.7456, 0.2544, 0.5017, 0.4983, 0.2561, 0.7439, 0.2355, 0.7645, 0.5018, 0.4982, 0.2562, 0.7438, 0.2329, 0.7671, 0.2327, 0.7673, 0.7686, 0.2314, 0.7658, 0.2342, 0.9949]
        },
        "vindices": {
            "stride": 1,
            "count": 312,
            "array": [9, 0, 9, 0, 9, 0, 9, 0, 9, 0, 9, 1, 15, 2, 9, 0, 9, 3, 10, 4, 15, 5, 5, 0, 5, 0, 5, 0, 5, 0, 4, 0, 4, 0, 4, 0, 4, 0, 12, 0, 12, 0, 12, 0, 12, 0, 11, 0, 11, 0, 11, 0, 11, 0, 7, 0, 7, 0, 7, 0, 7, 0, 8, 0, 8, 0, 8, 0, 8, 0, 4, 0, 4, 0, 4, 0, 4, 0, 5, 0, 5, 0, 5, 0, 5, 0, 2, 0, 2, 0, 2, 0, 2, 0, 1, 0, 1, 0, 1, 0, 1, 0, 1, 0, 1, 0, 1, 0, 1, 0, 2, 0, 2, 0, 2, 0, 2, 0, 17, 0, 17, 0, 17, 0, 17, 0, 16, 0, 16, 0, 16, 0, 16, 0, 16, 0, 16, 0, 16, 0, 16, 0, 11, 0, 11, 0, 11, 0, 11, 0, 7, 6, 8, 7, 7, 8, 8, 9, 7, 10, 8, 11, 7, 12, 8, 13, 7, 14, 8, 15, 7, 16, 8, 17, 7, 18, 8, 19, 7, 20, 8, 21, 7, 22, 8, 23, 7, 24, 8, 25, 7, 16, 8, 17, 7, 16, 8, 17, 7, 26, 8, 27, 7, 28, 8, 29, 7, 30, 8, 31, 7, 6, 8, 7, 7, 6, 8, 7, 7, 20, 8, 21, 7, 12, 8, 13, 7, 32, 8, 33, 7, 0, 7, 0, 8, 0, 8, 0, 8, 34, 7, 35, 8, 13, 7, 12, 8, 27, 7, 26, 8, 7, 7, 6, 8, 7, 7, 6, 8, 17, 7, 16, 8, 17, 7, 16, 8, 27, 7, 26, 8, 29, 7, 28, 8, 36, 7, 37, 12, 0, 12, 0, 12, 0, 12, 0, 17, 0, 17, 0, 17, 0, 17, 0, 9, 0, 9, 0, 9, 0, 9, 0, 9, 0, 9, 0, 9, 0, 9, 38, 15, 5]
        }
    },
    "armature": {
        "joints": ["Root", "Thigh_R", "Leg_R", "Knee_R", "Thigh_L", "Leg_L", "Knee_L", "Torso", "Chest", "Head", "Shoulder_R", "Arm_R", "Hand_R", "Tool_R", "Elbow_R", "Shoulder_L", "Arm_L", "Hand_L", "Tool_L", "Elbow_L"],
        "hierarchy": [
            {
                "name": "Root",
                "transform": [1.0, 0.0, 0.0, -5e-06, 0.0, 0.0, -1.0, 0.000946, 0.0, 1.0, 0.0, 0.763972, 0.0, 0.0, 0.0, 1.0],
                "children": [
                    {
                        "name": "Thigh_R",
                        "transform": [1.0, -0.0, -0.0, 0.124994, 0.0, -1.0, 1e-06, -0.002831, -0.0, -0.0, -1.0, -1.2e-05, 0.0, 0.0, 0.0, 1.0],
                        "children": [
                            {
                                "name": "Leg_R",
                                "transform": [1.0, 0.0, 1e-06, 0.0, -0.0, 1.0, 0.0, 0.37472, -1e-06, -0.0, 1.0, 0.0, 0.0, 0.0, 0.0, 1.0],
                                "children": []
                            },
                            {
                                "name": "Knee_R",
                                "transform": [1.0, 0.0, -0.0, 0.0, -0.0, 1e-06, -1.0, 0.37472, -0.0, 1.0, 1e-06, 0.0, 0.0, 0.0, 0.0, 1.0],
                                "children": []
                            }
                        ]
                    },
                    {
                        "name": "Thigh_L",
                        "transform": [1.0, -0.0, -0.0, -0.125006, 0.0, -1.0, 1e-06, -0.002831, -0.0, -0.0, -1.0, -1.2e-05, 0.0, 0.0, 0.0, 1.0],
                        "children": [
                            {
                                "name": "Leg_L",
                                "transform": [1.0, 0.0, 1e-06, -0.0, -0.0, 1.0, 0.0, 0.37472, -1e-06, -0.0, 1.0, 0.0, 0.0, 0.0, 0.0, 1.0],
                                "children": []
                            },
                            {
                                "name": "Knee_L",
                                "transform": [1.0, 0.0, -0.0, -0.0, -0.0, 1e-06, -1.0, 0.37472, -0.0, 1.0, 1e-06, 0.0, 0.0, 0.0, 0.0, 1.0],
                                "children": []
                            }
                        ]
                    },
                    {
                        "name": "Torso",
                        "transform": [1.0, 0.0, 0.0, 0.0, 0.0, 1.0, 0.0, 0.05, 0.0, 0.0, 1.0, 0.0, 0.0, 0.0, 0.0, 1.0],
                        "children": [
                            {
                                "name": "Chest",
                                "transform": [1.0, 0.0, 0.0, 0.0, 0.0, 1.0, 0.0, 0.3, 0.0, 0.0, 1.0, 0.0, 0.0, 0.0, 0.0, 1.0],
                                "children": [
                                    {
                                        "name": "Head",
                                        "transform": [1.0, 0.0, 0.0, 0.0, 0.0, 1.0, 0.0, 0.4, 0.0, 0.0, 1.0, 0.0, 0.0, 0.0, 0.0, 1.0],
                                        "children": []
                                    },
                                    {
                                        "name": "Shoulder_R",
                                        "transform": [-0.0, 0.932661, 0.360754, 0.0, -0.0, -0.360754, 0.932661, 0.4, 1.0, 0.0, 0.0, 0.0, 0.0, 0.0, 0.0, 1.0],
                                        "children": [
                                            {
                                                "name": "Arm_R",
                                                "transform": [0.0, 0.0, -1.0, 0.0, 0.932661, 0.360754, 0.0, 0.333802, 0.360754, -0.932661, 0.0, 0.0, 0.0, 0.0, 0.0, 1.0],
                                                "children": [
                                                    {
                                                        "name": "Hand_R",
                                                        "transform": [1.0, 0.0, -0.0, 0.0, -0.0, 1.0, 0.0, 0.3, 0.0, -0.0, 1.0, 0.0, 0.0, 0.0, 0.0, 1.0],
                                                        "children": [
                                                            {
                                                                "name": "Tool_R",
                                                                "transform": [1.0, 0.0, 0.0, 0.0, 0.0, -1.0, 0.0, 0.271204, 0.0, -0.0, -1.0, -0.0, 0.0, 0.0, 0.0, 1.0],
                                                                "children": []
                                                            }
                                                        ]
                                                    },
                                                    {
                                                        "name": "Elbow_R",
                                                        "transform": [-1.0, 0.0, -0.0, 0.0, 0.0, -0.0, -1.0, 0.3, -0.0, -1.0, 0.0, 0.0, 0.0, 0.0, 0.0, 1.0],
                                                        "children": []
                                                    }
                                                ]
                                            }
                                        ]
                                    },
                                    {
                                        "name": "Shoulder_L",
                                        "transform": [-0.0, -0.932661, -0.360754, 0.0, 0.0, -0.360754, 0.932661, 0.4, -1.0, 0.0, 0.0, 0.0, 0.0, 0.0, 0.0, 1.0],
                                        "children": [
                                            {
                                                "name": "Arm_L",
                                                "transform": [-0.0, -0.0, 1.0, 0.0, -0.932661, 0.360754, -0.0, 0.333802, -0.360754, -0.932661, -0.0, -0.0, 0.0, 0.0, 0.0, 1.0],
                                                "children": [
                                                    {
                                                        "name": "Hand_L",
                                                        "transform": [1.0, -0.0, 0.0, 0.0, 0.0, 1.0, 0.0, 0.3, -0.0, -0.0, 1.0, -0.0, 0.0, 0.0, 0.0, 1.0],
                                                        "children": [
                                                            {
                                                                "name": "Tool_L",
                                                                "transform": [1.0, 0.0, 0.0, -0.0, 0.0, -1.0, 0.0, 0.271204, 0.0, -0.0, -1.0, -0.0, 0.0, 0.0, 0.0, 1.0],
                                                                "children": []
                                                            }
                                                        ]
                                                    },
                                                    {
                                                        "name": "Elbow_L",
                                                        "transform": [-1.0, 0.0, -0.0, 0.0, 0.0, -0.0, -1.0, 0.3, -0.0, -1.0, 0.0, -0.0, 0.0, 0.0, 0.0, 1.0],
                                                        "children": []
                                                    }
                                                ]
                                            }
                                        ]
                                    }
                                ]
                            }
                        ]
                    }
                ]
            }
        ]
    },
    "animation": [
        {
            "name": "Root",
            "time": [0.0, 0.1, 0.2, 0.2333, 0.25, 0.2833, 0.3167, 0.4, 0.75],
            "transform": [
                [0.306057, 0.0, -0.952013, -5e-06, -0.952013, 0.0, -0.306057, 0.000946, 0.0, 1.0, 0.0, 0.565311, 0.0, 0.0, 0.0, 1.0],
                [0.17828, 0.0, -0.98398, 0.002132, -0.98398, 0.0, -0.17828, -0.142653, 0.0, 1.0, 0.0, 0.46918, 0.0, 0.0, 0.0, 1.0],
                [0.1517, 0.0, -0.988427, 0.00257, -0.988427, 0.0, -0.1517, -0.172081, 0.0, 1.0, 0.0, 0.44948, 0.0, 0.0, 0.0, 1.0],
                [0.44634, -0.016864, -0.894704, 0.002408, -0.894602, 0.015765, -0.446586, 0.062847, 0.021636, 0.999734, -0.00805, 0.495023, 0.0, 0.0, 0.0, 1.0],
                [0.625554, -0.029112, -0.779637, 0.00221, -0.779091, 0.029479, -0.626217, 0.183075, 0.041213, 0.999141, -0.00424, 0.509528, 0.0, 0.0, 0.0, 1.0],
                [0.914717, -0.064089, -0.398981, 0.001283, -0.393194, 0.086623, -0.915366, 0.604123, 0.093226, 0.994178, 0.054036, 0.428909, 0.0, 0.0, 0.0, 1.0],
                [0.965487, 0.0, 0.260451, -5e-06, 0.256495, 0.173648, -0.950819, 0.900946, -0.045227, 0.984808, 0.167655, 0.420404, 0.0, 0.0, 0.0, 1.0],
                [0.965487, 0.0, 0.260451, -5e-06, 0.256495, 0.173648, -0.950819, 0.901764, -0.045227, 0.984808, 0.167655, 0.413971, 0.0, 0.0, 0.0, 1.0],
                [0.965487, 0.0, 0.260451, -5e-06, 0.256495, 0.173648, -0.950819, 0.900946, -0.045227, 0.984808, 0.167655, 0.50546, 0.0, 0.0, 0.0, 1.0]
            ]
        },
        {
            "name": "Thigh_R",
            "time": [0.0, 0.1, 0.2, 0.25, 0.2833, 0.3167, 0.4, 0.75],
            "transform": [
                [0.845005, 0.423049, -0.327096, 0.124987, 0.527837, -0.757914, 0.383341, -0.001752, -0.085739, -0.496579, -0.863744, -1e-06, 0.0, 0.0, 0.0, 1.0],
                [0.792282, 0.517203, -0.323707, 0.124993, 0.59847, -0.555408, 0.577365, -0.002681, 0.118826, -0.651166, -0.749571, -1e-05, 0.0, 0.0, 0.0, 1.0],
                [0.789553, 0.511218, -0.339496, 0.124994, 0.591106, -0.484873, 0.644582, -0.002831, 0.16491, -0.709612, -0.685019, -1.2e-05, 0.0, 0.0, 0.0, 1.0],
                [0.961866, 0.198539, -0.188118, 0.124994, 0.269629, -0.572882, 0.774014, -0.002831, 0.045903, -0.795222, -0.604571, -1.2e-05, 0.0, 0.0, 0.0, 1.0],
                [0.985844, -0.119083, -0.118, 0.124994, 0.096061, -0.175597, 0.97976, -0.002831, -0.137394, -0.977228, -0.161673, -1.2e-05, 0.0, 0.0, 0.0, 1.0],
                [0.979231, 0.197448, -0.045976, 0.124994, 0.045514, 0.006882, 0.998937, -0.002831, 0.197555, -0.980286, -0.002248, -1.2e-05, 0.0, 0.0, 0.0, 1.0],
                [0.987687, 0.151515, -0.038855, 0.124994, 0.034767, 0.029542, 0.998955, -0.002831, 0.152505, -0.98801, 0.02391, -1.2e-05, 0.0, 0.0, 0.0, 1.0],
                [0.97867, 0.20507, -0.012099, 0.124994, 0.062848, -0.242823, 0.96803, -0.002831, 0.195577, -0.948144, -0.250533, -1.2e-05, 0.0, 0.0, 0.0, 1.0]
            ]
        },
        {
            "name": "Leg_R",
            "time": [0.0, 0.1, 0.2, 0.25, 0.2833, 0.3167, 0.4, 0.75],
            "transform": [
                [1.0, -0.0, 1e-06, -0.0, -0.0, 0.752206, 0.65893, 0.37472, -1e-06, -0.65893, 0.752206, -0.0, 0.0, 0.0, 0.0, 1.0],
                [0.999999, -0.0, 1e-06, -0.0, -0.0, 0.679412, 0.733759, 0.37472, -1e-06, -0.733758, 0.679412, 0.0, 0.0, 0.0, 0.0, 1.0],
                [0.999999, -0.0, 1e-06, -0.0, -0.0, 0.580469, 0.814284, 0.37472, -1e-06, -0.814283, 0.580469, 0.0, 0.0, 0.0, 0.0, 1.0],
                [0.999999, -1e-06, 0.0, -0.0, -0.0, 0.157691, 0.987489, 0.37472, -1e-06, -0.987491, 0.157691, 0.0, 0.0, 0.0, 0.0, 1.0],
                [0.999999, -1e-06, 0.0, 0.0, -0.0, 0.193515, 0.981098, 0.37472, -1e-06, -0.981099, 0.193515, -0.0, 0.0, 0.0, 0.0, 1.0],
                [0.999998, -1e-06, 0.0, -0.0, -0.0, 0.167, 0.985958, 0.37472, -1e-06, -0.985959, 0.167, -0.0, 0.0, 0.0, 0.0, 1.0],
                [0.999999, -1e-06, 0.0, 0.0, -0.0, 0.132963, 0.991123, 0.37472, -1e-06, -0.991122, 0.132964, -0.0, 0.0, 0.0, 0.0, 1.0],
                [0.999999, -1e-06, 1e-06, -0.0, -0.0, 0.438683, 0.898643, 0.37472, -1e-06, -0.898643, 0.438683, -0.0, 0.0, 0.0, 0.0, 1.0]
            ]
        },
        {
            "name": "Knee_R",
            "time": [0.0, 0.1, 0.2, 0.4, 0.75],
            "transform": [
                [1.0, 0.0, -0.0, -0.0, -0.0, 1e-06, -1.0, 0.37472, -0.0, 1.0, 1e-06, -0.0, 0.0, 0.0, 0.0, 1.0],
                [1.0, 0.0, -0.0, -0.0, -0.0, 1e-06, -1.0, 0.37472, -0.0, 1.0, 1e-06, 0.0, 0.0, 0.0, 0.0, 1.0],
                [1.0, 0.0, -0.0, -0.0, -0.0, 1e-06, -1.0, 0.37472, -0.0, 1.0, 1e-06, 0.0, 0.0, 0.0, 0.0, 1.0],
                [1.0, 0.0, -0.0, 0.0, -0.0, 1e-06, -1.0, 0.37472, -0.0, 1.0, 1e-06, -0.0, 0.0, 0.0, 0.0, 1.0],
                [1.0, 0.0, -0.0, -0.0, -0.0, 1e-06, -1.0, 0.37472, -0.0, 1.0, 1e-06, -0.0, 0.0, 0.0, 0.0, 1.0]
            ]
        },
        {
            "name": "Thigh_L",
            "time": [0.0, 0.1, 0.2, 0.2333, 0.25, 0.2833, 0.3167, 0.4, 0.75],
            "transform": [
                [0.813279, -0.58156, -0.019053, -0.124999, -0.549229, -0.778054, 0.304922, -0.00391, -0.192155, -0.237522, -0.952186, -2.3e-05, 0.0, 0.0, 0.0, 1.0],
                [0.727864, -0.682881, 0.062313, -0.125005, -0.670359, -0.689492, 0.274252, -0.003014, -0.144317, -0.241391, -0.959634, -1.4e-05, 0.0, 0.0, 0.0, 1.0],
                [0.704324, -0.705385, 0.079711, -0.125006, -0.69672, -0.665385, 0.268027, -0.002831, -0.136024, -0.244315, -0.960105, -1.2e-05, 0.0, 0.0, 0.0, 1.0],
                [0.848626, -0.51113, 0.136282, -0.125006, -0.492911, -0.670547, 0.554434, -0.002831, -0.192005, -0.537683, -0.820988, -1.2e-05, 0.0, 0.0, 0.0, 1.0],
                [0.926001, -0.37119, 0.068799, -0.125006, -0.324866, -0.690689, 0.646067, -0.002831, -0.192295, -0.620611, -0.760168, -1.2e-05, 0.0, 0.0, 0.0, 1.0],
                [0.960165, -0.245713, -0.133047, -0.125006, -0.202238, -0.939664, 0.275899, -0.002831, -0.192812, -0.238002, -0.95193, -1.2e-05, 0.0, 0.0, 0.0, 1.0],
                [0.923972, -0.324042, -0.203143, -0.125006, -0.378188, -0.853226, -0.359127, -0.002831, -0.056955, 0.408651, -0.910908, -1.2e-05, 0.0, 0.0, 0.0, 1.0],
                [0.92567, -0.35091, -0.141388, -0.125006, -0.37693, -0.887473, -0.265156, -0.002831, -0.032432, 0.298742, -0.95378, -1.2e-05, 0.0, 0.0, 0.0, 1.0],
                [0.941885, -0.317414, -0.109972, -0.125006, -0.324216, -0.94464, -0.0503, -0.002831, -0.087918, 0.083032, -0.992658, -1.2e-05, 0.0, 0.0, 0.0, 1.0]
            ]
        },
        {
            "name": "Leg_L",
            "time": [0.0, 0.1, 0.2, 0.25, 0.2833, 0.3167, 0.4, 0.75],
            "transform": [
                [1.0, -0.0, 1e-06, 0.0, -0.0, 0.778627, 0.627488, 0.37472, -1e-06, -0.627487, 0.778628, 0.0, 0.0, 0.0, 0.0, 1.0],
                [1.0, -0.0, 1e-06, -0.0, -0.0, 0.723168, 0.690673, 0.37472, -1e-06, -0.690673, 0.723167, 0.0, 0.0, 0.0, 0.0, 1.0],
                [1.0, -0.0, 1e-06, -0.0, -0.0, 0.648467, 0.761243, 0.37472, -1e-06, -0.761244, 0.648466, 0.0, 0.0, 0.0, 0.0, 1.0],
                [1.000001, -1e-06, 0.0, 0.0, -0.0, 0.078313, 0.99693, 0.37472, -1e-06, -0.996929, 0.078313, -0.0, 0.0, 0.0, 0.0, 1.0],
                [1.000001, -1e-06, 0.0, -0.0, -0.0, 0.018989, 0.99982, 0.37472, -1e-06, -0.99982, 0.018989, 0.0, 0.0, 0.0, 0.0, 1.0],
                [1.000001, -0.0, 1e-06, 0.0, -0.0, 0.892035, 0.451967, 0.37472, -1e-06, -0.451966, 0.892036, 0.0, 0.0, 0.0, 0.0, 1.0],
                [1.0, -0.0, 1e-06, 0.0, -0.0, 0.781569, 0.62382, 0.37472, -1e-06, -0.623819, 0.78157, 0.0, 0.0, 0.0, 0.0, 1.0],
                [1.0, -0.0, 1e-06, 0.0, -0.0, 0.742687, 0.66964, 0.37472, -1e-06, -0.669639, 0.742689, 0.0, 0.0, 0.0, 0.0, 1.0]
            ]
        },
        {
            "name": "Knee_L",
            "time": [0.0, 0.1, 0.2, 0.4, 0.75],
            "transform": [
                [1.0, 0.0, -0.0, 0.0, -0.0, 1e-06, -1.0, 0.37472, -0.0, 1.0, 1e-06, 0.0, 0.0, 0.0, 0.0, 1.0],
                [1.0, 0.0, -0.0, -0.0, -0.0, 1e-06, -1.0, 0.37472, -0.0, 1.0, 1e-06, 0.0, 0.0, 0.0, 0.0, 1.0],
                [1.0, 0.0, -0.0, -0.0, -0.0, 1e-06, -1.0, 0.37472, -0.0, 1.0, 1e-06, 0.0, 0.0, 0.0, 0.0, 1.0],
                [1.0, 0.0, -0.0, 0.0, -0.0, 1e-06, -1.0, 0.37472, -0.0, 1.0, 1e-06, 0.0, 0.0, 0.0, 0.0, 1.0],
                [1.0, 0.0, -0.0, 0.0, -0.0, 1e-06, -1.0, 0.37472, -0.0, 1.0, 1e-06, 0.0, 0.0, 0.0, 0.0, 1.0]
            ]
        },
        {
            "name": "Torso",
            "time": [0.0, 0.1, 0.2, 0.2833, 0.3167, 0.4, 0.75],
            "transform": [
                [0.991746, -0.12822, -0.000611, -0.0, 0.127743, 0.988452, -0.081515, 0.05, 0.011056, 0.080764, 0.996672, 0.0, 0.0, 0.0, 0.0, 1.0],
                [0.995251, -0.097335, -0.000904, -0.0, 0.096249, 0.985446, -0.140112, 0.05, 0.014529, 0.13936, 0.990135, -0.0, 0.0, 0.0, 0.0, 1.0],
                [0.996317, -0.085717, -0.002398, -0.0, 0.084396, 0.985143, -0.149568, 0.05, 0.015183, 0.148815, 0.988749, 0.0, 0.0, 0.0, 0.0, 1.0],
                [0.997245, -0.073047, -0.012909, 0.0, 0.073596, 0.996088, 0.048913, 0.05, 0.009286, -0.049729, 0.99872, -0.0, 0.0, 0.0, 0.0, 1.0],
                [0.997547, 0.068039, 0.016464, -0.0, -0.069276, 0.925711, 0.371834, 0.05, 0.010059, -0.372063, 0.928153, 0.0, 0.0, 0.0, 0.0, 1.0],
                [0.995592, 0.089983, 0.02645, -0.0, -0.09218, 0.886749, 0.452967, 0.05, 0.017305, -0.453408, 0.891135, 0.0, 0.0, 0.0, 0.0, 1.0],
                [0.999725, -0.023309, -0.002766, -0.0, 0.023389, 0.999169, 0.033381, 0.05, 0.001986, -0.033436, 0.999439, 0.0, 0.0, 0.0, 0.0, 1.0]
            ]
        },
        {
            "name": "Chest",
            "time": [0.0, 0.1, 0.2, 0.2833, 0.3167, 0.4, 0.75],
            "transform": [
                [0.971327, 0.037215, -0.234816, 0.0, 0.002085, 0.986301, 0.16494, 0.3, 0.237737, -0.1607, 0.957944, 0.0, 0.0, 0.0, 0.0, 1.0],
                [0.755188, -0.012995, -0.655379, 0.0, 0.214666, 0.949575, 0.22853, 0.3, 0.619362, -0.313271, 0.719897, 0.0, 0.0, 0.0, 0.0, 1.0],
                [0.588261, -0.014523, -0.808541, -0.0, 0.281207, 0.941114, 0.18769, 0.3, 0.758203, -0.337778, 0.557705, -0.0, 0.0, 0.0, 0.0, 1.0],
                [0.938261, -0.00019, -0.345928, 0.0, 0.068695, 0.980187, 0.185783, 0.3, 0.339039, -0.198077, 0.919684, -0.0, 0.0, 0.0, 0.0, 1.0],
                [0.999998, 0.001802, 1.8e-05, -0.0, -0.001802, 0.999794, 0.020204, 0.3, 1.8e-05, -0.020204, 0.999796, 0.0, 0.0, 0.0, 0.0, 1.0],
                [0.999512, 0.030675, 0.005823, -0.0, -0.030984, 0.997486, 0.06373, 0.3, -0.003854, -0.063879, 0.99795, 0.0, 0.0, 0.0, 0.0, 1.0],
                [0.998062, 0.060337, 0.015192, -0.0, -0.06222, 0.96803, 0.242995, 0.3, -4.5e-05, -0.24347, 0.969909, -0.0, 0.0, 0.0, 0.0, 1.0]
            ]
        },
        {
            "name": "Head",
            "time": [0.0, 0.1, 0.2, 0.2833, 0.3167, 0.4, 0.75],
            "transform": [
                [0.157903, 0.001424, 0.987453, 0.0, 0.033513, 0.999415, -0.0068, 0.4, -0.986886, 0.034166, 0.157763, -0.0, 0.0, 0.0, 0.0, 1.0],
                [-0.497244, 0.009108, 0.867563, 0.0, 0.023893, 0.99971, 0.003199, 0.4, -0.867282, 0.022319, -0.497318, 0.0, 0.0, 0.0, 0.0, 1.0],
                [-0.503284, 0.015492, 0.863982, 0.0, 0.018733, 0.9998, -0.007015, 0.4, -0.863918, 0.012654, -0.503473, 0.0, 0.0, 0.0, 0.0, 1.0],
                [0.714384, 0.085635, 0.694494, 0.0, -0.016803, 0.994297, -0.105318, 0.4, -0.699552, 0.063568, 0.711749, 0.0, 0.0, 0.0, 0.0, 1.0],
                [0.968377, -0.027944, -0.247922, 0.0, -0.028424, 0.974882, -0.220903, 0.4, 0.247867, 0.220964, 0.943259, 0.0, 0.0, 0.0, 0.0, 1.0],
                [0.9663, -0.067362, -0.248448, -0.0, -0.029369, 0.930003, -0.366377, 0.4, 0.255737, 0.361327, 0.896684, 0.0, 0.0, 0.0, 0.0, 1.0],
                [0.964272, -0.027588, -0.263474, -0.0, -0.032337, 0.974868, -0.220427, 0.4, 0.262934, 0.221071, 0.939145, 0.0, 0.0, 0.0, 0.0, 1.0]
            ]
        },
        {
            "name": "Shoulder_R",
            "time": [0.0, 0.1, 0.2, 0.3167, 0.4, 0.75],
            "transform": [
                [-0.305817, 0.893105, 0.329909, 0.0, -0.127287, -0.381752, 0.915458, 0.4, 0.943543, 0.23797, 0.230427, -0.0, 0.0, 0.0, 0.0, 1.0],
                [-0.401118, 0.84646, 0.350156, 0.0, -0.03096, -0.394565, 0.918346, 0.4, 0.915504, 0.357524, 0.184474, 0.0, 0.0, 0.0, 0.0, 1.0],
                [-0.399181, 0.840858, 0.36553, 0.0, 0.029822, -0.386552, 0.921785, 0.4, 0.916387, 0.37886, 0.129228, 0.0, 0.0, 0.0, 0.0, 1.0],
                [0.393627, 0.898512, 0.194254, 0.0, 0.008952, -0.215049, 0.976562, 0.4, 0.919227, -0.382663, -0.092693, 0.0, 0.0, 0.0, 0.0, 1.0],
                [0.395759, 0.896001, 0.201385, -0.0, 0.016601, -0.226233, 0.973932, 0.4, 0.918204, -0.3821, -0.104408, 0.0, 0.0, 0.0, 0.0, 1.0],
                [0.393627, 0.86865, 0.300839, -0.0, 0.008952, -0.330865, 0.943636, 0.4, 0.919227, -0.368748, -0.138014, 0.0, 0.0, 0.0, 0.0, 1.0]
            ]
        },
        {
            "name": "Arm_R",
            "time": [0.0, 0.1, 0.2, 0.2833, 0.3167, 0.4, 0.75],
            "transform": [
                [-0.318803, -0.85518, -0.408695, 0.000994, -0.215133, 0.485228, -0.847509, 0.332516, 0.923083, -0.182264, -0.33867, 0.000568, 0.0, 0.0, 0.0, 1.0],
                [0.02578, -0.993935, -0.106903, -0.0, -0.26089, 0.096543, -0.960529, 0.333802, 0.965024, 0.052652, -0.256819, -0.0, 0.0, 0.0, 0.0, 1.0],
                [0.112044, -0.990046, -0.085171, 0.0, -0.278248, 0.051024, -0.959153, 0.333802, 0.953952, 0.131166, -0.269762, 0.0, 0.0, 0.0, 0.0, 1.0],
                [0.170772, -0.124226, -0.977448, 0.0, -0.259083, 0.951451, -0.166187, 0.333802, 0.950638, 0.281621, 0.130297, 0.0, 0.0, 0.0, 0.0, 1.0],
                [0.530761, -0.699836, -0.47804, -0.0, -0.286812, 0.382448, -0.878335, 0.333802, 0.797516, 0.603294, 0.002267, 0.0, 0.0, 0.0, 0.0, 1.0],
                [0.652204, -0.641536, -0.403808, -0.0, -0.240659, 0.329905, -0.912823, 0.333802, 0.718827, 0.692527, 0.060774, -0.0, 0.0, 0.0, 0.0, 1.0],
                [0.512994, -0.745834, -0.424934, -0.0, 0.208888, 0.58862, -0.780956, 0.333802, 0.832588, 0.311862, 0.457755, -0.0, 0.0, 0.0, 0.0, 1.0]
            ]
        },
        {
            "name": "Hand_R",
            "time": [0.0, 0.1, 0.2, 0.2833, 0.3167, 0.4, 0.75],
            "transform": [
                [0.999945, -0.009537, 0.004452, 0.0, 0.010299, 0.973803, -0.227158, 0.3, -0.002169, 0.227191, 0.973848, 0.0, 0.0, 0.0, 0.0, 1.0],
                [0.999497, -0.020171, 0.024476, 0.0, 0.026905, 0.947853, -0.31757, 0.3, -0.016794, 0.318069, 0.947919, -0.0, 0.0, 0.0, 0.0, 1.0],
                [0.99876, -0.016921, 0.046822, -0.0, 0.034162, 0.917049, -0.397308, 0.3, -0.036216, 0.398415, 0.91649, 0.0, 0.0, 0.0, 0.0, 1.0],
                [0.991095, 0.022317, 0.131274, 0.0, 0.063261, 0.788579, -0.611671, 0.3, -0.11717, 0.614528, 0.780145, 0.0, 0.0, 0.0, 0.0, 1.0],
                [1.0, 0.0, -0.0, -0.0, -0.0, 1.0, 0.0, 0.3, 0.0, -0.0, 1.0, 0.0, 0.0, 0.0, 0.0, 1.0],
                [0.999981, 0.006175, -0.000295, -0.0, -0.006179, 0.999861, -0.015483, 0.3, 0.000199, 0.015485, 0.99988, 0.0, 0.0, 0.0, 0.0, 1.0],
                [0.999952, 0.009783, -0.000784, 0.0, -0.009814, 0.996757, -0.079871, 0.3, 0.0, 0.079875, 0.996805, 0.0, 0.0, 0.0, 0.0, 1.0]
            ]
        },
        {
            "name": "Tool_R",
            "time": [0.0, 0.1, 0.2, 0.2833, 0.3167, 0.4, 0.75],
            "transform": [
                [1.0, -0.0, 0.0, -0.0, -0.0, -0.511507, -0.859279, 0.271204, 0.0, 0.859279, -0.511507, 0.0, 0.0, 0.0, 0.0, 1.0],
                [1.0, -0.0, 0.0, -0.0, 0.0, -0.819822, -0.572619, 0.271204, 0.0, 0.572619, -0.819822, 0.0, 0.0, 0.0, 0.0, 1.0],
                [1.0, -0.0, 0.0, 0.0, 0.0, -0.89868, -0.438606, 0.271204, 0.0, 0.438606, -0.89868, -0.0, 0.0, 0.0, 0.0, 1.0],
                [1.0, -0.0, 0.0, -0.0, 0.0, -0.965428, -0.260669, 0.271204, 0.0, 0.260669, -0.965428, -0.0, 0.0, 0.0, 0.0, 1.0],
                [1.0, -0.0, 0.0, -0.0, 0.0, -0.258819, -0.965926, 0.271204, 0.0, 0.965926, -0.258819, 0.0, 0.0, 0.0, 0.0, 1.0],
                [1.0, -0.0, 0.0, -0.0, 0.0, -0.258819, -0.965926, 0.271203, 0.0, 0.965926, -0.258819, 0.0, 0.0, 0.0, 0.0, 1.0],
                [1.0, -0.0, 0.0, 0.0, -0.0, -0.344746, -0.938696, 0.271204, 0.0, 0.938696, -0.344746, 0.0, 0.0, 0.0, 0.0, 1.0]
            ]
        },
        {
            "name": "Elbow_R",
            "time": [0.0, 0.1, 0.2, 0.4, 0.75],
            "transform": [
                [-1.0, 0.0, -0.0, 0.0, 0.0, -0.0, -1.0, 0.3, -0.0, -1.0, 0.0, 0.0, 0.0, 0.0, 0.0, 1.0],
