{
    "vertices": {
        "positions": {
            "stride": 3,
            "count": 122,
            "array": [0.25, 0.25, 1.500045, 0.25, -0.25, 1.500045, -0.25, -0.25, 1.500045, -0.25, 0.25, 1.500045, 0.25, 0.25, 2.000045, 0.25, -0.25, 2.000045, -0.25, -0.25, 2.000045, -0.25, 0.25, 2.000045, -0.062639, 0.0625, 4.4e-05, -0.062639, -0.0625, 4.4e-05, -0.187639, -0.0625, 4.4e-05, -0.187639, 0.0625, 4.4e-05, -0.062639, 0.0625, 0.750044, -0.062639, -0.0625, 0.750044, -0.187639, -0.0625, 0.750044, -0.187639, 0.0625, 0.750044, 0.374882, 0.0625, 0.750044, 0.374882, -0.0625, 0.750044, 0.249882, -0.0625, 0.750044, 0.249882, 0.0625, 0.750044, 0.374882, 0.0625, 1.500044, 0.374881, -0.0625, 1.500044, 0.249882, -0.0625, 1.500044, 0.249882, 0.0625, 1.500044, 0.25, 0.125, 0.750045, 0.25, -0.125, 0.750045, -0.25, -0.125, 0.750045, -0.25, 0.125, 0.750045, 0.25, 0.125, 1.500045, 0.25, -0.125, 1.500045, -0.25, -0.125, 1.500045, -0.25, 0.125, 1.500045, -0.062639, 0.0625, 0.375044, -0.062639, -0.0625, 0.375044, -0.187639, -0.0625, 0.375044, -0.187639, 0.0625, 0.375044, -0.062639, 0.0625, 0.375044, -0.187639, 0.0625, 0.375044, -0.187639, -0.0625, 0.375044, -0.062639, -0.0625, 0.375044, 0.188368, -0.0625, 0.375044, 0.063368, -0.0625, 0.375044, 0.063368, 0.0625, 0.375044, 0.188368, 0.0625, 0.375044, 0.063368, 0.0625, 0.375044, 0.063368, -0.0625, 0.375044, 0.188368, -0.0625, 0.375044, 0.188368, 0.0625, 0.375044, 0.063368, 0.0625, 0.750044, 0.063368, -0.0625, 0.750044, 0.188367, -0.0625, 0.750044, 0.188368, 0.0625, 0.750044, 0.063368, 0.0625, 4.4e-05, 0.063368, -0.0625, 4.4e-05, 0.188368, -0.0625, 4.4e-05, 0.188368, 0.0625, 4.4e-05, -0.250233, -0.0625, 1.125044, -0.375233, -0.0625, 1.125044, -0.375233, 0.0625, 1.125044, -0.250233, 0.0625, 1.125044, -0.375233, 0.0625, 1.125044, -0.375233, -0.0625, 1.125044, -0.250233, -0.0625, 1.125044, -0.250233, 0.0625, 1.125044, -0.375233, 0.0625, 1.500044, -0.375233, -0.0625, 1.500044, -0.250233, -0.0625, 1.500044, -0.250233, 0.0625, 1.500044, 0.374882, 0.0625, 1.125044, 0.374882, -0.0625, 1.125044, 0.249882, -0.0625, 1.125044, 0.249882, 0.0625, 1.125044, 0.25, 0.125, 0.875045, 0.25, 0.125, 1.000045, 0.25, 0.125, 1.125045, 0.25, 0.125, 1.250045, 0.25, 0.125, 1.375045, 0.25, -0.125, 0.875045, 0.25, -0.125, 1.000045, 0.25, -0.125, 1.125045, 0.25, -0.125, 1.250045, 0.25, -0.125, 1.375045, -0.25, -0.125, 0.875045, -0.25, -0.125, 1.000045, -0.25, -0.125, 1.125045, -0.25, -0.125, 1.250045, -0.25, -0.125, 1.375045, -0.25, 0.125, 0.875045, -0.25, 0.125, 1.000045, -0.25, 0.125, 1.125045, -0.25, 0.125, 1.250045, -0.25, 0.125, 1.375045, 0.0, 0.125, 0.750045, 0.0, -0.125, 0.750045, 0.0, 0.125, 1.500045, -0.0, -0.125, 1.500045, 0.0, 0.125, 1.375045, 0.0, 0.125, 1.250045, 0.0, 0.125, 1.125045, 0.0, 0.125, 1.000045, 0.0, 0.125, 0.875045, 0.0, -0.125, 0.875045, 0.0, -0.125, 1.000045, 0.0, -0.125, 1.125045, 0.0, -0.125, 1.250045, -0.0, -0.125, 1.375045, 0.374882, 0.0625, 1.125044, 0.249882, 0.0625, 1.125044, 0.249882, -0.0625, 1.125044, 0.374882, -0.0625, 1.125044, -0.375233, 0.0625, 0.750044, -0.375233, -0.0625, 0.750044, -0.250233, -0.0625, 0.750044, -0.250233, 0.0625, 0.750044, 0.275, 0.275, 1.475045, 0.275, -0.275, 1.475045, -0.275, -0.275, 1.475045, -0.275, 0.275, 1.475045, 0.275, 0.275, 2.025045, 0.275, -0.275, 2.025045, -0.275, -0.275, 2.025045, -0.275, 0.275, 2.025045]
        },
        "uvs": {
            "stride": 2,
            "count": 179,
            "array": [0.253125, 0.007031, 0.371875, 0.244531, 0.371875, 0.007031, 0.246875, 0.244531, 0.128125, 0.007031, 0.128125, 0.244531, 0.121875, 0.257031, 0.003125, 0.494531, 0.121875, 0.494531, 0.496875, 0.257031, 0.378125, 0.494531, 0.496875, 0.494531, 0.371875, 0.494531, 0.253125, 0.257031, 0.253125, 0.494531, 0.128125, 0.494531, 0.246875, 0.257031, 0.128125, 0.257031, 0.6875, 0.5, 0.656205, 0.5625, 0.65625, 0.5, 0.656582, 0.5628, 0.687377, 0.501611, 0.656641, 0.501562, 0.5, 0.625586, 0.562451, 0.50083, 0.5, 0.500928, 0.434375, 0.622656, 0.375, 0.503906, 0.375, 0.622656, 0.310937, 0.635156, 0.251562, 0.694531, 0.310937, 0.694531, 0.5625, 0.635156, 0.503125, 0.694531, 0.5625, 0.694531, 0.498437, 0.635156, 0.439062, 0.694531, 0.498437, 0.694531, 0.375, 0.991406, 0.434375, 0.932031, 0.375, 0.932031, 0.0625, 0.5, 0.031205, 0.5625, 0.03125, 0.5, 0.031582, 0.5628, 0.062377, 0.501611, 0.031641, 0.501562, 0.0625, 0.75, 0.09375, 0.5625, 0.0625, 0.5625, 0.09375, 0.75, 0.125, 0.5625, 0.0, 0.75, 0.0, 0.5625, 0.0625, 0.9375, 0.125, 0.9375, 0.09375, 0.9375, 0.03125, 0.9375, -4.5e-05, 0.9375, 0.062575, 0.75002, 0.093733, 0.5, 0.062488, 0.56308, 0.09368, 0.500919, 0.062617, 0.500917, 0.03125, 0.75, 0.687488, 0.56308, 0.71868, 0.500919, 0.687617, 0.500917, 0.718733, 0.5, 0.6875, 0.5625, 0.687575, 0.75002, 0.65625, 0.9375, 0.6875, 0.9375, 0.625, 0.75, 0.624955, 0.9375, 0.75, 0.9375, 0.71875, 0.75, 0.71875, 0.9375, 0.6875, 0.75, 0.625, 0.5625, 0.75, 0.5625, 0.71875, 0.5625, 0.65625, 0.75, 0.375, 0.694531, 0.434375, 0.635156, 0.375, 0.635156, 0.375, 0.753906, 0.434375, 0.694531, 0.375, 0.813281, 0.434375, 0.753906, 0.375, 0.872656, 0.434375, 0.813281, 0.434375, 0.872656, 0.498437, 0.932031, 0.439062, 0.991406, 0.498437, 0.991406, 0.498437, 0.872656, 0.439062, 0.932031, 0.439063, 0.813281, 0.439063, 0.872656, 0.498437, 0.753906, 0.498437, 0.813281, 0.439062, 0.753906, 0.5625, 0.932031, 0.503125, 0.991406, 0.5625, 0.991406, 0.5625, 0.872656, 0.503125, 0.932031, 0.5625, 0.813281, 0.503125, 0.872656, 0.5625, 0.753906, 0.503125, 0.813281, 0.503125, 0.753906, 0.310937, 0.932031, 0.251562, 0.991406, 0.310937, 0.991406, 0.310937, 0.872656, 0.251562, 0.932031, 0.310937, 0.813281, 0.251562, 0.872656, 0.310937, 0.753906, 0.251562, 0.813281, 0.251562, 0.753906, 0.621875, 0.694531, 0.621875, 0.753906, 0.621875, 0.813281, 0.621875, 0.872656, 0.621875, 0.932031, 0.621875, 0.991406, 0.315625, 0.932031, 0.315625, 0.872656, 0.315625, 0.813281, 0.315625, 0.753906, 0.315625, 0.694531, 0.315625, 0.635156, 0.315625, 0.991406, 0.621875, 0.635156, 0.315625, 0.503906, 0.315625, 0.622656, 0.437918, 0.501199, 0.875, 0.0, 0.75, 0.25, 0.875, 0.25, 0.625, 0.25, 0.75, 0.0, 0.625, 0.0, 0.5, 0.5, 0.625, 0.5, 1.0, 0.25, 0.875, 0.5, 1.0, 0.5, 0.75, 0.5, 0.253125, 0.244531, 0.246875, 0.007031, 0.003125, 0.257031, 0.378125, 0.257031, 0.371875, 0.257031, 0.246875, 0.494531, 0.687378, 0.562793, 0.562476, 0.625732, 0.434375, 0.503906, 0.251563, 0.635156, 0.503125, 0.635156, 0.439063, 0.635156, 0.434375, 0.991406, 0.062378, 0.562793, 0.093738, 0.75, 0.125, 0.75, 0.03125, 0.74986, 0.093732, 0.563413, 0.09375, 0.74986, 0.718732, 0.563413, 0.75, 0.75, 0.65625, 0.74986, 0.718738, 0.75, 0.71875, 0.74986, 0.437795, 0.625609, 0.5, 0.25]
        },
        "normals": {
            "stride": 3,
            "count": 6,
            "array": [0.0, 0.0, -1.0, 0.0, 0.0, 1.0, 1.0, 0.0, -0.0, -0.0, -1.0, -0.0, -1.0, 0.0, 0.0, 0.0, 1.0, 0.0]
        },
        "indices": {
            "stride": 3,
            "count": 600,
            "array": [0, 0, 0, 2, 1, 0, 3, 2, 0, 7, 3, 1, 5, 4, 1, 4, 5, 1, 4, 6, 2, 1, 7, 2, 0, 8, 2, 5, 9, 3, 2, 10, 3, 1, 11, 3, 2, 12, 4, 7, 13, 4, 3, 14, 4, 0, 15, 5, 7, 16, 5, 4, 17, 5, 17, 18, 0, 19, 19, 0, 16, 20, 0, 20, 21, 1, 22, 22, 1, 21, 23, 1, 93, 24, 0, 27, 25, 0, 92, 26, 0, 31, 27, 1, 95, 28, 1, 94, 29, 1, 28, 30, 2, 81, 31, 2, 76, 32, 2, 95, 33, 3, 86, 34, 3, 105, 35, 3, 30, 36, 4, 91, 37, 4, 86, 38, 4, 92, 39, 5, 87, 40, 5, 100, 41, 5, 9, 42, 0, 11, 43, 0, 8, 44, 0, 12, 45, 1, 14, 46, 1, 13, 47, 1, 33, 48, 2, 12, 49, 2, 13, 50, 2, 34, 51, 3, 13, 52, 3, 14, 49, 3, 35, 53, 4, 14, 43, 4, 15, 54, 4, 12, 43, 5, 35, 48, 5, 15, 50, 5, 9, 55, 2, 36, 51, 2, 39, 48, 2, 9, 56, 3, 38, 51, 3, 10, 57, 3, 10, 58, 4, 37, 53, 4, 11, 59, 4, 37, 60, 5, 8, 58, 5, 11, 55, 5, 38, 61, 1, 36, 50, 1, 37, 42, 1, 32, 62, 0, 34, 63, 0, 35, 64, 0, 47, 62, 0, 45, 63, 0, 44, 64, 0, 41, 61, 1, 43, 50, 1, 42, 42, 1, 42, 60, 5, 55, 58, 5, 52, 55, 5, 53, 57, 4, 42, 48, 4, 52, 55, 4, 54, 56, 3, 41, 51, 3, 53, 57, 3, 54, 59, 2, 43, 65, 2, 40, 53, 2, 51, 43, 5, 44, 48, 5, 48, 50, 5, 44, 48, 4, 49, 49, 4, 48, 50, 4, 45, 51, 3, 50, 52, 3, 49, 49, 3, 46, 53, 2, 51, 43, 2, 50, 54, 2, 51, 45, 1, 49, 46, 1, 50, 47, 1, 54, 42, 0, 52, 43, 0, 55, 44, 0, 63, 66, 0, 61, 67, 0, 60, 68, 0, 57, 69, 1, 59, 70, 1, 58, 18, 1, 58, 71, 5, 113, 72, 5, 110, 73, 5, 111, 72, 4, 58, 74, 4, 110, 75, 4, 112, 76, 3, 57, 77, 3, 111, 78, 3, 112, 73, 2, 59, 77, 2, 56, 79, 2, 67, 19, 5, 60, 79, 5, 64, 70, 5, 60, 74, 4, 65, 19, 4, 64, 80, 4, 61, 77, 3, 66, 81, 3, 65, 82, 3, 62, 79, 2, 67, 82, 2, 66, 70, 2, 69, 74, 2, 20, 19, 2, 21, 80, 2, 70, 77, 3, 21, 81, 3, 22, 82, 3, 71, 79, 4, 22, 82, 4, 23, 70, 4, 20, 19, 5, 71, 79, 5, 23, 70, 5, 17, 75, 2, 106, 83, 2, 109, 74, 2, 17, 76, 3, 108, 77, 3, 18, 78, 3, 18, 78, 4, 107, 79, 4, 19, 73, 4, 107, 71, 5, 16, 72, 5, 19, 73, 5, 96, 84, 5, 31, 85, 5, 94, 86, 5, 97, 87, 5, 91, 88, 5, 96, 84, 5, 98, 89, 5, 90, 90, 5, 97, 87, 5, 99, 91, 5, 89, 92, 5, 98, 89, 5, 100, 41, 5, 88, 93, 5, 99, 91, 5, 82, 94, 4, 27, 95, 4, 26, 96, 4, 83, 97, 4, 87, 98, 4, 82, 94, 4, 83, 97, 4, 89, 99, 4, 88, 100, 4, 85, 101, 4, 89, 99, 4, 84, 102, 4, 86, 38, 4, 90, 103, 4, 85, 101, 4, 101, 104, 3, 26, 105, 3, 93, 106, 3, 102, 107, 3, 82, 108, 3, 101, 104, 3, 103, 109, 3, 83, 110, 3, 102, 107, 3, 104, 111, 3, 84, 112, 3, 103, 109, 3, 105, 35, 3, 85, 113, 3, 104, 111, 3, 72, 114, 2, 25, 115, 2, 24, 116, 2, 73, 117, 2, 77, 118, 2, 72, 114, 2, 74, 119, 2, 78, 120, 2, 73, 117, 2, 75, 121, 2, 79, 122, 2, 74, 119, 2, 76, 32, 2, 80, 123, 2, 75, 121, 2, 81, 124, 3, 104, 111, 3, 80, 125, 3, 80, 125, 3, 103, 109, 3, 79, 126, 3, 79, 126, 3, 102, 107, 3, 78, 127, 3, 78, 127, 3, 101, 104, 3, 77, 128, 3, 77, 128, 3, 93, 106, 3, 25, 129, 3, 72, 130, 5, 99, 91, 5, 73, 131, 5, 73, 131, 5, 98, 89, 5, 74, 132, 5, 74, 132, 5, 97, 87, 5, 75, 133, 5, 75, 133, 5, 96, 84, 5, 76, 134, 5, 76, 134, 5, 94, 86, 5, 28, 135, 5, 24, 136, 5, 100, 41, 5, 72, 130, 5, 29, 137, 3, 105, 35, 3, 81, 124, 3, 94, 29, 1, 29, 138, 1, 28, 139, 1, 24, 140, 0, 93, 24, 0, 92, 26, 0, 108, 69, 1, 106, 70, 1, 107, 18, 1, 67, 21, 1, 65, 22, 1, 66, 23, 1, 68, 66, 0, 70, 67, 0, 71, 68, 0, 112, 18, 0, 110, 19, 0, 113, 20, 0, 114, 141, 0, 116, 142, 0, 117, 143, 0, 118, 144, 1, 120, 145, 1, 119, 146, 1, 118, 144, 2, 115, 147, 2, 114, 148, 2, 119, 149, 3, 116, 150, 3, 115, 151, 3, 120, 143, 4, 117, 152, 4, 116, 150, 4, 114, 148, 5, 121, 142, 5, 118, 144, 5, 0, 0, 0, 1, 153, 0, 2, 1, 0, 7, 3, 1, 6, 154, 1, 5, 4, 1, 4, 6, 2, 5, 155, 2, 1, 7, 2, 5, 9, 3, 6, 156, 3, 2, 10, 3, 2, 12, 4, 6, 157, 4, 7, 13, 4, 0, 15, 5, 3, 158, 5, 7, 16, 5, 17, 18, 0, 18, 70, 0, 19, 19, 0, 20, 21, 1, 23, 159, 1, 22, 22, 1, 93, 24, 0, 26, 160, 0, 27, 25, 0, 31, 27, 1, 30, 161, 1, 95, 28, 1, 28, 30, 2, 29, 162, 2, 81, 31, 2, 95, 33, 3, 30, 163, 3, 86, 34, 3, 30, 36, 4, 31, 164, 4, 91, 37, 4, 92, 39, 5, 27, 165, 5, 87, 40, 5, 9, 42, 0, 10, 50, 0, 11, 43, 0, 12, 45, 1, 15, 166, 1, 14, 46, 1, 33, 48, 2, 32, 167, 2, 12, 49, 2, 34, 51, 3, 33, 168, 3, 13, 52, 3, 35, 53, 4, 34, 169, 4, 14, 43, 4, 12, 43, 5, 32, 65, 5, 35, 48, 5, 9, 55, 2, 8, 57, 2, 36, 51, 2, 9, 56, 3, 39, 168, 3, 38, 51, 3, 10, 58, 4, 38, 65, 4, 37, 53, 4, 37, 60, 5, 36, 65, 5, 8, 58, 5, 38, 61, 1, 39, 49, 1, 36, 50, 1, 32, 62, 0, 33, 170, 0, 34, 63, 0, 47, 62, 0, 46, 170, 0, 45, 63, 0, 41, 61, 1, 40, 49, 1, 43, 50, 1, 42, 60, 5, 43, 65, 5, 55, 58, 5, 53, 57, 4, 41, 51, 4, 42, 48, 4, 54, 56, 3, 40, 168, 3, 41, 51, 3, 54, 59, 2, 55, 58, 2, 43, 65, 2, 51, 43, 5, 47, 65, 5, 44, 48, 5, 44, 48, 4, 45, 171, 4, 49, 49, 4, 45, 51, 3, 46, 168, 3, 50, 52, 3, 46, 53, 2, 47, 65, 2, 51, 43, 2, 51, 45, 1, 48, 166, 1, 49, 46, 1, 54, 42, 0, 53, 50, 0, 52, 43, 0, 63, 66, 0, 62, 172, 0, 61, 67, 0, 57, 69, 1, 56, 82, 1, 59, 70, 1, 58, 71, 5, 59, 83, 5, 113, 72, 5, 111, 72, 4, 57, 83, 4, 58, 74, 4, 112, 76, 3, 56, 173, 3, 57, 77, 3, 112, 73, 2, 113, 78, 2, 59, 77, 2, 67, 19, 5, 63, 83, 5, 60, 79, 5, 60, 74, 4, 61, 174, 4, 65, 19, 4, 61, 77, 3, 62, 173, 3, 66, 81, 3, 62, 79, 2, 63, 175, 2, 67, 82, 2, 69, 74, 2, 68, 83, 2, 20, 19, 2, 70, 77, 3, 69, 173, 3, 21, 81, 3, 71, 79, 4, 70, 176, 4, 22, 82, 4, 20, 19, 5, 68, 83, 5, 71, 79, 5, 17, 75, 2, 16, 72, 2, 106, 83, 2, 17, 76, 3, 109, 173, 3, 108, 77, 3, 18, 78, 4, 108, 77, 4, 107, 79, 4, 107, 71, 5, 106, 83, 5, 16, 72, 5, 96, 84, 5, 91, 88, 5, 31, 85, 5, 97, 87, 5, 90, 90, 5, 91, 88, 5, 98, 89, 5, 89, 92, 5, 90, 90, 5, 99, 91, 5, 88, 93, 5, 89, 92, 5, 100, 41, 5, 87, 40, 5, 88, 93, 5, 82, 94, 4, 87, 98, 4, 27, 95, 4, 83, 97, 4, 88, 100, 4, 87, 98, 4, 83, 97, 4, 84, 102, 4, 89, 99, 4, 85, 101, 4, 90, 103, 4, 89, 99, 4, 86, 38, 4, 91, 37, 4, 90, 103, 4, 101, 104, 3, 82, 108, 3, 26, 105, 3, 102, 107, 3, 83, 110, 3, 82, 108, 3, 103, 109, 3, 84, 112, 3, 83, 110, 3, 104, 111, 3, 85, 113, 3, 84, 112, 3, 105, 35, 3, 86, 34, 3, 85, 113, 3, 72, 114, 2, 77, 118, 2, 25, 115, 2, 73, 117, 2, 78, 120, 2, 77, 118, 2, 74, 119, 2, 79, 122, 2, 78, 120, 2, 75, 121, 2, 80, 123, 2, 79, 122, 2, 76, 32, 2, 81, 31, 2, 80, 123, 2, 81, 124, 3, 105, 35, 3, 104, 111, 3, 80, 125, 3, 104, 111, 3, 103, 109, 3, 79, 126, 3, 103, 109, 3, 102, 107, 3, 78, 127, 3, 102, 107, 3, 101, 104, 3, 77, 128, 3, 101, 104, 3, 93, 106, 3, 72, 130, 5, 100, 41, 5, 99, 91, 5, 73, 131, 5, 99, 91, 5, 98, 89, 5, 74, 132, 5, 98, 89, 5, 97, 87, 5, 75, 133, 5, 97, 87, 5, 96, 84, 5, 76, 134, 5, 96, 84, 5, 94, 86, 5, 24, 136, 5, 92, 39, 5, 100, 41, 5, 29, 137, 3, 95, 33, 3, 105, 35, 3, 94, 29, 1, 95, 28, 1, 29, 138, 1, 24, 140, 0, 25, 177, 0, 93, 24, 0, 108, 69, 1, 109, 82, 1, 106, 70, 1, 67, 21, 1, 64, 159, 1, 65, 22, 1, 68, 66, 0, 69, 172, 0, 70, 67, 0, 112, 18, 0, 111, 70, 0, 110, 19, 0, 114, 141, 0, 115, 145, 0, 116, 142, 0, 118, 144, 1, 121, 142, 1, 120, 145, 1, 118, 144, 2, 119, 178, 2, 115, 147, 2, 119, 149, 3, 120, 143, 3, 116, 150, 3, 120, 143, 4, 121, 142, 4, 117, 152, 4, 114, 148, 5, 117, 152, 5, 121, 142, 5]
        },
        "vcounts": {
            "stride": 1,
            "count": 122,
            "array": [1, 1, 1, 1, 1, 2, 1, 3, 1, 1, 1, 1, 1, 1, 1, 1, 1, 1, 1, 1, 1, 1, 1, 1, 1, 1, 1, 1, 1, 1, 1, 1, 1, 1, 1, 1, 1, 1, 1, 1, 1, 1, 1, 1, 1, 1, 1, 1, 1, 1, 1, 1, 1, 1, 1, 1, 1, 1, 1, 1, 1, 1, 1, 1, 1, 1, 1, 1, 1, 1, 1, 1, 2, 2, 2, 2, 2, 2, 2, 2, 2, 2, 2, 2, 2, 2, 2, 2, 2, 2, 2, 2, 1, 1, 1, 1, 2, 2, 2, 2, 2, 2, 2, 2, 2, 2, 1, 1, 1, 1, 1, 1, 1, 1, 1, 1, 1, 1, 1, 1, 1, 2]
        },
        "weights": {
            "stride": 1,
            "count": 39,
            "array": [1.0, 0.9944, 0.0056, 0.9899, 0.005, 0.0051, 0.746, 0.254, 0.7461, 0.2539, 0.5019, 0.4981, 0.2558, 0.7442, 0.23, 0.77, 0.7457, 0.2543, 0.7456, 0.2544, 0.5017, 0.4983, 0.2561, 0.7439, 0.2355, 0.7645, 0.5018, 0.4982, 0.2562, 0.7438, 0.2329, 0.7671, 0.2327, 0.7673, 0.7686, 0.2314, 0.7658, 0.2342, 0.9949]
        },
        "vindices": {
            "stride": 1,
            "count": 312,
            "array": [9, 0, 9, 0, 9, 0, 9, 0, 9, 0, 9, 1, 15, 2, 9, 0, 9, 3, 10, 4, 15, 5, 5, 0, 5, 0, 5, 0, 5, 0, 4, 0, 4, 0, 4, 0, 4, 0, 12, 0, 12, 0, 12, 0, 12, 0, 11, 0, 11, 0, 11, 0, 11, 0, 7, 0, 7, 0, 7, 0, 7, 0, 8, 0, 8, 0, 8, 0, 8, 0, 4, 0, 4, 0, 4, 0, 4, 0, 5, 0, 5, 0, 5, 0, 5, 0, 2, 0, 2, 0, 2, 0, 2, 0, 1, 0, 1, 0, 1, 0, 1, 0, 1, 0, 1, 0, 1, 0, 1, 0, 2, 0, 2, 0, 2, 0, 2, 0, 17, 0, 17, 0, 17, 0, 17, 0, 16, 0, 16, 0, 16, 0, 16, 0, 16, 0, 16, 0, 16, 0, 16, 0, 11, 0, 11, 0, 11, 0, 11, 0, 7, 6, 8, 7, 7, 8, 8, 9, 7, 10, 8, 11, 7, 12, 8, 13, 7, 14, 8, 15, 7, 16, 8, 17, 7, 18, 8, 19, 7, 20, 8, 21, 7, 22, 8, 23, 7, 24, 8, 25, 7, 16, 8, 17, 7, 16, 8, 17, 7, 26, 8, 27, 7, 28, 8, 29, 7, 30, 8, 31, 7, 6, 8, 7, 7, 6, 8, 7, 7, 20, 8, 21, 7, 12, 8, 13, 7, 32, 8, 33, 7, 0, 7, 0, 8, 0, 8, 0, 8, 34, 7, 35, 8, 13, 7, 12, 8, 27, 7, 26, 8, 7, 7, 6, 8, 7, 7, 6, 8, 17, 7, 16, 8, 17, 7, 16, 8, 27, 7, 26, 8, 29, 7, 28, 8, 36, 7, 37, 12, 0, 12, 0, 12, 0, 12, 0, 17, 0, 17, 0, 17, 0, 17, 0, 9, 0, 9, 0, 9, 0, 9, 0, 9, 0, 9, 0, 9, 0, 9, 38, 15, 5]
        }
    },
    "armature": {
        "joints": ["Root", "Thigh_R", "Leg_R", "Knee_R", "Thigh_L", "Leg_L", "Knee_L", "Torso", "Chest", "Head", "Shoulder_R", "Arm_R", "Hand_R", "Tool_R", "Elbow_R", "Shoulder_L", "Arm_L", "Hand_L", "Tool_L", "Elbow_L"],
        "hierarchy": [
            {
                "name": "Root",
                "transform": [1.0, 0.0, 0.0, -5e-06, 0.0, 0.0, -1.0, 0.000946, 0.0, 1.0, 0.0, 0.763972, 0.0, 0.0, 0.0, 1.0],
                "children": [
                    {
                        "name": "Thigh_R",
                        "transform": [1.0, -0.0, -0.0, 0.124994, 0.0, -1.0, 1e-06, -0.002831, -0.0, -0.0, -1.0, -1.2e-05, 0.0, 0.0, 0.0, 1.0],
                        "children": [
                            {
                                "name": "Leg_R",
                                "transform": [1.0, 0.0, 1e-06, 0.0, -0.0, 1.0, 0.0, 0.37472, -1e-06, -0.0, 1.0, 0.0, 0.0, 0.0, 0.0, 1.0],
                                "children": []
                            },
                            {
                                "name": "Knee_R",
                                "transform": [1.0, 0.0, -0.0, 0.0, -0.0, 1e-06, -1.0, 0.37472, -0.0, 1.0, 1e-06, 0.0, 0.0, 0.0, 0.0, 1.0],
                                "children": []
                            }
                        ]
                    },
                    {
                        "name": "Thigh_L",
                        "transform": [1.0, -0.0, -0.0, -0.125006, 0.0, -1.0, 1e-06, -0.002831, -0.0, -0.0, -1.0, -1.2e-05, 0.0, 0.0, 0.0, 1.0],
                        "children": [
                            {
                                "name": "Leg_L",
                                "transform": [1.0, 0.0, 1e-06, -0.0, -0.0, 1.0, 0.0, 0.37472, -1e-06, -0.0, 1.0, 0.0, 0.0, 0.0, 0.0, 1.0],
                                "children": []
                            },
                            {
                                "name": "Knee_L",
                                "transform": [1.0, 0.0, -0.0, -0.0, -0.0, 1e-06, -1.0, 0.37472, -0.0, 1.0, 1e-06, 0.0, 0.0, 0.0, 0.0, 1.0],
                                "children": []
                            }
                        ]
                    },
                    {
                        "name": "Torso",
                        "transform": [1.0, 0.0, 0.0, 0.0, 0.0, 1.0, 0.0, 0.05, 0.0, 0.0, 1.0, 0.0, 0.0, 0.0, 0.0, 1.0],
                        "children": [
                            {
                                "name": "Chest",
                                "transform": [1.0, 0.0, 0.0, 0.0, 0.0, 1.0, 0.0, 0.3, 0.0, 0.0, 1.0, 0.0, 0.0, 0.0, 0.0, 1.0],
                                "children": [
                                    {
                                        "name": "Head",
                                        "transform": [1.0, 0.0, 0.0, 0.0, 0.0, 1.0, 0.0, 0.4, 0.0, 0.0, 1.0, 0.0, 0.0, 0.0, 0.0, 1.0],
                                        "children": []
                                    },
                                    {
                                        "name": "Shoulder_R",
                                        "transform": [-0.0, 0.932661, 0.360754, 0.0, -0.0, -0.360754, 0.932661, 0.4, 1.0, 0.0, 0.0, 0.0, 0.0, 0.0, 0.0, 1.0],
                                        "children": [
                                            {
                                                "name": "Arm_R",
                                                "transform": [0.0, 0.0, -1.0, 0.0, 0.932661, 0.360754, 0.0, 0.333802, 0.360754, -0.932661, 0.0, 0.0, 0.0, 0.0, 0.0, 1.0],
                                                "children": [
                                                    {
                                                        "name": "Hand_R",
                                                        "transform": [1.0, 0.0, -0.0, 0.0, -0.0, 1.0, 0.0, 0.3, 0.0, -0.0, 1.0, 0.0, 0.0, 0.0, 0.0, 1.0],
                                                        "children": [
                                                            {
                                                                "name": "Tool_R",
                                                                "transform": [1.0, 0.0, 0.0, 0.0, 0.0, -1.0, 0.0, 0.271204, 0.0, -0.0, -1.0, -0.0, 0.0, 0.0, 0.0, 1.0],
                                                                "children": []
                                                            }
                                                        ]
                                                    },
                                                    {
                                                        "name": "Elbow_R",
                                                        "transform": [-1.0, 0.0, -0.0, 0.0, 0.0, -0.0, -1.0, 0.3, -0.0, -1.0, 0.0, 0.0, 0.0, 0.0, 0.0, 1.0],
                                                        "children": []
                                                    }
                                                ]
                                            }
                                        ]
                                    },
                                    {
                                        "name": "Shoulder_L",
                                        "transform": [-0.0, -0.932661, -0.360754, 0.0, 0.0, -0.360754, 0.932661, 0.4, -1.0, 0.0, 0.0, 0.0, 0.0, 0.0, 0.0, 1.0],
                                        "children": [
                                            {
                                                "name": "Arm_L",
                                                "transform": [-0.0, -0.0, 1.0, 0.0, -0.932661, 0.360754, -0.0, 0.333802, -0.360754, -0.932661, -0.0, -0.0, 0.0, 0.0, 0.0, 1.0],
                                                "children": [
                                                    {
                                                        "name": "Hand_L",
                                                        "transform": [1.0, -0.0, 0.0, 0.0, 0.0, 1.0, 0.0, 0.3, -0.0, -0.0, 1.0, -0.0, 0.0, 0.0, 0.0, 1.0],
                                                        "children": [
                                                            {
                                                                "name": "Tool_L",
                                                                "transform": [1.0, 0.0, 0.0, -0.0, 0.0, -1.0, 0.0, 0.271204, 0.0, -0.0, -1.0, -0.0, 0.0, 0.0, 0.0, 1.0],
                                                                "children": []
                                                            }
                                                        ]
                                                    },
                                                    {
                                                        "name": "Elbow_L",
                                                        "transform": [-1.0, 0.0, -0.0, 0.0, 0.0, -0.0, -1.0, 0.3, -0.0, -1.0, 0.0, -0.0, 0.0, 0.0, 0.0, 1.0],
                                                        "children": []
                                                    }
                                                ]
                                            }
                                        ]
                                    }
                                ]
                            }
                        ]
                    }
                ]
            }
        ]
    },
    "animation": [
        {
            "name": "Root",
            "time": [0.0, 0.3, 0.3333, 0.3667, 0.4333, 0.75],
            "transform": [
                [0.465306, 0.0, -0.88515, -5e-06, -0.88515, 0.0, -0.465306, 0.000946, 0.0, 1.0, 0.0, 0.650033, 0.0, 0.0, 0.0, 1.0],
                [0.601358, 0.0, -0.79898, -0.003198, -0.794903, 0.100882, -0.59829, 0.156641, 0.080603, 0.994898, 0.060666, 0.542686, 0.0, 0.0, 0.0, 1.0],
                [0.961171, -0.078645, -0.264511, -0.01386, -0.256551, 0.098414, -0.961507, 0.358498, 0.101649, 0.992033, 0.074416, 0.586649, 0.0, 0.0, 0.0, 1.0],
                [0.980963, -0.06591, 0.182669, -0.024523, 0.184183, 0.017614, -0.982734, 0.590227, 0.061555, 0.99767, 0.029418, 0.615051, 0.0, 0.0, 0.0, 1.0],
                [0.87801, 0.0, 0.478643, -5e-06, 0.478643, 0.0, -0.87801, 0.700946, 0.0, 1.0, 0.0, 0.604293, 0.0, 0.0, 0.0, 1.0],
                [0.721276, 0.0, 0.692648, -5e-06, 0.692648, 0.0, -0.721276, 0.700946, 0.0, 1.0, 0.0, 0.586409, 0.0, 0.0, 0.0, 1.0]
            ]
        },
        {
            "name": "Thigh_R",
            "time": [0.0, 0.3, 0.3333, 0.3667, 0.4333, 0.75],
            "transform": [
                [0.952118, 0.304383, 0.028586, 0.124994, 0.266985, -0.873387, 0.407319, -0.002831, 0.148948, -0.380184, -0.912836, -1.2e-05, 0.0, 0.0, 0.0, 1.0],
                [0.883733, 0.464074, -0.060384, 0.124994, 0.438235, -0.775361, 0.454709, -0.002831, 0.1642, -0.428305, -0.888587, -1.2e-05, 0.0, 0.0, 0.0, 1.0],
                [0.957703, 0.2839, 0.046898, 0.124994, 0.21424, -0.812317, 0.542436, -0.002831, 0.192095, -0.509445, -0.838784, -1.2e-05, 0.0, 0.0, 0.0, 1.0],
                [0.973089, 0.217265, 0.076746, 0.124994, 0.120512, -0.763757, 0.634151, -0.002831, 0.196394, -0.607837, -0.769389, -1.2e-05, 0.0, 0.0, 0.0, 1.0],
                [0.955363, 0.295359, -0.006317, 0.124994, 0.219861, -0.696552, 0.682988, -0.002831, 0.197327, -0.653891, -0.730401, -1.2e-05, 0.0, 0.0, 0.0, 1.0],
                [0.918345, 0.391035, -0.061074, 0.124994, 0.343888, -0.711999, 0.612204, -0.002831, 0.195909, -0.583218, -0.788335, -1.2e-05, 0.0, 0.0, 0.0, 1.0]
            ]
        },
        {
            "name": "Leg_R",
            "time": [0.0, 0.3, 0.3333, 0.3667, 0.4333, 0.75],
            "transform": [
                [1.000001, -0.0, 1e-06, 0.0, -0.0, 0.843555, 0.537044, 0.37472, -1e-06, -0.537043, 0.843556, 0.0, 0.0, 0.0, 0.0, 1.0],
                [1.000001, -0.0, 1e-06, -0.0, -0.0, 0.635956, 0.771727, 0.37472, -1e-06, -0.771726, 0.635957, 0.0, 0.0, 0.0, 0.0, 1.0],
                [1.000001, -0.0, 1e-06, -0.0, -0.0, 0.551663, 0.834069, 0.37472, -1e-06, -0.834068, 0.551664, 0.0, 0.0, 0.0, 0.0, 1.0],
                [1.000001, -0.0, 1e-06, 0.0, -0.0, 0.630627, 0.776088, 0.37472, -1e-06, -0.776087, 0.630627, 0.0, 0.0, 0.0, 0.0, 1.0],
                [1.000001, -0.0, 1e-06, -0.0, -0.0, 0.584359, 0.811497, 0.37472, -1e-06, -0.811496, 0.584359, 0.0, 0.0, 0.0, 0.0, 1.0],
                [1.000002, -0.0, 1e-06, 0.0, -0.0, 0.595615, 0.803272, 0.37472, -1e-06, -0.803271, 0.595615, 0.0, 0.0, 0.0, 0.0, 1.0]
            ]
        },
        {
            "name": "Knee_R",
            "time": [0.0, 0.3, 0.3667, 0.4333, 0.75],
            "transform": [
                [1.0, 0.0, -0.0, 0.0, -0.0, 1e-06, -1.0, 0.37472, -0.0, 1.0, 1e-06, 0.0, 0.0, 0.0, 0.0, 1.0],
                [1.0, 0.0, -0.0, -0.0, -0.0, 1e-06, -1.0, 0.37472, -0.0, 1.0, 1e-06, 0.0, 0.0, 0.0, 0.0, 1.0],
                [1.0, 0.0, -0.0, 0.0, -0.0, 1e-06, -1.0, 0.37472, -0.0, 1.0, 1e-06, 0.0, 0.0, 0.0, 0.0, 1.0],
                [1.0, 0.0, -0.0, -0.0, -0.0, 1e-06, -1.0, 0.37472, -0.0, 1.0, 1e-06, 0.0, 0.0, 0.0, 0.0, 1.0],
                [1.0, 0.0, -0.0, 0.0, -0.0, 1e-06, -1.0, 0.37472, -0.0, 1.0, 1e-06, 0.0, 0.0, 0.0, 0.0, 1.0]
            ]
        },
        {
            "name": "Thigh_L",
            "time": [0.0, 0.3, 0.3333, 0.3667, 0.4333, 0.75],
            "transform": [
                [0.937733, -0.333489, -0.097158, -0.125006, -0.289748, -0.90526, 0.310719, -0.002831, -0.191575, -0.26322, -0.945522, -1.2e-05, 0.0, 0.0, 0.0, 1.0],
                [0.958356, -0.284004, -0.029885, -0.125006, -0.214448, -0.784822, 0.581429, -0.002831, -0.188584, -0.550808, -0.813044, -1.2e-05, 0.0, 0.0, 0.0, 1.0],
                [0.986141, -0.164109, 0.024342, -0.125006, -0.159569, -0.898058, 0.409908, -0.002831, -0.045409, -0.408111, -0.911799, -1.2e-05, 0.0, 0.0, 0.0, 1.0],
                [0.978046, -0.131119, 0.161965, -0.125006, -0.129538, -0.991364, -0.020329, -0.002831, 0.163233, -0.001097, -0.986586, -1.2e-05, 0.0, 0.0, 0.0, 1.0],
                [0.953697, -0.243313, 0.176807, -0.125006, -0.226989, -0.967929, -0.10764, -0.002831, 0.197327, 0.062523, -0.978342, -1.2e-05, 0.0, 0.0, 0.0, 1.0],
                [0.900545, -0.375388, 0.219321, -0.125006, -0.38812, -0.921459, 0.01648, -0.002831, 0.195909, -0.099963, -0.975513, -1.2e-05, 0.0, 0.0, 0.0, 1.0]
            ]
        },
        {
            "name": "Leg_L",
            "time": [0.0, 0.3, 0.3333, 0.3667, 0.4333, 0.75],
            "transform": [
                [0.999999, -0.0, 1e-06, 0.0, -0.0, 0.752021, 0.65914, 0.37472, -1e-06, -0.659138, 0.752023, 0.0, 0.0, 0.0, 0.0, 1.0],
                [1.0, -1e-06, 0.0, 0.0, -0.0, 0.155713, 0.987803, 0.37472, -1e-06, -0.987803, 0.155713, 0.0, 0.0, 0.0, 0.0, 1.0],
                [0.999999, -1e-06, 0.0, 0.0, -0.0, 0.359788, 0.933035, 0.37472, -1e-06, -0.933035, 0.359788, -0.0, 0.0, 0.0, 0.0, 1.0],
                [0.999999, -0.0, 1e-06, 0.0, -0.0, 0.696471, 0.717586, 0.37472, -1e-06, -0.717585, 0.696473, -0.0, 0.0, 0.0, 0.0, 1.0],
                [0.999999, -0.0, 1e-06, 0.0, -0.0, 0.799132, 0.601157, 0.37472, -1e-06, -0.601157, 0.799132, -0.0, 0.0, 0.0, 0.0, 1.0],
                [0.999999, -0.0, 1e-06, -0.0, -0.0, 0.726937, 0.686706, 0.37472, -1e-06, -0.686704, 0.726939, -0.0, 0.0, 0.0, 0.0, 1.0]
            ]
        },
        {
            "name": "Knee_L",
            "time": [0.0, 0.3, 0.3667, 0.4333, 0.75],
            "transform": [
                [1.0, 0.0, -0.0, 0.0, -0.0, 1e-06, -1.0, 0.37472, -0.0, 1.0, 1e-06, 0.0, 0.0, 0.0, 0.0, 1.0],
                [1.0, 0.0, -0.0, 0.0, -0.0, 1e-06, -1.0, 0.37472, -0.0, 1.0, 1e-06, 0.0, 0.0, 0.0, 0.0, 1.0],
                [1.0, 0.0, -0.0, 0.0, -0.0, 1e-06, -1.0, 0.37472, -0.0, 1.0, 1e-06, -0.0, 0.0, 0.0, 0.0, 1.0],
                [1.0, 0.0, -0.0, 0.0, -0.0, 1e-06, -1.0, 0.37472, -0.0, 1.0, 1e-06, -0.0, 0.0, 0.0, 0.0, 1.0],
                [1.0, 0.0, -0.0, -0.0, -0.0, 1e-06, -1.0, 0.37472, -0.0, 1.0, 1e-06, -0.0, 0.0, 0.0, 0.0, 1.0]
            ]
        },
        {
            "name": "Torso",
            "time": [0.0, 0.3, 0.3333, 0.3667, 0.4333, 0.75],
            "transform": [
                [0.998815, -0.048664, 7.8e-05, 0.0, 0.048662, 0.998778, 0.008589, 0.05, -0.000496, -0.008575, 0.999963, -0.0, 0.0, 0.0, 0.0, 1.0],
                [0.985017, -0.171926, -0.013523, -0.0, 0.171064, 0.983999, -0.049824, 0.05, 0.021873, 0.046764, 0.998666, 0.0, 0.0, 0.0, 0.0, 1.0],
                [0.999031, -0.042999, -0.009335, -0.0, 0.042407, 0.997509, -0.056368, 0.05, 0.011736, 0.055918, 0.998366, 0.0, 0.0, 0.0, 0.0, 1.0],
                [0.999692, -0.02449, -0.003882, 0.0, 0.024218, 0.997963, -0.059025, 0.05, 0.00532, 0.058913, 0.998249, -0.0, 0.0, 0.0, 0.0, 1.0],
                [0.995499, 0.094771, -0.000333, 0.0, -0.094331, 0.991207, 0.092792, 0.05, 0.009124, -0.092343, 0.995685, 0.0, 0.0, 0.0, 0.0, 1.0],
                [0.997681, 0.067972, -0.003416, -0.0, -0.067976, 0.997687, -0.000994, 0.05, 0.00334, 0.001224, 0.999994, 0.0, 0.0, 0.0, 0.0, 1.0]
            ]
        },
        {
            "name": "Chest",
            "time": [0.0, 0.3, 0.3667, 0.4333, 0.75],
            "transform": [
                [0.966116, 0.0, -0.258107, 0.0, -0.0, 1.0, -0.0, 0.3, 0.258108, -0.0, 0.966116, 0.0, 0.0, 0.0, 0.0, 1.0],
                [0.652806, 0.168362, -0.738578, -0.0, -0.043303, 0.981688, 0.185506, 0.3, 0.756286, -0.089117, 0.648143, -0.0, 0.0, 0.0, 0.0, 1.0],
                [0.984131, 0.029295, 0.175011, -0.0, -0.046253, 0.994533, 0.093616, 0.3, -0.171312, -0.100225, 0.980106, -0.0, 0.0, 0.0, 0.0, 1.0],
                [0.922439, -0.067941, 0.38012, -0.0, 0.07747, 0.996946, -0.009806, 0.3, -0.378293, 0.038494, 0.924885, 0.0, 0.0, 0.0, 0.0, 1.0],
                [0.923762, -0.062989, 0.377751, -0.0, 0.050715, 0.997814, 0.042362, 0.3, -0.379594, -0.019975, 0.924937, 0.0, 0.0, 0.0, 0.0, 1.0]
            ]
        },
        {
            "name": "Head",
            "time": [0.0, 0.3, 0.3333, 0.3667, 0.4333, 0.75],
            "transform": [
                [0.370614, 0.006281, 0.928766, 0.0, -0.007958, 0.999962, -0.003587, 0.4, -0.928753, -0.006062, 0.370649, -0.0, 0.0, 0.0, 0.0, 1.0],
                [0.090847, -0.010781, 0.995807, 0.0, 0.002728, 0.99994, 0.010577, 0.4, -0.995861, 0.001756, 0.090871, 0.0, 0.0, 0.0, 0.0, 1.0],
                [0.839007, 0.015777, 0.543892, 0.0, -0.018169, 0.999835, -0.000976, 0.4, -0.543817, -0.009063, 0.839155, 0.0, 0.0, 0.0, 0.0, 1.0],
                [0.941653, 0.030301, -0.335219, -0.0, -0.029156, 0.999539, 0.008448, 0.4, 0.335321, 0.001818, 0.942103, 0.0, 0.0, 0.0, 0.0, 1.0],
                [0.691818, 0.00563, -0.722049, 0.0, 0.000941, 0.999961, 0.008699, 0.4, 0.722071, -0.006697, 0.691786, 0.0, 0.0, 0.0, 0.0, 1.0],
                [0.50525, 0.00564, -0.862955, -0.0, 0.00292, 0.999962, 0.008246, 0.4, 0.862969, -0.006686, 0.505214, -0.0, 0.0, 0.0, 0.0, 1.0]
            ]
        },
        {
            "name": "Shoulder_R",
            "time": [0.0, 0.3, 0.3667, 0.4333, 0.75],
            "transform": [
                [-0.458574, 0.8098, 0.36597, 0.0, 0.043369, -0.390939, 0.919394, 0.4, 0.887598, 0.437482, 0.144154, -0.0, 0.0, 0.0, 0.0, 1.0],
                [-0.458574, 0.8098, 0.36597, 0.0, 0.043369, -0.390939, 0.919394, 0.4, 0.887598, 0.437482, 0.144154, 0.0, 0.0, 0.0, 0.0, 1.0],
                [0.664826, 0.660322, 0.349257, -0.0, -0.051096, -0.426253, 0.90316, 0.4, 0.745249, -0.61829, -0.249645, 0.0, 0.0, 0.0, 0.0, 1.0],
                [0.885656, 0.383242, 0.262183, 0.0, -0.087718, -0.41638, 0.904949, 0.4, 0.455982, -0.824471, -0.335153, 0.0, 0.0, 0.0, 0.0, 1.0],
                [0.978336, -0.103748, 0.179154, -0.0, -0.205287, -0.374219, 0.904333, 0.4, -0.02678, -0.921518, -0.38741, -0.0, 0.0, 0.0, 0.0, 1.0]
            ]
        },
        {
            "name": "Arm_R",
            "time": [0.0, 0.3, 0.3333, 0.3667, 0.4333, 0.75],
            "transform": [
                [0.48584, -0.873027, 0.042221, -3e-05, -0.096502, -0.005568, 0.995317, 0.34081, -0.868704, -0.487639, -0.086954, -0.020873, 0.0, 0.0, 0.0, 1.0],
                [0.360758, -0.922183, -0.139396, -3e-05, 0.225173, -0.05892, 0.972535, 0.34081, -0.905069, -0.382238, 0.186395, -0.020873, 0.0, 0.0, 0.0, 1.0],
                [0.121848, -0.98951, -0.077605, -0.00187, 0.090635, -0.066769, 0.993643, 0.344338, -0.988402, -0.128108, 0.081549, -0.032271, 0.0, 0.0, 0.0, 1.0],
                [-0.236749, -0.967881, -0.084592, -0.004997, 0.301654, -0.155991, 0.94057, 0.350336, -0.923555, 0.197161, 0.328896, -0.051644, 0.0, 0.0, 0.0, 1.0],
                [-0.168295, -0.985677, -0.010776, 0.00084, 0.513603, -0.097014, 0.852526, 0.358382, -0.841361, 0.137941, 0.522574, -0.080762, 0.0, 0.0, 0.0, 1.0],
                [-0.009905, -0.999664, -0.02392, -0.007547, 0.631369, -0.024802, 0.775085, 0.355227, -0.775419, -0.007426, 0.631403, -0.067444, 0.0, 0.0, 0.0, 1.0]
            ]
        },
        {
            "name": "Hand_R",
            "time": [0.0, 0.3, 0.3667, 0.4333, 0.75],
            "transform": [
                [1.0, 0.0, -0.0, 0.0, 0.0, 1.0, 0.0, 0.3, 0.0, -0.0, 1.0, -0.0, 0.0, 0.0, 0.0, 1.0],
                [1.0, 0.0, -0.0, 0.0, -0.0, 1.0, -0.0, 0.3, 0.0, -0.0, 1.0, -0.0, 0.0, 0.0, 0.0, 1.0],
                [1.0, 0.0, -0.0, -0.0, -0.0, 1.0, 0.0, 0.3, 0.0, 0.0, 1.0, -0.0, 0.0, 0.0, 0.0, 1.0],
                [1.0, 0.0, -0.0, -0.0, -0.0, 1.0, -0.0, 0.3, 0.0, -0.0, 1.0, -0.0, 0.0, 0.0, 0.0, 1.0],
                [1.0, 0.0, -0.0, -0.0, -0.0, 1.0, 0.0, 0.3, 0.0, 0.0, 1.0, -0.0, 0.0, 0.0, 0.0, 1.0]
            ]
        },
        {
            "name": "Tool_R",
            "time": [0.0, 0.3, 0.3667, 0.4333, 0.75],
            "transform": [
                [1.0, 0.0, 0.0, -0.0, -0.0, -0.992878, 0.119135, 0.271204, 0.0, -0.119135, -0.992878, -0.0, 0.0, 0.0, 0.0, 1.0],
                [1.0, 0.0, 0.0, 0.0, 0.0, -0.991841, 0.127482, 0.271204, 0.0, -0.127482, -0.991841, -0.0, 0.0, 0.0, 0.0, 1.0],
                [1.0, -0.0, 0.0, 0.0, 0.0, -0.996733, -0.080771, 0.271204, 0.0, 0.080771, -0.996733, -0.0, 0.0, 0.0, 0.0, 1.0],
                [1.0, -0.0, 0.0, -0.0, -0.0, -0.991288, -0.131712, 0.271204, 0.0, 0.131712, -0.991288, 0.0, 0.0, 0.0, 0.0, 1.0],
                [1.0, 0.0, 0.0, -0.0, 0.0, -0.999909, -0.013488, 0.271204, 0.0, 0.013488, -0.999909, -0.0, 0.0, 0.0, 0.0, 1.0]
            ]
        },
        {
            "name": "Elbow_R",
            "time": [0.0, 0.3, 0.3667, 0.4333, 0.75],
            "transform": [
                [-1.0, 0.0, -0.0, 0.0, 0.0, -0.0, -1.0, 0.3, -0.0, -1.0, 0.0, -0.0, 0.0, 0.0, 0.0, 1.0],
                [-1.0, 0.0, -0.0, 0.0, 0.0, 0.0, -1.0, 0.3, -0.0, -1.0, 0.0, -0.0, 0.0, 0.0, 0.0, 1.0],
                [-1.0, 0.0, -0.0, -0.0, 0.0, -0.0, -1.0, 0.3, -0.0, -1.0, 0.0, -0.0, 0.0, 0.0, 0.0, 1.0],
                [-1.0, 0.0, -0.0, -0.0, 0.0, 0.0, -1.0, 0.3, -0.0, -1.0, 0.0, -0.0, 0.0, 0.0, 0.0, 1.0],
                [-1.0, 0.0, 0.0, -0.0, 0.0, -0.0, -1.0, 0.3, -0.0, -1.0, 0.0, -0.0, 0.0, 0.0, 0.0, 1.0]
            ]
        },
        {
            "name": "Shoulder_L",
            "time": [0.0, 0.3, 0.3667, 0.4333, 0.75],
            "transform": [
                [0.715119, -0.677742, -0.171087, 0.0, -0.076424, -0.319099, 0.944635, 0.4, -0.694812, -0.662451, -0.27999, -0.0, 0.0, 0.0, 0.0, 1.0],
                [0.715118, -0.677742, -0.171087, 0.0, -0.076424, -0.319099, 0.944635, 0.4, -0.694812, -0.662451, -0.27999, 0.0, 0.0, 0.0, 0.0, 1.0],
                [-0.439694, -0.824587, -0.355984, -0.0, -0.263882, -0.260256, 0.92878, 0.4, -0.858507, 0.502317, -0.10316, 0.0, 0.0, 0.0, 0.0, 1.0],
                [-0.680397, -0.639347, -0.358182, 0.0, -0.290109, -0.213845, 0.932795, 0.4, -0.672975, 0.738583, -0.039981, 0.0, 0.0, 0.0, 0.0, 1.0],
                [-0.715292, -0.600051, -0.358182, -0.0, -0.301682, -0.197183, 0.932795, 0.4, -0.630352, 0.775278, -0.039981, -0.0, 0.0, 0.0, 0.0, 1.0]
            ]
        },
        {
            "name": "Arm_L",
            "time": [0.0, 0.3, 0.3667, 0.4333, 0.75],
            "transform": [
                [-0.273054, 0.840601, -0.467793, -0.0, 0.426954, -0.329862, -0.841961, 0.333802, -0.862062, -0.429628, -0.268829, 0.0, 0.0, 0.0, 0.0, 1.0],
                [-0.324862, 0.864713, -0.38306, -0.0, 0.218697, -0.325368, -0.919949, 0.333802, -0.920128, -0.382631, -0.083411, -0.0, 0.0, 0.0, 0.0, 1.0],
                [0.475067, 0.843975, -0.249029, -0.0, 0.455287, -0.477931, -0.751194, 0.333802, -0.753009, 0.243489, -0.611302, 0.0, 0.0, 0.0, 0.0, 1.0],
                [0.340456, 0.894117, -0.290939, -0.0, 0.437799, -0.424578, -0.792505, 0.333802, -0.832118, 0.14244, -0.535994, 0.0, 0.0, 0.0, 0.0, 1.0],
                [0.350097, 0.936529, -0.018584, 0.0, 0.469428, -0.192583, -0.861712, 0.333802, -0.810597, 0.292959, -0.507056, -0.0, 0.0, 0.0, 0.0, 1.0]
            ]
        },
        {
            "name": "Hand_L",
            "time": [0.0, 0.3, 0.3667, 0.4333, 0.75],
            "transform": [
                [0.999982, 0.005947, -1.1e-05, 0.0, -0.005947, 0.999975, -0.003725, 0.3, -1.1e-05, 0.003725, 0.999993, 0.0, 0.0, 0.0, 0.0, 1.0],
                [0.999987, 0.005049, -1e-05, 0.0, -0.005049, 0.999979, -0.00393, 0.3, -1e-05, 0.00393, 0.999992, -0.0, 0.0, 0.0, 0.0, 1.0],
                [0.999543, -0.000195, -0.030238, -0.0, 4.8e-05, 0.999989, -0.004865, 0.3, 0.030238, 0.004862, 0.999531, -0.0, 0.0, 0.0, 0.0, 1.0],
                [0.998406, -0.000441, -0.056442, 0.0, 0.000165, 0.999987, -0.004888, 0.3, 0.056444, 0.004872, 0.998395, -0.0, 0.0, 0.0, 0.0, 1.0],
                [0.999545, -0.000105, -0.030185, 0.0, -4.5e-05, 0.999987, -0.004965, 0.3, 0.030185, 0.004966, 0.999532, 0.0, 0.0, 0.0, 0.0, 1.0]
            ]
        },
        {
            "name": "Tool_L",
            "time": [0.0, 0.3, 0.4333, 0.75],
            "transform": [
                [1.0, -0.0, 0.0, 0.0, -0.0, -1.0, 0.0, 0.271204, 0.0, -0.0, -1.0, 0.0, 0.0, 0.0, 0.0, 1.0],
