{
    "animation": [
        {
            "name": "Root",
            "time": [0.0, 0.8, 1.6],
            "transform": [
                [0.721314, -0.00701, 0.692572, -0.04245, 0.676449, 0.221869, -0.702276, -0.034541, -0.148737, 0.975051, 0.164779, 0.565781, 0.0, 0.0, 0.0, 1.0],
                [0.721314, -0.00701, 0.692572, -0.04245, 0.676449, 0.221869, -0.702276, -0.034541, -0.148737, 0.975051, 0.164779, 0.565781, 0.0, 0.0, 0.0, 1.0],
                [0.721314, -0.00701, 0.692572, -0.04245, 0.676449, 0.221869, -0.702276, -0.034541, -0.148737, 0.975051, 0.164779, 0.565781, 0.0, 0.0, 0.0, 1.0]
            ]
        },
        {
            "name": "Thigh_R",
            "time": [0.0, 1.6],
            "transform": [
                [0.547088, 0.836033, 0.041726, 0.124994, 0.307113, -0.246842, 0.919103, -0.002831, 0.778701, -0.490015, -0.391802, -1.2e-05, 0.0, 0.0, 0.0, 1.0],
                [0.547088, 0.836033, 0.041726, 0.124994, 0.307113, -0.246842, 0.919103, -0.002831, 0.778701, -0.490015, -0.391802, -1.2e-05, 0.0, 0.0, 0.0, 1.0]
            ]
        },
        {
            "name": "Leg_R",
            "time": [0.0, 1.6],
            "transform": [
                [1.0, -1e-06, 1e-06, 0.0, -0.0, 0.568787, 0.822486, 0.374726, -1e-06, -0.822487, 0.568783, -0.0, 0.0, 0.0, 0.0, 1.0],
                [1.0, -1e-06, 1e-06, 0.0, -0.0, 0.568787, 0.822486, 0.374726, -1e-06, -0.822487, 0.568783, -0.0, 0.0, 0.0, 0.0, 1.0]
            ]
        },
        {
            "name": "Knee_R",
            "time": [0.0, 1.6],
            "transform": [
                [1.0, 0.0, -0.0, 0.0, -0.0, 0.00567, -0.999984, 0.419981, -0.0, 0.999984, 0.00567, -0.000257, 0.0, 0.0, 0.0, 1.0],
                [1.0, 0.0, -0.0, 0.0, -0.0, 0.00567, -0.999984, 0.419981, -0.0, 0.999984, 0.00567, -0.000257, 0.0, 0.0, 0.0, 1.0]
            ]
        },
        {
            "name": "Thigh_L",
            "time": [0.0, 1.6],
            "transform": [
                [0.931766, -0.346024, -0.109903, -0.125006, -0.233404, -0.802779, 0.548696, -0.002831, -0.278089, -0.485605, -0.828766, -1.2e-05, 0.0, 0.0, 0.0, 1.0],
                [0.931766, -0.346024, -0.109903, -0.125006, -0.233404, -0.802779, 0.548696, -0.002831, -0.278089, -0.485605, -0.828766, -1.2e-05, 0.0, 0.0, 0.0, 1.0]
            ]
        },
        {
            "name": "Leg_L",
            "time": [0.0, 1.6],
            "transform": [
                [1.0, -1e-06, 1e-06, 0.0, -0.0, 0.408131, 0.912923, 0.374726, -1e-06, -0.912923, 0.408131, -0.0, 0.0, 0.0, 0.0, 1.0],
                [1.0, -1e-06, 1e-06, 0.0, -0.0, 0.408131, 0.912923, 0.374726, -1e-06, -0.912923, 0.408131, -0.0, 0.0, 0.0, 0.0, 1.0]
            ]
        },
        {
            "name": "Knee_L",
            "time": [0.0, 1.6],
            "transform": [
                [1.0, 0.0, -0.0, 0.0, -0.0, 0.00567, -0.999984, 0.439374, -0.0, 0.999984, 0.00567, -0.000367, 0.0, 0.0, 0.0, 1.0],
                [1.0, 0.0, -0.0, 0.0, -0.0, 0.00567, -0.999984, 0.439374, -0.0, 0.999984, 0.00567, -0.000367, 0.0, 0.0, 0.0, 1.0]
            ]
        },
        {
            "name": "Torso",
            "time": [0.0, 1.6],
            "transform": [
                [1.0, -0.0, 0.0, -0.0, -0.0, 1.0, -0.000689, 0.05, -0.0, 0.000689, 1.0, -0.0, 0.0, 0.0, 0.0, 1.0],
                [1.0, -0.0, 0.0, -0.0, -0.0, 1.0, -0.000689, 0.05, -0.0, 0.000689, 1.0, -0.0, 0.0, 0.0, 0.0, 1.0]
            ]
        },
        {
            "name": "Chest",
            "time": [0.0, 0.4, 0.8, 1.2, 1.6],
            "transform": [
                [0.984534, -0.000386, 0.175192, 0.0, -0.071296, 0.912561, 0.402677, 0.3, -0.160029, -0.40894, 0.89842, 0.0, 0.0, 0.0, 0.0, 1.0],
                [0.983142, -0.003834, 0.182802, 0.0, -0.062601, 0.932298, 0.356233, 0.3, -0.171791, -0.361672, 0.916341, 0.0, 0.0, 0.0, 0.0, 1.0],
                [0.984534, -0.000386, 0.175192, 0.0, -0.071296, 0.912561, 0.402677, 0.3, -0.160029, -0.40894, 0.89842, 0.0, 0.0, 0.0, 0.0, 1.0],
                [0.983142, -0.003834, 0.182802, 0.0, -0.062601, 0.932298, 0.356233, 0.3, -0.171791, -0.361672, 0.916341, 0.0, 0.0, 0.0, 0.0, 1.0],
                [0.984534, -0.000386, 0.175192, 0.0, -0.071296, 0.912561, 0.402677, 0.3, -0.160029, -0.40894, 0.89842, 0.0, 0.0, 0.0, 0.0, 1.0]
            ]
        },
        {
            "name": "Head",
            "time": [0.0, 0.8, 1.6],
            "transform": [
                [0.690132, -0.074953, -0.719792, 0.0, -0.257835, 0.903888, -0.341333, 0.4, 0.676195, 0.421152, 0.604476, -0.0, 0.0, 0.0, 0.0, 1.0],
                [0.690132, -0.074953, -0.719792, 0.0, -0.257835, 0.903888, -0.341333, 0.4, 0.676195, 0.421152, 0.604476, -0.0, 0.0, 0.0, 0.0, 1.0],
                [0.690132, -0.074953, -0.719792, 0.0, -0.257835, 0.903888, -0.341333, 0.4, 0.676195, 0.421152, 0.604476, -0.0, 0.0, 0.0, 0.0, 1.0]
            ]
        },
        {
            "name": "Shoulder_R",
            "time": [0.0, 1.6],
            "transform": [
                [0.0, 0.952114, 0.305743, 0.0, 0.0, -0.305743, 0.952114, 0.4, 1.0, 0.0, -0.0, -0.0, 0.0, 0.0, 0.0, 1.0],
                [0.0, 0.952114, 0.305743, 0.0, 0.0, -0.305743, 0.952114, 0.4, 1.0, 0.0, -0.0, -0.0, 0.0, 0.0, 0.0, 1.0]
            ]
        },
        {
            "name": "Arm_R",
            "time": [0.0, 1.6],
            "transform": [
                [-0.181219, -0.786338, -0.590621, 0.0, 0.903034, -0.370893, 0.216722, 0.393861, -0.389473, -0.494076, 0.777303, 0.0, 0.0, 0.0, 0.0, 1.0],
                [-0.181219, -0.786338, -0.590621, 0.0, 0.903034, -0.370893, 0.216722, 0.393861, -0.389473, -0.494076, 0.777303, 0.0, 0.0, 0.0, 0.0, 1.0]
            ]
        },
        {
            "name": "Hand_R",
            "time": [0.0, 1.6],
            "transform": [
                [1.0, -4e-06, 2e-06, -0.0, 4e-06, 0.72192, -0.691977, 0.300003, 2e-06, 0.691977, 0.72192, -0.0, 0.0, 0.0, 0.0, 1.0],
                [1.0, -4e-06, 2e-06, -0.0, 4e-06, 0.72192, -0.691977, 0.300003, 2e-06, 0.691977, 0.72192, -0.0, 0.0, 0.0, 0.0, 1.0]
            ]
        },
        {
            "name": "Tool_R",
            "time": [0.0, 0.4, 0.8, 1.2, 1.6],
            "transform": [
                [0.462881, -0.86874, -0.176162, 0.00546, -0.836423, -0.36226, -0.411297, 0.255028, 0.293494, 0.337727, -0.894317, -0.003902, 0.0, 0.0, 0.0, 1.0],
                [0.444207, -0.8721, -0.205237, 0.00546, -0.861635, -0.353077, -0.364585, 0.255028, 0.24549, 0.338791, -0.908271, -0.003902, 0.0, 0.0, 0.0, 1.0],
                [0.462881, -0.86874, -0.176162, 0.00546, -0.836423, -0.36226, -0.411297, 0.255028, 0.293494, 0.337727, -0.894317, -0.003902, 0.0, 0.0, 0.0, 1.0],
                [0.444207, -0.8721, -0.205237, 0.00546, -0.861635, -0.353077, -0.364585, 0.255028, 0.24549, 0.338791, -0.908271, -0.003902, 0.0, 0.0, 0.0, 1.0],
                [0.462881, -0.86874, -0.176162, 0.00546, -0.836423, -0.36226, -0.411297, 0.255028, 0.293494, 0.337727, -0.894317, -0.003902, 0.0, 0.0, 0.0, 1.0]
            ]
        },
        {
            "name": "Elbow_R",
            "time": [0.0, 1.6],
            "transform": [
                [-1.0, 0.0, 0.0, -0.0, 0.0, 0.003946, -0.999992, 0.370814, -0.0, -0.999992, -0.003946, -0.000973, 0.0, 0.0, 0.0, 1.0],
                [-1.0, 0.0, 0.0, -0.0, 0.0, 0.003946, -0.999992, 0.370814, -0.0, -0.999992, -0.003946, -0.000973, 0.0, 0.0, 0.0, 1.0]
            ]
        },
        {
            "name": "Shoulder_L",
            "time": [0.0, 1.6],
            "transform": [
                [-0.0, -0.952114, -0.305743, 0.0, 0.0, -0.305743, 0.952114, 0.4, -1.0, -0.0, 0.0, -0.0, 0.0, 0.0, 0.0, 1.0],
                [-0.0, -0.952114, -0.305743, 0.0, 0.0, -0.305743, 0.952114, 0.4, -1.0, -0.0, 0.0, -0.0, 0.0, 0.0, 0.0, 1.0]
            ]
        },
        {
            "name": "Arm_L",
            "time": [0.0, 1.6],
            "transform": [
                [-0.723069, 0.684596, -0.092187, -0.0, -0.061469, -0.196692, -0.978536, 0.39386, -0.688035, -0.701883, 0.184303, 0.0, 0.0, 0.0, 0.0, 1.0],
                [-0.723069, 0.684596, -0.092187, -0.0, -0.061469, -0.196692, -0.978536, 0.39386, -0.688035, -0.701883, 0.184303, 0.0, 0.0, 0.0, 0.0, 1.0]
            ]
        },
        {
            "name": "Hand_L",
            "time": [0.0, 1.6],
            "transform": [
                [1.0, -1e-06, 0.0, -0.0, 1e-06, 0.938251, -0.345955, 0.300002, 0.0, 0.345955, 0.938251, -0.0, 0.0, 0.0, 0.0, 1.0],
                [1.0, -1e-06, 0.0, -0.0, 1e-06, 0.938251, -0.345955, 0.300002, 0.0, 0.345955, 0.938251, -0.0, 0.0, 0.0, 0.0, 1.0]
            ]
        },
        {
            "name": "Tool_L",
            "time": [0.0, 1.6],
            "transform": [
                [1.0, -0.0, 0.0, 0.0, -0.0, -0.999559, -0.029689, 0.271711, 0.0, 0.029689, -0.999559, -0.028915, 0.0, 0.0, 0.0, 1.0],
                [1.0, -0.0, 0.0, 0.0, -0.0, -0.999559, -0.029689, 0.271711, 0.0, 0.029689, -0.999559, -0.028915, 0.0, 0.0, 0.0, 1.0]
            ]
        },
        {
            "name": "Elbow_L",
            "time": [0.0, 1.6],
            "transform": [
                [-1.0, 0.0, -0.0, -0.0, 0.0, 0.003946, -0.999992, 0.332302, -0.0, -0.999992, -0.003946, -0.001125, 0.0, 0.0, 0.0, 1.0],
                [-1.0, 0.0, -0.0, -0.0, 0.0, 0.003946, -0.999992, 0.332302, -0.0, -0.999992, -0.003946, -0.001125, 0.0, 0.0, 0.0, 1.0]
            ]
        }
    ]
}