{
    "animation": [
        {
            "name": "Root",
            "time": [0.0, 0.1, 0.2, 0.3, 0.4, 0.5, 0.6, 0.7, 0.8, 0.9, 1.0, 1.1, 1.2],
            "transform": [
                [0.721314, -0.00701, 0.692572, -0.04245, 0.676449, 0.221869, -0.702276, -0.034541, -0.148737, 0.975051, 0.164779, 0.565781, 0.0, 0.0, 0.0, 1.0],
                [0.721314, -0.00701, 0.692572, -0.04245, 0.676449, 0.221869, -0.702276, -0.034541, -0.148737, 0.975051, 0.164779, 0.565781, 0.0, 0.0, 0.0, 1.0],
                [0.721314, -0.00701, 0.692572, -0.04245, 0.676449, 0.221869, -0.702276, -0.034541, -0.148737, 0.975051, 0.164779, 0.565781, 0.0, 0.0, 0.0, 1.0],
                [0.721314, -0.00701, 0.692572, -0.04245, 0.676449, 0.221869, -0.702276, -0.034541, -0.148737, 0.975051, 0.164779, 0.565781, 0.0, 0.0, 0.0, 1.0],
                [0.721314, -0.00701, 0.692572, -0.04245, 0.676449, 0.221869, -0.702276, -0.034541, -0.148737, 0.975051, 0.164779, 0.565781, 0.0, 0.0, 0.0, 1.0],
                [0.721314, -0.00701, 0.692572, -0.04245, 0.676449, 0.221869, -0.702276, -0.034541, -0.148737, 0.975051, 0.164779, 0.565781, 0.0, 0.0, 0.0, 1.0],
                [0.721314, -0.00701, 0.692572, -0.04245, 0.676449, 0.221869, -0.702276, -0.034541, -0.148737, 0.975051, 0.164779, 0.565781, 0.0, 0.0, 0.0, 1.0],
                [0.721314, -0.00701, 0.692572, -0.04245, 0.676449, 0.221869, -0.702276, -0.034541, -0.148737, 0.975051, 0.164779, 0.565781, 0.0, 0.0, 0.0, 1.0],
                [0.721314, -0.00701, 0.692572, -0.04245, 0.676449, 0.221869, -0.702276, -0.034541, -0.148737, 0.975051, 0.164779, 0.565781, 0.0, 0.0, 0.0, 1.0],
                [0.721314, -0.00701, 0.692572, -0.04245, 0.676449, 0.221869, -0.702276, -0.034541, -0.148737, 0.975051, 0.164779, 0.565781, 0.0, 0.0, 0.0, 1.0],
                [0.721314, -0.00701, 0.692572, -0.04245, 0.676449, 0.221869, -0.702276, -0.034541, -0.148737, 0.975051, 0.164779, 0.565781, 0.0, 0.0, 0.0, 1.0],
                [0.721314, -0.00701, 0.692572, -0.04245, 0.676449, 0.221869, -0.702276, -0.034541, -0.148737, 0.975051, 0.164779, 0.565781, 0.0, 0.0, 0.0, 1.0],
                [0.721314, -0.00701, 0.692572, -0.04245, 0.676449, 0.221869, -0.702276, -0.034541, -0.148737, 0.975051, 0.164779, 0.565781, 0.0, 0.0, 0.0, 1.0]
            ]
        },
        {
            "name": "Thigh_R",
            "time": [0.0, 0.1, 0.2, 0.3, 0.4, 0.5, 0.6, 0.7, 0.8, 0.9, 1.0, 1.1, 1.2],
            "transform": [
                [0.547088, 0.836033, 0.041725, 0.124994, 0.307113, -0.24684, 0.919104, -0.002831, 0.778701, -0.490016, -0.391801, -1.2e-05, 0.0, 0.0, 0.0, 1.0],
                [0.547088, 0.836033, 0.041724, 0.124994, 0.307114, -0.24684, 0.919104, -0.002831, 0.778702, -0.490016, -0.391801, -1.2e-05, 0.0, 0.0, 0.0, 1.0],
                [0.547088, 0.836033, 0.041725, 0.124994, 0.307113, -0.24684, 0.919104, -0.002831, 0.778701, -0.490015, -0.391801, -1.2e-05, 0.0, 0.0, 0.0, 1.0],
                [0.547088, 0.836033, 0.041725, 0.124994, 0.307113, -0.24684, 0.919104, -0.002831, 0.778702, -0.490016, -0.391801, -1.2e-05, 0.0, 0.0, 0.0, 1.0],
                [0.547088, 0.836033, 0.041725, 0.124994, 0.307113, -0.246841, 0.919104, -0.002831, 0.778701, -0.490016, -0.391801, -1.2e-05, 0.0, 0.0, 0.0, 1.0],
                [0.547088, 0.836033, 0.041725, 0.124994, 0.307113, -0.24684, 0.919104, -0.002831, 0.778701, -0.490016, -0.391801, -1.2e-05, 0.0, 0.0, 0.0, 1.0],
                [0.547088, 0.836033, 0.041725, 0.124994, 0.307113, -0.24684, 0.919104, -0.002831, 0.778701, -0.490015, -0.391801, -1.2e-05, 0.0, 0.0, 0.0, 1.0],
                [0.547088, 0.836033, 0.041725, 0.124994, 0.307113, -0.246841, 0.919104, -0.002831, 0.778701, -0.490016, -0.391801, -1.2e-05, 0.0, 0.0, 0.0, 1.0],
                [0.547088, 0.836033, 0.041725, 0.124994, 0.307113, -0.24684, 0.919103, -0.002831, 0.778702, -0.490016, -0.391801, -1.2e-05, 0.0, 0.0, 0.0, 1.0],
                [0.547089, 0.836033, 0.041725, 0.124994, 0.307113, -0.24684, 0.919104, -0.002831, 0.778702, -0.490015, -0.391801, -1.2e-05, 0.0, 0.0, 0.0, 1.0],
                [0.547088, 0.836033, 0.041725, 0.124994, 0.307113, -0.246841, 0.919104, -0.002831, 0.778701, -0.490015, -0.391801, -1.2e-05, 0.0, 0.0, 0.0, 1.0],
                [0.547089, 0.836033, 0.041725, 0.124994, 0.307113, -0.24684, 0.919104, -0.002831, 0.778702, -0.490015, -0.391801, -1.2e-05, 0.0, 0.0, 0.0, 1.0],
                [0.547089, 0.836033, 0.041725, 0.124994, 0.307113, -0.24684, 0.919104, -0.002831, 0.778702, -0.490016, -0.391801, -1.2e-05, 0.0, 0.0, 0.0, 1.0]
            ]
        },
        {
            "name": "Leg_R",
            "time": [0.0, 0.1, 0.2, 0.3, 0.4, 0.5, 0.6, 0.7, 0.8, 0.9, 1.0, 1.1, 1.2],
            "transform": [
                [1.0, -1e-06, 1e-06, -0.0, -0.0, 0.568785, 0.822487, 0.374726, -1e-06, -0.822489, 0.568781, 0.0, 0.0, 0.0, 0.0, 1.0],
                [1.0, -1e-06, 1e-06, -0.0, -0.0, 0.568784, 0.822487, 0.374726, -1e-06, -0.82249, 0.56878, 0.0, 0.0, 0.0, 0.0, 1.0],
                [1.0, -1e-06, 1e-06, 0.0, -0.0, 0.568785, 0.822487, 0.374726, -1e-06, -0.822489, 0.568781, -0.0, 0.0, 0.0, 0.0, 1.0],
                [1.0, -1e-06, 1e-06, -0.0, -0.0, 0.568784, 0.822487, 0.374726, -1e-06, -0.822489, 0.56878, -0.0, 0.0, 0.0, 0.0, 1.0],
                [1.0, -1e-06, 1e-06, -0.0, -0.0, 0.568785, 0.822486, 0.374726, -1e-06, -0.822489, 0.568781, 0.0, 0.0, 0.0, 0.0, 1.0],
                [1.0, -1e-06, 1e-06, -0.0, -0.0, 0.568785, 0.822487, 0.374726, -1e-06, -0.822489, 0.568781, 0.0, 0.0, 0.0, 0.0, 1.0],
                [1.000001, -1e-06, 1e-06, -0.0, -0.0, 0.568785, 0.822487, 0.374726, -1e-06, -0.822489, 0.568781, -0.0, 0.0, 0.0, 0.0, 1.0],
                [1.0, -1e-06, 1e-06, -0.0, -0.0, 0.568785, 0.822486, 0.374726, -1e-06, -0.822489, 0.568782, 0.0, 0.0, 0.0, 0.0, 1.0],
                [1.0, -1e-06, 1e-06, -0.0, -0.0, 0.568785, 0.822487, 0.374726, -1e-06, -0.82249, 0.568781, -0.0, 0.0, 0.0, 0.0, 1.0],
                [1.0, -1e-06, 1e-06, 0.0, -0.0, 0.568785, 0.822487, 0.374726, -1e-06, -0.822489, 0.568781, -0.0, 0.0, 0.0, 0.0, 1.0],
                [1.0, -1e-06, 1e-06, 0.0, -0.0, 0.568785, 0.822486, 0.374726, -1e-06, -0.822489, 0.568781, -0.0, 0.0, 0.0, 0.0, 1.0],
                [1.0, -1e-06, 1e-06, -0.0, -0.0, 0.568785, 0.822487, 0.374726, -1e-06, -0.822489, 0.568781, -0.0, 0.0, 0.0, 0.0, 1.0],
                [1.0, -1e-06, 1e-06, 0.0, -0.0, 0.568785, 0.822487, 0.374726, -1e-06, -0.822489, 0.568781, -0.0, 0.0, 0.0, 0.0, 1.0]
            ]
        },
        {
            "name": "Knee_R",
            "time": [0.0, 1.2],
            "transform": [
                [1.0, 0.0, -0.0, 0.0, -0.0, 0.00567, -0.999984, 0.419982, -0.0, 0.999984, 0.00567, -0.000257, 0.0, 0.0, 0.0, 1.0],
                [1.0, 0.0, -0.0, -0.0, -0.0, 0.00567, -0.999984, 0.419982, -0.0, 0.999984, 0.00567, -0.000257, 0.0, 0.0, 0.0, 1.0]
            ]
        },
        {
            "name": "Thigh_L",
            "time": [0.0, 0.1, 0.2, 0.3, 0.4, 0.5, 0.6, 0.7, 0.8, 0.9, 1.0, 1.1, 1.2],
            "transform": [
                [0.931766, -0.346024, -0.109902, -0.125006, -0.233404, -0.802779, 0.548697, -0.002831, -0.278089, -0.485605, -0.828766, -1.2e-05, 0.0, 0.0, 0.0, 1.0],
                [0.931766, -0.346024, -0.109902, -0.125006, -0.233404, -0.802779, 0.548697, -0.002831, -0.278089, -0.485606, -0.828766, -1.2e-05, 0.0, 0.0, 0.0, 1.0],
                [0.931767, -0.346024, -0.109902, -0.125006, -0.233404, -0.802779, 0.548696, -0.002831, -0.278089, -0.485605, -0.828766, -1.2e-05, 0.0, 0.0, 0.0, 1.0],
                [0.931766, -0.346024, -0.109902, -0.125006, -0.233404, -0.802779, 0.548697, -0.002831, -0.278089, -0.485606, -0.828766, -1.2e-05, 0.0, 0.0, 0.0, 1.0],
                [0.931767, -0.346024, -0.109902, -0.125006, -0.233404, -0.802779, 0.548697, -0.002831, -0.278089, -0.485605, -0.828766, -1.2e-05, 0.0, 0.0, 0.0, 1.0],
                [0.931766, -0.346024, -0.109902, -0.125006, -0.233404, -0.802779, 0.548697, -0.002831, -0.278089, -0.485606, -0.828766, -1.2e-05, 0.0, 0.0, 0.0, 1.0],
                [0.931766, -0.346024, -0.109902, -0.125006, -0.233404, -0.802778, 0.548697, -0.002831, -0.278089, -0.485606, -0.828766, -1.2e-05, 0.0, 0.0, 0.0, 1.0],
                [0.931767, -0.346024, -0.109902, -0.125006, -0.233404, -0.802779, 0.548696, -0.002831, -0.278089, -0.485605, -0.828766, -1.2e-05, 0.0, 0.0, 0.0, 1.0],
                [0.931767, -0.346024, -0.109902, -0.125006, -0.233404, -0.802778, 0.548697, -0.002831, -0.278089, -0.485606, -0.828766, -1.2e-05, 0.0, 0.0, 0.0, 1.0],
                [0.931766, -0.346024, -0.109902, -0.125006, -0.233404, -0.802779, 0.548697, -0.002831, -0.278089, -0.485605, -0.828766, -1.2e-05, 0.0, 0.0, 0.0, 1.0],
                [0.931767, -0.346024, -0.109902, -0.125006, -0.233404, -0.802779, 0.548696, -0.002831, -0.278089, -0.485605, -0.828766, -1.2e-05, 0.0, 0.0, 0.0, 1.0],
                [0.931766, -0.346024, -0.109902, -0.125006, -0.233404, -0.802779, 0.548697, -0.002831, -0.278089, -0.485606, -0.828766, -1.2e-05, 0.0, 0.0, 0.0, 1.0],
                [0.931767, -0.346024, -0.109902, -0.125006, -0.233404, -0.802779, 0.548696, -0.002831, -0.278089, -0.485605, -0.828766, -1.2e-05, 0.0, 0.0, 0.0, 1.0]
            ]
        },
        {
            "name": "Leg_L",
            "time": [0.0, 0.1, 0.2, 0.3, 0.4, 0.5, 0.6, 0.7, 0.8, 0.9, 1.0, 1.1, 1.2],
            "transform": [
                [1.0, -1e-06, 0.0, 0.0, -0.0, 0.40813, 0.912924, 0.374726, -1e-06, -0.912924, 0.40813, 0.0, 0.0, 0.0, 0.0, 1.0],
                [1.0, -1e-06, 1e-06, -0.0, -0.0, 0.40813, 0.912924, 0.374726, -1e-06, -0.912924, 0.408129, 0.0, 0.0, 0.0, 0.0, 1.0],
                [1.0, -1e-06, 1e-06, -0.0, -0.0, 0.40813, 0.912923, 0.374726, -1e-06, -0.912924, 0.40813, 0.0, 0.0, 0.0, 0.0, 1.0],
                [1.0, -1e-06, 1e-06, -0.0, -0.0, 0.40813, 0.912924, 0.374726, -1e-06, -0.912924, 0.408129, -0.0, 0.0, 0.0, 0.0, 1.0],
                [1.0, -1e-06, 1e-06, 0.0, -0.0, 0.40813, 0.912924, 0.374726, -1e-06, -0.912924, 0.40813, 0.0, 0.0, 0.0, 0.0, 1.0],
                [1.0, -0.0, 0.0, 0.0, -0.0, 0.40813, 0.912924, 0.374726, -1e-06, -0.912924, 0.40813, 0.0, 0.0, 0.0, 0.0, 1.0],
                [1.0, -1e-06, 1e-06, 0.0, -0.0, 0.40813, 0.912924, 0.374726, -1e-06, -0.912924, 0.40813, 0.0, 0.0, 0.0, 0.0, 1.0],
                [1.0, -1e-06, 1e-06, 0.0, -0.0, 0.40813, 0.912923, 0.374726, -1e-06, -0.912924, 0.40813, 0.0, 0.0, 0.0, 0.0, 1.0],
                [1.0, -1e-06, 1e-06, -0.0, -0.0, 0.40813, 0.912924, 0.374726, -1e-06, -0.912924, 0.40813, 0.0, 0.0, 0.0, 0.0, 1.0],
                [1.0, -1e-06, 1e-06, 0.0, -0.0, 0.40813, 0.912924, 0.374726, -1e-06, -0.912924, 0.408129, 0.0, 0.0, 0.0, 0.0, 1.0],
                [1.0, -1e-06, 1e-06, -0.0, -0.0, 0.40813, 0.912923, 0.374726, -1e-06, -0.912924, 0.408131, -0.0, 0.0, 0.0, 0.0, 1.0],
                [1.0, -1e-06, 1e-06, -0.0, -0.0, 0.40813, 0.912924, 0.374726, -1e-06, -0.912924, 0.408129, 0.0, 0.0, 0.0, 0.0, 1.0],
                [1.0, -1e-06, 1e-06, -0.0, -0.0, 0.40813, 0.912923, 0.374726, -1e-06, -0.912924, 0.40813, 0.0, 0.0, 0.0, 0.0, 1.0]
            ]
        },
        {
            "name": "Knee_L",
            "time": [0.0, 1.2],
            "transform": [
                [1.0, 0.0, -0.0, 0.0, -0.0, 0.00567, -0.999984, 0.439374, -0.0, 0.999984, 0.00567, -0.000367, 0.0, 0.0, 0.0, 1.0],
                [1.0, 0.0, -0.0, 0.0, -0.0, 0.00567, -0.999984, 0.439374, -0.0, 0.999984, 0.00567, -0.000367, 0.0, 0.0, 0.0, 1.0]
            ]
        },
        {
            "name": "Torso",
            "time": [0.0, 0.1, 0.2, 0.3, 0.4, 0.5, 0.6, 0.7, 0.8, 0.9, 1.0, 1.1, 1.2],
            "transform": [
                [1.0, -0.0, 0.0, 0.0, 0.0, 1.0, -0.000689, 0.05, -0.0, 0.000689, 1.0, -0.0, 0.0, 0.0, 0.0, 1.0],
                [1.0, -0.0, 0.0, -0.0, 0.0, 1.0, -0.000689, 0.05, -0.0, 0.000689, 1.0, -0.0, 0.0, 0.0, 0.0, 1.0],
                [1.0, -0.0, 0.0, -0.0, 0.0, 1.0, -0.000689, 0.05, -0.0, 0.000689, 1.0, 0.0, 0.0, 0.0, 0.0, 1.0],
                [1.0, -0.0, 0.0, 0.0, 0.0, 1.0, -0.000689, 0.05, -0.0, 0.000689, 1.0, 0.0, 0.0, 0.0, 0.0, 1.0],
                [1.0, -0.0, 0.0, 0.0, 0.0, 1.0, -0.000689, 0.05, -0.0, 0.000689, 1.0, 0.0, 0.0, 0.0, 0.0, 1.0],
                [1.0, -0.0, 0.0, 0.0, 0.0, 1.0, -0.000689, 0.05, -0.0, 0.000689, 1.0, 0.0, 0.0, 0.0, 0.0, 1.0],
                [1.0, -0.0, 0.0, -0.0, 0.0, 1.0, -0.000689, 0.05, -0.0, 0.000689, 1.0, -0.0, 0.0, 0.0, 0.0, 1.0],
                [1.0, -0.0, 0.0, 0.0, 0.0, 1.0, -0.000689, 0.05, -0.0, 0.000689, 1.0, 0.0, 0.0, 0.0, 0.0, 1.0],
                [1.0, 0.0, 0.0, -0.0, 0.0, 1.0, -0.000689, 0.05, -0.0, 0.000689, 1.0, -0.0, 0.0, 0.0, 0.0, 1.0],
                [1.0, -0.0, 0.0, 0.0, 0.0, 1.0, -0.000689, 0.05, -0.0, 0.000689, 1.0, -0.0, 0.0, 0.0, 0.0, 1.0],
                [1.0, -0.0, 0.0, -0.0, 0.0, 1.0, -0.000689, 0.05, -0.0, 0.000689, 1.0, 0.0, 0.0, 0.0, 0.0, 1.0],
                [1.0, -0.0, 0.0, -0.0, 0.0, 1.0, -0.000689, 0.05, -0.0, 0.000689, 1.0, -0.0, 0.0, 0.0, 0.0, 1.0],
                [1.0, -0.0, 0.0, -0.0, 0.0, 1.0, -0.000689, 0.05, -0.0, 0.000689, 1.0, 0.0, 0.0, 0.0, 0.0, 1.0]
            ]
        },
        {
            "name": "Chest",
            "time": [0.0, 0.1, 0.2, 0.3, 0.4, 0.5, 0.6, 0.7, 0.8, 0.9, 1.0, 1.1, 1.2],
            "transform": [
                [0.984534, -0.000386, 0.175192, -0.0, -0.071296, 0.912561, 0.402677, 0.3, -0.160029, -0.40894, 0.89842, -0.0, 0.0, 0.0, 0.0, 1.0],
                [0.984435, -0.000655, 0.17575, -0.0, -0.070673, 0.914106, 0.399269, 0.3, -0.160916, -0.405475, 0.899831, -0.0, 0.0, 0.0, 0.0, 1.0],
                [0.984183, -0.001318, 0.177149, -0.0, -0.0691, 0.91791, 0.390726, 0.3, -0.163122, -0.396787, 0.9033, -0.0, 0.0, 0.0, 0.0, 1.0],
                [0.983851, -0.00216, 0.178977, -0.0, -0.067024, 0.922732, 0.37957, 0.3, -0.165967, -0.385436, 0.907686, 0.0, 0.0, 0.0, 0.0, 1.0],
                [0.983513, -0.002978, 0.180814, 0.0, -0.064913, 0.927414, 0.368361, 0.3, -0.168786, -0.374025, 0.91193, -0.0, 0.0, 0.0, 0.0, 1.0],
                [0.983249, -0.003592, 0.182233, -0.0, -0.063266, 0.930919, 0.359704, 0.3, -0.170936, -0.365208, 0.915098, 0.0, 0.0, 0.0, 0.0, 1.0],
                [0.983142, -0.003834, 0.182802, 0.0, -0.062601, 0.932298, 0.356233, 0.3, -0.171792, -0.361672, 0.916341, -0.0, 0.0, 0.0, 0.0, 1.0],
                [0.983249, -0.003592, 0.182233, -0.0, -0.063266, 0.930919, 0.359704, 0.3, -0.170936, -0.365208, 0.915098, -0.0, 0.0, 0.0, 0.0, 1.0],
                [0.983513, -0.002978, 0.180814, -0.0, -0.064913, 0.927414, 0.368361, 0.3, -0.168786, -0.374025, 0.91193, 0.0, 0.0, 0.0, 0.0, 1.0],
                [0.983851, -0.00216, 0.178977, 0.0, -0.067024, 0.922732, 0.37957, 0.3, -0.165967, -0.385436, 0.907686, 0.0, 0.0, 0.0, 0.0, 1.0],
                [0.984183, -0.001318, 0.177149, -0.0, -0.0691, 0.91791, 0.390726, 0.3, -0.163122, -0.396787, 0.9033, -0.0, 0.0, 0.0, 0.0, 1.0],
                [0.984435, -0.000655, 0.17575, -0.0, -0.070673, 0.914106, 0.39927, 0.3, -0.160916, -0.405475, 0.899831, -0.0, 0.0, 0.0, 0.0, 1.0],
                [0.984534, -0.000386, 0.175192, -0.0, -0.071296, 0.912561, 0.402677, 0.3, -0.160029, -0.40894, 0.89842, -0.0, 0.0, 0.0, 0.0, 1.0]
            ]
        },
        {
            "name": "Head",
            "time": [0.0, 0.1, 0.2, 0.3, 0.4, 0.5, 0.6, 0.7, 0.8, 0.9, 1.0, 1.1, 1.2],
            "transform": [
                [0.690132, -0.074953, -0.719792, 0.0, -0.257834, 0.903888, -0.341333, 0.4, 0.676195, 0.421152, 0.604476, -0.0, 0.0, 0.0, 0.0, 1.0],
                [0.690132, -0.074953, -0.719792, 0.0, -0.257835, 0.903888, -0.341333, 0.4, 0.676195, 0.421152, 0.604476, -0.0, 0.0, 0.0, 0.0, 1.0],
                [0.690132, -0.074953, -0.719792, 0.0, -0.257835, 0.903888, -0.341333, 0.4, 0.676195, 0.421152, 0.604476, -0.0, 0.0, 0.0, 0.0, 1.0],
                [0.690132, -0.074953, -0.719792, 0.0, -0.257834, 0.903888, -0.341333, 0.4, 0.676195, 0.421152, 0.604477, 0.0, 0.0, 0.0, 0.0, 1.0],
                [0.690132, -0.074953, -0.719792, 0.0, -0.257835, 0.903888, -0.341333, 0.4, 0.676195, 0.421152, 0.604476, -0.0, 0.0, 0.0, 0.0, 1.0],
                [0.690132, -0.074953, -0.719791, -0.0, -0.257834, 0.903888, -0.341333, 0.4, 0.676195, 0.421152, 0.604476, 0.0, 0.0, 0.0, 0.0, 1.0],
                [0.690132, -0.074953, -0.719792, -0.0, -0.257834, 0.903888, -0.341333, 0.4, 0.676195, 0.421152, 0.604476, 0.0, 0.0, 0.0, 0.0, 1.0],
                [0.690132, -0.074953, -0.719792, 0.0, -0.257835, 0.903888, -0.341333, 0.4, 0.676195, 0.421152, 0.604476, -0.0, 0.0, 0.0, 0.0, 1.0],
                [0.690132, -0.074953, -0.719792, -0.0, -0.257834, 0.903888, -0.341333, 0.4, 0.676195, 0.421152, 0.604476, 0.0, 0.0, 0.0, 0.0, 1.0],
                [0.690132, -0.074953, -0.719791, -0.0, -0.257834, 0.903888, -0.341333, 0.4, 0.676195, 0.421152, 0.604476, 0.0, 0.0, 0.0, 0.0, 1.0],
                [0.690132, -0.074953, -0.719792, 0.0, -0.257834, 0.903888, -0.341333, 0.4, 0.676195, 0.421152, 0.604476, 0.0, 0.0, 0.0, 0.0, 1.0],
                [0.690132, -0.074953, -0.719792, 0.0, -0.257834, 0.903888, -0.341333, 0.4, 0.676195, 0.421152, 0.604476, -0.0, 0.0, 0.0, 0.0, 1.0],
                [0.690132, -0.074953, -0.719792, 0.0, -0.257835, 0.903888, -0.341333, 0.4, 0.676195, 0.421152, 0.604477, -0.0, 0.0, 0.0, 0.0, 1.0]
            ]
        },
        {
            "name": "Shoulder_R",
            "time": [0.0, 0.1, 0.2, 0.3, 0.4, 0.5, 0.6, 0.7, 0.8, 0.9, 1.0, 1.1, 1.2],
            "transform": [
                [0.0, 0.952114, 0.305743, 0.0, 0.0, -0.305743, 0.952114, 0.4, 1.0, 0.0, -0.0, -0.0, 0.0, 0.0, 0.0, 1.0],
                [0.0, 0.952114, 0.305743, 0.0, 0.0, -0.305743, 0.952114, 0.4, 1.0, 0.0, -0.0, -0.0, 0.0, 0.0, 0.0, 1.0],
                [0.0, 0.952114, 0.305743, 0.0, 0.0, -0.305743, 0.952114, 0.4, 1.0, 0.0, -0.0, -0.0, 0.0, 0.0, 0.0, 1.0],
                [0.0, 0.952114, 0.305743, 0.0, 0.0, -0.305743, 0.952114, 0.4, 1.0, -0.0, -0.0, 0.0, 0.0, 0.0, 0.0, 1.0],
                [0.0, 0.952114, 0.305743, 0.0, -0.0, -0.305743, 0.952114, 0.4, 1.0, 0.0, -0.0, -0.0, 0.0, 0.0, 0.0, 1.0],
                [0.0, 0.952114, 0.305743, -0.0, 0.0, -0.305743, 0.952114, 0.4, 1.0, -0.0, 0.0, 0.0, 0.0, 0.0, 0.0, 1.0],
                [0.0, 0.952114, 0.305743, -0.0, 0.0, -0.305743, 0.952114, 0.4, 1.0, -0.0, -0.0, 0.0, 0.0, 0.0, 0.0, 1.0],
                [0.0, 0.952114, 0.305743, 0.0, 0.0, -0.305743, 0.952114, 0.4, 1.0, 0.0, 0.0, -0.0, 0.0, 0.0, 0.0, 1.0],
                [0.0, 0.952114, 0.305743, -0.0, 0.0, -0.305743, 0.952114, 0.4, 1.0, -0.0, -0.0, 0.0, 0.0, 0.0, 0.0, 1.0],
                [0.0, 0.952114, 0.305743, -0.0, 0.0, -0.305743, 0.952114, 0.4, 1.0, 0.0, -0.0, 0.0, 0.0, 0.0, 0.0, 1.0],
                [0.0, 0.952114, 0.305743, 0.0, 0.0, -0.305743, 0.952114, 0.4, 1.0, 0.0, -0.0, 0.0, 0.0, 0.0, 0.0, 1.0],
                [0.0, 0.952114, 0.305743, 0.0, 0.0, -0.305743, 0.952114, 0.4, 1.0, 0.0, -0.0, -0.0, 0.0, 0.0, 0.0, 1.0],
                [0.0, 0.952114, 0.305743, 0.0, 0.0, -0.305743, 0.952114, 0.4, 1.0, -0.0, 0.0, -0.0, 0.0, 0.0, 0.0, 1.0]
            ]
        },
        {
            "name": "Arm_R",
            "time": [0.0, 0.1, 0.2, 0.3, 0.4, 0.5, 0.6, 0.7, 0.8, 0.9, 1.0, 1.1, 1.2],
            "transform": [
                [-0.181221, -0.786337, -0.590623, 0.0, 0.903034, -0.370895, 0.216721, 0.39386, -0.389475, -0.494078, 0.777302, 0.0, 0.0, 0.0, 0.0, 1.0],
                [-0.178116, -0.78643, -0.591443, 0.0, 0.903429, -0.368907, 0.218456, 0.39386, -0.389988, -0.495417, 0.776192, -0.0, 0.0, 0.0, 0.0, 1.0],
                [-0.17038, -0.786724, -0.593328, 0.0, 0.904395, -0.363903, 0.222812, 0.39386, -0.391205, -0.49864, 0.77351, -0.0, 0.0, 0.0, 0.0, 1.0],
                [-0.160407, -0.78726, -0.595393, 0.0, 0.905589, -0.357338, 0.228513, 0.39386, -0.392656, -0.502526, 0.770253, 0.0, 0.0, 0.0, 0.0, 1.0],
                [-0.150527, -0.78796, -0.597044, -0.0, 0.906719, -0.350701, 0.234243, 0.393861, -0.393957, -0.506092, 0.767248, -0.0, 0.0, 0.0, 0.0, 1.0],
                [-0.142991, -0.78862, -0.598024, -0.0, 0.907547, -0.345539, 0.238665, 0.393861, -0.394857, -0.508609, 0.765119, -0.0, 0.0, 0.0, 0.0, 1.0],
                [-0.139992, -0.788918, -0.598341, -0.0, 0.907869, -0.343457, 0.240439, 0.393861, -0.395192, -0.509557, 0.764315, -0.0, 0.0, 0.0, 0.0, 1.0],
                [-0.142989, -0.788621, -0.598024, -0.0, 0.907548, -0.345536, 0.238666, 0.39386, -0.394856, -0.508609, 0.765119, -0.0, 0.0, 0.0, 0.0, 1.0],
                [-0.150525, -0.78796, -0.597044, -0.0, 0.90672, -0.3507, 0.234242, 0.39386, -0.393957, -0.506093, 0.767248, -0.0, 0.0, 0.0, 0.0, 1.0],
                [-0.160408, -0.78726, -0.595392, 0.0, 0.905589, -0.357338, 0.228514, 0.393861, -0.392656, -0.502525, 0.770254, -0.0, 0.0, 0.0, 0.0, 1.0],
                [-0.17038, -0.786723, -0.593328, -0.0, 0.904395, -0.363903, 0.222812, 0.39386, -0.391205, -0.49864, 0.77351, -0.0, 0.0, 0.0, 0.0, 1.0],
                [-0.178116, -0.786429, -0.591444, 0.0, 0.903429, -0.368907, 0.218456, 0.393861, -0.389988, -0.495417, 0.776192, -0.0, 0.0, 0.0, 0.0, 1.0],
                [-0.181221, -0.786337, -0.590623, 0.0, 0.903034, -0.370896, 0.216721, 0.39386, -0.389475, -0.494078, 0.777302, -0.0, 0.0, 0.0, 0.0, 1.0]
            ]
        },
        {
            "name": "Hand_R",
            "time": [0.0, 0.1, 0.2, 0.3, 0.4, 0.5, 0.6, 0.7, 0.8, 0.9, 1.0, 1.1, 1.2],
            "transform": [
                [1.0, 0.0, 0.0, -0.0, 0.0, 0.721917, -0.69198, 0.300003, -0.0, 0.69198, 0.721917, -0.0, 0.0, 0.0, 0.0, 1.0],
                [1.0, 2e-06, -1e-06, 0.0, -2e-06, 0.726041, -0.687651, 0.300003, -1e-06, 0.687652, 0.726041, -0.0, 0.0, 0.0, 0.0, 1.0],
                [1.0, -7e-06, 3e-06, -0.0, 7e-06, 0.736443, -0.676499, 0.300003, 3e-06, 0.6765, 0.736443, 0.0, 0.0, 0.0, 0.0, 1.0],
                [1.0, -7e-06, 3e-06, -0.0, 7e-06, 0.75019, -0.661222, 0.300003, 3e-06, 0.661223, 0.750191, 0.0, 0.0, 0.0, 0.0, 1.0],
                [1.0, -2e-06, 1e-06, -0.0, 2e-06, 0.764119, -0.645076, 0.300002, 1e-06, 0.645076, 0.764118, -0.0, 0.0, 0.0, 0.0, 1.0],
                [1.0, 0.0, 0.0, 0.0, 0.0, 0.774945, -0.632029, 0.300002, -0.0, 0.63203, 0.774945, 0.0, 0.0, 0.0, 0.0, 1.0],
                [1.0, -2e-06, 1e-06, 0.0, 2e-06, 0.779305, -0.626644, 0.300003, 1e-06, 0.626646, 0.779305, -0.0, 0.0, 0.0, 0.0, 1.0],
                [1.0, -4e-06, 2e-06, 0.0, 4e-06, 0.774945, -0.632028, 0.300003, 2e-06, 0.632029, 0.774945, 0.0, 0.0, 0.0, 0.0, 1.0],
                [1.0, -4e-06, 2e-06, 0.0, 4e-06, 0.764118, -0.645078, 0.300003, 2e-06, 0.645078, 0.764118, 0.0, 0.0, 0.0, 0.0, 1.0],
                [1.0, -5e-06, 2e-06, -0.0, 5e-06, 0.750192, -0.661221, 0.300002, 2e-06, 0.661221, 0.750192, 0.0, 0.0, 0.0, 0.0, 1.0],
                [1.0, -7e-06, 3e-06, -0.0, 7e-06, 0.736443, -0.6765, 0.300003, 3e-06, 0.6765, 0.736443, 0.0, 0.0, 0.0, 0.0, 1.0],
                [1.0, 2e-06, -1e-06, 0.0, -2e-06, 0.726041, -0.687652, 0.300003, -1e-06, 0.687652, 0.72604, -0.0, 0.0, 0.0, 0.0, 1.0],
                [1.0, 0.0, 0.0, -0.0, 0.0, 0.721917, -0.69198, 0.300002, -0.0, 0.69198, 0.721916, 0.0, 0.0, 0.0, 0.0, 1.0]
            ]
        },
        {
            "name": "Tool_R",
            "time": [0.0, 0.1, 0.2, 0.3, 0.4, 0.5, 0.6, 0.7, 0.8, 0.9, 1.0, 1.1, 1.2],
            "transform": [
                [0.462881, -0.86874, -0.176162, 0.00546, -0.836423, -0.36226, -0.411297, 0.255028, 0.293494, 0.337727, -0.894317, -0.003902, 0.0, 0.0, 0.0, 1.0],
                [0.461556, -0.868998, -0.178351, 0.00546, -0.838383, -0.361581, -0.407888, 0.255028, 0.289966, 0.337789, -0.895444, -0.003902, 0.0, 0.0, 0.0, 1.0],
                [0.458201, -0.869638, -0.183799, 0.00546, -0.84322, -0.359884, -0.399329, 0.255028, 0.281125, 0.337956, -0.898196, -0.003902, 0.0, 0.0, 0.0, 1.0],
                [0.453754, -0.870455, -0.19083, 0.00546, -0.84937, -0.357674, -0.388124, 0.255028, 0.26959, 0.338198, -0.901634, -0.003902, 0.0, 0.0, 0.0, 1.0],
                [0.449209, -0.871256, -0.197801, 0.00546, -0.855362, -0.355462, -0.376834, 0.255028, 0.258008, 0.338468, -0.904915, -0.003902, 0.0, 0.0, 0.0, 1.0],
                [0.445648, -0.871861, -0.20312, 0.00546, -0.859861, -0.353759, -0.368094, 0.255028, 0.249071, 0.338695, -0.907331, -0.003902, 0.0, 0.0, 0.0, 1.0],
                [0.444207, -0.8721, -0.205237, 0.00546, -0.861635, -0.353077, -0.364585, 0.255028, 0.24549, 0.338791, -0.908271, -0.003902, 0.0, 0.0, 0.0, 1.0],
                [0.445648, -0.871861, -0.20312, 0.00546, -0.859862, -0.353758, -0.368094, 0.255028, 0.249071, 0.338695, -0.907331, -0.003902, 0.0, 0.0, 0.0, 1.0],
                [0.449209, -0.871256, -0.197801, 0.00546, -0.855362, -0.355461, -0.376834, 0.255028, 0.258009, 0.338468, -0.904915, -0.003902, 0.0, 0.0, 0.0, 1.0],
                [0.453754, -0.870455, -0.19083, 0.00546, -0.84937, -0.357674, -0.388124, 0.255028, 0.269589, 0.338198, -0.901635, -0.003902, 0.0, 0.0, 0.0, 1.0],
                [0.458202, -0.869638, -0.183799, 0.00546, -0.84322, -0.359884, -0.399329, 0.255028, 0.281125, 0.337956, -0.898196, -0.003902, 0.0, 0.0, 0.0, 1.0],
                [0.461556, -0.868998, -0.178351, 0.00546, -0.838383, -0.361581, -0.407888, 0.255028, 0.289966, 0.337789, -0.895444, -0.003902, 0.0, 0.0, 0.0, 1.0],
                [0.462881, -0.86874, -0.176162, 0.00546, -0.836423, -0.36226, -0.411297, 0.255028, 0.293494, 0.337727, -0.894317, -0.003902, 0.0, 0.0, 0.0, 1.0]
            ]
        },
        {
            "name": "Elbow_R",
            "time": [0.0, 1.2],
            "transform": [
                [-1.0, 0.0, 0.0, -0.0, 0.0, 0.003946, -0.999992, 0.370814, -0.0, -0.999992, -0.003946, -0.000973, 0.0, 0.0, 0.0, 1.0],
                [-1.0, 0.0, -0.0, -0.0, -0.0, 0.003946, -0.999992, 0.370814, -0.0, -0.999992, -0.003946, -0.000973, 0.0, 0.0, 0.0, 1.0]
            ]
        },
        {
            "name": "Shoulder_L",
            "time": [0.0, 0.1, 0.2, 0.3, 0.4, 0.5, 0.6, 0.7, 0.8, 0.9, 1.0, 1.1, 1.2],
            "transform": [
                [-0.0, -0.952114, -0.305743, 0.0, 0.0, -0.305744, 0.952114, 0.4, -1.0, 0.0, 0.0, -0.0, 0.0, 0.0, 0.0, 1.0],
                [-0.0, -0.952114, -0.305743, 0.0, 0.0, -0.305743, 0.952114, 0.4, -1.0, 0.0, 0.0, -0.0, 0.0, 0.0, 0.0, 1.0],
                [-0.0, -0.952114, -0.305743, 0.0, 0.0, -0.305743, 0.952114, 0.4, -1.0, 0.0, 0.0, -0.0, 0.0, 0.0, 0.0, 1.0],
                [-0.0, -0.952114, -0.305743, 0.0, 0.0, -0.305743, 0.952114, 0.4, -1.0, 0.0, 0.0, 0.0, 0.0, 0.0, 0.0, 1.0],
                [-0.0, -0.952114, -0.305743, 0.0, 0.0, -0.305743, 0.952114, 0.4, -1.0, -0.0, 0.0, -0.0, 0.0, 0.0, 0.0, 1.0],
                [-0.0, -0.952114, -0.305743, -0.0, 0.0, -0.305743, 0.952114, 0.4, -1.0, 0.0, 0.0, 0.0, 0.0, 0.0, 0.0, 1.0],
                [-0.0, -0.952114, -0.305743, -0.0, 0.0, -0.305743, 0.952114, 0.4, -1.0, 0.0, 0.0, 0.0, 0.0, 0.0, 0.0, 1.0],
                [-0.0, -0.952114, -0.305743, 0.0, 0.0, -0.305743, 0.952114, 0.4, -1.0, -0.0, 0.0, -0.0, 0.0, 0.0, 0.0, 1.0],
                [-0.0, -0.952114, -0.305743, -0.0, 0.0, -0.305743, 0.952114, 0.4, -1.0, 0.0, 0.0, 0.0, 0.0, 0.0, 0.0, 1.0],
                [-0.0, -0.952114, -0.305743, -0.0, 0.0, -0.305743, 0.952114, 0.4, -1.0, -0.0, 0.0, 0.0, 0.0, 0.0, 0.0, 1.0],
                [-0.0, -0.952114, -0.305743, 0.0, 0.0, -0.305743, 0.952114, 0.4, -1.0, -0.0, 0.0, 0.0, 0.0, 0.0, 0.0, 1.0],
                [-0.0, -0.952114, -0.305743, 0.0, 0.0, -0.305743, 0.952114, 0.4, -1.0, -0.0, 0.0, -0.0, 0.0, 0.0, 0.0, 1.0],
                [-0.0, -0.952114, -0.305743, 0.0, 0.0, -0.305744, 0.952114, 0.4, -1.0, 0.0, 0.0, -0.0, 0.0, 0.0, 0.0, 1.0]
            ]
        },
        {
            "name": "Arm_L",
            "time": [0.0, 0.1, 0.2, 0.3, 0.4, 0.5, 0.6, 0.7, 0.8, 0.9, 1.0, 1.1, 1.2],
            "transform": [
                [-0.723069, 0.684596, -0.092189, 0.0, -0.061469, -0.196695, -0.978536, 0.39386, -0.688035, -0.701881, 0.184305, -0.0, 0.0, 0.0, 0.0, 1.0],
                [-0.724127, 0.68317, -0.094439, -0.0, -0.061442, -0.200294, -0.977807, 0.39386, -0.686924, -0.702253, 0.187013, -0.0, 0.0, 0.0, 0.0, 1.0],
                [-0.726761, 0.679507, -0.100447, 0.0, -0.061386, -0.209899, -0.975793, 0.39386, -0.684142, -0.703001, 0.194258, 0.0, 0.0, 0.0, 0.0, 1.0],
                [-0.730162, 0.674529, -0.108977, -0.0, -0.061336, -0.223554, -0.97276, 0.39386, -0.680516, -0.703586, 0.204603, -0.0, 0.0, 0.0, 0.0, 1.0],
                [-0.733538, 0.669197, -0.118732, -0.0, -0.061312, -0.23914, -0.969047, 0.39386, -0.676877, -0.703551, 0.216448, 0.0, 0.0, 0.0, 0.0, 1.0],
                [-0.736117, 0.664738, -0.127499, 0.0, -0.061312, -0.253082, -0.9655, 0.39386, -0.674071, -0.702902, 0.227053, -0.0, 0.0, 0.0, 0.0, 1.0],
                [-0.737144, 0.662827, -0.131448, 0.0, -0.061316, -0.259334, -0.963839, 0.39386, -0.672947, -0.702427, 0.231808, 0.0, 0.0, 0.0, 0.0, 1.0],
                [-0.736117, 0.664738, -0.127498, 0.0, -0.061312, -0.25308, -0.9655, 0.39386, -0.674071, -0.702903, 0.227052, -0.0, 0.0, 0.0, 0.0, 1.0],
                [-0.733538, 0.669197, -0.118732, -0.0, -0.061312, -0.239141, -0.969047, 0.39386, -0.676877, -0.703551, 0.216448, 0.0, 0.0, 0.0, 0.0, 1.0],
                [-0.730162, 0.674528, -0.108978, -0.0, -0.061336, -0.223557, -0.972759, 0.39386, -0.680516, -0.703586, 0.204605, 0.0, 0.0, 0.0, 0.0, 1.0],
                [-0.72676, 0.679507, -0.100445, 0.0, -0.061386, -0.209897, -0.975794, 0.39386, -0.684142, -0.703001, 0.194257, -0.0, 0.0, 0.0, 0.0, 1.0],
                [-0.724127, 0.68317, -0.094439, -0.0, -0.061442, -0.200294, -0.977807, 0.39386, -0.686924, -0.702253, 0.187013, 0.0, 0.0, 0.0, 0.0, 1.0],
                [-0.723069, 0.684596, -0.092189, 0.0, -0.061469, -0.196695, -0.978536, 0.39386, -0.688035, -0.701881, 0.184305, -0.0, 0.0, 0.0, 0.0, 1.0]
            ]
        },
        {
            "name": "Hand_L",
            "time": [0.0, 0.1, 0.2, 0.3, 0.4, 0.5, 0.6, 0.7, 0.8, 0.9, 1.0, 1.1, 1.2],
            "transform": [
                [1.0, 1e-06, -0.0, 0.0, -1e-06, 0.938254, -0.345949, 0.300003, -0.0, 0.345948, 0.938253, -0.0, 0.0, 0.0, 0.0, 1.0],
                [1.0, 0.0, 0.0, -0.0, -0.0, 0.94141, -0.337265, 0.300002, -0.0, 0.337265, 0.94141, 0.0, 0.0, 0.0, 0.0, 1.0],
                [1.0, -0.0, -0.0, 0.0, -0.0, 0.949364, -0.314176, 0.300003, -0.0, 0.314176, 0.949364, 0.0, 0.0, 0.0, 0.0, 1.0],
                [1.0, 1e-06, -0.0, -0.0, -0.0, 0.959582, -0.281428, 0.300003, -0.0, 0.281427, 0.959582, 0.0, 0.0, 0.0, 0.0, 1.0],
                [1.0, -0.0, -0.0, -0.0, 0.0, 0.969719, -0.244225, 0.300003, -0.0, 0.244225, 0.969719, -0.0, 0.0, 0.0, 0.0, 1.0],
                [1.0, 0.0, 0.0, -0.0, -0.0, 0.977457, -0.211134, 0.300003, -0.0, 0.211133, 0.977457, 0.0, 0.0, 0.0, 0.0, 1.0],
                [1.0, 1e-06, -0.0, 0.0, -1e-06, 0.980533, -0.196355, 0.300003, -0.0, 0.196355, 0.980533, -0.0, 0.0, 0.0, 0.0, 1.0],
                [1.000001, 0.0, 0.0, -0.0, -0.0, 0.977456, -0.211138, 0.300003, 0.0, 0.211138, 0.977457, 0.0, 0.0, 0.0, 0.0, 1.0],
                [1.0, -0.0, -0.0, -0.0, -0.0, 0.969719, -0.244224, 0.300003, -0.0, 0.244223, 0.969719, -0.0, 0.0, 0.0, 0.0, 1.0],
                [1.0, -0.0, 0.0, 0.0, -0.0, 0.959584, -0.281422, 0.300003, -0.0, 0.281422, 0.959584, -0.0, 0.0, 0.0, 0.0, 1.0],
                [1.0, 2e-06, -0.0, 0.0, -2e-06, 0.949364, -0.314181, 0.300003, -0.0, 0.314181, 0.949364, 0.0, 0.0, 0.0, 0.0, 1.0],
                [1.0, -1e-06, 0.0, -0.0, 1e-06, 0.94141, -0.337265, 0.300003, 0.0, 0.337265, 0.94141, -0.0, 0.0, 0.0, 0.0, 1.0],
                [1.0, 1e-06, -0.0, -0.0, -1e-06, 0.938254, -0.345949, 0.300003, -0.0, 0.345948, 0.938253, -0.0, 0.0, 0.0, 0.0, 1.0]
            ]
        },
        {
            "name": "Tool_L",
            "time": [0.0, 1.2],
            "transform": [
                [1.0, -0.0, 0.0, 0.0, 0.0, -0.999559, -0.029689, 0.271711, 0.0, 0.029689, -0.99956, -0.028915, 0.0, 0.0, 0.0, 1.0],
                [1.0, -0.0, 0.0, 0.0, 0.0, -0.999559, -0.029689, 0.271711, 0.0, 0.029689, -0.99956, -0.028915, 0.0, 0.0, 0.0, 1.0]
            ]
        },
        {
            "name": "Elbow_L",
            "time": [0.0, 1.2],
            "transform": [
                [-1.0, 0.0, -0.0, 0.0, 0.0, 0.003946, -0.999992, 0.332301, -0.0, -0.999993, -0.003946, -0.001125, 0.0, 0.0, 0.0, 1.0],
                [-1.0, 0.0, -0.0, -0.0, 0.0, 0.003946, -0.999992, 0.332301, -0.0, -0.999992, -0.003946, -0.001125, 0.0, 0.0, 0.0, 1.0]
            ]
        }
    ]
}