{
    "animation": [
        {
            "name": "Root",
            "time": [0.0, 0.0833, 0.1667, 0.25, 0.3333, 0.4167, 0.5, 0.5833, 0.6667, 0.75, 0.8333, 0.9167, 1.0, 1.0833, 1.1667, 1.25, 1.3333],
            "transform": [
                [0.550251, 0.056796, -0.833066, -5e-06, -0.831295, 0.131134, -0.540141, 0.000946, 0.078565, 0.989736, 0.119371, 0.567851, 0.0, 0.0, 0.0, 1.0],
                [0.55025, 0.056796, -0.833066, -5e-06, -0.831295, 0.131134, -0.540141, 0.000946, 0.078565, 0.989736, 0.119371, 0.567851, 0.0, 0.0, 0.0, 1.0],
                [0.55025, 0.056796, -0.833066, -5e-06, -0.831295, 0.131134, -0.540141, 0.000946, 0.078565, 0.989736, 0.119371, 0.567851, 0.0, 0.0, 0.0, 1.0],
                [0.550251, 0.056796, -0.833066, -5e-06, -0.831295, 0.131134, -0.540141, 0.000946, 0.078565, 0.989736, 0.119371, 0.567851, 0.0, 0.0, 0.0, 1.0],
                [0.550251, 0.056796, -0.833066, -5e-06, -0.831295, 0.131134, -0.540141, 0.000946, 0.078565, 0.989736, 0.119371, 0.567851, 0.0, 0.0, 0.0, 1.0],
                [0.550251, 0.056796, -0.833066, -5e-06, -0.831295, 0.131134, -0.540141, 0.000946, 0.078565, 0.989736, 0.119371, 0.567851, 0.0, 0.0, 0.0, 1.0],
                [0.550251, 0.056796, -0.833066, -5e-06, -0.831295, 0.131134, -0.540141, 0.000946, 0.078565, 0.989736, 0.119371, 0.567851, 0.0, 0.0, 0.0, 1.0],
                [0.550251, 0.056796, -0.833066, -5e-06, -0.831295, 0.131134, -0.540141, 0.000946, 0.078565, 0.989736, 0.119371, 0.567851, 0.0, 0.0, 0.0, 1.0],
                [0.550251, 0.056796, -0.833066, -5e-06, -0.831295, 0.131134, -0.540141, 0.000946, 0.078565, 0.989736, 0.119371, 0.567851, 0.0, 0.0, 0.0, 1.0],
                [0.550251, 0.056796, -0.833066, -5e-06, -0.831295, 0.131134, -0.540141, 0.000946, 0.078565, 0.989736, 0.119371, 0.567851, 0.0, 0.0, 0.0, 1.0],
                [0.550251, 0.056796, -0.833066, -5e-06, -0.831295, 0.131134, -0.540141, 0.000946, 0.078565, 0.989736, 0.119371, 0.567851, 0.0, 0.0, 0.0, 1.0],
                [0.550251, 0.056796, -0.833066, -5e-06, -0.831295, 0.131134, -0.540141, 0.000946, 0.078565, 0.989736, 0.119371, 0.567851, 0.0, 0.0, 0.0, 1.0],
                [0.550251, 0.056796, -0.833066, -5e-06, -0.831295, 0.131134, -0.540141, 0.000946, 0.078565, 0.989736, 0.119371, 0.567851, 0.0, 0.0, 0.0, 1.0],
                [0.550251, 0.056796, -0.833066, -5e-06, -0.831295, 0.131134, -0.540141, 0.000946, 0.078565, 0.989736, 0.119371, 0.567851, 0.0, 0.0, 0.0, 1.0],
                [0.550251, 0.056796, -0.833066, -5e-06, -0.831295, 0.131134, -0.540141, 0.000946, 0.078565, 0.989736, 0.119371, 0.567851, 0.0, 0.0, 0.0, 1.0],
                [0.550251, 0.056796, -0.833066, -5e-06, -0.831295, 0.131134, -0.540141, 0.000946, 0.078565, 0.989736, 0.119371, 0.567851, 0.0, 0.0, 0.0, 1.0],
                [0.550251, 0.056796, -0.833066, -5e-06, -0.831295, 0.131134, -0.540141, 0.000946, 0.078565, 0.989736, 0.119371, 0.567851, 0.0, 0.0, 0.0, 1.0]
            ]
        },
        {
            "name": "Thigh_R",
            "time": [0.0, 0.0833, 0.1667, 0.25, 0.3333, 0.4167, 0.5, 0.5833, 0.6667, 0.75, 0.8333, 0.9167, 1.0, 1.0833, 1.1667, 1.25, 1.3333],
            "transform": [
                [0.898875, 0.37482, 0.227007, 0.124994, -0.030957, -0.462428, 0.886117, -0.002831, 0.437109, -0.803534, -0.404063, -1.2e-05, 0.0, 0.0, 0.0, 1.0],
                [0.89926, 0.3744, 0.226175, 0.124994, -0.030353, -0.462414, 0.886145, -0.002831, 0.43636, -0.803738, -0.404467, -1.2e-05, 0.0, 0.0, 0.0, 1.0],
                [0.90026, 0.373303, 0.224, 0.124994, -0.028774, -0.462378, 0.886216, -0.002831, 0.434401, -0.804269, -0.40552, -1.2e-05, 0.0, 0.0, 0.0, 1.0],
                [0.901644, 0.37177, 0.22096, 0.124994, -0.026571, -0.462331, 0.88631, -0.002831, 0.431661, -0.805006, -0.40698, -1.2e-05, 0.0, 0.0, 0.0, 1.0],
                [0.903186, 0.370043, 0.217536, 0.124994, -0.024092, -0.462283, 0.886406, -0.002831, 0.428572, -0.805829, -0.408613, -1.2e-05, 0.0, 0.0, 0.0, 1.0],
                [0.904667, 0.368364, 0.214206, 0.124994, -0.021686, -0.46224, 0.886491, -0.002831, 0.425566, -0.806623, -0.410185, -1.2e-05, 0.0, 0.0, 0.0, 1.0],
                [0.905878, 0.366975, 0.211453, 0.124994, -0.019699, -0.462208, 0.886554, -0.002831, 0.423079, -0.807274, -0.411476, -1.2e-05, 0.0, 0.0, 0.0, 1.0],
                [0.906619, 0.366119, 0.209756, 0.124994, -0.018475, -0.46219, 0.886589, -0.002831, 0.421545, -0.807672, -0.412267, -1.2e-05, 0.0, 0.0, 0.0, 1.0],
                [0.906754, 0.365962, 0.209445, 0.124994, -0.018251, -0.462187, 0.886596, -0.002831, 0.421263, -0.807746, -0.412412, -1.2e-05, 0.0, 0.0, 0.0, 1.0],
                [0.906619, 0.366119, 0.209756, 0.124994, -0.018475, -0.46219, 0.886589, -0.002831, 0.421545, -0.807672, -0.412267, -1.2e-05, 0.0, 0.0, 0.0, 1.0],
                [0.905878, 0.366975, 0.211453, 0.124994, -0.019699, -0.462208, 0.886554, -0.002831, 0.423079, -0.807274, -0.411476, -1.2e-05, 0.0, 0.0, 0.0, 1.0],
                [0.904667, 0.368364, 0.214206, 0.124994, -0.021686, -0.46224, 0.886491, -0.002831, 0.425566, -0.806623, -0.410185, -1.2e-05, 0.0, 0.0, 0.0, 1.0],
                [0.903186, 0.370043, 0.217536, 0.124994, -0.024092, -0.462283, 0.886406, -0.002831, 0.428572, -0.805829, -0.408613, -1.2e-05, 0.0, 0.0, 0.0, 1.0],
                [0.901644, 0.37177, 0.22096, 0.124994, -0.026571, -0.462331, 0.88631, -0.002831, 0.431661, -0.805006, -0.40698, -1.2e-05, 0.0, 0.0, 0.0, 1.0],
                [0.90026, 0.373303, 0.224, 0.124994, -0.028774, -0.462378, 0.886216, -0.002831, 0.434401, -0.804269, -0.40552, -1.2e-05, 0.0, 0.0, 0.0, 1.0],
                [0.89926, 0.3744, 0.226175, 0.124994, -0.030353, -0.462414, 0.886145, -0.002831, 0.43636, -0.803738, -0.404467, -1.2e-05, 0.0, 0.0, 0.0, 1.0],
                [0.898875, 0.37482, 0.227007, 0.124994, -0.030957, -0.462429, 0.886117, -0.002831, 0.437109, -0.803535, -0.404063, -1.2e-05, 0.0, 0.0, 0.0, 1.0]
            ]
        },
        {
            "name": "Leg_R",
            "time": [0.0, 0.0833, 0.1667, 0.25, 0.3333, 0.4167, 0.5, 0.5833, 0.6667, 0.75, 0.8333, 0.9167, 1.0, 1.0833, 1.1667, 1.25, 1.3333],
            "transform": [
                [1.0, -1e-06, 1e-06, -0.0, -0.0, 0.594695, 0.803951, 0.374726, -1e-06, -0.803954, 0.594691, -0.0, 0.0, 0.0, 0.0, 1.0],
                [1.0, -1e-06, 1e-06, 0.0, -0.0, 0.594696, 0.80395, 0.374726, -1e-06, -0.803953, 0.594691, -0.0, 0.0, 0.0, 0.0, 1.0],
                [1.0, -1e-06, 1e-06, -0.0, -0.0, 0.594696, 0.80395, 0.374726, -1e-06, -0.803953, 0.594692, -0.0, 0.0, 0.0, 0.0, 1.0],
                [1.0, -1e-06, 1e-06, -0.0, -0.0, 0.594696, 0.803951, 0.374726, -1e-06, -0.803954, 0.594691, 0.0, 0.0, 0.0, 0.0, 1.0],
                [1.0, -1e-06, 1e-06, 0.0, -0.0, 0.594696, 0.803951, 0.374726, -1e-06, -0.803953, 0.594691, 0.0, 0.0, 0.0, 0.0, 1.0],
                [1.0, -1e-06, 1e-06, 0.0, -0.0, 0.594696, 0.803951, 0.374726, -1e-06, -0.803954, 0.594691, 0.0, 0.0, 0.0, 0.0, 1.0],
                [1.0, -1e-06, 1e-06, 0.0, -0.0, 0.594696, 0.803951, 0.374726, -1e-06, -0.803953, 0.594691, -0.0, 0.0, 0.0, 0.0, 1.0],
                [1.0, -1e-06, 1e-06, 0.0, -0.0, 0.594696, 0.803951, 0.374726, -1e-06, -0.803953, 0.594691, 0.0, 0.0, 0.0, 0.0, 1.0],
                [1.0, -1e-06, 1e-06, 0.0, -0.0, 0.594695, 0.803951, 0.374726, -1e-06, -0.803954, 0.594691, 0.0, 0.0, 0.0, 0.0, 1.0],
                [1.0, -1e-06, 1e-06, -0.0, -0.0, 0.594696, 0.803951, 0.374726, -1e-06, -0.803953, 0.594691, -0.0, 0.0, 0.0, 0.0, 1.0],
                [1.0, -1e-06, 1e-06, 0.0, -0.0, 0.594696, 0.803951, 0.374726, -1e-06, -0.803953, 0.594691, -0.0, 0.0, 0.0, 0.0, 1.0],
                [1.0, -1e-06, 1e-06, 0.0, -0.0, 0.594695, 0.803951, 0.374726, -1e-06, -0.803954, 0.594691, -0.0, 0.0, 0.0, 0.0, 1.0],
                [1.0, -1e-06, 1e-06, 0.0, -0.0, 0.594696, 0.803951, 0.374726, -1e-06, -0.803953, 0.594692, 0.0, 0.0, 0.0, 0.0, 1.0],
                [1.000001, -1e-06, 1e-06, 0.0, -0.0, 0.594696, 0.803951, 0.374726, -1e-06, -0.803954, 0.594691, 0.0, 0.0, 0.0, 0.0, 1.0],
                [1.0, -1e-06, 1e-06, 0.0, -0.0, 0.594696, 0.803951, 0.374726, -1e-06, -0.803953, 0.594692, -0.0, 0.0, 0.0, 0.0, 1.0],
                [1.0, -1e-06, 1e-06, 0.0, -0.0, 0.594696, 0.803951, 0.374726, -1e-06, -0.803953, 0.594692, -0.0, 0.0, 0.0, 0.0, 1.0],
                [1.0, -1e-06, 1e-06, 0.0, -0.0, 0.594695, 0.803951, 0.374726, -1e-06, -0.803953, 0.594691, -0.0, 0.0, 0.0, 0.0, 1.0]
            ]
        },
        {
            "name": "Knee_R",
            "time": [0.0, 1.3333],
            "transform": [
                [1.0, 0.0, -0.0, 0.0, -0.0, 0.00567, -0.999984, 0.416635, -0.0, 0.999984, 0.00567, -0.000238, 0.0, 0.0, 0.0, 1.0],
                [1.0, 0.0, -0.0, 0.0, -0.0, 0.00567, -0.999984, 0.416635, -0.0, 0.999984, 0.00567, -0.000238, 0.0, 0.0, 0.0, 1.0]
            ]
        },
        {
            "name": "Thigh_L",
            "time": [0.0, 0.0833, 0.1667, 0.25, 0.3333, 0.4167, 0.5, 0.5833, 0.6667, 0.75, 0.8333, 0.9167, 1.0, 1.0833, 1.1667, 1.25, 1.3333],
            "transform": [
                [0.886166, -0.456006, 0.082269, -0.125006, -0.453052, -0.889927, -0.052671, -0.002831, 0.097232, 0.009403, -0.995217, -1.2e-05, 0.0, 0.0, 0.0, 1.0],
                [0.886061, -0.456336, 0.081566, -0.125006, -0.453425, -0.889758, -0.052311, -0.002831, 0.096446, 0.009367, -0.995294, -1.2e-05, 0.0, 0.0, 0.0, 1.0],
                [0.885783, -0.4572, 0.079725, -0.125006, -0.4544, -0.889315, -0.051368, -0.002831, 0.094386, 0.009274, -0.995493, -1.2e-05, 0.0, 0.0, 0.0, 1.0],
                [0.885386, -0.45841, 0.077147, -0.125006, -0.455762, -0.888694, -0.050043, -0.002831, 0.0915, 0.009147, -0.995763, -1.2e-05, 0.0, 0.0, 0.0, 1.0],
                [0.884926, -0.459778, 0.07423, -0.125006, -0.457298, -0.887988, -0.048539, -0.002831, 0.088233, 0.009008, -0.996059, -1.2e-05, 0.0, 0.0, 0.0, 1.0],
                [0.884462, -0.461122, 0.071367, -0.125006, -0.458801, -0.887293, -0.047056, -0.002831, 0.085022, 0.008876, -0.99634, -1.2e-05, 0.0, 0.0, 0.0, 1.0],
                [0.88406, -0.462259, 0.068942, -0.125006, -0.460069, -0.886702, -0.045797, -0.002831, 0.082301, 0.008769, -0.996569, -1.2e-05, 0.0, 0.0, 0.0, 1.0],
                [0.883789, -0.463014, 0.067333, -0.125006, -0.460909, -0.886309, -0.044958, -0.002831, 0.080494, 0.008699, -0.996718, -1.2e-05, 0.0, 0.0, 0.0, 1.0],
                [0.883713, -0.463224, 0.066887, -0.125006, -0.461141, -0.886199, -0.044726, -0.002831, 0.079993, 0.00868, -0.996758, -1.2e-05, 0.0, 0.0, 0.0, 1.0],
                [0.883789, -0.463014, 0.067333, -0.125006, -0.460909, -0.886309, -0.044958, -0.002831, 0.080494, 0.008699, -0.996718, -1.2e-05, 0.0, 0.0, 0.0, 1.0],
                [0.88406, -0.462259, 0.068942, -0.125006, -0.460069, -0.886702, -0.045797, -0.002831, 0.082301, 0.008769, -0.996569, -1.2e-05, 0.0, 0.0, 0.0, 1.0],
                [0.884462, -0.461122, 0.071367, -0.125006, -0.458801, -0.887293, -0.047056, -0.002831, 0.085022, 0.008876, -0.99634, -1.2e-05, 0.0, 0.0, 0.0, 1.0],
                [0.884926, -0.459778, 0.07423, -0.125006, -0.457298, -0.887988, -0.048539, -0.002831, 0.088233, 0.009008, -0.996059, -1.2e-05, 0.0, 0.0, 0.0, 1.0],
                [0.885386, -0.45841, 0.077147, -0.125006, -0.455762, -0.888694, -0.050043, -0.002831, 0.0915, 0.009147, -0.995764, -1.2e-05, 0.0, 0.0, 0.0, 1.0],
                [0.885783, -0.4572, 0.079725, -0.125006, -0.4544, -0.889316, -0.051368, -0.002831, 0.094386, 0.009274, -0.995493, -1.2e-05, 0.0, 0.0, 0.0, 1.0],
                [0.886061, -0.456336, 0.081566, -0.125006, -0.453425, -0.889758, -0.052312, -0.002831, 0.096446, 0.009367, -0.995294, -1.2e-05, 0.0, 0.0, 0.0, 1.0],
                [0.886165, -0.456007, 0.082269, -0.125006, -0.453053, -0.889927, -0.052671, -0.002831, 0.097232, 0.009403, -0.995218, -1.2e-05, 0.0, 0.0, 0.0, 1.0]
            ]
        },
        {
            "name": "Leg_L",
            "time": [0.0, 0.0833, 0.1667, 0.25, 0.3333, 0.4167, 0.5, 0.5833, 0.6667, 0.75, 0.8333, 0.9167, 1.0, 1.0833, 1.1667, 1.25, 1.3333],
            "transform": [
                [1.0, -1e-06, 1e-06, 0.0, -0.0, 0.639424, 0.768854, 0.374726, -1e-06, -0.768854, 0.639424, -0.0, 0.0, 0.0, 0.0, 1.0],
                [1.0, -1e-06, 1e-06, 0.0, -0.0, 0.639424, 0.768854, 0.374726, -1e-06, -0.768854, 0.639424, -0.0, 0.0, 0.0, 0.0, 1.0],
                [1.0, -1e-06, 1e-06, 0.0, -0.0, 0.639424, 0.768854, 0.374726, -1e-06, -0.768854, 0.639424, 0.0, 0.0, 0.0, 0.0, 1.0],
                [1.0, -1e-06, 1e-06, 0.0, -0.0, 0.639424, 0.768854, 0.374726, -1e-06, -0.768854, 0.639424, 0.0, 0.0, 0.0, 0.0, 1.0],
                [1.0, -1e-06, 1e-06, 0.0, -0.0, 0.639424, 0.768854, 0.374726, -1e-06, -0.768854, 0.639424, -0.0, 0.0, 0.0, 0.0, 1.0],
                [1.0, -1e-06, 1e-06, -0.0, -0.0, 0.639424, 0.768854, 0.374726, -1e-06, -0.768854, 0.639423, 0.0, 0.0, 0.0, 0.0, 1.0],
                [1.0, -1e-06, 1e-06, 0.0, -0.0, 0.639424, 0.768853, 0.374726, -1e-06, -0.768854, 0.639424, 0.0, 0.0, 0.0, 0.0, 1.0],
                [1.0, -1e-06, 1e-06, 0.0, -0.0, 0.639423, 0.768854, 0.374726, -1e-06, -0.768855, 0.639423, 0.0, 0.0, 0.0, 0.0, 1.0],
                [1.0, -1e-06, 1e-06, -0.0, -0.0, 0.639424, 0.768854, 0.374726, -1e-06, -0.768854, 0.639424, 0.0, 0.0, 0.0, 0.0, 1.0],
                [1.0, -0.0, 1e-06, 0.0, -0.0, 0.639423, 0.768855, 0.374726, -1e-06, -0.768855, 0.639423, -0.0, 0.0, 0.0, 0.0, 1.0],
                [1.0, -1e-06, 1e-06, 0.0, -0.0, 0.639424, 0.768854, 0.374726, -1e-06, -0.768854, 0.639423, -0.0, 0.0, 0.0, 0.0, 1.0],
                [1.0, -1e-06, 1e-06, -0.0, -0.0, 0.639424, 0.768854, 0.374726, -1e-06, -0.768854, 0.639424, 0.0, 0.0, 0.0, 0.0, 1.0],
                [1.0, -1e-06, 1e-06, 0.0, -0.0, 0.639424, 0.768853, 0.374726, -1e-06, -0.768854, 0.639424, -0.0, 0.0, 0.0, 0.0, 1.0],
                [1.0, -1e-06, 1e-06, -0.0, -0.0, 0.639424, 0.768854, 0.374726, -1e-06, -0.768854, 0.639423, -0.0, 0.0, 0.0, 0.0, 1.0],
                [1.0, -1e-06, 1e-06, -0.0, -0.0, 0.639424, 0.768854, 0.374726, -1e-06, -0.768855, 0.639423, -0.0, 0.0, 0.0, 0.0, 1.0],
                [1.0, -1e-06, 1e-06, 0.0, -0.0, 0.639424, 0.768854, 0.374726, -1e-06, -0.768854, 0.639424, 0.0, 0.0, 0.0, 0.0, 1.0],
                [1.0, -1e-06, 1e-06, -0.0, -0.0, 0.639424, 0.768854, 0.374726, -1e-06, -0.768855, 0.639423, 0.0, 0.0, 0.0, 0.0, 1.0]
            ]
        },
        {
            "name": "Knee_L",
            "time": [0.0, 1.3333],
            "transform": [
                [1.0, 0.0, -0.0, 0.0, -0.0, 0.00567, -0.999984, 0.410662, -0.0, 0.999984, 0.00567, -0.000204, 0.0, 0.0, 0.0, 1.0],
                [1.0, 0.0, -0.0, -0.0, -0.0, 0.00567, -0.999984, 0.410662, -0.0, 0.999984, 0.00567, -0.000204, 0.0, 0.0, 0.0, 1.0]
            ]
        },
        {
            "name": "Torso",
            "time": [0.0, 0.0833, 0.1667, 0.25, 0.3333, 0.4167, 0.5, 0.5833, 0.6667, 0.75, 0.8333, 0.9167, 1.0, 1.0833, 1.1667, 1.25, 1.3333],
            "transform": [
                [1.0, 0.0, -0.0, 0.0, 0.0, 1.0, -0.000689, 0.05, 0.0, 0.000689, 1.0, -0.0, 0.0, 0.0, 0.0, 1.0],
                [1.0, 0.0, -0.0, 0.0, -0.0, 1.0, -0.000689, 0.05, 0.0, 0.000689, 1.0, -0.0, 0.0, 0.0, 0.0, 1.0],
                [1.0, 0.0, -0.0, 0.0, 0.0, 1.0, -0.000689, 0.05, 0.0, 0.000689, 1.0, -0.0, 0.0, 0.0, 0.0, 1.0],
                [1.0, 0.0, -0.0, -0.0, -0.0, 1.0, -0.000689, 0.05, 0.0, 0.000689, 1.0, -0.0, 0.0, 0.0, 0.0, 1.0],
                [1.0, 0.0, -0.0, 0.0, -0.0, 1.0, -0.000689, 0.05, 0.0, 0.000689, 1.0, -0.0, 0.0, 0.0, 0.0, 1.0],
                [1.0, 0.0, -0.0, 0.0, -0.0, 1.0, -0.000689, 0.05, 0.0, 0.000689, 1.0, -0.0, 0.0, 0.0, 0.0, 1.0],
                [1.0, 0.0, -0.0, 0.0, -0.0, 1.0, -0.000689, 0.05, 0.0, 0.000689, 1.0, -0.0, 0.0, 0.0, 0.0, 1.0],
                [1.0, 0.0, -0.0, 0.0, -0.0, 1.0, -0.000689, 0.05, 0.0, 0.000689, 1.0, -0.0, 0.0, 0.0, 0.0, 1.0],
                [1.0, 0.0, -0.0, 0.0, -0.0, 1.0, -0.000689, 0.05, 0.0, 0.000689, 1.0, -0.0, 0.0, 0.0, 0.0, 1.0],
                [1.0, 0.0, -0.0, 0.0, -0.0, 1.0, -0.000689, 0.05, 0.0, 0.000689, 1.0, -0.0, 0.0, 0.0, 0.0, 1.0],
                [1.0, 0.0, -0.0, 0.0, -0.0, 1.0, -0.000689, 0.05, 0.0, 0.000689, 1.0, -0.0, 0.0, 0.0, 0.0, 1.0],
                [1.0, 0.0, -0.0, 0.0, -0.0, 1.0, -0.000689, 0.05, 0.0, 0.000689, 1.0, -0.0, 0.0, 0.0, 0.0, 1.0],
                [1.0, 0.0, -0.0, 0.0, -0.0, 1.0, -0.000689, 0.05, 0.0, 0.000689, 1.0, -0.0, 0.0, 0.0, 0.0, 1.0],
                [1.0, 0.0, -0.0, 0.0, -0.0, 1.0, -0.000689, 0.05, 0.0, 0.000689, 1.0, -0.0, 0.0, 0.0, 0.0, 1.0],
                [1.0, 0.0, -0.0, 0.0, -0.0, 1.0, -0.000689, 0.05, 0.0, 0.000689, 1.0, -0.0, 0.0, 0.0, 0.0, 1.0],
                [1.0, 0.0, -0.0, 0.0, -0.0, 1.0, -0.000689, 0.05, 0.0, 0.000689, 1.0, -0.0, 0.0, 0.0, 0.0, 1.0],
                [1.0, 0.0, -0.0, 0.0, -0.0, 1.0, -0.000689, 0.05, 0.0, 0.000689, 1.0, -0.0, 0.0, 0.0, 0.0, 1.0]
            ]
        },
        {
            "name": "Chest",
            "time": [0.0, 0.0833, 0.1667, 0.25, 0.3333, 0.4167, 0.5, 0.5833, 0.6667, 0.75, 0.8333, 0.9167, 1.0, 1.0833, 1.1667, 1.25, 1.3333],
            "transform": [
                [0.983473, 0.138371, -0.116762, -0.0, -0.038198, 0.788967, 0.613246, 0.3, 0.176977, -0.598651, 0.781214, -0.0, 0.0, 0.0, 0.0, 1.0],
                [0.98347, 0.138276, -0.116906, 0.0, -0.038178, 0.789468, 0.612602, 0.3, 0.177002, -0.598013, 0.781697, 0.0, 0.0, 0.0, 0.0, 1.0],
                [0.98346, 0.138023, -0.117284, -0.0, -0.038127, 0.790782, 0.610909, 0.3, 0.177066, -0.596333, 0.782965, 0.0, 0.0, 0.0, 0.0, 1.0],
                [0.983447, 0.137668, -0.117814, -0.0, -0.038056, 0.792622, 0.608524, 0.3, 0.177156, -0.593967, 0.784741, 0.0, 0.0, 0.0, 0.0, 1.0],
                [0.983431, 0.137261, -0.118416, -0.0, -0.037974, 0.794706, 0.605806, 0.3, 0.17726, -0.591272, 0.786751, 0.0, 0.0, 0.0, 0.0, 1.0],
                [0.983416, 0.136858, -0.119008, 0.0, -0.037895, 0.796752, 0.603117, 0.3, 0.177361, -0.588606, 0.788725, -0.0, 0.0, 0.0, 0.0, 1.0],
                [0.983403, 0.136514, -0.119511, 0.0, -0.037827, 0.798486, 0.600824, 0.3, 0.177449, -0.586331, 0.790397, -0.0, 0.0, 0.0, 0.0, 1.0],
                [0.983394, 0.136284, -0.119845, 0.0, -0.037782, 0.799637, 0.599294, 0.3, 0.177506, -0.584814, 0.791507, 0.0, 0.0, 0.0, 0.0, 1.0],
                [0.983391, 0.136219, -0.119938, 0.0, -0.03777, 0.799956, 0.598869, 0.3, 0.177523, -0.584392, 0.791815, 0.0, 0.0, 0.0, 0.0, 1.0],
                [0.983394, 0.136284, -0.119845, 0.0, -0.037782, 0.799637, 0.599294, 0.3, 0.177506, -0.584814, 0.791507, 0.0, 0.0, 0.0, 0.0, 1.0],
                [0.983403, 0.136514, -0.119511, 0.0, -0.037827, 0.798486, 0.600824, 0.3, 0.177448, -0.586331, 0.790397, 0.0, 0.0, 0.0, 0.0, 1.0],
                [0.983416, 0.136858, -0.119008, 0.0, -0.037895, 0.796752, 0.603117, 0.3, 0.177361, -0.588605, 0.788725, 0.0, 0.0, 0.0, 0.0, 1.0],
                [0.983431, 0.137261, -0.118416, 0.0, -0.037974, 0.794706, 0.605806, 0.3, 0.177259, -0.591272, 0.786751, -0.0, 0.0, 0.0, 0.0, 1.0],
                [0.983447, 0.137668, -0.117814, 0.0, -0.038056, 0.792622, 0.608524, 0.3, 0.177156, -0.593967, 0.784741, -0.0, 0.0, 0.0, 0.0, 1.0],
                [0.98346, 0.138024, -0.117284, 0.0, -0.038127, 0.790782, 0.610909, 0.3, 0.177066, -0.596333, 0.782965, 0.0, 0.0, 0.0, 0.0, 1.0],
                [0.98347, 0.138276, -0.116906, 0.0, -0.038178, 0.789468, 0.612602, 0.3, 0.177002, -0.598013, 0.781697, 0.0, 0.0, 0.0, 0.0, 1.0],
                [0.983473, 0.138371, -0.116762, 0.0, -0.038198, 0.788967, 0.613246, 0.3, 0.176977, -0.598651, 0.781214, 0.0, 0.0, 0.0, 0.0, 1.0]
            ]
        },
        {
            "name": "Head",
            "time": [0.0, 0.0833, 0.1667, 0.25, 0.3333, 0.4167, 0.5, 0.5833, 0.6667, 0.75, 0.8333, 0.9167, 1.0, 1.0833, 1.1667, 1.25, 1.3333],
            "transform": [
                [0.722331, -0.115157, 0.681892, -0.0, 0.322521, 0.928333, -0.184873, 0.4, -0.611733, 0.353464, 0.707705, -0.0, 0.0, 0.0, 0.0, 1.0],
                [0.722366, -0.115266, 0.681837, -0.0, 0.322759, 0.92822, -0.185026, 0.4, -0.611567, 0.353725, 0.707717, -0.0, 0.0, 0.0, 0.0, 1.0],
                [0.722456, -0.115554, 0.681692, -0.0, 0.323385, 0.927921, -0.185431, 0.4, -0.611129, 0.354415, 0.707751, -0.0, 0.0, 0.0, 0.0, 1.0],
                [0.722583, -0.11596, 0.681488, -0.0, 0.32427, 0.927498, -0.186003, 0.4, -0.61051, 0.355389, 0.707797, 0.0, 0.0, 0.0, 0.0, 1.0],
                [0.722729, -0.116426, 0.681255, -0.0, 0.325283, 0.927011, -0.18666, 0.4, -0.609798, 0.356505, 0.707849, 0.0, 0.0, 0.0, 0.0, 1.0],
                [0.722874, -0.116893, 0.681021, 0.0, 0.326295, 0.926523, -0.187316, 0.4, -0.609086, 0.35762, 0.7079, 0.0, 0.0, 0.0, 0.0, 1.0],
                [0.722999, -0.1173, 0.680818, 0.0, 0.327178, 0.926095, -0.187889, 0.4, -0.608463, 0.358592, 0.707944, 0.0, 0.0, 0.0, 0.0, 1.0],
                [0.723088, -0.117588, 0.680674, -0.0, 0.327801, 0.925792, -0.188294, 0.4, -0.608022, 0.359279, 0.707975, 0.0, 0.0, 0.0, 0.0, 1.0],
                [0.723121, -0.117698, 0.680619, 0.0, 0.328038, 0.925677, -0.188448, 0.4, -0.607854, 0.35954, 0.707986, -0.0, 0.0, 0.0, 0.0, 1.0],
                [0.723098, -0.117623, 0.680657, -0.0, 0.327876, 0.925756, -0.188343, 0.4, -0.607969, 0.359361, 0.707978, 0.0, 0.0, 0.0, 0.0, 1.0],
                [0.723016, -0.117354, 0.680791, -0.0, 0.327294, 0.926039, -0.187964, 0.4, -0.608381, 0.35872, 0.70795, 0.0, 0.0, 0.0, 0.0, 1.0],
                [0.722891, -0.11695, 0.680993, 0.0, 0.326418, 0.926463, -0.187396, 0.4, -0.608999, 0.357755, 0.707906, 0.0, 0.0, 0.0, 0.0, 1.0],
                [0.722744, -0.116475, 0.68123, -0.0, 0.325389, 0.92696, -0.186728, 0.4, -0.609724, 0.356622, 0.707854, -0.0, 0.0, 0.0, 0.0, 1.0],
                [0.722594, -0.115995, 0.681471, -0.0, 0.324345, 0.927462, -0.186052, 0.4, -0.610457, 0.355471, 0.707801, -0.0, 0.0, 0.0, 0.0, 1.0],
                [0.722462, -0.115572, 0.681683, 0.0, 0.323425, 0.927902, -0.185457, 0.4, -0.611102, 0.354459, 0.707753, 0.0, 0.0, 0.0, 0.0, 1.0],
                [0.722368, -0.115272, 0.681834, -0.0, 0.322771, 0.928214, -0.185034, 0.4, -0.611559, 0.353738, 0.707718, -0.0, 0.0, 0.0, 0.0, 1.0],
                [0.722331, -0.115157, 0.681892, -0.0, 0.322521, 0.928333, -0.184873, 0.4, -0.611733, 0.353464, 0.707705, 0.0, 0.0, 0.0, 0.0, 1.0]
            ]
        },
        {
            "name": "Shoulder_R",
            "time": [0.0, 0.0833, 0.1667, 0.25, 0.3333, 0.4167, 0.5, 0.5833, 0.6667, 0.75, 0.8333, 0.9167, 1.0, 1.0833, 1.1667, 1.25, 1.3333],
            "transform": [
                [0.0, 0.952114, 0.305743, -0.0, -0.0, -0.305743, 0.952114, 0.4, 1.0, 0.0, -0.0, -0.0, 0.0, 0.0, 0.0, 1.0],
                [0.0, 0.952114, 0.305743, -0.0, 0.0, -0.305743, 0.952114, 0.4, 1.0, 0.0, -0.0, -0.0, 0.0, 0.0, 0.0, 1.0],
                [0.0, 0.952114, 0.305743, -0.0, -0.0, -0.305743, 0.952114, 0.4, 1.0, 0.0, -0.0, -0.0, 0.0, 0.0, 0.0, 1.0],
                [0.0, 0.952114, 0.305743, -0.0, 0.0, -0.305743, 0.952114, 0.4, 1.0, -0.0, -0.0, 0.0, 0.0, 0.0, 0.0, 1.0],
                [0.0, 0.952114, 0.305743, -0.0, 0.0, -0.305743, 0.952114, 0.4, 1.0, -0.0, -0.0, 0.0, 0.0, 0.0, 0.0, 1.0],
                [0.0, 0.952114, 0.305743, 0.0, 0.0, -0.305743, 0.952114, 0.4, 1.0, -0.0, -0.0, 0.0, 0.0, 0.0, 0.0, 1.0],
                [0.0, 0.952114, 0.305743, 0.0, 0.0, -0.305743, 0.952114, 0.4, 1.0, -0.0, 0.0, 0.0, 0.0, 0.0, 0.0, 1.0],
                [0.0, 0.952114, 0.305743, -0.0, -0.0, -0.305743, 0.952114, 0.4, 1.0, 0.0, -0.0, 0.0, 0.0, 0.0, 0.0, 1.0],
                [0.0, 0.952114, 0.305743, 0.0, 0.0, -0.305743, 0.952114, 0.4, 1.0, 0.0, -0.0, -0.0, 0.0, 0.0, 0.0, 1.0],
                [0.0, 0.952114, 0.305743, -0.0, 0.0, -0.305743, 0.952114, 0.4, 1.0, -0.0, -0.0, 0.0, 0.0, 0.0, 0.0, 1.0],
                [0.0, 0.952114, 0.305743, -0.0, 0.0, -0.305743, 0.952114, 0.4, 1.0, -0.0, -0.0, 0.0, 0.0, 0.0, 0.0, 1.0],
                [0.0, 0.952114, 0.305743, 0.0, -0.0, -0.305743, 0.952114, 0.4, 1.0, -0.0, -0.0, 0.0, 0.0, 0.0, 0.0, 1.0],
                [0.0, 0.952114, 0.305743, -0.0, 0.0, -0.305743, 0.952114, 0.4, 1.0, -0.0, -0.0, -0.0, 0.0, 0.0, 0.0, 1.0],
                [0.0, 0.952114, 0.305743, -0.0, -0.0, -0.305743, 0.952114, 0.4, 1.0, 0.0, -0.0, -0.0, 0.0, 0.0, 0.0, 1.0],
                [0.0, 0.952114, 0.305743, 0.0, 0.0, -0.305743, 0.952114, 0.4, 1.0, -0.0, -0.0, 0.0, 0.0, 0.0, 0.0, 1.0],
                [0.0, 0.952114, 0.305743, -0.0, 0.0, -0.305743, 0.952114, 0.4, 1.0, 0.0, -0.0, -0.0, 0.0, 0.0, 0.0, 1.0],
                [0.0, 0.952114, 0.305743, -0.0, 0.0, -0.305743, 0.952114, 0.4, 1.0, 0.0, -0.0, 0.0, 0.0, 0.0, 0.0, 1.0]
            ]
        },
        {
            "name": "Arm_R",
            "time": [0.0, 0.0833, 0.1667, 0.25, 0.3333, 0.4167, 0.5, 0.5833, 0.6667, 0.75, 0.8333, 0.9167, 1.0, 1.0833, 1.1667, 1.25, 1.3333],
            "transform": [
                [0.226954, -0.285154, 0.931225, 0.0, 0.948522, 0.281602, -0.144939, 0.393861, -0.220906, 0.916181, 0.334386, 0.0, 0.0, 0.0, 0.0, 1.0],
                [0.227227, -0.286546, 0.930732, 0.0, 0.94854, 0.281564, -0.144889, 0.39386, -0.220544, 0.915759, 0.33578, 0.0, 0.0, 0.0, 0.0, 1.0],
                [0.227942, -0.290197, 0.929425, -0.0, 0.948589, 0.281469, -0.144758, 0.39386, -0.219596, 0.914638, 0.339436, 0.0, 0.0, 0.0, 0.0, 1.0],
                [0.228941, -0.295318, 0.927563, -0.0, 0.948656, 0.281337, -0.144575, 0.39386, -0.218262, 0.913038, 0.344565, 0.0, 0.0, 0.0, 0.0, 1.0],
                [0.230068, -0.301123, 0.925417, -0.0, 0.948732, 0.281188, -0.144369, 0.393861, -0.216743, 0.911186, 0.350377, -0.0, 0.0, 0.0, 0.0, 1.0],
                [0.231172, -0.306834, 0.923262, -0.0, 0.948805, 0.281039, -0.144168, 0.393861, -0.215237, 0.909324, 0.356095, 0.0, 0.0, 0.0, 0.0, 1.0],
                [0.232104, -0.311681, 0.921403, -0.0, 0.948869, 0.280912, -0.144, 0.39386, -0.213951, 0.907715, 0.360945, 0.0, 0.0, 0.0, 0.0, 1.0],
                [0.232722, -0.314901, 0.920152, -0.0, 0.94891, 0.28083, -0.143888, 0.393861, -0.213096, 0.906627, 0.364169, 0.0, 0.0, 0.0, 0.0, 1.0],
                [0.232893, -0.315795, 0.919802, -0.0, 0.948922, 0.280807, -0.143857, 0.393861, -0.212858, 0.906323, 0.365063, -0.0, 0.0, 0.0, 0.0, 1.0],
                [0.232722, -0.314902, 0.920152, -0.0, 0.94891, 0.280829, -0.143888, 0.393861, -0.213095, 0.906628, 0.36417, 0.0, 0.0, 0.0, 0.0, 1.0],
                [0.232104, -0.311681, 0.921403, -0.0, 0.948869, 0.280911, -0.144001, 0.393861, -0.21395, 0.907715, 0.360946, 0.0, 0.0, 0.0, 0.0, 1.0],
                [0.231172, -0.306834, 0.923263, -0.0, 0.948807, 0.281037, -0.14417, 0.39386, -0.215235, 0.909325, 0.356094, 0.0, 0.0, 0.0, 0.0, 1.0],
                [0.230068, -0.301123, 0.925416, -0.0, 0.948731, 0.281187, -0.144369, 0.393861, -0.216743, 0.911186, 0.350377, -0.0, 0.0, 0.0, 0.0, 1.0],
                [0.228941, -0.295319, 0.927564, -0.0, 0.948656, 0.281336, -0.144575, 0.393861, -0.218262, 0.913038, 0.344565, 0.0, 0.0, 0.0, 0.0, 1.0],
                [0.227942, -0.290197, 0.929424, -0.0, 0.948589, 0.281469, -0.144759, 0.393861, -0.219596, 0.914638, 0.339437, 0.0, 0.0, 0.0, 0.0, 1.0],
                [0.227227, -0.286547, 0.930731, -0.0, 0.94854, 0.281564, -0.144889, 0.39386, -0.220543, 0.915758, 0.335781, 0.0, 0.0, 0.0, 0.0, 1.0],
                [0.226954, -0.285154, 0.931225, 0.0, 0.948522, 0.281603, -0.144939, 0.393861, -0.220906, 0.916181, 0.334386, -0.0, 0.0, 0.0, 0.0, 1.0]
            ]
        },
        {
            "name": "Hand_R",
            "time": [0.0, 0.0833, 0.1667, 0.25, 0.3333, 0.4167, 0.5, 0.5833, 0.6667, 0.75, 0.8333, 0.9167, 1.0, 1.0833, 1.1667, 1.25, 1.3333],
            "transform": [
                [1.0, -6e-06, 6e-06, 0.0, 6e-06, 0.055931, -0.998436, 0.300003, 6e-06, 0.998434, 0.055931, 0.0, 0.0, 0.0, 0.0, 1.0],
                [1.0, -3e-06, 3e-06, 0.0, 3e-06, 0.055452, -0.998462, 0.300003, 3e-06, 0.99846, 0.055452, 0.0, 0.0, 0.0, 0.0, 1.0],
                [1.0, -3e-06, 3e-06, -0.0, 3e-06, 0.054204, -0.998531, 0.300003, 3e-06, 0.998529, 0.054203, -0.0, 0.0, 0.0, 0.0, 1.0],
                [0.999999, -3e-06, 3e-06, -0.0, 4e-06, 0.052465, -0.998623, 0.300003, 3e-06, 0.998623, 0.052465, 0.0, 0.0, 0.0, 0.0, 1.0],
                [1.0, -6e-06, 6e-06, 0.0, 6e-06, 0.050514, -0.998724, 0.300003, 6e-06, 0.998723, 0.050514, -0.0, 0.0, 0.0, 0.0, 1.0],
                [1.0, -5e-06, 5e-06, 0.0, 5e-06, 0.048618, -0.998817, 0.300003, 5e-06, 0.998818, 0.048618, 0.0, 0.0, 0.0, 0.0, 1.0],
                [0.999999, -3e-06, 3e-06, 0.0, 3e-06, 0.047027, -0.998893, 0.300003, 3e-06, 0.998893, 0.047027, -0.0, 0.0, 0.0, 0.0, 1.0],
                [0.999999, -6e-06, 5e-06, 0.0, 6e-06, 0.045977, -0.998944, 0.300002, 5e-06, 0.998942, 0.045977, 0.0, 0.0, 0.0, 0.0, 1.0],
                [1.0, -6e-06, 6e-06, -0.0, 6e-06, 0.045687, -0.998957, 0.300003, 6e-06, 0.998956, 0.045687, -0.0, 0.0, 0.0, 0.0, 1.0],
                [1.0, -3e-06, 3e-06, -0.0, 3e-06, 0.045976, -0.998944, 0.300003, 2e-06, 0.998942, 0.045976, -0.0, 0.0, 0.0, 0.0, 1.0],
                [0.999999, -1e-06, 1e-06, -0.0, 1e-06, 0.047026, -0.998894, 0.300003, 1e-06, 0.998893, 0.047026, -0.0, 0.0, 0.0, 0.0, 1.0],
                [1.0, -2e-06, 2e-06, 0.0, 2e-06, 0.048621, -0.998818, 0.300003, 2e-06, 0.998817, 0.048621, -0.0, 0.0, 0.0, 0.0, 1.0],
                [1.0, -6e-06, 6e-06, -0.0, 6e-06, 0.050515, -0.998723, 0.300003, 6e-06, 0.998724, 0.050515, -0.0, 0.0, 0.0, 0.0, 1.0],
                [0.999999, -3e-06, 2e-06, 0.0, 3e-06, 0.052464, -0.998622, 0.300003, 2e-06, 0.998623, 0.052464, -0.0, 0.0, 0.0, 0.0, 1.0],
                [1.0, -2e-06, 2e-06, 0.0, 2e-06, 0.054203, -0.99853, 0.300003, 2e-06, 0.99853, 0.054202, 0.0, 0.0, 0.0, 0.0, 1.0],
                [1.0, -3e-06, 2e-06, -0.0, 3e-06, 0.055452, -0.998462, 0.300002, 2e-06, 0.998461, 0.055452, 0.0, 0.0, 0.0, 0.0, 1.0],
                [1.0, -6e-06, 6e-06, -0.0, 6e-06, 0.055931, -0.998436, 0.300003, 6e-06, 0.998434, 0.055931, 0.0, 0.0, 0.0, 0.0, 1.0]
            ]
        },
        {
            "name": "Tool_R",
            "time": [0.0, 0.6667, 1.3333],
            "transform": [
                [0.95508, 0.275562, -0.109032, 0.0, 0.276879, -0.9609, -0.003171, 0.271711, -0.105642, -0.02716, -0.994034, -0.028915, 0.0, 0.0, 0.0, 1.0],
                [0.953878, 0.280834, -0.106062, -0.0, 0.278838, -0.959754, -0.033514, 0.271711, -0.111206, 0.002394, -0.993795, -0.028915, 0.0, 0.0, 0.0, 1.0],
                [0.95508, 0.275562, -0.109032, -0.0, 0.276879, -0.9609, -0.003171, 0.271711, -0.105642, -0.02716, -0.994034, -0.028915, 0.0, 0.0, 0.0, 1.0]
            ]
        },
        {
            "name": "Elbow_R",
            "time": [0.0, 1.3333],
            "transform": [
                [-1.0, 0.0, -0.0, -0.0, 0.0, 0.003946, -0.999992, 0.441153, -0.0, -0.999993, -0.003946, -0.000695, 0.0, 0.0, 0.0, 1.0],
                [-1.0, 0.0, -0.0, -0.0, 0.0, 0.003946, -0.999992, 0.441153, -0.0, -0.999993, -0.003946, -0.000695, 0.0, 0.0, 0.0, 1.0]
            ]
        },
        {
            "name": "Shoulder_L",
            "time": [0.0, 0.0833, 0.1667, 0.25, 0.3333, 0.4167, 0.5, 0.5833, 0.6667, 0.75, 0.8333, 0.9167, 1.0, 1.0833, 1.1667, 1.25, 1.3333],
            "transform": [
                [-0.0, -0.952114, -0.305743, -0.0, 0.0, -0.305743, 0.952114, 0.4, -1.0, 0.0, 0.0, -0.0, 0.0, 0.0, 0.0, 1.0],
                [-0.0, -0.952114, -0.305743, -0.0, 0.0, -0.305743, 0.952114, 0.4, -1.0, 0.0, 0.0, -0.0, 0.0, 0.0, 0.0, 1.0],
                [-0.0, -0.952114, -0.305743, -0.0, 0.0, -0.305743, 0.952114, 0.4, -1.0, -0.0, 0.0, -0.0, 0.0, 0.0, 0.0, 1.0],
                [-0.0, -0.952114, -0.305743, -0.0, 0.0, -0.305743, 0.952114, 0.4, -1.0, 0.0, 0.0, 0.0, 0.0, 0.0, 0.0, 1.0],
                [-0.0, -0.952114, -0.305743, -0.0, 0.0, -0.305743, 0.952114, 0.4, -1.0, 0.0, 0.0, 0.0, 0.0, 0.0, 0.0, 1.0],
                [-0.0, -0.952114, -0.305743, 0.0, 0.0, -0.305743, 0.952114, 0.4, -1.0, 0.0, 0.0, 0.0, 0.0, 0.0, 0.0, 1.0],
                [-0.0, -0.952114, -0.305743, 0.0, 0.0, -0.305743, 0.952114, 0.4, -1.0, -0.0, 0.0, 0.0, 0.0, 0.0, 0.0, 1.0],
                [-0.0, -0.952114, -0.305744, -0.0, 0.0, -0.305743, 0.952114, 0.4, -1.0, 0.0, 0.0, 0.0, 0.0, 0.0, 0.0, 1.0],
                [-0.0, -0.952114, -0.305743, 0.0, 0.0, -0.305743, 0.952114, 0.4, -1.0, 0.0, 0.0, -0.0, 0.0, 0.0, 0.0, 1.0],
                [-0.0, -0.952114, -0.305744, -0.0, 0.0, -0.305743, 0.952114, 0.4, -1.0, 0.0, 0.0, 0.0, 0.0, 0.0, 0.0, 1.0],
                [-0.0, -0.952114, -0.305743, -0.0, 0.0, -0.305743, 0.952114, 0.4, -1.0, -0.0, 0.0, 0.0, 0.0, 0.0, 0.0, 1.0],
                [-0.0, -0.952114, -0.305743, 0.0, 0.0, -0.305743, 0.952114, 0.4, -1.0, -0.0, 0.0, 0.0, 0.0, 0.0, 0.0, 1.0],
                [-0.0, -0.952114, -0.305743, -0.0, 0.0, -0.305743, 0.952114, 0.4, -1.0, 0.0, 0.0, -0.0, 0.0, 0.0, 0.0, 1.0],
                [-0.0, -0.952114, -0.305744, -0.0, 0.0, -0.305743, 0.952114, 0.4, -1.0, 0.0, 0.0, -0.0, 0.0, 0.0, 0.0, 1.0],
                [-0.0, -0.952114, -0.305743, 0.0, 0.0, -0.305743, 0.952114, 0.4, -1.0, 0.0, 0.0, 0.0, 0.0, 0.0, 0.0, 1.0],
                [-0.0, -0.952114, -0.305743, -0.0, 0.0, -0.305743, 0.952114, 0.4, -1.0, 0.0, 0.0, -0.0, 0.0, 0.0, 0.0, 1.0],
                [0.0, -0.952114, -0.305743, -0.0, 0.0, -0.305743, 0.952114, 0.4, -1.0, 0.0, 0.0, 0.0, 0.0, 0.0, 0.0, 1.0]
            ]
        },
        {
            "name": "Arm_L",
            "time": [0.0, 0.0833, 0.1667, 0.25, 0.3333, 0.4167, 0.5, 0.5833, 0.6667, 0.75, 0.8333, 0.9167, 1.0, 1.0833, 1.1667, 1.25, 1.3333],
            "transform": [
                [-0.228123, 0.653564, 0.721674, -0.0, -0.848094, 0.23068, -0.476995, 0.39386, -0.478223, -0.720859, 0.50166, -0.0, 0.0, 0.0, 0.0, 1.0],
                [-0.228158, 0.652595, 0.72254, 0.0, -0.848114, 0.231254, -0.476679, 0.39386, -0.478169, -0.721554, 0.500713, 0.0, 0.0, 0.0, 0.0, 1.0],
                [-0.22825, 0.650039, 0.724811, -0.0, -0.84817, 0.232761, -0.475847, 0.39386, -0.478027, -0.723374, 0.498216, -0.0, 0.0, 0.0, 0.0, 1.0],
                [-0.228379, 0.646424, 0.727997, -0.0, -0.848247, 0.234881, -0.474665, 0.39386, -0.477828, -0.725923, 0.494686, -0.0, 0.0, 0.0, 0.0, 1.0],
                [-0.228523, 0.642281, 0.731609, -0.0, -0.848335, 0.237295, -0.473305, 0.39386, -0.477603, -0.72881, 0.490642, -0.0, 0.0, 0.0, 0.0, 1.0],
                [-0.228663, 0.638147, 0.735175, -0.0, -0.848421, 0.23969, -0.471942, 0.39386, -0.477383, -0.731652, 0.48661, -0.0, 0.0, 0.0, 0.0, 1.0],
                [-0.228775, 0.634566, 0.738233, 0.0, -0.848494, 0.241758, -0.470754, 0.39386, -0.477199, -0.734082, 0.483118, -0.0, 0.0, 0.0, 0.0, 1.0],
                [-0.228838, 0.632089, 0.740336, 0.0, -0.848543, 0.243197, -0.469925, 0.39386, -0.477082, -0.735742, 0.480702, -0.0, 0.0, 0.0, 0.0, 1.0],
                [-0.228835, 0.631247, 0.741054, -0.0, -0.848557, 0.243713, -0.469632, 0.39386, -0.477059, -0.736294, 0.479879, -0.0, 0.0, 0.0, 0.0, 1.0],
                [-0.228838, 0.632089, 0.740336, -0.0, -0.848543, 0.243197, -0.469925, 0.39386, -0.477082, -0.735742, 0.480702, -0.0, 0.0, 0.0, 0.0, 1.0],
                [-0.228775, 0.634566, 0.738233, 0.0, -0.848494, 0.241758, -0.470754, 0.39386, -0.477199, -0.734082, 0.483118, -0.0, 0.0, 0.0, 0.0, 1.0],
                [-0.228663, 0.638147, 0.735175, 0.0, -0.848421, 0.239689, -0.471942, 0.39386, -0.477383, -0.731652, 0.48661, -0.0, 0.0, 0.0, 0.0, 1.0],
                [-0.228523, 0.642281, 0.731609, 0.0, -0.848335, 0.237295, -0.473305, 0.39386, -0.477603, -0.72881, 0.490643, 0.0, 0.0, 0.0, 0.0, 1.0],
                [-0.228379, 0.646424, 0.727997, -0.0, -0.848247, 0.234881, -0.474665, 0.39386, -0.477828, -0.725923, 0.494686, -0.0, 0.0, 0.0, 0.0, 1.0],
                [-0.22825, 0.650039, 0.724812, 0.0, -0.84817, 0.232761, -0.475847, 0.39386, -0.478027, -0.723374, 0.498216, -0.0, 0.0, 0.0, 0.0, 1.0],
                [-0.228159, 0.652595, 0.72254, -0.0, -0.848114, 0.231254, -0.47668, 0.39386, -0.47817, -0.721553, 0.500713, -0.0, 0.0, 0.0, 0.0, 1.0],
                [-0.228124, 0.653565, 0.721674, -0.0, -0.848093, 0.230681, -0.476995, 0.39386, -0.478223, -0.720859, 0.50166, 0.0, 0.0, 0.0, 0.0, 1.0]
            ]
        },
        {
            "name": "Hand_L",
            "time": [0.0, 0.0833, 0.1667, 0.25, 0.3333, 0.4167, 0.5, 0.5833, 0.6667, 0.75, 0.8333, 0.9167, 1.0, 1.0833, 1.1667, 1.25, 1.3333],
            "transform": [
                [1.0, 0.0, 0.0, -0.0, -0.0, 1.0, -0.000995, 0.300003, -0.0, 0.000995, 1.0, 0.0, 0.0, 0.0, 0.0, 1.0],
                [1.0, 0.0, -0.0, 0.0, 0.0, 0.999999, -0.000995, 0.300002, -0.0, 0.000995, 1.0, 0.0, 0.0, 0.0, 0.0, 1.0],
                [1.0, -0.0, 0.0, -0.0, 0.0, 0.999999, -0.000995, 0.300003, -0.0, 0.000995, 1.0, -0.0, 0.0, 0.0, 0.0, 1.0],
                [1.0, -0.0, 0.0, 0.0, -0.0, 0.999999, -0.000995, 0.300003, -0.0, 0.000995, 0.999999, 0.0, 0.0, 0.0, 0.0, 1.0],
                [1.0, 0.0, 0.0, -0.0, 0.0, 0.999999, -0.000995, 0.300003, -0.0, 0.000995, 1.0, -0.0, 0.0, 0.0, 0.0, 1.0],
                [1.0, 0.0, 0.0, -0.0, 0.0, 1.0, -0.000995, 0.300003, -0.0, 0.000995, 0.999999, 0.0, 0.0, 0.0, 0.0, 1.0],
                [1.0, -0.0, 0.0, 0.0, -0.0, 1.0, -0.000995, 0.300003, -0.0, 0.000995, 0.999999, 0.0, 0.0, 0.0, 0.0, 1.0],
                [1.0, 0.0, 0.0, 0.0, 0.0, 1.0, -0.000995, 0.300003, -0.0, 0.000995, 1.0, 0.0, 0.0, 0.0, 0.0, 1.0],
                [1.0, -0.0, 0.0, -0.0, 0.0, 1.0, -0.000995, 0.300002, -0.0, 0.000995, 0.999999, 0.0, 0.0, 0.0, 0.0, 1.0],
                [1.0, 0.0, 0.0, -0.0, -0.0, 1.0, -0.000995, 0.300002, -0.0, 0.000995, 0.999999, 0.0, 0.0, 0.0, 0.0, 1.0],
                [1.000001, -0.0, 0.0, -0.0, 0.0, 1.0, -0.000995, 0.300003, -0.0, 0.000995, 1.0, -0.0, 0.0, 0.0, 0.0, 1.0],
                [1.000001, 0.0, 0.0, 0.0, -0.0, 1.0, -0.000995, 0.300002, -0.0, 0.000995, 0.999999, 0.0, 0.0, 0.0, 0.0, 1.0],
                [1.0, 0.0, 0.0, -0.0, 0.0, 0.999999, -0.000995, 0.300003, -0.0, 0.000995, 1.0, 0.0, 0.0, 0.0, 0.0, 1.0],
                [1.0, -0.0, 0.0, -0.0, -0.0, 1.0, -0.000995, 0.300003, -0.0, 0.000995, 1.0, 0.0, 0.0, 0.0, 0.0, 1.0],
                [1.0, 0.0, 0.0, -0.0, -0.0, 1.0, -0.000995, 0.300003, -0.0, 0.000995, 0.999999, 0.0, 0.0, 0.0, 0.0, 1.0],
                [1.0, 0.0, 0.0, -0.0, -0.0, 1.0, -0.000995, 0.300003, -0.0, 0.000995, 1.0, -0.0, 0.0, 0.0, 0.0, 1.0],
                [1.0, -0.0, 0.0, -0.0, -0.0, 1.0, -0.000995, 0.300002, -0.0, 0.000995, 1.0, -0.0, 0.0, 0.0, 0.0, 1.0]
            ]
        },
        {
            "name": "Tool_L",
            "time": [0.0, 1.3333],
            "transform": [
                [1.0, -0.0, 0.0, 0.0, -0.0, -0.999559, -0.029689, 0.271711, 0.0, 0.029689, -0.99956, -0.028915, 0.0, 0.0, 0.0, 1.0],
                [1.0, -0.0, 0.0, 0.0, 0.0, -0.999559, -0.029689, 0.271711, 0.0, 0.029689, -0.99956, -0.028915, 0.0, 0.0, 0.0, 1.0]
            ]
        },
        {
            "name": "Elbow_L",
            "time": [0.0, 1.3333],
            "transform": [
                [-1.0, 0.0, -0.0, 0.0, 0.0, 0.003946, -0.999992, 0.300007, -0.0, -0.999993, -0.003946, -0.001252, 0.0, 0.0, 0.0, 1.0],
                [-1.0, 0.0, -0.0, 0.0, 0.0, 0.003946, -0.999992, 0.300007, -0.0, -0.999993, -0.003946, -0.001252, 0.0, 0.0, 0.0, 1.0]
            ]
        }
    ]
}