{
    "animation": [
        {
            "name": "Root",
            "time": [0.0, 0.05, 0.1, 0.15, 0.2, 0.25, 0.3, 0.35, 0.4, 0.45, 0.5, 0.55, 0.6],
            "transform": [
                [0.931522, 0.083792, -0.353902, 0.014877, -0.363497, 0.245862, -0.898567, -0.087847, 0.011718, 0.965676, 0.259484, 0.612774, 0.0, 0.0, 0.0, 1.0],
                [0.950027, 0.076887, -0.302549, 0.014877, -0.312135, 0.247655, -0.91719, -0.087847, 0.004407, 0.965793, 0.259279, 0.645872, 0.0, 0.0, 0.0, 1.0],
                [0.98394, 0.059034, -0.168455, 0.014877, -0.177951, 0.250491, -0.951624, -0.087847, -0.013982, 0.966317, 0.256973, 0.694246, 0.0, 0.0, 0.0, 1.0],
                [0.999294, 0.035242, 0.013057, 0.014877, 0.003818, 0.250413, -0.968132, -0.087847, -0.037389, 0.967497, 0.250101, 0.694246, 0.0, 0.0, 0.0, 1.0],
                [0.980862, 0.011893, 0.194339, 0.014877, 0.185509, 0.246007, -0.95135, -0.087847, -0.059123, 0.969195, 0.239092, 0.664071, 0.0, 0.0, 0.0, 1.0],
                [0.944679, -0.00504, 0.327958, 0.014877, 0.31953, 0.239862, -0.916715, -0.087847, -0.074044, 0.970794, 0.228203, 0.62937, 0.0, 0.0, 0.0, 1.0],
                [0.925304, -0.011448, 0.379054, 0.014877, 0.370804, 0.236803, -0.898014, -0.087847, -0.079481, 0.97149, 0.22336, 0.612774, 0.0, 0.0, 0.0, 1.0],
                [0.944679, -0.00504, 0.327958, 0.014877, 0.31953, 0.239862, -0.916715, -0.087847, -0.074044, 0.970794, 0.228203, 0.642115, 0.0, 0.0, 0.0, 1.0],
                [0.980862, 0.011893, 0.194339, 0.014877, 0.185509, 0.246007, -0.95135, -0.087847, -0.059123, 0.969195, 0.239093, 0.684996, 0.0, 0.0, 0.0, 1.0],
                [0.999294, 0.035242, 0.013056, 0.014877, 0.003818, 0.250413, -0.968132, -0.087847, -0.037389, 0.967497, 0.250101, 0.684996, 0.0, 0.0, 0.0, 1.0],
                [0.98394, 0.059034, -0.168455, 0.014877, -0.177951, 0.250491, -0.951624, -0.087847, -0.013982, 0.966317, 0.256973, 0.658248, 0.0, 0.0, 0.0, 1.0],
                [0.950027, 0.076887, -0.302549, 0.014877, -0.312135, 0.247655, -0.917191, -0.087847, 0.004407, 0.965793, 0.259278, 0.627486, 0.0, 0.0, 0.0, 1.0],
                [0.931522, 0.083792, -0.353902, 0.014877, -0.363497, 0.245862, -0.898567, -0.087847, 0.011718, 0.965676, 0.259484, 0.612774, 0.0, 0.0, 0.0, 1.0]
            ]
        },
        {
            "name": "Thigh_R",
            "time": [0.0, 0.05, 0.1, 0.15, 0.2, 0.25, 0.3, 0.35, 0.4, 0.45, 0.5, 0.55, 0.6],
            "transform": [
                [0.956793, 0.172805, -0.233851, 0.124994, 0.146168, -0.98108, -0.126936, -0.002831, -0.251363, 0.087269, -0.963951, -1.2e-05, 0.0, 0.0, 0.0, 1.0],
                [0.969894, 0.081707, -0.229411, 0.124994, 0.119244, -0.980714, 0.154843, -0.002831, -0.212336, -0.177537, -0.960935, -1.2e-05, 0.0, 0.0, 0.0, 1.0],
                [0.992295, -0.023956, -0.121558, 0.124994, 0.068575, -0.710943, 0.699898, -0.00283, -0.103188, -0.702839, -0.703824, -1.2e-05, 0.0, 0.0, 0.0, 1.0],
                [0.99796, 0.050946, -0.038485, 0.124994, 0.041233, -0.054029, 0.997688, -0.002831, 0.048749, -0.997238, -0.056019, -1.2e-05, 0.0, 0.0, 0.0, 1.0],
                [0.974984, 0.183911, -0.12483, 0.124994, 0.097235, 0.152119, 0.983568, -0.002831, 0.199878, -0.971099, 0.130431, -1.2e-05, 0.0, 0.0, 0.0, 1.0],
                [0.93454, 0.335295, -0.119212, 0.124994, 0.168758, -0.122644, 0.977998, -0.002831, 0.313298, -0.934094, -0.1712, -1.2e-05, 0.0, 0.0, 0.0, 1.0],
                [0.92408, 0.382179, -0.003791, 0.124994, 0.125974, -0.2952, 0.947095, -0.002831, 0.360841, -0.875667, -0.320933, -1.2e-05, 0.0, 0.0, 0.0, 1.0],
                [0.947984, 0.291098, 0.128791, 0.124994, 0.027568, -0.478161, 0.877839, -0.002831, 0.317121, -0.828625, -0.461314, -1.2e-05, 0.0, 0.0, 0.0, 1.0],
                [0.979186, 0.150759, 0.135896, 0.124994, 0.009096, -0.701465, 0.712645, -0.002831, 0.202764, -0.696574, -0.688237, -1.2e-05, 0.0, 0.0, 0.0, 1.0],
                [0.998508, 0.044078, 0.032257, 0.124994, 0.023113, -0.876057, 0.481651, -0.002831, 0.049489, -0.480186, -0.875769, -1.2e-05, 0.0, 0.0, 0.0, 1.0],
                [0.9928, 0.039344, -0.113134, 0.124994, 0.06221, -0.976503, 0.206324, -0.002831, -0.102359, -0.211876, -0.971922, -1.2e-05, 0.0, 0.0, 0.0, 1.0],
                [0.970959, 0.122365, -0.205582, 0.124994, 0.111488, -0.991718, -0.06373, -0.002831, -0.211678, 0.038959, -0.976563, -1.2e-05, 0.0, 0.0, 0.0, 1.0],
                [0.956792, 0.172805, -0.233852, 0.124994, 0.146168, -0.98108, -0.126935, -0.002831, -0.251363, 0.087269, -0.963951, -1.2e-05, 0.0, 0.0, 0.0, 1.0]
            ]
        },
        {
            "name": "Leg_R",
            "time": [0.0, 0.05, 0.1, 0.15, 0.2, 0.25, 0.3, 0.35, 0.4, 0.45, 0.5, 0.55, 0.6],
            "transform": [
                [1.0, -1e-06, 1e-06, 0.0, -0.0, 0.695228, 0.71879, 0.374726, -1e-06, -0.718795, 0.695221, 0.0, 0.0, 0.0, 0.0, 1.0],
                [1.0, -1e-06, 1e-06, -0.0, -0.0, 0.386804, 0.922161, 0.374726, -1e-06, -0.922163, 0.386801, 0.0, 0.0, 0.0, 0.0, 1.0],
                [1.0, -1e-06, 0.0, -0.0, -0.0, -0.150473, 0.988613, 0.374726, -1e-06, -0.988615, -0.150472, -0.0, 0.0, 0.0, 0.0, 1.0],
                [1.0, -1e-06, 0.0, 0.0, -0.0, -0.295745, 0.955267, 0.374726, -1e-06, -0.955268, -0.295743, -0.0, 0.0, 0.0, 0.0, 1.0],
                [1.0, -1e-06, 0.0, 0.0, -0.0, 0.26148, 0.965208, 0.374726, -1e-06, -0.96521, 0.261478, -0.0, 0.0, 0.0, 0.0, 1.0],
                [1.0, -0.0, 1e-06, -0.0, -0.0, 0.825772, 0.564008, 0.374726, -1e-06, -0.564011, 0.825765, -0.0, 0.0, 0.0, 0.0, 1.0],
                [1.0, -0.0, 1e-06, -0.0, -0.0, 0.746206, 0.665717, 0.374726, -1e-06, -0.66572, 0.7462, -0.0, 0.0, 0.0, 0.0, 1.0],
                [1.0, -1e-06, 1e-06, -0.0, -0.0, 0.621801, 0.783176, 0.374726, -1e-06, -0.783179, 0.621796, -0.0, 0.0, 0.0, 0.0, 1.0],
                [1.000001, -1e-06, 1e-06, 0.0, -0.0, 0.611227, 0.791456, 0.374726, -1e-06, -0.791458, 0.611222, -0.0, 0.0, 0.0, 0.0, 1.0],
                [1.0, -1e-06, 1e-06, 0.0, -0.0, 0.639984, 0.768389, 0.374726, -1e-06, -0.768391, 0.639979, 0.0, 0.0, 0.0, 0.0, 1.0],
                [1.0, -1e-06, 1e-06, 0.0, -0.0, 0.709654, 0.704552, 0.374726, -1e-06, -0.704554, 0.709649, -0.0, 0.0, 0.0, 0.0, 1.0],
                [1.0, -0.0, 1e-06, -0.0, -0.0, 0.802029, 0.597288, 0.374726, -1e-06, -0.597291, 0.802022, -0.0, 0.0, 0.0, 0.0, 1.0],
                [1.000001, -1e-06, 1e-06, -0.0, -0.0, 0.695228, 0.718791, 0.374726, -1e-06, -0.718795, 0.69522, -0.0, 0.0, 0.0, 0.0, 1.0]
            ]
        },
        {
            "name": "Knee_R",
            "time": [0.0, 0.6],
            "transform": [
                [1.0, 0.0, -0.0, -0.0, -0.0, 0.00567, -0.999984, 0.402786, -0.0, 0.999984, 0.00567, -0.000159, 0.0, 0.0, 0.0, 1.0],
                [1.0, 0.0, -0.0, -0.0, -0.0, 0.00567, -0.999984, 0.402786, -0.0, 0.999984, 0.00567, -0.000159, 0.0, 0.0, 0.0, 1.0]
            ]
        },
        {
            "name": "Thigh_L",
            "time": [0.0, 0.05, 0.1, 0.15, 0.2, 0.25, 0.3, 0.35, 0.4, 0.45, 0.5, 0.55, 0.6],
            "transform": [
                [0.926622, -0.348191, -0.141894, -0.125006, 0.02127, -0.328236, 0.944356, -0.002831, -0.375392, -0.878079, -0.296745, -1.2e-05, 0.0, 0.0, 0.0, 1.0],
                [0.944918, -0.262271, -0.195814, -0.125006, 0.02863, -0.529735, 0.847679, -0.002831, -0.326051, -0.806594, -0.493047, -1.2e-05, 0.0, 0.0, 0.0, 1.0],
                [0.979536, -0.102293, -0.173334, -0.125006, 0.011076, -0.832511, 0.553898, -0.00283, -0.200962, -0.544483, -0.814341, -1.2e-05, 0.0, 0.0, 0.0, 1.0],
                [0.998926, -0.034476, -0.030963, -0.125006, -0.028861, -0.985644, 0.166349, -0.002831, -0.036254, -0.165277, -0.985581, -1.2e-05, 0.0, 0.0, 0.0, 1.0],
                [0.988742, -0.103371, 0.108184, -0.125006, -0.084215, -0.982064, -0.168695, -0.002831, 0.123681, 0.157685, -0.979713, -1.2e-05, 0.0, 0.0, 0.0, 1.0],
                [0.961257, -0.204872, 0.184426, -0.125006, -0.140899, -0.940215, -0.310068, -0.002831, 0.236925, 0.272069, -0.932655, -1.2e-05, 0.0, 0.0, 0.0, 1.0],
                [0.941634, -0.236006, 0.240054, -0.125006, -0.191849, -0.962177, -0.193411, -0.002831, 0.27662, 0.136068, -0.951297, -1.2e-05, 0.0, 0.0, 0.0, 1.0],
                [0.956458, -0.111712, 0.269644, -0.125006, -0.169319, -0.964878, 0.200849, -0.002831, 0.237736, -0.237759, -0.941781, -1.2e-05, 0.0, 0.0, 0.0, 1.0],
                [0.987617, 0.045541, 0.150128, -0.125006, -0.093383, -0.598301, 0.795812, -0.002831, 0.126064, -0.799976, -0.586639, -1.2e-05, 0.0, 0.0, 0.0, 1.0],
                [0.99892, -0.038414, 0.026132, -0.125006, -0.028193, -0.05413, 0.998136, -0.002831, -0.036928, -0.997794, -0.055155, -1.2e-05, 0.0, 0.0, 0.0, 1.0],
                [0.979206, -0.20284, 0.003121, -0.125006, 0.006685, 0.04764, 0.998843, -0.00283, -0.202754, -0.978052, 0.048005, -1.2e-05, 0.0, 0.0, 0.0, 1.0],
                [0.944928, -0.325822, -0.030797, -0.125006, 0.00701, -0.07393, 0.997239, -0.002831, -0.327199, -0.942536, -0.067575, -1.2e-05, 0.0, 0.0, 0.0, 1.0],
                [0.926622, -0.348192, -0.141894, -0.125006, 0.02127, -0.328236, 0.944356, -0.002831, -0.375392, -0.878079, -0.296745, -1.2e-05, 0.0, 0.0, 0.0, 1.0]
            ]
        },
        {
            "name": "Leg_L",
            "time": [0.0, 0.05, 0.1, 0.15, 0.2, 0.25, 0.3, 0.35, 0.4, 0.45, 0.5, 0.55, 0.6],
            "transform": [
                [1.0, -0.0, 1e-06, -0.0, -0.0, 0.852536, 0.522669, 0.374726, -1e-06, -0.522669, 0.852535, 0.0, 0.0, 0.0, 0.0, 1.0],
                [1.0, -1e-06, 1e-06, -0.0, -0.0, 0.670942, 0.741509, 0.374726, -1e-06, -0.74151, 0.670942, 0.0, 0.0, 0.0, 0.0, 1.0],
                [1.0, -0.0, 1e-06, 0.0, -0.0, 0.719029, 0.69498, 0.374726, -1e-06, -0.69498, 0.719029, 0.0, 0.0, 0.0, 0.0, 1.0],
                [1.0, -0.0, 1e-06, -0.0, -0.0, 0.887333, 0.461129, 0.374726, -1e-06, -0.461129, 0.887332, 0.0, 0.0, 0.0, 0.0, 1.0],
                [1.0, -0.0, 1e-06, -0.0, -0.0, 0.97813, 0.207994, 0.374726, -1e-06, -0.207994, 0.978129, 0.0, 0.0, 0.0, 0.0, 1.0],
                [1.000001, -0.0, 1e-06, 0.0, -0.0, 0.973774, 0.227518, 0.374726, -1e-06, -0.227519, 0.973774, 0.0, 0.0, 0.0, 0.0, 1.0],
                [1.0, -0.0, 1e-06, 0.0, -0.0, 0.718602, 0.695422, 0.374726, -1e-06, -0.695422, 0.718601, -0.0, 0.0, 0.0, 0.0, 1.0],
                [1.000001, -1e-06, 0.0, -0.0, -0.0, 0.203509, 0.979074, 0.374726, -1e-06, -0.979073, 0.203509, 0.0, 0.0, 0.0, 0.0, 1.0],
                [1.0, -1e-06, 0.0, -0.0, -0.0, -0.207629, 0.978207, 0.374726, -1e-06, -0.978207, -0.207629, -0.0, 0.0, 0.0, 0.0, 1.0],
                [1.0, -1e-06, 0.0, 0.0, -0.0, -0.094044, 0.995568, 0.374726, -1e-06, -0.995568, -0.094044, -0.0, 0.0, 0.0, 0.0, 1.0],
                [1.0, -1e-06, 1e-06, 0.0, -0.0, 0.426108, 0.904673, 0.374726, -1e-06, -0.904672, 0.426107, -0.0, 0.0, 0.0, 0.0, 1.0],
                [1.0, -0.0, 1e-06, -0.0, -0.0, 0.756697, 0.653765, 0.374726, -1e-06, -0.653765, 0.756697, 0.0, 0.0, 0.0, 0.0, 1.0],
                [1.0, -0.0, 1e-06, -0.0, -0.0, 0.852536, 0.522669, 0.374726, -1e-06, -0.52267, 0.852535, 0.0, 0.0, 0.0, 0.0, 1.0]
            ]
        },
        {
            "name": "Knee_L",
            "time": [0.0, 0.6],
            "transform": [
                [1.0, 0.0, -0.0, 0.0, -0.0, 0.00567, -0.999984, 0.376306, -0.0, 0.999984, 0.00567, -9e-06, 0.0, 0.0, 0.0, 1.0],
                [1.0, 0.0, -0.0, -0.0, -0.0, 0.00567, -0.999984, 0.376306, -0.0, 0.999984, 0.00567, -9e-06, 0.0, 0.0, 0.0, 1.0]
            ]
        },
        {
            "name": "Torso",
            "time": [0.0, 0.05, 0.1, 0.15, 0.2, 0.25, 0.3, 0.35, 0.4, 0.45, 0.5, 0.55, 0.6],
            "transform": [
                [1.0, 0.0, -0.0, 0.0, 0.0, 1.0, -0.000689, 0.05, -0.0, 0.000689, 1.0, -0.0, 0.0, 0.0, 0.0, 1.0],
                [1.0, 0.0, -0.0, 0.0, -0.0, 1.0, -0.000689, 0.05, 0.0, 0.000689, 1.0, 0.0, 0.0, 0.0, 0.0, 1.0],
                [1.0, 0.0, -0.0, -0.0, 0.0, 1.0, -0.000689, 0.05, 0.0, 0.000689, 1.0, 0.0, 0.0, 0.0, 0.0, 1.0],
                [1.0, 0.0, 0.0, 0.0, 0.0, 1.0, -0.000689, 0.05, -0.0, 0.000689, 1.0, -0.0, 0.0, 0.0, 0.0, 1.0],
                [1.0, -0.0, -0.0, -0.0, -0.0, 1.0, -0.000689, 0.05, 0.0, 0.000689, 1.0, 0.0, 0.0, 0.0, 0.0, 1.0],
                [1.0, 0.0, 0.0, 0.0, 0.0, 1.0, -0.000689, 0.05, -0.0, 0.000689, 1.0, -0.0, 0.0, 0.0, 0.0, 1.0],
                [1.0, 0.0, -0.0, 0.0, -0.0, 1.0, -0.000689, 0.05, 0.0, 0.000689, 1.0, 0.0, 0.0, 0.0, 0.0, 1.0],
                [1.0, 0.0, -0.0, -0.0, -0.0, 1.0, -0.000689, 0.05, 0.0, 0.000689, 1.0, -0.0, 0.0, 0.0, 0.0, 1.0],
                [1.0, 0.0, -0.0, 0.0, -0.0, 1.0, -0.000689, 0.05, 0.0, 0.000689, 1.0, -0.0, 0.0, 0.0, 0.0, 1.0],
                [1.0, 0.0, 0.0, 0.0, 0.0, 1.0, -0.000689, 0.05, -0.0, 0.000689, 1.0, -0.0, 0.0, 0.0, 0.0, 1.0],
                [1.0, 0.0, -0.0, 0.0, 0.0, 1.0, -0.000689, 0.05, -0.0, 0.000689, 1.0, 0.0, 0.0, 0.0, 0.0, 1.0],
                [1.0, 0.0, -0.0, 0.0, -0.0, 1.0, -0.000689, 0.05, 0.0, 0.000689, 1.0, 0.0, 0.0, 0.0, 0.0, 1.0],
                [1.0, 0.0, -0.0, 0.0, -0.0, 1.0, -0.000689, 0.05, 0.0, 0.000689, 1.0, -0.0, 0.0, 0.0, 0.0, 1.0]
            ]
        },
        {
            "name": "Chest",
            "time": [0.0, 0.05, 0.1, 0.15, 0.2, 0.25, 0.3, 0.35, 0.4, 0.45, 0.5, 0.55, 0.6],
            "transform": [
                [0.968075, -0.1912, 0.16209, 0.0, 0.040552, 0.757598, 0.65146, 0.3, -0.247358, -0.624089, 0.741165, 0.0, 0.0, 0.0, 0.0, 1.0],
                [0.979692, -0.152147, 0.130595, 0.0, 0.031225, 0.759138, 0.65018, 0.3, -0.198062, -0.632898, 0.748473, -0.0, 0.0, 0.0, 0.0, 1.0],
                [0.997434, -0.05169, 0.049529, -0.0, 0.007263, 0.761351, 0.6483, 0.3, -0.07122, -0.646276, 0.759773, -0.0, 0.0, 0.0, 0.0, 1.0],
                [0.99497, 0.081585, -0.058121, 0.0, -0.024461, 0.760539, 0.648831, 0.3, 0.097139, -0.644146, 0.758709, -0.0, 0.0, 0.0, 0.0, 1.0],
                [0.963296, 0.212521, -0.163997, 0.0, -0.055554, 0.755526, 0.652758, 0.3, 0.262629, -0.619689, 0.739602, -0.0, 0.0, 0.0, 0.0, 1.0],
                [0.920224, 0.308108, -0.241366, -0.0, -0.078203, 0.748993, 0.657947, 0.3, 0.3835, -0.586583, 0.713336, -0.0, 0.0, 0.0, 0.0, 1.0],
                [0.898857, 0.344519, -0.270857, -0.0, -0.086818, 0.745789, 0.660501, 0.3, 0.429557, -0.57018, 0.700268, -0.0, 0.0, 0.0, 0.0, 1.0],
                [0.920224, 0.308108, -0.241366, -0.0, -0.078203, 0.748993, 0.657947, 0.3, 0.3835, -0.586583, 0.713336, 0.0, 0.0, 0.0, 0.0, 1.0],
                [0.963296, 0.212521, -0.163997, -0.0, -0.055554, 0.755526, 0.652758, 0.3, 0.262629, -0.619689, 0.739602, 0.0, 0.0, 0.0, 0.0, 1.0],
                [0.99497, 0.081585, -0.058122, -0.0, -0.024461, 0.760539, 0.648831, 0.3, 0.097139, -0.644146, 0.758709, -0.0, 0.0, 0.0, 0.0, 1.0],
                [0.997434, -0.05169, 0.049529, -0.0, 0.007263, 0.761351, 0.6483, 0.3, -0.07122, -0.646276, 0.759773, 0.0, 0.0, 0.0, 0.0, 1.0],
                [0.979692, -0.152147, 0.130595, -0.0, 0.031225, 0.759138, 0.65018, 0.3, -0.198062, -0.632898, 0.748472, 0.0, 0.0, 0.0, 0.0, 1.0],
                [0.968075, -0.1912, 0.16209, 0.0, 0.040552, 0.757598, 0.65146, 0.3, -0.247358, -0.624089, 0.741165, 0.0, 0.0, 0.0, 0.0, 1.0]
            ]
        },
        {
            "name": "Head",
            "time": [0.0, 0.05, 0.1, 0.15, 0.2, 0.25, 0.3, 0.35, 0.4, 0.45, 0.5, 0.55, 0.6],
            "transform": [
                [0.995276, -0.081063, 0.053435, -0.0, 0.096854, 0.790601, -0.604623, 0.4, 0.006767, 0.606942, 0.794717, -0.0, 0.0, 0.0, 0.0, 1.0],
                [0.995451, -0.078281, 0.05432, 0.0, 0.095182, 0.790865, -0.604544, 0.4, 0.004365, 0.606964, 0.794718, 0.0, 0.0, 0.0, 0.0, 1.0],
                [0.99585, -0.071324, 0.056533, 0.0, 0.090997, 0.791504, -0.604351, 0.4, -0.001641, 0.606988, 0.79471, 0.0, 0.0, 0.0, 0.0, 1.0],
                [0.996289, -0.062277, 0.059411, 0.0, 0.08555, 0.792292, -0.604115, 0.4, -0.009449, 0.606956, 0.794679, -0.0, 0.0, 0.0, 0.0, 1.0],
                [0.996638, -0.053225, 0.062291, -0.0, 0.080095, 0.79303, -0.603895, 0.4, -0.017256, 0.606854, 0.794627, -0.0, 0.0, 0.0, 0.0, 1.0],
                [0.996845, -0.046261, 0.064506, 0.0, 0.075895, 0.793564, -0.603736, 0.4, -0.02326, 0.606726, 0.79457, -0.0, 0.0, 0.0, 0.0, 1.0],
                [0.996912, -0.043474, 0.065392, -0.0, 0.074213, 0.793769, -0.603675, 0.4, -0.025662, 0.606664, 0.794544, 0.0, 0.0, 0.0, 0.0, 1.0],
                [0.996845, -0.046261, 0.064506, 0.0, 0.075895, 0.793564, -0.603736, 0.4, -0.02326, 0.606726, 0.79457, -0.0, 0.0, 0.0, 0.0, 1.0],
                [0.996638, -0.053225, 0.062291, 0.0, 0.080095, 0.79303, -0.603895, 0.4, -0.017256, 0.606853, 0.794626, 0.0, 0.0, 0.0, 0.0, 1.0],
                [0.996289, -0.062277, 0.059411, -0.0, 0.08555, 0.792292, -0.604115, 0.4, -0.009449, 0.606956, 0.794679, 0.0, 0.0, 0.0, 0.0, 1.0],
                [0.99585, -0.071324, 0.056533, 0.0, 0.090997, 0.791504, -0.604351, 0.4, -0.001641, 0.606988, 0.794709, -0.0, 0.0, 0.0, 0.0, 1.0],
                [0.995451, -0.078281, 0.05432, -0.0, 0.095182, 0.790865, -0.604544, 0.4, 0.004365, 0.606964, 0.794718, -0.0, 0.0, 0.0, 0.0, 1.0],
                [0.995276, -0.081063, 0.053435, -0.0, 0.096854, 0.790601, -0.604623, 0.4, 0.006767, 0.606942, 0.794717, -0.0, 0.0, 0.0, 0.0, 1.0]
            ]
        },
        {
            "name": "Shoulder_R",
            "time": [0.0, 0.05, 0.1, 0.15, 0.2, 0.25, 0.3, 0.35, 0.4, 0.45, 0.5, 0.55, 0.6],
            "transform": [
                [0.0, 0.952114, 0.305743, -0.0, 0.0, -0.305743, 0.952114, 0.4, 1.0, 0.0, -0.0, -0.0, 0.0, 0.0, 0.0, 1.0],
                [0.0, 0.952114, 0.305743, 0.0, 0.0, -0.305743, 0.952114, 0.4, 1.0, 0.0, -0.0, 0.0, 0.0, 0.0, 0.0, 1.0],
                [0.0, 0.952114, 0.305743, 0.0, 0.0, -0.305743, 0.952114, 0.4, 1.0, -0.0, -0.0, 0.0, 0.0, 0.0, 0.0, 1.0],
                [0.0, 0.952114, 0.305743, 0.0, 0.0, -0.305743, 0.952114, 0.4, 1.0, 0.0, -0.0, -0.0, 0.0, 0.0, 0.0, 1.0],
                [0.0, 0.952114, 0.305743, -0.0, 0.0, -0.305743, 0.952114, 0.4, 1.0, 0.0, -0.0, -0.0, 0.0, 0.0, 0.0, 1.0],
                [0.0, 0.952114, 0.305743, 0.0, 0.0, -0.305743, 0.952114, 0.4, 1.0, 0.0, -0.0, -0.0, 0.0, 0.0, 0.0, 1.0],
                [0.0, 0.952114, 0.305743, -0.0, 0.0, -0.305743, 0.952114, 0.4, 1.0, -0.0, -0.0, 0.0, 0.0, 0.0, 0.0, 1.0],
                [0.0, 0.952114, 0.305743, 0.0, 0.0, -0.305743, 0.952114, 0.4, 1.0, 0.0, -0.0, -0.0, 0.0, 0.0, 0.0, 1.0],
                [0.0, 0.952114, 0.305743, 0.0, 0.0, -0.305743, 0.952114, 0.4, 1.0, 0.0, -0.0, 0.0, 0.0, 0.0, 0.0, 1.0],
                [0.0, 0.952114, 0.305743, -0.0, 0.0, -0.305743, 0.952114, 0.4, 1.0, -0.0, -0.0, 0.0, 0.0, 0.0, 0.0, 1.0],
                [0.0, 0.952114, 0.305743, 0.0, 0.0, -0.305743, 0.952114, 0.4, 1.0, -0.0, -0.0, -0.0, 0.0, 0.0, 0.0, 1.0],
                [0.0, 0.952114, 0.305743, -0.0, 0.0, -0.305743, 0.952114, 0.4, 1.0, -0.0, -0.0, -0.0, 0.0, 0.0, 0.0, 1.0],
                [0.0, 0.952114, 0.305743, -0.0, 0.0, -0.305743, 0.952114, 0.4, 1.0, 0.0, -0.0, -0.0, 0.0, 0.0, 0.0, 1.0]
            ]
        },
        {
            "name": "Arm_R",
            "time": [0.0, 0.05, 0.1, 0.15, 0.2, 0.25, 0.3, 0.35, 0.4, 0.45, 0.5, 0.55, 0.6],
            "transform": [
                [0.165372, 0.163438, 0.972596, 0.0, 0.943093, 0.26227, -0.204429, 0.393861, -0.288495, 0.951054, -0.110764, -0.0, 0.0, 0.0, 0.0, 1.0],
                [0.180865, 0.082299, 0.98006, 0.0, 0.927142, 0.318234, -0.197823, 0.39386, -0.32817, 0.944434, -0.018745, -0.0, 0.0, 0.0, 0.0, 1.0],
                [0.210532, 0.037216, 0.976879, -0.0, 0.897415, 0.388959, -0.208225, 0.39386, -0.387715, 0.920504, 0.04849, 0.0, 0.0, 0.0, 0.0, 1.0],
                [0.229515, 0.098603, 0.968299, 0.0, 0.880602, 0.402705, -0.249737, 0.393861, -0.414565, 0.910004, 0.005597, 0.0, 0.0, 0.0, 0.0, 1.0],
                [0.237182, 0.180682, 0.954516, -0.0, 0.874751, 0.387658, -0.290743, 0.39386, -0.422558, 0.903923, -0.066106, 0.0, 0.0, 0.0, 0.0, 1.0],
                [0.233388, 0.196022, 0.952422, -0.0, 0.871437, 0.392407, -0.294306, 0.39386, -0.431428, 0.898662, -0.079237, 0.0, 0.0, 0.0, 0.0, 1.0],
                [0.228781, 0.187958, 0.955161, -0.0, 0.870457, 0.399799, -0.287166, 0.393861, -0.435848, 0.897125, -0.072143, 0.0, 0.0, 0.0, 0.0, 1.0],
                [0.228482, 0.107792, 0.967563, -0.0, 0.861394, 0.440725, -0.252511, 0.39386, -0.453648, 0.891147, 0.007847, -0.0, 0.0, 0.0, 0.0, 1.0],
                [0.234698, 0.071295, 0.969451, 0.0, 0.860556, 0.448559, -0.241324, 0.39386, -0.452062, 0.890906, 0.043923, 0.0, 0.0, 0.0, 0.0, 1.0],
                [0.227819, 0.119224, 0.966377, -0.0, 0.884073, 0.3906, -0.256606, 0.39386, -0.40806, 0.912807, -0.016417, -0.0, 0.0, 0.0, 0.0, 1.0],
                [0.204576, 0.157222, 0.966142, -0.0, 0.912756, 0.325899, -0.246306, 0.393861, -0.35359, 0.93224, -0.076834, 0.0, 0.0, 0.0, 0.0, 1.0],
                [0.178164, 0.167603, 0.969623, -0.0, 0.934808, 0.278838, -0.219966, 0.39386, -0.307234, 0.9456, -0.106997, 0.0, 0.0, 0.0, 0.0, 1.0],
                [0.165372, 0.163438, 0.972595, 0.0, 0.943093, 0.26227, -0.204429, 0.39386, -0.288495, 0.951054, -0.110765, 0.0, 0.0, 0.0, 0.0, 1.0]
            ]
        },
        {
            "name": "Hand_R",
            "time": [0.0, 0.05, 0.1, 0.15, 0.2, 0.25, 0.3, 0.35, 0.4, 0.45, 0.5, 0.55, 0.6],
            "transform": [
                [1.0, 6e-06, -5e-06, 0.0, -6e-06, 0.228353, -0.973579, 0.300002, -5e-06, 0.973578, 0.228354, 0.0, 0.0, 0.0, 0.0, 1.0],
                [1.0, 4e-06, -4e-06, -0.0, -4e-06, 0.076033, -0.997106, 0.300003, -4e-06, 0.997105, 0.076033, -0.0, 0.0, 0.0, 0.0, 1.0],
                [1.0, -3e-06, 3e-06, 0.0, 2e-06, -0.033457, -0.999442, 0.300003, 3e-06, 0.999439, -0.033457, 0.0, 0.0, 0.0, 0.0, 1.0],
                [1.0, -3e-06, 3e-06, -0.0, 3e-06, 0.050373, -0.998731, 0.300002, 3e-06, 0.99873, 0.050373, -0.0, 0.0, 0.0, 0.0, 1.0],
                [1.0, -3e-06, 2e-06, -0.0, 3e-06, 0.184466, -0.982839, 0.300002, 2e-06, 0.98284, 0.184466, 0.0, 0.0, 0.0, 0.0, 1.0],
                [0.999999, 3e-06, -3e-06, -0.0, -3e-06, 0.194101, -0.980981, 0.300002, -3e-06, 0.980982, 0.194101, -0.0, 0.0, 0.0, 0.0, 1.0],
                [1.0, -7e-06, 6e-06, 0.0, 7e-06, 0.170022, -0.985441, 0.300003, 6e-06, 0.985441, 0.170022, -0.0, 0.0, 0.0, 0.0, 1.0],
                [0.999999, -2e-06, 2e-06, -0.0, 2e-06, 0.027607, -0.999619, 0.300002, 2e-06, 0.999619, 0.027608, -0.0, 0.0, 0.0, 0.0, 1.0],
                [1.0, -1e-06, 1e-06, -0.0, 1e-06, -0.020214, -0.999796, 0.300002, 1e-06, 0.999795, -0.020214, 0.0, 0.0, 0.0, 0.0, 1.0],
                [1.0, -6e-06, 6e-06, -0.0, 6e-06, 0.085084, -0.996374, 0.300003, 5e-06, 0.996373, 0.085083, 0.0, 0.0, 0.0, 0.0, 1.0],
                [1.0, 2e-06, -1e-06, 0.0, -1e-06, 0.172487, -0.985012, 0.300003, -2e-06, 0.985012, 0.172487, -0.0, 0.0, 0.0, 0.0, 1.0],
                [1.0, -3e-06, 3e-06, 0.0, 3e-06, 0.220362, -0.975418, 0.300003, 3e-06, 0.975418, 0.220362, -0.0, 0.0, 0.0, 0.0, 1.0],
                [1.0, 6e-06, -5e-06, 0.0, -6e-06, 0.228354, -0.973579, 0.300003, -5e-06, 0.973578, 0.228354, 0.0, 0.0, 0.0, 0.0, 1.0]
            ]
        },
        {
            "name": "Tool_R",
            "time": [0.0, 0.6],
            "transform": [
                [0.647218, 0.757838, 0.082408, -0.0, 0.753617, -0.652368, 0.080494, 0.271711, 0.11476, 0.010007, -0.993342, -0.028915, 0.0, 0.0, 0.0, 1.0],
                [0.647218, 0.757838, 0.082407, -0.0, 0.753617, -0.652367, 0.080494, 0.271711, 0.11476, 0.010007, -0.993343, -0.028915, 0.0, 0.0, 0.0, 1.0]
            ]
        },
        {
            "name": "Elbow_R",
            "time": [0.0, 0.6],
            "transform": [
                [-1.0, 0.0, 0.0, -0.0, 0.0, 0.003946, -0.999992, 0.424808, -0.0, -0.999992, -0.003946, -0.00076, 0.0, 0.0, 0.0, 1.0],
                [-1.0, 0.0, 0.0, -0.0, 0.0, 0.003946, -0.999992, 0.424808, -0.0, -0.999992, -0.003946, -0.00076, 0.0, 0.0, 0.0, 1.0]
            ]
        },
        {
            "name": "Shoulder_L",
            "time": [0.0, 0.05, 0.1, 0.15, 0.2, 0.25, 0.3, 0.35, 0.4, 0.45, 0.5, 0.55, 0.6],
            "transform": [
                [-0.0, -0.952114, -0.305743, -0.0, 0.0, -0.305743, 0.952114, 0.4, -1.0, -0.0, 0.0, -0.0, 0.0, 0.0, 0.0, 1.0],
                [-0.0, -0.952114, -0.305743, 0.0, 0.0, -0.305743, 0.952114, 0.4, -1.0, 0.0, 0.0, 0.0, 0.0, 0.0, 0.0, 1.0],
                [-0.0, -0.952114, -0.305743, 0.0, 0.0, -0.305743, 0.952114, 0.4, -1.0, 0.0, 0.0, 0.0, 0.0, 0.0, 0.0, 1.0],
                [-0.0, -0.952114, -0.305743, 0.0, 0.0, -0.305743, 0.952114, 0.4, -1.0, 0.0, -0.0, -0.0, 0.0, 0.0, 0.0, 1.0],
                [-0.0, -0.952114, -0.305743, -0.0, -0.0, -0.305743, 0.952114, 0.4, -1.0, 0.0, 0.0, -0.0, 0.0, 0.0, 0.0, 1.0],
                [-0.0, -0.952114, -0.305743, 0.0, 0.0, -0.305743, 0.952114, 0.4, -1.0, 0.0, 0.0, -0.0, 0.0, 0.0, 0.0, 1.0],
                [-0.0, -0.952114, -0.305743, -0.0, 0.0, -0.305743, 0.952114, 0.4, -1.0, 0.0, 0.0, 0.0, 0.0, 0.0, 0.0, 1.0],
                [-0.0, -0.952114, -0.305743, 0.0, 0.0, -0.305743, 0.952114, 0.4, -1.0, 0.0, 0.0, -0.0, 0.0, 0.0, 0.0, 1.0],
                [-0.0, -0.952114, -0.305743, 0.0, 0.0, -0.305743, 0.952114, 0.4, -1.0, -0.0, 0.0, 0.0, 0.0, 0.0, 0.0, 1.0],
                [-0.0, -0.952114, -0.305743, -0.0, 0.0, -0.305743, 0.952114, 0.4, -1.0, -0.0, 0.0, 0.0, 0.0, 0.0, 0.0, 1.0],
                [-0.0, -0.952114, -0.305743, 0.0, 0.0, -0.305743, 0.952114, 0.4, -1.0, -0.0, 0.0, -0.0, 0.0, 0.0, 0.0, 1.0],
                [-0.0, -0.952114, -0.305743, -0.0, 0.0, -0.305743, 0.952114, 0.4, -1.0, -0.0, 0.0, -0.0, 0.0, 0.0, 0.0, 1.0],
                [-0.0, -0.952114, -0.305743, -0.0, 0.0, -0.305743, 0.952114, 0.4, -1.0, 0.0, 0.0, -0.0, 0.0, 0.0, 0.0, 1.0]
            ]
        },
        {
            "name": "Arm_L",
            "time": [0.0, 0.05, 0.1, 0.15, 0.2, 0.25, 0.3, 0.35, 0.4, 0.45, 0.5, 0.55, 0.6],
            "transform": [
                [0.168793, 0.527316, 0.832735, 0.0, -0.899873, 0.427163, -0.088093, 0.39386, -0.402167, -0.734484, 0.546619, 0.0, 0.0, 0.0, 0.0, 1.0],
                [0.017572, 0.571434, 0.82046, 0.0, -0.92086, 0.328914, -0.20936, 0.39386, -0.389497, -0.751849, 0.531991, 0.0, 0.0, 0.0, 0.0, 1.0],
                [-0.036571, 0.680064, 0.73224, 0.0, -0.925712, 0.252971, -0.28118, 0.39386, -0.376456, -0.688125, 0.620292, -0.0, 0.0, 0.0, 0.0, 1.0],
                [-0.103001, 0.825485, 0.554945, -0.0, -0.924506, 0.126391, -0.359601, 0.39386, -0.366986, -0.550088, 0.750148, -0.0, 0.0, 0.0, 0.0, 1.0],
                [-0.099846, 0.914902, 0.39113, 0.0, -0.92914, 0.054908, -0.365627, 0.39386, -0.35599, -0.399919, 0.844591, 0.0, 0.0, 0.0, 0.0, 1.0],
                [-0.102176, 0.951285, 0.290887, -0.0, -0.931767, 0.010887, -0.362893, 0.39386, -0.348381, -0.308117, 0.885265, -0.0, 0.0, 0.0, 0.0, 1.0],
                [-0.103573, 0.960342, 0.258872, 0.0, -0.932662, -0.003347, -0.360736, 0.39386, -0.345563, -0.278801, 0.896022, -0.0, 0.0, 0.0, 0.0, 1.0],
                [-0.014535, 0.947557, 0.319256, -0.0, -0.937218, 0.098354, -0.334586, 0.39386, -0.34844, -0.304075, 0.886639, 0.0, 0.0, 0.0, 0.0, 1.0],
                [0.102511, 0.890075, 0.444135, -0.0, -0.933758, 0.240017, -0.265491, 0.39386, -0.342907, -0.387498, 0.855721, 0.0, 0.0, 0.0, 0.0, 1.0],
                [0.204466, 0.778157, 0.593856, 0.0, -0.915891, 0.366181, -0.164481, 0.39386, -0.345451, -0.510275, 0.787579, -0.0, 0.0, 0.0, 0.0, 1.0],
                [0.235976, 0.63876, 0.732325, -0.0, -0.899808, 0.428209, -0.083556, 0.39386, -0.366962, -0.639234, 0.675809, -0.0, 0.0, 0.0, 0.0, 1.0],
                [0.216184, 0.544307, 0.810552, -0.0, -0.894377, 0.44338, -0.059201, 0.39386, -0.391607, -0.712139, 0.582667, -0.0, 0.0, 0.0, 0.0, 1.0],
                [0.168793, 0.527316, 0.832735, 0.0, -0.899872, 0.427163, -0.088093, 0.39386, -0.402166, -0.734484, 0.546619, 0.0, 0.0, 0.0, 0.0, 1.0]
            ]
        },
        {
            "name": "Hand_L",
            "time": [0.0, 0.05, 0.1, 0.15, 0.2, 0.25, 0.3, 0.35, 0.4, 0.45, 0.5, 0.55, 0.6],
            "transform": [
                [1.0, -0.0, 0.0, -0.0, -0.0, 1.0, -0.001001, 0.300002, -0.0, 0.001001, 0.999999, 0.0, 0.0, 0.0, 0.0, 1.0],
                [1.0, -0.0, 0.0, -0.0, 0.0, 1.0, -0.001001, 0.300003, -0.0, 0.001001, 1.0, -0.0, 0.0, 0.0, 0.0, 1.0],
                [1.0, -0.0, 0.0, 0.0, -0.0, 0.999999, -0.001, 0.300003, -0.0, 0.001, 0.999999, -0.0, 0.0, 0.0, 0.0, 1.0],
                [1.0, -0.0, 0.0, 0.0, -0.0, 1.0, -0.000997, 0.300002, -0.0, 0.000997, 1.0, -0.0, 0.0, 0.0, 0.0, 1.0],
                [1.000001, 0.0, 0.0, 0.0, -0.0, 0.999999, -0.000998, 0.300002, -0.0, 0.000998, 1.0, 0.0, 0.0, 0.0, 0.0, 1.0],
                [1.0, 0.0, 0.0, -0.0, 0.0, 1.0, -0.000999, 0.300003, -0.0, 0.001, 0.999999, 0.0, 0.0, 0.0, 0.0, 1.0],
                [1.0, 0.0, 0.0, 0.0, 0.0, 0.999999, -0.001, 0.300002, -0.0, 0.001, 1.0, 0.0, 0.0, 0.0, 0.0, 1.0],
                [1.0, -0.0, 0.0, 0.0, 0.0, 1.0, -0.001, 0.300003, -0.0, 0.001, 0.999999, 0.0, 0.0, 0.0, 0.0, 1.0],
                [1.0, 0.0, 0.0, 0.0, 0.0, 0.999999, -0.000998, 0.300002, -0.0, 0.000998, 0.999999, 0.0, 0.0, 0.0, 0.0, 1.0],
                [1.0, -0.0, 0.0, 0.0, 0.0, 0.999999, -0.000996, 0.300003, -0.0, 0.000996, 1.0, 0.0, 0.0, 0.0, 0.0, 1.0],
                [1.0, -0.0, 0.0, 0.0, 0.0, 0.999999, -0.000998, 0.300003, -0.0, 0.000998, 0.999999, -0.0, 0.0, 0.0, 0.0, 1.0],
                [1.0, 0.0, 0.0, 0.0, 0.0, 1.0, -0.001001, 0.300003, -0.0, 0.001001, 1.0, -0.0, 0.0, 0.0, 0.0, 1.0],
                [1.0, -0.0, 0.0, -0.0, 0.0, 1.0, -0.001001, 0.300003, -0.0, 0.001001, 1.0, -0.0, 0.0, 0.0, 0.0, 1.0]
            ]
        },
        {
            "name": "Tool_L",
            "time": [0.0, 0.6],
            "transform": [
                [1.0, 0.0, 0.0, 0.0, 0.0, -0.999559, -0.029689, 0.271711, 0.0, 0.029689, -0.99956, -0.028915, 0.0, 0.0, 0.0, 1.0],
                [1.0, 0.0, 0.0, 0.0, 0.0, -0.999559, -0.029689, 0.271711, 0.0, 0.029689, -0.99956, -0.028915, 0.0, 0.0, 0.0, 1.0]
            ]
        },
        {
            "name": "Elbow_L",
            "time": [0.0, 0.6],
            "transform": [
                [-1.0, 0.0, -0.0, 0.0, 0.0, 0.003946, -0.999992, 0.300008, -0.0, -0.999993, -0.003946, -0.001252, 0.0, 0.0, 0.0, 1.0],
                [-1.0, 0.0, -0.0, 0.0, 0.0, 0.003946, -0.999992, 0.300007, -0.0, -0.999992, -0.003946, -0.001252, 0.0, 0.0, 0.0, 1.0]
            ]
        }
    ]
}