{
    "animation": [
        {
            "name": "Root",
            "time": [0.0, 0.0833, 0.1667, 0.25, 0.3333, 0.4167, 0.5, 0.5833, 0.6667, 0.75, 0.8333, 0.9167, 1.0, 1.0833, 1.1667, 1.25, 1.3333, 1.4167, 1.5, 1.5833, 1.6667],
            "transform": [
                [0.550251, 0.056796, -0.833066, -5e-06, -0.831295, 0.131134, -0.540141, 0.000946, 0.078565, 0.989736, 0.119371, 0.567851, 0.0, 0.0, 0.0, 1.0],
                [0.553438, 0.056292, -0.830986, -5e-06, -0.829177, 0.131351, -0.543335, 0.000946, 0.078565, 0.989736, 0.119371, 0.567851, 0.0, 0.0, 0.0, 1.0],
                [0.562138, 0.054906, -0.825219, -5e-06, -0.823303, 0.131936, -0.552055, 0.000946, 0.078565, 0.989736, 0.119371, 0.567851, 0.0, 0.0, 0.0, 1.0],
                [0.575027, 0.052823, -0.816428, -5e-06, -0.814354, 0.132784, -0.564975, 0.000946, 0.078565, 0.989736, 0.119371, 0.567851, 0.0, 0.0, 0.0, 1.0],
                [0.59077, 0.050228, -0.805275, -5e-06, -0.803006, 0.133787, -0.58076, 0.000946, 0.078565, 0.989736, 0.119371, 0.567851, 0.0, 0.0, 0.0, 1.0],
                [0.608059, 0.047312, -0.792481, -5e-06, -0.789995, 0.134846, -0.598101, 0.000946, 0.078565, 0.989736, 0.119371, 0.567851, 0.0, 0.0, 0.0, 1.0],
                [0.625642, 0.044273, -0.778853, -5e-06, -0.776144, 0.135874, -0.615742, 0.000946, 0.078565, 0.989736, 0.119371, 0.567851, 0.0, 0.0, 0.0, 1.0],
                [0.64234, 0.041314, -0.765306, -5e-06, -0.762383, 0.136803, -0.632501, 0.000946, 0.078565, 0.989736, 0.119371, 0.567851, 0.0, 0.0, 0.0, 1.0],
                [0.657058, 0.038643, -0.752849, -5e-06, -0.749735, 0.137581, -0.647278, 0.000946, 0.078565, 0.989736, 0.119371, 0.567851, 0.0, 0.0, 0.0, 1.0],
                [0.668777, 0.036473, -0.742568, -5e-06, -0.7393, 0.138172, -0.659047, 0.000946, 0.078565, 0.989736, 0.119371, 0.567851, 0.0, 0.0, 0.0, 1.0],
                [0.676524, 0.035016, -0.735587, -5e-06, -0.732218, 0.138549, -0.66683, 0.000946, 0.078565, 0.989736, 0.119371, 0.567851, 0.0, 0.0, 0.0, 1.0],
                [0.67933, 0.034484, -0.733022, -5e-06, -0.729615, 0.138682, -0.669649, 0.000946, 0.078565, 0.989736, 0.119371, 0.567851, 0.0, 0.0, 0.0, 1.0],
                [0.67933, 0.034484, -0.733022, -5e-06, -0.729615, 0.138682, -0.669649, 0.000946, 0.078565, 0.989736, 0.119371, 0.567851, 0.0, 0.0, 0.0, 1.0],
                [0.67933, 0.034484, -0.733022, -5e-06, -0.729615, 0.138682, -0.669649, 0.000946, 0.078565, 0.989736, 0.119371, 0.567851, 0.0, 0.0, 0.0, 1.0],
                [0.67933, 0.034484, -0.733022, -5e-06, -0.729615, 0.138682, -0.669649, 0.000946, 0.078565, 0.989736, 0.119371, 0.567851, 0.0, 0.0, 0.0, 1.0],
                [0.67933, 0.034484, -0.733022, -5e-06, -0.729615, 0.138682, -0.669649, 0.000946, 0.078565, 0.989736, 0.119371, 0.567851, 0.0, 0.0, 0.0, 1.0],
                [0.67933, 0.034484, -0.733022, -5e-06, -0.729615, 0.138682, -0.669649, 0.000946, 0.078565, 0.989736, 0.119371, 0.567851, 0.0, 0.0, 0.0, 1.0],
                [0.660307, 0.038045, -0.750031, -5e-06, -0.746875, 0.137748, -0.650541, 0.000946, 0.078565, 0.989736, 0.119371, 0.567851, 0.0, 0.0, 0.0, 1.0],
                [0.616889, 0.045796, -0.785717, -5e-06, -0.783119, 0.135369, -0.60696, 0.000946, 0.078565, 0.989736, 0.119371, 0.567851, 0.0, 0.0, 0.0, 1.0],
                [0.571485, 0.053399, -0.818873, -5e-06, -0.816842, 0.132554, -0.561425, 0.000946, 0.078565, 0.989736, 0.119371, 0.567851, 0.0, 0.0, 0.0, 1.0],
                [0.550251, 0.056796, -0.833066, -5e-06, -0.831295, 0.131134, -0.540141, 0.000946, 0.078565, 0.989736, 0.119371, 0.567851, 0.0, 0.0, 0.0, 1.0]
            ]
        },
        {
            "name": "Thigh_R",
            "time": [0.0, 0.0833, 0.1667, 0.25, 0.3333, 0.4167, 0.5, 0.5833, 0.6667, 0.75, 0.8333, 0.9167, 1.0, 1.0833, 1.1667, 1.25, 1.3333, 1.4167, 1.5, 1.5833, 1.6667],
            "transform": [
                [0.898875, 0.37482, 0.227007, 0.124994, -0.030957, -0.462428, 0.886117, -0.002831, 0.437109, -0.803534, -0.404063, -1.2e-05, 0.0, 0.0, 0.0, 1.0],
                [0.89745, 0.377564, 0.228096, 0.124994, -0.030469, -0.462793, 0.885943, -0.002831, 0.440062, -0.802038, -0.403831, -1.2e-05, 0.0, 0.0, 0.0, 1.0],
                [0.89506, 0.383388, 0.227776, 0.124994, -0.026712, -0.463758, 0.88556, -0.002831, 0.445147, -0.798711, -0.40485, -1.2e-05, 0.0, 0.0, 0.0, 1.0],
                [0.894531, 0.388669, 0.220793, 0.124994, -0.016329, -0.465195, 0.885056, -0.002831, 0.446707, -0.795314, -0.409787, -1.2e-05, 0.0, 0.0, 0.0, 1.0],
                [0.898431, 0.38982, 0.202142, 0.124994, 0.003768, -0.467166, 0.884162, -0.002831, 0.439098, -0.793595, -0.421186, -1.2e-05, 0.0, 0.0, 0.0, 1.0],
                [0.909027, 0.38248, 0.165464, 0.124994, 0.037302, -0.470129, 0.881809, -0.002831, 0.415064, -0.795414, -0.441628, -1.2e-05, 0.0, 0.0, 0.0, 1.0],
                [0.92822, 0.358892, 0.097994, 0.124994, 0.091537, -0.475626, 0.874872, -0.002831, 0.360593, -0.803102, -0.474339, -1.2e-05, 0.0, 0.0, 0.0, 1.0],
                [0.945356, 0.325714, 0.014518, 0.124994, 0.153821, -0.484829, 0.860976, -0.002831, 0.287471, -0.811695, -0.508438, -1.2e-05, 0.0, 0.0, 0.0, 1.0],
                [0.954095, 0.292081, -0.06625, 0.124994, 0.210508, -0.496637, 0.842044, -0.002831, 0.213043, -0.817335, -0.535325, -1.2e-05, 0.0, 0.0, 0.0, 1.0],
                [0.955426, 0.263402, -0.133338, 0.124994, 0.254992, -0.508629, 0.822359, -0.002831, 0.148792, -0.819702, -0.553125, -1.2e-05, 0.0, 0.0, 0.0, 1.0],
                [0.952772, 0.239211, -0.187095, 0.124994, 0.288342, -0.5192, 0.804543, -0.002831, 0.095316, -0.820491, -0.563655, -1.2e-05, 0.0, 0.0, 0.0, 1.0],
                [0.948423, 0.217589, -0.230538, 0.124994, 0.312997, -0.527471, 0.789814, -0.002831, 0.050252, -0.821234, -0.568372, -1.2e-05, 0.0, 0.0, 0.0, 1.0],
                [0.943678, 0.199893, -0.263655, 0.124994, 0.330525, -0.53349, 0.77855, -0.002831, 0.014969, -0.821844, -0.569514, -1.2e-05, 0.0, 0.0, 0.0, 1.0],
                [0.940809, 0.191255, -0.279819, 0.124994, 0.338927, -0.536558, 0.772809, -0.002831, -0.002336, -0.821902, -0.569621, -1.2e-05, 0.0, 0.0, 0.0, 1.0],
                [0.942337, 0.195718, -0.271468, 0.124994, 0.334599, -0.534962, 0.775796, -0.002831, 0.006612, -0.821892, -0.569603, -1.2e-05, 0.0, 0.0, 0.0, 1.0],
                [0.947079, 0.211966, -0.241061, 0.124994, 0.318612, -0.529344, 0.786308, -0.002831, 0.039066, -0.821499, -0.568867, -1.2e-05, 0.0, 0.0, 0.0, 1.0],
                [0.952996, 0.247063, -0.17538, 0.124994, 0.282882, -0.518234, 0.807101, -0.002831, 0.108517, -0.818773, -0.563766, -1.2e-05, 0.0, 0.0, 0.0, 1.0],
                [0.954096, 0.29048, -0.072945, 0.124994, 0.21591, -0.498302, 0.839689, -0.002831, 0.207564, -0.816892, -0.538147, -1.2e-05, 0.0, 0.0, 0.0, 1.0],
                [0.94222, 0.33055, 0.05438, 0.124994, 0.116869, -0.476484, 0.871381, -0.002831, 0.313947, -0.814676, -0.487584, -1.2e-05, 0.0, 0.0, 0.0, 1.0],
                [0.915395, 0.362716, 0.174608, 0.124994, 0.015276, -0.464732, 0.885319, -0.002831, 0.402266, -0.807748, -0.430955, -1.2e-05, 0.0, 0.0, 0.0, 1.0],
                [0.898876, 0.37482, 0.227007, 0.124994, -0.030957, -0.462428, 0.886117, -0.002831, 0.437109, -0.803534, -0.404063, -1.2e-05, 0.0, 0.0, 0.0, 1.0]
            ]
        },
        {
            "name": "Leg_R",
            "time": [0.0, 0.0833, 0.1667, 0.25, 0.3333, 0.4167, 0.5, 0.5833, 0.6667, 0.75, 0.8333, 0.9167, 1.0, 1.0833, 1.1667, 1.25, 1.3333, 1.4167, 1.5, 1.5833, 1.6667],
            "transform": [
                [1.0, -1e-06, 1e-06, -0.0, -0.0, 0.594695, 0.803951, 0.374726, -1e-06, -0.803954, 0.594691, -0.0, 0.0, 0.0, 0.0, 1.0],
                [1.0, -1e-06, 1e-06, 0.0, -0.0, 0.593706, 0.804682, 0.374726, -1e-06, -0.804685, 0.593701, -0.0, 0.0, 0.0, 0.0, 1.0],
                [1.0, -1e-06, 1e-06, -0.0, -0.0, 0.591008, 0.806666, 0.374726, -1e-06, -0.806669, 0.591003, -0.0, 0.0, 0.0, 0.0, 1.0],
                [1.0, -1e-06, 1e-06, 0.0, -0.0, 0.587037, 0.80956, 0.374726, -1e-06, -0.809563, 0.587032, 0.0, 0.0, 0.0, 0.0, 1.0],
                [1.0, -1e-06, 1e-06, -0.0, -0.0, 0.582226, 0.813026, 0.374726, -1e-06, -0.813029, 0.582222, -0.0, 0.0, 0.0, 0.0, 1.0],
                [1.0, -1e-06, 1e-06, -0.0, -0.0, 0.576998, 0.816745, 0.374726, -1e-06, -0.816748, 0.576994, 0.0, 0.0, 0.0, 0.0, 1.0],
                [1.0, -1e-06, 1e-06, 0.0, -0.0, 0.571742, 0.820434, 0.374726, -1e-06, -0.820437, 0.571737, 0.0, 0.0, 0.0, 0.0, 1.0],
                [1.0, -1e-06, 1e-06, -0.0, -0.0, 0.566807, 0.823851, 0.374726, -1e-06, -0.823853, 0.566803, 0.0, 0.0, 0.0, 0.0, 1.0],
                [1.0, -1e-06, 1e-06, 0.0, -0.0, 0.562511, 0.82679, 0.374726, -1e-06, -0.826793, 0.562507, 0.0, 0.0, 0.0, 0.0, 1.0],
                [0.999999, -1e-06, 1e-06, 0.0, -0.0, 0.559127, 0.829082, 0.374726, -1e-06, -0.829085, 0.559122, 0.0, 0.0, 0.0, 0.0, 1.0],
                [1.0, -1e-06, 1e-06, 0.0, -0.0, 0.556906, 0.830575, 0.374726, -1e-06, -0.830578, 0.556902, 0.0, 0.0, 0.0, 0.0, 1.0],
                [1.0, -1e-06, 1e-06, 0.0, -0.0, 0.556105, 0.831112, 0.374726, -1e-06, -0.831114, 0.5561, -0.0, 0.0, 0.0, 0.0, 1.0],
                [1.000001, -1e-06, 1e-06, 0.0, -0.0, 0.556105, 0.831111, 0.374726, -1e-06, -0.831115, 0.556101, 0.0, 0.0, 0.0, 0.0, 1.0],
                [1.0, -1e-06, 1e-06, 0.0, -0.0, 0.556105, 0.831112, 0.374726, -1e-06, -0.831115, 0.5561, -0.0, 0.0, 0.0, 0.0, 1.0],
                [1.0, -1e-06, 1e-06, -0.0, -0.0, 0.556105, 0.831112, 0.374726, -1e-06, -0.831115, 0.5561, -0.0, 0.0, 0.0, 0.0, 1.0],
                [1.0, -1e-06, 1e-06, -0.0, -0.0, 0.556105, 0.831112, 0.374726, -1e-06, -0.831115, 0.556101, 0.0, 0.0, 0.0, 0.0, 1.0],
                [1.0, -1e-06, 1e-06, -0.0, -0.0, 0.556105, 0.831112, 0.374726, -1e-06, -0.831115, 0.5561, -0.0, 0.0, 0.0, 0.0, 1.0],
                [1.0, -1e-06, 1e-06, 0.0, -0.0, 0.561569, 0.82743, 0.374726, -1e-06, -0.827433, 0.561565, 0.0, 0.0, 0.0, 0.0, 1.0],
                [1.0, -1e-06, 1e-06, 0.0, -0.0, 0.57435, 0.818611, 0.374726, -1e-06, -0.818613, 0.574345, 0.0, 0.0, 0.0, 0.0, 1.0],
                [1.0, -1e-06, 1e-06, 0.0, -0.0, 0.588125, 0.80877, 0.374726, -1e-06, -0.808773, 0.588121, -0.0, 0.0, 0.0, 0.0, 1.0],
                [1.0, -1e-06, 1e-06, -0.0, -0.0, 0.594695, 0.803951, 0.374726, -1e-06, -0.803954, 0.594692, 0.0, 0.0, 0.0, 0.0, 1.0]
            ]
        },
        {
            "name": "Knee_R",
            "time": [0.0, 1.6667],
            "transform": [
                [1.0, 0.0, -0.0, 0.0, -0.0, 0.00567, -0.999984, 0.416635, -0.0, 0.999984, 0.00567, -0.000238, 0.0, 0.0, 0.0, 1.0],
                [1.0, 0.0, -0.0, -0.0, -0.0, 0.00567, -0.999984, 0.416635, -0.0, 0.999984, 0.00567, -0.000238, 0.0, 0.0, 0.0, 1.0]
            ]
        },
        {
            "name": "Thigh_L",
            "time": [0.0, 0.0833, 0.1667, 0.25, 0.3333, 0.4167, 0.5, 0.5833, 0.6667, 0.75, 0.8333, 0.9167, 1.0, 1.0833, 1.1667, 1.25, 1.3333, 1.4167, 1.5, 1.5833, 1.6667],
            "transform": [
                [0.886166, -0.456006, 0.082269, -0.125006, -0.453052, -0.889927, -0.052671, -0.002831, 0.097232, 0.009403, -0.995217, -1.2e-05, 0.0, 0.0, 0.0, 1.0],
                [0.884823, -0.457734, 0.086994, -0.125006, -0.455174, -0.889083, -0.048452, -0.002831, 0.099523, 0.003274, -0.99503, -1.2e-05, 0.0, 0.0, 0.0, 1.0],
                [0.880889, -0.463369, 0.096557, -0.125006, -0.462057, -0.886082, -0.036897, -0.002831, 0.102655, -0.012113, -0.994643, -1.2e-05, 0.0, 0.0, 0.0, 1.0],
                [0.874544, -0.473545, 0.104534, -0.125006, -0.474255, -0.880169, -0.019552, -0.002831, 0.101266, -0.032477, -0.994329, -1.2e-05, 0.0, 0.0, 0.0, 1.0],
                [0.866058, -0.488701, 0.105424, -0.125006, -0.491668, -0.870779, 0.002492, -0.002831, 0.090583, -0.053992, -0.994424, -1.2e-05, 0.0, 0.0, 0.0, 1.0],
                [0.855603, -0.508862, 0.094888, -0.125006, -0.513319, -0.857711, 0.028872, -0.002831, 0.066695, -0.073411, -0.995069, -1.2e-05, 0.0, 0.0, 0.0, 1.0],
                [0.842115, -0.534173, 0.074178, -0.125006, -0.538515, -0.84031, 0.062291, -0.002831, 0.029058, -0.092402, -0.995297, -1.2e-05, 0.0, 0.0, 0.0, 1.0],
                [0.825928, -0.561699, 0.048331, -0.125006, -0.563527, -0.819982, 0.100333, -0.002831, -0.016726, -0.110104, -0.993779, -1.2e-05, 0.0, 0.0, 0.0, 1.0],
                [0.808167, -0.588577, 0.021034, -0.125006, -0.585334, -0.798736, 0.139301, -0.002831, -0.065189, -0.12489, -0.990027, -1.2e-05, 0.0, 0.0, 0.0, 1.0],
                [0.790167, -0.612864, -0.005745, -0.125006, -0.602516, -0.778475, 0.175924, -0.002831, -0.11229, -0.135548, -0.984387, -1.2e-05, 0.0, 0.0, 0.0, 1.0],
                [0.773102, -0.633492, -0.031617, -0.125006, -0.614895, -0.760771, 0.207683, -0.002831, -0.155619, -0.141119, -0.977685, -1.2e-05, 0.0, 0.0, 0.0, 1.0],
                [0.757759, -0.650009, -0.057343, -0.125006, -0.622973, -0.746782, 0.232849, -0.002831, -0.194177, -0.14072, -0.97082, -1.2e-05, 0.0, 0.0, 0.0, 1.0],
                [0.745278, -0.662039, -0.079148, -0.125006, -0.627828, -0.736771, 0.250994, -0.002831, -0.224481, -0.137369, -0.964747, -1.2e-05, 0.0, 0.0, 0.0, 1.0],
                [0.736571, -0.669884, -0.093367, -0.125006, -0.630661, -0.730109, 0.26307, -0.002831, -0.244394, -0.134887, -0.960248, -1.2e-05, 0.0, 0.0, 0.0, 1.0],
                [0.733083, -0.672915, -0.09886, -0.125006, -0.631683, -0.727506, 0.267788, -0.002831, -0.25212, -0.133863, -0.958392, -1.2e-05, 0.0, 0.0, 0.0, 1.0],
                [0.766747, -0.640674, -0.040424, -0.125006, -0.618797, -0.754386, 0.219067, -0.002831, -0.170846, -0.142955, -0.974872, -1.2e-05, 0.0, 0.0, 0.0, 1.0],
                [0.783653, -0.621177, -0.005084, -0.125006, -0.608978, -0.769827, 0.191082, -0.002831, -0.12261, -0.146646, -0.981561, -1.2e-05, 0.0, 0.0, 0.0, 1.0],
                [0.797706, -0.603011, -0.006436, -0.125006, -0.594518, -0.788169, 0.159176, -0.002831, -0.101057, -0.123149, -0.987228, -1.2e-05, 0.0, 0.0, 0.0, 1.0],
                [0.83281, -0.553507, 0.007459, -0.125006, -0.552234, -0.829812, 0.080303, -0.002831, -0.038258, -0.070997, -0.996742, -1.2e-05, 0.0, 0.0, 0.0, 1.0],
                [0.87038, -0.489739, 0.050911, -0.125006, -0.489932, -0.871709, -0.009476, -0.002831, 0.04902, -0.016695, -0.998658, -1.2e-05, 0.0, 0.0, 0.0, 1.0],
                [0.886165, -0.456007, 0.082269, -0.125006, -0.453052, -0.889927, -0.052671, -0.002831, 0.097232, 0.009403, -0.995217, -1.2e-05, 0.0, 0.0, 0.0, 1.0]
            ]
        },
        {
            "name": "Leg_L",
            "time": [0.0, 0.0833, 0.1667, 0.25, 0.3333, 0.4167, 0.5, 0.5833, 0.6667, 0.75, 0.8333, 0.9167, 1.0, 1.0833, 1.1667, 1.25, 1.3333, 1.4167, 1.5, 1.5833, 1.6667],
            "transform": [
                [1.0, -1e-06, 1e-06, 0.0, -0.0, 0.639424, 0.768854, 0.374726, -1e-06, -0.768854, 0.639424, -0.0, 0.0, 0.0, 0.0, 1.0],
                [1.0, -1e-06, 1e-06, 0.0, -0.0, 0.630963, 0.775813, 0.374726, -1e-06, -0.775813, 0.630962, -0.0, 0.0, 0.0, 0.0, 1.0],
                [1.0, -1e-06, 1e-06, 0.0, -0.0, 0.610945, 0.791673, 0.374726, -1e-06, -0.791673, 0.610945, -0.0, 0.0, 0.0, 0.0, 1.0],
                [1.0, -1e-06, 1e-06, -0.0, -0.0, 0.587364, 0.809323, 0.374726, -1e-06, -0.809323, 0.587364, 0.0, 0.0, 0.0, 0.0, 1.0],
                [1.0, -1e-06, 1e-06, 0.0, -0.0, 0.567977, 0.823044, 0.374726, -1e-06, -0.823044, 0.567978, -0.0, 0.0, 0.0, 0.0, 1.0],
                [1.0, -1e-06, 1e-06, -0.0, -0.0, 0.558936, 0.829211, 0.374726, -1e-06, -0.829211, 0.558936, -0.0, 0.0, 0.0, 0.0, 1.0],
                [1.0, -1e-06, 1e-06, -0.0, -0.0, 0.552572, 0.833465, 0.374726, -1e-06, -0.833465, 0.552572, -0.0, 0.0, 0.0, 0.0, 1.0],
                [1.000001, -0.0, 0.0, -0.0, -0.0, 0.546597, 0.837396, 0.374726, -1e-06, -0.837396, 0.546596, 0.0, 0.0, 0.0, 0.0, 1.0],
                [1.0, -1e-06, 1e-06, -0.0, -0.0, 0.54139, 0.840772, 0.374726, -1e-06, -0.840772, 0.541389, -0.0, 0.0, 0.0, 0.0, 1.0],
                [1.0, -1e-06, 1e-06, 0.0, -0.0, 0.537286, 0.8434, 0.374726, -1e-06, -0.8434, 0.537285, -0.0, 0.0, 0.0, 0.0, 1.0],
                [1.0, -1e-06, 1e-06, 0.0, -0.0, 0.534593, 0.845109, 0.374726, -1e-06, -0.84511, 0.534593, 0.0, 0.0, 0.0, 0.0, 1.0],
                [1.0, -1e-06, 1e-06, 0.0, -0.0, 0.533622, 0.845723, 0.374726, -1e-06, -0.845723, 0.533621, 0.0, 0.0, 0.0, 0.0, 1.0],
                [1.0, -1e-06, 1e-06, -0.0, -0.0, 0.533623, 0.845723, 0.374726, -1e-06, -0.845723, 0.533622, 0.0, 0.0, 0.0, 0.0, 1.0],
                [1.0, -1e-06, 1e-06, 0.0, -0.0, 0.533622, 0.845723, 0.374726, -1e-06, -0.845723, 0.533622, 0.0, 0.0, 0.0, 0.0, 1.0],
                [1.0, -1e-06, 1e-06, -0.0, -0.0, 0.533622, 0.845723, 0.374726, -1e-06, -0.845723, 0.533621, 0.0, 0.0, 0.0, 0.0, 1.0],
                [1.0, -1e-06, 1e-06, 0.0, -0.0, 0.533623, 0.845722, 0.374726, -1e-06, -0.845723, 0.533622, 0.0, 0.0, 0.0, 0.0, 1.0],
                [1.0, -1e-06, 1e-06, -0.0, -0.0, 0.533621, 0.845723, 0.374726, -1e-06, -0.845724, 0.533621, 0.0, 0.0, 0.0, 0.0, 1.0],
                [1.0, -1e-06, 1e-06, 0.0, -0.0, 0.549352, 0.835591, 0.374726, -1e-06, -0.835591, 0.549352, -0.0, 0.0, 0.0, 0.0, 1.0],
                [1.0, -1e-06, 1e-06, 0.0, -0.0, 0.585028, 0.811013, 0.374726, -1e-06, -0.811013, 0.585028, -0.0, 0.0, 0.0, 0.0, 1.0],
                [1.0, -1e-06, 1e-06, -0.0, -0.0, 0.62212, 0.782922, 0.374726, -1e-06, -0.782922, 0.62212, -0.0, 0.0, 0.0, 0.0, 1.0],
                [1.0, -1e-06, 1e-06, 0.0, -0.0, 0.639424, 0.768854, 0.374726, -1e-06, -0.768854, 0.639424, -0.0, 0.0, 0.0, 0.0, 1.0]
            ]
        },
        {
            "name": "Knee_L",
            "time": [0.0, 1.6667],
            "transform": [
                [1.0, 0.0, -0.0, 0.0, -0.0, 0.00567, -0.999984, 0.410662, -0.0, 0.999984, 0.00567, -0.000204, 0.0, 0.0, 0.0, 1.0],
                [1.0, 0.0, -0.0, 0.0, -0.0, 0.00567, -0.999984, 0.410662, -0.0, 0.999984, 0.00567, -0.000204, 0.0, 0.0, 0.0, 1.0]
            ]
        },
        {
            "name": "Torso",
            "time": [0.0, 0.0833, 0.1667, 0.25, 0.3333, 0.4167, 0.5, 0.5833, 0.6667, 0.75, 0.8333, 0.9167, 1.0, 1.0833, 1.1667, 1.25, 1.3333, 1.4167, 1.5, 1.5833, 1.6667],
            "transform": [
                [1.0, 0.0, -0.0, 0.0, 0.0, 1.0, -0.000689, 0.05, 0.0, 0.000689, 1.0, -0.0, 0.0, 0.0, 0.0, 1.0],
                [1.0, 0.0, -0.0, 0.0, 0.0, 1.0, -0.000689, 0.05, -0.0, 0.000689, 1.0, -0.0, 0.0, 0.0, 0.0, 1.0],
                [1.0, 0.0, 0.0, 0.0, -0.0, 1.0, -0.000689, 0.05, 0.0, 0.000689, 1.0, -0.0, 0.0, 0.0, 0.0, 1.0],
                [1.0, 0.0, 0.0, -0.0, -0.0, 1.0, -0.000689, 0.05, -0.0, 0.000689, 1.0, -0.0, 0.0, 0.0, 0.0, 1.0],
                [1.0, 0.0, 0.0, -0.0, -0.0, 1.0, -0.000689, 0.05, 0.0, 0.000689, 1.0, -0.0, 0.0, 0.0, 0.0, 1.0],
                [1.0, -0.0, 0.0, -0.0, -0.0, 1.0, -0.000689, 0.05, 0.0, 0.000689, 1.0, -0.0, 0.0, 0.0, 0.0, 1.0],
                [1.0, 0.0, 0.0, -0.0, -0.0, 1.0, -0.000689, 0.05, 0.0, 0.000689, 1.0, -0.0, 0.0, 0.0, 0.0, 1.0],
                [1.0, -0.0, 0.0, -0.0, 0.0, 1.0, -0.000689, 0.05, -0.0, 0.000689, 1.0, 0.0, 0.0, 0.0, 0.0, 1.0],
                [1.0, 0.0, 0.0, 0.0, 0.0, 1.0, -0.000689, 0.05, -0.0, 0.000689, 1.0, -0.0, 0.0, 0.0, 0.0, 1.0],
                [1.0, 0.0, -0.0, -0.0, -0.0, 1.0, -0.000689, 0.05, 0.0, 0.000689, 1.0, -0.0, 0.0, 0.0, 0.0, 1.0],
                [1.0, -0.0, 0.0, -0.0, 0.0, 1.0, -0.000689, 0.05, -0.0, 0.000689, 1.0, -0.0, 0.0, 0.0, 0.0, 1.0],
                [1.0, -0.0, -0.0, -0.0, 0.0, 1.0, -0.000689, 0.05, -0.0, 0.000689, 1.0, -0.0, 0.0, 0.0, 0.0, 1.0],
                [1.0, -0.0, -0.0, -0.0, 0.0, 1.0, -0.000689, 0.05, 0.0, 0.000689, 1.0, 0.0, 0.0, 0.0, 0.0, 1.0],
                [1.0, -0.0, -0.0, -0.0, 0.0, 1.0, -0.000689, 0.05, -0.0, 0.000689, 1.0, -0.0, 0.0, 0.0, 0.0, 1.0],
                [1.0, -0.0, -0.0, -0.0, 0.0, 1.0, -0.000689, 0.05, 0.0, 0.000689, 1.0, -0.0, 0.0, 0.0, 0.0, 1.0],
                [1.0, -0.0, -0.0, -0.0, 0.0, 1.0, -0.000689, 0.05, 0.0, 0.000689, 1.0, 0.0, 0.0, 0.0, 0.0, 1.0],
                [1.0, -0.0, -0.0, -0.0, 0.0, 1.0, -0.000689, 0.05, 0.0, 0.000689, 1.0, -0.0, 0.0, 0.0, 0.0, 1.0],
                [1.0, 0.0, 0.0, 0.0, 0.0, 1.0, -0.000689, 0.05, -0.0, 0.000689, 1.0, -0.0, 0.0, 0.0, 0.0, 1.0],
                [1.0, -0.0, -0.0, -0.0, 0.0, 1.0, -0.000689, 0.05, -0.0, 0.000689, 1.0, -0.0, 0.0, 0.0, 0.0, 1.0],
                [1.0, 0.0, 0.0, -0.0, -0.0, 1.0, -0.000689, 0.05, 0.0, 0.000689, 1.0, -0.0, 0.0, 0.0, 0.0, 1.0],
                [1.0, 0.0, -0.0, -0.0, 0.0, 1.0, -0.000689, 0.05, 0.0, 0.000689, 1.0, 0.0, 0.0, 0.0, 0.0, 1.0]
            ]
        },
        {
            "name": "Chest",
            "time": [0.0, 0.0833, 0.1667, 0.25, 0.3333, 0.4167, 0.5, 0.5833, 0.6667, 0.75, 0.8333, 0.9167, 1.0, 1.0833, 1.1667, 1.25, 1.3333, 1.4167, 1.5, 1.5833, 1.6667],
            "transform": [
                [0.983473, 0.138371, -0.116762, -0.0, -0.038198, 0.788967, 0.613246, 0.3, 0.176977, -0.598651, 0.781214, -0.0, 0.0, 0.0, 0.0, 1.0],
                [0.983827, 0.129507, -0.123746, -0.0, -0.031553, 0.80534, 0.591973, 0.3, 0.176322, -0.578494, 0.796401, 0.0, 0.0, 0.0, 0.0, 1.0],
                [0.984428, 0.102573, -0.142757, 0.0, -0.012059, 0.8496, 0.52729, 0.3, 0.175372, -0.517358, 0.837607, -0.0, 0.0, 0.0, 0.0, 1.0],
                [0.984074, 0.057488, -0.168205, 0.0, 0.018566, 0.907845, 0.418894, 0.3, 0.176786, -0.415345, 0.89232, -0.0, 0.0, 0.0, 0.0, 1.0],
                [0.981369, -0.003325, -0.192102, 0.0, 0.056591, 0.960497, 0.272475, 0.3, 0.183607, -0.27827, 0.942791, -0.0, 0.0, 0.0, 0.0, 1.0],
                [0.97558, -0.073287, -0.207055, 0.0, 0.096391, 0.989918, 0.103783, 0.3, 0.197361, -0.121207, 0.972809, -0.0, 0.0, 0.0, 0.0, 1.0],
                [0.987953, -0.110116, -0.108734, -0.0, 0.108636, 0.993891, -0.019464, 0.3, 0.110213, 0.007417, 0.99388, -0.0, 0.0, 0.0, 0.0, 1.0],
                [0.988609, -0.114424, 0.09777, 0.0, 0.1263, 0.984029, -0.125442, 0.3, -0.081855, 0.136362, 0.987271, 0.0, 0.0, 0.0, 0.0, 1.0],
                [0.957805, -0.08863, 0.273412, -0.0, 0.153549, 0.961929, -0.226085, 0.3, -0.242965, 0.258528, 0.93495, -0.0, 0.0, 0.0, 0.0, 1.0],
                [0.939898, -0.061304, 0.335907, -0.0, 0.17837, 0.927005, -0.329917, 0.3, -0.291162, 0.370004, 0.882225, 0.0, 0.0, 0.0, 0.0, 1.0],
                [0.922912, -0.040254, 0.3829, 0.0, 0.208761, 0.88795, -0.409833, 0.3, -0.323499, 0.458174, 0.827904, -0.0, 0.0, 0.0, 0.0, 1.0],
                [0.84201, -0.005294, 0.539436, 0.0, 0.275502, 0.863939, -0.421555, 0.3, -0.463808, 0.503569, 0.728903, -0.0, 0.0, 0.0, 0.0, 1.0],
                [0.607399, -0.080601, 0.790297, 0.0, 0.392046, 0.895664, -0.209968, 0.3, -0.690917, 0.437367, 0.575625, -0.0, 0.0, 0.0, 0.0, 1.0],
                [0.57058, -0.363172, 0.736576, 0.0, 0.397511, 0.906969, 0.139258, 0.3, -0.718626, 0.213339, 0.661863, -0.0, 0.0, 0.0, 0.0, 1.0],
                [0.762219, -0.477414, 0.437148, 0.0, 0.404646, 0.878521, 0.253893, 0.3, -0.505256, -0.016632, 0.862809, 0.0, 0.0, 0.0, 0.0, 1.0],
                [0.931844, -0.332571, 0.145134, 0.0, 0.305496, 0.934875, 0.180777, 0.3, -0.195803, -0.124119, 0.972757, 0.0, 0.0, 0.0, 0.0, 1.0],
                [0.989042, -0.147275, -0.010315, 0.0, 0.146224, 0.967555, 0.206048, 0.3, -0.020365, -0.205298, 0.978488, -0.0, 0.0, 0.0, 0.0, 1.0],
                [0.995736, -0.010115, -0.091696, 0.0, 0.039385, 0.945443, 0.323399, 0.3, 0.083423, -0.325632, 0.941809, 0.0, 0.0, 0.0, 0.0, 1.0],
                [0.989443, 0.079809, -0.120971, -0.0, -0.014904, 0.886319, 0.462836, 0.3, 0.144157, -0.456147, 0.878151, 0.0, 0.0, 0.0, 0.0, 1.0],
                [0.984607, 0.125989, -0.121138, 0.0, -0.034707, 0.820229, 0.570981, 0.3, 0.171298, -0.557988, 0.811977, -0.0, 0.0, 0.0, 0.0, 1.0],
                [0.983473, 0.138371, -0.116762, -0.0, -0.038198, 0.788967, 0.613246, 0.3, 0.176977, -0.598651, 0.781214, 0.0, 0.0, 0.0, 0.0, 1.0]
            ]
        },
        {
            "name": "Head",
            "time": [0.0, 0.0833, 0.1667, 0.25, 0.3333, 0.4167, 0.5, 0.5833, 0.6667, 0.75, 0.8333, 0.9167, 1.0, 1.0833, 1.1667, 1.25, 1.3333, 1.4167, 1.5, 1.5833, 1.6667],
            "transform": [
                [0.722331, -0.115157, 0.681892, -0.0, 0.322521, 0.928333, -0.184873, 0.4, -0.611733, 0.353464, 0.707705, -0.0, 0.0, 0.0, 0.0, 1.0],
                [0.722123, -0.115062, 0.682128, 0.0, 0.322471, 0.928369, -0.18478, 0.4, -0.612006, 0.3534, 0.707501, 0.0, 0.0, 0.0, 0.0, 1.0],
                [0.721669, -0.114711, 0.682668, 0.0, 0.322067, 0.928578, -0.184434, 0.4, -0.612754, 0.352965, 0.70707, -0.0, 0.0, 0.0, 0.0, 1.0],
                [0.721227, -0.114002, 0.683254, 0.0, 0.320926, 0.929111, -0.183738, 0.4, -0.613872, 0.35179, 0.706686, -0.0, 0.0, 0.0, 0.0, 1.0],
                [0.721054, -0.112834, 0.68363, 0.0, 0.318663, 0.930115, -0.182592, 0.4, -0.615252, 0.349506, 0.706619, 0.0, 0.0, 0.0, 0.0, 1.0],
                [0.721406, -0.111102, 0.683543, 0.0, 0.314892, 0.93173, -0.180893, 0.4, -0.61678, 0.345739, 0.707141, -0.0, 0.0, 0.0, 0.0, 1.0],
                [0.738332, -0.132843, 0.661225, -0.0, 0.237185, 0.968926, -0.070183, 0.4, -0.631355, 0.208651, 0.746897, 0.0, 0.0, 0.0, 0.0, 1.0],
                [0.784305, -0.150042, 0.601957, -0.0, 0.082361, 0.986906, 0.138682, 0.4, -0.614883, -0.059192, 0.786394, -0.0, 0.0, 0.0, 0.0, 1.0],
                [0.837319, -0.104599, 0.536616, -0.0, -0.031916, 0.970501, 0.238974, 0.4, -0.545783, -0.217224, 0.80928, 0.0, 0.0, 0.0, 0.0, 1.0],
                [0.880902, -0.029041, 0.472407, 0.0, -0.083602, 0.972874, 0.2157, 0.4, -0.465857, -0.229504, 0.854579, -0.0, 0.0, 0.0, 0.0, 1.0],
                [0.915629, 0.031402, 0.400797, -0.0, -0.114569, 0.975987, 0.185267, 0.4, -0.385354, -0.215555, 0.897239, -0.0, 0.0, 0.0, 0.0, 1.0],
                [0.941267, 0.076788, 0.328817, -0.0, -0.130094, 0.981093, 0.143293, 0.4, -0.311597, -0.177654, 0.933459, 0.0, 0.0, 0.0, 0.0, 1.0],
                [0.958322, 0.107931, 0.264517, 0.0, -0.134878, 0.987134, 0.085873, 0.4, -0.251845, -0.117972, 0.96055, 0.0, 0.0, 0.0, 0.0, 1.0],
                [0.967958, 0.127126, 0.216556, -0.0, -0.132427, 0.991141, 0.010086, 0.4, -0.213356, -0.038441, 0.976218, 0.0, 0.0, 0.0, 0.0, 1.0],
                [0.971214, 0.138845, 0.193558, 0.0, -0.12427, 0.988552, -0.085569, 0.4, -0.203223, 0.059052, 0.97735, 0.0, 0.0, 0.0, 0.0, 1.0],
                [0.968341, -0.064106, 0.241259, -0.0, 0.105836, 0.980733, -0.164201, 0.4, -0.226085, 0.184536, 0.956469, 0.0, 0.0, 0.0, 0.0, 1.0],
                [0.929024, -0.139854, 0.342573, 0.0, 0.217574, 0.955327, -0.20003, 0.4, -0.299294, 0.260367, 0.91795, 0.0, 0.0, 0.0, 0.0, 1.0],
                [0.874431, -0.145999, 0.46266, 0.0, 0.268186, 0.940157, -0.210194, 0.4, -0.404285, 0.307879, 0.861257, 0.0, 0.0, 0.0, 0.0, 1.0],
                [0.807535, -0.135931, 0.573943, -0.0, 0.30126, 0.931634, -0.203226, 0.4, -0.507079, 0.337018, 0.793277, 0.0, 0.0, 0.0, 0.0, 1.0],
                [0.747969, -0.121932, 0.652437, 0.0, 0.318036, 0.928628, -0.191057, 0.4, -0.582576, 0.350403, 0.733364, -0.0, 0.0, 0.0, 0.0, 1.0],
                [0.722332, -0.115157, 0.681892, -0.0, 0.322521, 0.928333, -0.184873, 0.4, -0.611733, 0.353464, 0.707705, 0.0, 0.0, 0.0, 0.0, 1.0]
            ]
        },
        {
            "name": "Shoulder_R",
            "time": [0.0, 0.0833, 0.1667, 0.25, 0.3333, 0.4167, 0.5, 0.5833, 0.6667, 0.75, 0.8333, 0.9167, 1.0, 1.0833, 1.1667, 1.25, 1.3333, 1.4167, 1.5, 1.5833, 1.6667],
            "transform": [
                [0.0, 0.952114, 0.305743, -0.0, -0.0, -0.305743, 0.952114, 0.4, 1.0, 0.0, -0.0, -0.0, 0.0, 0.0, 0.0, 1.0],
                [0.0, 0.952114, 0.305743, 0.0, -0.0, -0.305743, 0.952114, 0.4, 1.0, -0.0, -0.0, 0.0, 0.0, 0.0, 0.0, 1.0],
                [0.0, 0.952114, 0.305743, 0.0, 0.0, -0.305743, 0.952114, 0.4, 1.0, 0.0, 0.0, -0.0, 0.0, 0.0, 0.0, 1.0],
                [0.0, 0.952114, 0.305743, 0.0, -0.0, -0.305743, 0.952114, 0.4, 1.0, 0.0, -0.0, -0.0, 0.0, 0.0, 0.0, 1.0],
                [0.0, 0.952114, 0.305743, 0.0, 0.0, -0.305743, 0.952114, 0.4, 1.0, -0.0, -0.0, 0.0, 0.0, 0.0, 0.0, 1.0],
                [0.0, 0.952114, 0.305743, 0.0, 0.0, -0.305743, 0.952114, 0.4, 1.0, -0.0, -0.0, -0.0, 0.0, 0.0, 0.0, 1.0],
                [0.0, 0.952114, 0.305743, -0.0, 0.0, -0.305743, 0.952114, 0.4, 1.0, 0.0, -0.0, 0.0, 0.0, 0.0, 0.0, 1.0],
                [0.0, 0.952114, 0.305743, -0.0, 0.0, -0.305743, 0.952114, 0.4, 1.0, 0.0, -0.0, -0.0, 0.0, 0.0, 0.0, 1.0],
                [0.0, 0.952114, 0.305743, -0.0, 0.0, -0.305743, 0.952114, 0.4, 1.0, 0.0, -0.0, 0.0, 0.0, 0.0, 0.0, 1.0],
                [0.0, 0.952114, 0.305743, 0.0, 0.0, -0.305743, 0.952114, 0.4, 1.0, 0.0, -0.0, -0.0, 0.0, 0.0, 0.0, 1.0],
                [0.0, 0.952114, 0.305743, -0.0, -0.0, -0.305743, 0.952114, 0.4, 1.0, 0.0, -0.0, -0.0, 0.0, 0.0, 0.0, 1.0],
                [0.0, 0.952114, 0.305743, -0.0, 0.0, -0.305743, 0.952114, 0.4, 1.0, -0.0, -0.0, 0.0, 0.0, 0.0, 0.0, 1.0],
                [0.0, 0.952114, 0.305743, 0.0, 0.0, -0.305743, 0.952114, 0.4, 1.0, 0.0, -0.0, 0.0, 0.0, 0.0, 0.0, 1.0],
                [0.0, 0.952114, 0.305743, -0.0, 0.0, -0.305743, 0.952114, 0.4, 1.0, 0.0, -0.0, 0.0, 0.0, 0.0, 0.0, 1.0],
                [0.0, 0.952114, 0.305743, 0.0, 0.0, -0.305743, 0.952114, 0.4, 1.0, -0.0, -0.0, 0.0, 0.0, 0.0, 0.0, 1.0],
                [0.0, 0.952114, 0.305743, -0.0, -0.0, -0.305743, 0.952114, 0.4, 1.0, -0.0, -0.0, 0.0, 0.0, 0.0, 0.0, 1.0],
                [0.0, 0.952114, 0.305743, 0.0, 0.0, -0.305743, 0.952114, 0.4, 1.0, -0.0, -0.0, 0.0, 0.0, 0.0, 0.0, 1.0],
                [0.0, 0.952114, 0.305743, 0.0, 0.0, -0.305743, 0.952114, 0.4, 1.0, 0.0, -0.0, 0.0, 0.0, 0.0, 0.0, 1.0],
                [0.0, 0.952114, 0.305743, -0.0, -0.0, -0.305743, 0.952114, 0.4, 1.0, 0.0, -0.0, 0.0, 0.0, 0.0, 0.0, 1.0],
                [0.0, 0.952114, 0.305743, 0.0, 0.0, -0.305743, 0.952114, 0.4, 1.0, -0.0, -0.0, -0.0, 0.0, 0.0, 0.0, 1.0],
                [0.0, 0.952114, 0.305743, -0.0, 0.0, -0.305743, 0.952114, 0.4, 1.0, -0.0, -0.0, 0.0, 0.0, 0.0, 0.0, 1.0]
            ]
        },
        {
            "name": "Arm_R",
            "time": [0.0, 0.0833, 0.1667, 0.25, 0.3333, 0.4167, 0.5, 0.5833, 0.6667, 0.75, 0.8333, 0.9167, 1.0, 1.0833, 1.1667, 1.25, 1.3333, 1.4167, 1.5, 1.5833, 1.6667],
            "transform": [
                [0.226954, -0.285154, 0.931225, 0.0, 0.948522, 0.281602, -0.144939, 0.393861, -0.220906, 0.916181, 0.334386, 0.0, 0.0, 0.0, 0.0, 1.0],
                [0.22453, -0.322368, 0.919601, -0.0, 0.949335, 0.285302, -0.131777, 0.39386, -0.219883, 0.902598, 0.370094, -0.0, 0.0, 0.0, 0.0, 1.0],
                [0.230243, -0.421749, 0.876993, -0.0, 0.947401, 0.303021, -0.103004, 0.39386, -0.222307, 0.85458, 0.469334, -0.0, 0.0, 0.0, 0.0, 1.0],
                [0.257997, -0.552747, 0.792407, 0.0, 0.938852, 0.337005, -0.0706, 0.393861, -0.228021, 0.762167, 0.605894, -0.0, 0.0, 0.0, 0.0, 1.0],
                [0.307977, -0.674659, 0.67081, 0.0, 0.924527, 0.378604, -0.043686, 0.393861, -0.224498, 0.633637, 0.740342, -0.0, 0.0, 0.0, 0.0, 1.0],
                [0.367882, -0.754473, 0.543538, -0.0, 0.90864, 0.415872, -0.037731, 0.393861, -0.197575, 0.507761, 0.838537, 0.0, 0.0, 0.0, 0.0, 1.0],
                [0.519038, -0.672115, 0.528074, -0.0, 0.835478, 0.529388, -0.147395, 0.393861, -0.18049, 0.517698, 0.836309, -0.0, 0.0, 0.0, 0.0, 1.0],
                [0.759576, -0.506206, 0.408412, 0.0, 0.613513, 0.766123, -0.191461, 0.393861, -0.215975, 0.395996, 0.892493, 0.0, 0.0, 0.0, 0.0, 1.0],
                [0.904054, -0.307058, 0.297328, 0.0, 0.365825, 0.915627, -0.166739, 0.39386, -0.221043, 0.259511, 0.940104, -0.0, 0.0, 0.0, 0.0, 1.0],
                [0.950693, -0.219865, 0.21873, 0.0, 0.260465, 0.948878, -0.178296, 0.39386, -0.168346, 0.226477, 0.959358, -0.0, 0.0, 0.0, 0.0, 1.0],
                [0.976226, -0.112891, 0.185039, -0.0, 0.152812, 0.963878, -0.218147, 0.39386, -0.153728, 0.241237, 0.958213, 0.0, 0.0, 0.0, 0.0, 1.0],
                [0.960495, 0.227183, 0.160741, 0.0, -0.151264, 0.910992, -0.383684, 0.393861, -0.2336, 0.344212, 0.909368, 0.0, 0.0, 0.0, 0.0, 1.0],
                [0.727274, 0.644169, 0.236894, 0.0, -0.412883, 0.686333, -0.598729, 0.393861, -0.548271, 0.337631, 0.765119, -0.0, 0.0, 0.0, 0.0, 1.0],
                [0.584661, 0.668965, 0.458974, 0.0, -0.334615, 0.714223, -0.614751, 0.39386, -0.739056, 0.205842, 0.641425, -0.0, 0.0, 0.0, 0.0, 1.0],
                [0.673138, 0.228146, 0.703446, 0.0, 0.039516, 0.938767, -0.342281, 0.39386, -0.738461, 0.2582, 0.622904, -0.0, 0.0, 0.0, 0.0, 1.0],
                [0.602287, -0.419236, 0.679333, -0.0, 0.632555, 0.769751, -0.08578, 0.39386, -0.486954, 0.48138, 0.728801, -0.0, 0.0, 0.0, 0.0, 1.0],
                [0.508986, -0.509931, 0.693472, -0.0, 0.799234, 0.579117, -0.16077, 0.39386, -0.319621, 0.636077, 0.702317, -0.0, 0.0, 0.0, 0.0, 1.0],
                [0.457218, -0.432078, 0.777342, 0.0, 0.839935, 0.497095, -0.217729, 0.393861, -0.292337, 0.752466, 0.590198, 0.0, 0.0, 0.0, 0.0, 1.0],
                [0.361572, -0.365515, 0.85771, -0.0, 0.891341, 0.405333, -0.203016, 0.39386, -0.273453, 0.837917, 0.472356, 0.0, 0.0, 0.0, 0.0, 1.0],
                [0.267859, -0.310677, 0.911994, -0.0, 0.932913, 0.320097, -0.16496, 0.39386, -0.240678, 0.894997, 0.375576, 0.0, 0.0, 0.0, 0.0, 1.0],
                [0.226954, -0.285156, 0.931225, 0.0, 0.948522, 0.281601, -0.144939, 0.39386, -0.220904, 0.916181, 0.334387, 0.0, 0.0, 0.0, 0.0, 1.0]
            ]
        },
        {
            "name": "Hand_R",
            "time": [0.0, 0.0833, 0.1667, 0.25, 0.3333, 0.4167, 0.5, 0.5833, 0.6667, 0.75, 0.8333, 0.9167, 1.0, 1.0833, 1.1667, 1.25, 1.3333, 1.4167, 1.5, 1.5833, 1.6667],
            "transform": [
                [1.0, -6e-06, 6e-06, 0.0, 6e-06, 0.055931, -0.998436, 0.300003, 6e-06, 0.998434, 0.055931, 0.0, 0.0, 0.0, 0.0, 1.0],
                [0.999999, -3e-06, 3e-06, -0.0, 4e-06, 0.041591, -0.999135, 0.300002, 3e-06, 0.999135, 0.041591, 0.0, 0.0, 0.0, 0.0, 1.0],
                [1.0, -5e-06, 5e-06, 0.0, 5e-06, 0.000528, -1.0, 0.300003, 5e-06, 1.0, 0.000528, -0.0, 0.0, 0.0, 0.0, 1.0],
                [1.0, -3e-06, 3e-06, 0.0, 3e-06, -0.054618, -0.998508, 0.300003, 3e-06, 0.998508, -0.054618, 0.0, 0.0, 0.0, 0.0, 1.0],
                [1.0, -5e-06, 6e-06, 0.0, 5e-06, -0.107429, -0.994212, 0.300003, 6e-06, 0.994213, -0.107429, 0.0, 0.0, 0.0, 0.0, 1.0],
                [1.0, -5e-06, 6e-06, 0.0, 5e-06, -0.147861, -0.989008, 0.300003, 6e-06, 0.989009, -0.147861, 0.0, 0.0, 0.0, 0.0, 1.0],
                [1.0, -2e-06, 2e-06, -0.0, 2e-06, -0.17379, -0.984783, 0.300003, 2e-06, 0.984783, -0.17379, -0.0, 0.0, 0.0, 0.0, 1.0],
                [1.0, -2e-06, 3e-06, 0.0, 3e-06, -0.246323, -0.969188, 0.300003, 3e-06, 0.969188, -0.246323, 0.0, 0.0, 0.0, 0.0, 1.0],
                [0.999999, -5e-06, 7e-06, 0.0, 5e-06, -0.28417, -0.958773, 0.300002, 7e-06, 0.958774, -0.28417, -0.0, 0.0, 0.0, 0.0, 1.0],
                [1.0, -3e-06, 4e-06, 0.0, 3e-06, -0.23007, -0.973174, 0.300003, 4e-06, 0.973174, -0.23007, -0.0, 0.0, 0.0, 0.0, 1.0],
                [1.0, -4e-06, 5e-06, -0.0, 4e-06, -0.107987, -0.994152, 0.300002, 5e-06, 0.994152, -0.107987, -0.0, 0.0, 0.0, 0.0, 1.0],
                [1.0, -7e-06, 6e-06, -0.0, 7e-06, 0.076662, -0.997058, 0.300002, 6e-06, 0.997058, 0.076662, -0.0, 0.0, 0.0, 0.0, 1.0],
                [1.0, 5e-06, -3e-06, -0.0, -5e-06, 0.36286, -0.931845, 0.300003, -3e-06, 0.931843, 0.36286, -0.0, 0.0, 0.0, 0.0, 1.0],
                [1.0, -8e-06, 5e-06, -0.0, 8e-06, 0.458228, -0.888836, 0.300003, 5e-06, 0.888834, 0.458228, -0.0, 0.0, 0.0, 0.0, 1.0],
                [1.0, 2e-06, -1e-06, -0.0, -1e-06, 0.136038, -0.990705, 0.300003, -1e-06, 0.990704, 0.136038, -0.0, 0.0, 0.0, 0.0, 1.0],
                [1.0, -3e-06, 4e-06, -0.0, 3e-06, -0.154717, -0.98796, 0.300003, 4e-06, 0.987959, -0.154717, 0.0, 0.0, 0.0, 0.0, 1.0],
                [1.0, -3e-06, 4e-06, -0.0, 3e-06, -0.11984, -0.992793, 0.300003, 4e-06, 0.992793, -0.11984, -0.0, 0.0, 0.0, 0.0, 1.0],
                [1.0, -3e-06, 4e-06, -0.0, 4e-06, -0.044678, -0.999002, 0.300002, 4e-06, 0.999002, -0.044678, -0.0, 0.0, 0.0, 0.0, 1.0],
                [1.0, -3e-06, 3e-06, -0.0, 3e-06, 0.008444, -0.999965, 0.300003, 3e-06, 0.999964, 0.008443, -0.0, 0.0, 0.0, 0.0, 1.0],
                [1.0, -3e-06, 3e-06, -0.0, 3e-06, 0.042893, -0.999081, 0.300003, 3e-06, 0.99908, 0.042893, 0.0, 0.0, 0.0, 0.0, 1.0],
                [1.0, -3e-06, 3e-06, 0.0, 3e-06, 0.05593, -0.998436, 0.300003, 3e-06, 0.998434, 0.05593, 0.0, 0.0, 0.0, 0.0, 1.0]
            ]
        },
        {
            "name": "Tool_R",
            "time": [0.0, 1.6667],
            "transform": [
                [0.856542, 0.51592, -0.012733, 0.0, 0.514839, -0.852518, 0.090298, 0.271711, 0.035731, -0.083901, -0.995834, -0.028915, 0.0, 0.0, 0.0, 1.0],
                [0.856542, 0.51592, -0.012734, -0.0, 0.514839, -0.852518, 0.090299, 0.271711, 0.03573, -0.083901, -0.995834, -0.028915, 0.0, 0.0, 0.0, 1.0]
            ]
        },
        {
            "name": "Elbow_R",
            "time": [0.0, 1.6667],
            "transform": [
                [-1.0, 0.0, -0.0, -0.0, 0.0, 0.003946, -0.999992, 0.441153, -0.0, -0.999993, -0.003946, -0.000695, 0.0, 0.0, 0.0, 1.0],
                [-1.0, 0.0, -0.0, 0.0, 0.0, 0.003946, -0.999992, 0.441153, -0.0, -0.999992, -0.003946, -0.000695, 0.0, 0.0, 0.0, 1.0]
            ]
        },
        {
            "name": "Shoulder_L",
            "time": [0.0, 0.0833, 0.1667, 0.25, 0.3333, 0.4167, 0.5, 0.5833, 0.6667, 0.75, 0.8333, 0.9167, 1.0, 1.0833, 1.1667, 1.25, 1.3333, 1.4167, 1.5, 1.5833, 1.6667],
            "transform": [
                [-0.0, -0.952114, -0.305743, -0.0, 0.0, -0.305743, 0.952114, 0.4, -1.0, 0.0, 0.0, -0.0, 0.0, 0.0, 0.0, 1.0],
                [0.0, -0.952114, -0.305743, 0.0, 0.0, -0.305743, 0.952114, 0.4, -1.0, 0.0, 0.0, 0.0, 0.0, 0.0, 0.0, 1.0],
                [-0.0, -0.952114, -0.305743, 0.0, 0.0, -0.305743, 0.952114, 0.4, -1.0, 0.0, 0.0, -0.0, 0.0, 0.0, 0.0, 1.0],
                [-0.0, -0.952114, -0.305743, 0.0, 0.0, -0.305743, 0.952114, 0.4, -1.0, 0.0, 0.0, -0.0, 0.0, 0.0, 0.0, 1.0],
                [-0.0, -0.952114, -0.305743, 0.0, 0.0, -0.305743, 0.952114, 0.4, -1.0, -0.0, 0.0, 0.0, 0.0, 0.0, 0.0, 1.0],
                [-0.0, -0.952114, -0.305743, 0.0, 0.0, -0.305744, 0.952114, 0.4, -1.0, 0.0, 0.0, -0.0, 0.0, 0.0, 0.0, 1.0],
                [-0.0, -0.952114, -0.305743, -0.0, 0.0, -0.305743, 0.952114, 0.4, -1.0, 0.0, 0.0, 0.0, 0.0, 0.0, 0.0, 1.0],
                [-0.0, -0.952114, -0.305743, -0.0, 0.0, -0.305743, 0.952114, 0.4, -1.0, -0.0, 0.0, -0.0, 0.0, 0.0, 0.0, 1.0],
                [-0.0, -0.952114, -0.305743, -0.0, 0.0, -0.305743, 0.952114, 0.4, -1.0, 0.0, 0.0, 0.0, 0.0, 0.0, 0.0, 1.0],
                [-0.0, -0.952114, -0.305743, 0.0, 0.0, -0.305743, 0.952114, 0.4, -1.0, 0.0, 0.0, -0.0, 0.0, 0.0, 0.0, 1.0],
                [-0.0, -0.952114, -0.305743, -0.0, 0.0, -0.305743, 0.952114, 0.4, -1.0, -0.0, 0.0, -0.0, 0.0, 0.0, 0.0, 1.0],
                [-0.0, -0.952114, -0.305743, -0.0, 0.0, -0.305743, 0.952114, 0.4, -1.0, 0.0, 0.0, 0.0, 0.0, 0.0, 0.0, 1.0],
                [-0.0, -0.952114, -0.305743, 0.0, 0.0, -0.305743, 0.952114, 0.4, -1.0, -0.0, 0.0, 0.0, 0.0, 0.0, 0.0, 1.0],
                [-0.0, -0.952114, -0.305743, -0.0, 0.0, -0.305743, 0.952114, 0.4, -1.0, -0.0, 0.0, 0.0, 0.0, 0.0, 0.0, 1.0],
                [-0.0, -0.952114, -0.305743, 0.0, 0.0, -0.305743, 0.952114, 0.4, -1.0, -0.0, 0.0, 0.0, 0.0, 0.0, 0.0, 1.0],
                [-0.0, -0.952114, -0.305743, -0.0, 0.0, -0.305743, 0.952114, 0.4, -1.0, -0.0, 0.0, 0.0, 0.0, 0.0, 0.0, 1.0],
                [0.0, -0.952114, -0.305743, 0.0, 0.0, -0.305743, 0.952114, 0.4, -1.0, -0.0, 0.0, 0.0, 0.0, 0.0, 0.0, 1.0],
                [-0.0, -0.952114, -0.305743, 0.0, 0.0, -0.305743, 0.952114, 0.4, -1.0, -0.0, 0.0, 0.0, 0.0, 0.0, 0.0, 1.0],
