{
    "animation": [
        {
            "name": "Root",
            "time": [0.0, 0.0667, 0.1333, 0.2, 0.2667, 0.3333, 0.4, 0.4667, 0.5333, 0.6, 0.6667, 0.7333, 0.8, 0.8667, 0.9333, 1.0, 1.0667, 1.1333, 1.2, 1.2667, 1.3333, 1.4, 1.4667],
            "transform": [
                [0.550251, 0.056796, -0.833066, -5e-06, -0.831295, 0.131134, -0.540141, 0.000946, 0.078565, 0.989736, 0.119371, 0.567851, 0.0, 0.0, 0.0, 1.0],
                [0.542008, 0.05749, -0.838405, -5e-06, -0.83664, 0.130855, -0.531894, 0.000946, 0.07913, 0.989733, 0.119023, 0.567851, 0.0, 0.0, 0.0, 1.0],
                [0.521013, 0.059398, -0.851479, -5e-06, -0.849756, 0.130036, -0.510888, 0.000946, 0.080377, 0.989729, 0.118224, 0.567851, 0.0, 0.0, 0.0, 1.0],
                [0.492894, 0.062247, -0.86786, -5e-06, -0.866251, 0.128695, -0.48275, 0.000946, 0.081639, 0.989729, 0.117354, 0.567851, 0.0, 0.0, 0.0, 1.0],
                [0.463625, 0.06577, -0.883587, -5e-06, -0.882203, 0.126874, -0.453455, 0.000946, 0.082281, 0.989736, 0.116845, 0.567851, 0.0, 0.0, 0.0, 1.0],
                [0.439622, 0.069725, -0.895472, -5e-06, -0.894459, 0.124675, -0.429417, 0.000946, 0.081702, 0.989745, 0.117176, 0.567851, 0.0, 0.0, 0.0, 1.0],
                [0.427571, 0.073915, -0.900955, -5e-06, -0.900496, 0.122271, -0.417322, 0.000946, 0.079314, 0.989741, 0.118839, 0.567851, 0.0, 0.0, 0.0, 1.0],
                [0.443831, 0.145063, -0.884291, -5e-06, -0.895018, 0.120474, -0.429452, 0.000946, 0.044237, 0.98206, 0.183304, 0.567851, 0.0, 0.0, 0.0, 1.0],
                [0.490242, 0.237667, -0.838556, -5e-06, -0.871554, 0.125446, -0.473979, 0.000946, -0.007456, 0.963212, 0.268639, 0.567851, 0.0, 0.0, 0.0, 1.0],
                [0.542384, 0.150118, -0.82661, 0.007824, -0.839647, 0.130246, -0.527285, 0.057168, 0.028508, 0.980051, 0.19669, 0.567851, 0.0, 0.0, 0.0, 1.0],
                [0.55726, 0.069815, -0.827398, 0.004179, -0.827251, 0.132518, -0.54598, 0.138876, 0.071528, 0.988719, 0.131601, 0.567851, 0.0, 0.0, 0.0, 1.0],
                [0.59828, 0.030576, -0.800704, -0.021333, -0.796269, 0.134347, -0.589836, 0.222276, 0.089538, 0.990462, 0.104724, 0.567851, 0.0, 0.0, 0.0, 1.0],
                [0.819382, -0.012303, -0.573116, -0.087007, -0.566576, 0.134705, -0.812924, 0.290592, 0.087203, 0.990809, 0.103405, 0.567851, 0.0, 0.0, 0.0, 1.0],
                [0.949191, -0.071757, -0.306411, -0.145994, -0.289567, 0.182147, -0.939667, 0.293463, 0.12324, 0.980649, 0.152114, 0.567851, 0.0, 0.0, 0.0, 1.0],
                [0.970272, -0.106555, -0.217298, -0.16765, -0.1866, 0.242398, -0.952063, 0.293463, 0.15412, 0.964308, 0.215308, 0.567851, 0.0, 0.0, 0.0, 1.0],
                [0.970272, -0.106555, -0.217298, -0.16765, -0.1866, 0.242398, -0.952063, 0.293463, 0.15412, 0.964308, 0.215308, 0.567851, 0.0, 0.0, 0.0, 1.0],
                [0.970272, -0.106555, -0.217298, -0.16765, -0.1866, 0.242398, -0.952063, 0.293463, 0.15412, 0.964308, 0.215308, 0.567851, 0.0, 0.0, 0.0, 1.0],
                [0.970272, -0.106555, -0.217298, -0.16765, -0.1866, 0.242398, -0.952063, 0.293463, 0.15412, 0.964308, 0.215308, 0.567851, 0.0, 0.0, 0.0, 1.0],
                [0.970272, -0.106555, -0.217298, -0.16765, -0.1866, 0.242398, -0.952063, 0.293463, 0.15412, 0.964308, 0.215308, 0.567851, 0.0, 0.0, 0.0, 1.0],
                [0.970272, -0.106555, -0.217298, -0.16765, -0.1866, 0.242398, -0.952063, 0.293463, 0.15412, 0.964308, 0.215308, 0.567851, 0.0, 0.0, 0.0, 1.0],
                [0.970272, -0.106555, -0.217298, -0.16765, -0.1866, 0.242398, -0.952063, 0.293463, 0.15412, 0.964308, 0.215308, 0.567851, 0.0, 0.0, 0.0, 1.0],
                [0.970272, -0.106555, -0.217298, -0.16765, -0.1866, 0.242398, -0.952063, 0.293463, 0.15412, 0.964308, 0.215308, 0.567851, 0.0, 0.0, 0.0, 1.0],
                [0.970272, -0.106555, -0.217298, -0.16765, -0.1866, 0.242398, -0.952063, 0.293463, 0.15412, 0.964308, 0.215308, 0.567851, 0.0, 0.0, 0.0, 1.0]
            ]
        },
        {
            "name": "Thigh_R",
            "time": [0.0, 0.0667, 0.1333, 0.2, 0.2667, 0.3333, 0.4, 0.4667, 0.5333, 0.6, 0.6667, 0.7333, 0.8, 0.8667, 0.9333, 1.0, 1.0667, 1.1333, 1.2, 1.2667, 1.3333, 1.4, 1.4667],
            "transform": [
                [0.898875, 0.37482, 0.227007, 0.124994, -0.030957, -0.462428, 0.886117, -0.002831, 0.437109, -0.803534, -0.404063, -1.2e-05, 0.0, 0.0, 0.0, 1.0],
                [0.911369, 0.361676, 0.196457, 0.124994, -0.006952, -0.463718, 0.885956, -0.002831, 0.411531, -0.808797, -0.420104, -1.2e-05, 0.0, 0.0, 0.0, 1.0],
                [0.93574, 0.330777, 0.122379, 0.124994, 0.050374, -0.468775, 0.88188, -0.002831, 0.349074, -0.819045, -0.455315, -1.2e-05, 0.0, 0.0, 0.0, 1.0],
                [0.954718, 0.295728, 0.032533, 0.124994, 0.118566, -0.478487, 0.870053, -0.002831, 0.272866, -0.826796, -0.491884, -1.2e-05, 0.0, 0.0, 0.0, 1.0],
                [0.962011, 0.269255, -0.04513, 0.124994, 0.177218, -0.490127, 0.853445, -0.002831, 0.207675, -0.82902, -0.519225, -1.2e-05, 0.0, 0.0, 0.0, 1.0],
                [0.961842, 0.257523, -0.092412, 0.124994, 0.214187, -0.498555, 0.83998, -0.002831, 0.170242, -0.82772, -0.534691, -1.2e-05, 0.0, 0.0, 0.0, 1.0],
                [0.960183, 0.252764, -0.118992, 0.124994, 0.235068, -0.500798, 0.833033, -0.002831, 0.150969, -0.827833, -0.540276, -1.2e-05, 0.0, 0.0, 0.0, 1.0],
                [0.944183, 0.254044, -0.209709, 0.124994, 0.305186, -0.434935, 0.847167, -0.002831, 0.124008, -0.86388, -0.48819, -1.2e-05, 0.0, 0.0, 0.0, 1.0],
                [0.889067, 0.239149, -0.390342, 0.124994, 0.454885, -0.365829, 0.811942, -0.002831, 0.051377, -0.89943, -0.434033, -1.2e-05, 0.0, 0.0, 0.0, 1.0],
                [0.83671, 0.259717, -0.482145, 0.124994, 0.539554, -0.541727, 0.644525, -0.002831, -0.093797, -0.799422, -0.593401, -1.2e-05, 0.0, 0.0, 0.0, 1.0],
                [0.80154, 0.151054, -0.578547, 0.124994, 0.541484, -0.593783, 0.595161, -0.002831, -0.253629, -0.790317, -0.557735, -1.2e-05, 0.0, 0.0, 0.0, 1.0],
                [0.795939, -0.092559, -0.598259, 0.124994, 0.489829, -0.482252, 0.726293, -0.002831, -0.355737, -0.871127, -0.338506, -1.2e-05, 0.0, 0.0, 0.0, 1.0],
                [0.922064, -0.08838, -0.376813, 0.124994, 0.317136, -0.385565, 0.866467, -0.002831, -0.221864, -0.918437, -0.327487, -1.2e-05, 0.0, 0.0, 0.0, 1.0],
                [0.991603, -0.050172, -0.119189, 0.124994, 0.088762, -0.406205, 0.909461, -0.002831, -0.094045, -0.912402, -0.398341, -1.2e-05, 0.0, 0.0, 0.0, 1.0],
                [0.965408, -0.067431, -0.251872, 0.124994, 0.205184, -0.39959, 0.893436, -0.002831, -0.160891, -0.914209, -0.371932, -1.2e-05, 0.0, 0.0, 0.0, 1.0],
                [0.965408, -0.067431, -0.251872, 0.124994, 0.205184, -0.399591, 0.893435, -0.002831, -0.160891, -0.914208, -0.371933, -1.2e-05, 0.0, 0.0, 0.0, 1.0],
                [0.965408, -0.067431, -0.251872, 0.124994, 0.205184, -0.399591, 0.893435, -0.002831, -0.160891, -0.914208, -0.371933, -1.2e-05, 0.0, 0.0, 0.0, 1.0],
                [0.965408, -0.067431, -0.251872, 0.124994, 0.205184, -0.39959, 0.893436, -0.002831, -0.160891, -0.914208, -0.371932, -1.2e-05, 0.0, 0.0, 0.0, 1.0],
                [0.965408, -0.067431, -0.251872, 0.124994, 0.205184, -0.399591, 0.893435, -0.002831, -0.160891, -0.914208, -0.371933, -1.2e-05, 0.0, 0.0, 0.0, 1.0],
                [0.959379, -0.07727, -0.271332, 0.124994, 0.21911, -0.401759, 0.889146, -0.002831, -0.177715, -0.912478, -0.36851, -1.2e-05, 0.0, 0.0, 0.0, 1.0],
                [0.933675, -0.112059, -0.340137, 0.124994, 0.268169, -0.410714, 0.871435, -0.002831, -0.237351, -0.90485, -0.353424, -1.2e-05, 0.0, 0.0, 0.0, 1.0],
                [0.920146, -0.12731, -0.3703, 0.124994, 0.289584, -0.415303, 0.86236, -0.002831, -0.263574, -0.900729, -0.345273, -1.2e-05, 0.0, 0.0, 0.0, 1.0],
                [0.921314, -0.126054, -0.367817, 0.124994, 0.287823, -0.414909, 0.863139, -0.002831, -0.261413, -0.901087, -0.345981, -1.2e-05, 0.0, 0.0, 0.0, 1.0]
            ]
        },
        {
            "name": "Leg_R",
            "time": [0.0, 0.0667, 0.1333, 0.2, 0.2667, 0.3333, 0.4, 0.4667, 0.5333, 0.6, 0.6667, 0.7333, 0.8, 0.8667, 0.9333, 1.0, 1.0667, 1.1333, 1.2, 1.2667, 1.3333, 1.4, 1.4667],
            "transform": [
                [1.0, -1e-06, 1e-06, -0.0, -0.0, 0.594695, 0.803951, 0.374726, -1e-06, -0.803954, 0.594691, -0.0, 0.0, 0.0, 0.0, 1.0],
                [1.0, -1e-06, 1e-06, -0.0, -0.0, 0.597965, 0.801522, 0.374726, -1e-06, -0.801525, 0.597961, -0.0, 0.0, 0.0, 0.0, 1.0],
                [1.0, -1e-06, 1e-06, -0.0, -0.0, 0.607187, 0.794559, 0.374726, -1e-06, -0.794561, 0.607183, -0.0, 0.0, 0.0, 0.0, 1.0],
                [1.0, -1e-06, 1e-06, -0.0, -0.0, 0.621506, 0.783409, 0.374726, -1e-06, -0.783413, 0.621501, 0.0, 0.0, 0.0, 0.0, 1.0],
                [1.0, -1e-06, 1e-06, -0.0, -0.0, 0.638631, 0.769513, 0.374726, -1e-06, -0.769516, 0.638626, -0.0, 0.0, 0.0, 0.0, 1.0],
                [1.0, -1e-06, 1e-06, 0.0, -0.0, 0.654019, 0.756479, 0.374726, -1e-06, -0.756482, 0.654014, 0.0, 0.0, 0.0, 0.0, 1.0],
                [1.0, -1e-06, 1e-06, -0.0, -0.0, 0.661326, 0.750099, 0.374726, -1e-06, -0.750102, 0.661321, -0.0, 0.0, 0.0, 0.0, 1.0],
                [1.0, -1e-06, 1e-06, 0.0, -0.0, 0.639543, 0.768756, 0.374726, -1e-06, -0.768759, 0.639538, -0.0, 0.0, 0.0, 0.0, 1.0],
                [1.0, -1e-06, 1e-06, -0.0, -0.0, 0.601457, 0.798905, 0.374726, -1e-06, -0.798908, 0.601453, -0.0, 0.0, 0.0, 0.0, 1.0],
                [1.0, -1e-06, 1e-06, -0.0, -0.0, 0.634217, 0.773155, 0.374726, -1e-06, -0.773158, 0.634212, 0.0, 0.0, 0.0, 0.0, 1.0],
                [1.0, -1e-06, 1e-06, 0.0, -0.0, 0.535688, 0.844416, 0.374726, -1e-06, -0.844419, 0.535684, -0.0, 0.0, 0.0, 0.0, 1.0],
                [1.0, -1e-06, 1e-06, -0.0, -0.0, 0.314141, 0.949376, 0.374726, -1e-06, -0.949378, 0.314139, -0.0, 0.0, 0.0, 0.0, 1.0],
                [1.0, -1e-06, 0.0, 0.0, -0.0, 0.257102, 0.966383, 0.374726, -1e-06, -0.966386, 0.2571, -0.0, 0.0, 0.0, 0.0, 1.0],
                [1.0, -1e-06, 1e-06, 0.0, -0.0, 0.560256, 0.82832, 0.374726, -1e-06, -0.828323, 0.560252, 0.0, 0.0, 0.0, 0.0, 1.0],
                [1.000001, -1e-06, 1e-06, -0.0, -0.0, 0.593115, 0.805118, 0.374726, -1e-06, -0.805121, 0.593111, -0.0, 0.0, 0.0, 0.0, 1.0],
                [1.0, -1e-06, 1e-06, 0.0, -0.0, 0.593116, 0.805117, 0.374726, -1e-06, -0.80512, 0.593112, -0.0, 0.0, 0.0, 0.0, 1.0],
                [1.000001, -1e-06, 1e-06, 0.0, -0.0, 0.593116, 0.805117, 0.374726, -1e-06, -0.80512, 0.593112, -0.0, 0.0, 0.0, 0.0, 1.0],
                [1.0, -1e-06, 1e-06, 0.0, -0.0, 0.593115, 0.805118, 0.374726, -1e-06, -0.805121, 0.593111, -0.0, 0.0, 0.0, 0.0, 1.0],
                [1.000001, -1e-06, 1e-06, 0.0, -0.0, 0.593116, 0.805117, 0.374726, -1e-06, -0.80512, 0.593112, -0.0, 0.0, 0.0, 0.0, 1.0],
                [1.0, -1e-06, 1e-06, -0.0, -0.0, 0.593116, 0.805117, 0.374726, -1e-06, -0.80512, 0.593111, -0.0, 0.0, 0.0, 0.0, 1.0],
                [1.0, -1e-06, 1e-06, -0.0, -0.0, 0.593117, 0.805117, 0.374726, -1e-06, -0.80512, 0.593112, 0.0, 0.0, 0.0, 0.0, 1.0],
                [1.0, -1e-06, 1e-06, 0.0, -0.0, 0.593116, 0.805117, 0.374726, -1e-06, -0.80512, 0.593112, 0.0, 0.0, 0.0, 0.0, 1.0],
                [1.0, -1e-06, 1e-06, 0.0, -0.0, 0.593117, 0.805117, 0.374726, -1e-06, -0.80512, 0.593112, 0.0, 0.0, 0.0, 0.0, 1.0]
            ]
        },
        {
            "name": "Knee_R",
            "time": [0.0, 1.4667],
            "transform": [
                [1.0, 0.0, -0.0, 0.0, -0.0, 0.00567, -0.999984, 0.416635, -0.0, 0.999984, 0.00567, -0.000238, 0.0, 0.0, 0.0, 1.0],
                [1.0, 0.0, -0.0, 0.0, -0.0, 0.00567, -0.999984, 0.416841, -0.0, 0.999984, 0.00567, -0.000239, 0.0, 0.0, 0.0, 1.0]
            ]
        },
        {
            "name": "Thigh_L",
            "time": [0.0, 0.0667, 0.1333, 0.2, 0.2667, 0.3333, 0.4, 0.4667, 0.5333, 0.6, 0.6667, 0.7333, 0.8, 0.8667, 0.9333, 1.0, 1.0667, 1.1333, 1.2, 1.2667, 1.3333, 1.4, 1.4667],
            "transform": [
                [0.886166, -0.456006, 0.082269, -0.125006, -0.453052, -0.889927, -0.052671, -0.002831, 0.097232, 0.009403, -0.995217, -1.2e-05, 0.0, 0.0, 0.0, 1.0],
                [0.887427, -0.45549, 0.070723, -0.125006, -0.452458, -0.890079, -0.055131, -0.002831, 0.088061, 0.016925, -0.995971, -1.2e-05, 0.0, 0.0, 0.0, 1.0],
                [0.889919, -0.454367, 0.039933, -0.125006, -0.45174, -0.890093, -0.060535, -0.002831, 0.063049, 0.035832, -0.997367, -1.2e-05, 0.0, 0.0, 0.0, 1.0],
                [0.891385, -0.453225, -0.004319, -0.125006, -0.452498, -0.889324, -0.065933, -0.002831, 0.026041, 0.060726, -0.997814, -1.2e-05, 0.0, 0.0, 0.0, 1.0],
                [0.889716, -0.45307, -0.055959, -0.125006, -0.45613, -0.887291, -0.068256, -0.002831, -0.018727, 0.086253, -0.996097, -1.2e-05, 0.0, 0.0, 0.0, 1.0],
                [0.883586, -0.455562, -0.108339, -0.125006, -0.46353, -0.883742, -0.06433, -0.002831, -0.066438, 0.107059, -0.99203, -1.2e-05, 0.0, 0.0, 0.0, 1.0],
                [0.872976, -0.462819, -0.153985, -0.125006, -0.47481, -0.878606, -0.051053, -0.002831, -0.111665, 0.117682, -0.986753, -1.2e-05, 0.0, 0.0, 0.0, 1.0],
                [0.863075, -0.460233, -0.208052, -0.125006, -0.463874, -0.88525, 0.033952, -0.002831, -0.199804, 0.067207, -0.977528, -1.2e-05, 0.0, 0.0, 0.0, 1.0],
                [0.819706, -0.474685, -0.320556, -0.125006, -0.446862, -0.880079, 0.160548, -0.002831, -0.358324, 0.011642, -0.933524, -1.2e-05, 0.0, 0.0, 0.0, 1.0],
                [0.70031, -0.506486, -0.503029, -0.125006, -0.530502, -0.840776, 0.107997, -0.002831, -0.477633, 0.191226, -0.857496, -1.2e-05, 0.0, 0.0, 0.0, 1.0],
                [0.527788, -0.433619, -0.730352, -0.125006, -0.612766, -0.789833, 0.026119, -0.002831, -0.588182, 0.433749, -0.682572, -1.2e-05, 0.0, 0.0, 0.0, 1.0],
                [0.412299, -0.268637, -0.870542, -0.125006, -0.648692, -0.757495, -0.073476, -0.002831, -0.639693, 0.595008, -0.486578, -1.2e-05, 0.0, 0.0, 0.0, 1.0],
                [0.547204, -0.4914, -0.677565, -0.125006, -0.631975, -0.773343, 0.050477, -0.002831, -0.548794, 0.400583, -0.733729, -1.2e-05, 0.0, 0.0, 0.0, 1.0],
                [0.656178, -0.671126, -0.344992, -0.125006, -0.61836, -0.740255, 0.26392, -0.002831, -0.432506, 0.04015, -0.900737, -1.2e-05, 0.0, 0.0, 0.0, 1.0],
                [0.670891, -0.708045, -0.220402, -0.125006, -0.613169, -0.696823, 0.372102, -0.002831, -0.417046, -0.114497, -0.901644, -1.2e-05, 0.0, 0.0, 0.0, 1.0],
                [0.691162, -0.69529, -0.197144, -0.125006, -0.612362, -0.7083, 0.351175, -0.002831, -0.383806, -0.121996, -0.915319, -1.2e-05, 0.0, 0.0, 0.0, 1.0],
                [0.711678, -0.681243, -0.171528, -0.125006, -0.610471, -0.720544, 0.328847, -0.002831, -0.347618, -0.12932, -0.928675, -1.2e-05, 0.0, 0.0, 0.0, 1.0],
                [0.711678, -0.681243, -0.171528, -0.125006, -0.610472, -0.720544, 0.328847, -0.002831, -0.347618, -0.12932, -0.928675, -1.2e-05, 0.0, 0.0, 0.0, 1.0],
                [0.711678, -0.681243, -0.171528, -0.125006, -0.610472, -0.720544, 0.328847, -0.002831, -0.347618, -0.12932, -0.928675, -1.2e-05, 0.0, 0.0, 0.0, 1.0],
                [0.743737, -0.656434, -0.126289, -0.125006, -0.604823, -0.74126, 0.291072, -0.002831, -0.284683, -0.140098, -0.948329, -1.2e-05, 0.0, 0.0, 0.0, 1.0],
                [0.724061, -0.672118, -0.15489, -0.125006, -0.608722, -0.728292, 0.314718, -0.002831, -0.324333, -0.13359, -0.936462, -1.2e-05, 0.0, 0.0, 0.0, 1.0],
                [0.732062, -0.665929, -0.143604, -0.125006, -0.607315, -0.733461, 0.305293, -0.002831, -0.308632, -0.136281, -0.941368, -1.2e-05, 0.0, 0.0, 0.0, 1.0],
                [0.732062, -0.665929, -0.143604, -0.125006, -0.607315, -0.733461, 0.305293, -0.002831, -0.308632, -0.136281, -0.941368, -1.2e-05, 0.0, 0.0, 0.0, 1.0]
            ]
        },
        {
            "name": "Leg_L",
            "time": [0.0, 0.0667, 0.1333, 0.2, 0.2667, 0.3333, 0.4, 0.4667, 0.5333, 0.6, 0.6667, 0.7333, 0.8, 0.8667, 0.9333, 1.0, 1.0667, 1.1333, 1.2, 1.2667, 1.3333, 1.4, 1.4667],
            "transform": [
                [1.0, -1e-06, 1e-06, 0.0, -0.0, 0.639424, 0.768854, 0.374726, -1e-06, -0.768854, 0.639424, -0.0, 0.0, 0.0, 0.0, 1.0],
                [1.0, -1e-06, 1e-06, 0.0, -0.0, 0.642284, 0.766468, 0.374726, -1e-06, -0.766468, 0.642283, -0.0, 0.0, 0.0, 0.0, 1.0],
                [1.0, -1e-06, 1e-06, -0.0, -0.0, 0.649708, 0.760184, 0.374726, -1e-06, -0.760184, 0.649708, 0.0, 0.0, 0.0, 0.0, 1.0],
                [1.0, -1e-06, 1e-06, -0.0, -0.0, 0.659964, 0.751297, 0.374726, -1e-06, -0.751297, 0.659964, 0.0, 0.0, 0.0, 0.0, 1.0],
                [1.000001, -1e-06, 1e-06, -0.0, -0.0, 0.671087, 0.741379, 0.374726, -1e-06, -0.741379, 0.671086, 0.0, 0.0, 0.0, 0.0, 1.0],
                [1.0, -1e-06, 1e-06, -0.0, -0.0, 0.680807, 0.732463, 0.374726, -1e-06, -0.732463, 0.680806, -0.0, 0.0, 0.0, 0.0, 1.0],
                [1.0, -1e-06, 1e-06, -0.0, -0.0, 0.686659, 0.72698, 0.374726, -1e-06, -0.72698, 0.686659, 0.0, 0.0, 0.0, 0.0, 1.0],
                [1.0, -1e-06, 1e-06, -0.0, -0.0, 0.704888, 0.709319, 0.374726, -1e-06, -0.709319, 0.704887, 0.0, 0.0, 0.0, 0.0, 1.0],
                [1.0, -0.0, 1e-06, 0.0, 0.0, 0.743075, 0.669207, 0.374726, -1e-06, -0.669207, 0.743076, 0.0, 0.0, 0.0, 0.0, 1.0],
                [1.0, -0.0, 1e-06, -0.0, -0.0, 0.795468, 0.605995, 0.374726, -1e-06, -0.605995, 0.795467, 0.0, 0.0, 0.0, 0.0, 1.0],
                [1.0, -0.0, 1e-06, -0.0, 0.0, 0.893042, 0.449974, 0.374726, -1e-06, -0.449974, 0.893042, 0.0, 0.0, 0.0, 0.0, 1.0],
                [1.0, -0.0, 1e-06, 0.0, 0.0, 0.980564, 0.196206, 0.374726, -1e-06, -0.196206, 0.980563, 0.0, 0.0, 0.0, 0.0, 1.0],
                [1.0, -0.0, 1e-06, -0.0, -0.0, 0.84558, 0.533849, 0.374726, -1e-06, -0.533849, 0.845579, 0.0, 0.0, 0.0, 0.0, 1.0],
                [1.000001, -1e-06, 1e-06, -0.0, -0.0, 0.616245, 0.787555, 0.374726, -1e-06, -0.787554, 0.616245, -0.0, 0.0, 0.0, 0.0, 1.0],
                [1.0, -1e-06, 1e-06, 0.0, -0.0, 0.537941, 0.842982, 0.374726, -1e-06, -0.842982, 0.537941, -0.0, 0.0, 0.0, 0.0, 1.0],
                [1.0, -1e-06, 1e-06, -0.0, -0.0, 0.537941, 0.842983, 0.374726, -1e-06, -0.842982, 0.537941, -0.0, 0.0, 0.0, 0.0, 1.0],
                [1.0, -1e-06, 1e-06, 0.0, -0.0, 0.537941, 0.842983, 0.374726, -1e-06, -0.842982, 0.537941, 0.0, 0.0, 0.0, 0.0, 1.0],
                [1.0, -1e-06, 1e-06, 0.0, -0.0, 0.53794, 0.842983, 0.374726, -1e-06, -0.842982, 0.537941, -0.0, 0.0, 0.0, 0.0, 1.0],
                [1.0, -1e-06, 1e-06, 0.0, -0.0, 0.537941, 0.842983, 0.374726, -1e-06, -0.842982, 0.537941, 0.0, 0.0, 0.0, 0.0, 1.0],
                [1.0, -1e-06, 1e-06, 0.0, -0.0, 0.53794, 0.842983, 0.374726, -1e-06, -0.842983, 0.53794, 0.0, 0.0, 0.0, 0.0, 1.0],
                [1.0, -1e-06, 1e-06, 0.0, -0.0, 0.537941, 0.842983, 0.374726, -1e-06, -0.842983, 0.537941, 0.0, 0.0, 0.0, 0.0, 1.0],
                [1.0, -1e-06, 1e-06, 0.0, -0.0, 0.537941, 0.842983, 0.374726, -1e-06, -0.842983, 0.537941, -0.0, 0.0, 0.0, 0.0, 1.0],
                [1.0, -1e-06, 1e-06, 0.0, -0.0, 0.537941, 0.842983, 0.374726, -1e-06, -0.842983, 0.537941, -0.0, 0.0, 0.0, 0.0, 1.0]
            ]
        },
        {
            "name": "Knee_L",
            "time": [0.0, 1.4667],
            "transform": [
                [1.0, 0.0, -0.0, 0.0, -0.0, 0.00567, -0.999984, 0.410662, -0.0, 0.999984, 0.00567, -0.000204, 0.0, 0.0, 0.0, 1.0],
                [1.0, 0.0, -0.0, 0.0, -0.0, 0.00567, -0.999984, 0.423872, -0.0, 0.999984, 0.00567, -0.000279, 0.0, 0.0, 0.0, 1.0]
            ]
        },
        {
            "name": "Torso",
            "time": [0.0, 0.0667, 0.1333, 0.2, 0.2667, 0.3333, 0.4, 0.4667, 0.5333, 0.6, 0.6667, 0.7333, 0.8, 0.8667, 0.9333, 1.0, 1.0667, 1.1333, 1.2, 1.2667, 1.3333, 1.4, 1.4667],
            "transform": [
                [1.0, 0.0, -0.0, 0.0, 0.0, 1.0, -0.000689, 0.05, 0.0, 0.000689, 1.0, -0.0, 0.0, 0.0, 0.0, 1.0],
                [1.0, 0.0, -0.0, -0.0, 0.0, 1.0, -0.000689, 0.05, 0.0, 0.000689, 1.0, 0.0, 0.0, 0.0, 0.0, 1.0],
                [1.0, 0.0, -0.0, 0.0, 0.0, 1.0, -0.000689, 0.05, 0.0, 0.000689, 1.0, 0.0, 0.0, 0.0, 0.0, 1.0],
                [1.0, 0.0, -0.0, 0.0, -0.0, 1.0, -0.000689, 0.05, -0.0, 0.000689, 1.0, -0.0, 0.0, 0.0, 0.0, 1.0],
                [1.0, -0.0, 0.0, 0.0, 0.0, 1.0, -0.000689, 0.05, 0.0, 0.000689, 1.0, 0.0, 0.0, 0.0, 0.0, 1.0],
                [1.0, -0.0, 0.0, -0.0, 0.0, 1.0, -0.000689, 0.05, 0.0, 0.000689, 1.0, -0.0, 0.0, 0.0, 0.0, 1.0],
                [1.0, -0.0, -0.0, -0.0, 0.0, 1.0, -0.000689, 0.05, -0.0, 0.000689, 1.0, 0.0, 0.0, 0.0, 0.0, 1.0],
                [1.0, 0.0, 0.0, -0.0, 0.0, 1.0, -0.000689, 0.05, 0.0, 0.000689, 1.0, -0.0, 0.0, 0.0, 0.0, 1.0],
                [1.0, -0.0, -0.0, -0.0, -0.0, 1.0, -0.000689, 0.05, 0.0, 0.000689, 1.0, -0.0, 0.0, 0.0, 0.0, 1.0],
                [1.0, 0.0, 0.0, 0.0, 0.0, 1.0, -0.000689, 0.05, -0.0, 0.000689, 1.0, -0.0, 0.0, 0.0, 0.0, 1.0],
                [1.0, -0.0, -0.0, -0.0, 0.0, 1.0, -0.000689, 0.05, -0.0, 0.000689, 1.0, 0.0, 0.0, 0.0, 0.0, 1.0],
                [1.0, 0.0, -0.0, 0.0, -0.0, 1.0, -0.000689, 0.05, 0.0, 0.000689, 1.0, -0.0, 0.0, 0.0, 0.0, 1.0],
                [1.0, -0.0, -0.0, 0.0, 0.0, 1.0, -0.000689, 0.05, -0.0, 0.000689, 1.0, 0.0, 0.0, 0.0, 0.0, 1.0],
                [1.0, 0.0, -0.0, 0.0, -0.0, 1.0, -0.000689, 0.05, -0.0, 0.000689, 1.0, 0.0, 0.0, 0.0, 0.0, 1.0],
                [1.0, 0.0, -0.0, 0.0, 0.0, 1.0, -0.000689, 0.05, 0.0, 0.000689, 1.0, 0.0, 0.0, 0.0, 0.0, 1.0],
                [1.0, 0.0, -0.0, 0.0, -0.0, 1.0, -0.000689, 0.05, 0.0, 0.000689, 1.0, 0.0, 0.0, 0.0, 0.0, 1.0],
                [1.0, 0.0, -0.0, 0.0, -0.0, 1.0, -0.000689, 0.05, -0.0, 0.000689, 1.0, 0.0, 0.0, 0.0, 0.0, 1.0],
                [1.0, 0.0, -0.0, -0.0, -0.0, 1.0, -0.000689, 0.05, 0.0, 0.000689, 1.0, 0.0, 0.0, 0.0, 0.0, 1.0],
                [1.0, 0.0, -0.0, 0.0, -0.0, 1.0, -0.000689, 0.05, -0.0, 0.000689, 1.0, 0.0, 0.0, 0.0, 0.0, 1.0],
                [1.0, 0.0, -0.0, 0.0, -0.0, 1.0, -0.000689, 0.05, -0.0, 0.000689, 1.0, 0.0, 0.0, 0.0, 0.0, 1.0],
                [1.0, 0.0, -0.0, 0.0, -0.0, 1.0, -0.000689, 0.05, -0.0, 0.000689, 1.0, 0.0, 0.0, 0.0, 0.0, 1.0],
                [1.0, 0.0, -0.0, 0.0, -0.0, 1.0, -0.000689, 0.05, 0.0, 0.000689, 1.0, 0.0, 0.0, 0.0, 0.0, 1.0],
                [1.0, 0.0, -0.0, 0.0, -0.0, 1.0, -0.000689, 0.05, -0.0, 0.000689, 1.0, 0.0, 0.0, 0.0, 0.0, 1.0]
            ]
        },
        {
            "name": "Chest",
            "time": [0.0, 0.0667, 0.1333, 0.2, 0.2667, 0.3333, 0.4, 0.4667, 0.5333, 0.6, 0.6667, 0.7333, 0.8, 0.8667, 0.9333, 1.0, 1.0667, 1.1333, 1.2, 1.2667, 1.3333, 1.4, 1.4667],
            "transform": [
                [0.983473, 0.138371, -0.116762, -0.0, -0.038198, 0.788967, 0.613246, 0.3, 0.176977, -0.598651, 0.781214, -0.0, 0.0, 0.0, 0.0, 1.0],
                [0.956247, 0.200206, -0.213331, 0.0, 0.003809, 0.720602, 0.693339, 0.3, 0.292537, -0.663816, 0.68831, 0.0, 0.0, 0.0, 0.0, 1.0],
                [0.845814, 0.342771, -0.408787, 0.0, 0.130954, 0.60942, 0.781958, 0.3, 0.517156, -0.714923, 0.470569, -0.0, 0.0, 0.0, 0.0, 1.0],
                [0.671951, 0.455623, -0.583857, 0.0, 0.26144, 0.591672, 0.762609, 0.3, 0.692915, -0.66508, 0.278457, 0.0, 0.0, 0.0, 0.0, 1.0],
                [0.544429, 0.508196, -0.667333, 0.0, 0.329684, 0.601906, 0.727336, 0.3, 0.771302, -0.615992, 0.160151, -0.0, 0.0, 0.0, 0.0, 1.0],
                [0.49723, 0.534109, -0.683732, -0.0, 0.346827, 0.599991, 0.720917, 0.3, 0.795282, -0.595598, 0.11309, 0.0, 0.0, 0.0, 0.0, 1.0],
                [0.482847, 0.558644, -0.674371, -0.0, 0.335015, 0.593667, 0.731658, 0.3, 0.809089, -0.579203, 0.099496, -0.0, 0.0, 0.0, 0.0, 1.0],
                [0.579233, 0.557851, -0.594384, -0.0, 0.254233, 0.569163, 0.781933, 0.3, 0.774503, -0.604033, 0.187854, 0.0, 0.0, 0.0, 0.0, 1.0],
                [0.839106, 0.45824, -0.293117, 0.0, 0.012937, 0.521886, 0.852917, 0.3, 0.543814, -0.71948, 0.431989, 0.0, 0.0, 0.0, 0.0, 1.0],
                [0.948997, 0.272805, 0.158056, -0.0, -0.28589, 0.533216, 0.796208, 0.3, 0.132932, -0.800786, 0.584013, 0.0, 0.0, 0.0, 0.0, 1.0],
                [0.813629, 0.093201, 0.573865, -0.0, -0.491116, 0.638442, 0.592618, 0.3, -0.311147, -0.764006, 0.565228, -0.0, 0.0, 0.0, 0.0, 1.0],
                [0.485729, 0.001256, 0.874108, -0.0, -0.378759, 0.901547, 0.209175, 0.3, -0.787787, -0.432679, 0.438383, -0.0, 0.0, 0.0, 0.0, 1.0],
                [0.234369, -0.048692, 0.970928, 0.0, 0.234428, 0.972102, -0.007837, 0.3, -0.943459, 0.229449, 0.239245, 0.0, 0.0, 0.0, 0.0, 1.0],
                [0.385786, -0.409915, 0.826522, 0.0, 0.334742, 0.897016, 0.288634, 0.3, -0.859719, 0.16532, 0.483273, 0.0, 0.0, 0.0, 0.0, 1.0],
                [0.554879, -0.567892, 0.607954, 0.0, 0.332128, 0.821227, 0.463979, 0.3, -0.762759, -0.055533, 0.644294, -0.0, 0.0, 0.0, 0.0, 1.0],
                [0.554879, -0.567892, 0.607954, 0.0, 0.332128, 0.821227, 0.463979, 0.3, -0.762759, -0.055533, 0.644294, 0.0, 0.0, 0.0, 0.0, 1.0],
                [0.554878, -0.567892, 0.607954, 0.0, 0.332128, 0.821227, 0.463979, 0.3, -0.762759, -0.055533, 0.644294, 0.0, 0.0, 0.0, 0.0, 1.0],
                [0.554879, -0.567892, 0.607954, 0.0, 0.332128, 0.821227, 0.463979, 0.3, -0.762759, -0.055533, 0.644294, 0.0, 0.0, 0.0, 0.0, 1.0],
                [0.554879, -0.567892, 0.607954, 0.0, 0.332128, 0.821227, 0.463979, 0.3, -0.762759, -0.055533, 0.644294, 0.0, 0.0, 0.0, 0.0, 1.0],
                [0.542064, -0.588946, 0.599424, 0.0, 0.339772, 0.806012, 0.484664, 0.3, -0.768584, -0.059051, 0.637017, 0.0, 0.0, 0.0, 0.0, 1.0],
                [0.506035, -0.644375, 0.573331, 0.0, 0.358675, 0.761734, 0.539549, 0.3, -0.784398, -0.067391, 0.616586, 0.0, 0.0, 0.0, 0.0, 1.0],
                [0.504248, -0.646988, 0.571961, 0.0, 0.359519, 0.759484, 0.542153, 0.3, -0.785162, -0.067749, 0.615574, 0.0, 0.0, 0.0, 0.0, 1.0],
                [0.504249, -0.646988, 0.571961, 0.0, 0.359519, 0.759484, 0.542153, 0.3, -0.785162, -0.067749, 0.615574, 0.0, 0.0, 0.0, 0.0, 1.0]
            ]
        },
        {
            "name": "Head",
            "time": [0.0, 0.0667, 0.1333, 0.2, 0.2667, 0.3333, 0.4, 0.4667, 0.5333, 0.6, 0.6667, 0.7333, 0.8, 0.8667, 0.9333, 1.0, 1.0667, 1.1333, 1.2, 1.2667, 1.3333, 1.4, 1.4667],
            "transform": [
                [0.722331, -0.115157, 0.681892, -0.0, 0.322521, 0.928333, -0.184873, 0.4, -0.611733, 0.353464, 0.707705, -0.0, 0.0, 0.0, 0.0, 1.0],
                [0.719636, -0.123294, 0.683317, 0.0, 0.332565, 0.925091, -0.183323, 0.4, -0.609528, 0.359173, 0.706732, 0.0, 0.0, 0.0, 0.0, 1.0],
                [0.710364, -0.140085, 0.689753, 0.0, 0.355198, 0.917396, -0.179495, 0.4, -0.607632, 0.372505, 0.701443, 0.0, 0.0, 0.0, 0.0, 1.0],
                [0.692938, -0.154099, 0.704337, 0.0, 0.379348, 0.908668, -0.174405, 0.4, -0.613133, 0.388041, 0.688108, -0.0, 0.0, 0.0, 0.0, 1.0],
                [0.665931, -0.154118, 0.72992, -0.0, 0.394397, 0.903246, -0.169108, 0.4, -0.633235, 0.400492, 0.662283, 0.0, 0.0, 0.0, 0.0, 1.0],
                [0.58642, -0.128997, 0.79967, 0.0, 0.403978, 0.90227, -0.1507, 0.4, -0.702079, 0.411422, 0.581221, 0.0, 0.0, 0.0, 0.0, 1.0],
                [0.502294, -0.1013, 0.858743, 0.0, 0.410291, 0.90212, -0.133569, 0.4, -0.761159, 0.419426, 0.494692, -0.0, 0.0, 0.0, 0.0, 1.0],
                [0.501705, -0.092545, 0.860074, 0.0, 0.412406, 0.899584, -0.143772, 0.4, -0.760404, 0.426831, 0.489492, 0.0, 0.0, 0.0, 0.0, 1.0],
                [0.520631, -0.075189, 0.850465, -0.0, 0.405311, 0.898481, -0.168686, 0.4, -0.751443, 0.432526, 0.498251, -0.0, 0.0, 0.0, 0.0, 1.0],
                [0.573886, -0.038234, 0.818042, 0.0, 0.369177, 0.90373, -0.216751, 0.4, -0.731002, 0.426393, 0.532753, -0.0, 0.0, 0.0, 0.0, 1.0],
                [0.673945, 0.032874, 0.73805, -0.0, 0.275595, 0.915709, -0.292445, 0.4, -0.685454, 0.400494, 0.608077, 0.0, 0.0, 0.0, 0.0, 1.0],
                [0.87817, 0.162242, 0.449995, -0.0, 0.025828, 0.92327, -0.383282, 0.4, -0.477651, 0.348209, 0.806598, 0.0, 0.0, 0.0, 0.0, 1.0],
                [0.967461, 0.253016, -0.001542, 0.0, -0.241771, 0.922633, -0.300491, 0.4, -0.074606, 0.291086, 0.953783, -0.0, 0.0, 0.0, 0.0, 1.0],
                [0.991237, 0.129899, -0.024003, -0.0, -0.132088, 0.976886, -0.168069, 0.4, 0.001617, 0.169766, 0.985483, 0.0, 0.0, 0.0, 0.0, 1.0],
                [0.999666, 0.011755, -0.023009, -0.0, -0.012257, 0.999687, -0.021823, 0.4, 0.022746, 0.022098, 0.999497, 0.0, 0.0, 0.0, 0.0, 1.0],
                [0.998552, 0.03941, -0.036608, 0.0, -0.036056, 0.995453, 0.088158, 0.4, 0.039916, -0.08671, 0.995434, -0.0, 0.0, 0.0, 0.0, 1.0],
                [0.996787, 0.066511, -0.04462, 0.0, -0.060209, 0.989663, 0.130159, 0.4, 0.052816, -0.127055, 0.990489, -0.0, 0.0, 0.0, 0.0, 1.0],
                [0.996787, 0.066511, -0.04462, 0.0, -0.060209, 0.989663, 0.130159, 0.4, 0.052816, -0.127055, 0.990489, -0.0, 0.0, 0.0, 0.0, 1.0],
                [0.996788, 0.066511, -0.04462, -0.0, -0.060209, 0.989663, 0.130159, 0.4, 0.052816, -0.127055, 0.990489, -0.0, 0.0, 0.0, 0.0, 1.0],
                [0.99774, 0.054259, -0.03964, -0.0, -0.048251, 0.989066, 0.139358, 0.4, 0.046768, -0.13713, 0.989448, 0.0, 0.0, 0.0, 0.0, 1.0],
                [0.999146, 0.016135, -0.038036, -0.0, -0.010386, 0.989116, 0.146771, 0.4, 0.03999, -0.146251, 0.988439, 0.0, 0.0, 0.0, 0.0, 1.0],
                [0.998757, -0.006318, -0.049436, 0.0, 0.012992, 0.990641, 0.135877, 0.4, 0.048115, -0.13635, 0.989492, 0.0, 0.0, 0.0, 0.0, 1.0],
                [0.998314, -0.013152, -0.056535, -0.0, 0.02034, 0.991499, 0.128515, 0.4, 0.054365, -0.129448, 0.990095, 0.0, 0.0, 0.0, 0.0, 1.0]
            ]
        },
        {
            "name": "Shoulder_R",
            "time": [0.0, 0.0667, 0.1333, 0.2, 0.2667, 0.3333, 0.4, 0.4667, 0.5333, 0.6, 0.6667, 0.7333, 0.8, 0.8667, 0.9333, 1.0, 1.0667, 1.1333, 1.2, 1.2667, 1.3333, 1.4, 1.4667],
            "transform": [
                [0.0, 0.952114, 0.305743, -0.0, -0.0, -0.305743, 0.952114, 0.4, 1.0, 0.0, -0.0, -0.0, 0.0, 0.0, 0.0, 1.0],
                [0.0, 0.952114, 0.305743, 0.0, 0.0, -0.305743, 0.952114, 0.4, 1.0, 0.0, 0.0, 0.0, 0.0, 0.0, 0.0, 1.0],
                [0.0, 0.952114, 0.305743, 0.0, 0.0, -0.305743, 0.952114, 0.4, 1.0, -0.0, -0.0, 0.0, 0.0, 0.0, 0.0, 1.0],
                [0.0, 0.952114, 0.305743, 0.0, 0.0, -0.305743, 0.952114, 0.4, 1.0, -0.0, -0.0, -0.0, 0.0, 0.0, 0.0, 1.0],
                [0.0, 0.952114, 0.305743, -0.0, -0.0, -0.305743, 0.952114, 0.4, 1.0, 0.0, -0.0, 0.0, 0.0, 0.0, 0.0, 1.0],
                [0.0, 0.952114, 0.305743, 0.0, 0.0, -0.305743, 0.952114, 0.4, 1.0, 0.0, -0.0, 0.0, 0.0, 0.0, 0.0, 1.0],
                [0.0, 0.952114, 0.305743, 0.0, 0.0, -0.305743, 0.952114, 0.4, 1.0, -0.0, -0.0, -0.0, 0.0, 0.0, 0.0, 1.0],
                [0.0, 0.952114, 0.305743, 0.0, 0.0, -0.305743, 0.952114, 0.4, 1.0, -0.0, -0.0, 0.0, 0.0, 0.0, 0.0, 1.0],
                [0.0, 0.952114, 0.305743, -0.0, -0.0, -0.305743, 0.952114, 0.4, 1.0, 0.0, -0.0, -0.0, 0.0, 0.0, 0.0, 1.0],
                [0.0, 0.952114, 0.305743, 0.0, 0.0, -0.305743, 0.952114, 0.4, 1.0, 0.0, -0.0, -0.0, 0.0, 0.0, 0.0, 1.0],
                [0.0, 0.952114, 0.305743, -0.0, 0.0, -0.305743, 0.952114, 0.4, 1.0, -0.0, -0.0, 0.0, 0.0, 0.0, 0.0, 1.0],
                [0.0, 0.952114, 0.305743, -0.0, -0.0, -0.305743, 0.952114, 0.4, 1.0, -0.0, 0.0, 0.0, 0.0, 0.0, 0.0, 1.0],
                [0.0, 0.952114, 0.305743, 0.0, 0.0, -0.305743, 0.952114, 0.4, 1.0, -0.0, -0.0, -0.0, 0.0, 0.0, 0.0, 1.0],
                [0.0, 0.952114, 0.305743, -0.0, -0.0, -0.305743, 0.952114, 0.4, 1.0, 0.0, -0.0, 0.0, 0.0, 0.0, 0.0, 1.0],
                [0.0, 0.952114, 0.305743, -0.0, 0.0, -0.305743, 0.952114, 0.4, 1.0, -0.0, 0.0, 0.0, 0.0, 0.0, 0.0, 1.0],
                [0.0, 0.952114, 0.305743, 0.0, 0.0, -0.305743, 0.952114, 0.4, 1.0, -0.0, -0.0, -0.0, 0.0, 0.0, 0.0, 1.0],
                [0.0, 0.952114, 0.305743, 0.0, 0.0, -0.305743, 0.952114, 0.4, 1.0, -0.0, 0.0, -0.0, 0.0, 0.0, 0.0, 1.0],
                [0.0, 0.952114, 0.305743, 0.0, -0.0, -0.305743, 0.952114, 0.4, 1.0, -0.0, -0.0, -0.0, 0.0, 0.0, 0.0, 1.0],
                [0.0, 0.952114, 0.305743, -0.0, 0.0, -0.305743, 0.952114, 0.4, 1.0, -0.0, 0.0, -0.0, 0.0, 0.0, 0.0, 1.0],
                [0.0, 0.952114, 0.305743, -0.0, -0.0, -0.305743, 0.952114, 0.4, 1.0, -0.0, -0.0, 0.0, 0.0, 0.0, 0.0, 1.0],
                [0.0, 0.952114, 0.305743, -0.0, 0.0, -0.305743, 0.952114, 0.4, 1.0, -0.0, -0.0, 0.0, 0.0, 0.0, 0.0, 1.0],
                [0.0, 0.952114, 0.305743, 0.0, -0.0, -0.305743, 0.952114, 0.4, 1.0, 0.0, 0.0, 0.0, 0.0, 0.0, 0.0, 1.0],
                [0.0, 0.952114, 0.305743, -0.0, -0.0, -0.305743, 0.952114, 0.4, 1.0, 0.0, 0.0, 0.0, 0.0, 0.0, 0.0, 1.0]
            ]
        },
        {
            "name": "Arm_R",
            "time": [0.0, 0.0667, 0.1333, 0.2, 0.2667, 0.3333, 0.4, 0.4667, 0.5333, 0.6, 0.6667, 0.7333, 0.8, 0.8667, 0.9333, 1.0, 1.0667, 1.1333, 1.2, 1.2667, 1.3333, 1.4, 1.4667],
            "transform": [
                [0.226954, -0.285154, 0.931225, 0.0, 0.948522, 0.281602, -0.144939, 0.393861, -0.220906, 0.916181, 0.334386, 0.0, 0.0, 0.0, 0.0, 1.0],
                [0.042427, -0.385147, 0.92188, 0.0, 0.992625, 0.121126, 0.004921, 0.393861, -0.113559, 0.914872, 0.387446, -0.0, 0.0, 0.0, 0.0, 1.0],
                [-0.275203, -0.322368, 0.905728, -0.0, 0.95644, -0.187256, 0.223963, 0.393861, 0.097404, 0.927909, 0.359859, 0.0, 0.0, 0.0, 0.0, 1.0],
                [-0.500244, -0.270762, 0.822463, -0.0, 0.851517, -0.326148, 0.410545, 0.393861, 0.157084, 0.905714, 0.393712, 0.0, 0.0, 0.0, 0.0, 1.0],
                [-0.645847, -0.275673, 0.711961, -0.0, 0.759346, -0.328717, 0.561551, 0.39386, 0.079229, 0.9033, 0.421632, -0.0, 0.0, 0.0, 0.0, 1.0],
                [-0.762306, -0.288974, 0.579126, 0.0, 0.645939, -0.283448, 0.708817, 0.393861, -0.040677, 0.914414, 0.402733, 0.0, 0.0, 0.0, 0.0, 1.0],
                [-0.832854, -0.269832, 0.483267, -0.0, 0.54747, -0.273131, 0.790998, 0.393861, -0.081442, 0.923359, 0.375202, 0.0, 0.0, 0.0, 0.0, 1.0],
                [-0.830839, -0.166087, 0.531151, -0.0, 0.556471, -0.236263, 0.796568, 0.39386, -0.006808, 0.957389, 0.28872, 0.0, 0.0, 0.0, 0.0, 1.0],
                [-0.611295, 0.39872, 0.683625, 0.0, 0.781297, 0.166437, 0.601559, 0.39386, 0.126073, 0.901844, -0.413261, 0.0, 0.0, 0.0, 0.0, 1.0],
                [-0.447933, 0.759862, 0.471134, -0.0, 0.888265, 0.438164, 0.137836, 0.393861, -0.101698, 0.480233, -0.871226, -0.0, 0.0, 0.0, 0.0, 1.0],
                [-0.38225, 0.887969, -0.255727, 0.0, 0.883544, 0.270169, -0.382567, 0.39386, -0.270619, -0.372182, -0.887833, -0.0, 0.0, 0.0, 0.0, 1.0],
                [-0.294696, 0.83278, 0.468651, -0.0, 0.62435, 0.539075, -0.565319, 0.39386, -0.723424, 0.126006, -0.678809, 0.0, 0.0, 0.0, 0.0, 1.0],
                [-0.355135, 0.747974, 0.560727, -0.0, 0.130457, 0.633612, -0.762573, 0.393861, -0.925668, -0.197665, -0.322596, -0.0, 0.0, 0.0, 0.0, 1.0],
                [-0.211376, -0.072707, 0.974697, -0.0, -0.119154, 0.991709, 0.048136, 0.393861, -0.970115, -0.105965, -0.218287, -0.0, 0.0, 0.0, 0.0, 1.0],
                [-0.589065, -0.785563, 0.18946, -0.0, 0.138168, 0.133091, 0.981426, 0.39386, -0.796187, 0.604301, 0.03014, -0.0, 0.0, 0.0, 0.0, 1.0],
                [-0.510573, -0.858154, -0.053745, -0.0, 0.480687, -0.336702, 0.809674, 0.393861, -0.712921, 0.387563, 0.584415, 0.0, 0.0, 0.0, 0.0, 1.0],
                [-0.412472, -0.836601, -0.360508, -0.0, 0.532684, -0.542533, 0.649543, 0.39386, -0.738996, 0.075881, 0.669424, -0.0, 0.0, 0.0, 0.0, 1.0],
                [-0.404427, -0.834493, -0.374248, -0.0, 0.529636, -0.547306, 0.64803, 0.39386, -0.745604, 0.063866, 0.663323, -0.0, 0.0, 0.0, 0.0, 1.0],
                [-0.404427, -0.834493, -0.374248, 0.0, 0.529636, -0.547306, 0.64803, 0.393861, -0.745604, 0.063866, 0.663323, -0.0, 0.0, 0.0, 0.0, 1.0],
                [-0.453779, -0.831716, -0.319899, -0.0, 0.613141, -0.551915, 0.565198, 0.393861, -0.64664, 0.060332, 0.760407, -0.0, 0.0, 0.0, 0.0, 1.0],
                [-0.530257, -0.814153, -0.236609, 0.0, 0.721591, -0.579886, 0.378206, 0.39386, -0.445124, 0.029812, 0.894973, -0.0, 0.0, 0.0, 0.0, 1.0],
                [-0.549315, -0.794294, -0.25952, -0.0, 0.714678, -0.607514, 0.346645, 0.39386, -0.433001, 0.004944, 0.901381, 0.0, 0.0, 0.0, 0.0, 1.0],
                [-0.551943, -0.791206, -0.263352, -0.0, 0.713147, -0.611549, 0.342679, 0.393861, -0.432182, 0.001331, 0.901787, 0.0, 0.0, 0.0, 0.0, 1.0]
            ]
        },
        {
            "name": "Hand_R",
            "time": [0.0, 0.0667, 0.1333, 0.2, 0.2667, 0.3333, 0.4, 0.4667, 0.5333, 0.6, 0.6667, 0.7333, 0.8, 0.8667, 0.9333, 1.0, 1.0667, 1.1333, 1.2, 1.2667, 1.3333, 1.4, 1.4667],
            "transform": [
                [1.0, -6e-06, 6e-06, 0.0, 6e-06, 0.055931, -0.998436, 0.300003, 6e-06, 0.998434, 0.055931, 0.0, 0.0, 0.0, 0.0, 1.0],
                [1.0, -3e-06, 4e-06, -0.0, 4e-06, -0.051593, -0.998668, 0.300003, 4e-06, 0.998668, -0.051593, -0.0, 0.0, 0.0, 0.0, 1.0],
                [1.0, -4e-06, 4e-06, -0.0, 4e-06, 0.092418, -0.99572, 0.300002, 4e-06, 0.995721, 0.092418, 0.0, 0.0, 0.0, 0.0, 1.0],
                [1.0, -4e-06, 3e-06, -0.0, 4e-06, 0.307057, -0.951692, 0.300003, 3e-06, 0.951691, 0.307057, -0.0, 0.0, 0.0, 0.0, 1.0],
                [1.0, -2e-06, 1e-06, 0.0, 2e-06, 0.410013, -0.91208, 0.300003, 1e-06, 0.912079, 0.410013, -0.0, 0.0, 0.0, 0.0, 1.0],
                [1.0, -3e-06, 2e-06, 0.0, 3e-06, 0.434454, -0.900695, 0.300002, 2e-06, 0.900694, 0.434453, 0.0, 0.0, 0.0, 0.0, 1.0],
                [1.0, 0.0, 0.0, -0.0, 0.0, 0.449958, -0.89305, 0.300003, 0.0, 0.89305, 0.449957, 0.0, 0.0, 0.0, 0.0, 1.0],
                [1.0, -7e-06, 6e-06, -0.0, 7e-06, 0.088455, -0.996081, 0.300003, 6e-06, 0.996079, 0.088455, -0.0, 0.0, 0.0, 0.0, 1.0],
                [1.0, -7e-06, 7e-06, 0.0, 7e-06, -0.062697, -0.998031, 0.300003, 7e-06, 0.998034, -0.062697, 0.0, 0.0, 0.0, 0.0, 1.0],
                [1.0, -7e-06, 5e-06, 0.0, 7e-06, 0.281496, -0.959562, 0.300003, 5e-06, 0.959563, 0.281496, 0.0, 0.0, 0.0, 0.0, 1.0],
                [1.0, -0.0, 0.0, -0.0, -0.0, 1.0, -0.000993, 0.300002, -0.0, 0.000993, 1.0, 0.0, 0.0, 0.0, 0.0, 1.0],
                [1.0, -2e-06, 1e-06, -0.0, 2e-06, 0.840846, -0.541274, 0.300003, 0.0, 0.541275, 0.840845, -0.0, 0.0, 0.0, 0.0, 1.0],
                [1.0, 0.0, 0.0, -0.0, 0.0, 1.0, -0.000995, 0.300002, -0.0, 0.000995, 1.0, -0.0, 0.0, 0.0, 0.0, 1.0],
                [1.0, 0.0, 0.0, -0.0, -0.0, 1.0, -0.000993, 0.300003, -0.0, 0.000993, 1.0, 0.0, 0.0, 0.0, 0.0, 1.0],
                [1.0, -1e-06, 0.0, 0.0, 1e-06, 0.931234, -0.364422, 0.300003, 0.0, 0.364422, 0.931234, 0.0, 0.0, 0.0, 0.0, 1.0],
                [1.0, 0.0, -0.0, 0.0, 0.0, 0.999999, -0.001002, 0.300003, -0.0, 0.001002, 1.0, 0.0, 0.0, 0.0, 0.0, 1.0],
                [1.000001, 0.0, 0.0, 0.0, -0.0, 1.0, -0.001009, 0.300003, 0.0, 0.001009, 1.0, 0.0, 0.0, 0.0, 0.0, 1.0],
                [1.0, -0.0, 0.0, -0.0, -0.0, 0.999999, -0.001009, 0.300002, -0.0, 0.001009, 1.0, 0.0, 0.0, 0.0, 0.0, 1.0],
                [1.0, -0.0, 0.0, -0.0, -0.0, 1.0, -0.001009, 0.300003, -0.0, 0.001009, 1.0, -0.0, 0.0, 0.0, 0.0, 1.0],
                [1.0, 0.0, -0.0, -0.0, -0.0, 1.0, -0.001008, 0.300002, -0.0, 0.001008, 1.0, -0.0, 0.0, 0.0, 0.0, 1.0],
                [1.0, -0.0, 0.0, 0.0, -0.0, 1.0, -0.001005, 0.300002, -0.0, 0.001005, 1.0, 0.0, 0.0, 0.0, 0.0, 1.0],
                [1.0, -0.0, 0.0, 0.0, -0.0, 1.0, -0.001005, 0.300003, -0.0, 0.001005, 1.0, 0.0, 0.0, 0.0, 0.0, 1.0],
                [1.0, -0.0, 0.0, 0.0, 0.0, 1.0, -0.001005, 0.300003, -0.0, 0.001005, 1.0, 0.0, 0.0, 0.0, 0.0, 1.0]
            ]
        },
        {
            "name": "Tool_R",
            "time": [0.0, 0.0667, 0.1333, 0.2, 0.2667, 0.3333, 0.4, 0.4667, 0.5333, 0.6, 0.6667, 0.7333, 0.8, 0.8667, 0.9333, 1.0, 1.0667, 1.1333, 1.2, 1.2667, 1.3333, 1.4, 1.4667],
            "transform": [
