{
    "animation": [
        {
            "name": "Root",
            "time": [0.0, 0.1, 0.2, 0.3, 0.4, 0.5, 0.6, 0.7, 0.8, 0.9, 1.0, 1.1, 1.2, 1.3, 1.4, 1.5, 1.6, 1.7, 1.8, 1.9, 2.0, 2.1, 2.2, 2.3, 2.4, 2.5, 2.6, 2.7, 2.8, 2.9, 3.0],
            "transform": [
                [0.721314, -0.00701, 0.692572, -0.04245, 0.676449, 0.221869, -0.702276, -0.034541, -0.148737, 0.975051, 0.164779, 0.565781, 0.0, 0.0, 0.0, 1.0],
                [0.544035, -0.636747, 0.546425, 0.098521, 0.835294, 0.349347, -0.424548, -0.139136, 0.079438, 0.687394, 0.721927, 0.47537, 0.0, 0.0, 0.0, 1.0],
                [0.696528, -0.548278, 0.46286, 0.066504, 0.705231, 0.404187, -0.582479, -0.421931, 0.132279, 0.732136, 0.66819, 0.47537, 0.0, 0.0, 0.0, 1.0],
                [0.977581, -0.207996, 0.03276, -0.009844, 0.138935, 0.52028, -0.842618, -0.722514, 0.158217, 0.828279, 0.537514, 0.47537, 0.0, 0.0, 0.0, 1.0],
                [0.842015, 0.217343, -0.493734, -0.100968, -0.530375, 0.500749, -0.684071, -0.89503, 0.098559, 0.837862, 0.536912, 0.47537, 0.0, 0.0, 0.0, 1.0],
                [0.451238, 0.498179, -0.740407, -0.177315, -0.889295, 0.320214, -0.326523, -0.958588, 0.074422, 0.80578, 0.587521, 0.47537, 0.0, 0.0, 0.0, 1.0],
                [0.067686, 0.62667, -0.77634, -0.209332, -0.99377, 0.111399, 0.00328, -0.967668, 0.088539, 0.771282, 0.630306, 0.47537, 0.0, 0.0, 0.0, 1.0],
                [-0.288398, 0.639866, -0.712318, -0.199049, -0.952087, -0.112567, 0.284356, -0.967668, 0.101766, 0.760197, 0.641673, 0.47537, 0.0, 0.0, 0.0, 1.0],
                [-0.569001, 0.565983, -0.596575, -0.179951, -0.816669, -0.303886, 0.490618, -0.967668, 0.096391, 0.766366, 0.635132, 0.47537, 0.0, 0.0, 0.0, 1.0],
                [-0.678127, 0.510174, -0.529024, -0.169668, -0.729592, -0.380588, 0.568197, -0.967668, 0.088539, 0.771281, 0.630306, 0.47537, 0.0, 0.0, 0.0, 1.0],
                [-0.678127, 0.510174, -0.529024, -0.169668, -0.729593, -0.380588, 0.568197, -0.967668, 0.088539, 0.771281, 0.630306, 0.47537, 0.0, 0.0, 0.0, 1.0],
                [-0.678127, 0.510174, -0.529024, -0.169668, -0.729593, -0.380588, 0.568197, -0.967668, 0.088539, 0.771281, 0.630306, 0.47537, 0.0, 0.0, 0.0, 1.0],
                [-0.633798, 0.517491, -0.574895, -0.16633, -0.769461, -0.345967, 0.536877, -0.943682, 0.078934, 0.78263, 0.617462, 0.488953, 0.0, 0.0, 0.0, 1.0],
                [-0.324247, 0.511961, -0.795462, -0.14964, -0.94494, -0.136024, 0.297632, -0.823753, 0.044174, 0.848171, 0.527878, 0.55687, 0.0, 0.0, 0.0, 1.0],
                [0.130917, 0.386424, -0.912983, -0.132949, -0.989573, 0.106715, -0.096732, -0.703824, 0.06005, 0.916127, 0.396365, 0.624786, 0.0, 0.0, 0.0, 1.0],
                [0.549795, 0.172367, -0.817322, -0.118422, -0.824975, 0.265419, -0.498968, -0.599441, 0.130927, 0.9486, 0.288125, 0.681213, 0.0, 0.0, 0.0, 1.0],
                [0.673746, 0.148933, -0.723799, -0.112847, -0.728437, 0.298583, -0.616626, -0.559379, 0.124278, 0.942691, 0.309658, 0.686106, 0.0, 0.0, 0.0, 1.0],
                [0.997956, -0.025924, -0.058415, -0.084344, -0.04369, 0.39035, -0.919629, -0.354571, 0.046642, 0.920301, 0.38842, 0.57306, 0.0, 0.0, 0.0, 1.0],
                [0.708151, -0.226417, 0.668774, -0.04245, 0.702253, 0.324105, -0.633874, -0.053541, -0.073233, 0.918527, 0.388518, 0.406903, 0.0, 0.0, 0.0, 1.0],
                [0.708151, -0.226417, 0.668774, -0.04245, 0.702253, 0.324105, -0.633874, -0.053541, -0.073233, 0.918527, 0.388518, 0.406903, 0.0, 0.0, 0.0, 1.0],
                [0.708151, -0.226417, 0.668774, -0.04245, 0.702253, 0.324105, -0.633874, -0.053541, -0.073233, 0.918527, 0.388518, 0.406903, 0.0, 0.0, 0.0, 1.0],
                [0.708151, -0.226417, 0.668774, -0.04245, 0.702253, 0.324105, -0.633874, -0.053541, -0.073233, 0.918527, 0.388518, 0.406903, 0.0, 0.0, 0.0, 1.0],
                [0.708151, -0.226417, 0.668774, -0.04245, 0.702253, 0.324105, -0.633874, -0.053541, -0.073233, 0.918527, 0.388518, 0.406903, 0.0, 0.0, 0.0, 1.0],
                [0.708151, -0.226417, 0.668774, -0.04245, 0.702253, 0.324105, -0.633874, -0.053541, -0.073233, 0.918527, 0.388518, 0.406903, 0.0, 0.0, 0.0, 1.0],
                [0.708253, -0.225415, 0.669004, -0.04245, 0.702115, 0.323674, -0.634247, -0.053452, -0.07357, 0.918925, 0.38751, 0.407645, 0.0, 0.0, 0.0, 1.0],
                [0.711145, -0.195134, 0.675422, -0.04245, 0.698035, 0.310465, -0.645259, -0.050783, -0.083783, 0.930341, 0.356995, 0.429964, 0.0, 0.0, 0.0, 1.0],
                [0.715684, -0.137248, 0.684807, -0.04245, 0.690714, 0.284385, -0.664861, -0.045743, -0.103498, 0.948835, 0.298329, 0.472111, 0.0, 0.0, 0.0, 1.0],
                [0.719269, -0.072392, 0.69095, -0.04245, 0.683233, 0.253908, -0.684634, -0.040155, -0.125875, 0.964516, 0.232089, 0.518834, 0.0, 0.0, 0.0, 1.0],
                [0.720979, -0.022182, 0.692602, -0.04245, 0.677956, 0.229421, -0.698385, -0.035844, -0.143405, 0.973075, 0.180446, 0.55488, 0.0, 0.0, 0.0, 1.0],
                [0.721315, -0.00701, 0.692572, -0.04245, 0.676448, 0.221869, -0.702276, -0.034541, -0.148737, 0.975051, 0.164779, 0.565781, 0.0, 0.0, 0.0, 1.0],
                [0.721314, -0.00701, 0.692572, -0.04245, 0.676449, 0.221869, -0.702276, -0.034541, -0.148737, 0.975051, 0.164779, 0.565781, 0.0, 0.0, 0.0, 1.0]
            ]
        },
        {
            "name": "Thigh_R",
            "time": [0.0, 0.1, 0.2, 0.3, 0.4, 0.5, 0.6, 0.7, 0.8, 0.9, 1.0, 1.1, 1.2, 1.3, 1.4, 1.5, 1.6, 1.7, 1.8, 1.9, 2.0, 2.1, 2.2, 2.3, 2.4, 2.5, 2.6, 2.7, 2.8, 2.9, 3.0],
            "transform": [
                [0.547088, 0.836033, 0.041725, 0.124994, 0.307113, -0.24684, 0.919104, -0.002831, 0.778701, -0.490016, -0.391801, -1.2e-05, 0.0, 0.0, 0.0, 1.0],
                [0.610521, 0.770589, 0.182904, 0.124994, -0.43198, 0.130431, 0.892402, -0.002831, 0.66382, -0.623841, 0.41251, -1.2e-05, 0.0, 0.0, 0.0, 1.0],
                [0.747289, 0.53979, 0.387538, 0.124994, -0.269452, -0.286948, 0.91927, -0.002831, 0.607417, -0.791381, -0.068986, -1.2e-05, 0.0, 0.0, 0.0, 1.0],
                [0.946629, 0.255941, 0.195927, 0.124994, -0.005092, -0.595904, 0.803039, -0.002831, 0.322285, -0.761176, -0.562798, -1.2e-05, 0.0, 0.0, 0.0, 1.0],
                [0.953308, 0.299785, 0.036501, 0.124994, 0.171657, -0.637329, 0.751229, -0.002831, 0.24847, -0.709886, -0.659032, -1.2e-05, 0.0, 0.0, 0.0, 1.0],
                [0.847166, 0.502181, -0.17356, 0.124994, 0.356733, -0.295504, 0.886239, -0.002831, 0.393765, -0.812704, -0.429487, -1.2e-05, 0.0, 0.0, 0.0, 1.0],
                [0.850433, 0.432565, -0.299414, 0.124994, 0.296998, 0.075, 0.951928, -0.002831, 0.434228, -0.898475, -0.064689, -1.2e-05, 0.0, 0.0, 0.0, 1.0],
                [0.915405, 0.312103, -0.25421, 0.124994, 0.166965, 0.280238, 0.945298, -0.002831, 0.366271, -0.907774, 0.204422, -1.2e-05, 0.0, 0.0, 0.0, 1.0],
                [0.965593, 0.20892, -0.154867, 0.124994, 0.066745, 0.376469, 0.924022, -0.002831, 0.25135, -0.902563, 0.349573, -1.2e-05, 0.0, 0.0, 0.0, 1.0],
                [0.9807, 0.177859, -0.08119, 0.124994, 0.003027, 0.401401, 0.915897, -0.002831, 0.195491, -0.898465, 0.393117, -1.2e-05, 0.0, 0.0, 0.0, 1.0],
                [0.980546, 0.180125, -0.077995, 0.124994, -0.000885, 0.401404, 0.915901, -0.002831, 0.196285, -0.898012, 0.393756, -1.2e-05, 0.0, 0.0, 0.0, 1.0],
                [0.980093, 0.185773, -0.070031, 0.124994, -0.010638, 0.401372, 0.915854, -0.002831, 0.19825, -0.896876, 0.39536, -1.2e-05, 0.0, 0.0, 0.0, 1.0],
                [0.964089, 0.249221, -0.091763, 0.124994, 0.004843, 0.328962, 0.944331, -0.002831, 0.265534, -0.910861, 0.315943, -1.2e-05, 0.0, 0.0, 0.0, 1.0],
                [0.82557, 0.563471, -0.030542, 0.124994, 0.198031, -0.238613, 0.950709, -0.002831, 0.52841, -0.790924, -0.308577, -1.2e-05, 0.0, 0.0, 0.0, 1.0],
                [0.592856, 0.56832, -0.570556, 0.124994, 0.757771, -0.153874, 0.634119, -0.002831, 0.272589, -0.80829, -0.521882, -1.2e-05, 0.0, 0.0, 0.0, 1.0],
                [0.503215, 0.710348, -0.492117, 0.124994, 0.841754, -0.53176, 0.093165, -0.002831, -0.195508, -0.461122, -0.86553, -1.2e-05, 0.0, 0.0, 0.0, 1.0],
                [0.442106, 0.661611, -0.60565, 0.124994, 0.811633, -0.582517, -0.043875, -0.002831, -0.38183, -0.472167, -0.794521, -1.2e-05, 0.0, 0.0, 0.0, 1.0],
                [0.726482, 0.687122, 0.009285, 0.124994, 0.684263, -0.72208, -0.101898, -0.002831, -0.063312, 0.08038, -0.994752, -1.2e-05, 0.0, 0.0, 0.0, 1.0],
                [0.568511, 0.694628, -0.440778, 0.124994, 0.467196, 0.1684, 0.867969, -0.002831, 0.677143, -0.699378, -0.228791, -1.2e-05, 0.0, 0.0, 0.0, 1.0],
                [0.595769, 0.702255, -0.389737, 0.124994, 0.427519, 0.133511, 0.894094, -0.002831, 0.679917, -0.699292, -0.220686, -1.2e-05, 0.0, 0.0, 0.0, 1.0],
                [0.595769, 0.702255, -0.389738, 0.124994, 0.427519, 0.133511, 0.894093, -0.002831, 0.679917, -0.699292, -0.220686, -1.2e-05, 0.0, 0.0, 0.0, 1.0],
                [0.595769, 0.702255, -0.389737, 0.124994, 0.427518, 0.133511, 0.894094, -0.002831, 0.679917, -0.699291, -0.220686, -1.2e-05, 0.0, 0.0, 0.0, 1.0],
                [0.595769, 0.702255, -0.389737, 0.124994, 0.427519, 0.133511, 0.894094, -0.002831, 0.679917, -0.699292, -0.220686, -1.2e-05, 0.0, 0.0, 0.0, 1.0],
                [0.595769, 0.702255, -0.389738, 0.124994, 0.427519, 0.133511, 0.894094, -0.002831, 0.679917, -0.699292, -0.220686, -1.2e-05, 0.0, 0.0, 0.0, 1.0],
                [0.596065, 0.702776, -0.388344, 0.124994, 0.4274, 0.131737, 0.894413, -0.002831, 0.679732, -0.699105, -0.221843, -1.2e-05, 0.0, 0.0, 0.0, 1.0],
                [0.603611, 0.718697, -0.345147, 0.124994, 0.423213, 0.078051, 0.902662, -0.002831, 0.675681, -0.690927, -0.25705, -1.2e-05, 0.0, 0.0, 0.0, 1.0],
                [0.609796, 0.750617, -0.254403, 0.124994, 0.410234, -0.024288, 0.911657, -0.002831, 0.678127, -0.660288, -0.32274, -1.2e-05, 0.0, 0.0, 0.0, 1.0],
                [0.598786, 0.790197, -0.130549, 0.124994, 0.379977, -0.136794, 0.914826, -0.002831, 0.705035, -0.597389, -0.382167, -1.2e-05, 0.0, 0.0, 0.0, 1.0],
                [0.565308, 0.824866, -0.004568, 0.124994, 0.330598, -0.221488, 0.917414, -0.002831, 0.755732, -0.520131, -0.397909, -1.2e-05, 0.0, 0.0, 0.0, 1.0],
                [0.547089, 0.836033, 0.041725, 0.124994, 0.307113, -0.24684, 0.919104, -0.002831, 0.778701, -0.490016, -0.391801, -1.2e-05, 0.0, 0.0, 0.0, 1.0],
                [0.547088, 0.836033, 0.041725, 0.124994, 0.307113, -0.24684, 0.919104, -0.002831, 0.778701, -0.490016, -0.391801, -1.2e-05, 0.0, 0.0, 0.0, 1.0]
            ]
        },
        {
            "name": "Leg_R",
            "time": [0.0, 0.1, 0.2, 0.3, 0.4, 0.5, 0.6, 0.7, 0.8, 0.9, 1.0, 1.1, 1.2, 1.3, 1.4, 1.5, 1.6, 1.7, 1.8, 1.9, 2.0, 2.1, 2.2, 2.3, 2.4, 2.5, 2.6, 2.7, 2.8, 2.9, 3.0],
            "transform": [
                [1.0, -1e-06, 1e-06, -0.0, -0.0, 0.568785, 0.822487, 0.374726, -1e-06, -0.822489, 0.568781, 0.0, 0.0, 0.0, 0.0, 1.0],
                [1.0, -1e-06, 0.0, -0.0, -0.0, 0.025794, 0.999666, 0.374726, -1e-06, -0.999668, 0.025794, -0.0, 0.0, 0.0, 0.0, 1.0],
                [1.0, -1e-06, 0.0, 0.0, -0.0, -0.29989, 0.953973, 0.374726, -1e-06, -0.953975, -0.299889, -0.0, 0.0, 0.0, 0.0, 1.0],
                [1.0, -1e-06, -0.0, -0.0, -0.0, -0.314537, 0.949245, 0.374726, -1e-06, -0.949247, -0.314535, -0.0, 0.0, 0.0, 0.0, 1.0],
                [1.0, -1e-06, 0.0, -0.0, -0.0, -0.037569, 0.999293, 0.374726, -1e-06, -0.999295, -0.037569, -0.0, 0.0, 0.0, 0.0, 1.0],
                [1.0, -1e-06, 0.0, -0.0, -0.0, 0.127194, 0.991877, 0.374726, -1e-06, -0.991879, 0.127192, 0.0, 0.0, 0.0, 0.0, 1.0],
                [1.000001, -1e-06, 0.0, 0.0, -0.0, 0.190698, 0.981648, 0.374726, -1e-06, -0.98165, 0.190697, 0.0, 0.0, 0.0, 0.0, 1.0],
                [0.999999, -1e-06, 0.0, -0.0, -0.0, 0.242471, 0.970158, 0.374726, -1e-06, -0.970159, 0.242469, -0.0, 0.0, 0.0, 0.0, 1.0],
                [1.0, -1e-06, 0.0, 0.0, -0.0, 0.301634, 0.953423, 0.374726, -1e-06, -0.953425, 0.301632, -0.0, 0.0, 0.0, 0.0, 1.0],
                [1.0, -1e-06, 0.0, -0.0, -0.0, 0.331164, 0.943572, 0.374726, -1e-06, -0.943575, 0.331162, -0.0, 0.0, 0.0, 0.0, 1.0],
                [1.000001, -1e-06, 0.0, -0.0, -0.0, 0.331163, 0.943574, 0.374726, -1e-06, -0.943576, 0.331161, -0.0, 0.0, 0.0, 0.0, 1.0],
                [1.000001, -1e-06, 1e-06, -0.0, -0.0, 0.331162, 0.943574, 0.374726, -1e-06, -0.943576, 0.33116, 0.0, 0.0, 0.0, 0.0, 1.0],
                [1.0, -1e-06, 0.0, -0.0, -0.0, 0.41278, 0.91083, 0.374726, -1e-06, -0.910832, 0.412777, 0.0, 0.0, 0.0, 0.0, 1.0],
                [1.0, -0.0, 1e-06, -0.0, 0.0, 0.891174, 0.453667, 0.374726, -1e-06, -0.45367, 0.891166, 0.0, 0.0, 0.0, 0.0, 1.0],
                [1.000001, -1e-06, 1e-06, -0.0, -0.0, 0.458812, 0.888533, 0.374726, -1e-06, -0.888535, 0.458808, 0.0, 0.0, 0.0, 0.0, 1.0],
                [1.0, -1e-06, 1e-06, 0.0, -0.0, 0.64629, 0.763093, 0.374726, -1e-06, -0.763095, 0.646285, 0.0, 0.0, 0.0, 0.0, 1.0],
                [1.000001, -1e-06, 1e-06, -0.0, -0.0, 0.473114, 0.881001, 0.374726, -1e-06, -0.881003, 0.473111, -0.0, 0.0, 0.0, 0.0, 1.0],
                [1.0, -1e-06, 0.0, -0.0, -0.0, 0.165054, 0.986284, 0.374726, -1e-06, -0.986285, 0.165053, -0.0, 0.0, 0.0, 0.0, 1.0],
                [1.0, -1e-06, 0.0, 0.0, -0.0, -0.226198, 0.974081, 0.374726, -1e-06, -0.974083, -0.226196, -0.0, 0.0, 0.0, 0.0, 1.0],
                [1.0, -1e-06, 0.0, 0.0, -0.0, 0.093657, 0.995604, 0.374726, -1e-06, -0.995606, 0.093656, -0.0, 0.0, 0.0, 0.0, 1.0],
                [1.0, -1e-06, 0.0, -0.0, -0.0, 0.093657, 0.995604, 0.374726, -1e-06, -0.995606, 0.093656, -0.0, 0.0, 0.0, 0.0, 1.0],
                [1.000001, -1e-06, 0.0, 0.0, -0.0, 0.093657, 0.995604, 0.374726, -1e-06, -0.995606, 0.093656, 0.0, 0.0, 0.0, 0.0, 1.0],
                [1.0, -1e-06, 0.0, 0.0, -0.0, 0.093657, 0.995604, 0.374726, -1e-06, -0.995606, 0.093656, -0.0, 0.0, 0.0, 0.0, 1.0],
                [1.0, -1e-06, 0.0, 0.0, -0.0, 0.093656, 0.995604, 0.374726, -1e-06, -0.995606, 0.093656, -0.0, 0.0, 0.0, 0.0, 1.0],
                [1.0, -1e-06, 0.0, -0.0, -0.0, 0.095509, 0.995428, 0.374726, -1e-06, -0.995429, 0.095508, 0.0, 0.0, 0.0, 0.0, 1.0],
                [1.0, -1e-06, 0.0, -0.0, -0.0, 0.152818, 0.988253, 0.374726, -1e-06, -0.988255, 0.152817, 0.0, 0.0, 0.0, 0.0, 1.0],
                [1.0, -1e-06, 0.0, -0.0, -0.0, 0.269546, 0.962987, 0.374726, -1e-06, -0.962988, 0.269544, -0.0, 0.0, 0.0, 0.0, 1.0],
                [1.0, -1e-06, 1e-06, -0.0, -0.0, 0.411936, 0.911212, 0.374726, -1e-06, -0.911215, 0.411932, -0.0, 0.0, 0.0, 0.0, 1.0],
                [1.0, -1e-06, 1e-06, 0.0, -0.0, 0.531134, 0.847288, 0.374726, -1e-06, -0.84729, 0.531131, 0.0, 0.0, 0.0, 0.0, 1.0],
                [1.000001, -1e-06, 1e-06, -0.0, -0.0, 0.568785, 0.822487, 0.374726, -1e-06, -0.822489, 0.568781, -0.0, 0.0, 0.0, 0.0, 1.0],
                [1.0, -1e-06, 1e-06, 0.0, -0.0, 0.568784, 0.822487, 0.374726, -1e-06, -0.822489, 0.56878, -0.0, 0.0, 0.0, 0.0, 1.0]
            ]
        },
        {
            "name": "Knee_R",
            "time": [0.0, 3.0],
            "transform": [
                [1.0, 0.0, -0.0, 0.0, -0.0, 0.00567, -0.999984, 0.419982, -0.0, 0.999984, 0.00567, -0.000257, 0.0, 0.0, 0.0, 1.0],
                [1.0, 0.0, -0.0, -0.0, -0.0, 0.00567, -0.999984, 0.419982, -0.0, 0.999984, 0.00567, -0.000257, 0.0, 0.0, 0.0, 1.0]
            ]
        },
        {
            "name": "Thigh_L",
            "time": [0.0, 0.1, 0.2, 0.3, 0.4, 0.5, 0.6, 0.7, 0.8, 0.9, 1.0, 1.1, 1.2, 1.3, 1.4, 1.5, 1.6, 1.7, 1.8, 1.9, 2.0, 2.1, 2.2, 2.3, 2.4, 2.5, 2.6, 2.7, 2.8, 2.9, 3.0],
            "transform": [
                [0.931766, -0.346024, -0.109902, -0.125006, -0.233404, -0.802779, 0.548697, -0.002831, -0.278089, -0.485605, -0.828766, -1.2e-05, 0.0, 0.0, 0.0, 1.0],
                [0.680626, -0.009473, 0.732569, -0.125006, -0.724163, 0.142881, 0.674665, -0.002831, -0.111061, -0.989694, 0.090388, -1.2e-05, 0.0, 0.0, 0.0, 1.0],
                [0.673319, 0.392043, 0.626851, -0.125006, -0.730563, 0.222445, 0.645598, -0.002831, 0.113663, -0.892648, 0.436189, -1.2e-05, 0.0, 0.0, 0.0, 1.0],
                [0.899612, 0.12286, 0.419051, -0.125006, -0.43517, 0.332218, 0.836814, -0.002831, -0.036405, -0.935166, 0.352332, -1.2e-05, 0.0, 0.0, 0.0, 1.0],
                [0.885328, -0.440903, 0.147643, -0.125006, 0.001397, 0.320056, 0.947398, -0.002831, -0.464965, -0.838551, 0.283971, -1.2e-05, 0.0, 0.0, 0.0, 1.0],
                [0.602579, -0.797642, -0.025786, -0.125006, 0.29991, 0.196388, 0.933534, -0.002831, -0.739562, -0.570261, 0.35756, -1.2e-05, 0.0, 0.0, 0.0, 1.0],
                [0.301956, -0.95073, -0.070225, -0.125006, 0.378145, 0.051828, 0.924295, -0.002831, -0.875116, -0.305652, 0.375164, -1.2e-05, 0.0, 0.0, 0.0, 1.0],
                [0.287475, -0.947798, -0.137965, -0.125006, 0.018743, -0.138451, 0.990191, -0.002831, -0.957604, -0.287241, -0.022036, -1.2e-05, 0.0, 0.0, 0.0, 1.0],
                [0.480015, -0.827574, -0.291045, -0.125006, -0.259007, -0.450671, 0.854289, -0.002831, -0.838154, -0.334689, -0.430676, -1.2e-05, 0.0, 0.0, 0.0, 1.0],
                [0.545065, -0.746418, -0.38179, -0.125006, -0.261374, -0.583972, 0.768544, -0.002831, -0.79661, -0.319116, -0.513398, -1.2e-05, 0.0, 0.0, 0.0, 1.0],
                [0.554005, -0.745659, -0.370231, -0.125006, -0.24188, -0.569699, 0.785452, -0.002831, -0.7966, -0.345593, -0.495977, -1.2e-05, 0.0, 0.0, 0.0, 1.0],
                [0.563149, -0.743628, -0.36039, -0.125006, -0.221221, -0.555867, 0.801294, -0.002831, -0.796193, -0.371522, -0.477543, -1.2e-05, 0.0, 0.0, 0.0, 1.0],
                [0.652649, -0.698825, -0.292731, -0.125006, -0.195783, -0.528791, 0.825862, -0.002831, -0.731927, -0.481686, -0.481934, -1.2e-05, 0.0, 0.0, 0.0, 1.0],
                [0.874658, -0.462396, -0.145472, -0.125006, -0.10891, -0.479889, 0.870543, -0.002831, -0.472346, -0.745584, -0.470098, -1.2e-05, 0.0, 0.0, 0.0, 1.0],
                [0.831444, -0.412224, -0.372521, -0.125006, 0.074808, -0.581313, 0.810234, -0.002831, -0.550549, -0.701531, -0.452491, -1.2e-05, 0.0, 0.0, 0.0, 1.0],
                [0.570958, -0.449787, -0.686802, -0.125006, 0.128792, -0.777134, 0.616015, -0.002831, -0.810813, -0.440173, -0.385782, -1.2e-05, 0.0, 0.0, 0.0, 1.0],
                [0.244531, -0.454235, -0.856665, -0.125006, 0.171402, -0.849324, 0.499269, -0.002831, -0.954371, -0.26892, -0.129829, -1.2e-05, 0.0, 0.0, 0.0, 1.0],
                [0.657659, -0.469436, -0.589164, -0.125006, -0.038196, -0.801868, 0.596278, -0.002831, -0.752346, -0.369644, -0.545287, -1.2e-05, 0.0, 0.0, 0.0, 1.0],
                [0.728193, -0.685261, 0.012335, -0.125006, -0.580265, -0.606842, 0.543172, -0.002831, -0.364729, -0.402691, -0.839531, -1.2e-05, 0.0, 0.0, 0.0, 1.0],
                [0.723733, -0.690079, 0.000846, -0.125006, -0.586759, -0.614728, 0.527089, -0.002831, -0.363213, -0.381968, -0.84981, -1.2e-05, 0.0, 0.0, 0.0, 1.0],
                [0.720493, -0.693416, -0.007984, -0.125006, -0.591412, -0.620436, 0.515063, -0.002831, -0.362106, -0.366377, -0.857115, -1.2e-05, 0.0, 0.0, 0.0, 1.0],
                [0.718584, -0.695311, -0.013387, -0.125006, -0.594129, -0.623792, 0.507833, -0.002831, -0.361452, -0.356966, -0.861351, -1.2e-05, 0.0, 0.0, 0.0, 1.0],
                [0.718096, -0.695786, -0.014791, -0.125006, -0.59482, -0.624648, 0.505969, -0.002831, -0.361285, -0.354537, -0.862424, -1.2e-05, 0.0, 0.0, 0.0, 1.0],
                [0.715649, -0.698386, -0.010171, -0.125006, -0.596101, -0.618296, 0.512225, -0.002831, -0.364019, -0.36051, -0.858791, -1.2e-05, 0.0, 0.0, 0.0, 1.0],
                [0.661357, -0.743243, 0.100971, -0.125006, -0.61686, -0.462368, 0.636946, -0.002831, -0.426719, -0.483533, -0.764268, -1.2e-05, 0.0, 0.0, 0.0, 1.0],
                [0.706569, -0.684803, 0.178342, -0.125006, -0.55572, -0.380937, 0.738961, -0.002831, -0.438105, -0.621234, -0.649717, -1.2e-05, 0.0, 0.0, 0.0, 1.0],
                [0.851185, -0.523552, 0.037093, -0.125006, -0.349532, -0.512707, 0.784192, -0.002831, -0.391548, -0.680458, -0.619408, -1.2e-05, 0.0, 0.0, 0.0, 1.0],
                [0.905262, -0.418419, -0.073668, -0.125006, -0.256869, -0.677149, 0.689556, -0.002831, -0.338408, -0.605305, -0.720476, -1.2e-05, 0.0, 0.0, 0.0, 1.0],
                [0.926077, -0.363139, -0.102524, -0.125006, -0.239303, -0.775294, 0.584512, -0.002831, -0.291746, -0.516768, -0.804882, -1.2e-05, 0.0, 0.0, 0.0, 1.0],
                [0.931767, -0.346024, -0.109902, -0.125006, -0.233404, -0.802779, 0.548697, -0.002831, -0.27809, -0.485605, -0.828766, -1.2e-05, 0.0, 0.0, 0.0, 1.0],
                [0.931766, -0.346024, -0.109902, -0.125006, -0.233404, -0.802779, 0.548697, -0.002831, -0.278089, -0.485605, -0.828766, -1.2e-05, 0.0, 0.0, 0.0, 1.0]
            ]
        },
        {
            "name": "Leg_L",
            "time": [0.0, 0.1, 0.2, 0.3, 0.4, 0.5, 0.6, 0.7, 0.8, 0.9, 1.0, 1.1, 1.2, 1.3, 1.4, 1.5, 1.6, 1.7, 1.8, 1.9, 2.0, 2.1, 2.2, 2.3, 2.4, 2.5, 2.6, 2.7, 2.8, 2.9, 3.0],
            "transform": [
                [1.0, -1e-06, 0.0, 0.0, -0.0, 0.40813, 0.912924, 0.374726, -1e-06, -0.912924, 0.40813, 0.0, 0.0, 0.0, 0.0, 1.0],
                [1.0, -1e-06, 0.0, 0.0, -0.0, 0.002783, 0.999996, 0.374726, -1e-06, -0.999996, 0.002783, -0.0, 0.0, 0.0, 0.0, 1.0],
                [1.0, -1e-06, 0.0, -0.0, -0.0, -0.096866, 0.995297, 0.374726, -1e-06, -0.995297, -0.096866, 0.0, 0.0, 0.0, 0.0, 1.0],
                [1.0, -1e-06, 0.0, -0.0, -0.0, 0.167946, 0.985797, 0.374726, -1e-06, -0.985796, 0.167946, 0.0, 0.0, 0.0, 0.0, 1.0],
                [1.0, -1e-06, 1e-06, 0.0, -0.0, 0.390263, 0.920704, 0.374726, -1e-06, -0.920703, 0.390263, -0.0, 0.0, 0.0, 0.0, 1.0],
                [1.0, -1e-06, 1e-06, -0.0, -0.0, 0.422211, 0.906498, 0.374726, -1e-06, -0.906498, 0.422211, -0.0, 0.0, 0.0, 0.0, 1.0],
                [1.0, -1e-06, 1e-06, 0.0, -0.0, 0.360267, 0.932849, 0.374726, -1e-06, -0.93285, 0.360266, 0.0, 0.0, 0.0, 0.0, 1.0],
                [1.0, -1e-06, 0.0, -0.0, -0.0, 0.333112, 0.942888, 0.374726, -1e-06, -0.942887, 0.333112, -0.0, 0.0, 0.0, 0.0, 1.0],
                [1.0, -1e-06, 1e-06, -0.0, -0.0, 0.365965, 0.930628, 0.374726, -1e-06, -0.930629, 0.365965, -0.0, 0.0, 0.0, 0.0, 1.0],
                [1.000001, -1e-06, 1e-06, -0.0, -0.0, 0.370864, 0.928687, 0.374726, -1e-06, -0.928687, 0.370863, 0.0, 0.0, 0.0, 0.0, 1.0],
                [1.0, -1e-06, 0.0, -0.0, -0.0, 0.321512, 0.946906, 0.374726, -1e-06, -0.946906, 0.321512, -0.0, 0.0, 0.0, 0.0, 1.0],
                [1.000001, -1e-06, 0.0, -0.0, -0.0, 0.273602, 0.961843, 0.374726, -1e-06, -0.961842, 0.273602, 0.0, 0.0, 0.0, 0.0, 1.0],
                [1.0, -1e-06, 0.0, 0.0, -0.0, 0.204192, 0.978931, 0.374726, -1e-06, -0.97893, 0.204192, -0.0, 0.0, 0.0, 0.0, 1.0],
                [1.0, -1e-06, 0.0, -0.0, -0.0, 0.165428, 0.986222, 0.374726, -1e-06, -0.986222, 0.165428, -0.0, 0.0, 0.0, 0.0, 1.0],
                [1.0, -1e-06, 0.0, -0.0, -0.0, 0.311563, 0.950226, 0.374726, -1e-06, -0.950225, 0.311563, 0.0, 0.0, 0.0, 0.0, 1.0],
                [1.0, -1e-06, 1e-06, -0.0, -0.0, 0.528389, 0.849003, 0.374726, -1e-06, -0.849003, 0.528389, -0.0, 0.0, 0.0, 0.0, 1.0],
                [1.0, -0.0, 1e-06, 0.0, -0.0, 0.582201, 0.813045, 0.374726, -1e-06, -0.813045, 0.582201, 0.0, 0.0, 0.0, 0.0, 1.0],
                [1.0, -1e-06, 1e-06, -0.0, -0.0, 0.30766, 0.951497, 0.374726, -1e-06, -0.951496, 0.30766, -0.0, 0.0, 0.0, 0.0, 1.0],
                [1.0, -1e-06, 0.0, -0.0, -0.0, 0.376209, 0.926535, 0.374726, -1e-06, -0.926535, 0.376209, -0.0, 0.0, 0.0, 0.0, 1.0],
                [1.0, -1e-06, 1e-06, -0.0, -0.0, 0.406699, 0.913562, 0.374726, -1e-06, -0.913562, 0.406699, 0.0, 0.0, 0.0, 0.0, 1.0],
                [1.0, -1e-06, 1e-06, 0.0, -0.0, 0.429462, 0.903085, 0.374726, -1e-06, -0.903085, 0.429462, -0.0, 0.0, 0.0, 0.0, 1.0],
                [1.0, -1e-06, 1e-06, -0.0, -0.0, 0.443119, 0.896463, 0.374726, -1e-06, -0.896463, 0.443119, -0.0, 0.0, 0.0, 0.0, 1.0],
                [1.0, -1e-06, 1e-06, 0.0, -0.0, 0.446635, 0.894716, 0.374726, -1e-06, -0.894716, 0.446635, -0.0, 0.0, 0.0, 0.0, 1.0],
                [1.0, -1e-06, 1e-06, -0.0, -0.0, 0.43131, 0.902204, 0.374726, -1e-06, -0.902204, 0.43131, -0.0, 0.0, 0.0, 0.0, 1.0],
                [1.0, -1e-06, 0.0, 0.0, -0.0, 0.079409, 0.996842, 0.374726, -1e-06, -0.996842, 0.079409, 0.0, 0.0, 0.0, 0.0, 1.0],
                [1.0, -1e-06, -0.0, 0.0, -0.0, -0.195397, 0.980724, 0.374726, -0.0, -0.980724, -0.195396, 0.0, 0.0, 0.0, 0.0, 1.0],
                [1.0, -1e-06, 0.0, -0.0, -0.0, -0.059345, 0.998238, 0.374726, -1e-06, -0.998237, -0.059345, 0.0, 0.0, 0.0, 0.0, 1.0],
                [1.0, -1e-06, 0.0, -0.0, -0.0, 0.203587, 0.979057, 0.374726, -1e-06, -0.979057, 0.203586, 0.0, 0.0, 0.0, 0.0, 1.0],
                [1.0, -1e-06, 0.0, 0.0, -0.0, 0.359026, 0.933328, 0.374726, -1e-06, -0.933327, 0.359026, -0.0, 0.0, 0.0, 0.0, 1.0],
                [1.0, -0.0, 0.0, -0.0, -0.0, 0.40813, 0.912924, 0.374726, -1e-06, -0.912924, 0.40813, -0.0, 0.0, 0.0, 0.0, 1.0],
                [1.0, -1e-06, 0.0, 0.0, -0.0, 0.40813, 0.912924, 0.374726, -1e-06, -0.912924, 0.40813, 0.0, 0.0, 0.0, 0.0, 1.0]
            ]
        },
        {
            "name": "Knee_L",
            "time": [0.0, 3.0],
            "transform": [
                [1.0, 0.0, -0.0, 0.0, -0.0, 0.00567, -0.999984, 0.439374, -0.0, 0.999984, 0.00567, -0.000367, 0.0, 0.0, 0.0, 1.0],
                [1.0, 0.0, -0.0, 0.0, -0.0, 0.00567, -0.999984, 0.439374, -0.0, 0.999984, 0.00567, -0.000367, 0.0, 0.0, 0.0, 1.0]
            ]
        },
        {
            "name": "Torso",
            "time": [0.0, 0.1, 0.2, 0.3, 0.4, 0.5, 0.6, 0.7, 0.8, 0.9, 1.0, 1.1, 1.2, 1.3, 1.4, 1.5, 1.6, 1.7, 1.8, 1.9, 2.0, 2.1, 2.2, 2.3, 2.4, 2.5, 2.6, 2.7, 2.8, 2.9, 3.0],
            "transform": [
                [1.0, -0.0, 0.0, 0.0, 0.0, 1.0, -0.000689, 0.05, -0.0, 0.000689, 1.0, -0.0, 0.0, 0.0, 0.0, 1.0],
                [1.0, 0.0, 0.0, 0.0, -0.0, 1.0, -0.000689, 0.05, 0.0, 0.000689, 1.0, -0.0, 0.0, 0.0, 0.0, 1.0],
                [1.0, -0.0, 0.0, 0.0, -0.0, 1.0, -0.000689, 0.05, -0.0, 0.000689, 1.0, -0.0, 0.0, 0.0, 0.0, 1.0],
                [1.0, 0.0, 0.0, 0.0, -0.0, 1.0, -0.000689, 0.05, 0.0, 0.000689, 1.0, 0.0, 0.0, 0.0, 0.0, 1.0],
                [1.0, 0.0, -0.0, -0.0, -0.0, 1.0, -0.000689, 0.05, -0.0, 0.000689, 1.0, 0.0, 0.0, 0.0, 0.0, 1.0],
                [1.0, -0.0, -0.0, -0.0, -0.0, 1.0, -0.000689, 0.05, 0.0, 0.000689, 1.0, -0.0, 0.0, 0.0, 0.0, 1.0],
                [1.0, 0.0, 0.0, -0.0, 0.0, 1.0, -0.000689, 0.05, 0.0, 0.000689, 1.0, 0.0, 0.0, 0.0, 0.0, 1.0],
                [1.0, 0.0, -0.0, 0.0, 0.0, 1.0, -0.000689, 0.05, 0.0, 0.000689, 1.0, 0.0, 0.0, 0.0, 0.0, 1.0],
                [1.0, -0.0, 0.0, -0.0, 0.0, 1.0, -0.000689, 0.05, -0.0, 0.000689, 1.0, 0.0, 0.0, 0.0, 0.0, 1.0],
                [1.0, 0.0, 0.0, 0.0, 0.0, 1.0, -0.000689, 0.05, 0.0, 0.000689, 1.0, -0.0, 0.0, 0.0, 0.0, 1.0],
                [1.0, -0.0, 0.0, 0.0, 0.0, 1.0, -0.000689, 0.05, 0.0, 0.000689, 1.0, -0.0, 0.0, 0.0, 0.0, 1.0],
                [1.0, 0.0, 0.0, -0.0, 0.0, 1.0, -0.000689, 0.05, 0.0, 0.000689, 1.0, -0.0, 0.0, 0.0, 0.0, 1.0],
                [1.0, -0.0, 0.0, -0.0, -0.0, 1.0, -0.000689, 0.05, 0.0, 0.000689, 1.0, 0.0, 0.0, 0.0, 0.0, 1.0],
                [1.0, 0.0, -0.0, 0.0, -0.0, 1.0, -0.000689, 0.05, -0.0, 0.000689, 1.0, -0.0, 0.0, 0.0, 0.0, 1.0],
                [1.0, -0.0, -0.0, -0.0, 0.0, 1.0, -0.000689, 0.05, 0.0, 0.000689, 1.0, 0.0, 0.0, 0.0, 0.0, 1.0],
                [1.0, 0.0, 0.0, -0.0, -0.0, 1.0, -0.000689, 0.05, 0.0, 0.000689, 1.0, -0.0, 0.0, 0.0, 0.0, 1.0],
                [1.0, -0.0, 0.0, 0.0, -0.0, 1.0, -0.000689, 0.05, -0.0, 0.000689, 1.0, -0.0, 0.0, 0.0, 0.0, 1.0],
                [1.0, 0.0, 0.0, 0.0, -0.0, 1.0, -0.000689, 0.05, 0.0, 0.000689, 1.0, 0.0, 0.0, 0.0, 0.0, 1.0],
                [1.0, 0.0, -0.0, -0.0, 0.0, 1.0, -0.000689, 0.05, 0.0, 0.000689, 1.0, 0.0, 0.0, 0.0, 0.0, 1.0],
                [1.0, 0.0, 0.0, -0.0, -0.0, 1.0, -0.000689, 0.05, -0.0, 0.000689, 1.0, 0.0, 0.0, 0.0, 0.0, 1.0],
                [1.0, 0.0, 0.0, -0.0, 0.0, 1.0, -0.000689, 0.05, -0.0, 0.000689, 1.0, -0.0, 0.0, 0.0, 0.0, 1.0],
                [1.0, 0.0, -0.0, -0.0, 0.0, 1.0, -0.000689, 0.05, -0.0, 0.000689, 1.0, 0.0, 0.0, 0.0, 0.0, 1.0],
                [1.0, 0.0, 0.0, -0.0, -0.0, 1.0, -0.000689, 0.05, -0.0, 0.000689, 1.0, -0.0, 0.0, 0.0, 0.0, 1.0],
                [1.0, 0.0, -0.0, -0.0, 0.0, 1.0, -0.000689, 0.05, -0.0, 0.000689, 1.0, 0.0, 0.0, 0.0, 0.0, 1.0],
                [1.0, 0.0, 0.0, -0.0, 0.0, 1.0, -0.000689, 0.05, 0.0, 0.000689, 1.0, -0.0, 0.0, 0.0, 0.0, 1.0],
                [1.0, 0.0, -0.0, 0.0, -0.0, 1.0, -0.000689, 0.05, -0.0, 0.000689, 1.0, -0.0, 0.0, 0.0, 0.0, 1.0],
                [1.0, -0.0, 0.0, 0.0, 0.0, 1.0, -0.000689, 0.05, 0.0, 0.000689, 1.0, -0.0, 0.0, 0.0, 0.0, 1.0],
                [1.0, 0.0, 0.0, 0.0, -0.0, 1.0, -0.000689, 0.05, 0.0, 0.000689, 1.0, -0.0, 0.0, 0.0, 0.0, 1.0],
                [1.0, 0.0, -0.0, 0.0, -0.0, 1.0, -0.000689, 0.05, -0.0, 0.000689, 1.0, 0.0, 0.0, 0.0, 0.0, 1.0],
                [1.0, -0.0, 0.0, 0.0, 0.0, 1.0, -0.000689, 0.05, -0.0, 0.000689, 1.0, -0.0, 0.0, 0.0, 0.0, 1.0],
                [1.0, -0.0, 0.0, 0.0, 0.0, 1.0, -0.000689, 0.05, -0.0, 0.000689, 1.0, -0.0, 0.0, 0.0, 0.0, 1.0]
            ]
        },
        {
            "name": "Chest",
            "time": [0.0, 0.1, 0.2, 0.3, 0.4, 0.5, 0.6, 0.7, 0.8, 0.9, 1.0, 1.1, 1.2, 1.3, 1.4, 1.5, 1.6, 1.7, 1.8, 1.9, 2.0, 2.1, 2.2, 2.3, 2.4, 2.5, 2.6, 2.7, 2.8, 2.9, 3.0],
            "transform": [
                [0.984534, -0.000386, 0.175192, -0.0, -0.071296, 0.912561, 0.402677, 0.3, -0.160029, -0.40894, 0.89842, -0.0, 0.0, 0.0, 0.0, 1.0],
                [0.969159, 0.070623, 0.236103, -0.0, -0.209136, 0.742494, 0.636369, 0.3, -0.130362, -0.66612, 0.734364, 0.0, 0.0, 0.0, 0.0, 1.0],
                [0.952738, 0.157174, 0.259973, 0.0, -0.2861, 0.751993, 0.593846, 0.3, -0.102161, -0.640158, 0.76142, -0.0, 0.0, 0.0, 0.0, 1.0],
                [0.944394, 0.215904, 0.248003, -0.0, -0.317475, 0.795092, 0.516757, 0.3, -0.085616, -0.566757, 0.819425, -0.0, 0.0, 0.0, 0.0, 1.0],
                [0.945864, 0.26053, 0.193559, -0.0, -0.320432, 0.844441, 0.429235, 0.3, -0.05162, -0.46802, 0.882209, 0.0, 0.0, 0.0, 0.0, 1.0],
                [0.949064, 0.301753, 0.090681, -0.0, -0.313711, 0.878112, 0.361254, 0.3, 0.029382, -0.371301, 0.928048, 0.0, 0.0, 0.0, 0.0, 1.0],
                [0.932753, 0.354709, -0.064438, 0.0, -0.311841, 0.883518, 0.349501, 0.3, 0.180904, -0.305904, 0.934717, 0.0, 0.0, 0.0, 0.0, 1.0],
                [0.822449, 0.472795, -0.316297, -0.0, -0.275606, 0.817616, 0.505515, 0.3, 0.497614, -0.328587, 0.802752, -0.0, 0.0, 0.0, 0.0, 1.0],
                [0.56808, 0.639804, -0.517624, -0.0, -0.117468, 0.685567, 0.71847, 0.3, 0.814546, -0.347345, 0.464614, 0.0, 0.0, 0.0, 0.0, 1.0],
                [0.415647, 0.719304, -0.556633, -0.0, -0.001484, 0.612538, 0.79044, 0.3, 0.909525, -0.327718, 0.255667, -0.0, 0.0, 0.0, 0.0, 1.0],
                [0.415647, 0.719304, -0.556632, -0.0, -0.001484, 0.612538, 0.79044, 0.3, 0.909525, -0.327718, 0.255667, -0.0, 0.0, 0.0, 0.0, 1.0],
                [0.415647, 0.719304, -0.556633, -0.0, -0.001484, 0.612538, 0.79044, 0.3, 0.909525, -0.327718, 0.255667, -0.0, 0.0, 0.0, 0.0, 1.0],
                [0.418656, 0.713142, -0.562276, -0.0, -0.008297, 0.622126, 0.782873, 0.3, 0.908107, -0.32309, 0.266374, -0.0, 0.0, 0.0, 0.0, 1.0],
                [0.534332, 0.518662, -0.667442, 0.0, -0.183194, 0.841906, 0.507577, 0.3, 0.825185, -0.148943, 0.544873, -0.0, 0.0, 0.0, 0.0, 1.0],
                [0.779461, 0.226058, -0.584241, -0.0, -0.3157, 0.947283, -0.05466, 0.3, 0.541086, 0.22705, 0.809737, 0.0, 0.0, 0.0, 0.0, 1.0],
                [0.91525, 0.173852, -0.363446, -0.0, -0.287912, 0.913269, -0.288179, 0.3, 0.281823, 0.368396, 0.885923, 0.0, 0.0, 0.0, 0.0, 1.0],
                [0.930959, 0.244755, -0.270945, -0.0, -0.29349, 0.943062, -0.156518, 0.3, 0.21721, 0.225232, 0.949784, -0.0, 0.0, 0.0, 0.0, 1.0],
                [0.93686, 0.349699, -0.001852, -0.0, -0.344261, 0.923196, 0.170861, 0.3, 0.06146, -0.159436, 0.985293, 0.0, 0.0, 0.0, 0.0, 1.0],
                [0.886048, 0.329817, 0.32579, 0.0, -0.456422, 0.743743, 0.488391, 0.3, -0.081224, -0.581435, 0.809528, -0.0, 0.0, 0.0, 0.0, 1.0],
                [0.886048, 0.329817, 0.32579, -0.0, -0.456422, 0.743743, 0.488391, 0.3, -0.081224, -0.581435, 0.809528, -0.0, 0.0, 0.0, 0.0, 1.0],
                [0.886048, 0.329817, 0.32579, -0.0, -0.456422, 0.743743, 0.488391, 0.3, -0.081224, -0.581435, 0.809528, -0.0, 0.0, 0.0, 0.0, 1.0],
                [0.886048, 0.329817, 0.32579, -0.0, -0.456422, 0.743743, 0.488391, 0.3, -0.081224, -0.581435, 0.809528, -0.0, 0.0, 0.0, 0.0, 1.0],
                [0.886048, 0.329817, 0.32579, -0.0, -0.456422, 0.743743, 0.488391, 0.3, -0.081224, -0.581435, 0.809528, -0.0, 0.0, 0.0, 0.0, 1.0],
                [0.886048, 0.329817, 0.32579, 0.0, -0.456422, 0.743743, 0.488391, 0.3, -0.081224, -0.581435, 0.809528, -0.0, 0.0, 0.0, 0.0, 1.0],
                [0.886383, 0.329239, 0.325465, -0.0, -0.455732, 0.744226, 0.488299, 0.3, -0.081453, -0.581145, 0.809714, -0.0, 0.0, 0.0, 0.0, 1.0],
                [0.897629, 0.309005, 0.31429, 0.0, -0.431631, 0.76061, 0.484941, 0.3, -0.089203, -0.570954, 0.816121, 0.0, 0.0, 0.0, 0.0, 1.0],
                [0.921479, 0.26007, 0.288514, 0.0, -0.373666, 0.796352, 0.475602, 0.3, -0.106069, -0.546065, 0.831001, -0.0, 0.0, 0.0, 0.0, 1.0],
                [0.950141, 0.184145, 0.251638, 0.0, -0.284533, 0.842142, 0.45808, 0.3, -0.127562, -0.50684, 0.85255, 0.0, 0.0, 0.0, 0.0, 1.0],
                [0.974057, 0.086589, 0.209081, -0.0, -0.17125, 0.886014, 0.430874, 0.3, -0.14794, -0.455501, 0.877857, 0.0, 0.0, 0.0, 0.0, 1.0],
                [0.984534, -0.000386, 0.175192, 0.0, -0.071296, 0.912561, 0.402677, 0.3, -0.160029, -0.40894, 0.89842, -0.0, 0.0, 0.0, 0.0, 1.0],
                [0.984534, -0.000386, 0.175192, -0.0, -0.071296, 0.912561, 0.402677, 0.3, -0.160029, -0.40894, 0.89842, -0.0, 0.0, 0.0, 0.0, 1.0]
            ]
        },
        {
            "name": "Head",
            "time": [0.0, 0.1, 0.2, 0.3, 0.4, 0.5, 0.6, 0.7, 0.8, 0.9, 1.0, 1.1, 1.2, 1.3, 1.4, 1.5, 1.6, 1.7, 1.8, 1.9, 2.0, 2.1, 2.2, 2.3, 2.4, 2.5, 2.6, 2.7, 2.8, 2.9, 3.0],
            "transform": [
                [0.690132, -0.074953, -0.719792, 0.0, -0.257834, 0.903888, -0.341333, 0.4, 0.676195, 0.421152, 0.604476, -0.0, 0.0, 0.0, 0.0, 1.0],
                [-0.236659, -0.301996, -0.923467, -0.0, -0.327675, 0.919591, -0.216754, 0.4, 0.914671, 0.2513, -0.316585, 0.0, 0.0, 0.0, 0.0, 1.0],
                [-0.152998, -0.229175, -0.961286, 0.0, -0.569301, 0.815548, -0.103821, 0.4, 0.807768, 0.531377, -0.255246, 0.0, 0.0, 0.0, 0.0, 1.0],
                [-0.025098, -0.102266, -0.994441, -0.0, -0.779127, 0.625275, -0.044638, 0.4, 0.626364, 0.773675, -0.095372, 0.0, 0.0, 0.0, 0.0, 1.0],
                [0.133194, -0.117836, -0.98406, -0.0, -0.717235, 0.673777, -0.17776, 0.4, 0.683984, 0.729479, 0.005227, 0.0, 0.0, 0.0, 0.0, 1.0],
                [0.278083, -0.212073, -0.936854, 0.0, -0.537231, 0.774177, -0.334713, 0.4, 0.796274, 0.596385, 0.101354, 0.0, 0.0, 0.0, 0.0, 1.0],
                [0.37283, -0.231207, -0.898633, -0.0, -0.362725, 0.855083, -0.370492, 0.4, 0.854066, 0.464087, 0.234936, -0.0, 0.0, 0.0, 0.0, 1.0],
                [0.45259, -0.133623, -0.881651, -0.0, -0.237091, 0.935089, -0.263432, 0.4, 0.859622, 0.328258, 0.391531, -0.0, 0.0, 0.0, 0.0, 1.0],
                [0.522235, -0.032728, -0.852173, 0.0, -0.127059, 0.985124, -0.1157, 0.4, 0.843283, 0.168699, 0.510308, -0.0, 0.0, 0.0, 0.0, 1.0],
                [0.553343, 0.01221, -0.832864, 0.0, -0.081474, 0.995891, -0.03953, 0.4, 0.82896, 0.089731, 0.552064, -0.0, 0.0, 0.0, 0.0, 1.0],
                [0.553343, 0.01221, -0.832864, 0.0, -0.081474, 0.995891, -0.03953, 0.4, 0.82896, 0.089731, 0.552064, 0.0, 0.0, 0.0, 0.0, 1.0],
                [0.553343, 0.01221, -0.832864, 0.0, -0.081474, 0.995891, -0.03953, 0.4, 0.82896, 0.089731, 0.552064, 0.0, 0.0, 0.0, 0.0, 1.0],
                [0.56894, 0.004581, -0.822366, 0.0, -0.086587, 0.99476, -0.054362, 0.4, 0.817808, 0.102135, 0.566355, -0.0, 0.0, 0.0, 0.0, 1.0],
                [0.878106, -0.098117, -0.468298, 0.0, -0.117048, 0.904959, -0.409082, 0.4, 0.463929, 0.414031, 0.783166, 0.0, 0.0, 0.0, 0.0, 1.0],
                [0.976913, -0.062488, -0.204296, 0.0, -0.057762, 0.843396, -0.534178, 0.4, 0.205682, 0.533646, 0.820315, -0.0, 0.0, 0.0, 0.0, 1.0],
                [0.947994, 0.069347, -0.310643, -0.0, -0.123071, 0.979929, -0.156819, 0.4, 0.293533, 0.186894, 0.937501, -0.0, 0.0, 0.0, 0.0, 1.0],
                [0.882913, -0.010342, -0.469422, -0.0, -0.111966, 0.966279, -0.23188, 0.4, 0.455991, 0.257289, 0.851983, -0.0, 0.0, 0.0, 0.0, 1.0],
                [0.795663, -0.125586, -0.592578, 0.0, -0.107085, 0.933701, -0.341665, 0.4, 0.596199, 0.335306, 0.729463, 0.0, 0.0, 0.0, 0.0, 1.0],
                [0.761681, -0.16963, -0.625354, 0.0, -0.108924, 0.917868, -0.381647, 0.4, 0.638731, 0.358809, 0.680646, 0.0, 0.0, 0.0, 0.0, 1.0],
                [0.761681, -0.16963, -0.625354, 0.0, -0.108924, 0.917868, -0.381647, 0.4, 0.638731, 0.358809, 0.680646, -0.0, 0.0, 0.0, 0.0, 1.0],
                [0.761681, -0.16963, -0.625354, -0.0, -0.108924, 0.917868, -0.381647, 0.4, 0.638731, 0.358809, 0.680646, -0.0, 0.0, 0.0, 0.0, 1.0],
                [0.761681, -0.16963, -0.625354, 0.0, -0.108924, 0.917868, -0.381647, 0.4, 0.638731, 0.358809, 0.680646, 0.0, 0.0, 0.0, 0.0, 1.0],
                [0.761681, -0.16963, -0.625354, 0.0, -0.108924, 0.917868, -0.381647, 0.4, 0.638731, 0.358809, 0.680646, -0.0, 0.0, 0.0, 0.0, 1.0],
                [0.761681, -0.16963, -0.625354, 0.0, -0.108924, 0.917868, -0.381647, 0.4, 0.638731, 0.358809, 0.680646, -0.0, 0.0, 0.0, 0.0, 1.0],
                [0.761401, -0.169175, -0.625818, 0.0, -0.109633, 0.917843, -0.381502, 0.4, 0.638944, 0.359086, 0.680299, 0.0, 0.0, 0.0, 0.0, 1.0],
                [0.752723, -0.155527, -0.639703, -0.0, -0.130906, 0.916932, -0.376961, 0.4, 0.645192, 0.367488, 0.669836, 0.0, 0.0, 0.0, 0.0, 1.0],
                [0.735067, -0.130023, -0.66541, -0.0, -0.170827, 0.914257, -0.367358, 0.4, 0.65612, 0.383703, 0.649829, 0.0, 0.0, 0.0, 0.0, 1.0],
                [0.713609, -0.102243, -0.693043, -0.0, -0.214575, 0.909842, -0.355169, 0.4, 0.666873, 0.402162, 0.627333, -0.0, 0.0, 0.0, 0.0, 1.0],
                [0.695749, -0.081228, -0.713677, 0.0, -0.247861, 0.905404, -0.344685, 0.4, 0.674164, 0.416707, 0.609801, 0.0, 0.0, 0.0, 0.0, 1.0],
                [0.690132, -0.074953, -0.719792, 0.0, -0.257835, 0.903888, -0.341333, 0.4, 0.676195, 0.421152, 0.604476, 0.0, 0.0, 0.0, 0.0, 1.0],
                [0.690132, -0.074953, -0.719792, 0.0, -0.257834, 0.903888, -0.341333, 0.4, 0.676194, 0.421152, 0.604476, -0.0, 0.0, 0.0, 0.0, 1.0]
            ]
        },
        {
            "name": "Shoulder_R",
            "time": [0.0, 0.1, 0.2, 0.3, 0.4, 0.5, 0.6, 0.7, 0.8, 0.9, 1.0, 1.1, 1.2, 1.3, 1.4, 1.5, 1.6, 1.7, 1.8, 1.9, 2.0, 2.1, 2.2, 2.3, 2.4, 2.5, 2.6, 2.7, 2.8, 2.9, 3.0],
            "transform": [
                [0.0, 0.952114, 0.305743, 0.0, 0.0, -0.305743, 0.952114, 0.4, 1.0, 0.0, -0.0, -0.0, 0.0, 0.0, 0.0, 1.0],
                [0.0, 0.952114, 0.305743, -0.0, 0.0, -0.305743, 0.952114, 0.4, 1.0, 0.0, -0.0, 0.0, 0.0, 0.0, 0.0, 1.0],
                [0.0, 0.952114, 0.305743, 0.0, 0.0, -0.305743, 0.952114, 0.4, 1.0, 0.0, -0.0, 0.0, 0.0, 0.0, 0.0, 1.0],
                [0.0, 0.952114, 0.305743, -0.0, 0.0, -0.305743, 0.952114, 0.4, 1.0, 0.0, -0.0, 0.0, 0.0, 0.0, 0.0, 1.0],
                [0.0, 0.952114, 0.305743, -0.0, 0.0, -0.305743, 0.952114, 0.4, 1.0, 0.0, -0.0, 0.0, 0.0, 0.0, 0.0, 1.0],
                [0.0, 0.952114, 0.305743, 0.0, 0.0, -0.305743, 0.952114, 0.4, 1.0, -0.0, -0.0, 0.0, 0.0, 0.0, 0.0, 1.0],
