{
    "animation": [
        {
            "name": "Root",
            "time": [0.0, 0.1, 0.2, 0.3, 0.4, 0.5, 0.6, 0.7, 0.8, 0.9, 1.0, 1.1, 1.2, 1.3, 1.4, 1.5, 1.6, 1.7, 1.8, 1.9, 2.0],
            "transform": [
                [0.721314, -0.00701, 0.692572, -0.04245, 0.676449, 0.221869, -0.702276, -0.034541, -0.148737, 0.975051, 0.164779, 0.565781, 0.0, 0.0, 0.0, 1.0],
                [0.88228, 0.024486, 0.470088, -0.008801, 0.452127, 0.233853, -0.860752, -0.182948, -0.131008, 0.971963, 0.195253, 0.565781, 0.0, 0.0, 0.0, 1.0],
                [0.97235, 0.105968, -0.208102, 0.024277, -0.227073, 0.220945, -0.948484, -0.374914, -0.05453, 0.969512, 0.238899, 0.565781, 0.0, 0.0, 0.0, 1.0],
                [0.599525, 0.153302, -0.785537, 0.049482, -0.799672, 0.155303, -0.580005, -0.541009, 0.033081, 0.975899, 0.215699, 0.565781, 0.0, 0.0, 0.0, 1.0],
                [0.357937, 0.141816, -0.922914, 0.059506, -0.931827, 0.117594, -0.343324, -0.611803, 0.05984, 0.982883, 0.17424, 0.565781, 0.0, 0.0, 0.0, 1.0],
                [0.368975, 0.106294, -0.923341, 0.059506, -0.927806, 0.100994, -0.359133, -0.611803, 0.055078, 0.989192, 0.135884, 0.565781, 0.0, 0.0, 0.0, 1.0],
                [0.384421, 0.077289, -0.919917, 0.059506, -0.921384, 0.093867, -0.377148, -0.611803, 0.0572, 0.99258, 0.107297, 0.565781, 0.0, 0.0, 0.0, 1.0],
                [0.408213, 0.06384, -0.910652, 0.060015, -0.909649, 0.112385, -0.399885, -0.603848, 0.076815, 0.991612, 0.103949, 0.607396, 0.0, 0.0, 0.0, 1.0],
                [0.548718, 0.034244, -0.835306, 0.063575, -0.823659, 0.193238, -0.533146, -0.548164, 0.143155, 0.980554, 0.134239, 0.684682, 0.0, 0.0, 0.0, 1.0],
                [0.871646, -0.114282, -0.476626, 0.073239, -0.402612, 0.387647, -0.829237, -0.39702, 0.279529, 0.914697, 0.29188, 0.726298, 0.0, 0.0, 0.0, 1.0],
                [0.789214, -0.512313, 0.338639, 0.090691, 0.579317, 0.438079, -0.687371, -0.054249, 0.203799, 0.738662, 0.64253, 0.580009, 0.0, 0.0, 0.0, 1.0],
                [0.544034, -0.636747, 0.546425, 0.098521, 0.835294, 0.349347, -0.424548, 0.11816, 0.079438, 0.687394, 0.721927, 0.47537, 0.0, 0.0, 0.0, 1.0],
                [0.544034, -0.636747, 0.546425, 0.098521, 0.835294, 0.349347, -0.424548, 0.11816, 0.079438, 0.687394, 0.721927, 0.47537, 0.0, 0.0, 0.0, 1.0],
                [0.544034, -0.636747, 0.546425, 0.098521, 0.835294, 0.349347, -0.424548, 0.11816, 0.079438, 0.687394, 0.721927, 0.47537, 0.0, 0.0, 0.0, 1.0],
                [0.544034, -0.636747, 0.546425, 0.098521, 0.835294, 0.349347, -0.424548, 0.11816, 0.079438, 0.687394, 0.721927, 0.47537, 0.0, 0.0, 0.0, 1.0],
                [0.562762, -0.597638, 0.571076, 0.088078, 0.823772, 0.348176, -0.447408, 0.106848, 0.068553, 0.722221, 0.688257, 0.482067, 0.0, 0.0, 0.0, 1.0],
                [0.606771, -0.49193, 0.624367, 0.061973, 0.794047, 0.339234, -0.50439, 0.078571, 0.036318, 0.801826, 0.596453, 0.49881, 0.0, 0.0, 0.0, 1.0],
                [0.656127, -0.340952, 0.673238, 0.028035, 0.754492, 0.314663, -0.575959, 0.041809, -0.015468, 0.885855, 0.463704, 0.520575, 0.0, 0.0, 0.0, 1.0],
                [0.694329, -0.180903, 0.696549, -0.005902, 0.715593, 0.276273, -0.641561, 0.005048, -0.076378, 0.9439, 0.321277, 0.542341, 0.0, 0.0, 0.0, 1.0],
                [0.715147, -0.056334, 0.6967, -0.032008, 0.687232, 0.2386, -0.686135, -0.02323, -0.12758, 0.969483, 0.209349, 0.559083, 0.0, 0.0, 0.0, 1.0],
                [0.721315, -0.00701, 0.692572, -0.04245, 0.676449, 0.221869, -0.702276, -0.034541, -0.148737, 0.975051, 0.164779, 0.565781, 0.0, 0.0, 0.0, 1.0]
            ]
        },
        {
            "name": "Thigh_R",
            "time": [0.0, 0.1, 0.2, 0.3, 0.4, 0.5, 0.6, 0.7, 0.8, 0.9, 1.0, 1.1, 1.2, 1.3, 1.4, 1.5, 1.6, 1.7, 1.8, 1.9, 2.0],
            "transform": [
                [0.547088, 0.836033, 0.041725, 0.124994, 0.307113, -0.24684, 0.919104, -0.002831, 0.778701, -0.490016, -0.391801, -1.2e-05, 0.0, 0.0, 0.0, 1.0],
                [0.672597, 0.663695, -0.327293, 0.124994, 0.474889, -0.047918, 0.878742, -0.002831, 0.567534, -0.746465, -0.347411, -1.2e-05, 0.0, 0.0, 0.0, 1.0],
                [0.729289, 0.212776, -0.65028, 0.124994, 0.677647, -0.093341, 0.72944, -0.002831, 0.09451, -0.97263, -0.21226, -1.2e-05, 0.0, 0.0, 0.0, 1.0],
                [0.760139, 0.191625, -0.620862, 0.124994, 0.628358, -0.460015, 0.627337, -0.002831, -0.165393, -0.866984, -0.470085, -1.2e-05, 0.0, 0.0, 0.0, 1.0],
                [0.765195, 0.368059, -0.528212, 0.124994, 0.610801, -0.674335, 0.414959, -0.002831, -0.203463, -0.640157, -0.740811, -1.2e-05, 0.0, 0.0, 0.0, 1.0],
                [0.766097, 0.377451, -0.520218, 0.124994, 0.60453, -0.698029, 0.383795, -0.002831, -0.218263, -0.60851, -0.76294, -1.2e-05, 0.0, 0.0, 0.0, 1.0],
                [0.772557, 0.384494, -0.505292, 0.124994, 0.593879, -0.719119, 0.360797, -0.002831, -0.22464, -0.578818, -0.783905, -1.2e-05, 0.0, 0.0, 0.0, 1.0],
                [0.680192, 0.235477, -0.694182, 0.124994, 0.558898, -0.779354, 0.283264, -0.002831, -0.474311, -0.58065, -0.66172, -1.2e-05, 0.0, 0.0, 0.0, 1.0],
                [0.660812, -0.289287, -0.69256, 0.124994, 0.52672, -0.47861, 0.702495, -0.002831, -0.534689, -0.829001, -0.163899, -1.2e-05, 0.0, 0.0, 0.0, 1.0],
                [0.961123, -0.203626, -0.186489, 0.124994, 0.211553, 0.109015, 0.971268, -0.002831, -0.177446, -0.972959, 0.147855, -1.2e-05, 0.0, 0.0, 0.0, 1.0],
                [0.745648, 0.59456, 0.300842, 0.124994, -0.461135, 0.134527, 0.877073, -0.002831, 0.481003, -0.792715, 0.374483, -1.2e-05, 0.0, 0.0, 0.0, 1.0],
                [0.610522, 0.770589, 0.182904, 0.124994, -0.43198, 0.130431, 0.892402, -0.002831, 0.66382, -0.623841, 0.412511, -1.2e-05, 0.0, 0.0, 0.0, 1.0],
                [0.610521, 0.770589, 0.182904, 0.124994, -0.43198, 0.130431, 0.892403, -0.002831, 0.66382, -0.623841, 0.412511, -1.2e-05, 0.0, 0.0, 0.0, 1.0],
                [0.610521, 0.770589, 0.182904, 0.124994, -0.43198, 0.130431, 0.892402, -0.002831, 0.66382, -0.623841, 0.412511, -1.2e-05, 0.0, 0.0, 0.0, 1.0],
                [0.610521, 0.770589, 0.182904, 0.124994, -0.43198, 0.130431, 0.892402, -0.002831, 0.663819, -0.623841, 0.412511, -1.2e-05, 0.0, 0.0, 0.0, 1.0],
                [0.612504, 0.771435, 0.172411, 0.124994, -0.383277, 0.099079, 0.918305, -0.002831, 0.69133, -0.628544, 0.35636, -1.2e-05, 0.0, 0.0, 0.0, 1.0],
                [0.613992, 0.776174, 0.143408, 0.124994, -0.25331, 0.021689, 0.967143, -0.002831, 0.747561, -0.630143, 0.20993, -1.2e-05, 0.0, 0.0, 0.0, 1.0],
                [0.606332, 0.788498, 0.103107, 0.124994, -0.072257, -0.074494, 0.994601, -0.002831, 0.791922, -0.610507, 0.011806, -1.2e-05, 0.0, 0.0, 0.0, 1.0],
                [0.585457, 0.807977, 0.066415, 0.124994, 0.113415, -0.162745, 0.980128, -0.002831, 0.80273, -0.56629, -0.186917, -1.2e-05, 0.0, 0.0, 0.0, 1.0],
                [0.559713, 0.827385, 0.046402, 0.124994, 0.253087, -0.223991, 0.941157, -0.002831, 0.789093, -0.515033, -0.334772, -1.2e-05, 0.0, 0.0, 0.0, 1.0],
                [0.547088, 0.836033, 0.041724, 0.124994, 0.307113, -0.24684, 0.919104, -0.002831, 0.778701, -0.490016, -0.391801, -1.2e-05, 0.0, 0.0, 0.0, 1.0]
            ]
        },
        {
            "name": "Leg_R",
            "time": [0.0, 0.1, 0.2, 0.3, 0.4, 0.5, 0.6, 0.7, 0.8, 0.9, 1.0, 1.1, 1.2, 1.3, 1.4, 1.5, 1.6, 1.7, 1.8, 1.9, 2.0],
            "transform": [
                [1.0, -1e-06, 1e-06, -0.0, -0.0, 0.568785, 0.822487, 0.374726, -1e-06, -0.822489, 0.568781, 0.0, 0.0, 0.0, 0.0, 1.0],
                [1.0, -1e-06, 0.0, 0.0, -0.0, 0.213928, 0.976849, 0.374726, -1e-06, -0.976851, 0.213927, 0.0, 0.0, 0.0, 0.0, 1.0],
                [1.0, -1e-06, -0.0, 0.0, -0.0, -0.212624, 0.977133, 0.374726, -1e-06, -0.977135, -0.212623, 0.0, 0.0, 0.0, 0.0, 1.0],
                [1.0, -1e-06, 0.0, 0.0, -0.0, 0.141254, 0.989973, 0.374726, -1e-06, -0.989974, 0.141253, -0.0, 0.0, 0.0, 0.0, 1.0],
                [1.0, -0.0, 1e-06, -0.0, -0.0, 0.685367, 0.728199, 0.374726, -1e-06, -0.728202, 0.685361, 0.0, 0.0, 0.0, 0.0, 1.0],
                [1.0, -0.0, 1e-06, -0.0, -0.0, 0.681778, 0.731561, 0.374726, -1e-06, -0.731564, 0.681772, 0.0, 0.0, 0.0, 0.0, 1.0],
                [1.0, -0.0, 1e-06, 0.0, -0.0, 0.68132, 0.731986, 0.374726, -1e-06, -0.731989, 0.681316, -0.0, 0.0, 0.0, 0.0, 1.0],
                [1.000001, -1e-06, 1e-06, -0.0, -0.0, 0.624985, 0.780637, 0.374726, -1e-06, -0.780641, 0.624979, -0.0, 0.0, 0.0, 0.0, 1.0],
                [1.000001, -1e-06, 0.0, 0.0, -0.0, 0.044138, 0.999024, 0.374726, -1e-06, -0.999026, 0.044137, 0.0, 0.0, 0.0, 0.0, 1.0],
                [1.0, -1e-06, 1e-06, -0.0, -0.0, 0.607245, 0.794516, 0.374726, -1e-06, -0.794518, 0.60724, -0.0, 0.0, 0.0, 0.0, 1.0],
                [1.000001, -1e-06, 1e-06, -0.0, -0.0, 0.544744, 0.838602, 0.374726, -1e-06, -0.838605, 0.54474, 0.0, 0.0, 0.0, 0.0, 1.0],
                [1.0, -1e-06, 0.0, -0.0, -0.0, 0.025793, 0.999667, 0.374726, -1e-06, -0.999668, 0.025793, 0.0, 0.0, 0.0, 0.0, 1.0],
                [1.0, -1e-06, 0.0, -0.0, -0.0, 0.025793, 0.999666, 0.374726, -1e-06, -0.999669, 0.025793, 0.0, 0.0, 0.0, 0.0, 1.0],
                [1.0, -1e-06, 0.0, -0.0, -0.0, 0.025793, 0.999667, 0.374726, -1e-06, -0.999669, 0.025793, -0.0, 0.0, 0.0, 0.0, 1.0],
                [1.0, -1e-06, 0.0, -0.0, -0.0, 0.025794, 0.999667, 0.374726, -1e-06, -0.999668, 0.025793, -0.0, 0.0, 0.0, 0.0, 1.0],
                [1.0, -1e-06, 0.0, -0.0, -0.0, 0.060252, 0.998182, 0.374726, -1e-06, -0.998184, 0.060252, 0.0, 0.0, 0.0, 0.0, 1.0],
                [1.0, -1e-06, 0.0, -0.0, -0.0, 0.149917, 0.988697, 0.374726, -1e-06, -0.9887, 0.149916, -0.0, 0.0, 0.0, 0.0, 1.0],
                [1.000001, -1e-06, 0.0, -0.0, -0.0, 0.274546, 0.961573, 0.374726, -1e-06, -0.961576, 0.274544, -0.0, 0.0, 0.0, 0.0, 1.0],
                [1.0, -1e-06, 1e-06, -0.0, -0.0, 0.409583, 0.912273, 0.374726, -1e-06, -0.912275, 0.409581, -0.0, 0.0, 0.0, 0.0, 1.0],
                [1.0, -1e-06, 1e-06, 0.0, -0.0, 0.521697, 0.85313, 0.374726, -1e-06, -0.853133, 0.521694, 0.0, 0.0, 0.0, 0.0, 1.0],
                [1.000001, -1e-06, 1e-06, 0.0, -0.0, 0.568785, 0.822487, 0.374726, -1e-06, -0.822489, 0.568781, -0.0, 0.0, 0.0, 0.0, 1.0]
            ]
        },
        {
            "name": "Knee_R",
            "time": [0.0, 2.0],
            "transform": [
                [1.0, 0.0, -0.0, 0.0, -0.0, 0.00567, -0.999984, 0.419982, -0.0, 0.999984, 0.00567, -0.000257, 0.0, 0.0, 0.0, 1.0],
                [1.0, 0.0, -0.0, 0.0, -0.0, 0.00567, -0.999984, 0.419982, -0.0, 0.999984, 0.00567, -0.000257, 0.0, 0.0, 0.0, 1.0]
            ]
        },
        {
            "name": "Thigh_L",
            "time": [0.0, 0.1, 0.2, 0.3, 0.4, 0.5, 0.6, 0.7, 0.8, 0.9, 1.0, 1.1, 1.2, 1.3, 1.4, 1.5, 1.6, 1.7, 1.8, 1.9, 2.0],
            "transform": [
                [0.931766, -0.346024, -0.109902, -0.125006, -0.233404, -0.802779, 0.548697, -0.002831, -0.278089, -0.485605, -0.828766, -1.2e-05, 0.0, 0.0, 0.0, 1.0],
                [0.90365, -0.345859, -0.252581, -0.125006, -0.077037, -0.711419, 0.698533, -0.002831, -0.421286, -0.611771, -0.669519, -1.2e-05, 0.0, 0.0, 0.0, 1.0],
                [0.655249, -0.584372, -0.478703, -0.125006, 0.024573, -0.616873, 0.786678, -0.002831, -0.755012, -0.527233, -0.389846, -1.2e-05, 0.0, 0.0, 0.0, 1.0],
                [0.31683, -0.80976, -0.493869, -0.125006, -0.089036, -0.543785, 0.834487, -0.002831, -0.944294, -0.220419, -0.244385, -1.2e-05, 0.0, 0.0, 0.0, 1.0],
                [0.177839, -0.845285, -0.50385, -0.125006, -0.202014, -0.532466, 0.821991, -0.002831, -0.963101, -0.044397, -0.265453, -1.2e-05, 0.0, 0.0, 0.0, 1.0],
                [0.192004, -0.842836, -0.502755, -0.125006, -0.237513, -0.536964, 0.80948, -0.002831, -0.95222, -0.036013, -0.303283, -1.2e-05, 0.0, 0.0, 0.0, 1.0],
                [0.208472, -0.845339, -0.491875, -0.125006, -0.264278, -0.532906, 0.803847, -0.002831, -0.941646, -0.037588, -0.3345, -1.2e-05, 0.0, 0.0, 0.0, 1.0],
                [0.244844, -0.796585, -0.552723, -0.125006, -0.255979, -0.602956, 0.755591, -0.002831, -0.935161, -0.043517, -0.351539, -1.2e-05, 0.0, 0.0, 0.0, 1.0],
                [0.40487, -0.683804, -0.607036, -0.125006, -0.238305, -0.719848, 0.651943, -0.002831, -0.882774, -0.119293, -0.454399, -1.2e-05, 0.0, 0.0, 0.0, 1.0],
                [0.741557, -0.613877, -0.270641, -0.125006, -0.31877, -0.677366, 0.662994, -0.002831, -0.59032, -0.405376, -0.697991, -1.2e-05, 0.0, 0.0, 0.0, 1.0],
                [0.712609, -0.426514, 0.557023, -0.125006, -0.698455, -0.356682, 0.620433, -0.002831, -0.065944, -0.831181, -0.552076, -1.2e-05, 0.0, 0.0, 0.0, 1.0],
                [0.574649, -0.506243, 0.643036, -0.125006, -0.799585, -0.17978, 0.573013, -0.002831, -0.174478, -0.843442, -0.508095, -1.2e-05, 0.0, 0.0, 0.0, 1.0],
                [0.571532, -0.503122, 0.648243, -0.125006, -0.803766, -0.184146, 0.565731, -0.002831, -0.16526, -0.844368, -0.509638, -1.2e-05, 0.0, 0.0, 0.0, 1.0],
                [0.571532, -0.503122, 0.648243, -0.125006, -0.803766, -0.184146, 0.56573, -0.002831, -0.16526, -0.844368, -0.509638, -1.2e-05, 0.0, 0.0, 0.0, 1.0],
                [0.571532, -0.503122, 0.648243, -0.125006, -0.803766, -0.184146, 0.56573, -0.002831, -0.16526, -0.844368, -0.509638, -1.2e-05, 0.0, 0.0, 0.0, 1.0],
                [0.622718, -0.496568, 0.604683, -0.125006, -0.764739, -0.222776, 0.604603, -0.002831, -0.165518, -0.838922, -0.518472, -1.2e-05, 0.0, 0.0, 0.0, 1.0],
                [0.732653, -0.481524, 0.480993, -0.125006, -0.660102, -0.330591, 0.674519, -0.002831, -0.165785, -0.811692, -0.560063, -1.2e-05, 0.0, 0.0, 0.0, 1.0],
                [0.83857, -0.457151, 0.296333, -0.125006, -0.514692, -0.486482, 0.705994, -0.002831, -0.178586, -0.744545, -0.643241, -1.2e-05, 0.0, 0.0, 0.0, 1.0],
                [0.903623, -0.416841, 0.098532, -0.125006, -0.370833, -0.646226, 0.66699, -0.002831, -0.214354, -0.639246, -0.738523, -1.2e-05, 0.0, 0.0, 0.0, 1.0],
                [0.927767, -0.369519, -0.051995, -0.125006, -0.270002, -0.760923, 0.589996, -0.002831, -0.257579, -0.533339, -0.805731, -1.2e-05, 0.0, 0.0, 0.0, 1.0],
                [0.931766, -0.346024, -0.109903, -0.125006, -0.233404, -0.802779, 0.548696, -0.002831, -0.278089, -0.485605, -0.828766, -1.2e-05, 0.0, 0.0, 0.0, 1.0]
            ]
        },
        {
            "name": "Leg_L",
            "time": [0.0, 0.1, 0.2, 0.3, 0.4, 0.5, 0.6, 0.7, 0.8, 0.9, 1.0, 1.1, 1.2, 1.3, 1.4, 1.5, 1.6, 1.7, 1.8, 1.9, 2.0],
            "transform": [
                [1.0, -1e-06, 0.0, 0.0, -0.0, 0.40813, 0.912924, 0.374726, -1e-06, -0.912924, 0.40813, 0.0, 0.0, 0.0, 0.0, 1.0],
                [1.0, -1e-06, 0.0, -0.0, -0.0, 0.242392, 0.970179, 0.374726, -1e-06, -0.970178, 0.242392, 0.0, 0.0, 0.0, 0.0, 1.0],
                [1.0, -1e-06, 0.0, -0.0, -0.0, 0.16006, 0.987107, 0.374726, -1e-06, -0.987107, 0.16006, -0.0, 0.0, 0.0, 0.0, 1.0],
                [1.000001, -1e-06, 0.0, -0.0, -0.0, 0.208994, 0.977917, 0.374726, -1e-06, -0.977917, 0.208993, -0.0, 0.0, 0.0, 0.0, 1.0],
                [1.000001, -1e-06, 0.0, -0.0, -0.0, 0.292491, 0.956269, 0.374726, -1e-06, -0.956268, 0.292491, 0.0, 0.0, 0.0, 0.0, 1.0],
                [1.0, -1e-06, 1e-06, 0.0, -0.0, 0.293056, 0.956095, 0.374726, -1e-06, -0.956095, 0.293056, 0.0, 0.0, 0.0, 0.0, 1.0],
                [1.000001, -1e-06, 0.0, -0.0, -0.0, 0.289706, 0.957116, 0.374726, -1e-06, -0.957115, 0.289707, 0.0, 0.0, 0.0, 0.0, 1.0],
                [1.0, -1e-06, 1e-06, 0.0, -0.0, 0.437493, 0.899221, 0.374726, -1e-06, -0.899222, 0.437492, 0.0, 0.0, 0.0, 0.0, 1.0],
                [1.000001, -0.0, 1e-06, -0.0, -0.0, 0.689376, 0.724403, 0.374726, -1e-06, -0.724404, 0.689376, -0.0, 0.0, 0.0, 0.0, 1.0],
                [1.0, -0.0, 1e-06, 0.0, -0.0, 0.748035, 0.66366, 0.374726, -1e-06, -0.66366, 0.748034, 0.0, 0.0, 0.0, 0.0, 1.0],
                [1.0, -1e-06, 1e-06, -0.0, -0.0, 0.407798, 0.913073, 0.374726, -1e-06, -0.913072, 0.407798, -0.0, 0.0, 0.0, 0.0, 1.0],
                [1.0, -1e-06, 1e-06, 0.0, -0.0, 0.471651, 0.881785, 0.374726, -1e-06, -0.881785, 0.471651, 0.0, 0.0, 0.0, 0.0, 1.0],
                [1.0, -1e-06, 1e-06, 0.0, -0.0, 0.47165, 0.881786, 0.374726, -1e-06, -0.881786, 0.47165, -0.0, 0.0, 0.0, 0.0, 1.0],
                [1.0, -1e-06, 1e-06, -0.0, -0.0, 0.471651, 0.881786, 0.374726, -1e-06, -0.881785, 0.47165, 0.0, 0.0, 0.0, 0.0, 1.0],
                [1.0, -1e-06, 1e-06, 0.0, -0.0, 0.471651, 0.881786, 0.374726, -1e-06, -0.881785, 0.47165, -0.0, 0.0, 0.0, 0.0, 1.0],
                [1.0, -1e-06, 1e-06, -0.0, -0.0, 0.448757, 0.893654, 0.374726, -1e-06, -0.893654, 0.448757, 0.0, 0.0, 0.0, 0.0, 1.0],
                [1.000001, -1e-06, 1e-06, -0.0, -0.0, 0.404724, 0.914439, 0.374726, -1e-06, -0.914439, 0.404724, -0.0, 0.0, 0.0, 0.0, 1.0],
                [1.000001, -1e-06, 0.0, 0.0, -0.0, 0.375292, 0.926907, 0.374726, -1e-06, -0.926907, 0.375292, -0.0, 0.0, 0.0, 0.0, 1.0],
                [1.0, -1e-06, 0.0, -0.0, -0.0, 0.376037, 0.926605, 0.374726, -1e-06, -0.926604, 0.376037, -0.0, 0.0, 0.0, 0.0, 1.0],
                [1.0, -1e-06, 0.0, 0.0, -0.0, 0.395827, 0.918326, 0.374726, -1e-06, -0.918325, 0.395826, 0.0, 0.0, 0.0, 0.0, 1.0],
                [1.0, -0.0, 1e-06, 0.0, -0.0, 0.408131, 0.912923, 0.374726, -1e-06, -0.912924, 0.40813, 0.0, 0.0, 0.0, 0.0, 1.0]
            ]
        },
        {
            "name": "Knee_L",
            "time": [0.0, 2.0],
            "transform": [
                [1.0, 0.0, -0.0, 0.0, -0.0, 0.00567, -0.999984, 0.439374, -0.0, 0.999984, 0.00567, -0.000367, 0.0, 0.0, 0.0, 1.0],
                [1.0, 0.0, -0.0, -0.0, -0.0, 0.00567, -0.999984, 0.439374, -0.0, 0.999984, 0.00567, -0.000367, 0.0, 0.0, 0.0, 1.0]
            ]
        },
        {
            "name": "Torso",
            "time": [0.0, 0.1, 0.2, 0.3, 0.4, 0.5, 0.6, 0.7, 0.8, 0.9, 1.0, 1.1, 1.2, 1.3, 1.4, 1.5, 1.6, 1.7, 1.8, 1.9, 2.0],
            "transform": [
                [1.0, -0.0, 0.0, 0.0, 0.0, 1.0, -0.000689, 0.05, -0.0, 0.000689, 1.0, -0.0, 0.0, 0.0, 0.0, 1.0],
                [1.0, 0.0, -0.0, 0.0, 0.0, 1.0, -0.000689, 0.05, -0.0, 0.000689, 1.0, 0.0, 0.0, 0.0, 0.0, 1.0],
                [1.0, 0.0, -0.0, -0.0, -0.0, 1.0, -0.000689, 0.05, 0.0, 0.000689, 1.0, 0.0, 0.0, 0.0, 0.0, 1.0],
                [1.0, -0.0, 0.0, 0.0, -0.0, 1.0, -0.000689, 0.05, 0.0, 0.000689, 1.0, 0.0, 0.0, 0.0, 0.0, 1.0],
                [1.0, 0.0, -0.0, 0.0, 0.0, 1.0, -0.000689, 0.05, 0.0, 0.000689, 1.0, 0.0, 0.0, 0.0, 0.0, 1.0],
                [1.0, -0.0, 0.0, 0.0, 0.0, 1.0, -0.000689, 0.05, 0.0, 0.000689, 1.0, 0.0, 0.0, 0.0, 0.0, 1.0],
                [1.0, -0.0, 0.0, -0.0, -0.0, 1.0, -0.000689, 0.05, -0.0, 0.000689, 1.0, -0.0, 0.0, 0.0, 0.0, 1.0],
                [1.0, 0.0, 0.0, -0.0, -0.0, 1.0, -0.000689, 0.05, -0.0, 0.000689, 1.0, -0.0, 0.0, 0.0, 0.0, 1.0],
                [1.0, 0.0, -0.0, 0.0, -0.0, 1.0, -0.000689, 0.05, -0.0, 0.000689, 1.0, 0.0, 0.0, 0.0, 0.0, 1.0],
                [1.0, -0.0, -0.0, -0.0, 0.0, 1.0, -0.000689, 0.05, -0.0, 0.000689, 1.0, 0.0, 0.0, 0.0, 0.0, 1.0],
                [1.0, -0.0, 0.0, 0.0, 0.0, 1.0, -0.000689, 0.05, -0.0, 0.000689, 1.0, -0.0, 0.0, 0.0, 0.0, 1.0],
                [1.0, -0.0, 0.0, 0.0, -0.0, 1.0, -0.000689, 0.05, -0.0, 0.000689, 1.0, -0.0, 0.0, 0.0, 0.0, 1.0],
                [1.0, -0.0, 0.0, -0.0, -0.0, 1.0, -0.000689, 0.05, 0.0, 0.000689, 1.0, 0.0, 0.0, 0.0, 0.0, 1.0],
                [1.0, 0.0, -0.0, 0.0, 0.0, 1.0, -0.000689, 0.05, -0.0, 0.000689, 1.0, 0.0, 0.0, 0.0, 0.0, 1.0],
                [1.0, 0.0, -0.0, -0.0, 0.0, 1.0, -0.000689, 0.05, -0.0, 0.000689, 1.0, 0.0, 0.0, 0.0, 0.0, 1.0],
                [1.0, 0.0, 0.0, -0.0, 0.0, 1.0, -0.000689, 0.05, 0.0, 0.000689, 1.0, 0.0, 0.0, 0.0, 0.0, 1.0],
                [1.0, -0.0, 0.0, 0.0, -0.0, 1.0, -0.000689, 0.05, -0.0, 0.000689, 1.0, -0.0, 0.0, 0.0, 0.0, 1.0],
                [1.0, 0.0, -0.0, 0.0, -0.0, 1.0, -0.000689, 0.05, 0.0, 0.000689, 1.0, 0.0, 0.0, 0.0, 0.0, 1.0],
                [1.0, -0.0, 0.0, 0.0, 0.0, 1.0, -0.000689, 0.05, 0.0, 0.000689, 1.0, 0.0, 0.0, 0.0, 0.0, 1.0],
                [1.0, -0.0, 0.0, -0.0, 0.0, 1.0, -0.000689, 0.05, -0.0, 0.000689, 1.0, -0.0, 0.0, 0.0, 0.0, 1.0],
                [1.0, -0.0, 0.0, 0.0, 0.0, 1.0, -0.000689, 0.05, -0.0, 0.000689, 1.0, -0.0, 0.0, 0.0, 0.0, 1.0]
            ]
        },
        {
            "name": "Chest",
            "time": [0.0, 0.1, 0.2, 0.3, 0.4, 0.5, 0.6, 0.7, 0.8, 0.9, 1.0, 1.1, 1.2, 1.3, 1.4, 1.5, 1.6, 1.7, 1.8, 1.9, 2.0],
            "transform": [
                [0.984534, -0.000386, 0.175192, -0.0, -0.071296, 0.912561, 0.402677, 0.3, -0.160029, -0.40894, 0.89842, -0.0, 0.0, 0.0, 0.0, 1.0],
                [0.99121, 0.038697, 0.126514, -0.0, -0.057011, 0.987859, 0.144511, 0.3, -0.119386, -0.150453, 0.981382, -0.0, 0.0, 0.0, 0.0, 1.0],
                [0.995461, 0.048698, 0.081773, 0.0, -0.050312, 0.998575, 0.017789, 0.3, -0.08079, -0.021823, 0.996492, 0.0, 0.0, 0.0, 0.0, 1.0],
                [0.997321, 0.052157, 0.051287, 0.0, -0.049897, 0.997767, -0.044396, 0.3, -0.053488, 0.041718, 0.997697, 0.0, 0.0, 0.0, 0.0, 1.0],
                [0.997192, 0.064629, 0.037834, -0.0, -0.059689, 0.991018, -0.119669, 0.3, -0.045228, 0.117074, 0.992093, 0.0, 0.0, 0.0, 0.0, 1.0],
                [0.985039, 0.170698, 0.023693, -0.0, -0.159622, 0.955537, -0.24793, 0.3, -0.064961, 0.240439, 0.968488, 0.0, 0.0, 0.0, 0.0, 1.0],
                [0.953365, 0.301593, 0.011687, 0.0, -0.281735, 0.903146, -0.323964, 0.3, -0.10826, 0.305564, 0.945997, -0.0, 0.0, 0.0, 0.0, 1.0],
                [0.933137, 0.35685, 0.043747, -0.0, -0.329265, 0.897113, -0.294572, 0.3, -0.144364, 0.260472, 0.954627, -0.0, 0.0, 0.0, 0.0, 1.0],
                [0.923044, 0.375739, 0.082526, -0.0, -0.347093, 0.905934, -0.242507, 0.3, -0.165882, 0.195201, 0.966633, -0.0, 0.0, 0.0, 0.0, 1.0],
                [0.922149, 0.37678, 0.087628, -0.0, -0.348401, 0.907377, -0.235126, 0.3, -0.168102, 0.186292, 0.968007, 0.0, 0.0, 0.0, 0.0, 1.0],
                [0.953966, 0.211586, 0.212558, 0.0, -0.270771, 0.912368, 0.307029, 0.3, -0.128968, -0.35045, 0.92766, 0.0, 0.0, 0.0, 0.0, 1.0],
                [0.969158, 0.070623, 0.236103, -0.0, -0.209136, 0.742494, 0.636369, 0.3, -0.130362, -0.66612, 0.734364, -0.0, 0.0, 0.0, 0.0, 1.0],
                [0.969158, 0.070623, 0.236103, 0.0, -0.209136, 0.742494, 0.636369, 0.3, -0.130362, -0.66612, 0.734364, -0.0, 0.0, 0.0, 0.0, 1.0],
                [0.969158, 0.070623, 0.236102, -0.0, -0.209135, 0.742494, 0.636369, 0.3, -0.130362, -0.666119, 0.734364, 0.0, 0.0, 0.0, 0.0, 1.0],
                [0.969158, 0.070623, 0.236103, -0.0, -0.209136, 0.742494, 0.636369, 0.3, -0.130362, -0.66612, 0.734364, 0.0, 0.0, 0.0, 0.0, 1.0],
                [0.970305, 0.067204, 0.232362, 0.0, -0.203071, 0.748244, 0.63158, 0.3, -0.131419, -0.660011, 0.739672, 0.0, 0.0, 0.0, 0.0, 1.0],
                [0.973215, 0.057947, 0.222476, 0.0, -0.186102, 0.766738, 0.614393, 0.3, -0.134979, -0.639339, 0.756985, 0.0, 0.0, 0.0, 0.0, 1.0],
                [0.976993, 0.044092, 0.208663, 0.0, -0.159887, 0.798917, 0.5798, 0.3, -0.14114, -0.599823, 0.787586, 0.0, 0.0, 0.0, 0.0, 1.0],
                [0.980745, 0.026694, 0.193459, 0.0, -0.125859, 0.843851, 0.521608, 0.3, -0.149327, -0.535914, 0.830962, -0.0, 0.0, 0.0, 0.0, 1.0],
                [0.983543, 0.008494, 0.180476, -0.0, -0.089222, 0.891432, 0.444283, 0.3, -0.157109, -0.453074, 0.877519, 0.0, 0.0, 0.0, 0.0, 1.0],
                [0.984534, -0.000386, 0.175192, -0.0, -0.071296, 0.912561, 0.402677, 0.3, -0.160029, -0.40894, 0.89842, -0.0, 0.0, 0.0, 0.0, 1.0]
            ]
        },
        {
            "name": "Head",
            "time": [0.0, 0.1, 0.2, 0.3, 0.4, 0.5, 0.6, 0.7, 0.8, 0.9, 1.0, 1.1, 1.2, 1.3, 1.4, 1.5, 1.6, 1.7, 1.8, 1.9, 2.0],
            "transform": [
                [0.690132, -0.074953, -0.719792, 0.0, -0.257834, 0.903888, -0.341333, 0.4, 0.676195, 0.421152, 0.604476, -0.0, 0.0, 0.0, 0.0, 1.0],
                [0.891298, -0.146738, -0.429017, -0.0, -0.044594, 0.913229, -0.404999, 0.4, 0.451219, 0.380106, 0.807416, -0.0, 0.0, 0.0, 0.0, 1.0],
                [0.974819, -0.191594, 0.114104, 0.0, 0.217415, 0.930344, -0.295279, 0.4, -0.049582, 0.312652, 0.948573, -0.0, 0.0, 0.0, 0.0, 1.0],
                [0.932692, -0.118585, 0.340622, -0.0, 0.158044, 0.983282, -0.090436, 0.4, -0.324203, 0.138182, 0.935841, -0.0, 0.0, 0.0, 0.0, 1.0],
                [0.926172, -0.071705, 0.370221, -0.0, 0.072744, 0.997288, 0.011175, 0.4, -0.370019, 0.016581, 0.928876, 0.0, 0.0, 0.0, 0.0, 1.0],
                [0.926172, -0.071705, 0.370222, 0.0, 0.072744, 0.997288, 0.011175, 0.4, -0.370019, 0.016581, 0.928876, -0.0, 0.0, 0.0, 0.0, 1.0],
                [0.926172, -0.071705, 0.370222, -0.0, 0.072744, 0.997288, 0.011175, 0.4, -0.370019, 0.016581, 0.928876, 0.0, 0.0, 0.0, 0.0, 1.0],
                [0.963716, -0.087908, 0.252038, 0.0, 0.107817, 0.991959, -0.066275, 0.4, -0.244186, 0.091044, 0.965445, -0.0, 0.0, 0.0, 0.0, 1.0],
                [0.988947, -0.12779, 0.075197, 0.0, 0.139776, 0.972702, -0.185239, 0.4, -0.049473, 0.193702, 0.979812, -0.0, 0.0, 0.0, 0.0, 1.0],
                [0.98957, -0.134499, 0.051596, 0.0, 0.142221, 0.969132, -0.201388, 0.4, -0.022917, 0.206626, 0.978152, 0.0, 0.0, 0.0, 0.0, 1.0],
                [0.973702, -0.202545, -0.104306, 0.0, 0.159579, 0.933105, -0.322256, 0.4, 0.1626, 0.297136, 0.940889, -0.0, 0.0, 0.0, 0.0, 1.0],
                [0.943126, -0.259169, -0.208193, -0.0, 0.157417, 0.899773, -0.406974, 0.4, 0.292802, 0.351055, 0.889397, 0.0, 0.0, 0.0, 0.0, 1.0],
                [0.943126, -0.259169, -0.208193, -0.0, 0.157417, 0.899773, -0.406974, 0.4, 0.292802, 0.351055, 0.889397, -0.0, 0.0, 0.0, 0.0, 1.0],
                [0.943126, -0.259169, -0.208193, -0.0, 0.157418, 0.899773, -0.406974, 0.4, 0.292802, 0.351055, 0.889397, -0.0, 0.0, 0.0, 0.0, 1.0],
                [0.943126, -0.259169, -0.208193, -0.0, 0.157418, 0.899773, -0.406974, 0.4, 0.292802, 0.351055, 0.889397, 0.0, 0.0, 0.0, 0.0, 1.0],
                [0.936741, -0.24501, -0.249974, -0.0, 0.126557, 0.902926, -0.41074, 0.4, 0.326344, 0.353121, 0.876816, -0.0, 0.0, 0.0, 0.0, 1.0],
                [0.911654, -0.209294, -0.353672, 0.0, 0.047989, 0.908929, -0.414179, 0.4, 0.408148, 0.360616, 0.838672, 0.0, 0.0, 0.0, 0.0, 1.0],
                [0.859765, -0.163169, -0.483922, 0.0, -0.055054, 0.912448, -0.405472, 0.4, 0.507714, 0.375252, 0.775507, -0.0, 0.0, 0.0, 0.0, 1.0],
                [0.78749, -0.118884, -0.604753, 0.0, -0.155807, 0.910949, -0.381964, 0.4, 0.596309, 0.395018, 0.69884, -0.0, 0.0, 0.0, 0.0, 1.0],
                [0.71976, -0.087016, -0.688749, 0.0, -0.229585, 0.906455, -0.354443, 0.4, 0.655162, 0.41324, 0.632452, 0.0, 0.0, 0.0, 0.0, 1.0],
                [0.690132, -0.074953, -0.719791, 0.0, -0.257834, 0.903888, -0.341333, 0.4, 0.676195, 0.421152, 0.604477, -0.0, 0.0, 0.0, 0.0, 1.0]
            ]
        },
        {
            "name": "Shoulder_R",
            "time": [0.0, 0.1, 0.2, 0.3, 0.4, 0.5, 0.6, 0.7, 0.8, 0.9, 1.0, 1.1, 1.2, 1.3, 1.4, 1.5, 1.6, 1.7, 1.8, 1.9, 2.0],
            "transform": [
                [0.0, 0.952114, 0.305743, 0.0, 0.0, -0.305743, 0.952114, 0.4, 1.0, 0.0, -0.0, -0.0, 0.0, 0.0, 0.0, 1.0],
                [-0.0, 0.952114, 0.305743, -0.0, 0.0, -0.305743, 0.952114, 0.4, 1.0, -0.0, -0.0, -0.0, 0.0, 0.0, 0.0, 1.0],
                [0.0, 0.952114, 0.305743, 0.0, 0.0, -0.305743, 0.952114, 0.4, 1.0, -0.0, -0.0, -0.0, 0.0, 0.0, 0.0, 1.0],
                [-0.0, 0.952114, 0.305743, -0.0, 0.0, -0.305743, 0.952114, 0.4, 1.0, 0.0, -0.0, -0.0, 0.0, 0.0, 0.0, 1.0],
                [0.0, 0.952114, 0.305743, -0.0, 0.0, -0.305743, 0.952114, 0.4, 1.0, 0.0, -0.0, 0.0, 0.0, 0.0, 0.0, 1.0],
                [0.0, 0.952114, 0.305743, 0.0, 0.0, -0.305743, 0.952114, 0.4, 1.0, 0.0, -0.0, -0.0, 0.0, 0.0, 0.0, 1.0],
                [0.0, 0.952114, 0.305743, -0.0, 0.0, -0.305743, 0.952114, 0.4, 1.0, 0.0, -0.0, 0.0, 0.0, 0.0, 0.0, 1.0],
                [0.0, 0.952114, 0.305743, 0.0, -0.0, -0.305743, 0.952114, 0.4, 1.0, 0.0, -0.0, -0.0, 0.0, 0.0, 0.0, 1.0],
                [0.0, 0.952114, 0.305743, 0.0, -0.0, -0.305743, 0.952114, 0.4, 1.0, 0.0, -0.0, -0.0, 0.0, 0.0, 0.0, 1.0],
                [0.0, 0.952114, 0.305743, 0.0, 0.0, -0.305743, 0.952114, 0.4, 1.0, 0.0, -0.0, 0.0, 0.0, 0.0, 0.0, 1.0],
                [0.0, 0.952114, 0.305743, 0.0, 0.0, -0.305743, 0.952114, 0.4, 1.0, -0.0, -0.0, -0.0, 0.0, 0.0, 0.0, 1.0],
                [0.0, 0.952114, 0.305743, -0.0, 0.0, -0.305743, 0.952114, 0.4, 1.0, -0.0, -0.0, 0.0, 0.0, 0.0, 0.0, 1.0],
                [0.0, 0.952114, 0.305743, -0.0, 0.0, -0.305743, 0.952114, 0.4, 1.0, -0.0, -0.0, -0.0, 0.0, 0.0, 0.0, 1.0],
                [0.0, 0.952114, 0.305743, -0.0, 0.0, -0.305743, 0.952114, 0.4, 1.0, -0.0, -0.0, -0.0, 0.0, 0.0, 0.0, 1.0],
                [0.0, 0.952114, 0.305743, -0.0, 0.0, -0.305743, 0.952114, 0.4, 1.0, -0.0, -0.0, 0.0, 0.0, 0.0, 0.0, 1.0],
                [0.0, 0.952114, 0.305743, -0.0, 0.0, -0.305743, 0.952114, 0.4, 1.0, -0.0, -0.0, -0.0, 0.0, 0.0, 0.0, 1.0],
                [0.0, 0.952114, 0.305743, 0.0, 0.0, -0.305743, 0.952114, 0.4, 1.0, -0.0, -0.0, 0.0, 0.0, 0.0, 0.0, 1.0],
                [0.0, 0.952114, 0.305743, 0.0, 0.0, -0.305743, 0.952114, 0.4, 1.0, 0.0, -0.0, -0.0, 0.0, 0.0, 0.0, 1.0],
                [0.0, 0.952114, 0.305743, 0.0, 0.0, -0.305743, 0.952114, 0.4, 1.0, -0.0, -0.0, -0.0, 0.0, 0.0, 0.0, 1.0],
                [0.0, 0.952114, 0.305743, 0.0, 0.0, -0.305743, 0.952114, 0.4, 1.0, -0.0, 0.0, 0.0, 0.0, 0.0, 0.0, 1.0],
                [0.0, 0.952114, 0.305743, 0.0, 0.0, -0.305743, 0.952114, 0.4, 1.0, 0.0, -0.0, -0.0, 0.0, 0.0, 0.0, 1.0]
            ]
        },
        {
            "name": "Arm_R",
            "time": [0.0, 0.1, 0.2, 0.3, 0.4, 0.5, 0.6, 0.7, 0.8, 0.9, 1.0, 1.1, 1.2, 1.3, 1.4, 1.5, 1.6, 1.7, 1.8, 1.9, 2.0],
            "transform": [
                [-0.181221, -0.786337, -0.590623, 0.0, 0.903034, -0.370895, 0.216721, 0.39386, -0.389475, -0.494078, 0.777302, 0.0, 0.0, 0.0, 0.0, 1.0],
                [0.035423, -0.786188, -0.616973, 0.0, 0.792905, -0.353675, 0.496201, 0.393861, -0.608315, -0.506779, 0.610844, 0.0, 0.0, 0.0, 0.0, 1.0],
                [0.020416, -0.802723, -0.596003, 0.0, 0.684455, -0.423308, 0.593575, 0.39386, -0.728769, -0.420056, 0.540786, -0.0, 0.0, 0.0, 0.0, 1.0],
                [0.145106, -0.846415, -0.512374, 0.0, 0.557017, -0.358109, 0.749326, 0.393861, -0.817726, -0.394133, 0.419504, -0.0, 0.0, 0.0, 0.0, 1.0],
                [0.263199, -0.914109, -0.308434, -0.0, 0.274801, -0.235426, 0.932234, 0.393861, -0.924776, -0.330121, 0.189234, -0.0, 0.0, 0.0, 0.0, 1.0],
                [-0.178542, -0.854915, -0.487077, 0.0, 0.63022, -0.479521, 0.61064, 0.39386, -0.75561, -0.197941, 0.6244, 0.0, 0.0, 0.0, 0.0, 1.0],
                [-0.488167, -0.871827, 0.040151, -0.0, 0.850573, -0.464952, 0.245656, 0.39386, -0.195502, 0.154072, 0.968525, -0.0, 0.0, 0.0, 0.0, 1.0],
                [-0.565946, -0.821493, -0.06968, 0.0, 0.821273, -0.569157, 0.03965, 0.393861, -0.072232, -0.034787, 0.996782, -0.0, 0.0, 0.0, 0.0, 1.0],
                [-0.718013, -0.675684, -0.167065, -0.0, 0.69334, -0.715412, -0.086402, 0.393861, -0.061139, -0.177871, 0.982153, 0.0, 0.0, 0.0, 0.0, 1.0],
                [-0.555106, -0.744103, -0.37171, -0.0, 0.829656, -0.463408, -0.311327, 0.393861, 0.059406, -0.481212, 0.87459, 0.0, 0.0, 0.0, 0.0, 1.0],
                [-0.124912, -0.990034, -0.06504, -0.0, 0.84869, -0.140574, 0.509865, 0.39386, -0.513927, 0.008489, 0.857792, 0.0, 0.0, 0.0, 0.0, 1.0],
                [-0.416875, -0.652399, -0.632925, -0.0, 0.694373, -0.67791, 0.241422, 0.39386, -0.586568, -0.338843, 0.735612, -0.0, 0.0, 0.0, 0.0, 1.0],
                [-0.416398, -0.654505, -0.63106, -0.0, 0.694076, -0.677166, 0.244346, 0.39386, -0.587257, -0.336259, 0.736247, -0.0, 0.0, 0.0, 0.0, 1.0],
                [-0.416065, -0.655998, -0.62973, -0.0, 0.693865, -0.676631, 0.246417, 0.39386, -0.587743, -0.334423, 0.736696, 0.0, 0.0, 0.0, 0.0, 1.0],
                [-0.416897, -0.652306, -0.633005, 0.0, 0.694384, -0.677944, 0.241293, 0.393861, -0.586539, -0.338955, 0.735584, -0.0, 0.0, 0.0, 0.0, 1.0],
                [-0.375272, -0.675333, -0.6349, 0.0, 0.705485, -0.652379, 0.276933, 0.39386, -0.601217, -0.343987, 0.721257, -0.0, 0.0, 0.0, 0.0, 1.0],
                [-0.285469, -0.722684, -0.629475, -0.0, 0.734414, -0.586939, 0.340791, 0.39386, -0.615746, -0.36501, 0.698301, -0.0, 0.0, 0.0, 0.0, 1.0],
                [-0.208645, -0.745265, -0.633283, -0.0, 0.780434, -0.517122, 0.351437, 0.393861, -0.589398, -0.420911, 0.689526, -0.0, 0.0, 0.0, 0.0, 1.0],
                [-0.186492, -0.738531, -0.647915, -0.0, 0.842683, -0.459284, 0.280967, 0.393861, -0.50508, -0.49359, 0.708, -0.0, 0.0, 0.0, 0.0, 1.0],
                [-0.190621, -0.75538, -0.626949, -0.0, 0.890413, -0.401942, 0.213555, 0.39386, -0.413312, -0.517537, 0.74922, 0.0, 0.0, 0.0, 0.0, 1.0],
                [-0.18122, -0.786337, -0.590622, 0.0, 0.903034, -0.370894, 0.216721, 0.393861, -0.389474, -0.494078, 0.777303, 0.0, 0.0, 0.0, 0.0, 1.0]
            ]
        },
        {
            "name": "Hand_R",
            "time": [0.0, 0.1, 0.2, 0.3, 0.4, 0.5, 0.6, 0.7, 0.8, 0.9, 1.0, 1.1, 1.2, 1.3, 1.4, 1.5, 1.6, 1.7, 1.8, 1.9, 2.0],
            "transform": [
                [1.0, 0.0, 0.0, -0.0, 0.0, 0.721917, -0.69198, 0.300003, -0.0, 0.69198, 0.721917, -0.0, 0.0, 0.0, 0.0, 1.0],
                [1.0, -2e-06, 1e-06, 0.0, 2e-06, 0.780967, -0.624572, 0.300003, 1e-06, 0.624572, 0.780967, -0.0, 0.0, 0.0, 0.0, 1.0],
                [1.0, -2e-06, 1e-06, 0.0, 2e-06, 0.822861, -0.568242, 0.300003, 1e-06, 0.568243, 0.822861, -0.0, 0.0, 0.0, 0.0, 1.0],
                [1.0, -1e-06, 0.0, 0.0, 1e-06, 0.922351, -0.386353, 0.300003, 0.0, 0.386354, 0.922351, -0.0, 0.0, 0.0, 0.0, 1.0],
                [1.0, -2e-06, 1e-06, -0.0, 2e-06, 0.69767, -0.71642, 0.300003, 1e-06, 0.716419, 0.697669, -0.0, 0.0, 0.0, 0.0, 1.0],
                [1.0, -2e-06, 2e-06, 0.0, 2e-06, 0.146647, -0.989189, 0.300003, 2e-06, 0.989189, 0.146647, -0.0, 0.0, 0.0, 0.0, 1.0],
                [1.0, 0.0, 0.0, -0.0, 0.0, 0.517598, -0.855624, 0.300002, -0.0, 0.855625, 0.517597, -0.0, 0.0, 0.0, 0.0, 1.0],
                [1.0, -3e-06, 2e-06, 0.0, 3e-06, 0.425493, -0.904961, 0.300002, 2e-06, 0.904962, 0.425493, -0.0, 0.0, 0.0, 0.0, 1.0],
                [1.0, -3e-06, 4e-06, -0.0, 3e-06, -0.278445, -0.960453, 0.300003, 4e-06, 0.960452, -0.278445, 0.0, 0.0, 0.0, 0.0, 1.0],
                [1.0, -4e-06, 4e-06, 0.0, 4e-06, 0.023254, -0.99973, 0.300003, 4e-06, 0.99973, 0.023254, -0.0, 0.0, 0.0, 0.0, 1.0],
                [1.0, -1e-06, 0.0, 0.0, 1e-06, 0.978742, -0.205096, 0.300003, 0.0, 0.205096, 0.978742, -0.0, 0.0, 0.0, 0.0, 1.0],
                [1.0, -7e-06, 8e-06, 0.0, 7e-06, -0.074216, -0.997243, 0.300003, 7e-06, 0.997241, -0.074216, 0.0, 0.0, 0.0, 0.0, 1.0],
                [1.0, -1e-05, 1.1e-05, -0.0, 1e-05, -0.072001, -0.997405, 0.300003, 1.1e-05, 0.997404, -0.072001, 0.0, 0.0, 0.0, 0.0, 1.0],
                [1.0, -1e-05, 1.1e-05, 0.0, 1e-05, -0.070419, -0.997518, 0.300003, 1.1e-05, 0.997517, -0.070419, -0.0, 0.0, 0.0, 0.0, 1.0],
                [1.0, -3e-06, 4e-06, -0.0, 4e-06, -0.074313, -0.997235, 0.300003, 4e-06, 0.997235, -0.074314, 0.0, 0.0, 0.0, 0.0, 1.0],
                [1.0, -3e-06, 3e-06, -0.0, 4e-06, -0.006532, -0.999979, 0.300003, 4e-06, 0.999978, -0.006532, 0.0, 0.0, 0.0, 0.0, 1.0],
                [1.0, 7e-06, -6e-06, -0.0, -7e-06, 0.144323, -0.98953, 0.300003, -6e-06, 0.989531, 0.144323, 0.0, 0.0, 0.0, 0.0, 1.0],
                [1.0, 3e-06, -2e-06, -0.0, -3e-06, 0.288016, -0.957625, 0.300003, -3e-06, 0.957626, 0.288016, 0.0, 0.0, 0.0, 0.0, 1.0],
                [1.0, -1.3e-05, 8e-06, 0.0, 1.2e-05, 0.415863, -0.909427, 0.300003, 8e-06, 0.909428, 0.415864, 0.0, 0.0, 0.0, 0.0, 1.0],
                [1.0, 0.0, 0.0, 0.0, 0.0, 0.598047, -0.801462, 0.300003, -0.0, 0.801462, 0.598046, 0.0, 0.0, 0.0, 0.0, 1.0],
                [1.0, -2e-06, 1e-06, -0.0, 2e-06, 0.721918, -0.691979, 0.300003, 1e-06, 0.691979, 0.721918, 0.0, 0.0, 0.0, 0.0, 1.0]
            ]
        },
        {
            "name": "Tool_R",
            "time": [0.0, 0.1, 0.2, 0.3, 0.4, 0.5, 0.6, 0.7, 0.8, 0.9, 1.0, 1.1, 1.2, 1.3, 1.4, 1.5, 1.6, 1.7, 1.8, 1.9, 2.0],
            "transform": [
                [0.462881, -0.86874, -0.176162, 0.00546, -0.836423, -0.36226, -0.411297, 0.255028, 0.293494, 0.337727, -0.894317, -0.003902, 0.0, 0.0, 0.0, 1.0],
                [0.768055, -0.608595, -0.19926, 0.004905, -0.607575, -0.594213, -0.527032, 0.251183, 0.202346, 0.525855, -0.826155, -0.008201, 0.0, 0.0, 0.0, 1.0],
                [0.954018, -0.254304, -0.15868, 0.003683, -0.298583, -0.759576, -0.577835, 0.242724, 0.026416, 0.598644, -0.80058, -0.017661, 0.0, 0.0, 0.0, 1.0],
                [0.99676, -0.051637, -0.061671, 0.002462, -0.079275, -0.76039, -0.644611, 0.234265, -0.013608, 0.647412, -0.76202, -0.02712, 0.0, 0.0, 0.0, 1.0],
                [0.999946, -0.001769, -0.010241, 0.001907, -0.008249, -0.734462, -0.6786, 0.23042, -0.006321, 0.678648, -0.734438, -0.03142, 0.0, 0.0, 0.0, 1.0],
                [0.99957, 0.007256, -0.02842, 0.001907, -0.013914, -0.735685, -0.677181, 0.23042, -0.025822, 0.677285, -0.735268, -0.03142, 0.0, 0.0, 0.0, 1.0],
                [0.99244, 0.04131, -0.115574, 0.001907, -0.046643, -0.744063, -0.66648, 0.23042, -0.113527, 0.666832, -0.736511, -0.031419, 0.0, 0.0, 0.0, 1.0],
                [0.976411, 0.137977, -0.166087, 0.001907, 0.037193, -0.865175, -0.500089, 0.23042, -0.212695, 0.482115, -0.849898, -0.03142, 0.0, 0.0, 0.0, 1.0],
                [0.977745, -0.158133, 0.137876, 0.001907, -0.001911, -0.663865, -0.74785, 0.23042, 0.20979, 0.730943, -0.649393, -0.03142, 0.0, 0.0, 0.0, 1.0],
                [0.934952, -0.329169, 0.132337, 0.001907, -0.100744, -0.603993, -0.790597, 0.230419, 0.34017, 0.725838, -0.597867, -0.031419, 0.0, 0.0, 0.0, 1.0],
                [0.944847, -0.315513, 0.087845, 0.001907, -0.167139, -0.695177, -0.699138, 0.23042, 0.281655, 0.645896, -0.70957, -0.031419, 0.0, 0.0, 0.0, 1.0],
                [0.882585, -0.469729, -0.019959, 0.001907, -0.317124, -0.563438, -0.76287, 0.23042, 0.347096, 0.679627, -0.646245, -0.031419, 0.0, 0.0, 0.0, 1.0],
                [0.881619, -0.470829, -0.032682, 0.001907, -0.316932, -0.539293, -0.780203, 0.23042, 0.349717, 0.6982, -0.624672, -0.031419, 0.0, 0.0, 0.0, 1.0],
                [0.881619, -0.470829, -0.032682, 0.001907, -0.316932, -0.539293, -0.780203, 0.23042, 0.349717, 0.6982, -0.624672, -0.031419, 0.0, 0.0, 0.0, 1.0],
                [0.881619, -0.470829, -0.032682, 0.001907, -0.316932, -0.539293, -0.780203, 0.23042, 0.349717, 0.6982, -0.624672, -0.031419, 0.0, 0.0, 0.0, 1.0],
                [0.861437, -0.505198, -0.051985, 0.00217, -0.362021, -0.539042, -0.76051, 0.232242, 0.356186, 0.67395, -0.647243, -0.029381, 0.0, 0.0, 0.0, 1.0],
                [0.801923, -0.589787, -0.095239, 0.002828, -0.472858, -0.529167, -0.704548, 0.2368, 0.365136, 0.610028, -0.703237, -0.024285, 0.0, 0.0, 0.0, 1.0],
                [0.706762, -0.693694, -0.138837, 0.003683, -0.608706, -0.496284, -0.619015, 0.242724, 0.360504, 0.522007, -0.773011, -0.017661, 0.0, 0.0, 0.0, 1.0],
                [0.595194, -0.786234, -0.166074, 0.004539, -0.729328, -0.441766, -0.522421, 0.248648, 0.337379, 0.432064, -0.836359, -0.011036, 0.0, 0.0, 0.0, 1.0],
                [0.501554, -0.84718, -0.175297, 0.005197, -0.808494, -0.386891, -0.443455, 0.253205, 0.307865, 0.364144, -0.878988, -0.00594, 0.0, 0.0, 0.0, 1.0],
                [0.462881, -0.86874, -0.176162, 0.00546, -0.836423, -0.36226, -0.411297, 0.255028, 0.293494, 0.337727, -0.894317, -0.003902, 0.0, 0.0, 0.0, 1.0]
            ]
        },
        {
            "name": "Elbow_R",
            "time": [0.0, 2.0],
            "transform": [
                [-1.0, 0.0, 0.0, -0.0, 0.0, 0.003946, -0.999992, 0.370814, -0.0, -0.999992, -0.003946, -0.000973, 0.0, 0.0, 0.0, 1.0],
