{
    "animation": [
        {
            "name": "Root",
            "time": [0.0, 0.1, 0.2, 0.3, 0.4, 0.5, 0.6, 0.7, 0.8, 0.9, 1.0, 1.1, 1.2, 1.3, 1.4, 1.5, 1.6, 1.7, 1.8, 1.9, 2.0, 2.1, 2.2, 2.3, 2.4, 2.5, 2.6, 2.7, 2.8, 2.9, 3.0],
            "transform": [
                [-0.800141, 0.0, 0.599812, -0.138985, 0.599812, 0.0, 0.800141, -0.43544, 0.0, 1.0, 0.0, 0.569844, 0.0, 0.0, 0.0, 1.0],
                [-0.83233, 0.0, 0.554281, -0.136224, 0.554281, 0.0, 0.83233, -0.452425, 0.0, 1.0, 0.0, 0.569844, 0.0, 0.0, 0.0, 1.0],
                [-0.395861, 0.0, -0.918311, -0.07509, -0.918311, 0.0, 0.395861, -0.828534, 0.0, 1.0, 0.0, 0.569844, 0.0, 0.0, 0.0, 1.0],
                [0.457051, 0.0, -0.88944, -0.040382, -0.88944, 0.0, -0.457051, -1.042066, 0.0, 1.0, 0.0, 0.569844, 0.0, 0.0, 0.0, 1.0],
                [0.457051, 0.0, -0.88944, -0.040382, -0.88944, 0.0, -0.457051, -1.042066, 0.0, 1.0, 0.0, 0.569844, 0.0, 0.0, 0.0, 1.0],
                [0.457051, 0.0, -0.88944, -0.040382, -0.88944, 0.0, -0.457051, -1.042066, 0.0, 1.0, 0.0, 0.569844, 0.0, 0.0, 0.0, 1.0],
                [0.457051, 0.0, -0.88944, -0.040382, -0.88944, 0.0, -0.457051, -1.042066, 0.0, 1.0, 0.0, 0.569844, 0.0, 0.0, 0.0, 1.0],
                [0.529615, 0.0, -0.848238, -0.024907, -0.848238, 0.0, -0.529615, -0.943255, 0.0, 1.0, 0.0, 0.592937, 0.0, 0.0, 0.0, 1.0],
                [0.693455, 0.0, -0.7205, 0.003831, -0.7205, 0.0, -0.693455, -0.73162, 0.0, 1.0, 0.0, 0.6373, 0.0, 0.0, 0.0, 1.0],
                [0.870919, 0.0, -0.491427, 0.019305, -0.491427, 0.0, -0.870919, -0.534357, 0.0, 1.0, 0.0, 0.665551, 0.0, 0.0, 0.0, 1.0],
                [0.987734, -0.036518, -0.151815, 0.019305, -0.140671, 0.213889, -0.966676, -0.442031, 0.067773, 0.976175, 0.206128, 0.669277, 0.0, 0.0, 0.0, 1.0],
                [0.969071, -0.205118, 0.137215, 0.019305, 0.234937, 0.596609, -0.767374, -0.398688, 0.075539, 0.775877, 0.626346, 0.669563, 0.0, 0.0, 0.0, 1.0],
                [0.919961, -0.337351, 0.199663, 0.019305, 0.391875, 0.804741, -0.445898, -0.311741, -0.010253, 0.488452, 0.87253, 0.673288, 0.0, 0.0, 0.0, 1.0],
                [0.913643, -0.357605, 0.193328, 0.116521, 0.402798, 0.860547, -0.311788, -0.101228, -0.054871, 0.362735, 0.930275, 0.792813, 0.0, 0.0, 0.0, 1.0],
                [0.910977, -0.357972, 0.204883, 0.297064, 0.40295, 0.878453, -0.25681, 0.262307, -0.08805, 0.316506, 0.944495, 1.067909, 0.0, 0.0, 0.0, 1.0],
                [0.919961, -0.337351, 0.199663, 0.39428, 0.361724, 0.926832, -0.100688, 0.795692, -0.151087, 0.164852, 0.974678, 1.396569, 0.0, 0.0, 0.0, 1.0],
                [0.936158, -0.302892, 0.178504, 0.39428, 0.245275, 0.926417, 0.285643, 1.500792, -0.251888, -0.223625, 0.941565, 1.675076, 0.0, 0.0, 0.0, 1.0],
                [0.919961, -0.337351, 0.199663, 0.39428, -0.042446, 0.420616, 0.906246, 2.319602, -0.389705, -0.842186, 0.372632, 1.792862, 0.0, 0.0, 0.0, 1.0],
                [0.914441, -0.357417, 0.189871, 0.39428, -0.375466, -0.924313, 0.06834, 3.18778, 0.151075, -0.133783, -0.979428, 1.643565, 0.0, 0.0, 0.0, 1.0],
                [0.920646, -0.332238, 0.205009, 0.39428, 0.050439, -0.419501, -0.906353, 4.068729, 0.387126, 0.84477, -0.369454, 1.427171, 0.0, 0.0, 0.0, 1.0],
                [0.920335, -0.337554, 0.197589, 0.39428, 0.303666, 0.298253, -0.904894, 4.870304, 0.246519, 0.892806, 0.376996, 1.167011, 0.0, 0.0, 0.0, 1.0],
                [0.919819, -0.337399, 0.200237, 0.39428, 0.374626, 0.603653, -0.703746, 5.845672, 0.116569, 0.722333, 0.68165, 0.744826, 0.0, 0.0, 0.0, 1.0],
                [0.920039, -0.337312, 0.19937, 0.39428, 0.38399, 0.674941, -0.630084, 6.148376, 0.077972, 0.656258, 0.750497, 0.642319, 0.0, 0.0, 0.0, 1.0],
                [0.919961, -0.337351, 0.199663, 0.39428, 0.386417, 0.694677, -0.606717, 6.173105, 0.065975, 0.635309, 0.769434, 0.637313, 0.0, 0.0, 0.0, 1.0],
                [0.919961, -0.337351, 0.199663, 0.39428, 0.386418, 0.694677, -0.606717, 6.173105, 0.065975, 0.635309, 0.769434, 0.637313, 0.0, 0.0, 0.0, 1.0],
                [0.917615, -0.33328, 0.216582, 0.382052, 0.393358, 0.68327, -0.615152, 6.192157, 0.057034, 0.649667, 0.758077, 0.63531, 0.0, 0.0, 0.0, 1.0],
                [0.901839, -0.306299, 0.304741, 0.317674, 0.431914, 0.620001, -0.655018, 6.292455, 0.011692, 0.722343, 0.691436, 0.624766, 0.0, 0.0, 0.0, 1.0],
                [0.866791, -0.247387, 0.432982, 0.219329, 0.496158, 0.514924, -0.699057, 6.445675, -0.050015, 0.820764, 0.569074, 0.608658, 0.0, 0.0, 0.0, 1.0],
                [0.814399, -0.160342, 0.557714, 0.111279, 0.570982, 0.392989, -0.720791, 6.614015, -0.103602, 0.905456, 0.411603, 0.59096, 0.0, 0.0, 0.0, 1.0],
                [0.759741, -0.070162, 0.64643, 0.017786, 0.635929, 0.287509, -0.716193, 6.759675, -0.135605, 0.955205, 0.26305, 0.575647, 0.0, 0.0, 0.0, 1.0],
                [0.724941, -0.012964, 0.688689, -0.036886, 0.672773, 0.227818, -0.7039, 6.844853, -0.14777, 0.973618, 0.173876, 0.566692, 0.0, 0.0, 0.0, 1.0]
            ]
        },
        {
            "name": "Thigh_R",
            "time": [0.0, 0.1, 0.2, 0.3, 0.4, 0.5, 0.6, 0.7, 0.8, 0.9, 1.0, 1.1, 1.2, 1.3, 1.4, 1.5, 1.6, 1.7, 1.8, 1.9, 2.0, 2.1, 2.2, 2.3, 2.4, 2.5, 2.6, 2.7, 2.8, 2.9, 3.0],
            "transform": [
                [0.840181, 0.025077, 0.541727, 0.124994, 0.474897, -0.516364, -0.71263, -0.002831, 0.261857, 0.856, -0.445749, -1.2e-05, 0.0, 0.0, 0.0, 1.0],
                [0.70139, 0.51383, 0.493994, 0.124994, -0.481725, -0.169092, 0.859855, -0.002831, 0.52535, -0.841061, 0.128925, -1.2e-05, 0.0, 0.0, 0.0, 1.0],
                [0.690164, 0.292767, -0.661786, 0.124994, 0.627299, -0.697984, 0.345417, -0.002831, -0.36079, -0.653531, -0.665377, -1.2e-05, 0.0, 0.0, 0.0, 1.0],
                [0.802025, 0.588832, 0.10015, 0.124994, 0.404115, -0.658423, 0.634956, -0.002831, 0.439824, -0.468778, -0.766029, -1.2e-05, 0.0, 0.0, 0.0, 1.0],
                [0.841706, 0.53877, 0.03545, 0.124994, 0.411973, -0.683278, 0.602834, -0.002831, 0.349011, -0.492804, -0.797079, -1.2e-05, 0.0, 0.0, 0.0, 1.0],
                [0.841706, 0.53877, 0.03545, 0.124994, 0.411973, -0.683278, 0.602834, -0.002831, 0.349011, -0.492804, -0.797079, -1.2e-05, 0.0, 0.0, 0.0, 1.0],
                [0.841706, 0.53877, 0.03545, 0.124994, 0.411973, -0.683278, 0.602834, -0.002831, 0.349011, -0.492803, -0.797079, -1.2e-05, 0.0, 0.0, 0.0, 1.0],
                [0.724469, 0.652398, 0.222529, 0.124994, 0.52172, -0.729962, 0.441545, -0.002831, 0.450501, -0.203788, -0.869206, -1.2e-05, 0.0, 0.0, 0.0, 1.0],
                [0.763028, 0.502841, 0.406126, 0.124994, 0.63249, -0.710346, -0.308809, -0.002831, 0.133209, 0.4925, -0.860058, -1.2e-05, 0.0, 0.0, 0.0, 1.0],
                [0.812808, 0.452311, 0.367094, 0.124994, 0.582413, -0.643743, -0.496376, -0.002831, 0.011798, 0.617257, -0.786673, -1.2e-05, 0.0, 0.0, 0.0, 1.0],
                [0.73543, 0.477776, 0.480492, 0.124994, 0.599906, -0.788791, -0.133867, -0.002831, 0.31505, 0.386699, -0.866722, -1.2e-05, 0.0, 0.0, 0.0, 1.0],
                [0.647231, 0.628942, 0.430722, 0.124994, 0.529522, -0.777405, 0.339479, -0.002831, 0.548359, 0.008355, -0.836202, -1.2e-05, 0.0, 0.0, 0.0, 1.0],
                [0.766535, 0.574892, 0.286222, 0.124994, 0.559873, -0.816547, 0.140681, -0.002831, 0.31459, 0.052411, -0.947779, -1.2e-05, 0.0, 0.0, 0.0, 1.0],
                [0.837497, 0.143743, 0.527196, 0.124994, 0.372462, -0.856103, -0.358268, -0.002831, 0.399836, 0.496408, -0.770525, -1.2e-05, 0.0, 0.0, 0.0, 1.0],
                [0.821537, 0.269769, 0.502296, 0.124994, 0.290243, -0.956164, 0.038818, -0.002831, 0.49075, 0.113897, -0.863824, -1.2e-05, 0.0, 0.0, 0.0, 1.0],
                [0.766534, 0.574892, 0.286221, 0.124994, 0.559872, -0.816547, 0.140682, -0.002831, 0.314591, 0.052409, -0.94778, -1.2e-05, 0.0, 0.0, 0.0, 1.0],
                [0.713635, 0.690255, 0.119449, 0.124994, 0.695156, -0.718858, 0.000911, -0.002831, 0.086496, 0.082386, -0.99284, -1.2e-05, 0.0, 0.0, 0.0, 1.0],
                [0.911091, 0.254927, 0.32392, 0.124994, 0.327313, -0.92508, -0.192591, -0.00283, 0.250556, 0.281491, -0.926275, -1.1e-05, 0.0, 0.0, 0.0, 1.0],
                [0.910945, 0.412275, 0.014418, 0.124994, 0.36971, -0.8314, 0.414833, -0.002833, 0.183012, -0.372559, -0.909784, -1.2e-05, 0.0, 0.0, 0.0, 1.0],
                [0.976893, 0.06765, 0.202739, 0.124994, -0.017199, -0.920624, 0.390068, -0.002831, 0.213035, -0.38454, -0.898189, -1.1e-05, 0.0, 0.0, 0.0, 1.0],
                [0.931764, 0.132935, 0.337852, 0.124994, -0.131807, -0.743212, 0.655943, -0.002831, 0.338294, -0.655714, -0.674978, -1.2e-05, 0.0, 0.0, 0.0, 1.0],
                [0.972557, -0.125625, 0.195835, 0.124993, -0.061032, -0.949975, -0.306299, -0.002829, 0.224517, 0.285941, -0.931574, -1.2e-05, 0.0, 0.0, 0.0, 1.0],
                [0.989551, -0.141134, 0.029487, 0.124993, -0.076978, -0.690073, -0.719634, -0.002829, 0.121913, 0.709843, -0.693728, -1.3e-05, 0.0, 0.0, 0.0, 1.0],
                [0.992101, -0.084757, -0.092466, 0.124994, -0.119468, -0.413847, -0.902473, -0.002831, 0.038224, 0.90639, -0.420705, -1.2e-05, 0.0, 0.0, 0.0, 1.0],
                [0.994392, 0.005379, -0.105611, 0.124995, -0.103129, -0.171564, -0.97976, -0.002831, -0.02339, 0.985156, -0.170048, -1.1e-05, 0.0, 0.0, 0.0, 1.0],
                [0.995619, -0.032218, -0.087771, 0.124992, -0.093305, -0.402484, -0.910659, -0.002832, -0.005987, 0.914858, -0.403727, -1.2e-05, 0.0, 0.0, 0.0, 1.0],
                [0.983238, -0.054124, 0.174103, 0.124993, -0.047085, -0.997906, -0.044311, -0.002833, 0.176137, 0.035371, -0.98373, -1.2e-05, 0.0, 0.0, 0.0, 1.0],
                [0.877505, 0.218247, 0.427027, 0.124993, 0.052023, -0.928508, 0.367645, -0.002831, 0.476736, -0.300394, -0.826127, -1.1e-05, 0.0, 0.0, 0.0, 1.0],
                [0.729824, 0.605897, 0.316616, 0.124994, 0.225531, -0.650596, 0.725162, -0.002831, 0.645363, -0.457833, -0.61147, -1.2e-05, 0.0, 0.0, 0.0, 1.0],
                [0.587996, 0.805485, -0.073845, 0.124993, 0.387888, -0.200681, 0.899594, -0.002831, 0.709791, -0.5576, -0.430439, -1.1e-05, 0.0, 0.0, 0.0, 1.0],
                [0.547742, 0.836208, -0.027041, 0.124994, 0.322332, -0.18109, 0.929144, -0.002831, 0.772062, -0.517646, -0.368728, -1.1e-05, 0.0, 0.0, 0.0, 1.0]
            ]
        },
        {
            "name": "Leg_R",
            "time": [0.0, 0.1, 0.2, 0.3, 0.4, 0.5, 0.6, 0.7, 0.8, 0.9, 1.0, 1.1, 1.2, 1.3, 1.4, 1.5, 1.6, 1.7, 1.8, 1.9, 2.0, 2.1, 2.2, 2.3, 2.4, 2.5, 2.6, 2.7, 2.8, 2.9, 3.0],
            "transform": [
                [1.0, 0.0, 1e-06, -0.0, 0.0, 0.999993, 0.005015, 0.374726, -1e-06, -0.005015, 0.999982, -0.0, 0.0, 0.0, 0.0, 1.0],
                [1.0, -1e-06, 1e-06, 0.0, -0.0, 0.469317, 0.883029, 0.374726, -1e-06, -0.883032, 0.469313, 0.0, 0.0, 0.0, 0.0, 1.0],
                [1.0, -1e-06, 1e-06, 0.0, -0.0, 0.380004, 0.924984, 0.374726, -1e-06, -0.924986, 0.380002, 0.0, 0.0, 0.0, 0.0, 1.0],
                [1.0, -1e-06, 0.0, -0.0, -0.0, 0.251575, 0.967837, 0.374726, -1e-06, -0.967839, 0.251574, 0.0, 0.0, 0.0, 0.0, 1.0],
                [1.000001, -1e-06, 0.0, -0.0, -0.0, 0.251575, 0.967837, 0.374726, -1e-06, -0.967839, 0.251574, 0.0, 0.0, 0.0, 0.0, 1.0],
                [1.0, -1e-06, 0.0, 0.0, -0.0, 0.251575, 0.967837, 0.374726, -1e-06, -0.967839, 0.251574, 0.0, 0.0, 0.0, 0.0, 1.0],
                [1.0, -1e-06, 0.0, 0.0, -0.0, 0.251575, 0.967837, 0.374726, -1e-06, -0.967839, 0.251574, -0.0, 0.0, 0.0, 0.0, 1.0],
                [1.0, -1e-06, 1e-06, 0.0, -0.0, 0.550072, 0.835118, 0.374726, -1e-06, -0.83512, 0.550069, 0.0, 0.0, 0.0, 0.0, 1.0],
                [1.0, 0.0, 1e-06, 0.0, 0.0, 0.999452, 0.033243, 0.374726, -1e-06, -0.033244, 0.999442, 0.0, 0.0, 0.0, 0.0, 1.0],
                [1.000001, -0.0, 1e-06, -0.0, -0.0, 0.895534, 0.445, 0.374726, -1e-06, -0.445003, 0.895525, -0.0, 0.0, 0.0, 0.0, 1.0],
                [1.0, -1e-06, 1e-06, 0.0, -0.0, 0.496669, 0.86794, 0.374726, -1e-06, -0.867943, 0.496665, 0.0, 0.0, 0.0, 0.0, 1.0],
                [1.0, -1e-06, 0.0, 0.0, -0.0, 0.225974, 0.974132, 0.374726, -1e-06, -0.974134, 0.225973, 0.0, 0.0, 0.0, 0.0, 1.0],
                [1.0, -1e-06, 1e-06, 0.0, -0.0, 0.313812, 0.949484, 0.374726, -1e-06, -0.949486, 0.313811, -0.0, 0.0, 0.0, 0.0, 1.0],
                [1.0, -1e-06, 1e-06, 0.0, -0.0, 0.474772, 0.880109, 0.374726, -1e-06, -0.880111, 0.474769, -0.0, 0.0, 0.0, 0.0, 1.0],
                [1.0, -1e-06, 0.0, -0.0, -0.0, -0.032183, 0.999481, 0.374726, -1e-06, -0.999483, -0.032183, -0.0, 0.0, 0.0, 0.0, 1.0],
                [1.0, -1e-06, 1e-06, 0.0, 0.0, 0.313811, 0.949484, 0.374726, -1e-06, -0.949487, 0.313809, 0.0, 0.0, 0.0, 0.0, 1.0],
                [1.0, -1e-06, 0.0, 0.0, -0.0, -0.199095, 0.97998, 0.374726, -1e-06, -0.979981, -0.199094, -0.0, 0.0, 0.0, 0.0, 1.0],
                [1.0, -1e-06, 0.0, -0.0, -0.0, 0.124033, 0.992277, 0.374726, -1e-06, -0.992279, 0.124033, 1e-06, 0.0, 0.0, 0.0, 1.0],
                [1.000001, -1e-06, -0.0, -0.0, -0.0, -0.53468, 0.845055, 0.374726, -1e-06, -0.845057, -0.534676, 0.0, 0.0, 0.0, 0.0, 1.0],
                [1.0, -1e-06, 0.0, 0.0, -0.0, 0.081784, 0.996649, 0.374726, -1e-06, -0.996651, 0.081783, -0.0, 0.0, 0.0, 0.0, 1.0],
                [1.0, -1e-06, -0.0, -0.0, -0.0, -0.355781, 0.934569, 0.374726, -1e-06, -0.934571, -0.355778, 0.0, 0.0, 0.0, 0.0, 1.0],
                [1.0, -1e-06, 0.0, 0.0, -0.0, 0.034312, 0.99941, 0.374725, -1e-06, -0.999412, 0.034312, -0.0, 0.0, 0.0, 0.0, 1.0],
                [1.0, -1e-06, 0.0, 0.0, -0.0, 0.235874, 0.971783, 0.374727, -1e-06, -0.971785, 0.235872, -0.0, 0.0, 0.0, 0.0, 1.0],
                [1.0, -1e-06, 0.0, -0.0, -0.0, 0.257537, 0.966267, 0.374727, -1e-06, -0.966269, 0.257535, 0.0, 0.0, 0.0, 0.0, 1.0],
                [1.0, -1e-06, 1e-06, 1e-06, -0.0, 0.381743, 0.924268, 0.374725, -1e-06, -0.92427, 0.381741, 0.0, 0.0, 0.0, 0.0, 1.0],
                [1.0, -1e-06, 0.0, -0.0, -0.0, 0.060295, 0.99818, 0.374726, -1e-06, -0.998182, 0.060295, 0.0, 0.0, 0.0, 0.0, 1.0],
                [1.000001, -1e-06, -0.0, -0.0, -0.0, -0.497038, 0.867729, 0.374726, -1e-06, -0.867731, -0.497035, -0.0, 0.0, 0.0, 0.0, 1.0],
                [1.0, -1e-06, 0.0, 0.0, -0.0, -0.080634, 0.996743, 0.374726, -1e-06, -0.996745, -0.080633, -0.0, 0.0, 0.0, 0.0, 1.0],
                [1.0, -1e-06, 0.0, -0.0, -0.0, -0.236503, 0.97163, 0.374726, -1e-06, -0.971633, -0.236501, 0.0, 0.0, 0.0, 0.0, 1.0],
                [1.000001, -1e-06, 0.0, 0.0, -0.0, -0.325926, 0.945394, 0.374725, -1e-06, -0.945397, -0.325925, -0.0, 0.0, 0.0, 0.0, 1.0],
                [1.0, -1e-06, 1e-06, 0.0, -0.0, 0.395303, 0.91855, 0.374727, -1e-06, -0.918553, 0.3953, 0.0, 0.0, 0.0, 0.0, 1.0]
            ]
        },
        {
            "name": "Knee_R",
            "time": [0.0, 3.0],
            "transform": [
                [1.0, 0.0, -0.0, -0.0, -0.0, 0.00567, -0.999984, 0.374726, -0.0, 0.999984, 0.00567, -0.0, 0.0, 0.0, 0.0, 1.0],
                [1.0, 0.0, -0.0, -0.0, -0.0, 0.00567, -0.999984, 0.440847, -0.0, 0.999984, 0.00567, -0.000375, 0.0, 0.0, 0.0, 1.0]
            ]
        },
        {
            "name": "Thigh_L",
            "time": [0.0, 0.1, 0.2, 0.3, 0.4, 0.5, 0.6, 0.7, 0.8, 0.9, 1.0, 1.1, 1.2, 1.3, 1.4, 1.5, 1.6, 1.7, 1.8, 1.9, 2.0, 2.1, 2.2, 2.3, 2.4, 2.5, 2.6, 2.7, 2.8, 2.9, 3.0],
            "transform": [
                [0.888159, -0.161797, -0.430111, -0.125006, 0.255814, -0.603456, 0.755248, -0.002831, -0.38175, -0.780809, -0.494575, -1.2e-05, 0.0, 0.0, 0.0, 1.0],
                [0.902451, -0.104736, -0.417868, -0.125006, 0.271695, -0.614377, 0.740758, -0.002831, -0.334313, -0.78203, -0.525989, -1.2e-05, 0.0, 0.0, 0.0, 1.0],
                [0.641406, 0.435326, 0.631733, -0.125006, 0.254001, -0.897484, 0.360563, -0.002831, 0.723933, -0.070807, -0.686226, -1.2e-05, 0.0, 0.0, 0.0, 1.0],
                [0.84253, -0.521002, 0.136743, -0.125006, -0.499884, -0.661718, 0.558788, -0.002831, -0.200645, -0.539152, -0.817958, -1.2e-05, 0.0, 0.0, 0.0, 1.0],
                [0.823964, -0.563244, 0.061948, -0.125006, -0.480666, -0.636863, 0.602798, -0.002831, -0.30007, -0.52646, -0.795485, -1.2e-05, 0.0, 0.0, 0.0, 1.0],
                [0.823964, -0.563244, 0.061948, -0.125006, -0.480666, -0.636863, 0.602798, -0.002831, -0.30007, -0.52646, -0.795485, -1.2e-05, 0.0, 0.0, 0.0, 1.0],
                [0.823964, -0.563244, 0.061947, -0.125006, -0.480666, -0.636863, 0.602798, -0.002831, -0.30007, -0.52646, -0.795485, -1.2e-05, 0.0, 0.0, 0.0, 1.0],
                [0.875992, -0.482324, 0.001148, -0.125006, -0.383744, -0.695506, 0.607464, -0.002831, -0.292196, -0.532574, -0.794346, -1.2e-05, 0.0, 0.0, 0.0, 1.0],
                [0.948117, -0.291034, -0.127959, -0.125006, -0.202783, -0.863581, 0.461634, -0.002831, -0.244854, -0.411735, -0.877793, -1.2e-05, 0.0, 0.0, 0.0, 1.0],
                [0.98102, -0.13483, -0.13936, -0.125006, -0.107292, -0.976082, 0.18908, -0.002831, -0.161521, -0.170539, -0.972022, -1.2e-05, 0.0, 0.0, 0.0, 1.0],
                [0.957397, -0.261251, -0.123034, -0.125006, -0.200665, -0.908266, 0.367133, -0.00283, -0.207661, -0.326804, -0.921996, -1.2e-05, 0.0, 0.0, 0.0, 1.0],
                [0.929155, -0.36104, -0.079501, -0.125006, -0.15503, -0.575752, 0.802792, -0.002831, -0.335613, -0.733592, -0.590935, -1.2e-05, 0.0, 0.0, 0.0, 1.0],
                [0.931542, -0.335181, -0.141004, -0.125006, -0.013839, -0.420162, 0.907344, -0.002831, -0.363369, -0.843277, -0.396037, -1.2e-05, 0.0, 0.0, 0.0, 1.0],
                [0.937735, -0.252134, -0.238919, -0.125006, 0.026791, -0.63328, 0.773459, -0.002831, -0.346318, -0.731699, -0.587094, -1.2e-05, 0.0, 0.0, 0.0, 1.0],
                [0.952842, -0.229204, -0.198887, -0.125006, 0.010261, -0.63068, 0.775975, -0.002831, -0.303291, -0.741423, -0.598587, -1.2e-05, 0.0, 0.0, 0.0, 1.0],
                [0.931542, -0.335181, -0.141003, -0.125006, -0.013839, -0.42016, 0.907344, -0.002831, -0.363369, -0.843278, -0.396035, -1.2e-05, 0.0, 0.0, 0.0, 1.0],
                [0.789839, -0.602729, 0.113442, -0.125006, -0.422533, -0.400691, 0.812965, -0.002831, -0.444544, -0.690045, -0.571155, -1.2e-05, 0.0, 0.0, 0.0, 1.0],
                [0.853912, -0.466547, 0.230577, -0.125006, -0.490151, -0.572112, 0.657602, -0.00283, -0.174887, -0.674552, -0.717212, -1.1e-05, 0.0, 0.0, 0.0, 1.0],
                [0.91708, -0.160685, 0.364891, -0.125006, -0.357412, 0.074269, 0.930989, -0.002832, -0.176697, -0.984207, 0.01068, -1.2e-05, 0.0, 0.0, 0.0, 1.0],
                [0.97081, -0.040669, 0.236376, -0.125006, -0.237014, -0.313767, 0.919443, -0.002831, 0.036774, -0.948628, -0.314247, -1.2e-05, 0.0, 0.0, 0.0, 1.0],
                [0.983124, 0.123211, 0.135229, -0.125007, -0.138465, 0.018053, 0.990203, -0.002831, 0.119563, -0.992216, 0.034808, -1.1e-05, 0.0, 0.0, 0.0, 1.0],
                [0.975602, 0.137054, 0.17151, -0.125006, -0.195444, 0.186328, 0.962851, -0.002829, 0.100006, -0.972881, 0.208569, -1.2e-05, 0.0, 0.0, 0.0, 1.0],
                [0.966356, 0.098948, 0.237411, -0.125006, -0.250204, 0.147742, 0.956855, -0.002828, 0.059603, -0.984063, 0.167528, -1.4e-05, 0.0, 0.0, 0.0, 1.0],
                [0.966728, 0.098355, 0.236141, -0.125005, -0.249445, 0.157893, 0.95543, -0.002832, 0.056687, -0.982545, 0.177174, -1.2e-05, 0.0, 0.0, 0.0, 1.0],
                [0.966728, 0.098355, 0.23614, -0.125005, -0.249445, 0.157893, 0.95543, -0.002831, 0.056686, -0.982545, 0.177173, -1.1e-05, 0.0, 0.0, 0.0, 1.0],
                [0.96978, 0.093749, 0.225251, -0.125007, -0.236221, 0.129785, 0.962993, -0.002831, 0.061046, -0.9871, 0.148008, -1.2e-05, 0.0, 0.0, 0.0, 1.0],
                [0.983283, 0.062428, 0.171047, -0.125008, -0.169599, -0.027834, 0.98512, -0.002833, 0.06626, -0.997661, -0.016781, -1.1e-05, 0.0, 0.0, 0.0, 1.0],
                [0.995449, -0.01223, 0.094501, -0.125006, -0.094041, -0.286036, 0.953592, -0.002831, 0.015369, -0.95814, -0.285884, -1.2e-05, 0.0, 0.0, 0.0, 1.0],
                [0.99087, -0.134423, 0.010371, -0.125006, -0.08377, -0.553566, 0.828581, -0.00283, -0.105639, -0.821885, -0.559772, -1.3e-05, 0.0, 0.0, 0.0, 1.0],
                [0.96275, -0.26268, -0.064113, -0.125007, -0.15465, -0.72944, 0.666333, -0.002831, -0.221799, -0.631597, -0.742893, -1.1e-05, 0.0, 0.0, 0.0, 1.0],
                [0.934995, -0.338509, -0.105809, -0.125007, -0.225346, -0.797402, 0.559792, -0.002831, -0.273867, -0.499559, -0.821849, -1.2e-05, 0.0, 0.0, 0.0, 1.0]
            ]
        },
        {
            "name": "Leg_L",
            "time": [0.0, 0.1, 0.2, 0.3, 0.4, 0.5, 0.6, 0.7, 0.8, 0.9, 1.0, 1.1, 1.2, 1.3, 1.4, 1.5, 1.6, 1.7, 1.8, 1.9, 2.0, 2.1, 2.2, 2.3, 2.4, 2.5, 2.6, 2.7, 2.8, 2.9, 3.0],
            "transform": [
                [1.0, -1e-06, 0.0, -0.0, -0.0, 0.24131, 0.970448, 0.374726, -1e-06, -0.970448, 0.241309, -0.0, 0.0, 0.0, 0.0, 1.0],
                [1.0, -1e-06, 0.0, 0.0, -0.0, 0.242507, 0.97015, 0.374726, -1e-06, -0.970149, 0.242507, 0.0, 0.0, 0.0, 0.0, 1.0],
                [1.000001, -1e-06, 0.0, 0.0, -0.0, 0.264043, 0.964511, 0.374726, -1e-06, -0.964511, 0.264043, -0.0, 0.0, 0.0, 0.0, 1.0],
                [1.000001, -1e-06, 1e-06, 0.0, -0.0, 0.516718, 0.856156, 0.374726, -1e-06, -0.856156, 0.516719, 0.0, 0.0, 0.0, 0.0, 1.0],
                [1.000001, -1e-06, 0.0, 0.0, -0.0, 0.516718, 0.856157, 0.374726, -1e-06, -0.856156, 0.516718, 0.0, 0.0, 0.0, 0.0, 1.0],
                [1.000001, -1e-06, 1e-06, 0.0, -0.0, 0.516718, 0.856157, 0.374726, -1e-06, -0.856156, 0.516718, 0.0, 0.0, 0.0, 0.0, 1.0],
                [1.0, -1e-06, 1e-06, 0.0, -0.0, 0.516718, 0.856156, 0.374726, -1e-06, -0.856156, 0.516718, 0.0, 0.0, 0.0, 0.0, 1.0],
                [1.0, -1e-06, 1e-06, -0.0, -0.0, 0.431598, 0.902066, 0.374726, -1e-06, -0.902066, 0.431599, 0.0, 0.0, 0.0, 0.0, 1.0],
                [1.000001, -1e-06, 1e-06, 0.0, -0.0, 0.446258, 0.894905, 0.374726, -1e-06, -0.894905, 0.446258, -0.0, 0.0, 0.0, 0.0, 1.0],
                [1.0, -1e-06, 1e-06, 0.0, -0.0, 0.629573, 0.776941, 0.374726, -1e-06, -0.776941, 0.629572, 0.0, 0.0, 0.0, 0.0, 1.0],
                [1.0, -1e-06, 1e-06, -0.0, -0.0, 0.650152, 0.759804, 0.374726, -1e-06, -0.759804, 0.650152, 0.0, 0.0, 0.0, 0.0, 1.0],
                [1.000001, -1e-06, 1e-06, -0.0, -0.0, 0.645767, 0.763536, 0.374726, -1e-06, -0.763535, 0.645766, -0.0, 0.0, 0.0, 0.0, 1.0],
                [1.0, -1e-06, 1e-06, 0.0, -0.0, 0.822832, 0.568284, 0.374726, -1e-06, -0.568284, 0.822832, -0.0, 0.0, 0.0, 0.0, 1.0],
                [1.0, 0.0, 1e-06, 0.0, 0.0, 0.999988, 0.004792, 0.374726, -1e-06, -0.004792, 0.999988, -0.0, 0.0, 0.0, 0.0, 1.0],
                [1.0, 0.0, 1e-06, -0.0, 0.0, 0.999988, 0.004864, 0.374726, -1e-06, -0.004864, 0.999988, -0.0, 0.0, 0.0, 0.0, 1.0],
                [1.0, -0.0, 1e-06, -0.0, -0.0, 0.822831, 0.568287, 0.374726, -1e-06, -0.568287, 0.82283, -0.0, 0.0, 0.0, 0.0, 1.0],
                [1.0, -1e-06, 0.0, 0.0, -0.0, -0.020472, 0.999791, 0.374726, -1e-06, -0.999791, -0.020472, 0.0, 0.0, 0.0, 0.0, 1.0],
                [1.0, -1e-06, 0.0, 0.0, -0.0, 0.256086, 0.966655, 0.374726, -1e-06, -0.966654, 0.256086, -0.0, 0.0, 0.0, 0.0, 1.0],
                [1.0, -1e-06, 0.0, 0.0, -0.0, -0.120034, 0.99277, 0.374726, -1e-06, -0.992769, -0.120035, 0.0, 0.0, 0.0, 0.0, 1.0],
                [1.0, -1e-06, 1e-06, 0.0, -0.0, 0.566724, 0.823908, 0.374727, -1e-06, -0.823908, 0.566724, -0.0, 0.0, 0.0, 0.0, 1.0],
                [1.0, -1e-06, 1e-06, -0.0, -0.0, 0.424306, 0.905519, 0.374726, -1e-06, -0.905519, 0.424306, -0.0, 0.0, 0.0, 0.0, 1.0],
                [1.000001, -1e-06, 0.0, -0.0, -0.0, 0.365258, 0.930906, 0.374725, -1e-06, -0.930906, 0.365258, -0.0, 0.0, 0.0, 0.0, 1.0],
                [1.0, -1e-06, 0.0, -0.0, -0.0, 0.268014, 0.963415, 0.374727, -1e-06, -0.963414, 0.268013, -0.0, 0.0, 0.0, 0.0, 1.0],
                [1.000001, -1e-06, 0.0, -0.0, -0.0, 0.233056, 0.972464, 0.374724, -1e-06, -0.972463, 0.233056, -0.0, 0.0, 0.0, 0.0, 1.0],
                [1.000001, -1e-06, 0.0, -0.0, -0.0, 0.233057, 0.972463, 0.374726, -1e-06, -0.972463, 0.233057, 0.0, 0.0, 0.0, 0.0, 1.0],
                [1.000001, -1e-06, 0.0, -0.0, -0.0, 0.226464, 0.97402, 0.374726, -1e-06, -0.97402, 0.226464, 0.0, 0.0, 0.0, 0.0, 1.0],
                [1.0, -1e-06, 0.0, -0.0, -0.0, 0.203478, 0.97908, 0.374726, -1e-06, -0.979079, 0.203478, -1e-06, 0.0, 0.0, 0.0, 1.0],
                [1.0, -1e-06, 0.0, -0.0, -0.0, 0.204716, 0.978822, 0.374726, -1e-06, -0.978821, 0.204717, -0.0, 0.0, 0.0, 0.0, 1.0],
                [1.0, -1e-06, 0.0, 0.0, -0.0, 0.253996, 0.967205, 0.374727, -1e-06, -0.967205, 0.253996, 0.0, 0.0, 0.0, 0.0, 1.0],
                [1.0, -1e-06, 0.0, 1e-06, -0.0, 0.335918, 0.941892, 0.374726, -1e-06, -0.941891, 0.335918, -0.0, 0.0, 0.0, 0.0, 1.0],
                [1.0, -1e-06, 1e-06, -0.0, -0.0, 0.400813, 0.91616, 0.374726, -1e-06, -0.91616, 0.400813, -0.0, 0.0, 0.0, 0.0, 1.0]
            ]
        },
        {
            "name": "Knee_L",
            "time": [0.0, 3.0],
            "transform": [
                [1.0, 0.0, -0.0, -0.0, -0.0, 0.00567, -0.999984, 0.457934, -0.0, 0.999984, 0.00567, -0.000472, 0.0, 0.0, 0.0, 1.0],
                [1.0, 0.0, -0.0, 1e-06, -0.0, 0.00567, -0.999984, 0.440214, -0.0, 0.999984, 0.00567, -0.000371, 0.0, 0.0, 0.0, 1.0]
            ]
        },
        {
            "name": "Torso",
            "time": [0.0, 0.1, 0.2, 0.3, 0.4, 0.5, 0.6, 0.7, 0.8, 0.9, 1.0, 1.1, 1.2, 1.3, 1.4, 1.5, 1.6, 1.7, 1.8, 1.9, 2.0, 2.1, 2.2, 2.3, 2.4, 2.5, 2.6, 2.7, 2.8, 2.9, 3.0],
            "transform": [
                [1.0, 0.0, -0.0, 0.0, -0.0, 1.0, -0.000689, 0.05, 0.0, 0.000689, 1.0, 0.0, 0.0, 0.0, 0.0, 1.0],
                [1.0, 0.0, -0.0, 0.0, -0.0, 1.0, -0.000689, 0.05, 0.0, 0.000689, 1.0, 0.0, 0.0, 0.0, 0.0, 1.0],
                [1.0, 0.0, 0.0, 0.0, -0.0, 1.0, -0.000689, 0.05, 0.0, 0.000689, 1.0, 0.0, 0.0, 0.0, 0.0, 1.0],
                [1.0, 0.0, 0.0, -0.0, -0.0, 1.0, -0.000689, 0.05, 0.0, 0.000689, 1.0, -0.0, 0.0, 0.0, 0.0, 1.0],
                [1.0, 0.0, 0.0, -0.0, -0.0, 1.0, -0.000689, 0.05, 0.0, 0.000689, 1.0, -0.0, 0.0, 0.0, 0.0, 1.0],
                [1.0, 0.0, 0.0, -0.0, -0.0, 1.0, -0.000689, 0.05, 0.0, 0.000689, 1.0, -0.0, 0.0, 0.0, 0.0, 1.0],
                [1.0, 0.0, 0.0, -0.0, -0.0, 1.0, -0.000689, 0.05, 0.0, 0.000689, 1.0, -0.0, 0.0, 0.0, 0.0, 1.0],
                [1.0, -0.0, -0.0, 0.0, -0.0, 1.0, -0.000689, 0.05, 0.0, 0.000689, 1.0, -0.0, 0.0, 0.0, 0.0, 1.0],
                [1.0, 0.0, 0.0, 0.0, 0.0, 1.0, -0.000689, 0.05, 0.0, 0.000689, 1.0, -0.0, 0.0, 0.0, 0.0, 1.0],
                [1.0, 0.0, 0.0, -0.0, 0.0, 1.0, -0.000689, 0.05, 0.0, 0.000689, 1.0, -0.0, 0.0, 0.0, 0.0, 1.0],
                [1.0, 0.0, -0.0, 0.0, 0.0, 1.0, -0.000689, 0.05, 0.0, 0.000689, 1.0, 0.0, 0.0, 0.0, 0.0, 1.0],
                [1.0, 0.0, 0.0, 0.0, 0.0, 1.0, -0.000689, 0.05, -0.0, 0.000689, 1.0, 0.0, 0.0, 0.0, 0.0, 1.0],
                [1.0, 0.0, 0.0, -0.0, -0.0, 1.0, -0.000689, 0.05, -0.0, 0.000689, 1.0, 0.0, 0.0, 0.0, 0.0, 1.0],
                [1.0, -0.0, 0.0, 0.0, 0.0, 1.0, -0.000689, 0.05, 0.0, 0.000689, 1.0, 0.0, 0.0, 0.0, 0.0, 1.0],
                [1.0, -0.0, 0.0, 0.0, 0.0, 1.0, -0.000689, 0.05, 0.0, 0.000689, 1.0, 0.0, 0.0, 0.0, 0.0, 1.0],
                [1.0, -0.0, -0.0, 0.0, 0.0, 1.0, -0.000689, 0.05, 0.0, 0.000689, 1.0, -0.0, 0.0, 0.0, 0.0, 1.0],
                [1.0, 0.0, 0.0, 0.0, 0.0, 1.0, -0.000689, 0.05, 0.0, 0.000689, 1.0, 0.0, 0.0, 0.0, 0.0, 1.0],
                [1.0, 0.0, 0.0, 0.0, -0.0, 1.0, -0.000689, 0.05, -0.0, 0.000689, 1.0, 0.0, 0.0, 0.0, 0.0, 1.0],
                [1.0, -0.0, -0.0, -0.0, -0.0, 1.0, -0.000689, 0.05, -0.0, 0.000689, 1.0, 0.0, 0.0, 0.0, 0.0, 1.0],
                [1.0, -0.0, 0.0, 0.0, 0.0, 1.0, -0.000689, 0.05, -0.0, 0.000689, 1.0, 0.0, 0.0, 0.0, 0.0, 1.0],
                [1.0, -0.0, 0.0, -0.0, -0.0, 1.0, -0.000689, 0.05, 0.0, 0.000689, 1.0, 0.0, 0.0, 0.0, 0.0, 1.0],
                [1.0, -0.0, -0.0, -0.0, 0.0, 1.0, -0.000689, 0.050001, -0.0, 0.000689, 1.0, -0.0, 0.0, 0.0, 0.0, 1.0],
                [1.0, 0.0, 0.0, -0.0, 0.0, 1.0, -0.000689, 0.050001, -0.0, 0.000689, 1.0, -1e-06, 0.0, 0.0, 0.0, 1.0],
                [1.0, -0.0, -0.0, 0.0, -0.0, 1.0, -0.000689, 0.05, 0.0, 0.000689, 1.0, -0.0, 0.0, 0.0, 0.0, 1.0],
                [1.0, 0.0, -0.0, 0.0, -0.0, 1.0, -0.000689, 0.05, 0.0, 0.000689, 1.0, 0.0, 0.0, 0.0, 0.0, 1.0],
                [1.0, -0.0, 0.0, -1e-06, 0.0, 1.0, -0.000689, 0.05, 0.0, 0.000689, 1.0, 0.0, 0.0, 0.0, 0.0, 1.0],
                [1.0, 0.0, 0.0, -0.0, 0.0, 1.0, -0.000689, 0.049999, -0.0, 0.000689, 1.0, -0.0, 0.0, 0.0, 0.0, 1.0],
                [1.0, 0.0, -0.0, 0.0, 0.0, 1.0, -0.000689, 0.05, 0.0, 0.000689, 1.0, 0.0, 0.0, 0.0, 0.0, 1.0],
                [1.0, -0.0, -0.0, -0.0, 0.0, 1.0, -0.000689, 0.05, 0.0, 0.000689, 1.0, -0.0, 0.0, 0.0, 0.0, 1.0],
                [1.0, 0.0, 0.0, 0.0, 0.0, 1.0, -0.000689, 0.05, 0.0, 0.000689, 1.0, 0.0, 0.0, 0.0, 0.0, 1.0],
                [1.0, -0.0, 0.0, -1e-06, 0.0, 1.0, -0.000689, 0.05, 0.0, 0.000689, 1.0, 1e-06, 0.0, 0.0, 0.0, 1.0]
            ]
        },
        {
            "name": "Chest",
            "time": [0.0, 0.1, 0.2, 0.3, 0.4, 0.5, 0.6, 0.7, 0.8, 0.9, 1.0, 1.1, 1.2, 1.3, 1.4, 1.5, 1.6, 1.7, 1.8, 1.9, 2.0, 2.1, 2.2, 2.3, 2.4, 2.5, 2.6, 2.7, 2.8, 2.9, 3.0],
            "transform": [
                [0.942012, 0.335029, 0.019231, -0.0, -0.328294, 0.908167, 0.259721, 0.3, 0.06955, -0.250974, 0.965492, -0.0, 0.0, 0.0, 0.0, 1.0],
                [0.942764, 0.333321, 0.00959, -0.0, -0.32491, 0.911744, 0.251308, 0.3, 0.075022, -0.24004, 0.96786, -0.0, 0.0, 0.0, 0.0, 1.0],
                [0.931999, 0.216558, -0.290656, 0.0, -0.241458, 0.969002, -0.052274, 0.3, 0.270326, 0.1189, 0.955399, 0.0, 0.0, 0.0, 0.0, 1.0],
                [0.823106, -0.158218, -0.545403, 0.0, -0.246413, 0.765776, -0.594027, 0.3, 0.511642, 0.623341, 0.591328, 0.0, 0.0, 0.0, 0.0, 1.0],
                [0.811789, -0.111155, -0.573274, 0.0, -0.235655, 0.835869, -0.495773, 0.3, 0.53429, 0.537558, 0.652355, 0.0, 0.0, 0.0, 0.0, 1.0],
                [0.813346, -0.116624, -0.569971, 0.0, -0.23713, 0.828172, -0.507839, 0.3, 0.531261, 0.548206, 0.645935, 0.0, 0.0, 0.0, 0.0, 1.0],
                [0.811789, -0.111155, -0.573274, 0.0, -0.235655, 0.835869, -0.495773, 0.3, 0.53429, 0.537558, 0.652355, 0.0, 0.0, 0.0, 0.0, 1.0],
                [0.833792, -0.110632, -0.54088, 0.0, -0.202612, 0.850033, -0.486202, 0.3, 0.513555, 0.51498, 0.686335, -0.0, 0.0, 0.0, 0.0, 1.0],
                [0.883082, -0.127847, -0.451467, 0.0, -0.134941, 0.852322, -0.505309, 0.3, 0.449397, 0.50715, 0.735419, -0.0, 0.0, 0.0, 0.0, 1.0],
                [0.935307, -0.147404, -0.321672, -0.0, -0.038015, 0.861972, -0.505528, 0.3, 0.351789, 0.485052, 0.800605, 0.0, 0.0, 0.0, 0.0, 1.0],
                [0.969541, -0.150389, -0.193323, 0.0, 0.092341, 0.955492, -0.280191, 0.3, 0.226856, 0.253805, 0.940276, -0.0, 0.0, 0.0, 0.0, 1.0],
                [0.980865, -0.164927, -0.103454, -0.0, 0.179733, 0.971336, 0.15557, 0.3, 0.074831, -0.171187, 0.982393, 0.0, 0.0, 0.0, 0.0, 1.0],
                [0.981173, -0.178585, -0.073526, -0.0, 0.193128, 0.907063, 0.374083, 0.3, -0.000113, -0.381241, 0.924476, -0.0, 0.0, 0.0, 0.0, 1.0],
                [0.981173, -0.178585, -0.073526, 0.0, 0.193128, 0.907063, 0.374083, 0.3, -0.000113, -0.381241, 0.924476, 0.0, 0.0, 0.0, 0.0, 1.0],
                [0.981174, -0.178585, -0.073526, -0.0, 0.193128, 0.907063, 0.374083, 0.3, -0.000113, -0.381241, 0.924476, -0.0, 0.0, 0.0, 0.0, 1.0],
                [0.981173, -0.178585, -0.073526, -0.0, 0.193128, 0.907063, 0.374083, 0.3, -0.000113, -0.381241, 0.924476, -0.0, 0.0, 0.0, 0.0, 1.0],
                [0.97343, -0.178344, -0.143622, -0.0, 0.222178, 0.887402, 0.403924, 0.3, 0.055413, -0.425101, 0.903448, -0.0, 0.0, 0.0, 0.0, 1.0],
                [0.956001, -0.173623, -0.236467, 0.0, 0.262706, 0.865415, 0.426664, 0.3, 0.130564, -0.470012, 0.87295, 0.0, 0.0, 0.0, 0.0, 1.0],
                [0.944704, -0.179748, -0.274272, -0.0, 0.267926, 0.905334, 0.329522, 0.3, 0.189077, -0.384786, 0.903432, 0.0, 0.0, 0.0, 0.0, 1.0],
                [0.800233, -0.195893, -0.566792, -0.0, 0.163973, 0.9806, -0.107404, 0.3, 0.576836, -0.00699, 0.81683, 1e-06, 0.0, 0.0, 0.0, 1.0],
                [0.776147, -0.167774, -0.607822, 0.0, 0.18871, 0.981576, -0.02997, 0.3, 0.601651, -0.091441, 0.793508, 0.0, 0.0, 0.0, 0.0, 1.0],
                [0.906652, -0.126847, -0.402357, 0.0, 0.336439, 0.792826, 0.508169, 0.3, 0.254539, -0.596101, 0.761494, -0.0, 0.0, 0.0, 0.0, 1.0],
                [0.920249, -0.132312, -0.368287, 0.0, 0.338524, 0.741289, 0.579562, 0.3, 0.196324, -0.658015, 0.726961, -0.0, 0.0, 0.0, 0.0, 1.0],
                [0.920249, -0.132312, -0.368287, 0.0, 0.338524, 0.741289, 0.579562, 0.3, 0.196323, -0.658015, 0.726961, -0.0, 0.0, 0.0, 0.0, 1.0],
                [0.920249, -0.132312, -0.368287, -0.0, 0.338524, 0.741289, 0.579562, 0.3, 0.196324, -0.658016, 0.726961, 0.0, 0.0, 0.0, 0.0, 1.0],
                [0.926133, -0.131061, -0.353695, 0.0, 0.326681, 0.747463, 0.578428, 0.3, 0.188565, -0.651247, 0.735066, -0.0, 0.0, 0.0, 0.0, 1.0],
                [0.953621, -0.122023, -0.275168, 0.0, 0.263789, 0.779107, 0.56869, 0.3, 0.144992, -0.614901, 0.775161, -0.0, 0.0, 0.0, 0.0, 1.0],
                [0.983382, -0.100288, -0.151335, 0.0, 0.167356, 0.823859, 0.541525, 0.3, 0.07037, -0.557852, 0.826952, 0.0, 0.0, 0.0, 0.0, 1.0],
                [0.997736, -0.065836, -0.013765, 0.0, 0.064006, 0.866486, 0.495082, 0.3, -0.020668, -0.494841, 0.868738, 0.0, 0.0, 0.0, 0.0, 1.0],
                [0.994305, -0.028053, 0.102813, 1e-06, -0.020422, 0.896699, 0.44217, 0.3, -0.104596, -0.441752, 0.891019, -0.0, 0.0, 0.0, 0.0, 1.0],
                [0.985676, -0.003038, 0.168621, 0.0, -0.066729, 0.911218, 0.406484, 0.3, -0.154886, -0.411914, 0.897963, 0.0, 0.0, 0.0, 0.0, 1.0]
            ]
        },
        {
            "name": "Head",
            "time": [0.0, 0.1, 0.2, 0.3, 0.4, 0.5, 0.6, 0.7, 0.8, 0.9, 1.0, 1.1, 1.2, 1.3, 1.4, 1.5, 1.6, 1.7, 1.8, 1.9, 2.0, 2.1, 2.2, 2.3, 2.4, 2.5, 2.6, 2.7, 2.8, 2.9, 3.0],
            "transform": [
                [0.976641, -0.175007, 0.124683, -0.0, 0.177819, 0.983993, -0.011706, 0.4, -0.120638, 0.033604, 0.992128, -0.0, 0.0, 0.0, 0.0, 1.0],
                [0.974593, -0.178975, 0.134669, 0.0, 0.181325, 0.983409, -0.005287, 0.4, -0.131488, 0.029572, 0.990877, 0.0, 0.0, 0.0, 0.0, 1.0],
                [0.860045, -0.284399, 0.423605, 0.0, 0.218585, 0.95557, 0.197754, 0.4, -0.461025, -0.077484, 0.883998, 0.0, 0.0, 0.0, 0.0, 1.0],
                [0.446745, -0.348426, 0.824026, 0.0, -0.090633, 0.898684, 0.429131, 0.4, -0.890059, -0.266396, 0.369904, -0.0, 0.0, 0.0, 0.0, 1.0],
                [0.2926, -0.315841, 0.902568, -0.0, -0.10981, 0.926535, 0.359827, 0.4, -0.949909, -0.204396, 0.236422, 0.0, 0.0, 0.0, 0.0, 1.0],
                [0.315313, -0.296248, 0.901562, -0.0, -0.150916, 0.922282, 0.355838, 0.4, -0.936911, -0.248261, 0.246098, -0.0, 0.0, 0.0, 0.0, 1.0],
                [0.2926, -0.315841, 0.902568, -0.0, -0.10981, 0.926534, 0.359827, 0.4, -0.949909, -0.204396, 0.236422, 0.0, 0.0, 0.0, 0.0, 1.0],
                [0.455711, -0.230067, 0.859882, 0.0, 0.002987, 0.96641, 0.256986, 0.4, -0.890123, -0.114543, 0.441091, 0.0, 0.0, 0.0, 0.0, 1.0],
                [0.802561, -0.152719, 0.576692, -0.0, 0.119982, 0.988246, 0.094732, 0.4, -0.584381, -0.006836, 0.811451, 0.0, 0.0, 0.0, 0.0, 1.0],
                [0.981534, -0.131191, 0.13921, 0.0, 0.142629, 0.986885, -0.0756, 0.4, -0.127466, 0.09406, 0.987373, 0.0, 0.0, 0.0, 0.0, 1.0],
                [0.989427, -0.130314, -0.063659, 0.0, 0.120581, 0.983036, -0.138204, 0.4, 0.080589, 0.129067, 0.988356, 0.0, 0.0, 0.0, 0.0, 1.0],
                [0.997889, -0.060004, -0.024838, 0.0, 0.058343, 0.996312, -0.062912, 0.4, 0.028521, 0.06133, 0.99771, 0.0, 0.0, 0.0, 0.0, 1.0],
                [0.996425, 0.053579, 0.065322, -0.0, -0.058243, 0.995722, 0.071726, 0.4, -0.061199, -0.075274, 0.995283, 0.0, 0.0, 0.0, 0.0, 1.0],
                [0.980029, 0.125048, 0.154618, 0.0, -0.151248, 0.973537, 0.171316, 0.4, -0.129103, -0.191281, 0.973008, -0.0, 0.0, 0.0, 0.0, 1.0],
                [0.963865, 0.155533, 0.216272, 0.0, -0.204538, 0.952229, 0.226771, 0.4, -0.17067, -0.262812, 0.949632, -0.0, 0.0, 0.0, 0.0, 1.0],
                [0.957341, 0.162623, 0.238857, 0.0, -0.22141, 0.943976, 0.244717, 0.4, -0.185678, -0.287163, 0.939713, 0.0, 0.0, 0.0, 0.0, 1.0],
                [0.977177, 0.091057, 0.191921, -0.0, -0.109535, 0.990083, 0.087962, 0.4, -0.182008, -0.106976, 0.977461, 0.0, 0.0, 0.0, 0.0, 1.0],
                [0.992005, 0.020185, 0.124574, -0.0, 0.011459, 0.968641, -0.248202, 0.4, -0.125677, 0.247645, 0.960665, -0.0, 0.0, 0.0, 0.0, 1.0],
                [0.990689, 0.127519, 0.047697, -0.0, -0.086691, 0.860969, -0.501215, 0.4, -0.10498, 0.492413, 0.864007, 0.0, 0.0, 0.0, 0.0, 1.0],
                [0.920824, 0.24397, 0.30424, -0.0, -0.121496, 0.920789, -0.370657, 0.4, -0.37057, 0.304346, 0.877526, 0.0, 0.0, 0.0, 0.0, 1.0],
                [0.880426, 0.134603, 0.454678, -0.0, -0.123618, 0.990861, -0.053964, 0.4, -0.457787, -0.008695, 0.889019, 0.0, 0.0, 0.0, 0.0, 1.0],
                [0.925241, -0.056836, 0.375099, 0.0, 0.037584, 0.997583, 0.058449, 0.399999, -0.377514, -0.039981, 0.92514, -0.0, 0.0, 0.0, 0.0, 1.0],
                [0.928623, -0.08397, 0.361397, -0.0, 0.064764, 0.995785, 0.064953, 0.4, -0.365328, -0.036912, 0.930147, -0.0, 0.0, 0.0, 0.0, 1.0],
                [0.928623, -0.083969, 0.361397, 0.0, 0.064764, 0.995784, 0.064953, 0.4, -0.365328, -0.036911, 0.930147, 0.0, 0.0, 0.0, 0.0, 1.0],
                [0.928623, -0.08397, 0.361397, -0.0, 0.064764, 0.995784, 0.064953, 0.4, -0.365328, -0.036911, 0.930147, -0.0, 0.0, 0.0, 0.0, 1.0],
                [0.939692, -0.049951, 0.338353, 0.0, 0.057894, 0.998233, -0.013414, 0.4, -0.337085, 0.032194, 0.940924, 0.0, 0.0, 0.0, 0.0, 1.0],
                [0.983044, 0.073296, 0.168086, -0.0, -0.008155, 0.933208, -0.359246, 0.399999, -0.18319, 0.351784, 0.917981, 0.0, 0.0, 0.0, 0.0, 1.0],
                [0.987004, 0.091333, -0.13222, 0.0, -0.15443, 0.766651, -0.623216, 0.4, 0.044447, 0.635535, 0.770792, -0.0, 0.0, 0.0, 0.0, 1.0],
                [0.914786, -0.00553, -0.403901, 0.0, -0.255498, 0.766554, -0.589166, 0.4, 0.31287, 0.642156, 0.69982, -1e-06, 0.0, 0.0, 0.0, 1.0],
                [0.791959, -0.065361, -0.607066, 0.0, -0.280691, 0.843989, -0.45705, 0.4, 0.542231, 0.532363, 0.650058, 1e-06, 0.0, 0.0, 0.0, 1.0],
                [0.700076, -0.075323, -0.710085, -0.0, -0.261589, 0.898238, -0.353184, 0.4, 0.664428, 0.433006, 0.609131, -0.0, 0.0, 0.0, 0.0, 1.0]
            ]
        },
        {
            "name": "Shoulder_R",
            "time": [0.0, 0.1, 0.2, 0.3, 0.4, 0.5, 0.6, 0.7, 0.8, 0.9, 1.0, 1.1, 1.2, 1.3, 1.4, 1.5, 1.6, 1.7, 1.8, 1.9, 2.0, 2.1, 2.2, 2.3, 2.4, 2.5, 2.6, 2.7, 2.8, 2.9, 3.0],
            "transform": [
                [0.0, 0.952114, 0.305743, -0.0, -0.0, -0.305743, 0.952114, 0.4, 1.0, 0.0, 0.0, -0.0, 0.0, 0.0, 0.0, 1.0],
                [0.0, 0.952114, 0.305743, 0.0, -0.0, -0.305743, 0.952114, 0.4, 1.0, 0.0, -0.0, 0.0, 0.0, 0.0, 0.0, 1.0],
                [0.0, 0.952114, 0.305743, 0.0, 0.0, -0.305743, 0.952114, 0.4, 1.0, -0.0, -0.0, 0.0, 0.0, 0.0, 0.0, 1.0],
                [0.0, 0.952114, 0.305743, 0.0, 0.0, -0.305743, 0.952114, 0.4, 1.0, 0.0, 0.0, -0.0, 0.0, 0.0, 0.0, 1.0],
                [0.0, 0.952114, 0.305743, -0.0, -0.0, -0.305743, 0.952114, 0.4, 1.0, -0.0, -0.0, 0.0, 0.0, 0.0, 0.0, 1.0],
                [0.0, 0.952114, 0.305743, -0.0, 0.0, -0.305743, 0.952114, 0.4, 1.0, -0.0, -0.0, -0.0, 0.0, 0.0, 0.0, 1.0],
                [0.0, 0.952114, 0.305743, -0.0, 0.0, -0.305743, 0.952114, 0.4, 1.0, 0.0, 0.0, 0.0, 0.0, 0.0, 0.0, 1.0],
                [0.0, 0.952114, 0.305743, 0.0, -0.0, -0.305743, 0.952114, 0.4, 1.0, -0.0, -0.0, 0.0, 0.0, 0.0, 0.0, 1.0],
                [0.0, 0.952114, 0.305743, -0.0, 0.0, -0.305743, 0.952114, 0.4, 1.0, 0.0, 0.0, 0.0, 0.0, 0.0, 0.0, 1.0],
