{
    "animation": [
        {
            "name": "Root",
            "time": [0.0, 0.0167, 0.0333, 0.05, 0.0667, 0.0833, 0.1, 0.1167, 0.1333, 0.15, 0.1667, 0.1833, 0.2, 0.2167, 0.2333, 0.25, 0.2667, 0.2833, 0.3, 0.3167, 0.3333, 0.35, 0.3667, 0.3833, 0.4, 0.4167, 0.4333, 0.45, 0.4667, 0.4833, 0.5, 0.5167, 0.5333, 0.55, 0.5667, 0.5833, 0.6, 0.6167, 0.6333, 0.65, 0.6667, 0.6833, 0.7, 0.7167, 0.7333, 0.75, 0.7667, 0.7833, 0.8, 0.8167, 0.8333, 0.85, 0.8667, 0.8833, 0.9, 0.9167, 0.9333, 0.95, 0.9667, 0.9833, 1.0, 1.0167, 1.0333, 1.05, 1.0667, 1.0833, 1.1, 1.1167, 1.1333, 1.15, 1.1667, 1.1833, 1.2, 1.2167, 1.2333, 1.25, 1.2667, 1.2833, 1.3, 1.3167, 1.3333, 1.35, 1.3667, 1.3833, 1.4, 1.4167, 1.4333, 1.45, 1.4667, 1.4833, 1.5, 1.5167, 1.5333, 1.55, 1.5667, 1.5833, 1.6, 1.6167, 1.6333, 1.65, 1.6667],
            "transform": [
                [0.928577, 0.258286, -0.266521, -0.001741, -0.36857, 0.557381, -0.743964, 0.019907, -0.043602, 0.78906, 0.612767, 0.602077, 0.0, 0.0, 0.0, 1.0],
                [0.927676, 0.258918, -0.269032, -0.001741, -0.370793, 0.554054, -0.745344, 0.020284, -0.043925, 0.791193, 0.609987, 0.602803, 0.0, 0.0, 0.0, 1.0],
                [0.925066, 0.26067, -0.276232, -0.001741, -0.377144, 0.544471, -0.749209, 0.021408, -0.044896, 0.797247, 0.601982, 0.604881, 0.0, 0.0, 0.0, 1.0],
                [0.920847, 0.263263, -0.287632, -0.001741, -0.387131, 0.529168, -0.755057, 0.023271, -0.046573, 0.806644, 0.5892, 0.608161, 0.0, 0.0, 0.0, 1.0],
                [0.915095, 0.266359, -0.302745, -0.001741, -0.400243, 0.508634, -0.762297, 0.025864, -0.049058, 0.818745, 0.572057, 0.612493, 0.0, 0.0, 0.0, 1.0],
                [0.907874, 0.269591, -0.321069, -0.001741, -0.415946, 0.48336, -0.770293, 0.029178, -0.052472, 0.832877, 0.550965, 0.617726, 0.0, 0.0, 0.0, 1.0],
                [0.899263, 0.272592, -0.342081, -0.001741, -0.433688, 0.453869, -0.778407, 0.033203, -0.056928, 0.848349, 0.526368, 0.623711, 0.0, 0.0, 0.0, 1.0],
                [0.889366, 0.275023, -0.365225, -0.001741, -0.452902, 0.420754, -0.786032, 0.037931, -0.062507, 0.864482, 0.498763, 0.630296, 0.0, 0.0, 0.0, 1.0],
                [0.878327, 0.276596, -0.389918, -0.001741, -0.473019, 0.384684, -0.792636, 0.043354, -0.069245, 0.880632, 0.468713, 0.637332, 0.0, 0.0, 0.0, 1.0],
                [0.866333, 0.277095, -0.415554, -0.001741, -0.493478, 0.346418, -0.797793, 0.049462, -0.077109, 0.896222, 0.436853, 0.644668, 0.0, 0.0, 0.0, 1.0],
                [0.853621, 0.276397, -0.441516, -0.001741, -0.513747, 0.306794, -0.801212, 0.056246, -0.085998, 0.910759, 0.403884, 0.652155, 0.0, 0.0, 0.0, 1.0],
                [0.840469, 0.27448, -0.467197, -0.001741, -0.533336, 0.266714, -0.802756, 0.063697, -0.095732, 0.923864, 0.370554, 0.659641, 0.0, 0.0, 0.0, 1.0],
                [0.827196, 0.271426, -0.492011, -0.001741, -0.551813, 0.227116, -0.802446, 0.071807, -0.106061, 0.935279, 0.337646, 0.666978, 0.0, 0.0, 0.0, 1.0],
                [0.814147, 0.267418, -0.515415, -0.001741, -0.568818, 0.188955, -0.800464, 0.080567, -0.116668, 0.944872, 0.30595, 0.674013, 0.0, 0.0, 0.0, 1.0],
                [0.801685, 0.262726, -0.536914, -0.001741, -0.584059, 0.15317, -0.797128, 0.089967, -0.127187, 0.952635, 0.276242, 0.680599, 0.0, 0.0, 0.0, 1.0],
                [0.790179, 0.257691, -0.556069, -0.001741, -0.597318, 0.120668, -0.792875, 0.099999, -0.137217, 0.958663, 0.249273, 0.686583, 0.0, 0.0, 0.0, 1.0],
                [0.779996, 0.252699, -0.572493, -0.001741, -0.608434, 0.092312, -0.788217, 0.110654, -0.146334, 0.963131, 0.225754, 0.691816, 0.0, 0.0, 0.0, 1.0],
                [0.771495, 0.248162, -0.585843, -0.001741, -0.617289, 0.068919, -0.783712, 0.121923, -0.154112, 0.966264, 0.206358, 0.696148, 0.0, 0.0, 0.0, 1.0],
                [0.765019, 0.244488, -0.595795, -0.001741, -0.623781, 0.051267, -0.779916, 0.133796, -0.160135, 0.968296, 0.191727, 0.699428, 0.0, 0.0, 0.0, 1.0],
                [0.760901, 0.242056, -0.602029, -0.001741, -0.627798, 0.040116, -0.777342, 0.146266, -0.164009, 0.969433, 0.182487, 0.701506, 0.0, 0.0, 0.0, 1.0],
                [0.75946, 0.241187, -0.604193, -0.001741, -0.629184, 0.036227, -0.776412, 0.159324, -0.165372, 0.969802, 0.179264, 0.702232, 0.0, 0.0, 0.0, 1.0],
                [0.763078, 0.24131, -0.599568, -0.001741, -0.625964, 0.045024, -0.778551, 0.173026, -0.160877, 0.969403, 0.185408, 0.702229, 0.0, 0.0, 0.0, 1.0],
                [0.773381, 0.241228, -0.586251, -0.001741, -0.616338, 0.069703, -0.784391, 0.187695, -0.148354, 0.967962, 0.202585, 0.702206, 0.0, 0.0, 0.0, 1.0],
                [0.789445, 0.239973, -0.564968, -0.001741, -0.600034, 0.107719, -0.792689, 0.203721, -0.129366, 0.964785, 0.22903, 0.702145, 0.0, 0.0, 0.0, 1.0],
                [0.810184, 0.236351, -0.536413, -0.001741, -0.576578, 0.156416, -0.80193, 0.221492, -0.105634, 0.958995, 0.263001, 0.702024, 0.0, 0.0, 0.0, 1.0],
                [0.834338, 0.229142, -0.501373, -0.001741, -0.545565, 0.212903, -0.810575, 0.241398, -0.078993, 0.949824, 0.302645, 0.701826, 0.0, 0.0, 0.0, 1.0],
                [0.860488, 0.217291, -0.460809, -0.001741, -0.506878, 0.274012, -0.817308, 0.263828, -0.051327, 0.936858, 0.345924, 0.701531, 0.0, 0.0, 0.0, 1.0],
                [0.887133, 0.200096, -0.41588, -0.001741, -0.460866, 0.336366, -0.821255, 0.28917, -0.024442, 0.920228, 0.390619, 0.701118, 0.0, 0.0, 0.0, 1.0],
                [0.912799, 0.177342, -0.367896, -0.001741, -0.408409, 0.396551, -0.822161, 0.317814, 8.5e-05, 0.90072, 0.434399, 0.700569, 0.0, 0.0, 0.0, 1.0],
                [0.936178, 0.149372, -0.318212, -0.001741, -0.350895, 0.451328, -0.820473, 0.350149, 0.021063, 0.879768, 0.474937, 0.699865, 0.0, 0.0, 0.0, 1.0],
                [0.956252, 0.117069, -0.2681, -0.001741, -0.290095, 0.497833, -0.817317, 0.386564, 0.037786, 0.859335, 0.510015, 0.698984, 0.0, 0.0, 0.0, 1.0],
                [0.972376, 0.08181, -0.218616, -0.001741, -0.227957, 0.534304, -0.813975, 0.427135, 0.050216, 0.841324, 0.538194, 0.696533, 0.0, 0.0, 0.0, 1.0],
                [0.984313, 0.045247, -0.170533, -0.001741, -0.16624, 0.56163, -0.810516, 0.470684, 0.059103, 0.82615, 0.560342, 0.691552, 0.0, 0.0, 0.0, 1.0],
                [0.992166, 0.008935, -0.124605, -0.001741, -0.10654, 0.581359, -0.806642, 0.51572, 0.065233, 0.813598, 0.577757, 0.684682, 0.0, 0.0, 0.0, 1.0],
                [0.996328, -0.025739, -0.081658, -0.001741, -0.05036, 0.59514, -0.802043, 0.560752, 0.069242, 0.80321, 0.591658, 0.676561, 0.0, 0.0, 0.0, 1.0],
                [0.997433, -0.057572, -0.042579, -0.001741, 0.000905, 0.604709, -0.796446, 0.60429, 0.071601, 0.794363, 0.603208, 0.667828, 0.0, 0.0, 0.0, 1.0],
                [0.996299, -0.085552, -0.008292, -0.001741, 0.045968, 0.611862, -0.789628, 0.644843, 0.072628, 0.786325, 0.61353, 0.659123, 0.0, 0.0, 0.0, 1.0],
                [0.993853, -0.108839, 0.020266, -0.001741, 0.083656, 0.618406, -0.781393, 0.680919, 0.072513, 0.778285, 0.62371, 0.651084, 0.0, 0.0, 0.0, 1.0],
                [0.991042, -0.126717, 0.042177, -0.001741, 0.11289, 0.626101, -0.771527, 0.711028, 0.071358, 0.769377, 0.634797, 0.64435, 0.0, 0.0, 0.0, 1.0],
                [0.988742, -0.138531, 0.056564, -0.001741, 0.132652, 0.636583, -0.759714, 0.733679, 0.069236, 0.758664, 0.647793, 0.639561, 0.0, 0.0, 0.0, 1.0],
                [0.987653, -0.143597, 0.062616, -0.001741, 0.141951, 0.65128, -0.745443, 0.74738, 0.066263, 0.745127, 0.663622, 0.637355, 0.0, 0.0, 0.0, 1.0],
                [0.987451, -0.14453, 0.06365, -0.001741, 0.145093, 0.671141, -0.726992, 0.754391, 0.062354, 0.727104, 0.683689, 0.636897, 0.0, 0.0, 0.0, 1.0],
                [0.987424, -0.144664, 0.063762, -0.001741, 0.147135, 0.693382, -0.705388, 0.758516, 0.057833, 0.705899, 0.705947, 0.636775, 0.0, 0.0, 0.0, 1.0],
                [0.9875, -0.14432, 0.06337, -0.001741, 0.14825, 0.713866, -0.68441, 0.760592, 0.053537, 0.68525, 0.726338, 0.636766, 0.0, 0.0, 0.0, 1.0],
                [0.987602, -0.143841, 0.062865, -0.001741, 0.148693, 0.728797, -0.66839, 0.761452, 0.050326, 0.669451, 0.741149, 0.636644, 0.0, 0.0, 0.0, 1.0],
                [0.987653, -0.143597, 0.062616, -0.001741, 0.148773, 0.734582, -0.662009, 0.761931, 0.049066, 0.663151, 0.746876, 0.636186, 0.0, 0.0, 0.0, 1.0],
                [0.987653, -0.143597, 0.062616, -0.001741, 0.148773, 0.734582, -0.662009, 0.762685, 0.049066, 0.663151, 0.746876, 0.635149, 0.0, 0.0, 0.0, 1.0],
                [0.987653, -0.143597, 0.062616, -0.001741, 0.148773, 0.734582, -0.662009, 0.763665, 0.049066, 0.663151, 0.746876, 0.633689, 0.0, 0.0, 0.0, 1.0],
                [0.987653, -0.143597, 0.062616, -0.001741, 0.148773, 0.734582, -0.662009, 0.764646, 0.049066, 0.663151, 0.746876, 0.632182, 0.0, 0.0, 0.0, 1.0],
                [0.987653, -0.143597, 0.062616, -0.001741, 0.148773, 0.734582, -0.662009, 0.7654, 0.049066, 0.663151, 0.746876, 0.631003, 0.0, 0.0, 0.0, 1.0],
                [0.987653, -0.143597, 0.062616, -0.001741, 0.148773, 0.734582, -0.662009, 0.765702, 0.049066, 0.663151, 0.746876, 0.630527, 0.0, 0.0, 0.0, 1.0],
                [0.987653, -0.143597, 0.062616, -0.001741, 0.148773, 0.734582, -0.662009, 0.765702, 0.049066, 0.663151, 0.746876, 0.630527, 0.0, 0.0, 0.0, 1.0],
                [0.987653, -0.143597, 0.062616, -0.001741, 0.148773, 0.734582, -0.662009, 0.765702, 0.049066, 0.663151, 0.746876, 0.630527, 0.0, 0.0, 0.0, 1.0],
                [0.987653, -0.143597, 0.062616, -0.001741, 0.148773, 0.734582, -0.662009, 0.765702, 0.049066, 0.663151, 0.746876, 0.630527, 0.0, 0.0, 0.0, 1.0],
                [0.987653, -0.143597, 0.062616, -0.001741, 0.148773, 0.734582, -0.662009, 0.765702, 0.049066, 0.663151, 0.746876, 0.630527, 0.0, 0.0, 0.0, 1.0],
                [0.987653, -0.143597, 0.062616, -0.001741, 0.148773, 0.734582, -0.662009, 0.765702, 0.049066, 0.663151, 0.746876, 0.630527, 0.0, 0.0, 0.0, 1.0],
                [0.987816, -0.142781, 0.061908, -0.001665, 0.147628, 0.733851, -0.663075, 0.76664, 0.049243, 0.664136, 0.745988, 0.630734, 0.0, 0.0, 0.0, 1.0],
                [0.988287, -0.140392, 0.059824, -0.001443, 0.144268, 0.731692, -0.666193, 0.76938, 0.049755, 0.667021, 0.743376, 0.631335, 0.0, 0.0, 0.0, 1.0],
                [0.98903, -0.136519, 0.056412, -0.001083, 0.138793, 0.72814, -0.671229, 0.773808, 0.05056, 0.671695, 0.7391, 0.6323, 0.0, 0.0, 0.0, 1.0],
                [0.989999, -0.131258, 0.051707, -0.000591, 0.131299, 0.723207, -0.678036, 0.779811, 0.051603, 0.678044, 0.733208, 0.6336, 0.0, 0.0, 0.0, 1.0],
                [0.991139, -0.124707, 0.045736, 2.3e-05, 0.121877, 0.716887, -0.686454, 0.787275, 0.052818, 0.685945, 0.725734, 0.635203, 0.0, 0.0, 0.0, 1.0],
                [0.992388, -0.116971, 0.03852, 0.000753, 0.110616, 0.709166, -0.69631, 0.796086, 0.054131, 0.695271, 0.716706, 0.637082, 0.0, 0.0, 0.0, 1.0],
                [0.993679, -0.108159, 0.030074, 0.001591, 0.097606, 0.700018, -0.707424, 0.806131, 0.055462, 0.705887, 0.70615, 0.639205, 0.0, 0.0, 0.0, 1.0],
                [0.994939, -0.098386, 0.020415, 0.002529, 0.082939, 0.689416, -0.719602, 0.817296, 0.056724, 0.717653, 0.694087, 0.641543, 0.0, 0.0, 0.0, 1.0],
                [0.996095, -0.08777, 0.009561, 0.003559, 0.066715, 0.677333, -0.732646, 0.829469, 0.057828, 0.730422, 0.680543, 0.644066, 0.0, 0.0, 0.0, 1.0],
                [0.997071, -0.076437, -0.002465, 0.004674, 0.049038, 0.663747, -0.746348, 0.842535, 0.058685, 0.744041, 0.665551, 0.646743, 0.0, 0.0, 0.0, 1.0],
                [0.997794, -0.064515, -0.015635, 0.005866, 0.030023, 0.648645, -0.760499, 0.85638, 0.059205, 0.758352, 0.649151, 0.649546, 0.0, 0.0, 0.0, 1.0],
                [0.998192, -0.052137, -0.029909, 0.007127, 0.009793, 0.632025, -0.774886, 0.870893, 0.059303, 0.773192, 0.631393, 0.652444, 0.0, 0.0, 0.0, 1.0],
                [0.998197, -0.039438, -0.045239, 0.00845, -0.011517, 0.613903, -0.789298, 0.885958, 0.0589, 0.788396, 0.612342, 0.655408, 0.0, 0.0, 0.0, 1.0],
                [0.99775, -0.026555, -0.061563, 0.009827, -0.033762, 0.59431, -0.803527, 0.901462, 0.057925, 0.803798, 0.592076, 0.658407, 0.0, 0.0, 0.0, 1.0],
                [0.996797, -0.013622, -0.078808, 0.01125, -0.056788, 0.5733, -0.817375, 0.917293, 0.056315, 0.819232, 0.57069, 0.661411, 0.0, 0.0, 0.0, 1.0],
                [0.995295, -0.000774, -0.096887, 0.012711, -0.080432, 0.550949, -0.830654, 0.933343, 0.054022, 0.834539, 0.548294, 0.664395, 0.0, 0.0, 0.0, 1.0],
                [0.993214, 0.011864, -0.115698, 0.014203, -0.104522, 0.527354, -0.843192, 0.949538, 0.05101, 0.849563, 0.525015, 0.667347, 0.0, 0.0, 0.0, 1.0],
                [0.990533, 0.02417, -0.13513, 0.015719, -0.128883, 0.502637, -0.854836, 0.965809, 0.04726, 0.86416, 0.500994, 0.670259, 0.0, 0.0, 0.0, 1.0],
                [0.987248, 0.036035, -0.155058, 0.017249, -0.153338, 0.47694, -0.865457, 0.982088, 0.042767, 0.878197, 0.476384, 0.673125, 0.0, 0.0, 0.0, 1.0],
                [0.983367, 0.047359, -0.175348, 0.018788, -0.177708, 0.450429, -0.874948, 0.998307, 0.037545, 0.891555, 0.451353, 0.675935, 0.0, 0.0, 0.0, 1.0],
                [0.978912, 0.058056, -0.195859, 0.020326, -0.201819, 0.423283, -0.883233, 1.014399, 0.031627, 0.904135, 0.426074, 0.678683, 0.0, 0.0, 0.0, 1.0],
                [0.97392, 0.068057, -0.216443, 0.021857, -0.225503, 0.395702, -0.890263, 1.030295, 0.025058, 0.915854, 0.400729, 0.68136, 0.0, 0.0, 0.0, 1.0],
                [0.968441, 0.077308, -0.236952, 0.023372, -0.248601, 0.367893, -0.89602, 1.045926, 0.017904, 0.926649, 0.375501, 0.68396, 0.0, 0.0, 0.0, 1.0],
                [0.962535, 0.085771, -0.257236, 0.024864, -0.270965, 0.340073, -0.900515, 1.061226, 0.010241, 0.936479, 0.350573, 0.686474, 0.0, 0.0, 0.0, 1.0],
                [0.956275, 0.093425, -0.277146, 0.026325, -0.292461, 0.312466, -0.903787, 1.076126, 0.002162, 0.945323, 0.326127, 0.688896, 0.0, 0.0, 0.0, 1.0],
                [0.949743, 0.100267, -0.296538, 0.027748, -0.312969, 0.285294, -0.905902, 1.090557, -0.006232, 0.953181, 0.302337, 0.691216, 0.0, 0.0, 0.0, 1.0],
                [0.943027, 0.106308, -0.315275, 0.029125, -0.332385, 0.258777, -0.906948, 1.104452, -0.014829, 0.960069, 0.279369, 0.693428, 0.0, 0.0, 0.0, 1.0],
                [0.936222, 0.111572, -0.333226, 0.030448, -0.350621, 0.233132, -0.907036, 1.117744, -0.023514, 0.966023, 0.257383, 0.695524, 0.0, 0.0, 0.0, 1.0],
                [0.929426, 0.116096, -0.350269, 0.031709, -0.367604, 0.208566, -0.906293, 1.130363, -0.032163, 0.971093, 0.236525, 0.697496, 0.0, 0.0, 0.0, 1.0],
                [0.922739, 0.119929, -0.366291, 0.032901, -0.383275, 0.18528, -0.90486, 1.142241, -0.040653, 0.97534, 0.216931, 0.699337, 0.0, 0.0, 0.0, 1.0],
                [0.916263, 0.123126, -0.381186, 0.034016, -0.397587, 0.163461, -0.902887, 1.153311, -0.04886, 0.978836, 0.198727, 0.701039, 0.0, 0.0, 0.0, 1.0],
                [0.910096, 0.125748, -0.394858, 0.035046, -0.410506, 0.143289, -0.900529, 1.163506, -0.056661, 0.98166, 0.182027, 0.702594, 0.0, 0.0, 0.0, 1.0],
                [0.904337, 0.127859, -0.407219, 0.035984, -0.422004, 0.124933, -0.897944, 1.172755, -0.063935, 0.983892, 0.166939, 0.703995, 0.0, 0.0, 0.0, 1.0],
                [0.89908, 0.129524, -0.418185, 0.036822, -0.432059, 0.108554, -0.895288, 1.180992, -0.070565, 0.985616, 0.15356, 0.705233, 0.0, 0.0, 0.0, 1.0],
                [0.894418, 0.130806, -0.427676, 0.037552, -0.440652, 0.094302, -0.892711, 1.188148, -0.076441, 0.986913, 0.141985, 0.706303, 0.0, 0.0, 0.0, 1.0],
                [0.890435, 0.131764, -0.435619, 0.038167, -0.447762, 0.082324, -0.890355, 1.194156, -0.081455, 0.987857, 0.132304, 0.707195, 0.0, 0.0, 0.0, 1.0],
                [0.887214, 0.132452, -0.441936, 0.038658, -0.453365, 0.072763, -0.88835, 1.198947, -0.085507, 0.988515, 0.124605, 0.707902, 0.0, 0.0, 0.0, 1.0],
                [0.884831, 0.132912, -0.446552, 0.039019, -0.457429, 0.065758, -0.886812, 1.202454, -0.088504, 0.988944, 0.118982, 0.708416, 0.0, 0.0, 0.0, 1.0],
                [0.883356, 0.133177, -0.449385, 0.03924, -0.459911, 0.06145, -0.885836, 1.204608, -0.090358, 0.989186, 0.115531, 0.708731, 0.0, 0.0, 0.0, 1.0],
                [0.882851, 0.133264, -0.450349, 0.039316, -0.460754, 0.059981, -0.885499, 1.205341, -0.090992, 0.989264, 0.114356, 0.708837, 0.0, 0.0, 0.0, 1.0],
                [0.882851, 0.133264, -0.45035, 0.039316, -0.460754, 0.059981, -0.885499, 1.205341, -0.090992, 0.989264, 0.114356, 0.708837, 0.0, 0.0, 0.0, 1.0],
                [0.882851, 0.133264, -0.450349, 0.039316, -0.460754, 0.059981, -0.885499, 1.205341, -0.090992, 0.989264, 0.114356, 0.708837, 0.0, 0.0, 0.0, 1.0],
                [0.882851, 0.133264, -0.45035, 0.039316, -0.460754, 0.059981, -0.885499, 1.205341, -0.090992, 0.989264, 0.114356, 0.708837, 0.0, 0.0, 0.0, 1.0],
                [0.882851, 0.133264, -0.450349, 0.039316, -0.460754, 0.059981, -0.885499, 1.205341, -0.090992, 0.989264, 0.114356, 0.708837, 0.0, 0.0, 0.0, 1.0],
                [0.882851, 0.133264, -0.45035, 0.039316, -0.460754, 0.059981, -0.885499, 1.205341, -0.090992, 0.989264, 0.114356, 0.708837, 0.0, 0.0, 0.0, 1.0]
            ]
        },
        {
            "name": "Thigh_R",
            "time": [0.0, 0.0167, 0.0333, 0.05, 0.0667, 0.0833, 0.1, 0.1167, 0.1333, 0.15, 0.1667, 0.1833, 0.2, 0.2167, 0.2333, 0.25, 0.2667, 0.2833, 0.3, 0.3167, 0.3333, 0.35, 0.3667, 0.3833, 0.4, 0.4167, 0.4333, 0.45, 0.4667, 0.4833, 0.5, 0.5167, 0.5333, 0.55, 0.5667, 0.5833, 0.6, 0.6167, 0.6333, 0.65, 0.6667, 0.6833, 0.7, 0.7167, 0.7333, 0.75, 0.7667, 0.7833, 0.8, 0.8167, 0.8333, 0.85, 0.8667, 0.8833, 0.9, 0.9167, 0.9333, 0.95, 0.9667, 0.9833, 1.0, 1.0167, 1.0333, 1.05, 1.0667, 1.0833, 1.1, 1.1167, 1.1333, 1.15, 1.1667, 1.1833, 1.2, 1.2167, 1.2333, 1.25, 1.2667, 1.2833, 1.3, 1.3167, 1.3333, 1.35, 1.3667, 1.3833, 1.4, 1.4167, 1.4333, 1.45, 1.4667, 1.4833, 1.5, 1.5167, 1.5333, 1.55, 1.5667, 1.5833, 1.6, 1.6167, 1.6333, 1.65, 1.6667],
            "transform": [
                [0.820115, 0.481546, 0.309069, 0.124994, 0.186479, -0.735583, 0.651263, -0.002831, 0.540959, -0.476474, -0.693062, -1.2e-05, 0.0, 0.0, 0.0, 1.0],
                [0.820888, 0.481168, 0.307602, 0.124994, 0.189697, -0.737778, 0.64784, -0.002831, 0.538663, -0.473452, -0.696911, -1.2e-05, 0.0, 0.0, 0.0, 1.0],
                [0.823048, 0.480127, 0.303426, 0.124994, 0.198938, -0.744082, 0.637781, -0.002831, 0.53199, -0.464561, -0.707933, -1.2e-05, 0.0, 0.0, 0.0, 1.0],
                [0.82629, 0.478629, 0.296913, 0.124994, 0.213549, -0.754007, 0.621183, -0.002831, 0.521191, -0.449872, -0.725241, -1.2e-05, 0.0, 0.0, 0.0, 1.0],
                [0.830239, 0.476949, 0.288481, 0.124994, 0.232838, -0.766972, 0.597946, -0.002831, 0.506447, -0.429268, -0.747824, -1.2e-05, 0.0, 0.0, 0.0, 1.0],
                [0.834487, 0.475381, 0.278645, 0.124994, 0.256071, -0.782322, 0.567801, -0.002831, 0.487913, -0.402469, -0.774571, -1.2e-05, 0.0, 0.0, 0.0, 1.0],
                [0.838619, 0.474205, 0.268043, 0.124994, 0.282474, -0.799328, 0.530358, -0.002831, 0.465754, -0.369053, -0.804284, -1.2e-05, 0.0, 0.0, 0.0, 1.0],
                [0.842239, 0.473627, 0.257507, 0.124994, 0.311246, -0.817208, 0.485073, -0.002831, 0.440181, -0.328399, -0.835701, -1.2e-05, 0.0, 0.0, 0.0, 1.0],
                [0.844998, 0.473695, 0.248172, 0.124994, 0.341563, -0.835152, 0.431107, -0.002831, 0.411475, -0.279518, -0.867501, -1.2e-05, 0.0, 0.0, 0.0, 1.0],
                [0.846614, 0.474139, 0.241734, 0.124994, 0.372607, -0.852378, 0.366898, -0.002831, 0.38001, -0.220549, -0.898305, -1.2e-05, 0.0, 0.0, 0.0, 1.0],
                [0.84689, 0.473851, 0.241331, 0.124994, 0.403587, -0.868254, 0.28853, -0.002831, 0.346257, -0.146955, -0.926558, -1.2e-05, 0.0, 0.0, 0.0, 1.0],
                [0.846713, 0.471148, 0.247174, 0.124994, 0.431727, -0.879924, 0.19835, -0.002831, 0.310947, -0.061234, -0.948453, -1.2e-05, 0.0, 0.0, 0.0, 1.0],
                [0.84698, 0.459953, 0.266584, 0.124994, 0.454906, -0.886539, 0.084296, -0.002831, 0.275109, 0.049873, -0.960119, -1.2e-05, 0.0, 0.0, 0.0, 1.0],
                [0.847627, 0.472804, 0.240798, 0.124994, 0.473367, -0.878862, 0.059356, -0.002831, 0.239692, 0.063673, -0.968759, -1.2e-05, 0.0, 0.0, 0.0, 1.0],
                [0.848643, 0.483316, 0.214962, 0.124994, 0.487392, -0.872385, 0.037296, -0.002831, 0.205555, 0.07312, -0.97591, -1.2e-05, 0.0, 0.0, 0.0, 1.0],
                [0.850047, 0.491382, 0.18964, 0.124994, 0.497323, -0.867371, 0.018269, -0.002831, 0.173465, 0.078782, -0.981684, -1.2e-05, 0.0, 0.0, 0.0, 1.0],
                [0.851862, 0.496972, 0.165374, 0.124994, 0.503556, -0.863958, 0.002442, -0.002831, 0.14409, 0.081195, -0.986228, -1.2e-05, 0.0, 0.0, 0.0, 1.0],
                [0.854106, 0.500907, 0.139982, 0.124994, 0.506535, -0.862201, -0.005362, -0.002831, 0.118007, 0.075485, -0.99014, -1.2e-05, 0.0, 0.0, 0.0, 1.0],
                [0.856771, 0.508983, 0.082937, 0.124994, 0.506734, -0.860774, 0.047811, -0.002831, 0.095726, 0.001064, -0.995407, -1.2e-05, 0.0, 0.0, 0.0, 1.0],
                [0.859826, 0.508388, 0.047302, 0.124994, 0.504636, -0.860253, 0.072821, -0.002831, 0.077713, -0.038744, -0.996222, -1.2e-05, 0.0, 0.0, 0.0, 1.0],
                [0.863219, 0.504457, 0.019361, 0.124994, 0.5007, -0.860422, 0.094719, -0.002831, 0.06444, -0.072069, -0.995316, -1.2e-05, 0.0, 0.0, 0.0, 1.0],
                [0.865787, 0.500381, -0.005446, 0.124994, 0.494701, -0.854216, 0.15995, -0.002831, 0.075384, -0.141176, -0.98711, -1.2e-05, 0.0, 0.0, 0.0, 1.0],
                [0.867649, 0.496625, -0.023436, 0.124994, 0.48407, -0.833081, 0.267675, -0.00283, 0.11341, -0.243593, -0.963224, -1.2e-05, 0.0, 0.0, 0.0, 1.0],
                [0.870399, 0.490903, -0.037665, 0.124994, 0.466308, -0.7974, 0.383025, -0.002831, 0.157994, -0.350947, -0.92297, -1.2e-05, 0.0, 0.0, 0.0, 1.0],
                [0.876121, 0.479088, -0.053704, 0.124994, 0.440171, -0.749526, 0.494428, -0.002831, 0.196622, -0.456817, -0.867558, -1.2e-05, 0.0, 0.0, 0.0, 1.0],
                [0.887259, 0.455087, -0.075283, 0.124994, 0.405273, -0.69115, 0.598385, -0.002831, 0.220285, -0.561431, -0.797665, -1.2e-05, 0.0, 0.0, 0.0, 1.0],
                [0.903668, 0.417073, -0.097124, 0.124994, 0.360576, -0.618717, 0.697978, -0.002831, 0.231016, -0.66576, -0.709503, -1.2e-05, 0.0, 0.0, 0.0, 1.0],
                [0.922774, 0.369654, -0.108829, 0.124994, 0.303372, -0.522765, 0.79667, -0.002831, 0.2376, -0.76816, -0.594538, -1.2e-05, 0.0, 0.0, 0.0, 1.0],
                [0.942905, 0.315842, -0.105707, 0.124994, 0.231341, -0.392746, 0.890074, -0.002831, 0.239607, -0.863708, -0.44339, -1.2e-05, 0.0, 0.0, 0.0, 1.0],
                [0.961118, 0.264013, -0.080916, 0.124994, 0.141736, -0.220188, 0.965106, -0.002831, 0.236984, -0.939048, -0.249047, -1.2e-05, 0.0, 0.0, 0.0, 1.0],
                [0.972553, 0.231193, -0.026251, 0.124994, 0.030686, -0.015609, 0.999407, -0.002831, 0.230646, -0.972781, -0.022275, -1.2e-05, 0.0, 0.0, 0.0, 1.0],
                [0.969701, 0.237825, 0.055845, 0.124994, -0.100999, 0.182145, 0.978071, -0.002831, 0.222438, -0.954075, 0.200647, -1.2e-05, 0.0, 0.0, 0.0, 1.0],
                [0.948333, 0.28025, 0.14874, 0.124994, -0.235945, 0.309511, 0.921159, -0.002831, 0.212119, -0.908658, 0.359643, -1.2e-05, 0.0, 0.0, 0.0, 1.0],
                [0.916121, 0.326452, 0.232705, 0.124994, -0.344746, 0.34522, 0.872912, -0.002831, 0.204629, -0.879915, 0.428807, -1.2e-05, 0.0, 0.0, 0.0, 1.0],
                [0.895095, 0.332119, 0.297489, 0.124994, -0.390855, 0.263394, 0.881962, -0.002831, 0.214561, -0.905713, 0.365574, -1.2e-05, 0.0, 0.0, 0.0, 1.0],
                [0.894141, 0.284727, 0.345603, 0.124994, -0.378846, 0.069559, 0.922843, -0.002831, 0.238719, -0.95608, 0.170064, -1.2e-05, 0.0, 0.0, 0.0, 1.0],
                [0.906368, 0.209205, 0.367056, 0.124994, -0.334368, -0.175868, 0.925888, -0.002831, 0.258254, -0.961925, -0.08945, -1.2e-05, 0.0, 0.0, 0.0, 1.0],
                [0.927658, 0.189759, 0.321624, 0.124994, -0.265864, -0.269202, 0.92566, -0.002831, 0.262235, -0.944202, -0.199277, -1.2e-05, 0.0, 0.0, 0.0, 1.0],
                [0.953165, 0.214708, 0.213017, 0.124994, -0.175578, -0.18067, 0.967746, -0.002831, 0.246269, -0.95982, -0.13451, -1.2e-05, 0.0, 0.0, 0.0, 1.0],
                [0.973846, 0.201607, 0.104777, 0.124994, -0.078758, -0.133025, 0.987978, -0.002831, 0.213122, -0.970389, -0.113668, -1.2e-05, 0.0, 0.0, 0.0, 1.0],
                [0.983384, 0.179961, 0.023854, 0.124994, -0.005457, -0.102036, 0.994766, -0.002831, 0.181453, -0.978365, -0.099359, -1.2e-05, 0.0, 0.0, 0.0, 1.0],
                [0.985645, 0.167774, -0.018861, 0.124994, 0.031495, -0.072962, 0.996837, -0.002831, 0.165868, -0.98312, -0.077199, -1.2e-05, 0.0, 0.0, 0.0, 1.0],
                [0.985319, 0.167768, -0.031625, 0.124994, 0.038972, -0.040683, 0.998413, -0.002831, 0.166215, -0.984985, -0.046624, -1.2e-05, 0.0, 0.0, 0.0, 1.0],
                [0.984325, 0.174066, -0.028365, 0.124994, 0.030558, -0.009933, 0.999484, -0.002831, 0.173694, -0.984682, -0.015096, -1.2e-05, 0.0, 0.0, 0.0, 1.0],
                [0.983223, 0.181312, -0.019958, 0.124994, 0.017776, 0.013656, 0.99975, -0.002831, 0.181539, -0.983329, 0.010204, -1.2e-05, 0.0, 0.0, 0.0, 1.0],
                [0.982646, 0.184842, -0.015476, 0.124994, 0.011155, 0.024397, 0.99964, -0.002831, 0.185153, -0.982463, 0.021911, -1.2e-05, 0.0, 0.0, 0.0, 1.0],
                [0.982601, 0.185013, -0.016253, 0.124994, 0.011259, 0.028011, 0.999544, -0.002831, 0.185385, -0.982334, 0.025441, -1.2e-05, 0.0, 0.0, 0.0, 1.0],
                [0.982538, 0.185255, -0.017341, 0.124994, 0.011409, 0.03304, 0.999389, -0.002831, 0.185715, -0.982133, 0.030349, -1.2e-05, 0.0, 0.0, 0.0, 1.0],
                [0.98247, 0.185501, -0.018455, 0.124994, 0.011565, 0.038158, 0.999205, -0.002831, 0.186058, -0.981901, 0.035344, -1.2e-05, 0.0, 0.0, 0.0, 1.0],
                [0.982418, 0.185692, -0.01932, 0.124994, 0.011687, 0.042112, 0.999044, -0.002831, 0.186329, -0.981703, 0.039201, -1.2e-05, 0.0, 0.0, 0.0, 1.0],
                [0.982396, 0.185769, -0.019668, 0.124994, 0.011737, 0.043698, 0.998976, -0.002831, 0.186439, -0.981619, 0.040749, -1.2e-05, 0.0, 0.0, 0.0, 1.0],
                [0.982397, 0.185766, -0.019673, 0.124994, 0.011734, 0.043739, 0.998974, -0.002831, 0.186436, -0.981618, 0.04079, -1.2e-05, 0.0, 0.0, 0.0, 1.0],
                [0.982399, 0.185756, -0.019685, 0.124994, 0.011724, 0.043862, 0.998969, -0.002831, 0.186429, -0.981614, 0.040912, -1.2e-05, 0.0, 0.0, 0.0, 1.0],
                [0.982401, 0.185741, -0.019706, 0.124994, 0.011707, 0.044062, 0.99896, -0.002831, 0.186416, -0.981608, 0.041112, -1.2e-05, 0.0, 0.0, 0.0, 1.0],
                [0.982404, 0.18572, -0.019734, 0.124994, 0.011685, 0.044337, 0.998948, -0.002831, 0.1864, -0.9816, 0.041387, -1.2e-05, 0.0, 0.0, 0.0, 1.0],
                [0.982409, 0.185693, -0.01977, 0.124994, 0.011657, 0.044681, 0.998933, -0.002831, 0.186379, -0.981589, 0.041731, -1.2e-05, 0.0, 0.0, 0.0, 1.0],
                [0.98258, 0.184788, -0.019739, 0.124994, 0.011966, 0.043084, 0.999, -0.002831, 0.185454, -0.981832, 0.040121, -1.2e-05, 0.0, 0.0, 0.0, 1.0],
                [0.983066, 0.182202, -0.01959, 0.124994, 0.012932, 0.037658, 0.999207, -0.002831, 0.182795, -0.982538, 0.034665, -1.2e-05, 0.0, 0.0, 0.0, 1.0],
                [0.983829, 0.178061, -0.019368, 0.124994, 0.014506, 0.028564, 0.999487, -0.002831, 0.178523, -0.983603, 0.025519, -1.2e-05, 0.0, 0.0, 0.0, 1.0],
                [0.984821, 0.172513, -0.019134, 0.124994, 0.016633, 0.015929, 0.999735, -0.002831, 0.172772, -0.984877, 0.012818, -1.2e-05, 0.0, 0.0, 0.0, 1.0],
                [0.985989, 0.165726, -0.018957, 0.124994, 0.019248, -0.000149, 0.999815, -0.002831, 0.165692, -0.98617, -0.003337, -1.2e-05, 0.0, 0.0, 0.0, 1.0],
                [0.987276, 0.157887, -0.018916, 0.124994, 0.022281, -0.019565, 0.999561, -0.002831, 0.157448, -0.987262, -0.022834, -1.2e-05, 0.0, 0.0, 0.0, 1.0],
                [0.988622, 0.149204, -0.019089, 0.124994, 0.025657, -0.042218, 0.99878, -0.002831, 0.148216, -0.987903, -0.045566, -1.2e-05, 0.0, 0.0, 0.0, 1.0],
                [0.989972, 0.139903, -0.019555, 0.124994, 0.029306, -0.067979, 0.997257, -0.002831, 0.13819, -0.987827, -0.071397, -1.2e-05, 0.0, 0.0, 0.0, 1.0],
                [0.991275, 0.130228, -0.02038, 0.124994, 0.033155, -0.096693, 0.994763, -0.002831, 0.127576, -0.986756, -0.100168, -1.2e-05, 0.0, 0.0, 0.0, 1.0],
                [0.992485, 0.120442, -0.021619, 0.124994, 0.037142, -0.12817, 0.991057, -0.00283, 0.116594, -0.98441, -0.131681, -1.2e-05, 0.0, 0.0, 0.0, 1.0],
                [0.993568, 0.110818, -0.023302, 0.124994, 0.041209, -0.162166, 0.985903, -0.002831, 0.105477, -0.980519, -0.165691, -1.2e-05, 0.0, 0.0, 0.0, 1.0],
                [0.994496, 0.101643, -0.025429, 0.124994, 0.045313, -0.198403, 0.979073, -0.00283, 0.09447, -0.974834, -0.201917, -1.2e-05, 0.0, 0.0, 0.0, 1.0],
                [0.995254, 0.093207, -0.02797, 0.124994, 0.049422, -0.236537, 0.970365, -0.002831, 0.083829, -0.96714, -0.240021, -1.2e-05, 0.0, 0.0, 0.0, 1.0],
                [0.995834, 0.0858, -0.030849, 0.124994, 0.053524, -0.276194, 0.95961, -0.002831, 0.073815, -0.957262, -0.279637, -1.2e-05, 0.0, 0.0, 0.0, 1.0],
                [0.99624, 0.079704, -0.033954, 0.124994, 0.057623, -0.316945, 0.946692, -0.002831, 0.064694, -0.945087, -0.320346, -1.2e-05, 0.0, 0.0, 0.0, 1.0],
                [0.996479, 0.075181, -0.037129, 0.124994, 0.061746, -0.358348, 0.931544, -0.00283, 0.05673, -0.930554, -0.361729, -1.2e-05, 0.0, 0.0, 0.0, 1.0],
                [0.996561, 0.072476, -0.040173, 0.124994, 0.065942, -0.400012, 0.914135, -0.002831, 0.050183, -0.913638, -0.403416, -1.2e-05, 0.0, 0.0, 0.0, 1.0],
                [0.996497, 0.071802, -0.042857, 0.124994, 0.070285, -0.441539, 0.894485, -0.002831, 0.045303, -0.894362, -0.44504, -1.2e-05, 0.0, 0.0, 0.0, 1.0],
                [0.996295, 0.073336, -0.044929, 0.124994, 0.074873, -0.482534, 0.872671, -0.002831, 0.042319, -0.872799, -0.486238, -1.2e-05, 0.0, 0.0, 0.0, 1.0],
                [0.995947, 0.077208, -0.046126, 0.124994, 0.079825, -0.522601, 0.848832, -0.002831, 0.041431, -0.849073, -0.526647, -1.2e-05, 0.0, 0.0, 0.0, 1.0],
                [0.995437, 0.083488, -0.046191, 0.124994, 0.085279, -0.561352, 0.823172, -0.002831, 0.042796, -0.823354, -0.565911, -1.2e-05, 0.0, 0.0, 0.0, 1.0],
                [0.994729, 0.092186, -0.044893, 0.124994, 0.091381, -0.598428, 0.795948, -0.002831, 0.04651, -0.795853, -0.603699, -1.2e-05, 0.0, 0.0, 0.0, 1.0],
                [0.993768, 0.103234, -0.042045, 0.124994, 0.09828, -0.633498, 0.767477, -0.002831, 0.052594, -0.766825, -0.639697, -1.2e-05, 0.0, 0.0, 0.0, 1.0],
                [0.992483, 0.116486, -0.037534, 0.124994, 0.106114, -0.666274, 0.738118, -0.002831, 0.060973, -0.736551, -0.673627, -1.2e-05, 0.0, 0.0, 0.0, 1.0],
                [0.990793, 0.13171, -0.031343, 0.124994, 0.114996, -0.696518, 0.708263, -0.002831, 0.071455, -0.705345, -0.705253, -1.2e-05, 0.0, 0.0, 0.0, 1.0],
                [0.988618, 0.148588, -0.023576, 0.124994, 0.125001, -0.724053, 0.678322, -0.00283, 0.08372, -0.673547, -0.734387, -1.2e-05, 0.0, 0.0, 0.0, 1.0],
                [0.985897, 0.166718, -0.01448, 0.124994, 0.136146, -0.748767, 0.6487, -0.002831, 0.097308, -0.641522, -0.760907, -1.2e-05, 0.0, 0.0, 0.0, 1.0],
                [0.982611, 0.185623, -0.004447, 0.124994, 0.148383, -0.770626, 0.619771, -0.002831, 0.111616, -0.609653, -0.78477, -1.2e-05, 0.0, 0.0, 0.0, 1.0],
                [0.978793, 0.204764, 0.005981, 0.124994, 0.161584, -0.789672, 0.591867, -0.002831, 0.125916, -0.578348, -0.806014, -1.2e-05, 0.0, 0.0, 0.0, 1.0],
                [0.974555, 0.223562, 0.016134, 0.124994, 0.175544, -0.806026, 0.565246, -0.002831, 0.139372, -0.548031, -0.824764, -1.2e-05, 0.0, 0.0, 0.0, 1.0],
                [0.970092, 0.24142, 0.02524, 0.124994, 0.189987, -0.819884, 0.540087, -0.002831, 0.151082, -0.519138, -0.841231, -1.2e-05, 0.0, 0.0, 0.0, 1.0],
                [0.965665, 0.257749, 0.032474, 0.124994, 0.204572, -0.831502, 0.516481, -0.002831, 0.160125, -0.492104, -0.855682, -1.1e-05, 0.0, 0.0, 0.0, 1.0],
                [0.961588, 0.271991, 0.036995, 0.124994, 0.218914, -0.84119, 0.494445, -0.002831, 0.165604, -0.467353, -0.868422, -1.2e-05, 0.0, 0.0, 0.0, 1.0],
                [0.958178, 0.283634, 0.038003, 0.124994, 0.232603, -0.849279, 0.473938, -0.002831, 0.1667, -0.445277, -0.879738, -1.2e-05, 0.0, 0.0, 0.0, 1.0],
                [0.955714, 0.292233, 0.03478, 0.124994, 0.245223, -0.856111, 0.454905, -0.002831, 0.162714, -0.426229, -0.889861, -1.2e-05, 0.0, 0.0, 0.0, 1.0],
                [0.953888, 0.298675, 0.029814, 0.124994, 0.256102, -0.861653, 0.438135, -0.002831, 0.156549, -0.410296, -0.898415, -1.1e-05, 0.0, 0.0, 0.0, 1.0],
                [0.952325, 0.303977, 0.025975, 0.124994, 0.264767, -0.865769, 0.424665, -0.002831, 0.151577, -0.397541, -0.904978, -1.2e-05, 0.0, 0.0, 0.0, 1.0],
                [0.951119, 0.30795, 0.023221, 0.124994, 0.271102, -0.868588, 0.414798, -0.002831, 0.147906, -0.388226, -0.909617, -1.2e-05, 0.0, 0.0, 0.0, 1.0],
                [0.950353, 0.310427, 0.021527, 0.124994, 0.274987, -0.870204, 0.40881, -0.002831, 0.145639, -0.382594, -0.912366, -1.2e-05, 0.0, 0.0, 0.0, 1.0],
                [0.95009, 0.311274, 0.0209, 0.124994, 0.2763, -0.870661, 0.406948, -0.002831, 0.14487, -0.380862, -0.913212, -1.2e-05, 0.0, 0.0, 0.0, 1.0],
                [0.950092, 0.311271, 0.020825, 0.124994, 0.276286, -0.870548, 0.407198, -0.002831, 0.144878, -0.381122, -0.913103, -1.2e-05, 0.0, 0.0, 0.0, 1.0],
                [0.950095, 0.311268, 0.020765, 0.124994, 0.276275, -0.870459, 0.407397, -0.002831, 0.144885, -0.381328, -0.913015, -1.2e-05, 0.0, 0.0, 0.0, 1.0],
                [0.950096, 0.311266, 0.020721, 0.124994, 0.276267, -0.870393, 0.407543, -0.002831, 0.14489, -0.38148, -0.912951, -1.2e-05, 0.0, 0.0, 0.0, 1.0],
                [0.950098, 0.311265, 0.020694, 0.124994, 0.276262, -0.870353, 0.407631, -0.002831, 0.144893, -0.381571, -0.912913, -1.2e-05, 0.0, 0.0, 0.0, 1.0],
                [0.950097, 0.311265, 0.020685, 0.124994, 0.27626, -0.87034, 0.407661, -0.002831, 0.144894, -0.381603, -0.912899, -1.2e-05, 0.0, 0.0, 0.0, 1.0]
            ]
        },
        {
            "name": "Leg_R",
            "time": [0.0, 0.0167, 0.0333, 0.05, 0.0667, 0.0833, 0.1, 0.1167, 0.1333, 0.15, 0.1667, 0.1833, 0.2, 0.2167, 0.2333, 0.25, 0.2667, 0.2833, 0.3, 0.3167, 0.3333, 0.35, 0.3667, 0.3833, 0.4, 0.4167, 0.4333, 0.45, 0.4667, 0.4833, 0.5, 0.5167, 0.5333, 0.55, 0.5667, 0.5833, 0.6, 0.6167, 0.6333, 0.65, 0.6667, 0.6833, 0.7, 0.7167, 0.7333, 0.75, 0.7667, 0.7833, 0.8, 0.8167, 0.8333, 0.85, 0.8667, 0.8833, 0.9, 0.9167, 0.9333, 0.95, 0.9667, 0.9833, 1.0, 1.0167, 1.0333, 1.05, 1.0667, 1.0833, 1.1, 1.1167, 1.1333, 1.15, 1.1667, 1.1833, 1.2, 1.2167, 1.2333, 1.25, 1.2667, 1.2833, 1.3, 1.3167, 1.3333, 1.35, 1.3667, 1.3833, 1.4, 1.4167, 1.4333, 1.45, 1.4667, 1.4833, 1.5, 1.5167, 1.5333, 1.55, 1.5667, 1.5833, 1.6, 1.6167, 1.6333, 1.65, 1.6667],
            "transform": [
                [1.0, -1e-06, 1e-06, 0.0, -0.0, 0.697725, 0.716367, 0.374726, -1e-06, -0.71637, 0.697719, -0.0, 0.0, 0.0, 0.0, 1.0],
                [1.0, -0.0, 0.0, 0.0, -0.0, 0.70091, 0.713252, 0.374726, -1e-06, -0.713255, 0.700903, -0.0, 0.0, 0.0, 0.0, 1.0],
                [1.0, -1e-06, 1e-06, 0.0, 0.0, 0.710131, 0.704071, 0.374726, -1e-06, -0.704074, 0.710126, 0.0, 0.0, 0.0, 0.0, 1.0],
                [1.0, -0.0, 1e-06, 0.0, -0.0, 0.724916, 0.688838, 0.374726, -1e-06, -0.688841, 0.724912, -0.0, 0.0, 0.0, 0.0, 1.0],
                [1.0, -0.0, 1e-06, 0.0, -0.0, 0.744782, 0.667309, 0.374726, -1e-06, -0.667312, 0.744776, 0.0, 0.0, 0.0, 0.0, 1.0],
                [1.0, -0.0, 1e-06, -0.0, -0.0, 0.76926, 0.638938, 0.374726, -1e-06, -0.638941, 0.769253, 0.0, 0.0, 0.0, 0.0, 1.0],
                [1.0, -0.0, 1e-06, 0.0, -0.0, 0.797881, 0.602818, 0.374726, -1e-06, -0.602821, 0.797874, -0.0, 0.0, 0.0, 0.0, 1.0],
                [1.0, -0.0, 1e-06, -0.0, -0.0, 0.830197, 0.557475, 0.374726, -1e-06, -0.557478, 0.830188, -0.0, 0.0, 0.0, 0.0, 1.0],
                [1.0, -0.0, 1e-06, -0.0, -0.0, 0.865766, 0.500455, 0.374726, -1e-06, -0.500458, 0.865758, 0.0, 0.0, 0.0, 0.0, 1.0],
                [1.000001, -0.0, 1e-06, 0.0, 0.0, 0.90416, 0.427202, 0.374726, -1e-06, -0.427205, 0.904152, -0.0, 0.0, 0.0, 0.0, 1.0],
                [1.0, -0.0, 1e-06, 0.0, -0.0, 0.944942, 0.327249, 0.374726, -1e-06, -0.327251, 0.944934, -0.0, 0.0, 0.0, 0.0, 1.0],
                [1.0, -0.0, 1e-06, -0.0, -0.0, 0.980268, 0.197695, 0.374726, -1e-06, -0.197697, 0.980258, 0.0, 0.0, 0.0, 0.0, 1.0],
                [1.0, -0.0, 1e-06, -0.0, 0.0, 0.999994, 0.004681, 0.374726, -1e-06, -0.004681, 0.999983, -0.0, 0.0, 0.0, 0.0, 1.0],
                [1.0, -0.0, 1e-06, 0.0, 0.0, 0.999994, 0.004684, 0.374726, -1e-06, -0.004684, 0.999985, -0.0, 0.0, 0.0, 0.0, 1.0],
                [1.0, -0.0, 1e-06, -0.0, 0.0, 0.999994, 0.004685, 0.374726, -1e-06, -0.004686, 0.999983, -0.0, 0.0, 0.0, 0.0, 1.0],
                [1.0, 0.0, 1e-06, 0.0, 0.0, 0.999995, 0.004685, 0.374726, -1e-06, -0.004685, 0.999983, 0.0, 0.0, 0.0, 0.0, 1.0],
                [1.0, -0.0, 1e-06, -0.0, 0.0, 0.999994, 0.004683, 0.374726, -1e-06, -0.004683, 0.999984, 0.0, 0.0, 0.0, 0.0, 1.0],
                [1.0, -0.0, 1e-06, -0.0, 0.0, 0.999884, 0.01552, 0.374726, -1e-06, -0.015521, 0.999874, -0.0, 0.0, 0.0, 0.0, 1.0],
                [1.0, -0.0, 1e-06, -0.0, -0.0, 0.987266, 0.159108, 0.374726, -1e-06, -0.159109, 0.987256, -0.0, 0.0, 0.0, 0.0, 1.0],
                [1.0, -0.0, 1e-06, 0.0, -0.0, 0.973603, 0.228268, 0.374726, -1e-06, -0.22827, 0.973593, 0.0, 0.0, 0.0, 0.0, 1.0],
                [1.0, -0.0, 1e-06, -0.0, -0.0, 0.959695, 0.281057, 0.374726, -1e-06, -0.281058, 0.959686, 0.0, 0.0, 0.0, 0.0, 1.0],
                [1.0, -0.0, 1e-06, 0.0, -0.0, 0.917145, 0.39856, 0.374726, -1e-06, -0.398562, 0.917138, 0.0, 0.0, 0.0, 0.0, 1.0],
                [1.0, -0.0, 1e-06, -0.0, -0.0, 0.824235, 0.566249, 0.374726, -1e-06, -0.566252, 0.82423, -0.0, 0.0, 0.0, 0.0, 1.0],
                [1.0, -1e-06, 1e-06, -0.0, -0.0, 0.693027, 0.720913, 0.374726, -1e-06, -0.720916, 0.693021, 0.0, 0.0, 0.0, 0.0, 1.0],
                [1.0, -1e-06, 1e-06, 0.0, -0.0, 0.535801, 0.844344, 0.374726, -1e-06, -0.844346, 0.535798, -0.0, 0.0, 0.0, 0.0, 1.0],
                [1.0, -1e-06, 1e-06, 0.0, -0.0, 0.364036, 0.931384, 0.374726, -1e-06, -0.931386, 0.364034, 0.0, 0.0, 0.0, 0.0, 1.0],
                [1.0, -1e-06, 0.0, -0.0, -0.0, 0.188454, 0.98208, 0.374726, -1e-06, -0.982083, 0.188453, -0.0, 0.0, 0.0, 0.0, 1.0],
                [1.0, -1e-06, 0.0, 0.0, -0.0, 0.020087, 0.999797, 0.374726, -1e-06, -0.999799, 0.020087, -0.0, 0.0, 0.0, 0.0, 1.0],
                [1.0, -1e-06, 0.0, 0.0, -0.0, -0.127573, 0.991828, 0.374726, -1e-06, -0.99183, -0.127573, -0.0, 0.0, 0.0, 0.0, 1.0],
                [1.0, -1e-06, 0.0, -0.0, -0.0, -0.235333, 0.971914, 0.374726, -1e-06, -0.971915, -0.235332, 0.0, 0.0, 0.0, 0.0, 1.0],
                [1.0, -1e-06, 0.0, -0.0, -0.0, -0.273907, 0.961755, 0.374726, -1e-06, -0.961757, -0.273906, -0.0, 0.0, 0.0, 0.0, 1.0],
                [1.0, -1e-06, 0.0, -0.0, -0.0, -0.229802, 0.973236, 0.374726, -1e-06, -0.973238, -0.229801, 0.0, 0.0, 0.0, 0.0, 1.0],
                [1.0, -1e-06, 0.0, 0.0, -0.0, -0.106042, 0.99436, 0.374726, -1e-06, -0.994362, -0.106042, 0.0, 0.0, 0.0, 0.0, 1.0],
                [1.0, -1e-06, 0.0, -0.0, -0.0, 0.068888, 0.997623, 0.374726, -1e-06, -0.997625, 0.068887, -0.0, 0.0, 0.0, 0.0, 1.0],
                [1.0, -1e-06, 1e-06, 0.0, -0.0, 0.315197, 0.949025, 0.374726, -1e-06, -0.949028, 0.315195, 0.0, 0.0, 0.0, 0.0, 1.0],
                [1.0, -1e-06, 1e-06, -0.0, -0.0, 0.628706, 0.777644, 0.374726, -1e-06, -0.777647, 0.6287, -0.0, 0.0, 0.0, 0.0, 1.0],
                [1.0, -0.0, 1e-06, -0.0, -0.0, 0.891747, 0.452541, 0.374726, -1e-06, -0.452544, 0.891738, 0.0, 0.0, 0.0, 0.0, 1.0],
