{
    "animation": [
        {
            "name": "Root",
            "time": [0.0, 0.0167, 0.0333, 0.05, 0.0667, 0.0833, 0.1, 0.1167, 0.1333, 0.15, 0.1667, 0.1833, 0.2, 0.2167, 0.2333, 0.25, 0.2667, 0.2833, 0.3, 0.3167, 0.3333, 0.35, 0.3667, 0.3833, 0.4, 0.4167, 0.4333, 0.45, 0.4667, 0.4833, 0.5, 0.5167, 0.5333, 0.55, 0.5667, 0.5833, 0.6, 0.6167, 0.6333, 0.65, 0.6667, 0.6833, 0.7, 0.7167, 0.7333, 0.75, 0.7667, 0.7833, 0.8, 0.8167, 0.8333, 0.85, 0.8667, 0.8833, 0.9, 0.9167, 0.9333, 0.95, 0.9667, 0.9833, 1.0, 1.0167, 1.0333, 1.05, 1.0667, 1.0833, 1.1, 1.1167, 1.1333, 1.15, 1.1667, 1.1833, 1.2, 1.2167, 1.2333, 1.25, 1.2667, 1.2833, 1.3, 1.3167, 1.3333],
            "transform": [
                [1.0, 0.0, 0.0, -5e-06, 0.0, -0.128235, -0.991744, 0.241216, 0.0, 0.991744, -0.128235, 0.877622, 0.0, 0.0, 0.0, 1.0],
                [1.0, 0.0, 0.0, -5e-06, 0.0, -0.131648, -0.991297, 0.242395, 0.0, 0.991297, -0.131648, 0.877838, 0.0, 0.0, 0.0, 1.0],
                [1.0, 0.0, 0.0, -5e-06, 0.0, -0.140528, -0.990077, 0.246701, 0.0, 0.990077, -0.140528, 0.879191, 0.0, 0.0, 0.0, 1.0],
                [1.0, 0.0, 0.0, -5e-06, 0.0, -0.152836, -0.988252, 0.255291, 0.0, 0.988252, -0.152836, 0.882739, 0.0, 0.0, 0.0, 1.0],
                [1.0, 0.0, 0.0, -5e-06, 0.0, -0.166537, -0.986035, 0.269318, 0.0, 0.986035, -0.166537, 0.88954, 0.0, 0.0, 0.0, 1.0],
                [1.0, 0.0, 0.0, -5e-06, 0.0, -0.179609, -0.983738, 0.289939, 0.0, 0.983738, -0.179609, 0.900652, 0.0, 0.0, 0.0, 1.0],
                [1.0, 0.0, 0.0, -5e-06, 0.0, -0.190051, -0.981774, 0.318309, 0.0, 0.981774, -0.190051, 0.917133, 0.0, 0.0, 0.0, 1.0],
                [1.0, 0.0, 0.0, -5e-06, 0.0, -0.197604, -0.980282, 0.355269, 0.0, 0.980282, -0.197604, 0.939546, 0.0, 0.0, 0.0, 1.0],
                [1.0, 0.0, 0.0, -5e-06, 0.0, -0.203478, -0.979079, 0.40041, 0.0, 0.979079, -0.203478, 0.966475, 0.0, 0.0, 0.0, 1.0],
                [1.0, 0.0, 0.0, -5e-06, 0.0, -0.207888, -0.978153, 0.453009, 0.0, 0.978153, -0.207888, 0.996012, 0.0, 0.0, 0.0, 1.0],
                [1.0, 0.0, 0.0, -5e-06, 0.0, -0.211044, -0.977476, 0.512344, 0.0, 0.977476, -0.211044, 1.026244, 0.0, 0.0, 0.0, 1.0],
                [1.0, 0.0, 0.0, -5e-06, 0.0, -0.213159, -0.977017, 0.57769, 0.0, 0.977017, -0.213159, 1.055263, 0.0, 0.0, 0.0, 1.0],
                [1.0, 0.0, 0.0, -5e-06, 0.0, -0.214442, -0.976737, 0.648326, 0.0, 0.976737, -0.214442, 1.081159, 0.0, 0.0, 0.0, 1.0],
                [1.0, 0.0, 0.0, -5e-06, 0.0, -0.2151, -0.976592, 0.723528, 0.0, 0.976592, -0.2151, 1.10202, 0.0, 0.0, 0.0, 1.0],
                [1.0, 0.0, 0.0, -5e-06, 0.0, -0.215343, -0.976539, 0.802573, 0.0, 0.976539, -0.215343, 1.115938, 0.0, 0.0, 0.0, 1.0],
                [1.0, 0.0, 0.0, -5e-06, 0.0, -0.215377, -0.976531, 0.884739, 0.0, 0.976531, -0.215377, 1.121002, 0.0, 0.0, 0.0, 1.0],
                [1.0, 0.0, 0.0, -5e-06, 0.0, -0.204454, -0.978876, 0.969272, 0.0, 0.978876, -0.204454, 1.114594, 0.0, 0.0, 0.0, 1.0],
                [1.0, 0.0, 0.0, -5e-06, 0.0, -0.175229, -0.984528, 1.055292, 0.0, 0.984528, -0.175229, 1.096231, 0.0, 0.0, 0.0, 1.0],
                [1.0, 0.0, 0.0, -5e-06, 0.0, -0.133, -0.991116, 1.141891, 0.0, 0.991116, -0.133, 1.067204, 0.0, 0.0, 0.0, 1.0],
                [1.0, 0.0, 0.0, -5e-06, 0.0, -0.083229, -0.99653, 1.228158, 0.0, 0.99653, -0.083229, 1.028806, 0.0, 0.0, 0.0, 1.0],
                [1.0, 0.0, 0.0, -5e-06, 0.0, -0.031607, -0.9995, 1.313184, 0.0, 0.9995, -0.031607, 0.982327, 0.0, 0.0, 0.0, 1.0],
                [1.0, 0.0, 0.0, -5e-06, 0.0, 0.016974, -0.999856, 1.396047, 0.0, 0.999856, 0.016974, 0.929202, 0.0, 0.0, 0.0, 1.0],
                [1.0, 0.0, 0.0, -5e-06, 0.0, 0.061266, -0.998122, 1.475773, 0.0, 0.998122, 0.061266, 0.871432, 0.0, 0.0, 0.0, 1.0],
                [1.0, 0.0, 0.0, -5e-06, 0.0, 0.100985, -0.994888, 1.551376, 0.0, 0.994888, 0.100985, 0.81116, 0.0, 0.0, 0.0, 1.0],
                [1.0, 0.0, 0.0, -5e-06, 0.0, 0.135907, -0.990721, 1.621868, 0.0, 0.990721, 0.135907, 0.750529, 0.0, 0.0, 0.0, 1.0],
                [1.0, 0.0, 0.0, -5e-06, 0.0, 0.165852, -0.986151, 1.686264, 0.0, 0.986151, 0.165852, 0.691683, 0.0, 0.0, 0.0, 1.0],
                [1.0, 0.0, 0.0, -5e-06, 0.0, 0.190666, -0.981655, 1.743578, 0.0, 0.981655, 0.190666, 0.636765, 0.0, 0.0, 0.0, 1.0],
                [1.0, 0.0, 0.0, -5e-06, 0.0, 0.210216, -0.977655, 1.792822, 0.0, 0.977655, 0.210216, 0.587919, 0.0, 0.0, 0.0, 1.0],
                [1.0, 0.0, 0.0, -5e-06, 0.0, 0.224369, -0.974504, 1.83301, 0.0, 0.974504, 0.224369, 0.547288, 0.0, 0.0, 0.0, 1.0],
                [1.0, 0.0, 0.0, -5e-06, 0.0, 0.232982, -0.972481, 1.863156, 0.0, 0.972481, 0.232982, 0.517014, 0.0, 0.0, 0.0, 1.0],
                [1.0, 0.0, 0.0, -5e-06, 0.0, 0.235894, -0.971779, 1.882273, 0.0, 0.971779, 0.235894, 0.499242, 0.0, 0.0, 0.0, 1.0],
                [1.0, 0.0, 0.0, -5e-06, 0.0, 0.235894, -0.971779, 1.893558, 0.0, 0.971779, 0.235894, 0.489905, 0.0, 0.0, 0.0, 1.0],
                [1.0, 0.0, 0.0, -5e-06, 0.0, 0.235894, -0.971779, 1.901346, 0.0, 0.971779, 0.235894, 0.483215, 0.0, 0.0, 0.0, 1.0],
                [1.0, 0.0, 0.0, -5e-06, 0.0, 0.235894, -0.971779, 1.906364, 0.0, 0.971779, 0.235894, 0.478731, 0.0, 0.0, 0.0, 1.0],
                [1.0, 0.0, 0.0, -5e-06, 0.0, 0.235894, -0.971779, 1.909337, 0.0, 0.971779, 0.235894, 0.476011, 0.0, 0.0, 0.0, 1.0],
                [1.0, 0.0, 0.0, -5e-06, 0.0, 0.235894, -0.971779, 1.910991, 0.0, 0.971779, 0.235894, 0.474614, 0.0, 0.0, 0.0, 1.0],
                [1.0, 0.0, 0.0, -5e-06, 0.0, 0.235894, -0.971779, 1.912053, 0.0, 0.971779, 0.235894, 0.474099, 0.0, 0.0, 0.0, 1.0],
                [1.0, 0.0, 0.0, -5e-06, 0.0, 0.235894, -0.971779, 1.913247, 0.0, 0.971779, 0.235894, 0.474026, 0.0, 0.0, 0.0, 1.0],
                [1.0, 0.0, 0.0, -5e-06, 0.0, 0.235894, -0.971779, 1.915136, 0.0, 0.971779, 0.235894, 0.476841, 0.0, 0.0, 0.0, 1.0],
                [1.0, 0.0, 0.0, -5e-06, 0.0, 0.235894, -0.971779, 1.917631, 0.0, 0.971779, 0.235894, 0.483862, 0.0, 0.0, 0.0, 1.0],
                [1.0, 0.0, 0.0, -5e-06, 0.0, 0.235894, -0.971779, 1.920478, 0.0, 0.971779, 0.235894, 0.492953, 0.0, 0.0, 0.0, 1.0],
                [1.0, 0.000315, -0.000835, -0.000175, -0.000886, 0.235641, -0.97184, 1.923463, -0.000109, 0.97184, 0.235641, 0.502332, 0.0, 0.0, 0.0, 1.0],
                [0.999994, 0.001236, -0.003285, -0.000676, -0.003484, 0.234898, -0.972014, 1.926539, -0.00043, 0.972019, 0.234901, 0.511635, 0.0, 0.0, 0.0, 1.0],
                [0.99997, 0.00273, -0.007268, -0.001489, -0.007705, 0.233685, -0.972282, 1.929695, -0.000956, 0.972308, 0.233699, 0.520854, 0.0, 0.0, 0.0, 1.0],
                [0.999908, 0.004759, -0.012703, -0.002596, -0.01346, 0.232021, -0.972618, 1.932924, -0.001681, 0.972699, 0.232063, 0.529981, 0.0, 0.0, 0.0, 1.0],
                [0.999783, 0.007285, -0.019509, -0.003982, -0.020662, 0.22992, -0.97299, 1.936217, -0.002603, 0.973182, 0.23002, 0.539007, 0.0, 0.0, 0.0, 1.0],
                [0.999566, 0.01027, -0.027609, -0.005628, -0.029221, 0.227397, -0.973364, 1.939565, -0.003718, 0.973748, 0.227598, 0.547924, 0.0, 0.0, 0.0, 1.0],
                [0.999225, 0.013673, -0.03692, -0.007517, -0.039048, 0.224465, -0.973699, 1.942961, -0.005026, 0.974386, 0.224825, 0.556723, 0.0, 0.0, 0.0, 1.0],
                [0.998725, 0.017453, -0.047363, -0.009631, -0.050053, 0.221137, -0.973957, 1.946394, -0.006525, 0.975087, 0.221729, 0.565397, 0.0, 0.0, 0.0, 1.0],
                [0.998033, 0.021569, -0.058856, -0.011954, -0.062144, 0.217427, -0.974096, 1.949857, -0.008213, 0.975838, 0.218339, 0.573936, 0.0, 0.0, 0.0, 1.0],
                [0.997115, 0.025979, -0.071316, -0.014468, -0.075227, 0.213347, -0.974076, 1.953341, -0.010091, 0.976631, 0.214686, 0.582332, 0.0, 0.0, 0.0, 1.0],
                [0.995939, 0.030641, -0.084658, -0.017155, -0.089209, 0.208913, -0.973857, 1.956837, -0.012154, 0.977454, 0.210798, 0.590577, 0.0, 0.0, 0.0, 1.0],
                [0.994474, 0.035513, -0.098796, -0.019999, -0.103992, 0.204141, -0.973402, 1.960337, -0.0144, 0.978297, 0.206706, 0.598663, 0.0, 0.0, 0.0, 1.0],
                [0.992694, 0.040553, -0.113639, -0.022981, -0.119479, 0.199048, -0.972679, 1.963832, -0.016826, 0.97915, 0.202439, 0.60658, 0.0, 0.0, 0.0, 1.0],
                [0.990577, 0.045721, -0.129098, -0.026085, -0.135571, 0.193655, -0.971657, 1.967314, -0.019424, 0.980004, 0.198029, 0.614321, 0.0, 0.0, 0.0, 1.0],
                [0.988106, 0.050975, -0.145081, -0.029293, -0.152167, 0.187984, -0.970313, 1.970775, -0.022189, 0.980848, 0.193504, 0.621877, 0.0, 0.0, 0.0, 1.0],
                [0.985268, 0.056277, -0.161494, -0.032587, -0.169165, 0.182058, -0.968627, 1.974204, -0.02511, 0.981676, 0.188896, 0.62924, 0.0, 0.0, 0.0, 1.0],
                [0.982057, 0.06159, -0.178241, -0.035952, -0.186465, 0.175905, -0.966586, 1.977595, -0.028178, 0.982479, 0.184233, 0.636401, 0.0, 0.0, 0.0, 1.0],
                [0.978475, 0.066876, -0.195227, -0.039368, -0.203964, 0.169553, -0.964184, 1.980937, -0.03138, 0.983249, 0.179544, 0.643353, 0.0, 0.0, 0.0, 1.0],
                [0.974529, 0.072103, -0.212355, -0.042819, -0.221562, 0.163035, -0.961421, 1.984224, -0.0347, 0.983982, 0.174858, 0.650085, 0.0, 0.0, 0.0, 1.0],
                [0.970232, 0.077238, -0.22953, -0.046287, -0.239157, 0.156385, -0.958305, 1.987446, -0.038123, 0.984672, 0.170202, 0.656591, 0.0, 0.0, 0.0, 1.0],
                [0.965607, 0.082252, -0.246654, -0.049755, -0.256653, 0.149638, -0.95485, 1.990594, -0.04163, 0.985314, 0.165602, 0.662861, 0.0, 0.0, 0.0, 1.0],
                [0.960681, 0.087119, -0.263634, -0.053206, -0.273952, 0.142833, -0.951078, 1.99366, -0.045201, 0.985905, 0.161083, 0.668888, 0.0, 0.0, 0.0, 1.0],
                [0.955489, 0.091813, -0.280377, -0.056623, -0.29096, 0.136009, -0.947018, 1.996636, -0.048814, 0.986444, 0.156669, 0.674662, 0.0, 0.0, 0.0, 1.0],
                [0.950073, 0.096313, -0.296791, -0.059987, -0.307588, 0.129209, -0.942706, 1.999512, -0.052447, 0.986929, 0.152383, 0.680176, 0.0, 0.0, 0.0, 1.0],
                [0.944481, 0.100601, -0.312787, -0.063281, -0.323747, 0.122476, -0.938183, 2.002281, -0.056073, 0.98736, 0.148245, 0.685421, 0.0, 0.0, 0.0, 1.0],
                [0.938764, 0.104661, -0.328279, -0.066489, -0.339354, 0.115853, -0.933497, 2.004933, -0.059668, 0.987737, 0.144275, 0.690389, 0.0, 0.0, 0.0, 1.0],
                [0.932983, 0.108479, -0.343185, -0.069593, -0.354328, 0.109385, -0.928702, 2.00746, -0.063205, 0.988062, 0.140491, 0.69507, 0.0, 0.0, 0.0, 1.0],
                [0.927198, 0.112044, -0.357423, -0.072576, -0.368594, 0.103118, -0.923853, 2.009854, -0.066656, 0.988338, 0.136909, 0.699458, 0.0, 0.0, 0.0, 1.0],
                [0.921475, 0.115348, -0.370916, -0.075419, -0.38208, 0.097097, -0.919014, 2.012105, -0.069992, 0.988568, 0.133545, 0.703542, 0.0, 0.0, 0.0, 1.0],
                [0.915884, 0.118385, -0.383591, -0.078106, -0.394716, 0.091369, -0.914249, 2.014206, -0.073185, 0.988755, 0.130411, 0.707316, 0.0, 0.0, 0.0, 1.0],
                [0.910495, 0.121149, -0.395375, -0.08062, -0.406437, 0.085978, -0.909625, 2.016148, -0.076206, 0.988904, 0.127522, 0.71077, 0.0, 0.0, 0.0, 1.0],
                [0.905382, 0.123637, -0.4062, -0.082943, -0.41718, 0.080971, -0.90521, 2.017921, -0.079027, 0.989018, 0.124888, 0.713897, 0.0, 0.0, 0.0, 1.0],
                [0.900616, 0.125846, -0.415998, -0.085057, -0.426884, 0.076392, -0.901074, 2.019519, -0.081618, 0.989104, 0.122522, 0.716687, 0.0, 0.0, 0.0, 1.0],
                [0.89627, 0.127775, -0.424704, -0.086946, -0.435491, 0.072286, -0.897286, 2.020931, -0.083951, 0.989165, 0.120433, 0.719132, 0.0, 0.0, 0.0, 1.0],
                [0.892417, 0.129421, -0.432253, -0.088592, -0.442941, 0.068697, -0.893915, 2.022149, -0.085997, 0.989207, 0.118632, 0.721224, 0.0, 0.0, 0.0, 1.0],
                [0.889125, 0.130781, -0.438581, -0.089978, -0.449178, 0.065667, -0.891026, 2.023165, -0.087729, 0.989234, 0.11713, 0.722955, 0.0, 0.0, 0.0, 1.0],
                [0.886461, 0.131852, -0.443623, -0.091086, -0.454141, 0.063239, -0.888683, 2.02397, -0.08912, 0.98925, 0.115939, 0.724316, 0.0, 0.0, 0.0, 1.0],
                [0.88449, 0.132629, -0.447311, -0.091899, -0.457768, 0.061456, -0.886945, 2.024556, -0.090145, 0.989259, 0.11507, 0.725298, 0.0, 0.0, 0.0, 1.0],
                [0.883269, 0.133103, -0.449577, -0.092399, -0.459995, 0.060356, -0.885868, 2.024914, -0.090777, 0.989263, 0.114537, 0.725894, 0.0, 0.0, 0.0, 1.0],
                [0.882851, 0.133264, -0.450349, -0.09257, -0.460754, 0.059981, -0.885499, 2.025035, -0.090992, 0.989264, 0.114356, 0.726094, 0.0, 0.0, 0.0, 1.0]
            ]
        },
        {
            "name": "Thigh_R",
            "time": [0.0, 0.0167, 0.0333, 0.05, 0.0667, 0.0833, 0.1, 0.1167, 0.1333, 0.15, 0.1667, 0.1833, 0.2, 0.2167, 0.2333, 0.25, 0.2667, 0.2833, 0.3, 0.3167, 0.3333, 0.35, 0.3667, 0.3833, 0.4, 0.4167, 0.4333, 0.45, 0.4667, 0.4833, 0.5, 0.5167, 0.5333, 0.55, 0.5667, 0.5833, 0.6, 0.6167, 0.6333, 0.65, 0.6667, 0.6833, 0.7, 0.7167, 0.7333, 0.75, 0.7667, 0.7833, 0.8, 0.8167, 0.8333, 0.85, 0.8667, 0.8833, 0.9, 0.9167, 0.9333, 0.95, 0.9667, 0.9833, 1.0, 1.0167, 1.0333, 1.05, 1.0667, 1.0833, 1.1, 1.1167, 1.1333, 1.15, 1.1667, 1.1833, 1.2, 1.2167, 1.2333, 1.25, 1.2667, 1.2833, 1.3, 1.3167, 1.3333],
            "transform": [
                [0.963889, 0.263063, 0.041412, 0.124994, 0.087136, -0.458501, 0.884412, -0.002831, 0.251643, -0.848865, -0.464868, -1.2e-05, 0.0, 0.0, 0.0, 1.0],
                [0.96832, 0.248675, 0.022703, 0.124994, 0.091182, -0.436761, 0.894945, -0.002831, 0.232467, -0.864522, -0.4456, -1.2e-05, 0.0, 0.0, 0.0, 1.0],
                [0.976071, 0.216786, -0.017005, 0.124994, 0.100641, -0.38104, 0.919065, -0.002831, 0.192761, -0.898782, -0.39374, -1.2e-05, 0.0, 0.0, 0.0, 1.0],
                [0.981677, 0.18172, -0.057337, 0.124994, 0.111957, -0.306564, 0.945243, -0.002831, 0.154192, -0.934341, -0.321293, -1.2e-05, 0.0, 0.0, 0.0, 1.0],
                [0.984537, 0.151572, -0.087817, 0.124994, 0.121899, -0.232777, 0.96486, -0.002831, 0.125804, -0.960644, -0.247655, -1.2e-05, 0.0, 0.0, 0.0, 1.0],
                [0.98593, 0.130962, -0.103875, 0.124994, 0.12702, -0.183011, 0.974871, -0.002831, 0.108661, -0.974347, -0.197071, -1.2e-05, 0.0, 0.0, 0.0, 1.0],
                [0.987012, 0.12392, -0.102229, 0.124994, 0.12367, -0.179971, 0.975867, -0.002831, 0.102531, -0.975834, -0.192959, -1.2e-05, 0.0, 0.0, 0.0, 1.0],
                [0.987924, 0.128257, -0.086929, 0.124994, 0.1136, -0.218058, 0.969302, -0.002831, 0.105365, -0.96747, -0.229995, -1.2e-05, 0.0, 0.0, 0.0, 1.0],
                [0.988294, 0.137649, -0.06579, 0.124994, 0.101762, -0.273474, 0.956481, -0.002831, 0.113667, -0.951977, -0.28428, -1.2e-05, 0.0, 0.0, 0.0, 1.0],
                [0.987817, 0.150461, -0.03972, 0.124994, 0.089287, -0.338947, 0.936559, -0.002831, 0.127453, -0.928694, -0.348252, -1.2e-05, 0.0, 0.0, 0.0, 1.0],
                [0.98617, 0.165456, -0.009582, 0.124994, 0.077318, -0.408162, 0.909629, -0.00283, 0.146593, -0.897789, -0.415311, -1.2e-05, 0.0, 0.0, 0.0, 1.0],
                [0.983063, 0.181762, 0.023426, 0.124994, 0.067035, -0.475605, 0.877101, -0.002831, 0.170565, -0.860674, -0.479735, -1.2e-05, 0.0, 0.0, 0.0, 1.0],
                [0.978351, 0.198844, 0.057356, 0.124994, 0.059698, -0.536532, 0.841766, -0.002831, 0.198154, -0.820117, -0.536788, -1.2e-05, 0.0, 0.0, 0.0, 1.0],
                [0.972221, 0.216439, 0.089108, 0.124994, 0.056682, -0.587076, 0.807545, -0.002831, 0.227097, -0.780059, -0.583037, -1.2e-05, 0.0, 0.0, 0.0, 1.0],
                [0.965447, 0.234256, 0.114172, 0.124994, 0.059439, -0.624512, 0.778749, -0.00283, 0.253729, -0.745053, -0.616859, -1.2e-05, 0.0, 0.0, 0.0, 1.0],
                [0.959598, 0.251226, 0.126714, 0.124994, 0.069352, -0.647623, 0.758798, -0.002831, 0.272693, -0.719352, -0.638882, -1.2e-05, 0.0, 0.0, 0.0, 1.0],
                [0.95594, 0.261428, 0.133539, 0.124994, 0.082839, -0.676634, 0.731645, -0.002831, 0.28163, -0.688345, -0.66848, -1.2e-05, 0.0, 0.0, 0.0, 1.0],
                [0.954344, 0.260941, 0.145383, 0.124994, 0.094419, -0.725269, 0.681959, -0.002831, 0.283393, -0.637096, -0.716795, -1.2e-05, 0.0, 0.0, 0.0, 1.0],
                [0.95428, 0.251354, 0.16177, 0.124994, 0.102868, -0.784292, 0.611802, -0.002831, 0.280654, -0.567189, -0.774293, -1.1e-05, 0.0, 0.0, 0.0, 1.0],
                [0.955, 0.234499, 0.181618, 0.124994, 0.108351, -0.845817, 0.522353, -0.002831, 0.276107, -0.479167, -0.833164, -1.2e-05, 0.0, 0.0, 0.0, 1.0],
                [0.955939, 0.211885, 0.203188, 0.124994, 0.112336, -0.90348, 0.413647, -0.002831, 0.271222, -0.372595, -0.887475, -1.2e-05, 0.0, 0.0, 0.0, 1.0],
                [0.956743, 0.184901, 0.224621, 0.124994, 0.116762, -0.951189, 0.285661, -0.002831, 0.266476, -0.247076, -0.931635, -1.2e-05, 0.0, 0.0, 0.0, 1.0],
                [0.957177, 0.155135, 0.244428, 0.124994, 0.122874, -0.98218, 0.142203, -0.002831, 0.262134, -0.106079, -0.959184, -1.2e-05, 0.0, 0.0, 0.0, 1.0],
                [0.957018, 0.128041, 0.260235, 0.124994, 0.131983, -0.991248, 0.002349, -0.002831, 0.258258, 0.032098, -0.965543, -1.2e-05, 0.0, 0.0, 0.0, 1.0],
                [0.955942, 0.13081, 0.2628, 0.124994, 0.145891, -0.988544, -0.038628, -0.002831, 0.254736, 0.075266, -0.964077, -1.2e-05, 0.0, 0.0, 0.0, 1.0],
                [0.953347, 0.165688, 0.252342, 0.124994, 0.167355, -0.985781, 0.015001, -0.002831, 0.25124, 0.027929, -0.967522, -1.2e-05, 0.0, 0.0, 0.0, 1.0],
                [0.948681, 0.196753, 0.247574, 0.124994, 0.194599, -0.980312, 0.033394, -0.002831, 0.249271, 0.016497, -0.968294, -1.2e-05, 0.0, 0.0, 0.0, 1.0],
                [0.942246, 0.217254, 0.254895, 0.124994, 0.222532, -0.974888, 0.008317, -0.002831, 0.250301, 0.048885, -0.966933, -1.2e-05, 0.0, 0.0, 0.0, 1.0],
                [0.934597, 0.231878, 0.269742, 0.124994, 0.249561, -0.967804, -0.032716, -0.002831, 0.253471, 0.097893, -0.962377, -1.2e-05, 0.0, 0.0, 0.0, 1.0],
                [0.926797, 0.241562, 0.287567, 0.124994, 0.273216, -0.959027, -0.07494, -0.002831, 0.257683, 0.148022, -0.954824, -1.2e-05, 0.0, 0.0, 0.0, 1.0],
                [0.920426, 0.246317, 0.303551, 0.124994, 0.29033, -0.95071, -0.10888, -0.002831, 0.261771, 0.188346, -0.946574, -1.2e-05, 0.0, 0.0, 0.0, 1.0],
                [0.915913, 0.248165, 0.315462, 0.124994, 0.301472, -0.944223, -0.132498, -0.002831, 0.264985, 0.216459, -0.939643, -1.2e-05, 0.0, 0.0, 0.0, 1.0],
                [0.912517, 0.249478, 0.324148, 0.124994, 0.309604, -0.939155, -0.148759, -0.002831, 0.267314, 0.236102, -0.934237, -1.2e-05, 0.0, 0.0, 0.0, 1.0],
                [0.910173, 0.25041, 0.329969, 0.124994, 0.315102, -0.935621, -0.159127, -0.002831, 0.268879, 0.248806, -0.930483, -1.2e-05, 0.0, 0.0, 0.0, 1.0],
                [0.908721, 0.250993, 0.333508, 0.124994, 0.318458, -0.933423, -0.165233, -0.002831, 0.269832, 0.256359, -0.928155, -1.2e-05, 0.0, 0.0, 0.0, 1.0],
                [0.907942, 0.251174, 0.33549, 0.124994, 0.320248, -0.932174, -0.168792, -0.002831, 0.270339, 0.260692, -0.926799, -1.2e-05, 0.0, 0.0, 0.0, 1.0],
                [0.907572, 0.250857, 0.336724, 0.124994, 0.321092, -0.931376, -0.171569, -0.002831, 0.270578, 0.26383, -0.925841, -1.2e-05, 0.0, 0.0, 0.0, 1.0],
                [0.907335, 0.249924, 0.338055, 0.124994, 0.321634, -0.930484, -0.175352, -0.002831, 0.270731, 0.267832, -0.924646, -1.2e-05, 0.0, 0.0, 0.0, 1.0],
                [0.907997, 0.245082, 0.339817, 0.124994, 0.320121, -0.929077, -0.185299, -0.002831, 0.270303, 0.277032, -0.922057, -1.2e-05, 0.0, 0.0, 0.0, 1.0],
                [0.909982, 0.234643, 0.34187, 0.124994, 0.315545, -0.92676, -0.203826, -0.002831, 0.269006, 0.293353, -0.917377, -1.2e-05, 0.0, 0.0, 0.0, 1.0],
                [0.912492, 0.220792, 0.344395, 0.124994, 0.309664, -0.922909, -0.22879, -0.002831, 0.267331, 0.315415, -0.91052, -1.2e-05, 0.0, 0.0, 0.0, 1.0],
                [0.914857, 0.207789, 0.346208, 0.124994, 0.3044, -0.91826, -0.25325, -0.002831, 0.265287, 0.337072, -0.90333, -1.2e-05, 0.0, 0.0, 0.0, 1.0],
                [0.916926, 0.198415, 0.346232, 0.124994, 0.300515, -0.914179, -0.271964, -0.002831, 0.262557, 0.353418, -0.897863, -1.2e-05, 0.0, 0.0, 0.0, 1.0],
                [0.918739, 0.192629, 0.34469, 0.124994, 0.297928, -0.911063, -0.284954, -0.002831, 0.259145, 0.364491, -0.894422, -1.1e-05, 0.0, 0.0, 0.0, 1.0],
                [0.920317, 0.190317, 0.341752, 0.124994, 0.296565, -0.909172, -0.292325, -0.002831, 0.255078, 0.370383, -0.89317, -1.2e-05, 0.0, 0.0, 0.0, 1.0],
                [0.921667, 0.191274, 0.337556, 0.124994, 0.29636, -0.908589, -0.294336, -0.002831, 0.250401, 0.371317, -0.894105, -1.2e-05, 0.0, 0.0, 0.0, 1.0],
                [0.922695, 0.198217, 0.330673, 0.124994, 0.297621, -0.911422, -0.284128, -0.002831, 0.245064, 0.360578, -0.899959, -1.2e-05, 0.0, 0.0, 0.0, 1.0],
                [0.923364, 0.212677, 0.319635, 0.124994, 0.300384, -0.918688, -0.256478, -0.00283, 0.239098, 0.332835, -0.91217, -1.2e-05, 0.0, 0.0, 0.0, 1.0],
                [0.923747, 0.231596, 0.305048, 0.124994, 0.304208, -0.927561, -0.216989, -0.002831, 0.232697, 0.293241, -0.927288, -1.2e-05, 0.0, 0.0, 0.0, 1.0],
                [0.923912, 0.252215, 0.287705, 0.124994, 0.308672, -0.935673, -0.170987, -0.002831, 0.226073, 0.246783, -0.942332, -1.2e-05, 0.0, 0.0, 0.0, 1.0],
                [0.923933, 0.272714, 0.268283, 0.124994, 0.313343, -0.941801, -0.121755, -0.002831, 0.219465, 0.196557, -0.955616, -1.2e-05, 0.0, 0.0, 0.0, 1.0],
                [0.923901, 0.291928, 0.247355, 0.124994, 0.317766, -0.945505, -0.071007, -0.002831, 0.213146, 0.144204, -0.96632, -1.1e-05, 0.0, 0.0, 0.0, 1.0],
                [0.923929, 0.309056, 0.225476, 0.124994, 0.321449, -0.946723, -0.019537, -0.002831, 0.207425, 0.09053, -0.974053, -1.2e-05, 0.0, 0.0, 0.0, 1.0],
                [0.924149, 0.323465, 0.203268, 0.124994, 0.323855, -0.945554, 0.032296, -0.002831, 0.202648, 0.035983, -0.978591, -1.2e-05, 0.0, 0.0, 0.0, 1.0],
                [0.924709, 0.33462, 0.181499, 0.124994, 0.324398, -0.942159, 0.084258, -0.002831, 0.199195, -0.019037, -0.979775, -1.2e-05, 0.0, 0.0, 0.0, 1.0],
                [0.925757, 0.342058, 0.161153, 0.124994, 0.322457, -0.936765, 0.135977, -0.002831, 0.197475, -0.073917, -0.977517, -1.1e-05, 0.0, 0.0, 0.0, 1.0],
                [0.927149, 0.346723, 0.14204, 0.124994, 0.318456, -0.92893, 0.18887, -0.002831, 0.197431, -0.129877, -0.971676, -1.2e-05, 0.0, 0.0, 0.0, 1.0],
                [0.928673, 0.349565, 0.123973, 0.124994, 0.313123, -0.918072, 0.243097, -0.002831, 0.198795, -0.186939, -0.962047, -1.2e-05, 0.0, 0.0, 0.0, 1.0],
                [0.93034, 0.350406, 0.108081, 0.124994, 0.306314, -0.904653, 0.296264, -0.002831, 0.201589, -0.242519, -0.948972, -1.2e-05, 0.0, 0.0, 0.0, 1.0],
                [0.932147, 0.349304, 0.095332, 0.124994, 0.29797, -0.889616, 0.346114, -0.002831, 0.205709, -0.294222, -0.933337, -1.2e-05, 0.0, 0.0, 0.0, 1.0],
                [0.934072, 0.346459, 0.086456, 0.124994, 0.288163, -0.874344, 0.390491, -0.00283, 0.210881, -0.339832, -0.916539, -1.2e-05, 0.0, 0.0, 0.0, 1.0],
                [0.936092, 0.342113, 0.081788, 0.124994, 0.277131, -0.860486, 0.427504, -0.002831, 0.216632, -0.377516, -0.900306, -1.2e-05, 0.0, 0.0, 0.0, 1.0],
                [0.938182, 0.336598, 0.080722, 0.124994, 0.26538, -0.849176, 0.456588, -0.002831, 0.222233, -0.40694, -0.886009, -1.2e-05, 0.0, 0.0, 0.0, 1.0],
                [0.940356, 0.330137, 0.082089, 0.124994, 0.253583, -0.841094, 0.477759, -0.002831, 0.226771, -0.428447, -0.874648, -1.2e-05, 0.0, 0.0, 0.0, 1.0],
                [0.942682, 0.322833, 0.084437, 0.124994, 0.242494, -0.836575, 0.49126, -0.002831, 0.229233, -0.442625, -0.866911, -1.2e-05, 0.0, 0.0, 0.0, 1.0],
                [0.94525, 0.314772, 0.086137, 0.124994, 0.232905, -0.835566, 0.497577, -0.002831, 0.228597, -0.450272, -0.863133, -1.2e-05, 0.0, 0.0, 0.0, 1.0],
                [0.94773, 0.306987, 0.086984, 0.124994, 0.225576, -0.837443, 0.497797, -0.002831, 0.225662, -0.452155, -0.862921, -1.1e-05, 0.0, 0.0, 0.0, 1.0],
                [0.949731, 0.300678, 0.087193, 0.124994, 0.221062, -0.8413, 0.493298, -0.002831, 0.22168, -0.449224, -0.865479, -1.2e-05, 0.0, 0.0, 0.0, 1.0],
                [0.951246, 0.296277, 0.08574, 0.124994, 0.219822, -0.84623, 0.485358, -0.002831, 0.216357, -0.442846, -0.870102, -1.2e-05, 0.0, 0.0, 0.0, 1.0],
                [0.952232, 0.294257, 0.081643, 0.124994, 0.222273, -0.851201, 0.475448, -0.002831, 0.209399, -0.434589, -0.875948, -1.2e-05, 0.0, 0.0, 0.0, 1.0],
                [0.952596, 0.295109, 0.073973, 0.124994, 0.228814, -0.855176, 0.465098, -0.002831, 0.200514, -0.426123, -0.882163, -1.2e-05, 0.0, 0.0, 0.0, 1.0],
                [0.952521, 0.297543, 0.064581, 0.124994, 0.237197, -0.858155, 0.455307, -0.002831, 0.190894, -0.41837, -0.887989, -1.2e-05, 0.0, 0.0, 0.0, 1.0],
                [0.952318, 0.299932, 0.05595, 0.124994, 0.244893, -0.860788, 0.446172, -0.002831, 0.181982, -0.411195, -0.893197, -1.2e-05, 0.0, 0.0, 0.0, 1.0],
                [0.952021, 0.302223, 0.048135, 0.124994, 0.251855, -0.863083, 0.437783, -0.002831, 0.173853, -0.404655, -0.897792, -1.2e-05, 0.0, 0.0, 0.0, 1.0],
                [0.951665, 0.304363, 0.041191, 0.124994, 0.25804, -0.865049, 0.430238, -0.002831, 0.166581, -0.398812, -0.901776, -1.2e-05, 0.0, 0.0, 0.0, 1.0],
                [0.951285, 0.3063, 0.035168, 0.124994, 0.263402, -0.866692, 0.423629, -0.002831, 0.160237, -0.393728, -0.905153, -1.2e-05, 0.0, 0.0, 0.0, 1.0],
                [0.950914, 0.307984, 0.030116, 0.124994, 0.267898, -0.868022, 0.41805, -0.002831, 0.154894, -0.389461, -0.907924, -1.2e-05, 0.0, 0.0, 0.0, 1.0],
                [0.950584, 0.309365, 0.026085, 0.124994, 0.27148, -0.869045, 0.413591, -0.002831, 0.15062, -0.386071, -0.910089, -1.2e-05, 0.0, 0.0, 0.0, 1.0],
                [0.950325, 0.310398, 0.023129, 0.124994, 0.2741, -0.869767, 0.410332, -0.002831, 0.147483, -0.383608, -0.911644, -1.1e-05, 0.0, 0.0, 0.0, 1.0],
                [0.950156, 0.311043, 0.021308, 0.124994, 0.275711, -0.870197, 0.408335, -0.002831, 0.145552, -0.382107, -0.912583, -1.2e-05, 0.0, 0.0, 0.0, 1.0],
                [0.950098, 0.311264, 0.020685, 0.124994, 0.27626, -0.870339, 0.407662, -0.002831, 0.144894, -0.381604, -0.912899, -1.2e-05, 0.0, 0.0, 0.0, 1.0]
            ]
        },
        {
            "name": "Leg_R",
            "time": [0.0, 0.0167, 0.0333, 0.05, 0.0667, 0.0833, 0.1, 0.1167, 0.1333, 0.15, 0.1667, 0.1833, 0.2, 0.2167, 0.2333, 0.25, 0.2667, 0.2833, 0.3, 0.3167, 0.3333, 0.35, 0.3667, 0.3833, 0.4, 0.4167, 0.4333, 0.45, 0.4667, 0.4833, 0.5, 0.5167, 0.5333, 0.55, 0.5667, 0.5833, 0.6, 0.6167, 0.6333, 0.65, 0.6667, 0.6833, 0.7, 0.7167, 0.7333, 0.75, 0.7667, 0.7833, 0.8, 0.8167, 0.8333, 0.85, 0.8667, 0.8833, 0.9, 0.9167, 0.9333, 0.95, 0.9667, 0.9833, 1.0, 1.0167, 1.0333, 1.05, 1.0667, 1.0833, 1.1, 1.1167, 1.1333, 1.15, 1.1667, 1.1833, 1.2, 1.2167, 1.2333, 1.25, 1.2667, 1.2833, 1.3, 1.3167, 1.3333],
            "transform": [
                [1.0, -1e-06, 0.0, -0.0, -0.0, -0.123298, 0.992369, 0.374726, -1e-06, -0.992371, -0.123297, 0.0, 0.0, 0.0, 0.0, 1.0],
                [1.0, -1e-06, 0.0, -0.0, -0.0, -0.145467, 0.989362, 0.374726, -1e-06, -0.989364, -0.145466, 0.0, 0.0, 0.0, 0.0, 1.0],
                [1.0, -1e-06, 0.0, -0.0, -0.0, -0.194454, 0.980911, 0.374726, -1e-06, -0.980913, -0.194453, -0.0, 0.0, 0.0, 0.0, 1.0],
                [1.0, -1e-06, 0.0, 0.0, -0.0, -0.244074, 0.969756, 0.374726, -1e-06, -0.969758, -0.244073, 0.0, 0.0, 0.0, 0.0, 1.0],
                [1.0, -1e-06, 0.0, 0.0, -0.0, -0.273244, 0.961943, 0.374726, -1e-06, -0.961946, -0.273242, 0.0, 0.0, 0.0, 0.0, 1.0],
                [1.0, -1e-06, 0.0, 0.0, -0.0, -0.268178, 0.963368, 0.374726, -1e-06, -0.963371, -0.268176, -0.0, 0.0, 0.0, 0.0, 1.0],
                [1.0, -1e-06, 0.0, 0.0, -0.0, -0.219705, 0.975565, 0.374726, -1e-06, -0.975567, -0.219704, -0.0, 0.0, 0.0, 0.0, 1.0],
                [1.0, -1e-06, 0.0, -0.0, -0.0, -0.141327, 0.989962, 0.374726, -1e-06, -0.989964, -0.141327, -0.0, 0.0, 0.0, 0.0, 1.0],
                [1.0, -1e-06, 0.0, 0.0, -0.0, -0.056537, 0.998399, 0.374726, -1e-06, -0.998401, -0.056537, 0.0, 0.0, 0.0, 0.0, 1.0],
                [1.0, -1e-06, 0.0, 0.0, -0.0, 0.029686, 0.999558, 0.374726, -1e-06, -0.99956, 0.029685, 0.0, 0.0, 0.0, 0.0, 1.0],
                [1.0, -1e-06, 0.0, 0.0, -0.0, 0.112179, 0.993687, 0.374726, -1e-06, -0.993689, 0.112178, -0.0, 0.0, 0.0, 0.0, 1.0],
                [1.0, -1e-06, 0.0, 0.0, -0.0, 0.185126, 0.982714, 0.374726, -1e-06, -0.982716, 0.185125, 0.0, 0.0, 0.0, 0.0, 1.0],
                [1.0, -1e-06, 0.0, 0.0, -0.0, 0.241932, 0.970292, 0.374726, -1e-06, -0.970294, 0.241931, -0.0, 0.0, 0.0, 0.0, 1.0],
                [1.0, -1e-06, 0.0, 0.0, -0.0, 0.275387, 0.961333, 0.374726, -1e-06, -0.961335, 0.275385, 0.0, 0.0, 0.0, 0.0, 1.0],
                [1.0, -1e-06, 0.0, -0.0, -0.0, 0.278158, 0.960535, 0.374726, -1e-06, -0.960537, 0.278156, -0.0, 0.0, 0.0, 0.0, 1.0],
                [1.0, -1e-06, 0.0, -0.0, -0.0, 0.243581, 0.96988, 0.374726, -1e-06, -0.969881, 0.24358, 0.0, 0.0, 0.0, 0.0, 1.0],
                [1.0, -1e-06, 0.0, -0.0, -0.0, 0.222931, 0.974833, 0.374726, -1e-06, -0.974835, 0.22293, -0.0, 0.0, 0.0, 0.0, 1.0],
                [1.0, -1e-06, 0.0, -0.0, -0.0, 0.26375, 0.96459, 0.374726, -1e-06, -0.964592, 0.263749, -0.0, 0.0, 0.0, 0.0, 1.0],
                [1.0, -1e-06, 1e-06, -0.0, -0.0, 0.355545, 0.934658, 0.374726, -1e-06, -0.93466, 0.355543, 0.0, 0.0, 0.0, 0.0, 1.0],
                [1.0, -1e-06, 1e-06, -0.0, -0.0, 0.485316, 0.874338, 0.374726, -1e-06, -0.874341, 0.485313, -0.0, 0.0, 0.0, 0.0, 1.0],
                [1.0, -1e-06, 1e-06, 0.0, -0.0, 0.63507, 0.772455, 0.374726, -1e-06, -0.772458, 0.635066, 0.0, 0.0, 0.0, 0.0, 1.0],
                [1.0, -0.0, 1e-06, -0.0, -0.0, 0.781959, 0.623332, 0.374726, -1e-06, -0.623335, 0.781953, -0.0, 0.0, 0.0, 0.0, 1.0],
                [1.0, -0.0, 1e-06, 0.0, -0.0, 0.901871, 0.432012, 0.374726, -1e-06, -0.432014, 0.901863, -0.0, 0.0, 0.0, 0.0, 1.0],
                [1.0, -0.0, 1e-06, 0.0, -0.0, 0.970391, 0.241557, 0.374726, -1e-06, -0.241558, 0.970382, -0.0, 0.0, 0.0, 0.0, 1.0],
                [1.0, -0.0, 1e-06, 0.0, -0.0, 0.966186, 0.257866, 0.374726, -1e-06, -0.257868, 0.966176, -0.0, 0.0, 0.0, 0.0, 1.0],
                [1.0, -0.0, 1e-06, 0.0, -0.0, 0.87654, 0.481334, 0.374726, -1e-06, -0.481337, 0.876531, 0.0, 0.0, 0.0, 0.0, 1.0],
                [1.0, -0.0, 1e-06, -0.0, -0.0, 0.76837, 0.640009, 0.374726, -1e-06, -0.640012, 0.768363, 0.0, 0.0, 0.0, 0.0, 1.0],
                [1.0, -1e-06, 1e-06, -0.0, -0.0, 0.704687, 0.70952, 0.374726, -1e-06, -0.709523, 0.70468, 0.0, 0.0, 0.0, 0.0, 1.0],
                [1.0, -1e-06, 1e-06, -0.0, -0.0, 0.675278, 0.737564, 0.374726, -1e-06, -0.737567, 0.675273, 0.0, 0.0, 0.0, 0.0, 1.0],
                [1.0, -1e-06, 1e-06, 0.0, -0.0, 0.669174, 0.743106, 0.374726, -1e-06, -0.743109, 0.669168, 0.0, 0.0, 0.0, 0.0, 1.0],
                [1.0, -1e-06, 1e-06, -0.0, -0.0, 0.676725, 0.736237, 0.374726, -1e-06, -0.73624, 0.67672, 0.0, 0.0, 0.0, 0.0, 1.0],
                [1.0, -1e-06, 1e-06, 0.0, -0.0, 0.687182, 0.726486, 0.374726, -1e-06, -0.726489, 0.687177, -0.0, 0.0, 0.0, 0.0, 1.0],
                [1.0, -1e-06, 1e-06, 0.0, -0.0, 0.694508, 0.719487, 0.374726, -1e-06, -0.719489, 0.694502, 0.0, 0.0, 0.0, 0.0, 1.0],
                [1.0, -1e-06, 1e-06, -0.0, -0.0, 0.699078, 0.715047, 0.374726, -1e-06, -0.71505, 0.699072, 0.0, 0.0, 0.0, 0.0, 1.0],
                [1.0, -1e-06, 1e-06, -0.0, -0.0, 0.701743, 0.712432, 0.374726, -1e-06, -0.712435, 0.701737, -0.0, 0.0, 0.0, 0.0, 1.0],
                [1.0, -1e-06, 1e-06, -0.0, -0.0, 0.703637, 0.710561, 0.374726, -1e-06, -0.710564, 0.703633, -0.0, 0.0, 0.0, 0.0, 1.0],
                [1.0, -1e-06, 1e-06, -0.0, -0.0, 0.706056, 0.708157, 0.374726, -1e-06, -0.70816, 0.706051, 0.0, 0.0, 0.0, 0.0, 1.0],
                [1.0, -0.0, 1e-06, -0.0, -0.0, 0.71036, 0.70384, 0.374726, -1e-06, -0.703843, 0.710354, 0.0, 0.0, 0.0, 0.0, 1.0],
                [1.0, -1e-06, 1e-06, 0.0, -0.0, 0.726327, 0.687351, 0.374726, -1e-06, -0.687354, 0.726321, -0.0, 0.0, 0.0, 0.0, 1.0],
                [1.0, -1e-06, 1e-06, 0.0, -0.0, 0.757992, 0.652266, 0.374726, -1e-06, -0.652268, 0.757987, 0.0, 0.0, 0.0, 0.0, 1.0],
                [1.000001, -0.0, 1e-06, 0.0, -0.0, 0.798102, 0.602524, 0.374726, -1e-06, -0.602527, 0.798097, 0.0, 0.0, 0.0, 0.0, 1.0],
                [1.0, -0.0, 1e-06, 0.0, -0.0, 0.835783, 0.549064, 0.374726, -1e-06, -0.549066, 0.835776, -0.0, 0.0, 0.0, 0.0, 1.0],
                [1.0, -0.0, 1e-06, -0.0, -0.0, 0.865696, 0.500575, 0.374726, -1e-06, -0.500578, 0.865689, -0.0, 0.0, 0.0, 0.0, 1.0],
                [1.0, -0.0, 1e-06, 0.0, -0.0, 0.888717, 0.458462, 0.374726, -1e-06, -0.458465, 0.888709, -0.0, 0.0, 0.0, 0.0, 1.0],
                [1.0, -0.0, 1e-06, -0.0, -0.0, 0.905796, 0.423721, 0.374726, -1e-06, -0.423723, 0.905788, 0.0, 0.0, 0.0, 0.0, 1.0],
                [1.0, -0.0, 1e-06, 0.0, -0.0, 0.917915, 0.396787, 0.374726, -1e-06, -0.396789, 0.917905, 0.0, 0.0, 0.0, 0.0, 1.0],
                [1.0, -0.0, 1e-06, 0.0, -0.0, 0.918345, 0.395788, 0.374726, -1e-06, -0.39579, 0.918337, 0.0, 0.0, 0.0, 0.0, 1.0],
                [1.0, -0.0, 1e-06, 0.0, -0.0, 0.901308, 0.433185, 0.374726, -1e-06, -0.433187, 0.9013, -0.0, 0.0, 0.0, 0.0, 1.0],
                [1.0, -0.0, 1e-06, -0.0, -0.0, 0.869526, 0.493892, 0.374726, -1e-06, -0.493895, 0.869518, 0.0, 0.0, 0.0, 0.0, 1.0],
                [1.0, -0.0, 1e-06, -0.0, -0.0, 0.826021, 0.563641, 0.374726, -1e-06, -0.563644, 0.826015, 0.0, 0.0, 0.0, 0.0, 1.0],
                [1.0, -1e-06, 1e-06, 0.0, -0.0, 0.773953, 0.633245, 0.374726, -1e-06, -0.633249, 0.773946, -0.0, 0.0, 0.0, 0.0, 1.0],
                [1.0, -0.0, 1e-06, 0.0, -0.0, 0.71656, 0.697527, 0.374726, -1e-06, -0.697529, 0.716554, -0.0, 0.0, 0.0, 0.0, 1.0],
                [1.0, -1e-06, 1e-06, -0.0, -0.0, 0.657117, 0.75379, 0.374726, -1e-06, -0.753792, 0.657111, -0.0, 0.0, 0.0, 0.0, 1.0],
                [1.000001, -1e-06, 1e-06, -0.0, -0.0, 0.59897, 0.800771, 0.374726, -1e-06, -0.800774, 0.598966, -0.0, 0.0, 0.0, 0.0, 1.0],
                [1.0, -1e-06, 1e-06, 0.0, -0.0, 0.54562, 0.838032, 0.374726, -1e-06, -0.838035, 0.545617, 0.0, 0.0, 0.0, 0.0, 1.0],
                [1.0, -1e-06, 1e-06, -0.0, -0.0, 0.500836, 0.865541, 0.374726, -1e-06, -0.865544, 0.500833, 0.0, 0.0, 0.0, 0.0, 1.0],
                [1.0, -1e-06, 1e-06, 0.0, -0.0, 0.460958, 0.887421, 0.374726, -1e-06, -0.887424, 0.460954, -0.0, 0.0, 0.0, 0.0, 1.0],
                [1.0, -1e-06, 0.0, 0.0, -0.0, 0.422272, 0.906468, 0.374726, -1e-06, -0.90647, 0.42227, -0.0, 0.0, 0.0, 0.0, 1.0],
                [1.0, -1e-06, 1e-06, 0.0, -0.0, 0.388534, 0.921434, 0.374726, -1e-06, -0.921436, 0.388531, -0.0, 0.0, 0.0, 0.0, 1.0],
                [1.0, -1e-06, 1e-06, -0.0, -0.0, 0.363114, 0.931744, 0.374726, -1e-06, -0.931746, 0.363112, 0.0, 0.0, 0.0, 0.0, 1.0],
                [1.0, -1e-06, 0.0, -0.0, -0.0, 0.348991, 0.937125, 0.374726, -1e-06, -0.937127, 0.348989, -0.0, 0.0, 0.0, 0.0, 1.0],
                [1.0, -1e-06, 1e-06, 0.0, -0.0, 0.348442, 0.93733, 0.374726, -1e-06, -0.937332, 0.34844, -0.0, 0.0, 0.0, 0.0, 1.0],
                [1.0, -1e-06, 1e-06, 0.0, -0.0, 0.360719, 0.932673, 0.374726, -1e-06, -0.932676, 0.360717, 0.0, 0.0, 0.0, 0.0, 1.0],
                [1.0, -1e-06, 1e-06, -0.0, -0.0, 0.383779, 0.923424, 0.374726, -1e-06, -0.923426, 0.383776, 0.0, 0.0, 0.0, 0.0, 1.0],
                [1.0, -1e-06, 1e-06, -0.0, -0.0, 0.415286, 0.90969, 0.374726, -1e-06, -0.909693, 0.415283, 0.0, 0.0, 0.0, 0.0, 1.0],
                [1.0, -1e-06, 1e-06, 0.0, -0.0, 0.452631, 0.891697, 0.374726, -1e-06, -0.8917, 0.452628, -0.0, 0.0, 0.0, 0.0, 1.0],
                [1.0, -1e-06, 1e-06, 0.0, -0.0, 0.492984, 0.870037, 0.374726, -1e-06, -0.870041, 0.49298, 0.0, 0.0, 0.0, 0.0, 1.0],
                [1.0, -1e-06, 1e-06, -0.0, -0.0, 0.533356, 0.84589, 0.374726, -1e-06, -0.845893, 0.533353, -0.0, 0.0, 0.0, 0.0, 1.0],
                [1.0, -1e-06, 1e-06, -0.0, -0.0, 0.570698, 0.82116, 0.374726, -1e-06, -0.821163, 0.570694, 0.0, 0.0, 0.0, 0.0, 1.0],
                [1.0, -1e-06, 1e-06, 0.0, -0.0, 0.60201, 0.798489, 0.374726, -1e-06, -0.798492, 0.602006, 0.0, 0.0, 0.0, 0.0, 1.0],
                [1.0, -1e-06, 1e-06, -0.0, -0.0, 0.62449, 0.781033, 0.374726, -1e-06, -0.781036, 0.624485, 0.0, 0.0, 0.0, 0.0, 1.0],
                [1.0, -1e-06, 1e-06, -0.0, -0.0, 0.640994, 0.767546, 0.374726, -1e-06, -0.767549, 0.640989, -0.0, 0.0, 0.0, 0.0, 1.0],
                [1.000001, -1e-06, 1e-06, -0.0, -0.0, 0.656041, 0.754725, 0.374726, -1e-06, -0.754728, 0.656036, 0.0, 0.0, 0.0, 0.0, 1.0],
                [1.000001, -0.0, 1e-06, 0.0, -0.0, 0.669564, 0.742755, 0.374726, -1e-06, -0.742758, 0.669558, 0.0, 0.0, 0.0, 0.0, 1.0],
                [1.0, -1e-06, 1e-06, -0.0, -0.0, 0.68149, 0.731829, 0.374726, -1e-06, -0.731831, 0.681484, -0.0, 0.0, 0.0, 0.0, 1.0],
                [1.000001, -0.0, 1e-06, -0.0, -0.0, 0.691752, 0.722136, 0.374726, -1e-06, -0.722139, 0.691746, 0.0, 0.0, 0.0, 0.0, 1.0],
                [1.000001, -1e-06, 1e-06, 0.0, -0.0, 0.700281, 0.713868, 0.374726, -1e-06, -0.713871, 0.700277, -0.0, 0.0, 0.0, 0.0, 1.0],
                [1.0, -1e-06, 1e-06, 0.0, -0.0, 0.707013, 0.707202, 0.374726, -1e-06, -0.707205, 0.707008, 0.0, 0.0, 0.0, 0.0, 1.0],
                [1.0, -0.0, 1e-06, -0.0, -0.0, 0.711886, 0.702297, 0.374726, -1e-06, -0.7023, 0.711879, 0.0, 0.0, 0.0, 0.0, 1.0],
                [1.0, -0.0, 1e-06, 0.0, -0.0, 0.714847, 0.699281, 0.374726, -1e-06, -0.699284, 0.714843, 0.0, 0.0, 0.0, 0.0, 1.0],
                [1.0, -0.0, 1e-06, -0.0, -0.0, 0.715844, 0.698261, 0.374726, -1e-06, -0.698264, 0.715839, 0.0, 0.0, 0.0, 0.0, 1.0]
            ]
        },
        {
            "name": "Knee_R",
            "time": [0.0, 1.3333],
            "transform": [
                [1.0, 0.0, -0.0, 0.0, -0.0, 0.00567, -0.999984, 0.484724, -0.0, 0.999984, 0.00567, -0.000623, 0.0, 0.0, 0.0, 1.0],
                [1.0, 0.0, -0.0, -0.0, -0.0, 0.00567, -0.999984, 0.399729, -0.0, 0.999984, 0.00567, -0.000142, 0.0, 0.0, 0.0, 1.0]
            ]
        },
        {
            "name": "Thigh_L",
            "time": [0.0, 0.0167, 0.0333, 0.05, 0.0667, 0.0833, 0.1, 0.1167, 0.1333, 0.15, 0.1667, 0.1833, 0.2, 0.2167, 0.2333, 0.25, 0.2667, 0.2833, 0.3, 0.3167, 0.3333, 0.35, 0.3667, 0.3833, 0.4, 0.4167, 0.4333, 0.45, 0.4667, 0.4833, 0.5, 0.5167, 0.5333, 0.55, 0.5667, 0.5833, 0.6, 0.6167, 0.6333, 0.65, 0.6667, 0.6833, 0.7, 0.7167, 0.7333, 0.75, 0.7667, 0.7833, 0.8, 0.8167, 0.8333, 0.85, 0.8667, 0.8833, 0.9, 0.9167, 0.9333, 0.95, 0.9667, 0.9833, 1.0, 1.0167, 1.0333, 1.05, 1.0667, 1.0833, 1.1, 1.1167, 1.1333, 1.15, 1.1667, 1.1833, 1.2, 1.2167, 1.2333, 1.25, 1.2667, 1.2833, 1.3, 1.3167, 1.3333],
            "transform": [
                [0.975188, -0.194007, -0.106626, -0.125006, -0.169411, -0.964054, 0.204694, -0.002831, -0.142506, -0.181551, -0.973001, -1.2e-05, 0.0, 0.0, 0.0, 1.0],
                [0.972428, -0.204458, -0.112162, -0.125006, -0.175846, -0.958783, 0.223189, -0.002831, -0.153171, -0.197312, -0.968301, -1.2e-05, 0.0, 0.0, 0.0, 1.0],
                [0.965324, -0.230819, -0.121948, -0.125006, -0.191737, -0.943909, 0.268835, -0.002831, -0.17716, -0.236131, -0.955435, -1.2e-05, 0.0, 0.0, 0.0, 1.0],
                [0.956008, -0.26487, -0.126068, -0.125006, -0.212016, -0.920911, 0.327067, -0.002831, -0.202727, -0.28595, -0.936554, -1.2e-05, 0.0, 0.0, 0.0, 1.0],
                [0.947081, -0.298124, -0.118992, -0.125006, -0.232169, -0.892188, 0.387422, -0.002831, -0.221664, -0.339294, -0.91419, -1.2e-05, 0.0, 0.0, 0.0, 1.0],
                [0.940901, -0.323396, -0.100594, -0.125006, -0.248356, -0.860773, 0.444283, -0.002831, -0.230268, -0.393043, -0.890221, -1.2e-05, 0.0, 0.0, 0.0, 1.0],
