{
    "animation": [
        {
            "name": "Root",
            "time": [0.0, 0.0167, 0.0333, 0.05, 0.0667, 0.0833, 0.1, 0.1167, 0.1333, 0.15, 0.1667, 0.1833, 0.2, 0.2167, 0.2333, 0.25, 0.2667, 0.2833, 0.3, 0.3167, 0.3333, 0.35, 0.3667, 0.3833, 0.4, 0.4167, 0.4333, 0.45, 0.4667, 0.4833, 0.5, 0.5167, 0.5333, 0.55, 0.5667, 0.5833, 0.6, 0.6167, 0.6333, 0.65, 0.6667, 0.6833, 0.7, 0.7167, 0.7333, 0.75, 0.7667, 0.7833, 0.8, 0.8167, 0.8333, 0.85, 0.8667, 0.8833, 0.9, 0.9167, 0.9333, 0.95, 0.9667, 0.9833, 1.0, 1.0167, 1.0333, 1.05, 1.0667, 1.0833, 1.1, 1.1167, 1.1333, 1.15, 1.1667, 1.1833, 1.2, 1.2167, 1.2333, 1.25, 1.2667, 1.2833, 1.3, 1.3167, 1.3333, 1.35, 1.3667, 1.3833, 1.4, 1.4167, 1.4333, 1.45, 1.4667, 1.4833, 1.5, 1.5167, 1.5333, 1.55, 1.5667, 1.5833, 1.6, 1.6167, 1.6333, 1.65, 1.6667, 1.6833, 1.7, 1.7167, 1.7333, 1.75, 1.7667, 1.7833, 1.8, 1.8167, 1.8333, 1.85, 1.8667, 1.8833, 1.9, 1.9167, 1.9333, 1.95, 1.9667, 1.9833, 2.0, 2.0167, 2.0333, 2.05, 2.0667, 2.0833, 2.1, 2.1167, 2.1333, 2.15, 2.1667, 2.1833, 2.2],
            "transform": [
                [1.0, 0.0, 0.0, -5e-06, 0.0, 0.0, -1.0, 0.000946, 0.0, 1.0, 0.0, 0.75077, 0.0, 0.0, 0.0, 1.0],
                [1.0, 0.0, 0.0, -5e-06, 0.0, 0.0, -1.0, 0.000946, 0.0, 1.0, 0.0, 0.74764, 0.0, 0.0, 0.0, 1.0],
                [1.0, 0.0, 0.0, -5e-06, 0.0, 0.0, -1.0, 0.000946, 0.0, 1.0, 0.0, 0.738201, 0.0, 0.0, 0.0, 1.0],
                [1.0, 0.0, 0.0, -5e-06, 0.0, 0.0, -1.0, 0.000946, 0.0, 1.0, 0.0, 0.722726, 0.0, 0.0, 0.0, 1.0],
                [1.0, 0.0, 0.0, -5e-06, 0.0, 0.0, -1.0, 0.000946, 0.0, 1.0, 0.0, 0.702105, 0.0, 0.0, 0.0, 1.0],
                [1.0, 0.0, 0.0, -5e-06, 0.0, 0.0, -1.0, 0.000946, 0.0, 1.0, 0.0, 0.677968, 0.0, 0.0, 0.0, 1.0],
                [1.0, 0.0, 0.0, -5e-06, 0.0, 0.0, -1.0, 0.000946, 0.0, 1.0, 0.0, 0.652574, 0.0, 0.0, 0.0, 1.0],
                [1.0, 0.0, 0.0, -5e-06, 0.0, 0.0, -1.0, 0.000946, 0.0, 1.0, 0.0, 0.628437, 0.0, 0.0, 0.0, 1.0],
                [1.0, 0.0, 0.0, -5e-06, 0.0, 0.0, -1.0, 0.000946, 0.0, 1.0, 0.0, 0.607817, 0.0, 0.0, 0.0, 1.0],
                [1.0, 0.0, 0.0, -5e-06, 0.0, 0.0, -1.0, 0.000946, 0.0, 1.0, 0.0, 0.592341, 0.0, 0.0, 0.0, 1.0],
                [1.0, 0.0, 0.0, -5e-06, 0.0, 0.0, -1.0, 0.000946, 0.0, 1.0, 0.0, 0.582903, 0.0, 0.0, 0.0, 1.0],
                [1.0, 0.0, 0.0, -5e-06, 0.0, 0.0, -1.0, 0.000946, 0.0, 1.0, 0.0, 0.579772, 0.0, 0.0, 0.0, 1.0],
                [1.0, 0.0, 0.0, -5e-06, 0.0, 0.0, -1.0, 0.008005, 0.0, 1.0, 0.0, 0.579772, 0.0, 0.0, 0.0, 1.0],
                [1.0, 0.0, 0.0, -5e-06, 0.0, 0.0, -1.0, 0.0309, 0.0, 1.0, 0.0, 0.579772, 0.0, 0.0, 0.0, 1.0],
                [1.0, 0.0, 0.0, -5e-06, 0.0, 0.0, -1.0, 0.06839, 0.0, 1.0, 0.0, 0.579772, 0.0, 0.0, 0.0, 1.0],
                [1.0, 0.0, 0.0, -5e-06, 0.0, 0.0, -1.0, 0.11334, 0.0, 1.0, 0.0, 0.579772, 0.0, 0.0, 0.0, 1.0],
                [1.0, 0.0, 0.0, -5e-06, 0.0, 0.0, -1.0, 0.157923, 0.0, 1.0, 0.0, 0.579772, 0.0, 0.0, 0.0, 1.0],
                [1.0, 0.0, 0.0, -5e-06, 0.0, 0.0, -1.0, 0.205753, 0.0, 1.0, 0.0, 0.579772, 0.0, 0.0, 0.0, 1.0],
                [1.0, 0.0, 0.0, -5e-06, 0.0, 0.0, -1.0, 0.263043, 0.0, 1.0, 0.0, 0.579772, 0.0, 0.0, 0.0, 1.0],
                [1.0, 0.0, 0.0, -5e-06, 0.0, 0.0, -1.0, 0.325924, 0.0, 1.0, 0.0, 0.579772, 0.0, 0.0, 0.0, 1.0],
                [1.0, 0.0, 0.0, -5e-06, 0.0, 0.0, -1.0, 0.387284, 0.0, 1.0, 0.0, 0.579772, 0.0, 0.0, 0.0, 1.0],
                [1.0, 0.0, 0.0, -5e-06, 0.0, 0.0, -1.0, 0.440395, 0.0, 1.0, 0.0, 0.579772, 0.0, 0.0, 0.0, 1.0],
                [1.0, 0.0, 0.0, -5e-06, 0.0, 0.0, -1.0, 0.482204, 0.0, 1.0, 0.0, 0.579772, 0.0, 0.0, 0.0, 1.0],
                [1.0, 0.0, 0.0, -5e-06, 0.0, 0.0, -1.0, 0.507383, 0.0, 1.0, 0.0, 0.578336, 0.0, 0.0, 0.0, 1.0],
                [1.0, 0.0, 0.0, -5e-06, 0.0, 0.0, -1.0, 0.518311, 0.0, 1.0, 0.0, 0.573766, 0.0, 0.0, 0.0, 1.0],
                [1.0, 0.0, 0.0, -5e-06, 0.0, 0.0, -1.0, 0.529488, 0.0, 1.0, 0.0, 0.56721, 0.0, 0.0, 0.0, 1.0],
                [1.0, 0.0, 0.0, -5e-06, 0.0, 0.0, -1.0, 0.539329, 0.0, 1.0, 0.0, 0.558376, 0.0, 0.0, 0.0, 1.0],
                [1.0, 0.0, 0.0, -5e-06, 0.0, 0.0, -1.0, 0.547446, 0.0, 1.0, 0.0, 0.547837, 0.0, 0.0, 0.0, 1.0],
                [1.0, 0.0, 0.0, -5e-06, 0.0, 0.0, -1.0, 0.553557, 0.0, 1.0, 0.0, 0.536722, 0.0, 0.0, 0.0, 1.0],
                [1.0, 0.0, 0.0, -5e-06, 0.0, 0.0, -1.0, 0.557645, 0.0, 1.0, 0.0, 0.526532, 0.0, 0.0, 0.0, 1.0],
                [1.0, 0.0, 0.0, -5e-06, 0.0, 0.0, -1.0, 0.559998, 0.0, 1.0, 0.0, 0.518623, 0.0, 0.0, 0.0, 1.0],
                [1.0, 0.0, 0.0, -5e-06, 0.0, 0.0, -1.0, 0.561082, 0.0, 1.0, 0.0, 0.513788, 0.0, 0.0, 0.0, 1.0],
                [1.0, 0.0, 0.0, -5e-06, 0.0, 0.0, -1.0, 0.561356, 0.0, 1.0, 0.0, 0.512208, 0.0, 0.0, 0.0, 1.0],
                [1.0, 0.0, 0.0, -5e-06, 0.0, 0.0, -1.0, 0.561206, 0.0, 1.0, 0.0, 0.512208, 0.0, 0.0, 0.0, 1.0],
                [1.0, 0.0, 0.0, -5e-06, 0.0, 0.0, -1.0, 0.560753, 0.0, 1.0, 0.0, 0.512208, 0.0, 0.0, 0.0, 1.0],
                [1.0, 0.0, 0.0, -5e-06, 0.0, 0.0, -1.0, 0.559994, 0.0, 1.0, 0.0, 0.512208, 0.0, 0.0, 0.0, 1.0],
                [1.0, 0.0, 0.0, -5e-06, 0.0, 0.0, -1.0, 0.558929, 0.0, 1.0, 0.0, 0.512208, 0.0, 0.0, 0.0, 1.0],
                [1.0, 0.0, 0.0, -5e-06, 0.0, 0.0, -1.0, 0.557558, 0.0, 1.0, 0.0, 0.512208, 0.0, 0.0, 0.0, 1.0],
                [1.0, 0.0, 0.0, -5e-06, 0.0, 0.0, -1.0, 0.555882, 0.0, 1.0, 0.0, 0.512208, 0.0, 0.0, 0.0, 1.0],
                [1.0, 0.0, 0.0, -5e-06, 0.0, 0.0, -1.0, 0.553906, 0.0, 1.0, 0.0, 0.512208, 0.0, 0.0, 0.0, 1.0],
                [1.0, 0.0, 0.0, -5e-06, 0.0, 0.0, -1.0, 0.551635, 0.0, 1.0, 0.0, 0.512208, 0.0, 0.0, 0.0, 1.0],
                [1.0, 0.0, 0.0, -5e-06, 0.0, 0.0, -1.0, 0.549076, 0.0, 1.0, 0.0, 0.512208, 0.0, 0.0, 0.0, 1.0],
                [1.0, 0.0, 0.0, -5e-06, 0.0, 0.0, -1.0, 0.54624, 0.0, 1.0, 0.0, 0.512208, 0.0, 0.0, 0.0, 1.0],
                [1.0, 0.0, 0.0, -5e-06, 0.0, 0.0, -1.0, 0.543139, 0.0, 1.0, 0.0, 0.512208, 0.0, 0.0, 0.0, 1.0],
                [1.0, 0.0, 0.0, -5e-06, 0.0, 0.0, -1.0, 0.539789, 0.0, 1.0, 0.0, 0.512208, 0.0, 0.0, 0.0, 1.0],
                [1.0, 0.0, 0.0, -5e-06, 0.0, 0.0, -1.0, 0.536206, 0.0, 1.0, 0.0, 0.512208, 0.0, 0.0, 0.0, 1.0],
                [1.0, 0.0, 0.0, -5e-06, 0.0, 0.0, -1.0, 0.532412, 0.0, 1.0, 0.0, 0.512208, 0.0, 0.0, 0.0, 1.0],
                [1.0, 0.0, 0.0, -5e-06, 0.0, 0.0, -1.0, 0.528429, 0.0, 1.0, 0.0, 0.512208, 0.0, 0.0, 0.0, 1.0],
                [1.0, 0.0, 0.0, -5e-06, 0.0, 0.0, -1.0, 0.524282, 0.0, 1.0, 0.0, 0.512208, 0.0, 0.0, 0.0, 1.0],
                [1.0, 0.0, 0.0, -5e-06, 0.0, 0.0, -1.0, 0.519998, 0.0, 1.0, 0.0, 0.512208, 0.0, 0.0, 0.0, 1.0],
                [1.0, 0.0, 0.0, -5e-06, 0.0, 0.0, -1.0, 0.515606, 0.0, 1.0, 0.0, 0.512208, 0.0, 0.0, 0.0, 1.0],
                [1.0, 0.0, 0.0, -5e-06, 0.0, 0.0, -1.0, 0.511135, 0.0, 1.0, 0.0, 0.512208, 0.0, 0.0, 0.0, 1.0],
                [1.0, 0.0, 0.0, -5e-06, 0.0, 0.0, -1.0, 0.506617, 0.0, 1.0, 0.0, 0.512208, 0.0, 0.0, 0.0, 1.0],
                [1.0, 0.0, 0.0, -5e-06, 0.0, 0.0, -1.0, 0.502083, 0.0, 1.0, 0.0, 0.512208, 0.0, 0.0, 0.0, 1.0],
                [1.0, 0.0, 0.0, -5e-06, 0.0, 0.0, -1.0, 0.497564, 0.0, 1.0, 0.0, 0.512208, 0.0, 0.0, 0.0, 1.0],
                [1.0, 0.0, 0.0, -5e-06, 0.0, 0.0, -1.0, 0.49309, 0.0, 1.0, 0.0, 0.512208, 0.0, 0.0, 0.0, 1.0],
                [1.0, 0.0, 0.0, -5e-06, 0.0, 0.0, -1.0, 0.488692, 0.0, 1.0, 0.0, 0.512208, 0.0, 0.0, 0.0, 1.0],
                [1.0, 0.0, 0.0, -5e-06, 0.0, 0.0, -1.0, 0.484396, 0.0, 1.0, 0.0, 0.512208, 0.0, 0.0, 0.0, 1.0],
                [1.0, 0.0, 0.0, -5e-06, 0.0, 0.0, -1.0, 0.480229, 0.0, 1.0, 0.0, 0.512208, 0.0, 0.0, 0.0, 1.0],
                [1.0, 0.0, 0.0, -5e-06, 0.0, 0.0, -1.0, 0.476216, 0.0, 1.0, 0.0, 0.512208, 0.0, 0.0, 0.0, 1.0],
                [1.0, 0.0, 0.0, -5e-06, 0.0, 0.0, -1.0, 0.472379, 0.0, 1.0, 0.0, 0.512208, 0.0, 0.0, 0.0, 1.0],
                [1.0, 0.0, 0.0, -5e-06, 0.0, 0.0, -1.0, 0.468736, 0.0, 1.0, 0.0, 0.512208, 0.0, 0.0, 0.0, 1.0],
                [1.0, 0.0, 0.0, -5e-06, 0.0, 0.0, -1.0, 0.465304, 0.0, 1.0, 0.0, 0.512208, 0.0, 0.0, 0.0, 1.0],
                [1.0, 0.0, 0.0, -5e-06, 0.0, 0.0, -1.0, 0.4621, 0.0, 1.0, 0.0, 0.512208, 0.0, 0.0, 0.0, 1.0],
                [1.0, 0.0, 0.0, -5e-06, 0.0, 0.0, -1.0, 0.459134, 0.0, 1.0, 0.0, 0.512208, 0.0, 0.0, 0.0, 1.0],
                [1.0, 0.0, 0.0, -5e-06, 0.0, 0.0, -1.0, 0.456417, 0.0, 1.0, 0.0, 0.512208, 0.0, 0.0, 0.0, 1.0],
                [1.0, 0.0, 0.0, -5e-06, 0.0, 0.0, -1.0, 0.454392, 0.0, 1.0, 0.0, 0.512208, 0.0, 0.0, 0.0, 1.0],
                [1.0, 0.0, 0.0, -5e-06, 0.0, 0.0, -1.0, 0.453331, 0.0, 1.0, 0.0, 0.512208, 0.0, 0.0, 0.0, 1.0],
                [1.0, 0.0, 0.0, -5e-06, 0.0, 0.0, -1.0, 0.452642, 0.0, 1.0, 0.0, 0.512208, 0.0, 0.0, 0.0, 1.0],
                [1.0, 0.0, 0.0, -5e-06, 0.0, 0.0, -1.0, 0.451376, 0.0, 1.0, 0.0, 0.512208, 0.0, 0.0, 0.0, 1.0],
                [1.0, 0.0, 0.0, -5e-06, 0.0, 0.0, -1.0, 0.448729, 0.0, 1.0, 0.0, 0.512208, 0.0, 0.0, 0.0, 1.0],
                [1.0, 0.0, 0.0, -5e-06, 0.0, 0.0, -1.0, 0.444418, 0.0, 1.0, 0.0, 0.512208, 0.0, 0.0, 0.0, 1.0],
                [1.0, 0.0, 0.0, -5e-06, 0.0, 0.0, -1.0, 0.433699, 0.0, 1.0, 0.0, 0.511572, 0.0, 0.0, 0.0, 1.0],
                [1.0, 0.0, 0.0, -5e-06, 0.0, 0.0, -1.0, 0.402566, 0.0, 1.0, 0.0, 0.509878, 0.0, 0.0, 0.0, 1.0],
                [1.0, 0.0, 0.0, -5e-06, 0.0, 0.0, -1.0, 0.348589, 0.0, 1.0, 0.0, 0.508213, 0.0, 0.0, 0.0, 1.0],
                [1.0, 0.0, 0.0, -5e-06, 0.0, 0.0, -1.0, 0.273813, 0.0, 1.0, 0.0, 0.506736, 0.0, 0.0, 0.0, 1.0],
                [1.0, 0.0, 0.0, -5e-06, 0.0, 0.0, -1.0, 0.173946, 0.0, 1.0, 0.0, 0.505025, 0.0, 0.0, 0.0, 1.0],
                [1.0, 0.0, 0.0, -5e-06, 0.0, 0.0, -1.0, 0.053483, 0.0, 1.0, 0.0, 0.503148, 0.0, 0.0, 0.0, 1.0],
                [1.0, 0.0, 0.0, -5e-06, 0.0, 0.0, -1.0, -0.078312, 0.0, 1.0, 0.0, 0.501228, 0.0, 0.0, 0.0, 1.0],
                [1.0, 0.0, 0.0, -5e-06, 0.0, 0.0, -1.0, -0.207984, 0.0, 1.0, 0.0, 0.49943, 0.0, 0.0, 0.0, 1.0],
                [1.0, 0.0, 0.0, -5e-06, 0.0, 0.0, -1.0, -0.321078, 0.0, 1.0, 0.0, 0.497919, 0.0, 0.0, 0.0, 1.0],
                [1.0, 0.0, 0.0, -5e-06, 0.0, 0.0, -1.0, -0.406319, 0.0, 1.0, 0.0, 0.496811, 0.0, 0.0, 0.0, 1.0],
                [1.0, 0.0, 0.0, -5e-06, 0.0, 0.0, -1.0, -0.45784, 0.0, 1.0, 0.0, 0.496155, 0.0, 0.0, 0.0, 1.0],
                [1.0, 0.0, 0.0, -5e-06, 0.0, 0.0, -1.0, -0.474662, 0.0, 1.0, 0.0, 0.495944, 0.0, 0.0, 0.0, 1.0],
                [1.0, 0.0, 0.0, -5e-06, 0.0, 0.0, -1.0, -0.474309, 0.0, 1.0, 0.0, 0.495947, 0.0, 0.0, 0.0, 1.0],
                [1.0, 0.0, 0.0, -5e-06, 0.0, 0.0, -1.0, -0.47324, 0.0, 1.0, 0.0, 0.495968, 0.0, 0.0, 0.0, 1.0],
                [1.0, 0.0, 0.0, -5e-06, 0.0, 0.0, -1.0, -0.471454, 0.0, 1.0, 0.0, 0.496029, 0.0, 0.0, 0.0, 1.0],
                [1.0, 0.0, 0.0, -5e-06, 0.0, 0.0, -1.0, -0.468965, 0.0, 1.0, 0.0, 0.496157, 0.0, 0.0, 0.0, 1.0],
                [1.0, 0.0, 0.0, -5e-06, 0.0, 0.0, -1.0, -0.465811, 0.0, 1.0, 0.0, 0.496382, 0.0, 0.0, 0.0, 1.0],
                [1.0, 0.0, 0.0, -5e-06, 0.0, 0.0, -1.0, -0.462053, 0.0, 1.0, 0.0, 0.496741, 0.0, 0.0, 0.0, 1.0],
                [1.0, 0.0, 0.0, -5e-06, 0.0, 0.0, -1.0, -0.457784, 0.0, 1.0, 0.0, 0.497269, 0.0, 0.0, 0.0, 1.0],
                [1.0, 0.0, 0.0, -5e-06, 0.0, 0.0, -1.0, -0.453124, 0.0, 1.0, 0.0, 0.498006, 0.0, 0.0, 0.0, 1.0],
                [1.0, 0.0, 0.0, -5e-06, 0.0, 0.0, -1.0, -0.448218, 0.0, 1.0, 0.0, 0.498987, 0.0, 0.0, 0.0, 1.0],
                [1.0, 0.0, 0.0, -5e-06, 0.0, 0.0, -1.0, -0.443228, 0.0, 1.0, 0.0, 0.500243, 0.0, 0.0, 0.0, 1.0],
                [1.0, 0.0, 0.0, -5e-06, 0.0, 0.0, -1.0, -0.438322, 0.0, 1.0, 0.0, 0.501799, 0.0, 0.0, 0.0, 1.0],
                [1.0, 0.0, 0.0, -5e-06, 0.0, 0.0, -1.0, -0.433662, 0.0, 1.0, 0.0, 0.503668, 0.0, 0.0, 0.0, 1.0],
                [1.0, 0.0, 0.0, -5e-06, 0.0, 0.0, -1.0, -0.429393, 0.0, 1.0, 0.0, 0.505856, 0.0, 0.0, 0.0, 1.0],
                [1.0, 0.0, 0.0, -5e-06, 0.0, 0.0, -1.0, -0.425636, 0.0, 1.0, 0.0, 0.508358, 0.0, 0.0, 0.0, 1.0],
                [1.0, 0.0, 0.0, -5e-06, 0.0, 0.0, -1.0, -0.422481, 0.0, 1.0, 0.0, 0.511163, 0.0, 0.0, 0.0, 1.0],
                [1.0, 0.0, 0.0, -5e-06, 0.0, 0.0, -1.0, -0.419993, 0.0, 1.0, 0.0, 0.514254, 0.0, 0.0, 0.0, 1.0],
                [1.0, 0.0, 0.0, -5e-06, 0.0, 0.0, -1.0, -0.418206, 0.0, 1.0, 0.0, 0.51761, 0.0, 0.0, 0.0, 1.0],
                [1.0, 0.0, 0.0, -5e-06, 0.0, 0.0, -1.0, -0.417137, 0.0, 1.0, 0.0, 0.521208, 0.0, 0.0, 0.0, 1.0],
                [1.0, 0.0, 0.0, -5e-06, 0.0, 0.0, -1.0, -0.416784, 0.0, 1.0, 0.0, 0.525026, 0.0, 0.0, 0.0, 1.0],
                [1.0, 0.0, 0.0, -5e-06, 0.0, 0.0, -1.0, -0.417197, 0.0, 1.0, 0.0, 0.529255, 0.0, 0.0, 0.0, 1.0],
                [1.0, 0.0, 0.0, -5e-06, 0.0, 0.0, -1.0, -0.418443, 0.0, 1.0, 0.0, 0.534105, 0.0, 0.0, 0.0, 1.0],
                [1.0, 0.0, 0.0, -5e-06, 0.0, 0.0, -1.0, -0.420531, 0.0, 1.0, 0.0, 0.539572, 0.0, 0.0, 0.0, 1.0],
                [1.0, 0.0, 0.0, -5e-06, 0.0, 0.0, -1.0, -0.42346, 0.0, 1.0, 0.0, 0.545647, 0.0, 0.0, 0.0, 1.0],
                [1.0, 0.0, 0.0, -5e-06, 0.0, 0.0, -1.0, -0.427224, 0.0, 1.0, 0.0, 0.552317, 0.0, 0.0, 0.0, 1.0],
                [1.0, 0.0, 0.0, -5e-06, 0.0, 0.0, -1.0, -0.431806, 0.0, 1.0, 0.0, 0.559556, 0.0, 0.0, 0.0, 1.0],
                [1.0, 0.0, 0.0, -5e-06, 0.0, 0.0, -1.0, -0.437181, 0.0, 1.0, 0.0, 0.567334, 0.0, 0.0, 0.0, 1.0],
                [1.0, 0.0, 0.0, -5e-06, 0.0, 0.0, -1.0, -0.44331, 0.0, 1.0, 0.0, 0.575607, 0.0, 0.0, 0.0, 1.0],
                [1.0, 0.0, 0.0, -5e-06, 0.0, 0.0, -1.0, -0.45014, 0.0, 1.0, 0.0, 0.584322, 0.0, 0.0, 0.0, 1.0],
                [1.0, 0.0, 0.0, -5e-06, 0.0, 0.0, -1.0, -0.457607, 0.0, 1.0, 0.0, 0.593415, 0.0, 0.0, 0.0, 1.0],
                [1.0, 0.0, 0.0, -5e-06, 0.0, 0.0, -1.0, -0.465631, 0.0, 1.0, 0.0, 0.60281, 0.0, 0.0, 0.0, 1.0],
                [1.0, 0.0, 0.0, -5e-06, 0.0, 0.0, -1.0, -0.47412, 0.0, 1.0, 0.0, 0.612425, 0.0, 0.0, 0.0, 1.0],
                [1.0, 0.0, 0.0, -5e-06, 0.0, 0.0, -1.0, -0.482969, 0.0, 1.0, 0.0, 0.622164, 0.0, 0.0, 0.0, 1.0],
                [1.0, 0.0, 0.0, -5e-06, 0.0, 0.0, -1.0, -0.492065, 0.0, 1.0, 0.0, 0.631928, 0.0, 0.0, 0.0, 1.0],
                [1.0, 0.0, 0.0, -5e-06, 0.0, 0.0, -1.0, -0.501285, 0.0, 1.0, 0.0, 0.641614, 0.0, 0.0, 0.0, 1.0],
                [1.0, 0.0, 0.0, -5e-06, 0.0, 0.0, -1.0, -0.510506, 0.0, 1.0, 0.0, 0.651117, 0.0, 0.0, 0.0, 1.0],
                [1.0, 0.0, 0.0, -5e-06, 0.0, 0.0, -1.0, -0.519601, 0.0, 1.0, 0.0, 0.660335, 0.0, 0.0, 0.0, 1.0],
                [1.0, 0.0, 0.0, -5e-06, 0.0, 0.0, -1.0, -0.528451, 0.0, 1.0, 0.0, 0.669171, 0.0, 0.0, 0.0, 1.0],
                [1.0, 0.0, 0.0, -5e-06, 0.0, 0.0, -1.0, -0.536939, 0.0, 1.0, 0.0, 0.677534, 0.0, 0.0, 0.0, 1.0],
                [1.0, 0.0, 0.0, -5e-06, 0.0, 0.0, -1.0, -0.544964, 0.0, 1.0, 0.0, 0.685346, 0.0, 0.0, 0.0, 1.0],
                [1.0, 0.0, 0.0, -5e-06, 0.0, 0.0, -1.0, -0.55243, 0.0, 1.0, 0.0, 0.692539, 0.0, 0.0, 0.0, 1.0],
                [1.0, 0.0, 0.0, -5e-06, 0.0, 0.0, -1.0, -0.559261, 0.0, 1.0, 0.0, 0.699055, 0.0, 0.0, 0.0, 1.0],
                [1.0, 0.0, 0.0, -5e-06, 0.0, 0.0, -1.0, -0.565389, 0.0, 1.0, 0.0, 0.704851, 0.0, 0.0, 0.0, 1.0],
                [1.0, 0.0, 0.0, -5e-06, 0.0, 0.0, -1.0, -0.570764, 0.0, 1.0, 0.0, 0.709895, 0.0, 0.0, 0.0, 1.0],
                [1.0, 0.0, 0.0, -5e-06, 0.0, 0.0, -1.0, -0.575347, 0.0, 1.0, 0.0, 0.714165, 0.0, 0.0, 0.0, 1.0],
                [1.0, 0.0, 0.0, -5e-06, 0.0, 0.0, -1.0, -0.579111, 0.0, 1.0, 0.0, 0.717649, 0.0, 0.0, 0.0, 1.0],
                [1.0, 0.0, 0.0, -5e-06, 0.0, 0.0, -1.0, -0.58204, 0.0, 1.0, 0.0, 0.720344, 0.0, 0.0, 0.0, 1.0],
                [1.0, 0.0, 0.0, -5e-06, 0.0, 0.0, -1.0, -0.584127, 0.0, 1.0, 0.0, 0.722254, 0.0, 0.0, 0.0, 1.0],
                [1.0, 0.0, 0.0, -5e-06, 0.0, 0.0, -1.0, -0.585374, 0.0, 1.0, 0.0, 0.723389, 0.0, 0.0, 0.0, 1.0],
                [1.0, 0.0, 0.0, -5e-06, 0.0, 0.0, -1.0, -0.585787, 0.0, 1.0, 0.0, 0.723764, 0.0, 0.0, 0.0, 1.0]
            ]
        },
        {
            "name": "Thigh_R",
            "time": [0.0, 0.0167, 0.0333, 0.05, 0.0667, 0.0833, 0.1, 0.1167, 0.1333, 0.15, 0.1667, 0.1833, 0.2, 0.2167, 0.2333, 0.25, 0.2667, 0.2833, 0.3, 0.3167, 0.3333, 0.35, 0.3667, 0.3833, 0.4, 0.4167, 0.4333, 0.45, 0.4667, 0.4833, 0.5, 0.5167, 0.5333, 0.55, 0.5667, 0.5833, 0.6, 0.6167, 0.6333, 0.65, 0.6667, 0.6833, 0.7, 0.7167, 0.7333, 0.75, 0.7667, 0.7833, 0.8, 0.8167, 0.8333, 0.85, 0.8667, 0.8833, 0.9, 0.9167, 0.9333, 0.95, 0.9667, 0.9833, 1.0, 1.0167, 1.0333, 1.05, 1.0667, 1.0833, 1.1, 1.1167, 1.1333, 1.15, 1.1667, 1.1833, 1.2, 1.2167, 1.2333, 1.25, 1.2667, 1.2833, 1.3, 1.3167, 1.3333, 1.35, 1.3667, 1.3833, 1.4, 1.4167, 1.4333, 1.45, 1.4667, 1.4833, 1.5, 1.5167, 1.5333, 1.55, 1.5667, 1.5833, 1.6, 1.6167, 1.6333, 1.65, 1.6667, 1.6833, 1.7, 1.7167, 1.7333, 1.75, 1.7667, 1.7833, 1.8, 1.8167, 1.8333, 1.85, 1.8667, 1.8833, 1.9, 1.9167, 1.9333, 1.95, 1.9667, 1.9833, 2.0, 2.0167, 2.0333, 2.05, 2.0667, 2.0833, 2.1, 2.1167, 2.1333, 2.15, 2.1667, 2.1833, 2.2],
            "transform": [
                [0.968722, 0.234818, 0.080232, 0.124994, 0.207647, -0.944102, 0.256027, -0.002831, 0.135867, -0.231358, -0.963335, -1.2e-05, 0.0, 0.0, 0.0, 1.0],
                [0.96873, 0.235182, 0.079055, 0.124994, 0.207621, -0.942831, 0.260691, -0.002831, 0.135845, -0.236125, -0.96218, -1.2e-05, 0.0, 0.0, 0.0, 1.0],
                [0.968755, 0.23625, 0.075496, 0.124994, 0.20755, -0.938854, 0.274722, -0.002831, 0.135782, -0.250469, -0.958556, -1.2e-05, 0.0, 0.0, 0.0, 1.0],
                [0.968791, 0.237895, 0.069627, 0.124994, 0.207442, -0.931876, 0.297609, -0.002831, 0.135684, -0.273877, -0.952146, -1.2e-05, 0.0, 0.0, 0.0, 1.0],
                [0.968835, 0.239882, 0.061751, 0.124994, 0.207317, -0.9217, 0.327849, -0.002831, 0.135561, -0.304828, -0.94271, -1.2e-05, 0.0, 0.0, 0.0, 1.0],
                [0.968879, 0.24191, 0.05246, 0.124994, 0.207197, -0.908527, 0.362827, -0.002831, 0.135433, -0.340665, -0.930379, -1.2e-05, 0.0, 0.0, 0.0, 1.0],
                [0.968913, 0.243702, 0.042619, 0.124994, 0.207109, -0.893214, 0.399089, -0.002831, 0.135327, -0.377855, -0.915922, -1.2e-05, 0.0, 0.0, 0.0, 1.0],
                [0.968928, 0.245101, 0.033212, 0.124994, 0.207075, -0.877276, 0.433018, -0.002831, 0.135269, -0.412685, -0.900774, -1.2e-05, 0.0, 0.0, 0.0, 1.0],
                [0.968919, 0.246096, 0.025137, 0.124994, 0.207108, -0.862563, 0.461615, -0.002831, 0.135284, -0.44206, -0.886725, -1.2e-05, 0.0, 0.0, 0.0, 1.0],
                [0.968882, 0.246788, 0.019042, 0.124994, 0.207214, -0.850775, 0.48295, -0.002831, 0.135387, -0.463974, -0.875441, -1.2e-05, 0.0, 0.0, 0.0, 1.0],
                [0.968816, 0.247308, 0.015281, 0.124994, 0.207394, -0.84311, 0.496136, -0.002831, 0.135582, -0.477494, -0.868111, -1.2e-05, 0.0, 0.0, 0.0, 1.0],
                [0.968722, 0.247753, 0.01397, 0.124994, 0.207646, -0.840152, 0.501024, -0.002831, 0.135867, -0.482451, -0.865321, -1.2e-05, 0.0, 0.0, 0.0, 1.0],
                [0.968876, 0.246937, 0.017339, 0.124994, 0.208342, -0.851261, 0.481606, -0.002831, 0.133686, -0.463003, -0.876217, -1.2e-05, 0.0, 0.0, 0.0, 1.0],
                [0.969641, 0.242924, 0.027983, 0.124994, 0.209547, -0.884444, 0.416948, -0.002831, 0.126036, -0.398425, -0.9085, -1.2e-05, 0.0, 0.0, 0.0, 1.0],
                [0.971043, 0.234804, 0.044062, 0.124994, 0.2101, -0.927114, 0.310346, -0.002831, 0.113721, -0.2921, -0.949603, -1.2e-05, 0.0, 0.0, 0.0, 1.0],
                [0.972812, 0.223453, 0.060862, 0.124994, 0.208949, -0.960179, 0.185454, -0.002831, 0.099878, -0.167694, -0.980767, -1.2e-05, 0.0, 0.0, 0.0, 1.0],
                [0.974534, 0.211478, 0.074567, 0.124994, 0.206385, -0.975924, 0.070517, -0.002831, 0.087684, -0.053331, -0.99472, -1.2e-05, 0.0, 0.0, 0.0, 1.0],
                [0.976463, 0.197189, 0.08738, 0.124994, 0.20213, -0.977988, -0.051756, -0.002831, 0.075251, 0.0682, -0.99483, 0.001599, 0.0, 0.0, 0.0, 1.0],
                [0.978979, 0.177412, 0.100618, 0.124994, 0.19471, -0.959817, -0.20208, -0.002831, 0.060724, 0.217423, -0.974187, 0.006686, 0.0, 0.0, 0.0, 1.0],
                [0.981676, 0.154898, 0.110991, 0.124994, 0.184671, -0.91698, -0.353612, -0.002831, 0.047002, 0.367628, -0.928784, 0.015045, 0.0, 0.0, 0.0, 1.0],
                [0.983924, 0.135113, 0.116777, 0.124994, 0.174721, -0.863585, -0.472958, -0.002831, 0.036944, 0.485758, -0.873312, 0.02543, 0.0, 0.0, 0.0, 1.0],
                [0.985297, 0.122571, 0.119014, 0.124994, 0.16793, -0.822975, -0.542686, -0.002831, 0.031428, 0.554693, -0.831461, 0.036088, 0.0, 0.0, 0.0, 1.0],
                [0.985733, 0.118521, 0.119511, 0.124994, 0.16566, -0.808797, -0.564271, -0.002831, 0.029782, 0.576018, -0.816894, 0.045724, 0.0, 0.0, 0.0, 1.0],
                [0.985733, 0.118747, 0.119286, 0.124994, 0.16566, -0.809866, -0.562735, -0.002831, 0.029782, 0.574467, -0.817985, 0.058489, 0.0, 0.0, 0.0, 1.0],
                [0.985733, 0.119852, 0.118176, 0.124994, 0.165659, -0.815068, -0.555175, -0.002831, 0.029782, 0.56683, -0.823296, 0.066047, 0.0, 0.0, 0.0, 1.0],
                [0.985736, 0.121603, 0.116349, 0.124994, 0.165661, -0.82298, -0.543376, -0.002831, 0.029677, 0.554899, -0.831388, 0.066045, 0.0, 0.0, 0.0, 1.0],
                [0.985743, 0.123837, 0.113906, 0.124994, 0.165671, -0.832588, -0.528533, -0.002831, 0.029385, 0.539868, -0.841236, 0.066039, 0.0, 0.0, 0.0, 1.0],
                [0.985751, 0.126441, 0.110933, 0.124994, 0.165692, -0.843536, -0.510872, -0.002831, 0.028981, 0.521972, -0.852469, 0.06603, 0.0, 0.0, 0.0, 1.0],
                [0.985758, 0.129194, 0.107657, 0.124994, 0.165721, -0.855116, -0.491234, -0.002831, 0.028595, 0.502078, -0.864349, 0.066019, 0.0, 0.0, 0.0, 1.0],
                [0.985759, 0.131811, 0.104423, 0.124994, 0.165749, -0.866401, -0.471034, -0.002831, 0.028385, 0.481633, -0.875913, 0.066007, 0.0, 0.0, 0.0, 1.0],
                [0.985755, 0.134044, 0.10158, 0.124994, 0.165757, -0.876579, -0.451808, -0.002831, 0.028481, 0.46221, -0.886313, 0.065998, 0.0, 0.0, 0.0, 1.0],
                [0.985746, 0.135759, 0.099367, 0.124994, 0.165731, -0.885197, -0.434691, -0.002831, 0.028946, 0.444963, -0.895081, 0.065992, 0.0, 0.0, 0.0, 1.0],
                [0.985733, 0.136931, 0.097878, 0.124994, 0.16566, -0.892168, -0.420225, -0.002831, 0.029782, 0.430444, -0.902126, 0.06599, 0.0, 0.0, 0.0, 1.0],
                [0.985719, 0.137817, 0.096763, 0.124994, 0.165556, -0.898191, -0.407236, -0.002831, 0.030787, 0.417439, -0.908183, 0.06599, 0.0, 0.0, 0.0, 1.0],
                [0.985709, 0.138654, 0.095667, 0.124994, 0.16543, -0.9039, -0.394455, -0.002831, 0.03178, 0.404643, -0.913922, 0.06599, 0.0, 0.0, 0.0, 1.0],
                [0.985702, 0.139441, 0.094593, 0.124994, 0.165283, -0.909302, -0.3819, -0.002831, 0.032761, 0.392074, -0.91935, 0.06599, 0.0, 0.0, 0.0, 1.0],
                [0.985697, 0.140181, 0.093543, 0.124994, 0.165117, -0.914405, -0.369589, -0.002831, 0.033726, 0.379748, -0.924475, 0.06599, 0.0, 0.0, 0.0, 1.0],
                [0.985695, 0.140874, 0.092518, 0.124994, 0.164933, -0.919218, -0.357537, -0.002831, 0.034677, 0.367681, -0.929305, 0.06599, 0.0, 0.0, 0.0, 1.0],
                [0.985695, 0.141522, 0.091522, 0.124994, 0.164733, -0.923748, -0.345758, -0.002831, 0.035611, 0.355889, -0.93385, 0.06599, 0.0, 0.0, 0.0, 1.0],
                [0.985697, 0.142127, 0.090554, 0.124994, 0.164517, -0.928006, -0.334267, -0.002831, 0.036527, 0.344383, -0.938118, 0.06599, 0.0, 0.0, 0.0, 1.0],
                [0.985702, 0.142689, 0.089617, 0.124994, 0.16429, -0.932002, -0.323074, -0.002831, 0.037424, 0.333177, -0.942121, 0.065991, 0.0, 0.0, 0.0, 1.0],
                [0.985708, 0.143213, 0.08871, 0.124994, 0.164051, -0.935747, -0.312188, -0.002831, 0.038301, 0.322279, -0.94587, 0.065991, 0.0, 0.0, 0.0, 1.0],
                [0.985715, 0.143699, 0.087835, 0.124994, 0.163803, -0.939251, -0.301617, -0.002831, 0.039157, 0.311696, -0.949375, 0.065991, 0.0, 0.0, 0.0, 1.0],
                [0.985724, 0.144151, 0.086992, 0.124994, 0.163548, -0.942526, -0.291364, -0.002831, 0.039992, 0.301432, -0.952649, 0.065992, 0.0, 0.0, 0.0, 1.0],
                [0.985734, 0.144572, 0.086181, 0.124994, 0.163289, -0.945583, -0.281434, -0.002831, 0.040804, 0.291491, -0.955703, 0.065992, 0.0, 0.0, 0.0, 1.0],
                [0.985744, 0.144963, 0.085401, 0.124994, 0.163027, -0.948436, -0.271823, -0.002831, 0.041593, 0.281871, -0.958551, 0.065993, 0.0, 0.0, 0.0, 1.0],
                [0.985755, 0.14533, 0.084652, 0.124994, 0.162766, -0.951095, -0.262529, -0.002831, 0.042359, 0.272568, -0.961204, 0.065994, 0.0, 0.0, 0.0, 1.0],
                [0.985765, 0.145675, 0.083932, 0.124994, 0.162506, -0.953574, -0.253546, -0.002831, 0.0431, 0.263576, -0.963675, 0.065995, 0.0, 0.0, 0.0, 1.0],
                [0.985776, 0.146001, 0.083239, 0.124994, 0.162251, -0.955883, -0.244862, -0.002831, 0.043817, 0.254885, -0.965978, 0.065996, 0.0, 0.0, 0.0, 1.0],
                [0.985786, 0.146312, 0.082572, 0.124994, 0.162002, -0.958037, -0.236467, -0.002831, 0.044509, 0.246482, -0.968125, 0.065997, 0.0, 0.0, 0.0, 1.0],
                [0.985795, 0.146613, 0.081928, 0.124994, 0.161762, -0.960046, -0.228344, -0.002831, 0.045177, 0.238353, -0.970127, 0.065998, 0.0, 0.0, 0.0, 1.0],
                [0.985803, 0.146906, 0.081305, 0.124994, 0.161532, -0.961922, -0.220476, -0.002831, 0.04582, 0.230479, -0.971998, 0.066, 0.0, 0.0, 0.0, 1.0],
                [0.985809, 0.147196, 0.0807, 0.124994, 0.161315, -0.963676, -0.212843, -0.002831, 0.046439, 0.222841, -0.973748, 0.066002, 0.0, 0.0, 0.0, 1.0],
                [0.985814, 0.147485, 0.08011, 0.124994, 0.161113, -0.965319, -0.205423, -0.002831, 0.047035, 0.215415, -0.975389, 0.066004, 0.0, 0.0, 0.0, 1.0],
                [0.985817, 0.147778, 0.079531, 0.124994, 0.160926, -0.96686, -0.198192, -0.002831, 0.047607, 0.20818, -0.976931, 0.066006, 0.0, 0.0, 0.0, 1.0],
                [0.985818, 0.148077, 0.07896, 0.124994, 0.160756, -0.96831, -0.191127, -0.002831, 0.048157, 0.20111, -0.978384, 0.066008, 0.0, 0.0, 0.0, 1.0],
                [0.985817, 0.148385, 0.078395, 0.124994, 0.160605, -0.969676, -0.184202, -0.002831, 0.048685, 0.19418, -0.979757, 0.066011, 0.0, 0.0, 0.0, 1.0],
                [0.985813, 0.148706, 0.077831, 0.124994, 0.160473, -0.970967, -0.177392, -0.002831, 0.049192, 0.187365, -0.981058, 0.066014, 0.0, 0.0, 0.0, 1.0],
                [0.985807, 0.149042, 0.077266, 0.124994, 0.160361, -0.972189, -0.170672, -0.002831, 0.04968, 0.18064, -0.982294, 0.066017, 0.0, 0.0, 0.0, 1.0],
                [0.985798, 0.149395, 0.076696, 0.124994, 0.160269, -0.973349, -0.164017, -0.002831, 0.050149, 0.17398, -0.983472, 0.06602, 0.0, 0.0, 0.0, 1.0],
                [0.985786, 0.149766, 0.076119, 0.124994, 0.160199, -0.974452, -0.157404, -0.002831, 0.050601, 0.167361, -0.984597, 0.066024, 0.0, 0.0, 0.0, 1.0],
                [0.985772, 0.150158, 0.075531, 0.124994, 0.160149, -0.975502, -0.15081, -0.002831, 0.051036, 0.160761, -0.985673, 0.066027, 0.0, 0.0, 0.0, 1.0],
                [0.985755, 0.150571, 0.07493, 0.124994, 0.160121, -0.976504, -0.144214, -0.002831, 0.051455, 0.154158, -0.986706, 0.066031, 0.0, 0.0, 0.0, 1.0],
                [0.985735, 0.151007, 0.074314, 0.124994, 0.160114, -0.977459, -0.137597, -0.002831, 0.051861, 0.147533, -0.987697, 0.066035, 0.0, 0.0, 0.0, 1.0],
                [0.985712, 0.151467, 0.07368, 0.124994, 0.160127, -0.978371, -0.13094, -0.002831, 0.052254, 0.140867, -0.988649, 0.06604, 0.0, 0.0, 0.0, 1.0],
                [0.985686, 0.15195, 0.073026, 0.124994, 0.16016, -0.979241, -0.124226, -0.002831, 0.052634, 0.134144, -0.989563, 0.066044, 0.0, 0.0, 0.0, 1.0],
                [0.985653, 0.152543, 0.072234, 0.124994, 0.160367, -0.979858, -0.118984, -0.002831, 0.052629, 0.128861, -0.990265, 0.066682, 0.0, 0.0, 0.0, 1.0],
                [0.985615, 0.153352, 0.071031, 0.124994, 0.160883, -0.980079, -0.11644, -0.002831, 0.05176, 0.126193, -0.990655, 0.068528, 0.0, 0.0, 0.0, 1.0],
                [0.985589, 0.15437, 0.069162, 0.124994, 0.1616, -0.980098, -0.115276, -0.002831, 0.04999, 0.124791, -0.990923, 0.07118, 0.0, 0.0, 0.0, 1.0],
                [0.985595, 0.155519, 0.066446, 0.124994, 0.162304, -0.980223, -0.113209, -0.002831, 0.047525, 0.122363, -0.991347, 0.07383, 0.0, 0.0, 0.0, 1.0],
                [0.985644, 0.156679, 0.062907, 0.124994, 0.162799, -0.98071, -0.10817, -0.002831, 0.044746, 0.116859, -0.99214, 0.075674, 0.0, 0.0, 0.0, 1.0],
                [0.985733, 0.157741, 0.05872, 0.124994, 0.162997, -0.981617, -0.099275, -0.002831, 0.041981, 0.10743, -0.993326, 0.076307, 0.0, 0.0, 0.0, 1.0],
                [0.985807, 0.160039, 0.050711, 0.124994, 0.162799, -0.985069, -0.055968, -0.002831, 0.040997, 0.063429, -0.997144, 0.057872, 0.0, 0.0, 0.0, 1.0],
                [0.985868, 0.163433, 0.036783, 0.124994, 0.161744, -0.985804, 0.045002, -0.002831, 0.043616, -0.038416, -0.99831, 0.018423, 0.0, 0.0, 0.0, 1.0],
                [0.98601, 0.164995, 0.023669, 0.124994, 0.159721, -0.975855, 0.14897, -0.002831, 0.047676, -0.143104, -0.988559, -1.2e-05, 0.0, 0.0, 0.0, 1.0],
                [0.986255, 0.164759, 0.01246, 0.124994, 0.156745, -0.956795, 0.244889, -0.002831, 0.05227, -0.239569, -0.969472, -1.2e-05, 0.0, 0.0, 0.0, 1.0],
                [0.986644, 0.16289, 0.000608, 0.124994, 0.152187, -0.923124, 0.353097, -0.002831, 0.058077, -0.348288, -0.935587, -1.2e-05, 0.0, 0.0, 0.0, 1.0],
                [0.987182, 0.159205, -0.011172, 0.124994, 0.145993, -0.872534, 0.466226, -0.002831, 0.064477, -0.46188, -0.884595, -1.2e-05, 0.0, 0.0, 0.0, 1.0],
                [0.987832, 0.153964, -0.021963, 0.124994, 0.138558, -0.807118, 0.573899, -0.002831, 0.070633, -0.569957, -0.818632, -1.2e-05, 0.0, 0.0, 0.0, 1.0],
                [0.988512, 0.14793, -0.030974, 0.124994, 0.13077, -0.734387, 0.666012, -0.002831, 0.075777, -0.66241, -0.745298, -1.2e-05, 0.0, 0.0, 0.0, 1.0],
                [0.989125, 0.142112, -0.037872, 0.124994, 0.123729, -0.664852, 0.736656, -0.002831, 0.079509, -0.733329, -0.675207, -1.2e-05, 0.0, 0.0, 0.0, 1.0],
                [0.989596, 0.137354, -0.042817, 0.124994, 0.11832, -0.607646, 0.785344, -0.002831, 0.081853, -0.782237, -0.617578, -1.2e-05, 0.0, 0.0, 0.0, 1.0],
                [0.989887, 0.134114, -0.046226, 0.124994, 0.114998, -0.567866, 0.815047, -0.002831, 0.083059, -0.812119, -0.577548, -1.2e-05, 0.0, 0.0, 0.0, 1.0],
                [0.989993, 0.13251, -0.048524, 0.124994, 0.113845, -0.546792, 0.829492, -0.002831, 0.083384, -0.826713, -0.556408, -1.2e-05, 0.0, 0.0, 0.0, 1.0],
                [0.990008, 0.131723, -0.050328, 0.124994, 0.113752, -0.535105, 0.837091, -0.002831, 0.083333, -0.83445, -0.544744, -1.2e-05, 0.0, 0.0, 0.0, 1.0],
                [0.99002, 0.130967, -0.052024, 0.124994, 0.113674, -0.523991, 0.844103, -0.002831, 0.083289, -0.841591, -0.533651, -1.2e-05, 0.0, 0.0, 0.0, 1.0],
                [0.99003, 0.130252, -0.053603, 0.124994, 0.113612, -0.51354, 0.85051, -0.002831, 0.083253, -0.848119, -0.52322, -1.2e-05, 0.0, 0.0, 0.0, 1.0],
                [0.990038, 0.129586, -0.055055, 0.124994, 0.113566, -0.503843, 0.856297, -0.002831, 0.083225, -0.854017, -0.513542, -1.2e-05, 0.0, 0.0, 0.0, 1.0],
                [0.990043, 0.12898, -0.056373, 0.124994, 0.113536, -0.494983, 0.861452, -0.002831, 0.083206, -0.859274, -0.504701, -1.2e-05, 0.0, 0.0, 0.0, 1.0],
                [0.990046, 0.128439, -0.05755, 0.124994, 0.113521, -0.487035, 0.865973, -0.002831, 0.083196, -0.863884, -0.496769, -1.2e-05, 0.0, 0.0, 0.0, 1.0],
                [0.990046, 0.12797, -0.058583, 0.124994, 0.113521, -0.480049, 0.869865, -0.002831, 0.083194, -0.867855, -0.4898, -1.2e-05, 0.0, 0.0, 0.0, 1.0],
                [0.990044, 0.127575, -0.059469, 0.124994, 0.113534, -0.474056, 0.873144, -0.002831, 0.0832, -0.871201, -0.483822, -1.2e-05, 0.0, 0.0, 0.0, 1.0],
                [0.99004, 0.127255, -0.060213, 0.124994, 0.113557, -0.46905, 0.87584, -0.002831, 0.083212, -0.873953, -0.478831, -1.2e-05, 0.0, 0.0, 0.0, 1.0],
                [0.990035, 0.127006, -0.060819, 0.124994, 0.113589, -0.464994, 0.877996, -0.002831, 0.083231, -0.876154, -0.474789, -1.2e-05, 0.0, 0.0, 0.0, 1.0],
                [0.990029, 0.126823, -0.0613, 0.124994, 0.113626, -0.46182, 0.879665, -0.002831, 0.083252, -0.877858, -0.471627, -1.2e-05, 0.0, 0.0, 0.0, 1.0],
                [0.990022, 0.126696, -0.061668, 0.124994, 0.113667, -0.45943, 0.880911, -0.002831, 0.083276, -0.879129, -0.469249, -1.2e-05, 0.0, 0.0, 0.0, 1.0],
                [0.990016, 0.126617, -0.061939, 0.124994, 0.113707, -0.457712, 0.881799, -0.002831, 0.0833, -0.880036, -0.467541, -1.2e-05, 0.0, 0.0, 0.0, 1.0],
                [0.990009, 0.126573, -0.062129, 0.124994, 0.113745, -0.456546, 0.882399, -0.002831, 0.083323, -0.880648, -0.466383, -1.2e-05, 0.0, 0.0, 0.0, 1.0],
                [0.990004, 0.126555, -0.062254, 0.124994, 0.113779, -0.455809, 0.882775, -0.002831, 0.083344, -0.881032, -0.465654, -1.2e-05, 0.0, 0.0, 0.0, 1.0],
                [0.989999, 0.126554, -0.062331, 0.124994, 0.113807, -0.455391, 0.882987, -0.002831, 0.083361, -0.881248, -0.465241, -1.2e-05, 0.0, 0.0, 0.0, 1.0],
                [0.989996, 0.126561, -0.062372, 0.124994, 0.113828, -0.45519, 0.883088, -0.002831, 0.083373, -0.881351, -0.465044, -1.2e-05, 0.0, 0.0, 0.0, 1.0],
                [0.989993, 0.126569, -0.062389, 0.124994, 0.113841, -0.45512, 0.883122, -0.002831, 0.083381, -0.881386, -0.464977, -1.2e-05, 0.0, 0.0, 0.0, 1.0],
                [0.989993, 0.126573, -0.062393, 0.124994, 0.113845, -0.45511, 0.883127, -0.002831, 0.083384, -0.881391, -0.464968, -1.2e-05, 0.0, 0.0, 0.0, 1.0],
                [0.99001, 0.126588, -0.062094, 0.124994, 0.113707, -0.456395, 0.882481, -0.002831, 0.083372, -0.880724, -0.466231, -1.2e-05, 0.0, 0.0, 0.0, 1.0],
                [0.99006, 0.12663, -0.061189, 0.124994, 0.113288, -0.460269, 0.880521, -0.002831, 0.083337, -0.8787, -0.470041, -1.2e-05, 0.0, 0.0, 0.0, 1.0],
                [0.990145, 0.126692, -0.059671, 0.124994, 0.112586, -0.466741, 0.877198, -0.002831, 0.083283, -0.87527, -0.476407, -1.2e-05, 0.0, 0.0, 0.0, 1.0],
                [0.990263, 0.126761, -0.057539, 0.124994, 0.111599, -0.475794, 0.872448, -0.002831, 0.083216, -0.870372, -0.485309, -1.2e-05, 0.0, 0.0, 0.0, 1.0],
                [0.990411, 0.126817, -0.054793, 0.124994, 0.110327, -0.487373, 0.866196, -0.002831, 0.083144, -0.863933, -0.496693, -1.2e-05, 0.0, 0.0, 0.0, 1.0],
                [0.990588, 0.126836, -0.051442, 0.124994, 0.108773, -0.501383, 0.85836, -0.002831, 0.083079, -0.855875, -0.510463, -1.2e-05, 0.0, 0.0, 0.0, 1.0],
                [0.990791, 0.126789, -0.047503, 0.124994, 0.106945, -0.517686, 0.848859, -0.002831, 0.083035, -0.846121, -0.52648, -1.2e-05, 0.0, 0.0, 0.0, 1.0],
                [0.991015, 0.126644, -0.043003, 0.124994, 0.104855, -0.536091, 0.837622, -0.002831, 0.083027, -0.834604, -0.544555, -1.2e-05, 0.0, 0.0, 0.0, 1.0],
                [0.991256, 0.126366, -0.03798, 0.124994, 0.10252, -0.556356, 0.824595, -0.002831, 0.08307, -0.821277, -0.564448, -1.2e-05, 0.0, 0.0, 0.0, 1.0],
                [0.991508, 0.125921, -0.032485, 0.124994, 0.099961, -0.578188, 0.809756, -0.002831, 0.083183, -0.806125, -0.585868, -1.2e-05, 0.0, 0.0, 0.0, 1.0],
                [0.991765, 0.125279, -0.026583, 0.124994, 0.097209, -0.601248, 0.793127, -0.002831, 0.08338, -0.789178, -0.608477, -1.2e-05, 0.0, 0.0, 0.0, 1.0],
                [0.992021, 0.124415, -0.020349, 0.124994, 0.094297, -0.625154, 0.774783, -0.002831, 0.083673, -0.770518, -0.6319, -1.2e-05, 0.0, 0.0, 0.0, 1.0],
                [0.992271, 0.12331, -0.01387, 0.124994, 0.091267, -0.649504, 0.75486, -0.002831, 0.084073, -0.75029, -0.65574, -1.2e-05, 0.0, 0.0, 0.0, 1.0],
                [0.992508, 0.12196, -0.007244, 0.124994, 0.088162, -0.673881, 0.73356, -0.002831, 0.084583, -0.728701, -0.679587, -1.2e-05, 0.0, 0.0, 0.0, 1.0],
                [0.992728, 0.120371, -0.000571, 0.124994, 0.08503, -0.69788, 0.711148, -0.002831, 0.085203, -0.706024, -0.703043, -1.2e-05, 0.0, 0.0, 0.0, 1.0],
                [0.992928, 0.118562, 0.006046, 0.124994, 0.081918, -0.72112, 0.687948, -0.002831, 0.085924, -0.682586, -0.725735, -1.2e-05, 0.0, 0.0, 0.0, 1.0],
                [0.993104, 0.116565, 0.012509, 0.124994, 0.078873, -0.743266, 0.664329, -0.002831, 0.086735, -0.658759, -0.747337, -1.2e-05, 0.0, 0.0, 0.0, 1.0],
                [0.993255, 0.114424, 0.018725, 0.124994, 0.07594, -0.764037, 0.640686, -0.002831, 0.087616, -0.634941, -0.767575, -1.2e-05, 0.0, 0.0, 0.0, 1.0],
                [0.993382, 0.112189, 0.024613, 0.124994, 0.073156, -0.783216, 0.617428, -0.002831, 0.088546, -0.61154, -0.786243, -1.2e-05, 0.0, 0.0, 0.0, 1.0],
                [0.993484, 0.109918, 0.030104, 0.124994, 0.070556, -0.800654, 0.594956, -0.002831, 0.089499, -0.588954, -0.803195, -1.2e-05, 0.0, 0.0, 0.0, 1.0],
                [0.993565, 0.107669, 0.035143, 0.124994, 0.068166, -0.81626, 0.573646, -0.002831, 0.090449, -0.567558, -0.818349, -1.2e-05, 0.0, 0.0, 0.0, 1.0],
                [0.993627, 0.1055, 0.039688, 0.124994, 0.066006, -0.830002, 0.553838, -0.002831, 0.091371, -0.547687, -0.831678, -1.2e-05, 0.0, 0.0, 0.0, 1.0],
                [0.993671, 0.103467, 0.04371, 0.124994, 0.064093, -0.84189, 0.535827, -0.002831, 0.09224, -0.529633, -0.843196, -1.2e-05, 0.0, 0.0, 0.0, 1.0],
                [0.993703, 0.101616, 0.047193, 0.124994, 0.062433, -0.851968, 0.519856, -0.002831, 0.093033, -0.513635, -0.85295, -1.2e-05, 0.0, 0.0, 0.0, 1.0],
                [0.993724, 0.099989, 0.050129, 0.124994, 0.061033, -0.8603, 0.506119, -0.002831, 0.093732, -0.499882, -0.861006, -1.2e-05, 0.0, 0.0, 0.0, 1.0],
                [0.993738, 0.098621, 0.052515, 0.124994, 0.059894, -0.866963, 0.494757, -0.002831, 0.094322, -0.488513, -0.867444, -1.2e-05, 0.0, 0.0, 0.0, 1.0],
                [0.993746, 0.097536, 0.054356, 0.124994, 0.059015, -0.872035, 0.48587, -0.002831, 0.09479, -0.479622, -0.87234, -1.2e-05, 0.0, 0.0, 0.0, 1.0],
                [0.993751, 0.096752, 0.055659, 0.124994, 0.058392, -0.875589, 0.479512, -0.002831, 0.095129, -0.473264, -0.875769, -1.2e-05, 0.0, 0.0, 0.0, 1.0],
                [0.993753, 0.09628, 0.056434, 0.124994, 0.058021, -0.877686, 0.475707, -0.002831, 0.095333, -0.469459, -0.877792, -1.2e-05, 0.0, 0.0, 0.0, 1.0],
                [0.993753, 0.096123, 0.056691, 0.124994, 0.057898, -0.878377, 0.474444, -0.002831, 0.095401, -0.468197, -0.878459, -1.2e-05, 0.0, 0.0, 0.0, 1.0]
            ]
        },
        {
            "name": "Leg_R",
            "time": [0.0, 0.0167, 0.0333, 0.05, 0.0667, 0.0833, 0.1, 0.1167, 0.1333, 0.15, 0.1667, 0.1833, 0.2, 0.2167, 0.2333, 0.25, 0.2667, 0.2833, 0.3, 0.3167, 0.3333, 0.35, 0.3667, 0.3833, 0.4, 0.4167, 0.4333, 0.45, 0.4667, 0.4833, 0.5, 0.5167, 0.5333, 0.55, 0.5667, 0.5833, 0.6, 0.6167, 0.6333, 0.65, 0.6667, 0.6833, 0.7, 0.7167, 0.7333, 0.75, 0.7667, 0.7833, 0.8, 0.8167, 0.8333, 0.85, 0.8667, 0.8833, 0.9, 0.9167, 0.9333, 0.95, 0.9667, 0.9833, 1.0, 1.0167, 1.0333, 1.05, 1.0667, 1.0833, 1.1, 1.1167, 1.1333, 1.15, 1.1667, 1.1833, 1.2, 1.2167, 1.2333, 1.25, 1.2667, 1.2833, 1.3, 1.3167, 1.3333, 1.35, 1.3667, 1.3833, 1.4, 1.4167, 1.4333, 1.45, 1.4667, 1.4833, 1.5, 1.5167, 1.5333, 1.55, 1.5667, 1.5833, 1.6, 1.6167, 1.6333, 1.65, 1.6667, 1.6833, 1.7, 1.7167, 1.7333, 1.75, 1.7667, 1.7833, 1.8, 1.8167, 1.8333, 1.85, 1.8667, 1.8833, 1.9, 1.9167, 1.9333, 1.95, 1.9667, 1.9833, 2.0, 2.0167, 2.0333, 2.05, 2.0667, 2.0833, 2.1, 2.1167, 2.1333, 2.15, 2.1667, 2.1833, 2.2],
            "transform": [
                [0.999999, 0.000792, -0.001161, 0.0, 4.9e-05, 0.806145, 0.591718, 0.37472, 0.001404, -0.591718, 0.806143, 0.0, 0.0, 0.0, 0.0, 1.0],
                [0.999999, 0.000808, -0.001154, 0.0, 5e-05, 0.798337, 0.602211, 0.37472, 0.001408, -0.602212, 0.798335, 0.0, 0.0, 0.0, 0.0, 1.0],
                [0.999999, 0.000857, -0.001132, 0.0, 5.4e-05, 0.773856, 0.633361, 0.37472, 0.001419, -0.633362, 0.773854, -0.0, 0.0, 0.0, 0.0, 1.0],
