{
    "animation": [
        {
            "name": "Root",
            "time": [0.0, 0.0167, 0.0333, 0.05, 0.0667, 0.0833, 0.1, 0.1167, 0.1333, 0.15, 0.1667, 0.1833, 0.2, 0.2167, 0.2333, 0.25, 0.2667, 0.2833, 0.3, 0.3167, 0.3333, 0.35, 0.3667, 0.3833, 0.4, 0.4167, 0.4333, 0.45, 0.4667, 0.4833, 0.5, 0.5167, 0.5333, 0.55, 0.5667, 0.5833, 0.6, 0.6167, 0.6333, 0.65, 0.6667, 0.6833, 0.7, 0.7167, 0.7333, 0.75, 0.7667, 0.7833, 0.8, 0.8167, 0.8333, 0.85, 0.8667, 0.8833, 0.9, 0.9167, 0.9333, 0.95, 0.9667, 0.9833, 1.0, 1.0167, 1.0333, 1.05, 1.0667, 1.0833, 1.1, 1.1167, 1.1333, 1.15, 1.1667, 1.1833, 1.2, 1.2167, 1.2333, 1.25, 1.2667, 1.2833, 1.3, 1.3167, 1.3333, 1.35, 1.3667, 1.3833, 1.4, 1.4167, 1.4333, 1.45, 1.4667, 1.4833, 1.5, 1.5167, 1.5333, 1.55, 1.5667, 1.5833, 1.6, 1.6167, 1.6333, 1.65, 1.6667, 1.6833, 1.7, 1.7167, 1.7333, 1.75, 1.7667, 1.7833, 1.8, 1.8167, 1.8333, 1.85, 1.8667, 1.8833, 1.9, 1.9167, 1.9333, 1.95, 1.9667, 1.9833, 2.0, 2.0167, 2.0333, 2.05, 2.0667, 2.0833, 2.1, 2.1167, 2.1333, 2.15, 2.1667, 2.1833, 2.2, 2.2167, 2.2333, 2.25, 2.2667, 2.2833, 2.3, 2.3167, 2.3333, 2.35, 2.3667, 2.3833, 2.4, 2.4167, 2.4333, 2.45, 2.4667, 2.4833, 2.5, 2.5167, 2.5333, 2.55],
            "transform": [
                [1.0, 0.0, 0.0, -5e-06, 0.0, 0.0, -1.0, 0.000946, 0.0, 1.0, 0.0, 0.763972, 0.0, 0.0, 0.0, 1.0],
                [1.0, 0.0, 0.0, -5e-06, 0.0, 0.0, -1.0, 0.000946, 0.0, 1.0, 0.0, 0.763472, 0.0, 0.0, 0.0, 1.0],
                [1.0, 0.0, 0.0, -5e-06, 0.0, 0.0, -1.0, 0.000946, 0.0, 1.0, 0.0, 0.761923, 0.0, 0.0, 0.0, 1.0],
                [1.0, 0.0, 0.0, -5e-06, 0.0, 0.0, -1.0, 0.000946, 0.0, 1.0, 0.0, 0.759265, 0.0, 0.0, 0.0, 1.0],
                [1.0, 0.0, 0.0, -5e-06, 0.0, 0.0, -1.0, 0.000946, 0.0, 1.0, 0.0, 0.755484, 0.0, 0.0, 0.0, 1.0],
                [1.0, 0.0, 0.0, -5e-06, 0.0, 0.0, -1.0, 0.000946, 0.0, 1.0, 0.0, 0.75063, 0.0, 0.0, 0.0, 1.0],
                [1.0, 0.0, 0.0, -5e-06, 0.0, 0.0, -1.0, 0.000946, 0.0, 1.0, 0.0, 0.744832, 0.0, 0.0, 0.0, 1.0],
                [1.0, 0.0, 0.0, -5e-06, 0.0, 0.0, -1.0, 0.000946, 0.0, 1.0, 0.0, 0.7383, 0.0, 0.0, 0.0, 1.0],
                [1.0, 0.0, 0.0, -5e-06, 0.0, 0.0, -1.0, 0.000946, 0.0, 1.0, 0.0, 0.731296, 0.0, 0.0, 0.0, 1.0],
                [1.0, 0.0, 0.0, -5e-06, 0.0, 0.0, -1.0, 0.000946, 0.0, 1.0, 0.0, 0.724101, 0.0, 0.0, 0.0, 1.0],
                [1.0, 0.0, 0.0, -5e-06, 0.0, 0.0, -1.0, 0.000946, 0.0, 1.0, 0.0, 0.71697, 0.0, 0.0, 0.0, 1.0],
                [1.0, 0.0, 0.0, -5e-06, 0.0, 0.0, -1.0, 0.000946, 0.0, 1.0, 0.0, 0.71011, 0.0, 0.0, 0.0, 1.0],
                [1.0, 0.0, 0.0, -5e-06, 0.0, 0.0, -1.0, 0.000946, 0.0, 1.0, 0.0, 0.703664, 0.0, 0.0, 0.0, 1.0],
                [1.0, 0.0, 0.0, -5e-06, 0.0, 0.0, -1.0, 0.000946, 0.0, 1.0, 0.0, 0.697722, 0.0, 0.0, 0.0, 1.0],
                [1.0, 0.0, 0.0, -5e-06, 0.0, 0.0, -1.0, 0.004826, 0.0, 1.0, 0.0, 0.691546, 0.0, 0.0, 0.0, 1.0],
                [1.0, 0.0, 0.0, -5e-06, 0.0, 0.0, -1.0, 0.016539, 0.0, 1.0, 0.0, 0.684401, 0.0, 0.0, 0.0, 1.0],
                [1.0, 0.0, 0.0, -5e-06, 0.0, 0.0, -1.0, 0.035852, 0.0, 1.0, 0.0, 0.676414, 0.0, 0.0, 0.0, 1.0],
                [1.0, 0.0, 0.0, -5e-06, 0.0, 0.0, -1.0, 0.061919, 0.0, 1.0, 0.0, 0.667814, 0.0, 0.0, 0.0, 1.0],
                [1.0, 0.0, 0.0, -5e-06, 0.0, 0.0, -1.0, 0.093134, 0.0, 1.0, 0.0, 0.658951, 0.0, 0.0, 0.0, 1.0],
                [1.0, 0.0, 0.0, -5e-06, 0.0, 0.0, -1.0, 0.127156, 0.0, 1.0, 0.0, 0.650267, 0.0, 0.0, 0.0, 1.0],
                [1.0, 0.0, 0.0, -5e-06, 0.0, 0.0, -1.0, 0.161178, 0.0, 1.0, 0.0, 0.642241, 0.0, 0.0, 0.0, 1.0],
                [1.0, 0.0, 0.0, -5e-06, 0.0, 0.0, -1.0, 0.192394, 0.0, 1.0, 0.0, 0.635305, 0.0, 0.0, 0.0, 1.0],
                [1.0, 0.0, 0.0, -5e-06, 0.0, 0.0, -1.0, 0.218461, 0.0, 1.0, 0.0, 0.629775, 0.0, 0.0, 0.0, 1.0],
                [1.0, 0.0, 0.0, -5e-06, 0.0, 0.0, -1.0, 0.237774, 0.0, 1.0, 0.0, 0.625825, 0.0, 0.0, 0.0, 1.0],
                [1.0, 0.0, 0.0, -5e-06, 0.0, 0.0, -1.0, 0.249486, 0.0, 1.0, 0.0, 0.623497, 0.0, 0.0, 0.0, 1.0],
                [1.0, 0.0, 0.0, -5e-06, 0.0, 0.0, -1.0, 0.253366, 0.0, 1.0, 0.0, 0.622742, 0.0, 0.0, 0.0, 1.0],
                [1.0, 0.0, 0.0, -5e-06, 0.0, 0.0, -1.0, 0.253172, 0.0, 1.0, 0.0, 0.622742, 0.0, 0.0, 0.0, 1.0],
                [1.0, 0.0, 0.0, -5e-06, 0.0, 0.0, -1.0, 0.252578, 0.0, 1.0, 0.0, 0.622742, 0.0, 0.0, 0.0, 1.0],
                [1.0, 0.0, 0.0, -5e-06, 0.0, 0.0, -1.0, 0.251574, 0.0, 1.0, 0.0, 0.622742, 0.0, 0.0, 0.0, 1.0],
                [1.0, 0.0, 0.0, -5e-06, 0.0, 0.0, -1.0, 0.250155, 0.0, 1.0, 0.0, 0.622742, 0.0, 0.0, 0.0, 1.0],
                [1.0, 0.0, 0.0, -5e-06, 0.0, 0.0, -1.0, 0.248324, 0.0, 1.0, 0.0, 0.622742, 0.0, 0.0, 0.0, 1.0],
                [1.0, 0.0, 0.0, -5e-06, 0.0, 0.0, -1.0, 0.246092, 0.0, 1.0, 0.0, 0.622742, 0.0, 0.0, 0.0, 1.0],
                [1.0, 0.0, 0.0, -5e-06, 0.0, 0.0, -1.0, 0.243483, 0.0, 1.0, 0.0, 0.622742, 0.0, 0.0, 0.0, 1.0],
                [1.0, 0.0, 0.0, -5e-06, 0.0, 0.0, -1.0, 0.240532, 0.0, 1.0, 0.0, 0.622742, 0.0, 0.0, 0.0, 1.0],
                [1.0, 0.0, 0.0, -5e-06, 0.0, 0.0, -1.0, 0.237287, 0.0, 1.0, 0.0, 0.622742, 0.0, 0.0, 0.0, 1.0],
                [1.0, 0.0, 0.0, -5e-06, 0.0, 0.0, -1.0, 0.233809, 0.0, 1.0, 0.0, 0.622742, 0.0, 0.0, 0.0, 1.0],
                [1.0, 0.0, 0.0, -5e-06, 0.0, 0.0, -1.0, 0.230165, 0.0, 1.0, 0.0, 0.622742, 0.0, 0.0, 0.0, 1.0],
                [1.0, 0.0, 0.0, -5e-06, 0.0, 0.0, -1.0, 0.226431, 0.0, 1.0, 0.0, 0.622742, 0.0, 0.0, 0.0, 1.0],
                [1.0, 0.0, 0.0, -5e-06, 0.0, 0.0, -1.0, 0.22268, 0.0, 1.0, 0.0, 0.622742, 0.0, 0.0, 0.0, 1.0],
                [1.0, 0.0, 0.0, -5e-06, 0.0, 0.0, -1.0, 0.218985, 0.0, 1.0, 0.0, 0.622742, 0.0, 0.0, 0.0, 1.0],
                [1.0, 0.0, 0.0, -5e-06, 0.0, 0.0, -1.0, 0.215409, 0.0, 1.0, 0.0, 0.622742, 0.0, 0.0, 0.0, 1.0],
                [1.0, 0.0, 0.0, -5e-06, 0.0, 0.0, -1.0, 0.212007, 0.0, 1.0, 0.0, 0.622742, 0.0, 0.0, 0.0, 1.0],
                [1.0, 0.0, 0.0, -5e-06, 0.0, 0.0, -1.0, 0.208823, 0.0, 1.0, 0.0, 0.622742, 0.0, 0.0, 0.0, 1.0],
                [1.0, 0.0, 0.0, -5e-06, 0.0, 0.0, -1.0, 0.205889, 0.0, 1.0, 0.0, 0.622742, 0.0, 0.0, 0.0, 1.0],
                [1.0, 0.0, 0.0, -5e-06, 0.0, 0.0, -1.0, 0.20323, 0.0, 1.0, 0.0, 0.622742, 0.0, 0.0, 0.0, 1.0],
                [1.0, 0.0, 0.0, -5e-06, 0.0, 0.0, -1.0, 0.200858, 0.0, 1.0, 0.0, 0.622742, 0.0, 0.0, 0.0, 1.0],
                [1.0, 0.0, 0.0, -5e-06, 0.0, 0.0, -1.0, 0.198781, 0.0, 1.0, 0.0, 0.622742, 0.0, 0.0, 0.0, 1.0],
                [1.0, 0.0, 0.0, -5e-06, 0.0, 0.0, -1.0, 0.197013, 0.0, 1.0, 0.0, 0.622742, 0.0, 0.0, 0.0, 1.0],
                [1.0, 0.0, 0.0, -5e-06, 0.0, 0.0, -1.0, 0.195565, 0.0, 1.0, 0.0, 0.622742, 0.0, 0.0, 0.0, 1.0],
                [1.0, 0.0, 0.0, -5e-06, 0.0, 0.0, -1.0, 0.194425, 0.0, 1.0, 0.0, 0.622742, 0.0, 0.0, 0.0, 1.0],
                [1.0, 0.0, 0.0, -5e-06, 0.0, 0.0, -1.0, 0.193565, 0.0, 1.0, 0.0, 0.622742, 0.0, 0.0, 0.0, 1.0],
                [1.0, 0.0, 0.0, -5e-06, 0.0, 0.0, -1.0, 0.192941, 0.0, 1.0, 0.0, 0.622742, 0.0, 0.0, 0.0, 1.0],
                [1.0, 0.0, 0.0, -5e-06, 0.0, 0.0, -1.0, 0.192488, 0.0, 1.0, 0.0, 0.622742, 0.0, 0.0, 0.0, 1.0],
                [1.0, 0.0, 0.0, -5e-06, 0.0, 0.0, -1.0, 0.192123, 0.0, 1.0, 0.0, 0.622742, 0.0, 0.0, 0.0, 1.0],
                [1.0, 0.0, 0.0, -5e-06, 0.0, 0.0, -1.0, 0.191748, 0.0, 1.0, 0.0, 0.622742, 0.0, 0.0, 0.0, 1.0],
                [1.0, 0.0, 0.0, -5e-06, 0.0, 0.0, -1.0, 0.19126, 0.0, 1.0, 0.0, 0.622742, 0.0, 0.0, 0.0, 1.0],
                [1.0, 0.0, 0.0, -5e-06, 0.0, 0.0, -1.0, 0.190561, 0.0, 1.0, 0.0, 0.622742, 0.0, 0.0, 0.0, 1.0],
                [1.0, 0.0, 0.0, -5e-06, 0.0, 0.0, -1.0, 0.189566, 0.0, 1.0, 0.0, 0.622742, 0.0, 0.0, 0.0, 1.0],
                [1.0, 0.0, 0.0, -5e-06, 0.0, 0.0, -1.0, 0.188211, 0.0, 1.0, 0.0, 0.622742, 0.0, 0.0, 0.0, 1.0],
                [1.0, 0.0, 0.0, -5e-06, 0.0, 0.0, -1.0, 0.186456, 0.0, 1.0, 0.0, 0.622742, 0.0, 0.0, 0.0, 1.0],
                [1.0, 0.0, 0.0, -5e-06, 0.0, 0.0, -1.0, 0.184278, 0.0, 1.0, 0.0, 0.622742, 0.0, 0.0, 0.0, 1.0],
                [1.0, 0.0, 0.0, -5e-06, 0.0, 0.0, -1.0, 0.181675, 0.0, 1.0, 0.0, 0.622742, 0.0, 0.0, 0.0, 1.0],
                [1.0, 0.0, 0.0, -5e-06, 0.0, 0.0, -1.0, 0.178655, 0.0, 1.0, 0.0, 0.622742, 0.0, 0.0, 0.0, 1.0],
                [1.0, 0.0, 0.0, -5e-06, 0.0, 0.0, -1.0, 0.176074, 0.0, 1.0, 0.0, 0.622742, 0.0, 0.0, 0.0, 1.0],
                [1.0, 0.0, 0.0, -5e-06, 0.0, 0.0, -1.0, 0.17423, 0.0, 1.0, 0.0, 0.622742, 0.0, 0.0, 0.0, 1.0],
                [1.0, 0.0, 0.0, -5e-06, 0.0, 0.0, -1.0, 0.17172, 0.0, 1.0, 0.0, 0.622742, 0.0, 0.0, 0.0, 1.0],
                [1.0, 0.0, 0.0, -5e-06, 0.0, 0.0, -1.0, 0.166749, 0.0, 1.0, 0.0, 0.622742, 0.0, 0.0, 0.0, 1.0],
                [1.0, 0.0, 0.0, -5e-06, 0.0, 0.0, -1.0, 0.158142, 0.0, 1.0, 0.0, 0.622742, 0.0, 0.0, 0.0, 1.0],
                [1.0, 0.0, 0.0, -5e-06, 0.0, 0.0, -1.0, 0.145815, 0.0, 1.0, 0.0, 0.622742, 0.0, 0.0, 0.0, 1.0],
                [0.999084, 0.0, -0.042794, -5e-06, -0.042794, 0.0, -0.999084, 0.119299, 0.0, 1.0, 0.0, 0.619002, 0.0, 0.0, 0.0, 1.0],
                [0.985279, 0.0, -0.170956, -5e-06, -0.170956, 0.0, -0.985279, 0.069006, 0.0, 1.0, 0.0, 0.607968, 0.0, 0.0, 0.0, 1.0],
                [0.936441, 0.0, -0.350826, -5e-06, -0.350826, 0.0, -0.936441, 0.005527, 0.0, 1.0, 0.0, 0.592461, 0.0, 0.0, 0.0, 1.0],
                [0.858488, 0.0, -0.512834, -5e-06, -0.512834, 0.0, -0.858488, -0.05263, 0.0, 1.0, 0.0, 0.57778, 0.0, 0.0, 0.0, 1.0],
                [0.789507, 0.0, -0.613741, -5e-06, -0.613741, 0.0, -0.789507, -0.092525, 0.0, 1.0, 0.0, 0.567835, 0.0, 0.0, 0.0, 1.0],
                [0.739428, 0.0, -0.673235, -5e-06, -0.673235, 0.0, -0.739428, -0.119164, 0.0, 1.0, 0.0, 0.561482, 0.0, 0.0, 0.0, 1.0],
                [0.699282, 0.0, -0.714846, -5e-06, -0.714846, 0.0, -0.699282, -0.139494, 0.0, 1.0, 0.0, 0.55673, 0.0, 0.0, 0.0, 1.0],
                [0.67196, 0.0, -0.740587, -5e-06, -0.740587, 0.0, -0.67196, -0.152482, 0.0, 1.0, 0.0, 0.553629, 0.0, 0.0, 0.0, 1.0],
                [0.655142, 0.0, -0.755505, -5e-06, -0.755505, 0.0, -0.655142, -0.158804, 0.0, 1.0, 0.0, 0.551764, 0.0, 0.0, 0.0, 1.0],
                [0.642776, 0.0, -0.766055, -5e-06, -0.766055, 0.0, -0.642776, -0.16081, 0.0, 1.0, 0.0, 0.550411, 0.0, 0.0, 0.0, 1.0],
                [0.629307, 0.0, -0.777157, -5e-06, -0.777157, 0.0, -0.629307, -0.161048, 0.0, 1.0, 0.0, 0.548955, 0.0, 0.0, 0.0, 1.0],
                [0.614226, 0.0, -0.78913, -5e-06, -0.78913, 0.0, -0.614226, -0.160819, 0.0, 1.0, 0.0, 0.547344, 0.0, 0.0, 0.0, 1.0],
                [0.599503, 0.0, -0.800372, -5e-06, -0.800372, 0.0, -0.599503, -0.160122, 0.0, 1.0, 0.0, 0.545788, 0.0, 0.0, 0.0, 1.0],
                [0.585201, 0.0, -0.810888, -5e-06, -0.810888, 0.0, -0.585201, -0.158937, 0.0, 1.0, 0.0, 0.544293, 0.0, 0.0, 0.0, 1.0],
                [0.571381, 0.0, -0.820685, -5e-06, -0.820685, 0.0, -0.571381, -0.157248, 0.0, 1.0, 0.0, 0.542861, 0.0, 0.0, 0.0, 1.0],
                [0.558105, 0.0, -0.82977, -5e-06, -0.82977, 0.0, -0.558105, -0.15504, 0.0, 1.0, 0.0, 0.541496, 0.0, 0.0, 0.0, 1.0],
                [0.54543, 0.0, -0.838157, -5e-06, -0.838157, 0.0, -0.54543, -0.152303, 0.0, 1.0, 0.0, 0.540202, 0.0, 0.0, 0.0, 1.0],
                [0.533409, 0.0, -0.845858, -5e-06, -0.845858, 0.0, -0.533409, -0.149028, 0.0, 1.0, 0.0, 0.538983, 0.0, 0.0, 0.0, 1.0],
                [0.522093, 0.0, -0.852889, -5e-06, -0.852889, 0.0, -0.522093, -0.145213, 0.0, 1.0, 0.0, 0.537842, 0.0, 0.0, 0.0, 1.0],
                [0.511523, 0.0, -0.859269, -5e-06, -0.859269, 0.0, -0.511523, -0.140861, 0.0, 1.0, 0.0, 0.536781, 0.0, 0.0, 0.0, 1.0],
                [0.501736, 0.0, -0.865021, -5e-06, -0.865021, 0.0, -0.501736, -0.135979, 0.0, 1.0, 0.0, 0.535803, 0.0, 0.0, 0.0, 1.0],
                [0.492755, 0.0, -0.870168, -5e-06, -0.870168, 0.0, -0.492755, -0.130585, 0.0, 1.0, 0.0, 0.534909, 0.0, 0.0, 0.0, 1.0],
                [0.484598, 0.0, -0.874737, -5e-06, -0.874737, 0.0, -0.484598, -0.124701, 0.0, 1.0, 0.0, 0.534099, 0.0, 0.0, 0.0, 1.0],
                [0.477267, 0.0, -0.878758, -5e-06, -0.878758, 0.0, -0.477267, -0.118359, 0.0, 1.0, 0.0, 0.533373, 0.0, 0.0, 0.0, 1.0],
                [0.470754, 0.0, -0.882264, -5e-06, -0.882264, 0.0, -0.470754, -0.111595, 0.0, 1.0, 0.0, 0.53273, 0.0, 0.0, 0.0, 1.0],
                [0.465041, 0.0, -0.885289, -5e-06, -0.885289, 0.0, -0.465041, -0.104454, 0.0, 1.0, 0.0, 0.532166, 0.0, 0.0, 0.0, 1.0],
                [0.460094, 0.0, -0.88787, -5e-06, -0.88787, 0.0, -0.460094, -0.096987, 0.0, 1.0, 0.0, 0.531679, 0.0, 0.0, 0.0, 1.0],
                [0.455874, 0.0, -0.890045, -5e-06, -0.890045, 0.0, -0.455874, -0.089245, 0.0, 1.0, 0.0, 0.531264, 0.0, 0.0, 0.0, 1.0],
                [0.452329, 0.0, -0.891851, -5e-06, -0.891851, 0.0, -0.452329, -0.081284, 0.0, 1.0, 0.0, 0.530916, 0.0, 0.0, 0.0, 1.0],
                [0.449402, 0.0, -0.89333, -5e-06, -0.89333, 0.0, -0.449402, -0.073162, 0.0, 1.0, 0.0, 0.530628, 0.0, 0.0, 0.0, 1.0],
                [0.447032, 0.0, -0.894518, -5e-06, -0.894518, 0.0, -0.447032, -0.064933, 0.0, 1.0, 0.0, 0.530396, 0.0, 0.0, 0.0, 1.0],
                [0.445154, 0.0, -0.895454, -5e-06, -0.895454, 0.0, -0.445154, -0.05665, 0.0, 1.0, 0.0, 0.530212, 0.0, 0.0, 0.0, 1.0],
                [0.443704, 0.0, -0.896173, -5e-06, -0.896173, 0.0, -0.443704, -0.048362, 0.0, 1.0, 0.0, 0.53007, 0.0, 0.0, 0.0, 1.0],
                [0.442619, 0.0, -0.89671, -5e-06, -0.89671, 0.0, -0.442619, -0.040114, 0.0, 1.0, 0.0, 0.529963, 0.0, 0.0, 0.0, 1.0],
                [0.441836, 0.0, -0.897096, -5e-06, -0.897096, 0.0, -0.441836, -0.031946, 0.0, 1.0, 0.0, 0.529887, 0.0, 0.0, 0.0, 1.0],
                [0.4413, 0.0, -0.89736, -5e-06, -0.89736, 0.0, -0.4413, -0.023892, 0.0, 1.0, 0.0, 0.529834, 0.0, 0.0, 0.0, 1.0],
                [0.440956, 0.0, -0.897529, -5e-06, -0.897529, 0.0, -0.440956, -0.015984, 0.0, 1.0, 0.0, 0.529801, 0.0, 0.0, 0.0, 1.0],
                [0.440757, 0.0, -0.897626, -5e-06, -0.897626, 0.0, -0.440757, -0.008244, 0.0, 1.0, 0.0, 0.529781, 0.0, 0.0, 0.0, 1.0],
                [0.44066, 0.0, -0.897674, -5e-06, -0.897674, 0.0, -0.44066, -0.000693, 0.0, 1.0, 0.0, 0.529772, 0.0, 0.0, 0.0, 1.0],
                [0.440625, 0.0, -0.897691, -5e-06, -0.897691, 0.0, -0.440625, 0.006653, 0.0, 1.0, 0.0, 0.529768, 0.0, 0.0, 0.0, 1.0],
                [0.440621, 0.0, -0.897693, -5e-06, -0.897693, 0.0, -0.440621, 0.013782, 0.0, 1.0, 0.0, 0.529768, 0.0, 0.0, 0.0, 1.0],
                [0.441716, 0.0, -0.897155, 0.000251, -0.897155, 0.0, -0.441716, 0.020995, 0.0, 1.0, 0.0, 0.52995, 0.0, 0.0, 0.0, 1.0],
                [0.445016, 0.0, -0.895523, 0.001021, -0.895523, 0.0, -0.445016, 0.028597, 0.0, 1.0, 0.0, 0.530499, 0.0, 0.0, 0.0, 1.0],
                [0.450531, 0.0, -0.892761, 0.002309, -0.892761, 0.0, -0.450531, 0.036585, 0.0, 1.0, 0.0, 0.531417, 0.0, 0.0, 0.0, 1.0],
                [0.458267, 0.0, -0.888815, 0.004118, -0.888815, 0.0, -0.458267, 0.044955, 0.0, 1.0, 0.0, 0.532707, 0.0, 0.0, 0.0, 1.0],
                [0.468209, 0.0, -0.883618, 0.00645, -0.883618, 0.0, -0.468209, 0.0537, 0.0, 1.0, 0.0, 0.534369, 0.0, 0.0, 0.0, 1.0],
                [0.480334, 0.0, -0.877086, 0.009302, -0.877086, 0.0, -0.480334, 0.062811, 0.0, 1.0, 0.0, 0.536403, 0.0, 0.0, 0.0, 1.0],
                [0.494595, 0.0, -0.869124, 0.012671, -0.869124, 0.0, -0.494595, 0.072276, 0.0, 1.0, 0.0, 0.538805, 0.0, 0.0, 0.0, 1.0],
                [0.510926, 0.0, -0.859625, 0.016551, -0.859625, 0.0, -0.510926, 0.08208, 0.0, 1.0, 0.0, 0.54157, 0.0, 0.0, 0.0, 1.0],
                [0.529238, 0.0, -0.848473, 0.020931, -0.848473, 0.0, -0.529238, 0.092208, 0.0, 1.0, 0.0, 0.544693, 0.0, 0.0, 0.0, 1.0],
                [0.549414, 0.0, -0.835551, 0.0258, -0.835551, 0.0, -0.549414, 0.102638, 0.0, 1.0, 0.0, 0.548164, 0.0, 0.0, 0.0, 1.0],
                [0.571304, 0.0, -0.820738, 0.03114, -0.820738, 0.0, -0.571304, 0.113346, 0.0, 1.0, 0.0, 0.551972, 0.0, 0.0, 0.0, 1.0],
                [0.594731, 0.0, -0.803925, 0.036933, -0.803925, 0.0, -0.594731, 0.124307, 0.0, 1.0, 0.0, 0.556102, 0.0, 0.0, 0.0, 1.0],
                [0.619483, 0.0, -0.78501, 0.043155, -0.78501, 0.0, -0.619483, 0.135489, 0.0, 1.0, 0.0, 0.560538, 0.0, 0.0, 0.0, 1.0],
                [0.645316, 0.0, -0.763916, 0.049777, -0.763916, 0.0, -0.645316, 0.146858, 0.0, 1.0, 0.0, 0.565259, 0.0, 0.0, 0.0, 1.0],
                [0.671954, 0.0, -0.740593, 0.056768, -0.740593, 0.0, -0.671954, 0.158378, 0.0, 1.0, 0.0, 0.570243, 0.0, 0.0, 0.0, 1.0],
                [0.699098, 0.0, -0.715026, 0.064093, -0.715026, 0.0, -0.699098, 0.170008, 0.0, 1.0, 0.0, 0.575465, 0.0, 0.0, 0.0, 1.0],
                [0.726426, 0.0, -0.687244, 0.071711, -0.687244, 0.0, -0.726426, 0.181705, 0.0, 1.0, 0.0, 0.580897, 0.0, 0.0, 0.0, 1.0],
                [0.753608, 0.0, -0.657325, 0.07958, -0.657325, 0.0, -0.753608, 0.193424, 0.0, 1.0, 0.0, 0.586507, 0.0, 0.0, 0.0, 1.0],
                [0.780307, 0.0, -0.625397, 0.087654, -0.625397, 0.0, -0.780307, 0.205117, 0.0, 1.0, 0.0, 0.592263, 0.0, 0.0, 0.0, 1.0],
                [0.806199, 0.0, -0.591644, 0.095884, -0.591644, 0.0, -0.806199, 0.216735, 0.0, 1.0, 0.0, 0.59813, 0.0, 0.0, 0.0, 1.0],
                [0.830979, 0.0, -0.556303, 0.104219, -0.556303, 0.0, -0.830979, 0.228229, 0.0, 1.0, 0.0, 0.604073, 0.0, 0.0, 0.0, 1.0],
                [0.854376, 0.0, -0.519656, 0.112608, -0.519656, 0.0, -0.854376, 0.239549, 0.0, 1.0, 0.0, 0.610053, 0.0, 0.0, 0.0, 1.0],
                [0.876157, 0.0, -0.482026, 0.120996, -0.482026, 0.0, -0.876157, 0.250646, 0.0, 1.0, 0.0, 0.616033, 0.0, 0.0, 0.0, 1.0],
                [0.896142, 0.0, -0.443768, 0.129331, -0.443768, 0.0, -0.896142, 0.261472, 0.0, 1.0, 0.0, 0.621976, 0.0, 0.0, 0.0, 1.0],
                [0.914204, 0.0, -0.405253, 0.137561, -0.405253, 0.0, -0.914204, 0.27198, 0.0, 1.0, 0.0, 0.627843, 0.0, 0.0, 0.0, 1.0],
                [0.930276, 0.0, -0.366861, 0.145635, -0.366861, 0.0, -0.930276, 0.282127, 0.0, 1.0, 0.0, 0.6336, 0.0, 0.0, 0.0, 1.0],
                [0.944342, 0.0, -0.328965, 0.153504, -0.328965, 0.0, -0.944342, 0.291872, 0.0, 1.0, 0.0, 0.63921, 0.0, 0.0, 0.0, 1.0],
                [0.956443, 0.0, -0.291921, 0.161122, -0.291921, 0.0, -0.956443, 0.301178, 0.0, 1.0, 0.0, 0.644641, 0.0, 0.0, 0.0, 1.0],
                [0.966661, 0.0, -0.25606, 0.168447, -0.25606, 0.0, -0.966661, 0.310012, 0.0, 1.0, 0.0, 0.649863, 0.0, 0.0, 0.0, 1.0],
                [0.97512, 0.0, -0.221679, 0.175438, -0.221679, 0.0, -0.97512, 0.318345, 0.0, 1.0, 0.0, 0.654847, 0.0, 0.0, 0.0, 1.0],
                [0.981969, 0.0, -0.18904, 0.18206, -0.18904, 0.0, -0.981969, 0.32615, 0.0, 1.0, 0.0, 0.659569, 0.0, 0.0, 0.0, 1.0],
                [0.987381, 0.0, -0.158362, 0.188282, -0.158362, 0.0, -0.987381, 0.333408, 0.0, 1.0, 0.0, 0.664004, 0.0, 0.0, 0.0, 1.0],
                [0.991537, 0.0, -0.129826, 0.194075, -0.129826, 0.0, -0.991537, 0.3401, 0.0, 1.0, 0.0, 0.668134, 0.0, 0.0, 0.0, 1.0],
                [0.994622, 0.0, -0.103576, 0.199416, -0.103576, 0.0, -0.994622, 0.346214, 0.0, 1.0, 0.0, 0.671942, 0.0, 0.0, 0.0, 1.0],
                [0.996817, 0.0, -0.079718, 0.204284, -0.079718, 0.0, -0.996817, 0.351739, 0.0, 1.0, 0.0, 0.675413, 0.0, 0.0, 0.0, 1.0],
                [0.998297, 0.0, -0.058329, 0.208665, -0.058329, 0.0, -0.998297, 0.356671, 0.0, 1.0, 0.0, 0.678536, 0.0, 0.0, 0.0, 1.0],
                [0.999221, 0.0, -0.039458, 0.212544, -0.039458, 0.0, -0.999221, 0.361006, 0.0, 1.0, 0.0, 0.681302, 0.0, 0.0, 0.0, 1.0],
                [0.999732, 0.0, -0.023133, 0.215913, -0.023133, 0.0, -0.999732, 0.364743, 0.0, 1.0, 0.0, 0.683704, 0.0, 0.0, 0.0, 1.0],
                [0.999956, 0.0, -0.009363, 0.218765, -0.009363, 0.0, -0.999956, 0.367886, 0.0, 1.0, 0.0, 0.685737, 0.0, 0.0, 0.0, 1.0],
                [0.999998, 0.0, 0.001857, 0.221097, 0.001857, 0.0, -0.999998, 0.370439, 0.0, 1.0, 0.0, 0.687399, 0.0, 0.0, 0.0, 1.0],
                [0.999944, 0.0, 0.01054, 0.222906, 0.01054, 0.0, -0.999944, 0.372409, 0.0, 1.0, 0.0, 0.688689, 0.0, 0.0, 0.0, 1.0],
                [0.99986, 0.0, 0.016708, 0.224195, 0.016708, 0.0, -0.99986, 0.373803, 0.0, 1.0, 0.0, 0.689608, 0.0, 0.0, 0.0, 1.0],
                [0.999792, 0.0, 0.020389, 0.224964, 0.020389, 0.0, -0.999792, 0.374632, 0.0, 1.0, 0.0, 0.690157, 0.0, 0.0, 0.0, 1.0],
                [0.999767, 0.0, 0.021609, 0.22522, 0.021609, 0.0, -0.999767, 0.374906, 0.0, 1.0, 0.0, 0.690339, 0.0, 0.0, 0.0, 1.0]
            ]
        },
        {
            "name": "Thigh_R",
            "time": [0.0, 0.0167, 0.0333, 0.05, 0.0667, 0.0833, 0.1, 0.1167, 0.1333, 0.15, 0.1667, 0.1833, 0.2, 0.2167, 0.2333, 0.25, 0.2667, 0.2833, 0.3, 0.3167, 0.3333, 0.35, 0.3667, 0.3833, 0.4, 0.4167, 0.4333, 0.45, 0.4667, 0.4833, 0.5, 0.5167, 0.5333, 0.55, 0.5667, 0.5833, 0.6, 0.6167, 0.6333, 0.65, 0.6667, 0.6833, 0.7, 0.7167, 0.7333, 0.75, 0.7667, 0.7833, 0.8, 0.8167, 0.8333, 0.85, 0.8667, 0.8833, 0.9, 0.9167, 0.9333, 0.95, 0.9667, 0.9833, 1.0, 1.0167, 1.0333, 1.05, 1.0667, 1.0833, 1.1, 1.1167, 1.1333, 1.15, 1.1667, 1.1833, 1.2, 1.2167, 1.2333, 1.25, 1.2667, 1.2833, 1.3, 1.3167, 1.3333, 1.35, 1.3667, 1.3833, 1.4, 1.4167, 1.4333, 1.45, 1.4667, 1.4833, 1.5, 1.5167, 1.5333, 1.55, 1.5667, 1.5833, 1.6, 1.6167, 1.6333, 1.65, 1.6667, 1.6833, 1.7, 1.7167, 1.7333, 1.75, 1.7667, 1.7833, 1.8, 1.8167, 1.8333, 1.85, 1.8667, 1.8833, 1.9, 1.9167, 1.9333, 1.95, 1.9667, 1.9833, 2.0, 2.0167, 2.0333, 2.05, 2.0667, 2.0833, 2.1, 2.1167, 2.1333, 2.15, 2.1667, 2.1833, 2.2, 2.2167, 2.2333, 2.25, 2.2667, 2.2833, 2.3, 2.3167, 2.3333, 2.35, 2.3667, 2.3833, 2.4, 2.4167, 2.4333, 2.45, 2.4667, 2.4833, 2.5, 2.5167, 2.5333, 2.55],
            "transform": [
                [0.975525, 0.179948, 0.12637, 0.124994, 0.156289, -0.971687, 0.177184, -0.002831, 0.154677, -0.153096, -0.976031, -1.2e-05, 0.0, 0.0, 0.0, 1.0],
                [0.975533, 0.179898, 0.126375, 0.124994, 0.156242, -0.971698, 0.177163, -0.002831, 0.15467, -0.153082, -0.976035, -1.2e-05, 0.0, 0.0, 0.0, 1.0],
                [0.975558, 0.179744, 0.126401, 0.124994, 0.156105, -0.971744, 0.177031, -0.002831, 0.15465, -0.152971, -0.976055, -1.2e-05, 0.0, 0.0, 0.0, 1.0],
                [0.975597, 0.179482, 0.126472, 0.124994, 0.155891, -0.971846, 0.176661, -0.002831, 0.154619, -0.152634, -0.976113, -1.2e-05, 0.0, 0.0, 0.0, 1.0],
                [0.975647, 0.17911, 0.126617, 0.124994, 0.155619, -0.972028, 0.175897, -0.002831, 0.15458, -0.151908, -0.976232, -1.2e-05, 0.0, 0.0, 0.0, 1.0],
                [0.975701, 0.178636, 0.126867, 0.124994, 0.155321, -0.972318, 0.174556, -0.002831, 0.154538, -0.150608, -0.97644, -1.2e-05, 0.0, 0.0, 0.0, 1.0],
                [0.975753, 0.178075, 0.127258, 0.124994, 0.155035, -0.972739, 0.172451, -0.002831, 0.154498, -0.14854, -0.976763, -1.2e-05, 0.0, 0.0, 0.0, 1.0],
                [0.975794, 0.177447, 0.127816, 0.124994, 0.154804, -0.973308, 0.169419, -0.002831, 0.154467, -0.145531, -0.977221, -1.2e-05, 0.0, 0.0, 0.0, 1.0],
                [0.975818, 0.176778, 0.128562, 0.124994, 0.154672, -0.97403, 0.165343, -0.002831, 0.154452, -0.141459, -0.977821, -1.2e-05, 0.0, 0.0, 0.0, 1.0],
                [0.975817, 0.176094, 0.129502, 0.124994, 0.154672, -0.974893, 0.160175, -0.002831, 0.154457, -0.13627, -0.978557, -1.2e-05, 0.0, 0.0, 0.0, 1.0],
                [0.975788, 0.175418, 0.130632, 0.124994, 0.154827, -0.975874, 0.15393, -0.002831, 0.154483, -0.129977, -0.979409, -1.2e-05, 0.0, 0.0, 0.0, 1.0],
                [0.97573, 0.174765, 0.131938, 0.124994, 0.155149, -0.976939, 0.146677, -0.002831, 0.15453, -0.122646, -0.980346, -1.2e-05, 0.0, 0.0, 0.0, 1.0],
                [0.975641, 0.174147, 0.133402, 0.124994, 0.155639, -0.978052, 0.138513, -0.002831, 0.154596, -0.114376, -0.981335, -1.2e-05, 0.0, 0.0, 0.0, 1.0],
                [0.975525, 0.173566, 0.135002, 0.124994, 0.156289, -0.979177, 0.129548, -0.002831, 0.154677, -0.105278, -0.98234, -1.2e-05, 0.0, 0.0, 0.0, 1.0],
                [0.975251, 0.17313, 0.137513, 0.124994, 0.158288, -0.980966, 0.112457, -0.002831, 0.154366, -0.087906, -0.984096, -1.2e-05, 0.0, 0.0, 0.0, 1.0],
                [0.974688, 0.172892, 0.141739, 0.124994, 0.162863, -0.983428, 0.079632, -0.002831, 0.153158, -0.054531, -0.986696, -1.2e-05, 0.0, 0.0, 0.0, 1.0],
                [0.973841, 0.172727, 0.14764, 0.124994, 0.169931, -0.984952, 0.031444, -0.002831, 0.15085, -0.005532, -0.988542, -1.2e-05, 0.0, 0.0, 0.0, 1.0],
                [0.97274, 0.172454, 0.155034, 0.124994, 0.179169, -0.983349, -0.030321, -0.002831, 0.147223, 0.057272, -0.987444, -1.2e-05, 0.0, 0.0, 0.0, 1.0],
                [0.971442, 0.171909, 0.163546, 0.124994, 0.189965, -0.976481, -0.101949, -0.002831, 0.142173, 0.130106, -0.981254, -1.2e-05, 0.0, 0.0, 0.0, 1.0],
                [0.970028, 0.171026, 0.17261, 0.124994, 0.20147, -0.963213, -0.177837, -0.002831, 0.135846, 0.207283, -0.968804, -1.2e-05, 0.0, 0.0, 0.0, 1.0],
                [0.96859, 0.169911, 0.181557, 0.124994, 0.212758, -0.944209, -0.251396, -0.002831, 0.128713, 0.282127, -0.950704, -1.2e-05, 0.0, 0.0, 0.0, 1.0],
                [0.967202, 0.168848, 0.189761, 0.124994, 0.223057, -0.921978, -0.316541, -0.002831, 0.121508, 0.348486, -0.929405, -1.2e-05, 0.0, 0.0, 0.0, 1.0],
                [0.965916, 0.168206, 0.196756, 0.124994, 0.231891, -0.90006, -0.368937, -0.002831, 0.115035, 0.401987, -0.90839, -1.2e-05, 0.0, 0.0, 0.0, 1.0],
                [0.964751, 0.168335, 0.202282, 0.124994, 0.239078, -0.881878, -0.406362, -0.002831, 0.109983, 0.440399, -0.89104, -1.2e-05, 0.0, 0.0, 0.0, 1.0],
                [0.963713, 0.169483, 0.206231, 0.124994, 0.244635, -0.869906, -0.428269, -0.002831, 0.106817, 0.463179, -0.879804, -1.2e-05, 0.0, 0.0, 0.0, 1.0],
                [0.962801, 0.171776, 0.208582, 0.124994, 0.248646, -0.865394, -0.435046, -0.002831, 0.105775, 0.470726, -0.875916, -1.2e-05, 0.0, 0.0, 0.0, 1.0],
                [0.961946, 0.174758, 0.210045, 0.124994, 0.251872, -0.865135, -0.433703, -0.002831, 0.105924, 0.470103, -0.876232, -1.2e-05, 0.0, 0.0, 0.0, 1.0],
                [0.961081, 0.177957, 0.211316, 0.124994, 0.255006, -0.865689, -0.430756, -0.002831, 0.106278, 0.467877, -0.87738, -1.2e-05, 0.0, 0.0, 0.0, 1.0],
                [0.960209, 0.181368, 0.212375, 0.124994, 0.258033, -0.867061, -0.42617, -0.002831, 0.106849, 0.464011, -0.879361, -1.2e-05, 0.0, 0.0, 0.0, 1.0],
                [0.959336, 0.184982, 0.213205, 0.124994, 0.260935, -0.869233, -0.419933, -0.002831, 0.107645, 0.458489, -0.882157, -1.2e-05, 0.0, 0.0, 0.0, 1.0],
                [0.958466, 0.188779, 0.213787, 0.124994, 0.263692, -0.872163, -0.412061, -0.002831, 0.108669, 0.45132, -0.88572, -1.2e-05, 0.0, 0.0, 0.0, 1.0],
                [0.957607, 0.192732, 0.214109, 0.124994, 0.266283, -0.875783, -0.402609, -0.002831, 0.109917, 0.442554, -0.889979, -1.2e-05, 0.0, 0.0, 0.0, 1.0],
                [0.956766, 0.196803, 0.214163, 0.124994, 0.268686, -0.879996, -0.391678, -0.002831, 0.111379, 0.432286, -0.894831, -1.2e-05, 0.0, 0.0, 0.0, 1.0],
                [0.955953, 0.200944, 0.213949, 0.124994, 0.270881, -0.884681, -0.379421, -0.002831, 0.113034, 0.420663, -0.900148, -1.2e-05, 0.0, 0.0, 0.0, 1.0],
                [0.955176, 0.205101, 0.213475, 0.124994, 0.272851, -0.889695, -0.36605, -0.002831, 0.114851, 0.407888, -0.905779, -1.2e-05, 0.0, 0.0, 0.0, 1.0],
                [0.954443, 0.20921, 0.212763, 0.124994, 0.274584, -0.894885, -0.351825, -0.002831, 0.116793, 0.394218, -0.911565, -1.2e-05, 0.0, 0.0, 0.0, 1.0],
                [0.953763, 0.21321, 0.211841, 0.124994, 0.276077, -0.900097, -0.337051, -0.002831, 0.118814, 0.379951, -0.917344, -1.2e-05, 0.0, 0.0, 0.0, 1.0],
                [0.953141, 0.217039, 0.210748, 0.124994, 0.277331, -0.905186, -0.322058, -0.002831, 0.120867, 0.365414, -0.922965, -1.2e-05, 0.0, 0.0, 0.0, 1.0],
                [0.952582, 0.220644, 0.209531, 0.124994, 0.278356, -0.91003, -0.307181, -0.002831, 0.122902, 0.350939, -0.928298, -1.2e-05, 0.0, 0.0, 0.0, 1.0],
                [0.952087, 0.223979, 0.208238, 0.124994, 0.279172, -0.914528, -0.292741, -0.002831, 0.124872, 0.336849, -0.933242, -1.2e-05, 0.0, 0.0, 0.0, 1.0],
                [0.951656, 0.227011, 0.206919, 0.124994, 0.279799, -0.918615, -0.279026, -0.002831, 0.126737, 0.323432, -0.937726, -1.2e-05, 0.0, 0.0, 0.0, 1.0],
                [0.951288, 0.229719, 0.205619, 0.124994, 0.280263, -0.922249, -0.26628, -0.002831, 0.128463, 0.310937, -0.941709, -1.2e-05, 0.0, 0.0, 0.0, 1.0],
                [0.950979, 0.232092, 0.20438, 0.124994, 0.280592, -0.925415, -0.254699, -0.002831, 0.130023, 0.299561, -0.945176, -1.2e-05, 0.0, 0.0, 0.0, 1.0],
                [0.950725, 0.234128, 0.203236, 0.124994, 0.280812, -0.928115, -0.244424, -0.002831, 0.1314, 0.289451, -0.948131, -1.2e-05, 0.0, 0.0, 0.0, 1.0],
                [0.950521, 0.235835, 0.202215, 0.124994, 0.280947, -0.930366, -0.235552, -0.002831, 0.132582, 0.280708, -0.950592, -1.2e-05, 0.0, 0.0, 0.0, 1.0],
                [0.950362, 0.237223, 0.201336, 0.124994, 0.281019, -0.93219, -0.228136, -0.002831, 0.133564, 0.273391, -0.952585, -1.2e-05, 0.0, 0.0, 0.0, 1.0],
                [0.950244, 0.238307, 0.200613, 0.124994, 0.281048, -0.933615, -0.222198, -0.002831, 0.134344, 0.267524, -0.95414, -1.2e-05, 0.0, 0.0, 0.0, 1.0],
                [0.950158, 0.23918, 0.199978, 0.124994, 0.281049, -0.934754, -0.217352, -0.002831, 0.134944, 0.262722, -0.955389, -1.2e-05, 0.0, 0.0, 0.0, 1.0],
                [0.950102, 0.239924, 0.199353, 0.124994, 0.281031, -0.935709, -0.21323, -0.002831, 0.135378, 0.258614, -0.956447, -1.2e-05, 0.0, 0.0, 0.0, 1.0],
                [0.950075, 0.240538, 0.198741, 0.124994, 0.280995, -0.936484, -0.209846, -0.002831, 0.135642, 0.255215, -0.957323, -1.2e-05, 0.0, 0.0, 0.0, 1.0],
                [0.950077, 0.241027, 0.19814, 0.124994, 0.280943, -0.937091, -0.207189, -0.002831, 0.135737, 0.252512, -0.958026, -1.2e-05, 0.0, 0.0, 0.0, 1.0],
                [0.950105, 0.2414, 0.197548, 0.124994, 0.280879, -0.937544, -0.205218, -0.002831, 0.13567, 0.250465, -0.958572, -1.2e-05, 0.0, 0.0, 0.0, 1.0],
                [0.950157, 0.241673, 0.196962, 0.124994, 0.280805, -0.937865, -0.20385, -0.002831, 0.135458, 0.248997, -0.958985, -1.2e-05, 0.0, 0.0, 0.0, 1.0],
                [0.950228, 0.241871, 0.196376, 0.124994, 0.280725, -0.93808, -0.202967, -0.002831, 0.135125, 0.247992, -0.959292, -1.2e-05, 0.0, 0.0, 0.0, 1.0],
                [0.950312, 0.242021, 0.195786, 0.124994, 0.280645, -0.938224, -0.202411, -0.002831, 0.134703, 0.2473, -0.95953, -1.2e-05, 0.0, 0.0, 0.0, 1.0],
                [0.950401, 0.242156, 0.195184, 0.124994, 0.280568, -0.938335, -0.202004, -0.002831, 0.134232, 0.246747, -0.959738, -1.2e-05, 0.0, 0.0, 0.0, 1.0],
                [0.950489, 0.242309, 0.194566, 0.124994, 0.280501, -0.93845, -0.20156, -0.002831, 0.133751, 0.246156, -0.959957, -1.2e-05, 0.0, 0.0, 0.0, 1.0],
                [0.950569, 0.24251, 0.193926, 0.124994, 0.280446, -0.938607, -0.200905, -0.002831, 0.133299, 0.24536, -0.960224, -1.2e-05, 0.0, 0.0, 0.0, 1.0],
                [0.950634, 0.242783, 0.193261, 0.124994, 0.280408, -0.938834, -0.199894, -0.002831, 0.132909, 0.244218, -0.960569, -1.2e-05, 0.0, 0.0, 0.0, 1.0],
                [0.950682, 0.243146, 0.192568, 0.124994, 0.280389, -0.939154, -0.198415, -0.002831, 0.132607, 0.242623, -0.961015, -1.2e-05, 0.0, 0.0, 0.0, 1.0],
                [0.950709, 0.243611, 0.191846, 0.124994, 0.28039, -0.939579, -0.196391, -0.002831, 0.132411, 0.240502, -0.961575, -1.2e-05, 0.0, 0.0, 0.0, 1.0],
                [0.950714, 0.244183, 0.191094, 0.124994, 0.280411, -0.940115, -0.193779, -0.002831, 0.132333, 0.237813, -0.962254, -1.2e-05, 0.0, 0.0, 0.0, 1.0],
                [0.950696, 0.244863, 0.190312, 0.124994, 0.280452, -0.94076, -0.190561, -0.002831, 0.132377, 0.234539, -0.963051, -1.2e-05, 0.0, 0.0, 0.0, 1.0],
                [0.950695, 0.245462, 0.18954, 0.124994, 0.280478, -0.941312, -0.187777, -0.002831, 0.132324, 0.23168, -0.96375, -1.2e-05, 0.0, 0.0, 0.0, 1.0],
                [0.950735, 0.245888, 0.188786, 0.124994, 0.280472, -0.941672, -0.18597, -0.002831, 0.132047, 0.229758, -0.964249, -1.2e-05, 0.0, 0.0, 0.0, 1.0],
                [0.950766, 0.246391, 0.187974, 0.124994, 0.280481, -0.942099, -0.18378, -0.002831, 0.131809, 0.227455, -0.964827, -1.2e-05, 0.0, 0.0, 0.0, 1.0],
                [0.950719, 0.247305, 0.187009, 0.124994, 0.280563, -0.942922, -0.179386, -0.002831, 0.131972, 0.223014, -0.965841, -1.2e-05, 0.0, 0.0, 0.0, 1.0],
                [0.950547, 0.248852, 0.185826, 0.124994, 0.280754, -0.944329, -0.171511, -0.002831, 0.1328, 0.215201, -0.967498, -1.2e-05, 0.0, 0.0, 0.0, 1.0],
                [0.950244, 0.251056, 0.184409, 0.124994, 0.281048, -0.946269, -0.15995, -0.002831, 0.134344, 0.20382, -0.969747, -1.2e-05, 0.0, 0.0, 0.0, 1.0],
                [0.943655, 0.269673, 0.191811, 0.124994, 0.293035, -0.950242, -0.105672, -0.002831, 0.15377, 0.155926, -0.975727, -1.2e-05, 0.0, 0.0, 0.0, 1.0],
                [0.922555, 0.322323, 0.212131, 0.124994, 0.32296, -0.945848, 0.032631, -0.002831, 0.211161, 0.038406, -0.976697, -1.2e-05, 0.0, 0.0, 0.0, 1.0],
                [0.887656, 0.39966, 0.228773, 0.124994, 0.351058, -0.90879, 0.225511, -0.002831, 0.298034, -0.119863, -0.947, -1.2e-05, 0.0, 0.0, 0.0, 1.0],
                [0.850139, 0.473976, 0.229366, 0.124994, 0.360418, -0.841356, 0.40276, -0.002831, 0.383878, -0.259734, -0.886101, -1.2e-05, 0.0, 0.0, 0.0, 1.0],
                [0.823214, 0.523088, 0.220673, 0.124994, 0.356446, -0.778741, 0.516242, -0.002831, 0.441887, -0.346319, -0.827525, -1.2e-05, 0.0, 0.0, 0.0, 1.0],
                [0.805712, 0.553302, 0.211384, 0.124994, 0.348219, -0.73118, 0.586615, -0.002831, 0.479136, -0.399034, -0.781793, -1.2e-05, 0.0, 0.0, 0.0, 1.0],
                [0.792552, 0.575001, 0.203059, 0.124994, 0.337582, -0.69102, 0.639161, -0.002831, 0.507837, -0.438018, -0.741782, -1.2e-05, 0.0, 0.0, 0.0, 1.0],
                [0.783957, 0.588647, 0.197241, 0.124994, 0.328217, -0.662673, 0.673154, -0.002831, 0.526957, -0.462985, -0.712713, -1.2e-05, 0.0, 0.0, 0.0, 1.0],
                [0.778805, 0.596567, 0.193825, 0.124994, 0.32322, -0.646485, 0.691074, -0.002831, 0.537578, -0.475563, -0.696311, -1.2e-05, 0.0, 0.0, 0.0, 1.0],
                [0.775136, 0.602115, 0.191362, 0.124994, 0.323703, -0.6386, 0.698143, -0.002831, 0.542567, -0.47921, -0.689911, -1.2e-05, 0.0, 0.0, 0.0, 1.0],
                [0.771273, 0.607983, 0.188396, 0.124994, 0.328991, -0.634167, 0.699711, -0.002831, 0.544888, -0.477686, -0.689139, -1.2e-05, 0.0, 0.0, 0.0, 1.0],
                [0.767188, 0.614434, 0.184097, 0.124994, 0.336712, -0.630075, 0.699735, -0.002831, 0.545936, -0.474839, -0.690276, -1.2e-05, 0.0, 0.0, 0.0, 1.0],
                [0.763584, 0.620613, 0.178258, 0.124994, 0.345354, -0.625789, 0.699369, -0.002831, 0.54559, -0.472465, -0.692176, -1.2e-05, 0.0, 0.0, 0.0, 1.0],
                [0.760451, 0.626506, 0.170887, 0.124994, 0.354911, -0.621327, 0.698562, -0.002831, 0.543831, -0.470572, -0.694845, -1.2e-05, 0.0, 0.0, 0.0, 1.0],
                [0.757766, 0.632095, 0.162004, 0.124994, 0.365369, -0.616713, 0.697258, -0.002831, 0.540644, -0.469166, -0.698274, -1.2e-05, 0.0, 0.0, 0.0, 1.0],
                [0.755498, 0.637358, 0.151644, 0.124994, 0.376703, -0.611979, 0.695396, -0.002831, 0.536019, -0.468244, -0.702446, -1.2e-05, 0.0, 0.0, 0.0, 1.0],
                [0.753606, 0.642274, 0.139858, 0.124994, 0.388872, -0.607162, 0.692916, -0.002831, 0.529959, -0.467797, -0.707325, -1.2e-05, 0.0, 0.0, 0.0, 1.0],
                [0.752037, 0.646823, 0.126722, 0.124994, 0.401818, -0.602309, 0.689757, -0.002831, 0.522477, -0.467803, -0.712866, -1.2e-05, 0.0, 0.0, 0.0, 1.0],
                [0.750733, 0.650984, 0.112331, 0.124994, 0.415467, -0.597475, 0.685864, -0.002831, 0.513602, -0.46823, -0.719008, -1.2e-05, 0.0, 0.0, 0.0, 1.0],
                [0.749627, 0.65474, 0.09681, 0.124994, 0.429725, -0.59272, 0.681188, -0.002831, 0.503383, -0.469034, -0.72568, -1.2e-05, 0.0, 0.0, 0.0, 1.0],
                [0.748651, 0.65808, 0.080311, 0.124994, 0.444482, -0.588112, 0.675691, -0.002831, 0.491891, -0.470159, -0.732798, -1.2e-05, 0.0, 0.0, 0.0, 1.0],
                [0.747737, 0.660997, 0.063012, 0.124994, 0.459606, -0.583723, 0.669349, -0.002831, 0.47922, -0.471535, -0.740272, -1.2e-05, 0.0, 0.0, 0.0, 1.0],
                [0.746819, 0.663494, 0.045121, 0.124994, 0.474953, -0.579627, 0.662155, -0.002831, 0.465489, -0.473079, -0.748007, -1.2e-05, 0.0, 0.0, 0.0, 1.0],
                [0.74584, 0.665581, 0.026864, 0.124994, 0.490367, -0.575897, 0.654126, -0.002831, 0.450845, -0.474699, -0.755909, -1.2e-05, 0.0, 0.0, 0.0, 1.0],
                [0.744757, 0.667281, 0.008488, 0.124994, 0.505684, -0.572604, 0.645296, -0.002831, 0.435454, -0.476295, -0.763886, -1.2e-05, 0.0, 0.0, 0.0, 1.0],
                [0.743536, 0.668623, -0.009752, 0.124994, 0.520741, -0.56981, 0.635723, -0.002831, 0.419503, -0.47776, -0.771856, -1.2e-05, 0.0, 0.0, 0.0, 1.0],
                [0.742163, 0.66965, -0.027596, 0.124994, 0.535376, -0.567571, 0.625487, -0.002831, 0.403195, -0.478987, -0.779747, -1.2e-05, 0.0, 0.0, 0.0, 1.0],
                [0.740639, 0.670406, -0.044794, 0.124994, 0.549443, -0.56593, 0.614682, -0.002831, 0.386737, -0.479868, -0.787503, -1.2e-05, 0.0, 0.0, 0.0, 1.0],
                [0.738983, 0.670946, -0.061107, 0.124994, 0.562808, -0.56492, 0.603416, -0.002831, 0.370339, -0.480304, -0.795082, -1.2e-05, 0.0, 0.0, 0.0, 1.0],
                [0.737224, 0.671323, -0.076318, 0.124994, 0.575358, -0.564559, 0.591807, -0.002831, 0.354208, -0.480203, -0.80246, -1.2e-05, 0.0, 0.0, 0.0, 1.0],
                [0.735405, 0.671591, -0.090237, 0.124994, 0.587004, -0.564851, 0.579972, -0.002831, 0.338534, -0.479483, -0.809623, -1.2e-05, 0.0, 0.0, 0.0, 1.0],
                [0.733575, 0.671802, -0.102702, 0.124994, 0.597677, -0.565794, 0.56803, -0.002831, 0.323496, -0.478075, -0.816575, -1.2e-05, 0.0, 0.0, 0.0, 1.0],
                [0.731786, 0.672001, -0.113585, 0.124994, 0.607333, -0.56737, 0.55609, -0.002831, 0.309249, -0.475922, -0.823324, -1.2e-05, 0.0, 0.0, 0.0, 1.0],
                [0.730092, 0.672226, -0.122784, 0.124994, 0.615948, -0.569558, 0.544252, -0.002831, 0.295928, -0.472982, -0.829888, -1.2e-05, 0.0, 0.0, 0.0, 1.0],
                [0.728541, 0.672508, -0.130229, 0.124994, 0.623516, -0.572327, 0.532604, -0.002831, 0.283647, -0.469223, -0.836286, -1.2e-05, 0.0, 0.0, 0.0, 1.0],
                [0.727176, 0.672868, -0.135875, 0.124994, 0.630048, -0.575646, 0.521219, -0.002831, 0.272496, -0.464624, -0.842538, -1.2e-05, 0.0, 0.0, 0.0, 1.0],
                [0.726033, 0.673319, -0.139697, 0.124994, 0.635566, -0.579478, 0.510156, -0.002831, 0.262546, -0.459176, -0.848662, -1.2e-05, 0.0, 0.0, 0.0, 1.0],
                [0.72514, 0.673864, -0.14169, 0.124994, 0.640102, -0.583788, 0.49946, -0.002831, 0.253851, -0.452873, -0.854672, -1.2e-05, 0.0, 0.0, 0.0, 1.0],
                [0.724516, 0.674499, -0.141864, 0.124994, 0.643692, -0.588539, 0.489162, -0.002831, 0.246447, -0.445722, -0.860579, -1.2e-05, 0.0, 0.0, 0.0, 1.0],
                [0.724168, 0.675212, -0.14024, 0.124994, 0.646381, -0.593698, 0.479283, -0.002831, 0.240357, -0.437729, -0.866384, -1.2e-05, 0.0, 0.0, 0.0, 1.0],
                [0.724097, 0.675983, -0.136849, 0.124994, 0.648211, -0.599232, 0.469831, -0.002831, 0.235594, -0.428909, -0.872085, -1.2e-05, 0.0, 0.0, 0.0, 1.0],
                [0.724197, 0.676782, -0.132298, 0.124994, 0.649672, -0.60527, 0.459971, -0.002831, 0.231224, -0.419059, -0.878023, -1.2e-05, 0.0, 0.0, 0.0, 1.0],
                [0.724393, 0.677557, -0.127157, 0.124994, 0.651186, -0.611963, 0.448838, -0.002831, 0.226298, -0.407937, -0.88452, -1.2e-05, 0.0, 0.0, 0.0, 1.0],
                [0.724732, 0.678249, -0.121412, 0.124994, 0.652695, -0.619303, 0.436407, -0.002831, 0.220801, -0.395522, -0.891521, -1.2e-05, 0.0, 0.0, 0.0, 1.0],
                [0.725265, 0.678785, -0.115063, 0.124994, 0.654125, -0.627266, 0.422677, -0.002831, 0.214732, -0.381818, -0.898947, -1.2e-05, 0.0, 0.0, 0.0, 1.0],
