{
    "animation": [
        {
            "name": "Root",
            "time": [0.0, 0.0833, 0.1667, 0.25, 0.3333, 0.4, 0.4167, 0.5, 0.5833, 0.6667, 0.6833, 0.7, 0.7167, 0.7333, 0.75, 0.7667, 0.8333, 0.9667, 1.0, 1.1667, 1.3333, 1.5, 1.75, 2.0],
            "transform": [
                [0.842349, 0.13771, -0.521042, -5e-06, -0.531196, 0.048917, -0.845836, 0.029477, -0.090992, 0.989264, 0.114356, 0.646507, 0.0, 0.0, 0.0, 1.0],
                [0.565218, 0.393696, -0.724936, -5e-06, -0.787208, -0.005328, -0.616664, 0.154175, -0.246641, 0.919225, 0.306909, 0.576476, 0.0, 0.0, 0.0, 1.0],
                [0.659293, 0.517992, -0.544992, -5e-06, -0.723038, 0.237924, -0.648544, 0.422038, -0.206274, 0.821631, 0.531389, 0.750728, 0.0, 0.0, 0.0, 1.0],
                [0.566036, -0.33967, 0.75115, -5e-06, 0.688283, 0.696218, -0.203832, 0.717835, -0.453729, 0.63238, 0.627874, 1.039482, 0.0, 0.0, 0.0, 1.0],
                [0.167228, -0.852727, 0.494865, 0.038982, 0.774463, 0.424227, 0.469295, 1.102832, -0.610116, 0.304775, 0.731348, 1.186623, 0.0, 0.0, 0.0, 1.0],
                [0.230742, -0.957977, 0.170408, 0.102342, -0.801601, -0.286427, -0.524781, 1.522082, 0.551537, -0.01551, -0.834006, 1.265089, 0.0, 0.0, 0.0, 1.0],
                [0.221804, -0.931988, 0.286707, 0.11789, -0.470819, -0.359848, -0.805505, 1.640646, 0.853893, 0.043678, -0.518613, 1.260755, 0.0, 0.0, 0.0, 1.0],
                [-0.022557, -0.84546, 0.533562, 0.161936, 0.976759, 0.095149, 0.192063, 2.190214, -0.213149, 0.525494, 0.823665, 1.057058, 0.0, 0.0, 0.0, 1.0],
                [-0.472725, -0.80963, -0.347893, 0.080966, -0.809683, 0.243267, 0.534074, 2.604233, -0.347771, 0.534153, -0.770542, 0.594553, 0.0, 0.0, 0.0, 1.0],
                [0.874753, 0.024517, 0.483948, -5e-06, 0.383721, 0.574846, -0.722711, 3.142314, -0.295914, 0.817895, 0.49344, 0.428047, 0.0, 0.0, 0.0, 1.0],
                [0.874753, 0.024517, 0.483948, -5e-06, 0.383721, 0.574846, -0.722711, 3.156842, -0.295914, 0.817895, 0.49344, 0.418786, 0.0, 0.0, 0.0, 1.0],
                [0.874753, 0.024517, 0.483948, -5e-06, 0.383721, 0.574846, -0.722711, 3.162135, -0.295914, 0.817895, 0.49344, 0.412037, 0.0, 0.0, 0.0, 1.0],
                [0.874753, 0.024517, 0.483948, -5e-06, 0.383721, 0.574846, -0.722711, 3.167051, -0.295914, 0.817895, 0.49344, 0.407539, 0.0, 0.0, 0.0, 1.0],
                [0.874753, 0.024517, 0.483948, -5e-06, 0.383721, 0.574846, -0.722711, 3.170673, -0.295914, 0.817895, 0.49344, 0.405031, 0.0, 0.0, 0.0, 1.0],
                [0.874753, 0.024517, 0.483948, -5e-06, 0.383721, 0.574846, -0.722711, 3.172084, -0.295914, 0.817895, 0.49344, 0.404253, 0.0, 0.0, 0.0, 1.0],
                [0.874753, 0.024517, 0.483948, -5e-06, 0.383721, 0.574846, -0.722711, 3.172084, -0.295914, 0.817895, 0.49344, 0.404253, 0.0, 0.0, 0.0, 1.0],
                [0.874753, 0.024517, 0.483948, -5e-06, 0.383721, 0.574846, -0.722711, 3.172084, -0.295914, 0.817895, 0.49344, 0.404253, 0.0, 0.0, 0.0, 1.0],
                [0.874753, 0.024517, 0.483948, -5e-06, 0.383721, 0.574846, -0.722711, 3.172084, -0.295914, 0.817895, 0.49344, 0.404253, 0.0, 0.0, 0.0, 1.0],
                [0.875984, 0.02562, 0.48166, -5e-06, 0.381443, 0.574394, -0.724274, 3.173947, -0.295219, 0.818178, 0.493387, 0.405097, 0.0, 0.0, 0.0, 1.0],
                [0.911219, 0.059891, 0.407545, -5e-06, 0.308595, 0.556099, -0.771702, 3.231781, -0.272853, 0.828955, 0.488246, 0.431316, 0.0, 0.0, 0.0, 1.0],
                [0.962188, 0.124765, 0.242132, -5e-06, 0.15016, 0.49869, -0.853674, 3.347961, -0.227257, 0.857754, 0.461099, 0.483984, 0.0, 0.0, 0.0, 1.0],
                [0.982295, 0.186783, 0.014458, -5e-06, -0.060139, 0.387478, -0.919915, 3.491778, -0.177427, 0.902759, 0.39185, 0.549181, 0.0, 0.0, 0.0, 1.0],
                [0.931521, 0.180596, -0.31568, -5e-06, -0.345283, 0.166533, -0.923605, 3.692149, -0.114229, 0.969356, 0.217486, 0.640016, 0.0, 0.0, 0.0, 1.0],
                [0.882851, 0.133264, -0.450349, -5e-06, -0.460754, 0.059981, -0.885499, 3.781971, -0.090992, 0.989264, 0.114356, 0.680736, 0.0, 0.0, 0.0, 1.0]
            ]
        },
        {
            "name": "Thigh_R",
            "time": [0.0, 0.0833, 0.1667, 0.25, 0.3333, 0.4167, 0.5, 0.5833, 0.6667, 0.6833, 0.7, 0.7167, 0.7333, 0.75, 0.7667, 0.8333, 0.9667, 1.0, 1.1667, 1.3333, 1.5, 1.75, 2.0],
            "transform": [
                [0.938464, 0.334066, -0.087654, 0.124994, 0.328005, -0.782614, 0.52908, -0.002831, 0.108149, -0.525273, -0.844033, -1.2e-05, 0.0, 0.0, 0.0, 1.0],
                [0.750593, 0.484876, -0.448892, 0.124994, 0.65392, -0.44756, 0.609982, -0.002831, 0.09486, -0.751386, -0.653007, -1.2e-05, 0.0, 0.0, 0.0, 1.0],
                [0.491435, 0.589669, -0.640922, 0.124994, 0.548007, -0.781336, -0.298665, -0.002831, -0.676889, -0.204455, -0.70712, -1.2e-05, 0.0, 0.0, 0.0, 1.0],
                [0.9957, -0.08881, 0.026341, 0.124994, -0.086025, -0.991969, -0.092698, -0.002831, 0.034362, 0.090033, -0.995346, -1.2e-05, 0.0, 0.0, 0.0, 1.0],
                [0.930182, -0.231375, -0.285001, 0.124994, -0.335151, -0.852023, -0.402154, -0.002831, -0.14978, 0.469594, -0.870084, -1.2e-05, 0.0, 0.0, 0.0, 1.0],
                [0.636935, 0.649693, -0.414983, 0.124994, 0.766731, -0.589887, 0.25329, -0.002831, -0.080233, -0.479509, -0.873861, -1.2e-05, 0.0, 0.0, 0.0, 1.0],
                [0.972425, 0.233199, 0.002485, 0.124993, 0.231958, -0.968241, 0.093281, -0.002831, 0.024159, -0.090132, -0.995637, -1.2e-05, 0.0, 0.0, 0.0, 1.0],
                [0.829829, -0.090202, -0.550679, 0.124995, 0.501231, -0.313243, 0.806626, -0.002831, -0.245256, -0.945377, -0.214727, -1.2e-05, 0.0, 0.0, 0.0, 1.0],
                [0.752044, 0.34927, -0.558963, 0.124994, 0.381432, 0.460995, 0.801244, -0.002831, 0.537531, -0.815776, 0.213467, -1.2e-05, 0.0, 0.0, 0.0, 1.0],
                [0.69864, 0.244403, -0.672435, 0.124994, 0.546726, 0.423873, 0.722095, -0.002831, 0.46151, -0.872121, 0.162514, -1.1e-05, 0.0, 0.0, 0.0, 1.0],
                [0.661372, 0.191339, -0.725242, 0.124994, 0.622205, 0.400009, 0.672943, -0.002831, 0.418864, -0.896314, 0.145503, -1.2e-05, 0.0, 0.0, 0.0, 1.0],
                [0.65555, 0.178584, -0.733731, 0.124994, 0.631558, 0.403012, 0.662355, -0.002831, 0.413989, -0.8976, 0.151408, -1.2e-05, 0.0, 0.0, 0.0, 1.0],
                [0.6751, 0.197291, -0.710855, 0.124994, 0.592756, 0.428567, 0.681887, -0.002831, 0.43918, -0.881705, 0.172381, -1.2e-05, 0.0, 0.0, 0.0, 1.0],
                [0.698537, 0.227518, -0.67844, 0.124994, 0.539198, 0.45595, 0.708078, -0.002831, 0.470436, -0.860431, 0.195821, -1.2e-05, 0.0, 0.0, 0.0, 1.0],
                [0.709288, 0.24401, -0.661339, 0.124994, 0.511015, 0.468252, 0.720835, -0.002831, 0.485564, -0.849232, 0.207434, -1.2e-05, 0.0, 0.0, 0.0, 1.0],
                [0.701834, 0.23242, -0.673357, 0.124994, 0.53084, 0.459695, 0.711961, -0.002831, 0.475013, -0.857122, 0.199252, -1.2e-05, 0.0, 0.0, 0.0, 1.0],
                [0.701834, 0.23242, -0.673357, 0.124994, 0.53084, 0.459695, 0.711961, -0.002831, 0.475013, -0.857122, 0.199252, -1.2e-05, 0.0, 0.0, 0.0, 1.0],
                [0.704148, 0.230749, -0.671513, 0.124994, 0.530632, 0.457396, 0.713595, -0.002831, 0.471809, -0.858801, 0.199633, -1.2e-05, 0.0, 0.0, 0.0, 1.0],
                [0.770312, 0.182769, -0.610913, 0.124994, 0.520073, 0.374283, 0.767747, -0.002831, 0.368975, -0.909123, 0.193262, -1.2e-05, 0.0, 0.0, 0.0, 1.0],
                [0.863573, 0.101332, -0.493937, 0.124994, 0.478497, 0.144214, 0.866166, -0.002831, 0.159003, -0.984343, 0.076052, -1.2e-05, 0.0, 0.0, 0.0, 1.0],
                [0.912767, 0.0364, -0.406854, 0.124994, 0.40398, -0.227854, 0.885936, -0.002831, -0.060455, -0.973013, -0.222683, -1.2e-05, 0.0, 0.0, 0.0, 1.0],
                [0.943664, 0.114272, -0.310548, 0.124994, 0.288868, -0.742256, 0.604656, -0.002831, -0.161411, -0.660298, -0.733452, -1.2e-05, 0.0, 0.0, 0.0, 1.0],
                [0.950098, 0.311264, 0.020686, 0.124994, 0.27626, -0.87034, 0.407659, -0.002831, 0.144893, -0.381601, -0.9129, -1.2e-05, 0.0, 0.0, 0.0, 1.0]
            ]
        },
        {
            "name": "Leg_R",
            "time": [0.0, 0.0833, 0.1667, 0.25, 0.3333, 0.4167, 0.5, 0.5833, 0.6667, 0.6833, 0.7, 0.7167, 0.7333, 0.75, 0.7667, 0.8333, 0.9667, 1.0, 1.1667, 1.3333, 1.5, 1.75, 2.0],
            "transform": [
                [1.0, -1e-06, 0.0, -0.0, -0.0, 0.429604, 0.903017, 0.374726, -1e-06, -0.903019, 0.429602, 0.0, 0.0, 0.0, 0.0, 1.0],
                [1.0, -1e-06, 0.0, -0.0, -0.0, 0.22308, 0.974799, 0.374726, -1e-06, -0.974801, 0.223079, 0.0, 0.0, 0.0, 0.0, 1.0],
                [1.0, -0.0, 1e-06, -0.0, -0.0, 0.882265, 0.470758, 0.374726, -1e-06, -0.470759, 0.882259, -0.0, 0.0, 0.0, 0.0, 1.0],
                [1.0, -1e-06, 1e-06, -0.0, -0.0, 0.106845, 0.994275, 0.374726, -1e-06, -0.994277, 0.106844, 0.0, 0.0, 0.0, 0.0, 1.0],
                [1.0, -1e-06, 1e-06, 0.0, -0.0, 0.688061, 0.725654, 0.374726, -1e-06, -0.725655, 0.688057, 0.0, 0.0, 0.0, 0.0, 1.0],
                [1.0, -1e-06, 1e-06, 0.0, -0.0, 0.702182, 0.711999, 0.374726, -1e-06, -0.712, 0.702178, -0.0, 0.0, 0.0, 0.0, 1.0],
                [1.0, -0.0, 1e-06, -1e-06, -0.0, 0.831421, 0.555647, 0.374726, -1e-06, -0.555648, 0.831416, 0.0, 0.0, 0.0, 0.0, 1.0],
                [1.0, -1e-06, 0.0, 0.0, -0.0, -0.034415, 0.999407, 0.374726, -1e-06, -0.999408, -0.034415, -0.0, 0.0, 0.0, 0.0, 1.0],
                [1.0, -1e-06, 0.0, 0.0, -0.0, 0.185183, 0.982703, 0.374726, -1e-06, -0.982705, 0.185181, -0.0, 0.0, 0.0, 0.0, 1.0],
                [1.0, -1e-06, 0.0, 0.0, -0.0, 0.118079, 0.993003, 0.374726, -1e-06, -0.993005, 0.118078, -0.0, 0.0, 0.0, 0.0, 1.0],
                [1.0, -1e-06, 0.0, 0.0, -0.0, 0.084929, 0.996386, 0.374726, -1e-06, -0.996388, 0.084929, -0.0, 0.0, 0.0, 0.0, 1.0],
                [1.0, -1e-06, 0.0, 0.0, -0.0, 0.059358, 0.998236, 0.374726, -1e-06, -0.998238, 0.059357, 0.0, 0.0, 0.0, 0.0, 1.0],
                [1.0, -1e-06, 0.0, 0.0, -0.0, 0.042873, 0.999079, 0.374726, -1e-06, -0.999081, 0.042873, -0.0, 0.0, 0.0, 0.0, 1.0],
                [1.0, -1e-06, 0.0, 0.0, -0.0, 0.037018, 0.999314, 0.374727, -1e-06, -0.999315, 0.037018, -0.0, 0.0, 0.0, 0.0, 1.0],
                [1.0, -1e-06, 0.0, -0.0, -0.0, 0.037018, 0.999314, 0.374726, -1e-06, -0.999315, 0.037018, -0.0, 0.0, 0.0, 0.0, 1.0],
                [1.0, -1e-06, 0.0, 0.0, -0.0, 0.037018, 0.999314, 0.374726, -1e-06, -0.999315, 0.037018, -0.0, 0.0, 0.0, 0.0, 1.0],
                [1.0, -1e-06, 0.0, 0.0, -0.0, 0.037018, 0.999314, 0.374726, -1e-06, -0.999315, 0.037018, -0.0, 0.0, 0.0, 0.0, 1.0],
                [1.0, -1e-06, 0.0, 0.0, -0.0, 0.035218, 0.999379, 0.374726, -1e-06, -0.99938, 0.035218, -0.0, 0.0, 0.0, 0.0, 1.0],
                [1.0, -1e-06, 0.0, 0.0, -0.0, -0.007744, 0.999969, 0.374726, -1e-06, -0.999971, -0.007744, 0.0, 0.0, 0.0, 0.0, 1.0],
                [1.0, -1e-06, 0.0, -0.0, -0.0, -0.021128, 0.999776, 0.374726, -1e-06, -0.999777, -0.021128, -0.0, 0.0, 0.0, 0.0, 1.0],
                [1.0, -1e-06, 0.0, 0.0, -0.0, 0.087522, 0.996162, 0.374726, -1e-06, -0.996164, 0.087521, -0.0, 0.0, 0.0, 0.0, 1.0],
                [1.0, -1e-06, 1e-06, 0.0, -0.0, 0.462962, 0.886378, 0.374726, -1e-06, -0.88638, 0.462959, -0.0, 0.0, 0.0, 0.0, 1.0],
                [1.0, -0.0, 1e-06, -0.0, -0.0, 0.715847, 0.698258, 0.374726, -1e-06, -0.69826, 0.715843, -0.0, 0.0, 0.0, 0.0, 1.0]
            ]
        },
        {
            "name": "Knee_R",
            "time": [0.0, 2.0],
            "transform": [
                [1.0, 0.0, -0.0, -0.0, -0.0, 0.00567, -0.999984, 0.43689, -0.0, 0.999984, 0.00567, -0.000352, 0.0, 0.0, 0.0, 1.0],
                [1.0, 0.0, -0.0, 0.0, -0.0, 0.00567, -0.999984, 0.399729, -0.0, 0.999984, 0.00567, -0.000142, 0.0, 0.0, 0.0, 1.0]
            ]
        },
        {
            "name": "Thigh_L",
            "time": [0.0, 0.0833, 0.1667, 0.25, 0.3333, 0.4167, 0.5, 0.5833, 0.6667, 0.6833, 0.7, 0.7167, 0.7333, 0.75, 0.7667, 0.8333, 0.9667, 1.0, 1.1667, 1.3333, 1.5, 1.75, 2.0],
            "transform": [
                [0.810834, -0.339149, -0.476996, -0.125006, 0.106515, -0.715874, 0.690057, -0.002831, -0.575501, -0.610329, -0.544331, -1.2e-05, 0.0, 0.0, 0.0, 1.0],
                [0.49736, -0.367444, -0.785886, -0.125006, 0.287805, -0.784689, 0.549026, -0.002831, -0.818413, -0.499246, -0.284521, -1.2e-05, 0.0, 0.0, 0.0, 1.0],
                [0.374605, 0.351316, -0.858049, -0.125006, 0.397174, -0.89703, -0.193878, -0.002831, -0.837808, -0.268167, -0.475566, -1.2e-05, 0.0, 0.0, 0.0, 1.0],
                [0.937906, -0.33432, 0.092533, -0.125006, -0.346045, -0.920318, 0.182393, -0.002831, 0.024182, -0.203088, -0.978862, -1.2e-05, 0.0, 0.0, 0.0, 1.0],
                [0.76531, -0.615508, -0.188279, -0.125006, -0.398266, -0.682618, 0.612712, -0.002831, -0.505652, -0.393929, -0.767551, -1.2e-05, 0.0, 0.0, 0.0, 1.0],
                [0.791542, -0.081652, -0.605635, -0.125006, -0.068727, -0.99664, 0.044544, -0.002831, -0.607237, 0.006365, -0.794495, -1.2e-05, 0.0, 0.0, 0.0, 1.0],
                [0.925472, -0.289913, -0.243826, -0.125007, -0.322738, -0.940444, -0.106785, -0.002831, -0.198347, 0.177519, -0.963922, -1.2e-05, 0.0, 0.0, 0.0, 1.0],
                [0.743449, 0.603241, -0.288762, -0.125005, 0.229039, -0.635307, -0.737513, -0.002831, -0.628351, 0.482165, -0.610484, -1.2e-05, 0.0, 0.0, 0.0, 1.0],
                [0.989149, -0.122973, -0.080378, -0.125006, -0.115883, -0.98939, 0.087623, -0.002831, -0.090301, -0.077358, -0.992905, -1.2e-05, 0.0, 0.0, 0.0, 1.0],
                [0.971962, -0.161826, -0.170589, -0.125006, -0.15392, -0.986338, 0.058683, -0.00283, -0.177755, -0.03078, -0.983593, -1.2e-05, 0.0, 0.0, 0.0, 1.0],
                [0.959879, -0.181928, -0.213384, -0.125006, -0.173807, -0.983164, 0.056382, -0.002831, -0.220049, -0.017032, -0.97534, -1.2e-05, 0.0, 0.0, 0.0, 1.0],
                [0.952529, -0.192414, -0.235933, -0.125006, -0.186208, -0.98131, 0.048526, -0.002831, -0.24086, -0.00229, -0.970557, -1.3e-05, 0.0, 0.0, 0.0, 1.0],
                [0.956619, -0.188937, -0.221771, -0.125006, -0.185778, -0.98196, 0.035213, -0.00283, -0.224423, 0.007514, -0.974462, -1.2e-05, 0.0, 0.0, 0.0, 1.0],
                [0.966842, -0.177128, -0.183957, -0.125006, -0.175818, -0.98414, 0.02354, -0.002831, -0.185209, 0.009583, -0.982652, -1.3e-05, 0.0, 0.0, 0.0, 1.0],
                [0.972091, -0.170049, -0.161621, -0.125006, -0.169124, -0.9854, 0.019566, -0.002831, -0.162588, 0.008314, -0.986659, -1.3e-05, 0.0, 0.0, 0.0, 1.0],
                [0.972091, -0.170049, -0.161621, -0.125006, -0.169124, -0.9854, 0.019566, -0.002831, -0.162588, 0.008314, -0.986659, -1.3e-05, 0.0, 0.0, 0.0, 1.0],
                [0.972091, -0.170049, -0.161621, -0.125006, -0.169124, -0.9854, 0.019566, -0.002831, -0.162588, 0.008314, -0.986659, -1.3e-05, 0.0, 0.0, 0.0, 1.0],
                [0.971747, -0.16807, -0.165711, -0.125006, -0.168928, -0.985587, 0.00901, -0.002831, -0.164837, 0.019237, -0.986133, -1.2e-05, 0.0, 0.0, 0.0, 1.0],
                [0.965053, -0.088427, -0.246684, -0.125006, -0.137295, -0.972421, -0.188536, -0.002831, -0.223209, 0.215816, -0.950579, -1.2e-05, 0.0, 0.0, 0.0, 1.0],
                [0.931496, -0.200219, -0.303688, -0.125006, -0.086885, -0.933183, 0.34874, -0.002831, -0.353221, -0.298464, -0.886653, -1.2e-05, 0.0, 0.0, 0.0, 1.0],
                [0.878325, -0.370454, -0.302172, -0.125006, 0.094236, -0.48551, 0.869137, -0.002831, -0.468683, -0.791861, -0.391526, -1.2e-05, 0.0, 0.0, 0.0, 1.0],
                [0.920078, -0.203425, -0.334774, -0.125006, 0.160253, -0.584355, 0.795517, -0.002831, -0.357455, -0.785587, -0.505053, -1.1e-05, 0.0, 0.0, 0.0, 1.0],
                [0.858735, -0.156233, -0.488022, -0.125006, 0.113696, -0.870554, 0.478756, -0.002831, -0.499647, -0.46661, -0.729813, -1.2e-05, 0.0, 0.0, 0.0, 1.0]
            ]
        },
        {
            "name": "Leg_L",
            "time": [0.0, 0.0833, 0.1667, 0.25, 0.3333, 0.4167, 0.5, 0.5833, 0.6667, 0.6833, 0.7, 0.7167, 0.7333, 0.75, 0.7667, 0.8333, 0.9667, 1.0, 1.1667, 1.3333, 1.5, 1.75, 2.0],
            "transform": [
                [1.0, -1e-06, 1e-06, 0.0, -0.0, 0.565028, 0.825072, 0.374726, -1e-06, -0.825072, 0.565028, -0.0, 0.0, 0.0, 0.0, 1.0],
                [1.0, -1e-06, 0.0, 0.0, -0.0, 0.267713, 0.963499, 0.374726, -1e-06, -0.963498, 0.267713, 0.0, 0.0, 0.0, 0.0, 1.0],
                [1.0, -0.0, 1e-06, 0.0, 0.0, 0.97892, 0.204245, 0.374726, -1e-06, -0.204244, 0.97892, -0.0, 0.0, 0.0, 0.0, 1.0],
                [1.0, -0.0, 1e-06, 0.0, -0.0, 0.819326, 0.573328, 0.374726, -1e-06, -0.573328, 0.819326, 0.0, 0.0, 0.0, 0.0, 1.0],
                [1.0, -1e-06, 0.0, 0.0, -0.0, 0.121531, 0.992588, 0.374726, -1e-06, -0.992587, 0.121531, -0.0, 0.0, 0.0, 0.0, 1.0],
                [1.0, -0.0, 1e-06, 0.0, -0.0, 0.753078, 0.657931, 0.374726, -1e-06, -0.657931, 0.753078, 0.0, 0.0, 0.0, 0.0, 1.0],
                [1.000001, -1e-06, 0.0, 0.0, -0.0, 0.457985, 0.888961, 0.374726, -1e-06, -0.88896, 0.457984, 0.0, 0.0, 0.0, 0.0, 1.0],
                [1.0, -1e-06, 1e-06, 0.0, -0.0, 0.644664, 0.764467, 0.374726, -1e-06, -0.764466, 0.644664, -0.0, 0.0, 0.0, 0.0, 1.0],
                [1.0, -1e-06, 1e-06, 0.0, -0.0, 0.771622, 0.636081, 0.374726, -1e-06, -0.636081, 0.771622, 0.0, 0.0, 0.0, 0.0, 1.0],
                [1.0, -1e-06, 1e-06, -0.0, -0.0, 0.80001, 0.599987, 0.374726, -1e-06, -0.599986, 0.80001, -0.0, 0.0, 0.0, 0.0, 1.0],
                [1.0, -1e-06, 1e-06, -0.0, -0.0, 0.800545, 0.599273, 0.374726, -1e-06, -0.599273, 0.800545, 0.0, 0.0, 0.0, 0.0, 1.0],
                [1.0, -1e-06, 1e-06, 0.0, -0.0, 0.806844, 0.590764, 0.374726, -1e-06, -0.590764, 0.806844, -1e-06, 0.0, 0.0, 0.0, 1.0],
                [1.0, -1e-06, 1e-06, 0.0, -0.0, 0.814104, 0.580719, 0.374726, -1e-06, -0.580719, 0.814104, 0.0, 0.0, 0.0, 0.0, 1.0],
                [1.0, -1e-06, 1e-06, -0.0, -0.0, 0.817564, 0.575837, 0.374726, -1e-06, -0.575837, 0.817564, -1e-06, 0.0, 0.0, 0.0, 1.0],
                [1.0, -1e-06, 1e-06, -0.0, -0.0, 0.817564, 0.575837, 0.374726, -1e-06, -0.575837, 0.817564, -0.0, 0.0, 0.0, 0.0, 1.0],
                [1.0, -1e-06, 1e-06, -0.0, -0.0, 0.817564, 0.575837, 0.374726, -1e-06, -0.575837, 0.817564, -0.0, 0.0, 0.0, 0.0, 1.0],
                [1.0, -1e-06, 1e-06, -0.0, -0.0, 0.817564, 0.575837, 0.374726, -1e-06, -0.575837, 0.817564, -0.0, 0.0, 0.0, 0.0, 1.0],
                [1.0, -0.0, 1e-06, 0.0, -0.0, 0.827719, 0.561143, 0.374726, -1e-06, -0.561143, 0.827718, -0.0, 0.0, 0.0, 0.0, 1.0],
                [1.0, -0.0, 1e-06, -0.0, -0.0, 0.965817, 0.259226, 0.374727, -1e-06, -0.259226, 0.965817, -0.0, 0.0, 0.0, 0.0, 1.0],
                [1.0, -1e-06, 0.0, -0.0, -0.0, 0.275729, 0.961236, 0.374726, -1e-06, -0.961236, 0.275729, -1e-06, 0.0, 0.0, 0.0, 1.0],
                [1.0, -1e-06, -0.0, 0.0, -0.0, -0.393241, 0.919436, 0.374726, -1e-06, -0.919436, -0.39324, -0.0, 0.0, 0.0, 0.0, 1.0],
                [1.0, -1e-06, 1e-06, -0.0, -0.0, 0.681011, 0.732273, 0.374726, -1e-06, -0.732273, 0.681011, -1e-06, 0.0, 0.0, 0.0, 1.0],
                [1.0, -0.0, 1e-06, 0.0, -0.0, 0.934686, 0.355476, 0.374726, -1e-06, -0.355476, 0.934685, -1e-06, 0.0, 0.0, 0.0, 1.0]
            ]
        },
        {
            "name": "Knee_L",
            "time": [0.0, 2.0],
            "transform": [
                [1.0, 0.0, -0.0, -0.0, -0.0, 0.00567, -0.999984, 0.42046, -0.0, 0.999984, 0.00567, -0.000259, 0.0, 0.0, 0.0, 1.0],
                [1.0, 0.0, -0.0, 0.0, -0.0, 0.00567, -0.999984, 0.374726, -0.0, 0.999984, 0.00567, -0.0, 0.0, 0.0, 0.0, 1.0]
            ]
        },
        {
            "name": "Torso",
            "time": [0.0, 0.0833, 0.1667, 0.25, 0.3333, 0.4167, 0.5, 0.5833, 0.6667, 0.6833, 0.7, 0.7167, 0.7333, 0.75, 0.7667, 0.8333, 0.9667, 1.0, 1.1667, 1.3333, 1.5, 1.75, 2.0],
            "transform": [
                [1.0, -0.0, 0.0, 0.0, 0.0, 1.0, -0.0, 0.05, 0.0, 0.0, 1.0, 0.0, 0.0, 0.0, 0.0, 1.0],
                [1.0, 0.0, 0.0, -0.0, -0.0, 1.0, 0.0, 0.05, -0.0, 0.0, 1.0, 0.0, 0.0, 0.0, 0.0, 1.0],
                [1.0, -0.0, 0.0, 0.0, 0.0, 1.0, 0.0, 0.05, -0.0, 0.0, 1.0, 0.0, 0.0, 0.0, 0.0, 1.0],
                [1.0, -0.0, 0.0, -0.0, 0.0, 1.0, -0.0, 0.05, 0.0, -0.0, 1.0, -0.0, 0.0, 0.0, 0.0, 1.0],
                [1.0, 0.0, 0.0, -0.0, 0.0, 1.0, 0.0, 0.05, 0.0, -0.0, 1.0, 0.0, 0.0, 0.0, 0.0, 1.0],
                [1.0, -0.0, -0.0, 0.0, 0.0, 1.0, 0.0, 0.05, -0.0, -0.0, 1.0, -0.0, 0.0, 0.0, 0.0, 1.0],
                [1.0, 0.0, -0.0, -0.0, -0.0, 1.0, 0.0, 0.05, -0.0, -0.0, 1.0, 0.0, 0.0, 0.0, 0.0, 1.0],
                [1.0, 0.0, 0.0, 0.0, 0.0, 1.0, -0.0, 0.05, -0.0, 0.0, 1.0, 0.0, 0.0, 0.0, 0.0, 1.0],
                [1.0, 0.0, 0.0, 0.0, 0.0, 1.0, -0.0, 0.05, 0.0, 0.0, 1.0, -0.0, 0.0, 0.0, 0.0, 1.0],
                [1.0, 0.0, 0.0, -0.0, 0.0, 1.0, -0.0, 0.05, 0.0, 0.0, 1.0, -0.0, 0.0, 0.0, 0.0, 1.0],
                [1.0, 0.0, 0.0, -0.0, 0.0, 1.0, -0.0, 0.05, 0.0, 0.0, 1.0, -0.0, 0.0, 0.0, 0.0, 1.0],
                [1.0, 0.0, 0.0, -0.0, 0.0, 1.0, -0.0, 0.05, 0.0, 0.0, 1.0, -0.0, 0.0, 0.0, 0.0, 1.0],
                [1.0, 0.0, 0.0, -0.0, 0.0, 1.0, -0.0, 0.05, 0.0, 0.0, 1.0, -0.0, 0.0, 0.0, 0.0, 1.0],
                [1.0, 0.0, 0.0, -0.0, 0.0, 1.0, -0.0, 0.05, 0.0, 0.0, 1.0, -0.0, 0.0, 0.0, 0.0, 1.0],
                [1.0, 0.0, 0.0, -0.0, 0.0, 1.0, -0.0, 0.05, 0.0, 0.0, 1.0, -0.0, 0.0, 0.0, 0.0, 1.0],
                [1.0, 0.0, 0.0, -0.0, 0.0, 1.0, -0.0, 0.05, 0.0, 0.0, 1.0, -0.0, 0.0, 0.0, 0.0, 1.0],
                [1.0, 0.0, 0.0, -0.0, 0.0, 1.0, -0.0, 0.05, 0.0, 0.0, 1.0, -0.0, 0.0, 0.0, 0.0, 1.0],
                [1.0, -0.0, -0.0, -0.0, -0.0, 1.0, -0.0, 0.05, 0.0, 0.0, 1.0, 0.0, 0.0, 0.0, 0.0, 1.0],
                [1.0, -0.0, 0.0, 0.0, 0.0, 1.0, -0.0, 0.05, 0.0, 0.0, 1.0, -0.0, 0.0, 0.0, 0.0, 1.0],
                [1.0, 0.0, 0.0, -0.0, -0.0, 1.0, 0.0, 0.05, 0.0, 0.0, 1.0, 0.0, 0.0, 0.0, 0.0, 1.0],
                [1.0, 0.0, 0.0, 0.0, -0.0, 1.0, 0.0, 0.05, 0.0, -0.0, 1.0, 0.0, 0.0, 0.0, 0.0, 1.0],
                [1.0, -0.0, -0.0, 0.0, -0.0, 1.0, -0.0, 0.05, 0.0, 0.0, 1.0, 0.0, 0.0, 0.0, 0.0, 1.0],
                [1.0, -0.0, 0.0, -0.0, 0.0, 1.0, -0.0, 0.05, -0.0, 0.0, 1.0, -0.0, 0.0, 0.0, 0.0, 1.0]
            ]
        },
        {
            "name": "Chest",
            "time": [0.0, 0.0833, 0.1667, 0.2, 0.25, 0.3333, 0.4, 0.4167, 0.5, 0.5833, 0.6167, 0.6333, 0.65, 0.6667, 0.6833, 0.7, 0.7167, 0.7333, 0.75, 0.7667, 0.8333, 0.9667, 1.0, 1.1667, 1.3333, 1.5, 1.75, 2.0],
            "transform": [
                [0.999116, -0.018988, -0.037496, -0.0, 0.029991, 0.947107, 0.319515, 0.3, 0.029446, -0.320357, 0.946839, 0.0, 0.0, 0.0, 0.0, 1.0],
                [0.934458, 0.32962, -0.134679, 0.0, -0.240737, 0.863532, 0.443123, 0.3, 0.262362, -0.381658, 0.886286, 0.0, 0.0, 0.0, 0.0, 1.0],
                [0.593623, 0.487817, -0.640037, -0.0, -0.086449, 0.829383, 0.551951, 0.3, 0.800087, -0.27232, 0.534512, 0.0, 0.0, 0.0, 0.0, 1.0],
                [0.853536, 0.346826, -0.388829, -0.0, -0.317507, 0.93792, 0.139629, 0.3, 0.413117, 0.004278, 0.910668, 0.0, 0.0, 0.0, 0.0, 1.0],
                [0.856497, 0.370575, -0.359286, -0.0, -0.516152, 0.615133, -0.595986, 0.3, 0.000151, 0.695906, 0.718133, 0.0, 0.0, 0.0, 0.0, 1.0],
                [0.545147, 0.051775, 0.83674, -0.0, -0.05512, 0.998145, -0.025851, 0.3, -0.836527, -0.032028, 0.546989, -0.0, 0.0, 0.0, 0.0, 1.0],
                [0.471063, 0.269265, 0.839998, 0.0, -0.469784, 0.882567, -0.01946, 0.3, -0.746594, -0.38545, 0.542241, 0.0, 0.0, 0.0, 0.0, 1.0],
                [0.489299, 0.273146, 0.828237, 0.0, -0.469088, 0.883039, -0.014095, 0.3, -0.735216, -0.38162, 0.5602, -0.0, 0.0, 0.0, 0.0, 1.0],
                [0.618042, 0.281248, 0.734114, 0.0, -0.435018, 0.900168, 0.021371, 0.3, -0.654815, -0.332561, 0.67869, 0.0, 0.0, 0.0, 0.0, 1.0],
                [0.474127, 0.223434, 0.851634, 0.0, -0.350787, 0.935117, -0.050044, 0.3, -0.807559, -0.275015, 0.521742, 0.0, 0.0, 0.0, 0.0, 1.0],
                [0.719461, -0.42325, 0.550668, -0.0, 0.511962, 0.858964, -0.00868, 0.3, -0.469331, 0.288166, 0.834679, -0.0, 0.0, 0.0, 0.0, 1.0],
                [0.639626, -0.700435, 0.316652, 0.0, 0.713169, 0.69445, 0.095547, 0.3, -0.286823, 0.164712, 0.943717, 0.0, 0.0, 0.0, 0.0, 1.0],
                [0.795289, -0.359178, 0.488372, -0.0, 0.077424, 0.859168, 0.505802, 0.3, -0.601267, -0.364446, 0.711096, 0.0, 0.0, 0.0, 0.0, 1.0],
                [0.800938, -0.198156, 0.565007, -0.0, -0.189765, 0.810989, 0.553431, 0.3, -0.567881, -0.550482, 0.611948, 0.0, 0.0, 0.0, 0.0, 1.0],
                [0.800656, -0.192376, 0.567399, -0.0, -0.201253, 0.805659, 0.557145, 0.3, -0.564312, -0.560272, 0.606339, 0.0, 0.0, 0.0, 0.0, 1.0],
                [0.800164, -0.192476, 0.568059, -0.0, -0.203305, 0.804, 0.558794, 0.3, -0.564274, -0.562616, 0.604201, 0.0, 0.0, 0.0, 0.0, 1.0],
                [0.799652, -0.191281, 0.569183, 0.0, -0.206314, 0.802671, 0.559601, 0.3, -0.563908, -0.564916, 0.602393, -0.0, 0.0, 0.0, 0.0, 1.0],
                [0.79911, -0.189191, 0.57064, -0.0, -0.210229, 0.801326, 0.560072, 0.3, -0.563229, -0.567524, 0.600574, -0.0, 0.0, 0.0, 0.0, 1.0],
                [0.79853, -0.186605, 0.572301, -0.0, -0.214997, 0.799614, 0.560708, 0.3, -0.562251, -0.570785, 0.598396, -0.0, 0.0, 0.0, 0.0, 1.0],
                [0.797916, -0.1839, 0.574031, -0.0, -0.220454, 0.797311, 0.561868, 0.3, -0.561009, -0.57487, 0.595645, -0.0, 0.0, 0.0, 0.0, 1.0],
                [0.796289, -0.17723, 0.578371, -0.0, -0.23558, 0.789776, 0.566353, 0.3, -0.557158, -0.587233, 0.587139, -0.0, 0.0, 0.0, 0.0, 1.0],
                [0.796289, -0.17723, 0.578371, -0.0, -0.23558, 0.789776, 0.566353, 0.3, -0.557158, -0.587233, 0.587139, -0.0, 0.0, 0.0, 0.0, 1.0],
                [0.79649, -0.177024, 0.578158, -0.0, -0.235394, 0.789967, 0.566164, 0.3, -0.55695, -0.587039, 0.587531, 0.0, 0.0, 0.0, 0.0, 1.0],
                [0.80311, -0.17116, 0.570717, 0.0, -0.23011, 0.794439, 0.562065, 0.3, -0.549603, -0.582728, 0.598636, -0.0, 0.0, 0.0, 0.0, 1.0],
                [0.817722, -0.161315, 0.552546, -0.0, -0.221235, 0.798115, 0.560417, 0.3, -0.531399, -0.580509, 0.616948, -0.0, 0.0, 0.0, 0.0, 1.0],
                [0.859566, -0.129318, 0.494391, -0.0, -0.191255, 0.815733, 0.545895, 0.3, -0.473885, -0.563787, 0.676444, -0.0, 0.0, 0.0, 0.0, 1.0],
                [0.978442, -0.149242, 0.142754, -0.0, 0.095976, 0.940636, 0.325563, 0.3, -0.182868, -0.304844, 0.934682, 0.0, 0.0, 0.0, 0.0, 1.0],
                [0.993702, -0.096379, 0.057163, -0.0, 0.081697, 0.972275, 0.219103, 0.3, -0.076695, -0.213053, 0.974026, -0.0, 0.0, 0.0, 0.0, 1.0]
            ]
        },
        {
            "name": "Head",
            "time": [0.0, 0.0833, 0.1333, 0.1667, 0.2, 0.2333, 0.25, 0.3333, 0.4167, 0.5, 0.5833, 0.6167, 0.6333, 0.65, 0.6667, 0.6833, 0.7, 0.7167, 0.7333, 0.75, 0.7667, 0.8333, 0.9667, 1.0, 1.1667, 1.3333, 1.5, 1.6667, 1.75, 2.0],
            "transform": [
                [0.91934, -0.121564, 0.374215, -0.0, 0.184845, 0.973027, -0.138023, 0.4, -0.347342, 0.196062, 0.917013, -0.0, 0.0, 0.0, 0.0, 1.0],
                [0.702859, -0.401851, 0.586946, -0.0, 0.541414, 0.837403, -0.07501, 0.4, -0.461368, 0.370503, 0.806144, -0.0, 0.0, 0.0, 0.0, 1.0],
                [0.535162, -0.195891, 0.821723, 0.0, 0.44383, 0.892865, -0.076201, 0.4, -0.71876, 0.405485, 0.56477, -0.0, 0.0, 0.0, 0.0, 1.0],
                [0.455797, -0.007135, 0.890055, -0.0, 0.285758, 0.948206, -0.138736, 0.4, -0.842966, 0.317576, 0.434228, 0.0, 0.0, 0.0, 0.0, 1.0],
                [0.734262, 0.427576, 0.527293, 0.0, -0.210806, 0.881936, -0.421603, 0.4, -0.645306, 0.198411, 0.737708, -0.0, 0.0, 0.0, 0.0, 1.0],
                [0.709329, 0.164536, 0.685406, -0.0, -0.288724, 0.954881, 0.069576, 0.4, -0.643033, -0.247246, 0.72483, -0.0, 0.0, 0.0, 0.0, 1.0],
                [0.890976, -0.312847, 0.329073, 0.0, -0.009469, 0.71179, 0.702329, 0.4, -0.453952, -0.628874, 0.631225, 0.0, 0.0, 0.0, 0.0, 1.0],
                [0.890713, 0.23212, 0.390833, 0.0, -0.176117, 0.968861, -0.174045, 0.4, -0.419062, 0.086191, 0.903857, 0.0, 0.0, 0.0, 0.0, 1.0],
                [0.816574, 0.0395, 0.575887, -0.0, 0.332075, 0.783893, -0.524631, 0.4, -0.472157, 0.619638, 0.62699, -0.0, 0.0, 0.0, 0.0, 1.0],
                [0.894367, 0.050653, 0.444457, 0.0, 0.010442, 0.990934, -0.133945, 0.4, -0.447212, 0.124437, 0.885729, -0.0, 0.0, 0.0, 0.0, 1.0],
                [0.927533, -0.357391, -0.109336, 0.0, 0.339114, 0.927757, -0.155781, 0.4, 0.157112, 0.107415, 0.981722, -0.0, 0.0, 0.0, 0.0, 1.0],
                [0.954324, 0.013945, -0.298449, 0.0, 0.008516, 0.997235, 0.073828, 0.4, 0.298653, -0.072997, 0.951566, -0.0, 0.0, 0.0, 0.0, 1.0],
                [0.838759, 0.111403, -0.532985, -0.0, -0.084641, 0.993624, 0.074484, 0.4, 0.537885, -0.017361, 0.84284, -0.0, 0.0, 0.0, 0.0, 1.0],
                [0.541418, -0.349919, -0.764476, 0.0, 0.171531, 0.936123, -0.307004, 0.4, 0.82307, 0.035086, 0.566856, 0.0, 0.0, 0.0, 0.0, 1.0],
                [0.390391, -0.35901, -0.847766, 0.0, -0.141826, 0.886391, -0.440677, 0.4, 0.90966, 0.292271, 0.295122, 0.0, 0.0, 0.0, 0.0, 1.0],
                [0.406409, -0.262422, -0.875195, -0.0, -0.196528, 0.910341, -0.36422, 0.399999, 0.892305, 0.320022, 0.318398, -0.0, 0.0, 0.0, 0.0, 1.0],
                [0.426961, -0.196998, -0.882551, 0.0, -0.181268, 0.937526, -0.296963, 0.4, 0.885916, 0.286769, 0.364578, 0.0, 0.0, 0.0, 0.0, 1.0],
                [0.438293, -0.168129, -0.882968, -0.0, -0.167267, 0.949934, -0.263909, 0.4, 0.883132, 0.263361, 0.388226, 0.0, 0.0, 0.0, 0.0, 1.0],
                [0.431777, -0.196816, -0.880246, 0.0, -0.163785, 0.942571, -0.291091, 0.4, 0.886986, 0.269857, 0.374745, -0.0, 0.0, 0.0, 0.0, 1.0],
                [0.424772, -0.232139, -0.875031, 0.0, -0.154697, 0.933736, -0.322809, 0.4, 0.891985, 0.272485, 0.360714, -0.0, 0.0, 0.0, 0.0, 1.0],
                [0.424117, -0.243134, -0.872359, -0.0, -0.145232, 0.932558, -0.33052, 0.399999, 0.893887, 0.266873, 0.360203, 0.0, 0.0, 0.0, 0.0, 1.0],
                [0.42339, -0.2546, -0.869436, 0.0, -0.135284, 0.93117, -0.338558, 0.4, 0.89579, 0.260963, 0.359804, -0.0, 0.0, 0.0, 0.0, 1.0],
                [0.42339, -0.2546, -0.869436, 0.0, -0.135284, 0.93117, -0.338558, 0.4, 0.89579, 0.260963, 0.359804, -0.0, 0.0, 0.0, 0.0, 1.0],
                [0.42974, -0.252804, -0.866841, -0.0, -0.129772, 0.932749, -0.33636, 0.4, 0.893579, 0.257039, 0.368033, 0.0, 0.0, 0.0, 0.0, 1.0],
                [0.561713, -0.241093, -0.791424, 0.0, -0.018375, 0.952727, -0.303272, 0.4, 0.827128, 0.184894, 0.530729, -0.0, 0.0, 0.0, 0.0, 1.0],
                [0.675176, -0.287907, -0.679152, -0.0, 0.07915, 0.943649, -0.321345, 0.4, 0.733398, 0.16321, 0.659916, -0.0, 0.0, 0.0, 0.0, 1.0],
                [0.836808, -0.304291, -0.455148, 0.0, 0.163028, 0.932103, -0.323428, 0.4, 0.522661, 0.196445, 0.829599, -0.0, 0.0, 0.0, 0.0, 1.0],
                [0.998729, -0.045313, -0.022077, 0.0, 0.037715, 0.962372, -0.269106, 0.4, 0.033441, 0.267931, 0.962858, -0.0, 0.0, 0.0, 0.0, 1.0],
                [0.985333, -0.025782, 0.168687, 0.0, 0.068184, 0.965666, -0.25068, 0.4, -0.156432, 0.258505, 0.95326, 0.0, 0.0, 0.0, 0.0, 1.0],
                [0.92444, -0.034828, 0.379733, -0.0, 0.120425, 0.971522, -0.204064, 0.4, -0.361812, 0.234374, 0.902309, -0.0, 0.0, 0.0, 0.0, 1.0]
            ]
        },
        {
            "name": "Shoulder_R",
            "time": [0.0, 0.0833, 0.1667, 0.25, 0.3333, 0.4167, 0.5, 0.5833, 0.6667, 0.6833, 0.7, 0.7167, 0.7333, 0.75, 0.7667, 0.8333, 0.9667, 1.0, 1.1667, 1.3333, 1.5, 1.75, 2.0],
            "transform": [
                [0.0, 0.952114, 0.305743, -0.0, 0.0, -0.305743, 0.952114, 0.4, 1.0, 0.0, -0.0, -0.0, 0.0, 0.0, 0.0, 1.0],
                [0.0, 0.952114, 0.305743, -0.0, 0.0, -0.305743, 0.952114, 0.4, 1.0, -0.0, -0.0, -0.0, 0.0, 0.0, 0.0, 1.0],
                [0.0, 0.952114, 0.305743, -0.0, 0.0, -0.305743, 0.952114, 0.4, 1.0, 0.0, 0.0, 0.0, 0.0, 0.0, 0.0, 1.0],
                [0.0, 0.952114, 0.305743, 0.0, -0.0, -0.305743, 0.952114, 0.4, 1.0, 0.0, 0.0, 0.0, 0.0, 0.0, 0.0, 1.0],
                [0.0, 0.952114, 0.305743, 0.0, 0.0, -0.305743, 0.952114, 0.4, 1.0, -0.0, 0.0, 0.0, 0.0, 0.0, 0.0, 1.0],
                [0.0, 0.952114, 0.305743, -0.0, -0.0, -0.305743, 0.952114, 0.4, 1.0, -0.0, -0.0, -0.0, 0.0, 0.0, 0.0, 1.0],
                [0.0, 0.952114, 0.305743, 0.0, 0.0, -0.305743, 0.952114, 0.4, 1.0, -0.0, -0.0, -0.0, 0.0, 0.0, 0.0, 1.0],
                [0.0, 0.952114, 0.305743, 0.0, 0.0, -0.305743, 0.952114, 0.4, 1.0, 0.0, -0.0, -0.0, 0.0, 0.0, 0.0, 1.0],
                [0.098706, 0.975465, 0.196785, 0.0, 0.118985, -0.2079, 0.970886, 0.4, 0.987977, -0.072418, -0.136587, 0.0, 0.0, 0.0, 0.0, 1.0],
                [0.098706, 0.975465, 0.196785, -0.0, 0.118985, -0.207901, 0.970886, 0.399999, 0.987978, -0.072418, -0.136587, -0.0, 0.0, 0.0, 0.0, 1.0],
                [0.098706, 0.975465, 0.196785, 0.0, 0.118985, -0.2079, 0.970886, 0.4, 0.987978, -0.072418, -0.136587, 0.0, 0.0, 0.0, 0.0, 1.0],
                [0.098706, 0.975465, 0.196785, -0.0, 0.118985, -0.207901, 0.970886, 0.4, 0.987978, -0.072418, -0.136587, 0.0, 0.0, 0.0, 0.0, 1.0],
                [0.098706, 0.975465, 0.196785, 0.0, 0.118985, -0.207901, 0.970886, 0.4, 0.987978, -0.072418, -0.136587, -0.0, 0.0, 0.0, 0.0, 1.0],
                [0.098706, 0.975465, 0.196784, 0.0, 0.118985, -0.2079, 0.970886, 0.4, 0.987978, -0.072418, -0.136587, -0.0, 0.0, 0.0, 0.0, 1.0],
                [0.098706, 0.975465, 0.196785, -0.0, 0.118985, -0.2079, 0.970886, 0.399999, 0.987977, -0.072418, -0.136587, 0.0, 0.0, 0.0, 0.0, 1.0],
                [0.098706, 0.975465, 0.196785, 0.0, 0.118985, -0.2079, 0.970886, 0.4, 0.987977, -0.072418, -0.136587, -0.0, 0.0, 0.0, 0.0, 1.0],
                [0.098706, 0.975465, 0.196785, 0.0, 0.118985, -0.2079, 0.970886, 0.4, 0.987977, -0.072418, -0.136587, -0.0, 0.0, 0.0, 0.0, 1.0],
                [0.098427, 0.975422, 0.197141, -0.0, 0.118609, -0.208189, 0.97087, 0.4, 0.988051, -0.072177, -0.136186, 0.0, 0.0, 0.0, 0.0, 1.0],
                [0.089685, 0.973979, 0.208138, 0.0, 0.106977, -0.217191, 0.970249, 0.4, 0.990208, -0.064751, -0.123672, -0.0, 0.0, 0.0, 0.0, 1.0],
                [0.071698, 0.970583, 0.229844, -0.0, 0.08379, -0.235483, 0.96826, 0.4, 0.9939, -0.050163, -0.098209, -0.0, 0.0, 0.0, 0.0, 1.0],
                [0.048685, 0.965464, 0.255947, 0.0, 0.05548, -0.25847, 0.964425, 0.4, 0.997272, -0.032753, -0.066148, -0.0, 0.0, 0.0, 0.0, 1.0],
                [0.015366, 0.956671, 0.290766, 0.0, 0.01691, -0.291008, 0.956571, 0.4, 0.999739, -0.009782, -0.020649, 0.0, 0.0, 0.0, 0.0, 1.0],
                [0.0, 0.952114, 0.305743, -0.0, -0.0, -0.305743, 0.952114, 0.4, 1.0, 0.0, -0.0, -0.0, 0.0, 0.0, 0.0, 1.0]
            ]
        },
        {
            "name": "Arm_R",
            "time": [0.0, 0.0833, 0.1667, 0.25, 0.3333, 0.4167, 0.5, 0.5833, 0.6667, 0.6833, 0.7, 0.7167, 0.7333, 0.75, 0.7667, 0.8333, 0.9667, 1.0, 1.1667, 1.3333, 1.5, 1.75, 2.0],
            "transform": [
                [0.189106, 0.051173, -0.980623, -0.0, 0.840119, 0.508575, 0.188551, 0.393861, 0.508369, -0.859496, 0.053183, -0.0, 0.0, 0.0, 0.0, 1.0],
                [0.856611, -0.068662, -0.511374, 0.0, -0.179289, 0.889735, -0.419795, 0.39386, 0.483811, 0.451286, 0.749846, 0.0, 0.0, 0.0, 0.0, 1.0],
                [0.482017, -0.773659, -0.411231, -0.0, 0.875226, 0.446858, 0.185196, 0.393861, 0.040484, -0.449187, 0.89252, -0.0, 0.0, 0.0, 0.0, 1.0],
                [0.342799, -0.243921, 0.907188, -0.0, -0.153005, 0.93831, 0.310105, 0.39386, -0.926865, -0.245108, 0.284331, 0.0, 0.0, 0.0, 0.0, 1.0],
                [0.111783, -0.315856, 0.9422, -0.0, 0.182148, 0.938591, 0.293036, 0.393861, -0.976896, 0.138863, 0.162451, 0.0, 0.0, 0.0, 0.0, 1.0],
                [0.138632, -0.077275, 0.987325, -0.0, 0.476151, 0.879362, 0.001968, 0.393861, -0.868367, 0.469843, 0.158703, -0.0, 0.0, 0.0, 0.0, 1.0],
                [-0.030905, 0.10399, 0.994098, 0.0, 0.547095, 0.834118, -0.070246, 0.39386, -0.8365, 0.541696, -0.08267, 0.0, 0.0, 0.0, 0.0, 1.0],
                [0.09635, 0.162386, 0.982012, -0.0, 0.542373, 0.818696, -0.188595, 0.39386, -0.834594, 0.550788, -0.009192, 0.0, 0.0, 0.0, 0.0, 1.0],
                [0.886135, -0.231101, 0.401693, -0.0, 0.311858, 0.93853, -0.148007, 0.393861, -0.342796, 0.256425, 0.903735, -0.0, 0.0, 0.0, 0.0, 1.0],
                [0.884089, -0.261051, 0.387608, -0.0, 0.324624, 0.93971, -0.107543, 0.39386, -0.336164, 0.220905, 0.91553, 1e-06, 0.0, 0.0, 0.0, 1.0],
                [0.885163, -0.175769, 0.430804, -1e-06, 0.318711, 0.903622, -0.286168, 0.393861, -0.338984, 0.390608, 0.855872, 0.0, 0.0, 0.0, 0.0, 1.0],
                [0.886439, -0.295616, 0.356142, -0.0, 0.312681, 0.949805, 0.010122, 0.39386, -0.341257, 0.102387, 0.934377, 0.0, 0.0, 0.0, 0.0, 1.0],
                [0.888358, -0.307082, 0.341351, -0.0, 0.302812, 0.95068, 0.067177, 0.39386, -0.345144, 0.043688, 0.937532, 1e-06, 0.0, 0.0, 0.0, 1.0],
                [0.888973, -0.298416, 0.347382, -0.0, 0.300538, 0.952503, 0.049142, 0.39386, -0.345547, 0.060716, 0.936436, 0.0, 0.0, 0.0, 0.0, 1.0],
                [0.889368, -0.294359, 0.349825, -0.0, 0.298663, 0.953393, 0.04293, 0.393861, -0.346157, 0.0663, 0.935831, 1e-06, 0.0, 0.0, 0.0, 1.0],
                [0.889895, -0.282914, 0.357836, 0.0, 0.293756, 0.955555, 0.024949, 0.393861, -0.34899, 0.082914, 0.933451, -1e-06, 0.0, 0.0, 0.0, 1.0],
                [0.889895, -0.282914, 0.357836, 0.0, 0.293756, 0.955555, 0.024949, 0.393861, -0.34899, 0.082914, 0.933451, -1e-06, 0.0, 0.0, 0.0, 1.0],
                [0.888832, -0.291279, 0.353744, 0.0, 0.300788, 0.953246, 0.029146, 0.393861, -0.345694, 0.080497, 0.934889, 1e-06, 0.0, 0.0, 0.0, 1.0],
                [0.835892, -0.488673, 0.249967, -0.0, 0.504575, 0.863368, 0.000537, 0.393861, -0.216076, 0.125678, 0.968254, 1e-06, 0.0, 0.0, 0.0, 1.0],
                [0.763212, -0.624821, -0.164641, 0.0, 0.646113, 0.740675, 0.184227, 0.393861, 0.006837, -0.24698, 0.968997, 0.0, 0.0, 0.0, 0.0, 1.0],
                [0.627027, -0.404191, -0.665933, -0.0, 0.727123, 0.61041, 0.314151, 0.39386, 0.279515, -0.681196, 0.676641, 1e-06, 0.0, 0.0, 0.0, 1.0],
                [-0.041562, -0.23827, -0.97031, 0.0, 0.912496, 0.386516, -0.133998, 0.39386, 0.406968, -0.890973, 0.201356, -0.0, 0.0, 0.0, 0.0, 1.0],
                [-0.033823, -0.150961, -0.987961, -0.0, 0.892857, 0.439607, -0.097739, 0.393861, 0.449069, -0.885413, 0.119918, 0.0, 0.0, 0.0, 0.0, 1.0]
            ]
        },
        {
            "name": "Hand_R",
            "time": [0.0, 0.0833, 0.1667, 0.25, 0.3333, 0.4167, 0.5, 0.5833, 0.6667, 0.6833, 0.7, 0.7167, 0.7333, 0.75, 0.7667, 0.8333, 0.9667, 1.0, 1.1667, 1.3333, 1.5, 1.75, 2.0],
            "transform": [
                [1.0, -3e-06, 1e-06, -0.0, 3e-06, 0.779565, -0.626323, 0.300002, 1e-06, 0.626322, 0.779565, 0.0, 0.0, 0.0, 0.0, 1.0],
                [1.0, -3e-06, 2e-06, -0.0, 3e-06, 0.471064, -0.882099, 0.300003, 2e-06, 0.882099, 0.471064, -0.0, 0.0, 0.0, 0.0, 1.0],
                [1.0, -2e-06, 2e-06, 0.0, 3e-06, 0.287603, -0.95775, 0.300003, 2e-06, 0.95775, 0.287603, -0.0, 0.0, 0.0, 0.0, 1.0],
                [1.0, -4e-06, 1e-06, 0.0, 4e-06, 0.836864, -0.547412, 0.300003, 1e-06, 0.547412, 0.836864, 0.0, 0.0, 0.0, 0.0, 1.0],
                [1.0, -1e-06, 0.0, -0.0, 1e-06, 0.85688, -0.515516, 0.300003, 0.0, 0.515516, 0.85688, -0.0, 0.0, 0.0, 0.0, 1.0],
                [1.0, -2e-06, 1e-06, 0.0, 2e-06, 0.810246, -0.58609, 0.300003, 1e-06, 0.58609, 0.810246, 0.0, 0.0, 0.0, 0.0, 1.0],
                [1.0, -2e-06, 1e-06, 0.0, 2e-06, 0.85366, -0.520831, 0.300003, 1e-06, 0.520831, 0.85366, -0.0, 0.0, 0.0, 0.0, 1.0],
                [1.0, -4e-06, 1e-06, 0.0, 4e-06, 0.854937, -0.518732, 0.300002, 1e-06, 0.518733, 0.854937, 0.0, 0.0, 0.0, 0.0, 1.0],
                [1.0, 0.0, 0.0, 0.0, -0.0, 0.941094, -0.338144, 0.300002, -0.0, 0.338144, 0.941094, -0.0, 0.0, 0.0, 0.0, 1.0],
