{
    "animation": [
        {
            "name": "Root",
            "time": [0.0333, 0.0667, 0.1, 0.1333, 0.1667, 0.2, 0.2333, 0.2667, 0.3, 0.3333, 0.3667, 0.4, 0.4333, 0.4667, 0.5, 0.5333, 0.5667, 0.6, 0.6333, 0.6667, 0.7, 0.7333, 0.7667, 0.8, 0.8333, 0.8667, 0.9, 0.9333, 0.9667, 1.0, 1.0333, 1.0667, 1.1, 1.1333, 1.1667, 1.2, 1.3, 1.3333, 1.3667, 1.4, 1.4333, 1.5333, 1.5667, 1.6, 1.6333, 1.6667, 1.7, 1.7333, 1.7667, 1.8667, 2.0667, 2.3, 2.4, 2.4333, 2.4667, 2.5, 2.5333, 2.5667, 2.6667, 2.8333, 2.9667],
            "transform": [
                [-0.009748, 0.099318, -0.994998, -0.101706, -0.993169, -0.116585, -0.001907, 0.043473, -0.116193, 0.988192, 0.099777, 0.695582, 0.0, 0.0, 0.0, 1.0],
                [-0.09165, 0.103694, -0.990367, -0.133436, -0.988917, -0.126054, 0.078318, 0.066916, -0.11672, 0.986579, 0.114099, 0.690627, 0.0, 0.0, 0.0, 1.0],
                [-0.122299, 0.110726, -0.986287, -0.157313, -0.98751, -0.11293, 0.109772, 0.094509, -0.099228, 0.987404, 0.123156, 0.684228, 0.0, 0.0, 0.0, 1.0],
                [-0.136776, 0.13469, -0.981392, -0.186317, -0.986058, -0.113192, 0.121892, 0.122868, -0.094669, 0.984391, 0.148296, 0.670091, 0.0, 0.0, 0.0, 1.0],
                [-0.098459, 0.158674, -0.982399, -0.203128, -0.991162, -0.103725, 0.082584, 0.162856, -0.088796, 0.981857, 0.167486, 0.658557, 0.0, 0.0, 0.0, 1.0],
                [-0.04359, 0.164451, -0.985411, -0.203179, -0.995209, -0.093436, 0.02843, 0.197236, -0.087399, 0.98194, 0.167737, 0.652297, 0.0, 0.0, 0.0, 1.0],
                [0.045938, 0.177376, -0.98306, -0.213659, -0.995693, -0.071082, -0.059354, 0.233904, -0.080407, 0.981563, 0.173349, 0.649607, 0.0, 0.0, 0.0, 1.0],
                [0.166405, 0.166862, -0.971826, -0.226225, -0.983998, -0.035403, -0.174568, 0.273593, -0.063535, 0.985334, 0.158302, 0.647574, 0.0, 0.0, 0.0, 1.0],
                [0.319065, 0.159628, -0.934182, -0.224124, -0.945975, -0.006184, -0.324149, 0.317719, -0.057521, 0.987148, 0.149032, 0.654202, 0.0, 0.0, 0.0, 1.0],
                [0.469257, 0.14488, -0.871084, -0.211797, -0.881533, 0.019057, -0.471716, 0.371913, -0.051742, 0.989256, 0.13666, 0.663429, 0.0, 0.0, 0.0, 1.0],
                [0.637093, 0.125593, -0.760473, -0.198821, -0.769267, 0.041938, -0.637534, 0.493576, -0.048178, 0.991185, 0.123334, 0.675232, 0.0, 0.0, 0.0, 1.0],
                [0.792956, 0.120357, -0.597257, -0.191056, -0.607025, 0.072114, -0.791392, 0.654771, -0.052179, 0.990098, 0.130243, 0.688103, 0.0, 0.0, 0.0, 1.0],
                [0.923004, 0.0942, -0.373054, -0.185713, -0.381093, 0.090211, -0.920114, 0.860164, -0.053021, 0.991448, 0.119165, 0.700919, 0.0, 0.0, 0.0, 1.0],
                [0.988779, 0.066592, -0.133649, -0.177189, -0.140561, 0.113042, -0.983587, 1.053564, -0.050392, 0.991346, 0.121135, 0.71449, 0.0, 0.0, 0.0, 1.0],
                [0.995834, 0.050666, 0.075684, -0.163778, 0.068732, 0.127156, -0.989488, 1.15623, -0.059758, 0.990578, 0.123145, 0.728452, 0.0, 0.0, 0.0, 1.0],
                [0.964979, 0.030785, 0.260475, -0.153063, 0.255142, 0.12005, -0.959412, 1.239598, -0.060806, 0.99228, 0.107992, 0.73929, 0.0, 0.0, 0.0, 1.0],
                [0.901996, 0.003536, 0.431708, -0.142619, 0.429686, 0.089646, -0.898506, 1.327724, -0.041879, 0.995957, 0.079342, 0.747627, 0.0, 0.0, 0.0, 1.0],
                [0.813644, -0.015646, 0.581135, -0.13764, 0.581328, 0.029692, -0.813115, 1.420246, -0.004533, 0.999427, 0.033255, 0.75575, 0.0, 0.0, 0.0, 1.0],
                [0.691348, -0.030333, 0.721871, -0.13574, 0.720044, -0.053515, -0.691847, 1.511815, 0.059618, 0.998096, -0.015157, 0.765078, 0.0, 0.0, 0.0, 1.0],
                [0.515261, -0.034314, 0.856334, -0.139493, 0.84049, -0.175076, -0.512743, 1.610601, 0.16752, 0.983947, -0.06137, 0.771989, 0.0, 0.0, 0.0, 1.0],
                [0.285166, -0.037338, 0.95774, -0.144703, 0.897672, -0.339808, -0.280528, 1.809641, 0.335926, 0.939743, -0.063385, 0.914781, 0.0, 0.0, 0.0, 1.0],
                [-0.068885, -0.0687, 0.995246, -0.146695, 0.820311, -0.571638, 0.017318, 2.105601, 0.567736, 0.817613, 0.095733, 1.001875, 0.0, 0.0, 0.0, 1.0],
                [-0.716187, -0.143002, 0.683086, -0.191107, 0.479661, -0.811818, 0.332953, 2.489273, 0.506934, 0.566112, 0.650012, 1.274963, 0.0, 0.0, 0.0, 1.0],
                [-0.969508, -0.146383, -0.196484, -0.195401, 0.042313, -0.889888, 0.454191, 2.579491, -0.241337, 0.432032, 0.868956, 1.284918, 0.0, 0.0, 0.0, 1.0],
                [-0.666232, -0.086779, -0.740665, -0.200669, -0.303923, -0.875373, 0.375942, 2.729845, -0.680989, 0.475575, 0.556833, 1.28918, 0.0, 0.0, 0.0, 1.0],
                [-0.358485, -0.045909, -0.932396, -0.200679, -0.492326, -0.839293, 0.230613, 2.842617, -0.793148, 0.541719, 0.278274, 1.29533, 0.0, 0.0, 0.0, 1.0],
                [-0.0767, -0.005375, -0.99703, -0.202011, -0.587935, -0.807375, 0.049582, 3.035444, -0.805251, 0.589997, 0.058766, 1.306338, 0.0, 0.0, 0.0, 1.0],
                [0.188349, 0.023257, -0.981817, -0.197635, -0.592339, -0.794714, -0.132458, 3.166684, -0.783352, 0.606522, -0.135909, 1.326983, 0.0, 0.0, 0.0, 1.0],
                [0.446338, 0.041628, -0.893884, -0.186192, -0.538385, -0.785398, -0.305404, 3.26364, -0.714776, 0.617573, -0.328145, 1.355436, 0.0, 0.0, 0.0, 1.0],
                [0.690629, 0.051733, -0.721342, -0.173702, -0.418315, -0.785061, -0.456806, 3.415726, -0.589935, 0.617238, -0.520551, 1.391787, 0.0, 0.0, 0.0, 1.0],
                [0.894563, 0.057394, -0.44322, -0.157209, -0.223613, -0.801171, -0.55507, 3.560733, -0.386956, 0.59566, -0.703871, 1.431015, 0.0, 0.0, 0.0, 1.0],
                [0.990701, 0.086055, -0.105293, -0.136356, 0.008468, -0.811826, -0.583821, 3.640015, -0.135722, 0.577506, -0.805013, 1.472769, 0.0, 0.0, 0.0, 1.0],
                [0.966253, 0.099021, 0.237762, -0.118497, 0.212805, -0.82695, -0.52043, 3.682604, 0.145085, 0.553469, -0.820123, 1.517331, 0.0, 0.0, 0.0, 1.0],
                [0.824809, 0.108026, 0.554978, -0.102487, 0.378902, -0.83415, -0.400758, 3.747708, 0.419647, 0.540836, -0.728953, 1.557665, 0.0, 0.0, 0.0, 1.0],
                [0.600578, 0.0833, 0.795202, -0.089894, 0.457681, -0.851306, -0.256488, 3.84673, 0.655602, 0.517995, -0.549406, 1.588239, 0.0, 0.0, 0.0, 1.0],
                [0.363928, 0.041679, 0.930483, -0.081728, 0.417239, -0.900443, -0.122856, 3.976496, 0.832735, 0.432949, -0.34509, 1.605802, 0.0, 0.0, 0.0, 1.0],
                [-0.881718, -0.309802, -0.355777, -0.077763, 0.241606, -0.944278, 0.223486, 4.19143, -0.405192, 0.111094, 0.907446, 1.613068, 0.0, 0.0, 0.0, 1.0],
                [0.773949, 0.036775, -0.632163, -0.087275, -0.103121, -0.977656, -0.183123, 4.367623, -0.624779, 0.20692, -0.752871, 1.613577, 0.0, 0.0, 0.0, 1.0],
                [0.866827, 0.05417, -0.495637, -0.093835, -0.056971, -0.976799, -0.206395, 4.381788, -0.495323, 0.207148, -0.843638, 1.611652, 0.0, 0.0, 0.0, 1.0],
                [0.971303, 0.073064, -0.226299, -0.100157, 0.039644, -0.988054, -0.148852, 4.397369, -0.234474, 0.13561, -0.962607, 1.607136, 0.0, 0.0, 0.0, 1.0],
                [0.90657, 0.095442, 0.411098, -0.105394, 0.125988, -0.99087, -0.047791, 4.423316, 0.402787, 0.09512, -0.910327, 1.604776, 0.0, 0.0, 0.0, 1.0],
                [-0.735229, -0.207298, -0.645326, -0.117707, 0.060625, -0.96837, 0.241999, 4.559817, -0.675087, 0.138803, 0.724549, 1.586343, 0.0, 0.0, 0.0, 1.0],
                [0.523633, -0.243714, -0.816328, -0.119247, -0.247682, -0.96036, 0.12784, 4.623973, -0.815133, 0.13525, -0.563245, 1.564703, 0.0, 0.0, 0.0, 1.0],
                [-0.483706, -0.176609, -0.857215, -0.118888, -0.192971, -0.933796, 0.301275, 4.689857, -0.853681, 0.311149, 0.417606, 1.532756, 0.0, 0.0, 0.0, 1.0],
                [-0.726055, -0.012727, -0.687504, -0.057562, -0.346996, -0.856396, 0.382307, 4.779684, -0.593648, 0.516142, 0.617381, 1.313892, 0.0, 0.0, 0.0, 1.0],
                [-0.392388, -0.114248, -0.912666, -0.037228, -0.302804, -0.920889, 0.245464, 4.921247, -0.868517, 0.37268, 0.326754, 1.406344, 0.0, 0.0, 0.0, 1.0],
                [-0.280097, -0.329178, -0.901758, -0.014166, -0.348065, -0.840613, 0.414971, 5.011394, -0.894638, 0.430107, 0.120879, 1.444178, 0.0, 0.0, 0.0, 1.0],
                [-0.359271, 0.865662, -0.348616, -0.141693, -0.450014, -0.487961, -0.747905, 4.972981, -0.817552, -0.11182, 0.564876, 1.094804, 0.0, 0.0, 0.0, 1.0],
                [-0.337575, 0.073714, -0.938397, -0.139943, -0.585534, -0.797005, 0.14803, 4.956426, -0.737003, 0.599441, 0.312214, 0.777376, 0.0, 0.0, 0.0, 1.0],
                [-0.266357, -0.923182, -0.277072, -0.156431, -0.860378, 0.098144, 0.500098, 4.987023, -0.434492, 0.371595, -0.820435, 0.743621, 0.0, 0.0, 0.0, 1.0],
                [-0.075908, -0.810342, -0.581002, -0.16761, -0.946047, -0.125537, 0.298691, 4.963785, -0.314982, 0.572334, -0.7571, 0.750155, 0.0, 0.0, 0.0, 1.0],
                [0.952837, 0.253405, -0.166937, -0.194081, -0.21561, 0.178255, -0.960061, 4.998402, -0.213529, 0.950784, 0.224486, 0.617372, 0.0, 0.0, 0.0, 1.0],
                [0.971044, 0.237948, 0.020814, -0.181272, -0.003961, 0.10317, -0.994646, 4.987375, -0.238824, 0.965772, 0.101126, 0.631033, 0.0, 0.0, 0.0, 1.0],
                [0.969181, 0.233186, 0.079322, -0.174681, 0.05648, 0.103057, -0.99306, 4.981751, -0.239745, 0.966945, 0.086711, 0.641645, 0.0, 0.0, 0.0, 1.0],
                [0.967083, 0.228195, 0.112507, -0.17253, 0.093069, 0.094258, -0.991178, 4.973237, -0.236789, 0.969032, 0.069918, 0.650722, 0.0, 0.0, 0.0, 1.0],
                [0.957572, 0.225259, 0.179702, -0.168659, 0.161926, 0.095206, -0.982189, 4.959653, -0.238358, 0.969626, 0.054691, 0.655988, 0.0, 0.0, 0.0, 1.0],
                [0.950894, 0.199445, 0.236649, -0.168213, 0.222647, 0.090263, -0.970701, 4.945146, -0.214965, 0.975733, 0.041425, 0.660361, 0.0, 0.0, 0.0, 1.0],
                [0.937616, 0.182564, 0.295848, -0.166637, 0.284854, 0.084371, -0.95484, 4.935838, -0.199283, 0.979557, 0.027104, 0.664574, 0.0, 0.0, 0.0, 1.0],
                [0.88804, 0.348078, 0.300344, -0.148343, 0.428847, -0.391711, -0.814023, 4.913174, -0.165697, 0.851695, -0.497132, 0.668651, 0.0, 0.0, 0.0, 1.0],
                [0.811958, 0.418214, 0.407188, -0.149407, 0.567907, -0.404847, -0.716631, 4.906648, -0.134857, 0.813127, -0.566231, 0.660417, 0.0, 0.0, 0.0, 1.0],
                [0.780944, 0.440839, 0.442457, -0.118679, 0.612333, -0.400759, -0.681484, 4.935157, -0.123107, 0.80314, -0.582916, 0.658895, 0.0, 0.0, 0.0, 1.0]
            ]
        },
        {
            "name": "Thigh_R",
            "time": [0.0333, 0.0667, 0.1, 0.1333, 0.1667, 0.2, 0.2333, 0.2667, 0.3, 0.3333, 0.3667, 0.4, 0.4333, 0.4667, 0.5, 0.5333, 0.5667, 0.6, 0.6333, 0.6667, 0.7, 0.7333, 0.7667, 0.8, 0.8333, 0.8667, 0.9, 0.9333, 0.9667, 1.0, 1.0333, 1.0667, 1.1, 1.1333, 1.1667, 1.2, 1.3, 1.3333, 1.3667, 1.4, 1.4333, 1.5333, 1.5667, 1.6, 1.6333, 1.6667, 1.7, 1.7333, 1.7667, 1.8667, 2.0667, 2.3, 2.4, 2.4333, 2.4667, 2.5, 2.5333, 2.5667, 2.6667, 2.8333, 2.9667],
            "transform": [
                [0.971075, 0.237636, -0.023282, 0.124994, 0.210739, -0.807135, 0.551472, -0.011953, 0.112258, -0.540428, -0.833868, -1.2e-05, 0.0, 0.0, 0.0, 1.0],
                [0.954678, 0.293138, -0.051578, 0.124994, 0.273924, -0.797526, 0.53751, -0.011953, 0.11643, -0.527277, -0.841678, -1.2e-05, 0.0, 0.0, 0.0, 1.0],
                [0.936414, 0.345719, -0.060052, 0.124994, 0.319738, -0.770174, 0.551905, -0.011953, 0.144554, -0.536013, -0.831742, -1.2e-05, 0.0, 0.0, 0.0, 1.0],
                [0.914815, 0.396559, -0.076517, 0.124994, 0.373393, -0.758251, 0.534446, -0.011953, 0.153921, -0.51749, -0.841732, -1.2e-05, 0.0, 0.0, 0.0, 1.0],
                [0.899814, 0.428589, -0.081524, 0.124994, 0.404327, -0.749046, 0.524833, -0.011953, 0.163873, -0.505214, -0.847292, -1.2e-05, 0.0, 0.0, 0.0, 1.0],
                [0.874249, 0.478836, -0.080024, 0.124994, 0.446053, -0.7272, 0.521745, -0.011953, 0.191637, -0.49183, -0.84934, -1.2e-05, 0.0, 0.0, 0.0, 1.0],
                [0.85218, 0.51937, -0.06359, 0.124994, 0.48345, -0.735038, 0.475389, -0.011953, 0.200162, -0.43586, -0.877474, -1.2e-05, 0.0, 0.0, 0.0, 1.0],
                [0.844138, 0.534325, -0.043899, 0.124994, 0.504692, -0.764352, 0.401313, -0.011953, 0.180877, -0.360919, -0.914888, -1.2e-05, 0.0, 0.0, 0.0, 1.0],
                [0.843555, 0.536807, -0.015924, 0.124994, 0.512352, -0.79553, 0.323462, -0.011953, 0.160969, -0.281017, -0.946107, -1.2e-05, 0.0, 0.0, 0.0, 1.0],
                [0.859335, 0.511389, -0.004856, 0.124994, 0.493342, -0.82643, 0.271342, -0.011953, 0.134748, -0.235569, -0.962471, -1.2e-05, 0.0, 0.0, 0.0, 1.0],
                [0.886558, 0.462486, 0.01098, 0.124994, 0.443217, -0.855943, 0.266308, -0.011953, 0.132563, -0.231231, -0.963825, -1.2e-05, 0.0, 0.0, 0.0, 1.0],
                [0.917181, 0.397926, 0.020819, 0.124994, 0.374958, -0.879565, 0.292869, -0.011953, 0.134852, -0.260808, -0.955926, -1.2e-05, 0.0, 0.0, 0.0, 1.0],
                [0.943918, 0.326225, 0.050949, 0.124994, 0.283495, -0.879851, 0.381434, -0.011953, 0.169261, -0.345599, -0.922991, -1.2e-05, 0.0, 0.0, 0.0, 1.0],
                [0.961663, 0.267195, 0.061736, 0.124994, 0.206846, -0.854536, 0.476426, -0.011953, 0.180054, -0.445391, -0.877044, -1.2e-05, 0.0, 0.0, 0.0, 1.0],
                [0.970113, 0.235971, 0.056546, 0.124994, 0.169436, -0.825563, 0.538272, -0.011953, 0.173699, -0.512604, -0.840872, -1.2e-05, 0.0, 0.0, 0.0, 1.0],
                [0.973878, 0.22092, 0.052494, 0.124994, 0.147497, -0.791226, 0.59347, -0.011953, 0.172644, -0.570224, -0.803143, -1.2e-05, 0.0, 0.0, 0.0, 1.0],
                [0.974103, 0.216838, 0.064073, 0.124994, 0.128821, -0.765119, 0.630871, -0.011953, 0.18582, -0.606278, -0.773238, -1.2e-05, 0.0, 0.0, 0.0, 1.0],
                [0.97189, 0.217849, 0.089285, 0.124994, 0.113651, -0.766235, 0.63243, -0.011953, 0.206187, -0.604505, -0.769455, -1.2e-05, 0.0, 0.0, 0.0, 1.0],
                [0.966766, 0.22498, 0.121438, 0.124994, 0.101481, -0.77366, 0.62542, -0.011953, 0.234658, -0.592312, -0.77078, -1.2e-05, 0.0, 0.0, 0.0, 1.0],
                [0.964652, 0.222563, 0.141113, 0.124994, 0.09561, -0.794568, 0.5996, -0.011953, 0.245573, -0.564913, -0.787761, -1.2e-05, 0.0, 0.0, 0.0, 1.0],
                [0.966063, 0.214534, 0.143862, 0.124994, 0.098649, -0.821159, 0.562108, -0.011953, 0.238725, -0.52884, -0.814456, -1.2e-05, 0.0, 0.0, 0.0, 1.0],
                [0.966817, 0.203268, 0.154749, 0.124995, 0.08728, -0.832107, 0.547704, -0.011953, 0.240099, -0.516023, -0.822236, -1.2e-05, 0.0, 0.0, 0.0, 1.0],
                [0.966661, 0.200015, 0.159876, 0.124994, 0.079285, -0.827487, 0.555858, -0.011953, 0.243475, -0.524651, -0.815758, -1.2e-05, 0.0, 0.0, 0.0, 1.0],
                [0.965622, 0.204461, 0.160531, 0.124994, 0.099099, -0.860445, 0.499814, -0.011953, 0.240321, -0.466723, -0.851126, -1.2e-05, 0.0, 0.0, 0.0, 1.0],
                [0.964514, 0.205274, 0.166058, 0.124994, 0.112307, -0.888163, 0.445593, -0.011953, 0.238955, -0.411131, -0.8797, -1.2e-05, 0.0, 0.0, 0.0, 1.0],
                [0.957232, 0.214038, 0.194667, 0.124994, 0.132477, -0.922413, 0.362772, -0.011954, 0.25721, -0.321468, -0.911318, -1.2e-05, 0.0, 0.0, 0.0, 1.0],
                [0.945165, 0.228211, 0.23363, 0.124994, 0.159758, -0.946992, 0.278716, -0.011954, 0.284852, -0.226109, -0.931523, -1.2e-05, 0.0, 0.0, 0.0, 1.0],
                [0.937847, 0.228643, 0.261086, 0.124993, 0.186386, -0.966433, 0.176824, -0.011954, 0.292752, -0.117171, -0.948982, -1.2e-05, 0.0, 0.0, 0.0, 1.0],
                [0.936831, 0.204964, 0.28344, 0.124994, 0.196299, -0.978769, 0.058967, -0.011953, 0.289508, 0.000397, -0.957176, -1.2e-05, 0.0, 0.0, 0.0, 1.0],
                [0.938067, 0.155277, 0.309708, 0.124994, 0.180628, -0.982026, -0.054745, -0.011953, 0.295641, 0.107296, -0.949254, -1.2e-05, 0.0, 0.0, 0.0, 1.0],
                [0.935099, 0.083825, 0.344331, 0.124994, 0.149241, -0.97441, -0.168079, -0.011953, 0.321431, 0.208559, -0.92368, -1.2e-05, 0.0, 0.0, 0.0, 1.0],
                [0.930722, -0.008832, 0.36562, 0.124994, 0.111643, -0.945129, -0.307029, -0.011953, 0.34827, 0.326577, -0.878667, -1.2e-05, 0.0, 0.0, 0.0, 1.0],
                [0.918203, -0.071479, 0.389607, 0.124994, 0.039778, -0.961972, -0.270234, -0.011953, 0.394107, 0.263627, -0.880443, -1.2e-05, 0.0, 0.0, 0.0, 1.0],
                [0.892371, -0.114349, 0.436576, 0.124994, -0.028537, -0.979729, -0.198282, -0.011953, 0.450399, 0.164482, -0.877545, -1.2e-05, 0.0, 0.0, 0.0, 1.0],
                [0.873613, -0.142662, 0.46524, 0.124994, -0.100983, -0.988397, -0.113462, -0.011953, 0.476029, 0.05214, -0.877883, -1.2e-05, 0.0, 0.0, 0.0, 1.0],
                [0.874614, -0.099142, 0.474575, 0.124995, -0.147142, -0.986978, 0.064988, -0.011954, 0.461952, -0.126669, -0.877813, -1.2e-05, 0.0, 0.0, 0.0, 1.0],
                [0.904102, 0.023782, 0.426655, 0.124994, -0.134312, -0.932032, 0.336566, -0.011953, 0.40566, -0.361595, -0.839458, -1.2e-05, 0.0, 0.0, 0.0, 1.0],
                [0.947234, 0.110694, 0.300824, 0.124994, -0.056404, -0.866277, 0.496368, -0.011953, 0.315542, -0.487144, -0.814324, -1.2e-05, 0.0, 0.0, 0.0, 1.0],
                [0.964134, 0.145687, 0.22186, 0.124994, 0.002438, -0.840714, 0.541473, -0.011952, 0.265406, -0.521512, -0.810916, -1.2e-05, 0.0, 0.0, 0.0, 1.0],
                [0.97237, 0.171164, 0.158744, 0.124994, 0.05787, -0.835515, 0.546412, -0.011953, 0.226159, -0.522128, -0.822335, -1.2e-05, 0.0, 0.0, 0.0, 1.0],
                [0.974923, 0.192258, 0.112081, 0.124994, 0.105436, -0.842567, 0.52817, -0.011953, 0.19598, -0.503107, -0.841709, -1.2e-05, 0.0, 0.0, 0.0, 1.0],
                [0.962095, 0.272607, -0.007629, 0.124994, 0.246332, -0.85668, 0.453233, -0.011954, 0.117019, -0.437933, -0.891359, -1.2e-05, 0.0, 0.0, 0.0, 1.0],
                [0.252584, 0.342802, 0.904814, 0.124994, 0.506532, -0.843603, 0.17821, -0.011952, 0.824395, 0.413304, -0.386721, -1.2e-05, 0.0, 0.0, 0.0, 1.0],
                [0.932329, 0.348064, -0.098047, 0.124994, 0.35662, -0.840132, 0.408657, -0.011953, 0.059866, -0.415969, -0.907406, -1.2e-05, 0.0, 0.0, 0.0, 1.0],
                [0.536613, 0.220996, -0.814376, 0.124994, 0.527053, -0.841467, 0.118941, -0.011954, -0.658985, -0.493045, -0.568019, -1.2e-05, 0.0, 0.0, 0.0, 1.0],
                [0.517211, 0.829656, -0.210148, 0.124994, 0.772938, -0.347367, 0.530945, -0.011953, 0.367504, -0.437042, -0.820935, -1.2e-05, 0.0, 0.0, 0.0, 1.0],
                [0.239789, 0.905533, 0.350016, 0.124994, 0.497374, -0.424212, 0.756745, -0.011953, 0.833739, -0.00737, -0.552109, -1.2e-05, 0.0, 0.0, 0.0, 1.0],
                [0.635243, 0.768588, 0.075753, 0.124995, -0.410244, 0.252704, 0.876265, -0.011953, 0.654344, -0.587718, 0.475837, -1.2e-05, 0.0, 0.0, 0.0, 1.0],
                [0.454054, 0.742287, 0.492792, 0.124994, 0.117926, -0.598295, 0.79255, -0.011954, 0.883135, -0.301748, -0.359193, -1.2e-05, 0.0, 0.0, 0.0, 1.0],
                [0.885231, 0.260937, 0.385068, 0.124994, 0.462055, -0.397929, -0.792564, -0.011953, -0.053579, 0.879525, -0.472827, -1.2e-05, 0.0, 0.0, 0.0, 1.0],
                [0.725722, 0.265265, 0.634793, 0.124993, 0.623745, -0.643004, -0.444396, -0.011953, 0.290292, 0.718457, -0.6321, -1.2e-05, 0.0, 0.0, 0.0, 1.0],
                [0.971185, 0.152831, 0.182872, 0.124994, -0.060171, -0.58522, 0.808639, -0.011953, 0.230606, -0.796341, -0.559161, -1.3e-05, 0.0, 0.0, 0.0, 1.0],
                [0.980788, 0.192419, 0.032078, 0.124994, 0.11339, -0.696145, 0.70889, -0.011953, 0.158735, -0.691634, -0.704589, -1.2e-05, 0.0, 0.0, 0.0, 1.0],
                [0.978135, 0.207527, 0.013601, 0.124994, 0.143077, -0.718942, 0.680185, -0.011953, 0.150936, -0.663366, -0.732914, -1.3e-05, 0.0, 0.0, 0.0, 1.0],
                [0.975964, 0.217742, 0.009031, 0.124994, 0.160624, -0.746718, 0.645455, -0.011953, 0.147287, -0.62849, -0.763745, -1.3e-05, 0.0, 0.0, 0.0, 1.0],
                [0.97094, 0.238617, 0.018338, 0.124994, 0.175998, -0.763857, 0.620925, -0.011953, 0.162171, -0.599653, -0.783656, -1.2e-05, 0.0, 0.0, 0.0, 1.0],
                [0.967921, 0.247568, 0.042881, 0.124994, 0.176081, -0.790121, 0.587115, -0.011953, 0.179232, -0.56073, -0.808367, -1.3e-05, 0.0, 0.0, 0.0, 1.0],
                [0.964529, 0.250312, 0.083832, 0.124994, 0.165713, -0.821347, 0.545828, -0.011953, 0.205482, -0.512574, -0.833693, -1.1e-05, 0.0, 0.0, 0.0, 1.0],
                [0.929997, 0.347013, 0.121192, 0.124994, 0.305478, -0.913053, 0.270216, -0.011953, 0.204423, -0.214278, -0.955142, -1.2e-05, 0.0, 0.0, 0.0, 1.0],
                [0.895959, 0.405812, 0.180482, 0.124995, 0.367055, -0.905358, 0.213537, -0.011953, 0.250056, -0.125073, -0.960119, -1.3e-05, 0.0, 0.0, 0.0, 1.0],
                [0.887637, 0.429292, 0.166757, 0.124994, 0.402143, -0.898957, 0.173656, -0.011953, 0.224457, -0.087083, -0.970585, -1.1e-05, 0.0, 0.0, 0.0, 1.0]
            ]
        },
        {
            "name": "Leg_R",
            "time": [0.0333, 0.0667, 0.1, 0.1333, 0.1667, 0.2, 0.2333, 0.2667, 0.3, 0.3333, 0.3667, 0.4, 0.4333, 0.4667, 0.5, 0.5333, 0.5667, 0.6, 0.6333, 0.6667, 0.7, 0.7333, 0.7667, 0.8, 0.8333, 0.8667, 0.9, 0.9333, 0.9667, 1.0, 1.0333, 1.0667, 1.1, 1.1333, 1.1667, 1.2, 1.3, 1.3333, 1.3667, 1.4, 1.4333, 1.5333, 1.5667, 1.6, 1.6333, 1.6667, 1.7, 1.7333, 1.7667, 1.8667, 2.0667, 2.2333, 2.3, 2.4, 2.4333, 2.4667, 2.5, 2.5333, 2.5667, 2.6667, 2.8333, 2.9667],
            "transform": [
                [1.0, -2e-06, -1e-06, -0.0, 2e-06, 0.632158, 0.77484, 0.37472, -1e-06, -0.77484, 0.632158, -0.0, 0.0, 0.0, 0.0, 1.0],
                [1.0, -2e-06, -1e-06, -0.0, 2e-06, 0.62642, 0.779485, 0.37472, -1e-06, -0.779485, 0.62642, 0.0, 0.0, 0.0, 0.0, 1.0],
                [1.0, -1e-06, -0.0, -0.0, 1e-06, 0.644141, 0.764906, 0.37472, -1e-06, -0.764906, 0.644141, -0.0, 0.0, 0.0, 0.0, 1.0],
                [1.0, -1e-06, -0.0, 0.0, 1e-06, 0.679414, 0.733755, 0.37472, -1e-06, -0.733755, 0.679414, -0.0, 0.0, 0.0, 0.0, 1.0],
                [1.0, -1e-06, -0.0, 0.0, 1e-06, 0.697798, 0.716295, 0.37472, -1e-06, -0.716295, 0.697798, -0.0, 0.0, 0.0, 0.0, 1.0],
                [1.0, -2e-06, -1e-06, 0.0, 2e-06, 0.696882, 0.717186, 0.37472, -1e-06, -0.717186, 0.696882, 0.0, 0.0, 0.0, 0.0, 1.0],
                [1.0, -1e-06, -0.0, 0.0, 1e-06, 0.710318, 0.703881, 0.37472, -1e-06, -0.703881, 0.710318, -0.0, 0.0, 0.0, 0.0, 1.0],
                [1.0, -2e-06, 0.0, 0.0, 1e-06, 0.72731, 0.686309, 0.37472, -1e-06, -0.686309, 0.72731, -0.0, 0.0, 0.0, 0.0, 1.0],
                [1.0, -1e-06, -0.0, 0.0, 1e-06, 0.752946, 0.658082, 0.37472, -0.0, -0.658082, 0.752946, -0.0, 0.0, 0.0, 0.0, 1.0],
                [1.0, -1e-06, -0.0, 0.0, 1e-06, 0.751678, 0.65953, 0.37472, -0.0, -0.65953, 0.751678, -0.0, 0.0, 0.0, 0.0, 1.0],
                [1.0, -2e-06, -1e-06, 0.0, 2e-06, 0.73292, 0.680315, 0.37472, -0.0, -0.680315, 0.73292, -0.0, 0.0, 0.0, 0.0, 1.0],
                [1.0, -1e-06, -1e-06, 0.0, 1e-06, 0.693284, 0.720664, 0.37472, -0.0, -0.720664, 0.693284, -0.0, 0.0, 0.0, 0.0, 1.0],
                [1.0, -1e-06, -1e-06, -0.0, 1e-06, 0.632686, 0.774409, 0.37472, -1e-06, -0.774409, 0.632686, -0.0, 0.0, 0.0, 0.0, 1.0],
                [1.0, -2e-06, -1e-06, 0.0, 2e-06, 0.580884, 0.813986, 0.37472, -1e-06, -0.813986, 0.580884, 0.0, 0.0, 0.0, 0.0, 1.0],
                [1.0, -2e-06, -1e-06, 0.0, 2e-06, 0.521836, 0.853046, 0.37472, -1e-06, -0.853046, 0.521835, 0.0, 0.0, 0.0, 0.0, 1.0],
                [1.0, -2e-06, -1e-06, 0.0, 2e-06, 0.482403, 0.87595, 0.37472, -1e-06, -0.87595, 0.482403, -1e-06, 0.0, 0.0, 0.0, 1.0],
                [1.0, -2e-06, -1e-06, -0.0, 2e-06, 0.50416, 0.86361, 0.37472, -1e-06, -0.863611, 0.50416, -0.0, 0.0, 0.0, 0.0, 1.0],
                [1.0, -1e-06, -0.0, 0.0, 1e-06, 0.58301, 0.812465, 0.37472, -1e-06, -0.812465, 0.58301, 0.0, 0.0, 0.0, 0.0, 1.0],
                [1.0, -1e-06, -0.0, 0.0, 1e-06, 0.627636, 0.778506, 0.37472, -1e-06, -0.778506, 0.627636, 0.0, 0.0, 0.0, 0.0, 1.0],
                [1.0, -2e-06, -1e-06, -0.0, 2e-06, 0.659699, 0.75153, 0.374721, -1e-06, -0.75153, 0.659699, 0.0, 0.0, 0.0, 0.0, 1.0],
                [1.0, -2e-06, -1e-06, 0.0, 2e-06, 0.686665, 0.726974, 0.37472, -1e-06, -0.726974, 0.686665, -0.0, 0.0, 0.0, 0.0, 1.0],
                [1.0, -1e-06, -1e-06, -0.0, 1e-06, 0.708292, 0.705919, 0.37472, -0.0, -0.70592, 0.708292, 0.0, 0.0, 0.0, 0.0, 1.0],
                [1.0, -1e-06, -1e-06, -0.0, 1e-06, 0.709337, 0.70487, 0.37472, -0.0, -0.70487, 0.709337, 0.0, 0.0, 0.0, 0.0, 1.0],
                [1.0, -1e-06, -1e-06, -0.0, 1e-06, 0.754939, 0.655795, 0.37472, -0.0, -0.655795, 0.754939, -0.0, 0.0, 0.0, 0.0, 1.0],
                [1.0, -2e-06, -0.0, 0.0, 2e-06, 0.777089, 0.629391, 0.37472, -1e-06, -0.629391, 0.777089, -1e-06, 0.0, 0.0, 0.0, 1.0],
                [1.0, -2e-06, 0.0, 0.0, 2e-06, 0.823711, 0.56701, 0.37472, -1e-06, -0.56701, 0.823711, 0.0, 0.0, 0.0, 0.0, 1.0],
                [1.0, -1e-06, 0.0, -0.0, 1e-06, 0.866639, 0.498935, 0.37472, -1e-06, -0.498935, 0.866639, -0.0, 0.0, 0.0, 0.0, 1.0],
                [1.0, -1e-06, 0.0, 0.0, 1e-06, 0.906408, 0.422402, 0.37472, -0.0, -0.422402, 0.906408, 0.0, 0.0, 0.0, 0.0, 1.0],
                [1.0, 0.0, 1e-06, -0.0, -0.0, 0.940724, 0.339172, 0.37472, -1e-06, -0.339172, 0.940724, 0.0, 0.0, 0.0, 0.0, 1.0],
                [1.0, -0.0, 0.0, 0.0, 0.0, 0.962969, 0.269614, 0.37472, -0.0, -0.269614, 0.962969, -1e-06, 0.0, 0.0, 0.0, 1.0],
                [1.0, -1e-06, 0.0, 0.0, 1e-06, 0.984209, 0.177011, 0.374719, -0.0, -0.177011, 0.984209, -1e-06, 0.0, 0.0, 0.0, 1.0],
                [1.0, -0.0, 0.0, -0.0, 0.0, 0.999994, 0.003388, 0.374721, -0.0, -0.003388, 0.999994, 0.0, 0.0, 0.0, 0.0, 1.0],
                [1.0, -0.0, 0.0, 0.0, 0.0, 0.990419, 0.138094, 0.37472, -0.0, -0.138094, 0.990419, -0.0, 0.0, 0.0, 0.0, 1.0],
                [1.0, -1e-06, 0.0, -0.0, 1e-06, 0.963736, 0.266859, 0.374719, -0.0, -0.266859, 0.963736, 0.0, 0.0, 0.0, 0.0, 1.0],
                [1.0, -0.0, 1e-06, 0.0, 0.0, 0.941982, 0.335664, 0.37472, -1e-06, -0.335664, 0.941982, -0.0, 0.0, 0.0, 0.0, 1.0],
                [1.0, -1e-06, 0.0, 0.0, 1e-06, 0.83035, 0.557242, 0.37472, -1e-06, -0.557242, 0.83035, -0.0, 0.0, 0.0, 0.0, 1.0],
                [1.0, -2e-06, -1e-06, -0.0, 2e-06, 0.500033, 0.866006, 0.374721, -1e-06, -0.866006, 0.500033, 0.0, 0.0, 0.0, 0.0, 1.0],
                [1.0, -2e-06, -1e-06, 0.0, 1e-06, 0.215014, 0.976611, 0.37472, -2e-06, -0.976611, 0.215014, 0.0, 0.0, 0.0, 0.0, 1.0],
                [1.0, -2e-06, -2e-06, 0.0, 3e-06, 0.11001, 0.993931, 0.374721, -2e-06, -0.993931, 0.11001, -0.0, 0.0, 0.0, 0.0, 1.0],
                [1.0, -2e-06, -2e-06, 0.0, 2e-06, 0.066889, 0.99776, 0.37472, -2e-06, -0.99776, 0.066889, -0.0, 0.0, 0.0, 0.0, 1.0],
                [1.0, -3e-06, -1e-06, 0.0, 2e-06, 0.091382, 0.995816, 0.37472, -3e-06, -0.995816, 0.091382, -0.0, 0.0, 0.0, 0.0, 1.0],
                [1.0, -2e-06, -1e-06, 0.0, 2e-06, 0.453862, 0.891072, 0.37472, -2e-06, -0.891072, 0.453862, -1e-06, 0.0, 0.0, 0.0, 1.0],
                [1.0, -1e-06, -1e-06, 0.0, 1e-06, 0.765117, 0.643892, 0.374721, -0.0, -0.643892, 0.765117, -0.0, 0.0, 0.0, 0.0, 1.0],
                [1.0, -1e-06, -1e-06, -0.0, 1e-06, 0.686542, 0.72709, 0.374721, -0.0, -0.72709, 0.686542, -1e-06, 0.0, 0.0, 0.0, 1.0],
                [1.0, -0.0, 0.0, 0.0, 0.0, 0.942356, 0.334611, 0.37472, -0.0, -0.334611, 0.942356, 0.0, 0.0, 0.0, 0.0, 1.0],
                [1.0, -1e-06, -1e-06, -0.0, 1e-06, 0.895345, 0.445373, 0.37472, 1e-06, -0.445373, 0.895345, -0.0, 0.0, 0.0, 0.0, 1.0],
                [1.0, -1e-06, 0.0, 1e-06, 1e-06, 0.981994, 0.188911, 0.37472, -0.0, -0.188911, 0.981994, -0.0, 0.0, 0.0, 0.0, 1.0],
                [1.0, -1e-06, -0.0, -0.0, 1e-06, 0.834095, 0.551621, 0.37472, -0.0, -0.551621, 0.834095, -0.0, 0.0, 0.0, 0.0, 1.0],
                [1.0, -2e-06, -0.0, 0.0, 1e-06, 0.643651, 0.765319, 0.37472, -1e-06, -0.765319, 0.643651, 1e-06, 0.0, 0.0, 0.0, 1.0],
                [0.971568, -0.215229, -0.098652, -0.0, 0.221274, 0.973661, 0.054969, 0.37472, 0.084223, -0.075235, 0.993603, -1e-06, 0.0, 0.0, 0.0, 1.0],
                [0.969011, -0.222191, -0.107932, -1e-06, 0.237404, 0.958407, 0.158414, 0.37472, 0.068245, -0.179129, 0.981456, -0.0, 0.0, 0.0, 0.0, 1.0],
                [0.999126, -0.016447, -0.038416, -0.0, 0.041771, 0.419821, 0.906645, 0.37472, 0.001216, -0.907458, 0.420141, -0.0, 0.0, 0.0, 0.0, 1.0],
                [1.0, -1e-06, 0.0, 1e-06, 0.0, 0.74586, 0.666102, 0.37472, -1e-06, -0.666102, 0.74586, -1e-06, 0.0, 0.0, 0.0, 1.0],
                [1.0, -2e-06, -0.0, 0.0, 2e-06, 0.835925, 0.548844, 0.374719, -1e-06, -0.548843, 0.835925, -0.0, 0.0, 0.0, 0.0, 1.0],
                [1.0, -0.0, 0.0, 0.0, -0.0, 0.871268, 0.490807, 0.374719, -0.0, -0.490807, 0.871268, -1e-06, 0.0, 0.0, 0.0, 1.0],
                [1.0, -1e-06, -0.0, 0.0, 1e-06, 0.903149, 0.429327, 0.37472, -0.0, -0.429327, 0.903149, 0.0, 0.0, 0.0, 0.0, 1.0],
                [1.0, -2e-06, -1e-06, 0.0, 2e-06, 0.926725, 0.37574, 0.37472, -0.0, -0.37574, 0.926725, -0.0, 0.0, 0.0, 0.0, 1.0],
                [1.0, -0.0, 0.0, 0.0, 0.0, 0.946975, 0.321308, 0.37472, -0.0, -0.321308, 0.946975, -1e-06, 0.0, 0.0, 0.0, 1.0],
                [1.0, -0.0, 0.0, -0.0, 0.0, 0.961273, 0.275598, 0.37472, -0.0, -0.275598, 0.961273, 1e-06, 0.0, 0.0, 0.0, 1.0],
                [1.0, -2e-06, -1e-06, 0.0, 3e-06, 0.743155, 0.669119, 0.37472, -1e-06, -0.669119, 0.743155, -0.0, 0.0, 0.0, 0.0, 1.0],
                [1.0, -2e-06, -1e-06, -0.0, 2e-06, 0.681909, 0.731437, 0.37472, -1e-06, -0.731437, 0.681909, -0.0, 0.0, 0.0, 0.0, 1.0],
                [1.0, -1e-06, -0.0, 0.0, 1e-06, 0.675576, 0.73729, 0.374721, -0.0, -0.73729, 0.675576, -0.0, 0.0, 0.0, 0.0, 1.0]
            ]
        },
        {
            "name": "Foot_R",
            "time": [0.0333, 0.0667, 0.1, 0.1333, 0.1667, 0.2, 0.2333, 0.2667, 0.3, 0.3333, 0.3667, 0.4, 0.4333, 0.4667, 0.5, 0.5333, 0.5667, 0.6, 0.6333, 0.6667, 0.7, 0.7333, 0.7667, 0.8, 0.8333, 0.8667, 0.9, 0.9333, 0.9667, 1.0, 1.0333, 1.0667, 1.1, 1.1333, 1.1667, 1.2, 1.3, 1.3333, 1.3667, 1.4, 1.4333, 1.5333, 1.5667, 1.6, 1.6333, 1.6667, 1.7, 1.7333, 1.7667, 1.8667, 2.0667, 2.3, 2.4, 2.4333, 2.4667, 2.5, 2.5333, 2.5667, 2.6667, 2.8333, 2.9667],
            "transform": [
                [0.97528, -0.154072, -0.1584, -0.0, 0.170504, 0.980677, 0.095924, 0.375, 0.140561, -0.12056, 0.982704, -0.0, 0.0, 0.0, 0.0, 1.0],
                [0.960141, -0.167521, -0.223753, 0.0, 0.182979, 0.98184, 0.050086, 0.375, 0.211299, -0.089032, 0.973358, 0.0, 0.0, 0.0, 0.0, 1.0],
                [0.942189, -0.189025, -0.276674, 0.0, 0.19451, 0.98087, -0.00775, 0.375, 0.272846, -0.046514, 0.960932, 0.0, 0.0, 0.0, 0.0, 1.0],
                [0.937413, -0.199565, -0.285359, -0.0, 0.200589, 0.979332, -0.025951, 0.375, 0.28464, -0.032913, 0.958069, -0.0, 0.0, 0.0, 0.0, 1.0],
                [0.940942, -0.228025, -0.250265, -0.0, 0.221222, 0.97365, -0.05538, 0.375, 0.256299, -0.003255, 0.966592, 0.0, 0.0, 0.0, 0.0, 1.0],
                [0.937786, -0.250092, -0.240855, -0.0, 0.241244, 0.968214, -0.066044, 0.375, 0.249717, 0.00383, 0.968311, -0.0, 0.0, 0.0, 0.0, 1.0],
                [0.942024, -0.276717, -0.189788, 0.0, 0.271067, 0.960951, -0.055639, 0.375, 0.197773, 0.000968, 0.980247, -0.0, 0.0, 0.0, 0.0, 1.0],
                [0.950604, -0.288311, -0.115019, -0.0, 0.288854, 0.957294, -0.012283, 0.375, 0.113648, -0.021547, 0.993287, 0.0, 0.0, 0.0, 0.0, 1.0],
                [0.955057, -0.29592, -0.017253, -0.0, 0.296416, 0.953788, 0.049258, 0.375, 0.001879, -0.052158, 0.998637, -0.0, 0.0, 0.0, 0.0, 1.0],
                [0.951864, -0.288741, 0.102882, -0.0, 0.280639, 0.955922, 0.086344, 0.375, -0.123278, -0.053315, 0.990939, -0.0, 0.0, 0.0, 0.0, 1.0],
                [0.927419, -0.281786, 0.245947, 0.0, 0.256382, 0.957723, 0.130515, 0.375, -0.272326, -0.057986, 0.960456, 0.0, 0.0, 0.0, 0.0, 1.0],
                [0.863858, -0.262871, 0.429707, 0.0, 0.216389, 0.963974, 0.154691, 0.375, -0.454891, -0.040648, 0.889619, -0.0, 0.0, 0.0, 0.0, 1.0],
                [0.747833, -0.241175, 0.618531, 0.0, 0.159933, 0.969689, 0.18473, 0.375, -0.644335, -0.039224, 0.763737, -0.0, 0.0, 0.0, 0.0, 1.0],
                [0.556964, -0.212543, 0.80288, -0.0, 0.097725, 0.976756, 0.19078, 0.375, -0.824767, -0.027796, 0.564789, -0.0, 0.0, 0.0, 0.0, 1.0],
                [0.343456, -0.192717, 0.919183, 0.0, 0.064739, 0.98125, 0.18154, 0.375, -0.936934, -0.002844, 0.349493, 0.0, 0.0, 0.0, 0.0, 1.0],
                [0.129625, -0.179157, 0.975244, 0.0, 0.046497, 0.983558, 0.174504, 0.375, -0.990472, 0.022726, 0.135824, 0.0, 0.0, 0.0, 0.0, 1.0],
                [-0.067378, -0.171607, 0.982859, -0.0, 0.03897, 0.983893, 0.174459, 0.375, -0.996966, 0.050057, -0.059606, -0.0, 0.0, 0.0, 0.0, 1.0],
                [-0.246907, -0.161109, 0.955553, 0.0, 0.012369, 0.985478, 0.16935, 0.375, -0.96896, 0.053633, -0.241329, -0.0, 0.0, 0.0, 0.0, 1.0],
                [-0.427904, -0.162432, 0.889108, 0.0, 0.007688, 0.983028, 0.18329, 0.375, -0.903791, 0.085266, -0.419393, -0.0, 0.0, 0.0, 0.0, 1.0],
                [-0.664526, -0.166122, 0.728567, 0.0, -0.027862, 0.979807, 0.197996, 0.375, -0.746746, 0.111274, -0.655735, 0.0, 0.0, 0.0, 0.0, 1.0],
                [-0.917807, -0.169478, 0.359036, -0.0, -0.110955, 0.977772, 0.177907, 0.375, -0.381207, 0.123447, -0.916211, -0.0, 0.0, 0.0, 0.0, 1.0],
                [0.7405, -0.174651, -0.648966, -0.0, 0.050531, 0.977378, -0.205375, 0.375, 0.670154, 0.119287, 0.732574, -0.0, 0.0, 0.0, 0.0, 1.0],
                [0.95963, -0.17643, 0.219052, 0.0, 0.198543, 0.97655, -0.083249, 0.375, -0.199228, 0.123379, 0.972155, 0.0, 0.0, 0.0, 0.0, 1.0],
                [0.35224, -0.180922, 0.918256, 0.0, 0.162912, 0.978012, 0.130202, 0.375, -0.921622, 0.103733, 0.373969, -0.0, 0.0, 0.0, 0.0, 1.0],
                [-0.244587, -0.187375, 0.951351, 0.0, 0.048425, 0.977566, 0.204988, 0.375, -0.968418, 0.096207, -0.230027, 0.0, 0.0, 0.0, 0.0, 1.0],
                [-0.622423, -0.192967, 0.758521, -0.0, -0.064918, 0.97852, 0.195664, 0.375, -0.779984, 0.072545, -0.621581, 0.0, 0.0, 0.0, 0.0, 1.0],
                [-0.791396, -0.193077, 0.580012, 0.0, -0.120526, 0.979469, 0.161598, 0.375, -0.599304, 0.057981, -0.798419, -0.0, 0.0, 0.0, 0.0, 1.0],
                [-0.92646, -0.194808, 0.32206, -0.0, -0.169101, 0.979855, 0.106247, 0.375, -0.33627, 0.043973, -0.940739, -0.0, 0.0, 0.0, 0.0, 1.0],
                [-0.980788, -0.194973, -0.006358, 0.0, -0.195063, 0.979823, 0.043556, 0.375, -0.002263, 0.04396, -0.999031, 0.0, 0.0, 0.0, 0.0, 1.0],
                [-0.912634, -0.194, -0.35981, 0.0, -0.20201, 0.979259, -0.015605, 0.375, 0.355375, 0.058444, -0.932895, 0.0, 0.0, 0.0, 0.0, 1.0],
                [-0.684437, -0.191855, -0.703376, 0.0, -0.174246, 0.979842, -0.097711, 0.375, 0.707944, 0.055684, -0.70407, -0.0, 0.0, 0.0, 0.0, 1.0],
                [-0.363284, -0.192442, -0.911587, -0.0, -0.077978, 0.981282, -0.176079, 0.375, 0.928409, 0.007117, -0.371491, 0.0, 0.0, 0.0, 0.0, 1.0],
                [-0.053478, -0.186728, -0.980955, 0.0, -0.09943, 0.978474, -0.180835, 0.375, 0.993607, 0.087865, -0.070893, 1e-06, 0.0, 0.0, 0.0, 1.0],
                [0.237588, -0.175493, -0.955382, 0.0, -0.096935, 0.974351, -0.203084, 0.375, 0.966517, 0.14086, 0.214483, 0.0, 0.0, 0.0, 0.0, 1.0],
                [0.520819, -0.149442, -0.840485, 0.0, -0.047886, 0.977893, -0.203547, 0.375, 0.852323, 0.146258, 0.50215, 0.0, 0.0, 0.0, 0.0, 1.0],
                [0.745212, -0.121826, -0.655604, -0.0, -0.049786, 0.970261, -0.236887, 0.375, 0.664966, 0.209171, 0.716985, -0.0, 0.0, 0.0, 0.0, 1.0],
                [-0.192686, -0.06953, -0.978794, 0.0, -0.233529, 0.972076, -0.02308, 0.375, 0.953067, 0.22413, -0.203543, 0.0, 0.0, 0.0, 0.0, 1.0],
                [-0.732021, -0.059803, -0.678653, -0.0, -0.156142, 0.984351, 0.081679, 0.375, 0.663148, 0.165757, -0.729903, -0.0, 0.0, 0.0, 0.0, 1.0],
                [-0.615302, -0.07752, -0.784471, -0.0, -0.171821, 0.984415, 0.03749, 0.375, 0.769338, 0.157856, -0.619032, 0.0, 0.0, 0.0, 0.0, 1.0],
                [-0.333877, -0.097295, -0.937582, 0.0, -0.178018, 0.983268, -0.038643, 0.375, 0.925654, 0.154004, -0.345611, -1e-06, 0.0, 0.0, 0.0, 1.0],
                [0.32072, -0.113521, -0.940347, 0.0, -0.110515, 0.981526, -0.156186, 0.375, 0.940704, 0.154015, 0.302249, 0.0, 0.0, 0.0, 0.0, 1.0],
                [-0.53741, -0.141113, 0.831431, 0.0, 0.069745, 0.975086, 0.210575, 0.375, -0.840432, 0.171153, -0.51418, -0.0, 0.0, 0.0, 0.0, 1.0],
                [-0.719839, -0.255978, 0.64522, 0.0, -0.075679, 0.952921, 0.293621, 0.375, -0.690004, 0.16253, -0.705322, -0.0, 0.0, 0.0, 0.0, 1.0],
                [-0.845376, -0.14129, 0.515148, -0.0, -0.057147, 0.982772, 0.175765, 0.375, -0.531107, 0.119149, -0.838886, -0.0, 0.0, 0.0, 0.0, 1.0],
                [0.844618, -0.535336, -0.006024, -0.0, 0.533213, 0.84217, -0.080203, 0.375, 0.048009, 0.064529, 0.99676, -0.0, 0.0, 0.0, 0.0, 1.0],
                [0.537471, -0.553018, -0.636629, -0.0, 0.579554, 0.790636, -0.197513, 0.375, 0.61257, -0.262803, 0.745448, 0.0, 0.0, 0.0, 0.0, 1.0],
                [0.012983, -0.176053, -0.984295, -0.0, 0.50963, 0.848092, -0.14497, 0.375, 0.860296, -0.499744, 0.100733, 0.0, 0.0, 0.0, 0.0, 1.0],
                [0.437201, -0.17591, -0.881992, 0.0, 0.179449, 0.978028, -0.106111, 0.375, 0.881279, -0.111881, 0.459162, 0.0, 0.0, 0.0, 0.0, 1.0],
                [-0.03203, -0.031485, 0.998991, 0.0, 0.284528, 0.957861, 0.039311, 0.375, -0.958133, 0.2855, -0.021722, -0.0, 0.0, 0.0, 0.0, 1.0],
                [-0.269477, -0.167837, 0.948268, 0.0, 0.124196, 0.970415, 0.207051, 0.375, -0.954965, 0.173567, -0.24066, 0.0, 0.0, 0.0, 0.0, 1.0],
                [-0.357495, -0.189945, 0.914395, -0.0, 0.049614, 0.973853, 0.221693, 0.375, -0.932596, 0.124621, -0.338724, 0.0, 0.0, 0.0, 0.0, 1.0],
                [-0.533926, -0.19352, -0.823087, 0.0, -0.088901, 0.980909, -0.172957, 0.375, 0.840844, -0.019174, -0.540937, -0.0, 0.0, 0.0, 0.0, 1.0],
                [-0.231035, -0.209751, -0.950067, 0.0, -0.035234, 0.977649, -0.207272, 0.375, 0.972307, -0.014413, -0.233261, 0.0, 0.0, 0.0, 0.0, 1.0],
                [-0.151222, -0.20779, -0.966413, -0.0, -0.020474, 0.978105, -0.2071, 0.375, 0.988288, -0.011532, -0.152165, -0.0, 0.0, 0.0, 0.0, 1.0],
                [-0.102629, -0.204648, -0.973441, -0.0, -0.012851, 0.978799, -0.20442, 0.375, 0.994637, -0.008469, -0.103083, -0.0, 0.0, 0.0, 0.0, 1.0],
                [-0.047702, -0.201159, -0.978396, 0.0, 0.000861, 0.979503, -0.201429, 0.375, 0.998861, -0.010451, -0.046551, 0.0, 0.0, 0.0, 0.0, 1.0],
                [0.001022, -0.197576, -0.980287, 0.0, 0.016096, 0.980164, -0.197534, 0.375, 0.99987, -0.015577, 0.004182, 0.0, 0.0, 0.0, 0.0, 1.0],
                [0.027457, -0.195838, -0.980252, 0.0, 0.03051, 0.980329, -0.194999, 0.375, 0.999157, -0.024553, 0.032892, 0.0, 0.0, 0.0, 0.0, 1.0],
                [0.427431, -0.228465, -0.874704, -0.0, -0.077405, 0.95474, -0.287194, 0.375, 0.900728, 0.190462, 0.390401, 0.0, 0.0, 0.0, 0.0, 1.0],
                [0.466398, -0.258364, -0.846003, -0.0, -0.069595, 0.942713, -0.326265, 0.375, 0.881833, 0.211047, 0.421698, -0.0, 0.0, 0.0, 0.0, 1.0],
                [0.546387, -0.259498, -0.796318, 0.0, -0.057187, 0.937012, -0.344585, 0.375, 0.835579, 0.233815, 0.497131, 0.0, 0.0, 0.0, 0.0, 1.0]
            ]
        },
        {
            "name": "Toe_R",
            "time": [0.0333, 0.0667, 0.1, 0.1333, 0.1667, 0.2, 0.2333, 0.2667, 0.3, 0.3333, 0.3667, 0.4, 0.4333, 0.4667, 0.5, 0.5333, 0.5667, 0.6, 0.6333, 0.6667, 0.7, 0.7333, 0.7667, 0.8, 0.8333, 0.8667, 0.9, 0.9333, 0.9667, 1.0, 1.0333, 1.0667, 1.1, 1.1333, 1.1667, 1.2, 1.3, 1.3333, 1.3667, 1.4, 1.4333, 1.5333, 1.5667, 1.6, 1.6333, 1.6667, 1.7, 1.7333, 1.7667, 1.8667, 2.0667, 2.3, 2.4, 2.4333, 2.4667, 2.5, 2.5333, 2.5667, 2.6667, 2.8333, 2.9667],
            "transform": [
                [-0.990154, -0.139985, 0.000583, 0.0, -0.000328, -0.001846, -0.999998, 0.011421, 0.139986, -0.990152, 0.001782, -0.0, 0.0, 0.0, 0.0, 1.0],
