{
    "armature": {
        "joints": ["Root", "Thigh_R", "Leg_R", "Knee_R", "Thigh_L", "Leg_L", "Knee_L", "Torso", "Chest", "Head", "Shoulder_R", "Arm_R", "Hand_R", "Tool_R", "Elbow_R", "Shoulder_L", "Arm_L", "Hand_L", "Tool_L", "Elbow_L"],
        "hierarchy": [
            {
                "name": "Root",
                "transform": [1.0, 0.0, 0.0, -5e-06, 0.0, 0.0, -1.0, 0.000946, 0.0, 1.0, 0.0, 0.763972, 0.0, 0.0, 0.0, 1.0],
                "children": [
                    {
                        "name": "Thigh_R",
                        "transform": [1.0, -1e-06, -0.0, 0.124994, -1e-06, -1.0, 0.0, -0.002831, -0.0, -0.0, -1.0, -1.2e-05, 0.0, 0.0, 0.0, 1.0],
                        "children": [
                            {
                                "name": "Leg_R",
                                "transform": [1.0, 1e-06, 1e-06, -0.0, -1e-06, 1.0, 0.0, 0.37472, -1e-06, -0.0, 1.0, -0.0, 0.0, 0.0, 0.0, 1.0],
                                "children": []
                            },
                            {
                                "name": "Knee_R",
                                "transform": [1.0, 0.0, -1e-06, -0.0, -1e-06, 0.0, -1.0, 0.37472, -0.0, 1.0, 0.0, 0.0, 0.0, 0.0, 0.0, 1.0],
                                "children": []
                            }
                        ]
                    },
                    {
                        "name": "Thigh_L",
                        "transform": [1.0, 0.0, 0.0, -0.125006, -0.0, -1.0, 0.0, -0.002831, 0.0, -0.0, -1.0, -1.2e-05, 0.0, 0.0, 0.0, 1.0],
                        "children": [
                            {
                                "name": "Leg_L",
                                "transform": [1.0, -0.0, 0.0, 0.0, 0.0, 1.0, 0.0, 0.37472, -0.0, -0.0, 1.0, -0.0, 0.0, 0.0, 0.0, 1.0],
                                "children": []
                            },
                            {
                                "name": "Knee_L",
                                "transform": [1.0, -0.0, 0.0, 0.0, 0.0, 0.0, -1.0, 0.37472, 0.0, 1.0, 0.0, -0.0, 0.0, 0.0, 0.0, 1.0],
                                "children": []
                            }
                        ]
                    },
                    {
                        "name": "Torso",
                        "transform": [1.0, 0.0, 0.0, 0.0, 0.0, 1.0, -0.0, 0.05, 0.0, 0.0, 1.0, 0.0, 0.0, 0.0, 0.0, 1.0],
                        "children": [
                            {
                                "name": "Chest",
                                "transform": [1.0, -0.0, 0.0, 0.0, 0.0, 1.0, 0.0, 0.3, -0.0, -0.0, 1.0, 0.0, 0.0, 0.0, 0.0, 1.0],
                                "children": [
                                    {
                                        "name": "Head",
                                        "transform": [1.0, 0.0, -0.0, 0.0, -0.0, 1.0, -0.0, 0.399999, 0.0, 0.0, 1.0, 0.0, 0.0, 0.0, 0.0, 1.0],
                                        "children": []
                                    },
                                    {
                                        "name": "Shoulder_R",
                                        "transform": [-0.0, 0.952114, 0.305743, 0.0, -1e-06, -0.305742, 0.952114, 0.4, 1.0, 0.0, 1e-06, 0.0, 0.0, 0.0, 0.0, 1.0],
                                        "children": [
                                            {
                                                "name": "Arm_R",
                                                "transform": [0.0, 1e-06, -1.0, 0.0, 0.952114, 0.305743, 1e-06, 0.39386, 0.305743, -0.952114, -1e-06, 0.0, 0.0, 0.0, 0.0, 1.0],
                                                "children": [
                                                    {
                                                        "name": "Hand_R",
                                                        "transform": [1.0, -0.0, -0.0, -0.0, 0.0, 0.993937, 0.109947, 0.300001, 0.0, -0.109947, 0.993937, 0.0, 0.0, 0.0, 0.0, 1.0],
                                                        "children": [
                                                            {
                                                                "name": "Tool_R",
                                                                "transform": [1.0, 0.0, 0.0, -0.0, 0.0, -0.999836, 0.018122, 0.272858, 0.0, -0.018122, -0.999231, -0.0, 0.0, 0.0, 0.0, 1.0],
                                                                "children": []
                                                            }
                                                        ]
                                                    },
                                                    {
                                                        "name": "Elbow_R",
                                                        "transform": [-1.0, 0.0, 0.0, -0.0, -0.0, 0.0, -1.0, 0.300001, -0.0, -1.0, -0.0, 0.0, 0.0, 0.0, 0.0, 1.0],
                                                        "children": []
                                                    }
                                                ]
                                            }
                                        ]
                                    },
                                    {
                                        "name": "Shoulder_L",
                                        "transform": [1e-06, -0.952113, -0.305745, 0.0, -1e-06, -0.305744, 0.952114, 0.4, -1.0, -0.0, -1e-06, -0.0, 0.0, 0.0, 0.0, 1.0],
                                        "children": [
                                            {
                                                "name": "Arm_L",
                                                "transform": [-0.0, 1e-06, 1.0, -0.0, -0.952114, 0.305745, -1e-06, 0.39386, -0.305745, -0.952113, 1e-06, 0.0, 0.0, 0.0, 0.0, 1.0],
                                                "children": [
                                                    {
                                                        "name": "Hand_L",
                                                        "transform": [1.0, -0.0, -1e-06, -0.0, 0.0, 0.993937, 0.109947, 0.3, 0.0, -0.109947, 0.993937, 0.0, 0.0, 0.0, 0.0, 1.0],
                                                        "children": [
                                                            {
                                                                "name": "Tool_L",
                                                                "transform": [1.0, 0.0, 0.0, -0.0, 0.0, -0.999836, 0.018122, 0.272859, 0.0, -0.018122, -0.999228, 0.0, 0.0, 0.0, 0.0, 1.0],
                                                                "children": []
                                                            }
                                                        ]
                                                    },
                                                    {
                                                        "name": "Elbow_L",
                                                        "transform": [-1.0, 1e-06, 0.0, -0.0, -0.0, -0.0, -1.0, 0.3, -1e-06, -1.0, 0.0, 0.0, 0.0, 0.0, 0.0, 1.0],
                                                        "children": []
                                                    }
                                                ]
                                            }
                                        ]
                                    }
                                ]
                            }
                        ]
                    }
                ]
            }
        ]
    },
    "animation": [
        {
            "name": "Root",
            "time": [0.0, 0.4167, 0.5333, 0.7667, 0.9333, 1.0, 1.1167, 1.2667, 1.5167, 1.65, 1.7, 1.7167, 1.7667, 1.8667, 2.0167, 2.1667, 2.2667, 3.3167, 3.6667, 3.8167, 3.9333, 4.3],
            "transform": [
                [1.0, 0.0, 0.0, -5e-06, 0.0, 0.0, -1.0, 0.000946, 0.0, 1.0, 0.0, 0.763972, 0.0, 0.0, 0.0, 1.0],
                [1.0, 0.0, 0.0, -5e-06, 0.0, 0.0, -1.0, 0.000946, 0.0, 1.0, 0.0, 0.747656, 0.0, 0.0, 0.0, 1.0],
                [1.0, 0.0, 0.0, -5e-06, 0.0, 0.0, -1.0, 0.072106, 0.0, 1.0, 0.0, 0.702786, 0.0, 0.0, 0.0, 1.0],
                [1.0, 0.0, 0.0, -5e-06, 0.0, 0.0, -1.0, 0.080213, 0.0, 1.0, 0.0, 0.670237, 0.0, 0.0, 0.0, 1.0],
                [1.0, 0.0, 0.0, -5e-06, 0.0, 0.0, -1.0, 0.080213, 0.0, 1.0, 0.0, 0.670237, 0.0, 0.0, 0.0, 1.0],
                [1.0, 0.0, 0.0, -5e-06, 0.0, 0.0, -1.0, 0.080213, 0.0, 1.0, 0.0, 0.66481, 0.0, 0.0, 0.0, 1.0],
                [1.0, 0.0, 0.0, -5e-06, 0.0, 0.0, -1.0, 0.080213, 0.0, 1.0, 0.0, 0.651167, 0.0, 0.0, 0.0, 1.0],
                [1.0, 0.0, 0.0, -0.028297, 0.0, 0.0, -1.0, -0.14763, 0.0, 1.0, 0.0, 0.651167, 0.0, 0.0, 0.0, 1.0],
                [0.443807, 0.666286, 0.599249, 0.397016, 0.634812, 0.238229, -0.735024, -0.062509, -0.632494, 0.706619, -0.317239, 0.947739, 0.0, 0.0, 0.0, 1.0],
                [-0.607842, 0.298892, 0.735658, 0.326711, 0.624997, 0.751554, 0.211058, 0.494023, -0.489803, 0.588074, -0.643632, 1.178664, 0.0, 0.0, 0.0, 1.0],
                [-0.68658, -0.208009, 0.696663, 0.130962, 0.48908, -0.841134, 0.230856, -0.350049, 0.537967, 0.499226, 0.679239, 1.456175, 0.0, 0.0, 0.0, 1.0],
                [-0.804846, -0.27202, 0.527473, 0.065712, 0.384073, -0.9163, 0.1135, -0.631406, 0.452449, 0.293938, 0.841956, 1.257834, 0.0, 0.0, 0.0, 1.0],
                [-0.991857, -0.077886, 0.100771, -0.130038, 0.029542, -0.910334, -0.41282, -1.475484, 0.123888, -0.406481, 0.905221, 1.275883, 0.0, 0.0, 0.0, 1.0],
                [-0.986928, -0.094474, 0.130569, -0.130038, -0.161161, 0.573972, -0.802859, -2.611097, 0.000906, -0.813406, -0.581695, 0.311588, 0.0, 0.0, 0.0, 1.0],
                [-0.98633, -0.100164, 0.130842, -0.130038, -0.148063, 0.887215, -0.436952, -2.892812, -0.072318, -0.450352, -0.889918, 0.360576, 0.0, 0.0, 0.0, 1.0],
                [-0.986334, -0.100185, 0.130803, -0.130038, -0.123025, 0.975903, -0.180218, -3.008373, -0.109596, -0.193847, -0.974891, 0.104024, 0.0, 0.0, 0.0, 1.0],
                [-0.986334, -0.100185, 0.130803, -0.130038, -0.123025, 0.975903, -0.180218, -3.008373, -0.109596, -0.193847, -0.974891, 0.104024, 0.0, 0.0, 0.0, 1.0],
                [-0.986334, -0.100185, 0.130803, -0.130038, -0.123025, 0.975903, -0.180218, -3.008373, -0.109596, -0.193847, -0.974891, 0.104024, 0.0, 0.0, 0.0, 1.0],
                [-0.986334, -0.100185, 0.130803, -0.130038, -0.123025, 0.975903, -0.180218, -3.008373, -0.109596, -0.193847, -0.974891, 0.104024, 0.0, 0.0, 0.0, 1.0],
                [-0.984333, -0.113979, 0.134525, -0.164882, 0.060973, 0.495847, 0.866266, -3.284781, -0.16544, 0.860897, -0.481129, 0.366969, 0.0, 0.0, 0.0, 1.0],
                [-0.986136, -0.102033, 0.130864, -0.21626, 0.12528, 0.059362, 0.990344, -3.592183, -0.108817, 0.993008, -0.045756, 0.617624, 0.0, 0.0, 0.0, 1.0],
                [-0.999981, 0.0, -0.006092, -0.380315, -0.006092, 0.0, 0.999981, -3.89993, 0.0, 1.0, 0.0, 0.763972, 0.0, 0.0, 0.0, 1.0]
            ]
        },
        {
            "name": "Thigh_R",
            "time": [0.0, 0.4167, 0.5333, 0.7667, 0.9333, 1.0, 1.1167, 1.2667, 1.5167, 1.65, 1.7, 1.7167, 1.7667, 1.8667, 2.0167, 2.1667, 2.2667, 3.3167, 3.6667, 3.8167, 3.9333, 4.3],
            "transform": [
                [0.993548, 0.113376, 0.002782, 0.124994, 0.112923, -0.991247, 0.068356, -0.002831, 0.010508, -0.067601, -0.997658, -1.2e-05, 0.0, 0.0, 0.0, 1.0],
                [0.993086, 0.117361, 0.002235, 0.124994, 0.11451, -0.972792, 0.201394, -0.002831, 0.02581, -0.199745, -0.979508, -1.2e-05, 0.0, 0.0, 0.0, 1.0],
                [0.993548, 0.109316, 0.030195, 0.124994, 0.112922, -0.978233, -0.174084, -0.002831, 0.010508, 0.17637, -0.984268, -1.2e-05, 0.0, 0.0, 0.0, 1.0],
                [0.993548, 0.106886, 0.03791, 0.124994, 0.112922, -0.963337, -0.243365, -0.002831, 0.010508, 0.246075, -0.969194, -1.2e-05, 0.0, 0.0, 0.0, 1.0],
                [0.993548, 0.106886, 0.03791, 0.124994, 0.112922, -0.963337, -0.243365, -0.002831, 0.010508, 0.246075, -0.969194, -1.2e-05, 0.0, 0.0, 0.0, 1.0],
                [0.993548, 0.107932, 0.034821, 0.124994, 0.112922, -0.969937, -0.215561, -0.002831, 0.010508, 0.218102, -0.97587, -1.2e-05, 0.0, 0.0, 0.0, 1.0],
                [0.993548, 0.110166, 0.026931, 0.124994, 0.112922, -0.982977, -0.144919, -0.002831, 0.010508, 0.147024, -0.989077, -1.2e-05, 0.0, 0.0, 0.0, 1.0],
                [0.992459, 0.119605, 0.026809, 0.124994, 0.113364, -0.978847, 0.170302, -0.002831, 0.046611, -0.165979, -0.985027, -1.2e-05, 0.0, 0.0, 0.0, 1.0],
                [0.638001, 0.334945, 0.693373, 0.124994, 0.471833, -0.881647, -0.008258, -0.002831, 0.608545, 0.332425, -0.720532, -1.2e-05, 0.0, 0.0, 0.0, 1.0],
                [0.845192, 0.042668, 0.532757, 0.124994, 0.362196, -0.778731, -0.51224, -0.002831, 0.393018, 0.625902, -0.673633, -1.2e-05, 0.0, 0.0, 0.0, 1.0],
                [0.687519, 0.164187, 0.707362, 0.124994, 0.486592, -0.827225, -0.280933, -0.002831, 0.539023, 0.537343, -0.648626, -1.2e-05, 0.0, 0.0, 0.0, 1.0],
                [0.624657, 0.209465, 0.752282, 0.124994, 0.515356, -0.834351, -0.195609, -0.002831, 0.586695, 0.509881, -0.629134, -1.2e-05, 0.0, 0.0, 0.0, 1.0],
                [0.417723, 0.350563, 0.83822, 0.124994, 0.557795, -0.827189, 0.067976, -0.002831, 0.717197, 0.439159, -0.54108, -1.2e-05, 0.0, 0.0, 0.0, 1.0],
                [0.991466, 0.1097, -0.070431, 0.124994, 0.118487, -0.983605, 0.135935, -0.002831, -0.054364, -0.14312, -0.988212, -1.2e-05, 0.0, 0.0, 0.0, 1.0],
                [0.985695, 0.098542, -0.136726, 0.124994, 0.01369, -0.855388, -0.517805, -0.002831, -0.16798, 0.508525, -0.844503, -1.2e-05, 0.0, 0.0, 0.0, 1.0],
                [0.977997, 0.056858, -0.200719, 0.124994, 0.036161, -0.993779, -0.105318, -0.002831, -0.205459, 0.095742, -0.973971, -1.2e-05, 0.0, 0.0, 0.0, 1.0],
                [0.979287, 0.065487, -0.19159, 0.124994, 0.030943, -0.983538, -0.178021, -0.002831, -0.200094, 0.168405, -0.965195, -1.2e-05, 0.0, 0.0, 0.0, 1.0],
                [0.979287, 0.065487, -0.19159, 0.124994, 0.030943, -0.983538, -0.178021, -0.002831, -0.200094, 0.168405, -0.965195, -1.2e-05, 0.0, 0.0, 0.0, 1.0],
                [0.907498, 0.412412, 0.079763, 0.124994, 0.413152, -0.910627, 0.007773, -0.002831, 0.07584, 0.0259, -0.996784, -1.2e-05, 0.0, 0.0, 0.0, 1.0],
                [0.874805, 0.368122, 0.314962, 0.124994, 0.319408, -0.927046, 0.196366, -0.00283, 0.364272, -0.071181, -0.928569, -1.2e-05, 0.0, 0.0, 0.0, 1.0],
                [0.849141, 0.453667, 0.270451, 0.124994, 0.207625, -0.757552, 0.618874, -0.002831, 0.485644, -0.469358, -0.737463, -1.1e-05, 0.0, 0.0, 0.0, 1.0],
                [0.993548, 0.113376, 0.002782, 0.124994, 0.112923, -0.991247, 0.068356, -0.002831, 0.010508, -0.067601, -0.997658, -1.2e-05, 0.0, 0.0, 0.0, 1.0]
            ]
        },
        {
            "name": "Leg_R",
            "time": [0.0, 0.4167, 0.5333, 0.7667, 0.9333, 1.0, 1.1167, 1.2667, 1.5167, 1.65, 1.7, 1.7167, 1.7667, 1.8667, 2.0167, 2.1667, 2.2667, 3.3167, 3.6667, 3.8167, 3.9333, 4.3],
            "transform": [
                [0.999999, 5e-05, -0.001404, 0.0, 4.8e-05, 0.997584, 0.069487, 0.37472, 0.001404, -0.069487, 0.997581, -0.0, 0.0, 0.0, 0.0, 1.0],
                [0.999999, 0.000304, -0.001371, 0.0, 4.8e-05, 0.968394, 0.249429, 0.37472, 0.001404, -0.249429, 0.968391, 0.0, 0.0, 0.0, 0.0, 1.0],
                [0.999999, 5e-05, -0.001404, 0.0, 4.8e-05, 0.997584, 0.069487, 0.37472, 0.001404, -0.069487, 0.997581, 0.0, 0.0, 0.0, 0.0, 1.0],
                [0.999999, 5e-05, -0.001404, 0.0, 4.8e-05, 0.997584, 0.069487, 0.37472, 0.001404, -0.069487, 0.997581, 0.0, 0.0, 0.0, 0.0, 1.0],
                [0.999999, 5e-05, -0.001404, 0.0, 4.8e-05, 0.997584, 0.069487, 0.37472, 0.001404, -0.069487, 0.997581, 0.0, 0.0, 0.0, 0.0, 1.0],
                [0.999999, 0.000182, -0.001392, -0.0, 4.8e-05, 0.986542, 0.16351, 0.37472, 0.001404, -0.16351, 0.98654, -0.0, 0.0, 0.0, 0.0, 1.0],
                [0.999999, 0.000506, -0.00131, 0.0, 4.8e-05, 0.919971, 0.391987, 0.37472, 0.001403, -0.391987, 0.919969, -0.0, 0.0, 0.0, 0.0, 1.0],
                [0.999999, 0.000506, -0.00131, 0.0, 4.8e-05, 0.919972, 0.391987, 0.37472, 0.001403, -0.391987, 0.919969, 0.0, 0.0, 0.0, 0.0, 1.0],
                [0.999999, 0.000506, -0.00131, -0.0, 4.8e-05, 0.919972, 0.391987, 0.37472, 0.001403, -0.391987, 0.919969, 0.0, 0.0, 0.0, 0.0, 1.0],
                [0.999999, 0.000506, -0.00131, -0.0, 4.8e-05, 0.919972, 0.391987, 0.37472, 0.001403, -0.391987, 0.919969, 0.0, 0.0, 0.0, 0.0, 1.0],
                [0.999999, 0.000506, -0.00131, 0.0, 4.8e-05, 0.919972, 0.391987, 0.37472, 0.001403, -0.391987, 0.919969, -0.0, 0.0, 0.0, 0.0, 1.0],
                [0.999999, 0.000506, -0.00131, 0.0, 4.8e-05, 0.919972, 0.391987, 0.37472, 0.001403, -0.391987, 0.919969, 0.0, 0.0, 0.0, 0.0, 1.0],
                [0.999999, 0.000506, -0.00131, 0.0, 4.8e-05, 0.919972, 0.391987, 0.37472, 0.001403, -0.391987, 0.919969, -0.0, 0.0, 0.0, 0.0, 1.0],
                [0.999999, 0.000506, -0.00131, 0.0, 4.8e-05, 0.919971, 0.391987, 0.37472, 0.001403, -0.391987, 0.919969, 0.0, 0.0, 0.0, 0.0, 1.0],
                [0.999999, 0.000506, -0.00131, 0.0, 4.8e-05, 0.919972, 0.391987, 0.37472, 0.001403, -0.391987, 0.919969, 0.0, 0.0, 0.0, 0.0, 1.0],
                [0.999983, 0.005231, -0.002728, 0.0, -0.003956, 0.937654, 0.347549, 0.374721, 0.004376, -0.347533, 0.937657, -0.0, 0.0, 0.0, 0.0, 1.0],
                [0.999999, 0.000506, -0.00131, -0.0, 4.8e-05, 0.919972, 0.391987, 0.37472, 0.001403, -0.391987, 0.919969, -0.0, 0.0, 0.0, 0.0, 1.0],
                [0.999999, 0.000506, -0.00131, -0.0, 4.8e-05, 0.919972, 0.391987, 0.37472, 0.001403, -0.391987, 0.919969, -0.0, 0.0, 0.0, 0.0, 1.0],
                [0.999999, 0.000506, -0.00131, 0.0, 4.8e-05, 0.919972, 0.391987, 0.374721, 0.001403, -0.391987, 0.919969, 0.0, 0.0, 0.0, 0.0, 1.0],
                [0.99224, 0.103678, 0.068637, 0.0, -0.087923, 0.194723, 0.976909, 0.37472, 0.087919, -0.975364, 0.202327, 0.0, 0.0, 0.0, 0.0, 1.0],
                [0.977111, 0.212542, 0.00892, -0.0, -0.124474, 0.537228, 0.834201, 0.37472, 0.172511, -0.816219, 0.551386, 0.0, 0.0, 0.0, 0.0, 1.0],
                [0.999999, 5e-05, -0.001404, -0.0, 4.8e-05, 0.997584, 0.069487, 0.37472, 0.001404, -0.069487, 0.997581, 0.0, 0.0, 0.0, 0.0, 1.0]
            ]
        },
        {
            "name": "Knee_R",
            "time": [0.0, 0.4167, 0.5333, 0.7667, 0.9333, 1.0, 1.1167, 1.2667, 1.5167, 1.65, 1.7, 1.7167, 1.7667, 1.8667, 2.0167, 2.1667, 2.2667, 3.3167, 3.6667, 3.8167, 3.9333, 4.3],
            "transform": [
                [0.999928, 0.011432, -0.003544, 0.0, 0.003543, -0.565542, -0.824712, 0.486932, -0.011433, 0.824641, -0.565541, -0.001312, 0.0, 0.0, 0.0, 1.0],
                [0.999928, 0.011432, -0.003544, 0.0, 0.003542, -0.565541, -0.824712, 0.486932, -0.011433, 0.824641, -0.565541, -0.001312, 0.0, 0.0, 0.0, 1.0],
                [0.999928, 0.011432, -0.003544, 0.0, 0.003543, -0.565542, -0.824712, 0.486932, -0.011433, 0.824641, -0.565541, -0.001312, 0.0, 0.0, 0.0, 1.0],
                [0.999928, 0.011432, -0.003544, 0.0, 0.003543, -0.565541, -0.824712, 0.486932, -0.011433, 0.824641, -0.565541, -0.001312, 0.0, 0.0, 0.0, 1.0],
                [0.999928, 0.011432, -0.003544, 0.0, 0.003543, -0.565541, -0.824712, 0.486932, -0.011433, 0.824641, -0.565541, -0.001312, 0.0, 0.0, 0.0, 1.0],
                [0.999929, 0.011432, -0.003544, 0.0, 0.003543, -0.565541, -0.824712, 0.486932, -0.011433, 0.824641, -0.565541, -0.001312, 0.0, 0.0, 0.0, 1.0],
                [0.999928, 0.011432, -0.003544, 0.0, 0.003542, -0.565541, -0.824712, 0.486932, -0.011433, 0.824641, -0.565541, -0.001312, 0.0, 0.0, 0.0, 1.0],
                [0.999928, 0.011432, -0.003544, 0.0, 0.003543, -0.565541, -0.824712, 0.486932, -0.011433, 0.824641, -0.565541, -0.001312, 0.0, 0.0, 0.0, 1.0],
                [0.999928, 0.011432, -0.003544, 0.0, 0.003542, -0.565542, -0.824712, 0.486932, -0.011433, 0.824641, -0.565541, -0.001312, 0.0, 0.0, 0.0, 1.0],
                [0.999929, 0.011432, -0.003544, 0.0, 0.003543, -0.565542, -0.824712, 0.486932, -0.011433, 0.824641, -0.565541, -0.001312, 0.0, 0.0, 0.0, 1.0],
                [0.999928, 0.011432, -0.003544, 0.0, 0.003542, -0.565541, -0.824712, 0.486932, -0.011433, 0.824641, -0.565541, -0.001312, 0.0, 0.0, 0.0, 1.0],
                [0.999928, 0.011432, -0.003544, 0.0, 0.003543, -0.565542, -0.824712, 0.486932, -0.011433, 0.824641, -0.565541, -0.001312, 0.0, 0.0, 0.0, 1.0],
                [0.999928, 0.011432, -0.003544, 0.0, 0.003543, -0.565542, -0.824712, 0.486932, -0.011433, 0.824641, -0.565541, -0.001312, 0.0, 0.0, 0.0, 1.0],
                [0.999929, 0.011432, -0.003544, 0.0, 0.003543, -0.565542, -0.824712, 0.486932, -0.011433, 0.824641, -0.565541, -0.001311, 0.0, 0.0, 0.0, 1.0],
                [0.999928, 0.011432, -0.003544, 0.0, 0.003543, -0.565542, -0.824712, 0.486931, -0.011433, 0.824641, -0.565541, -0.001312, 0.0, 0.0, 0.0, 1.0],
                [0.999929, 0.011432, -0.003544, 0.0, 0.003543, -0.565542, -0.824712, 0.486932, -0.011433, 0.824641, -0.565541, -0.001312, 0.0, 0.0, 0.0, 1.0],
                [0.999929, 0.011432, -0.003544, 0.0, 0.003543, -0.565542, -0.824712, 0.486932, -0.011433, 0.824641, -0.565541, -0.001312, 0.0, 0.0, 0.0, 1.0],
                [0.999929, 0.011432, -0.003544, 0.0, 0.003543, -0.565542, -0.824712, 0.486932, -0.011433, 0.824641, -0.565541, -0.001312, 0.0, 0.0, 0.0, 1.0],
                [0.999928, 0.011432, -0.003544, 0.0, 0.003543, -0.565541, -0.824712, 0.486932, -0.011433, 0.824641, -0.565541, -0.001312, 0.0, 0.0, 0.0, 1.0],
                [0.999928, 0.011432, -0.003544, 0.0, 0.003543, -0.565542, -0.824712, 0.486932, -0.011433, 0.824641, -0.565541, -0.001312, 0.0, 0.0, 0.0, 1.0],
                [0.999928, 0.011432, -0.003544, 0.0, 0.003543, -0.565542, -0.824712, 0.486932, -0.011433, 0.824641, -0.565541, -0.001311, 0.0, 0.0, 0.0, 1.0],
                [0.999929, 0.011432, -0.003544, 0.0, 0.003543, -0.565541, -0.824712, 0.486932, -0.011433, 0.824641, -0.565541, -0.001311, 0.0, 0.0, 0.0, 1.0]
            ]
        },
        {
            "name": "Thigh_L",
            "time": [0.0, 0.4167, 0.5333, 0.7667, 0.9333, 1.0, 1.1167, 1.2667, 1.5167, 1.65, 1.7, 1.7167, 1.7667, 1.8667, 2.0167, 2.1667, 2.2667, 3.3167, 3.6667, 3.8167, 3.9333, 4.3],
            "transform": [
                [0.980432, -0.196854, 0.0, -0.125006, -0.196364, -0.97799, 0.070544, -0.002831, -0.013887, -0.069164, -0.997508, -1.2e-05, 0.0, 0.0, 0.0, 1.0],
                [0.978225, -0.207435, 0.00673, -0.125006, -0.206681, -0.97069, 0.122651, -0.002831, -0.018909, -0.121372, -0.992427, -1.2e-05, 0.0, 0.0, 0.0, 1.0],
                [0.980432, -0.166534, 0.104966, -0.125006, -0.196364, -0.789743, 0.581161, -0.002831, -0.013887, -0.590401, -0.806991, -1.2e-05, 0.0, 0.0, 0.0, 1.0],
                [0.980115, -0.156662, 0.121779, -0.125006, -0.197745, -0.720329, 0.664847, -0.002831, -0.016435, -0.675709, -0.736985, -1.2e-05, 0.0, 0.0, 0.0, 1.0],
                [0.980115, -0.156662, 0.121779, -0.125006, -0.197745, -0.720329, 0.664847, -0.002831, -0.016435, -0.675709, -0.736985, -1.2e-05, 0.0, 0.0, 0.0, 1.0],
                [0.980115, -0.145732, 0.134667, -0.125006, -0.197745, -0.661148, 0.723727, -0.002831, -0.016435, -0.735966, -0.676819, -1.2e-05, 0.0, 0.0, 0.0, 1.0],
                [0.980115, -0.113728, 0.162601, -0.125006, -0.197745, -0.491949, 0.847869, -0.002831, -0.016435, -0.863164, -0.504657, -1.2e-05, 0.0, 0.0, 0.0, 1.0],
                [0.980965, -0.144112, 0.130146, -0.125006, -0.188984, -0.554524, 0.810424, -0.002831, -0.044623, -0.819594, -0.571204, -1.2e-05, 0.0, 0.0, 0.0, 1.0],
                [0.854602, -0.453721, -0.252571, -0.125006, -0.410434, -0.888148, 0.206728, -0.002831, -0.318117, -0.073006, -0.945236, -1.2e-05, 0.0, 0.0, 0.0, 1.0],
                [0.854472, -0.405038, 0.3253, -0.125006, -0.277689, -0.885331, -0.372932, -0.002831, 0.43905, 0.228328, -0.868965, -1.2e-05, 0.0, 0.0, 0.0, 1.0],
                [0.901955, -0.431542, 0.015728, -0.125006, -0.419456, -0.884189, -0.205585, -0.002831, 0.102625, 0.178831, -0.978513, -1.2e-05, 0.0, 0.0, 0.0, 1.0],
                [0.891638, -0.443643, -0.090342, -0.125006, -0.452383, -0.881012, -0.138449, -0.002831, -0.01817, 0.164316, -0.98624, -1.2e-05, 0.0, 0.0, 0.0, 1.0],
                [0.785559, -0.485864, -0.383187, -0.125006, -0.497616, -0.864105, 0.075498, -0.002831, -0.367795, 0.131372, -0.92058, -1.2e-05, 0.0, 0.0, 0.0, 1.0],
                [0.91313, -0.371421, -0.168046, -0.125006, -0.043581, -0.498787, 0.865628, -0.002831, -0.405331, -0.783108, -0.471645, -1.2e-05, 0.0, 0.0, 0.0, 1.0],
                [0.948801, -0.315867, 0.001938, -0.125006, -0.301172, -0.906476, -0.295968, -0.002831, 0.095243, 0.280232, -0.955195, -1.2e-05, 0.0, 0.0, 0.0, 1.0],
                [0.770542, -0.631525, -0.086257, -0.125006, -0.600367, -0.764561, 0.234531, -0.002831, -0.214061, -0.12893, -0.968274, -1.2e-05, 0.0, 0.0, 0.0, 1.0],
                [0.781835, -0.618724, -0.0769, -0.125006, -0.608376, -0.784053, 0.123039, -0.002831, -0.136421, -0.049412, -0.989417, -1.2e-05, 0.0, 0.0, 0.0, 1.0],
                [0.786065, -0.613827, -0.072922, -0.125006, -0.609141, -0.789269, 0.077473, -0.002831, -0.10511, -0.016479, -0.994324, -1.2e-05, 0.0, 0.0, 0.0, 1.0],
                [0.883836, -0.448381, -0.133371, -0.125006, -0.385671, -0.859785, 0.334706, -0.002831, -0.264746, -0.244388, -0.932836, -1.2e-05, 0.0, 0.0, 0.0, 1.0],
                [0.903461, -0.272177, -0.331175, -0.125006, -0.113917, -0.897229, 0.426618, -0.002831, -0.413256, -0.347706, -0.841617, -1.2e-05, 0.0, 0.0, 0.0, 1.0],
                [0.877629, -0.182188, -0.443367, -0.125006, 0.033986, -0.898974, 0.43668, -0.002831, -0.478133, -0.398312, -0.782774, -1.2e-05, 0.0, 0.0, 0.0, 1.0],
                [0.980432, -0.196854, 0.0, -0.125006, -0.196364, -0.97799, 0.070544, -0.002831, -0.013887, -0.069164, -0.997508, -1.2e-05, 0.0, 0.0, 0.0, 1.0]
            ]
        },
        {
            "name": "Leg_L",
            "time": [0.0, 0.4167, 0.5333, 0.7667, 0.9333, 1.0, 1.1167, 1.2667, 1.5167, 1.65, 1.7, 1.7167, 1.7667, 1.8667, 2.0167, 2.1667, 2.2667, 3.3167, 3.6667, 3.8167, 3.9333, 4.3],
            "transform": [
                [0.998194, 0.034776, -0.048977, 0.0, -0.031022, 0.996668, 0.075437, 0.37472, 0.051437, -0.073782, 0.995947, -0.0, 0.0, 0.0, 0.0, 1.0],
                [0.998194, 0.041764, -0.043173, -0.0, -0.031022, 0.973896, 0.224863, 0.37472, 0.051437, -0.223118, 0.973434, 0.0, 0.0, 0.0, 0.0, 1.0],
                [0.995113, 0.098106, 0.011168, 0.0, -0.088334, 0.833994, 0.544657, 0.37472, 0.04412, -0.542982, 0.838585, 0.0, 0.0, 0.0, 0.0, 1.0],
                [0.995113, 0.096597, 0.02046, -0.0, -0.088334, 0.778336, 0.621603, 0.37472, 0.04412, -0.620373, 0.783065, 0.0, 0.0, 0.0, 0.0, 1.0],
                [0.995113, 0.096597, 0.02046, -0.0, -0.088334, 0.778336, 0.621603, 0.37472, 0.04412, -0.620373, 0.783065, 0.0, 0.0, 0.0, 0.0, 1.0],
                [0.995113, 0.096597, 0.02046, -0.0, -0.088334, 0.778336, 0.621603, 0.37472, 0.04412, -0.620373, 0.783065, 0.0, 0.0, 0.0, 0.0, 1.0],
                [0.995113, 0.096597, 0.02046, 0.0, -0.088334, 0.778336, 0.621603, 0.37472, 0.04412, -0.620373, 0.783065, -0.0, 0.0, 0.0, 0.0, 1.0],
                [0.995113, 0.046001, 0.08737, -0.0, -0.088335, 0.019371, 0.995903, 0.37472, 0.04412, -0.998753, 0.02334, 0.0, 0.0, 0.0, 0.0, 1.0],
                [0.995113, 0.046001, 0.08737, -0.0, -0.088335, 0.019371, 0.995903, 0.37472, 0.04412, -0.998754, 0.02334, 0.0, 0.0, 0.0, 0.0, 1.0],
                [0.995113, 0.046001, 0.08737, 0.0, -0.088335, 0.019371, 0.995903, 0.37472, 0.04412, -0.998753, 0.02334, -0.0, 0.0, 0.0, 0.0, 1.0],
                [0.995113, 0.046001, 0.08737, -0.0, -0.088335, 0.019371, 0.995903, 0.37472, 0.04412, -0.998754, 0.02334, -0.0, 0.0, 0.0, 0.0, 1.0],
                [0.995113, 0.046001, 0.08737, 0.0, -0.088335, 0.019371, 0.995903, 0.37472, 0.04412, -0.998753, 0.02334, 0.0, 0.0, 0.0, 0.0, 1.0],
                [0.995113, 0.046001, 0.08737, 0.0, -0.088335, 0.019371, 0.995903, 0.37472, 0.04412, -0.998753, 0.02334, 0.0, 0.0, 0.0, 0.0, 1.0],
                [0.995113, 0.046001, 0.08737, -0.0, -0.088335, 0.019371, 0.995903, 0.37472, 0.04412, -0.998753, 0.02334, 0.0, 0.0, 0.0, 0.0, 1.0],
                [0.989725, 0.117172, 0.081948, -0.0, -0.114932, 0.310976, 0.943443, 0.37472, 0.085062, -0.943167, 0.321248, 0.0, 0.0, 0.0, 0.0, 1.0],
                [0.959094, 0.278105, -0.052885, -0.0, -0.173948, 0.726339, 0.664961, 0.37472, 0.223342, -0.628561, 0.745003, -0.0, 0.0, 0.0, 0.0, 1.0],
                [0.979086, 0.198262, 0.045655, -0.0, -0.163025, 0.630283, 0.759057, 0.37472, 0.121716, -0.750624, 0.649422, 0.0, 0.0, 0.0, 0.0, 1.0],
                [0.979086, 0.198262, 0.045655, -0.0, -0.163025, 0.630283, 0.759057, 0.37472, 0.121716, -0.750624, 0.649422, -0.0, 0.0, 0.0, 0.0, 1.0],
                [0.968959, 0.041947, 0.243636, -0.0, -0.247138, 0.138787, 0.95899, 0.37472, 0.006413, -0.989433, 0.144846, -0.0, 0.0, 0.0, 0.0, 1.0],
                [0.983425, -0.022109, 0.179963, -0.0, -0.156872, 0.393964, 0.90564, 0.37472, -0.090922, -0.91886, 0.383966, 0.0, 0.0, 0.0, 0.0, 1.0],
                [0.990623, -0.055464, 0.124857, -0.0, -0.052532, 0.688995, 0.722859, 0.37472, -0.126119, -0.72264, 0.679621, -0.0, 0.0, 0.0, 0.0, 1.0],
                [0.998194, 0.034776, -0.048977, -0.0, -0.031022, 0.996668, 0.075437, 0.37472, 0.051437, -0.073782, 0.995947, 0.0, 0.0, 0.0, 0.0, 1.0]
            ]
        },
        {
            "name": "Knee_L",
            "time": [0.0, 0.4167, 0.5333, 0.7667, 0.9333, 1.0, 1.1167, 1.2667, 1.5167, 1.65, 1.7, 1.7167, 1.7667, 1.8667, 2.0167, 2.1667, 2.2667, 3.3167, 3.6667, 3.8167, 3.9333, 4.3],
            "transform": [
                [0.99986, -0.01613, 0.004365, -0.0, -0.004365, -0.50427, -0.863535, 0.459884, 0.01613, 0.863396, -0.50427, -0.004005, 0.0, 0.0, 0.0, 1.0],
                [0.99986, -0.01613, 0.004365, -0.0, -0.004365, -0.50427, -0.863535, 0.459884, 0.01613, 0.863396, -0.50427, -0.004005, 0.0, 0.0, 0.0, 1.0],
                [0.99986, -0.01613, 0.004365, -0.0, -0.004365, -0.50427, -0.863535, 0.459884, 0.01613, 0.863396, -0.50427, -0.004005, 0.0, 0.0, 0.0, 1.0],
                [0.99986, -0.01613, 0.004365, -0.0, -0.004365, -0.50427, -0.863535, 0.459884, 0.01613, 0.863396, -0.504269, -0.004005, 0.0, 0.0, 0.0, 1.0],
                [0.99986, -0.01613, 0.004365, -0.0, -0.004365, -0.50427, -0.863535, 0.459884, 0.01613, 0.863396, -0.504269, -0.004005, 0.0, 0.0, 0.0, 1.0],
                [0.99986, -0.01613, 0.004365, -0.0, -0.004365, -0.50427, -0.863535, 0.459884, 0.01613, 0.863396, -0.504269, -0.004005, 0.0, 0.0, 0.0, 1.0],
                [0.99986, -0.01613, 0.004365, -0.0, -0.004365, -0.50427, -0.863535, 0.459884, 0.01613, 0.863396, -0.50427, -0.004006, 0.0, 0.0, 0.0, 1.0],
                [0.99986, -0.01613, 0.004365, -0.0, -0.004365, -0.50427, -0.863535, 0.459884, 0.01613, 0.863396, -0.504269, -0.004005, 0.0, 0.0, 0.0, 1.0],
                [0.99986, -0.01613, 0.004365, -0.0, -0.004365, -0.50427, -0.863535, 0.459884, 0.01613, 0.863396, -0.504269, -0.004005, 0.0, 0.0, 0.0, 1.0],
                [0.99986, -0.01613, 0.004365, -0.0, -0.004365, -0.50427, -0.863535, 0.459884, 0.01613, 0.863396, -0.50427, -0.004005, 0.0, 0.0, 0.0, 1.0],
                [0.99986, -0.01613, 0.004365, -0.0, -0.004365, -0.50427, -0.863535, 0.459884, 0.01613, 0.863396, -0.504269, -0.004006, 0.0, 0.0, 0.0, 1.0],
                [0.99986, -0.016129, 0.004365, -0.0, -0.004365, -0.50427, -0.863535, 0.459884, 0.01613, 0.863396, -0.504269, -0.004005, 0.0, 0.0, 0.0, 1.0],
                [0.99986, -0.01613, 0.004365, -0.0, -0.004365, -0.50427, -0.863535, 0.459884, 0.01613, 0.863396, -0.50427, -0.004005, 0.0, 0.0, 0.0, 1.0],
                [0.99986, -0.01613, 0.004365, -0.0, -0.004365, -0.50427, -0.863535, 0.459884, 0.01613, 0.863396, -0.50427, -0.004005, 0.0, 0.0, 0.0, 1.0],
                [0.99986, -0.01613, 0.004365, -0.0, -0.004365, -0.50427, -0.863535, 0.459884, 0.01613, 0.863396, -0.50427, -0.004005, 0.0, 0.0, 0.0, 1.0],
                [0.99986, -0.01613, 0.004365, -0.0, -0.004365, -0.50427, -0.863535, 0.459884, 0.01613, 0.863396, -0.50427, -0.004005, 0.0, 0.0, 0.0, 1.0],
                [0.99986, -0.01613, 0.004365, -0.0, -0.004365, -0.50427, -0.863535, 0.459884, 0.01613, 0.863396, -0.50427, -0.004005, 0.0, 0.0, 0.0, 1.0],
                [0.99986, -0.01613, 0.004365, -0.0, -0.004365, -0.50427, -0.863535, 0.459884, 0.01613, 0.863396, -0.504269, -0.004006, 0.0, 0.0, 0.0, 1.0],
                [0.99986, -0.01613, 0.004365, -0.0, -0.004365, -0.50427, -0.863535, 0.459884, 0.01613, 0.863396, -0.50427, -0.004006, 0.0, 0.0, 0.0, 1.0],
                [0.998285, 0.036263, -0.045954, -0.0, -0.020729, -0.515168, -0.856838, 0.459884, -0.054745, 0.856322, -0.513533, -0.004005, 0.0, 0.0, 0.0, 1.0],
                [0.993531, 0.075706, -0.084643, -0.0, -0.032581, -0.523994, -0.851099, 0.459884, -0.108786, 0.848351, -0.518138, -0.004006, 0.0, 0.0, 0.0, 1.0],
                [0.99986, -0.01613, 0.004365, -0.0, -0.004365, -0.50427, -0.863535, 0.459884, 0.01613, 0.863396, -0.504269, -0.004005, 0.0, 0.0, 0.0, 1.0]
            ]
        },
        {
            "name": "Torso",
            "time": [0.0, 0.4167, 0.5333, 0.7667, 0.9333, 1.0, 1.1167, 1.2667, 1.5167, 1.65, 1.7, 1.7167, 1.7667, 1.8667, 2.0167, 2.1667, 2.2667, 3.3167, 3.6667, 3.8167, 3.9333, 4.3],
            "transform": [
                [1.0, 0.0, 0.0, 0.0, -0.0, 1.0, -0.0, 0.05, -0.0, 0.0, 1.0, 0.0, 0.0, 0.0, 0.0, 1.0],
                [1.0, 0.0, 0.0, 0.0, -0.0, 1.0, -0.0, 0.05, -0.0, 0.0, 1.0, 0.0, 0.0, 0.0, 0.0, 1.0],
                [1.0, -0.0, 0.0, 0.0, 0.0, 0.999102, 0.042374, 0.05, -0.0, -0.042374, 0.999102, 0.0, 0.0, 0.0, 0.0, 1.0],
                [1.0, -0.0, 0.0, 0.0, 0.0, 0.999102, 0.042374, 0.05, -0.0, -0.042374, 0.999102, 0.0, 0.0, 0.0, 0.0, 1.0],
                [1.0, -0.0, 0.0, 0.0, 0.0, 0.999102, 0.042374, 0.05, -0.0, -0.042374, 0.999102, 0.0, 0.0, 0.0, 0.0, 1.0],
                [1.0, -0.0, 0.0, 0.0, 0.0, 0.999102, 0.042374, 0.05, -0.0, -0.042374, 0.999102, 0.0, 0.0, 0.0, 0.0, 1.0],
                [1.0, -0.0, 0.0, 0.0, 0.0, 0.999102, 0.042374, 0.05, -0.0, -0.042374, 0.999102, 0.0, 0.0, 0.0, 0.0, 1.0],
                [0.984871, -0.166891, -0.046664, 0.0, 0.173157, 0.958363, 0.227061, 0.05, 0.006827, -0.231706, 0.972762, 0.0, 0.0, 0.0, 0.0, 1.0],
                [0.984871, -0.16689, -0.046664, 0.0, 0.173157, 0.958363, 0.227061, 0.05, 0.006827, -0.231706, 0.972762, 0.0, 0.0, 0.0, 0.0, 1.0],
                [0.984871, -0.166891, -0.046664, 0.0, 0.173157, 0.958363, 0.227061, 0.05, 0.006827, -0.231706, 0.972762, 0.0, 0.0, 0.0, 0.0, 1.0],
                [0.964865, -0.23544, -0.116635, 0.0, 0.262284, 0.889397, 0.374407, 0.05, 0.015584, -0.391844, 0.9199, -0.0, 0.0, 0.0, 0.0, 1.0],
                [0.956398, -0.255135, -0.142156, -0.0, 0.291677, 0.859454, 0.419837, 0.05, 0.015062, -0.442995, 0.896397, 0.0, 0.0, 0.0, 0.0, 1.0],
                [0.983901, -0.169957, -0.055251, 0.0, 0.178685, 0.941011, 0.28735, 0.05, 0.003155, -0.292596, 0.956231, 0.0, 0.0, 0.0, 0.0, 1.0],
                [0.992776, -0.104241, -0.059406, 0.0, 0.117262, 0.947798, 0.296529, 0.05, 0.025394, -0.301353, 0.953174, -0.0, 0.0, 0.0, 0.0, 1.0],
                [0.990609, -0.106979, -0.085145, -0.0, 0.133912, 0.884835, 0.446246, 0.05, 0.0276, -0.453457, 0.890851, 0.0, 0.0, 0.0, 0.0, 1.0],
                [0.996439, -0.075114, -0.0383, 0.0, 0.079592, 0.987874, 0.133302, 0.05, 0.027823, -0.135876, 0.990335, -0.0, 0.0, 0.0, 0.0, 1.0],
                [0.996439, -0.075114, -0.0383, 0.0, 0.079592, 0.987874, 0.133302, 0.05, 0.027823, -0.135876, 0.990335, -0.0, 0.0, 0.0, 0.0, 1.0],
                [0.996439, -0.075114, -0.0383, 0.0, 0.079592, 0.987874, 0.133302, 0.05, 0.027823, -0.135876, 0.990335, -0.0, 0.0, 0.0, 0.0, 1.0],
                [0.975689, -0.023126, -0.217937, 0.0, 0.218214, 0.010164, 0.975848, 0.05, -0.020353, -0.999681, 0.014963, -0.0, 0.0, 0.0, 0.0, 1.0],
                [0.990953, -0.054108, -0.122815, -0.0, 0.132296, 0.547705, 0.826146, 0.05, 0.022565, -0.83492, 0.549908, -0.0, 0.0, 0.0, 0.0, 1.0],
                [0.99902, -0.031493, -0.031096, -0.0, 0.040802, 0.927573, 0.371408, 0.05, 0.017147, -0.372312, 0.927949, -0.0, 0.0, 0.0, 0.0, 1.0],
                [1.0, 0.0, 0.0, 0.0, -0.0, 1.0, -0.0, 0.05, 0.0, 0.0, 1.0, 0.0, 0.0, 0.0, 0.0, 1.0]
            ]
        },
        {
            "name": "Chest",
            "time": [0.0, 0.4167, 0.5333, 0.7667, 0.9333, 1.0, 1.1167, 1.2667, 1.5167, 1.65, 1.7, 1.7167, 1.7667, 1.8667, 2.0167, 2.1667, 2.2667, 3.3167, 3.6667, 3.8167, 3.9333, 4.3],
            "transform": [
                [1.0, -0.0, 0.0, 0.0, 0.0, 1.0, 0.0, 0.3, -0.0, -0.0, 1.0, -0.0, 0.0, 0.0, 0.0, 1.0],
                [0.966195, 0.003299, 0.25779, -0.0, -0.031376, 0.99399, 0.104876, 0.3, -0.255895, -0.109419, 0.960492, -0.0, 0.0, 0.0, 0.0, 1.0],
                [0.926999, -0.041518, 0.37276, -0.0, -0.073693, 0.95432, 0.289557, 0.3, -0.367754, -0.295888, 0.881594, 0.0, 0.0, 0.0, 0.0, 1.0],
                [0.926999, -0.073987, 0.367695, 0.0, -0.073693, 0.925311, 0.371979, 0.3, -0.367754, -0.371921, 0.85231, -0.0, 0.0, 0.0, 0.0, 1.0],
                [0.926999, -0.091398, 0.363758, 0.0, -0.073693, 0.906565, 0.415583, 0.3, -0.367754, -0.412052, 0.833649, -0.0, 0.0, 0.0, 0.0, 1.0],
                [0.834836, -0.118536, 0.537586, -0.0, 0.004551, 0.977995, 0.208577, 0.3, -0.55048, -0.171681, 0.817005, -0.0, 0.0, 0.0, 0.0, 1.0],
                [0.500942, 0.047811, 0.864159, 0.0, 0.352532, 0.900617, -0.254186, 0.3, -0.790429, 0.431976, 0.434302, -0.0, 0.0, 0.0, 0.0, 1.0],
                [0.956988, -0.06429, 0.282916, -0.0, 0.042119, 0.995595, 0.083769, 0.3, -0.287055, -0.06825, 0.95548, -0.0, 0.0, 0.0, 0.0, 1.0],
                [0.877997, -0.123981, 0.462331, -0.0, -0.26864, 0.671786, 0.690316, 0.3, -0.396173, -0.730296, 0.55652, -0.0, 0.0, 0.0, 0.0, 1.0],
                [0.83979, -0.200976, 0.504342, -0.0, -0.416549, 0.357265, 0.835971, 0.3, -0.348194, -0.912124, 0.216312, -0.0, 0.0, 0.0, 0.0, 1.0],
                [0.55713, -0.163291, 0.814212, 0.0, -0.474347, 0.742202, 0.473425, 0.3, -0.681616, -0.649978, 0.336047, -0.0, 0.0, 0.0, 0.0, 1.0],
                [0.700795, -0.248643, 0.668628, 0.0, -0.484809, 0.521567, 0.702088, 0.3, -0.523304, -0.816177, 0.244967, -0.0, 0.0, 0.0, 0.0, 1.0],
                [0.857553, -0.236375, 0.456869, 0.0, -0.482636, -0.062488, 0.873589, 0.3, -0.177946, -0.969651, -0.16767, 0.0, 0.0, 0.0, 0.0, 1.0],
                [0.955892, -0.08045, 0.282485, -0.0, -0.141866, 0.715673, 0.683876, 0.300001, -0.257185, -0.693787, 0.672693, 0.0, 0.0, 0.0, 0.0, 1.0],
                [0.950257, 0.058746, 0.305877, 0.0, 0.037137, 0.953677, -0.298533, 0.3, -0.309245, 0.295042, 0.904056, 0.0, 0.0, 0.0, 0.0, 1.0],
                [0.955249, 0.008059, 0.295691, -0.0, -0.010753, 0.999914, 0.007486, 0.3, -0.295605, -0.010331, 0.955254, 0.0, 0.0, 0.0, 0.0, 1.0],
                [0.955249, 0.008059, 0.295691, -0.0, -0.010753, 0.999914, 0.007486, 0.3, -0.295605, -0.010331, 0.955254, 0.0, 0.0, 0.0, 0.0, 1.0],
                [0.955249, 0.008059, 0.295691, -0.0, -0.010753, 0.999914, 0.007486, 0.3, -0.295605, -0.010331, 0.955254, 0.0, 0.0, 0.0, 0.0, 1.0],
                [0.955249, 0.008059, 0.295691, -0.0, -0.010753, 0.999914, 0.007486, 0.3, -0.295605, -0.010331, 0.955254, 0.0, 0.0, 0.0, 0.0, 1.0],
                [0.972255, -0.008295, 0.233776, 0.0, -0.016403, 0.994494, 0.103504, 0.3, -0.233347, -0.104467, 0.966766, 0.0, 0.0, 0.0, 0.0, 1.0],
                [0.987863, -0.013911, 0.154701, 0.0, -0.01379, 0.984193, 0.176559, 0.3, -0.154712, -0.17655, 0.972057, -0.0, 0.0, 0.0, 0.0, 1.0],
