{
    "animation": [
        {
            "name": "Root",
            "time": [0.0, 0.0167, 0.0333, 0.05, 0.0667, 0.0833, 0.1, 0.1167, 0.1333, 0.15, 0.1667, 0.1833, 0.2, 0.2167, 0.2333, 0.25, 0.2667, 0.2833, 0.3, 0.3167, 0.3333, 0.35, 0.3667, 0.3833, 0.4, 0.4167, 0.4333, 0.45, 0.4667, 0.4833, 0.5, 0.5167, 0.5333, 0.55, 0.5667, 0.5833, 0.6, 0.6167, 0.6333, 0.65, 0.6667, 0.6833, 0.7, 0.7167, 0.7333, 0.75, 0.7667, 0.7833, 0.8, 0.8167, 0.8333, 0.85, 0.8667, 0.8833, 0.9, 0.9167, 0.9333, 0.95, 0.9667, 0.9833, 1.0, 1.0167, 1.0333, 1.05, 1.0667, 1.0833, 1.1, 1.1167, 1.1333, 1.15, 1.1667, 1.1833, 1.2, 1.2167, 1.2333, 1.25, 1.2667, 1.2833, 1.3, 1.3167, 1.3333, 1.35, 1.3667, 1.3833, 1.4, 1.4167, 1.4333, 1.45, 1.4667, 1.4833, 1.5, 1.5167, 1.5333],
            "transform": [
                [0.708627, 0.0, -0.705584, -5e-06, -0.705584, 0.0, -0.708627, 0.000946, 0.0, 1.0, 0.0, 0.72401, 0.0, 0.0, 0.0, 1.0],
                [0.707308, 0.0, -0.706906, -5e-06, -0.706906, 0.0, -0.707308, -0.005991, 0.0, 1.0, 0.0, 0.727999, 0.0, 0.0, 0.0, 1.0],
                [0.703307, 0.0, -0.710886, -5e-06, -0.710886, 0.0, -0.703307, -0.026957, 0.0, 1.0, 0.0, 0.740056, 0.0, 0.0, 0.0, 1.0],
                [0.696564, 0.0, -0.717495, -5e-06, -0.717495, 0.0, -0.696564, -0.06203, 0.0, 1.0, 0.0, 0.760225, 0.0, 0.0, 0.0, 1.0],
                [0.687041, 0.0, -0.726619, -5e-06, -0.726619, 0.0, -0.687041, -0.111026, 0.0, 1.0, 0.0, 0.7884, 0.0, 0.0, 0.0, 1.0],
                [0.674738, 0.0, -0.738058, -5e-06, -0.738058, 0.0, -0.674738, -0.173432, 0.0, 1.0, 0.0, 0.824287, 0.0, 0.0, 0.0, 1.0],
                [0.659719, 0.0, -0.751513, -5e-06, -0.751513, 0.0, -0.659719, -0.248341, 0.0, 1.0, 0.0, 0.867365, 0.0, 0.0, 0.0, 1.0],
                [0.642134, 0.0, -0.766592, -5e-06, -0.766592, 0.0, -0.642134, -0.334399, 0.0, 1.0, 0.0, 0.916852, 0.0, 0.0, 0.0, 1.0],
                [0.622242, 0.0, -0.782825, -5e-06, -0.782825, 0.0, -0.622242, -0.429779, 0.0, 1.0, 0.0, 0.971702, 0.0, 0.0, 0.0, 1.0],
                [0.600424, 0.0, -0.799682, -5e-06, -0.799682, 0.0, -0.600424, -0.532209, 0.0, 1.0, 0.0, 1.030604, 0.0, 0.0, 0.0, 1.0],
                [0.577182, 0.0, -0.816615, -5e-06, -0.816615, 0.0, -0.577182, -0.639036, 0.0, 1.0, 0.0, 1.092036, 0.0, 0.0, 0.0, 1.0],
                [0.553128, 0.0, -0.833096, -5e-06, -0.833096, 0.0, -0.553128, -0.747359, 0.0, 1.0, 0.0, 1.154328, 0.0, 0.0, 0.0, 1.0],
                [0.528946, 0.0, -0.848656, -5e-06, -0.848656, 0.0, -0.528946, -0.854186, 0.0, 1.0, 0.0, 1.21576, 0.0, 0.0, 0.0, 1.0],
                [0.505348, 0.0, -0.862916, -5e-06, -0.862916, 0.0, -0.505348, -0.956616, 0.0, 1.0, 0.0, 1.274662, 0.0, 0.0, 0.0, 1.0],
                [0.483028, 0.0, -0.875605, -5e-06, -0.875605, 0.0, -0.483028, -1.051996, 0.0, 1.0, 0.0, 1.329511, 0.0, 0.0, 0.0, 1.0],
                [0.462616, 0.0, -0.886559, -5e-06, -0.886559, 0.0, -0.462616, -1.138054, 0.0, 1.0, 0.0, 1.378999, 0.0, 0.0, 0.0, 1.0],
                [0.444646, 0.0, -0.895706, -5e-06, -0.895706, 0.0, -0.444646, -1.212963, 0.0, 1.0, 0.0, 1.422076, 0.0, 0.0, 0.0, 1.0],
                [0.429537, 0.0, -0.903049, -5e-06, -0.903049, 0.0, -0.429537, -1.27537, 0.0, 1.0, 0.0, 1.457963, 0.0, 0.0, 0.0, 1.0],
                [0.41759, 0.0, -0.908636, -5e-06, -0.908636, 0.0, -0.41759, -1.324365, 0.0, 1.0, 0.0, 1.486139, 0.0, 0.0, 0.0, 1.0],
                [0.408993, 0.0, -0.912538, -5e-06, -0.912538, 0.0, -0.408993, -1.359438, 0.0, 1.0, 0.0, 1.506307, 0.0, 0.0, 0.0, 1.0],
                [0.403836, 0.0, -0.914831, -5e-06, -0.914831, 0.0, -0.403836, -1.380404, 0.0, 1.0, 0.0, 1.518364, 0.0, 0.0, 0.0, 1.0],
                [0.402127, 0.0, -0.915584, -5e-06, -0.915584, 0.0, -0.402127, -1.387341, 0.0, 1.0, 0.0, 1.522354, 0.0, 0.0, 0.0, 1.0],
                [0.428146, 0.0, -0.90371, -5e-06, -0.90371, 0.0, -0.428146, -1.334774, 0.0, 1.0, 0.0, 1.487572, 0.0, 0.0, 0.0, 1.0],
                [0.504024, 0.0, -0.86369, -5e-06, -0.86369, 0.0, -0.504024, -1.176552, 0.0, 1.0, 0.0, 1.382721, 0.0, 0.0, 0.0, 1.0],
                [0.617875, 0.0, -0.786276, -5e-06, -0.786276, 0.0, -0.617875, -0.921293, 0.0, 1.0, 0.0, 1.213185, 0.0, 0.0, 0.0, 1.0],
                [0.745523, 0.0, -0.66648, -5e-06, -0.66648, 0.0, -0.745523, -0.594333, 0.0, 1.0, 0.0, 0.995324, 0.0, 0.0, 0.0, 1.0],
                [0.85752, 0.0, -0.51445, -5e-06, -0.51445, 0.0, -0.85752, -0.237906, 0.0, 1.0, 0.0, 0.75668, 0.0, 0.0, 0.0, 1.0],
                [0.934094, 0.0, -0.357028, -5e-06, -0.357028, 0.0, -0.934094, 0.098028, 0.0, 1.0, 0.0, 0.530033, 0.0, 0.0, 0.0, 1.0],
                [0.974279, 0.0, -0.225346, -5e-06, -0.225346, 0.0, -0.974279, 0.370193, 0.0, 1.0, 0.0, 0.343948, 0.0, 0.0, 0.0, 1.0],
                [0.990008, 0.0, -0.141015, -5e-06, -0.141015, 0.0, -0.990008, 0.551617, 0.0, 1.0, 0.0, 0.216385, 0.0, 0.0, 0.0, 1.0],
                [0.993635, 0.0, -0.112646, -5e-06, -0.112646, 0.0, -0.993635, 0.631998, 0.0, 1.0, 0.0, 0.154375, 0.0, 0.0, 0.0, 1.0],
                [0.993635, 0.0, -0.112646, -5e-06, -0.112646, 0.0, -0.993635, 0.654923, 0.0, 1.0, 0.0, 0.127975, 0.0, 0.0, 0.0, 1.0],
                [0.993635, 0.0, -0.112646, -5e-06, -0.112646, 0.0, -0.993635, 0.665065, 0.0, 1.0, 0.0, 0.107826, 0.0, 0.0, 0.0, 1.0],
                [0.993635, 0.0, -0.112646, -5e-06, -0.112646, 0.0, -0.993635, 0.666685, 0.0, 1.0, 0.0, 0.094954, 0.0, 0.0, 0.0, 1.0],
                [0.993635, 0.0, -0.112646, -5e-06, -0.112646, 0.0, -0.993635, 0.668306, 0.0, 1.0, 0.0, 0.088688, 0.0, 0.0, 0.0, 1.0],
                [0.993635, 0.0, -0.112646, -5e-06, -0.112646, 0.0, -0.993635, 0.678447, 0.0, 1.0, 0.0, 0.0867, 0.0, 0.0, 0.0, 1.0],
                [0.993635, 0.0, -0.112646, -5e-06, -0.112646, 0.0, -0.993635, 0.701372, 0.0, 1.0, 0.0, 0.086465, 0.0, 0.0, 0.0, 1.0],
                [0.994464, 0.0, -0.105074, -5e-06, -0.105074, 0.0, -0.994464, 0.772427, 0.0, 1.0, 0.0, 0.092476, 0.0, 0.0, 0.0, 1.0],
                [0.996606, 0.0, -0.08232, -5e-06, -0.08232, 0.0, -0.996606, 0.925871, 0.0, 1.0, 0.0, 0.110616, 0.0, 0.0, 0.0, 1.0],
                [0.998955, 0.0, -0.045701, -5e-06, -0.045701, 0.0, -0.998955, 1.153107, 0.0, 1.0, 0.0, 0.139991, 0.0, 0.0, 0.0, 1.0],
                [1.0, 0.0, 0.000966, -5e-06, 0.000966, 0.0, -1.0, 1.431887, 0.0, 1.0, 0.0, 0.177822, 0.0, 0.0, 0.0, 1.0],
                [0.998683, 0.0, 0.051309, -5e-06, 0.051309, 0.0, -0.998683, 1.72665, 0.0, 1.0, 0.0, 0.219396, 0.0, 0.0, 0.0, 1.0],
                [0.9952, 0.0, 0.097857, -5e-06, 0.097857, 0.0, -0.9952, 1.996455, 0.0, 1.0, 0.0, 0.25908, 0.0, 0.0, 0.0, 1.0],
                [0.99094, 0.0, 0.134304, -5e-06, 0.134304, 0.0, -0.99094, 2.206786, 0.0, 1.0, 0.0, 0.291946, 0.0, 0.0, 0.0, 1.0],
                [0.987612, 0.0, 0.156914, -5e-06, 0.156914, 0.0, -0.987612, 2.337028, 0.0, 1.0, 0.0, 0.314876, 0.0, 0.0, 0.0, 1.0],
                [0.986388, 0.0, 0.164432, -5e-06, 0.164432, 0.0, -0.986388, 2.380269, 0.0, 1.0, 0.0, 0.32663, 0.0, 0.0, 0.0, 1.0],
                [0.986388, 0.0, 0.164432, -5e-06, 0.164432, 0.0, -0.986388, 2.379958, 0.0, 1.0, 0.0, 0.332441, 0.0, 0.0, 0.0, 1.0],
                [0.986388, 0.0, 0.164432, -5e-06, 0.164432, 0.0, -0.986388, 2.379012, 0.0, 1.0, 0.0, 0.337639, 0.0, 0.0, 0.0, 1.0],
                [0.986388, 0.0, 0.164432, -5e-06, 0.164432, 0.0, -0.986388, 2.377416, 0.0, 1.0, 0.0, 0.342218, 0.0, 0.0, 0.0, 1.0],
                [0.986388, 0.0, 0.164432, -5e-06, 0.164432, 0.0, -0.986388, 2.375158, 0.0, 1.0, 0.0, 0.346179, 0.0, 0.0, 0.0, 1.0],
                [0.986388, 0.0, 0.164432, -5e-06, 0.164432, 0.0, -0.986388, 2.372232, 0.0, 1.0, 0.0, 0.34953, 0.0, 0.0, 0.0, 1.0],
                [0.986388, 0.0, 0.164432, -5e-06, 0.164432, 0.0, -0.986388, 2.368641, 0.0, 1.0, 0.0, 0.35229, 0.0, 0.0, 0.0, 1.0],
                [0.986388, 0.0, 0.164432, -5e-06, 0.164432, 0.0, -0.986388, 2.364394, 0.0, 1.0, 0.0, 0.354485, 0.0, 0.0, 0.0, 1.0],
                [0.986388, 0.0, 0.164432, -5e-06, 0.164432, 0.0, -0.986388, 2.359514, 0.0, 1.0, 0.0, 0.356156, 0.0, 0.0, 0.0, 1.0],
                [0.986388, 0.0, 0.164432, -5e-06, 0.164432, 0.0, -0.986388, 2.354032, 0.0, 1.0, 0.0, 0.357352, 0.0, 0.0, 0.0, 1.0],
                [0.986388, 0.0, 0.164432, -5e-06, 0.164432, 0.0, -0.986388, 2.347993, 0.0, 1.0, 0.0, 0.35814, 0.0, 0.0, 0.0, 1.0],
                [0.986388, 0.0, 0.164432, -5e-06, 0.164432, 0.0, -0.986388, 2.341455, 0.0, 1.0, 0.0, 0.358593, 0.0, 0.0, 0.0, 1.0],
                [0.986388, 0.0, 0.164432, -5e-06, 0.164432, 0.0, -0.986388, 2.334486, 0.0, 1.0, 0.0, 0.358801, 0.0, 0.0, 0.0, 1.0],
                [0.986388, 0.0, 0.164432, -5e-06, 0.164432, 0.0, -0.986388, 2.327165, 0.0, 1.0, 0.0, 0.358856, 0.0, 0.0, 0.0, 1.0],
                [0.986388, 0.0, 0.164432, -5e-06, 0.164432, 0.0, -0.986388, 2.319579, 0.0, 1.0, 0.0, 0.35886, 0.0, 0.0, 0.0, 1.0],
                [0.986388, 0.0, 0.164432, -5e-06, 0.164432, 0.0, -0.986388, 2.311819, 0.0, 1.0, 0.0, 0.358916, 0.0, 0.0, 0.0, 1.0],
                [0.986388, 0.0, 0.164432, -5e-06, 0.164432, 0.0, -0.986388, 2.303978, 0.0, 1.0, 0.0, 0.359123, 0.0, 0.0, 0.0, 1.0],
                [0.986388, 0.0, 0.164432, -5e-06, 0.164432, 0.0, -0.986388, 2.296147, 0.0, 1.0, 0.0, 0.359577, 0.0, 0.0, 0.0, 1.0],
                [0.986388, 0.0, 0.164432, -5e-06, 0.164432, 0.0, -0.986388, 2.288414, 0.0, 1.0, 0.0, 0.360364, 0.0, 0.0, 0.0, 1.0],
                [0.986388, 0.0, 0.164432, -5e-06, 0.164432, 0.0, -0.986388, 2.280856, 0.0, 1.0, 0.0, 0.361561, 0.0, 0.0, 0.0, 1.0],
                [0.986388, 0.0, 0.164432, -5e-06, 0.164432, 0.0, -0.986388, 2.273543, 0.0, 1.0, 0.0, 0.363231, 0.0, 0.0, 0.0, 1.0],
                [0.986388, 0.0, 0.164432, -5e-06, 0.164432, 0.0, -0.986388, 2.266536, 0.0, 1.0, 0.0, 0.365426, 0.0, 0.0, 0.0, 1.0],
                [0.986388, 0.0, 0.164432, -5e-06, 0.164432, 0.0, -0.986388, 2.259882, 0.0, 1.0, 0.0, 0.368186, 0.0, 0.0, 0.0, 1.0],
                [0.986388, 0.0, 0.164432, -5e-06, 0.164432, 0.0, -0.986388, 2.253622, 0.0, 1.0, 0.0, 0.371538, 0.0, 0.0, 0.0, 1.0],
                [0.986388, 0.0, 0.164432, -5e-06, 0.164432, 0.0, -0.986388, 2.247784, 0.0, 1.0, 0.0, 0.375499, 0.0, 0.0, 0.0, 1.0],
                [0.986388, 0.0, 0.164432, -5e-06, 0.164432, 0.0, -0.986388, 2.242388, 0.0, 1.0, 0.0, 0.380078, 0.0, 0.0, 0.0, 1.0],
                [0.986388, 0.0, 0.164432, -5e-06, 0.164432, 0.0, -0.986388, 2.237448, 0.0, 1.0, 0.0, 0.385275, 0.0, 0.0, 0.0, 1.0],
                [0.986388, 0.0, 0.164432, -5e-06, 0.164432, 0.0, -0.986388, 2.232971, 0.0, 1.0, 0.0, 0.391086, 0.0, 0.0, 0.0, 1.0],
                [0.987234, 0.0, 0.159274, -5e-06, 0.159274, 0.0, -0.987234, 2.22868, 0.0, 1.0, 0.0, 0.398621, 0.0, 0.0, 0.0, 1.0],
                [0.989627, 0.0, 0.143658, -5e-06, 0.143658, 0.0, -0.989627, 2.224307, 0.0, 1.0, 0.0, 0.40901, 0.0, 0.0, 0.0, 1.0],
                [0.993077, 0.0, 0.117467, -5e-06, 0.117467, 0.0, -0.993077, 2.219872, 0.0, 1.0, 0.0, 0.422236, 0.0, 0.0, 0.0, 1.0],
                [0.996731, 0.0, 0.080789, -5e-06, 0.080789, 0.0, -0.996731, 2.215404, 0.0, 1.0, 0.0, 0.438215, 0.0, 0.0, 0.0, 1.0],
                [0.999421, 0.0, 0.034023, -5e-06, 0.034023, 0.0, -0.999421, 2.210935, 0.0, 1.0, 0.0, 0.456779, 0.0, 0.0, 0.0, 1.0],
                [0.999758, 0.0, -0.022009, -5e-06, -0.022009, 0.0, -0.999758, 2.206507, 0.0, 1.0, 0.0, 0.477665, 0.0, 0.0, 0.0, 1.0],
                [0.996298, 0.0, -0.085962, -5e-06, -0.085962, 0.0, -0.996298, 2.202166, 0.0, 1.0, 0.0, 0.500499, 0.0, 0.0, 0.0, 1.0],
                [0.987766, 0.0, -0.155944, -5e-06, -0.155944, 0.0, -0.987766, 2.197965, 0.0, 1.0, 0.0, 0.524804, 0.0, 0.0, 0.0, 1.0],
                [0.973292, 0.0, -0.22957, -5e-06, -0.22957, 0.0, -0.973292, 2.193959, 0.0, 1.0, 0.0, 0.550003, 0.0, 0.0, 0.0, 1.0],
                [0.952628, 0.0, -0.304137, -5e-06, -0.304137, 0.0, -0.952628, 2.1902, 0.0, 1.0, 0.0, 0.575452, 0.0, 0.0, 0.0, 1.0],
                [0.926261, 0.0, -0.376883, -5e-06, -0.376883, 0.0, -0.926261, 2.186738, 0.0, 1.0, 0.0, 0.600474, 0.0, 0.0, 0.0, 1.0],
                [0.895394, 0.0, -0.445275, -5e-06, -0.445275, 0.0, -0.895394, 2.183613, 0.0, 1.0, 0.0, 0.624403, 0.0, 0.0, 0.0, 1.0],
                [0.861797, 0.0, -0.507254, -5e-06, -0.507254, 0.0, -0.861797, 2.180857, 0.0, 1.0, 0.0, 0.646626, 0.0, 0.0, 0.0, 1.0],
                [0.827558, 0.0, -0.561381, -5e-06, -0.561381, 0.0, -0.827558, 2.17849, 0.0, 1.0, 0.0, 0.666619, 0.0, 0.0, 0.0, 1.0],
                [0.794815, 0.0, -0.606852, -5e-06, -0.606852, 0.0, -0.794815, 2.176518, 0.0, 1.0, 0.0, 0.683965, 0.0, 0.0, 0.0, 1.0],
                [0.765524, 0.0, -0.643408, -5e-06, -0.643408, 0.0, -0.765524, 2.174941, 0.0, 1.0, 0.0, 0.698364, 0.0, 0.0, 0.0, 1.0],
                [0.741292, 0.0, -0.671183, -5e-06, -0.671183, 0.0, -0.741292, 2.173747, 0.0, 1.0, 0.0, 0.709626, 0.0, 0.0, 0.0, 1.0],
                [0.723305, 0.0, -0.690529, -5e-06, -0.690529, 0.0, -0.723305, 2.17292, 0.0, 1.0, 0.0, 0.717655, 0.0, 0.0, 0.0, 1.0],
                [0.712305, 0.0, -0.70187, -5e-06, -0.70187, 0.0, -0.712305, 2.172441, 0.0, 1.0, 0.0, 0.722434, 0.0, 0.0, 0.0, 1.0],
                [0.708627, 0.0, -0.705584, -5e-06, -0.705584, 0.0, -0.708627, 2.172287, 0.0, 1.0, 0.0, 0.72401, 0.0, 0.0, 0.0, 1.0]
            ]
        },
        {
            "name": "Thigh_R",
            "time": [0.0, 0.0167, 0.0333, 0.05, 0.0667, 0.0833, 0.1, 0.1167, 0.1333, 0.15, 0.1667, 0.1833, 0.2, 0.2167, 0.2333, 0.25, 0.2667, 0.2833, 0.3, 0.3167, 0.3333, 0.35, 0.3667, 0.3833, 0.4, 0.4167, 0.4333, 0.45, 0.4667, 0.4833, 0.5, 0.5167, 0.5333, 0.55, 0.5667, 0.5833, 0.6, 0.6167, 0.6333, 0.65, 0.6667, 0.6833, 0.7, 0.7167, 0.7333, 0.75, 0.7667, 0.7833, 0.8, 0.8167, 0.8333, 0.85, 0.8667, 0.8833, 0.9, 0.9167, 0.9333, 0.95, 0.9667, 0.9833, 1.0, 1.0167, 1.0333, 1.05, 1.0667, 1.0833, 1.1, 1.1167, 1.1333, 1.15, 1.1667, 1.1833, 1.2, 1.2167, 1.2333, 1.25, 1.2667, 1.2833, 1.3, 1.3167, 1.3333, 1.35, 1.3667, 1.3833, 1.4, 1.4167, 1.4333, 1.45, 1.4667, 1.4833, 1.5, 1.5167, 1.5333],
            "transform": [
                [0.889292, 0.301983, -0.343461, 0.124994, 0.275541, -0.953175, -0.124634, -0.002831, -0.365016, 0.016199, -0.93086, -1.2e-05, 0.0, 0.0, 0.0, 1.0],
                [0.888547, 0.291325, -0.354421, 0.124994, 0.275243, -0.956548, -0.096213, -0.002831, -0.36705, -0.012062, -0.930123, -1.2e-05, 0.0, 0.0, 0.0, 1.0],
                [0.886654, 0.26814, -0.376757, 0.124994, 0.27322, -0.961077, -0.041013, -0.002831, -0.37309, -0.066574, -0.925403, -1.2e-05, 0.0, 0.0, 0.0, 1.0],
                [0.883752, 0.236654, -0.403705, 0.124994, 0.268835, -0.962886, 0.024057, -0.002831, -0.383028, -0.129791, -0.914573, -1.2e-05, 0.0, 0.0, 0.0, 1.0],
                [0.879778, 0.197049, -0.432623, 0.124994, 0.261982, -0.960351, 0.095348, -0.002831, -0.396682, -0.197225, -0.896519, -1.2e-05, 0.0, 0.0, 0.0, 1.0],
                [0.874622, 0.14935, -0.461227, 0.124994, 0.252665, -0.952369, 0.170741, -0.002831, -0.413758, -0.26587, -0.870699, -1.2e-05, 0.0, 0.0, 0.0, 1.0],
                [0.86817, 0.094227, -0.487239, 0.124994, 0.240942, -0.938359, 0.247847, -0.002831, -0.433851, -0.33257, -0.837359, -1.2e-05, 0.0, 0.0, 0.0, 1.0],
                [0.860326, 0.033017, -0.508673, 0.124994, 0.226941, -0.918357, 0.32422, -0.002831, -0.456438, -0.394374, -0.79758, -1.2e-05, 0.0, 0.0, 0.0, 1.0],
                [0.851047, -0.032044, -0.52411, 0.124994, 0.210847, -0.893277, 0.396987, -0.002831, -0.480897, -0.448362, -0.753465, -1.2e-05, 0.0, 0.0, 0.0, 1.0],
                [0.840365, -0.098076, -0.533074, 0.124994, 0.192921, -0.864964, 0.463269, -0.002831, -0.506526, -0.492156, -0.707965, -1.2e-05, 0.0, 0.0, 0.0, 1.0],
                [0.828406, -0.161764, -0.53626, 0.124994, 0.173496, -0.836202, 0.520256, -0.002831, -0.53258, -0.524022, -0.66465, -1.2e-05, 0.0, 0.0, 0.0, 1.0],
                [0.815406, -0.219876, -0.535507, 0.124994, 0.15298, -0.810327, 0.565656, -0.002831, -0.55831, -0.543161, -0.627109, -1.2e-05, 0.0, 0.0, 0.0, 1.0],
                [0.801696, -0.269582, -0.533488, 0.124994, 0.131842, -0.790786, 0.597725, -0.002831, -0.58301, -0.54953, -0.598428, -1.2e-05, 0.0, 0.0, 0.0, 1.0],
                [0.787684, -0.308325, -0.533376, 0.124994, 0.110573, -0.780948, 0.614731, -0.002831, -0.606076, -0.54319, -0.581048, -1.2e-05, 0.0, 0.0, 0.0, 1.0],
                [0.773798, -0.333246, -0.538687, 0.124994, 0.089631, -0.784265, 0.613917, -0.002831, -0.627059, -0.523331, -0.576994, -1.2e-05, 0.0, 0.0, 0.0, 1.0],
                [0.76038, -0.337608, -0.554835, 0.124994, 0.06923, -0.80728, 0.586094, -0.002831, -0.645778, -0.484065, -0.590467, -1.2e-05, 0.0, 0.0, 0.0, 1.0],
                [0.747499, -0.299553, -0.592885, 0.124994, 0.048711, -0.865423, 0.498667, -0.002831, -0.662474, -0.401634, -0.632312, -1.2e-05, 0.0, 0.0, 0.0, 1.0],
                [0.737924, -0.333047, -0.586981, 0.124994, 0.034879, -0.84977, 0.525998, -0.002831, -0.673981, -0.408621, -0.615449, -1.2e-05, 0.0, 0.0, 0.0, 1.0],
                [0.730323, -0.358758, -0.581309, 0.124994, 0.023714, -0.837156, 0.546449, -0.002831, -0.682689, -0.41287, -0.602887, -1.2e-05, 0.0, 0.0, 0.0, 1.0],
                [0.724842, -0.376824, -0.576722, 0.124994, 0.015545, -0.827985, 0.560534, -0.002831, -0.68874, -0.415264, -0.594301, -1.2e-05, 0.0, 0.0, 0.0, 1.0],
                [0.72155, -0.387483, -0.573779, 0.124994, 0.010586, -0.822455, 0.568732, -0.002831, -0.692281, -0.416442, -0.589341, -1.2e-05, 0.0, 0.0, 0.0, 1.0],
                [0.720458, -0.390987, -0.572773, 0.124994, 0.008933, -0.820618, 0.571407, -0.002831, -0.69344, -0.416791, -0.587729, -1.2e-05, 0.0, 0.0, 0.0, 1.0],
                [0.73423, -0.373556, -0.566888, 0.124994, 0.017585, -0.824264, 0.565932, -0.002831, -0.678673, -0.425493, -0.59863, -1.2e-05, 0.0, 0.0, 0.0, 1.0],
                [0.774141, -0.445787, -0.449421, 0.124995, 0.05431, -0.660579, 0.748789, -0.002831, -0.630678, -0.604077, -0.487171, -1.2e-05, 0.0, 0.0, 0.0, 1.0],
                [0.816276, -0.44817, -0.364469, 0.124996, 0.119343, -0.486489, 0.865497, -0.002831, -0.5652, -0.749981, -0.343623, -1.2e-05, 0.0, 0.0, 0.0, 1.0],
                [0.824432, -0.42131, -0.3779, 0.124997, 0.219277, -0.37778, 0.899555, -0.002831, -0.521755, -0.824487, -0.219071, -1.2e-05, 0.0, 0.0, 0.0, 1.0],
                [0.77329, -0.423066, -0.472269, 0.124999, 0.318077, -0.385498, 0.866151, -0.002831, -0.548498, -0.820004, -0.163534, -1.2e-05, 0.0, 0.0, 0.0, 1.0],
                [0.725329, -0.400112, -0.560186, 0.125, 0.32284, -0.521007, 0.790143, -0.002831, -0.608006, -0.753964, -0.24873, -1.2e-05, 0.0, 0.0, 0.0, 1.0],
                [0.754568, -0.296013, -0.585664, 0.125001, 0.238783, -0.707443, 0.665211, -0.002831, -0.611235, -0.641794, -0.463131, -1.2e-05, 0.0, 0.0, 0.0, 1.0],
                [0.811162, -0.174182, -0.55828, 0.125002, 0.150287, -0.860473, 0.486826, -0.002831, -0.565181, -0.478798, -0.671806, -1.2e-05, 0.0, 0.0, 0.0, 1.0],
                [0.843744, -0.090921, -0.528988, 0.125002, 0.10308, -0.939755, 0.325937, -0.002831, -0.526753, -0.329536, -0.783541, -1.2e-05, 0.0, 0.0, 0.0, 1.0],
                [0.854788, -0.038193, -0.51757, 0.125002, 0.086644, -0.972789, 0.214881, -0.002831, -0.511693, -0.228522, -0.828219, -1.2e-05, 0.0, 0.0, 0.0, 1.0],
                [0.858455, -0.00563, -0.512857, 0.125002, 0.079713, -0.986324, 0.144257, -0.002831, -0.506656, -0.16472, -0.846266, -1.2e-05, 0.0, 0.0, 0.0, 1.0],
                [0.857863, 0.01164, -0.513746, 0.125002, 0.079051, -0.990833, 0.109552, -0.002831, -0.507761, -0.134593, -0.850919, -1.2e-05, 0.0, 0.0, 0.0, 1.0],
                [0.8581, 0.021084, -0.513049, 0.125002, 0.077973, -0.99292, 0.089609, -0.002831, -0.507528, -0.116898, -0.853668, -1.2e-05, 0.0, 0.0, 0.0, 1.0],
                [0.864019, 0.031109, -0.502497, 0.125002, 0.069678, -0.995873, 0.058155, -0.002831, -0.498614, -0.08526, -0.86262, -1.2e-05, 0.0, 0.0, 0.0, 1.0],
                [0.876274, 0.045919, -0.479619, 0.125002, 0.052178, -0.998638, -0.00028, -0.002831, -0.478979, -0.024781, -0.877476, -1.2e-05, 0.0, 0.0, 0.0, 1.0],
                [0.888211, 0.050252, -0.45668, 0.125002, 0.042718, -0.998727, -0.026814, -0.002831, -0.457446, 0.004308, -0.889227, -1.2e-05, 0.0, 0.0, 0.0, 1.0],
                [0.897011, 0.034465, -0.440662, 0.125002, 0.057032, -0.997646, 0.038066, -0.002831, -0.438313, -0.059278, -0.896865, -1.2e-05, 0.0, 0.0, 0.0, 1.0],
                [0.905214, 0.012694, -0.424767, 0.125002, 0.102957, -0.976325, 0.190234, -0.002831, -0.412296, -0.215936, -0.88509, -1.2e-05, 0.0, 0.0, 0.0, 1.0],
                [0.916798, 0.013828, -0.399112, 0.125002, 0.189586, -0.894671, 0.404501, -0.002831, -0.35148, -0.446512, -0.822854, -1.2e-05, 0.0, 0.0, 0.0, 1.0],
                [0.932346, 0.06646, -0.355406, 0.125002, 0.287385, -0.732703, 0.616892, -0.002831, -0.219408, -0.677295, -0.702233, -1.2e-05, 0.0, 0.0, 0.0, 1.0],
                [0.941646, 0.147501, -0.302566, 0.125002, 0.33217, -0.552625, 0.764375, -0.002831, -0.054459, -0.820274, -0.569373, -1.2e-05, 0.0, 0.0, 0.0, 1.0],
                [0.94259, 0.211527, -0.25842, 0.125002, 0.327333, -0.431894, 0.840429, -0.002831, 0.066163, -0.876769, -0.476338, -1.2e-05, 0.0, 0.0, 0.0, 1.0],
                [0.941454, 0.246763, -0.229719, 0.125002, 0.311829, -0.378324, 0.87157, -0.002831, 0.128163, -0.892176, -0.433123, -1.2e-05, 0.0, 0.0, 0.0, 1.0],
                [0.941944, 0.256344, -0.216863, 0.125002, 0.303113, -0.371339, 0.877627, -0.002831, 0.144444, -0.89241, -0.427482, -1.2e-05, 0.0, 0.0, 0.0, 1.0],
                [0.943589, 0.254159, -0.212233, 0.125002, 0.299442, -0.381409, 0.874564, -0.002831, 0.141331, -0.88878, -0.435999, -1.2e-05, 0.0, 0.0, 0.0, 1.0],
                [0.94499, 0.251939, -0.208616, 0.125002, 0.296262, -0.388902, 0.872344, -0.002831, 0.138647, -0.886162, -0.442148, -1.2e-05, 0.0, 0.0, 0.0, 1.0],
                [0.946165, 0.249745, -0.205907, 0.125002, 0.293557, -0.3941, 0.870924, -0.002831, 0.136361, -0.884484, -0.446199, -1.2e-05, 0.0, 0.0, 0.0, 1.0],
                [0.947132, 0.247595, -0.20405, 0.125002, 0.291311, -0.39712, 0.870306, -0.002831, 0.134451, -0.883738, -0.448253, -1.2e-05, 0.0, 0.0, 0.0, 1.0],
                [0.947907, 0.245499, -0.202983, 0.125002, 0.289502, -0.398088, 0.870468, -0.002831, 0.132894, -0.883887, -0.448423, -1.2e-05, 0.0, 0.0, 0.0, 1.0],
                [0.948505, 0.243465, -0.202639, 0.125002, 0.288101, -0.39716, 0.871356, -0.002831, 0.131665, -0.884867, -0.446851, -1.2e-05, 0.0, 0.0, 0.0, 1.0],
                [0.948943, 0.241498, -0.20294, 0.125002, 0.287078, -0.39452, 0.872892, -0.002831, 0.130738, -0.886585, -0.443707, -1.2e-05, 0.0, 0.0, 0.0, 1.0],
                [0.94924, 0.239602, -0.203798, 0.125002, 0.286392, -0.390388, 0.874972, -0.002831, 0.130085, -0.888925, -0.439192, -1.2e-05, 0.0, 0.0, 0.0, 1.0],
                [0.949415, 0.237781, -0.205112, 0.125002, 0.285999, -0.385025, 0.877474, -0.002831, 0.129674, -0.891749, -0.433554, -1.2e-05, 0.0, 0.0, 0.0, 1.0],
                [0.949489, 0.236043, -0.206772, 0.125002, 0.285848, -0.378734, 0.880256, -0.002831, 0.129467, -0.894899, -0.427076, -1.2e-05, 0.0, 0.0, 0.0, 1.0],
                [0.949484, 0.234399, -0.208657, 0.125002, 0.285884, -0.371855, 0.883173, -0.002831, 0.129425, -0.89821, -0.420081, -1.2e-05, 0.0, 0.0, 0.0, 1.0],
                [0.949425, 0.232863, -0.210635, 0.125002, 0.286045, -0.364768, 0.886071, -0.002831, 0.1295, -0.901509, -0.412929, -1.2e-05, 0.0, 0.0, 0.0, 1.0],
                [0.949337, 0.231454, -0.212573, 0.125002, 0.28627, -0.357873, 0.888806, -0.002831, 0.129644, -0.90463, -0.406001, -1.2e-05, 0.0, 0.0, 0.0, 1.0],
                [0.949248, 0.230195, -0.214333, 0.125002, 0.286495, -0.351586, 0.891239, -0.002831, 0.129803, -0.907412, -0.399693, -1.2e-05, 0.0, 0.0, 0.0, 1.0],
                [0.949182, 0.229112, -0.21578, 0.125002, 0.286658, -0.346319, 0.893247, -0.002831, 0.129924, -0.909709, -0.394397, -1.2e-05, 0.0, 0.0, 0.0, 1.0],
                [0.949165, 0.228227, -0.216789, 0.125002, 0.2867, -0.342467, 0.894717, -0.002831, 0.129956, -0.911388, -0.390491, -1.2e-05, 0.0, 0.0, 0.0, 1.0],
                [0.94922, 0.227565, -0.217244, 0.125002, 0.286566, -0.340391, 0.895552, -0.002831, 0.129849, -0.912331, -0.388318, -1.2e-05, 0.0, 0.0, 0.0, 1.0],
                [0.949368, 0.22714, -0.21704, 0.125002, 0.286206, -0.340408, 0.895661, -0.002831, 0.129559, -0.912431, -0.388181, -1.2e-05, 0.0, 0.0, 0.0, 1.0],
                [0.949627, 0.226963, -0.216092, 0.125002, 0.285577, -0.342783, 0.894956, -0.002831, 0.129049, -0.911585, -0.390331, -1.2e-05, 0.0, 0.0, 0.0, 1.0],
                [0.95001, 0.227032, -0.214328, 0.125002, 0.284642, -0.347719, 0.893348, -0.002831, 0.128293, -0.909697, -0.39496, -1.2e-05, 0.0, 0.0, 0.0, 1.0],
                [0.950528, 0.227336, -0.211693, 0.125002, 0.283369, -0.355363, 0.890741, -0.002831, 0.127269, -0.906662, -0.402203, -1.2e-05, 0.0, 0.0, 0.0, 1.0],
                [0.951187, 0.227851, -0.20815, 0.125002, 0.281734, -0.365795, 0.887028, -0.002831, 0.12597, -0.902374, -0.412133, -1.2e-05, 0.0, 0.0, 0.0, 1.0],
                [0.95199, 0.228541, -0.203676, 0.125002, 0.279716, -0.379041, 0.882092, -0.002831, 0.124393, -0.896714, -0.424771, -1.2e-05, 0.0, 0.0, 0.0, 1.0],
                [0.952935, 0.22936, -0.198262, 0.125002, 0.277302, -0.395068, 0.875799, -0.002831, 0.122546, -0.889559, -0.440077, -1.2e-05, 0.0, 0.0, 0.0, 1.0],
                [0.954019, 0.23025, -0.191915, 0.125002, 0.27448, -0.413794, 0.868006, -0.002831, 0.120446, -0.880772, -0.457967, -1.2e-05, 0.0, 0.0, 0.0, 1.0],
                [0.955235, 0.231146, -0.184653, 0.125002, 0.271247, -0.435086, 0.85856, -0.002831, 0.118113, -0.870214, -0.478308, -1.2e-05, 0.0, 0.0, 0.0, 1.0],
                [0.956573, 0.231975, -0.17651, 0.125002, 0.267602, -0.45877, 0.847301, -0.002831, 0.115575, -0.85774, -0.500924, -1.2e-05, 0.0, 0.0, 0.0, 1.0],
                [0.958516, 0.230846, -0.167204, 0.125002, 0.262464, -0.486005, 0.833614, -0.002831, 0.111175, -0.842917, -0.526432, -1.2e-05, 0.0, 0.0, 0.0, 1.0],
                [0.961375, 0.226007, -0.157092, 0.125002, 0.255162, -0.517835, 0.816541, -0.002831, 0.103196, -0.825087, -0.555502, -1.1e-05, 0.0, 0.0, 0.0, 1.0],
                [0.964802, 0.217778, -0.147406, 0.125002, 0.246509, -0.553726, 0.795374, -0.002831, 0.091593, -0.803716, -0.587921, -1.2e-05, 0.0, 0.0, 0.0, 1.0],
                [0.968383, 0.206763, -0.139582, 0.125002, 0.237517, -0.593059, 0.769329, -0.002831, 0.076288, -0.778158, -0.623418, -1.2e-05, 0.0, 0.0, 0.0, 1.0],
                [0.971678, 0.193776, -0.135247, 0.125001, 0.229287, -0.634655, 0.737997, -0.002831, 0.057171, -0.748106, -0.661111, -1.2e-05, 0.0, 0.0, 0.0, 1.0],
                [0.974259, 0.179914, -0.135832, 0.125001, 0.222842, -0.677537, 0.700917, -0.002831, 0.034074, -0.713144, -0.700189, -1.2e-05, 0.0, 0.0, 0.0, 1.0],
                [0.975707, 0.166421, -0.142475, 0.125, 0.218971, -0.720472, 0.658005, -0.002831, 0.006857, -0.673219, -0.739412, -1.2e-05, 0.0, 0.0, 0.0, 1.0],
                [0.975621, 0.154638, -0.155726, 0.125, 0.218093, -0.762295, 0.609378, -0.002831, -0.024476, -0.628485, -0.777437, -1.1e-05, 0.0, 0.0, 0.0, 1.0],
                [0.973626, 0.145833, -0.175454, 0.124999, 0.220221, -0.801674, 0.555716, -0.002831, -0.059615, -0.579699, -0.812647, -1.1e-05, 0.0, 0.0, 0.0, 1.0],
                [0.96944, 0.14117, -0.200641, 0.124998, 0.22497, -0.837754, 0.497551, -0.002831, -0.097848, -0.527484, -0.843912, -1.2e-05, 0.0, 0.0, 0.0, 1.0],
                [0.962947, 0.141476, -0.229602, 0.124998, 0.231692, -0.869699, 0.435823, -0.002831, -0.138026, -0.472871, -0.870254, -1.2e-05, 0.0, 0.0, 0.0, 1.0],
                [0.954291, 0.147232, -0.260098, 0.124997, 0.239593, -0.897088, 0.371251, -0.002831, -0.178671, -0.416599, -0.891359, -1.2e-05, 0.0, 0.0, 0.0, 1.0],
                [0.943909, 0.158421, -0.289722, 0.124996, 0.247879, -0.919615, 0.304737, -0.002831, -0.218156, -0.35946, -0.907302, -1.2e-05, 0.0, 0.0, 0.0, 1.0],
                [0.932506, 0.174583, -0.316153, 0.124996, 0.255837, -0.937201, 0.23707, -0.002831, -0.254911, -0.301953, -0.91861, -1.2e-05, 0.0, 0.0, 0.0, 1.0],
                [0.920964, 0.194854, -0.337427, 0.124995, 0.262895, -0.949908, 0.168996, -0.002831, -0.287595, -0.244347, -0.926058, -1.2e-05, 0.0, 0.0, 0.0, 1.0],
                [0.910216, 0.218074, -0.352065, 0.124995, 0.268631, -0.957916, 0.101164, -0.002831, -0.315187, -0.186657, -0.930492, -1.2e-05, 0.0, 0.0, 0.0, 1.0],
                [0.901125, 0.242778, -0.359212, 0.124994, 0.272775, -0.96146, 0.034473, -0.002831, -0.336999, -0.129048, -0.932619, -1.2e-05, 0.0, 0.0, 0.0, 1.0],
                [0.894382, 0.267361, -0.358606, 0.124994, 0.275181, -0.960921, -0.030106, -0.002831, -0.352641, -0.071755, -0.933004, -1.2e-05, 0.0, 0.0, 0.0, 1.0],
                [0.890437, 0.289576, -0.351094, 0.124994, 0.27587, -0.957003, -0.089665, -0.002831, -0.361963, -0.017015, -0.932037, -1.2e-05, 0.0, 0.0, 0.0, 1.0],
                [0.889292, 0.301983, -0.343461, 0.124994, 0.275541, -0.953175, -0.124634, -0.002831, -0.365016, 0.016198, -0.93086, -1.2e-05, 0.0, 0.0, 0.0, 1.0]
            ]
        },
        {
            "name": "Leg_R",
            "time": [0.0, 0.0167, 0.0333, 0.05, 0.0667, 0.0833, 0.1, 0.1167, 0.1333, 0.15, 0.1667, 0.1833, 0.2, 0.2167, 0.2333, 0.25, 0.2667, 0.2833, 0.3, 0.3167, 0.3333, 0.35, 0.3667, 0.3833, 0.4, 0.4167, 0.4333, 0.45, 0.4667, 0.4833, 0.5, 0.5167, 0.5333, 0.55, 0.5667, 0.5833, 0.6, 0.6167, 0.6333, 0.65, 0.6667, 0.6833, 0.7, 0.7167, 0.7333, 0.75, 0.7667, 0.7833, 0.8, 0.8167, 0.8333, 0.85, 0.8667, 0.8833, 0.9, 0.9167, 0.9333, 0.95, 0.9667, 0.9833, 1.0, 1.0167, 1.0333, 1.05, 1.0667, 1.0833, 1.1, 1.1167, 1.1333, 1.15, 1.1667, 1.1833, 1.2, 1.2167, 1.2333, 1.25, 1.2667, 1.2833, 1.3, 1.3167, 1.3333, 1.35, 1.3667, 1.3833, 1.4, 1.4167, 1.4333, 1.45, 1.4667, 1.4833, 1.5, 1.5167, 1.5333],
            "transform": [
                [0.999995, -0.003063, -0.000244, 0.0, 0.003072, 0.996482, 0.083748, 0.374721, -1.4e-05, -0.083749, 0.996487, 0.0, 0.0, 0.0, 0.0, 1.0],
                [0.999988, -0.004966, -0.000454, -0.0, 0.004981, 0.990725, 0.135793, 0.374721, -0.000225, -0.135793, 0.990737, 0.0, 0.0, 0.0, 0.0, 1.0],
                [0.999965, -0.008317, -0.001073, 0.0, 0.008343, 0.973752, 0.22746, 0.374721, -0.000846, -0.227461, 0.973787, 0.0, 0.0, 0.0, 0.0, 1.0],
                [0.999929, -0.011758, -0.002057, -0.0, 0.011795, 0.946798, 0.321612, 0.374721, -0.001833, -0.321613, 0.946869, 0.0, 0.0, 0.0, 0.0, 1.0],
                [0.999882, -0.01498, -0.003326, -0.0, 0.015027, 0.912043, 0.409819, 0.374721, -0.003106, -0.40982, 0.912161, 0.0, 0.0, 0.0, 0.0, 1.0],
                [0.99983, -0.017836, -0.004764, -0.0, 0.017892, 0.872625, 0.488064, 0.374721, -0.004548, -0.488066, 0.872795, 0.0, 0.0, 0.0, 0.0, 1.0],
                [0.999776, -0.020215, -0.006219, 0.0, 0.020279, 0.832704, 0.553348, 0.374721, -0.006008, -0.55335, 0.832927, -0.0, 0.0, 0.0, 0.0, 1.0],
                [0.999728, -0.02206, -0.007532, 0.0, 0.022129, 0.796638, 0.604051, 0.374721, -0.007325, -0.604054, 0.79691, 0.0, 0.0, 0.0, 0.0, 1.0],
                [0.999692, -0.023324, -0.00854, 0.0, 0.023398, 0.768899, 0.638942, 0.374721, -0.008336, -0.638945, 0.769207, -0.0, 0.0, 0.0, 0.0, 1.0],
                [0.999671, -0.023982, -0.009105, -0.0, 0.024057, 0.75328, 0.65726, 0.374721, -0.008904, -0.657262, 0.753609, -0.0, 0.0, 0.0, 0.0, 1.0],
                [0.999671, -0.023995, -0.009123, -0.0, 0.024071, 0.752653, 0.657978, 0.374721, -0.008922, -0.65798, 0.752982, 0.0, 0.0, 0.0, 0.0, 1.0],
                [0.999692, -0.023316, -0.00855, 0.0, 0.02339, 0.768258, 0.639713, 0.37472, -0.008347, -0.639716, 0.768566, -0.0, 0.0, 0.0, 0.0, 1.0],
                [0.999734, -0.021866, -0.007409, 0.0, 0.021935, 0.799483, 0.60029, 0.374721, -0.007202, -0.600292, 0.799749, -0.0, 0.0, 0.0, 0.0, 1.0],
                [0.999793, -0.0195, -0.005779, 0.0, 0.019562, 0.844186, 0.535695, 0.374721, -0.005567, -0.535697, 0.844392, 0.0, 0.0, 0.0, 0.0, 1.0],
                [0.999866, -0.015941, -0.003794, -0.0, 0.015991, 0.898723, 0.438225, 0.37472, -0.003576, -0.438226, 0.898857, 0.0, 0.0, 0.0, 0.0, 1.0],
                [0.999945, -0.010346, -0.001619, 0.0, 0.010379, 0.958579, 0.284638, 0.374721, -0.001393, -0.28464, 0.958634, -0.0, 0.0, 0.0, 0.0, 1.0],
                [1.0, -1.6e-05, -0.000115, -0.0, 1.6e-05, 1.0, 0.000437, 0.374721, 0.000115, -0.000437, 1.0, -0.0, 0.0, 0.0, 0.0, 1.0],
                [1.0, -1.6e-05, -0.000115, -0.0, 1.6e-05, 1.0, 0.000438, 0.374721, 0.000115, -0.000438, 1.0, 0.0, 0.0, 0.0, 0.0, 1.0],
                [1.0, -1.6e-05, -0.000115, 0.0, 1.6e-05, 1.0, 0.000438, 0.374721, 0.000115, -0.000438, 1.0, -0.0, 0.0, 0.0, 0.0, 1.0],
                [1.0, -1.6e-05, -0.000115, 0.0, 1.6e-05, 1.0, 0.000439, 0.374721, 0.000115, -0.000439, 1.0, -0.0, 0.0, 0.0, 0.0, 1.0],
                [1.0, -1.6e-05, -0.000115, 0.0, 1.6e-05, 1.0, 0.000439, 0.374721, 0.000115, -0.000439, 0.999999, 0.0, 0.0, 0.0, 0.0, 1.0],
                [1.0, -1.6e-05, -0.000115, -0.0, 1.6e-05, 1.0, 0.00044, 0.374721, 0.000115, -0.00044, 1.0, 0.0, 0.0, 0.0, 0.0, 1.0],
                [1.0, -1.6e-05, -0.000115, -0.0, 1.6e-05, 1.0, 0.00044, 0.374721, 0.000115, -0.00044, 1.0, 0.0, 0.0, 0.0, 0.0, 1.0],
                [0.999816, -0.018489, -0.00521, 0.0, 0.018548, 0.858681, 0.512175, 0.374721, -0.004996, -0.512177, 0.858866, -0.0, 0.0, 0.0, 0.0, 1.0],
                [0.999337, -0.031398, -0.018447, -0.0, 0.031498, 0.491039, 0.870568, 0.374721, -0.018276, -0.870572, 0.491702, 0.0, 0.0, 0.0, 0.0, 1.0],
                [0.998803, -0.035896, -0.033235, 0.0, 0.036011, 0.079684, 0.99617, 0.374721, -0.033111, -0.996174, 0.080882, -0.0, 0.0, 0.0, 0.0, 1.0],
                [0.998335, -0.034516, -0.046223, -0.0, 0.034626, -0.282345, 0.958688, 0.374721, -0.04614, -0.958692, -0.28068, -0.0, 0.0, 0.0, 0.0, 1.0],
                [0.998016, -0.030475, -0.055095, 0.0, 0.030573, -0.530403, 0.847194, 0.374721, -0.055041, -0.847198, -0.528419, -0.0, 0.0, 0.0, 0.0, 1.0],
                [0.997855, -0.027079, -0.059593, -0.0, 0.027165, -0.657, 0.753401, 0.374721, -0.059554, -0.753404, -0.654855, 0.0, 0.0, 0.0, 0.0, 1.0],
                [0.997805, -0.025673, -0.061045, 0.0, 0.025755, -0.698794, 0.714859, 0.374721, -0.06101, -0.714862, -0.696599, 0.0, 0.0, 0.0, 0.0, 1.0],
                [0.997802, -0.025484, -0.061169, -0.0, 0.025566, -0.703577, 0.710159, 0.374721, -0.061135, -0.710162, -0.701379, -0.0, 0.0, 0.0, 0.0, 1.0],
                [0.997804, -0.025439, -0.061152, 0.0, 0.02552, -0.704333, 0.70941, 0.374721, -0.061118, -0.709414, -0.702137, -0.0, 0.0, 0.0, 0.0, 1.0],
                [0.997799, -0.025185, -0.061345, -0.0, 0.025266, -0.71091, 0.702828, 0.374721, -0.061311, -0.702831, -0.708709, -0.0, 0.0, 0.0, 0.0, 1.0],
                [0.997789, -0.024796, -0.061668, 0.0, 0.024876, -0.721061, 0.692425, 0.374721, -0.061636, -0.692428, -0.718849, 0.0, 0.0, 0.0, 0.0, 1.0],
                [0.997787, -0.024662, -0.061744, 0.0, 0.024742, -0.724233, 0.689111, 0.374721, -0.061712, -0.689114, -0.722021, -0.0, 0.0, 0.0, 0.0, 1.0],
                [0.997809, -0.025196, -0.061177, -0.0, 0.025278, -0.709329, 0.704424, 0.374721, -0.061144, -0.704427, -0.707138, 0.0, 0.0, 0.0, 0.0, 1.0],
                [0.997863, -0.02655, -0.059712, 0.0, 0.026636, -0.669148, 0.742652, 0.374721, -0.059674, -0.742655, -0.667011, -0.0, 0.0, 0.0, 0.0, 1.0],
                [0.997912, -0.027665, -0.058371, -0.0, 0.027754, -0.63234, 0.774194, 0.374721, -0.058328, -0.774197, -0.630251, 0.0, 0.0, 0.0, 0.0, 1.0],
                [0.997911, -0.027602, -0.058411, 0.0, 0.027691, -0.634136, 0.772725, 0.374721, -0.058369, -0.772728, -0.632048, -0.0, 0.0, 0.0, 0.0, 1.0],
                [0.997876, -0.02672, -0.059413, -0.0, 0.026806, -0.662805, 0.748312, 0.374721, -0.059375, -0.748316, -0.66068, 0.0, 0.0, 0.0, 0.0, 1.0],
                [0.997843, -0.02583, -0.060356, 0.0, 0.025913, -0.689748, 0.723586, 0.374721, -0.060321, -0.723589, -0.687591, 0.0, 0.0, 0.0, 0.0, 1.0],
                [0.997848, -0.025946, -0.060213, 0.0, 0.02603, -0.68612, 0.727023, 0.374721, -0.060176, -0.727026, -0.683968, 0.0, 0.0, 0.0, 0.0, 1.0],
                [0.997904, -0.027316, -0.058657, 0.0, 0.027404, -0.642799, 0.765544, 0.374721, -0.058616, -0.765547, -0.640704, -0.0, 0.0, 0.0, 0.0, 1.0],
                [0.99799, -0.029144, -0.056271, 0.0, 0.029238, -0.576042, 0.816897, 0.374721, -0.056222, -0.816901, -0.574032, -0.0, 0.0, 0.0, 0.0, 1.0],
                [0.998069, -0.030575, -0.054066, 0.0, 0.030674, -0.514282, 0.857072, 0.374721, -0.05401, -0.857075, -0.512351, -0.0, 0.0, 0.0, 0.0, 1.0],
                [0.998112, -0.031266, -0.052859, 0.0, 0.031367, -0.480436, 0.876469, 0.374721, -0.052799, -0.876473, -0.478548, -0.0, 0.0, 0.0, 0.0, 1.0],
                [0.998132, -0.031562, -0.052308, -0.0, 0.031664, -0.464966, 0.884762, 0.374721, -0.052246, -0.884766, -0.463098, 0.0, 0.0, 0.0, 0.0, 1.0],
                [0.99815, -0.031821, -0.051805, -0.0, 0.031924, -0.450845, 0.892031, 0.374721, -0.051741, -0.892035, -0.448996, 0.0, 0.0, 0.0, 0.0, 1.0],
                [0.998167, -0.032049, -0.051346, -0.0, 0.032152, -0.437969, 0.898415, 0.37472, -0.051281, -0.898419, -0.436135, 0.0, 0.0, 0.0, 0.0, 1.0],
                [0.998181, -0.032247, -0.050933, -0.0, 0.032351, -0.426386, 0.903963, 0.37472, -0.050867, -0.903967, -0.424568, -0.0, 0.0, 0.0, 0.0, 1.0],
                [0.998194, -0.032417, -0.050567, 0.0, 0.032522, -0.416116, 0.90873, 0.374721, -0.0505, -0.908734, -0.414311, -0.0, 0.0, 0.0, 0.0, 1.0],
                [0.998206, -0.032561, -0.050248, -0.0, 0.032666, -0.407147, 0.912778, 0.374721, -0.05018, -0.912782, -0.405353, 0.0, 0.0, 0.0, 0.0, 1.0],
                [0.998216, -0.032683, -0.049973, -0.0, 0.032788, -0.399434, 0.916175, 0.374721, -0.049904, -0.91618, -0.39765, -0.0, 0.0, 0.0, 0.0, 1.0],
                [0.998224, -0.032783, -0.04974, 0.0, 0.032889, -0.392901, 0.918993, 0.374721, -0.04967, -0.918996, -0.391126, 0.0, 0.0, 0.0, 0.0, 1.0],
                [0.998231, -0.032866, -0.049546, 0.0, 0.032972, -0.387444, 0.921304, 0.374721, -0.049475, -0.921308, -0.385675, 0.0, 0.0, 0.0, 0.0, 1.0],
                [0.998237, -0.032933, -0.049385, 0.0, 0.033039, -0.38293, 0.923186, 0.374721, -0.049314, -0.923191, -0.381167, -0.0, 0.0, 0.0, 0.0, 1.0],
                [0.998241, -0.032987, -0.049252, 0.0, 0.033094, -0.379208, 0.924719, 0.374721, -0.049181, -0.924723, -0.37745, -0.0, 0.0, 0.0, 0.0, 1.0],
                [0.998245, -0.033032, -0.049142, 0.0, 0.033139, -0.376115, 0.92598, 0.37472, -0.04907, -0.925984, -0.374361, 0.0, 0.0, 0.0, 0.0, 1.0],
                [0.998249, -0.03307, -0.049048, -0.0, 0.033177, -0.373476, 0.927046, 0.37472, -0.048976, -0.92705, -0.371725, 0.0, 0.0, 0.0, 0.0, 1.0],
                [0.998252, -0.033104, -0.048964, -0.0, 0.033211, -0.37112, 0.927991, 0.37472, -0.048892, -0.927995, -0.369372, 0.0, 0.0, 0.0, 0.0, 1.0],
                [0.998255, -0.033136, -0.048884, 0.0, 0.033243, -0.368873, 0.928885, 0.374721, -0.048812, -0.928889, -0.367127, 0.0, 0.0, 0.0, 0.0, 1.0],
                [0.998258, -0.033168, -0.048802, 0.0, 0.033275, -0.366571, 0.929795, 0.374721, -0.048729, -0.929799, -0.364829, -0.0, 0.0, 0.0, 0.0, 1.0],
                [0.998261, -0.033204, -0.048713, 0.0, 0.033311, -0.364056, 0.930781, 0.374721, -0.048639, -0.930785, -0.362317, 0.0, 0.0, 0.0, 0.0, 1.0],
                [0.998264, -0.033244, -0.04861, -0.0, 0.033351, -0.361173, 0.931902, 0.374721, -0.048536, -0.931906, -0.359437, 0.0, 0.0, 0.0, 0.0, 1.0],
                [0.998269, -0.03329, -0.048489, 0.0, 0.033398, -0.357772, 0.933212, 0.37472, -0.048415, -0.933216, -0.356041, -0.0, 0.0, 0.0, 0.0, 1.0],
                [0.998274, -0.033346, -0.048344, 0.0, 0.033453, -0.3537, 0.934761, 0.374721, -0.048269, -0.934765, -0.351974, 0.0, 0.0, 0.0, 0.0, 1.0],
                [0.99828, -0.033411, -0.048169, -0.0, 0.033519, -0.348801, 0.936597, 0.37472, -0.048094, -0.936601, -0.347081, 0.0, 0.0, 0.0, 0.0, 1.0],
