{
    "animation": [
        {
            "name": "Root",
            "time": [0.0, 0.0167, 0.0333, 0.05, 0.0667, 0.0833, 0.1, 0.1167, 0.1333, 0.15, 0.1667, 0.1833, 0.2, 0.2167, 0.2333, 0.25, 0.2667, 0.2833, 0.3, 0.3167, 0.3333, 0.35, 0.3667, 0.3833, 0.4, 0.4167, 0.4333, 0.45, 0.4667, 0.4833, 0.5, 0.5167, 0.5333, 0.55, 0.5667, 0.5833, 0.6, 0.6167, 0.6333, 0.65, 0.6667, 0.6833, 0.7, 0.7167, 0.7333, 0.75, 0.7667, 0.7833, 0.8, 0.8167, 0.8333, 0.85, 0.8667, 0.8833, 0.9, 0.9167, 0.9333, 0.95, 0.9667, 0.9833, 1.0, 1.0167, 1.0333, 1.05, 1.0667, 1.0833, 1.1, 1.1167, 1.1333, 1.15, 1.1667, 1.1833, 1.2, 1.2167, 1.2333, 1.25, 1.2667, 1.2833, 1.3, 1.3167, 1.3333, 1.35, 1.3667, 1.3833, 1.4, 1.4167, 1.4333, 1.45, 1.4667, 1.4833, 1.5, 1.5167, 1.5333, 1.55, 1.5667, 1.5833, 1.6, 1.6167, 1.6333, 1.65, 1.6667, 1.6833, 1.7, 1.7167, 1.7333, 1.75, 1.7667, 1.7833, 1.8, 1.8167, 1.8333, 1.85, 1.8667, 1.8833, 1.9, 1.9167, 1.9333, 1.95, 1.9667, 1.9833, 2.0, 2.5],
            "transform": [
                [0.98242, 0.0, -0.186683, -5e-06, -0.186683, 0.0, -0.98242, 0.073243, 0.0, 1.0, 0.0, 0.72401, 0.0, 0.0, 0.0, 1.0],
                [0.981789, 0.0, -0.189976, -5e-06, -0.189976, 0.0, -0.981789, 0.073245, 0.0, 1.0, 0.0, 0.723426, 0.0, 0.0, 0.0, 1.0],
                [0.979813, 0.0, -0.199919, -5e-06, -0.199919, 0.0, -0.979813, 0.073262, 0.0, 1.0, 0.0, 0.721664, 0.0, 0.0, 0.0, 1.0],
                [0.976288, 0.0, -0.216477, -5e-06, -0.216477, 0.0, -0.976288, 0.07331, 0.0, 1.0, 0.0, 0.718713, 0.0, 0.0, 0.0, 1.0],
                [0.970921, 0.0, -0.239402, -5e-06, -0.239402, 0.0, -0.970921, 0.073406, 0.0, 1.0, 0.0, 0.714581, 0.0, 0.0, 0.0, 1.0],
                [0.963371, 0.0, -0.268171, -5e-06, -0.268171, 0.0, -0.963371, 0.073568, 0.0, 1.0, 0.0, 0.709293, 0.0, 0.0, 0.0, 1.0],
                [0.953324, 0.0, -0.301951, -5e-06, -0.301951, 0.0, -0.953324, 0.073816, 0.0, 1.0, 0.0, 0.702901, 0.0, 0.0, 0.0, 1.0],
                [0.940575, 0.0, -0.339587, -5e-06, -0.339587, 0.0, -0.940575, 0.074172, 0.0, 1.0, 0.0, 0.69548, 0.0, 0.0, 0.0, 1.0],
                [0.925132, 0.0, -0.379645, -5e-06, -0.379645, 0.0, -0.925132, 0.07466, 0.0, 1.0, 0.0, 0.687137, 0.0, 0.0, 0.0, 1.0],
                [0.907286, 0.0, -0.420513, -5e-06, -0.420513, 0.0, -0.907286, 0.075305, 0.0, 1.0, 0.0, 0.678009, 0.0, 0.0, 0.0, 1.0],
                [0.887636, 0.0, -0.460545, -5e-06, -0.460545, 0.0, -0.887636, 0.076133, 0.0, 1.0, 0.0, 0.66826, 0.0, 0.0, 0.0, 1.0],
                [0.867051, 0.0, -0.49822, -5e-06, -0.49822, 0.0, -0.867051, 0.077177, 0.0, 1.0, 0.0, 0.658083, 0.0, 0.0, 0.0, 1.0],
                [0.846573, 0.0, -0.532273, -5e-06, -0.532273, 0.0, -0.846573, 0.078468, 0.0, 1.0, 0.0, 0.647686, 0.0, 0.0, 0.0, 1.0],
                [0.827291, 0.0, -0.561773, -5e-06, -0.561773, 0.0, -0.827291, 0.080041, 0.0, 1.0, 0.0, 0.637289, 0.0, 0.0, 0.0, 1.0],
                [0.810218, 0.0, -0.586128, -5e-06, -0.586128, 0.0, -0.810218, 0.081936, 0.0, 1.0, 0.0, 0.627112, 0.0, 0.0, 0.0, 1.0],
                [0.796195, 0.0, -0.605041, -5e-06, -0.605041, 0.0, -0.796195, 0.084196, 0.0, 1.0, 0.0, 0.617363, 0.0, 0.0, 0.0, 1.0],
                [0.785838, 0.0, -0.618432, -5e-06, -0.618432, 0.0, -0.785838, 0.086867, 0.0, 1.0, 0.0, 0.608235, 0.0, 0.0, 0.0, 1.0],
                [0.779529, 0.0, -0.626367, -5e-06, -0.626367, 0.0, -0.779529, 0.09, 0.0, 1.0, 0.0, 0.599892, 0.0, 0.0, 0.0, 1.0],
                [0.777424, 0.0, -0.628977, -5e-06, -0.628977, 0.0, -0.777424, 0.093652, 0.0, 1.0, 0.0, 0.592471, 0.0, 0.0, 0.0, 1.0],
                [0.802735, 0.0, -0.596336, -5e-06, -0.596336, 0.0, -0.802735, 0.097885, 0.0, 1.0, 0.0, 0.586079, 0.0, 0.0, 0.0, 1.0],
                [0.868461, 0.0, -0.495758, -5e-06, -0.495758, 0.0, -0.868461, 0.102768, 0.0, 1.0, 0.0, 0.580792, 0.0, 0.0, 0.0, 1.0],
                [0.940777, 0.0, -0.339025, -5e-06, -0.339025, 0.0, -0.940777, 0.108378, 0.0, 1.0, 0.0, 0.576659, 0.0, 0.0, 0.0, 1.0],
                [0.985064, 0.0, -0.172191, -5e-06, -0.172191, 0.0, -0.985064, 0.15481, 0.0, 1.0, 0.0, 0.573709, 0.0, 0.0, 0.0, 1.0],
                [0.998605, 0.0, -0.052807, -5e-06, -0.052807, 0.0, -0.998605, 0.245842, 0.0, 1.0, 0.0, 0.571946, 0.0, 0.0, 0.0, 1.0],
                [0.999934, 0.0, -0.011524, -5e-06, -0.011524, 0.0, -0.999934, 0.287688, 0.0, 1.0, 0.0, 0.571362, 0.0, 0.0, 0.0, 1.0],
                [0.999587, 0.0, -0.028741, -5e-06, -0.028741, 0.0, -0.999587, 0.250085, 0.0, 1.0, 0.0, 0.571362, 0.0, 0.0, 0.0, 1.0],
                [0.99668, 0.0, -0.081416, -5e-06, -0.081416, 0.0, -0.99668, 0.169618, 0.0, 1.0, 0.0, 0.571362, 0.0, 0.0, 0.0, 1.0],
                [0.986539, 0.0, -0.163523, -5e-06, -0.163523, 0.0, -0.986539, 0.132014, 0.0, 1.0, 0.0, 0.571362, 0.0, 0.0, 0.0, 1.0],
                [0.966285, 0.0, -0.257476, -5e-06, -0.257476, 0.0, -0.966285, 0.169618, 0.0, 1.0, 0.0, 0.571362, 0.0, 0.0, 0.0, 1.0],
                [0.939378, 0.0, -0.342884, -5e-06, -0.342884, 0.0, -0.939378, 0.250085, 0.0, 1.0, 0.0, 0.571362, 0.0, 0.0, 0.0, 1.0],
                [0.912988, 0.0, -0.407986, -5e-06, -0.407986, 0.0, -0.912988, 0.287688, 0.0, 1.0, 0.0, 0.571362, 0.0, 0.0, 0.0, 1.0],
                [0.883922, 0.0, -0.467635, -5e-06, -0.467635, 0.0, -0.883922, 0.236099, 0.0, 1.0, 0.0, 0.571362, 0.0, 0.0, 0.0, 1.0],
                [0.854056, 0.0, -0.520181, -5e-06, -0.520181, 0.0, -0.854056, 0.125704, 0.0, 1.0, 0.0, 0.571362, 0.0, 0.0, 0.0, 1.0],
                [0.842709, 0.0, -0.53837, -5e-06, -0.53837, 0.0, -0.842709, 0.074115, 0.0, 1.0, 0.0, 0.571362, 0.0, 0.0, 0.0, 1.0],
                [0.907307, 0.0, -0.420469, -5e-06, -0.420469, 0.0, -0.907307, 0.125704, 0.0, 1.0, 0.0, 0.571362, 0.0, 0.0, 0.0, 1.0],
                [0.989352, 0.0, -0.145545, -5e-06, -0.145545, 0.0, -0.989352, 0.236099, 0.0, 1.0, 0.0, 0.571362, 0.0, 0.0, 0.0, 1.0],
                [0.999934, 0.0, -0.011524, -5e-06, -0.011524, 0.0, -0.999934, 0.287688, 0.0, 1.0, 0.0, 0.571362, 0.0, 0.0, 0.0, 1.0],
                [0.999587, 0.0, -0.028741, -5e-06, -0.028741, 0.0, -0.999587, 0.245702, 0.0, 1.0, 0.0, 0.571362, 0.0, 0.0, 0.0, 1.0],
                [0.99668, 0.0, -0.081416, -5e-06, -0.081416, 0.0, -0.99668, 0.155857, 0.0, 1.0, 0.0, 0.571362, 0.0, 0.0, 0.0, 1.0],
                [0.986539, 0.0, -0.163523, -5e-06, -0.163523, 0.0, -0.986539, 0.113871, 0.0, 1.0, 0.0, 0.571362, 0.0, 0.0, 0.0, 1.0],
                [0.966285, 0.0, -0.257476, -5e-06, -0.257476, 0.0, -0.966285, 0.155857, 0.0, 1.0, 0.0, 0.571362, 0.0, 0.0, 0.0, 1.0],
                [0.939378, 0.0, -0.342884, -5e-06, -0.342884, 0.0, -0.939378, 0.245702, 0.0, 1.0, 0.0, 0.571362, 0.0, 0.0, 0.0, 1.0],
                [0.912988, 0.0, -0.407986, -5e-06, -0.407986, 0.0, -0.912988, 0.287688, 0.0, 1.0, 0.0, 0.571362, 0.0, 0.0, 0.0, 1.0],
                [0.883922, 0.0, -0.467635, -5e-06, -0.467635, 0.0, -0.883922, 0.236099, 0.0, 1.0, 0.0, 0.571362, 0.0, 0.0, 0.0, 1.0],
                [0.854056, 0.0, -0.520181, -5e-06, -0.520181, 0.0, -0.854056, 0.125704, 0.0, 1.0, 0.0, 0.571362, 0.0, 0.0, 0.0, 1.0],
                [0.842709, 0.0, -0.53837, -5e-06, -0.53837, 0.0, -0.842709, 0.074115, 0.0, 1.0, 0.0, 0.571362, 0.0, 0.0, 0.0, 1.0],
                [0.907307, 0.0, -0.420469, -5e-06, -0.420469, 0.0, -0.907307, 0.125704, 0.0, 1.0, 0.0, 0.571362, 0.0, 0.0, 0.0, 1.0],
                [0.989352, 0.0, -0.145545, -5e-06, -0.145545, 0.0, -0.989352, 0.236099, 0.0, 1.0, 0.0, 0.571362, 0.0, 0.0, 0.0, 1.0],
                [0.999934, 0.0, -0.011524, -5e-06, -0.011524, 0.0, -0.999934, 0.287688, 0.0, 1.0, 0.0, 0.571362, 0.0, 0.0, 0.0, 1.0],
                [0.999324, 0.0, -0.036763, -5e-06, -0.036763, 0.0, -0.999324, 0.245702, 0.0, 1.0, 0.0, 0.57136, 0.0, 0.0, 0.0, 1.0],
                [0.993928, 0.0, -0.110029, -5e-06, -0.110029, 0.0, -0.993928, 0.155857, 0.0, 1.0, 0.0, 0.571342, 0.0, 0.0, 0.0, 1.0],
                [0.976787, 0.0, -0.214212, -5e-06, -0.214212, 0.0, -0.976787, 0.113871, 0.0, 1.0, 0.0, 0.571291, 0.0, 0.0, 0.0, 1.0],
                [0.948757, 0.0, -0.316008, -5e-06, -0.316008, 0.0, -0.948757, 0.114187, 0.0, 1.0, 0.0, 0.571186, 0.0, 0.0, 0.0, 1.0],
                [0.922997, 0.0, -0.384808, -5e-06, -0.384808, 0.0, -0.922997, 0.11514, 0.0, 1.0, 0.0, 0.571004, 0.0, 0.0, 0.0, 1.0],
                [0.912988, 0.0, -0.407986, -5e-06, -0.407986, 0.0, -0.912988, 0.116723, 0.0, 1.0, 0.0, 0.570719, 0.0, 0.0, 0.0, 1.0],
                [0.915576, 0.0, -0.402146, -5e-06, -0.402146, 0.0, -0.915576, 0.118893, 0.0, 1.0, 0.0, 0.570302, 0.0, 0.0, 0.0, 1.0],
                [0.92315, 0.0, -0.384439, -5e-06, -0.384439, 0.0, -0.92315, 0.121566, 0.0, 1.0, 0.0, 0.569722, 0.0, 0.0, 0.0, 1.0],
                [0.934828, 0.0, -0.355102, -5e-06, -0.355102, 0.0, -0.934828, 0.124611, 0.0, 1.0, 0.0, 0.568945, 0.0, 0.0, 0.0, 1.0],
                [0.948937, 0.0, -0.315467, -5e-06, -0.315467, 0.0, -0.948937, 0.127854, 0.0, 1.0, 0.0, 0.567939, 0.0, 0.0, 0.0, 1.0],
                [0.963317, 0.0, -0.268367, -5e-06, -0.268367, 0.0, -0.963317, 0.131097, 0.0, 1.0, 0.0, 0.566668, 0.0, 0.0, 0.0, 1.0],
                [0.975923, 0.0, -0.218115, -5e-06, -0.218115, 0.0, -0.975923, 0.134141, 0.0, 1.0, 0.0, 0.565102, 0.0, 0.0, 0.0, 1.0],
                [0.985478, 0.0, -0.169805, -5e-06, -0.169805, 0.0, -0.985478, 0.136815, 0.0, 1.0, 0.0, 0.56321, 0.0, 0.0, 0.0, 1.0],
                [0.991748, 0.0, -0.128204, -5e-06, -0.128204, 0.0, -0.991748, 0.138985, 0.0, 1.0, 0.0, 0.560967, 0.0, 0.0, 0.0, 1.0],
                [0.995301, 0.0, -0.096829, -5e-06, -0.096829, 0.0, -0.995301, 0.140568, 0.0, 1.0, 0.0, 0.55835, 0.0, 0.0, 0.0, 1.0],
                [0.996981, 0.0, -0.077643, -5e-06, -0.077643, 0.0, -0.996981, 0.141521, 0.0, 1.0, 0.0, 0.555345, 0.0, 0.0, 0.0, 1.0],
                [0.997457, 0.0, -0.071273, -5e-06, -0.071273, 0.0, -0.997457, 0.141836, 0.0, 1.0, 0.0, 0.551943, 0.0, 0.0, 0.0, 1.0],
                [0.997457, 0.0, -0.071273, -5e-06, -0.071273, 0.0, -0.997457, 0.140338, 0.0, 1.0, 0.0, 0.54814, 0.0, 0.0, 0.0, 1.0],
                [0.997457, 0.0, -0.071273, -5e-06, -0.071273, 0.0, -0.997457, 0.135831, 0.0, 1.0, 0.0, 0.543938, 0.0, 0.0, 0.0, 1.0],
                [0.997457, 0.0, -0.071273, -5e-06, -0.071273, 0.0, -0.997457, 0.128501, 0.0, 1.0, 0.0, 0.539345, 0.0, 0.0, 0.0, 1.0],
                [0.997457, 0.0, -0.071273, -5e-06, -0.071273, 0.0, -0.997457, 0.118915, 0.0, 1.0, 0.0, 0.534372, 0.0, 0.0, 0.0, 1.0],
                [0.997457, 0.0, -0.071273, -5e-06, -0.071273, 0.0, -0.997457, 0.108055, 0.0, 1.0, 0.0, 0.529035, 0.0, 0.0, 0.0, 1.0],
                [0.997457, 0.0, -0.071273, -5e-06, -0.071273, 0.0, -0.997457, 0.097195, 0.0, 1.0, 0.0, 0.523351, 0.0, 0.0, 0.0, 1.0],
                [0.997457, 0.0, -0.071273, -5e-06, -0.071273, 0.0, -0.997457, 0.087608, 0.0, 1.0, 0.0, 0.517339, 0.0, 0.0, 0.0, 1.0],
                [0.997457, 0.0, -0.071273, -5e-06, -0.071273, 0.0, -0.997457, 0.080279, 0.0, 1.0, 0.0, 0.511019, 0.0, 0.0, 0.0, 1.0],
                [0.997457, 0.0, -0.071273, -5e-06, -0.071273, 0.0, -0.997457, 0.075771, 0.0, 1.0, 0.0, 0.504411, 0.0, 0.0, 0.0, 1.0],
                [0.997457, 0.0, -0.071273, -5e-06, -0.071273, 0.0, -0.997457, 0.074274, 0.0, 1.0, 0.0, 0.497535, 0.0, 0.0, 0.0, 1.0],
                [0.997457, 0.0, -0.071273, -5e-06, -0.071273, 0.0, -0.997457, 0.260457, 0.0, 1.0, 0.0, 0.487898, 0.0, 0.0, 0.0, 1.0],
                [0.997457, 0.0, -0.071273, -5e-06, -0.071273, 0.0, -0.997457, 0.804669, 0.0, 1.0, 0.0, 0.473546, 0.0, 0.0, 0.0, 1.0],
                [0.997457, 0.0, -0.071273, -5e-06, -0.071273, 0.0, -0.997457, 1.593138, 0.0, 1.0, 0.0, 0.456803, 0.0, 0.0, 0.0, 1.0],
                [0.997457, 0.0, -0.071273, -5e-06, -0.071273, 0.0, -0.997457, 2.39349, 0.0, 1.0, 0.0, 0.441655, 0.0, 0.0, 0.0, 1.0],
                [0.997457, 0.0, -0.071273, -5e-06, -0.071273, 0.0, -0.997457, 2.970369, 0.0, 1.0, 0.0, 0.431691, 0.0, 0.0, 0.0, 1.0],
                [0.997457, 0.0, -0.071273, -5e-06, -0.071273, 0.0, -0.997457, 3.203617, 0.0, 1.0, 0.0, 0.428375, 0.0, 0.0, 0.0, 1.0],
                [0.997457, 0.0, -0.071273, -5e-06, -0.071273, 0.0, -0.997457, 3.253885, 0.0, 1.0, 0.0, 0.428375, 0.0, 0.0, 0.0, 1.0],
                [0.997457, 0.0, -0.071273, -5e-06, -0.071273, 0.0, -0.997457, 3.300493, 0.0, 1.0, 0.0, 0.428375, 0.0, 0.0, 0.0, 1.0],
                [0.997457, 0.0, -0.071273, -5e-06, -0.071273, 0.0, -0.997457, 3.343594, 0.0, 1.0, 0.0, 0.428375, 0.0, 0.0, 0.0, 1.0],
                [0.997457, 0.0, -0.071273, -5e-06, -0.071273, 0.0, -0.997457, 3.383347, 0.0, 1.0, 0.0, 0.428375, 0.0, 0.0, 0.0, 1.0],
                [0.997457, 0.0, -0.071273, -5e-06, -0.071273, 0.0, -0.997457, 3.419909, 0.0, 1.0, 0.0, 0.428375, 0.0, 0.0, 0.0, 1.0],
                [0.997457, 0.0, -0.071273, -5e-06, -0.071273, 0.0, -0.997457, 3.453444, 0.0, 1.0, 0.0, 0.428375, 0.0, 0.0, 0.0, 1.0],
                [0.997457, 0.0, -0.071273, -5e-06, -0.071273, 0.0, -0.997457, 3.484113, 0.0, 1.0, 0.0, 0.428375, 0.0, 0.0, 0.0, 1.0],
                [0.997457, 0.0, -0.071273, -5e-06, -0.071273, 0.0, -0.997457, 3.512079, 0.0, 1.0, 0.0, 0.428375, 0.0, 0.0, 0.0, 1.0],
                [0.997457, 0.0, -0.071273, -5e-06, -0.071273, 0.0, -0.997457, 3.537505, 0.0, 1.0, 0.0, 0.428375, 0.0, 0.0, 0.0, 1.0],
                [0.997457, 0.0, -0.071273, -5e-06, -0.071273, 0.0, -0.997457, 3.560555, 0.0, 1.0, 0.0, 0.428375, 0.0, 0.0, 0.0, 1.0],
                [0.997457, 0.0, -0.071273, -5e-06, -0.071273, 0.0, -0.997457, 3.581388, 0.0, 1.0, 0.0, 0.428375, 0.0, 0.0, 0.0, 1.0],
                [0.997457, 0.0, -0.071273, -5e-06, -0.071273, 0.0, -0.997457, 3.600166, 0.0, 1.0, 0.0, 0.428375, 0.0, 0.0, 0.0, 1.0],
                [0.997457, 0.0, -0.071273, -5e-06, -0.071273, 0.0, -0.997457, 3.617044, 0.0, 1.0, 0.0, 0.428375, 0.0, 0.0, 0.0, 1.0],
                [0.997457, 0.0, -0.071273, -5e-06, -0.071273, 0.0, -0.997457, 3.632179, 0.0, 1.0, 0.0, 0.428375, 0.0, 0.0, 0.0, 1.0],
                [0.997457, 0.0, -0.071273, -5e-06, -0.071273, 0.0, -0.997457, 3.645721, 0.0, 1.0, 0.0, 0.428375, 0.0, 0.0, 0.0, 1.0],
                [0.997457, 0.0, -0.071273, -5e-06, -0.071273, 0.0, -0.997457, 3.65782, 0.0, 1.0, 0.0, 0.428375, 0.0, 0.0, 0.0, 1.0],
                [0.997457, 0.0, -0.071273, -5e-06, -0.071273, 0.0, -0.997457, 3.668621, 0.0, 1.0, 0.0, 0.428375, 0.0, 0.0, 0.0, 1.0],
                [0.997457, 0.0, -0.071273, -5e-06, -0.071273, 0.0, -0.997457, 3.678263, 0.0, 1.0, 0.0, 0.428375, 0.0, 0.0, 0.0, 1.0],
                [0.997457, 0.0, -0.071273, -5e-06, -0.071273, 0.0, -0.997457, 3.686884, 0.0, 1.0, 0.0, 0.428375, 0.0, 0.0, 0.0, 1.0],
                [0.997457, 0.0, -0.071273, -5e-06, -0.071273, 0.0, -0.997457, 3.694616, 0.0, 1.0, 0.0, 0.428375, 0.0, 0.0, 0.0, 1.0],
                [0.997457, 0.0, -0.071273, -5e-06, -0.071273, 0.0, -0.997457, 3.701587, 0.0, 1.0, 0.0, 0.428375, 0.0, 0.0, 0.0, 1.0],
                [0.997457, 0.0, -0.071273, -5e-06, -0.071273, 0.0, -0.997457, 3.70792, 0.0, 1.0, 0.0, 0.428375, 0.0, 0.0, 0.0, 1.0],
                [0.997457, 0.0, -0.071273, -5e-06, -0.071273, 0.0, -0.997457, 3.713734, 0.0, 1.0, 0.0, 0.428375, 0.0, 0.0, 0.0, 1.0],
                [0.997457, 0.0, -0.071273, -5e-06, -0.071273, 0.0, -0.997457, 3.719141, 0.0, 1.0, 0.0, 0.428375, 0.0, 0.0, 0.0, 1.0],
                [0.997457, 0.0, -0.071273, -5e-06, -0.071273, 0.0, -0.997457, 3.724251, 0.0, 1.0, 0.0, 0.428375, 0.0, 0.0, 0.0, 1.0],
                [0.997457, 0.0, -0.071273, -5e-06, -0.071273, 0.0, -0.997457, 3.729168, 0.0, 1.0, 0.0, 0.428375, 0.0, 0.0, 0.0, 1.0],
                [0.997457, 0.0, -0.071273, -5e-06, -0.071273, 0.0, -0.997457, 3.73399, 0.0, 1.0, 0.0, 0.428375, 0.0, 0.0, 0.0, 1.0],
                [0.997457, 0.0, -0.071273, -5e-06, -0.071273, 0.0, -0.997457, 3.738813, 0.0, 1.0, 0.0, 0.428375, 0.0, 0.0, 0.0, 1.0],
                [0.997457, 0.0, -0.071273, -5e-06, -0.071273, 0.0, -0.997457, 3.743726, 0.0, 1.0, 0.0, 0.428375, 0.0, 0.0, 0.0, 1.0],
                [0.997457, 0.0, -0.071273, -5e-06, -0.071273, 0.0, -0.997457, 3.748813, 0.0, 1.0, 0.0, 0.428375, 0.0, 0.0, 0.0, 1.0],
                [0.997457, 0.0, -0.071273, -5e-06, -0.071273, 0.0, -0.997457, 3.754157, 0.0, 1.0, 0.0, 0.428375, 0.0, 0.0, 0.0, 1.0],
                [0.997457, 0.0, -0.071273, -5e-06, -0.071273, 0.0, -0.997457, 3.759832, 0.0, 1.0, 0.0, 0.428375, 0.0, 0.0, 0.0, 1.0],
                [0.997457, 0.0, -0.071273, -5e-06, -0.071273, 0.0, -0.997457, 3.765911, 0.0, 1.0, 0.0, 0.428375, 0.0, 0.0, 0.0, 1.0],
                [0.997457, 0.0, -0.071273, -5e-06, -0.071273, 0.0, -0.997457, 3.772462, 0.0, 1.0, 0.0, 0.428375, 0.0, 0.0, 0.0, 1.0],
                [0.997457, 0.0, -0.071273, -5e-06, -0.071273, 0.0, -0.997457, 3.779549, 0.0, 1.0, 0.0, 0.428375, 0.0, 0.0, 0.0, 1.0],
                [0.997457, 0.0, -0.071273, -5e-06, -0.071273, 0.0, -0.997457, 3.787231, 0.0, 1.0, 0.0, 0.428375, 0.0, 0.0, 0.0, 1.0],
                [0.997457, 0.0, -0.071273, -5e-06, -0.071273, 0.0, -0.997457, 3.795564, 0.0, 1.0, 0.0, 0.428375, 0.0, 0.0, 0.0, 1.0],
                [0.997457, 0.0, -0.071273, -5e-06, -0.071273, 0.0, -0.997457, 3.8046, 0.0, 1.0, 0.0, 0.428375, 0.0, 0.0, 0.0, 1.0],
                [0.997457, 0.0, -0.071273, -5e-06, -0.071273, 0.0, -0.997457, 3.81439, 0.0, 1.0, 0.0, 0.428375, 0.0, 0.0, 0.0, 1.0],
                [0.98242, 0.0, -0.186683, -5e-06, -0.186683, 0.0, -0.98242, 3.955478, 0.0, 1.0, 0.0, 0.72401, 0.0, 0.0, 0.0, 1.0]
            ]
        },
        {
            "name": "Thigh_R",
            "time": [0.0, 0.0167, 0.0333, 0.05, 0.0667, 0.0833, 0.1, 0.1167, 0.1333, 0.15, 0.1667, 0.1833, 0.2, 0.2167, 0.2333, 0.25, 0.2667, 0.2833, 0.3, 0.3167, 0.3333, 0.35, 0.3667, 0.3833, 0.4, 0.4167, 0.4333, 0.45, 0.4667, 0.4833, 0.5, 0.5167, 0.5333, 0.55, 0.5667, 0.5833, 0.6, 0.6167, 0.6333, 0.65, 0.6667, 0.6833, 0.7, 0.7167, 0.7333, 0.75, 0.7667, 0.7833, 0.8, 0.8167, 0.8333, 0.85, 0.8667, 0.8833, 0.9, 0.9167, 0.9333, 0.95, 0.9667, 0.9833, 1.0, 1.0167, 1.0333, 1.05, 1.0667, 1.0833, 1.1, 1.1167, 1.1333, 1.15, 1.1667, 1.1833, 1.2, 1.2167, 1.2333, 1.25, 1.2667, 1.2833, 1.3, 1.3167, 1.3333, 1.35, 1.3667, 1.3833, 1.4, 1.4167, 1.4333, 1.45, 1.4667, 1.4833, 1.5, 1.5167, 1.5333, 1.55, 1.5667, 1.5833, 1.6, 1.6167, 1.6333, 1.65, 1.6667, 1.6833, 1.7, 1.7167, 1.7333, 1.75, 1.7667, 1.7833, 1.8, 1.8167, 1.8333, 1.85, 1.8667, 1.8833, 1.9, 1.9167, 1.9333, 1.95, 1.9667, 1.9833, 2.0, 2.5],
            "transform": [
                [0.941053, 0.227844, 0.250012, 0.124994, 0.242641, -0.969664, -0.029625, -0.002831, 0.235678, 0.088542, -0.967789, -1.2e-05, 0.0, 0.0, 0.0, 1.0],
                [0.941768, 0.229972, 0.245329, 0.124994, 0.242912, -0.969765, -0.023428, -0.002831, 0.232524, 0.081657, -0.969157, -1.2e-05, 0.0, 0.0, 0.0, 1.0],
                [0.943868, 0.235687, 0.231439, 0.124994, 0.243693, -0.969832, -0.006211, -0.002831, 0.222993, 0.062263, -0.972829, -1.2e-05, 0.0, 0.0, 0.0, 1.0],
                [0.947163, 0.243572, 0.208695, 0.124994, 0.244946, -0.969338, 0.019645, -0.002831, 0.207081, 0.032511, -0.977784, -1.2e-05, 0.0, 0.0, 0.0, 1.0],
                [0.951295, 0.251845, 0.177796, 0.124994, 0.246638, -0.967755, 0.051177, -0.002831, 0.184952, -0.004833, -0.982736, -1.2e-05, 0.0, 0.0, 0.0, 1.0],
                [0.955747, 0.258984, 0.139551, 0.124994, 0.248796, -0.964696, 0.086382, -0.002831, 0.156996, -0.04784, -0.98644, -1.2e-05, 0.0, 0.0, 0.0, 1.0],
                [0.959899, 0.263734, 0.095072, 0.124994, 0.251485, -0.95992, 0.123726, -0.002831, 0.123892, -0.094855, -0.987752, -1.2e-05, 0.0, 0.0, 0.0, 1.0],
                [0.963108, 0.265187, 0.04582, 0.124994, 0.254786, -0.953327, 0.162023, -0.002831, 0.086647, -0.144371, -0.985723, -1.2e-05, 0.0, 0.0, 0.0, 1.0],
                [0.964814, 0.262855, -0.006411, 0.124994, 0.258773, -0.944945, 0.20029, -0.002831, 0.046589, -0.194901, -0.979716, -1.2e-05, 0.0, 0.0, 0.0, 1.0],
                [0.964648, 0.256721, -0.059578, 0.124994, 0.26349, -0.934941, 0.237607, -0.002831, 0.005297, -0.244905, -0.969532, -1.2e-05, 0.0, 0.0, 0.0, 1.0],
                [0.962502, 0.247245, -0.111624, 0.124994, 0.268939, -0.923574, 0.273282, -0.002831, -0.035525, -0.293054, -0.955436, -1.2e-05, 0.0, 0.0, 0.0, 1.0],
                [0.958559, 0.235309, -0.160603, 0.124994, 0.275057, -0.911246, 0.306554, -0.002831, -0.074213, -0.338025, -0.938207, -1.2e-05, 0.0, 0.0, 0.0, 1.0],
                [0.953247, 0.222075, -0.204947, 0.124994, 0.281736, -0.898386, 0.336937, -0.002831, -0.109296, -0.378925, -0.918951, -1.2e-05, 0.0, 0.0, 0.0, 1.0],
                [0.947149, 0.208867, -0.243478, 0.124994, 0.28882, -0.885535, 0.363883, -0.002831, -0.139605, -0.414973, -0.899059, -1.2e-05, 0.0, 0.0, 0.0, 1.0],
                [0.940903, 0.196966, -0.27551, 0.124994, 0.29614, -0.873182, 0.387109, -0.002831, -0.164323, -0.445822, -0.87991, -1.2e-05, 0.0, 0.0, 0.0, 1.0],
                [0.935092, 0.187509, -0.300737, 0.124994, 0.303526, -0.861789, 0.406438, -0.002831, -0.182961, -0.471338, -0.862767, -1.2e-05, 0.0, 0.0, 0.0, 1.0],
                [0.930184, 0.181471, -0.319101, 0.124994, 0.310818, -0.85185, 0.421596, -0.002831, -0.195318, -0.491344, -0.848782, -1.2e-05, 0.0, 0.0, 0.0, 1.0],
                [0.926489, 0.179525, -0.33074, 0.124994, 0.317898, -0.843705, 0.432553, -0.002831, -0.201393, -0.505897, -0.838754, -1.2e-05, 0.0, 0.0, 0.0, 1.0],
                [0.924149, 0.182111, -0.335833, 0.124994, 0.324683, -0.837645, 0.439241, -0.002831, -0.201318, -0.514963, -0.833237, -1.2e-05, 0.0, 0.0, 0.0, 1.0],
                [0.930271, 0.209969, -0.300847, 0.124994, 0.329687, -0.838183, 0.434461, -0.002831, -0.160941, -0.503352, -0.848961, -1.2e-05, 0.0, 0.0, 0.0, 1.0],
                [0.941584, 0.278104, -0.18994, 0.124994, 0.333436, -0.849084, 0.409727, -0.002831, -0.047328, -0.449126, -0.892214, -1.2e-05, 0.0, 0.0, 0.0, 1.0],
                [0.932758, 0.360086, -0.01732, 0.124994, 0.340958, -0.865566, 0.366801, -0.002831, 0.117088, -0.348042, -0.930138, -1.2e-05, 0.0, 0.0, 0.0, 1.0],
                [0.877732, 0.432505, 0.206219, 0.124994, 0.384055, -0.892387, 0.236954, -0.002831, 0.286511, -0.128783, -0.949382, -1.2e-05, 0.0, 0.0, 0.0, 1.0],
                [0.789534, 0.415068, 0.452056, 0.124994, 0.461199, -0.887249, 0.00915, -0.002831, 0.404884, 0.201264, -0.891942, -1.2e-05, 0.0, 0.0, 0.0, 1.0],
                [0.746998, 0.360577, 0.55855, 0.124994, 0.495523, -0.86208, -0.106183, -0.002831, 0.443228, 0.356093, -0.822646, -1.2e-05, 0.0, 0.0, 0.0, 1.0],
                [0.775627, 0.405769, 0.48348, 0.124994, 0.466849, -0.884311, -0.006772, -0.002831, 0.424799, 0.230965, -0.875329, -1.2e-05, 0.0, 0.0, 0.0, 1.0],
                [0.837265, 0.44306, 0.320444, 0.124994, 0.40305, -0.8961, 0.185888, -0.002831, 0.36951, -0.026483, -0.928849, -1.2e-05, 0.0, 0.0, 0.0, 1.0],
                [0.882702, 0.429693, 0.190268, 0.124994, 0.369408, -0.884726, 0.284249, -0.002831, 0.290474, -0.18062, -0.939681, -1.2e-05, 0.0, 0.0, 0.0, 1.0],
                [0.895257, 0.427496, 0.125545, 0.124994, 0.392174, -0.889808, 0.233327, -0.002831, 0.211457, -0.159652, -0.964259, -1.2e-05, 0.0, 0.0, 0.0, 1.0],
                [0.881085, 0.456175, 0.124874, 0.124994, 0.448209, -0.88964, 0.087462, -0.002831, 0.150991, -0.021092, -0.98831, -1.2e-05, 0.0, 0.0, 0.0, 1.0],
                [0.874888, 0.4737, 0.100886, 0.124994, 0.47394, -0.880254, 0.023118, -0.002831, 0.099756, 0.027588, -0.99463, -1.2e-05, 0.0, 0.0, 0.0, 1.0],
                [0.89963, 0.433956, -0.048454, 0.124994, 0.435973, -0.886496, 0.155088, -0.002831, 0.024347, -0.160646, -0.986712, -1.2e-05, 0.0, 0.0, 0.0, 1.0],
                [0.932221, 0.29449, -0.210331, 0.124994, 0.356099, -0.850012, 0.388167, -0.002831, -0.064473, -0.436756, -0.897267, -1.2e-05, 0.0, 0.0, 0.0, 1.0],
                [0.942428, 0.219621, -0.252182, 0.124994, 0.319385, -0.81462, 0.484136, -0.002831, -0.099106, -0.536807, -0.837864, -1.2e-05, 0.0, 0.0, 0.0, 1.0],
                [0.93377, 0.344182, -0.098041, 0.124994, 0.355586, -0.861383, 0.362735, -0.002831, 0.040396, -0.373573, -0.926721, -1.2e-05, 0.0, 0.0, 0.0, 1.0],
                [0.832681, 0.44024, 0.335902, 0.124994, 0.447593, -0.892234, 0.059822, -0.002831, 0.326039, 0.100535, -0.939995, -1.2e-05, 0.0, 0.0, 0.0, 1.0],
                [0.746998, 0.360577, 0.55855, 0.124994, 0.495523, -0.86208, -0.106183, -0.002831, 0.443228, 0.356093, -0.822646, -1.2e-05, 0.0, 0.0, 0.0, 1.0],
                [0.777873, 0.40896, 0.477143, 0.124994, 0.463643, -0.886015, 0.00354, -0.002831, 0.424203, 0.21847, -0.878819, -1.2e-05, 0.0, 0.0, 0.0, 1.0],
                [0.843055, 0.443371, 0.304435, 0.124994, 0.392837, -0.894244, 0.214491, -0.002831, 0.367339, -0.061234, -0.928069, -1.2e-05, 0.0, 0.0, 0.0, 1.0],
                [0.88929, 0.423516, 0.172617, 0.124994, 0.356016, -0.877981, 0.320004, -0.002831, 0.287081, -0.223122, -0.931558, -1.2e-05, 0.0, 0.0, 0.0, 1.0],
                [0.900361, 0.420726, 0.111081, 0.124994, 0.382013, -0.886476, 0.2612, -0.002831, 0.208365, -0.192739, -0.958872, -1.2e-05, 0.0, 0.0, 0.0, 1.0],
                [0.882913, 0.454282, 0.118713, 0.124994, 0.445005, -0.890251, 0.097079, -0.002831, 0.149785, -0.032885, -0.988172, -1.2e-05, 0.0, 0.0, 0.0, 1.0],
                [0.874888, 0.4737, 0.100886, 0.124994, 0.47394, -0.880254, 0.023118, -0.002831, 0.099756, 0.027588, -0.99463, -1.2e-05, 0.0, 0.0, 0.0, 1.0],
                [0.89963, 0.433956, -0.048454, 0.124994, 0.435973, -0.886496, 0.155088, -0.002831, 0.024347, -0.160646, -0.986712, -1.2e-05, 0.0, 0.0, 0.0, 1.0],
                [0.932221, 0.29449, -0.210331, 0.124994, 0.356099, -0.850012, 0.388167, -0.002831, -0.064473, -0.436756, -0.897267, -1.2e-05, 0.0, 0.0, 0.0, 1.0],
                [0.942428, 0.219621, -0.252182, 0.124994, 0.319385, -0.81462, 0.484136, -0.002831, -0.099106, -0.536807, -0.837864, -1.2e-05, 0.0, 0.0, 0.0, 1.0],
                [0.93377, 0.344182, -0.098041, 0.124994, 0.355586, -0.861383, 0.362735, -0.002831, 0.040396, -0.373573, -0.926721, -1.2e-05, 0.0, 0.0, 0.0, 1.0],
                [0.832681, 0.44024, 0.335902, 0.124994, 0.447593, -0.892234, 0.059822, -0.002831, 0.326039, 0.100535, -0.939995, -1.2e-05, 0.0, 0.0, 0.0, 1.0],
                [0.746998, 0.360577, 0.55855, 0.124994, 0.495523, -0.86208, -0.106183, -0.002831, 0.443228, 0.356093, -0.822646, -1.2e-05, 0.0, 0.0, 0.0, 1.0],
                [0.781731, 0.411432, 0.468636, 0.124994, 0.462955, -0.886362, 0.005914, -0.002831, 0.417814, 0.212334, -0.883371, -1.2e-05, 0.0, 0.0, 0.0, 1.0],
                [0.854438, 0.441689, 0.273581, 0.124994, 0.390693, -0.893334, 0.222067, -0.002831, 0.342484, -0.082856, -0.935863, -1.2e-05, 0.0, 0.0, 0.0, 1.0],
                [0.904212, 0.410346, 0.118389, 0.124994, 0.353188, -0.874313, 0.332919, -0.002831, 0.240121, -0.259216, -0.935494, -1.2e-05, 0.0, 0.0, 0.0, 1.0],
                [0.92612, 0.377132, 0.008524, 0.124994, 0.349288, -0.865841, 0.358214, -0.002831, 0.142475, -0.328773, -0.9336, -1.2e-05, 0.0, 0.0, 0.0, 1.0],
                [0.934368, 0.350113, -0.066155, 0.124994, 0.348517, -0.859429, 0.374055, -0.002831, 0.074106, -0.372561, -0.925044, -1.2e-05, 0.0, 0.0, 0.0, 1.0],
                [0.935525, 0.341396, -0.090775, 0.124994, 0.34956, -0.857559, 0.377359, -0.002831, 0.050984, -0.38476, -0.921608, -1.2e-05, 0.0, 0.0, 0.0, 1.0],
                [0.934156, 0.34715, -0.082697, 0.124994, 0.352221, -0.859652, 0.370052, -0.002831, 0.057373, -0.374814, -0.925323, -1.2e-05, 0.0, 0.0, 0.0, 1.0],
                [0.931043, 0.359913, -0.06018, 0.124994, 0.357032, -0.864389, 0.354061, -0.002831, 0.075412, -0.351132, -0.933284, -1.2e-05, 0.0, 0.0, 0.0, 1.0],
                [0.925513, 0.378013, -0.023041, 0.124994, 0.364026, -0.87119, 0.329412, -0.002831, 0.104449, -0.313263, -0.943905, -1.2e-05, 0.0, 0.0, 0.0, 1.0],
                [0.916733, 0.398535, 0.027747, 0.124994, 0.373199, -0.879095, 0.296505, -0.002831, 0.14256, -0.261461, -0.954628, -1.2e-05, 0.0, 0.0, 0.0, 1.0],
                [0.904151, 0.417756, 0.089392, 0.124994, 0.38443, -0.886864, 0.25629, -0.002831, 0.186345, -0.19736, -0.962457, -1.2e-05, 0.0, 0.0, 0.0, 1.0],
                [0.888031, 0.432099, 0.157133, 0.124994, 0.397401, -0.893212, 0.210341, -0.002831, 0.231242, -0.124344, -0.964917, -1.2e-05, 0.0, 0.0, 0.0, 1.0],
                [0.86971, 0.439301, 0.224986, 0.124994, 0.411565, -0.897101, 0.160697, -0.002831, 0.27243, -0.047163, -0.961019, -1.2e-05, 0.0, 0.0, 0.0, 1.0],
                [0.851313, 0.439088, 0.287171, 0.124994, 0.426224, -0.897969, 0.109473, -0.002831, 0.305938, 0.029204, -0.951603, -1.2e-05, 0.0, 0.0, 0.0, 1.0],
                [0.835071, 0.433139, 0.339185, 0.124994, 0.440689, -0.895727, 0.05887, -0.002831, 0.329316, 0.100315, -0.938876, -1.2e-05, 0.0, 0.0, 0.0, 1.0],
                [0.822689, 0.424187, 0.37848, 0.124994, 0.454397, -0.890736, 0.010598, -0.002831, 0.341621, 0.163261, -0.925548, -1.2e-05, 0.0, 0.0, 0.0, 1.0],
                [0.815039, 0.415396, 0.403928, 0.124994, 0.466991, -0.883624, -0.033574, -0.002831, 0.342974, 0.215995, -0.914174, -1.2e-05, 0.0, 0.0, 0.0, 1.0],
                [0.810345, 0.4082, 0.420372, 0.124994, 0.477941, -0.875504, -0.071167, -0.002831, 0.338987, 0.258583, -0.904556, -1.2e-05, 0.0, 0.0, 0.0, 1.0],
                [0.806755, 0.403042, 0.432091, 0.124994, 0.486787, -0.86785, -0.099373, -0.002831, 0.334939, 0.290506, -0.896338, -1.2e-05, 0.0, 0.0, 0.0, 1.0],
                [0.804285, 0.401229, 0.438339, 0.124994, 0.493572, -0.861831, -0.116761, -0.002831, 0.330926, 0.310261, -0.891193, -1.2e-05, 0.0, 0.0, 0.0, 1.0],
                [0.802768, 0.403289, 0.439226, 0.124994, 0.498578, -0.858011, -0.123436, -0.002831, 0.327081, 0.318079, -0.889856, -1.2e-05, 0.0, 0.0, 0.0, 1.0],
                [0.801839, 0.408814, 0.435804, 0.124994, 0.502343, -0.856139, -0.121149, -0.002831, 0.323581, 0.316065, -0.89185, -1.2e-05, 0.0, 0.0, 0.0, 1.0],
                [0.800982, 0.416817, 0.429758, 0.124994, 0.505594, -0.855379, -0.112704, -0.002831, 0.320629, 0.307556, -0.895883, -1.2e-05, 0.0, 0.0, 0.0, 1.0],
                [0.799667, 0.426142, 0.423007, 0.124994, 0.509067, -0.854747, -0.101276, -0.002831, 0.318406, 0.296326, -0.900449, -1.2e-05, 0.0, 0.0, 0.0, 1.0],
                [0.797467, 0.436094, 0.416973, 0.124994, 0.513355, -0.853535, -0.089124, -0.002831, 0.317035, 0.285129, -0.904538, -1.2e-05, 0.0, 0.0, 0.0, 1.0],
                [0.794113, 0.446339, 0.412512, 0.124994, 0.518812, -0.851361, -0.077572, -0.002831, 0.316573, 0.275617, -0.907643, -1.2e-05, 0.0, 0.0, 0.0, 1.0],
                [0.789467, 0.456895, 0.409863, 0.124994, 0.525585, -0.848103, -0.066943, -0.002831, 0.317021, 0.268267, -0.909687, -1.2e-05, 0.0, 0.0, 0.0, 1.0],
                [0.772371, 0.474501, 0.422245, 0.124994, 0.544224, -0.837152, -0.054739, -0.002831, 0.327509, 0.272075, -0.904827, -1.2e-05, 0.0, 0.0, 0.0, 1.0],
                [0.7267, 0.506188, 0.464414, 0.124994, 0.586239, -0.809375, -0.035152, -0.002831, 0.358092, 0.297802, -0.88492, -1.2e-05, 0.0, 0.0, 0.0, 1.0],
                [0.645376, 0.547537, 0.532628, 0.124994, 0.647128, -0.762381, -0.000392, -0.002831, 0.405852, 0.344931, -0.846349, -1.2e-05, 0.0, 0.0, 0.0, 1.0],
                [0.537809, 0.585281, 0.606801, 0.124994, 0.70871, -0.703683, 0.050595, -0.002831, 0.456608, 0.402835, -0.793242, -1.2e-05, 0.0, 0.0, 0.0, 1.0],
                [0.443481, 0.606202, 0.660184, 0.124994, 0.749565, -0.65469, 0.097634, -0.002831, 0.491402, 0.451552, -0.744731, -1.1e-05, 0.0, 0.0, 0.0, 1.0],
                [0.404575, 0.608973, 0.682254, 0.124994, 0.764016, -0.635081, 0.113808, -0.002831, 0.502592, 0.475209, -0.722203, -1.2e-05, 0.0, 0.0, 0.0, 1.0],
                [0.399988, 0.60403, 0.689316, 0.124994, 0.766573, -0.63273, 0.109628, -0.002831, 0.50237, 0.484561, -0.716118, -1.2e-05, 0.0, 0.0, 0.0, 1.0],
                [0.395011, 0.59873, 0.69677, 0.124994, 0.769244, -0.630197, 0.105426, -0.002831, 0.502224, 0.494342, -0.709504, -1.2e-05, 0.0, 0.0, 0.0, 1.0],
                [0.389699, 0.593023, 0.704598, 0.124994, 0.772, -0.627519, 0.101172, -0.002831, 0.502146, 0.504523, -0.702357, -1.2e-05, 0.0, 0.0, 0.0, 1.0],
                [0.384104, 0.587033, 0.71264, 0.124994, 0.774813, -0.624706, 0.096984, -0.002831, 0.502123, 0.514911, -0.694794, -1.2e-05, 0.0, 0.0, 0.0, 1.0],
                [0.378283, 0.580698, 0.720896, 0.124994, 0.777655, -0.621802, 0.092809, -0.002831, 0.502149, 0.5255, -0.686801, -1.2e-05, 0.0, 0.0, 0.0, 1.0],
                [0.37229, 0.574049, 0.729293, 0.124994, 0.7805, -0.618835, 0.088673, -0.002831, 0.502214, 0.536201, -0.678431, -1.2e-05, 0.0, 0.0, 0.0, 1.0],
                [0.366179, 0.567105, 0.73777, 0.124994, 0.783323, -0.615832, 0.084586, -0.002831, 0.502312, 0.546939, -0.669731, -1.2e-05, 0.0, 0.0, 0.0, 1.0],
                [0.360003, 0.559896, 0.746267, 0.124994, 0.786102, -0.612824, 0.080559, -0.002831, 0.502435, 0.55764, -0.660754, -1.2e-05, 0.0, 0.0, 0.0, 1.0],
                [0.353816, 0.552383, 0.754776, 0.124994, 0.788814, -0.609847, 0.076544, -0.002831, 0.502579, 0.568296, -0.651501, -1.2e-05, 0.0, 0.0, 0.0, 1.0],
                [0.347667, 0.544776, 0.763116, 0.124994, 0.791445, -0.606903, 0.072685, -0.002831, 0.502734, 0.578695, -0.64216, -1.2e-05, 0.0, 0.0, 0.0, 1.0],
                [0.341606, 0.536984, 0.771332, 0.124994, 0.793976, -0.604034, 0.06888, -0.002831, 0.502899, 0.588889, -0.632695, -1.2e-05, 0.0, 0.0, 0.0, 1.0],
                [0.335685, 0.529099, 0.779339, 0.124994, 0.796391, -0.601261, 0.065171, -0.002831, 0.503068, 0.598782, -0.623203, -1.2e-05, 0.0, 0.0, 0.0, 1.0],
                [0.329948, 0.521181, 0.787086, 0.124994, 0.798677, -0.598602, 0.061566, -0.002831, 0.503238, 0.608314, -0.613763, -1.2e-05, 0.0, 0.0, 0.0, 1.0],
                [0.324444, 0.513223, 0.794568, 0.124994, 0.800822, -0.596085, 0.058022, -0.002831, 0.503409, 0.617482, -0.604396, -1.2e-05, 0.0, 0.0, 0.0, 1.0],
                [0.319212, 0.505492, 0.801611, 0.124994, 0.80282, -0.593707, 0.054696, -0.002831, 0.50357, 0.62609, -0.595338, -1.2e-05, 0.0, 0.0, 0.0, 1.0],
                [0.314297, 0.497909, 0.808272, 0.124994, 0.80466, -0.5915, 0.051482, -0.002831, 0.503726, 0.634203, -0.586554, -1.2e-05, 0.0, 0.0, 0.0, 1.0],
                [0.309736, 0.490611, 0.814471, 0.124994, 0.806336, -0.589471, 0.048436, -0.002831, 0.503871, 0.641735, -0.578178, -1.2e-05, 0.0, 0.0, 0.0, 1.0],
                [0.305569, 0.483697, 0.820161, 0.124994, 0.807842, -0.587634, 0.045583, -0.002831, 0.504003, 0.648632, -0.570313, -1.2e-05, 0.0, 0.0, 0.0, 1.0],
                [0.301831, 0.477189, 0.825342, 0.124994, 0.809171, -0.586005, 0.042893, -0.002831, 0.504122, 0.654896, -0.563002, -1.2e-05, 0.0, 0.0, 0.0, 1.0],
                [0.298552, 0.471385, 0.829857, 0.124994, 0.810325, -0.584576, 0.040532, -0.002831, 0.504221, 0.660353, -0.556502, -1.2e-05, 0.0, 0.0, 0.0, 1.0],
                [0.295765, 0.466266, 0.833738, 0.124994, 0.811298, -0.583367, 0.038442, -0.002831, 0.5043, 0.66504, -0.550821, -1.2e-05, 0.0, 0.0, 0.0, 1.0],
                [0.293499, 0.461931, 0.836945, 0.124994, 0.812085, -0.582386, 0.036652, -0.002831, 0.504356, 0.668913, -0.546057, -1.2e-05, 0.0, 0.0, 0.0, 1.0],
                [0.291781, 0.458499, 0.839429, 0.124994, 0.812685, -0.581639, 0.035208, -0.002831, 0.504387, 0.671918, -0.542327, -1.2e-05, 0.0, 0.0, 0.0, 1.0],
                [0.290635, 0.456062, 0.841153, 0.124994, 0.813093, -0.581131, 0.034141, -0.002831, 0.504391, 0.674013, -0.539718, -1.2e-05, 0.0, 0.0, 0.0, 1.0],
                [0.290084, 0.454691, 0.842085, 0.124994, 0.813307, -0.58087, 0.033475, -0.002831, 0.504363, 0.675163, -0.538305, -1.2e-05, 0.0, 0.0, 0.0, 1.0],
                [0.29015, 0.454441, 0.842197, 0.124994, 0.813322, -0.580865, 0.033226, -0.002831, 0.504302, 0.675336, -0.538145, -1.2e-05, 0.0, 0.0, 0.0, 1.0],
                [0.290852, 0.455342, 0.841468, 0.124994, 0.813131, -0.581121, 0.033403, -0.002831, 0.504204, 0.674509, -0.539273, -1.2e-05, 0.0, 0.0, 0.0, 1.0],
                [0.292207, 0.457405, 0.839878, 0.124994, 0.812729, -0.581648, 0.034009, -0.002831, 0.504069, 0.672656, -0.541708, -1.2e-05, 0.0, 0.0, 0.0, 1.0],
                [0.294232, 0.460611, 0.837415, 0.124994, 0.812108, -0.582455, 0.035032, -0.002831, 0.503892, 0.669764, -0.545443, -1.2e-05, 0.0, 0.0, 0.0, 1.0],
                [0.296942, 0.464918, 0.834072, 0.124994, 0.811258, -0.583551, 0.036456, -0.002831, 0.503673, 0.665822, -0.550449, -1.2e-05, 0.0, 0.0, 0.0, 1.0],
                [0.300347, 0.470251, 0.829852, 0.124994, 0.810168, -0.584948, 0.03825, -0.002831, 0.503408, 0.660832, -0.55667, -1.2e-05, 0.0, 0.0, 0.0, 1.0],
                [0.304461, 0.476527, 0.824758, 0.124994, 0.808826, -0.58666, 0.040379, -0.002831, 0.503094, 0.654792, -0.564042, -1.2e-05, 0.0, 0.0, 0.0, 1.0],
                [0.309291, 0.483788, 0.818711, 0.124994, 0.807222, -0.588686, 0.042912, -0.002831, 0.502725, 0.647609, -0.572599, -1.2e-05, 0.0, 0.0, 0.0, 1.0],
                [0.314845, 0.491739, 0.811828, 0.124994, 0.805336, -0.591055, 0.045685, -0.002831, 0.5023, 0.639411, -0.582106, -1.2e-05, 0.0, 0.0, 0.0, 1.0],
                [0.321128, 0.500358, 0.804063, 0.124994, 0.803156, -0.593772, 0.048731, -0.002831, 0.501814, 0.630139, -0.592543, -1.2e-05, 0.0, 0.0, 0.0, 1.0],
                [0.328143, 0.509505, 0.79544, 0.124994, 0.800662, -0.596854, 0.052007, -0.002831, 0.50126, 0.619813, -0.603795, -1.2e-05, 0.0, 0.0, 0.0, 1.0],
                [0.335891, 0.519183, 0.785892, 0.124994, 0.79784, -0.600302, 0.055579, -0.002831, 0.500628, 0.608347, -0.615861, -1.2e-05, 0.0, 0.0, 0.0, 1.0],
                [0.344371, 0.529143, 0.77551, 0.124994, 0.794666, -0.60414, 0.059337, -0.002831, 0.499914, 0.595837, -0.62854, -1.2e-05, 0.0, 0.0, 0.0, 1.0],
                [0.353577, 0.539339, 0.764262, 0.124994, 0.791122, -0.608371, 0.063323, -0.002831, 0.499108, 0.582234, -0.641789, -1.2e-05, 0.0, 0.0, 0.0, 1.0],
                [0.941053, 0.227843, 0.250012, 0.124994, 0.242641, -0.969664, -0.029625, -0.002831, 0.235678, 0.088541, -0.967789, -1.2e-05, 0.0, 0.0, 0.0, 1.0]
            ]
        },
        {
            "name": "Leg_R",
            "time": [0.0, 0.0167, 0.0333, 0.05, 0.0667, 0.0833, 0.1, 0.1167, 0.1333, 0.15, 0.1667, 0.1833, 0.2, 0.2167, 0.2333, 0.25, 0.2667, 0.2833, 0.3, 0.3167, 0.3333, 0.35, 0.3667, 0.3833, 0.4, 0.4167, 0.4333, 0.45, 0.4667, 0.4833, 0.5, 0.5167, 0.5333, 0.55, 0.5667, 0.5833, 0.6, 0.6167, 0.6333, 0.65, 0.6667, 0.6833, 0.7, 0.7167, 0.7333, 0.75, 0.7667, 0.7833, 0.8, 0.8167, 0.8333, 0.85, 0.8667, 0.8833, 0.9, 0.9167, 0.9333, 0.95, 0.9667, 0.9833, 1.0, 1.0167, 1.0333, 1.05, 1.0667, 1.0833, 1.1, 1.1167, 1.1333, 1.15, 1.1667, 1.1833, 1.2, 1.2167, 1.2333, 1.25, 1.2667, 1.2833, 1.3, 1.3167, 1.3333, 1.35, 1.3667, 1.3833, 1.4, 1.4167, 1.4333, 1.45, 1.4667, 1.4833, 1.5, 1.5167, 1.5333, 1.55, 1.5667, 1.5833, 1.6, 1.6167, 1.6333, 1.65, 1.6667, 1.6833, 1.7, 1.7167, 1.7333, 1.75, 1.7667, 1.7833, 1.8, 1.8167, 1.8333, 1.85, 1.8667, 1.8833, 1.9, 1.9167, 1.9333, 1.95, 1.9667, 1.9833, 2.0, 2.5],
            "transform": [
                [0.999945, -0.010387, -0.001621, 0.0, 0.01042, 0.958755, 0.284043, 0.374721, -0.001396, -0.284045, 0.95881, 0.0, 0.0, 0.0, 0.0, 1.0],
                [0.99994, -0.010806, -0.001748, -0.0, 0.01084, 0.955283, 0.295494, 0.374721, -0.001523, -0.295495, 0.955343, 0.0, 0.0, 0.0, 0.0, 1.0],
                [0.999926, -0.011954, -0.002124, -0.0, 0.011992, 0.944985, 0.326894, 0.374721, -0.0019, -0.326896, 0.945059, 0.0, 0.0, 0.0, 0.0, 1.0],
                [0.999903, -0.01364, -0.002754, -0.0, 0.013683, 0.927735, 0.372989, 0.374721, -0.002532, -0.37299, 0.927832, 0.0, 0.0, 0.0, 0.0, 1.0],
                [0.999871, -0.015628, -0.003623, 0.0, 0.015677, 0.903944, 0.427364, 0.374721, -0.003404, -0.427366, 0.904072, -0.0, 0.0, 0.0, 0.0, 1.0],
                [0.999831, -0.01776, -0.004718, -0.0, 0.017816, 0.873968, 0.485658, 0.374721, -0.004502, -0.485659, 0.874136, 0.0, 0.0, 0.0, 0.0, 1.0],
                [0.999784, -0.019918, -0.006016, -0.0, 0.01998, 0.83842, 0.544659, 0.374721, -0.005804, -0.544661, 0.838636, -0.0, 0.0, 0.0, 0.0, 1.0],
