{
    "animation": [
        {
            "name": "Root",
            "time": [0.0, 0.0167, 0.0333, 0.05, 0.0667, 0.0833, 0.1, 0.1167, 0.1333, 0.15, 0.1667, 0.1833, 0.2, 0.2167, 0.2333, 0.25, 0.2667, 0.2833, 0.3, 0.3167, 0.3333, 0.35, 0.3667, 0.3833, 0.4, 0.4167, 0.4333, 0.45, 0.4667, 0.4833, 0.5, 0.5167, 0.5333, 0.55, 0.5667, 0.5833, 0.6, 0.6167, 0.6333, 0.65, 0.6667, 0.6833, 0.7, 0.7167, 0.7333, 0.75, 0.7667, 0.7833, 0.8, 0.8167, 0.8333, 0.85, 0.8667, 0.8833, 0.9, 0.9167, 0.9333, 0.95, 0.9667, 0.9833, 1.0, 1.0167, 1.0333, 1.05, 1.0667, 1.0833, 1.1, 1.1167, 1.1333, 1.15, 1.1667, 1.1833, 1.2, 1.2167, 1.2333, 1.25, 1.2667, 1.2833, 1.3, 1.3167, 1.3333, 1.35, 1.3667, 1.3833, 1.4, 1.4167, 1.4333, 1.45, 1.4667, 1.4833, 1.5],
            "transform": [
                [0.958424, 0.0, -0.285349, -5e-06, -0.285349, 0.0, -0.958424, 0.000946, 0.0, 1.0, 0.0, 0.749543, 0.0, 0.0, 0.0, 1.0],
                [0.952045, 0.0, -0.305958, -5e-06, -0.305958, 0.0, -0.952045, -0.001108, 0.0, 1.0, 0.0, 0.74902, 0.0, 0.0, 0.0, 1.0],
                [0.930169, 0.0, -0.367132, -5e-06, -0.367132, 0.0, -0.930169, -0.008323, 0.0, 1.0, 0.0, 0.747317, 0.0, 0.0, 0.0, 1.0],
                [0.889264, 0.0, -0.457395, -5e-06, -0.457395, 0.0, -0.889264, -0.021928, 0.0, 1.0, 0.0, 0.744233, 0.0, 0.0, 0.0, 1.0],
                [0.83354, 0.0, -0.552459, -5e-06, -0.552459, 0.0, -0.83354, -0.041804, 0.0, 1.0, 0.0, 0.739582, 0.0, 0.0, 0.0, 1.0],
                [0.777055, 0.0, -0.629432, -5e-06, -0.629432, 0.0, -0.777055, -0.066254, 0.0, 1.0, 0.0, 0.733237, 0.0, 0.0, 0.0, 1.0],
                [0.734148, 0.0, -0.67899, -5e-06, -0.67899, 0.0, -0.734148, -0.09314, 0.0, 1.0, 0.0, 0.725172, 0.0, 0.0, 0.0, 1.0],
                [0.702696, 0.0, -0.71149, -5e-06, -0.71149, 0.0, -0.702696, -0.128797, 0.0, 1.0, 0.0, 0.715483, 0.0, 0.0, 0.0, 1.0],
                [0.676385, 0.0, -0.736549, -5e-06, -0.736549, 0.0, -0.676385, -0.178774, 0.0, 1.0, 0.0, 0.704385, 0.0, 0.0, 0.0, 1.0],
                [0.657625, 0.0, -0.753345, -5e-06, -0.753345, 0.0, -0.657625, -0.235347, 0.0, 1.0, 0.0, 0.692162, 0.0, 0.0, 0.0, 1.0],
                [0.646959, 0.0, -0.762525, -5e-06, -0.762525, 0.0, -0.646959, -0.285649, 0.0, 1.0, 0.0, 0.679119, 0.0, 0.0, 0.0, 1.0],
                [0.642522, 0.0, -0.766267, -5e-06, -0.766267, 0.0, -0.642522, -0.318391, 0.0, 1.0, 0.0, 0.665535, 0.0, 0.0, 0.0, 1.0],
                [0.64157, 0.0, -0.767064, -5e-06, -0.767064, 0.0, -0.64157, -0.329216, 0.0, 1.0, 0.0, 0.651637, 0.0, 0.0, 0.0, 1.0],
                [0.711615, 0.0, -0.702569, -5e-06, -0.702569, 0.0, -0.711615, -0.280352, 0.0, 1.0, 0.0, 0.63414, 0.0, 0.0, 0.0, 1.0],
                [0.878918, 0.0, -0.476973, -5e-06, -0.476973, 0.0, -0.878918, -0.135022, 0.0, 1.0, 0.0, 0.61021, 0.0, 0.0, 0.0, 1.0],
                [0.997698, 0.0, -0.067809, -5e-06, -0.067809, 0.0, -0.997698, 0.088351, 0.0, 1.0, 0.0, 0.582171, 0.0, 0.0, 0.0, 1.0],
                [0.913444, 0.0, 0.406964, -5e-06, 0.406964, 0.0, -0.913444, 0.345446, 0.0, 1.0, 0.0, 0.554347, 0.0, 0.0, 0.0, 1.0],
                [0.661129, 0.0, 0.750273, -5e-06, 0.750273, 0.0, -0.661129, 0.578343, 0.0, 1.0, 0.0, 0.53167, 0.0, 0.0, 0.0, 1.0],
                [0.426417, 0.0, 0.904527, -5e-06, 0.904527, 0.0, -0.426417, 0.741021, 0.0, 1.0, 0.0, 0.517505, 0.0, 0.0, 0.0, 1.0],
                [0.338457, 0.0, 0.940982, -5e-06, 0.940982, 0.0, -0.338457, 0.812724, 0.0, 1.0, 0.0, 0.512863, 0.0, 0.0, 0.0, 1.0],
                [0.338457, 0.0, 0.940982, -5e-06, 0.940982, 0.0, -0.338457, 0.835961, 0.0, 1.0, 0.0, 0.512863, 0.0, 0.0, 0.0, 1.0],
                [0.338457, 0.0, 0.940982, -5e-06, 0.940982, 0.0, -0.338457, 0.855421, 0.0, 1.0, 0.0, 0.512863, 0.0, 0.0, 0.0, 1.0],
                [0.338457, 0.0, 0.940982, -5e-06, 0.940982, 0.0, -0.338457, 0.87041, 0.0, 1.0, 0.0, 0.512863, 0.0, 0.0, 0.0, 1.0],
                [0.338457, 0.0, 0.940982, -5e-06, 0.940982, 0.0, -0.338457, 0.880656, 0.0, 1.0, 0.0, 0.512863, 0.0, 0.0, 0.0, 1.0],
                [0.338457, 0.0, 0.940982, -5e-06, 0.940982, 0.0, -0.338457, 0.886609, 0.0, 1.0, 0.0, 0.512863, 0.0, 0.0, 0.0, 1.0],
                [0.338457, 0.0, 0.940982, -5e-06, 0.940982, 0.0, -0.338457, 0.88937, 0.0, 1.0, 0.0, 0.512863, 0.0, 0.0, 0.0, 1.0],
                [0.338457, 0.0, 0.940982, -5e-06, 0.940982, 0.0, -0.338457, 0.890252, 0.0, 1.0, 0.0, 0.512863, 0.0, 0.0, 0.0, 1.0],
                [0.338457, 0.0, 0.940982, -5e-06, 0.940982, 0.0, -0.338457, 0.890361, 0.0, 1.0, 0.0, 0.512863, 0.0, 0.0, 0.0, 1.0],
                [0.338457, 0.0, 0.940982, -5e-06, 0.940982, 0.0, -0.338457, 0.890345, 0.0, 1.0, 0.0, 0.512863, 0.0, 0.0, 0.0, 1.0],
                [0.338457, 0.0, 0.940982, -5e-06, 0.940982, 0.0, -0.338457, 0.890228, 0.0, 1.0, 0.0, 0.512863, 0.0, 0.0, 0.0, 1.0],
                [0.338457, 0.0, 0.940982, -5e-06, 0.940982, 0.0, -0.338457, 0.889879, 0.0, 1.0, 0.0, 0.512863, 0.0, 0.0, 0.0, 1.0],
                [0.338457, 0.0, 0.940982, -5e-06, 0.940982, 0.0, -0.338457, 0.889139, 0.0, 1.0, 0.0, 0.512863, 0.0, 0.0, 0.0, 1.0],
                [0.338457, 0.0, 0.940982, -5e-06, 0.940982, 0.0, -0.338457, 0.887819, 0.0, 1.0, 0.0, 0.512863, 0.0, 0.0, 0.0, 1.0],
                [0.338457, 0.0, 0.940982, -5e-06, 0.940982, 0.0, -0.338457, 0.885716, 0.0, 1.0, 0.0, 0.512863, 0.0, 0.0, 0.0, 1.0],
                [0.338457, 0.0, 0.940982, -5e-06, 0.940982, 0.0, -0.338457, 0.882627, 0.0, 1.0, 0.0, 0.512863, 0.0, 0.0, 0.0, 1.0],
                [0.338457, 0.0, 0.940982, -5e-06, 0.940982, 0.0, -0.338457, 0.878376, 0.0, 1.0, 0.0, 0.512863, 0.0, 0.0, 0.0, 1.0],
                [0.338457, 0.0, 0.940982, -5e-06, 0.940982, 0.0, -0.338457, 0.872836, 0.0, 1.0, 0.0, 0.512863, 0.0, 0.0, 0.0, 1.0],
                [0.338457, 0.0, 0.940982, -5e-06, 0.940982, 0.0, -0.338457, 0.86594, 0.0, 1.0, 0.0, 0.512863, 0.0, 0.0, 0.0, 1.0],
                [0.338457, 0.0, 0.940982, -5e-06, 0.940982, 0.0, -0.338457, 0.85769, 0.0, 1.0, 0.0, 0.512863, 0.0, 0.0, 0.0, 1.0],
                [0.338457, 0.0, 0.940982, -5e-06, 0.940982, 0.0, -0.338457, 0.84814, 0.0, 1.0, 0.0, 0.512863, 0.0, 0.0, 0.0, 1.0],
                [0.338457, 0.0, 0.940982, -5e-06, 0.940982, 0.0, -0.338457, 0.837384, 0.0, 1.0, 0.0, 0.512863, 0.0, 0.0, 0.0, 1.0],
                [0.338457, 0.0, 0.940982, -5e-06, 0.940982, 0.0, -0.338457, 0.825538, 0.0, 1.0, 0.0, 0.512863, 0.0, 0.0, 0.0, 1.0],
                [0.338457, 0.0, 0.940982, -5e-06, 0.940982, 0.0, -0.338457, 0.812724, 0.0, 1.0, 0.0, 0.512863, 0.0, 0.0, 0.0, 1.0],
                [0.341937, 0.0, 0.939723, -5e-06, 0.939723, 0.0, -0.341937, 0.798079, 0.0, 1.0, 0.0, 0.513441, 0.0, 0.0, 0.0, 1.0],
                [0.352415, 0.0, 0.935844, -5e-06, 0.935844, 0.0, -0.352415, 0.78065, 0.0, 1.0, 0.0, 0.515187, 0.0, 0.0, 0.0, 1.0],
                [0.369862, 0.0, 0.929087, -5e-06, 0.929087, 0.0, -0.369862, 0.760439, 0.0, 1.0, 0.0, 0.51811, 0.0, 0.0, 0.0, 1.0],
                [0.394125, 0.0, 0.919057, -5e-06, 0.919057, 0.0, -0.394125, 0.737472, 0.0, 1.0, 0.0, 0.522212, 0.0, 0.0, 0.0, 1.0],
                [0.424902, 0.0, 0.905239, -5e-06, 0.905239, 0.0, -0.424902, 0.711807, 0.0, 1.0, 0.0, 0.527483, 0.0, 0.0, 0.0, 1.0],
                [0.46172, 0.0, 0.887026, -5e-06, 0.887026, 0.0, -0.46172, 0.683537, 0.0, 1.0, 0.0, 0.533901, 0.0, 0.0, 0.0, 1.0],
                [0.503904, 0.0, 0.863759, -5e-06, 0.863759, 0.0, -0.503904, 0.652792, 0.0, 1.0, 0.0, 0.541428, 0.0, 0.0, 0.0, 1.0],
                [0.55057, 0.0, 0.834789, -5e-06, 0.834789, 0.0, -0.55057, 0.61975, 0.0, 1.0, 0.0, 0.550011, 0.0, 0.0, 0.0, 1.0],
                [0.600617, 0.0, 0.799537, -5e-06, 0.799537, 0.0, -0.600617, 0.584633, 0.0, 1.0, 0.0, 0.559577, 0.0, 0.0, 0.0, 1.0],
                [0.652745, 0.0, 0.757577, -5e-06, 0.757577, 0.0, -0.652745, 0.547711, 0.0, 1.0, 0.0, 0.570034, 0.0, 0.0, 0.0, 1.0],
                [0.7055, 0.0, 0.70871, -5e-06, 0.70871, 0.0, -0.7055, 0.509304, 0.0, 1.0, 0.0, 0.581271, 0.0, 0.0, 0.0, 1.0],
                [0.757334, 0.0, 0.653028, -5e-06, 0.653028, 0.0, -0.757334, 0.469774, 0.0, 1.0, 0.0, 0.593159, 0.0, 0.0, 0.0, 1.0],
                [0.806698, 0.0, 0.590964, -5e-06, 0.590964, 0.0, -0.806698, 0.429524, 0.0, 1.0, 0.0, 0.605552, 0.0, 0.0, 0.0, 1.0],
                [0.852146, 0.0, 0.523304, -5e-06, 0.523304, 0.0, -0.852146, 0.388985, 0.0, 1.0, 0.0, 0.61829, 0.0, 0.0, 0.0, 1.0],
                [0.892439, 0.0, 0.451169, -5e-06, 0.451169, 0.0, -0.892439, 0.348608, 0.0, 1.0, 0.0, 0.631203, 0.0, 0.0, 0.0, 1.0],
                [0.926638, 0.0, 0.375954, -5e-06, 0.375954, 0.0, -0.926638, 0.308849, 0.0, 1.0, 0.0, 0.644116, 0.0, 0.0, 0.0, 1.0],
                [0.954178, 0.0, 0.29924, -5e-06, 0.29924, 0.0, -0.954178, 0.270158, 0.0, 1.0, 0.0, 0.656854, 0.0, 0.0, 0.0, 1.0],
                [0.974889, 0.0, 0.222691, -5e-06, 0.222691, 0.0, -0.974889, 0.232963, 0.0, 1.0, 0.0, 0.669247, 0.0, 0.0, 0.0, 1.0],
                [0.988997, 0.0, 0.147937, -5e-06, 0.147937, 0.0, -0.988997, 0.197663, 0.0, 1.0, 0.0, 0.681135, 0.0, 0.0, 0.0, 1.0],
                [0.997071, 0.0, 0.076481, -5e-06, 0.076481, 0.0, -0.997071, 0.164611, 0.0, 1.0, 0.0, 0.692372, 0.0, 0.0, 0.0, 1.0],
                [0.999954, 0.0, 0.009625, -5e-06, 0.009625, 0.0, -0.999954, 0.134116, 0.0, 1.0, 0.0, 0.702829, 0.0, 0.0, 0.0, 1.0],
                [0.998669, 0.0, -0.051577, -5e-06, -0.051577, 0.0, -0.998669, 0.106433, 0.0, 1.0, 0.0, 0.712395, 0.0, 0.0, 0.0, 1.0],
                [0.994331, 0.0, -0.106332, -5e-06, -0.106332, 0.0, -0.994331, 0.081766, 0.0, 1.0, 0.0, 0.720978, 0.0, 0.0, 0.0, 1.0],
                [0.988056, 0.0, -0.154097, -5e-06, -0.154097, 0.0, -0.988056, 0.060266, 0.0, 1.0, 0.0, 0.728505, 0.0, 0.0, 0.0, 1.0],
                [0.980894, 0.0, -0.194544, -5e-06, -0.194544, 0.0, -0.980894, 0.042038, 0.0, 1.0, 0.0, 0.734923, 0.0, 0.0, 0.0, 1.0],
                [0.973773, 0.0, -0.227522, -5e-06, -0.227522, 0.0, -0.973773, 0.027144, 0.0, 1.0, 0.0, 0.740194, 0.0, 0.0, 0.0, 1.0],
                [0.967465, 0.0, -0.253007, -5e-06, -0.253007, 0.0, -0.967465, 0.015609, 0.0, 1.0, 0.0, 0.744296, 0.0, 0.0, 0.0, 1.0],
                [0.962562, 0.0, -0.271062, -5e-06, -0.271062, 0.0, -0.962562, 0.007423, 0.0, 1.0, 0.0, 0.747219, 0.0, 0.0, 0.0, 1.0],
                [0.959473, 0.0, -0.2818, -5e-06, -0.2818, 0.0, -0.959473, 0.002554, 0.0, 1.0, 0.0, 0.748965, 0.0, 0.0, 0.0, 1.0],
                [0.958424, 0.0, -0.285349, -5e-06, -0.285349, 0.0, -0.958424, 0.000946, 0.0, 1.0, 0.0, 0.749543, 0.0, 0.0, 0.0, 1.0],
                [0.958424, 0.0, -0.285349, -5e-06, -0.285349, 0.0, -0.958424, 0.000946, 0.0, 1.0, 0.0, 0.749543, 0.0, 0.0, 0.0, 1.0],
                [0.958424, 0.0, -0.285349, -5e-06, -0.285349, 0.0, -0.958424, 0.000946, 0.0, 1.0, 0.0, 0.749543, 0.0, 0.0, 0.0, 1.0],
                [0.958424, 0.0, -0.285349, -5e-06, -0.285349, 0.0, -0.958424, 0.000946, 0.0, 1.0, 0.0, 0.749543, 0.0, 0.0, 0.0, 1.0],
                [0.958424, 0.0, -0.285349, -5e-06, -0.285349, 0.0, -0.958424, 0.000946, 0.0, 1.0, 0.0, 0.749543, 0.0, 0.0, 0.0, 1.0],
                [0.958424, 0.0, -0.285349, -5e-06, -0.285349, 0.0, -0.958424, 0.000946, 0.0, 1.0, 0.0, 0.749543, 0.0, 0.0, 0.0, 1.0],
                [0.958424, 0.0, -0.285349, -5e-06, -0.285349, 0.0, -0.958424, 0.000946, 0.0, 1.0, 0.0, 0.749543, 0.0, 0.0, 0.0, 1.0],
                [0.958424, 0.0, -0.285349, -5e-06, -0.285349, 0.0, -0.958424, 0.000946, 0.0, 1.0, 0.0, 0.749543, 0.0, 0.0, 0.0, 1.0],
                [0.958424, 0.0, -0.285349, -5e-06, -0.285349, 0.0, -0.958424, 0.000946, 0.0, 1.0, 0.0, 0.749543, 0.0, 0.0, 0.0, 1.0],
                [0.958424, 0.0, -0.285349, -5e-06, -0.285349, 0.0, -0.958424, 0.000946, 0.0, 1.0, 0.0, 0.749543, 0.0, 0.0, 0.0, 1.0],
                [0.958424, 0.0, -0.285349, -5e-06, -0.285349, 0.0, -0.958424, 0.000946, 0.0, 1.0, 0.0, 0.749543, 0.0, 0.0, 0.0, 1.0],
                [0.958424, 0.0, -0.285349, -5e-06, -0.285349, 0.0, -0.958424, 0.000946, 0.0, 1.0, 0.0, 0.749543, 0.0, 0.0, 0.0, 1.0],
                [0.958424, 0.0, -0.285349, -5e-06, -0.285349, 0.0, -0.958424, 0.000946, 0.0, 1.0, 0.0, 0.749543, 0.0, 0.0, 0.0, 1.0],
                [0.958424, 0.0, -0.285349, -5e-06, -0.285349, 0.0, -0.958424, 0.000946, 0.0, 1.0, 0.0, 0.749543, 0.0, 0.0, 0.0, 1.0],
                [0.958424, 0.0, -0.285349, -5e-06, -0.285349, 0.0, -0.958424, 0.000946, 0.0, 1.0, 0.0, 0.749543, 0.0, 0.0, 0.0, 1.0],
                [0.958424, 0.0, -0.285349, -5e-06, -0.285349, 0.0, -0.958424, 0.000946, 0.0, 1.0, 0.0, 0.749543, 0.0, 0.0, 0.0, 1.0],
                [0.958424, 0.0, -0.285349, -5e-06, -0.285349, 0.0, -0.958424, 0.000946, 0.0, 1.0, 0.0, 0.749543, 0.0, 0.0, 0.0, 1.0],
                [0.958424, 0.0, -0.285349, -5e-06, -0.285349, 0.0, -0.958424, 0.000946, 0.0, 1.0, 0.0, 0.749543, 0.0, 0.0, 0.0, 1.0],
                [0.958424, 0.0, -0.285349, -5e-06, -0.285349, 0.0, -0.958424, 0.000946, 0.0, 1.0, 0.0, 0.749543, 0.0, 0.0, 0.0, 1.0]
            ]
        },
        {
            "name": "Thigh_R",
            "time": [0.0, 0.0167, 0.0333, 0.05, 0.0667, 0.0833, 0.1, 0.1167, 0.1333, 0.15, 0.1667, 0.1833, 0.2, 0.2167, 0.2333, 0.25, 0.2667, 0.2833, 0.3, 0.3167, 0.3333, 0.35, 0.3667, 0.3833, 0.4, 0.4167, 0.4333, 0.45, 0.4667, 0.4833, 0.5, 0.5167, 0.5333, 0.55, 0.5667, 0.5833, 0.6, 0.6167, 0.6333, 0.65, 0.6667, 0.6833, 0.7, 0.7167, 0.7333, 0.75, 0.7667, 0.7833, 0.8, 0.8167, 0.8333, 0.85, 0.8667, 0.8833, 0.9, 0.9167, 0.9333, 0.95, 0.9667, 0.9833, 1.0, 1.0167, 1.0333, 1.05, 1.0667, 1.0833, 1.1, 1.1167, 1.1333, 1.15, 1.1667, 1.1833, 1.2, 1.2167, 1.2333, 1.25, 1.2667, 1.2833, 1.3, 1.3167, 1.3333, 1.35, 1.3667, 1.3833, 1.4, 1.4167, 1.4333, 1.45, 1.4667, 1.4833, 1.5],
            "transform": [
                [0.886165, -0.030965, 0.462333, 0.124994, 0.014055, -0.995509, -0.093613, -0.002831, 0.463156, 0.089455, -0.881751, -1.2e-05, 0.0, 0.0, 0.0, 1.0],
                [0.897097, -0.022033, 0.441283, 0.124994, 0.010946, -0.997341, -0.072049, -0.002831, 0.441697, 0.069465, -0.894471, -1.2e-05, 0.0, 0.0, 0.0, 1.0],
                [0.927234, -0.005499, 0.37444, 0.124994, 0.002169, -0.999796, -0.020054, -0.002831, 0.374474, 0.019407, -0.927034, -1.2e-05, 0.0, 0.0, 0.0, 1.0],
                [0.964055, 0.003212, 0.265684, 0.124994, -0.008709, -0.999008, 0.043678, -0.002831, 0.265561, -0.044422, -0.96307, -1.2e-05, 0.0, 0.0, 0.0, 1.0],
                [0.990619, -0.001289, 0.136645, 0.124994, -0.01591, -0.994242, 0.105967, -0.002831, 0.135722, -0.107147, -0.984936, -1.2e-05, 0.0, 0.0, 0.0, 1.0],
                [0.999779, -0.013476, 0.01616, 0.124994, -0.015865, -0.987271, 0.15825, -0.002831, 0.013822, -0.158471, -0.987267, -1.2e-05, 0.0, 0.0, 0.0, 1.0],
                [0.996696, -0.024658, -0.077393, 0.124994, -0.00896, -0.98037, 0.196962, -0.002831, -0.08073, -0.195617, -0.977352, -1.2e-05, 0.0, 0.0, 0.0, 1.0],
                [0.986112, -0.023807, -0.164367, 0.124994, 0.010937, -0.978217, 0.207298, -0.002831, -0.165722, -0.206216, -0.964371, -1.2e-05, 0.0, 0.0, 0.0, 1.0],
                [0.965923, 0.002381, -0.258819, 0.124994, 0.047071, -0.984899, 0.166609, -0.002831, -0.254514, -0.173114, -0.951448, -1.2e-05, 0.0, 0.0, 0.0, 1.0],
                [0.939898, 0.058573, -0.336392, 0.124994, 0.08811, -0.993417, 0.07321, -0.002831, -0.329889, -0.098449, -0.938872, -1.2e-05, 0.0, 0.0, 0.0, 1.0],
                [0.91664, 0.129148, -0.378274, 0.124994, 0.122421, -0.991594, -0.041893, -0.002831, -0.380505, -0.007907, -0.924745, -1.2e-05, 0.0, 0.0, 0.0, 1.0],
                [0.902223, 0.181257, -0.391332, 0.124994, 0.14494, -0.98205, -0.120704, -0.002831, -0.406186, 0.052182, -0.912299, -1.2e-05, 0.0, 0.0, 0.0, 1.0],
                [0.89741, 0.191068, -0.397678, 0.124994, 0.155956, -0.980548, -0.119181, -0.002831, -0.412714, 0.044934, -0.909752, -1.2e-05, 0.0, 0.0, 0.0, 1.0],
                [0.926522, 0.125212, -0.354793, 0.124994, 0.123306, -0.991971, -0.028075, -0.002831, -0.35546, -0.017736, -0.934523, -1.2e-05, 0.0, 0.0, 0.0, 1.0],
                [0.982877, -0.002957, -0.184238, 0.124994, 0.021786, -0.990993, 0.132129, -0.002831, -0.182969, -0.133881, -0.97396, -1.2e-05, 0.0, 0.0, 0.0, 1.0],
                [0.992911, -0.063571, 0.100427, 0.124994, -0.094113, -0.936559, 0.337638, -0.002831, 0.072592, -0.344696, -0.935903, -1.2e-05, 0.0, 0.0, 0.0, 1.0],
                [0.933169, 0.083031, 0.349715, 0.124994, -0.13435, -0.821857, 0.553625, -0.002831, 0.333384, -0.56361, -0.755777, -1.2e-05, 0.0, 0.0, 0.0, 1.0],
                [0.835013, 0.34946, 0.425007, 0.124994, -0.072925, -0.695316, 0.714995, -0.002831, 0.545376, -0.628024, -0.555114, -1.2e-05, 0.0, 0.0, 0.0, 1.0],
                [0.739784, 0.534263, 0.409002, 0.124994, 0.013725, -0.619725, 0.784699, -0.002831, 0.672704, -0.574894, -0.465796, -1.2e-05, 0.0, 0.0, 0.0, 1.0],
                [0.70659, 0.572416, 0.416017, 0.124994, 0.037851, -0.61764, 0.78555, -0.002831, 0.70661, -0.539315, -0.458085, -1.2e-05, 0.0, 0.0, 0.0, 1.0],
                [0.715964, 0.539346, 0.443284, 0.124994, 0.018266, -0.649207, 0.760392, -0.002831, 0.697898, -0.536316, -0.474661, -1.2e-05, 0.0, 0.0, 0.0, 1.0],
                [0.723855, 0.509248, 0.465511, 0.124994, 0.001033, -0.675499, 0.73736, -0.002831, 0.689951, -0.53326, -0.48949, -1.2e-05, 0.0, 0.0, 0.0, 1.0],
                [0.729932, 0.484569, 0.48207, 0.124994, -0.012773, -0.695483, 0.718429, -0.002831, 0.6834, -0.530562, -0.501466, -1.2e-05, 0.0, 0.0, 0.0, 1.0],
                [0.734076, 0.466953, 0.493039, 0.124994, -0.022484, -0.708942, 0.704908, -0.002831, 0.678695, -0.528542, -0.509919, -1.2e-05, 0.0, 0.0, 0.0, 1.0],
                [0.736477, 0.456441, 0.499263, 0.124994, -0.028229, -0.716669, 0.696842, -0.002831, 0.675874, -0.527302, -0.514925, -1.2e-05, 0.0, 0.0, 0.0, 1.0],
                [0.737588, 0.451498, 0.502109, 0.124994, -0.03092, -0.720227, 0.693049, -0.002831, 0.674543, -0.52671, -0.51727, -1.2e-05, 0.0, 0.0, 0.0, 1.0],
                [0.737942, 0.449909, 0.503013, 0.124994, -0.031783, -0.72136, 0.691831, -0.002831, 0.674115, -0.526518, -0.518023, -1.2e-05, 0.0, 0.0, 0.0, 1.0],
                [0.737986, 0.449714, 0.503124, 0.124994, -0.031889, -0.721499, 0.691681, -0.002831, 0.674062, -0.526495, -0.518115, -1.2e-05, 0.0, 0.0, 0.0, 1.0],
                [0.73798, 0.449742, 0.503109, 0.124994, -0.031874, -0.721479, 0.691702, -0.002831, 0.674069, -0.526498, -0.518102, -1.2e-05, 0.0, 0.0, 0.0, 1.0],
                [0.737932, 0.449953, 0.502988, 0.124994, -0.031759, -0.721328, 0.691865, -0.002831, 0.674126, -0.526524, -0.518002, -1.2e-05, 0.0, 0.0, 0.0, 1.0],
                [0.737792, 0.450582, 0.502631, 0.124994, -0.031417, -0.72088, 0.692347, -0.002831, 0.674296, -0.526599, -0.517704, -1.2e-05, 0.0, 0.0, 0.0, 1.0],
                [0.737495, 0.451914, 0.501872, 0.124994, -0.030693, -0.719929, 0.693369, -0.002831, 0.674655, -0.52676, -0.517073, -1.2e-05, 0.0, 0.0, 0.0, 1.0],
                [0.736964, 0.454281, 0.500513, 0.124994, -0.029406, -0.718229, 0.695184, -0.002831, 0.675292, -0.527044, -0.515951, -1.2e-05, 0.0, 0.0, 0.0, 1.0],
                [0.736117, 0.458032, 0.498336, 0.124994, -0.027362, -0.715514, 0.698063, -0.002831, 0.676301, -0.527491, -0.514169, -1.2e-05, 0.0, 0.0, 0.0, 1.0],
                [0.734871, 0.463495, 0.495112, 0.124994, -0.024377, -0.711508, 0.702255, -0.002831, 0.677768, -0.528137, -0.511568, -1.2e-05, 0.0, 0.0, 0.0, 1.0],
                [0.733155, 0.470925, 0.490625, 0.124994, -0.020304, -0.705964, 0.707957, -0.002831, 0.679758, -0.529004, -0.50802, -1.2e-05, 0.0, 0.0, 0.0, 1.0],
                [0.730914, 0.480453, 0.484694, 0.124994, -0.015052, -0.698686, 0.71527, -0.002831, 0.682303, -0.530097, -0.503448, -1.2e-05, 0.0, 0.0, 0.0, 1.0],
                [0.728121, 0.492065, 0.477191, 0.124994, -0.008606, -0.689556, 0.724181, -0.002831, 0.685394, -0.531398, -0.497846, -1.2e-05, 0.0, 0.0, 0.0, 1.0],
                [0.724775, 0.505596, 0.468052, 0.124994, -0.001026, -0.678543, 0.73456, -0.002831, 0.688984, -0.532871, -0.491272, -1.2e-05, 0.0, 0.0, 0.0, 1.0],
                [0.720901, 0.520767, 0.457279, 0.124994, 0.007572, -0.665696, 0.746184, -0.002831, 0.692997, -0.534463, -0.483844, -1.2e-05, 0.0, 0.0, 0.0, 1.0],
                [0.716541, 0.537219, 0.444933, 0.124994, 0.017032, -0.651139, 0.758767, -0.002831, 0.697337, -0.53611, -0.475717, -1.2e-05, 0.0, 0.0, 0.0, 1.0],
                [0.71175, 0.554564, 0.431128, 0.124994, 0.027182, -0.635048, 0.771994, -0.002831, 0.701907, -0.537748, -0.467069, -1.2e-05, 0.0, 0.0, 0.0, 1.0],
                [0.70659, 0.572416, 0.416017, 0.124994, 0.037851, -0.61764, 0.78555, -0.002831, 0.70661, -0.539315, -0.458085, -1.2e-05, 0.0, 0.0, 0.0, 1.0],
                [0.703136, 0.586686, 0.401744, 0.124994, 0.046665, -0.601853, 0.797242, -0.002831, 0.709522, -0.541822, -0.450563, -1.2e-05, 0.0, 0.0, 0.0, 1.0],
                [0.703508, 0.593702, 0.390633, 0.124994, 0.051271, -0.590621, 0.805319, -0.002831, 0.708835, -0.54652, -0.445946, -1.2e-05, 0.0, 0.0, 0.0, 1.0],
                [0.707681, 0.593715, 0.383001, 0.124994, 0.051633, -0.584096, 0.810041, -0.002831, 0.704643, -0.553475, -0.444009, -1.2e-05, 0.0, 0.0, 0.0, 1.0],
                [0.715427, 0.586957, 0.379004, 0.124994, 0.047856, -0.582345, 0.811532, -0.002831, 0.697046, -0.562454, -0.444715, -1.2e-05, 0.0, 0.0, 0.0, 1.0],
                [0.726322, 0.573659, 0.378645, 0.124994, 0.040182, -0.585368, 0.809771, -0.002831, 0.686179, -0.57294, -0.448216, -1.2e-05, 0.0, 0.0, 0.0, 1.0],
                [0.739758, 0.554082, 0.381773, 0.124994, 0.028994, -0.593099, 0.804607, -0.002831, 0.672248, -0.584146, -0.454815, -1.2e-05, 0.0, 0.0, 0.0, 1.0],
                [0.754981, 0.528582, 0.388078, 0.124994, 0.014817, -0.605411, 0.795775, -0.002831, 0.655579, -0.595045, -0.464907, -1.2e-05, 0.0, 0.0, 0.0, 1.0],
                [0.771138, 0.497661, 0.397088, 0.124994, -0.001678, -0.622107, 0.78293, -0.002831, 0.636665, -0.604414, -0.478895, -1.2e-05, 0.0, 0.0, 0.0, 1.0],
                [0.787347, 0.46203, 0.408182, 0.124994, -0.019691, -0.642901, 0.765696, -0.002831, 0.616196, -0.610906, -0.497088, -1.2e-05, 0.0, 0.0, 0.0, 1.0],
                [0.802776, 0.422583, 0.420682, 0.124994, -0.038312, -0.667499, 0.743624, -0.002831, 0.595048, -0.613081, -0.519663, -1.2e-05, 0.0, 0.0, 0.0, 1.0],
                [0.816723, 0.380621, 0.433695, 0.124994, -0.056535, -0.695201, 0.716589, -0.002831, 0.574254, -0.609773, -0.546268, -1.2e-05, 0.0, 0.0, 0.0, 1.0],
                [0.82869, 0.337473, 0.446525, 0.124994, -0.07333, -0.725444, 0.684363, -0.002831, 0.554883, -0.599869, -0.576422, -1.2e-05, 0.0, 0.0, 0.0, 1.0],
                [0.838427, 0.294608, 0.458526, 0.124994, -0.087685, -0.757436, 0.646995, -0.002831, 0.537914, -0.582664, -0.609222, -1.2e-05, 0.0, 0.0, 0.0, 1.0],
                [0.84594, 0.253388, 0.469232, 0.124994, -0.098695, -0.790313, 0.604702, -0.002831, 0.524065, -0.557853, -0.64355, -1.2e-05, 0.0, 0.0, 0.0, 1.0],
                [0.851461, 0.215097, 0.478276, 0.124994, -0.105643, -0.822962, 0.558187, -0.002831, 0.513667, -0.525801, -0.677997, -1.2e-05, 0.0, 0.0, 0.0, 1.0],
                [0.85539, 0.180554, 0.485497, 0.124994, -0.108113, -0.854406, 0.508233, -0.002831, 0.506576, -0.487226, -0.711331, -1.2e-05, 0.0, 0.0, 0.0, 1.0],
                [0.85822, 0.15016, 0.490826, 0.124994, -0.106058, -0.883736, 0.455809, -0.002831, 0.502206, -0.44324, -0.742515, -1.2e-05, 0.0, 0.0, 0.0, 1.0],
                [0.860443, 0.124024, 0.494221, 0.124994, -0.099814, -0.910108, 0.402169, -0.002831, 0.499674, -0.395374, -0.770718, -1.2e-05, 0.0, 0.0, 0.0, 1.0],
                [0.862488, 0.101777, 0.495738, 0.124994, -0.09008, -0.933052, 0.348281, -0.002831, 0.497996, -0.345045, -0.795578, -1.2e-05, 0.0, 0.0, 0.0, 1.0],
                [0.864654, 0.08294, 0.495473, 0.124994, -0.077785, -0.952279, 0.29515, -0.002831, 0.496309, -0.293743, -0.816941, -1.2e-05, 0.0, 0.0, 0.0, 1.0],
                [0.8671, 0.0668, 0.493635, 0.124994, -0.063967, -0.967832, 0.243331, -0.002831, 0.49401, -0.242569, -0.834934, -1.2e-05, 0.0, 0.0, 0.0, 1.0],
                [0.869841, 0.052697, 0.490509, 0.124994, -0.049627, -0.979888, 0.193279, -0.002831, 0.490829, -0.192465, -0.849732, -1.2e-05, 0.0, 0.0, 0.0, 1.0],
                [0.872788, 0.039962, 0.48646, 0.124994, -0.035643, -0.988764, 0.145175, -0.002831, 0.486795, -0.144046, -0.861557, -1.2e-05, 0.0, 0.0, 0.0, 1.0],
                [0.875786, 0.028011, 0.481886, 0.124994, -0.022717, -0.994817, 0.099112, -0.002831, 0.482165, -0.097748, -0.870611, -1.2e-05, 0.0, 0.0, 0.0, 1.0],
                [0.878653, 0.016379, 0.477179, 0.124994, -0.011371, -0.99841, 0.055207, -0.002831, 0.477325, -0.053934, -0.87707, -1.2e-05, 0.0, 0.0, 0.0, 1.0],
                [0.881218, 0.004688, 0.472686, 0.124994, -0.001966, -0.999906, 0.013583, -0.002831, 0.472705, -0.012899, -0.881126, -1.2e-05, 0.0, 0.0, 0.0, 1.0],
                [0.883336, -0.006955, 0.468687, 0.124994, 0.005292, -0.999678, -0.024809, -0.002831, 0.468709, 0.024395, -0.883015, -1.2e-05, 0.0, 0.0, 0.0, 1.0],
                [0.884902, -0.01816, 0.465424, 0.124994, 0.010311, -0.998231, -0.058553, -0.002831, 0.465664, 0.056613, -0.883149, -1.2e-05, 0.0, 0.0, 0.0, 1.0],
                [0.885851, -0.027221, 0.463171, 0.124994, 0.01316, -0.996401, -0.083729, -0.002831, 0.463784, 0.080267, -0.882305, -1.2e-05, 0.0, 0.0, 0.0, 1.0],
                [0.886165, -0.030965, 0.462333, 0.124994, 0.014055, -0.995509, -0.093613, -0.002831, 0.463156, 0.089455, -0.881751, -1.2e-05, 0.0, 0.0, 0.0, 1.0],
                [0.886165, -0.030965, 0.462333, 0.124994, 0.014055, -0.995509, -0.093613, -0.002831, 0.463156, 0.089455, -0.881751, -1.2e-05, 0.0, 0.0, 0.0, 1.0],
                [0.886165, -0.030965, 0.462333, 0.124994, 0.014055, -0.995509, -0.093613, -0.002831, 0.463156, 0.089455, -0.881751, -1.2e-05, 0.0, 0.0, 0.0, 1.0],
                [0.886165, -0.030965, 0.462333, 0.124994, 0.014055, -0.995509, -0.093613, -0.002831, 0.463156, 0.089455, -0.881751, -1.2e-05, 0.0, 0.0, 0.0, 1.0],
                [0.886165, -0.030965, 0.462333, 0.124994, 0.014055, -0.995509, -0.093613, -0.002831, 0.463156, 0.089455, -0.881751, -1.2e-05, 0.0, 0.0, 0.0, 1.0],
                [0.886165, -0.030965, 0.462333, 0.124994, 0.014055, -0.995509, -0.093613, -0.002831, 0.463156, 0.089455, -0.881751, -1.2e-05, 0.0, 0.0, 0.0, 1.0],
                [0.886165, -0.030965, 0.462333, 0.124994, 0.014055, -0.995509, -0.093613, -0.002831, 0.463156, 0.089455, -0.881751, -1.2e-05, 0.0, 0.0, 0.0, 1.0],
                [0.886165, -0.030965, 0.462333, 0.124994, 0.014055, -0.995509, -0.093613, -0.002831, 0.463156, 0.089455, -0.881751, -1.2e-05, 0.0, 0.0, 0.0, 1.0],
                [0.886165, -0.030965, 0.462333, 0.124994, 0.014055, -0.995509, -0.093613, -0.002831, 0.463156, 0.089455, -0.881751, -1.2e-05, 0.0, 0.0, 0.0, 1.0],
                [0.886165, -0.030965, 0.462333, 0.124994, 0.014055, -0.995509, -0.093613, -0.002831, 0.463156, 0.089455, -0.881751, -1.2e-05, 0.0, 0.0, 0.0, 1.0],
                [0.886165, -0.030965, 0.462333, 0.124994, 0.014055, -0.995509, -0.093613, -0.002831, 0.463156, 0.089455, -0.881751, -1.2e-05, 0.0, 0.0, 0.0, 1.0],
                [0.886165, -0.030965, 0.462333, 0.124994, 0.014055, -0.995509, -0.093613, -0.002831, 0.463156, 0.089455, -0.881751, -1.2e-05, 0.0, 0.0, 0.0, 1.0],
                [0.886165, -0.030965, 0.462333, 0.124994, 0.014055, -0.995509, -0.093613, -0.002831, 0.463156, 0.089455, -0.881751, -1.2e-05, 0.0, 0.0, 0.0, 1.0],
                [0.886165, -0.030965, 0.462333, 0.124994, 0.014055, -0.995509, -0.093613, -0.002831, 0.463156, 0.089455, -0.881751, -1.2e-05, 0.0, 0.0, 0.0, 1.0],
                [0.886165, -0.030965, 0.462333, 0.124994, 0.014055, -0.995509, -0.093613, -0.002831, 0.463156, 0.089455, -0.881751, -1.2e-05, 0.0, 0.0, 0.0, 1.0],
                [0.886165, -0.030965, 0.462333, 0.124994, 0.014055, -0.995509, -0.093613, -0.002831, 0.463156, 0.089455, -0.881751, -1.2e-05, 0.0, 0.0, 0.0, 1.0],
                [0.886165, -0.030965, 0.462333, 0.124994, 0.014055, -0.995509, -0.093613, -0.002831, 0.463156, 0.089455, -0.881751, -1.2e-05, 0.0, 0.0, 0.0, 1.0],
                [0.886165, -0.030965, 0.462333, 0.124994, 0.014055, -0.995509, -0.093613, -0.002831, 0.463156, 0.089455, -0.881751, -1.2e-05, 0.0, 0.0, 0.0, 1.0],
                [0.886165, -0.030965, 0.462333, 0.124994, 0.014055, -0.995509, -0.093613, -0.002831, 0.463156, 0.089455, -0.881751, -1.2e-05, 0.0, 0.0, 0.0, 1.0]
            ]
        },
        {
            "name": "Leg_R",
            "time": [0.0, 0.0167, 0.0333, 0.05, 0.0667, 0.0833, 0.1, 0.1167, 0.1333, 0.15, 0.1667, 0.1833, 0.2, 0.2167, 0.2333, 0.25, 0.2667, 0.2833, 0.3, 0.3167, 0.3333, 0.35, 0.3667, 0.3833, 0.4, 0.4167, 0.4333, 0.45, 0.4667, 0.4833, 0.5, 0.5167, 0.5333, 0.55, 0.5667, 0.5833, 0.6, 0.6167, 0.6333, 0.65, 0.6667, 0.6833, 0.7, 0.7167, 0.7333, 0.75, 0.7667, 0.7833, 0.8, 0.8167, 0.8333, 0.85, 0.8667, 0.8833, 0.9, 0.9167, 0.9333, 0.95, 0.9667, 0.9833, 1.0, 1.0167, 1.0333, 1.05, 1.0667, 1.0833, 1.1, 1.1167, 1.1333, 1.15, 1.1667, 1.1833, 1.2, 1.2167, 1.2333, 1.25, 1.2667, 1.2833, 1.3, 1.3167, 1.3333, 1.35, 1.3667, 1.3833, 1.4, 1.4167, 1.4333, 1.45, 1.4667, 1.4833, 1.5],
            "transform": [
                [0.999981, -0.006099, -0.000627, -0.0, 0.006118, 0.985977, 0.166768, 0.374721, -0.000399, -0.166768, 0.985996, 0.0, 0.0, 0.0, 0.0, 1.0],
                [0.999973, -0.007319, -0.000855, 0.0, 0.007342, 0.979738, 0.200148, 0.374721, -0.000627, -0.200149, 0.979766, 0.0, 0.0, 0.0, 0.0, 1.0],
                [0.999949, -0.010043, -0.001521, -0.0, 0.010075, 0.961495, 0.274637, 0.374721, -0.001296, -0.274639, 0.961547, -0.0, 0.0, 0.0, 0.0, 1.0],
                [0.999911, -0.013074, -0.002532, 0.0, 0.013115, 0.933815, 0.357515, 0.374721, -0.00231, -0.357516, 0.933904, 0.0, 0.0, 0.0, 0.0, 1.0],
                [0.999866, -0.015929, -0.003767, 0.0, 0.015979, 0.900006, 0.435585, 0.374721, -0.003548, -0.435587, 0.90014, -0.0, 0.0, 0.0, 0.0, 1.0],
                [0.999815, -0.018533, -0.00516, -0.0, 0.018591, 0.861865, 0.506797, 0.374721, -0.004945, -0.506799, 0.86205, 0.0, 0.0, 0.0, 0.0, 1.0],
                [0.999759, -0.02093, -0.006698, 0.0, 0.020996, 0.819745, 0.572344, 0.374721, -0.006489, -0.572346, 0.819987, -0.0, 0.0, 0.0, 0.0, 1.0],
                [0.999705, -0.022894, -0.00817, 0.0, 0.022966, 0.779443, 0.626052, 0.374721, -0.007965, -0.626055, 0.779739, -0.0, 0.0, 0.0, 0.0, 1.0],
                [0.999676, -0.023837, -0.008953, -0.0, 0.023912, 0.75799, 0.651827, 0.374721, -0.008751, -0.65183, 0.758314, 0.0, 0.0, 0.0, 0.0, 1.0],
                [0.999694, -0.023246, -0.008456, 0.0, 0.023319, 0.771611, 0.635668, 0.374721, -0.008252, -0.63567, 0.771916, -0.0, 0.0, 0.0, 0.0, 1.0],
                [0.999747, -0.021388, -0.007023, 0.0, 0.021456, 0.81084, 0.584875, 0.374721, -0.006815, -0.584877, 0.811093, 0.0, 0.0, 0.0, 0.0, 1.0],
                [0.999778, -0.020161, -0.006175, 0.0, 0.020224, 0.834053, 0.551314, 0.374721, -0.005964, -0.551316, 0.834275, -0.0, 0.0, 0.0, 0.0, 1.0],
                [0.999736, -0.021775, -0.007306, -0.0, 0.021844, 0.803089, 0.595459, 0.374721, -0.007099, -0.595461, 0.803353, -0.0, 0.0, 0.0, 0.0, 1.0],
                [0.999577, -0.02664, -0.011636, 0.0, 0.026724, 0.684546, 0.72848, 0.374721, -0.011442, -0.728483, 0.684968, 0.0, 0.0, 0.0, 0.0, 1.0],
                [0.999313, -0.031909, -0.018834, -0.0, 0.032009, 0.487438, 0.872571, 0.374721, -0.018663, -0.872575, 0.488125, 0.0, 0.0, 0.0, 0.0, 1.0],
                [0.999029, -0.035136, -0.026593, -0.0, 0.035246, 0.274976, 0.960805, 0.374721, -0.026446, -0.960809, 0.275948, -0.0, 0.0, 0.0, 0.0, 1.0],
                [0.998779, -0.0364, -0.033392, 0.0, 0.036515, 0.088798, 0.99538, 0.374721, -0.033267, -0.995384, 0.090019, 0.0, 0.0, 0.0, 0.0, 1.0],
                [0.99861, -0.036518, -0.038013, 0.0, 0.036633, -0.037735, 0.998616, 0.374721, -0.037902, -0.998621, -0.036344, 0.0, 0.0, 0.0, 0.0, 1.0],
                [0.998534, -0.036382, -0.04007, -0.0, 0.036497, -0.094053, 0.994898, 0.374721, -0.039966, -0.994902, -0.092588, -0.0, 0.0, 0.0, 0.0, 1.0],
                [0.998511, -0.036316, -0.040707, -0.0, 0.036431, -0.111515, 0.993095, 0.374721, -0.040605, -0.993099, -0.110026, -0.0, 0.0, 0.0, 0.0, 1.0],
                [0.998506, -0.036303, -0.040823, 0.0, 0.036418, -0.11468, 0.992735, 0.374721, -0.040721, -0.992739, -0.113186, -0.0, 0.0, 0.0, 0.0, 1.0],
                [0.998507, -0.036305, -0.040812, 0.0, 0.036419, -0.114376, 0.99277, 0.374721, -0.04071, -0.992774, -0.112883, 0.0, 0.0, 0.0, 0.0, 1.0],
                [0.99851, -0.036313, -0.040736, 0.0, 0.036427, -0.112305, 0.993006, 0.374721, -0.040634, -0.99301, -0.110815, 0.0, 0.0, 0.0, 0.0, 1.0],
                [0.998513, -0.036323, -0.040651, 0.0, 0.036437, -0.109971, 0.993267, 0.374721, -0.040549, -0.993271, -0.108484, 0.0, 0.0, 0.0, 0.0, 1.0],
                [0.998515, -0.036329, -0.040589, -0.0, 0.036444, -0.108272, 0.993453, 0.374721, -0.040486, -0.993457, -0.106787, -0.0, 0.0, 0.0, 0.0, 1.0],
                [0.998516, -0.036333, -0.040557, -0.0, 0.036447, -0.107398, 0.993548, 0.374721, -0.040454, -0.993552, -0.105915, -0.0, 0.0, 0.0, 0.0, 1.0],
                [0.998517, -0.036334, -0.040546, 0.0, 0.036448, -0.107108, 0.993579, 0.374721, -0.040444, -0.993583, -0.105624, 0.0, 0.0, 0.0, 0.0, 1.0],
                [0.998517, -0.036334, -0.040545, 0.0, 0.036449, -0.107071, 0.993583, 0.374721, -0.040442, -0.993587, -0.105588, 0.0, 0.0, 0.0, 0.0, 1.0],
                [0.998517, -0.036334, -0.040545, -0.0, 0.036449, -0.107077, 0.993583, 0.374721, -0.040443, -0.993587, -0.105594, -0.0, 0.0, 0.0, 0.0, 1.0],
                [0.998517, -0.036334, -0.040547, -0.0, 0.036448, -0.107116, 0.993578, 0.374721, -0.040444, -0.993582, -0.105633, 0.0, 0.0, 0.0, 0.0, 1.0],
                [0.998516, -0.036334, -0.040551, -0.0, 0.036448, -0.107231, 0.993566, 0.374721, -0.040448, -0.99357, -0.105748, 0.0, 0.0, 0.0, 0.0, 1.0],
                [0.998516, -0.036333, -0.04056, -0.0, 0.036447, -0.107473, 0.99354, 0.374721, -0.040457, -0.993544, -0.10599, 0.0, 0.0, 0.0, 0.0, 1.0],
                [0.998516, -0.036331, -0.040575, -0.0, 0.036445, -0.107896, 0.993494, 0.374721, -0.040473, -0.993498, -0.106412, -0.0, 0.0, 0.0, 0.0, 1.0],
                [0.998515, -0.036328, -0.040599, -0.0, 0.036443, -0.108543, 0.993424, 0.374721, -0.040496, -0.993428, -0.107058, 0.0, 0.0, 0.0, 0.0, 1.0],
                [0.998513, -0.036325, -0.040632, -0.0, 0.036439, -0.109436, 0.993326, 0.374721, -0.040529, -0.99333, -0.10795, -0.0, 0.0, 0.0, 0.0, 1.0],
                [0.998512, -0.03632, -0.040672, -0.0, 0.036435, -0.110555, 0.993202, 0.374721, -0.04057, -0.993206, -0.109067, 0.0, 0.0, 0.0, 0.0, 1.0],
                [0.99851, -0.036315, -0.040719, -0.0, 0.036429, -0.11182, 0.993061, 0.374721, -0.040616, -0.993065, -0.110331, 0.0, 0.0, 0.0, 0.0, 1.0],
                [0.998509, -0.03631, -0.040765, -0.0, 0.036424, -0.11309, 0.992917, 0.374721, -0.040663, -0.992921, -0.111599, 0.0, 0.0, 0.0, 0.0, 1.0],
                [0.998507, -0.036305, -0.040804, -0.0, 0.03642, -0.114165, 0.992794, 0.374721, -0.040702, -0.992798, -0.112672, -0.0, 0.0, 0.0, 0.0, 1.0],
                [0.998506, -0.036303, -0.040828, 0.0, 0.036417, -0.114805, 0.99272, 0.374721, -0.040726, -0.992725, -0.113311, -0.0, 0.0, 0.0, 0.0, 1.0],
                [0.998506, -0.036303, -0.040825, -0.0, 0.036417, -0.114749, 0.992727, 0.374721, -0.040724, -0.992731, -0.113255, -0.0, 0.0, 0.0, 0.0, 1.0],
                [0.998508, -0.036307, -0.040788, 0.0, 0.036421, -0.113735, 0.992843, 0.374721, -0.040687, -0.992848, -0.112243, -0.0, 0.0, 0.0, 0.0, 1.0],
                [0.998511, -0.036316, -0.040707, -0.0, 0.036431, -0.111515, 0.993095, 0.374721, -0.040605, -0.993099, -0.110026, -0.0, 0.0, 0.0, 0.0, 1.0],
                [0.998518, -0.036337, -0.040515, -0.0, 0.036452, -0.10626, 0.99367, 0.374721, -0.040413, -0.993674, -0.104778, 0.0, 0.0, 0.0, 0.0, 1.0],
                [0.998531, -0.036373, -0.040163, -0.0, 0.036488, -0.09662, 0.994653, 0.374721, -0.040059, -0.994656, -0.09515, -0.0, 0.0, 0.0, 0.0, 1.0],
                [0.998549, -0.036418, -0.039665, -0.0, 0.036533, -0.082978, 0.995881, 0.374721, -0.03956, -0.995885, -0.081527, 0.0, 0.0, 0.0, 0.0, 1.0],
                [0.998572, -0.036466, -0.03903, -0.0, 0.03658, -0.065583, 0.997176, 0.374721, -0.038923, -0.997181, -0.064155, 0.0, 0.0, 0.0, 0.0, 1.0],
                [0.9986, -0.036508, -0.038262, 0.0, 0.036623, -0.044546, 0.998336, 0.374721, -0.038152, -0.99834, -0.043146, -0.0, 0.0, 0.0, 0.0, 1.0],
                [0.998634, -0.036537, -0.03736, 0.0, 0.036652, -0.019863, 0.999131, 0.374721, -0.037248, -0.999135, -0.018497, 0.0, 0.0, 0.0, 0.0, 1.0],
                [0.998672, -0.036543, -0.036322, -0.0, 0.036658, 0.00856, 0.999291, 0.374721, -0.036206, -0.999295, 0.009888, 0.0, 0.0, 0.0, 0.0, 1.0],
                [0.998715, -0.036514, -0.035142, -0.0, 0.036629, 0.040866, 0.998493, 0.374721, -0.035023, -0.998497, 0.042151, -0.0, 0.0, 0.0, 0.0, 1.0],
                [0.998764, -0.036435, -0.033816, 0.0, 0.03655, 0.077198, 0.996345, 0.374721, -0.033692, -0.99635, 0.078434, -0.0, 0.0, 0.0, 0.0, 1.0],
                [0.998818, -0.03629, -0.032331, -0.0, 0.036404, 0.117862, 0.992363, 0.374721, -0.032202, -0.992367, 0.119044, 0.0, 0.0, 0.0, 0.0, 1.0],
                [0.998878, -0.036059, -0.030702, -0.0, 0.036172, 0.162443, 0.986055, 0.374721, -0.030569, -0.986059, 0.163565, 0.0, 0.0, 0.0, 0.0, 1.0],
                [0.998943, -0.035722, -0.02893, -0.0, 0.035834, 0.210971, 0.976835, 0.374721, -0.028791, -0.97684, 0.212028, -0.0, 0.0, 0.0, 0.0, 1.0],
                [0.999013, -0.035257, -0.027026, 0.0, 0.035368, 0.263121, 0.964115, 0.374721, -0.02688, -0.964118, 0.264108, 0.0, 0.0, 0.0, 0.0, 1.0],
                [0.999087, -0.034641, -0.025001, 0.0, 0.03475, 0.318554, 0.947267, 0.374721, -0.02485, -0.947272, 0.319467, -0.0, 0.0, 0.0, 0.0, 1.0],
                [0.999164, -0.033858, -0.022891, -0.0, 0.033964, 0.37633, 0.925863, 0.374721, -0.022733, -0.925867, 0.377166, -0.0, 0.0, 0.0, 0.0, 1.0],
                [0.999244, -0.032892, -0.02072, 0.0, 0.032995, 0.435784, 0.899447, 0.374721, -0.020555, -0.89945, 0.43654, -0.0, 0.0, 0.0, 0.0, 1.0],
                [0.999325, -0.031729, -0.018515, -0.0, 0.031829, 0.496174, 0.867639, 0.374721, -0.018342, -0.867643, 0.496849, 0.0, 0.0, 0.0, 0.0, 1.0],
                [0.999406, -0.030367, -0.016317, 0.0, 0.030462, 0.556349, 0.830391, 0.374721, -0.016138, -0.830394, 0.556943, 0.0, 0.0, 0.0, 0.0, 1.0],
                [0.999485, -0.0288, -0.014154, 0.0, 0.028891, 0.615569, 0.787553, 0.374721, -0.013969, -0.787557, 0.616084, -0.0, 0.0, 0.0, 0.0, 1.0],
                [0.999562, -0.027038, -0.012066, 0.0, 0.027123, 0.672762, 0.739362, 0.374721, -0.011873, -0.739365, 0.6732, -0.0, 0.0, 0.0, 0.0, 1.0],
                [0.999635, -0.025084, -0.010077, -0.0, 0.025163, 0.727214, 0.68595, 0.374721, -0.009878, -0.685952, 0.727579, 0.0, 0.0, 0.0, 0.0, 1.0],
                [0.999703, -0.022958, -0.008221, 0.0, 0.02303, 0.778035, 0.627799, 0.374721, -0.008017, -0.627801, 0.778332, 0.0, 0.0, 0.0, 0.0, 1.0],
                [0.999765, -0.020678, -0.006524, 0.0, 0.020743, 0.824518, 0.565455, 0.374721, -0.006314, -0.565457, 0.824753, 0.0, 0.0, 0.0, 0.0, 1.0],
                [0.999821, -0.018273, -0.005008, -0.0, 0.018331, 0.866006, 0.499698, 0.374721, -0.004794, -0.4997, 0.866185, -0.0, 0.0, 0.0, 0.0, 1.0],
                [0.999869, -0.015783, -0.003697, 0.0, 0.015833, 0.901924, 0.431605, 0.374721, -0.003478, -0.431607, 0.902055, -0.0, 0.0, 0.0, 0.0, 1.0],
                [0.999909, -0.013253, -0.002601, -0.0, 0.013295, 0.931919, 0.362423, 0.374721, -0.002379, -0.362424, 0.93201, 0.0, 0.0, 0.0, 0.0, 1.0],
                [0.99994, -0.010788, -0.001743, -0.0, 0.010822, 0.955433, 0.295008, 0.374721, -0.001518, -0.295009, 0.955493, -0.0, 0.0, 0.0, 0.0, 1.0],
                [0.999963, -0.008528, -0.001123, -0.0, 0.008554, 0.972393, 0.233191, 0.374721, -0.000896, -0.233192, 0.97243, 0.0, 0.0, 0.0, 0.0, 1.0],
