{
    "animation": [
        {
            "name": "Root",
            "time": [0.0, 0.0167, 0.0333, 0.05, 0.0667, 0.0833, 0.1, 0.1167, 0.1333, 0.15, 0.1667, 0.1833, 0.2, 0.2167, 0.2333, 0.25, 0.2667, 0.2833, 0.3, 0.3167, 0.3333, 0.35, 0.3667, 0.3833, 0.4, 0.4167, 0.4333, 0.45, 0.4667, 0.4833, 0.5, 0.5167, 0.5333, 0.55, 0.5667, 0.5833, 0.6, 0.6167, 0.6333, 0.65, 0.6667, 0.6833, 0.7, 0.7167, 0.7333, 0.75, 0.7667, 0.7833, 0.8, 0.8167, 0.8333, 0.85, 0.8667, 0.8833, 0.9, 0.9167, 0.9333, 0.95, 0.9667, 0.9833, 1.0, 1.0167, 1.0333, 1.05, 1.0667, 1.0833, 1.1, 1.1167, 1.1333, 1.15, 1.1667, 1.1833, 1.2, 1.2167, 1.2333, 1.25, 1.2667, 1.2833, 1.3, 1.3167, 1.3333, 1.35, 1.3667, 1.3833, 1.4, 1.4167, 1.4333, 1.45, 1.4667, 1.4833, 1.5, 1.5167, 1.5333, 1.55, 1.5667, 1.5833, 1.6, 1.6167, 1.6333, 1.65, 1.6667, 1.6833, 1.7, 1.7167, 1.7333, 1.75, 1.7667, 1.7833, 1.8, 1.8167, 1.8333],
            "transform": [
                [0.823384, 0.0, -0.567485, -5e-06, -0.567485, 0.0, -0.823384, 0.000946, 0.0, 1.0, 0.0, 0.755293, 0.0, 0.0, 0.0, 1.0],
                [0.822819, 0.0, -0.568303, -5e-06, -0.568303, 0.0, -0.822819, 0.001481, 0.0, 1.0, 0.0, 0.755251, 0.0, 0.0, 0.0, 1.0],
                [0.821109, 0.0, -0.570771, -5e-06, -0.570771, 0.0, -0.821109, 0.00309, 0.0, 1.0, 0.0, 0.755126, 0.0, 0.0, 0.0, 1.0],
                [0.81823, 0.0, -0.574891, -5e-06, -0.574891, 0.0, -0.81823, 0.005783, 0.0, 1.0, 0.0, 0.754916, 0.0, 0.0, 0.0, 1.0],
                [0.814154, 0.0, -0.580649, -5e-06, -0.580649, 0.0, -0.814154, 0.009566, 0.0, 1.0, 0.0, 0.754621, 0.0, 0.0, 0.0, 1.0],
                [0.808855, 0.0, -0.588009, -5e-06, -0.588009, 0.0, -0.808855, 0.014441, 0.0, 1.0, 0.0, 0.754241, 0.0, 0.0, 0.0, 1.0],
                [0.802308, 0.0, -0.59691, -5e-06, -0.59691, 0.0, -0.802308, 0.020407, 0.0, 1.0, 0.0, 0.753776, 0.0, 0.0, 0.0, 1.0],
                [0.794497, 0.0, -0.607268, -5e-06, -0.607268, 0.0, -0.794497, 0.027457, 0.0, 1.0, 0.0, 0.753227, 0.0, 0.0, 0.0, 1.0],
                [0.785415, 0.0, -0.618969, -5e-06, -0.618969, 0.0, -0.785415, 0.035582, 0.0, 1.0, 0.0, 0.752594, 0.0, 0.0, 0.0, 1.0],
                [0.775072, 0.0, -0.631873, -5e-06, -0.631873, 0.0, -0.775072, 0.044766, 0.0, 1.0, 0.0, 0.751879, 0.0, 0.0, 0.0, 1.0],
                [0.763496, 0.0, -0.645813, -5e-06, -0.645813, 0.0, -0.763496, 0.054987, 0.0, 1.0, 0.0, 0.751082, 0.0, 0.0, 0.0, 1.0],
                [0.75074, 0.0, -0.660598, -5e-06, -0.660598, 0.0, -0.75074, 0.066219, 0.0, 1.0, 0.0, 0.750207, 0.0, 0.0, 0.0, 1.0],
                [0.736885, 0.0, -0.676018, -5e-06, -0.676018, 0.0, -0.736885, 0.078426, 0.0, 1.0, 0.0, 0.749256, 0.0, 0.0, 0.0, 1.0],
                [0.722043, 0.0, -0.691848, -5e-06, -0.691848, 0.0, -0.722043, 0.091569, 0.0, 1.0, 0.0, 0.748232, 0.0, 0.0, 0.0, 1.0],
                [0.706359, 0.0, -0.707854, -5e-06, -0.707854, 0.0, -0.706359, 0.105599, 0.0, 1.0, 0.0, 0.747139, 0.0, 0.0, 0.0, 1.0],
                [0.690005, 0.0, -0.723804, -5e-06, -0.723804, 0.0, -0.690005, 0.120461, 0.0, 1.0, 0.0, 0.745981, 0.0, 0.0, 0.0, 1.0],
                [0.673184, 0.0, -0.739475, -5e-06, -0.739475, 0.0, -0.673184, 0.136092, 0.0, 1.0, 0.0, 0.744763, 0.0, 0.0, 0.0, 1.0],
                [0.656116, 0.0, -0.75466, -5e-06, -0.75466, 0.0, -0.656116, 0.152421, 0.0, 1.0, 0.0, 0.743491, 0.0, 0.0, 0.0, 1.0],
                [0.639041, 0.0, -0.769173, -5e-06, -0.769173, 0.0, -0.639041, 0.169373, 0.0, 1.0, 0.0, 0.74217, 0.0, 0.0, 0.0, 1.0],
                [0.622201, 0.0, -0.782857, -5e-06, -0.782857, 0.0, -0.622201, 0.186863, 0.0, 1.0, 0.0, 0.740807, 0.0, 0.0, 0.0, 1.0],
                [0.60584, 0.0, -0.795587, -5e-06, -0.795587, 0.0, -0.60584, 0.204803, 0.0, 1.0, 0.0, 0.73941, 0.0, 0.0, 0.0, 1.0],
                [0.590189, 0.0, -0.807265, -5e-06, -0.807265, 0.0, -0.590189, 0.223097, 0.0, 1.0, 0.0, 0.737984, 0.0, 0.0, 0.0, 1.0],
                [0.575465, 0.0, -0.817827, -5e-06, -0.817827, 0.0, -0.575465, 0.241649, 0.0, 1.0, 0.0, 0.736539, 0.0, 0.0, 0.0, 1.0],
                [0.561862, 0.0, -0.827231, -5e-06, -0.827231, 0.0, -0.561862, 0.260356, 0.0, 1.0, 0.0, 0.735081, 0.0, 0.0, 0.0, 1.0],
                [0.549548, 0.0, -0.835462, -5e-06, -0.835462, 0.0, -0.549548, 0.279115, 0.0, 1.0, 0.0, 0.73362, 0.0, 0.0, 0.0, 1.0],
                [0.538664, 0.0, -0.842521, -5e-06, -0.842521, 0.0, -0.538664, 0.297822, 0.0, 1.0, 0.0, 0.732162, 0.0, 0.0, 0.0, 1.0],
                [0.529321, 0.0, -0.848422, -5e-06, -0.848422, 0.0, -0.529321, 0.316373, 0.0, 1.0, 0.0, 0.730717, 0.0, 0.0, 0.0, 1.0],
                [0.521605, 0.0, -0.853187, -5e-06, -0.853187, 0.0, -0.521605, 0.334668, 0.0, 1.0, 0.0, 0.729291, 0.0, 0.0, 0.0, 1.0],
                [0.515573, 0.0, -0.856846, -5e-06, -0.856846, 0.0, -0.515573, 0.352608, 0.0, 1.0, 0.0, 0.727894, 0.0, 0.0, 0.0, 1.0],
                [0.51126, 0.0, -0.859426, -5e-06, -0.859426, 0.0, -0.51126, 0.370098, 0.0, 1.0, 0.0, 0.726531, 0.0, 0.0, 0.0, 1.0],
                [0.508677, 0.0, -0.860957, -5e-06, -0.860957, 0.0, -0.508677, 0.38705, 0.0, 1.0, 0.0, 0.72521, 0.0, 0.0, 0.0, 1.0],
                [0.507821, 0.0, -0.861463, -5e-06, -0.861463, 0.0, -0.507821, 0.403379, 0.0, 1.0, 0.0, 0.723938, 0.0, 0.0, 0.0, 1.0],
                [0.520826, 0.0, -0.853663, -5e-06, -0.853663, 0.0, -0.520826, 0.41901, 0.0, 1.0, 0.0, 0.72272, 0.0, 0.0, 0.0, 1.0],
                [0.559443, 0.0, -0.828869, -5e-06, -0.828869, 0.0, -0.559443, 0.433871, 0.0, 1.0, 0.0, 0.721562, 0.0, 0.0, 0.0, 1.0],
                [0.621226, 0.0, -0.783631, -5e-06, -0.783631, 0.0, -0.621226, 0.447901, 0.0, 1.0, 0.0, 0.720469, 0.0, 0.0, 0.0, 1.0],
                [0.700747, 0.0, -0.71341, -5e-06, -0.71341, 0.0, -0.700747, 0.461044, 0.0, 1.0, 0.0, 0.719445, 0.0, 0.0, 0.0, 1.0],
                [0.789212, 0.0, -0.614121, -5e-06, -0.614121, 0.0, -0.789212, 0.473252, 0.0, 1.0, 0.0, 0.718494, 0.0, 0.0, 0.0, 1.0],
                [0.874919, 0.0, -0.48427, -5e-06, -0.48427, 0.0, -0.874919, 0.484484, 0.0, 1.0, 0.0, 0.717619, 0.0, 0.0, 0.0, 1.0],
                [0.945024, 0.0, -0.327001, -5e-06, -0.327001, 0.0, -0.945024, 0.494705, 0.0, 1.0, 0.0, 0.716823, 0.0, 0.0, 0.0, 1.0],
                [0.988543, 0.0, -0.150941, -5e-06, -0.150941, 0.0, -0.988543, 0.503889, 0.0, 1.0, 0.0, 0.716107, 0.0, 0.0, 0.0, 1.0],
                [0.99952, 0.0, 0.030994, -5e-06, 0.030994, 0.0, -0.99952, 0.512014, 0.0, 1.0, 0.0, 0.715474, 0.0, 0.0, 0.0, 1.0],
                [0.978838, 0.0, 0.204639, -5e-06, 0.204639, 0.0, -0.978838, 0.519064, 0.0, 1.0, 0.0, 0.714925, 0.0, 0.0, 0.0, 1.0],
                [0.933691, 0.0, 0.35808, -5e-06, 0.35808, 0.0, -0.933691, 0.52503, 0.0, 1.0, 0.0, 0.71446, 0.0, 0.0, 0.0, 1.0],
                [0.875083, 0.0, 0.483974, -5e-06, 0.483974, 0.0, -0.875083, 0.529904, 0.0, 1.0, 0.0, 0.71408, 0.0, 0.0, 0.0, 1.0],
                [0.814715, 0.0, 0.579862, -5e-06, 0.579862, 0.0, -0.814715, 0.533687, 0.0, 1.0, 0.0, 0.713785, 0.0, 0.0, 0.0, 1.0],
                [0.762567, 0.0, 0.646909, -5e-06, 0.646909, 0.0, -0.762567, 0.536381, 0.0, 1.0, 0.0, 0.713576, 0.0, 0.0, 0.0, 1.0],
                [0.725701, 0.0, 0.68801, -5e-06, 0.68801, 0.0, -0.725701, 0.53799, 0.0, 1.0, 0.0, 0.71345, 0.0, 0.0, 0.0, 1.0],
                [0.708087, 0.0, 0.706125, -5e-06, 0.706125, 0.0, -0.708087, 0.538524, 0.0, 1.0, 0.0, 0.713409, 0.0, 0.0, 0.0, 1.0],
                [0.700788, 0.0, 0.71337, -5e-06, 0.71337, 0.0, -0.700788, 0.538524, 0.0, 1.0, 0.0, 0.713409, 0.0, 0.0, 0.0, 1.0],
                [0.693646, 0.0, 0.720316, -5e-06, 0.720316, 0.0, -0.693646, 0.538524, 0.0, 1.0, 0.0, 0.713409, 0.0, 0.0, 0.0, 1.0],
                [0.686685, 0.0, 0.726955, -5e-06, 0.726955, 0.0, -0.686685, 0.538524, 0.0, 1.0, 0.0, 0.713409, 0.0, 0.0, 0.0, 1.0],
                [0.679926, 0.0, 0.733281, -5e-06, 0.733281, 0.0, -0.679926, 0.538524, 0.0, 1.0, 0.0, 0.713409, 0.0, 0.0, 0.0, 1.0],
                [0.673392, 0.0, 0.739286, -5e-06, 0.739286, 0.0, -0.673392, 0.538524, 0.0, 1.0, 0.0, 0.713409, 0.0, 0.0, 0.0, 1.0],
                [0.667104, 0.0, 0.744965, -5e-06, 0.744965, 0.0, -0.667104, 0.538524, 0.0, 1.0, 0.0, 0.713409, 0.0, 0.0, 0.0, 1.0],
                [0.661084, 0.0, 0.750312, -5e-06, 0.750312, 0.0, -0.661084, 0.538524, 0.0, 1.0, 0.0, 0.713409, 0.0, 0.0, 0.0, 1.0],
                [0.655353, 0.0, 0.755322, -5e-06, 0.755322, 0.0, -0.655353, 0.538524, 0.0, 1.0, 0.0, 0.713409, 0.0, 0.0, 0.0, 1.0],
                [0.649931, 0.0, 0.759994, -5e-06, 0.759994, 0.0, -0.649931, 0.538524, 0.0, 1.0, 0.0, 0.713409, 0.0, 0.0, 0.0, 1.0],
                [0.644833, 0.0, 0.764324, -5e-06, 0.764324, 0.0, -0.644833, 0.538524, 0.0, 1.0, 0.0, 0.713409, 0.0, 0.0, 0.0, 1.0],
                [0.640074, 0.0, 0.768313, -5e-06, 0.768313, 0.0, -0.640074, 0.538524, 0.0, 1.0, 0.0, 0.713409, 0.0, 0.0, 0.0, 1.0],
                [0.635666, 0.0, 0.771964, -5e-06, 0.771964, 0.0, -0.635666, 0.538524, 0.0, 1.0, 0.0, 0.713409, 0.0, 0.0, 0.0, 1.0],
                [0.631617, 0.0, 0.77528, -5e-06, 0.77528, 0.0, -0.631617, 0.538524, 0.0, 1.0, 0.0, 0.713409, 0.0, 0.0, 0.0, 1.0],
                [0.62793, 0.0, 0.77827, -5e-06, 0.77827, 0.0, -0.62793, 0.538524, 0.0, 1.0, 0.0, 0.713409, 0.0, 0.0, 0.0, 1.0],
                [0.624604, 0.0, 0.780941, -5e-06, 0.780941, 0.0, -0.624604, 0.538524, 0.0, 1.0, 0.0, 0.713409, 0.0, 0.0, 0.0, 1.0],
                [0.621635, 0.0, 0.783307, -5e-06, 0.783307, 0.0, -0.621635, 0.538524, 0.0, 1.0, 0.0, 0.713409, 0.0, 0.0, 0.0, 1.0],
                [0.619012, 0.0, 0.785381, -5e-06, 0.785381, 0.0, -0.619012, 0.538524, 0.0, 1.0, 0.0, 0.713409, 0.0, 0.0, 0.0, 1.0],
                [0.616722, 0.0, 0.787181, -5e-06, 0.787181, 0.0, -0.616722, 0.538524, 0.0, 1.0, 0.0, 0.713409, 0.0, 0.0, 0.0, 1.0],
                [0.614748, 0.0, 0.788723, -5e-06, 0.788723, 0.0, -0.614748, 0.538524, 0.0, 1.0, 0.0, 0.713409, 0.0, 0.0, 0.0, 1.0],
                [0.613069, 0.0, 0.790029, -5e-06, 0.790029, 0.0, -0.613069, 0.538524, 0.0, 1.0, 0.0, 0.713409, 0.0, 0.0, 0.0, 1.0],
                [0.611661, 0.0, 0.79112, -5e-06, 0.79112, 0.0, -0.611661, 0.538524, 0.0, 1.0, 0.0, 0.713409, 0.0, 0.0, 0.0, 1.0],
                [0.610501, 0.0, 0.792016, -5e-06, 0.792016, 0.0, -0.610501, 0.538524, 0.0, 1.0, 0.0, 0.713409, 0.0, 0.0, 0.0, 1.0],
                [0.609561, 0.0, 0.792739, -5e-06, 0.792739, 0.0, -0.609561, 0.538524, 0.0, 1.0, 0.0, 0.713409, 0.0, 0.0, 0.0, 1.0],
                [0.608816, 0.0, 0.793311, -5e-06, 0.793311, 0.0, -0.608816, 0.538524, 0.0, 1.0, 0.0, 0.713409, 0.0, 0.0, 0.0, 1.0],
                [0.60824, 0.0, 0.793753, -5e-06, 0.793753, 0.0, -0.60824, 0.538524, 0.0, 1.0, 0.0, 0.713409, 0.0, 0.0, 0.0, 1.0],
                [0.607808, 0.0, 0.794084, -5e-06, 0.794084, 0.0, -0.607808, 0.538524, 0.0, 1.0, 0.0, 0.713409, 0.0, 0.0, 0.0, 1.0],
                [0.607496, 0.0, 0.794323, -5e-06, 0.794323, 0.0, -0.607496, 0.538524, 0.0, 1.0, 0.0, 0.713409, 0.0, 0.0, 0.0, 1.0],
                [0.607281, 0.0, 0.794487, -5e-06, 0.794487, 0.0, -0.607281, 0.538524, 0.0, 1.0, 0.0, 0.713409, 0.0, 0.0, 0.0, 1.0],
                [0.607143, 0.0, 0.794593, -5e-06, 0.794593, 0.0, -0.607143, 0.538524, 0.0, 1.0, 0.0, 0.713409, 0.0, 0.0, 0.0, 1.0],
                [0.607062, 0.0, 0.794654, -5e-06, 0.794654, 0.0, -0.607062, 0.538524, 0.0, 1.0, 0.0, 0.713409, 0.0, 0.0, 0.0, 1.0],
                [0.607023, 0.0, 0.794684, -5e-06, 0.794684, 0.0, -0.607023, 0.538524, 0.0, 1.0, 0.0, 0.713409, 0.0, 0.0, 0.0, 1.0],
                [0.607009, 0.0, 0.794695, -5e-06, 0.794695, 0.0, -0.607009, 0.538524, 0.0, 1.0, 0.0, 0.713409, 0.0, 0.0, 0.0, 1.0],
                [0.607007, 0.0, 0.794697, -5e-06, 0.794697, 0.0, -0.607007, 0.538524, 0.0, 1.0, 0.0, 0.713409, 0.0, 0.0, 0.0, 1.0],
                [0.609958, 0.0, 0.792434, -5e-06, 0.792434, 0.0, -0.609958, 0.539621, 0.0, 1.0, 0.0, 0.713511, 0.0, 0.0, 0.0, 1.0],
                [0.618814, 0.0, 0.785537, -5e-06, 0.785537, 0.0, -0.618814, 0.542931, 0.0, 1.0, 0.0, 0.71382, 0.0, 0.0, 0.0, 1.0],
                [0.63347, 0.0, 0.773768, -5e-06, 0.773768, 0.0, -0.63347, 0.548473, 0.0, 1.0, 0.0, 0.714337, 0.0, 0.0, 0.0, 1.0],
                [0.653657, 0.0, 0.756791, -5e-06, 0.756791, 0.0, -0.653657, 0.556251, 0.0, 1.0, 0.0, 0.715063, 0.0, 0.0, 0.0, 1.0],
                [0.678929, 0.0, 0.734204, -5e-06, 0.734204, 0.0, -0.678929, 0.566247, 0.0, 1.0, 0.0, 0.715996, 0.0, 0.0, 0.0, 1.0],
                [0.708643, 0.0, 0.705567, -5e-06, 0.705567, 0.0, -0.708643, 0.578416, 0.0, 1.0, 0.0, 0.717132, 0.0, 0.0, 0.0, 1.0],
                [0.741953, 0.0, 0.670452, -5e-06, 0.670452, 0.0, -0.741953, 0.592689, 0.0, 1.0, 0.0, 0.718464, 0.0, 0.0, 0.0, 1.0],
                [0.777807, 0.0, 0.628503, -5e-06, 0.628503, 0.0, -0.777807, 0.608963, 0.0, 1.0, 0.0, 0.719983, 0.0, 0.0, 0.0, 1.0],
                [0.814971, 0.0, 0.579502, -5e-06, 0.579502, 0.0, -0.814971, 0.627101, 0.0, 1.0, 0.0, 0.721675, 0.0, 0.0, 0.0, 1.0],
                [0.852067, 0.0, 0.523433, -5e-06, 0.523433, 0.0, -0.852067, 0.646929, 0.0, 1.0, 0.0, 0.723526, 0.0, 0.0, 0.0, 1.0],
                [0.887634, 0.0, 0.460549, -5e-06, 0.460549, 0.0, -0.887634, 0.668237, 0.0, 1.0, 0.0, 0.725514, 0.0, 0.0, 0.0, 1.0],
                [0.920215, 0.0, 0.391413, -5e-06, 0.391413, 0.0, -0.920215, 0.690779, 0.0, 1.0, 0.0, 0.727618, 0.0, 0.0, 0.0, 1.0],
                [0.948454, 0.0, 0.316914, -5e-06, 0.316914, 0.0, -0.948454, 0.714278, 0.0, 1.0, 0.0, 0.729811, 0.0, 0.0, 0.0, 1.0],
                [0.971204, 0.0, 0.238251, -5e-06, 0.238251, 0.0, -0.971204, 0.738431, 0.0, 1.0, 0.0, 0.732065, 0.0, 0.0, 0.0, 1.0],
                [0.987618, 0.0, 0.156879, -5e-06, 0.156879, 0.0, -0.987618, 0.762916, 0.0, 1.0, 0.0, 0.734351, 0.0, 0.0, 0.0, 1.0],
                [0.997226, 0.0, 0.074426, -5e-06, 0.074426, 0.0, -0.997226, 0.7874, 0.0, 1.0, 0.0, 0.736636, 0.0, 0.0, 0.0, 1.0],
                [0.999973, 0.0, -0.007414, -5e-06, -0.007414, 0.0, -0.999973, 0.811553, 0.0, 1.0, 0.0, 0.73889, 0.0, 0.0, 0.0, 1.0],
                [0.996209, 0.0, -0.086997, -5e-06, -0.086997, 0.0, -0.996209, 0.835052, 0.0, 1.0, 0.0, 0.741083, 0.0, 0.0, 0.0, 1.0],
                [0.986655, 0.0, -0.162826, -5e-06, -0.162826, 0.0, -0.986655, 0.857594, 0.0, 1.0, 0.0, 0.743187, 0.0, 0.0, 0.0, 1.0],
                [0.972324, 0.0, -0.233635, -5e-06, -0.233635, 0.0, -0.972324, 0.878902, 0.0, 1.0, 0.0, 0.745175, 0.0, 0.0, 0.0, 1.0],
                [0.954429, 0.0, -0.29844, -5e-06, -0.29844, 0.0, -0.954429, 0.89873, 0.0, 1.0, 0.0, 0.747026, 0.0, 0.0, 0.0, 1.0],
                [0.934278, 0.0, -0.356546, -5e-06, -0.356546, 0.0, -0.934278, 0.916868, 0.0, 1.0, 0.0, 0.748719, 0.0, 0.0, 0.0, 1.0],
                [0.913187, 0.0, -0.40754, -5e-06, -0.40754, 0.0, -0.913187, 0.933142, 0.0, 1.0, 0.0, 0.750238, 0.0, 0.0, 0.0, 1.0],
                [0.892399, 0.0, -0.451248, -5e-06, -0.451248, 0.0, -0.892399, 0.947415, 0.0, 1.0, 0.0, 0.75157, 0.0, 0.0, 0.0, 1.0],
                [0.873021, 0.0, -0.487683, -5e-06, -0.487683, 0.0, -0.873021, 0.959585, 0.0, 1.0, 0.0, 0.752705, 0.0, 0.0, 0.0, 1.0],
                [0.855992, 0.0, -0.51699, -5e-06, -0.51699, 0.0, -0.855992, 0.96958, 0.0, 1.0, 0.0, 0.753638, 0.0, 0.0, 0.0, 1.0],
                [0.842059, 0.0, -0.539386, -5e-06, -0.539386, 0.0, -0.842059, 0.977358, 0.0, 1.0, 0.0, 0.754364, 0.0, 0.0, 0.0, 1.0],
                [0.831772, 0.0, -0.555118, -5e-06, -0.555118, 0.0, -0.831772, 0.982901, 0.0, 1.0, 0.0, 0.754881, 0.0, 0.0, 0.0, 1.0],
                [0.825489, 0.0, -0.564419, -5e-06, -0.564419, 0.0, -0.825489, 0.98621, 0.0, 1.0, 0.0, 0.75519, 0.0, 0.0, 0.0, 1.0],
                [0.823384, 0.0, -0.567485, -5e-06, -0.567485, 0.0, -0.823384, 0.987307, 0.0, 1.0, 0.0, 0.755293, 0.0, 0.0, 0.0, 1.0]
            ]
        },
        {
            "name": "Thigh_R",
            "time": [0.0, 0.0167, 0.0333, 0.05, 0.0667, 0.0833, 0.1, 0.1167, 0.1333, 0.15, 0.1667, 0.1833, 0.2, 0.2167, 0.2333, 0.25, 0.2667, 0.2833, 0.3, 0.3167, 0.3333, 0.35, 0.3667, 0.3833, 0.4, 0.4167, 0.4333, 0.45, 0.4667, 0.4833, 0.5, 0.5167, 0.5333, 0.55, 0.5667, 0.5833, 0.6, 0.6167, 0.6333, 0.65, 0.6667, 0.6833, 0.7, 0.7167, 0.7333, 0.75, 0.7667, 0.7833, 0.8, 0.8167, 0.8333, 0.85, 0.8667, 0.8833, 0.9, 0.9167, 0.9333, 0.95, 0.9667, 0.9833, 1.0, 1.0167, 1.0333, 1.05, 1.0667, 1.0833, 1.1, 1.1167, 1.1333, 1.15, 1.1667, 1.1833, 1.2, 1.2167, 1.2333, 1.25, 1.2667, 1.2833, 1.3, 1.3167, 1.3333, 1.35, 1.3667, 1.3833, 1.4, 1.4167, 1.4333, 1.45, 1.4667, 1.4833, 1.5, 1.5167, 1.5333, 1.55, 1.5667, 1.5833, 1.6, 1.6167, 1.6333, 1.65, 1.6667, 1.6833, 1.7, 1.7167, 1.7333, 1.75, 1.7667, 1.7833, 1.8, 1.8167, 1.8333],
            "transform": [
                [0.989123, 0.124561, 0.078232, 0.124994, 0.126625, -0.991707, -0.021973, -0.002831, 0.074846, 0.03164, -0.996693, -1.2e-05, 0.0, 0.0, 0.0, 1.0],
                [0.989269, 0.12458, 0.07633, 0.124994, 0.126326, -0.991816, -0.01848, -0.002831, 0.073404, 0.027924, -0.996911, -1.2e-05, 0.0, 0.0, 0.0, 1.0],
                [0.989701, 0.124447, 0.070741, 0.124994, 0.125391, -0.992066, -0.009044, -0.002831, 0.069054, 0.017821, -0.997454, -1.2e-05, 0.0, 0.0, 0.0, 1.0],
                [0.990387, 0.123819, 0.061659, 0.124994, 0.123764, -0.9923, 0.004732, -0.002831, 0.06177, 0.002944, -0.998086, -1.2e-05, 0.0, 0.0, 0.0, 1.0],
                [0.991264, 0.122335, 0.049291, 0.124994, 0.121406, -0.992371, 0.021426, -0.002831, 0.051536, -0.015254, -0.998555, -1.2e-05, 0.0, 0.0, 0.0, 1.0],
                [0.992235, 0.119695, 0.033793, 0.124994, 0.118314, -0.992159, 0.040267, -0.002831, 0.038348, -0.035956, -0.998617, -1.2e-05, 0.0, 0.0, 0.0, 1.0],
                [0.993175, 0.115618, 0.015356, 0.124994, 0.114497, -0.991578, 0.060521, -0.002831, 0.022224, -0.058349, -0.998049, -1.2e-05, 0.0, 0.0, 0.0, 1.0],
                [0.993928, 0.109878, -0.005835, 0.124994, 0.109986, -0.990561, 0.081807, -0.002831, 0.003209, -0.081952, -0.996631, -1.2e-05, 0.0, 0.0, 0.0, 1.0],
                [0.994315, 0.102286, -0.029584, 0.124994, 0.104837, -0.989039, 0.103977, -0.002831, -0.018624, -0.106487, -0.99414, -1.2e-05, 0.0, 0.0, 0.0, 1.0],
                [0.99414, 0.092684, -0.055632, 0.124994, 0.099109, -0.986971, 0.126747, -0.002831, -0.04316, -0.131518, -0.990374, -1.2e-05, 0.0, 0.0, 0.0, 1.0],
                [0.993197, 0.080974, -0.083685, 0.124994, 0.092874, -0.984345, 0.149794, -0.002831, -0.070245, -0.156547, -0.985169, -1.2e-05, 0.0, 0.0, 0.0, 1.0],
                [0.991277, 0.067103, -0.113434, 0.124994, 0.086223, -0.981123, 0.173098, -0.002831, -0.099677, -0.181369, -0.97835, -1.2e-05, 0.0, 0.0, 0.0, 1.0],
                [0.988182, 0.051106, -0.144514, 0.124994, 0.079245, -0.977347, 0.196248, -0.002831, -0.131211, -0.205381, -0.969847, -1.2e-05, 0.0, 0.0, 0.0, 1.0],
                [0.983733, 0.033056, -0.17657, 0.124994, 0.072051, -0.973002, 0.21926, -0.002831, -0.164556, -0.228415, -0.959556, -1.2e-05, 0.0, 0.0, 0.0, 1.0],
                [0.97778, 0.013157, -0.209217, 0.124994, 0.064738, -0.968197, 0.241669, -0.002831, -0.199384, -0.249843, -0.947536, -1.2e-05, 0.0, 0.0, 0.0, 1.0],
                [0.970215, -0.008357, -0.242098, 0.124994, 0.057423, -0.962985, 0.263368, -0.002831, -0.235338, -0.269426, -0.933823, -1.2e-05, 0.0, 0.0, 0.0, 1.0],
                [0.960975, -0.031168, -0.274873, 0.124994, 0.050219, -0.957468, 0.284136, -0.002831, -0.272038, -0.286852, -0.918538, -1.2e-05, 0.0, 0.0, 0.0, 1.0],
                [0.950046, -0.054893, -0.307244, 0.124994, 0.043235, -0.951775, 0.303735, -0.002831, -0.3091, -0.301846, -0.901857, -1.2e-05, 0.0, 0.0, 0.0, 1.0],
                [0.937469, -0.079093, -0.338963, 0.124994, 0.036578, -0.946061, 0.321915, -0.002831, -0.346141, -0.314184, -0.88401, -1.2e-05, 0.0, 0.0, 0.0, 1.0],
                [0.923334, -0.103286, -0.369847, 0.124994, 0.030349, -0.940506, 0.338418, -0.002831, -0.382797, -0.323697, -0.865267, -1.2e-05, 0.0, 0.0, 0.0, 1.0],
                [0.907776, -0.126951, -0.399781, 0.124994, 0.024639, -0.935315, 0.352957, -0.002831, -0.418729, -0.330256, -0.845929, -1.2e-05, 0.0, 0.0, 0.0, 1.0],
                [0.890973, -0.149526, -0.428729, 0.124994, 0.019528, -0.930728, 0.365189, -0.002831, -0.453635, -0.333746, -0.826335, -1.2e-05, 0.0, 0.0, 0.0, 1.0],
                [0.873132, -0.170353, -0.456751, 0.124994, 0.015077, -0.927069, 0.374587, -0.002831, -0.487252, -0.33395, -0.806885, -1.2e-05, 0.0, 0.0, 0.0, 1.0],
                [0.854483, -0.188795, -0.483958, 0.124994, 0.011334, -0.924624, 0.380713, -0.002831, -0.519356, -0.330798, -0.787935, -1.2e-05, 0.0, 0.0, 0.0, 1.0],
                [0.835273, -0.203994, -0.510593, 0.124994, 0.008317, -0.923835, 0.382699, -0.002831, -0.549772, -0.323905, -0.769958, -1.2e-05, 0.0, 0.0, 0.0, 1.0],
                [0.815748, -0.214425, -0.537193, 0.124994, 0.005984, -0.925567, 0.378535, -0.002831, -0.578375, -0.312004, -0.753747, -1.2e-05, 0.0, 0.0, 0.0, 1.0],
                [0.796138, -0.217011, -0.564863, 0.124994, 0.00418, -0.931486, 0.363753, -0.002831, -0.6051, -0.291959, -0.740684, -1.2e-05, 0.0, 0.0, 0.0, 1.0],
                [0.776435, -0.189256, -0.601108, 0.124994, 0.001574, -0.953256, 0.30216, -0.002831, -0.630195, -0.235554, -0.739844, -1.2e-05, 0.0, 0.0, 0.0, 1.0],
                [0.757898, -0.207068, -0.618638, 0.124994, 0.002764, -0.947261, 0.32045, -0.002831, -0.652366, -0.244579, -0.717355, -1.2e-05, 0.0, 0.0, 0.0, 1.0],
                [0.74017, -0.223885, -0.634054, 0.124994, 0.004747, -0.941179, 0.337873, -0.002831, -0.672403, -0.253093, -0.69557, -1.2e-05, 0.0, 0.0, 0.0, 1.0],
                [0.72348, -0.23958, -0.647439, 0.124994, 0.007445, -0.935086, 0.354341, -0.002831, -0.690304, -0.261179, -0.674733, -1.2e-05, 0.0, 0.0, 0.0, 1.0],
                [0.708044, -0.254046, -0.658888, 0.124994, 0.010765, -0.929056, 0.369783, -0.002831, -0.706086, -0.268916, -0.655078, -1.2e-05, 0.0, 0.0, 0.0, 1.0],
                [0.703264, -0.263437, -0.660318, 0.124994, 0.013358, -0.92375, 0.382762, -0.002831, -0.710803, -0.278003, -0.646122, -1.2e-05, 0.0, 0.0, 0.0, 1.0],
                [0.718694, -0.263277, -0.643556, 0.124994, 0.013921, -0.919911, 0.391879, -0.002831, -0.695187, -0.2906, -0.65747, -1.2e-05, 0.0, 0.0, 0.0, 1.0],
                [0.753114, -0.25244, -0.60753, 0.124994, 0.012615, -0.917742, 0.396976, -0.002831, -0.657769, -0.306632, -0.687981, -1.2e-05, 0.0, 0.0, 0.0, 1.0],
                [0.802832, -0.229848, -0.55012, 0.124994, 0.009884, -0.917442, 0.397745, -0.002831, -0.596124, -0.32476, -0.73428, -1.2e-05, 0.0, 0.0, 0.0, 1.0],
                [0.861433, -0.194902, -0.468985, 0.124994, 0.006473, -0.919144, 0.393869, -0.002831, -0.50783, -0.342327, -0.790519, -1.2e-05, 0.0, 0.0, 0.0, 1.0],
                [0.919996, -0.148099, -0.362868, 0.124994, 0.003388, -0.922818, 0.385222, -0.002831, -0.391912, -0.355632, -0.848487, -1.2e-05, 0.0, 0.0, 0.0, 1.0],
                [0.968126, -0.09161, -0.233106, 0.124994, 0.001767, -0.928186, 0.372113, -0.002831, -0.250455, -0.360664, -0.898439, -1.2e-05, 0.0, 0.0, 0.0, 1.0],
                [0.995962, -0.029438, -0.084808, 0.124994, 0.002641, -0.934687, 0.355461, -0.002831, -0.089733, -0.35425, -0.930836, -1.2e-05, 0.0, 0.0, 0.0, 1.0],
                [0.996614, 0.045536, 0.068462, 0.124994, 0.010517, -0.896397, 0.443126, -0.002831, 0.081547, -0.440905, -0.893841, -1.2e-05, 0.0, 0.0, 0.0, 1.0],
                [0.96854, 0.133784, 0.209835, 0.124994, 0.019343, -0.881122, 0.472493, -0.002831, 0.248103, -0.453569, -0.85599, -1.2e-05, 0.0, 0.0, 0.0, 1.0],
                [0.916777, 0.21773, 0.334834, 0.124994, 0.029865, -0.873367, 0.486147, -0.002831, 0.398281, -0.435688, -0.807185, -1.2e-05, 0.0, 0.0, 0.0, 1.0],
                [0.851088, 0.28859, 0.438594, 0.124994, 0.041071, -0.869417, 0.492368, -0.002831, 0.523414, -0.401035, -0.751803, -1.2e-05, 0.0, 0.0, 0.0, 1.0],
                [0.783271, 0.34238, 0.518905, 0.124994, 0.051617, -0.867615, 0.494549, -0.002831, 0.619534, -0.360582, -0.69725, -1.2e-05, 0.0, 0.0, 0.0, 1.0],
                [0.724246, 0.379252, 0.575878, 0.124994, 0.060303, -0.866797, 0.495001, -0.002831, 0.6869, -0.323776, -0.650644, -1.2e-05, 0.0, 0.0, 0.0, 1.0],
                [0.68216, 0.401167, 0.611328, 0.124994, 0.066251, -0.86653, 0.494709, -0.002831, 0.728195, -0.296969, -0.61769, -1.2e-05, 0.0, 0.0, 0.0, 1.0],
                [0.66174, 0.410612, 0.627295, 0.124994, 0.068986, -0.866488, 0.494408, -0.002831, 0.746553, -0.283895, -0.601717, -1.2e-05, 0.0, 0.0, 0.0, 1.0],
                [0.652984, 0.414357, 0.633972, 0.124994, 0.070033, -0.866516, 0.494212, -0.002831, 0.754127, -0.278313, -0.59484, -1.2e-05, 0.0, 0.0, 0.0, 1.0],
                [0.644408, 0.417914, 0.64038, 0.124994, 0.071057, -0.866548, 0.494009, -0.002831, 0.761373, -0.27284, -0.588106, -1.2e-05, 0.0, 0.0, 0.0, 1.0],
                [0.636039, 0.421282, 0.64651, 0.124994, 0.072054, -0.866584, 0.493801, -0.002831, 0.768285, -0.267493, -0.581537, -1.2e-05, 0.0, 0.0, 0.0, 1.0],
                [0.627906, 0.42446, 0.652355, 0.124994, 0.073022, -0.866624, 0.49359, -0.002831, 0.774856, -0.262291, -0.575154, -1.2e-05, 0.0, 0.0, 0.0, 1.0],
                [0.620036, 0.427447, 0.657909, 0.124994, 0.073958, -0.866666, 0.493377, -0.002831, 0.781079, -0.257254, -0.568977, -1.2e-05, 0.0, 0.0, 0.0, 1.0],
                [0.612457, 0.430244, 0.663164, 0.124994, 0.074858, -0.866709, 0.493165, -0.002831, 0.786952, -0.252399, -0.563029, -1.2e-05, 0.0, 0.0, 0.0, 1.0],
                [0.605195, 0.432853, 0.668115, 0.124994, 0.075719, -0.866753, 0.492956, -0.002831, 0.792468, -0.247746, -0.55733, -1.2e-05, 0.0, 0.0, 0.0, 1.0],
                [0.598276, 0.435273, 0.672757, 0.124994, 0.076539, -0.866797, 0.492751, -0.002831, 0.797625, -0.24331, -0.5519, -1.2e-05, 0.0, 0.0, 0.0, 1.0],
                [0.591726, 0.437507, 0.677087, 0.124994, 0.077314, -0.866842, 0.492552, -0.002831, 0.802423, -0.239108, -0.546758, -1.2e-05, 0.0, 0.0, 0.0, 1.0],
                [0.585564, 0.43956, 0.681103, 0.124994, 0.078042, -0.866885, 0.492362, -0.002831, 0.80686, -0.235154, -0.541921, -1.2e-05, 0.0, 0.0, 0.0, 1.0],
                [0.579809, 0.441433, 0.684805, 0.124994, 0.078722, -0.866927, 0.492178, -0.002831, 0.81094, -0.23146, -0.537404, -1.2e-05, 0.0, 0.0, 0.0, 1.0],
                [0.574476, 0.443131, 0.688194, 0.124994, 0.079352, -0.866968, 0.492005, -0.002831, 0.814665, -0.228036, -0.533216, -1.2e-05, 0.0, 0.0, 0.0, 1.0],
                [0.569575, 0.444662, 0.691274, 0.124994, 0.07993, -0.867006, 0.491844, -0.002831, 0.818044, -0.224889, -0.529367, -1.2e-05, 0.0, 0.0, 0.0, 1.0],
                [0.56511, 0.446032, 0.69405, 0.124994, 0.080456, -0.867042, 0.491696, -0.002831, 0.821083, -0.222022, -0.52586, -1.2e-05, 0.0, 0.0, 0.0, 1.0],
                [0.561082, 0.447246, 0.696533, 0.124994, 0.08093, -0.867075, 0.49156, -0.002831, 0.823794, -0.219435, -0.522696, -1.2e-05, 0.0, 0.0, 0.0, 1.0],
                [0.557484, 0.448315, 0.698731, 0.124994, 0.081354, -0.867104, 0.491438, -0.002831, 0.826192, -0.217124, -0.519869, -1.2e-05, 0.0, 0.0, 0.0, 1.0],
                [0.554305, 0.449247, 0.700659, 0.124994, 0.081728, -0.867131, 0.491329, -0.002831, 0.828291, -0.215083, -0.517371, -1.2e-05, 0.0, 0.0, 0.0, 1.0],
                [0.551529, 0.450051, 0.702331, 0.124994, 0.082054, -0.867155, 0.491233, -0.002831, 0.83011, -0.2133, -0.51519, -1.2e-05, 0.0, 0.0, 0.0, 1.0],
                [0.549136, 0.450737, 0.703765, 0.124994, 0.082336, -0.867175, 0.49115, -0.002831, 0.831667, -0.211763, -0.513309, -1.2e-05, 0.0, 0.0, 0.0, 1.0],
                [0.547099, 0.451316, 0.70498, 0.124994, 0.082575, -0.867192, 0.491079, -0.002831, 0.832985, -0.210455, -0.511708, -1.2e-05, 0.0, 0.0, 0.0, 1.0],
                [0.545392, 0.451797, 0.705994, 0.124994, 0.082776, -0.867207, 0.491019, -0.002831, 0.834084, -0.209359, -0.510366, -1.2e-05, 0.0, 0.0, 0.0, 1.0],
                [0.543984, 0.452192, 0.706826, 0.124994, 0.082941, -0.867219, 0.49097, -0.002831, 0.834986, -0.208455, -0.509259, -1.2e-05, 0.0, 0.0, 0.0, 1.0],
                [0.542844, 0.45251, 0.707499, 0.124994, 0.083075, -0.867229, 0.49093, -0.002831, 0.835714, -0.207723, -0.508363, -1.2e-05, 0.0, 0.0, 0.0, 1.0],
                [0.541941, 0.45276, 0.708031, 0.124994, 0.083181, -0.867237, 0.490898, -0.002831, 0.83629, -0.207142, -0.507652, -1.2e-05, 0.0, 0.0, 0.0, 1.0],
                [0.541242, 0.452954, 0.708442, 0.124994, 0.083263, -0.867243, 0.490873, -0.002831, 0.836734, -0.206694, -0.507103, -1.2e-05, 0.0, 0.0, 0.0, 1.0],
                [0.540717, 0.453098, 0.70875, 0.124994, 0.083325, -0.867247, 0.490855, -0.002831, 0.837067, -0.206357, -0.506691, -1.2e-05, 0.0, 0.0, 0.0, 1.0],
                [0.540338, 0.453203, 0.708972, 0.124994, 0.083369, -0.867251, 0.490841, -0.002831, 0.837307, -0.206114, -0.506393, -1.2e-05, 0.0, 0.0, 0.0, 1.0],
                [0.540078, 0.453275, 0.709125, 0.124994, 0.0834, -0.867253, 0.490832, -0.002831, 0.837472, -0.205947, -0.506187, -1.2e-05, 0.0, 0.0, 0.0, 1.0],
                [0.53991, 0.453321, 0.709223, 0.124994, 0.08342, -0.867255, 0.490826, -0.002831, 0.837579, -0.205839, -0.506055, -1.2e-05, 0.0, 0.0, 0.0, 1.0],
                [0.539813, 0.453347, 0.70928, 0.124994, 0.083431, -0.867255, 0.490823, -0.002831, 0.83764, -0.205776, -0.505979, -1.2e-05, 0.0, 0.0, 0.0, 1.0],
                [0.539765, 0.453361, 0.709308, 0.124994, 0.083437, -0.867256, 0.490821, -0.002831, 0.83767, -0.205746, -0.505941, -1.2e-05, 0.0, 0.0, 0.0, 1.0],
                [0.539748, 0.453365, 0.709318, 0.124994, 0.083439, -0.867256, 0.49082, -0.002831, 0.837681, -0.205735, -0.505928, -1.2e-05, 0.0, 0.0, 0.0, 1.0],
                [0.539746, 0.453366, 0.70932, 0.124994, 0.083439, -0.867256, 0.49082, -0.002831, 0.837683, -0.205733, -0.505926, -1.2e-05, 0.0, 0.0, 0.0, 1.0],
                [0.541414, 0.452309, 0.708722, 0.124994, 0.082567, -0.867488, 0.490559, -0.002831, 0.836691, -0.207079, -0.507016, -1.2e-05, 0.0, 0.0, 0.0, 1.0],
                [0.54644, 0.449068, 0.706924, 0.124994, 0.079966, -0.86821, 0.489711, -0.002831, 0.833672, -0.211068, -0.510335, -1.2e-05, 0.0, 0.0, 0.0, 1.0],
                [0.554811, 0.443473, 0.703929, 0.124994, 0.075715, -0.869495, 0.488103, -0.002831, 0.828524, -0.217507, -0.515984, -1.2e-05, 0.0, 0.0, 0.0, 1.0],
                [0.566468, 0.435299, 0.699735, 0.124994, 0.069976, -0.871448, 0.485471, -0.002831, 0.821107, -0.22604, -0.524108, -1.2e-05, 0.0, 0.0, 0.0, 1.0],
                [0.581293, 0.424381, 0.694261, 0.124994, 0.062994, -0.874131, 0.481587, -0.002831, 0.811252, -0.236209, -0.534861, -1.2e-05, 0.0, 0.0, 0.0, 1.0],
                [0.599119, 0.410361, 0.687503, 0.124994, 0.055091, -0.877763, 0.475917, -0.002831, 0.798762, -0.247256, -0.548491, -1.2e-05, 0.0, 0.0, 0.0, 1.0],
                [0.619716, 0.393189, 0.679231, 0.124994, 0.046667, -0.882383, 0.468211, -0.002831, 0.783438, -0.25846, -0.565176, -1.2e-05, 0.0, 0.0, 0.0, 1.0],
                [0.642801, 0.372899, 0.669143, 0.124994, 0.038185, -0.88803, 0.458198, -0.002831, 0.765081, -0.268979, -0.585066, -1.2e-05, 0.0, 0.0, 0.0, 1.0],
                [0.668038, 0.349715, 0.65683, 0.124994, 0.030139, -0.894675, 0.445698, -0.002831, 0.743517, -0.277947, -0.608217, -1.2e-05, 0.0, 0.0, 0.0, 1.0],
                [0.69503, 0.324083, 0.641796, 0.124994, 0.023029, -0.902225, 0.430651, -0.002831, 0.718611, -0.284536, -0.634537, -1.2e-05, 0.0, 0.0, 0.0, 1.0],
                [0.72333, 0.296669, 0.623524, 0.124994, 0.017322, -0.910511, 0.413121, -0.002831, 0.690286, -0.288022, -0.663739, -1.2e-05, 0.0, 0.0, 0.0, 1.0],
                [0.752426, 0.268332, 0.601542, 0.124994, 0.013416, -0.919313, 0.393299, -0.002831, 0.65854, -0.287858, -0.695315, -1.2e-05, 0.0, 0.0, 0.0, 1.0],
                [0.781759, 0.24006, 0.575521, 0.124994, 0.01161, -0.928372, 0.371471, -0.002831, 0.623473, -0.283719, -0.72855, -1.2e-05, 0.0, 0.0, 0.0, 1.0],
                [0.810724, 0.212889, 0.545349, 0.124994, 0.012075, -0.937419, 0.347993, -0.002831, 0.585304, -0.275541, -0.762559, -1.2e-05, 0.0, 0.0, 0.0, 1.0],
                [0.838699, 0.187801, 0.511189, 0.124994, 0.014848, -0.946196, 0.323253, -0.002831, 0.544392, -0.263521, -0.796363, -1.2e-05, 0.0, 0.0, 0.0, 1.0],
                [0.86508, 0.165583, 0.473516, 0.124994, 0.019831, -0.954501, 0.297548, -0.002831, 0.50124, -0.248013, -0.829004, -1.2e-05, 0.0, 0.0, 0.0, 1.0],
                [0.889321, 0.146943, 0.433032, 0.124994, 0.026808, -0.962089, 0.271415, -0.002831, 0.456498, -0.229766, -0.859545, -1.2e-05, 0.0, 0.0, 0.0, 1.0],
                [0.910976, 0.132113, 0.390728, 0.124994, 0.035451, -0.968888, 0.244947, -0.002831, 0.410932, -0.209289, -0.887318, -1.2e-05, 0.0, 0.0, 0.0, 1.0],
                [0.929744, 0.121144, 0.347706, 0.124994, 0.045363, -0.974818, 0.218339, -0.002831, 0.365401, -0.187226, -0.911827, -1.2e-05, 0.0, 0.0, 0.0, 1.0],
                [0.945483, 0.113901, 0.305103, 0.124994, 0.056107, -0.979807, 0.19191, -0.002831, 0.320801, -0.164329, -0.932782, -1.2e-05, 0.0, 0.0, 0.0, 1.0],
                [0.95822, 0.109897, 0.264076, 0.124994, 0.067219, -0.983908, 0.16555, -0.002831, 0.27802, -0.140882, -0.950188, -1.2e-05, 0.0, 0.0, 0.0, 1.0],
                [0.968135, 0.108624, 0.225644, 0.124994, 0.078255, -0.987133, 0.139445, -0.002831, 0.237888, -0.117344, -0.964178, -1.2e-05, 0.0, 0.0, 0.0, 1.0],
                [0.975529, 0.109456, 0.19069, 0.124994, 0.088803, -0.989538, 0.113699, -0.002831, 0.20114, -0.093983, -0.975044, -1.2e-05, 0.0, 0.0, 0.0, 1.0],
                [0.980786, 0.111726, 0.159924, 0.124994, 0.098497, -0.991202, 0.088411, -0.002831, 0.168395, -0.070961, -0.983162, -1.2e-05, 0.0, 0.0, 0.0, 1.0],
                [0.98433, 0.114782, 0.133861, 0.124994, 0.107031, -0.992209, 0.063755, -0.002831, 0.140136, -0.048429, -0.988947, -1.2e-05, 0.0, 0.0, 0.0, 1.0],
                [0.986581, 0.118019, 0.112825, 0.124994, 0.114166, -0.992654, 0.040048, -0.002831, 0.116722, -0.02663, -0.992808, -1.2e-05, 0.0, 0.0, 0.0, 1.0],
                [0.987918, 0.120909, 0.096946, 0.124994, 0.119734, -0.992645, 0.01787, -0.002831, 0.098394, -0.006046, -0.995129, -1.2e-05, 0.0, 0.0, 0.0, 1.0],
                [0.988655, 0.12304, 0.086154, 0.124994, 0.123644, -0.992325, -0.00169, -0.002831, 0.085285, 0.012323, -0.99628, -1.2e-05, 0.0, 0.0, 0.0, 1.0],
                [0.989015, 0.124223, 0.080112, 0.124994, 0.125904, -0.991909, -0.016255, -0.002831, 0.077444, 0.026163, -0.996653, -1.2e-05, 0.0, 0.0, 0.0, 1.0],
                [0.989123, 0.124561, 0.078231, 0.124994, 0.126625, -0.991707, -0.021973, -0.002831, 0.074846, 0.03164, -0.996693, -1.2e-05, 0.0, 0.0, 0.0, 1.0]
            ]
        },
        {
            "name": "Leg_R",
            "time": [0.0, 0.0167, 0.0333, 0.05, 0.0667, 0.0833, 0.1, 0.1167, 0.1333, 0.15, 0.1667, 0.1833, 0.2, 0.2167, 0.2333, 0.25, 0.2667, 0.2833, 0.3, 0.3167, 0.3333, 0.35, 0.3667, 0.3833, 0.4, 0.4167, 0.4333, 0.45, 0.4667, 0.4833, 0.5, 0.5167, 0.5333, 0.55, 0.5667, 0.5833, 0.6, 0.6167, 0.6333, 0.65, 0.6667, 0.6833, 0.7, 0.7167, 0.7333, 0.75, 0.7667, 0.7833, 0.8, 0.8167, 0.8333, 0.85, 0.8667, 0.8833, 0.9, 0.9167, 0.9333, 0.95, 0.9667, 0.9833, 1.0, 1.0167, 1.0333, 1.05, 1.0667, 1.0833, 1.1, 1.1167, 1.1333, 1.15, 1.1667, 1.1833, 1.2, 1.2167, 1.2333, 1.25, 1.2667, 1.2833, 1.3, 1.3167, 1.3333, 1.35, 1.3667, 1.3833, 1.4, 1.4167, 1.4333, 1.45, 1.4667, 1.4833, 1.5, 1.5167, 1.5333, 1.55, 1.5667, 1.5833, 1.6, 1.6167, 1.6333, 1.65, 1.6667, 1.6833, 1.7, 1.7167, 1.7333, 1.75, 1.7667, 1.7833, 1.8, 1.8167, 1.8333],
            "transform": [
                [0.999993, -0.003608, -0.000294, 0.0, 0.003619, 0.995114, 0.098663, 0.374721, -6.4e-05, -0.098663, 0.995121, -0.0, 0.0, 0.0, 0.0, 1.0],
                [0.999993, -0.003823, -0.000316, -0.0, 0.003835, 0.994512, 0.104554, 0.374721, -8.6e-05, -0.104555, 0.994519, 0.0, 0.0, 0.0, 0.0, 1.0],
                [0.99999, -0.004392, -0.00038, 0.0, 0.004405, 0.992753, 0.12009, 0.374721, -0.000151, -0.12009, 0.992763, 0.0, 0.0, 0.0, 0.0, 1.0],
                [0.999986, -0.005192, -0.000485, -0.0, 0.005208, 0.989857, 0.141969, 0.374721, -0.000256, -0.141969, 0.989871, -0.0, 0.0, 0.0, 0.0, 1.0],
                [0.999981, -0.006116, -0.00063, -0.0, 0.006135, 0.985896, 0.167246, 0.374721, -0.000402, -0.167246, 0.985915, 0.0, 0.0, 0.0, 0.0, 1.0],
                [0.999974, -0.007105, -0.000812, 0.0, 0.007128, 0.980917, 0.194296, 0.374721, -0.000584, -0.194297, 0.980943, 0.0, 0.0, 0.0, 0.0, 1.0],
                [0.999966, -0.008103, -0.001024, 0.0, 0.008129, 0.975105, 0.221595, 0.374721, -0.000797, -0.221596, 0.975138, 0.0, 0.0, 0.0, 0.0, 1.0],
                [0.999958, -0.009082, -0.001261, -0.0, 0.00911, 0.968628, 0.248347, 0.374721, -0.001034, -0.248348, 0.96867, -0.0, 0.0, 0.0, 0.0, 1.0],
                [0.999949, -0.010029, -0.001517, -0.0, 0.01006, 0.961608, 0.274241, 0.374721, -0.001291, -0.274242, 0.96166, -0.0, 0.0, 0.0, 0.0, 1.0],
                [0.999939, -0.010925, -0.001785, -0.0, 0.010959, 0.954271, 0.298742, 0.374721, -0.00156, -0.298743, 0.954332, 0.0, 0.0, 0.0, 0.0, 1.0],
                [0.999929, -0.011749, -0.002054, -0.0, 0.011786, 0.946911, 0.321278, 0.374721, -0.00183, -0.321279, 0.946983, -0.0, 0.0, 0.0, 0.0, 1.0],
                [0.999919, -0.012503, -0.002319, 0.0, 0.012542, 0.939656, 0.341892, 0.374721, -0.002096, -0.341893, 0.939737, 0.0, 0.0, 0.0, 0.0, 1.0],
                [0.99991, -0.013162, -0.002566, 0.0, 0.013203, 0.932888, 0.359924, 0.374721, -0.002344, -0.359925, 0.932978, -0.0, 0.0, 0.0, 0.0, 1.0],
                [0.999902, -0.013734, -0.002792, 0.0, 0.013777, 0.926698, 0.375554, 0.374721, -0.00257, -0.375555, 0.926797, -0.0, 0.0, 0.0, 0.0, 1.0],
                [0.999895, -0.014192, -0.002981, 0.0, 0.014236, 0.921514, 0.388085, 0.374721, -0.00276, -0.388087, 0.921619, -0.0, 0.0, 0.0, 0.0, 1.0],
                [0.999889, -0.014537, -0.003129, 0.0, 0.014582, 0.91748, 0.397515, 0.374721, -0.002908, -0.397517, 0.91759, 0.0, 0.0, 0.0, 0.0, 1.0],
                [0.999886, -0.014761, -0.003227, 0.0, 0.014807, 0.914799, 0.403638, 0.374721, -0.003006, -0.40364, 0.914913, -0.0, 0.0, 0.0, 0.0, 1.0],
                [0.999884, -0.014855, -0.003268, 0.0, 0.014902, 0.913655, 0.406217, 0.374721, -0.003048, -0.406219, 0.913771, 0.0, 0.0, 0.0, 0.0, 1.0],
                [0.999885, -0.01481, -0.003248, -0.0, 0.014856, 0.914202, 0.404985, 0.374721, -0.003028, -0.404987, 0.914318, -0.0, 0.0, 0.0, 0.0, 1.0],
                [0.999888, -0.014614, -0.003162, -0.0, 0.01466, 0.916556, 0.399639, 0.374721, -0.002942, -0.39964, 0.916667, 0.0, 0.0, 0.0, 0.0, 1.0],
                [0.999894, -0.014254, -0.003008, -0.0, 0.014299, 0.92079, 0.389796, 0.374721, -0.002787, -0.389798, 0.920897, 0.0, 0.0, 0.0, 0.0, 1.0],
                [0.999902, -0.013711, -0.002783, -0.0, 0.013754, 0.926954, 0.374923, 0.374721, -0.002561, -0.374925, 0.927052, -0.0, 0.0, 0.0, 0.0, 1.0],
                [0.999913, -0.012948, -0.002484, -0.0, 0.012989, 0.935127, 0.354076, 0.374721, -0.002262, -0.354077, 0.935213, -0.0, 0.0, 0.0, 0.0, 1.0],
                [0.999927, -0.011937, -0.002118, 0.0, 0.011975, 0.945146, 0.326429, 0.374721, -0.001894, -0.32643, 0.94522, -0.0, 0.0, 0.0, 0.0, 1.0],
                [0.999942, -0.010613, -0.001689, -0.0, 0.010647, 0.956899, 0.290227, 0.374721, -0.001464, -0.290228, 0.956956, 0.0, 0.0, 0.0, 0.0, 1.0],
                [0.99996, -0.008823, -0.001195, 0.0, 0.008851, 0.970419, 0.241266, 0.374721, -0.000969, -0.241267, 0.970459, 0.0, 0.0, 0.0, 0.0, 1.0],
                [0.999981, -0.006219, -0.000648, -0.0, 0.006239, 0.985413, 0.170066, 0.374721, -0.000419, -0.170066, 0.985432, 0.0, 0.0, 0.0, 0.0, 1.0],
                [1.0, -1.6e-05, -0.000115, 0.0, 1.6e-05, 1.0, 0.000434, 0.37472, 0.000115, -0.000434, 1.0, -0.0, 0.0, 0.0, 0.0, 1.0],
                [1.0, -1.6e-05, -0.000115, -0.0, 1.6e-05, 1.0, 0.000435, 0.374721, 0.000115, -0.000435, 1.0, 0.0, 0.0, 0.0, 0.0, 1.0],
                [1.0, -1.6e-05, -0.000115, -0.0, 1.6e-05, 1.0, 0.000435, 0.374721, 0.000115, -0.000435, 1.0, -0.0, 0.0, 0.0, 0.0, 1.0],
