{
    "animation": [
        {
            "name": "Root",
            "time": [0.0, 0.0167, 0.0333, 0.05, 0.0667, 0.0833, 0.1, 0.1167, 0.1333, 0.15, 0.1667, 0.1833, 0.2, 0.2167, 0.2333, 0.25, 0.2667, 0.2833, 0.3, 0.3167, 0.3333, 0.35, 0.3667, 0.3833, 0.4, 0.4167, 0.4333, 0.45, 0.4667, 0.4833, 0.5, 0.5167, 0.5333, 0.55, 0.5667, 0.5833, 0.6, 0.6167, 0.6333, 0.65, 0.6667, 0.6833, 0.7, 0.7167, 0.7333, 0.75, 0.7667, 0.7833, 0.8, 0.8167, 0.8333, 0.85, 0.8667, 0.8833, 0.9, 0.9167, 0.9333, 0.95, 0.9667, 0.9833, 1.0, 1.0167, 1.0333, 1.05, 1.0667, 1.0833, 1.1, 1.1167, 1.1333, 1.15, 1.1667, 1.1833, 1.2, 1.2167, 1.2333, 1.25, 1.2667, 1.2833, 1.3, 1.3167, 1.3333, 1.35, 1.3667, 1.3833, 1.4, 1.4167, 1.4333, 1.45, 1.4667, 1.4833, 1.5, 1.5167, 1.5333, 1.55, 1.5667, 1.5833, 1.6, 1.6167, 1.6333, 1.65, 1.6667, 1.6833, 1.7, 1.7167, 1.7333, 1.75, 1.7667, 1.7833, 1.8, 1.8167, 1.8333, 1.85, 1.8667, 1.8833, 1.9, 1.9167, 1.9333, 1.95, 1.9667, 1.9833, 2.0, 2.0167, 2.0333, 2.05, 2.0667, 2.0833, 2.1, 2.1167, 2.1333, 2.15, 2.1667, 2.1833, 2.2, 2.2167, 2.2333, 2.25, 2.2667, 2.2833, 2.3],
            "transform": [
                [0.823384, 0.0, -0.567485, -5e-06, -0.567485, 0.0, -0.823384, 0.000946, 0.0, 1.0, 0.0, 0.755293, 0.0, 0.0, 0.0, 1.0],
                [0.825371, -0.000428, -0.56459, 1.7e-05, -0.56459, -0.000666, -0.825371, 0.00098, -2.3e-05, 1.0, -0.000791, 0.755293, 0.0, 0.0, 0.0, 1.0],
                [0.831324, -0.001721, -0.555785, 8.1e-05, -0.555788, -0.002679, -0.83132, 0.00108, -5.8e-05, 0.999995, -0.003184, 0.755293, 0.0, 0.0, 0.0, 1.0],
                [0.841095, -0.003885, -0.540873, 0.00019, -0.540887, -0.006053, -0.841073, 0.001249, -6e-06, 0.999974, -0.007192, 0.755294, 0.0, 0.0, 0.0, 1.0],
                [0.854345, -0.006914, -0.519661, 0.000341, -0.519706, -0.010779, -0.854277, 0.001485, 0.000305, 0.999918, -0.012803, 0.755297, 0.0, 0.0, 0.0, 1.0],
                [0.870531, -0.010784, -0.491996, 0.000535, -0.492113, -0.016828, -0.870369, 0.001788, 0.001107, 0.9998, -0.019956, 0.755303, 0.0, 0.0, 0.0, 1.0],
                [0.888908, -0.015454, -0.457826, 0.000768, -0.458079, -0.024137, -0.888584, 0.002153, 0.002682, 0.999589, -0.028534, 0.755313, 0.0, 0.0, 0.0, 1.0],
                [0.908549, -0.020859, -0.417256, 0.001038, -0.417743, -0.03261, -0.90798, 0.002577, 0.005333, 0.99925, -0.038341, 0.75533, 0.0, 0.0, 0.0, 1.0],
                [0.928396, -0.026911, -0.370617, 0.001341, -0.371475, -0.042113, -0.927487, 0.003052, 0.009352, 0.99875, -0.049094, 0.755355, 0.0, 0.0, 0.0, 1.0],
                [0.947327, -0.033498, -0.318513, 0.00167, -0.319919, -0.052475, -0.945991, 0.00357, 0.014975, 0.99806, -0.060427, 0.75539, 0.0, 0.0, 0.0, 1.0],
                [0.96426, -0.040484, -0.261845, 0.00202, -0.264013, -0.063487, -0.962427, 0.004121, 0.022339, 0.997161, -0.071907, 0.755435, 0.0, 0.0, 0.0, 1.0],
                [0.978262, -0.047717, -0.201806, 0.002381, -0.204972, -0.074915, -0.975897, 0.004692, 0.031449, 0.996048, -0.083067, 0.75549, 0.0, 0.0, 0.0, 1.0],
                [0.988647, -0.055032, -0.139817, 0.002747, -0.144223, -0.086503, -0.985757, 0.005272, 0.042154, 0.99473, -0.093458, 0.755556, 0.0, 0.0, 0.0, 1.0],
                [0.995052, -0.06226, -0.077435, 0.003108, -0.083305, -0.09799, -0.991695, 0.005846, 0.054155, 0.993238, -0.102692, 0.755631, 0.0, 0.0, 0.0, 1.0],
                [0.997468, -0.069236, -0.016238, 0.003457, -0.023752, -0.109125, -0.993744, 0.006403, 0.067031, 0.991614, -0.110493, 0.755712, 0.0, 0.0, 0.0, 1.0],
                [0.996225, -0.075809, 0.042294, 0.003786, 0.033019, -0.119675, -0.992264, 0.00693, 0.080284, 0.989915, -0.11672, 0.755797, 0.0, 0.0, 0.0, 1.0],
                [0.991926, -0.081844, 0.096876, 0.004088, 0.0858, -0.129436, -0.987869, 0.007418, 0.09339, 0.988204, -0.121369, 0.755883, 0.0, 0.0, 0.0, 1.0],
                [0.98536, -0.08723, 0.14648, 0.004357, 0.133644, -0.138242, -0.98134, 0.007859, 0.105852, 0.986549, -0.124561, 0.755965, 0.0, 0.0, 0.0, 1.0],
                [0.977406, -0.091882, 0.190355, 0.004589, 0.175879, -0.145964, -0.97353, 0.008245, 0.117235, 0.985014, -0.126507, 0.756042, 0.0, 0.0, 0.0, 1.0],
                [0.968939, -0.095735, 0.228017, 0.004782, 0.212086, -0.15251, -0.965277, 0.008572, 0.127185, 0.983654, -0.127469, 0.75611, 0.0, 0.0, 0.0, 1.0],
                [0.96076, -0.098749, 0.259207, 0.004933, 0.242063, -0.157819, -0.957339, 0.008837, 0.135444, 0.982518, -0.127723, 0.756167, 0.0, 0.0, 0.0, 1.0],
                [0.953546, -0.100903, 0.283847, 0.005041, 0.265768, -0.161861, -0.950352, 0.009039, 0.141837, 0.981641, -0.127525, 0.756211, 0.0, 0.0, 0.0, 1.0],
                [0.947821, -0.102189, 0.301982, 0.005105, 0.283272, -0.164627, -0.944804, 0.009178, 0.146263, 0.981048, -0.127089, 0.75624, 0.0, 0.0, 0.0, 1.0],
                [0.943948, -0.102615, 0.313738, 0.005126, 0.294711, -0.166126, -0.941035, 0.009253, 0.148684, 0.980751, -0.126573, 0.756255, 0.0, 0.0, 0.0, 1.0],
                [0.941131, -0.102613, 0.322093, 0.005126, 0.302911, -0.166974, -0.938278, 0.009295, 0.150061, 0.980607, -0.126061, 0.756262, 0.0, 0.0, 0.0, 1.0],
                [0.938431, -0.102603, 0.329879, 0.005126, 0.310553, -0.167766, -0.935634, 0.009335, 0.151341, 0.980473, -0.125573, 0.756269, 0.0, 0.0, 0.0, 1.0],
                [0.935887, -0.102572, 0.337039, 0.005124, 0.317583, -0.168496, -0.93314, 0.009371, 0.152504, 0.980351, -0.125118, 0.756275, 0.0, 0.0, 0.0, 1.0],
                [0.933535, -0.102506, 0.343519, 0.005121, 0.323948, -0.169159, -0.930829, 0.009404, 0.153525, 0.980244, -0.12471, 0.756281, 0.0, 0.0, 0.0, 1.0],
                [0.931411, -0.10239, 0.349271, 0.005115, 0.329606, -0.16975, -0.928733, 0.009434, 0.154382, 0.980154, -0.124359, 0.756285, 0.0, 0.0, 0.0, 1.0],
                [0.929544, -0.102206, 0.354262, 0.005106, 0.334524, -0.170265, -0.926878, 0.00946, 0.155051, 0.980084, -0.124079, 0.756289, 0.0, 0.0, 0.0, 1.0],
                [0.927957, -0.101933, 0.358477, 0.005092, 0.338693, -0.170703, -0.925282, 0.009482, 0.15551, 0.980036, -0.123881, 0.756291, 0.0, 0.0, 0.0, 1.0],
                [0.926657, -0.101555, 0.36193, 0.005073, 0.342126, -0.171064, -0.923952, 0.0095, 0.155745, 0.980012, -0.123773, 0.756292, 0.0, 0.0, 0.0, 1.0],
                [0.925641, -0.101055, 0.36466, 0.005048, 0.344865, -0.171352, -0.92288, 0.009514, 0.155747, 0.980013, -0.12376, 0.756292, 0.0, 0.0, 0.0, 1.0],
                [0.924891, -0.100422, 0.366733, 0.005017, 0.346976, -0.171575, -0.922047, 0.009525, 0.155515, 0.98004, -0.123844, 0.756291, 0.0, 0.0, 0.0, 1.0],
                [0.924377, -0.099648, 0.368236, 0.004978, 0.348546, -0.17174, -0.921423, 0.009533, 0.155059, 0.98009, -0.124021, 0.756288, 0.0, 0.0, 0.0, 1.0],
                [0.924063, -0.098733, 0.36927, 0.004932, 0.349673, -0.17186, -0.920974, 0.009539, 0.154393, 0.980161, -0.124285, 0.756285, 0.0, 0.0, 0.0, 1.0],
                [0.923908, -0.09768, 0.369936, 0.004879, 0.350457, -0.171942, -0.92066, 0.009544, 0.153538, 0.980252, -0.124626, 0.75628, 0.0, 0.0, 0.0, 1.0],
                [0.923873, -0.096496, 0.370333, 0.00482, 0.350994, -0.171999, -0.920445, 0.009546, 0.152516, 0.98036, -0.125036, 0.756275, 0.0, 0.0, 0.0, 1.0],
                [0.923922, -0.095191, 0.370548, 0.004755, 0.351368, -0.172038, -0.920295, 0.009548, 0.151352, 0.98048, -0.125503, 0.756269, 0.0, 0.0, 0.0, 1.0],
                [0.924024, -0.093775, 0.370655, 0.004684, 0.351652, -0.172067, -0.920182, 0.00955, 0.150068, 0.980612, -0.126018, 0.756262, 0.0, 0.0, 0.0, 1.0],
                [0.924153, -0.09226, 0.370716, 0.004608, 0.351902, -0.172092, -0.920081, 0.009551, 0.148684, 0.980751, -0.126573, 0.756255, 0.0, 0.0, 0.0, 1.0],
                [0.926992, -0.088811, 0.364414, 0.004436, 0.346477, -0.169368, -0.922642, 0.009415, 0.143661, 0.981543, -0.126231, 0.756216, 0.0, 0.0, 0.0, 1.0],
                [0.934983, -0.081463, 0.34521, 0.004069, 0.329476, -0.160939, -0.930346, 0.008993, 0.131346, 0.983597, -0.123635, 0.756113, 0.0, 0.0, 0.0, 1.0],
                [0.946965, -0.070245, 0.313564, 0.003508, 0.301106, -0.146787, -0.942225, 0.008286, 0.112214, 0.986671, -0.117851, 0.755959, 0.0, 0.0, 0.0, 1.0],
                [0.960831, -0.055607, 0.271498, 0.002776, 0.26286, -0.12749, -0.956374, 0.007321, 0.087794, 0.99028, -0.107879, 0.755779, 0.0, 0.0, 0.0, 1.0],
                [0.974045, -0.03851, 0.223054, 0.001921, 0.218076, -0.104391, -0.970333, 0.006166, 0.060652, 0.993791, -0.093284, 0.755603, 0.0, 0.0, 0.0, 1.0],
                [0.98455, -0.020334, 0.17392, 0.001012, 0.171813, -0.079499, -0.981917, 0.004921, 0.033793, 0.996628, -0.074777, 0.755461, 0.0, 0.0, 0.0, 1.0],
                [0.991498, -0.002573, 0.130099, 0.000124, 0.129762, -0.055042, -0.990016, 0.003699, 0.009708, 0.998481, -0.05424, 0.755369, 0.0, 0.0, 0.0, 1.0],
                [0.995253, 0.013519, 0.096383, -0.000681, 0.096782, -0.032929, -0.994761, 0.002593, -0.010274, 0.999366, -0.034081, 0.755324, 0.0, 0.0, 0.0, 1.0],
                [0.996771, 0.027124, 0.075575, -0.001361, 0.075985, -0.014422, -0.997005, 0.001668, -0.025952, 0.999528, -0.016436, 0.755316, 0.0, 0.0, 0.0, 1.0],
                [0.996923, 0.037853, 0.068638, -0.001897, 0.068692, -0.000131, -0.997638, 0.000953, -0.037755, 0.999283, -0.002731, 0.755329, 0.0, 0.0, 0.0, 1.0],
                [0.996159, 0.047077, 0.073824, -0.002358, 0.073341, 0.011914, -0.997236, 0.000573, -0.047827, 0.99882, 0.008416, 0.75511, 0.0, 0.0, 0.0, 1.0],
                [0.994396, 0.05623, 0.089523, -0.002816, 0.088305, 0.023794, -0.995809, 0.00066, -0.058124, 0.998134, 0.018695, 0.754414, 0.0, 0.0, 0.0, 1.0],
                [0.991134, 0.065269, 0.115726, -0.003268, 0.113597, 0.035449, -0.992894, 0.001237, -0.068907, 0.997238, 0.027721, 0.753238, 0.0, 0.0, 0.0, 1.0],
                [0.98557, 0.074144, 0.152167, -0.003712, 0.148979, 0.046814, -0.987732, 0.002321, -0.080358, 0.996148, 0.035092, 0.751586, 0.0, 0.0, 0.0, 1.0],
                [0.976652, 0.082799, 0.19823, -0.004145, 0.193871, 0.057815, -0.979322, 0.003924, -0.092548, 0.994888, 0.040413, 0.749477, 0.0, 0.0, 0.0, 1.0],
                [0.963194, 0.091173, 0.252873, -0.004563, 0.247276, 0.068374, -0.96653, 0.006045, -0.105412, 0.993485, 0.043312, 0.746938, 0.0, 0.0, 0.0, 1.0],
                [0.944038, 0.099199, 0.314565, -0.004965, 0.307726, 0.07841, -0.948239, 0.008676, -0.118729, 0.991974, 0.043496, 0.744018, 0.0, 0.0, 0.0, 1.0],
                [0.918262, 0.106808, 0.381297, -0.005345, 0.373276, 0.087843, -0.923552, 0.011792, -0.132137, 0.990392, 0.040794, 0.740776, 0.0, 0.0, 0.0, 1.0],
                [0.885394, 0.113932, 0.450663, -0.005701, 0.441595, 0.096599, -0.891999, 0.015355, -0.145161, 0.988781, 0.035216, 0.73729, 0.0, 0.0, 0.0, 1.0],
                [0.845593, 0.120513, 0.520048, -0.00603, 0.510131, 0.104614, -0.853711, 0.019311, -0.157287, 0.987184, 0.026983, 0.73365, 0.0, 0.0, 0.0, 1.0],
                [0.799736, 0.126498, 0.586874, -0.00633, 0.576356, 0.111838, -0.80951, 0.023596, -0.168036, 0.985642, 0.016533, 0.729955, 0.0, 0.0, 0.0, 1.0],
                [0.749385, 0.13185, 0.648874, -0.006597, 0.638026, 0.118241, -0.760883, 0.028134, -0.177046, 0.984192, 0.004484, 0.726308, 0.0, 0.0, 0.0, 1.0],
                [0.696629, 0.136548, 0.704317, -0.006832, 0.6934, 0.123812, -0.709836, 0.032847, -0.184129, 0.982866, -0.008432, 0.722808, 0.0, 0.0, 0.0, 1.0],
                [0.643842, 0.140587, 0.752132, -0.007034, 0.741374, 0.128559, -0.658663, 0.037655, -0.189293, 0.981686, -0.021456, 0.719546, 0.0, 0.0, 0.0, 1.0],
                [0.593415, 0.143975, 0.791915, -0.007203, 0.781485, 0.13251, -0.60969, 0.042483, -0.192717, 0.980669, -0.033881, 0.7166, 0.0, 0.0, 0.0, 1.0],
                [0.54753, 0.146736, 0.82382, -0.007341, 0.813818, 0.135703, -0.565053, 0.047264, -0.194709, 0.979823, -0.045115, 0.714034, 0.0, 0.0, 0.0, 1.0],
                [0.508, 0.148902, 0.848389, -0.00745, 0.838845, 0.138189, -0.526539, 0.051942, -0.195641, 0.979149, -0.054705, 0.711895, 0.0, 0.0, 0.0, 1.0],
                [0.476195, 0.150511, 0.866363, -0.00753, 0.857243, 0.140024, -0.495508, 0.056469, -0.195891, 0.978642, -0.062346, 0.710214, 0.0, 0.0, 0.0, 1.0],
                [0.453039, 0.151607, 0.878505, -0.007585, 0.869724, 0.141265, -0.47289, 0.06081, -0.195795, 0.978294, -0.067858, 0.70901, 0.0, 0.0, 0.0, 1.0],
                [0.43905, 0.152233, 0.885472, -0.007616, 0.876909, 0.141969, -0.459212, 0.064937, -0.195617, 0.978095, -0.071163, 0.70829, 0.0, 0.0, 0.0, 1.0],
                [0.434397, 0.152433, 0.887729, -0.007626, 0.879242, 0.142192, -0.45466, 0.068834, -0.195533, 0.978032, -0.072257, 0.708052, 0.0, 0.0, 0.0, 1.0],
                [0.434397, 0.152433, 0.887729, -0.007626, 0.879242, 0.142192, -0.45466, 0.072826, -0.195533, 0.978032, -0.072257, 0.708052, 0.0, 0.0, 0.0, 1.0],
                [0.434397, 0.152433, 0.887729, -0.007626, 0.879242, 0.142192, -0.45466, 0.077236, -0.195533, 0.978032, -0.072257, 0.708052, 0.0, 0.0, 0.0, 1.0],
                [0.434397, 0.152433, 0.887729, -0.007626, 0.879242, 0.142192, -0.45466, 0.082038, -0.195533, 0.978032, -0.072257, 0.708052, 0.0, 0.0, 0.0, 1.0],
                [0.434397, 0.152433, 0.887729, -0.007626, 0.879242, 0.142192, -0.45466, 0.087183, -0.195533, 0.978032, -0.072257, 0.708052, 0.0, 0.0, 0.0, 1.0],
                [0.434397, 0.152433, 0.887729, -0.007626, 0.879242, 0.142192, -0.45466, 0.0926, -0.195533, 0.978032, -0.072257, 0.708052, 0.0, 0.0, 0.0, 1.0],
                [0.434397, 0.152433, 0.887729, -0.007626, 0.879242, 0.142192, -0.45466, 0.09819, -0.195533, 0.978032, -0.072257, 0.708052, 0.0, 0.0, 0.0, 1.0],
                [0.434397, 0.152433, 0.887729, -0.007626, 0.879242, 0.142192, -0.45466, 0.103832, -0.195533, 0.978032, -0.072257, 0.708052, 0.0, 0.0, 0.0, 1.0],
                [0.434397, 0.152433, 0.887729, -0.007626, 0.879242, 0.142192, -0.45466, 0.109386, -0.195533, 0.978032, -0.072257, 0.708052, 0.0, 0.0, 0.0, 1.0],
                [0.434397, 0.152433, 0.887729, -0.007626, 0.879242, 0.142192, -0.45466, 0.114704, -0.195533, 0.978032, -0.072257, 0.708052, 0.0, 0.0, 0.0, 1.0],
                [0.434397, 0.152433, 0.887729, -0.007626, 0.879242, 0.142192, -0.45466, 0.11964, -0.195533, 0.978032, -0.072257, 0.708052, 0.0, 0.0, 0.0, 1.0],
                [0.434397, 0.152433, 0.887729, -0.007626, 0.879242, 0.142192, -0.45466, 0.12407, -0.195533, 0.978032, -0.072257, 0.708052, 0.0, 0.0, 0.0, 1.0],
                [0.434397, 0.152433, 0.887729, -0.007626, 0.879242, 0.142192, -0.45466, 0.127892, -0.195533, 0.978032, -0.072257, 0.708052, 0.0, 0.0, 0.0, 1.0],
                [0.434397, 0.152433, 0.887729, -0.007626, 0.879242, 0.142192, -0.45466, 0.13104, -0.195533, 0.978032, -0.072257, 0.708052, 0.0, 0.0, 0.0, 1.0],
                [0.434397, 0.152433, 0.887729, -0.007626, 0.879242, 0.142192, -0.45466, 0.133477, -0.195533, 0.978032, -0.072257, 0.708052, 0.0, 0.0, 0.0, 1.0],
                [0.434397, 0.152433, 0.887729, -0.007626, 0.879242, 0.142192, -0.45466, 0.135195, -0.195533, 0.978032, -0.072257, 0.708052, 0.0, 0.0, 0.0, 1.0],
                [0.434397, 0.152433, 0.887729, -0.007626, 0.879242, 0.142192, -0.45466, 0.136205, -0.195533, 0.978032, -0.072257, 0.708052, 0.0, 0.0, 0.0, 1.0],
                [0.434397, 0.152433, 0.887729, -0.007626, 0.879242, 0.142192, -0.45466, 0.136534, -0.195533, 0.978032, -0.072257, 0.708052, 0.0, 0.0, 0.0, 1.0],
                [0.442386, 0.152534, 0.883758, -0.007631, 0.875102, 0.142156, -0.462589, 0.136378, -0.196192, 0.978021, -0.070595, 0.708052, 0.0, 0.0, 0.0, 1.0],
                [0.466298, 0.152841, 0.871324, -0.007647, 0.862164, 0.142039, -0.486311, 0.135901, -0.19809, 0.97799, -0.065541, 0.708054, 0.0, 0.0, 0.0, 1.0],
                [0.505535, 0.153354, 0.849068, -0.007672, 0.839075, 0.141833, -0.525202, 0.135093, -0.200968, 0.97794, -0.056974, 0.708056, 0.0, 0.0, 0.0, 1.0],
                [0.558681, 0.154073, 0.814946, -0.007708, 0.803811, 0.141527, -0.577805, 0.133944, -0.204361, 0.977871, -0.044777, 0.70806, 0.0, 0.0, 0.0, 1.0],
                [0.623307, 0.154993, 0.766463, -0.007754, 0.753915, 0.141111, -0.641638, 0.132449, -0.207606, 0.977786, -0.028896, 0.708064, 0.0, 0.0, 0.0, 1.0],
                [0.695813, 0.156105, 0.701053, -0.00781, 0.68688, 0.140573, -0.713047, 0.130608, -0.209859, 0.977686, -0.009413, 0.708069, 0.0, 0.0, 0.0, 1.0],
                [0.771379, 0.157395, 0.616604, -0.007874, 0.600672, 0.139904, -0.78716, 0.128427, -0.21016, 0.977575, 0.013376, 0.708075, 0.0, 0.0, 0.0, 1.0],
                [0.844129, 0.158845, 0.512068, -0.007947, 0.494347, 0.139092, -0.858064, 0.125917, -0.207524, 0.977457, 0.038887, 0.708081, 0.0, 0.0, 0.0, 1.0],
                [0.907566, 0.160432, 0.388053, -0.008026, 0.368633, 0.138131, -0.919255, 0.123099, -0.20108, 0.977334, 0.066222, 0.708087, 0.0, 0.0, 0.0, 1.0],
                [0.955299, 0.162126, 0.247223, -0.008111, 0.226317, 0.137012, -0.964369, 0.119999, -0.190222, 0.977212, 0.094196, 0.708093, 0.0, 0.0, 0.0, 1.0],
                [0.981956, 0.163894, 0.094344, -0.008199, 0.072281, 0.135733, -0.988105, 0.116653, -0.17475, 0.977095, 0.121437, 0.708099, 0.0, 0.0, 0.0, 1.0],
                [0.98409, 0.1657, -0.064118, -0.00829, -0.086927, 0.13429, -0.987122, 0.113103, -0.154955, 0.97699, 0.146557, 0.708104, 0.0, 0.0, 0.0, 1.0],
                [0.960821, 0.167504, -0.220827, -0.00838, -0.243926, 0.132687, -0.960674, 0.109394, -0.131616, 0.976901, 0.168347, 0.708108, 0.0, 0.0, 0.0, 1.0],
                [0.91403, 0.169271, -0.368641, -0.008468, -0.391578, 0.130927, -0.910782, 0.105576, -0.105904, 0.976834, 0.185954, 0.708112, 0.0, 0.0, 0.0, 1.0],
                [0.848018, 0.170962, -0.501635, -0.008553, -0.524015, 0.129017, -0.841881, 0.1017, -0.07921, 0.976794, 0.198995, 0.708114, 0.0, 0.0, 0.0, 1.0],
                [0.768751, 0.172546, -0.615832, -0.008632, -0.637352, 0.126967, -0.760041, 0.097813, -0.052951, 0.976784, 0.207578, 0.708114, 0.0, 0.0, 0.0, 1.0],
                [0.682915, 0.173992, -0.709474, -0.008704, -0.729946, 0.124788, -0.672017, 0.093962, -0.028392, 0.976808, 0.212225, 0.708113, 0.0, 0.0, 0.0, 1.0],
                [0.597009, 0.175279, -0.782852, -0.008769, -0.802208, 0.122493, -0.584344, 0.090185, -0.006529, 0.976869, 0.213739, 0.70811, 0.0, 0.0, 0.0, 1.0],
                [0.516696, 0.176387, -0.837803, -0.008824, -0.856086, 0.120093, -0.502688, 0.086516, 0.011947, 0.976968, 0.213054, 0.708105, 0.0, 0.0, 0.0, 1.0],
                [0.446441, 0.177303, -0.877071, -0.00887, -0.894416, 0.117601, -0.431497, 0.082986, 0.026639, 0.977105, 0.211084, 0.708098, 0.0, 0.0, 0.0, 1.0],
                [0.389448, 0.178019, -0.903681, -0.008906, -0.92029, 0.115029, -0.373946, 0.079614, 0.03738, 0.977281, 0.208627, 0.708089, 0.0, 0.0, 0.0, 1.0],
                [0.347769, 0.17853, -0.920426, -0.008931, -0.93654, 0.112388, -0.332058, 0.076418, 0.044163, 0.977495, 0.206286, 0.708079, 0.0, 0.0, 0.0, 1.0],
                [0.322523, 0.178835, -0.929514, -0.008946, -0.945391, 0.109689, -0.306928, 0.07341, 0.047067, 0.977746, 0.204446, 0.708066, 0.0, 0.0, 0.0, 1.0],
                [0.314113, 0.178937, -0.93237, -0.008951, -0.94826, 0.10694, -0.298943, 0.070597, 0.046215, 0.978032, 0.203269, 0.708052, 0.0, 0.0, 0.0, 1.0],
                [0.316096, 0.17836, -0.931811, -0.008923, -0.947748, 0.103976, -0.3016, 0.067796, 0.043093, 0.978456, 0.201907, 0.708188, 0.0, 0.0, 0.0, 1.0],
                [0.322078, 0.176619, -0.930092, -0.008836, -0.945905, 0.100627, -0.308445, 0.064826, 0.039115, 0.979122, 0.199475, 0.70863, 0.0, 0.0, 0.0, 1.0],
                [0.332071, 0.173704, -0.927122, -0.00869, -0.942629, 0.096894, -0.319471, 0.061692, 0.034339, 0.98002, 0.195914, 0.709381, 0.0, 0.0, 0.0, 1.0],
                [0.346027, 0.169614, -0.922766, -0.008485, -0.93778, 0.092781, -0.334604, 0.058404, 0.028862, 0.981133, 0.191165, 0.710441, 0.0, 0.0, 0.0, 1.0],
                [0.363827, 0.164366, -0.91685, -0.008223, -0.931187, 0.088301, -0.353686, 0.054975, 0.022824, 0.982439, 0.185182, 0.711805, 0.0, 0.0, 0.0, 1.0],
                [0.385265, 0.157996, -0.90918, -0.007904, -0.92266, 0.083472, -0.376472, 0.051422, 0.01641, 0.983905, 0.177936, 0.713466, 0.0, 0.0, 0.0, 1.0],
                [0.41004, 0.15056, -0.899555, -0.007533, -0.912015, 0.078321, -0.40261, 0.047766, 0.009837, 0.985494, 0.169428, 0.715409, 0.0, 0.0, 0.0, 1.0],
                [0.437746, 0.142137, -0.887793, -0.007111, -0.899093, 0.072887, -0.431648, 0.044034, 0.003355, 0.98716, 0.159701, 0.717614, 0.0, 0.0, 0.0, 1.0],
                [0.467876, 0.132835, -0.873755, -0.006646, -0.88379, 0.067217, -0.463031, 0.040255, -0.002775, 0.988856, 0.148847, 0.720052, 0.0, 0.0, 0.0, 1.0],
                [0.499829, 0.122785, -0.857377, -0.006144, -0.866085, 0.061369, -0.496116, 0.036465, -0.008299, 0.990534, 0.137016, 0.722691, 0.0, 0.0, 0.0, 1.0],
                [0.532928, 0.112146, -0.838696, -0.005612, -0.846061, 0.055412, -0.530199, 0.032701, -0.012986, 0.992146, 0.124413, 0.725489, 0.0, 0.0, 0.0, 1.0],
                [0.566455, 0.101096, -0.817868, -0.005059, -0.823924, 0.049421, -0.564541, 0.029003, -0.016653, 0.993648, 0.111291, 0.7284, 0.0, 0.0, 0.0, 1.0],
                [0.599684, 0.089831, -0.795179, -0.004496, -0.800007, 0.043479, -0.598413, 0.025412, -0.019183, 0.995007, 0.09794, 0.731373, 0.0, 0.0, 0.0, 1.0],
                [0.631922, 0.078555, -0.771041, -0.003932, -0.77476, 0.03767, -0.631132, 0.021968, -0.020534, 0.996198, 0.084665, 0.734354, 0.0, 0.0, 0.0, 1.0],
                [0.662551, 0.067472, -0.745971, -0.003378, -0.748729, 0.032075, -0.6621, 0.018709, -0.020746, 0.997205, 0.071769, 0.737289, 0.0, 0.0, 0.0, 1.0],
                [0.691057, 0.056779, -0.720567, -0.002844, -0.722525, 0.026774, -0.690826, 0.015668, -0.019932, 0.998028, 0.059527, 0.740127, 0.0, 0.0, 0.0, 1.0],
                [0.717046, 0.04666, -0.695462, -0.002338, -0.696786, 0.021836, -0.716946, 0.012874, -0.018267, 0.998672, 0.048169, 0.742817, 0.0, 0.0, 0.0, 1.0],
                [0.740253, 0.037277, -0.671294, -0.001868, -0.672139, 0.017321, -0.740223, 0.010351, -0.015965, 0.999155, 0.037877, 0.745317, 0.0, 0.0, 0.0, 1.0],
                [0.760531, 0.028767, -0.648664, -0.001443, -0.649166, 0.013279, -0.760531, 0.008116, -0.013265, 0.999498, 0.028773, 0.747587, 0.0, 0.0, 0.0, 1.0],
                [0.777834, 0.021243, -0.628111, -0.001067, -0.628384, 0.009745, -0.777842, 0.006181, -0.010402, 0.999727, 0.020929, 0.749598, 0.0, 0.0, 0.0, 1.0],
                [0.792194, 0.014789, -0.61009, -0.000744, -0.610222, 0.006745, -0.792202, 0.004552, -0.007601, 0.999868, 0.014368, 0.751325, 0.0, 0.0, 0.0, 1.0],
                [0.803696, 0.009468, -0.594964, -0.000478, -0.595018, 0.004295, -0.803701, 0.003232, -0.005054, 0.999946, 0.009085, 0.752751, 0.0, 0.0, 0.0, 1.0],
                [0.812452, 0.005316, -0.583004, -0.00027, -0.583021, 0.0024, -0.812454, 0.002218, -0.00292, 0.999983, 0.005049, 0.753865, 0.0, 0.0, 0.0, 1.0],
                [0.818581, 0.002355, -0.574386, -0.000122, -0.574389, 0.001058, -0.818582, 0.001505, -0.00132, 0.999997, 0.002218, 0.75466, 0.0, 0.0, 0.0, 1.0],
                [0.822195, 0.000586, -0.569206, -3.4e-05, -0.569206, 0.000262, -0.822195, 0.001084, -0.000332, 1.0, 0.000549, 0.755135, 0.0, 0.0, 0.0, 1.0],
                [0.823384, 0.0, -0.567485, -5e-06, -0.567485, 0.0, -0.823384, 0.000946, 0.0, 1.0, 0.0, 0.755293, 0.0, 0.0, 0.0, 1.0]
            ]
        },
        {
            "name": "Thigh_R",
            "time": [0.0, 0.0167, 0.0333, 0.05, 0.0667, 0.0833, 0.1, 0.1167, 0.1333, 0.15, 0.1667, 0.1833, 0.2, 0.2167, 0.2333, 0.25, 0.2667, 0.2833, 0.3, 0.3167, 0.3333, 0.35, 0.3667, 0.3833, 0.4, 0.4167, 0.4333, 0.45, 0.4667, 0.4833, 0.5, 0.5167, 0.5333, 0.55, 0.5667, 0.5833, 0.6, 0.6167, 0.6333, 0.65, 0.6667, 0.6833, 0.7, 0.7167, 0.7333, 0.75, 0.7667, 0.7833, 0.8, 0.8167, 0.8333, 0.85, 0.8667, 0.8833, 0.9, 0.9167, 0.9333, 0.95, 0.9667, 0.9833, 1.0, 1.0167, 1.0333, 1.05, 1.0667, 1.0833, 1.1, 1.1167, 1.1333, 1.15, 1.1667, 1.1833, 1.2, 1.2167, 1.2333, 1.25, 1.2667, 1.2833, 1.3, 1.3167, 1.3333, 1.35, 1.3667, 1.3833, 1.4, 1.4167, 1.4333, 1.45, 1.4667, 1.4833, 1.5, 1.5167, 1.5333, 1.55, 1.5667, 1.5833, 1.6, 1.6167, 1.6333, 1.65, 1.6667, 1.6833, 1.7, 1.7167, 1.7333, 1.75, 1.7667, 1.7833, 1.8, 1.8167, 1.8333, 1.85, 1.8667, 1.8833, 1.9, 1.9167, 1.9333, 1.95, 1.9667, 1.9833, 2.0, 2.0167, 2.0333, 2.05, 2.0667, 2.0833, 2.1, 2.1167, 2.1333, 2.15, 2.1667, 2.1833, 2.2, 2.2167, 2.2333, 2.25, 2.2667, 2.2833, 2.3],
            "transform": [
                [0.989123, 0.124561, 0.078232, 0.124994, 0.126625, -0.991707, -0.021973, -0.002831, 0.074846, 0.03164, -0.996693, -1.2e-05, 0.0, 0.0, 0.0, 1.0],
                [0.988846, 0.124359, 0.081961, 0.124994, 0.126728, -0.991639, -0.024338, -0.002831, 0.07825, 0.034453, -0.996338, -1.2e-05, 0.0, 0.0, 0.0, 1.0],
                [0.987937, 0.123595, 0.093296, 0.124994, 0.127038, -0.991385, -0.031884, -0.002831, 0.088552, 0.043351, -0.995128, -1.2e-05, 0.0, 0.0, 0.0, 1.0],
                [0.98617, 0.121715, 0.112485, 0.124994, 0.127542, -0.99076, -0.046126, -0.002831, 0.105832, 0.059834, -0.992583, -1.2e-05, 0.0, 0.0, 0.0, 1.0],
                [0.983191, 0.117164, 0.140029, 0.124994, 0.128124, -0.989142, -0.07198, -0.002831, 0.130075, 0.088712, -0.987527, -1.2e-05, 0.0, 0.0, 0.0, 1.0],
                [0.978472, 0.109144, 0.175157, 0.124994, 0.128984, -0.985947, -0.106173, -0.002831, 0.161108, 0.126479, -0.978799, -1.2e-05, 0.0, 0.0, 0.0, 1.0],
                [0.971295, 0.103086, 0.214377, 0.124994, 0.131213, -0.983895, -0.121378, -0.002831, 0.198412, 0.146023, -0.96918, -1.2e-05, 0.0, 0.0, 0.0, 1.0],
                [0.961101, 0.094671, 0.259464, 0.124994, 0.134129, -0.981191, -0.13883, -0.002831, 0.24144, 0.168232, -0.955722, -1.2e-05, 0.0, 0.0, 0.0, 1.0],
                [0.947263, 0.08349, 0.30939, 0.124994, 0.137831, -0.977748, -0.158148, -0.002831, 0.289301, 0.192451, -0.937692, -1.2e-05, 0.0, 0.0, 0.0, 1.0],
                [0.929274, 0.06926, 0.362838, 0.124994, 0.142393, -0.973516, -0.178858, -0.002831, 0.340841, 0.217873, -0.914526, -1.2e-05, 0.0, 0.0, 0.0, 1.0],
                [0.906845, 0.051888, 0.418257, 0.124994, 0.14785, -0.968491, -0.200412, -0.002831, 0.394679, 0.243582, -0.885944, -1.2e-05, 0.0, 0.0, 0.0, 1.0],
                [0.879984, 0.031527, 0.473956, 0.124994, 0.15418, -0.962728, -0.222223, -0.002831, 0.449285, 0.268627, -0.852046, -1.2e-05, 0.0, 0.0, 0.0, 1.0],
                [0.849046, 0.008588, 0.528249, 0.124994, 0.161297, -0.956343, -0.243703, -0.002831, 0.503094, 0.29212, -0.813364, -1.2e-05, 0.0, 0.0, 0.0, 1.0],
                [0.814739, -0.016285, 0.579599, 0.124994, 0.169048, -0.949507, -0.264308, -0.002831, 0.554638, 0.313322, -0.770848, -1.2e-05, 0.0, 0.0, 0.0, 1.0],
                [0.778069, -0.042272, 0.626755, 0.124994, 0.177223, -0.942432, -0.283573, -0.002831, 0.602661, 0.331715, -0.725786, -1.2e-05, 0.0, 0.0, 0.0, 1.0],
                [0.740246, -0.068469, 0.66884, 0.124994, 0.185577, -0.935347, -0.301141, -0.002831, 0.646217, 0.34704, -0.679681, -1.2e-05, 0.0, 0.0, 0.0, 1.0],
                [0.702567, -0.093973, 0.705385, 0.124994, 0.193849, -0.928482, -0.316769, -0.002831, 0.684706, 0.35929, -0.634105, -1.2e-05, 0.0, 0.0, 0.0, 1.0],
                [0.6663, -0.117959, 0.736294, 0.124994, 0.201785, -0.922046, -0.330321, -0.002831, 0.717862, 0.368666, -0.590558, -1.2e-05, 0.0, 0.0, 0.0, 1.0],
                [0.632591, -0.139732, 0.761777, 0.124994, 0.209159, -0.91622, -0.34175, -0.002831, 0.745708, 0.37552, -0.550366, -1.2e-05, 0.0, 0.0, 0.0, 1.0],
                [0.602399, -0.158751, 0.782249, 0.124994, 0.215781, -0.911143, -0.35108, -0.002831, 0.768475, 0.380284, -0.514617, -1.2e-05, 0.0, 0.0, 0.0, 1.0],
                [0.576475, -0.17463, 0.798236, 0.124994, 0.221506, -0.906918, -0.358376, -0.002831, 0.786518, 0.383409, -0.484135, -1.2e-05, 0.0, 0.0, 0.0, 1.0],
                [0.555356, -0.187122, 0.810287, 0.124994, 0.226231, -0.903615, -0.36373, -0.002831, 0.800249, 0.385311, -0.459495, -1.2e-05, 0.0, 0.0, 0.0, 1.0],
                [0.539384, -0.196097, 0.818908, 0.124994, 0.229889, -0.901269, -0.367239, -0.002831, 0.810071, 0.386341, -0.44105, -1.2e-05, 0.0, 0.0, 0.0, 1.0],
                [0.528737, -0.201514, 0.824517, 0.124994, 0.23245, -0.899893, -0.368999, -0.002831, 0.816336, 0.386762, -0.428965, -1.2e-05, 0.0, 0.0, 0.0, 1.0],
                [0.520989, -0.20505, 0.828568, 0.124994, 0.234403, -0.899026, -0.369875, -0.002831, 0.820747, 0.38692, -0.420318, -1.2e-05, 0.0, 0.0, 0.0, 1.0],
                [0.513709, -0.208352, 0.832282, 0.124994, 0.236242, -0.898215, -0.370674, -0.002831, 0.824799, 0.387038, -0.412199, -1.2e-05, 0.0, 0.0, 0.0, 1.0],
                [0.506959, -0.211382, 0.835649, 0.124994, 0.237962, -0.897467, -0.371383, -0.00283, 0.828472, 0.387128, -0.404678, -1.2e-05, 0.0, 0.0, 0.0, 1.0],
                [0.500801, -0.214102, 0.838664, 0.124994, 0.239558, -0.896791, -0.371991, -0.002831, 0.831751, 0.387202, -0.397824, -1.2e-05, 0.0, 0.0, 0.0, 1.0],
                [0.495289, -0.216473, 0.841325, 0.124994, 0.241031, -0.896191, -0.372485, -0.002831, 0.834621, 0.387273, -0.391697, -1.2e-05, 0.0, 0.0, 0.0, 1.0],
                [0.49046, -0.218463, 0.843636, 0.124994, 0.242386, -0.895673, -0.372852, -0.002831, 0.837077, 0.387355, -0.38634, -1.2e-05, 0.0, 0.0, 0.0, 1.0],
                [0.486336, -0.220046, 0.845611, 0.124994, 0.243634, -0.895239, -0.373081, -0.002831, 0.839119, 0.387462, -0.381777, -1.2e-05, 0.0, 0.0, 0.0, 1.0],
                [0.482908, -0.221208, 0.84727, 0.124994, 0.244791, -0.89489, -0.373161, -0.002831, 0.84076, 0.387607, -0.378, -1.2e-05, 0.0, 0.0, 0.0, 1.0],
                [0.480142, -0.221953, 0.848646, 0.124994, 0.245879, -0.894622, -0.373089, -0.002831, 0.842026, 0.3878, -0.374972, -1.2e-05, 0.0, 0.0, 0.0, 1.0],
                [0.477975, -0.222296, 0.849779, 0.124994, 0.246924, -0.894428, -0.372863, -0.002831, 0.842952, 0.38805, -0.372624, -1.2e-05, 0.0, 0.0, 0.0, 1.0],
                [0.476323, -0.222269, 0.850713, 0.124994, 0.247951, -0.8943, -0.372488, -0.002831, 0.843585, 0.38836, -0.370865, -1.2e-05, 0.0, 0.0, 0.0, 1.0],
                [0.475093, -0.221913, 0.851493, 0.124994, 0.248986, -0.894227, -0.371972, -0.002831, 0.843974, 0.388731, -0.369588, -1.2e-05, 0.0, 0.0, 0.0, 1.0],
                [0.474185, -0.221275, 0.852165, 0.124994, 0.250049, -0.894198, -0.371329, -0.002831, 0.844171, 0.389162, -0.368686, -1.2e-05, 0.0, 0.0, 0.0, 1.0],
                [0.473505, -0.220405, 0.852768, 0.124994, 0.251159, -0.894201, -0.370571, -0.002831, 0.844222, 0.389648, -0.368053, -1.2e-05, 0.0, 0.0, 0.0, 1.0],
                [0.472972, -0.219348, 0.853337, 0.124994, 0.252328, -0.894226, -0.369715, -0.002831, 0.844173, 0.390185, -0.367596, -1.2e-05, 0.0, 0.0, 0.0, 1.0],
                [0.472513, -0.218147, 0.853899, 0.124994, 0.253565, -0.894266, -0.368773, -0.002831, 0.844059, 0.390769, -0.367238, -1.2e-05, 0.0, 0.0, 0.0, 1.0],
                [0.472072, -0.216838, 0.854475, 0.124994, 0.254875, -0.894311, -0.367758, -0.002831, 0.843911, 0.391393, -0.366913, -1.2e-05, 0.0, 0.0, 0.0, 1.0],
                [0.476981, -0.210367, 0.853367, 0.124994, 0.254959, -0.896067, -0.3634, -0.002831, 0.841121, 0.390909, -0.373772, -1.2e-05, 0.0, 0.0, 0.0, 1.0],
                [0.492576, -0.193495, 0.848486, 0.124994, 0.252479, -0.901264, -0.352104, -0.002831, 0.83284, 0.387664, -0.395088, -1.2e-05, 0.0, 0.0, 0.0, 1.0],
                [0.518005, -0.166752, 0.838966, 0.124994, 0.247541, -0.909621, -0.333635, -0.002831, 0.818776, 0.380503, -0.42991, -1.2e-05, 0.0, 0.0, 0.0, 1.0],
                [0.550993, -0.132074, 0.823992, 0.124994, 0.240557, -0.920346, -0.308376, -0.002831, 0.799086, 0.36813, -0.475333, -1.2e-05, 0.0, 0.0, 0.0, 1.0],
                [0.587769, -0.092941, 0.803673, 0.124994, 0.232311, -0.932155, -0.277701, -0.002831, 0.774957, 0.349926, -0.526301, -1.2e-05, 0.0, 0.0, 0.0, 1.0],
                [0.623698, -0.053729, 0.779817, 0.124994, 0.223849, -0.943574, -0.244047, -0.002831, 0.748927, 0.326773, -0.576477, -1.2e-05, 0.0, 0.0, 0.0, 1.0],
                [0.654469, -0.018444, 0.755863, 0.124994, 0.216215, -0.953389, -0.210476, -0.002831, 0.724514, 0.301179, -0.619976, -1.2e-05, 0.0, 0.0, 0.0, 1.0],
                [0.677096, 0.010354, 0.735822, 0.124994, 0.210192, -0.960967, -0.179894, -0.002831, 0.705238, 0.276469, -0.652843, -1.2e-05, 0.0, 0.0, 0.0, 1.0],
                [0.690118, 0.031731, 0.723001, 0.124994, 0.206209, -0.966246, -0.154424, -0.002831, 0.693696, 0.25566, -0.673367, -1.2e-05, 0.0, 0.0, 0.0, 1.0],
                [0.693177, 0.045837, 0.719308, 0.124994, 0.204416, -0.969501, -0.13521, -0.002831, 0.691172, 0.240762, -0.681406, -1.2e-05, 0.0, 0.0, 0.0, 1.0],
                [0.687139, 0.055255, 0.724422, 0.124994, 0.204623, -0.971458, -0.119994, -0.002831, 0.697115, 0.230686, -0.678833, -1.2e-05, 0.0, 0.0, 0.0, 1.0],
                [0.672458, 0.06232, 0.737507, 0.124994, 0.20667, -0.972624, -0.106253, -0.002831, 0.710695, 0.223871, -0.666928, -1.2e-05, 0.0, 0.0, 0.0, 1.0],
                [0.648493, 0.067118, 0.758256, 0.124994, 0.210627, -0.973036, -0.094008, -0.002831, 0.731501, 0.220672, -0.645144, -1.2e-05, 0.0, 0.0, 0.0, 1.0],
                [0.614484, 0.069609, 0.785852, 0.124994, 0.216578, -0.972714, -0.083189, -0.002831, 0.758619, 0.221316, -0.612793, -1.2e-05, 0.0, 0.0, 0.0, 1.0],
                [0.569686, 0.069625, 0.818908, 0.124994, 0.224594, -0.971666, -0.073629, -0.002831, 0.790579, 0.225868, -0.569182, -1.2e-05, 0.0, 0.0, 0.0, 1.0],
                [0.513453, 0.100166, 0.852252, 0.124994, 0.236058, -0.971334, -0.028055, -0.002831, 0.825011, 0.215586, -0.522379, -1.2e-05, 0.0, 0.0, 0.0, 1.0],
                [0.445824, 0.126404, 0.88615, 0.124994, 0.249407, -0.968316, 0.012648, -0.002831, 0.859672, 0.215374, -0.463225, -1.2e-05, 0.0, 0.0, 0.0, 1.0],
                [0.367547, 0.137439, 0.919793, 0.124994, 0.264087, -0.963731, 0.038477, -0.002831, 0.891721, 0.228763, -0.390512, -1.2e-05, 0.0, 0.0, 0.0, 1.0],
                [0.280209, 0.138349, 0.949917, 0.124994, 0.280041, -0.958296, 0.056962, -0.002831, 0.918183, 0.250055, -0.307267, -1.2e-05, 0.0, 0.0, 0.0, 1.0],
                [0.186391, 0.129565, 0.973895, 0.124994, 0.296869, -0.952357, 0.069882, -0.002831, 0.93655, 0.276094, -0.215975, -1.2e-05, 0.0, 0.0, 0.0, 1.0],
                [0.089481, 0.111157, 0.989766, 0.124994, 0.314019, -0.946217, 0.077877, -0.002831, 0.94519, 0.303836, -0.119573, -1.2e-05, 0.0, 0.0, 0.0, 1.0],
                [-0.006713, 0.083389, 0.996494, 0.124994, 0.330882, -0.940197, 0.080907, -0.002831, 0.943648, 0.330265, -0.021281, -1.2e-05, 0.0, 0.0, 0.0, 1.0],
                [-0.098461, 0.046564, 0.994051, 0.124994, 0.346859, -0.934657, 0.078139, -0.002831, 0.932735, 0.352489, 0.075876, -1.2e-05, 0.0, 0.0, 0.0, 1.0],
                [-0.1826, -4.7e-05, 0.983187, 0.124994, 0.361394, -0.929998, 0.067074, -0.002831, 0.914358, 0.367566, 0.169834, -1.2e-05, 0.0, 0.0, 0.0, 1.0],
                [-0.256889, -0.071157, 0.963818, 0.124994, 0.373555, -0.927086, 0.031119, -0.002831, 0.891328, 0.368033, 0.264739, -1.2e-05, 0.0, 0.0, 0.0, 1.0],
                [-0.319869, -0.110911, 0.940948, 0.124994, 0.385056, -0.922628, 0.022146, -0.002831, 0.865688, 0.369401, 0.337827, -1.2e-05, 0.0, 0.0, 0.0, 1.0],
                [-0.370938, -0.130514, 0.919441, 0.124994, 0.395433, -0.918029, 0.029219, -0.002831, 0.84026, 0.374416, 0.392141, -1.2e-05, 0.0, 0.0, 0.0, 1.0],
                [-0.410254, -0.147175, 0.900017, 0.124994, 0.404062, -0.914073, 0.03471, -0.002831, 0.817573, 0.377902, 0.43447, -1.2e-05, 0.0, 0.0, 0.0, 1.0],
                [-0.438294, -0.160463, 0.884393, 0.124994, 0.410998, -0.910825, 0.038427, -0.002831, 0.799361, 0.380326, 0.465159, -1.2e-05, 0.0, 0.0, 0.0, 1.0],
                [-0.455671, -0.170111, 0.873742, 0.124994, 0.416318, -0.908326, 0.040273, -0.002831, 0.786792, 0.382107, 0.484719, -1.2e-05, 0.0, 0.0, 0.0, 1.0],
                [-0.462974, -0.175984, 0.868726, 0.124994, 0.420092, -0.906589, 0.040228, -0.002831, 0.780498, 0.38357, 0.493656, -1.2e-05, 0.0, 0.0, 0.0, 1.0],
                [-0.465537, -0.180162, 0.866497, 0.124994, 0.42328, -0.90515, 0.039214, -0.002831, 0.777245, 0.385027, 0.497639, -1.2e-05, 0.0, 0.0, 0.0, 1.0],
                [-0.468356, -0.184751, 0.864008, 0.124994, 0.426792, -0.903545, 0.038148, -0.002831, 0.773622, 0.386619, 0.502031, -1.2e-05, 0.0, 0.0, 0.0, 1.0],
                [-0.471411, -0.189713, 0.861267, 0.124994, 0.430603, -0.90178, 0.037052, -0.002831, 0.769644, 0.388331, 0.5068, -1.2e-05, 0.0, 0.0, 0.0, 1.0],
                [-0.474666, -0.194991, 0.858295, 0.124994, 0.434672, -0.899871, 0.035952, -0.002831, 0.765345, 0.390141, 0.511896, -1.2e-05, 0.0, 0.0, 0.0, 1.0],
                [-0.478073, -0.200504, 0.855128, 0.124994, 0.438937, -0.897841, 0.034875, -0.002831, 0.760776, 0.39202, 0.517242, -1.2e-05, 0.0, 0.0, 0.0, 1.0],
                [-0.481567, -0.206148, 0.85182, 0.124994, 0.44332, -0.895724, 0.033853, -0.002831, 0.756016, 0.393931, 0.52274, -1.2e-05, 0.0, 0.0, 0.0, 1.0],
                [-0.485069, -0.211795, 0.84844, 0.124994, 0.447722, -0.893567, 0.032911, -0.002831, 0.751167, 0.39583, 0.528267, -1.2e-05, 0.0, 0.0, 0.0, 1.0],
                [-0.488493, -0.217306, 0.845075, 0.124994, 0.452035, -0.891423, 0.032073, -0.002831, 0.74635, 0.397671, 0.533684, -1.2e-05, 0.0, 0.0, 0.0, 1.0],
                [-0.491748, -0.222539, 0.84182, 0.124994, 0.456143, -0.889354, 0.031351, -0.002831, 0.741699, 0.399407, 0.538848, -1.2e-05, 0.0, 0.0, 0.0, 1.0],
                [-0.49475, -0.227357, 0.838768, 0.124994, 0.459938, -0.887418, 0.030751, -0.002831, 0.737346, 0.400995, 0.54362, -1.2e-05, 0.0, 0.0, 0.0, 1.0],
                [-0.497426, -0.231649, 0.836006, 0.124994, 0.463328, -0.88567, 0.03027, -0.002831, 0.733414, 0.402402, 0.547884, -1.2e-05, 0.0, 0.0, 0.0, 1.0],
                [-0.499722, -0.235329, 0.833606, 0.124994, 0.466241, -0.884152, 0.029899, -0.002831, 0.729998, 0.403602, 0.55155, -1.2e-05, 0.0, 0.0, 0.0, 1.0],
                [-0.501604, -0.238342, 0.831617, 0.124994, 0.468631, -0.882897, 0.029623, -0.002831, 0.727172, 0.404581, 0.554559, -1.2e-05, 0.0, 0.0, 0.0, 1.0],
                [-0.503055, -0.240665, 0.83007, 0.124994, 0.470477, -0.881922, 0.029428, -0.002831, 0.724974, 0.405332, 0.556882, -1.2e-05, 0.0, 0.0, 0.0, 1.0],
                [-0.504074, -0.242297, 0.828976, 0.124994, 0.471774, -0.881232, 0.0293, -0.002831, 0.723421, 0.405859, 0.558516, -1.2e-05, 0.0, 0.0, 0.0, 1.0],
                [-0.504673, -0.243254, 0.828332, 0.124994, 0.472536, -0.880826, 0.029229, -0.002831, 0.722506, 0.406168, 0.559475, -1.2e-05, 0.0, 0.0, 0.0, 1.0],
                [-0.504867, -0.243565, 0.828121, 0.124994, 0.472784, -0.880694, 0.029206, -0.002831, 0.722208, 0.406268, 0.559788, -1.2e-05, 0.0, 0.0, 0.0, 1.0],
                [-0.49755, -0.239872, 0.833609, 0.124994, 0.471865, -0.881223, 0.028066, -0.002831, 0.727864, 0.407316, 0.551641, -1.2e-05, 0.0, 0.0, 0.0, 1.0],
                [-0.475024, -0.228646, 0.849749, 0.124994, 0.469034, -0.882836, 0.02465, -0.002831, 0.744553, 0.41027, 0.526611, -1.2e-05, 0.0, 0.0, 0.0, 1.0],
                [-0.435939, -0.209638, 0.875219, 0.124994, 0.464107, -0.885574, 0.01905, -0.002831, 0.771078, 0.4145, 0.483351, -1.2e-05, 0.0, 0.0, 0.0, 1.0],
                [-0.378455, -0.182635, 0.907423, 0.124994, 0.456826, -0.889482, 0.011502, -0.002831, 0.805035, 0.418887, 0.420061, -1.2e-05, 0.0, 0.0, 0.0, 1.0],
                [-0.300615, -0.147595, 0.942256, 0.124994, 0.446891, -0.894585, 0.002448, -0.002831, 0.842567, 0.421821, 0.334884, -1.2e-05, 0.0, 0.0, 0.0, 1.0],
                [-0.200972, -0.104821, 0.973973, 0.124994, 0.434039, -0.900863, -0.007392, -0.002831, 0.878191, 0.421257, 0.226544, -1.2e-05, 0.0, 0.0, 0.0, 1.0],
                [-0.07946, -0.055177, 0.99531, 0.124994, 0.418153, -0.908218, -0.016965, -0.002831, 0.904894, 0.414844, 0.09524, -1.2e-05, 0.0, 0.0, 0.0, 1.0],
