{
    "animation": [
        {
            "name": "Root",
            "time": [0.0, 0.0167, 0.0333, 0.05, 0.0667, 0.0833, 0.1, 0.1167, 0.1333, 0.15, 0.1667, 0.1833, 0.2, 0.2167, 0.2333, 0.25, 0.2667, 0.2833, 0.3, 0.3167, 0.3333, 0.35, 0.3667, 0.3833, 0.4, 0.4167, 0.4333, 0.45, 0.4667, 0.4833, 0.5, 0.5167, 0.5333, 0.55, 0.5667, 0.5833, 0.6, 0.6167, 0.6333, 0.65, 0.6667, 0.6833, 0.7, 0.7167, 0.7333, 0.75, 0.7667, 0.7833, 0.8, 0.8167, 0.8333, 0.85, 0.8667, 0.8833, 0.9, 0.9167, 0.9333, 0.95, 0.9667, 0.9833, 1.0, 1.0167, 1.0333, 1.05, 1.0667, 1.0833, 1.1, 1.1167, 1.1333, 1.15, 1.1667, 1.1833, 1.2, 1.2167, 1.2333, 1.25, 1.2667, 1.2833, 1.3, 1.3167, 1.3333, 1.35, 1.3667, 1.3833, 1.4, 1.4167, 1.4333, 1.45, 1.4667, 1.4833, 1.5, 1.5167, 1.5333, 1.55, 1.5667, 1.5833, 1.6, 1.6167, 1.6333, 1.65, 1.6667],
            "transform": [
                [0.999923, -0.003741, -0.011799, 0.000182, -0.012378, -0.302194, -0.953166, 0.016056, -0.0, 0.953239, -0.302217, 0.757631, 0.0, 0.0, 0.0, 1.0],
                [0.999923, -0.003744, -0.011798, 0.000183, -0.012378, -0.302459, -0.953082, 0.016069, -0.0, 0.953155, -0.302482, 0.757635, 0.0, 0.0, 0.0, 1.0],
                [0.999923, -0.003754, -0.011795, 0.000183, -0.012378, -0.303261, -0.952827, 0.01611, -0.0, 0.9529, -0.303284, 0.757648, 0.0, 0.0, 0.0, 1.0],
                [0.999923, -0.00377, -0.011789, 0.000184, -0.012377, -0.304601, -0.9524, 0.016177, -0.0, 0.952473, -0.304624, 0.757669, 0.0, 0.0, 0.0, 1.0],
                [0.999923, -0.003793, -0.011781, 0.000185, -0.012377, -0.306469, -0.9518, 0.01627, -0.0, 0.951873, -0.306493, 0.757699, 0.0, 0.0, 0.0, 1.0],
                [0.999923, -0.003823, -0.011771, 0.000187, -0.012376, -0.308842, -0.951033, 0.016389, -0.0, 0.951106, -0.308866, 0.757737, 0.0, 0.0, 0.0, 1.0],
                [0.999923, -0.003857, -0.011759, 0.000188, -0.012375, -0.311678, -0.950107, 0.01653, -0.0, 0.95018, -0.311702, 0.757784, 0.0, 0.0, 0.0, 1.0],
                [0.999923, -0.003897, -0.011745, 0.00019, -0.012375, -0.314917, -0.949039, 0.016692, -0.0, 0.949111, -0.314941, 0.757837, 0.0, 0.0, 0.0, 1.0],
                [0.999923, -0.003941, -0.01173, 0.000192, -0.012374, -0.318477, -0.94785, 0.01687, -0.0, 0.947922, -0.318501, 0.757897, 0.0, 0.0, 0.0, 1.0],
                [0.999923, -0.003988, -0.011714, 0.000195, -0.012374, -0.322262, -0.94657, 0.01706, -0.0, 0.946642, -0.322287, 0.757961, 0.0, 0.0, 0.0, 1.0],
                [0.999923, -0.004036, -0.011697, 0.000197, -0.012374, -0.326159, -0.945234, 0.017254, -0.0, 0.945306, -0.326184, 0.758027, 0.0, 0.0, 0.0, 1.0],
                [0.999923, -0.004084, -0.011681, 0.0002, -0.012374, -0.330052, -0.943882, 0.017449, -0.0, 0.943954, -0.330077, 0.758095, 0.0, 0.0, 0.0, 1.0],
                [0.999923, -0.004131, -0.011664, 0.000202, -0.012374, -0.33382, -0.942555, 0.017637, -0.0, 0.942628, -0.333846, 0.758161, 0.0, 0.0, 0.0, 1.0],
                [0.999923, -0.004175, -0.011649, 0.000204, -0.012375, -0.337356, -0.941296, 0.017814, -0.0, 0.941368, -0.337382, 0.758224, 0.0, 0.0, 0.0, 1.0],
                [0.999923, -0.004215, -0.011636, 0.000206, -0.012375, -0.340565, -0.94014, 0.017975, -0.0, 0.940212, -0.340591, 0.758282, 0.0, 0.0, 0.0, 1.0],
                [0.999923, -0.00425, -0.011624, 0.000208, -0.012376, -0.343368, -0.939119, 0.018115, -0.0, 0.939191, -0.343394, 0.758333, 0.0, 0.0, 0.0, 1.0],
                [0.999923, -0.004279, -0.011613, 0.000209, -0.012377, -0.345709, -0.93826, 0.018232, -0.0, 0.938332, -0.345736, 0.758376, 0.0, 0.0, 0.0, 1.0],
                [0.999923, -0.004302, -0.011606, 0.00021, -0.012377, -0.34755, -0.93758, 0.018324, -0.0, 0.937652, -0.347576, 0.75841, 0.0, 0.0, 0.0, 1.0],
                [0.999923, -0.004318, -0.0116, 0.000211, -0.012378, -0.348868, -0.93709, 0.01839, -0.0, 0.937162, -0.348895, 0.758435, 0.0, 0.0, 0.0, 1.0],
                [0.999923, -0.004328, -0.011596, 0.000212, -0.012378, -0.349656, -0.936796, 0.018429, -0.0, 0.936868, -0.349683, 0.758449, 0.0, 0.0, 0.0, 1.0],
                [0.999923, -0.004332, -0.011595, 0.000212, -0.012378, -0.349917, -0.936699, 0.018442, -0.0, 0.936771, -0.349944, 0.758454, 0.0, 0.0, 0.0, 1.0],
                [0.999923, -0.004332, -0.011595, 0.000212, -0.012378, -0.349386, -0.936897, 0.01846, 7e-06, 0.936969, -0.349413, 0.75842, 0.0, 0.0, 0.0, 1.0],
                [0.999923, -0.004332, -0.011595, 0.000212, -0.012378, -0.347449, -0.937617, 0.018715, 3.3e-05, 0.937689, -0.347476, 0.75819, 0.0, 0.0, 0.0, 1.0],
                [0.999923, -0.004332, -0.011595, 0.000212, -0.012378, -0.343502, -0.939071, 0.019599, 8.5e-05, 0.939142, -0.343529, 0.757523, 0.0, 0.0, 0.0, 1.0],
                [0.999923, -0.004332, -0.011595, 0.000212, -0.012377, -0.33688, -0.941466, 0.021608, 0.000172, 0.941537, -0.336908, 0.756115, 0.0, 0.0, 0.0, 1.0],
                [0.999923, -0.004332, -0.011595, 0.000212, -0.012374, -0.326996, -0.944945, 0.025272, 0.000301, 0.945016, -0.327024, 0.753652, 0.0, 0.0, 0.0, 1.0],
                [0.999923, -0.004332, -0.011595, 0.000212, -0.012369, -0.313499, -0.949508, 0.031024, 0.000478, 0.949579, -0.313528, 0.749887, 0.0, 0.0, 0.0, 1.0],
                [0.999923, -0.004332, -0.011595, 0.000212, -0.012358, -0.296386, -0.954988, 0.039089, 0.0007, 0.955058, -0.296417, 0.744703, 0.0, 0.0, 0.0, 1.0],
                [0.999923, -0.004332, -0.011595, 0.000212, -0.01234, -0.275972, -0.961087, 0.049444, 0.000963, 0.961156, -0.276004, 0.738137, 0.0, 0.0, 0.0, 1.0],
                [0.999923, -0.004332, -0.011595, 0.000212, -0.012314, -0.252754, -0.967452, 0.061885, 0.00126, 0.967521, -0.252788, 0.730332, 0.0, 0.0, 0.0, 1.0],
                [0.999923, -0.004332, -0.011595, 0.000212, -0.012276, -0.227278, -0.973753, 0.076116, 0.001583, 0.97382, -0.227313, 0.721484, 0.0, 0.0, 0.0, 1.0],
                [0.999924, -0.004185, -0.011608, 0.000205, -0.012202, -0.19542, -0.980644, 0.096259, 0.001836, 0.980711, -0.195456, 0.704965, 0.0, 0.0, 0.0, 1.0],
                [0.999925, -0.003744, -0.011646, 0.000183, -0.012082, -0.152894, -0.988169, 0.126613, 0.001919, 0.988235, -0.152928, 0.673936, 0.0, 0.0, 0.0, 1.0],
                [0.999927, -0.003026, -0.011708, 0.000147, -0.011954, -0.100938, -0.994821, 0.166375, 0.001829, 0.994888, -0.100967, 0.629271, 0.0, 0.0, 0.0, 1.0],
                [0.999928, -0.002088, -0.011789, 0.0001, -0.011867, -0.042478, -0.999027, 0.213423, 0.001585, 0.999095, -0.0425, 0.573627, 0.0, 0.0, 0.0, 1.0],
                [0.999929, -0.001025, -0.011881, 4.7e-05, -0.011861, 0.017807, -0.999771, 0.264196, 0.001236, 0.999841, 0.017794, 0.511628, 0.0, 0.0, 0.0, 1.0],
                [0.999928, 3.8e-05, -0.011972, -7e-06, -0.011942, 0.074269, -0.997167, 0.314178, 0.000851, 0.997238, 0.074264, 0.449256, 0.0, 0.0, 0.0, 1.0],
                [0.999927, 0.000977, -0.012053, -5.3e-05, -0.012083, 0.121727, -0.99249, 0.35893, 0.000498, 0.992563, 0.12173, 0.392489, 0.0, 0.0, 0.0, 1.0],
                [0.999925, 0.001694, -0.012115, -8.9e-05, -0.012231, 0.156668, -0.987576, 0.395089, 0.000225, 0.98765, 0.156677, 0.345952, 0.0, 0.0, 0.0, 1.0],
                [0.999924, 0.002135, -0.012153, -0.000111, -0.012339, 0.177551, -0.984034, 0.420793, 5.6e-05, 0.984109, 0.177564, 0.312321, 0.0, 0.0, 0.0, 1.0],
                [0.999923, 0.002282, -0.012166, -0.000119, -0.012378, 0.184355, -0.982782, 0.435501, 0.0, 0.982857, 0.184369, 0.292528, 0.0, 0.0, 0.0, 1.0],
                [0.999923, 0.002282, -0.012166, -0.000119, -0.012378, 0.184355, -0.982782, 0.444299, 0.0, 0.982857, 0.184369, 0.280303, 0.0, 0.0, 0.0, 1.0],
                [0.999923, 0.002282, -0.012166, -0.000119, -0.012378, 0.184355, -0.982782, 0.452017, 0.0, 0.982857, 0.184369, 0.269578, 0.0, 0.0, 0.0, 1.0],
                [0.999923, 0.002282, -0.012166, -0.000119, -0.012378, 0.184355, -0.982782, 0.458472, 0.0, 0.982857, 0.184369, 0.260608, 0.0, 0.0, 0.0, 1.0],
                [0.999923, 0.002282, -0.012166, -0.000119, -0.012378, 0.184355, -0.982782, 0.463533, 0.0, 0.982857, 0.184369, 0.253575, 0.0, 0.0, 0.0, 1.0],
                [0.999923, 0.002282, -0.012166, -0.000119, -0.012378, 0.184355, -0.982782, 0.46718, 0.0, 0.982857, 0.184369, 0.248507, 0.0, 0.0, 0.0, 1.0],
                [0.999923, 0.002282, -0.012166, -0.000119, -0.012378, 0.184355, -0.982782, 0.469539, 0.0, 0.982857, 0.184369, 0.245228, 0.0, 0.0, 0.0, 1.0],
                [0.999923, 0.002282, -0.012166, -0.000119, -0.012378, 0.184355, -0.982782, 0.470868, 0.0, 0.982857, 0.184369, 0.243383, 0.0, 0.0, 0.0, 1.0],
                [0.999923, 0.002282, -0.012166, -0.000119, -0.012378, 0.184355, -0.982782, 0.471481, 0.0, 0.982857, 0.184369, 0.24253, 0.0, 0.0, 0.0, 1.0],
                [0.999923, 0.002282, -0.012166, -0.000119, -0.012378, 0.184355, -0.982782, 0.47168, 0.0, 0.982857, 0.184369, 0.242253, 0.0, 0.0, 0.0, 1.0],
                [0.999923, 0.002282, -0.012166, -0.000119, -0.012378, 0.184355, -0.982782, 0.471706, 0.0, 0.982857, 0.184369, 0.242218, 0.0, 0.0, 0.0, 1.0],
                [0.999923, 0.002282, -0.012166, -0.000119, -0.012378, 0.184355, -0.982782, 0.471475, 0.0, 0.982857, 0.184369, 0.242225, 0.0, 0.0, 0.0, 1.0],
                [0.999923, 0.002282, -0.012166, -0.000119, -0.012378, 0.184355, -0.982782, 0.470779, 0.0, 0.982857, 0.184369, 0.242277, 0.0, 0.0, 0.0, 1.0],
                [0.999923, 0.002282, -0.012166, -0.000119, -0.012378, 0.184355, -0.982782, 0.469618, 0.0, 0.982857, 0.184369, 0.242429, 0.0, 0.0, 0.0, 1.0],
                [0.999923, 0.002282, -0.012166, -0.000119, -0.012378, 0.184355, -0.982782, 0.468006, 0.0, 0.982857, 0.184369, 0.24275, 0.0, 0.0, 0.0, 1.0],
                [0.999923, 0.002282, -0.012166, -0.000119, -0.012378, 0.184355, -0.982782, 0.465979, 0.0, 0.982857, 0.184369, 0.243318, 0.0, 0.0, 0.0, 1.0],
                [0.999923, 0.002282, -0.012166, -0.000119, -0.012378, 0.184355, -0.982782, 0.463592, 0.0, 0.982857, 0.184369, 0.244223, 0.0, 0.0, 0.0, 1.0],
                [0.999923, 0.002282, -0.012166, -0.000119, -0.012378, 0.184355, -0.982782, 0.460927, 0.0, 0.982857, 0.184369, 0.245557, 0.0, 0.0, 0.0, 1.0],
                [0.999923, 0.002282, -0.012166, -0.000119, -0.012378, 0.184355, -0.982782, 0.458084, 0.0, 0.982857, 0.184369, 0.24741, 0.0, 0.0, 0.0, 1.0],
                [0.999923, 0.002282, -0.012166, -0.000119, -0.012378, 0.184355, -0.982782, 0.45518, 0.0, 0.982857, 0.184369, 0.249859, 0.0, 0.0, 0.0, 1.0],
                [0.999923, 0.002282, -0.012166, -0.000119, -0.012378, 0.184355, -0.982782, 0.452337, 0.0, 0.982857, 0.184369, 0.252961, 0.0, 0.0, 0.0, 1.0],
                [0.999923, 0.002282, -0.012166, -0.000119, -0.012378, 0.184355, -0.982782, 0.449671, 0.0, 0.982857, 0.184369, 0.25675, 0.0, 0.0, 0.0, 1.0],
                [0.999923, 0.002282, -0.012166, -0.000119, -0.012378, 0.184355, -0.982782, 0.447284, 0.0, 0.982857, 0.184369, 0.261231, 0.0, 0.0, 0.0, 1.0],
                [0.999923, 0.002282, -0.012166, -0.000119, -0.012378, 0.184355, -0.982782, 0.445257, 0.0, 0.982857, 0.184369, 0.266388, 0.0, 0.0, 0.0, 1.0],
                [0.999923, 0.002282, -0.012166, -0.000119, -0.012378, 0.184355, -0.982782, 0.443646, 0.0, 0.982857, 0.184369, 0.272185, 0.0, 0.0, 0.0, 1.0],
                [0.999923, 0.002282, -0.012166, -0.000119, -0.012378, 0.184355, -0.982782, 0.442484, 0.0, 0.982857, 0.184369, 0.278576, 0.0, 0.0, 0.0, 1.0],
                [0.999923, 0.002282, -0.012166, -0.000119, -0.012378, 0.184355, -0.982782, 0.441788, 0.0, 0.982857, 0.184369, 0.285506, 0.0, 0.0, 0.0, 1.0],
                [0.999923, 0.002282, -0.012166, -0.000119, -0.012378, 0.184355, -0.982782, 0.441558, 0.0, 0.982857, 0.184369, 0.292922, 0.0, 0.0, 0.0, 1.0],
                [0.999908, 0.002277, -0.013359, -0.000118, -0.01355, 0.183987, -0.982835, 0.441581, 0.00022, 0.982926, 0.184001, 0.301181, 0.0, 0.0, 0.0, 1.0],
                [0.999854, 0.002264, -0.01696, -0.000118, -0.017088, 0.182877, -0.982987, 0.441651, 0.000876, 0.983133, 0.182889, 0.310682, 0.0, 0.0, 0.0, 1.0],
                [0.999733, 0.00224, -0.022988, -0.000117, -0.023014, 0.181018, -0.983211, 0.441769, 0.001959, 0.983477, 0.181021, 0.321425, 0.0, 0.0, 0.0, 1.0],
                [0.999503, 0.002208, -0.03145, -0.000115, -0.03134, 0.178406, -0.983458, 0.441935, 0.00344, 0.983954, 0.178387, 0.333398, 0.0, 0.0, 0.0, 1.0],
                [0.999101, 0.002166, -0.042333, -0.000113, -0.042058, 0.175045, -0.983662, 0.442147, 0.00528, 0.984558, 0.174979, 0.346582, 0.0, 0.0, 0.0, 1.0],
                [0.998451, 0.002114, -0.0556, -0.00011, -0.055142, 0.170943, -0.983737, 0.442407, 0.007424, 0.985279, 0.170795, 0.360941, 0.0, 0.0, 0.0, 1.0],
                [0.997461, 0.002054, -0.071188, -0.000107, -0.070539, 0.166115, -0.98358, 0.442713, 0.009805, 0.986104, 0.165838, 0.376429, 0.0, 0.0, 0.0, 1.0],
                [0.996029, 0.001985, -0.089005, -0.000104, -0.088167, 0.160585, -0.983076, 0.443063, 0.012341, 0.98702, 0.160122, 0.392982, 0.0, 0.0, 0.0, 1.0],
                [0.994048, 0.001908, -0.108923, -0.0001, -0.10791, 0.154386, -0.9821, 0.443455, 0.014943, 0.988009, 0.153674, 0.41052, 0.0, 0.0, 0.0, 1.0],
                [0.99141, 0.001823, -0.130779, -9.6e-05, -0.129614, 0.147562, -0.980523, 0.443887, 0.017511, 0.989051, 0.146531, 0.428945, 0.0, 0.0, 0.0, 1.0],
                [0.988011, 0.001731, -0.154372, -9.1e-05, -0.153088, 0.140165, -0.978222, 0.444355, 0.019944, 0.990127, 0.138749, 0.448143, 0.0, 0.0, 0.0, 1.0],
                [0.983763, 0.001633, -0.179463, -8.6e-05, -0.178099, 0.132259, -0.975084, 0.444855, 0.022144, 0.991214, 0.130402, 0.467978, 0.0, 0.0, 0.0, 1.0],
                [0.978597, 0.001529, -0.205779, -8.1e-05, -0.204379, 0.123918, -0.971017, 0.445382, 0.024015, 0.992291, 0.121579, 0.488301, 0.0, 0.0, 0.0, 1.0],
                [0.972472, 0.001421, -0.233017, -7.6e-05, -0.231625, 0.115226, -0.965957, 0.445932, 0.025477, 0.993338, 0.112383, 0.508947, 0.0, 0.0, 0.0, 1.0],
                [0.965378, 0.001311, -0.26085, -7e-05, -0.259508, 0.106274, -0.959876, 0.446497, 0.026464, 0.994336, 0.102935, 0.529741, 0.0, 0.0, 0.0, 1.0],
                [0.957347, 0.001198, -0.288938, -6.4e-05, -0.287682, 0.097161, -0.952785, 0.447073, 0.026932, 0.995268, 0.093361, 0.550497, 0.0, 0.0, 0.0, 1.0],
                [0.948447, 0.001084, -0.316935, -5.9e-05, -0.315797, 0.087988, -0.944738, 0.447653, 0.026862, 0.996121, 0.083794, 0.571028, 0.0, 0.0, 0.0, 1.0],
                [0.938784, 0.000972, -0.344504, -5.3e-05, -0.343504, 0.078858, -0.935835, 0.448229, 0.026258, 0.996885, 0.074365, 0.591145, 0.0, 0.0, 0.0, 1.0],
                [0.928503, 0.000861, -0.371324, -4.8e-05, -0.370472, 0.069876, -0.926211, 0.448797, 0.025149, 0.997555, 0.065199, 0.610667, 0.0, 0.0, 0.0, 1.0],
                [0.917776, 0.000753, -0.397099, -4.2e-05, -0.396398, 0.06114, -0.916041, 0.449348, 0.023589, 0.998129, 0.056411, 0.62942, 0.0, 0.0, 0.0, 1.0],
                [0.906797, 0.000649, -0.421567, -3.7e-05, -0.421012, 0.052744, -0.90552, 0.449878, 0.021647, 0.998608, 0.048101, 0.647246, 0.0, 0.0, 0.0, 1.0],
                [0.895776, 0.000551, -0.444505, -3.2e-05, -0.444082, 0.044773, -0.894867, 0.450382, 0.019408, 0.998997, 0.040351, 0.664001, 0.0, 0.0, 0.0, 1.0],
                [0.884927, 0.000459, -0.46573, -2.8e-05, -0.465421, 0.037304, -0.884303, 0.450853, 0.016968, 0.999304, 0.033225, 0.67956, 0.0, 0.0, 0.0, 1.0],
                [0.87446, 0.000374, -0.485097, -2.3e-05, -0.484883, 0.030405, -0.87405, 0.451289, 0.014422, 0.999538, 0.026769, 0.693818, 0.0, 0.0, 0.0, 1.0],
                [0.864575, 0.000297, -0.502503, -1.9e-05, -0.502363, 0.02413, -0.86432, 0.451685, 0.011869, 0.999709, 0.021011, 0.706691, 0.0, 0.0, 0.0, 1.0],
                [0.855456, 0.000228, -0.517876, -1.6e-05, -0.51779, 0.018526, -0.855307, 0.452038, 0.009399, 0.999828, 0.015966, 0.718111, 0.0, 0.0, 0.0, 1.0],
                [0.847263, 0.000168, -0.531174, -1.3e-05, -0.531127, 0.013629, -0.847183, 0.452348, 0.007097, 0.999907, 0.011636, 0.728032, 0.0, 0.0, 0.0, 1.0],
                [0.840133, 0.000116, -0.542381, -1e-05, -0.542358, 0.009464, -0.840095, 0.45261, 0.005035, 0.999955, 0.008014, 0.736423, 0.0, 0.0, 0.0, 1.0],
                [0.834177, 7.4e-05, -0.551498, -8e-06, -0.551488, 0.006049, -0.834161, 0.452826, 0.003274, 0.999982, 0.005087, 0.743268, 0.0, 0.0, 0.0, 1.0],
                [0.829478, 4.2e-05, -0.558539, -7e-06, -0.558536, 0.003394, -0.829473, 0.452993, 0.001861, 0.999994, 0.002839, 0.748564, 0.0, 0.0, 0.0, 1.0],
                [0.826095, 1.9e-05, -0.563531, -6e-06, -0.56353, 0.001503, -0.826094, 0.453113, 0.000832, 0.999999, 0.001252, 0.75232, 0.0, 0.0, 0.0, 1.0],
                [0.824061, 5e-06, -0.566502, -5e-06, -0.566502, 0.000374, -0.82406, 0.453184, 0.000208, 1.0, 0.000311, 0.754555, 0.0, 0.0, 0.0, 1.0],
                [0.823384, 0.0, -0.567485, -5e-06, -0.567485, 0.0, -0.823384, 0.453208, 0.0, 1.0, 0.0, 0.755293, 0.0, 0.0, 0.0, 1.0]
            ]
        },
        {
            "name": "Thigh_R",
            "time": [0.0, 0.0167, 0.0333, 0.05, 0.0667, 0.0833, 0.1, 0.1167, 0.1333, 0.15, 0.1667, 0.1833, 0.2, 0.2167, 0.2333, 0.25, 0.2667, 0.2833, 0.3, 0.3167, 0.3333, 0.35, 0.3667, 0.3833, 0.4, 0.4167, 0.4333, 0.45, 0.4667, 0.4833, 0.5, 0.5167, 0.5333, 0.55, 0.5667, 0.5833, 0.6, 0.6167, 0.6333, 0.65, 0.6667, 0.6833, 0.7, 0.7167, 0.7333, 0.75, 0.7667, 0.7833, 0.8, 0.8167, 0.8333, 0.85, 0.8667, 0.8833, 0.9, 0.9167, 0.9333, 0.95, 0.9667, 0.9833, 1.0, 1.0167, 1.0333, 1.05, 1.0667, 1.0833, 1.1, 1.1167, 1.1333, 1.15, 1.1667, 1.1833, 1.2, 1.2167, 1.2333, 1.25, 1.2667, 1.2833, 1.3, 1.3167, 1.3333, 1.35, 1.3667, 1.3833, 1.4, 1.4167, 1.4333, 1.45, 1.4667, 1.4833, 1.5, 1.5167, 1.5333, 1.55, 1.5667, 1.5833, 1.6, 1.6167, 1.6333, 1.65, 1.6667],
            "transform": [
                [0.999003, 0.024736, -0.037154, 0.124994, 0.001598, -0.851679, -0.524062, -0.002831, -0.044606, 0.52348, -0.85087, -1.2e-05, 0.0, 0.0, 0.0, 1.0],
                [0.999003, 0.024735, -0.037154, 0.124994, 0.001584, -0.851524, -0.524312, -0.002831, -0.044607, 0.523731, -0.850715, -1.2e-05, 0.0, 0.0, 0.0, 1.0],
                [0.999003, 0.024735, -0.037154, 0.124994, 0.001544, -0.851058, -0.52507, -0.002831, -0.044608, 0.524489, -0.850248, -1.2e-05, 0.0, 0.0, 0.0, 1.0],
                [0.999003, 0.024733, -0.037155, 0.124994, 0.001476, -0.850276, -0.526335, -0.002831, -0.04461, 0.525756, -0.849465, -1.2e-05, 0.0, 0.0, 0.0, 1.0],
                [0.999003, 0.024731, -0.037155, 0.124994, 0.001381, -0.849182, -0.528099, -0.002831, -0.044612, 0.527521, -0.84837, -1.2e-05, 0.0, 0.0, 0.0, 1.0],
                [0.999003, 0.024729, -0.037156, 0.124994, 0.001261, -0.847786, -0.530336, -0.002831, -0.044615, 0.529761, -0.846973, -1.2e-05, 0.0, 0.0, 0.0, 1.0],
                [0.999003, 0.024726, -0.037157, 0.124994, 0.001117, -0.846109, -0.533008, -0.002831, -0.044618, 0.532435, -0.845294, -1.2e-05, 0.0, 0.0, 0.0, 1.0],
                [0.999003, 0.024723, -0.037158, 0.124994, 0.000953, -0.844182, -0.536055, -0.002831, -0.044621, 0.535486, -0.843364, -1.2e-05, 0.0, 0.0, 0.0, 1.0],
                [0.999003, 0.024719, -0.03716, 0.124994, 0.000772, -0.842048, -0.539401, -0.002831, -0.044624, 0.538835, -0.841228, -1.2e-05, 0.0, 0.0, 0.0, 1.0],
                [0.999003, 0.024716, -0.037162, 0.124994, 0.000579, -0.839763, -0.542952, -0.002831, -0.044626, 0.54239, -0.838941, -1.2e-05, 0.0, 0.0, 0.0, 1.0],
                [0.999003, 0.024712, -0.037164, 0.124994, 0.00038, -0.837391, -0.546604, -0.002831, -0.044628, 0.546045, -0.836566, -1.2e-05, 0.0, 0.0, 0.0, 1.0],
                [0.999003, 0.024708, -0.037166, 0.124994, 0.000181, -0.835004, -0.550244, -0.002831, -0.044629, 0.549689, -0.834176, -1.2e-05, 0.0, 0.0, 0.0, 1.0],
                [0.999003, 0.024704, -0.037169, 0.124994, -1.2e-05, -0.832674, -0.553763, -0.002831, -0.04463, 0.553212, -0.831844, -1.2e-05, 0.0, 0.0, 0.0, 1.0],
                [0.999003, 0.024701, -0.037172, 0.124994, -0.000194, -0.830472, -0.55706, -0.002831, -0.04463, 0.556512, -0.82964, -1.2e-05, 0.0, 0.0, 0.0, 1.0],
                [0.999003, 0.024698, -0.037174, 0.124994, -0.000358, -0.82846, -0.560047, -0.002831, -0.044629, 0.559503, -0.827626, -1.2e-05, 0.0, 0.0, 0.0, 1.0],
                [0.999003, 0.024695, -0.037176, 0.124994, -0.000503, -0.826692, -0.562654, -0.002831, -0.044628, 0.562112, -0.825856, -1.2e-05, 0.0, 0.0, 0.0, 1.0],
                [0.999003, 0.024693, -0.037179, 0.124994, -0.000623, -0.825207, -0.564829, -0.002831, -0.044627, 0.564289, -0.82437, -1.2e-05, 0.0, 0.0, 0.0, 1.0],
                [0.999003, 0.024691, -0.03718, 0.124994, -0.000718, -0.824035, -0.566537, -0.002831, -0.044626, 0.565999, -0.823196, -1.2e-05, 0.0, 0.0, 0.0, 1.0],
                [0.999004, 0.02469, -0.037181, 0.124994, -0.000786, -0.823193, -0.56776, -0.002831, -0.044625, 0.567223, -0.822354, -1.2e-05, 0.0, 0.0, 0.0, 1.0],
                [0.999003, 0.024689, -0.037182, 0.124994, -0.000827, -0.822689, -0.568491, -0.002831, -0.044625, 0.567955, -0.821849, -1.2e-05, 0.0, 0.0, 0.0, 1.0],
                [0.999003, 0.024689, -0.037182, 0.124994, -0.000841, -0.822522, -0.568732, -0.002831, -0.044625, 0.568197, -0.821682, -1.2e-05, 0.0, 0.0, 0.0, 1.0],
                [0.999004, 0.024683, -0.037183, 0.124994, -0.000822, -0.822826, -0.568293, -0.002831, -0.044623, 0.567757, -0.821986, -1.2e-05, 0.0, 0.0, 0.0, 1.0],
                [0.999004, 0.024668, -0.037183, 0.124994, -0.00076, -0.823779, -0.566911, -0.002831, -0.044615, 0.566375, -0.822939, -1.2e-05, 0.0, 0.0, 0.0, 1.0],
                [0.999005, 0.024645, -0.037177, 0.124994, -0.000646, -0.825413, -0.564529, -0.002831, -0.044599, 0.563991, -0.824576, -1.2e-05, 0.0, 0.0, 0.0, 1.0],
                [0.999006, 0.024621, -0.037158, 0.124994, -0.000474, -0.827703, -0.561166, -0.002831, -0.044572, 0.560626, -0.826869, -1.2e-05, 0.0, 0.0, 0.0, 1.0],
                [0.999008, 0.024601, -0.037117, 0.124994, -0.000241, -0.830537, -0.556963, -0.002831, -0.044529, 0.556419, -0.829708, -1.2e-05, 0.0, 0.0, 0.0, 1.0],
                [0.999011, 0.024593, -0.03705, 0.124994, 4.5e-05, -0.833722, -0.552184, -0.002831, -0.044469, 0.551636, -0.832898, -1.2e-05, 0.0, 0.0, 0.0, 1.0],
                [0.999014, 0.024602, -0.036954, 0.124994, 0.000372, -0.837016, -0.547177, -0.002831, -0.044393, 0.546624, -0.836201, -1.2e-05, 0.0, 0.0, 0.0, 1.0],
                [0.999018, 0.024629, -0.036833, 0.124994, 0.00072, -0.840192, -0.542288, -0.002831, -0.044302, 0.541729, -0.839385, -1.2e-05, 0.0, 0.0, 0.0, 1.0],
                [0.999022, 0.024673, -0.036692, 0.124994, 0.00107, -0.843072, -0.537799, -0.002831, -0.044203, 0.537234, -0.842274, -1.2e-05, 0.0, 0.0, 0.0, 1.0],
                [0.998988, 0.02471, -0.037577, 0.124994, 0.002714, -0.867147, -0.498045, -0.002831, -0.044891, 0.497439, -0.866337, -1.2e-05, 0.0, 0.0, 0.0, 1.0],
                [0.998912, 0.024999, -0.039368, 0.124994, 0.00741, -0.918533, -0.395273, -0.002831, -0.046043, 0.394551, -0.91772, -1.2e-05, 0.0, 0.0, 0.0, 1.0],
                [0.998881, 0.02645, -0.039201, 0.124994, 0.013271, -0.952427, -0.304479, -0.002831, -0.04539, 0.303618, -0.951712, -1.2e-05, 0.0, 0.0, 0.0, 1.0],
                [0.998875, 0.029727, -0.036947, 0.124994, 0.020202, -0.971638, -0.235608, -0.002831, -0.042903, 0.234596, -0.971146, -1.2e-05, 0.0, 0.0, 0.0, 1.0],
                [0.998858, 0.035366, -0.032115, 0.124994, 0.028262, -0.979472, -0.19959, -0.002831, -0.038515, 0.198454, -0.979353, -1.2e-05, 0.0, 0.0, 0.0, 1.0],
                [0.998765, 0.043672, -0.023681, 0.124994, 0.038002, -0.97864, -0.202038, -0.002831, -0.031998, 0.200888, -0.979091, -1.2e-05, 0.0, 0.0, 0.0, 1.0],
                [0.998453, 0.054688, -0.010044, 0.124994, 0.050707, -0.969681, -0.239054, -0.002831, -0.022813, 0.238175, -0.970954, -1.2e-05, 0.0, 0.0, 0.0, 1.0],
                [0.997615, 0.068214, 0.010496, 0.124994, 0.068248, -0.952379, -0.297181, -0.002831, -0.010276, 0.297188, -0.954763, -1.2e-05, 0.0, 0.0, 0.0, 1.0],
                [0.995757, 0.083612, 0.038449, 0.124994, 0.091855, -0.928629, -0.35946, -0.002831, 0.00565, 0.361466, -0.932368, -1.2e-05, 0.0, 0.0, 0.0, 1.0],
                [0.992588, 0.099024, 0.070444, 0.124994, 0.11936, -0.903326, -0.412013, -0.002831, 0.022834, 0.417367, -0.908451, -1.2e-05, 0.0, 0.0, 0.0, 1.0],
                [0.989208, 0.110438, 0.096286, 0.124994, 0.142132, -0.88288, -0.447573, -0.002831, 0.03558, 0.456428, -0.889048, -1.2e-05, 0.0, 0.0, 0.0, 1.0],
                [0.986195, 0.118541, 0.11562, 0.124994, 0.159576, -0.866807, -0.47242, -0.002831, 0.044219, 0.484348, -0.873757, -1.2e-05, 0.0, 0.0, 0.0, 1.0],
                [0.982237, 0.127586, 0.137596, 0.124994, 0.179653, -0.85113, -0.493257, -0.002831, 0.05418, 0.509214, -0.858932, -1.2e-05, 0.0, 0.0, 0.0, 1.0],
                [0.977332, 0.137165, 0.161271, 0.124994, 0.201483, -0.836527, -0.509537, -0.002831, 0.065017, 0.53048, -0.8452, -1.2e-05, 0.0, 0.0, 0.0, 1.0],
                [0.97182, 0.146516, 0.184658, 0.124994, 0.223204, -0.823862, -0.520991, -0.002831, 0.075799, 0.547526, -0.833348, -1.2e-05, 0.0, 0.0, 0.0, 1.0],
                [0.966451, 0.15462, 0.205097, 0.124994, 0.242284, -0.813877, -0.528112, -0.002831, 0.085267, 0.560086, -0.824034, -1.2e-05, 0.0, 0.0, 0.0, 1.0],
                [0.962097, 0.160641, 0.220369, 0.124994, 0.256587, -0.806934, -0.531996, -0.002831, 0.092363, 0.568376, -0.817568, -1.2e-05, 0.0, 0.0, 0.0, 1.0],
                [0.959259, 0.164349, 0.229807, 0.124994, 0.265444, -0.802827, -0.533862, -0.002831, 0.096756, 0.573113, -0.813744, -1.2e-05, 0.0, 0.0, 0.0, 1.0],
                [0.957838, 0.166148, 0.234394, 0.124994, 0.269752, -0.800876, -0.534632, -0.002831, 0.098893, 0.57532, -0.811928, -1.2e-05, 0.0, 0.0, 0.0, 1.0],
                [0.95736, 0.166745, 0.235918, 0.124994, 0.271184, -0.800234, -0.534869, -0.002831, 0.099603, 0.57604, -0.81133, -1.2e-05, 0.0, 0.0, 0.0, 1.0],
                [0.957299, 0.166821, 0.236112, 0.124994, 0.271366, -0.800152, -0.534899, -0.002831, 0.099693, 0.576131, -0.811254, -1.2e-05, 0.0, 0.0, 0.0, 1.0],
                [0.957394, 0.16687, 0.235691, 0.124994, 0.271088, -0.80062, -0.534339, -0.002831, 0.099534, 0.575467, -0.811746, -1.2e-05, 0.0, 0.0, 0.0, 1.0],
                [0.957725, 0.166942, 0.234291, 0.124994, 0.270117, -0.802056, -0.532674, -0.002831, 0.098989, 0.573442, -0.813244, -1.2e-05, 0.0, 0.0, 0.0, 1.0],
                [0.958362, 0.166901, 0.231703, 0.124994, 0.26823, -0.804489, -0.529952, -0.002831, 0.097953, 0.570036, -0.81576, -1.2e-05, 0.0, 0.0, 0.0, 1.0],
                [0.95937, 0.16658, 0.227726, 0.124994, 0.265199, -0.807914, -0.526254, -0.002831, 0.09632, 0.565266, -0.819266, -1.2e-05, 0.0, 0.0, 0.0, 1.0],
                [0.9608, 0.165795, 0.222203, 0.124994, 0.260819, -0.812286, -0.521694, -0.002831, 0.093998, 0.559198, -0.823687, -1.2e-05, 0.0, 0.0, 0.0, 1.0],
                [0.96267, 0.164367, 0.215056, 0.124994, 0.254946, -0.817508, -0.516413, -0.002831, 0.090929, 0.551963, -0.828896, -1.2e-05, 0.0, 0.0, 0.0, 1.0],
                [0.964954, 0.162149, 0.206326, 0.124994, 0.247539, -0.823431, -0.510574, -0.002831, 0.087106, 0.543754, -0.834712, -1.2e-05, 0.0, 0.0, 0.0, 1.0],
                [0.96758, 0.159049, 0.196194, 0.124994, 0.238681, -0.829834, -0.504387, -0.002831, 0.082586, 0.534863, -0.840893, -1.2e-05, 0.0, 0.0, 0.0, 1.0],
                [0.970432, 0.155103, 0.184946, 0.124994, 0.228598, -0.836559, -0.497907, -0.002831, 0.077491, 0.525463, -0.84728, -1.2e-05, 0.0, 0.0, 0.0, 1.0],
                [0.973376, 0.150344, 0.17302, 0.124994, 0.217612, -0.843241, -0.491517, -0.002831, 0.072, 0.516082, -0.853507, -1.2e-05, 0.0, 0.0, 0.0, 1.0],
                [0.976279, 0.144946, 0.160838, 0.124994, 0.20611, -0.849678, -0.485352, -0.002831, 0.066311, 0.50699, -0.859398, -1.2e-05, 0.0, 0.0, 0.0, 1.0],
                [0.979033, 0.139096, 0.148813, 0.124994, 0.194469, -0.85565, -0.47963, -0.002831, 0.060617, 0.498513, -0.86476, -1.2e-05, 0.0, 0.0, 0.0, 1.0],
                [0.981565, 0.132983, 0.13728, 0.124994, 0.183019, -0.860981, -0.474568, -0.002831, 0.055086, 0.490944, -0.869448, -1.2e-05, 0.0, 0.0, 0.0, 1.0],
                [0.983834, 0.126777, 0.126481, 0.124994, 0.172005, -0.865541, -0.470376, -0.002831, 0.049841, 0.484527, -0.873355, -1.2e-05, 0.0, 0.0, 0.0, 1.0],
                [0.985833, 0.120609, 0.116558, 0.124994, 0.161588, -0.869235, -0.467247, -0.002831, 0.044962, 0.479462, -0.87641, -1.2e-05, 0.0, 0.0, 0.0, 1.0],
                [0.987573, 0.114556, 0.107589, 0.124994, 0.151851, -0.87195, -0.46545, -0.002831, 0.040492, 0.476003, -0.878511, -1.2e-05, 0.0, 0.0, 0.0, 1.0],
                [0.989076, 0.10871, 0.09955, 0.124994, 0.142829, -0.873753, -0.464924, -0.002831, 0.03644, 0.474064, -0.879735, -1.2e-05, 0.0, 0.0, 0.0, 1.0],
                [0.989913, 0.105651, 0.094392, 0.124994, 0.137568, -0.87606, -0.462162, -0.002831, 0.033865, 0.470486, -0.881757, -1.2e-05, 0.0, 0.0, 0.0, 1.0],
                [0.989823, 0.107443, 0.093303, 0.124994, 0.138317, -0.880498, -0.453423, -0.002831, 0.033435, 0.461714, -0.886399, -1.2e-05, 0.0, 0.0, 0.0, 1.0],
                [0.989007, 0.113302, 0.095009, 0.124994, 0.143772, -0.886992, -0.438832, -0.002831, 0.034552, 0.447668, -0.893532, -1.2e-05, 0.0, 0.0, 0.0, 1.0],
                [0.987603, 0.122461, 0.098193, 0.124994, 0.152628, -0.89527, -0.418563, -0.002831, 0.036652, 0.428362, -0.902864, -1.2e-05, 0.0, 0.0, 0.0, 1.0],
                [0.985732, 0.134174, 0.101636, 0.124994, 0.163681, -0.904906, -0.392877, -0.002831, 0.039257, 0.403907, -0.913957, -1.2e-05, 0.0, 0.0, 0.0, 1.0],
                [0.983516, 0.1477, 0.104312, 0.124994, 0.175877, -0.915368, -0.36217, -0.002831, 0.041992, 0.374546, -0.926257, -1.2e-05, 0.0, 0.0, 0.0, 1.0],
                [0.981091, 0.16231, 0.10543, 0.124994, 0.18834, -0.926116, -0.326858, -0.002831, 0.044588, 0.340534, -0.939174, -1.2e-05, 0.0, 0.0, 0.0, 1.0],
                [0.978601, 0.177249, 0.104513, 0.124994, 0.200355, -0.936525, -0.287712, -0.002831, 0.046882, 0.302495, -0.951997, -1.2e-05, 0.0, 0.0, 0.0, 1.0],
                [0.976187, 0.191811, 0.10133, 0.124994, 0.211372, -0.946096, -0.245405, -0.002831, 0.048797, 0.260979, -0.96411, -1.2e-05, 0.0, 0.0, 0.0, 1.0],
                [0.97398, 0.205333, 0.095927, 0.124994, 0.220977, -0.954388, -0.200779, -0.002831, 0.050325, 0.216752, -0.974929, -1.2e-05, 0.0, 0.0, 0.0, 1.0],
                [0.972092, 0.217233, 0.088581, 0.124994, 0.228873, -0.961075, -0.154762, -0.002831, 0.051514, 0.170716, -0.983973, -1.2e-05, 0.0, 0.0, 0.0, 1.0],
                [0.970612, 0.227047, 0.079759, 0.124994, 0.234865, -0.96597, -0.108354, -0.002831, 0.052444, 0.123902, -0.990907, -1.2e-05, 0.0, 0.0, 0.0, 1.0],
                [0.9696, 0.234453, 0.070058, 0.124994, 0.23884, -0.969039, -0.062596, -0.002831, 0.053213, 0.077426, -0.995577, -1.2e-05, 0.0, 0.0, 0.0, 1.0],
                [0.969085, 0.239286, 0.060139, 0.124994, 0.240762, -0.970407, -0.018534, -0.002831, 0.053924, 0.03244, -0.998018, -1.2e-05, 0.0, 0.0, 0.0, 1.0],
                [0.969068, 0.241536, 0.050659, 0.124994, 0.240661, -0.970341, 0.022821, -0.002831, 0.054668, -0.009924, -0.998455, -1.2e-05, 0.0, 0.0, 0.0, 1.0],
                [0.969522, 0.241339, 0.042207, 0.124994, 0.238628, -0.969222, 0.060541, -0.002831, 0.055519, -0.048624, -0.997273, -1.2e-05, 0.0, 0.0, 0.0, 1.0],
                [0.970396, 0.238933, 0.035253, 0.124994, 0.234812, -0.967502, 0.093824, -0.002831, 0.056525, -0.082768, -0.994964, -1.2e-05, 0.0, 0.0, 0.0, 1.0],
                [0.971618, 0.234629, 0.030112, 0.124994, 0.229406, -0.965651, 0.122028, -0.002831, 0.057709, -0.111656, -0.99207, -1.2e-05, 0.0, 0.0, 0.0, 1.0],
                [0.973108, 0.228769, 0.026935, 0.124994, 0.222647, -0.964102, 0.144691, -0.002831, 0.059068, -0.134803, -0.98911, -1.2e-05, 0.0, 0.0, 0.0, 1.0],
                [0.974778, 0.221689, 0.025727, 0.124994, 0.214799, -0.963218, 0.16147, -0.002831, 0.060577, -0.151872, -0.986542, -1.2e-05, 0.0, 0.0, 0.0, 1.0],
                [0.976542, 0.213712, 0.026323, 0.124994, 0.206149, -0.963217, 0.17238, -0.002831, 0.062194, -0.16291, -0.984679, -1.2e-05, 0.0, 0.0, 0.0, 1.0],
                [0.978324, 0.20511, 0.028508, 0.124994, 0.196987, -0.964229, 0.177361, -0.002831, 0.063867, -0.167901, -0.983733, -1.2e-05, 0.0, 0.0, 0.0, 1.0],
                [0.980056, 0.196132, 0.031958, 0.124994, 0.187599, -0.966216, 0.176729, -0.002831, 0.065541, -0.167209, -0.983741, -1.2e-05, 0.0, 0.0, 0.0, 1.0],
                [0.98169, 0.186977, 0.036379, 0.124994, 0.17825, -0.969074, 0.170651, -0.002831, 0.067161, -0.161042, -0.984659, -1.2e-05, 0.0, 0.0, 0.0, 1.0],
                [0.983189, 0.177823, 0.041457, 0.124994, 0.169181, -0.972593, 0.159498, -0.002831, 0.068684, -0.149803, -0.986327, -1.2e-05, 0.0, 0.0, 0.0, 1.0],
                [0.984527, 0.168844, 0.04688, 0.124994, 0.160611, -0.976473, 0.143886, -0.002831, 0.070072, -0.134131, -0.988483, -1.2e-05, 0.0, 0.0, 0.0, 1.0],
                [0.985696, 0.160158, 0.052465, 0.124994, 0.152708, -0.980462, 0.123993, -0.002831, 0.071298, -0.114207, -0.990895, -1.2e-05, 0.0, 0.0, 0.0, 1.0],
                [0.98669, 0.151923, 0.057975, 0.124994, 0.145627, -0.984206, 0.100647, -0.002831, 0.07235, -0.090864, -0.993232, -1.2e-05, 0.0, 0.0, 0.0, 1.0],
                [0.987514, 0.144249, 0.063303, 0.124994, 0.139478, -0.987437, 0.074253, -0.002831, 0.073218, -0.064497, -0.995228, -1.2e-05, 0.0, 0.0, 0.0, 1.0],
                [0.988172, 0.13729, 0.068311, 0.124994, 0.134362, -0.989874, 0.045775, -0.002831, 0.073904, -0.036056, -0.996614, -1.2e-05, 0.0, 0.0, 0.0, 1.0],
                [0.988669, 0.131248, 0.072854, 0.124994, 0.130374, -0.991325, 0.016654, -0.002831, 0.074408, -0.006967, -0.997204, -1.2e-05, 0.0, 0.0, 0.0, 1.0],
                [0.988998, 0.126572, 0.076563, 0.124994, 0.127663, -0.991772, -0.009507, -0.002831, 0.07473, 0.019176, -0.997019, -1.2e-05, 0.0, 0.0, 0.0, 1.0],
                [0.989123, 0.124561, 0.078232, 0.124994, 0.126625, -0.991707, -0.021973, -0.002831, 0.074846, 0.03164, -0.996693, -1.2e-05, 0.0, 0.0, 0.0, 1.0]
            ]
        },
        {
            "name": "Leg_R",
            "time": [0.0, 0.0167, 0.0333, 0.05, 0.0667, 0.0833, 0.1, 0.1167, 0.1333, 0.15, 0.1667, 0.1833, 0.2, 0.2167, 0.2333, 0.25, 0.2667, 0.2833, 0.3, 0.3167, 0.3333, 0.35, 0.3667, 0.3833, 0.4, 0.4167, 0.4333, 0.45, 0.4667, 0.4833, 0.5, 0.5167, 0.5333, 0.55, 0.5667, 0.5833, 0.6, 0.6167, 0.6333, 0.65, 0.6667, 0.6833, 0.7, 0.7167, 0.7333, 0.75, 0.7667, 0.7833, 0.8, 0.8167, 0.8333, 0.85, 0.8667, 0.8833, 0.9, 0.9167, 0.9333, 0.95, 0.9667, 0.9833, 1.0, 1.0167, 1.0333, 1.05, 1.0667, 1.0833, 1.1, 1.1167, 1.1333, 1.15, 1.1667, 1.1833, 1.2, 1.2167, 1.2333, 1.25, 1.2667, 1.2833, 1.3, 1.3167, 1.3333, 1.35, 1.3667, 1.3833, 1.4, 1.4167, 1.4333, 1.45, 1.4667, 1.4833, 1.5, 1.5167, 1.5333, 1.55, 1.5667, 1.5833, 1.6, 1.6167, 1.6333, 1.65, 1.6667],
            "transform": [
                [1.0, -1.6e-05, -0.000115, -0.0, 1.6e-05, 1.0, 0.000435, 0.374721, 0.000115, -0.000435, 1.0, -0.0, 0.0, 0.0, 0.0, 1.0],
                [1.0, -1.6e-05, -0.000115, 0.0, 1.6e-05, 1.0, 0.000435, 0.374721, 0.000115, -0.000435, 1.0, -0.0, 0.0, 0.0, 0.0, 1.0],
                [1.0, -1.6e-05, -0.000115, -0.0, 1.6e-05, 1.0, 0.000435, 0.374721, 0.000115, -0.000435, 1.0, 0.0, 0.0, 0.0, 0.0, 1.0],
                [1.0, -1.6e-05, -0.000115, -0.0, 1.6e-05, 1.0, 0.000435, 0.374721, 0.000115, -0.000435, 1.0, 0.0, 0.0, 0.0, 0.0, 1.0],
                [1.0, -1.6e-05, -0.000115, -0.0, 1.6e-05, 1.0, 0.000435, 0.374721, 0.000115, -0.000435, 1.0, 0.0, 0.0, 0.0, 0.0, 1.0],
                [1.0, -1.6e-05, -0.000115, -0.0, 1.6e-05, 1.0, 0.000435, 0.374721, 0.000115, -0.000435, 1.0, -0.0, 0.0, 0.0, 0.0, 1.0],
                [1.0, -1.6e-05, -0.000115, -0.0, 1.6e-05, 1.0, 0.000435, 0.374721, 0.000115, -0.000435, 1.0, 0.0, 0.0, 0.0, 0.0, 1.0],
                [1.0, -1.6e-05, -0.000115, -0.0, 1.6e-05, 1.0, 0.000435, 0.374721, 0.000115, -0.000435, 1.0, 0.0, 0.0, 0.0, 0.0, 1.0],
                [1.0, -1.6e-05, -0.000115, -0.0, 1.6e-05, 1.0, 0.000435, 0.374721, 0.000115, -0.000435, 1.0, -0.0, 0.0, 0.0, 0.0, 1.0],
                [1.0, -1.6e-05, -0.000115, 0.0, 1.6e-05, 1.0, 0.000435, 0.374721, 0.000115, -0.000435, 1.0, 0.0, 0.0, 0.0, 0.0, 1.0],
                [1.0, -1.6e-05, -0.000115, 0.0, 1.6e-05, 1.0, 0.000435, 0.374721, 0.000115, -0.000435, 1.0, 0.0, 0.0, 0.0, 0.0, 1.0],
                [1.0, -1.6e-05, -0.000115, -0.0, 1.6e-05, 1.0, 0.000435, 0.374721, 0.000115, -0.000435, 1.0, 0.0, 0.0, 0.0, 0.0, 1.0],
                [1.0, -1.6e-05, -0.000115, -0.0, 1.6e-05, 1.0, 0.000435, 0.374721, 0.000115, -0.000435, 1.0, 0.0, 0.0, 0.0, 0.0, 1.0],
                [1.0, -1.6e-05, -0.000115, 0.0, 1.6e-05, 1.0, 0.000435, 0.374721, 0.000115, -0.000435, 1.0, -0.0, 0.0, 0.0, 0.0, 1.0],
                [1.0, -1.6e-05, -0.000115, -0.0, 1.6e-05, 1.0, 0.000435, 0.374721, 0.000115, -0.000435, 1.0, -0.0, 0.0, 0.0, 0.0, 1.0],
                [1.0, -1.6e-05, -0.000115, 0.0, 1.6e-05, 1.0, 0.000435, 0.374721, 0.000115, -0.000435, 1.0, -0.0, 0.0, 0.0, 0.0, 1.0],
                [1.0, -1.6e-05, -0.000115, 0.0, 1.6e-05, 1.0, 0.000435, 0.374721, 0.000115, -0.000435, 1.0, 0.0, 0.0, 0.0, 0.0, 1.0],
                [1.0, -1.6e-05, -0.000115, 0.0, 1.6e-05, 1.0, 0.000435, 0.374721, 0.000115, -0.000435, 1.0, -0.0, 0.0, 0.0, 0.0, 1.0],
                [1.0, -1.6e-05, -0.000115, -0.0, 1.6e-05, 1.0, 0.000435, 0.374721, 0.000115, -0.000435, 1.0, 0.0, 0.0, 0.0, 0.0, 1.0],
                [1.0, -1.6e-05, -0.000115, 0.0, 1.6e-05, 1.0, 0.000435, 0.374721, 0.000115, -0.000435, 1.0, 0.0, 0.0, 0.0, 0.0, 1.0],
                [1.0, -1.6e-05, -0.000115, 0.0, 1.6e-05, 1.0, 0.000435, 0.374721, 0.000115, -0.000435, 1.0, 0.0, 0.0, 0.0, 0.0, 1.0],
                [1.0, -1.6e-05, -0.000115, 0.0, 1.6e-05, 1.0, 0.000435, 0.374721, 0.000115, -0.000435, 1.0, 0.0, 0.0, 0.0, 0.0, 1.0],
                [1.0, -1.6e-05, -0.000115, -0.0, 1.6e-05, 1.0, 0.000435, 0.374721, 0.000115, -0.000435, 1.0, -0.0, 0.0, 0.0, 0.0, 1.0],
                [1.0, -1.6e-05, -0.000115, -0.0, 1.6e-05, 1.0, 0.000435, 0.374721, 0.000115, -0.000435, 1.0, 0.0, 0.0, 0.0, 0.0, 1.0],
                [1.0, -1.6e-05, -0.000115, -0.0, 1.6e-05, 1.0, 0.000435, 0.374721, 0.000115, -0.000435, 1.0, 0.0, 0.0, 0.0, 0.0, 1.0],
                [1.0, -1.6e-05, -0.000115, 0.0, 1.6e-05, 1.0, 0.000435, 0.374721, 0.000115, -0.000435, 1.0, -0.0, 0.0, 0.0, 0.0, 1.0],
                [1.0, -1.6e-05, -0.000115, 0.0, 1.6e-05, 1.0, 0.000435, 0.374721, 0.000115, -0.000435, 1.0, -0.0, 0.0, 0.0, 0.0, 1.0],
                [1.0, -1.6e-05, -0.000115, -0.0, 1.6e-05, 1.0, 0.000435, 0.374721, 0.000115, -0.000435, 0.999999, -0.0, 0.0, 0.0, 0.0, 1.0],
                [1.0, -1.6e-05, -0.000115, 0.0, 1.6e-05, 1.0, 0.000435, 0.374721, 0.000115, -0.000435, 1.0, -0.0, 0.0, 0.0, 0.0, 1.0],
                [1.0, -1.6e-05, -0.000115, -0.0, 1.6e-05, 1.0, 0.000435, 0.374721, 0.000115, -0.000435, 1.0, 0.0, 0.0, 0.0, 0.0, 1.0],
                [0.999995, -0.003073, -0.000244, -0.0, 0.003083, 0.996458, 0.084029, 0.374721, -1.5e-05, -0.084029, 0.996463, -0.0, 0.0, 0.0, 0.0, 1.0],
                [0.999934, -0.011318, -0.001911, 0.0, 0.011353, 0.950834, 0.309492, 0.374721, -0.001686, -0.309493, 0.9509, 0.0, 0.0, 0.0, 0.0, 1.0],
                [0.999815, -0.018521, -0.005153, 0.0, 0.018579, 0.862061, 0.506464, 0.374721, -0.004938, -0.506466, 0.862245, 0.0, 0.0, 0.0, 0.0, 1.0],
                [0.999663, -0.024245, -0.00931, 0.0, 0.024322, 0.748221, 0.663004, 0.374721, -0.009109, -0.663007, 0.748558, -0.0, 0.0, 0.0, 0.0, 1.0],
                [0.999511, -0.028224, -0.013437, -0.0, 0.028313, 0.635226, 0.771808, 0.374721, -0.013248, -0.77181, 0.635715, -0.0, 0.0, 0.0, 0.0, 1.0],
                [0.999395, -0.030554, -0.016599, 0.0, 0.03065, 0.548624, 0.835507, 0.374721, -0.016421, -0.83551, 0.549229, 0.0, 0.0, 0.0, 0.0, 1.0],
                [0.999336, -0.031567, -0.018235, 0.0, 0.031667, 0.503825, 0.863226, 0.374721, -0.018062, -0.863229, 0.50449, -0.0, 0.0, 0.0, 0.0, 1.0],
