{
    "animation": [
        {
            "name": "Root",
            "time": [0.0, 0.0167, 0.0333, 0.05, 0.0667, 0.0833, 0.1, 0.1167, 0.1333, 0.15, 0.1667, 0.1833, 0.2, 0.2167, 0.2333, 0.25, 0.2667, 0.2833, 0.3, 0.3167, 0.3333, 0.35, 0.3667, 0.3833, 0.4, 0.4167, 0.4333, 0.45, 0.4667, 0.4833, 0.5, 0.5167, 0.5333, 0.55, 0.5667, 0.5833, 0.6, 0.6167, 0.6333, 0.65, 0.6667, 0.6833, 0.7, 0.7167, 0.7333, 0.75, 0.7667, 0.7833, 0.8, 0.8167, 0.8333, 0.85, 0.8667, 0.8833, 0.9, 0.9167, 0.9333, 0.95, 0.9667, 0.9833, 1.0, 1.0167, 1.0333, 1.05, 1.0667, 1.0833, 1.1, 1.1167, 1.1333, 1.15, 1.1667, 1.1833, 1.2, 1.2167, 1.2333, 1.25, 1.2667, 1.2833, 1.3, 1.3167, 1.3333, 1.35, 1.3667, 1.3833, 1.4, 1.4167, 1.4333, 1.45, 1.4667, 1.4833, 1.5, 1.5167, 1.5333, 1.55, 1.5667, 1.5833, 1.6, 1.6167, 1.6333, 1.65, 1.6667, 1.6833, 1.7, 1.7167, 1.7333, 1.75, 1.7667, 1.7833, 1.8, 1.8167, 1.8333],
            "transform": [
                [0.318103, 0.0, -0.948056, 0.001218, -0.948056, 0.0, -0.318103, 0.036568, 0.0, 1.0, 0.0, 0.612353, 0.0, 0.0, 0.0, 1.0],
                [0.310132, 0.0, -0.950694, 0.001218, -0.950694, 0.0, -0.310132, 0.037536, 0.0, 1.0, 0.0, 0.612071, 0.0, 0.0, 0.0, 1.0],
                [0.285702, 0.0, -0.958318, 0.001218, -0.958318, 0.0, -0.285702, 0.040456, 0.0, 1.0, 0.0, 0.611218, 0.0, 0.0, 0.0, 1.0],
                [0.243922, 0.0, -0.969795, 0.001218, -0.969795, 0.0, -0.243922, 0.045347, 0.0, 1.0, 0.0, 0.609791, 0.0, 0.0, 0.0, 1.0],
                [0.18385, 0.0, -0.982954, 0.001218, -0.982954, 0.0, -0.18385, 0.052216, 0.0, 1.0, 0.0, 0.607786, 0.0, 0.0, 0.0, 1.0],
                [0.104731, 0.0, -0.994501, 0.001218, -0.994501, 0.0, -0.104731, 0.061058, 0.0, 1.0, 0.0, 0.605208, 0.0, 0.0, 0.0, 1.0],
                [0.006361, 0.0, -0.99998, 0.001218, -0.99998, 0.0, -0.006361, 0.071851, 0.0, 1.0, 0.0, 0.602061, 0.0, 0.0, 0.0, 1.0],
                [-0.11045, 0.0, -0.993882, 0.001218, -0.993882, 0.0, 0.11045, 0.084557, 0.0, 1.0, 0.0, 0.598357, 0.0, 0.0, 0.0, 1.0],
                [-0.243345, 0.0, -0.96994, 0.001218, -0.96994, 0.0, 0.243345, 0.099116, 0.0, 1.0, 0.0, 0.594116, 0.0, 0.0, 0.0, 1.0],
                [-0.387922, 0.0, -0.921692, 0.001218, -0.921692, 0.0, 0.387922, 0.115446, 0.0, 1.0, 0.0, 0.58936, 0.0, 0.0, 0.0, 1.0],
                [-0.537416, 0.0, -0.843318, 0.001218, -0.843318, 0.0, 0.537416, 0.133445, 0.0, 1.0, 0.0, 0.584121, 0.0, 0.0, 0.0, 1.0],
                [-0.682708, 0.0, -0.730691, 0.001218, -0.730691, 0.0, 0.682708, 0.15298, 0.0, 1.0, 0.0, 0.578438, 0.0, 0.0, 0.0, 1.0],
                [-0.812837, 0.0, -0.582492, 0.001218, -0.582492, 0.0, 0.812837, 0.173898, 0.0, 1.0, 0.0, 0.572355, 0.0, 0.0, 0.0, 1.0],
                [-0.916025, 0.0, -0.401121, 0.001218, -0.401121, 0.0, 0.916025, 0.196019, 0.0, 1.0, 0.0, 0.565928, 0.0, 0.0, 0.0, 1.0],
                [-0.981172, 0.0, -0.193134, 0.001218, -0.193134, 0.0, 0.981172, 0.21914, 0.0, 1.0, 0.0, 0.559214, 0.0, 0.0, 0.0, 1.0],
                [-0.999519, 0.0, 0.031024, 0.001218, 0.031024, 0.0, 0.999519, 0.243037, 0.0, 1.0, 0.0, 0.552281, 0.0, 0.0, 0.0, 1.0],
                [-0.966132, 0.0, 0.258047, 0.001218, 0.258047, 0.0, 0.966132, 0.267472, 0.0, 1.0, 0.0, 0.545198, 0.0, 0.0, 0.0, 1.0],
                [-0.880841, 0.0, 0.473411, 0.001218, 0.473411, 0.0, 0.880841, 0.292192, 0.0, 1.0, 0.0, 0.53804, 0.0, 0.0, 0.0, 1.0],
                [-0.748366, 0.0, 0.663286, 0.001218, 0.663286, 0.0, 0.748366, 0.316941, 0.0, 1.0, 0.0, 0.530882, 0.0, 0.0, 0.0, 1.0],
                [-0.577624, 0.0, 0.816303, 0.001218, 0.816303, 0.0, 0.577624, 0.341461, 0.0, 1.0, 0.0, 0.523799, 0.0, 0.0, 0.0, 1.0],
                [-0.380393, 0.0, 0.924825, 0.001218, 0.924825, 0.0, 0.380393, 0.365499, 0.0, 1.0, 0.0, 0.516866, 0.0, 0.0, 0.0, 1.0],
                [-0.169669, 0.0, 0.985501, 0.001218, 0.985501, 0.0, 0.169669, 0.388816, 0.0, 1.0, 0.0, 0.510152, 0.0, 0.0, 0.0, 1.0],
                [0.041943, 0.0, 0.99912, 0.001218, 0.99912, 0.0, -0.041943, 0.411185, 0.0, 1.0, 0.0, 0.503725, 0.0, 0.0, 0.0, 1.0],
                [0.243497, 0.0, 0.969902, 0.001218, 0.969902, 0.0, -0.243497, 0.432403, 0.0, 1.0, 0.0, 0.497643, 0.0, 0.0, 0.0, 1.0],
                [0.426522, 0.0, 0.904477, 0.001218, 0.904477, 0.0, -0.426522, 0.452286, 0.0, 1.0, 0.0, 0.491959, 0.0, 0.0, 0.0, 1.0],
                [0.585341, 0.0, 0.810787, 0.001218, 0.810787, 0.0, -0.585341, 0.470679, 0.0, 1.0, 0.0, 0.48672, 0.0, 0.0, 0.0, 1.0],
                [0.716979, 0.0, 0.697094, 0.001218, 0.697094, 0.0, -0.716979, 0.487446, 0.0, 1.0, 0.0, 0.481964, 0.0, 0.0, 0.0, 1.0],
                [0.820802, 0.0, 0.571213, 0.001218, 0.571213, 0.0, -0.820802, 0.502482, 0.0, 1.0, 0.0, 0.477723, 0.0, 0.0, 0.0, 1.0],
                [0.90703, 0.0, 0.421065, 0.001218, 0.421065, 0.0, -0.90703, 0.515702, 0.0, 1.0, 0.0, 0.47402, 0.0, 0.0, 0.0, 1.0],
                [0.972397, 0.0, 0.233331, 0.001218, 0.233331, 0.0, -0.972397, 0.527045, 0.0, 1.0, 0.0, 0.470873, 0.0, 0.0, 0.0, 1.0],
                [0.999653, 0.0, 0.026333, 0.001218, 0.026333, 0.0, -0.999653, 0.536467, 0.0, 1.0, 0.0, 0.468294, 0.0, 0.0, 0.0, 1.0],
                [0.985992, 0.0, -0.166791, 0.001218, -0.166791, 0.0, -0.985992, 0.543946, 0.0, 1.0, 0.0, 0.46629, 0.0, 0.0, 0.0, 1.0],
                [0.949156, 0.0, -0.314807, 0.001218, -0.314807, 0.0, -0.949156, 0.549473, 0.0, 1.0, 0.0, 0.464862, 0.0, 0.0, 0.0, 1.0],
                [0.914517, 0.0, -0.404547, 0.001218, -0.404547, 0.0, -0.914517, 0.553053, 0.0, 1.0, 0.0, 0.46401, 0.0, 0.0, 0.0, 1.0],
                [0.898525, 0.0, -0.438923, 0.001218, -0.438923, 0.0, -0.898525, 0.554703, 0.0, 1.0, 0.0, 0.463727, 0.0, 0.0, 0.0, 1.0],
                [0.893957, 0.0, -0.448153, 0.001218, -0.448153, 0.0, -0.893957, 0.555369, 0.0, 1.0, 0.0, 0.463727, 0.0, 0.0, 0.0, 1.0],
                [0.889451, 0.0, -0.45703, 0.001218, -0.45703, 0.0, -0.889451, 0.555983, 0.0, 1.0, 0.0, 0.463727, 0.0, 0.0, 0.0, 1.0],
                [0.885025, 0.0, -0.465543, 0.001218, -0.465543, 0.0, -0.885025, 0.556545, 0.0, 1.0, 0.0, 0.463727, 0.0, 0.0, 0.0, 1.0],
                [0.880694, 0.0, -0.473685, 0.001218, -0.473685, 0.0, -0.880694, 0.557054, 0.0, 1.0, 0.0, 0.463727, 0.0, 0.0, 0.0, 1.0],
                [0.876477, 0.0, -0.481444, 0.001218, -0.481444, 0.0, -0.876477, 0.557511, 0.0, 1.0, 0.0, 0.463727, 0.0, 0.0, 0.0, 1.0],
                [0.872387, 0.0, -0.488815, 0.001218, -0.488815, 0.0, -0.872387, 0.557915, 0.0, 1.0, 0.0, 0.463727, 0.0, 0.0, 0.0, 1.0],
                [0.868441, 0.0, -0.495792, 0.001218, -0.495792, 0.0, -0.868441, 0.558269, 0.0, 1.0, 0.0, 0.463727, 0.0, 0.0, 0.0, 1.0],
                [0.864654, 0.0, -0.502367, 0.001218, -0.502367, 0.0, -0.864654, 0.558573, 0.0, 1.0, 0.0, 0.463727, 0.0, 0.0, 0.0, 1.0],
                [0.86104, 0.0, -0.508538, 0.001218, -0.508538, 0.0, -0.86104, 0.558829, 0.0, 1.0, 0.0, 0.463727, 0.0, 0.0, 0.0, 1.0],
                [0.857608, 0.0, -0.514303, 0.001218, -0.514303, 0.0, -0.857608, 0.55904, 0.0, 1.0, 0.0, 0.463727, 0.0, 0.0, 0.0, 1.0],
                [0.854372, 0.0, -0.519661, 0.001218, -0.519661, 0.0, -0.854372, 0.559208, 0.0, 1.0, 0.0, 0.463727, 0.0, 0.0, 0.0, 1.0],
                [0.851339, 0.0, -0.524616, 0.001218, -0.524616, 0.0, -0.851339, 0.559337, 0.0, 1.0, 0.0, 0.463727, 0.0, 0.0, 0.0, 1.0],
                [0.848515, 0.0, -0.529172, 0.001218, -0.529172, 0.0, -0.848515, 0.559431, 0.0, 1.0, 0.0, 0.463727, 0.0, 0.0, 0.0, 1.0],
                [0.845904, 0.0, -0.533336, 0.001218, -0.533336, 0.0, -0.845904, 0.559495, 0.0, 1.0, 0.0, 0.463727, 0.0, 0.0, 0.0, 1.0],
                [0.843508, 0.0, -0.537117, 0.001218, -0.537117, 0.0, -0.843508, 0.559535, 0.0, 1.0, 0.0, 0.463727, 0.0, 0.0, 0.0, 1.0],
                [0.841326, 0.0, -0.540528, 0.001218, -0.540528, 0.0, -0.841326, 0.559555, 0.0, 1.0, 0.0, 0.463727, 0.0, 0.0, 0.0, 1.0],
                [0.839354, 0.0, -0.543585, 0.001218, -0.543585, 0.0, -0.839354, 0.559563, 0.0, 1.0, 0.0, 0.463727, 0.0, 0.0, 0.0, 1.0],
                [0.837587, 0.0, -0.546303, 0.001218, -0.546303, 0.0, -0.837587, 0.559564, 0.0, 1.0, 0.0, 0.463727, 0.0, 0.0, 0.0, 1.0],
                [0.836017, 0.0, -0.548704, 0.001218, -0.548704, 0.0, -0.836017, 0.559565, 0.0, 1.0, 0.0, 0.463727, 0.0, 0.0, 0.0, 1.0],
                [0.834633, 0.0, -0.550807, 0.001218, -0.550807, 0.0, -0.834633, 0.559572, 0.0, 1.0, 0.0, 0.463727, 0.0, 0.0, 0.0, 1.0],
                [0.833423, 0.0, -0.552635, 0.001218, -0.552635, 0.0, -0.833423, 0.559593, 0.0, 1.0, 0.0, 0.463727, 0.0, 0.0, 0.0, 1.0],
                [0.832376, 0.0, -0.554212, 0.001218, -0.554212, 0.0, -0.832376, 0.559632, 0.0, 1.0, 0.0, 0.463727, 0.0, 0.0, 0.0, 1.0],
                [0.831476, 0.0, -0.555561, 0.001218, -0.555561, 0.0, -0.831476, 0.559697, 0.0, 1.0, 0.0, 0.463727, 0.0, 0.0, 0.0, 1.0],
                [0.830709, 0.0, -0.556707, 0.001218, -0.556707, 0.0, -0.830709, 0.559791, 0.0, 1.0, 0.0, 0.463727, 0.0, 0.0, 0.0, 1.0],
                [0.830059, 0.0, -0.557675, 0.001218, -0.557675, 0.0, -0.830059, 0.55992, 0.0, 1.0, 0.0, 0.463727, 0.0, 0.0, 0.0, 1.0],
                [0.829513, 0.0, -0.558488, 0.001218, -0.558488, 0.0, -0.829513, 0.560088, 0.0, 1.0, 0.0, 0.463727, 0.0, 0.0, 0.0, 1.0],
                [0.829054, 0.0, -0.559169, 0.001218, -0.559169, 0.0, -0.829054, 0.560298, 0.0, 1.0, 0.0, 0.463727, 0.0, 0.0, 0.0, 1.0],
                [0.828669, 0.0, -0.559739, 0.001218, -0.559739, 0.0, -0.828669, 0.560554, 0.0, 1.0, 0.0, 0.463727, 0.0, 0.0, 0.0, 1.0],
                [0.828344, 0.0, -0.560219, 0.001218, -0.560219, 0.0, -0.828344, 0.560858, 0.0, 1.0, 0.0, 0.463727, 0.0, 0.0, 0.0, 1.0],
                [0.828067, 0.0, -0.560629, 0.001218, -0.560629, 0.0, -0.828067, 0.561212, 0.0, 1.0, 0.0, 0.463727, 0.0, 0.0, 0.0, 1.0],
                [0.827825, 0.0, -0.560987, 0.001218, -0.560987, 0.0, -0.827825, 0.561617, 0.0, 1.0, 0.0, 0.463727, 0.0, 0.0, 0.0, 1.0],
                [0.827608, 0.0, -0.561307, 0.001218, -0.561307, 0.0, -0.827608, 0.562074, 0.0, 1.0, 0.0, 0.463727, 0.0, 0.0, 0.0, 1.0],
                [0.827405, 0.0, -0.561606, 0.001218, -0.561606, 0.0, -0.827405, 0.562583, 0.0, 1.0, 0.0, 0.463727, 0.0, 0.0, 0.0, 1.0],
                [0.827207, 0.0, -0.561897, 0.001218, -0.561897, 0.0, -0.827207, 0.563145, 0.0, 1.0, 0.0, 0.463727, 0.0, 0.0, 0.0, 1.0],
                [0.827007, 0.0, -0.562192, 0.001218, -0.562192, 0.0, -0.827007, 0.563759, 0.0, 1.0, 0.0, 0.463727, 0.0, 0.0, 0.0, 1.0],
                [0.826796, 0.0, -0.562501, 0.001218, -0.562501, 0.0, -0.826796, 0.564425, 0.0, 1.0, 0.0, 0.463727, 0.0, 0.0, 0.0, 1.0],
                [0.826581, 0.0, -0.562817, 0.001216, -0.562817, 0.0, -0.826581, 0.565753, 0.0, 1.0, 0.0, 0.464127, 0.0, 0.0, 0.0, 1.0],
                [0.826372, 0.0, -0.563125, 0.001211, -0.563125, 0.0, -0.826372, 0.568364, 0.0, 1.0, 0.0, 0.465334, 0.0, 0.0, 0.0, 1.0],
                [0.826168, 0.0, -0.563424, 0.001203, -0.563424, 0.0, -0.826168, 0.572268, 0.0, 1.0, 0.0, 0.467354, 0.0, 0.0, 0.0, 1.0],
                [0.82597, 0.0, -0.563714, 0.001191, -0.563714, 0.0, -0.82597, 0.577469, 0.0, 1.0, 0.0, 0.470191, 0.0, 0.0, 0.0, 1.0],
                [0.825778, 0.0, -0.563995, 0.001175, -0.563995, 0.0, -0.825778, 0.583968, 0.0, 1.0, 0.0, 0.473845, 0.0, 0.0, 0.0, 1.0],
                [0.825593, 0.0, -0.564266, 0.001157, -0.564266, 0.0, -0.825593, 0.591756, 0.0, 1.0, 0.0, 0.478312, 0.0, 0.0, 0.0, 1.0],
                [0.825415, 0.0, -0.564527, 0.001134, -0.564527, 0.0, -0.825415, 0.600818, 0.0, 1.0, 0.0, 0.483583, 0.0, 0.0, 0.0, 1.0],
                [0.825243, 0.0, -0.564777, 0.001109, -0.564777, 0.0, -0.825243, 0.61113, 0.0, 1.0, 0.0, 0.489644, 0.0, 0.0, 0.0, 1.0],
                [0.825079, 0.0, -0.565017, 0.00108, -0.565017, 0.0, -0.825079, 0.622659, 0.0, 1.0, 0.0, 0.496474, 0.0, 0.0, 0.0, 1.0],
                [0.824923, 0.0, -0.565245, 0.001049, -0.565245, 0.0, -0.824923, 0.635359, 0.0, 1.0, 0.0, 0.504046, 0.0, 0.0, 0.0, 1.0],
                [0.824775, 0.0, -0.565461, 0.001014, -0.565461, 0.0, -0.824775, 0.649176, 0.0, 1.0, 0.0, 0.512326, 0.0, 0.0, 0.0, 1.0],
                [0.824635, 0.0, -0.565665, 0.000976, -0.565665, 0.0, -0.824635, 0.664043, 0.0, 1.0, 0.0, 0.521274, 0.0, 0.0, 0.0, 1.0],
                [0.824502, 0.0, -0.565858, 0.000936, -0.565858, 0.0, -0.824502, 0.67988, 0.0, 1.0, 0.0, 0.530839, 0.0, 0.0, 0.0, 1.0],
                [0.824379, 0.0, -0.566038, 0.000894, -0.566038, 0.0, -0.824379, 0.696596, 0.0, 1.0, 0.0, 0.540967, 0.0, 0.0, 0.0, 1.0],
                [0.824264, 0.0, -0.566206, 0.000849, -0.566206, 0.0, -0.824264, 0.714088, 0.0, 1.0, 0.0, 0.551592, 0.0, 0.0, 0.0, 1.0],
                [0.824157, 0.0, -0.566362, 0.000803, -0.566362, 0.0, -0.824157, 0.732241, 0.0, 1.0, 0.0, 0.562644, 0.0, 0.0, 0.0, 1.0],
                [0.824059, 0.0, -0.566505, 0.000755, -0.566505, 0.0, -0.824059, 0.750933, 0.0, 1.0, 0.0, 0.574047, 0.0, 0.0, 0.0, 1.0],
                [0.823968, 0.0, -0.566636, 0.000706, -0.566636, 0.0, -0.823968, 0.77003, 0.0, 1.0, 0.0, 0.585717, 0.0, 0.0, 0.0, 1.0],
                [0.823886, 0.0, -0.566755, 0.000657, -0.566755, 0.0, -0.823886, 0.789392, 0.0, 1.0, 0.0, 0.597568, 0.0, 0.0, 0.0, 1.0],
                [0.823812, 0.0, -0.566863, 0.000607, -0.566863, 0.0, -0.823812, 0.808877, 0.0, 1.0, 0.0, 0.60951, 0.0, 0.0, 0.0, 1.0],
                [0.823746, 0.0, -0.56696, 0.000556, -0.56696, 0.0, -0.823746, 0.828337, 0.0, 1.0, 0.0, 0.621452, 0.0, 0.0, 0.0, 1.0],
                [0.823687, 0.0, -0.567045, 0.000507, -0.567045, 0.0, -0.823687, 0.847627, 0.0, 1.0, 0.0, 0.633303, 0.0, 0.0, 0.0, 1.0],
                [0.823635, 0.0, -0.567121, 0.000458, -0.567121, 0.0, -0.823635, 0.866603, 0.0, 1.0, 0.0, 0.644973, 0.0, 0.0, 0.0, 1.0],
                [0.823589, 0.0, -0.567187, 0.00041, -0.567187, 0.0, -0.823589, 0.885128, 0.0, 1.0, 0.0, 0.656376, 0.0, 0.0, 0.0, 1.0],
                [0.82355, 0.0, -0.567244, 0.000364, -0.567244, 0.0, -0.82355, 0.903068, 0.0, 1.0, 0.0, 0.667428, 0.0, 0.0, 0.0, 1.0],
                [0.823516, 0.0, -0.567293, 0.000319, -0.567293, 0.0, -0.823516, 0.920302, 0.0, 1.0, 0.0, 0.678053, 0.0, 0.0, 0.0, 1.0],
                [0.823487, 0.0, -0.567335, 0.000277, -0.567335, 0.0, -0.823487, 0.936717, 0.0, 1.0, 0.0, 0.68818, 0.0, 0.0, 0.0, 1.0],
                [0.823463, 0.0, -0.56737, 0.000237, -0.56737, 0.0, -0.823463, 0.952212, 0.0, 1.0, 0.0, 0.697746, 0.0, 0.0, 0.0, 1.0],
                [0.823444, 0.0, -0.567398, 0.000199, -0.567398, 0.0, -0.823444, 0.966697, 0.0, 1.0, 0.0, 0.706693, 0.0, 0.0, 0.0, 1.0],
                [0.823428, 0.0, -0.567421, 0.000164, -0.567421, 0.0, -0.823428, 0.980095, 0.0, 1.0, 0.0, 0.714974, 0.0, 0.0, 0.0, 1.0],
                [0.823415, 0.0, -0.567439, 0.000133, -0.567439, 0.0, -0.823415, 0.992341, 0.0, 1.0, 0.0, 0.722546, 0.0, 0.0, 0.0, 1.0],
                [0.823405, 0.0, -0.567454, 0.000104, -0.567454, 0.0, -0.823405, 1.003382, 0.0, 1.0, 0.0, 0.729376, 0.0, 0.0, 0.0, 1.0],
                [0.823398, 0.0, -0.567464, 7.9e-05, -0.567464, 0.0, -0.823398, 1.013175, 0.0, 1.0, 0.0, 0.735437, 0.0, 0.0, 0.0, 1.0],
                [0.823392, 0.0, -0.567472, 5.7e-05, -0.567472, 0.0, -0.823392, 1.021689, 0.0, 1.0, 0.0, 0.740708, 0.0, 0.0, 0.0, 1.0],
                [0.823389, 0.0, -0.567478, 3.8e-05, -0.567478, 0.0, -0.823389, 1.028902, 0.0, 1.0, 0.0, 0.745175, 0.0, 0.0, 0.0, 1.0],
                [0.823386, 0.0, -0.567481, 2.2e-05, -0.567481, 0.0, -0.823386, 1.0348, 0.0, 1.0, 0.0, 0.748829, 0.0, 0.0, 0.0, 1.0],
                [0.823385, 0.0, -0.567483, 1.1e-05, -0.567483, 0.0, -0.823385, 1.039377, 0.0, 1.0, 0.0, 0.751666, 0.0, 0.0, 0.0, 1.0],
                [0.823384, 0.0, -0.567484, 2e-06, -0.567484, 0.0, -0.823384, 1.042636, 0.0, 1.0, 0.0, 0.753686, 0.0, 0.0, 0.0, 1.0],
                [0.823384, 0.0, -0.567485, -3e-06, -0.567485, 0.0, -0.823384, 1.044582, 0.0, 1.0, 0.0, 0.754893, 0.0, 0.0, 0.0, 1.0],
                [0.823384, 0.0, -0.567485, -5e-06, -0.567485, 0.0, -0.823384, 1.045227, 0.0, 1.0, 0.0, 0.755293, 0.0, 0.0, 0.0, 1.0]
            ]
        },
        {
            "name": "Thigh_R",
            "time": [0.0, 0.0167, 0.0333, 0.05, 0.0667, 0.0833, 0.1, 0.1167, 0.1333, 0.15, 0.1667, 0.1833, 0.2, 0.2167, 0.2333, 0.25, 0.2667, 0.2833, 0.3, 0.3167, 0.3333, 0.35, 0.3667, 0.3833, 0.4, 0.4167, 0.4333, 0.45, 0.4667, 0.4833, 0.5, 0.5167, 0.5333, 0.55, 0.5667, 0.5833, 0.6, 0.6167, 0.6333, 0.65, 0.6667, 0.6833, 0.7, 0.7167, 0.7333, 0.75, 0.7667, 0.7833, 0.8, 0.8167, 0.8333, 0.85, 0.8667, 0.8833, 0.9, 0.9167, 0.9333, 0.95, 0.9667, 0.9833, 1.0, 1.0167, 1.0333, 1.05, 1.0667, 1.0833, 1.1, 1.1167, 1.1333, 1.15, 1.1667, 1.1833, 1.2, 1.2167, 1.2333, 1.25, 1.2667, 1.2833, 1.3, 1.3167, 1.3333, 1.35, 1.3667, 1.3833, 1.4, 1.4167, 1.4333, 1.45, 1.4667, 1.4833, 1.5, 1.5167, 1.5333, 1.55, 1.5667, 1.5833, 1.6, 1.6167, 1.6333, 1.65, 1.6667, 1.6833, 1.7, 1.7167, 1.7333, 1.75, 1.7667, 1.7833, 1.8, 1.8167, 1.8333],
            "transform": [
                [0.766078, 0.545986, -0.339151, 0.124994, 0.541406, -0.832534, -0.117331, -0.002831, -0.346416, -0.093734, -0.933386, -1.2e-05, 0.0, 0.0, 0.0, 1.0],
                [0.766627, 0.54149, -0.345068, 0.124994, 0.544636, -0.833021, -0.097197, -0.002831, -0.34008, -0.113423, -0.933531, -1.2e-05, 0.0, 0.0, 0.0, 1.0],
                [0.768769, 0.53084, -0.356655, 0.124994, 0.554249, -0.831262, -0.042557, -0.002831, -0.319065, -0.164959, -0.933267, -1.2e-05, 0.0, 0.0, 0.0, 1.0],
                [0.772606, 0.51945, -0.365036, 0.124994, 0.569311, -0.821324, 0.036205, -0.002831, -0.281007, -0.235792, -0.930289, -1.2e-05, 0.0, 0.0, 0.0, 1.0],
                [0.776497, 0.510846, -0.3689, 0.124994, 0.587252, -0.798936, 0.129752, -0.002831, -0.228444, -0.31739, -0.920368, -1.2e-05, 0.0, 0.0, 0.0, 1.0],
                [0.777577, 0.503827, -0.376208, 0.124994, 0.604524, -0.763607, 0.226837, -0.002831, -0.172988, -0.403809, -0.898339, -1.2e-05, 0.0, 0.0, 0.0, 1.0],
                [0.773894, 0.491824, -0.398996, 0.124994, 0.619363, -0.719268, 0.31471, -0.002831, -0.132203, -0.490676, -0.861255, -1.2e-05, 0.0, 0.0, 0.0, 1.0],
                [0.764671, 0.465816, -0.445302, 0.124994, 0.633112, -0.671927, 0.384296, -0.002831, -0.1202, -0.575786, -0.808717, -1.2e-05, 0.0, 0.0, 0.0, 1.0],
                [0.751136, 0.425513, -0.50471, 0.124994, 0.648176, -0.620319, 0.441668, -0.002831, -0.125146, -0.658894, -0.741753, -1.2e-05, 0.0, 0.0, 0.0, 1.0],
                [0.736221, 0.374472, -0.563692, 0.124994, 0.664252, -0.559152, 0.496103, -0.002831, -0.129413, -0.739675, -0.660404, -1.2e-05, 0.0, 0.0, 0.0, 1.0],
                [0.721969, 0.308782, -0.619204, 0.124994, 0.678963, -0.48856, 0.548013, -0.002831, -0.133302, -0.816065, -0.562377, -1.2e-05, 0.0, 0.0, 0.0, 1.0],
                [0.710862, 0.223517, -0.66687, 0.124994, 0.689183, -0.41059, 0.597028, -0.002831, -0.140363, -0.884, -0.445917, -1.2e-05, 0.0, 0.0, 0.0, 1.0],
                [0.70428, 0.115019, -0.700543, 0.124994, 0.692301, -0.329768, 0.641851, -0.002831, -0.157191, -0.937029, -0.311877, -1.2e-05, 0.0, 0.0, 0.0, 1.0],
                [0.700872, -0.016496, -0.713096, 0.124994, 0.687263, -0.251963, 0.681311, -0.002831, -0.190913, -0.967596, -0.165256, -1.2e-05, 0.0, 0.0, 0.0, 1.0],
                [0.69624, -0.165609, -0.698444, 0.124994, 0.674379, -0.182406, 0.715501, -0.002831, -0.245894, -0.969176, -0.015315, -1.2e-05, 0.0, 0.0, 0.0, 1.0],
                [0.684229, -0.322865, -0.653902, 0.124994, 0.654256, -0.124323, 0.745984, -0.002831, -0.322147, -0.938244, 0.126171, -1.2e-05, 0.0, 0.0, 0.0, 1.0],
                [0.658718, -0.477611, -0.58136, 0.124994, 0.62697, -0.078705, 0.775057, -0.002831, -0.415931, -0.875039, 0.247603, -1.2e-05, 0.0, 0.0, 0.0, 1.0],
                [0.621498, -0.619446, -0.47961, 0.124994, 0.585425, -0.039596, 0.809759, -0.002831, -0.520593, -0.784039, 0.338031, -1.2e-05, 0.0, 0.0, 0.0, 1.0],
                [0.583234, -0.735703, -0.344353, 0.124994, 0.511146, 0.002922, 0.859489, -0.002831, -0.631322, -0.677298, 0.377756, -1.2e-05, 0.0, 0.0, 0.0, 1.0],
                [0.55325, -0.813377, -0.179808, 0.124994, 0.377022, 0.052019, 0.924742, -0.002831, -0.742811, -0.579405, 0.33544, -1.2e-05, 0.0, 0.0, 0.0, 1.0],
                [0.540428, -0.841388, 0.001589, 0.124994, 0.143865, 0.094266, 0.985097, -0.002831, -0.828999, -0.532146, 0.17199, -1.2e-05, 0.0, 0.0, 0.0, 1.0],
                [0.544904, -0.821024, 0.170291, 0.124994, -0.19032, 0.076686, 0.978722, -0.002831, -0.816613, -0.56572, -0.114471, -1.2e-05, 0.0, 0.0, 0.0, 1.0],
                [0.560956, -0.780378, 0.276294, 0.124994, -0.492752, -0.04656, 0.868923, -0.002831, -0.665224, -0.623572, -0.410651, -1.2e-05, 0.0, 0.0, 0.0, 1.0],
                [0.59953, -0.743354, 0.296627, 0.124994, -0.636759, -0.218484, 0.739461, -0.002831, -0.484874, -0.632209, -0.604325, -1.2e-05, 0.0, 0.0, 0.0, 1.0],
                [0.663777, -0.702176, 0.257583, 0.124994, -0.649312, -0.370076, 0.664408, -0.002831, -0.371206, -0.60827, -0.701579, -1.2e-05, 0.0, 0.0, 0.0, 1.0],
                [0.736171, -0.649902, 0.18889, 0.124994, -0.588835, -0.477452, 0.65216, -0.002831, -0.333654, -0.591327, -0.734172, -1.2e-05, 0.0, 0.0, 0.0, 1.0],
                [0.795508, -0.596361, 0.107329, 0.124994, -0.492176, -0.532614, 0.688538, -0.002831, -0.353452, -0.600563, -0.717214, -1.2e-05, 0.0, 0.0, 0.0, 1.0],
                [0.828043, -0.560139, 0.024249, 0.124994, -0.382956, -0.533469, 0.754159, -0.002831, -0.409498, -0.633762, -0.656244, -1.2e-05, 0.0, 0.0, 0.0, 1.0],
                [0.839752, -0.539674, -0.05973, 0.124994, -0.251462, -0.484047, 0.838132, -0.002831, -0.481231, -0.688804, -0.542187, -1.2e-05, 0.0, 0.0, 0.0, 1.0],
                [0.835175, -0.532974, -0.135728, 0.124994, -0.095433, -0.383477, 0.918606, -0.002831, -0.541642, -0.754244, -0.371134, -1.2e-05, 0.0, 0.0, 0.0, 1.0],
                [0.822528, -0.541697, -0.173239, 0.124994, 0.026862, -0.267266, 0.963248, -0.002831, -0.56809, -0.796952, -0.205282, -1.2e-05, 0.0, 0.0, 0.0, 1.0],
                [0.824163, -0.543934, -0.157768, 0.124994, 0.058467, -0.195365, 0.978986, -0.002831, -0.563327, -0.816068, -0.12921, -1.2e-05, 0.0, 0.0, 0.0, 1.0],
                [0.838924, -0.533636, -0.10695, 0.124994, 0.005781, -0.187761, 0.982198, -0.002831, -0.544217, -0.824607, -0.154432, -1.2e-05, 0.0, 0.0, 0.0, 1.0],
                [0.847688, -0.527156, -0.05943, 0.124994, -0.064849, -0.214158, 0.974644, -0.002831, -0.526517, -0.82234, -0.215725, -1.2e-05, 0.0, 0.0, 0.0, 1.0],
                [0.846472, -0.530651, -0.043518, 0.124994, -0.093846, -0.229155, 0.968855, -0.002831, -0.524096, -0.816025, -0.243773, -1.2e-05, 0.0, 0.0, 0.0, 1.0],
                [0.84152, -0.538235, -0.046327, 0.124994, -0.093332, -0.229315, 0.968867, -0.002831, -0.532102, -0.810997, -0.243207, -1.2e-05, 0.0, 0.0, 0.0, 1.0],
                [0.836671, -0.545505, -0.049047, 0.124994, -0.092824, -0.229483, 0.968876, -0.002831, -0.539782, -0.806078, -0.242638, -1.2e-05, 0.0, 0.0, 0.0, 1.0],
                [0.83194, -0.552454, -0.051676, 0.124994, -0.092324, -0.229659, 0.968882, -0.002831, -0.54713, -0.801281, -0.242067, -1.2e-05, 0.0, 0.0, 0.0, 1.0],
                [0.827341, -0.559077, -0.054208, 0.124994, -0.091835, -0.229843, 0.968885, -0.002831, -0.554141, -0.79662, -0.241501, -1.2e-05, 0.0, 0.0, 0.0, 1.0],
                [0.82289, -0.56537, -0.056641, 0.124994, -0.091358, -0.230036, 0.968884, -0.002831, -0.560808, -0.792111, -0.240945, -1.2e-05, 0.0, 0.0, 0.0, 1.0],
                [0.818599, -0.57133, -0.05897, 0.124994, -0.090894, -0.230236, 0.968881, -0.002831, -0.567128, -0.787765, -0.240402, -1.2e-05, 0.0, 0.0, 0.0, 1.0],
                [0.814481, -0.576954, -0.061194, 0.124994, -0.090446, -0.230443, 0.968873, -0.002831, -0.573098, -0.783594, -0.239875, -1.2e-05, 0.0, 0.0, 0.0, 1.0],
                [0.810548, -0.58224, -0.063307, 0.124994, -0.090016, -0.230657, 0.968862, -0.002831, -0.578713, -0.779611, -0.239369, -1.2e-05, 0.0, 0.0, 0.0, 1.0],
                [0.806812, -0.587187, -0.065309, 0.124994, -0.089604, -0.230876, 0.968848, -0.002831, -0.583973, -0.775827, -0.238888, -1.2e-05, 0.0, 0.0, 0.0, 1.0],
                [0.803282, -0.591796, -0.067196, 0.124994, -0.089212, -0.231099, 0.968832, -0.002831, -0.588879, -0.77225, -0.238433, -1.2e-05, 0.0, 0.0, 0.0, 1.0],
                [0.799966, -0.596069, -0.068966, 0.124994, -0.088842, -0.231324, 0.968812, -0.002831, -0.593432, -0.76889, -0.238007, -1.2e-05, 0.0, 0.0, 0.0, 1.0],
                [0.79687, -0.60001, -0.070618, 0.124994, -0.088494, -0.231549, 0.96879, -0.002831, -0.597635, -0.76575, -0.237612, -1.2e-05, 0.0, 0.0, 0.0, 1.0],
                [0.793997, -0.603624, -0.072151, 0.124994, -0.088169, -0.231773, 0.968766, -0.002831, -0.601493, -0.762836, -0.237248, -1.2e-05, 0.0, 0.0, 0.0, 1.0],
                [0.79135, -0.606921, -0.073566, 0.124994, -0.087868, -0.231992, 0.968741, -0.002831, -0.605016, -0.760149, -0.236916, -1.2e-05, 0.0, 0.0, 0.0, 1.0],
                [0.788928, -0.609908, -0.074861, 0.124994, -0.087592, -0.232203, 0.968715, -0.002831, -0.608211, -0.757689, -0.236615, -1.2e-05, 0.0, 0.0, 0.0, 1.0],
                [0.786728, -0.612599, -0.076039, 0.124994, -0.08734, -0.232405, 0.968689, -0.002831, -0.61109, -0.755454, -0.236344, -1.2e-05, 0.0, 0.0, 0.0, 1.0],
                [0.784744, -0.615005, -0.077102, 0.124994, -0.087112, -0.232593, 0.968665, -0.002831, -0.613667, -0.753438, -0.236101, -1.2e-05, 0.0, 0.0, 0.0, 1.0],
                [0.78297, -0.617143, -0.078051, 0.124994, -0.086907, -0.232765, 0.968642, -0.002831, -0.615958, -0.751634, -0.235882, -1.2e-05, 0.0, 0.0, 0.0, 1.0],
                [0.781395, -0.619029, -0.078891, 0.124994, -0.086726, -0.232917, 0.968622, -0.002831, -0.61798, -0.750035, -0.235686, -1.2e-05, 0.0, 0.0, 0.0, 1.0],
                [0.780009, -0.620681, -0.079625, 0.124994, -0.086567, -0.233046, 0.968605, -0.002831, -0.619751, -0.748628, -0.235509, -1.2e-05, 0.0, 0.0, 0.0, 1.0],
                [0.778799, -0.622118, -0.080258, 0.124994, -0.086428, -0.23315, 0.968592, -0.002831, -0.621291, -0.747402, -0.235346, -1.2e-05, 0.0, 0.0, 0.0, 1.0],
                [0.77775, -0.62336, -0.080795, 0.124994, -0.08631, -0.233226, 0.968585, -0.002831, -0.62262, -0.746343, -0.235193, -1.2e-05, 0.0, 0.0, 0.0, 1.0],
                [0.776847, -0.624426, -0.081241, 0.124994, -0.086209, -0.23327, 0.968583, -0.002831, -0.62376, -0.745437, -0.235047, -1.2e-05, 0.0, 0.0, 0.0, 1.0],
                [0.776076, -0.625337, -0.081603, 0.124994, -0.086126, -0.233282, 0.968587, -0.002831, -0.62473, -0.74467, -0.234903, -1.2e-05, 0.0, 0.0, 0.0, 1.0],
                [0.775421, -0.626112, -0.081887, 0.124994, -0.086058, -0.23326, 0.968599, -0.002831, -0.625552, -0.744025, -0.234757, -1.2e-05, 0.0, 0.0, 0.0, 1.0],
                [0.774867, -0.62677, -0.082099, 0.124994, -0.086004, -0.233202, 0.968617, -0.002831, -0.626247, -0.743489, -0.234606, -1.2e-05, 0.0, 0.0, 0.0, 1.0],
                [0.774397, -0.627331, -0.082245, 0.124994, -0.085963, -0.233108, 0.968644, -0.002831, -0.626832, -0.743045, -0.234446, -1.2e-05, 0.0, 0.0, 0.0, 1.0],
                [0.773999, -0.627811, -0.082334, 0.124994, -0.085932, -0.232978, 0.968678, -0.002831, -0.627329, -0.74268, -0.234274, -1.2e-05, 0.0, 0.0, 0.0, 1.0],
                [0.773657, -0.628227, -0.082369, 0.124994, -0.085911, -0.232811, 0.96872, -0.002831, -0.627753, -0.742381, -0.234088, -1.2e-05, 0.0, 0.0, 0.0, 1.0],
                [0.77336, -0.628594, -0.082358, 0.124994, -0.085898, -0.232608, 0.96877, -0.002831, -0.62812, -0.742134, -0.233886, -1.2e-05, 0.0, 0.0, 0.0, 1.0],
                [0.773095, -0.628927, -0.082307, 0.124994, -0.085892, -0.23237, 0.968827, -0.002831, -0.628447, -0.741926, -0.233665, -1.2e-05, 0.0, 0.0, 0.0, 1.0],
                [0.772852, -0.629237, -0.082221, 0.124994, -0.085892, -0.232098, 0.968893, -0.002831, -0.628747, -0.741748, -0.233424, -1.2e-05, 0.0, 0.0, 0.0, 1.0],
                [0.772619, -0.629538, -0.082106, 0.124994, -0.085896, -0.231793, 0.968965, -0.002831, -0.629032, -0.741589, -0.233162, -1.2e-05, 0.0, 0.0, 0.0, 1.0],
                [0.772388, -0.629839, -0.081966, 0.124994, -0.085903, -0.231456, 0.969045, -0.002831, -0.629314, -0.741438, -0.232879, -1.2e-05, 0.0, 0.0, 0.0, 1.0],
                [0.772152, -0.63015, -0.081808, 0.124994, -0.085913, -0.231089, 0.969132, -0.002831, -0.629603, -0.741289, -0.232574, -1.2e-05, 0.0, 0.0, 0.0, 1.0],
                [0.771902, -0.630478, -0.081634, 0.124994, -0.085925, -0.230694, 0.969225, -0.002831, -0.629908, -0.741132, -0.232247, -1.2e-05, 0.0, 0.0, 0.0, 1.0],
                [0.772266, -0.630093, -0.081161, 0.124994, -0.086635, -0.231009, 0.969087, -0.002831, -0.629364, -0.741362, -0.232988, -1.2e-05, 0.0, 0.0, 0.0, 1.0],
                [0.773888, -0.628233, -0.080128, 0.124994, -0.088729, -0.232822, 0.968463, -0.002831, -0.627076, -0.742373, -0.235921, -1.2e-05, 0.0, 0.0, 0.0, 1.0],
                [0.776781, -0.624845, -0.078604, 0.124994, -0.092155, -0.236249, 0.967313, -0.002831, -0.622991, -0.744147, -0.241097, -1.2e-05, 0.0, 0.0, 0.0, 1.0],
                [0.780953, -0.619863, -0.076695, 0.124994, -0.096814, -0.241444, 0.965573, -0.002831, -0.61704, -0.746642, -0.248568, -1.2e-05, 0.0, 0.0, 0.0, 1.0],
                [0.786402, -0.613201, -0.074537, 0.124994, -0.102557, -0.248601, 0.963161, -0.002831, -0.609142, -0.749788, -0.258389, -1.2e-05, 0.0, 0.0, 0.0, 1.0],
                [0.793115, -0.604766, -0.072293, 0.124994, -0.109182, -0.25794, 0.959972, -0.002831, -0.599205, -0.753476, -0.270606, -1.2e-05, 0.0, 0.0, 0.0, 1.0],
                [0.801066, -0.594452, -0.07014, 0.124994, -0.116438, -0.269693, 0.955881, -0.002831, -0.587141, -0.757557, -0.285259, -1.2e-05, 0.0, 0.0, 0.0, 1.0],
                [0.810212, -0.582148, -0.06826, 0.124994, -0.124023, -0.284091, 0.950742, -0.002831, -0.572865, -0.761837, -0.302374, -1.2e-05, 0.0, 0.0, 0.0, 1.0],
                [0.820489, -0.567743, -0.066828, 0.124994, -0.131594, -0.30134, 0.944392, -0.002831, -0.55631, -0.766069, -0.321958, -1.2e-05, 0.0, 0.0, 0.0, 1.0],
                [0.831809, -0.551125, -0.065995, 0.124994, -0.138771, -0.321606, 0.93665, -0.002831, -0.537435, -0.769955, -0.343994, -1.2e-05, 0.0, 0.0, 0.0, 1.0],
                [0.844054, -0.532196, -0.065873, 0.124994, -0.145151, -0.344988, 0.927316, -0.002831, -0.516239, -0.773143, -0.368437, -1.2e-05, 0.0, 0.0, 0.0, 1.0],
                [0.857078, -0.510874, -0.066523, 0.124994, -0.150328, -0.3715, 0.916182, -0.002831, -0.492767, -0.775239, -0.395203, -1.2e-05, 0.0, 0.0, 0.0, 1.0],
                [0.870696, -0.487105, -0.067937, 0.124994, -0.153906, -0.401052, 0.903034, -0.002831, -0.467119, -0.775813, -0.424163, -1.2e-05, 0.0, 0.0, 0.0, 1.0],
                [0.884697, -0.460875, -0.070036, 0.124994, -0.155526, -0.43344, 0.887661, -0.002831, -0.439457, -0.774418, -0.455141, -1.2e-05, 0.0, 0.0, 0.0, 1.0],
                [0.898832, -0.432227, -0.072662, 0.124994, -0.154889, -0.468334, 0.869869, -0.002831, -0.410011, -0.770612, -0.487901, -1.2e-05, 0.0, 0.0, 0.0, 1.0],
                [0.912836, -0.40127, -0.075587, 0.124994, -0.151776, -0.505289, 0.849498, -0.002831, -0.379071, -0.76398, -0.52215, -1.2e-05, 0.0, 0.0, 0.0, 1.0],
                [0.926426, -0.368197, -0.078522, 0.124994, -0.146065, -0.543762, 0.826431, -0.002831, -0.346987, -0.754157, -0.557536, -1.2e-05, 0.0, 0.0, 0.0, 1.0],
                [0.939325, -0.333291, -0.081145, 0.124994, -0.137745, -0.583131, 0.800615, -0.002831, -0.314156, -0.740861, -0.59366, -1.2e-05, 0.0, 0.0, 0.0, 1.0],
                [0.951276, -0.296925, -0.083115, 0.124994, -0.12692, -0.622737, 0.772069, -0.002831, -0.281006, -0.723902, -0.630081, -1.2e-05, 0.0, 0.0, 0.0, 1.0],
                [0.962058, -0.259555, -0.084115, 0.124994, -0.113803, -0.661918, 0.740887, -0.002831, -0.247978, -0.703204, -0.666342, -1.2e-05, 0.0, 0.0, 0.0, 1.0],
                [0.971501, -0.221702, -0.083867, 0.124994, -0.098702, -0.700053, 0.707236, -0.002831, -0.215508, -0.678803, -0.701985, -1.2e-05, 0.0, 0.0, 0.0, 1.0],
                [0.9795, -0.183926, -0.082162, 0.124994, -0.082, -0.736592, 0.671347, -0.002831, -0.183998, -0.650848, -0.736574, -1.2e-05, 0.0, 0.0, 0.0, 1.0],
                [0.986018, -0.146796, -0.078868, 0.124994, -0.064126, -0.771082, 0.633499, -0.002831, -0.153808, -0.619584, -0.769714, -1.2e-05, 0.0, 0.0, 0.0, 1.0],
                [0.991081, -0.110856, -0.073946, 0.124994, -0.04553, -0.803225, 0.593933, -0.002831, -0.125236, -0.585269, -0.801109, -1.2e-05, 0.0, 0.0, 0.0, 1.0],
                [0.994779, -0.076613, -0.067413, 0.124994, -0.02665, -0.832701, 0.553081, -0.002831, -0.098508, -0.548397, -0.830396, -1.2e-05, 0.0, 0.0, 0.0, 1.0],
                [0.997243, -0.044491, -0.059384, 0.124994, -0.007901, -0.85942, 0.511209, -0.002831, -0.07378, -0.509331, -0.857402, -1.2e-05, 0.0, 0.0, 0.0, 1.0],
                [0.998637, -0.014836, -0.05003, 0.124994, 0.01035, -0.883373, 0.468557, -0.002831, -0.051147, -0.468436, -0.882015, -1.2e-05, 0.0, 0.0, 0.0, 1.0],
                [0.999144, 0.012092, -0.039558, 0.124994, 0.027793, -0.904531, 0.4255, -0.002831, -0.030636, -0.426235, -0.904093, -1.2e-05, 0.0, 0.0, 0.0, 1.0],
                [0.998949, 0.036123, -0.028208, 0.124994, 0.04417, -0.923024, 0.382199, -0.002831, -0.012231, -0.383043, -0.92365, -1.2e-05, 0.0, 0.0, 0.0, 1.0],
                [0.998232, 0.057166, -0.016245, 0.124994, 0.059286, -0.938932, 0.338955, -0.002831, 0.004124, -0.339319, -0.940662, -1.2e-05, 0.0, 0.0, 0.0, 1.0],
                [0.99716, 0.0752, -0.00393, 0.124994, 0.072993, -0.952429, 0.295891, -0.002831, 0.018508, -0.295338, -0.955214, -1.2e-05, 0.0, 0.0, 0.0, 1.0],
                [0.995882, 0.090265, 0.008468, 0.124994, 0.08519, -0.963647, 0.253233, -0.002831, 0.031018, -0.251469, -0.967368, -1.2e-05, 0.0, 0.0, 0.0, 1.0],
                [0.994523, 0.102451, 0.02069, 0.124994, 0.095815, -0.972746, 0.211152, -0.002831, 0.041759, -0.208013, -0.977234, -1.2e-05, 0.0, 0.0, 0.0, 1.0],
                [0.99319, 0.111887, 0.032483, 0.124994, 0.104834, -0.979882, 0.169826, -0.002831, 0.050831, -0.165265, -0.984939, -1.2e-05, 0.0, 0.0, 0.0, 1.0],
                [0.991968, 0.118737, 0.043606, 0.124994, 0.112237, -0.985211, 0.129467, -0.002831, 0.058333, -0.123533, -0.990624, -1.2e-05, 0.0, 0.0, 0.0, 1.0],
                [0.990922, 0.123192, 0.053825, 0.124994, 0.118034, -0.988894, 0.090316, -0.002831, 0.064353, -0.083143, -0.994458, -1.2e-05, 0.0, 0.0, 0.0, 1.0],
                [0.990099, 0.125498, 0.062875, 0.124994, 0.122257, -0.991082, 0.052994, -0.002831, 0.068965, -0.044782, -0.996614, -1.2e-05, 0.0, 0.0, 0.0, 1.0],
                [0.989528, 0.12598, 0.070447, 0.124994, 0.124965, -0.991986, 0.018649, -0.002831, 0.072232, -0.00965, -0.997341, -1.2e-05, 0.0, 0.0, 0.0, 1.0],
                [0.989214, 0.125226, 0.075987, 0.124994, 0.126299, -0.991947, -0.009468, -0.002831, 0.07419, 0.018963, -0.997064, -1.2e-05, 0.0, 0.0, 0.0, 1.0],
                [0.989123, 0.124561, 0.078232, 0.124994, 0.126625, -0.991707, -0.021971, -0.002831, 0.074846, 0.031638, -0.996693, -1.2e-05, 0.0, 0.0, 0.0, 1.0]
            ]
        },
        {
            "name": "Leg_R",
            "time": [0.0, 0.0167, 0.0333, 0.05, 0.0667, 0.0833, 0.1, 0.1167, 0.1333, 0.15, 0.1667, 0.1833, 0.2, 0.2167, 0.2333, 0.25, 0.2667, 0.2833, 0.3, 0.3167, 0.3333, 0.35, 0.3667, 0.3833, 0.4, 0.4167, 0.4333, 0.45, 0.4667, 0.4833, 0.5, 0.5167, 0.5333, 0.55, 0.5667, 0.5833, 0.6, 0.6167, 0.6333, 0.65, 0.6667, 0.6833, 0.7, 0.7167, 0.7333, 0.75, 0.7667, 0.7833, 0.8, 0.8167, 0.8333, 0.85, 0.8667, 0.8833, 0.9, 0.9167, 0.9333, 0.95, 0.9667, 0.9833, 1.0, 1.0167, 1.0333, 1.05, 1.0667, 1.0833, 1.1, 1.1167, 1.1333, 1.15, 1.1667, 1.1833, 1.2, 1.2167, 1.2333, 1.25, 1.2667, 1.2833, 1.3, 1.3167, 1.3333, 1.35, 1.3667, 1.3833, 1.4, 1.4167, 1.4333, 1.45, 1.4667, 1.4833, 1.5, 1.5167, 1.5333, 1.55, 1.5667, 1.5833, 1.6, 1.6167, 1.6333, 1.65, 1.6667, 1.6833, 1.7, 1.7167, 1.7333, 1.75, 1.7667, 1.7833, 1.8, 1.8167, 1.8333],
            "transform": [
                [0.999935, -0.011156, -0.001858, 0.0, 0.011191, 0.952267, 0.305061, 0.374721, -0.001634, -0.305062, 0.952331, -0.0, 0.0, 0.0, 0.0, 1.0],
                [0.99992, -0.012422, -0.00229, -0.0, 0.012461, 0.940455, 0.339689, 0.374721, -0.002066, -0.33969, 0.940535, -0.0, 0.0, 0.0, 0.0, 1.0],
                [0.999872, -0.015561, -0.003591, 0.0, 0.01561, 0.904808, 0.425534, 0.374721, -0.003372, -0.425535, 0.904935, -0.0, 0.0, 0.0, 0.0, 1.0],
                [0.999794, -0.019467, -0.005728, 0.0, 0.019529, 0.8463, 0.532348, 0.374721, -0.005516, -0.53235, 0.846506, -0.0, 0.0, 0.0, 0.0, 1.0],
                [0.999689, -0.023416, -0.008597, -0.0, 0.02349, 0.767745, 0.640325, 0.374721, -0.008394, -0.640327, 0.768056, -0.0, 0.0, 0.0, 0.0, 1.0],
                [0.999563, -0.02701, -0.012035, -0.0, 0.027095, 0.673596, 0.738603, 0.374721, -0.011843, -0.738605, 0.674034, 0.0, 0.0, 0.0, 0.0, 1.0],
                [0.999424, -0.030026, -0.015818, 0.0, 0.03012, 0.570029, 0.821072, 0.374721, -0.015637, -0.821075, 0.570605, -0.0, 0.0, 0.0, 0.0, 1.0],
                [0.999282, -0.032373, -0.01969, 0.0, 0.032475, 0.463987, 0.885247, 0.374721, -0.019522, -0.88525, 0.464705, 0.0, 0.0, 0.0, 0.0, 1.0],
                [0.999145, -0.034065, -0.023414, -0.0, 0.034173, 0.362032, 0.931539, 0.374721, -0.023257, -0.931543, 0.362887, -0.0, 0.0, 0.0, 0.0, 1.0],
                [0.999023, -0.035182, -0.026758, 0.0, 0.035293, 0.270456, 0.962085, 0.374721, -0.026612, -0.962089, 0.271433, 0.0, 0.0, 0.0, 0.0, 1.0],
                [0.998921, -0.035848, -0.029541, 0.0, 0.035961, 0.19426, 0.980291, 0.374721, -0.029403, -0.980295, 0.195339, -0.0, 0.0, 0.0, 0.0, 1.0],
                [0.998843, -0.036202, -0.031644, -0.0, 0.036315, 0.136651, 0.989954, 0.374721, -0.031514, -0.989957, 0.137808, -0.0, 0.0, 0.0, 0.0, 1.0],
                [0.998793, -0.036363, -0.032997, -0.0, 0.036477, 0.099611, 0.994358, 0.374721, -0.03287, -0.994362, 0.100817, -0.0, 0.0, 0.0, 0.0, 1.0],
                [0.998773, -0.036416, -0.033577, 0.0, 0.036531, 0.083727, 0.995819, 0.374721, -0.033452, -0.995823, 0.084954, 0.0, 0.0, 0.0, 0.0, 1.0],
                [0.998778, -0.036402, -0.033419, -0.0, 0.036517, 0.088062, 0.995446, 0.374721, -0.033294, -0.995449, 0.089284, -0.0, 0.0, 0.0, 0.0, 1.0],
                [0.998808, -0.036323, -0.032621, 0.0, 0.036437, 0.109912, 0.993273, 0.374721, -0.032493, -0.993277, 0.111105, -0.0, 0.0, 0.0, 0.0, 1.0],
                [0.998854, -0.03616, -0.031351, -0.0, 0.036274, 0.144677, 0.988814, 0.374721, -0.031219, -0.988818, 0.145823, 0.0, 0.0, 0.0, 0.0, 1.0],
                [0.998903, -0.035942, -0.030031, 0.0, 0.036055, 0.18084, 0.982852, 0.374721, -0.029895, -0.982856, 0.181938, -0.0, 0.0, 0.0, 0.0, 1.0],
                [0.998934, -0.035775, -0.029179, 0.0, 0.035887, 0.204147, 0.978282, 0.374721, -0.029041, -0.978286, 0.205213, -0.0, 0.0, 0.0, 0.0, 1.0],
                [0.998936, -0.035763, -0.029123, -0.0, 0.035875, 0.205698, 0.977958, 0.374721, -0.028984, -0.977962, 0.206762, 0.0, 0.0, 0.0, 0.0, 1.0],
                [0.998902, -0.035947, -0.03006, 0.0, 0.03606, 0.180031, 0.983, 0.374721, -0.029924, -0.983004, 0.181129, -0.0, 0.0, 0.0, 0.0, 1.0],
                [0.99883, -0.036249, -0.032002, 0.0, 0.036363, 0.126856, 0.991254, 0.374721, -0.031872, -0.991259, 0.128025, 0.0, 0.0, 0.0, 0.0, 1.0],
                [0.998729, -0.036497, -0.034768, 0.0, 0.036611, 0.051126, 0.998021, 0.374721, -0.034647, -0.998025, 0.052397, -0.0, 0.0, 0.0, 0.0, 1.0],
                [0.99861, -0.036518, -0.03801, 0.0, 0.036633, -0.037658, 0.998619, 0.374721, -0.037899, -0.998623, -0.036268, 0.0, 0.0, 0.0, 0.0, 1.0],
                [0.998487, -0.036239, -0.041343, 0.0, 0.036353, -0.128921, 0.990988, 0.374721, -0.041243, -0.990992, -0.127408, -0.0, 0.0, 0.0, 0.0, 1.0],
                [0.998376, -0.035711, -0.044391, -0.0, 0.035823, -0.212369, 0.976533, 0.374721, -0.0443, -0.976537, -0.210745, -0.0, 0.0, 0.0, 0.0, 1.0],
