{
    "animation": [
        {
            "name": "Root",
            "time": [0.0, 0.0167, 0.0333, 0.05, 0.0667, 0.0833, 0.1, 0.1167, 0.1333, 0.15, 0.1667, 0.1833, 0.2, 0.2167, 0.2333, 0.25, 0.2667, 0.2833, 0.3, 0.3167, 0.3333, 0.35, 0.3667, 0.3833, 0.4, 0.4167, 0.4333, 0.45, 0.4667, 0.4833, 0.5, 0.5167, 0.5333, 0.55, 0.5667, 0.5833, 0.6, 0.6167, 0.6333, 0.65, 0.6667, 0.6833, 0.7, 0.7167, 0.7333, 0.75, 0.7667, 0.7833, 0.8, 0.8167, 0.8333, 0.85, 0.8667, 0.8833, 0.9, 0.9167, 0.9333, 0.95, 0.9667, 0.9833, 1.0, 1.0167, 1.0333, 1.05, 1.0667, 1.0833, 1.1, 1.1167, 1.1333, 1.15, 1.1667, 1.1833, 1.2, 1.2167, 1.2333, 1.25, 1.2667, 1.2833, 1.3, 1.3167, 1.3333, 1.35, 1.3667, 1.3833, 1.4, 1.4167, 1.4333, 1.45, 1.4667, 1.4833, 1.5, 1.5167, 1.5333, 1.55, 1.5667, 1.5833, 1.6, 1.6167, 1.6333, 1.65, 1.6667, 1.6833],
            "transform": [
                [0.699558, 0.0, -0.714575, -5e-06, -0.714575, 0.0, -0.699558, 0.000946, 0.0, 1.0, 0.0, 0.593513, 0.0, 0.0, 0.0, 1.0],
                [0.698565, -0.002864, -0.715541, 0.000139, -0.715544, -0.0, -0.698568, 0.000946, 0.002, 0.999996, -0.002049, 0.593513, 0.0, 0.0, 0.0, 1.0],
                [0.695522, -0.01152, -0.718413, 0.000571, -0.71846, -1e-06, -0.695568, 0.000946, 0.008012, 0.999934, -0.008277, 0.593516, 0.0, 0.0, 0.0, 1.0],
                [0.690362, -0.025991, -0.722997, 0.001295, -0.723242, -4e-06, -0.690595, 0.000947, 0.017947, 0.999662, -0.018801, 0.59353, 0.0, 0.0, 0.0, 1.0],
                [0.683102, -0.046174, -0.728862, 0.002304, -0.729641, -9e-06, -0.683831, 0.000947, 0.031569, 0.998933, -0.033697, 0.593566, 0.0, 0.0, 0.0, 1.0],
                [0.67391, -0.071797, -0.735317, 0.003585, -0.73722, -1.8e-05, -0.675653, 0.000947, 0.048496, 0.997419, -0.052943, 0.593642, 0.0, 0.0, 0.0, 1.0],
                [0.663142, -0.102384, -0.741458, 0.005115, -0.745378, -3.3e-05, -0.666642, 0.000948, 0.068229, 0.994745, -0.076336, 0.593776, 0.0, 0.0, 0.0, 1.0],
                [0.651317, -0.137226, -0.746294, 0.006857, -0.753426, -5.5e-05, -0.657532, 0.000949, 0.09019, 0.99054, -0.103426, 0.593986, 0.0, 0.0, 0.0, 1.0],
                [0.639036, -0.175384, -0.748915, 0.008765, -0.760716, -8.4e-05, -0.649085, 0.000951, 0.113776, 0.9845, -0.133471, 0.594288, 0.0, 0.0, 0.0, 1.0],
                [0.626872, -0.215708, -0.748666, 0.010781, -0.766734, -0.000124, -0.641965, 0.000953, 0.138385, 0.976458, -0.165468, 0.59469, 0.0, 0.0, 0.0, 1.0],
                [0.615312, -0.256909, -0.745244, 0.012841, -0.771156, -0.000173, -0.636646, 0.000955, 0.163431, 0.966435, -0.198224, 0.595191, 0.0, 0.0, 0.0, 1.0],
                [0.604739, -0.297649, -0.738712, 0.014878, -0.77383, -0.000234, -0.633394, 0.000958, 0.188356, 0.954675, -0.230471, 0.595779, 0.0, 0.0, 0.0, 1.0],
                [0.595466, -0.336643, -0.729446, 0.016828, -0.77473, -0.000305, -0.632292, 0.000962, 0.212635, 0.941632, -0.260989, 0.596431, 0.0, 0.0, 0.0, 1.0],
                [0.587073, -0.372763, -0.718605, 0.018634, -0.774519, -0.000387, -0.632551, 0.007787, 0.235514, 0.927926, -0.288939, 0.596295, 0.0, 0.0, 0.0, 1.0],
                [0.580621, -0.405095, -0.706242, 0.02025, -0.772596, -0.000479, -0.634898, 0.028474, 0.256855, 0.914275, -0.313253, 0.594468, 0.0, 0.0, 0.0, 1.0],
                [0.57916, -0.432972, -0.690731, 0.021644, -0.76646, -0.000582, -0.642292, 0.063144, 0.277692, 0.901407, -0.332192, 0.590868, 0.0, 0.0, 0.0, 1.0],
                [0.585931, -0.455964, -0.669912, 0.022794, -0.752945, -0.000694, -0.658083, 0.111565, 0.299597, 0.889998, -0.343723, 0.585454, 0.0, 0.0, 0.0, 1.0],
                [0.603171, -0.473845, -0.641604, 0.023688, -0.728893, -0.000816, -0.684628, 0.173042, 0.323883, 0.880608, -0.345874, 0.578237, 0.0, 0.0, 0.0, 1.0],
                [0.631005, -0.486541, -0.604244, 0.024323, -0.692007, -0.000949, -0.72189, 0.246323, 0.350656, 0.873657, -0.337288, 0.569296, 0.0, 0.0, 0.0, 1.0],
                [0.667455, -0.494085, -0.557121, 0.0247, -0.641276, -0.001091, -0.767309, 0.329543, 0.378508, 0.869413, -0.317573, 0.558791, 0.0, 0.0, 0.0, 1.0],
                [0.709399, -0.496573, -0.500168, 0.024824, -0.576815, -0.001245, -0.816874, 0.420242, 0.405015, 0.867994, -0.287314, 0.54696, 0.0, 0.0, 0.0, 1.0],
                [0.770877, -0.488081, -0.409299, 0.0244, -0.471092, -0.004347, -0.882074, 0.515616, 0.428744, 0.872788, -0.233281, 0.533939, 0.0, 0.0, 0.0, 1.0],
                [0.850962, -0.462247, -0.249382, 0.023108, -0.287976, -0.013549, -0.957542, 0.612575, 0.439242, 0.886648, -0.144645, 0.519938, 0.0, 0.0, 0.0, 1.0],
                [0.907733, -0.419401, -0.011083, 0.020966, -0.025581, -0.02896, -0.999253, 0.707837, 0.418767, 0.907339, -0.037016, 0.505437, 0.0, 0.0, 0.0, 1.0],
                [0.886934, -0.361934, 0.286971, 0.018092, 0.288956, -0.049929, -0.956039, 0.7983, 0.360351, 0.930866, 0.060299, 0.490992, 0.0, 0.0, 0.0, 1.0],
                [0.753836, -0.29514, 0.587046, 0.014752, 0.594374, -0.074549, -0.800726, 0.881226, 0.28009, 0.952541, 0.119226, 0.477155, 0.0, 0.0, 0.0, 1.0],
                [0.527629, -0.226871, 0.818619, 0.011339, 0.823529, -0.099746, -0.558437, 0.954374, 0.208347, 0.968804, 0.134206, 0.464368, 0.0, 0.0, 0.0, 1.0],
                [0.274867, -0.165653, 0.947105, 0.008278, 0.947255, -0.122171, -0.296279, 1.016084, 0.164788, 0.978588, 0.123334, 0.452885, 0.0, 0.0, 0.0, 1.0],
                [0.063967, -0.118399, 0.990904, 0.005915, 0.98699, -0.139262, -0.080354, 1.065287, 0.147509, 0.983152, 0.107951, 0.442784, 0.0, 0.0, 0.0, 1.0],
                [-0.067615, -0.089197, 0.993716, 0.004455, 0.987271, -0.149692, 0.05374, 1.101455, 0.143958, 0.984701, 0.098183, 0.434039, 0.0, 0.0, 0.0, 1.0],
                [-0.110962, -0.079475, 0.990642, 0.003969, 0.983347, -0.153138, 0.097859, 1.12448, 0.143928, 0.985004, 0.095144, 0.426605, 0.0, 0.0, 0.0, 1.0],
                [-0.110962, -0.079475, 0.990642, 0.003969, 0.983347, -0.153138, 0.097859, 1.140285, 0.143928, 0.985004, 0.095144, 0.419803, 0.0, 0.0, 0.0, 1.0],
                [-0.110962, -0.079475, 0.990642, 0.003969, 0.983347, -0.153138, 0.097859, 1.154535, 0.143928, 0.985004, 0.095144, 0.41304, 0.0, 0.0, 0.0, 1.0],
                [-0.110962, -0.079475, 0.990642, 0.003969, 0.983347, -0.153138, 0.097859, 1.166998, 0.143928, 0.985004, 0.095144, 0.406429, 0.0, 0.0, 0.0, 1.0],
                [-0.110962, -0.079475, 0.990642, 0.003969, 0.983347, -0.153138, 0.097859, 1.177472, 0.143928, 0.985004, 0.095144, 0.400116, 0.0, 0.0, 0.0, 1.0],
                [-0.110962, -0.079475, 0.990642, 0.003969, 0.983347, -0.153138, 0.097859, 1.185843, 0.143928, 0.985004, 0.095144, 0.394275, 0.0, 0.0, 0.0, 1.0],
                [-0.110962, -0.079475, 0.990642, 0.003969, 0.983347, -0.153138, 0.097859, 1.192127, 0.143928, 0.985004, 0.095144, 0.389077, 0.0, 0.0, 0.0, 1.0],
                [-0.110962, -0.079475, 0.990642, 0.003969, 0.983347, -0.153138, 0.097859, 1.196495, 0.143928, 0.985004, 0.095144, 0.384666, 0.0, 0.0, 0.0, 1.0],
                [-0.110962, -0.079475, 0.990642, 0.003969, 0.983347, -0.153138, 0.097859, 1.199259, 0.143928, 0.985004, 0.095144, 0.381132, 0.0, 0.0, 0.0, 1.0],
                [-0.110962, -0.079475, 0.990642, 0.003969, 0.983347, -0.153138, 0.097859, 1.200804, 0.143928, 0.985004, 0.095144, 0.378494, 0.0, 0.0, 0.0, 1.0],
                [-0.110962, -0.079475, 0.990642, 0.003969, 0.983347, -0.153138, 0.097859, 1.201522, 0.143928, 0.985004, 0.095144, 0.376715, 0.0, 0.0, 0.0, 1.0],
                [-0.110962, -0.079475, 0.990642, 0.003969, 0.983347, -0.153138, 0.097859, 1.20176, 0.143928, 0.985004, 0.095144, 0.375718, 0.0, 0.0, 0.0, 1.0],
                [-0.110962, -0.079475, 0.990642, 0.003969, 0.983347, -0.153138, 0.097859, 1.20179, 0.143928, 0.985004, 0.095144, 0.375408, 0.0, 0.0, 0.0, 1.0],
                [-0.110962, -0.079475, 0.990642, 0.003969, 0.983347, -0.153138, 0.097859, 1.201547, 0.143928, 0.985004, 0.095144, 0.37541, 0.0, 0.0, 0.0, 1.0],
                [-0.110962, -0.079475, 0.990642, 0.003969, 0.983347, -0.153138, 0.097859, 1.200811, 0.143928, 0.985004, 0.095144, 0.375428, 0.0, 0.0, 0.0, 1.0],
                [-0.110962, -0.079475, 0.990642, 0.003969, 0.983347, -0.153138, 0.097859, 1.19958, 0.143928, 0.985004, 0.095144, 0.375478, 0.0, 0.0, 0.0, 1.0],
                [-0.110962, -0.079475, 0.990642, 0.003969, 0.983347, -0.153138, 0.097859, 1.197857, 0.143928, 0.985004, 0.095144, 0.375582, 0.0, 0.0, 0.0, 1.0],
                [-0.110962, -0.079475, 0.990642, 0.003969, 0.983347, -0.153138, 0.097859, 1.195656, 0.143928, 0.985004, 0.095144, 0.375764, 0.0, 0.0, 0.0, 1.0],
                [-0.110962, -0.079475, 0.990642, 0.003969, 0.983347, -0.153138, 0.097859, 1.192999, 0.143928, 0.985004, 0.095144, 0.376052, 0.0, 0.0, 0.0, 1.0],
                [-0.110962, -0.079475, 0.990642, 0.003969, 0.983347, -0.153138, 0.097859, 1.189924, 0.143928, 0.985004, 0.095144, 0.376474, 0.0, 0.0, 0.0, 1.0],
                [-0.110962, -0.079475, 0.990642, 0.003969, 0.983347, -0.153138, 0.097859, 1.186481, 0.143928, 0.985004, 0.095144, 0.377063, 0.0, 0.0, 0.0, 1.0],
                [-0.110962, -0.079475, 0.990642, 0.003969, 0.983347, -0.153138, 0.097859, 1.182732, 0.143928, 0.985004, 0.095144, 0.377852, 0.0, 0.0, 0.0, 1.0],
                [-0.110962, -0.079475, 0.990642, 0.003969, 0.983347, -0.153138, 0.097859, 1.178755, 0.143928, 0.985004, 0.095144, 0.378872, 0.0, 0.0, 0.0, 1.0],
                [-0.110962, -0.079475, 0.990642, 0.003969, 0.983347, -0.153138, 0.097859, 1.174637, 0.143928, 0.985004, 0.095144, 0.380153, 0.0, 0.0, 0.0, 1.0],
                [-0.110962, -0.079475, 0.990642, 0.003969, 0.983347, -0.153138, 0.097859, 1.17047, 0.143928, 0.985004, 0.095144, 0.381721, 0.0, 0.0, 0.0, 1.0],
                [-0.110962, -0.079475, 0.990642, 0.003969, 0.983347, -0.153138, 0.097859, 1.166352, 0.143928, 0.985004, 0.095144, 0.383595, 0.0, 0.0, 0.0, 1.0],
                [-0.110962, -0.079475, 0.990642, 0.003969, 0.983347, -0.153138, 0.097859, 1.162375, 0.143928, 0.985004, 0.095144, 0.38579, 0.0, 0.0, 0.0, 1.0],
                [-0.110962, -0.079475, 0.990642, 0.003969, 0.983347, -0.153138, 0.097859, 1.158626, 0.143928, 0.985004, 0.095144, 0.388313, 0.0, 0.0, 0.0, 1.0],
                [-0.110962, -0.079475, 0.990642, 0.003969, 0.983347, -0.153138, 0.097859, 1.155183, 0.143928, 0.985004, 0.095144, 0.391164, 0.0, 0.0, 0.0, 1.0],
                [-0.110962, -0.079475, 0.990642, 0.003969, 0.983347, -0.153138, 0.097859, 1.152107, 0.143928, 0.985004, 0.095144, 0.394337, 0.0, 0.0, 0.0, 1.0],
                [-0.110962, -0.079475, 0.990642, 0.003969, 0.983347, -0.153138, 0.097859, 1.149451, 0.143928, 0.985004, 0.095144, 0.397822, 0.0, 0.0, 0.0, 1.0],
                [-0.110962, -0.079475, 0.990642, 0.003969, 0.983347, -0.153138, 0.097859, 1.147249, 0.143928, 0.985004, 0.095144, 0.401604, 0.0, 0.0, 0.0, 1.0],
                [-0.110962, -0.079475, 0.990642, 0.003969, 0.983347, -0.153138, 0.097859, 1.145527, 0.143928, 0.985004, 0.095144, 0.405666, 0.0, 0.0, 0.0, 1.0],
                [-0.110962, -0.079475, 0.990642, 0.003969, 0.983347, -0.153138, 0.097859, 1.144295, 0.143928, 0.985004, 0.095144, 0.409989, 0.0, 0.0, 0.0, 1.0],
                [-0.110962, -0.079475, 0.990642, 0.003969, 0.983347, -0.153138, 0.097859, 1.14356, 0.143928, 0.985004, 0.095144, 0.414553, 0.0, 0.0, 0.0, 1.0],
                [-0.110962, -0.079475, 0.990642, 0.003969, 0.983347, -0.153138, 0.097859, 1.143317, 0.143928, 0.985004, 0.095144, 0.419341, 0.0, 0.0, 0.0, 1.0],
                [-0.107123, -0.079341, 0.991075, 0.003962, 0.983755, -0.152882, 0.094093, 1.143837, 0.144053, 0.985054, 0.094429, 0.424619, 0.0, 0.0, 0.0, 1.0],
                [-0.095535, -0.078935, 0.992291, 0.003942, 0.984896, -0.15211, 0.082723, 1.145408, 0.144408, 0.985206, 0.092275, 0.43067, 0.0, 0.0, 0.0, 1.0],
                [-0.076102, -0.078256, 0.994024, 0.003908, 0.98651, -0.150817, 0.063654, 1.148038, 0.144935, 0.985459, 0.088678, 0.437494, 0.0, 0.0, 0.0, 1.0],
                [-0.048763, -0.077302, 0.995815, 0.003861, 0.988151, -0.149001, 0.036821, 1.151731, 0.145531, 0.985811, 0.083652, 0.445087, 0.0, 0.0, 0.0, 1.0],
                [-0.013511, -0.076075, 0.997011, 0.003799, 0.989184, -0.146661, 0.002214, 1.156486, 0.146054, 0.986257, 0.077233, 0.453439, 0.0, 0.0, 0.0, 1.0],
                [0.029566, -0.074575, 0.996777, 0.003724, 0.988794, -0.143802, -0.040088, 1.162292, 0.146328, 0.986793, 0.069488, 0.462535, 0.0, 0.0, 0.0, 1.0],
                [0.080249, -0.072809, 0.994112, 0.003636, 0.986003, -0.14043, -0.08988, 1.169131, 0.146147, 0.98741, 0.06052, 0.472352, 0.0, 0.0, 0.0, 1.0],
                [0.138146, -0.070782, 0.987879, 0.003534, 0.979697, -0.136559, -0.146786, 1.176977, 0.145293, 0.9881, 0.050479, 0.482859, 0.0, 0.0, 0.0, 1.0],
                [0.202644, -0.068504, 0.976853, 0.003421, 0.968675, -0.132205, -0.210218, 1.185793, 0.143545, 0.988852, 0.039567, 0.494018, 0.0, 0.0, 0.0, 1.0],
                [0.272877, -0.065987, 0.959783, 0.003295, 0.951705, -0.12739, -0.279339, 1.195529, 0.1407, 0.989655, 0.028039, 0.505781, 0.0, 0.0, 0.0, 1.0],
                [0.347704, -0.063248, 0.935469, 0.003158, 0.927602, -0.122144, -0.353038, 1.206126, 0.136591, 0.990495, 0.016199, 0.51809, 0.0, 0.0, 0.0, 1.0],
                [0.425701, -0.060305, 0.902852, 0.003011, 0.895315, -0.1165, -0.429929, 1.21751, 0.131109, 0.991358, 0.004397, 0.530879, 0.0, 0.0, 0.0, 1.0],
                [0.50519, -0.057179, 0.861112, 0.002854, 0.854021, -0.1105, -0.508367, 1.229598, 0.124221, 0.99223, -0.006992, 0.544073, 0.0, 0.0, 0.0, 1.0],
                [0.584287, -0.053895, 0.809755, 0.00269, 0.803217, -0.104191, -0.586504, 1.242293, 0.115979, 0.993096, -0.017588, 0.557588, 0.0, 0.0, 0.0, 1.0],
                [0.660991, -0.050481, 0.748693, 0.002519, 0.742793, -0.097625, -0.662365, 1.255488, 0.106528, 0.993942, -0.027032, 0.57133, 0.0, 0.0, 0.0, 1.0],
                [0.733289, -0.046967, 0.678293, 0.002344, 0.673091, -0.090859, -0.733957, 1.269067, 0.096101, 0.994756, -0.035013, 0.585201, 0.0, 0.0, 0.0, 1.0],
                [0.799282, -0.043386, 0.599388, 0.002165, 0.594913, -0.083956, -0.799393, 1.282906, 0.085005, 0.995525, -0.041294, 0.599099, 0.0, 0.0, 0.0, 1.0],
                [0.857314, -0.039769, 0.513255, 0.001984, 0.509506, -0.07698, -0.857017, 1.296877, 0.073593, 0.996239, -0.045734, 0.612917, 0.0, 0.0, 0.0, 1.0],
                [0.906087, -0.036152, 0.421544, 0.001803, 0.418488, -0.069997, -0.905521, 1.310847, 0.062243, 0.996892, -0.048294, 0.626547, 0.0, 0.0, 0.0, 1.0],
                [0.944749, -0.032569, 0.326174, 0.001624, 0.323754, -0.063074, -0.944037, 1.324685, 0.051319, 0.997477, -0.049045, 0.639885, 0.0, 0.0, 0.0, 1.0],
                [0.972944, -0.029052, 0.229206, 0.001448, 0.227347, -0.056276, -0.972186, 1.338262, 0.041143, 0.997993, -0.048148, 0.652828, 0.0, 0.0, 0.0, 1.0],
                [0.990823, -0.025635, 0.13271, 0.001277, 0.131328, -0.049665, -0.990094, 1.351455, 0.031972, 0.998437, -0.045843, 0.665281, 0.0, 0.0, 0.0, 1.0],
                [0.999003, -0.022347, 0.038639, 0.001113, 0.037645, -0.043302, -0.998353, 1.364148, 0.023984, 0.998812, -0.042418, 0.677153, 0.0, 0.0, 0.0, 1.0],
                [0.9985, -0.019217, -0.051276, 0.000956, -0.051965, -0.03724, -0.997954, 1.376232, 0.017268, 0.999122, -0.038183, 0.688364, 0.0, 0.0, 0.0, 1.0],
                [0.99063, -0.016268, -0.135601, 0.000809, -0.136059, -0.031529, -0.990199, 1.387613, 0.011833, 0.99937, -0.033447, 0.698844, 0.0, 0.0, 0.0, 1.0],
                [0.976908, -0.013523, -0.213232, 0.000672, -0.213524, -0.026212, -0.976586, 1.398206, 0.007617, 0.999565, -0.028494, 0.708533, 0.0, 0.0, 0.0, 1.0],
                [0.958938, -0.011002, -0.283404, 0.000545, -0.283581, -0.021325, -0.958711, 1.407939, 0.004504, 0.999712, -0.02357, 0.717378, 0.0, 0.0, 0.0, 1.0],
                [0.938317, -0.008718, -0.345667, 0.000431, -0.345769, -0.0169, -0.938168, 1.416751, 0.002337, 0.999819, -0.018872, 0.725341, 0.0, 0.0, 0.0, 1.0],
                [0.91656, -0.006686, -0.399841, 0.00033, -0.399896, -0.012961, -0.916469, 1.424594, 0.000945, 0.999894, -0.014553, 0.732391, 0.0, 0.0, 0.0, 1.0],
                [0.89504, -0.004915, -0.445958, 0.000241, -0.445985, -0.009527, -0.89499, 1.43143, 0.00015, 0.999943, -0.010719, 0.738506, 0.0, 0.0, 0.0, 1.0],
                [0.87495, -0.003411, -0.484202, 0.000166, -0.484214, -0.006612, -0.874925, 1.437233, -0.000217, 0.999972, -0.007437, 0.743674, 0.0, 0.0, 0.0, 1.0],
                [0.857279, -0.002179, -0.514848, 0.000104, -0.514852, -0.004225, -0.857268, 1.441985, -0.000307, 0.999989, -0.004744, 0.747887, 0.0, 0.0, 0.0, 1.0],
                [0.842809, -0.001223, -0.538212, 5.7e-05, -0.538213, -0.002371, -0.842806, 1.445676, -0.000245, 0.999996, -0.002656, 0.751147, 0.0, 0.0, 0.0, 1.0],
                [0.832116, -0.000542, -0.554602, 2.2e-05, -0.554602, -0.00105, -0.832115, 1.448305, -0.000132, 0.999999, -0.001174, 0.753461, 0.0, 0.0, 0.0, 1.0],
                [0.825577, -0.000135, -0.56429, 2e-06, -0.56429, -0.000261, -0.825577, 1.449875, -3.6e-05, 1.0, -0.000292, 0.754838, 0.0, 0.0, 0.0, 1.0],
                [0.823384, 0.0, -0.567485, -5e-06, -0.567485, 0.0, -0.823384, 1.450396, 0.0, 1.0, 0.0, 0.755293, 0.0, 0.0, 0.0, 1.0]
            ]
        },
        {
            "name": "Thigh_R",
            "time": [0.0, 0.0167, 0.0333, 0.05, 0.0667, 0.0833, 0.1, 0.1167, 0.1333, 0.15, 0.1667, 0.1833, 0.2, 0.2167, 0.2333, 0.25, 0.2667, 0.2833, 0.3, 0.3167, 0.3333, 0.35, 0.3667, 0.3833, 0.4, 0.4167, 0.4333, 0.45, 0.4667, 0.4833, 0.5, 0.5167, 0.5333, 0.55, 0.5667, 0.5833, 0.6, 0.6167, 0.6333, 0.65, 0.6667, 0.6833, 0.7, 0.7167, 0.7333, 0.75, 0.7667, 0.7833, 0.8, 0.8167, 0.8333, 0.85, 0.8667, 0.8833, 0.9, 0.9167, 0.9333, 0.95, 0.9667, 0.9833, 1.0, 1.0167, 1.0333, 1.05, 1.0667, 1.0833, 1.1, 1.1167, 1.1333, 1.15, 1.1667, 1.1833, 1.2, 1.2167, 1.2333, 1.25, 1.2667, 1.2833, 1.3, 1.3167, 1.3333, 1.35, 1.3667, 1.3833, 1.4, 1.4167, 1.4333, 1.45, 1.4667, 1.4833, 1.5, 1.5167, 1.5333, 1.55, 1.5667, 1.5833, 1.6, 1.6167, 1.6333, 1.65, 1.6667, 1.6833],
            "transform": [
                [0.877206, 0.461623, -0.13196, 0.124994, 0.443536, -0.88439, -0.145363, -0.002831, -0.183807, 0.068984, -0.980539, -1.2e-05, 0.0, 0.0, 0.0, 1.0],
                [0.877975, 0.459673, -0.133645, 0.124994, 0.44104, -0.885279, -0.147529, -0.002831, -0.186128, 0.070584, -0.979987, -1.2e-05, 0.0, 0.0, 0.0, 1.0],
                [0.88023, 0.453811, -0.138745, 0.124994, 0.433478, -0.887895, -0.154072, -0.002831, -0.19311, 0.075476, -0.97827, -1.2e-05, 0.0, 0.0, 0.0, 1.0],
                [0.883794, 0.444111, -0.147218, 0.124994, 0.420765, -0.892035, -0.165013, -0.002831, -0.204608, 0.083893, -0.975242, -1.2e-05, 0.0, 0.0, 0.0, 1.0],
                [0.888373, 0.430784, -0.158799, 0.124994, 0.402885, -0.897311, -0.180323, -0.002831, -0.220173, 0.096216, -0.970704, -1.2e-05, 0.0, 0.0, 0.0, 1.0],
                [0.89361, 0.414187, -0.172946, 0.124994, 0.379922, -0.903158, -0.19991, -0.002831, -0.238998, 0.112935, -0.964431, -1.2e-05, 0.0, 0.0, 0.0, 1.0],
                [0.899146, 0.39481, -0.188843, 0.124994, 0.35211, -0.908855, -0.223609, -0.002831, -0.259914, 0.134564, -0.95621, -1.2e-05, 0.0, 0.0, 0.0, 1.0],
                [0.904681, 0.373267, -0.205485, 0.124994, 0.319868, -0.913552, -0.251211, -0.002831, -0.281491, 0.161537, -0.945869, -1.2e-05, 0.0, 0.0, 0.0, 1.0],
                [0.909997, 0.350204, -0.221952, 0.124994, 0.28385, -0.916411, -0.28217, -0.002831, -0.302216, 0.193772, -0.933337, -1.2e-05, 0.0, 0.0, 0.0, 1.0],
                [0.914957, 0.326352, -0.237377, 0.124994, 0.244942, -0.916585, -0.31603, -0.002831, -0.320714, 0.23101, -0.918573, -1.2e-05, 0.0, 0.0, 0.0, 1.0],
                [0.919483, 0.302428, -0.251174, 0.124994, 0.204254, -0.913411, -0.352081, -0.002831, -0.335904, 0.27243, -0.901638, -1.2e-05, 0.0, 0.0, 0.0, 1.0],
                [0.923545, 0.27915, -0.262945, 0.124994, 0.163058, -0.906439, -0.38959, -0.002831, -0.347098, 0.316929, -0.882655, -1.2e-05, 0.0, 0.0, 0.0, 1.0],
                [0.927171, 0.257138, -0.272458, 0.124994, 0.122665, -0.895535, -0.42775, -0.002831, -0.353987, 0.363176, -0.861857, -1.2e-05, 0.0, 0.0, 0.0, 1.0],
                [0.929294, 0.224792, -0.293054, 0.124994, 0.079049, -0.89612, -0.436716, -0.002831, -0.360781, 0.382672, -0.850529, -1.2e-05, 0.0, 0.0, 0.0, 1.0],
                [0.928825, 0.168876, -0.329794, 0.124994, 0.027195, -0.918762, -0.393873, -0.002831, -0.369518, 0.356871, -0.857962, -1.2e-05, 0.0, 0.0, 0.0, 1.0],
                [0.925904, 0.08988, -0.366911, 0.124994, -0.033244, -0.948126, -0.316149, -0.002831, -0.376294, 0.304921, -0.874886, -1.2e-05, 0.0, 0.0, 0.0, 1.0],
                [0.920401, -0.010284, -0.390841, 0.124994, -0.101915, -0.971405, -0.214443, -0.002831, -0.37746, 0.237206, -0.89513, -1.2e-05, 0.0, 0.0, 0.0, 1.0],
                [0.911518, -0.126941, -0.391178, 0.124994, -0.176929, -0.97969, -0.09436, -0.002831, -0.371255, 0.155222, -0.915465, -1.2e-05, 0.0, 0.0, 0.0, 1.0],
                [0.897973, -0.251033, -0.361425, 0.124994, -0.254123, -0.966352, 0.039816, -0.002831, -0.359258, 0.056093, -0.931551, -1.2e-05, 0.0, 0.0, 0.0, 1.0],
                [0.879398, -0.369175, -0.300615, 0.124994, -0.326838, -0.927266, 0.182634, -0.002831, -0.346174, -0.062355, -0.936096, -1.2e-05, 0.0, 0.0, 0.0, 1.0],
                [0.858171, -0.466408, -0.21449, 0.124994, -0.386819, -0.862176, 0.327145, -0.002831, -0.337511, -0.197778, -0.92031, -1.2e-05, 0.0, 0.0, 0.0, 1.0],
                [0.851837, -0.515303, -0.094005, 0.124994, -0.421958, -0.7814, 0.459745, -0.002831, -0.310364, -0.351962, -0.883061, -1.2e-05, 0.0, 0.0, 0.0, 1.0],
                [0.875791, -0.479322, 0.056916, 0.124994, -0.422105, -0.703327, 0.571977, -0.002831, -0.234131, -0.524958, -0.818292, -1.2e-05, 0.0, 0.0, 0.0, 1.0],
                [0.918526, -0.338873, 0.203656, 0.124994, -0.383934, -0.641585, 0.66405, -0.002831, -0.094366, -0.688138, -0.719418, -1.2e-05, 0.0, 0.0, 0.0, 1.0],
                [0.944014, -0.096884, 0.315359, 0.124994, -0.307309, -0.605932, 0.733763, -0.002831, 0.119996, -0.789595, -0.601782, -1.2e-05, 0.0, 0.0, 0.0, 1.0],
                [0.900067, 0.204451, 0.384811, 0.124994, -0.195714, -0.599337, 0.776203, -0.002831, 0.389327, -0.773948, -0.49943, -1.2e-05, 0.0, 0.0, 0.0, 1.0],
                [0.758006, 0.485442, 0.435629, 0.124994, -0.060514, -0.612668, 0.78802, -0.002831, 0.649434, -0.623686, -0.43503, -1.2e-05, 0.0, 0.0, 0.0, 1.0],
                [0.553058, 0.672076, 0.492382, 0.124994, 0.074605, -0.62857, 0.774167, -0.002831, 0.829796, -0.391425, -0.397775, -1.2e-05, 0.0, 0.0, 0.0, 1.0],
                [0.361529, 0.751425, 0.551957, 0.124994, 0.182571, -0.637593, 0.748427, -0.002831, 0.914311, -0.169807, -0.367698, -1.2e-05, 0.0, 0.0, 0.0, 1.0],
                [0.238418, 0.764993, 0.598283, 0.124994, 0.247925, -0.64358, 0.724112, -0.002831, 0.938983, -0.024313, -0.343102, -1.2e-05, 0.0, 0.0, 0.0, 1.0],
                [0.200182, 0.75597, 0.623247, 0.124994, 0.267198, -0.654133, 0.707612, -0.002831, 0.94262, 0.024879, -0.332939, -1.2e-05, 0.0, 0.0, 0.0, 1.0],
                [0.204272, 0.743111, 0.637228, 0.124994, 0.263686, -0.668663, 0.695241, -0.002831, 0.942731, 0.02601, -0.332537, -1.2e-05, 0.0, 0.0, 0.0, 1.0],
                [0.207872, 0.730724, 0.650255, 0.124994, 0.260678, -0.68212, 0.683198, -0.002831, 0.942781, 0.02749, -0.332278, -1.2e-05, 0.0, 0.0, 0.0, 1.0],
                [0.21079, 0.71942, 0.661817, 0.124994, 0.258372, -0.693956, 0.672064, -0.002831, 0.942768, 0.029331, -0.332157, -1.2e-05, 0.0, 0.0, 0.0, 1.0],
                [0.212857, 0.709794, 0.671479, 0.124994, 0.256936, -0.703703, 0.662409, -0.002831, 0.942696, 0.031529, -0.33216, -1.2e-05, 0.0, 0.0, 0.0, 1.0],
                [0.21398, 0.702303, 0.678957, 0.124994, 0.256457, -0.711064, 0.654689, -0.002831, 0.942572, 0.034033, -0.332264, -1.2e-05, 0.0, 0.0, 0.0, 1.0],
                [0.214188, 0.697148, 0.684185, 0.124994, 0.256889, -0.715986, 0.649131, -0.002831, 0.942407, 0.036724, -0.332445, -1.2e-05, 0.0, 0.0, 0.0, 1.0],
                [0.213645, 0.694199, 0.687345, 0.124994, 0.258035, -0.718703, 0.645665, -0.002831, 0.942217, 0.039416, -0.332675, -1.2e-05, 0.0, 0.0, 0.0, 1.0],
                [0.212624, 0.693036, 0.688834, 0.124994, 0.259587, -0.719685, 0.643947, -0.002831, 0.942022, 0.041893, -0.332925, -1.2e-05, 0.0, 0.0, 0.0, 1.0],
                [0.211438, 0.693063, 0.689171, 0.124994, 0.261201, -0.719535, 0.643462, -0.002831, 0.941843, 0.043959, -0.333166, -1.2e-05, 0.0, 0.0, 0.0, 1.0],
                [0.210371, 0.693664, 0.688893, 0.124994, 0.262575, -0.718862, 0.643655, -0.002831, 0.9417, 0.045479, -0.333367, -1.2e-05, 0.0, 0.0, 0.0, 1.0],
                [0.209633, 0.69443, 0.688346, 0.124994, 0.263493, -0.718067, 0.644167, -0.002831, 0.941607, 0.046336, -0.333508, -1.2e-05, 0.0, 0.0, 0.0, 1.0],
                [0.20937, 0.694711, 0.688143, 0.124994, 0.263815, -0.717775, 0.64436, -0.002831, 0.941576, 0.046633, -0.333556, -1.2e-05, 0.0, 0.0, 0.0, 1.0],
                [0.209182, 0.695166, 0.687741, 0.124994, 0.264012, -0.717331, 0.644774, -0.002831, 0.941562, 0.046697, -0.333586, -1.2e-05, 0.0, 0.0, 0.0, 1.0],
                [0.208627, 0.696526, 0.686532, 0.124994, 0.264596, -0.715999, 0.646014, -0.002831, 0.941522, 0.046878, -0.333675, -1.2e-05, 0.0, 0.0, 0.0, 1.0],
                [0.207721, 0.698768, 0.684525, 0.124994, 0.265543, -0.713792, 0.648064, -0.002831, 0.941455, 0.047154, -0.333823, -1.2e-05, 0.0, 0.0, 0.0, 1.0],
                [0.206495, 0.701849, 0.681739, 0.124994, 0.266817, -0.710741, 0.650889, -0.002831, 0.941365, 0.047494, -0.334029, -1.2e-05, 0.0, 0.0, 0.0, 1.0],
                [0.20499, 0.705696, 0.678213, 0.124994, 0.268368, -0.706897, 0.654428, -0.002831, 0.941253, 0.047859, -0.334293, -1.2e-05, 0.0, 0.0, 0.0, 1.0],
                [0.203261, 0.710209, 0.674008, 0.124994, 0.270132, -0.702338, 0.658597, -0.002831, 0.941123, 0.048204, -0.334608, -1.2e-05, 0.0, 0.0, 0.0, 1.0],
                [0.201379, 0.715142, 0.669342, 0.124994, 0.272028, -0.697293, 0.663162, -0.002831, 0.940982, 0.048533, -0.334959, -1.2e-05, 0.0, 0.0, 0.0, 1.0],
                [0.199412, 0.720579, 0.664078, 0.124994, 0.27398, -0.691661, 0.668237, -0.002831, 0.940834, 0.048689, -0.33535, -1.2e-05, 0.0, 0.0, 0.0, 1.0],
                [0.197451, 0.726222, 0.658494, 0.124994, 0.275888, -0.685735, 0.673538, -0.002831, 0.94069, 0.048679, -0.335755, -1.2e-05, 0.0, 0.0, 0.0, 1.0],
                [0.195585, 0.731875, 0.652767, 0.124994, 0.277656, -0.679713, 0.678894, -0.002831, 0.94056, 0.048463, -0.336152, -1.2e-05, 0.0, 0.0, 0.0, 1.0],
                [0.193903, 0.737339, 0.647096, 0.124994, 0.279192, -0.673815, 0.684124, -0.002831, 0.940454, 0.04801, -0.336514, -1.2e-05, 0.0, 0.0, 0.0, 1.0],
                [0.192488, 0.742416, 0.641691, 0.124994, 0.280409, -0.668267, 0.689049, -0.002831, 0.940382, 0.047302, -0.336814, -1.2e-05, 0.0, 0.0, 0.0, 1.0],
                [0.191415, 0.746923, 0.636763, 0.124994, 0.281235, -0.663295, 0.693503, -0.002831, 0.940354, 0.046333, -0.337025, -1.2e-05, 0.0, 0.0, 0.0, 1.0],
                [0.190743, 0.7507, 0.632508, 0.124994, 0.281611, -0.659101, 0.697338, -0.002831, 0.940378, 0.045109, -0.337125, -1.2e-05, 0.0, 0.0, 0.0, 1.0],
                [0.190518, 0.753617, 0.629098, 0.124994, 0.281495, -0.655864, 0.700431, -0.002831, 0.940459, 0.043643, -0.337093, -1.2e-05, 0.0, 0.0, 0.0, 1.0],
                [0.190769, 0.755573, 0.626671, 0.124994, 0.280862, -0.653719, 0.702686, -0.002831, 0.940597, 0.041958, -0.336921, -1.2e-05, 0.0, 0.0, 0.0, 1.0],
                [0.191509, 0.756499, 0.625326, 0.124994, 0.279701, -0.652766, 0.704034, -0.002831, 0.940793, 0.040076, -0.336604, -1.2e-05, 0.0, 0.0, 0.0, 1.0],
                [0.192741, 0.756354, 0.625124, 0.124994, 0.278013, -0.653057, 0.704432, -0.002831, 0.941042, 0.03802, -0.336147, -1.2e-05, 0.0, 0.0, 0.0, 1.0],
                [0.194455, 0.755117, 0.626087, 0.124994, 0.275809, -0.654611, 0.703856, -0.002831, 0.941337, 0.035812, -0.33556, -1.2e-05, 0.0, 0.0, 0.0, 1.0],
                [0.196635, 0.752788, 0.628207, 0.124994, 0.273105, -0.657411, 0.702299, -0.002831, 0.941673, 0.03347, -0.33486, -1.2e-05, 0.0, 0.0, 0.0, 1.0],
                [0.199258, 0.749379, 0.631448, 0.124994, 0.269924, -0.661415, 0.699766, -0.002831, 0.942039, 0.031009, -0.334067, -1.2e-05, 0.0, 0.0, 0.0, 1.0],
                [0.202299, 0.744909, 0.635755, 0.124994, 0.266288, -0.666559, 0.696268, -0.002831, 0.942425, 0.028439, -0.333205, -1.2e-05, 0.0, 0.0, 0.0, 1.0],
                [0.205732, 0.739405, 0.641057, 0.124994, 0.262223, -0.672767, 0.691826, -0.002831, 0.942822, 0.025769, -0.332298, -1.2e-05, 0.0, 0.0, 0.0, 1.0],
                [0.21192, 0.732692, 0.646724, 0.124994, 0.256754, -0.680249, 0.68654, -0.002831, 0.942957, 0.020557, -0.33228, -1.2e-05, 0.0, 0.0, 0.0, 1.0],
                [0.223186, 0.724496, 0.652145, 0.124994, 0.248983, -0.689198, 0.68045, -0.002831, 0.942441, 0.010506, -0.334206, -1.2e-05, 0.0, 0.0, 0.0, 1.0],
                [0.239389, 0.714623, 0.657272, 0.124994, 0.239032, -0.699497, 0.673474, -0.002831, 0.94104, -0.004113, -0.33827, -1.2e-05, 0.0, 0.0, 0.0, 1.0],
                [0.260286, 0.702818, 0.66204, 0.124994, 0.227088, -0.711001, 0.665514, -0.002831, 0.938447, -0.022882, -0.344665, -1.2e-05, 0.0, 0.0, 0.0, 1.0],
                [0.285509, 0.688795, 0.666367, 0.124994, 0.213431, -0.723545, 0.656452, -0.002831, 0.934308, -0.045199, -0.353589, -1.2e-05, 0.0, 0.0, 0.0, 1.0],
                [0.314584, 0.672288, 0.670124, 0.124994, 0.198393, -0.736941, 0.646187, -0.002831, 0.928266, -0.070333, -0.365207, -1.2e-05, 0.0, 0.0, 0.0, 1.0],
                [0.346933, 0.652982, 0.67324, 0.124994, 0.182365, -0.75109, 0.634513, -0.002831, 0.919989, -0.097359, -0.379659, -1.2e-05, 0.0, 0.0, 0.0, 1.0],
                [0.381875, 0.630965, 0.675318, 0.124994, 0.165829, -0.765614, 0.621559, -0.002831, 0.909215, -0.12537, -0.397001, -1.2e-05, 0.0, 0.0, 0.0, 1.0],
                [0.418692, 0.606156, 0.676219, 0.124994, 0.149284, -0.780439, 0.607147, -0.002831, 0.895774, -0.153259, -0.417253, -1.2e-05, 0.0, 0.0, 0.0, 1.0],
                [0.456655, 0.578753, 0.675656, 0.124994, 0.133275, -0.795401, 0.591247, -0.002831, 0.879604, -0.179948, -0.440358, -1.2e-05, 0.0, 0.0, 0.0, 1.0],
                [0.495091, 0.549121, 0.673314, 0.124994, 0.118327, -0.81035, 0.573874, -0.002831, 0.860746, -0.204449, -0.466173, -1.2e-05, 0.0, 0.0, 0.0, 1.0],
                [0.533433, 0.517773, 0.66885, 0.124994, 0.104907, -0.825143, 0.555096, -0.002831, 0.839311, -0.22594, -0.494477, -1.2e-05, 0.0, 0.0, 0.0, 1.0],
                [0.571256, 0.48525, 0.661966, 0.124994, 0.093405, -0.839711, 0.534939, -0.002831, 0.81544, -0.243756, -0.525015, -1.2e-05, 0.0, 0.0, 0.0, 1.0],
                [0.608282, 0.45238, 0.652184, 0.124994, 0.084109, -0.853792, 0.513775, -0.002831, 0.789251, -0.257665, -0.557396, -1.2e-05, 0.0, 0.0, 0.0, 1.0],
                [0.644377, 0.419739, 0.639216, 0.124994, 0.077151, -0.867314, 0.491745, -0.002831, 0.760806, -0.267553, -0.591261, -1.2e-05, 0.0, 0.0, 0.0, 1.0],
                [0.679494, 0.387906, 0.62275, 0.124994, 0.072523, -0.880156, 0.469112, -0.002831, 0.730088, -0.273595, -0.626193, -1.2e-05, 0.0, 0.0, 0.0, 1.0],
                [0.713606, 0.35736, 0.602544, 0.124994, 0.07011, -0.892218, 0.446128, -0.002831, 0.697029, -0.276116, -0.661747, -1.2e-05, 0.0, 0.0, 0.0, 1.0],
                [0.746656, 0.328392, 0.578502, 0.124994, 0.069679, -0.903477, 0.422934, -0.002831, 0.661551, -0.275476, -0.697469, -1.2e-05, 0.0, 0.0, 0.0, 1.0],
                [0.778497, 0.301347, 0.550574, 0.124994, 0.07094, -0.913826, 0.399859, -0.002831, 0.623626, -0.272232, -0.732789, -1.2e-05, 0.0, 0.0, 0.0, 1.0],
                [0.80889, 0.276317, 0.518984, 0.124994, 0.073571, -0.923318, 0.376924, -0.002831, 0.583338, -0.266707, -0.767192, -1.2e-05, 0.0, 0.0, 0.0, 1.0],
                [0.837514, 0.253333, 0.48414, 0.124994, 0.077256, -0.932029, 0.354052, -0.002831, 0.540926, -0.259121, -0.80016, -1.2e-05, 0.0, 0.0, 0.0, 1.0],
                [0.864009, 0.232499, 0.446579, 0.124994, 0.081703, -0.93998, 0.331302, -0.002831, 0.496803, -0.249761, -0.831147, -1.2e-05, 0.0, 0.0, 0.0, 1.0],
                [0.888033, 0.213755, 0.40707, 0.124994, 0.086639, -0.947295, 0.308425, -0.002831, 0.451543, -0.238624, -0.859749, -1.2e-05, 0.0, 0.0, 0.0, 1.0],
                [0.909312, 0.197136, 0.366454, 0.124994, 0.091839, -0.954018, 0.285332, -0.002831, 0.405853, -0.225801, -0.885605, -1.2e-05, 0.0, 0.0, 0.0, 1.0],
                [0.927682, 0.182583, 0.325683, 0.124994, 0.0971, -0.96024, 0.261745, -0.002831, 0.360524, -0.211193, -0.908526, -1.2e-05, 0.0, 0.0, 0.0, 1.0],
                [0.943106, 0.17009, 0.285693, 0.124994, 0.102255, -0.965978, 0.237551, -0.002831, 0.316378, -0.194822, -0.928412, -1.2e-05, 0.0, 0.0, 0.0, 1.0],
                [0.955679, 0.159567, 0.247419, 0.124994, 0.107154, -0.971267, 0.212504, -0.002831, 0.274219, -0.176573, -0.945318, -1.2e-05, 0.0, 0.0, 0.0, 1.0],
                [0.965609, 0.150935, 0.211703, 0.124994, 0.111677, -0.976082, 0.186528, -0.002831, 0.234793, -0.156471, -0.959369, -1.2e-05, 0.0, 0.0, 0.0, 1.0],
                [0.973192, 0.144048, 0.179294, 0.124994, 0.11572, -0.980385, 0.159542, -0.002831, 0.198759, -0.134517, -0.970773, -1.2e-05, 0.0, 0.0, 0.0, 1.0],
                [0.978781, 0.13871, 0.150821, 0.124994, 0.119197, -0.984118, 0.131541, -0.002831, 0.166672, -0.110772, -0.97977, -1.2e-05, 0.0, 0.0, 0.0, 1.0],
                [0.982747, 0.134669, 0.12678, 0.124994, 0.122044, -0.987207, 0.102604, -0.002831, 0.138976, -0.085362, -0.98661, -1.2e-05, 0.0, 0.0, 0.0, 1.0],
                [0.985451, 0.131616, 0.107534, 0.124994, 0.124211, -0.989574, 0.0729, -0.002831, 0.116008, -0.058483, -0.991525, -1.2e-05, 0.0, 0.0, 0.0, 1.0],
                [0.987218, 0.129229, 0.093275, 0.124994, 0.12568, -0.991138, 0.042997, -0.002831, 0.098004, -0.030725, -0.994712, -1.2e-05, 0.0, 0.0, 0.0, 1.0],
                [0.988313, 0.127201, 0.084009, 0.124994, 0.126465, -0.991871, 0.014052, -0.002831, 0.085114, -0.003263, -0.996366, -1.2e-05, 0.0, 0.0, 0.0, 1.0],
                [0.988921, 0.125434, 0.079385, 0.124994, 0.126668, -0.991887, -0.010689, -0.002831, 0.077401, 0.020626, -0.996787, -1.2e-05, 0.0, 0.0, 0.0, 1.0],
                [0.989123, 0.124561, 0.078232, 0.124994, 0.126625, -0.991707, -0.021973, -0.002831, 0.074846, 0.03164, -0.996693, -1.2e-05, 0.0, 0.0, 0.0, 1.0]
            ]
        },
        {
            "name": "Leg_R",
            "time": [0.0, 0.0167, 0.0333, 0.05, 0.0667, 0.0833, 0.1, 0.1167, 0.1333, 0.15, 0.1667, 0.1833, 0.2, 0.2167, 0.2333, 0.25, 0.2667, 0.2833, 0.3, 0.3167, 0.3333, 0.35, 0.3667, 0.3833, 0.4, 0.4167, 0.4333, 0.45, 0.4667, 0.4833, 0.5, 0.5167, 0.5333, 0.55, 0.5667, 0.5833, 0.6, 0.6167, 0.6333, 0.65, 0.6667, 0.6833, 0.7, 0.7167, 0.7333, 0.75, 0.7667, 0.7833, 0.8, 0.8167, 0.8333, 0.85, 0.8667, 0.8833, 0.9, 0.9167, 0.9333, 0.95, 0.9667, 0.9833, 1.0, 1.0167, 1.0333, 1.05, 1.0667, 1.0833, 1.1, 1.1167, 1.1333, 1.15, 1.1667, 1.1833, 1.2, 1.2167, 1.2333, 1.25, 1.2667, 1.2833, 1.3, 1.3167, 1.3333, 1.35, 1.3667, 1.3833, 1.4, 1.4167, 1.4333, 1.45, 1.4667, 1.4833, 1.5, 1.5167, 1.5333, 1.55, 1.5667, 1.5833, 1.6, 1.6167, 1.6333, 1.65, 1.6667, 1.6833],
            "transform": [
                [0.999771, -0.020437, -0.00636, -0.0, 0.020502, 0.829001, 0.558871, 0.374721, -0.00615, -0.558873, 0.82923, 0.0, 0.0, 0.0, 0.0, 1.0],
                [0.999772, -0.020401, -0.006336, 0.0, 0.020466, 0.829661, 0.557892, 0.374721, -0.006125, -0.557894, 0.829889, 0.0, 0.0, 0.0, 0.0, 1.0],
                [0.999774, -0.020293, -0.006263, 0.0, 0.020357, 0.83166, 0.554913, 0.374721, -0.006052, -0.554915, 0.831885, 0.0, 0.0, 0.0, 0.0, 1.0],
                [0.999779, -0.020107, -0.00614, 0.0, 0.020171, 0.835026, 0.549842, 0.374721, -0.005929, -0.549844, 0.835247, -0.0, 0.0, 0.0, 0.0, 1.0],
                [0.999785, -0.01984, -0.005966, 0.0, 0.019903, 0.839802, 0.542527, 0.374721, -0.005754, -0.542529, 0.840017, -0.0, 0.0, 0.0, 0.0, 1.0],
                [0.999794, -0.019483, -0.005738, 0.0, 0.019544, 0.846043, 0.532757, 0.374721, -0.005525, -0.532758, 0.846249, 0.0, 0.0, 0.0, 0.0, 1.0],
                [0.999804, -0.019023, -0.005453, 0.0, 0.019083, 0.853807, 0.520239, 0.374721, -0.00524, -0.520242, 0.854003, 0.0, 0.0, 0.0, 0.0, 1.0],
                [0.999817, -0.018449, -0.005111, 0.0, 0.018507, 0.863205, 0.504514, 0.374721, -0.004896, -0.504516, 0.863388, -0.0, 0.0, 0.0, 0.0, 1.0],
                [0.999832, -0.017752, -0.004713, 0.0, 0.017808, 0.874086, 0.485446, 0.374721, -0.004498, -0.485447, 0.874254, -0.0, 0.0, 0.0, 0.0, 1.0],
                [0.999848, -0.01691, -0.00426, -0.0, 0.016963, 0.886494, 0.462429, 0.374721, -0.004043, -0.46243, 0.886646, 0.0, 0.0, 0.0, 0.0, 1.0],
                [0.999867, -0.015907, -0.003757, -0.0, 0.015957, 0.90024, 0.4351, 0.374721, -0.003538, -0.435102, 0.900374, -0.0, 0.0, 0.0, 0.0, 1.0],
                [0.999886, -0.014744, -0.003218, 0.0, 0.01479, 0.915068, 0.403029, 0.374721, -0.002998, -0.403031, 0.915182, 0.0, 0.0, 0.0, 0.0, 1.0],
                [0.999907, -0.01338, -0.002652, 0.0, 0.013422, 0.930523, 0.365987, 0.374721, -0.002429, -0.365989, 0.930616, 0.0, 0.0, 0.0, 0.0, 1.0],
                [0.999901, -0.013792, -0.002816, -0.0, 0.013836, 0.92604, 0.377172, 0.374721, -0.002594, -0.377174, 0.926139, 0.0, 0.0, 0.0, 0.0, 1.0],
                [0.999843, -0.017172, -0.004397, -0.0, 0.017226, 0.88278, 0.469471, 0.374721, -0.00418, -0.469473, 0.882937, 0.0, 0.0, 0.0, 0.0, 1.0],
                [0.999739, -0.021654, -0.007215, -0.0, 0.021723, 0.805638, 0.59201, 0.374721, -0.007007, -0.592012, 0.805898, 0.0, 0.0, 0.0, 0.0, 1.0],
                [0.999602, -0.02598, -0.010952, -0.0, 0.026062, 0.703258, 0.710457, 0.374721, -0.010756, -0.71046, 0.703655, -0.0, 0.0, 0.0, 0.0, 1.0],
                [0.999446, -0.029602, -0.015215, 0.0, 0.029695, 0.586633, 0.809309, 0.374721, -0.015032, -0.809312, 0.587187, -0.0, 0.0, 0.0, 0.0, 1.0],
                [0.999286, -0.032322, -0.019583, -0.0, 0.032423, 0.467037, 0.883643, 0.374721, -0.019415, -0.883646, 0.467752, -0.0, 0.0, 0.0, 0.0, 1.0],
                [0.999136, -0.034164, -0.023671, 0.0, 0.034271, 0.354963, 0.934252, 0.374721, -0.023515, -0.934256, 0.355827, -0.0, 0.0, 0.0, 0.0, 1.0],
                [0.999006, -0.035303, -0.0272, -0.0, 0.035414, 0.25833, 0.965407, 0.374721, -0.027055, -0.965412, 0.259323, -0.0, 0.0, 0.0, 0.0, 1.0],
                [0.998904, -0.035946, -0.029972, 0.0, 0.036059, 0.182845, 0.982481, 0.374721, -0.029836, -0.982485, 0.183941, 0.0, 0.0, 0.0, 0.0, 1.0],
                [0.998823, -0.036259, -0.032219, -0.0, 0.036373, 0.120439, 0.992054, 0.374721, -0.03209, -0.992058, 0.121616, 0.0, 0.0, 0.0, 0.0, 1.0],
                [0.998733, -0.03648, -0.034651, -0.0, 0.036595, 0.05404, 0.997868, 0.374721, -0.03453, -0.997872, 0.055307, -0.0, 0.0, 0.0, 0.0, 1.0],
                [0.998627, -0.036532, -0.037533, 0.0, 0.036647, -0.024619, 0.999025, 0.374721, -0.037421, -0.99903, -0.023247, 0.0, 0.0, 0.0, 0.0, 1.0],
                [0.998519, -0.036339, -0.040486, 0.0, 0.036454, -0.105484, 0.993753, 0.374721, -0.040383, -0.993757, -0.104003, -0.0, 0.0, 0.0, 0.0, 1.0],
                [0.998435, -0.036032, -0.042752, -0.0, 0.036146, -0.167395, 0.985227, 0.374721, -0.042657, -0.985231, -0.16583, -0.0, 0.0, 0.0, 0.0, 1.0],
                [0.998393, -0.035814, -0.043924, -0.0, 0.035926, -0.199468, 0.979246, 0.374721, -0.043832, -0.97925, -0.19786, 0.0, 0.0, 0.0, 0.0, 1.0],
                [0.998377, -0.035711, -0.044358, -0.0, 0.035823, -0.211669, 0.976685, 0.374721, -0.044267, -0.976689, -0.210047, 0.0, 0.0, 0.0, 0.0, 1.0],
                [0.998362, -0.035627, -0.044758, 0.0, 0.03574, -0.222461, 0.974286, 0.374721, -0.044668, -0.97429, -0.220823, 0.0, 0.0, 0.0, 0.0, 1.0],
