{
    "animation": [
        {
            "name": "Root",
            "time": [0.0, 0.0167, 0.0333, 0.05, 0.0667, 0.0833, 0.1, 0.1167, 0.1333, 0.15, 0.1667, 0.1833, 0.2, 0.2167, 0.2333, 0.25, 0.2667, 0.2833, 0.3, 0.3167, 0.3333, 0.35, 0.3667, 0.3833, 0.4, 0.4167, 0.4333, 0.45, 0.4667, 0.4833, 0.5, 0.5167, 0.5333, 0.55, 0.5667, 0.5833, 0.6, 0.6167, 0.6333, 0.65, 0.6667, 0.6833, 0.7, 0.7167, 0.7333, 0.75, 0.7667, 0.7833, 0.8, 0.8167, 0.8333, 0.85, 0.8667, 0.8833, 0.9, 0.9167, 0.9333, 0.95, 0.9667, 0.9833, 1.0, 1.0167, 1.0333, 1.05, 1.0667, 1.0833, 1.1, 1.1167, 1.1333, 1.15, 1.1667, 1.1833, 1.2, 1.2167, 1.2333, 1.25, 1.2667, 1.2833, 1.3, 1.3167, 1.3333, 1.35, 1.3667, 1.3833, 1.4, 1.4167, 1.4333, 1.45, 1.4667, 1.4833, 1.5, 1.5167, 1.5333, 1.55, 1.5667, 1.5833, 1.6, 1.6167, 1.6333, 1.65, 1.6667],
            "transform": [
                [0.607007, 0.0, 0.794697, -5e-06, 0.794697, 0.0, -0.607007, 0.002169, 0.0, 1.0, 0.0, 0.713409, 0.0, 0.0, 0.0, 1.0],
                [0.605569, 0.0, 0.795793, -0.0, 0.795793, 0.0, -0.605569, 0.002169, 0.0, 1.0, 0.0, 0.713582, 0.0, 0.0, 0.0, 1.0],
                [0.601213, 0.0, 0.799089, 1.3e-05, 0.799089, 0.0, -0.601213, 0.002169, 0.0, 1.0, 0.0, 0.714107, 0.0, 0.0, 0.0, 1.0],
                [0.59388, 0.0, 0.804554, 3.4e-05, 0.804554, 0.0, -0.59388, 0.002169, 0.0, 1.0, 0.0, 0.714986, 0.0, 0.0, 0.0, 1.0],
                [0.583522, 0.0, 0.812097, 6.5e-05, 0.812097, 0.0, -0.583522, 0.002169, 0.0, 1.0, 0.0, 0.716217, 0.0, 0.0, 0.0, 1.0],
                [0.570117, 0.0, 0.821564, 0.000104, 0.821564, 0.0, -0.570117, 0.002169, 0.0, 1.0, 0.0, 0.717794, 0.0, 0.0, 0.0, 1.0],
                [0.553676, 0.0, 0.832732, 0.000151, 0.832732, 0.0, -0.553676, 0.002169, 0.0, 1.0, 0.0, 0.719704, 0.0, 0.0, 0.0, 1.0],
                [0.534269, 0.0, 0.845314, 0.000206, 0.845314, 0.0, -0.534269, 0.002169, 0.0, 1.0, 0.0, 0.721927, 0.0, 0.0, 0.0, 1.0],
                [0.512035, 0.0, 0.858964, 0.000269, 0.858964, 0.0, -0.512035, 0.002169, 0.0, 1.0, 0.0, 0.724434, 0.0, 0.0, 0.0, 1.0],
                [0.4872, 0.0, 0.87329, 0.000337, 0.87329, 0.0, -0.4872, 0.002169, 0.0, 1.0, 0.0, 0.727189, 0.0, 0.0, 0.0, 1.0],
                [0.460086, 0.0, 0.887874, 0.00041, 0.887874, 0.0, -0.460086, 0.002169, 0.0, 1.0, 0.0, 0.730148, 0.0, 0.0, 0.0, 1.0],
                [0.431114, 0.0, 0.902297, 0.000487, 0.902297, 0.0, -0.431114, 0.002169, 0.0, 1.0, 0.0, 0.733258, 0.0, 0.0, 0.0, 1.0],
                [0.400801, 0.0, 0.916165, 0.000566, 0.916165, 0.0, -0.400801, 0.002169, 0.0, 1.0, 0.0, 0.736461, 0.0, 0.0, 0.0, 1.0],
                [0.369738, 0.0, 0.929136, 0.000647, 0.929136, 0.0, -0.369738, 0.002169, 0.0, 1.0, 0.0, 0.739696, 0.0, 0.0, 0.0, 1.0],
                [0.338564, 0.0, 0.940943, 0.000726, 0.940943, 0.0, -0.338564, 0.002169, 0.0, 1.0, 0.0, 0.7429, 0.0, 0.0, 0.0, 1.0],
                [0.307939, 0.0, 0.951406, 0.000803, 0.951406, 0.0, -0.307939, 0.002169, 0.0, 1.0, 0.0, 0.74601, 0.0, 0.0, 0.0, 1.0],
                [0.278505, 0.0, 0.960435, 0.000876, 0.960435, 0.0, -0.278505, 0.002169, 0.0, 1.0, 0.0, 0.748968, 0.0, 0.0, 0.0, 1.0],
                [0.250857, 0.0, 0.968024, 0.000945, 0.968024, 0.0, -0.250857, 0.002169, 0.0, 1.0, 0.0, 0.751724, 0.0, 0.0, 0.0, 1.0],
                [0.225518, 0.0, 0.974239, 0.001007, 0.974239, 0.0, -0.225518, 0.002169, 0.0, 1.0, 0.0, 0.754231, 0.0, 0.0, 0.0, 1.0],
                [0.202926, 0.0, 0.979194, 0.001062, 0.979194, 0.0, -0.202926, 0.002169, 0.0, 1.0, 0.0, 0.756454, 0.0, 0.0, 0.0, 1.0],
                [0.183426, 0.0, 0.983034, 0.001109, 0.983034, 0.0, -0.183426, 0.002169, 0.0, 1.0, 0.0, 0.758363, 0.0, 0.0, 0.0, 1.0],
                [0.167269, 0.0, 0.985911, 0.001148, 0.985911, 0.0, -0.167269, 0.002169, 0.0, 1.0, 0.0, 0.759941, 0.0, 0.0, 0.0, 1.0],
                [0.154623, 0.0, 0.987974, 0.001179, 0.987974, 0.0, -0.154623, 0.002169, 0.0, 1.0, 0.0, 0.761172, 0.0, 0.0, 0.0, 1.0],
                [0.145581, 0.0, 0.989346, 0.0012, 0.989346, 0.0, -0.145581, 0.002169, 0.0, 1.0, 0.0, 0.762051, 0.0, 0.0, 0.0, 1.0],
                [0.140175, 0.0, 0.990127, 0.001213, 0.990127, 0.0, -0.140175, 0.002169, 0.0, 1.0, 0.0, 0.762575, 0.0, 0.0, 0.0, 1.0],
                [0.138384, 0.0, 0.990379, 0.001218, 0.990379, 0.0, -0.138384, 0.002169, 0.0, 1.0, 0.0, 0.762749, 0.0, 0.0, 0.0, 1.0],
                [0.161275, 0.0, 0.98691, 0.001218, 0.98691, 0.0, -0.161275, 0.010217, 0.0, 1.0, 0.0, 0.761273, 0.0, 0.0, 0.0, 1.0],
                [0.229994, 0.0, 0.973192, 0.001218, 0.973192, 0.0, -0.229994, 0.034548, 0.0, 1.0, 0.0, 0.756809, 0.0, 0.0, 0.0, 1.0],
                [0.341872, 0.0, 0.939746, 0.001218, 0.939746, 0.0, -0.341872, 0.075034, 0.0, 1.0, 0.0, 0.749381, 0.0, 0.0, 0.0, 1.0],
                [0.488433, 0.0, 0.872602, 0.001218, 0.872602, 0.0, -0.488433, 0.130831, 0.0, 1.0, 0.0, 0.739144, 0.0, 0.0, 0.0, 1.0],
                [0.652913, 0.0, 0.757433, 0.001218, 0.757433, 0.0, -0.652913, 0.200178, 0.0, 1.0, 0.0, 0.726421, 0.0, 0.0, 0.0, 1.0],
                [0.810222, 0.0, 0.586124, 0.001218, 0.586124, 0.0, -0.810222, 0.280273, 0.0, 1.0, 0.0, 0.711726, 0.0, 0.0, 0.0, 1.0],
                [0.931663, 0.0, 0.363324, 0.001218, 0.363324, 0.0, -0.931663, 0.367312, 0.0, 1.0, 0.0, 0.695756, 0.0, 0.0, 0.0, 1.0],
                [0.994079, 0.0, 0.108658, 0.001218, 0.108658, 0.0, -0.994079, 0.456758, 0.0, 1.0, 0.0, 0.679346, 0.0, 0.0, 0.0, 1.0],
                [0.988926, 0.0, -0.148412, 0.001218, -0.148412, 0.0, -0.988926, 0.543798, 0.0, 1.0, 0.0, 0.663377, 0.0, 0.0, 0.0, 1.0],
                [0.925396, 0.0, -0.379002, 0.001218, -0.379002, 0.0, -0.925396, 0.623892, 0.0, 1.0, 0.0, 0.648682, 0.0, 0.0, 0.0, 1.0],
                [0.825637, 0.0, -0.564201, 0.001218, -0.564201, 0.0, -0.825637, 0.69324, 0.0, 1.0, 0.0, 0.635959, 0.0, 0.0, 0.0, 1.0],
                [0.715768, 0.0, -0.698338, 0.001218, -0.698338, 0.0, -0.715768, 0.749037, 0.0, 1.0, 0.0, 0.625722, 0.0, 0.0, 0.0, 1.0],
                [0.618197, 0.0, -0.786024, 0.001218, -0.786024, 0.0, -0.618197, 0.789522, 0.0, 1.0, 0.0, 0.618294, 0.0, 0.0, 0.0, 1.0],
                [0.548093, 0.0, -0.836417, 0.001218, -0.836417, 0.0, -0.548093, 0.813853, 0.0, 1.0, 0.0, 0.61383, 0.0, 0.0, 0.0, 1.0],
                [0.513426, 0.0, -0.858134, 0.001218, -0.858134, 0.0, -0.513426, 0.821902, 0.0, 1.0, 0.0, 0.612353, 0.0, 0.0, 0.0, 1.0],
                [0.497816, 0.0, -0.867283, 0.001218, -0.867283, 0.0, -0.497816, 0.821902, 0.0, 1.0, 0.0, 0.612353, 0.0, 0.0, 0.0, 1.0],
                [0.482594, 0.0, -0.875844, 0.001218, -0.875844, 0.0, -0.482594, 0.821902, 0.0, 1.0, 0.0, 0.612353, 0.0, 0.0, 0.0, 1.0],
                [0.467818, 0.0, -0.883825, 0.001218, -0.883825, 0.0, -0.467818, 0.821902, 0.0, 1.0, 0.0, 0.612353, 0.0, 0.0, 0.0, 1.0],
                [0.453546, 0.0, -0.891233, 0.001218, -0.891233, 0.0, -0.453546, 0.821902, 0.0, 1.0, 0.0, 0.612353, 0.0, 0.0, 0.0, 1.0],
                [0.439837, 0.0, -0.898078, 0.001218, -0.898078, 0.0, -0.439837, 0.821902, 0.0, 1.0, 0.0, 0.612353, 0.0, 0.0, 0.0, 1.0],
                [0.426747, 0.0, -0.904371, 0.001218, -0.904371, 0.0, -0.426747, 0.821902, 0.0, 1.0, 0.0, 0.612353, 0.0, 0.0, 0.0, 1.0],
                [0.414329, 0.0, -0.910127, 0.001218, -0.910127, 0.0, -0.414329, 0.821902, 0.0, 1.0, 0.0, 0.612353, 0.0, 0.0, 0.0, 1.0],
                [0.402633, 0.0, -0.915362, 0.001218, -0.915362, 0.0, -0.402633, 0.821902, 0.0, 1.0, 0.0, 0.612353, 0.0, 0.0, 0.0, 1.0],
                [0.391701, 0.0, -0.920092, 0.001218, -0.920092, 0.0, -0.391701, 0.821902, 0.0, 1.0, 0.0, 0.612353, 0.0, 0.0, 0.0, 1.0],
                [0.381572, 0.0, -0.924339, 0.001218, -0.924339, 0.0, -0.381572, 0.821902, 0.0, 1.0, 0.0, 0.612353, 0.0, 0.0, 0.0, 1.0],
                [0.372271, 0.0, -0.928124, 0.001218, -0.928124, 0.0, -0.372271, 0.821902, 0.0, 1.0, 0.0, 0.612353, 0.0, 0.0, 0.0, 1.0],
                [0.363816, 0.0, -0.931471, 0.001218, -0.931471, 0.0, -0.363816, 0.821902, 0.0, 1.0, 0.0, 0.612353, 0.0, 0.0, 0.0, 1.0],
                [0.356212, 0.0, -0.934405, 0.001218, -0.934405, 0.0, -0.356212, 0.821902, 0.0, 1.0, 0.0, 0.612353, 0.0, 0.0, 0.0, 1.0],
                [0.349452, 0.0, -0.936954, 0.001218, -0.936954, 0.0, -0.349452, 0.821902, 0.0, 1.0, 0.0, 0.612353, 0.0, 0.0, 0.0, 1.0],
                [0.343517, 0.0, -0.939147, 0.001218, -0.939147, 0.0, -0.343517, 0.821902, 0.0, 1.0, 0.0, 0.612353, 0.0, 0.0, 0.0, 1.0],
                [0.338375, 0.0, -0.941011, 0.001218, -0.941011, 0.0, -0.338375, 0.821902, 0.0, 1.0, 0.0, 0.612353, 0.0, 0.0, 0.0, 1.0],
                [0.333986, 0.0, -0.942578, 0.001218, -0.942578, 0.0, -0.333986, 0.821902, 0.0, 1.0, 0.0, 0.612353, 0.0, 0.0, 0.0, 1.0],
                [0.330297, 0.0, -0.943877, 0.001218, -0.943877, 0.0, -0.330297, 0.821902, 0.0, 1.0, 0.0, 0.612353, 0.0, 0.0, 0.0, 1.0],
                [0.327251, 0.0, -0.944937, 0.001218, -0.944937, 0.0, -0.327251, 0.821902, 0.0, 1.0, 0.0, 0.612353, 0.0, 0.0, 0.0, 1.0],
                [0.324783, 0.0, -0.945789, 0.001218, -0.945789, 0.0, -0.324783, 0.821902, 0.0, 1.0, 0.0, 0.612353, 0.0, 0.0, 0.0, 1.0],
                [0.322827, 0.0, -0.946458, 0.001218, -0.946458, 0.0, -0.322827, 0.821902, 0.0, 1.0, 0.0, 0.612353, 0.0, 0.0, 0.0, 1.0],
                [0.321317, 0.0, -0.946972, 0.001218, -0.946972, 0.0, -0.321317, 0.821902, 0.0, 1.0, 0.0, 0.612353, 0.0, 0.0, 0.0, 1.0],
                [0.320186, 0.0, -0.947355, 0.001218, -0.947355, 0.0, -0.320186, 0.821902, 0.0, 1.0, 0.0, 0.612353, 0.0, 0.0, 0.0, 1.0],
                [0.319371, 0.0, -0.94763, 0.001218, -0.94763, 0.0, -0.319371, 0.821902, 0.0, 1.0, 0.0, 0.612353, 0.0, 0.0, 0.0, 1.0],
                [0.318811, 0.0, -0.947818, 0.001218, -0.947818, 0.0, -0.318811, 0.821902, 0.0, 1.0, 0.0, 0.612353, 0.0, 0.0, 0.0, 1.0],
                [0.318453, 0.0, -0.947939, 0.001218, -0.947939, 0.0, -0.318453, 0.821902, 0.0, 1.0, 0.0, 0.612353, 0.0, 0.0, 0.0, 1.0],
                [0.318245, 0.0, -0.948008, 0.001218, -0.948008, 0.0, -0.318245, 0.821902, 0.0, 1.0, 0.0, 0.612353, 0.0, 0.0, 0.0, 1.0],
                [0.318144, 0.0, -0.948042, 0.001218, -0.948042, 0.0, -0.318144, 0.821902, 0.0, 1.0, 0.0, 0.612353, 0.0, 0.0, 0.0, 1.0],
                [0.318108, 0.0, -0.948054, 0.001218, -0.948054, 0.0, -0.318108, 0.821902, 0.0, 1.0, 0.0, 0.612353, 0.0, 0.0, 0.0, 1.0],
                [0.318103, 0.0, -0.948056, 0.001218, -0.948056, 0.0, -0.318103, 0.821902, 0.0, 1.0, 0.0, 0.612353, 0.0, 0.0, 0.0, 1.0],
                [0.319594, 0.0, -0.947555, 0.001215, -0.947555, 0.0, -0.319594, 0.822447, 0.0, 1.0, 0.0, 0.612702, 0.0, 0.0, 0.0, 1.0],
                [0.324088, 0.0, -0.946027, 0.001206, -0.946027, 0.0, -0.324088, 0.824094, 0.0, 1.0, 0.0, 0.613757, 0.0, 0.0, 0.0, 1.0],
                [0.331598, 0.0, -0.943421, 0.001191, -0.943421, 0.0, -0.331598, 0.826853, 0.0, 1.0, 0.0, 0.615522, 0.0, 0.0, 0.0, 1.0],
                [0.342101, 0.0, -0.939663, 0.001169, -0.939663, 0.0, -0.342101, 0.830723, 0.0, 1.0, 0.0, 0.617999, 0.0, 0.0, 0.0, 1.0],
                [0.355535, 0.0, -0.934663, 0.001142, -0.934663, 0.0, -0.355535, 0.835697, 0.0, 1.0, 0.0, 0.621183, 0.0, 0.0, 0.0, 1.0],
                [0.371792, 0.0, -0.928316, 0.001109, -0.928316, 0.0, -0.371792, 0.841753, 0.0, 1.0, 0.0, 0.625059, 0.0, 0.0, 0.0, 1.0],
                [0.390716, 0.0, -0.920511, 0.00107, -0.920511, 0.0, -0.390716, 0.848856, 0.0, 1.0, 0.0, 0.629605, 0.0, 0.0, 0.0, 1.0],
                [0.412091, 0.0, -0.911143, 0.001026, -0.911143, 0.0, -0.412091, 0.856954, 0.0, 1.0, 0.0, 0.634788, 0.0, 0.0, 0.0, 1.0],
                [0.43565, 0.0, -0.900116, 0.000976, -0.900116, 0.0, -0.43565, 0.86598, 0.0, 1.0, 0.0, 0.640565, 0.0, 0.0, 0.0, 1.0],
                [0.461067, 0.0, -0.887366, 0.000922, -0.887366, 0.0, -0.461067, 0.875847, 0.0, 1.0, 0.0, 0.646881, 0.0, 0.0, 0.0, 1.0],
                [0.487963, 0.0, -0.872864, 0.000864, -0.872864, 0.0, -0.487963, 0.88645, 0.0, 1.0, 0.0, 0.653667, 0.0, 0.0, 0.0, 1.0],
                [0.515922, 0.0, -0.856635, 0.000803, -0.856635, 0.0, -0.515922, 0.897667, 0.0, 1.0, 0.0, 0.660847, 0.0, 0.0, 0.0, 1.0],
                [0.544493, 0.0, -0.838765, 0.000739, -0.838765, 0.0, -0.544493, 0.909361, 0.0, 1.0, 0.0, 0.668332, 0.0, 0.0, 0.0, 1.0],
                [0.573215, 0.0, -0.819405, 0.000673, -0.819405, 0.0, -0.573215, 0.92138, 0.0, 1.0, 0.0, 0.676024, 0.0, 0.0, 0.0, 1.0],
                [0.601629, 0.0, -0.798776, 0.000607, -0.798776, 0.0, -0.601629, 0.933564, 0.0, 1.0, 0.0, 0.683823, 0.0, 0.0, 0.0, 1.0],
                [0.6293, 0.0, -0.777162, 0.00054, -0.777162, 0.0, -0.6293, 0.945748, 0.0, 1.0, 0.0, 0.691621, 0.0, 0.0, 0.0, 1.0],
                [0.655837, 0.0, -0.754902, 0.000474, -0.754902, 0.0, -0.655837, 0.957767, 0.0, 1.0, 0.0, 0.699314, 0.0, 0.0, 0.0, 1.0],
                [0.680901, 0.0, -0.732375, 0.00041, -0.732375, 0.0, -0.680901, 0.969461, 0.0, 1.0, 0.0, 0.706799, 0.0, 0.0, 0.0, 1.0],
                [0.704218, 0.0, -0.709984, 0.000349, -0.709984, 0.0, -0.704218, 0.980679, 0.0, 1.0, 0.0, 0.713979, 0.0, 0.0, 0.0, 1.0],
                [0.725582, 0.0, -0.688136, 0.000291, -0.688136, 0.0, -0.725582, 0.991282, 0.0, 1.0, 0.0, 0.720765, 0.0, 0.0, 0.0, 1.0],
                [0.744854, 0.0, -0.667227, 0.000237, -0.667227, 0.0, -0.744854, 1.001149, 0.0, 1.0, 0.0, 0.72708, 0.0, 0.0, 0.0, 1.0],
                [0.761956, 0.0, -0.647629, 0.000187, -0.647629, 0.0, -0.761956, 1.010175, 0.0, 1.0, 0.0, 0.732857, 0.0, 0.0, 0.0, 1.0],
                [0.776863, 0.0, -0.62967, 0.000143, -0.62967, 0.0, -0.776863, 1.018273, 0.0, 1.0, 0.0, 0.738041, 0.0, 0.0, 0.0, 1.0],
                [0.789588, 0.0, -0.613637, 0.000104, -0.613637, 0.0, -0.789588, 1.025376, 0.0, 1.0, 0.0, 0.742587, 0.0, 0.0, 0.0, 1.0],
                [0.800177, 0.0, -0.599764, 7.1e-05, -0.599764, 0.0, -0.800177, 1.031431, 0.0, 1.0, 0.0, 0.746463, 0.0, 0.0, 0.0, 1.0],
                [0.808692, 0.0, -0.588232, 4.4e-05, -0.588232, 0.0, -0.808692, 1.036405, 0.0, 1.0, 0.0, 0.749647, 0.0, 0.0, 0.0, 1.0],
                [0.815203, 0.0, -0.579175, 2.2e-05, -0.579175, 0.0, -0.815203, 1.040276, 0.0, 1.0, 0.0, 0.752124, 0.0, 0.0, 0.0, 1.0],
                [0.819781, 0.0, -0.572677, 7e-06, -0.572677, 0.0, -0.819781, 1.043034, 0.0, 1.0, 0.0, 0.753889, 0.0, 0.0, 0.0, 1.0],
                [0.82249, 0.0, -0.568779, -2e-06, -0.568779, 0.0, -0.82249, 1.044681, 0.0, 1.0, 0.0, 0.754943, 0.0, 0.0, 0.0, 1.0],
                [0.823384, 0.0, -0.567485, -5e-06, -0.567485, 0.0, -0.823384, 1.045227, 0.0, 1.0, 0.0, 0.755293, 0.0, 0.0, 0.0, 1.0]
            ]
        },
        {
            "name": "Thigh_R",
            "time": [0.0, 0.0167, 0.0333, 0.05, 0.0667, 0.0833, 0.1, 0.1167, 0.1333, 0.15, 0.1667, 0.1833, 0.2, 0.2167, 0.2333, 0.25, 0.2667, 0.2833, 0.3, 0.3167, 0.3333, 0.35, 0.3667, 0.3833, 0.4, 0.4167, 0.4333, 0.45, 0.4667, 0.4833, 0.5, 0.5167, 0.5333, 0.55, 0.5667, 0.5833, 0.6, 0.6167, 0.6333, 0.65, 0.6667, 0.6833, 0.7, 0.7167, 0.7333, 0.75, 0.7667, 0.7833, 0.8, 0.8167, 0.8333, 0.85, 0.8667, 0.8833, 0.9, 0.9167, 0.9333, 0.95, 0.9667, 0.9833, 1.0, 1.0167, 1.0333, 1.05, 1.0667, 1.0833, 1.1, 1.1167, 1.1333, 1.15, 1.1667, 1.1833, 1.2, 1.2167, 1.2333, 1.25, 1.2667, 1.2833, 1.3, 1.3167, 1.3333, 1.35, 1.3667, 1.3833, 1.4, 1.4167, 1.4333, 1.45, 1.4667, 1.4833, 1.5, 1.5167, 1.5333, 1.55, 1.5667, 1.5833, 1.6, 1.6167, 1.6333, 1.65, 1.6667],
            "transform": [
                [0.539746, 0.453366, 0.70932, 0.124994, 0.083439, -0.867256, 0.49082, -0.002831, 0.837683, -0.205733, -0.505926, -1.2e-05, 0.0, 0.0, 0.0, 1.0],
                [0.538036, 0.453159, 0.710749, 0.124994, 0.083599, -0.867726, 0.489961, -0.002831, 0.838766, -0.204199, -0.504752, -1.2e-05, 0.0, 0.0, 0.0, 1.0],
                [0.532858, 0.452495, 0.71506, 0.124994, 0.084081, -0.86915, 0.487348, -0.002831, 0.842017, -0.199564, -0.50118, -1.2e-05, 0.0, 0.0, 0.0, 1.0],
                [0.524139, 0.451234, 0.722264, 0.124994, 0.084889, -0.871552, 0.482899, -0.002831, 0.847391, -0.191794, -0.49512, -1.2e-05, 0.0, 0.0, 0.0, 1.0],
                [0.511824, 0.44918, 0.732307, 0.124994, 0.086026, -0.874934, 0.476539, -0.002831, 0.854772, -0.180907, -0.486453, -1.2e-05, 0.0, 0.0, 0.0, 1.0],
                [0.49588, 0.446041, 0.745084, 0.124994, 0.087486, -0.8793, 0.468164, -0.002831, 0.863973, -0.166969, -0.47505, -1.2e-05, 0.0, 0.0, 0.0, 1.0],
                [0.476328, 0.441385, 0.760454, 0.124994, 0.089256, -0.884677, 0.457579, -0.002831, 0.874725, -0.150082, -0.460793, -1.2e-05, 0.0, 0.0, 0.0, 1.0],
                [0.453249, 0.43486, 0.778115, 0.124994, 0.091322, -0.890988, 0.444747, -0.002831, 0.886694, -0.130522, -0.443552, -1.2e-05, 0.0, 0.0, 0.0, 1.0],
                [0.42682, 0.425716, 0.797866, 0.124994, 0.093642, -0.898329, 0.429226, -0.002831, 0.899475, -0.108489, -0.42329, -1.2e-05, 0.0, 0.0, 0.0, 1.0],
                [0.397325, 0.413336, 0.819321, 0.124994, 0.09617, -0.906658, 0.410759, -0.002831, 0.912624, -0.084411, -0.399989, -1.2e-05, 0.0, 0.0, 0.0, 1.0],
                [0.36517, 0.396755, 0.842162, 0.124994, 0.098834, -0.916045, 0.388707, -0.002831, 0.92568, -0.058711, -0.373725, -1.2e-05, 0.0, 0.0, 0.0, 1.0],
                [0.330891, 0.374446, 0.866199, 0.124994, 0.101526, -0.926704, 0.361818, -0.002831, 0.938192, -0.031781, -0.344654, -1.2e-05, 0.0, 0.0, 0.0, 1.0],
                [0.295154, 0.343138, 0.891707, 0.124994, 0.104061, -0.939277, 0.327, -0.002831, 0.949766, -0.003723, -0.312939, -1.2e-05, 0.0, 0.0, 0.0, 1.0],
                [0.258816, 0.288748, 0.921759, 0.124994, 0.105841, -0.957005, 0.27007, -0.002831, 0.96011, 0.027661, -0.27825, -1.2e-05, 0.0, 0.0, 0.0, 1.0],
                [0.222231, 0.242907, 0.944251, 0.124994, 0.107981, -0.968642, 0.223768, -0.002831, 0.968996, 0.052233, -0.241491, -1.2e-05, 0.0, 0.0, 0.0, 1.0],
                [0.185968, 0.23994, 0.952809, 0.124994, 0.111643, -0.968605, 0.222127, -0.002831, 0.976193, 0.065066, -0.206917, -1.2e-05, 0.0, 0.0, 0.0, 1.0],
                [0.151245, 0.236739, 0.959729, 0.124994, 0.115128, -0.968509, 0.220761, -0.002831, 0.981769, 0.077103, -0.173737, -1.2e-05, 0.0, 0.0, 0.0, 1.0],
                [0.118759, 0.233433, 0.965093, 0.124994, 0.11837, -0.968369, 0.219659, -0.002831, 0.985842, 0.088152, -0.142634, -1.2e-05, 0.0, 0.0, 0.0, 1.0],
                [0.089108, 0.230158, 0.969065, 0.124994, 0.121313, -0.9682, 0.218798, -0.002831, 0.988606, 0.098064, -0.114196, -1.2e-05, 0.0, 0.0, 0.0, 1.0],
                [0.062778, 0.227047, 0.971858, 0.124994, 0.123914, -0.968017, 0.218145, -0.002831, 0.990305, 0.106732, -0.088904, -1.2e-05, 0.0, 0.0, 0.0, 1.0],
                [0.040136, 0.224219, 0.973712, 0.124994, 0.126141, -0.967837, 0.217667, -0.002831, 0.9912, 0.114089, -0.067128, -1.2e-05, 0.0, 0.0, 0.0, 1.0],
                [0.021439, 0.22178, 0.974861, 0.124994, 0.127973, -0.967673, 0.21733, -0.002831, 0.991546, 0.120096, -0.049127, -1.2e-05, 0.0, 0.0, 0.0, 1.0],
                [0.006846, 0.219809, 0.975519, 0.124994, 0.129398, -0.967534, 0.217102, -0.002831, 0.991569, 0.124744, -0.035067, -1.2e-05, 0.0, 0.0, 0.0, 1.0],
                [-0.003564, 0.218369, 0.97586, 0.124994, 0.130413, -0.96743, 0.216959, -0.002831, 0.991453, 0.128038, -0.02503, -1.2e-05, 0.0, 0.0, 0.0, 1.0],
                [-0.009779, 0.217494, 0.976013, 0.124994, 0.131017, -0.967366, 0.21688, -0.002831, 0.991332, 0.129995, -0.019036, -1.2e-05, 0.0, 0.0, 0.0, 1.0],
                [-0.011836, 0.217203, 0.976055, 0.124994, 0.131217, -0.967344, 0.216856, -0.002831, 0.991283, 0.130642, -0.017051, -1.2e-05, 0.0, 0.0, 0.0, 1.0],
                [0.000707, 0.21077, 0.977535, 0.124994, 0.127058, -0.969632, 0.208974, -0.002831, 0.991895, 0.124056, -0.027465, -1.2e-05, 0.0, 0.0, 0.0, 1.0],
                [0.039654, 0.190169, 0.98095, 0.124994, 0.115744, -0.975988, 0.184528, -0.002831, 0.992487, 0.106221, -0.060713, -1.2e-05, 0.0, 0.0, 0.0, 1.0],
                [0.106794, 0.242508, 0.964253, 0.124994, 0.104293, -0.967182, 0.231694, -0.002831, 0.988796, 0.075821, -0.128581, -1.2e-05, 0.0, 0.0, 0.0, 1.0],
                [0.204013, 0.318467, 0.92572, 0.124994, 0.096849, -0.947535, 0.304628, -0.002831, 0.974166, 0.027507, -0.224153, -1.2e-05, 0.0, 0.0, 0.0, 1.0],
                [0.33065, 0.322352, 0.886995, 0.124994, 0.096346, -0.946478, 0.308054, -0.002831, 0.938823, -0.0164, -0.344011, -1.2e-05, 0.0, 0.0, 0.0, 1.0],
                [0.477831, 0.295608, 0.827221, 0.124994, 0.109518, -0.954379, 0.277787, -0.002831, 0.871598, -0.042139, -0.488406, -1.2e-05, 0.0, 0.0, 0.0, 1.0],
                [0.628685, 0.264019, 0.73147, 0.124994, 0.140169, -0.963671, 0.227357, -0.002831, 0.764923, -0.040406, -0.642853, -1.2e-05, 0.0, 0.0, 0.0, 1.0],
                [0.761327, 0.252117, 0.597343, 0.124994, 0.189053, -0.967587, 0.167431, -0.002831, 0.620194, -0.01454, -0.784314, -1.2e-05, 0.0, 0.0, 0.0, 1.0],
                [0.856279, 0.273448, 0.438192, 0.124994, 0.252969, -0.961673, 0.10579, -0.002831, 0.450325, 0.020263, -0.892634, -1.2e-05, 0.0, 0.0, 0.0, 1.0],
                [0.904579, 0.324235, 0.276781, 0.124994, 0.324525, -0.944752, 0.046113, -0.002831, 0.276441, 0.048109, -0.959826, -1.2e-05, 0.0, 0.0, 0.0, 1.0],
                [0.911251, 0.389077, 0.135055, 0.124994, 0.394041, -0.919026, -0.011096, -0.002831, 0.119802, 0.063329, -0.990776, -1.2e-05, 0.0, 0.0, 0.0, 1.0],
                [0.891529, 0.45214, 0.027289, 0.124994, 0.452926, -0.88907, -0.066421, -0.002831, -0.005769, 0.071576, -0.997418, -1.2e-05, 0.0, 0.0, 0.0, 1.0],
                [0.862989, 0.503481, -0.041907, 0.124994, 0.496015, -0.860106, -0.119106, -0.002831, -0.096012, 0.082001, -0.991997, -1.2e-05, 0.0, 0.0, 0.0, 1.0],
                [0.839337, 0.537994, -0.077952, 0.124994, 0.521605, -0.837423, -0.163251, -0.002831, -0.153107, 0.096363, -0.9835, -1.2e-05, 0.0, 0.0, 0.0, 1.0],
                [0.828194, 0.551544, -0.099473, 0.124994, 0.530329, -0.828648, -0.179147, -0.002831, -0.181235, 0.095615, -0.978781, -1.2e-05, 0.0, 0.0, 0.0, 1.0],
                [0.824383, 0.552906, -0.121194, 0.124994, 0.53109, -0.829617, -0.172273, -0.002831, -0.195795, 0.077654, -0.977565, -1.2e-05, 0.0, 0.0, 0.0, 1.0],
                [0.820449, 0.55383, -0.141898, 0.124994, 0.531856, -0.830415, -0.165952, -0.002831, -0.209743, 0.060686, -0.975871, -1.2e-05, 0.0, 0.0, 0.0, 1.0],
                [0.816436, 0.554392, -0.161498, 0.124994, 0.532616, -0.831048, -0.160249, -0.002831, -0.223053, 0.044817, -0.973776, -1.2e-05, 0.0, 0.0, 0.0, 1.0],
                [0.81238, 0.554642, -0.180028, 0.124994, 0.53337, -0.83155, -0.155051, -0.002831, -0.2357, 0.029938, -0.971365, -1.2e-05, 0.0, 0.0, 0.0, 1.0],
                [0.808325, 0.554629, -0.197477, 0.124994, 0.534111, -0.831943, -0.150318, -0.002831, -0.247661, 0.016031, -0.968714, -1.2e-05, 0.0, 0.0, 0.0, 1.0],
                [0.80431, 0.554402, -0.21383, 0.124994, 0.534835, -0.832243, -0.146023, -0.002831, -0.258914, 0.003084, -0.965896, -1.2e-05, 0.0, 0.0, 0.0, 1.0],
                [0.800376, 0.554005, -0.229075, 0.124994, 0.535536, -0.832465, -0.142136, -0.002831, -0.269441, -0.008916, -0.962975, -1.2e-05, 0.0, 0.0, 0.0, 1.0],
                [0.796563, 0.55348, -0.243202, 0.124994, 0.536208, -0.832623, -0.138635, -0.002831, -0.279227, -0.019975, -0.960017, -1.2e-05, 0.0, 0.0, 0.0, 1.0],
                [0.792904, 0.552845, -0.256252, 0.124994, 0.536849, -0.832737, -0.135429, -0.002831, -0.288262, -0.030187, -0.957076, -1.2e-05, 0.0, 0.0, 0.0, 1.0],
                [0.789437, 0.552171, -0.268135, 0.124994, 0.53745, -0.832799, -0.132635, -0.002831, -0.29654, -0.039402, -0.954208, -1.2e-05, 0.0, 0.0, 0.0, 1.0],
                [0.786188, 0.551469, -0.278908, 0.124994, 0.53801, -0.832829, -0.130159, -0.002831, -0.304061, -0.047726, -0.951456, -1.2e-05, 0.0, 0.0, 0.0, 1.0],
                [0.783182, 0.550766, -0.288588, 0.124994, 0.538525, -0.832833, -0.127982, -0.002831, -0.310834, -0.055178, -0.948861, -1.2e-05, 0.0, 0.0, 0.0, 1.0],
                [0.780434, 0.550082, -0.297205, 0.124994, 0.538992, -0.832821, -0.12608, -0.002831, -0.316873, -0.061794, -0.946452, -1.2e-05, 0.0, 0.0, 0.0, 1.0],
                [0.777959, 0.549435, -0.304795, 0.124994, 0.539412, -0.832797, -0.124436, -0.002831, -0.322202, -0.067604, -0.944254, -1.2e-05, 0.0, 0.0, 0.0, 1.0],
                [0.77576, 0.548837, -0.311406, 0.124994, 0.539784, -0.832765, -0.123024, -0.002831, -0.326847, -0.072655, -0.94228, -1.2e-05, 0.0, 0.0, 0.0, 1.0],
                [0.773836, 0.548298, -0.317091, 0.124994, 0.540108, -0.832731, -0.121827, -0.002831, -0.330849, -0.07699, -0.940537, -1.2e-05, 0.0, 0.0, 0.0, 1.0],
                [0.772179, 0.547822, -0.321916, 0.124994, 0.540386, -0.832697, -0.120824, -0.002831, -0.334248, -0.080661, -0.939027, -1.2e-05, 0.0, 0.0, 0.0, 1.0],
                [0.770777, 0.547412, -0.325949, 0.124994, 0.540621, -0.832664, -0.119993, -0.002831, -0.337092, -0.083727, -0.937741, -1.2e-05, 0.0, 0.0, 0.0, 1.0],
                [0.769612, 0.547065, -0.329267, 0.124994, 0.540816, -0.832635, -0.119316, -0.002831, -0.339433, -0.086246, -0.936668, -1.2e-05, 0.0, 0.0, 0.0, 1.0],
                [0.768664, 0.54678, -0.331944, 0.124994, 0.540975, -0.83261, -0.118774, -0.002831, -0.341323, -0.088276, -0.935791, -1.2e-05, 0.0, 0.0, 0.0, 1.0],
                [0.76791, 0.54655, -0.334061, 0.124994, 0.5411, -0.832589, -0.118347, -0.002831, -0.342818, -0.089881, -0.935092, -1.2e-05, 0.0, 0.0, 0.0, 1.0],
                [0.767326, 0.546372, -0.335691, 0.124994, 0.541198, -0.832572, -0.118021, -0.002831, -0.34397, -0.091115, -0.934549, -1.2e-05, 0.0, 0.0, 0.0, 1.0],
                [0.766887, 0.546236, -0.336911, 0.124994, 0.541271, -0.832559, -0.117776, -0.002831, -0.344832, -0.092039, -0.934141, -1.2e-05, 0.0, 0.0, 0.0, 1.0],
                [0.766571, 0.546139, -0.337789, 0.124994, 0.541324, -0.832549, -0.117601, -0.002831, -0.345453, -0.092703, -0.933846, -1.2e-05, 0.0, 0.0, 0.0, 1.0],
                [0.766353, 0.546072, -0.33839, 0.124994, 0.54136, -0.832543, -0.117482, -0.002831, -0.345878, -0.093158, -0.933643, -1.2e-05, 0.0, 0.0, 0.0, 1.0],
                [0.766214, 0.546028, -0.338776, 0.124994, 0.541383, -0.832538, -0.117405, -0.002831, -0.34615, -0.09345, -0.933513, -1.2e-05, 0.0, 0.0, 0.0, 1.0],
                [0.766133, 0.546003, -0.338998, 0.124994, 0.541397, -0.832536, -0.117361, -0.002831, -0.346308, -0.093618, -0.933438, -1.2e-05, 0.0, 0.0, 0.0, 1.0],
                [0.766094, 0.545991, -0.339108, 0.124994, 0.541403, -0.832535, -0.117339, -0.002831, -0.346385, -0.093701, -0.933401, -1.2e-05, 0.0, 0.0, 0.0, 1.0],
                [0.76608, 0.545986, -0.339146, 0.124994, 0.541405, -0.832534, -0.117331, -0.002831, -0.346412, -0.09373, -0.933388, -1.2e-05, 0.0, 0.0, 0.0, 1.0],
                [0.766078, 0.545986, -0.339151, 0.124994, 0.541406, -0.832534, -0.11733, -0.002831, -0.346416, -0.093734, -0.933386, -1.2e-05, 0.0, 0.0, 0.0, 1.0],
                [0.767059, 0.544425, -0.339442, 0.124994, 0.540404, -0.833434, -0.115545, -0.002831, -0.345808, -0.094806, -0.933503, -1.2e-05, 0.0, 0.0, 0.0, 1.0],
                [0.770015, 0.539772, -0.34018, 0.124994, 0.537372, -0.836102, -0.110295, -0.002831, -0.343959, -0.097875, -0.933869, -1.2e-05, 0.0, 0.0, 0.0, 1.0],
                [0.774947, 0.532121, -0.341034, 0.124994, 0.532267, -0.840428, -0.101839, -0.002831, -0.340806, -0.102601, -0.934518, -1.2e-05, 0.0, 0.0, 0.0, 1.0],
                [0.781829, 0.521748, -0.341354, 0.124994, 0.525045, -0.846211, -0.090855, -0.002831, -0.336261, -0.108193, -0.935534, -1.2e-05, 0.0, 0.0, 0.0, 1.0],
                [0.790585, 0.508824, -0.340697, 0.124994, 0.515687, -0.85325, -0.077662, -0.002831, -0.330216, -0.114294, -0.93696, -1.2e-05, 0.0, 0.0, 0.0, 1.0],
                [0.801098, 0.493701, -0.338379, 0.124994, 0.504185, -0.861294, -0.063006, -0.002831, -0.32255, -0.120132, -0.938898, -1.2e-05, 0.0, 0.0, 0.0, 1.0],
                [0.813189, 0.476558, -0.33409, 0.124994, 0.490582, -0.870123, -0.047078, -0.002831, -0.313135, -0.125615, -0.941365, -1.2e-05, 0.0, 0.0, 0.0, 1.0],
                [0.826629, 0.457777, -0.327299, 0.124994, 0.474941, -0.879486, -0.030577, -0.002831, -0.301853, -0.130173, -0.944426, -1.2e-05, 0.0, 0.0, 0.0, 1.0],
                [0.841124, 0.437556, -0.317892, 0.124994, 0.457402, -0.889156, -0.013602, -0.002831, -0.288607, -0.133963, -0.948029, -1.2e-05, 0.0, 0.0, 0.0, 1.0],
                [0.856341, 0.416286, -0.305591, 0.124994, 0.438134, -0.898903, 0.003244, -0.002831, -0.273346, -0.136668, -0.952158, -1.2e-05, 0.0, 0.0, 0.0, 1.0],
                [0.871907, 0.394281, -0.290381, 0.124994, 0.417379, -0.90852, 0.019641, -0.002831, -0.256073, -0.138324, -0.95671, -1.2e-05, 0.0, 0.0, 0.0, 1.0],
                [0.887427, 0.371845, -0.272405, 0.124994, 0.395434, -0.917813, 0.03537, -0.002831, -0.236864, -0.139107, -0.961532, -1.2e-05, 0.0, 0.0, 0.0, 1.0],
                [0.90252, 0.349383, -0.25177, 0.124994, 0.372629, -0.92664, 0.049855, -0.002831, -0.215881, -0.138812, -0.966502, -1.2e-05, 0.0, 0.0, 0.0, 1.0],
                [0.916828, 0.327214, -0.228816, 0.124994, 0.349335, -0.934891, 0.062805, -0.002831, -0.193367, -0.137515, -0.971441, -1.2e-05, 0.0, 0.0, 0.0, 1.0],
                [0.930046, 0.305642, -0.203953, 0.124994, 0.325936, -0.942501, 0.073875, -0.002831, -0.169647, -0.135183, -0.97619, -1.2e-05, 0.0, 0.0, 0.0, 1.0],
                [0.941938, 0.284929, -0.17767, 0.124994, 0.302811, -0.949451, 0.082756, -0.002831, -0.145109, -0.131751, -0.980604, -1.2e-05, 0.0, 0.0, 0.0, 1.0],
                [0.952354, 0.265284, -0.150489, 0.124994, 0.280315, -0.955762, 0.089115, -0.002831, -0.120191, -0.127053, -0.984587, -1.2e-05, 0.0, 0.0, 0.0, 1.0],
                [0.961221, 0.246813, -0.123035, 0.124994, 0.258773, -0.961454, 0.092969, -0.002831, -0.095346, -0.121202, -0.988038, -1.2e-05, 0.0, 0.0, 0.0, 1.0],
                [0.968554, 0.229611, -0.095819, 0.124994, 0.238448, -0.966594, 0.094015, -0.002831, -0.071031, -0.113907, -0.990949, -1.2e-05, 0.0, 0.0, 0.0, 1.0],
                [0.974435, 0.213691, -0.069374, 0.124994, 0.219553, -0.971233, 0.092203, -0.002831, -0.047675, -0.105077, -0.99332, -1.2e-05, 0.0, 0.0, 0.0, 1.0],
                [0.978996, 0.199027, -0.044211, 0.124994, 0.202256, -0.975397, 0.087714, -0.002831, -0.025666, -0.094813, -0.995164, -1.2e-05, 0.0, 0.0, 0.0, 1.0],
                [0.98241, 0.185584, -0.020705, 0.124994, 0.186659, -0.979123, 0.080474, -0.002831, -0.005338, -0.082924, -0.996542, -1.2e-05, 0.0, 0.0, 0.0, 1.0],
                [0.984865, 0.173318, 0.000795, 0.124994, 0.172829, -0.982412, 0.070687, -0.002831, 0.013032, -0.06948, -0.997499, -1.2e-05, 0.0, 0.0, 0.0, 1.0],
                [0.986554, 0.162205, 0.020015, 0.124994, 0.160801, -0.985244, 0.058622, -0.002831, 0.029228, -0.054615, -0.998079, -1.2e-05, 0.0, 0.0, 0.0, 1.0],
                [0.987659, 0.152248, 0.036759, 0.124994, 0.150578, -0.987592, 0.04458, -0.002831, 0.04309, -0.038495, -0.998329, -1.2e-05, 0.0, 0.0, 0.0, 1.0],
                [0.988343, 0.14349, 0.050884, 0.124994, 0.142153, -0.98942, 0.028998, -0.002831, 0.054506, -0.021426, -0.998284, -1.2e-05, 0.0, 0.0, 0.0, 1.0],
                [0.988744, 0.13603, 0.062291, 0.124994, 0.135512, -0.990697, 0.012494, -0.002831, 0.063412, -0.003912, -0.99798, -1.2e-05, 0.0, 0.0, 0.0, 1.0],
                [0.988969, 0.130086, 0.070843, 0.124994, 0.130663, -0.99142, -0.003553, -0.002831, 0.069773, 0.012771, -0.997481, -1.2e-05, 0.0, 0.0, 0.0, 1.0],
                [0.989085, 0.126046, 0.076307, 0.124994, 0.127657, -0.991679, -0.016588, -0.002831, 0.073581, 0.026148, -0.996946, -1.2e-05, 0.0, 0.0, 0.0, 1.0],
                [0.989123, 0.124561, 0.078232, 0.124994, 0.126625, -0.991707, -0.021973, -0.002831, 0.074846, 0.03164, -0.996693, -1.2e-05, 0.0, 0.0, 0.0, 1.0]
            ]
        },
        {
            "name": "Leg_R",
            "time": [0.0, 0.0167, 0.0333, 0.05, 0.0667, 0.0833, 0.1, 0.1167, 0.1333, 0.15, 0.1667, 0.1833, 0.2, 0.2167, 0.2333, 0.25, 0.2667, 0.2833, 0.3, 0.3167, 0.3333, 0.35, 0.3667, 0.3833, 0.4, 0.4167, 0.4333, 0.45, 0.4667, 0.4833, 0.5, 0.5167, 0.5333, 0.55, 0.5667, 0.5833, 0.6, 0.6167, 0.6333, 0.65, 0.6667, 0.6833, 0.7, 0.7167, 0.7333, 0.75, 0.7667, 0.7833, 0.8, 0.8167, 0.8333, 0.85, 0.8667, 0.8833, 0.9, 0.9167, 0.9333, 0.95, 0.9667, 0.9833, 1.0, 1.0167, 1.0333, 1.05, 1.0667, 1.0833, 1.1, 1.1167, 1.1333, 1.15, 1.1667, 1.1833, 1.2, 1.2167, 1.2333, 1.25, 1.2667, 1.2833, 1.3, 1.3167, 1.3333, 1.35, 1.3667, 1.3833, 1.4, 1.4167, 1.4333, 1.45, 1.4667, 1.4833, 1.5, 1.5167, 1.5333, 1.55, 1.5667, 1.5833, 1.6, 1.6167, 1.6333, 1.65, 1.6667],
            "transform": [
                [0.999821, -0.018273, -0.005008, -0.0, 0.01833, 0.86602, 0.499673, 0.374721, -0.004793, -0.499675, 0.8662, 0.0, 0.0, 0.0, 0.0, 1.0],
                [0.999821, -0.018224, -0.00498, -0.0, 0.018281, 0.86679, 0.498338, 0.374721, -0.004765, -0.498341, 0.866968, 0.0, 0.0, 0.0, 0.0, 1.0],
                [0.999825, -0.018075, -0.004895, -0.0, 0.018132, 0.869124, 0.494262, 0.374721, -0.004679, -0.494264, 0.869299, -0.0, 0.0, 0.0, 0.0, 1.0],
                [0.99983, -0.017819, -0.00475, -0.0, 0.017875, 0.873074, 0.487261, 0.374721, -0.004535, -0.487263, 0.873244, -0.0, 0.0, 0.0, 0.0, 1.0],
                [0.999837, -0.017448, -0.004547, -0.0, 0.017503, 0.878654, 0.477138, 0.374721, -0.00433, -0.477139, 0.878817, 0.0, 0.0, 0.0, 0.0, 1.0],
                [0.999847, -0.016953, -0.004283, 0.0, 0.017007, 0.885881, 0.463601, 0.374721, -0.004066, -0.463603, 0.886034, -0.0, 0.0, 0.0, 0.0, 1.0],
                [0.999859, -0.016315, -0.003957, -0.0, 0.016367, 0.894808, 0.446151, 0.374721, -0.003739, -0.446153, 0.894949, -0.0, 0.0, 0.0, 0.0, 1.0],
                [0.999873, -0.015526, -0.003575, -0.0, 0.015575, 0.905267, 0.424558, 0.374721, -0.003356, -0.424559, 0.905394, 0.0, 0.0, 0.0, 0.0, 1.0],
                [0.999889, -0.014545, -0.003132, -0.0, 0.014591, 0.917378, 0.39775, 0.374721, -0.002912, -0.397751, 0.917488, -0.0, 0.0, 0.0, 0.0, 1.0],
                [0.999908, -0.013347, -0.002638, -0.0, 0.013389, 0.930917, 0.364986, 0.374721, -0.002416, -0.364987, 0.93101, -0.0, 0.0, 0.0, 0.0, 1.0],
                [0.999927, -0.011875, -0.002097, 0.0, 0.011912, 0.945734, 0.324722, 0.374721, -0.001873, -0.324723, 0.945807, 0.0, 0.0, 0.0, 0.0, 1.0],
                [0.999948, -0.010025, -0.001516, -0.0, 0.010056, 0.96164, 0.274132, 0.374721, -0.00129, -0.274133, 0.961691, -0.0, 0.0, 0.0, 0.0, 1.0],
                [0.999971, -0.007554, -0.000904, -0.0, 0.007578, 0.978401, 0.206575, 0.374721, -0.000676, -0.206576, 0.97843, -0.0, 0.0, 0.0, 0.0, 1.0],
                [0.999994, -0.003381, -0.000272, 0.0, 0.003392, 0.995711, 0.092461, 0.374721, -4.2e-05, -0.092461, 0.995716, 0.0, 0.0, 0.0, 0.0, 1.0],
                [1.0, -1.6e-05, -0.000115, -0.0, 1.6e-05, 1.0, 0.000435, 0.374721, 0.000115, -0.000435, 1.0, 0.0, 0.0, 0.0, 0.0, 1.0],
                [1.0, -1.6e-05, -0.000115, 0.0, 1.6e-05, 1.0, 0.000435, 0.374721, 0.000115, -0.000435, 1.0, -0.0, 0.0, 0.0, 0.0, 1.0],
                [1.0, -1.6e-05, -0.000115, 0.0, 1.6e-05, 1.0, 0.000435, 0.374721, 0.000115, -0.000435, 1.0, 0.0, 0.0, 0.0, 0.0, 1.0],
                [1.0, -1.6e-05, -0.000115, -0.0, 1.6e-05, 1.0, 0.000435, 0.374721, 0.000115, -0.000435, 1.0, -0.0, 0.0, 0.0, 0.0, 1.0],
                [1.000001, -1.6e-05, -0.000115, -0.0, 1.6e-05, 1.0, 0.000435, 0.374721, 0.000115, -0.000435, 1.0, 0.0, 0.0, 0.0, 0.0, 1.0],
                [1.0, -1.6e-05, -0.000115, 0.0, 1.6e-05, 1.0, 0.000435, 0.374721, 0.000115, -0.000435, 1.0, -0.0, 0.0, 0.0, 0.0, 1.0],
                [1.0, -1.6e-05, -0.000115, 0.0, 1.6e-05, 1.0, 0.000435, 0.374721, 0.000115, -0.000435, 1.0, 0.0, 0.0, 0.0, 0.0, 1.0],
                [1.0, -1.6e-05, -0.000115, 0.0, 1.6e-05, 1.0, 0.000435, 0.374721, 0.000115, -0.000435, 1.0, 0.0, 0.0, 0.0, 0.0, 1.0],
                [1.0, -1.6e-05, -0.000115, -0.0, 1.6e-05, 1.0, 0.000435, 0.374721, 0.000115, -0.000435, 1.0, 0.0, 0.0, 0.0, 0.0, 1.0],
                [1.0, -1.6e-05, -0.000115, 0.0, 1.6e-05, 1.0, 0.000435, 0.374721, 0.000115, -0.000435, 1.0, 0.0, 0.0, 0.0, 0.0, 1.0],
                [1.0, -1.6e-05, -0.000115, -0.0, 1.6e-05, 1.0, 0.000435, 0.374721, 0.000115, -0.000435, 1.0, 0.0, 0.0, 0.0, 0.0, 1.0],
                [1.0, -1.6e-05, -0.000115, -0.0, 1.6e-05, 1.0, 0.000435, 0.374721, 0.000115, -0.000435, 1.0, 0.0, 0.0, 0.0, 0.0, 1.0],
                [1.0, -1.6e-05, -0.000115, -0.0, 1.6e-05, 1.0, 0.000435, 0.374721, 0.000115, -0.000435, 1.0, 0.0, 0.0, 0.0, 0.0, 1.0],
                [1.0, -1.6e-05, -0.000115, 0.0, 1.6e-05, 1.0, 0.000435, 0.374721, 0.000115, -0.000435, 1.0, -0.0, 0.0, 0.0, 0.0, 1.0],
                [0.999977, -0.006671, -0.000729, 0.0, 0.006692, 0.983196, 0.182428, 0.374721, -0.000501, -0.182429, 0.983219, -0.0, 0.0, 0.0, 0.0, 1.0],
                [0.999863, -0.016113, -0.003857, 0.0, 0.016164, 0.897543, 0.44063, 0.374721, -0.003638, -0.440632, 0.897681, -0.0, 0.0, 0.0, 0.0, 1.0],
                [0.999756, -0.021013, -0.006756, -0.0, 0.021079, 0.818151, 0.574617, 0.374721, -0.006547, -0.574619, 0.818394, 0.0, 0.0, 0.0, 0.0, 1.0],
                [0.999674, -0.023887, -0.008996, -0.0, 0.023962, 0.756802, 0.653205, 0.374721, -0.008794, -0.653207, 0.757128, 0.0, 0.0, 0.0, 0.0, 1.0],
                [0.999624, -0.025394, -0.010373, 0.0, 0.025474, 0.719112, 0.694428, 0.374721, -0.010175, -0.694431, 0.719488, 0.0, 0.0, 0.0, 0.0, 1.0],
                [0.999606, -0.02587, -0.01084, -0.0, 0.025951, 0.706317, 0.70742, 0.374721, -0.010644, -0.707423, 0.70671, -0.0, 0.0, 0.0, 0.0, 1.0],
                [0.999622, -0.025455, -0.010432, 0.0, 0.025535, 0.717499, 0.696091, 0.374721, -0.010234, -0.696094, 0.717878, 0.0, 0.0, 0.0, 0.0, 1.0],
                [0.999667, -0.02413, -0.009208, 0.0, 0.024206, 0.751017, 0.65984, 0.374721, -0.009006, -0.659842, 0.75135, 0.0, 0.0, 0.0, 0.0, 1.0],
                [0.999736, -0.021801, -0.007325, -0.0, 0.021869, 0.802574, 0.596152, 0.374721, -0.007118, -0.596154, 0.802838, -0.0, 0.0, 0.0, 0.0, 1.0],
                [0.999817, -0.018455, -0.005114, -0.0, 0.018513, 0.863118, 0.504663, 0.374721, -0.004899, -0.504665, 0.863301, -0.0, 0.0, 0.0, 0.0, 1.0],
                [0.999892, -0.014355, -0.00305, 0.0, 0.0144, 0.919621, 0.392542, 0.374721, -0.002829, -0.392543, 0.919729, 0.0, 0.0, 0.0, 0.0, 1.0],
                [0.999945, -0.010371, -0.001617, 0.0, 0.010404, 0.958883, 0.283614, 0.374721, -0.001391, -0.283615, 0.958937, 0.0, 0.0, 0.0, 0.0, 1.0],
                [0.999962, -0.00869, -0.001162, -0.0, 0.008717, 0.971319, 0.237622, 0.374721, -0.000936, -0.237623, 0.971357, -0.0, 0.0, 0.0, 0.0, 1.0],
                [0.999958, -0.009049, -0.001253, 0.0, 0.009078, 0.968856, 0.247457, 0.374721, -0.001026, -0.247458, 0.968898, -0.0, 0.0, 0.0, 0.0, 1.0],
                [0.999955, -0.009367, -0.001335, 0.0, 0.009396, 0.966593, 0.256144, 0.374721, -0.001109, -0.256145, 0.966638, 0.0, 0.0, 0.0, 0.0, 1.0],
                [0.999953, -0.009638, -0.001408, 0.0, 0.009669, 0.964594, 0.263564, 0.374721, -0.001182, -0.263564, 0.964641, -0.0, 0.0, 0.0, 0.0, 1.0],
                [0.99995, -0.009874, -0.001473, 0.0, 0.009905, 0.962806, 0.270012, 0.374721, -0.001248, -0.270013, 0.962856, -0.0, 0.0, 0.0, 0.0, 1.0],
                [0.999948, -0.010079, -0.001531, 0.0, 0.01011, 0.961218, 0.275605, 0.374721, -0.001306, -0.275606, 0.96127, -0.0, 0.0, 0.0, 0.0, 1.0],
                [0.999946, -0.010255, -0.001583, 0.0, 0.010288, 0.959817, 0.280438, 0.374721, -0.001357, -0.280439, 0.959871, 0.0, 0.0, 0.0, 0.0, 1.0],
                [0.999944, -0.010407, -0.001627, -0.0, 0.01044, 0.95859, 0.284598, 0.374721, -0.001402, -0.284599, 0.958646, 0.0, 0.0, 0.0, 0.0, 1.0],
                [0.999943, -0.010538, -0.001666, 0.0, 0.010571, 0.957525, 0.288155, 0.374721, -0.001441, -0.288156, 0.957582, 0.0, 0.0, 0.0, 0.0, 1.0],
                [0.999942, -0.010654, -0.001702, 0.0, 0.010687, 0.95656, 0.291338, 0.374721, -0.001476, -0.291339, 0.956619, 0.0, 0.0, 0.0, 0.0, 1.0],
