{
    "animation": [
        {
            "name": "Root",
            "time": [0.0, 0.0167, 0.0333, 0.05, 0.0667, 0.0833, 0.1, 0.1167, 0.1333, 0.15, 0.1667, 0.1833, 0.2, 0.2167, 0.2333, 0.25, 0.2667, 0.2833, 0.3, 0.3167, 0.3333, 0.35, 0.3667, 0.3833, 0.4, 0.4167, 0.4333, 0.45, 0.4667, 0.4833, 0.5, 0.5167, 0.5333, 0.55, 0.5667, 0.5833, 0.6, 0.6167, 0.6333, 0.65, 0.6667, 0.6833, 0.7, 0.7167, 0.7333, 0.75, 0.7667, 0.7833, 0.8],
            "transform": [
                [1.0, 0.0, -0.0, -5e-06, -0.0, 0.0, -1.0, 0.000946, 0.0, 1.0, 0.0, 0.730237, 0.0, 0.0, 0.0, 1.0],
                [1.0, 0.0, -0.0, -5e-06, -0.0, 0.0, -1.0, 0.000946, 0.0, 1.0, 0.0, 0.730237, 0.0, 0.0, 0.0, 1.0],
                [1.0, 0.0, -0.0, -5e-06, -0.0, 0.0, -1.0, 0.000946, 0.0, 1.0, 0.0, 0.730237, 0.0, 0.0, 0.0, 1.0],
                [1.0, 0.0, -0.0, -5e-06, -0.0, 0.0, -1.0, 0.000946, 0.0, 1.0, 0.0, 0.730237, 0.0, 0.0, 0.0, 1.0],
                [1.0, 0.0, -0.0, -5e-06, -0.0, 0.0, -1.0, 0.000946, 0.0, 1.0, 0.0, 0.730237, 0.0, 0.0, 0.0, 1.0],
                [1.0, 0.0, -0.0, -5e-06, -0.0, 0.0, -1.0, 0.000946, 0.0, 1.0, 0.0, 0.730237, 0.0, 0.0, 0.0, 1.0],
                [1.0, 0.0, -0.0, -5e-06, -0.0, 0.0, -1.0, 0.000946, 0.0, 1.0, 0.0, 0.730237, 0.0, 0.0, 0.0, 1.0],
                [1.0, 0.0, -0.0, -5e-06, -0.0, 0.0, -1.0, 0.000946, 0.0, 1.0, 0.0, 0.721256, 0.0, 0.0, 0.0, 1.0],
                [1.0, 0.0, -0.0, -5e-06, -0.0, 0.0, -1.0, 0.000946, 0.0, 1.0, 0.0, 0.69512, 0.0, 0.0, 0.0, 1.0],
                [1.0, 0.0, -0.0, -5e-06, -0.0, 0.0, -1.0, 0.000946, 0.0, 1.0, 0.0, 0.657547, 0.0, 0.0, 0.0, 1.0],
                [1.0, 0.0, -0.0, -5e-06, -0.0, 0.0, -1.0, 0.000946, 0.0, 1.0, 0.0, 0.619974, 0.0, 0.0, 0.0, 1.0],
                [1.0, 0.0, -0.0, -5e-06, -0.0, 0.0, -1.0, 0.000946, 0.0, 1.0, 0.0, 0.593837, 0.0, 0.0, 0.0, 1.0],
                [1.0, 0.0, -0.0, -5e-06, -0.0, 0.0, -1.0, 0.000946, 0.0, 1.0, 0.0, 0.584857, 0.0, 0.0, 0.0, 1.0],
                [1.0, 0.0, -0.0, -5e-06, -0.0, 0.0, -1.0, 0.000946, 0.0, 1.0, 0.0, 0.584857, 0.0, 0.0, 0.0, 1.0],
                [1.0, 0.0, -0.0, -5e-06, -0.0, 0.0, -1.0, 0.000946, 0.0, 1.0, 0.0, 0.584857, 0.0, 0.0, 0.0, 1.0],
                [1.0, 0.0, -0.0, -5e-06, -0.0, 0.0, -1.0, 0.000946, 0.0, 1.0, 0.0, 0.584857, 0.0, 0.0, 0.0, 1.0],
                [1.0, 0.0, -0.0, -5e-06, -0.0, 0.0, -1.0, 0.000946, 0.0, 1.0, 0.0, 0.584857, 0.0, 0.0, 0.0, 1.0],
                [1.0, 0.0, -0.0, -5e-06, -0.0, 0.0, -1.0, 0.000946, 0.0, 1.0, 0.0, 0.584857, 0.0, 0.0, 0.0, 1.0],
                [1.0, 0.0, -0.0, -5e-06, -0.0, 0.0, -1.0, 0.000946, 0.0, 1.0, 0.0, 0.584857, 0.0, 0.0, 0.0, 1.0],
                [1.0, 0.0, -0.0, -5e-06, -0.0, 0.0, -1.0, 0.000946, 0.0, 1.0, 0.0, 0.593837, 0.0, 0.0, 0.0, 1.0],
                [1.0, 0.0, -0.0, -5e-06, -0.0, 0.0, -1.0, 0.000946, 0.0, 1.0, 0.0, 0.619974, 0.0, 0.0, 0.0, 1.0],
                [1.0, 0.0, -0.0, -5e-06, -0.0, 0.0, -1.0, 0.000946, 0.0, 1.0, 0.0, 0.657547, 0.0, 0.0, 0.0, 1.0],
                [1.0, 0.0, -0.0, -5e-06, -0.0, 0.0, -1.0, 0.000946, 0.0, 1.0, 0.0, 0.69512, 0.0, 0.0, 0.0, 1.0],
                [1.0, 0.0, -0.0, -5e-06, -0.0, 0.0, -1.0, 0.000946, 0.0, 1.0, 0.0, 0.721256, 0.0, 0.0, 0.0, 1.0],
                [1.0, 0.0, -0.0, -5e-06, -0.0, 0.0, -1.0, 0.000946, 0.0, 1.0, 0.0, 0.730237, 0.0, 0.0, 0.0, 1.0],
                [1.0, 0.0, -0.0, -5e-06, -0.0, 0.0, -1.0, 0.000946, 0.0, 1.0, 0.0, 0.730237, 0.0, 0.0, 0.0, 1.0],
                [1.0, 0.0, -0.0, -5e-06, -0.0, 0.0, -1.0, 0.000946, 0.0, 1.0, 0.0, 0.730237, 0.0, 0.0, 0.0, 1.0],
                [1.0, 0.0, -0.0, -5e-06, -0.0, 0.0, -1.0, 0.000946, 0.0, 1.0, 0.0, 0.730237, 0.0, 0.0, 0.0, 1.0],
                [1.0, 0.0, -0.0, -5e-06, -0.0, 0.0, -1.0, 0.000946, 0.0, 1.0, 0.0, 0.730237, 0.0, 0.0, 0.0, 1.0],
                [1.0, 0.0, -0.0, -5e-06, -0.0, 0.0, -1.0, 0.000946, 0.0, 1.0, 0.0, 0.730237, 0.0, 0.0, 0.0, 1.0],
                [1.0, 0.0, -0.0, -5e-06, -0.0, 0.0, -1.0, 0.000946, 0.0, 1.0, 0.0, 0.730237, 0.0, 0.0, 0.0, 1.0],
                [1.0, 0.0, -0.0, -5e-06, -0.0, 0.0, -1.0, 0.000946, 0.0, 1.0, 0.0, 0.718422, 0.0, 0.0, 0.0, 1.0],
                [1.0, 0.0, -0.0, -5e-06, -0.0, 0.0, -1.0, 0.000946, 0.0, 1.0, 0.0, 0.684036, 0.0, 0.0, 0.0, 1.0],
                [1.0, 0.0, -0.0, -5e-06, -0.0, 0.0, -1.0, 0.000946, 0.0, 1.0, 0.0, 0.634605, 0.0, 0.0, 0.0, 1.0],
                [1.0, 0.0, -0.0, -5e-06, -0.0, 0.0, -1.0, 0.000946, 0.0, 1.0, 0.0, 0.585174, 0.0, 0.0, 0.0, 1.0],
                [1.0, 0.0, -0.0, -5e-06, -0.0, 0.0, -1.0, 0.000946, 0.0, 1.0, 0.0, 0.550788, 0.0, 0.0, 0.0, 1.0],
                [1.0, 0.0, -0.0, -5e-06, -0.0, 0.0, -1.0, 0.000946, 0.0, 1.0, 0.0, 0.538974, 0.0, 0.0, 0.0, 1.0],
                [1.0, 0.0, -0.0, -5e-06, -0.0, 0.0, -1.0, 0.000946, 0.0, 1.0, 0.0, 0.538974, 0.0, 0.0, 0.0, 1.0],
                [1.0, 0.0, -0.0, -5e-06, -0.0, 0.0, -1.0, 0.000946, 0.0, 1.0, 0.0, 0.538974, 0.0, 0.0, 0.0, 1.0],
                [1.0, 0.0, -0.0, -5e-06, -0.0, 0.0, -1.0, 0.000946, 0.0, 1.0, 0.0, 0.538974, 0.0, 0.0, 0.0, 1.0],
                [1.0, 0.0, -0.0, -5e-06, -0.0, 0.0, -1.0, 0.000946, 0.0, 1.0, 0.0, 0.538974, 0.0, 0.0, 0.0, 1.0],
                [1.0, 0.0, -0.0, -5e-06, -0.0, 0.0, -1.0, 0.000946, 0.0, 1.0, 0.0, 0.538974, 0.0, 0.0, 0.0, 1.0],
                [1.0, 0.0, -0.0, -5e-06, -0.0, 0.0, -1.0, 0.000946, 0.0, 1.0, 0.0, 0.538974, 0.0, 0.0, 0.0, 1.0],
                [1.0, 0.0, -0.0, -5e-06, -0.0, 0.0, -1.0, 0.000946, 0.0, 1.0, 0.0, 0.550788, 0.0, 0.0, 0.0, 1.0],
                [1.0, 0.0, -0.0, -5e-06, -0.0, 0.0, -1.0, 0.000946, 0.0, 1.0, 0.0, 0.585174, 0.0, 0.0, 0.0, 1.0],
                [1.0, 0.0, -0.0, -5e-06, -0.0, 0.0, -1.0, 0.000946, 0.0, 1.0, 0.0, 0.634605, 0.0, 0.0, 0.0, 1.0],
                [1.0, 0.0, -0.0, -5e-06, -0.0, 0.0, -1.0, 0.000946, 0.0, 1.0, 0.0, 0.684036, 0.0, 0.0, 0.0, 1.0],
                [1.0, 0.0, -0.0, -5e-06, -0.0, 0.0, -1.0, 0.000946, 0.0, 1.0, 0.0, 0.718422, 0.0, 0.0, 0.0, 1.0],
                [1.0, 0.0, -0.0, -5e-06, -0.0, 0.0, -1.0, 0.000946, 0.0, 1.0, 0.0, 0.730237, 0.0, 0.0, 0.0, 1.0]
            ]
        },
        {
            "name": "Thigh_R",
            "time": [0.0, 0.0167, 0.0333, 0.05, 0.0667, 0.0833, 0.1, 0.1167, 0.1333, 0.15, 0.1667, 0.1833, 0.2, 0.2167, 0.2333, 0.25, 0.2667, 0.2833, 0.3, 0.3167, 0.3333, 0.35, 0.3667, 0.3833, 0.4, 0.4167, 0.4333, 0.45, 0.4667, 0.4833, 0.5, 0.5167, 0.5333, 0.55, 0.5667, 0.5833, 0.6, 0.6167, 0.6333, 0.65, 0.6667, 0.6833, 0.7, 0.7167, 0.7333, 0.75, 0.7667, 0.7833, 0.8],
            "transform": [
                [0.999795, 0.020241, -0.000685, 0.124994, 0.019138, -0.955268, -0.295121, -0.002831, -0.006628, 0.295047, -0.95546, -1.2e-05, 0.0, 0.0, 0.0, 1.0],
                [0.999692, 0.02462, -0.003191, 0.124802, 0.024118, -0.993593, -0.11041, -0.002831, -0.005888, 0.110298, -0.993881, -0.00154, 0.0, 0.0, 0.0, 1.0],
                [0.999423, 0.032514, -0.009791, 0.124209, 0.03378, -0.922736, 0.383948, -0.002831, 0.003449, -0.384058, -0.923303, -0.006227, 0.0, 0.0, 0.0, 1.0],
                [0.999238, 0.036396, -0.014103, 0.123197, 0.030259, -0.494064, 0.868899, -0.002831, 0.024657, -0.868663, -0.494789, -0.014118, 0.0, 0.0, 0.0, 1.0],
                [0.999335, 0.036036, -0.005466, 0.121773, 0.012483, -0.197475, 0.980228, -0.002831, 0.034244, -0.979645, -0.197794, -0.025057, 0.0, 0.0, 0.0, 1.0],
                [0.999138, 0.035326, 0.02178, 0.119976, -0.011131, -0.277474, 0.960669, -0.002831, 0.03998, -0.960083, -0.276842, -0.038613, 0.0, 0.0, 0.0, 1.0],
                [0.997971, 0.036308, 0.052296, 0.117881, -0.034868, -0.375564, 0.92614, -0.002831, 0.053267, -0.926085, -0.373536, -0.054067, 0.0, 0.0, 0.0, 1.0],
                [0.997994, 0.041796, 0.04754, 0.115593, -0.029114, -0.363787, 0.931027, -0.002831, 0.056208, -0.930544, -0.361841, -0.070479, 0.0, 0.0, 0.0, 1.0],
                [0.998379, 0.041545, 0.038913, 0.11323, -0.0186, -0.407989, 0.912797, -0.002831, 0.053798, -0.912041, -0.406555, -0.086841, 0.0, 0.0, 0.0, 1.0],
                [0.998568, 0.039491, 0.036093, 0.110906, -0.011832, -0.494911, 0.868863, -0.002831, 0.052175, -0.868046, -0.493735, -0.102248, 0.0, 0.0, 0.0, 1.0],
                [0.998594, 0.036158, 0.038753, 0.10871, -0.00937, -0.599221, 0.800529, -0.002831, 0.052167, -0.799767, -0.59804, -0.116015, 0.0, 0.0, 0.0, 1.0],
                [0.998506, 0.032772, 0.043725, 0.106703, -0.009432, -0.684812, 0.728659, -0.002831, 0.053823, -0.727982, -0.68348, -0.127713, 0.0, 0.0, 0.0, 1.0],
                [0.998241, 0.036478, 0.046734, 0.10492, -0.008728, -0.689273, 0.724449, -0.002831, 0.058639, -0.723582, -0.687743, -0.137133, 0.0, 0.0, 0.0, 1.0],
                [0.997829, 0.044489, 0.048552, 0.103032, -0.007532, -0.655345, 0.755292, -0.002831, 0.06542, -0.754018, -0.653587, -0.145342, 0.0, 0.0, 0.0, 1.0],
                [0.997329, 0.05205, 0.05124, 0.10079, -0.006788, -0.63245, 0.774571, -0.002831, 0.072723, -0.77285, -0.630408, -0.15309, 0.0, 0.0, 0.0, 1.0],
                [0.996786, 0.059304, 0.053848, 0.098491, -0.006025, -0.61482, 0.788645, -0.002831, 0.079877, -0.786435, -0.612487, -0.159644, 0.0, 0.0, 0.0, 1.0],
                [0.996314, 0.065632, 0.055225, 0.096571, -0.00482, -0.599982, 0.799999, -0.002831, 0.08564, -0.797316, -0.597455, -0.164317, 0.0, 0.0, 0.0, 1.0],
                [0.996024, 0.070377, 0.054621, 0.095372, -0.002943, -0.586796, 0.809729, -0.002831, 0.089038, -0.80667, -0.584256, -0.166892, 0.0, 0.0, 0.0, 1.0],
                [0.995951, 0.073286, 0.052057, 0.094985, -0.000466, -0.574876, 0.81824, -0.002831, 0.089892, -0.814952, -0.572515, -0.167649, 0.0, 0.0, 0.0, 1.0],
                [0.996164, 0.082847, 0.028178, 0.094987, 0.01705, -0.499593, 0.866093, 0.001225, 0.08583, -0.86229, -0.499089, -0.158776, 0.0, 0.0, 0.0, 1.0],
                [0.996085, 0.086945, -0.015985, 0.095008, 0.054575, -0.462546, 0.884914, 0.01303, 0.069545, -0.882322, -0.465481, -0.132713, 0.0, 0.0, 0.0, 1.0],
                [0.995072, 0.090217, -0.041136, 0.095077, 0.090342, -0.653966, 0.75111, 0.029998, 0.040861, -0.751125, -0.658894, -0.094621, 0.0, 0.0, 0.0, 1.0],
                [0.994508, 0.10051, -0.029169, 0.095221, 0.104114, -0.921814, 0.373388, 0.046965, 0.010641, -0.374375, -0.927216, -0.055319, 0.0, 0.0, 0.0, 1.0],
                [0.994845, 0.101214, -0.006244, 0.095449, 0.10127, -0.994813, 0.009508, 0.058764, -0.005249, -0.010091, -0.999935, -0.025927, 0.0, 0.0, 0.0, 1.0],
                [0.995112, 0.098723, 0.002211, 0.09575, 0.09834, -0.988725, -0.112927, 0.062812, -0.008963, 0.112593, -0.993601, -0.012258, 0.0, 0.0, 0.0, 1.0],
                [0.995246, 0.097386, 0.001074, 0.096086, 0.097069, -0.990986, -0.092326, 0.061796, -0.007927, 0.091992, -0.995728, -0.00717, 0.0, 0.0, 0.0, 1.0],
                [0.995555, 0.094175, 0.000762, 0.096441, 0.094041, -0.993633, -0.062043, 0.058745, -0.005086, 0.061839, -0.998073, -0.002586, 0.0, 0.0, 0.0, 1.0],
                [0.996003, 0.089299, 0.001984, 0.096834, 0.089316, -0.99545, -0.0332, 0.053719, -0.00099, 0.033244, -0.999447, 0.001419, 0.0, 0.0, 0.0, 1.0],
                [0.996495, 0.083503, 0.004969, 0.097285, 0.083588, -0.996294, -0.020278, 0.046939, 0.003257, 0.020623, -0.999782, 0.004782, 0.0, 0.0, 0.0, 1.0],
                [0.996941, 0.077635, 0.009017, 0.097818, 0.077868, -0.996534, -0.029249, 0.038822, 0.006715, 0.029862, -0.999531, 0.007465, 0.0, 0.0, 0.0, 1.0],
                [0.997302, 0.072213, 0.013151, 0.098457, 0.072839, -0.99578, -0.055818, 0.029976, 0.009064, 0.056625, -0.998354, 0.009474, 0.0, 0.0, 0.0, 1.0],
                [0.997514, 0.068361, 0.017099, 0.09922, 0.069605, -0.993701, -0.087829, 0.021132, 0.010988, 0.088801, -0.995989, 0.010867, 0.0, 0.0, 0.0, 1.0],
                [0.997523, 0.067108, 0.021071, 0.100116, 0.069111, -0.99082, -0.116185, 0.013017, 0.01308, 0.117353, -0.993004, 0.011745, 0.0, 0.0, 0.0, 1.0],
                [0.997373, 0.067832, 0.025406, 0.101143, 0.070836, -0.986673, -0.146489, 0.006242, 0.015131, 0.147903, -0.988886, 0.012232, 0.0, 0.0, 0.0, 1.0],
                [0.997182, 0.068553, 0.030477, 0.102294, 0.073137, -0.978799, -0.191319, 0.001222, 0.016715, 0.193008, -0.981055, 0.012455, 0.0, 0.0, 0.0, 1.0],
                [0.997133, 0.066668, 0.035788, 0.103554, 0.073659, -0.963467, -0.257497, -0.001822, 0.017314, 0.259395, -0.965616, 0.012527, 0.0, 0.0, 0.0, 1.0],
                [0.997376, 0.06025, 0.040128, 0.104909, 0.070431, -0.935743, -0.345578, -0.002831, 0.016728, 0.347497, -0.937532, 0.012535, 0.0, 0.0, 0.0, 1.0],
                [0.9976, 0.054987, 0.042081, 0.106503, 0.067818, -0.898516, -0.433669, -0.000817, 0.013965, 0.435482, -0.900089, 0.012528, 0.0, 0.0, 0.0, 1.0],
                [0.997538, 0.055548, 0.042792, 0.108486, 0.069676, -0.853791, -0.515932, 0.005045, 0.007876, 0.517643, -0.85556, 0.012459, 0.0, 0.0, 0.0, 1.0],
                [0.997355, 0.056156, 0.046152, 0.110758, 0.072687, -0.771328, -0.632273, 0.013473, 9.2e-05, 0.633955, -0.77337, 0.012236, 0.0, 0.0, 0.0, 1.0],
                [0.997242, 0.052432, 0.05252, 0.113092, 0.073935, -0.640861, -0.764088, 0.0219, -0.006405, 0.765864, -0.642971, 0.011776, 0.0, 0.0, 0.0, 1.0],
                [0.997418, 0.044588, 0.056291, 0.115248, 0.071176, -0.509847, -0.857315, 0.027763, -0.009526, 0.859108, -0.511705, 0.011051, 0.0, 0.0, 0.0, 1.0],
                [0.997964, 0.03729, 0.051746, 0.117092, 0.063028, -0.45212, -0.889728, 0.029779, -0.009783, 0.891177, -0.453549, 0.0101, 0.0, 0.0, 0.0, 1.0],
                [0.998747, 0.033953, 0.036774, 0.118862, 0.049025, -0.515597, -0.855428, 0.027766, -0.010084, 0.856158, -0.516615, 0.008675, 0.0, 0.0, 0.0, 1.0],
                [0.999338, 0.031347, 0.018478, 0.120741, 0.034671, -0.666127, -0.745032, 0.021904, -0.011046, 0.745179, -0.666773, 0.00657, 0.0, 0.0, 0.0, 1.0],
                [0.999602, 0.027504, 0.006321, 0.122513, 0.026081, -0.814788, -0.579173, 0.013476, -0.010779, 0.579107, -0.81518, 0.004126, 0.0, 0.0, 0.0, 1.0],
                [0.999717, 0.023744, 0.001057, 0.123904, 0.021986, -0.906978, -0.420603, 0.005047, -0.009028, 0.420507, -0.907244, 0.001919, 0.0, 0.0, 0.0, 1.0],
                [0.999776, 0.021145, -0.000448, 0.124734, 0.019858, -0.945762, -0.324252, -0.000816, -0.00728, 0.32417, -0.945971, 0.00047, 0.0, 0.0, 0.0, 1.0],
                [0.999795, 0.020241, -0.000685, 0.124994, 0.019138, -0.955268, -0.295121, -0.002831, -0.006628, 0.295047, -0.95546, -1.2e-05, 0.0, 0.0, 0.0, 1.0]
            ]
        },
        {
            "name": "Leg_R",
            "time": [0.0, 0.0167, 0.0333, 0.05, 0.0667, 0.0833, 0.1, 0.1167, 0.1333, 0.15, 0.1667, 0.1833, 0.2, 0.2167, 0.2333, 0.25, 0.2667, 0.2833, 0.3, 0.3167, 0.3333, 0.35, 0.3667, 0.3833, 0.4, 0.4167, 0.4333, 0.45, 0.4667, 0.4833, 0.5, 0.5167, 0.5333, 0.55, 0.5667, 0.5833, 0.6, 0.6167, 0.6333, 0.65, 0.6667, 0.6833, 0.7, 0.7167, 0.7333, 0.75, 0.7667, 0.7833, 0.8],
            "transform": [
                [0.999353, -0.031282, -0.017756, 0.0, 0.031381, 0.516957, 0.855436, 0.374721, -0.017581, -0.85544, 0.517604, 0.0, 0.0, 0.0, 0.0, 1.0],
                [0.999075, -0.034751, -0.025336, -0.0, 0.034861, 0.309385, 0.950298, 0.374721, -0.025186, -0.950301, 0.31031, 0.0, 0.0, 0.0, 0.0, 1.0],
                [0.998502, -0.036288, -0.040955, 0.0, 0.036402, -0.118305, 0.99231, 0.374721, -0.040854, -0.992314, -0.116807, 0.0, 0.0, 0.0, 0.0, 1.0],
                [0.998291, -0.035132, -0.046691, 0.0, 0.035242, -0.275363, 0.960694, 0.374721, -0.046608, -0.960698, -0.273655, -0.0, 0.0, 0.0, 0.0, 1.0],
                [0.99879, -0.036373, -0.033099, 0.0, 0.036487, 0.096829, 0.994632, 0.374721, -0.032972, -0.994636, 0.098039, 0.0, 0.0, 0.0, 0.0, 1.0],
                [0.999522, -0.027988, -0.013153, 0.0, 0.028076, 0.642992, 0.765358, 0.374721, -0.012964, -0.765361, 0.64347, -0.0, 0.0, 0.0, 0.0, 1.0],
                [0.999788, -0.01972, -0.005889, 0.0, 0.019782, 0.841905, 0.539263, 0.374721, -0.005677, -0.539265, 0.842117, 0.0, 0.0, 0.0, 0.0, 1.0],
                [0.999734, -0.021846, -0.007359, 0.0, 0.021914, 0.801657, 0.597383, 0.374721, -0.007151, -0.597385, 0.801923, 0.0, 0.0, 0.0, 0.0, 1.0],
                [0.999749, -0.02129, -0.006952, -0.0, 0.021357, 0.812776, 0.582185, 0.374721, -0.006744, -0.582187, 0.813027, 0.0, 0.0, 0.0, 0.0, 1.0],
                [0.999822, -0.018201, -0.004967, 0.0, 0.018258, 0.867155, 0.497704, 0.374721, -0.004752, -0.497706, 0.867333, 0.0, 0.0, 0.0, 0.0, 1.0],
                [0.999914, -0.012893, -0.002463, -0.0, 0.012934, 0.935695, 0.352573, 0.374721, -0.002241, -0.352575, 0.935781, -0.0, 0.0, 0.0, 0.0, 1.0],
                [0.999973, -0.007328, -0.000857, 0.0, 0.007351, 0.979689, 0.200387, 0.374721, -0.000629, -0.200388, 0.979717, 0.0, 0.0, 0.0, 0.0, 1.0],
                [0.999967, -0.008122, -0.001028, -0.0, 0.008147, 0.974992, 0.222091, 0.374721, -0.000801, -0.222092, 0.975025, -0.0, 0.0, 0.0, 0.0, 1.0],
                [0.999926, -0.012002, -0.002141, 0.0, 0.01204, 0.944533, 0.328197, 0.374721, -0.001917, -0.328199, 0.944607, 0.0, 0.0, 0.0, 0.0, 1.0],
                [0.999888, -0.014654, -0.00318, 0.0, 0.0147, 0.916079, 0.400728, 0.374721, -0.002959, -0.40073, 0.916192, -0.0, 0.0, 0.0, 0.0, 1.0],
                [0.999851, -0.016729, -0.004166, 0.0, 0.016782, 0.889068, 0.457467, 0.374721, -0.003949, -0.457469, 0.889217, 0.0, 0.0, 0.0, 0.0, 1.0],
                [0.999815, -0.018505, -0.005143, -0.0, 0.018564, 0.862311, 0.506038, 0.374721, -0.004929, -0.50604, 0.862496, 0.0, 0.0, 0.0, 0.0, 1.0],
                [0.999779, -0.020117, -0.006147, -0.0, 0.020181, 0.834839, 0.550124, 0.374721, -0.005936, -0.550126, 0.83506, 0.0, 0.0, 0.0, 0.0, 1.0],
                [0.99974, -0.021616, -0.007189, -0.0, 0.021684, 0.806304, 0.591103, 0.374721, -0.006981, -0.591106, 0.806564, -0.0, 0.0, 0.0, 0.0, 1.0],
                [0.999456, -0.029406, -0.014952, -0.0, 0.029499, 0.593716, 0.804134, 0.374721, -0.014769, -0.804137, 0.59426, 0.0, 0.0, 0.0, 0.0, 1.0],
                [0.998865, -0.036116, -0.031059, -0.0, 0.03623, 0.152671, 0.987613, 0.374721, -0.030927, -0.987617, 0.153806, 0.0, 0.0, 0.0, 0.0, 1.0],
                [0.998437, -0.036033, -0.042726, 0.0, 0.036146, -0.166784, 0.985331, 0.374721, -0.04263, -0.985335, -0.165221, 0.0, 0.0, 0.0, 0.0, 1.0],
                [0.998475, -0.036193, -0.04169, 0.0, 0.036306, -0.138427, 0.989707, 0.374721, -0.041591, -0.989711, -0.136902, -0.0, 0.0, 0.0, 0.0, 1.0],
                [0.998762, -0.036439, -0.033864, 0.0, 0.036554, 0.075874, 0.996447, 0.374721, -0.03374, -0.996451, 0.077112, 0.0, 0.0, 0.0, 0.0, 1.0],
                [0.998895, -0.035978, -0.03023, 0.0, 0.036091, 0.175395, 0.983837, 0.374721, -0.030094, -0.98384, 0.1765, -0.0, 0.0, 0.0, 0.0, 1.0],
                [0.99889, -0.036005, -0.030384, 0.0, 0.036118, 0.17116, 0.984581, 0.374721, -0.030249, -0.984585, 0.172271, -0.0, 0.0, 0.0, 0.0, 1.0],
                [0.998923, -0.035835, -0.029476, -0.0, 0.035948, 0.196019, 0.979941, 0.374721, -0.029339, -0.979945, 0.197096, -0.0, 0.0, 0.0, 0.0, 1.0],
                [0.999005, -0.035317, -0.027248, -0.0, 0.035428, 0.257039, 0.965752, 0.374721, -0.027103, -0.965756, 0.258034, -0.0, 0.0, 0.0, 0.0, 1.0],
                [0.999129, -0.034234, -0.023856, -0.0, 0.034342, 0.349913, 0.936153, 0.374721, -0.023701, -0.936156, 0.350784, -0.0, 0.0, 0.0, 0.0, 1.0],
                [0.99927, -0.032536, -0.020006, -0.0, 0.032638, 0.455347, 0.889716, 0.374721, -0.019838, -0.889719, 0.456076, 0.0, 0.0, 0.0, 0.0, 1.0],
                [0.999401, -0.030451, -0.016444, 0.0, 0.030547, 0.552884, 0.832698, 0.374721, -0.016265, -0.832701, 0.553483, -0.0, 0.0, 0.0, 0.0, 1.0],
                [0.999491, -0.028661, -0.013977, 0.0, 0.028751, 0.620421, 0.783742, 0.374721, -0.013791, -0.783745, 0.620929, 0.0, 0.0, 0.0, 0.0, 1.0],
                [0.999524, -0.02794, -0.013096, -0.0, 0.028028, 0.644562, 0.764038, 0.374721, -0.012906, -0.764041, 0.645038, 0.0, 0.0, 0.0, 0.0, 1.0],
                [0.999517, -0.028099, -0.013286, 0.0, 0.028188, 0.639355, 0.768395, 0.374721, -0.013097, -0.768398, 0.639838, 0.0, 0.0, 0.0, 0.0, 1.0],
                [0.999513, -0.028187, -0.013392, -0.0, 0.028276, 0.636452, 0.770798, 0.374721, -0.013203, -0.770801, 0.63694, 0.0, 0.0, 0.0, 0.0, 1.0],
                [0.999553, -0.027257, -0.012309, -0.0, 0.027343, 0.666103, 0.745358, 0.374721, -0.012117, -0.745361, 0.666551, -0.0, 0.0, 0.0, 0.0, 1.0],
                [0.999654, -0.024508, -0.009545, -0.0, 0.024586, 0.741776, 0.670198, 0.374721, -0.009345, -0.6702, 0.742121, 0.0, 0.0, 0.0, 0.0, 1.0],
                [0.999711, -0.022688, -0.008006, -0.0, 0.02276, 0.783933, 0.620428, 0.374721, -0.007801, -0.62043, 0.784223, -0.0, 0.0, 0.0, 0.0, 1.0],
                [0.999658, -0.024385, -0.009434, -0.0, 0.024461, 0.744826, 0.666811, 0.374721, -0.009233, -0.666813, 0.745168, 0.0, 0.0, 0.0, 0.0, 1.0],
                [0.999613, -0.025702, -0.010673, -0.0, 0.025783, 0.710891, 0.70283, 0.374721, -0.010476, -0.702833, 0.711278, -0.0, 0.0, 0.0, 0.0, 1.0],
                [0.999655, -0.024484, -0.009523, 0.0, 0.024561, 0.742381, 0.669528, 0.374721, -0.009323, -0.669531, 0.742726, -0.0, 0.0, 0.0, 0.0, 1.0],
                [0.999743, -0.021524, -0.007121, 0.0, 0.021592, 0.808149, 0.588582, 0.374721, -0.006913, -0.588584, 0.808406, -0.0, 0.0, 0.0, 0.0, 1.0],
                [0.999788, -0.019721, -0.005889, -0.0, 0.019783, 0.841899, 0.539273, 0.374721, -0.005677, -0.539275, 0.842111, 0.0, 0.0, 0.0, 0.0, 1.0],
                [0.999724, -0.022219, -0.00764, 0.0, 0.022289, 0.793944, 0.607582, 0.374721, -0.007434, -0.607584, 0.79422, 0.0, 0.0, 0.0, 0.0, 1.0],
                [0.999555, -0.027197, -0.012242, -0.0, 0.027283, 0.667935, 0.74372, 0.374721, -0.01205, -0.743723, 0.668379, -0.0, 0.0, 0.0, 0.0, 1.0],
                [0.999392, -0.030612, -0.016688, 0.0, 0.030708, 0.5462, 0.837092, 0.374721, -0.01651, -0.837095, 0.546808, 0.0, 0.0, 0.0, 0.0, 1.0],
                [0.999326, -0.031712, -0.018486, -0.0, 0.031812, 0.496958, 0.867192, 0.374721, -0.018314, -0.867195, 0.497632, -0.0, 0.0, 0.0, 0.0, 1.0],
                [0.999338, -0.031526, -0.018165, 0.0, 0.031625, 0.505763, 0.862093, 0.374721, -0.017991, -0.862096, 0.506425, 0.0, 0.0, 0.0, 0.0, 1.0],
                [0.999353, -0.031282, -0.017756, 0.0, 0.031381, 0.516957, 0.855436, 0.374721, -0.017581, -0.85544, 0.517604, 0.0, 0.0, 0.0, 0.0, 1.0]
            ]
        },
        {
            "name": "Knee_R",
            "time": [0.0, 0.0167, 0.0333, 0.05, 0.0667, 0.0833, 0.1, 0.1167, 0.1333, 0.15, 0.1667, 0.1833, 0.2, 0.2167, 0.2333, 0.25, 0.2667, 0.2833, 0.3, 0.3167, 0.3333, 0.35, 0.3667, 0.3833, 0.4, 0.4167, 0.4333, 0.45, 0.4667, 0.4833, 0.5, 0.5167, 0.5333, 0.55, 0.5667, 0.5833, 0.6, 0.6167, 0.6333, 0.65, 0.6667, 0.6833, 0.7, 0.7167, 0.7333, 0.75, 0.7667, 0.7833, 0.8],
            "transform": [
                [1.0, -5.7e-05, 5.7e-05, -2e-06, 5.7e-05, 0.001565, -0.999999, 0.417686, 5.7e-05, 0.999999, 0.001565, -6.7e-05, 0.0, 0.0, 0.0, 1.0],
                [1.0, -5.7e-05, 5.7e-05, -4e-06, 5.7e-05, 0.001565, -0.999999, 0.437326, 5.7e-05, 0.999999, 0.001565, -9.8e-05, 0.0, 0.0, 0.0, 1.0],
                [1.0, -5.7e-05, 5.7e-05, -5e-06, 5.7e-05, 0.001565, -0.999999, 0.46472, 5.7e-05, 0.999999, 0.001565, -0.000141, 0.0, 0.0, 0.0, 1.0],
                [1.0, -5.7e-05, 5.7e-05, -5e-06, 5.7e-05, 0.001565, -0.999999, 0.46472, 5.7e-05, 0.999999, 0.001565, -0.000141, 0.0, 0.0, 0.0, 1.0],
                [1.0, -5.7e-05, 5.7e-05, -5e-06, 5.7e-05, 0.001565, -0.999999, 0.456007, 5.7e-05, 0.999999, 0.001565, -0.000127, 0.0, 0.0, 0.0, 1.0],
                [1.0, -5.7e-05, 5.7e-05, -2e-06, 5.7e-05, 0.001565, -0.999999, 0.404369, 5.7e-05, 0.999999, 0.001565, -4.6e-05, 0.0, 0.0, 0.0, 1.0],
                [1.0, -5.7e-05, 5.7e-05, -0.0, 5.7e-05, 0.001565, -0.999999, 0.378403, 5.7e-05, 0.999999, 0.001565, -6e-06, 0.0, 0.0, 0.0, 1.0],
                [1.0, -5.7e-05, 5.7e-05, -1e-06, 5.7e-05, 0.001565, -0.999999, 0.384478, 5.7e-05, 0.999999, 0.001565, -1.5e-05, 0.0, 0.0, 0.0, 1.0],
                [1.0, -5.7e-05, 5.7e-05, -0.0, 5.7e-05, 0.001565, -0.999999, 0.38286, 5.7e-05, 0.999999, 0.001565, -1.3e-05, 0.0, 0.0, 0.0, 1.0],
                [1.0, -5.7e-05, 5.7e-05, -0.0, 5.7e-05, 0.001565, -0.999999, 0.374721, 5.7e-05, 0.999999, 0.001565, 0.0, 0.0, 0.0, 0.0, 1.0],
                [1.0, -5.7e-05, 5.7e-05, -0.0, 5.7e-05, 0.001565, -0.999999, 0.374721, 5.7e-05, 0.999999, 0.001565, -0.0, 0.0, 0.0, 0.0, 1.0],
                [1.0, -5.7e-05, 5.7e-05, 0.0, 5.7e-05, 0.001565, -0.999999, 0.374721, 5.7e-05, 0.999999, 0.001565, -0.0, 0.0, 0.0, 0.0, 1.0],
                [1.0, -5.7e-05, 5.7e-05, -0.0, 5.7e-05, 0.001565, -0.999999, 0.374721, 5.7e-05, 0.999999, 0.001565, 0.0, 0.0, 0.0, 0.0, 1.0],
                [1.0, -5.7e-05, 5.7e-05, -0.0, 5.7e-05, 0.001565, -0.999999, 0.374721, 5.7e-05, 0.999999, 0.001565, 0.0, 0.0, 0.0, 0.0, 1.0],
                [1.0, -5.7e-05, 5.7e-05, 0.0, 5.7e-05, 0.001565, -0.999999, 0.374721, 5.7e-05, 0.999999, 0.001565, 0.0, 0.0, 0.0, 0.0, 1.0],
                [1.0, -5.7e-05, 5.7e-05, -0.0, 5.7e-05, 0.001565, -0.999999, 0.374721, 5.7e-05, 0.999999, 0.001565, 0.0, 0.0, 0.0, 0.0, 1.0],
                [1.0, -5.7e-05, 5.7e-05, -0.0, 5.7e-05, 0.001565, -0.999999, 0.375053, 5.7e-05, 0.999999, 0.001565, -1e-06, 0.0, 0.0, 0.0, 1.0],
                [1.0, -5.7e-05, 5.7e-05, -0.0, 5.7e-05, 0.001565, -0.999999, 0.379516, 5.7e-05, 0.999999, 0.001565, -7e-06, 0.0, 0.0, 0.0, 1.0],
                [1.0, -5.7e-05, 5.7e-05, -1e-06, 5.7e-05, 0.001565, -0.999999, 0.383806, 5.7e-05, 0.999999, 0.001565, -1.4e-05, 0.0, 0.0, 0.0, 1.0],
                [1.0, -5.7e-05, 5.7e-05, -2e-06, 5.7e-05, 0.001565, -0.999999, 0.409755, 5.7e-05, 0.999999, 0.001565, -5.5e-05, 0.0, 0.0, 0.0, 1.0],
                [1.0, -5.7e-05, 5.7e-05, -4e-06, 5.7e-05, 0.001565, -0.999999, 0.451174, 5.7e-05, 0.999999, 0.001565, -0.00012, 0.0, 0.0, 0.0, 1.0],
                [1.0, -5.7e-05, 5.7e-05, -5e-06, 5.7e-05, 0.001565, -0.999999, 0.46472, 5.7e-05, 0.999999, 0.001565, -0.000141, 0.0, 0.0, 0.0, 1.0],
                [1.0, -5.7e-05, 5.7e-05, -5e-06, 5.7e-05, 0.001565, -0.999999, 0.46472, 5.7e-05, 0.999999, 0.001565, -0.000141, 0.0, 0.0, 0.0, 1.0],
                [1.0, -5.7e-05, 5.7e-05, -5e-06, 5.7e-05, 0.001565, -0.999999, 0.457814, 5.7e-05, 0.999999, 0.001565, -0.00013, 0.0, 0.0, 0.0, 1.0],
                [1.0, -5.7e-05, 5.7e-05, -4e-06, 5.7e-05, 0.001565, -0.999999, 0.449195, 5.7e-05, 0.999999, 0.001565, -0.000117, 0.0, 0.0, 0.0, 1.0],
                [1.0, -5.7e-05, 5.7e-05, -4e-06, 5.7e-05, 0.001565, -0.999999, 0.449565, 5.7e-05, 0.999999, 0.001565, -0.000117, 0.0, 0.0, 0.0, 1.0],
                [1.0, -5.7e-05, 5.7e-05, -4e-06, 5.7e-05, 0.001565, -0.999999, 0.447393, 5.7e-05, 0.999999, 0.001565, -0.000114, 0.0, 0.0, 0.0, 1.0],
                [1.0, -5.7e-05, 5.7e-05, -4e-06, 5.7e-05, 0.001565, -0.999999, 0.442013, 5.7e-05, 0.999999, 0.001565, -0.000105, 0.0, 0.0, 0.0, 1.0],
                [1.0, -5.7e-05, 5.7e-05, -3e-06, 5.7e-05, 0.001565, -0.999999, 0.43364, 5.7e-05, 0.999999, 0.001565, -9.2e-05, 0.0, 0.0, 0.0, 1.0],
                [1.0, -5.7e-05, 5.7e-05, -3e-06, 5.7e-05, 0.001565, -0.999999, 0.423741, 5.7e-05, 0.999999, 0.001565, -7.7e-05, 0.0, 0.0, 0.0, 1.0],
                [1.0, -5.7e-05, 5.7e-05, -2e-06, 5.7e-05, 0.001565, -0.999999, 0.414034, 5.7e-05, 0.999999, 0.001565, -6.2e-05, 0.0, 0.0, 0.0, 1.0],
                [1.0, -5.7e-05, 5.7e-05, -2e-06, 5.7e-05, 0.001565, -0.999999, 0.406869, 5.7e-05, 0.999999, 0.001565, -5e-05, 0.0, 0.0, 0.0, 1.0],
                [1.0, -5.7e-05, 5.7e-05, -2e-06, 5.7e-05, 0.001565, -0.999999, 0.404193, 5.7e-05, 0.999999, 0.001565, -4.6e-05, 0.0, 0.0, 0.0, 1.0],
                [1.0, -5.7e-05, 5.7e-05, -2e-06, 5.7e-05, 0.001565, -0.999999, 0.404776, 5.7e-05, 0.999999, 0.001565, -4.7e-05, 0.0, 0.0, 0.0, 1.0],
                [1.0, -5.7e-05, 5.7e-05, -2e-06, 5.7e-05, 0.001565, -0.999999, 0.405099, 5.7e-05, 0.999999, 0.001565, -4.8e-05, 0.0, 0.0, 0.0, 1.0],
                [1.0, -5.7e-05, 5.7e-05, -2e-06, 5.7e-05, 0.001565, -0.999999, 0.401744, 5.7e-05, 0.999999, 0.001565, -4.2e-05, 0.0, 0.0, 0.0, 1.0],
                [1.0, -5.7e-05, 5.7e-05, -1e-06, 5.7e-05, 0.001565, -0.999999, 0.392579, 5.7e-05, 0.999999, 0.001565, -2.8e-05, 0.0, 0.0, 0.0, 1.0],
                [1.0, -5.7e-05, 5.7e-05, -1e-06, 5.7e-05, 0.001565, -0.999999, 0.386975, 5.7e-05, 0.999999, 0.001565, -1.9e-05, 0.0, 0.0, 0.0, 1.0],
                [1.0, -5.7e-05, 5.7e-05, -1e-06, 5.7e-05, 0.001565, -0.999999, 0.392187, 5.7e-05, 0.999999, 0.001565, -2.7e-05, 0.0, 0.0, 0.0, 1.0],
                [1.0, -5.7e-05, 5.7e-05, -1e-06, 5.7e-05, 0.001565, -0.999999, 0.396438, 5.7e-05, 0.999999, 0.001565, -3.4e-05, 0.0, 0.0, 0.0, 1.0],
                [1.0, -5.7e-05, 5.7e-05, -1e-06, 5.7e-05, 0.001565, -0.999999, 0.392501, 5.7e-05, 0.999999, 0.001565, -2.8e-05, 0.0, 0.0, 0.0, 1.0],
                [1.0, -5.7e-05, 5.7e-05, -1e-06, 5.7e-05, 0.001565, -0.999999, 0.383538, 5.7e-05, 0.999999, 0.001565, -1.4e-05, 0.0, 0.0, 0.0, 1.0],
                [1.0, -5.7e-05, 5.7e-05, -0.0, 5.7e-05, 0.001565, -0.999999, 0.378404, 5.7e-05, 0.999999, 0.001565, -6e-06, 0.0, 0.0, 0.0, 1.0],
                [1.0, -5.7e-05, 5.7e-05, -1e-06, 5.7e-05, 0.001565, -0.999999, 0.385576, 5.7e-05, 0.999998, 0.001565, -1.7e-05, 0.0, 0.0, 0.0, 1.0],
                [1.0, -5.7e-05, 5.7e-05, -1e-06, 5.7e-05, 0.001565, -0.999999, 0.401533, 5.7e-05, 0.999999, 0.001565, -4.2e-05, 0.0, 0.0, 0.0, 1.0],
                [1.0, -5.7e-05, 5.7e-05, -2e-06, 5.7e-05, 0.001565, -0.999999, 0.414721, 5.7e-05, 0.999999, 0.001565, -6.3e-05, 0.0, 0.0, 0.0, 1.0],
                [1.0, -5.7e-05, 5.7e-05, -3e-06, 5.7e-05, 0.001565, -0.999999, 0.419678, 5.7e-05, 0.999999, 0.001565, -7e-05, 0.0, 0.0, 0.0, 1.0],
                [1.0, -5.7e-05, 5.7e-05, -2e-06, 5.7e-05, 0.001565, -0.999999, 0.418804, 5.7e-05, 0.999999, 0.001565, -6.9e-05, 0.0, 0.0, 0.0, 1.0],
                [1.0, -5.7e-05, 5.7e-05, -2e-06, 5.7e-05, 0.001565, -0.999999, 0.417686, 5.7e-05, 0.999999, 0.001565, -6.7e-05, 0.0, 0.0, 0.0, 1.0]
            ]
        },
        {
            "name": "Thigh_L",
            "time": [0.0, 0.0167, 0.0333, 0.05, 0.0667, 0.0833, 0.1, 0.1167, 0.1333, 0.15, 0.1667, 0.1833, 0.2, 0.2167, 0.2333, 0.25, 0.2667, 0.2833, 0.3, 0.3167, 0.3333, 0.35, 0.3667, 0.3833, 0.4, 0.4167, 0.4333, 0.45, 0.4667, 0.4833, 0.5, 0.5167, 0.5333, 0.55, 0.5667, 0.5833, 0.6, 0.6167, 0.6333, 0.65, 0.6667, 0.6833, 0.7, 0.7167, 0.7333, 0.75, 0.7667, 0.7833, 0.8],
            "transform": [
                [1.0, -3.1e-05, 3.6e-05, -0.125006, -4.5e-05, -0.881595, 0.472007, -0.002831, 1.7e-05, -0.472007, -0.881595, -1.2e-05, 0.0, 0.0, 0.0, 1.0],
                [1.0, -0.000131, 5.6e-05, -0.124952, -0.000142, -0.898576, 0.438818, -0.002832, -7e-06, -0.438818, -0.898576, 0.000866, 0.0, 0.0, 0.0, 1.0],
                [1.0, -0.000457, 8.6e-05, -0.12479, -0.000461, -0.945811, 0.324716, -0.002836, -6.7e-05, -0.324716, -0.945812, 0.003558, 0.0, 0.0, 0.0, 1.0],
                [0.999999, -0.001055, -1.4e-05, -0.124522, -0.001046, -0.992773, 0.119998, -0.002842, -0.00014, -0.119998, -0.992774, 0.008092, 0.0, 0.0, 0.0, 1.0],
                [0.999998, -0.001873, -0.000441, -0.124161, -0.001913, -0.992469, -0.122477, -0.002849, -0.000208, 0.122477, -0.992471, 0.014379, 0.0, 0.0, 0.0, 1.0],
                [0.999995, -0.002763, -0.001189, -0.123728, -0.002995, -0.951171, -0.30865, -0.002857, -0.000278, 0.308652, -0.951175, 0.022171, 0.0, 0.0, 0.0, 1.0],
                [0.999991, -0.003706, -0.001897, -0.123257, -0.004148, -0.926853, -0.375403, -0.002864, -0.000367, 0.375407, -0.92686, 0.031059, 0.0, 0.0, 0.0, 1.0],
                [0.999986, -0.004714, -0.002436, -0.122785, -0.005281, -0.929089, -0.369818, -0.002869, -0.000519, 0.369826, -0.929101, 0.040501, 0.0, 0.0, 0.0, 1.0],
                [0.999979, -0.005673, -0.003015, -0.122353, -0.006376, -0.933937, -0.357381, -0.00287, -0.000789, 0.357392, -0.933954, 0.04992, 0.0, 0.0, 0.0, 1.0],
                [0.999972, -0.006504, -0.00362, -0.121991, -0.007351, -0.939444, -0.342624, -0.002867, -0.001172, 0.342641, -0.939465, 0.058796, 0.0, 0.0, 0.0, 1.0],
                [0.999966, -0.007133, -0.004181, -0.121724, -0.008115, -0.943465, -0.331371, -0.00286, -0.001581, 0.331394, -0.943491, 0.066736, 0.0, 0.0, 0.0, 1.0],
                [0.999961, -0.0075, -0.004602, -0.121561, -0.008596, -0.944432, -0.328594, -0.002847, -0.001882, 0.328621, -0.94446, 0.073492, 0.0, 0.0, 0.0, 1.0],
                [0.99996, -0.007582, -0.004812, -0.121508, -0.008759, -0.941732, -0.336251, -0.002831, -0.001982, 0.33628, -0.94176, 0.078945, 0.0, 0.0, 0.0, 1.0],
                [0.999962, -0.007217, -0.004807, -0.121669, -0.008472, -0.931257, -0.364264, -0.002238, -0.001847, 0.364291, -0.931283, 0.08372, 0.0, 0.0, 0.0, 1.0],
                [0.99997, -0.006254, -0.00455, -0.122139, -0.007588, -0.906891, -0.421296, -0.00055, -0.001491, 0.421318, -0.906912, 0.088261, 0.0, 0.0, 0.0, 1.0],
                [0.99998, -0.004855, -0.003973, -0.122814, -0.006189, -0.866858, -0.498517, 0.001867, -0.001024, 0.498531, -0.866871, 0.092131, 0.0, 0.0, 0.0, 1.0],
                [0.999989, -0.003433, -0.003148, -0.123489, -0.004618, -0.818888, -0.573935, 0.004279, -0.000607, 0.573943, -0.818895, 0.094911, 0.0, 0.0, 0.0, 1.0],
                [0.999994, -0.002465, -0.002403, -0.123958, -0.003425, -0.782665, -0.622433, 0.005955, -0.000346, 0.622438, -0.782669, 0.096454, 0.0, 0.0, 0.0, 1.0],
                [0.999995, -0.002229, -0.00213, -0.124119, -0.003074, -0.775245, -0.631654, 0.006531, -0.000243, 0.631657, -0.775248, 0.09691, 0.0, 0.0, 0.0, 1.0],
                [0.999983, -0.004675, -0.003562, -0.123353, -0.005864, -0.834634, -0.550773, 0.006531, -0.000398, 0.550785, -0.834647, 0.09382, 0.0, 0.0, 0.0, 1.0],
                [0.999912, -0.012255, -0.005114, -0.121122, -0.013259, -0.942888, -0.332846, 0.006531, -0.000742, 0.332884, -0.942967, 0.084383, 0.0, 0.0, 0.0, 1.0],
                [0.999748, -0.022436, -0.000664, -0.117915, -0.022426, -0.999665, 0.01291, 0.006531, -0.000953, -0.012892, -0.999916, 0.06965, 0.0, 0.0, 0.0, 1.0],
                [0.999545, -0.02764, 0.012087, -0.114708, -0.030153, -0.903231, 0.428093, 0.006531, -0.000915, -0.428263, -0.903654, 0.052658, 0.0, 0.0, 0.0, 1.0],
                [0.999393, -0.023066, 0.026113, -0.112477, -0.034834, -0.644746, 0.763603, 0.006531, -0.000777, -0.764049, -0.645158, 0.037011, 0.0, 0.0, 0.0, 1.0],
                [0.999344, -0.014297, 0.033283, -0.111711, -0.036215, -0.374877, 0.926367, 0.006531, -0.000767, -0.926965, -0.375148, 0.024975, 0.0, 0.0, 0.0, 1.0],
                [0.999361, -0.006356, 0.035175, -0.111774, -0.035733, -0.152604, 0.987641, 0.006533, -0.00091, -0.988267, -0.152734, 0.01475, 0.0, 0.0, 0.0, 1.0],
                [0.999404, -0.001637, 0.034477, -0.11197, -0.034495, -0.012367, 0.999328, 0.00654, -0.001209, -0.999922, -0.012416, 0.003982, 0.0, 0.0, 0.0, 1.0],
                [0.999489, -0.002009, 0.031896, -0.112304, -0.031901, -0.002348, 0.999488, 0.00655, -0.001933, -0.999995, -0.002411, -0.007145, 0.0, 0.0, 0.0, 1.0],
                [0.999621, -0.005989, 0.026871, -0.112775, -0.027322, -0.095734, 0.995032, 0.006562, -0.003387, -0.995389, -0.095861, -0.018352, 0.0, 0.0, 0.0, 1.0],
                [0.999755, -0.010106, 0.019692, -0.113368, -0.021493, -0.230792, 0.972766, 0.006575, -0.005286, -0.972951, -0.230953, -0.029265, 0.0, 0.0, 0.0, 1.0],
                [0.999838, -0.011844, 0.013569, -0.114061, -0.016753, -0.334998, 0.94207, 0.006586, -0.006612, -0.942144, -0.335142, -0.039454, 0.0, 0.0, 0.0, 1.0],
                [0.999887, -0.012278, 0.008663, -0.114818, -0.012929, -0.40911, 0.912394, 0.006594, -0.007658, -0.912403, -0.409222, -0.048492, 0.0, 0.0, 0.0, 1.0],
                [0.999917, -0.012253, 0.004003, -0.115601, -0.009562, -0.496762, 0.867834, 0.006596, -0.008645, -0.8678, -0.496838, -0.056037, 0.0, 0.0, 0.0, 1.0],
                [0.999933, -0.01161, 0.000346, -0.116371, -0.0072, -0.596189, 0.802811, 0.006592, -0.009114, -0.80276, -0.596233, -0.06188, 0.0, 0.0, 0.0, 1.0],
                [0.999942, -0.010523, -0.002112, -0.117099, -0.005767, -0.692778, 0.721128, 0.006579, -0.009051, -0.721074, -0.692799, -0.065952, 0.0, 0.0, 0.0, 1.0],
                [0.99995, -0.009636, -0.002553, -0.117766, -0.005001, -0.706452, 0.707743, 0.006559, -0.008624, -0.707695, -0.706465, -0.068303, 0.0, 0.0, 0.0, 1.0],
                [0.999957, -0.009118, -0.001563, -0.118358, -0.004668, -0.643193, 0.76569, 0.006531, -0.007987, -0.76565, -0.643208, -0.069053, 0.0, 0.0, 0.0, 1.0],
                [0.999964, -0.008427, -0.000854, -0.118951, -0.004406, -0.603584, 0.797287, 0.006359, -0.007234, -0.797255, -0.6036, -0.067992, 0.0, 0.0, 0.0, 1.0],
                [0.999972, -0.007527, -0.000532, -0.119618, -0.004009, -0.589632, 0.807662, 0.005905, -0.006393, -0.807637, -0.589645, -0.064788, 0.0, 0.0, 0.0, 1.0],
                [0.999979, -0.006527, -0.000232, -0.120346, -0.003565, -0.575322, 0.817919, 0.005176, -0.005472, -0.817901, -0.575333, -0.059506, 0.0, 0.0, 0.0, 1.0],
                [0.999985, -0.005481, 0.000186, -0.121116, -0.003142, -0.544861, 0.83852, 0.004204, -0.004494, -0.838508, -0.54487, -0.052376, 0.0, 0.0, 0.0, 1.0],
                [0.99999, -0.004411, 0.000617, -0.121898, -0.002741, -0.500478, 0.865745, 0.003049, -0.00351, -0.865738, -0.500486, -0.043838, 0.0, 0.0, 0.0, 1.0],
                [0.999994, -0.003355, 0.00089, -0.122655, -0.00232, -0.45537, 0.890299, 0.001795, -0.002582, -0.890296, -0.455375, -0.034533, 0.0, 0.0, 0.0, 1.0],
                [0.999997, -0.00238, 0.001019, -0.123348, -0.001933, -0.424533, 0.90541, 0.000545, -0.001722, -0.905409, -0.424536, -0.025227, 0.0, 0.0, 0.0, 1.0],
                [0.999998, -0.001569, 0.000904, -0.123942, -0.001523, -0.458279, 0.888807, -0.0006, -0.00098, -0.888807, -0.458281, -0.016689, 0.0, 0.0, 0.0, 1.0],
                [0.999999, -0.000954, 0.000551, -0.124413, -0.001006, -0.586822, 0.809715, -0.001555, -0.000449, -0.809715, -0.586823, -0.009559, 0.0, 0.0, 0.0, 1.0],
                [1.0, -0.000473, 0.00022, -0.124747, -0.0005, -0.746925, 0.664908, -0.002261, -0.00015, -0.664908, -0.746925, -0.004277, 0.0, 0.0, 0.0, 1.0],
                [1.0, -0.000145, 6.8e-05, -0.124943, -0.000159, -0.850461, 0.526038, -0.002689, -1.8e-05, -0.526038, -0.850461, -0.001073, 0.0, 0.0, 0.0, 1.0],
                [1.0, -3.1e-05, 3.6e-05, -0.125006, -4.5e-05, -0.881595, 0.472007, -0.002831, 1.7e-05, -0.472007, -0.881595, -1.2e-05, 0.0, 0.0, 0.0, 1.0]
            ]
        },
        {
            "name": "Leg_L",
            "time": [0.0, 0.0167, 0.0333, 0.05, 0.0667, 0.0833, 0.1, 0.1167, 0.1333, 0.15, 0.1667, 0.1833, 0.2, 0.2167, 0.2333, 0.25, 0.2667, 0.2833, 0.3, 0.3167, 0.3333, 0.35, 0.3667, 0.3833, 0.4, 0.4167, 0.4333, 0.45, 0.4667, 0.4833, 0.5, 0.5167, 0.5333, 0.55, 0.5667, 0.5833, 0.6, 0.6167, 0.6333, 0.65, 0.6667, 0.6833, 0.7, 0.7167, 0.7333, 0.75, 0.7667, 0.7833, 0.8],
            "transform": [
                [1.0, 7.4e-05, 5.8e-05, -0.0, -7.4e-05, 0.254532, 0.967064, 0.374721, 5.7e-05, -0.967064, 0.254532, 0.0, 0.0, 0.0, 0.0, 1.0],
                [1.0, 7.4e-05, 5.8e-05, 0.0, -7.5e-05, 0.244199, 0.969725, 0.374721, 5.7e-05, -0.969725, 0.244199, -0.0, 0.0, 0.0, 0.0, 1.0],
                [1.0, 7.4e-05, 5.9e-05, 0.0, -7.5e-05, 0.24053, 0.970642, 0.374721, 5.8e-05, -0.970641, 0.24053, 0.0, 0.0, 0.0, 0.0, 1.0],
                [1.0, 7.3e-05, 5.4e-05, 0.0, -7.3e-05, 0.304437, 0.952533, 0.374721, 5.3e-05, -0.952533, 0.304437, 0.0, 0.0, 0.0, 0.0, 1.0],
                [1.0, 6.8e-05, 4.3e-05, 0.0, -6.9e-05, 0.450383, 0.892835, 0.374721, 4.2e-05, -0.892835, 0.450383, -0.0, 0.0, 0.0, 0.0, 1.0],
                [1.0, 6.1e-05, 3.1e-05, 0.0, -6.2e-05, 0.600012, 0.799991, 0.374721, 3e-05, -0.799991, 0.600012, -0.0, 0.0, 0.0, 0.0, 1.0],
                [1.0, 5.7e-05, 2.7e-05, -0.0, -5.8e-05, 0.659554, 0.751657, 0.374721, 2.5e-05, -0.751657, 0.659554, 0.0, 0.0, 0.0, 0.0, 1.0],
