{
    "animation": [
        {
            "name": "Root",
            "time": [0.0, 0.0167, 0.0333, 0.05, 0.0667, 0.0833, 0.1, 0.1167, 0.1333, 0.15, 0.1667, 0.1833, 0.2, 0.2167, 0.2333, 0.25, 0.2667, 0.2833, 0.3, 0.3167, 0.3333, 0.35, 0.3667, 0.3833, 0.4, 0.4167, 0.4333, 0.45, 0.4667, 0.4833, 0.5, 0.5167, 0.5333, 0.55, 0.5667, 0.5833, 0.6, 0.6167, 0.6333, 0.65, 0.6667, 0.6833, 0.7, 0.7167, 0.7333, 0.75, 0.7667, 0.7833, 0.8],
            "transform": [
                [1.0, 0.0, -0.0, -5e-06, -0.0, 0.0, -1.0, 0.000946, 0.0, 1.0, 0.0, 0.730237, 0.0, 0.0, 0.0, 1.0],
                [1.0, 0.0, -0.0, -5e-06, -0.0, 0.0, -1.0, 0.000946, 0.0, 1.0, 0.0, 0.730237, 0.0, 0.0, 0.0, 1.0],
                [1.0, 0.0, -0.0, -5e-06, -0.0, 0.0, -1.0, 0.000946, 0.0, 1.0, 0.0, 0.730237, 0.0, 0.0, 0.0, 1.0],
                [1.0, 0.0, -0.0, -5e-06, -0.0, 0.0, -1.0, 0.000946, 0.0, 1.0, 0.0, 0.730237, 0.0, 0.0, 0.0, 1.0],
                [1.0, 0.0, -0.0, -5e-06, -0.0, 0.0, -1.0, 0.000946, 0.0, 1.0, 0.0, 0.730237, 0.0, 0.0, 0.0, 1.0],
                [1.0, 0.0, -0.0, -5e-06, -0.0, 0.0, -1.0, 0.000946, 0.0, 1.0, 0.0, 0.730237, 0.0, 0.0, 0.0, 1.0],
                [1.0, 0.0, -0.0, -5e-06, -0.0, 0.0, -1.0, 0.000946, 0.0, 1.0, 0.0, 0.730237, 0.0, 0.0, 0.0, 1.0],
                [1.0, 0.0, -0.0, -5e-06, -0.0, 0.0, -1.0, 0.000946, 0.0, 1.0, 0.0, 0.729505, 0.0, 0.0, 0.0, 1.0],
                [1.0, 0.0, -0.0, -5e-06, -0.0, 0.0, -1.0, 0.000946, 0.0, 1.0, 0.0, 0.727178, 0.0, 0.0, 0.0, 1.0],
                [1.0, 0.0, -0.0, -5e-06, -0.0, 0.0, -1.0, 0.000946, 0.0, 1.0, 0.0, 0.723317, 0.0, 0.0, 0.0, 1.0],
                [1.0, 0.0, -0.0, -5e-06, -0.0, 0.0, -1.0, 0.000946, 0.0, 1.0, 0.0, 0.718457, 0.0, 0.0, 0.0, 1.0],
                [1.0, 0.0, -0.0, -5e-06, -0.0, 0.0, -1.0, 0.000946, 0.0, 1.0, 0.0, 0.713384, 0.0, 0.0, 0.0, 1.0],
                [1.0, 0.0, -0.0, -5e-06, -0.0, 0.0, -1.0, 0.000946, 0.0, 1.0, 0.0, 0.708695, 0.0, 0.0, 0.0, 1.0],
                [1.0, 0.0, -0.0, -5e-06, -0.0, 0.0, -1.0, 0.000946, 0.0, 1.0, 0.0, 0.703417, 0.0, 0.0, 0.0, 1.0],
                [1.0, 0.0, -0.0, -5e-06, -0.0, 0.0, -1.0, 0.000946, 0.0, 1.0, 0.0, 0.69663, 0.0, 0.0, 0.0, 1.0],
                [1.0, 0.0, -0.0, -5e-06, -0.0, 0.0, -1.0, 0.000946, 0.0, 1.0, 0.0, 0.689307, 0.0, 0.0, 0.0, 1.0],
                [1.0, 0.0, -0.0, -5e-06, -0.0, 0.0, -1.0, 0.000946, 0.0, 1.0, 0.0, 0.682984, 0.0, 0.0, 0.0, 1.0],
                [1.0, 0.0, -0.0, -5e-06, -0.0, 0.0, -1.0, 0.000946, 0.0, 1.0, 0.0, 0.678943, 0.0, 0.0, 0.0, 1.0],
                [1.0, 0.0, -0.0, -5e-06, -0.0, 0.0, -1.0, 0.000946, 0.0, 1.0, 0.0, 0.677623, 0.0, 0.0, 0.0, 1.0],
                [1.0, 0.0, -0.0, -5e-06, -0.0, 0.0, -1.0, 0.000946, 0.0, 1.0, 0.0, 0.680873, 0.0, 0.0, 0.0, 1.0],
                [1.0, 0.0, -0.0, -5e-06, -0.0, 0.0, -1.0, 0.000946, 0.0, 1.0, 0.0, 0.690332, 0.0, 0.0, 0.0, 1.0],
                [1.0, 0.0, -0.0, -5e-06, -0.0, 0.0, -1.0, 0.000946, 0.0, 1.0, 0.0, 0.70393, 0.0, 0.0, 0.0, 1.0],
                [1.0, 0.0, -0.0, -5e-06, -0.0, 0.0, -1.0, 0.000946, 0.0, 1.0, 0.0, 0.717527, 0.0, 0.0, 0.0, 1.0],
                [1.0, 0.0, -0.0, -5e-06, -0.0, 0.0, -1.0, 0.000946, 0.0, 1.0, 0.0, 0.726986, 0.0, 0.0, 0.0, 1.0],
                [1.0, 0.0, -0.0, -5e-06, -0.0, 0.0, -1.0, 0.000946, 0.0, 1.0, 0.0, 0.730237, 0.0, 0.0, 0.0, 1.0],
                [1.0, 0.0, -0.0, -5e-06, -0.0, 0.0, -1.0, 0.000946, 0.0, 1.0, 0.0, 0.730237, 0.0, 0.0, 0.0, 1.0],
                [1.0, 0.0, -0.0, -5e-06, -0.0, 0.0, -1.0, 0.000946, 0.0, 1.0, 0.0, 0.730237, 0.0, 0.0, 0.0, 1.0],
                [1.0, 0.0, -0.0, -5e-06, -0.0, 0.0, -1.0, 0.000946, 0.0, 1.0, 0.0, 0.730237, 0.0, 0.0, 0.0, 1.0],
                [1.0, 0.0, -0.0, -5e-06, -0.0, 0.0, -1.0, 0.000946, 0.0, 1.0, 0.0, 0.730237, 0.0, 0.0, 0.0, 1.0],
                [1.0, 0.0, -0.0, -5e-06, -0.0, 0.0, -1.0, 0.000946, 0.0, 1.0, 0.0, 0.730237, 0.0, 0.0, 0.0, 1.0],
                [1.0, 0.0, -0.0, -5e-06, -0.0, 0.0, -1.0, 0.000946, 0.0, 1.0, 0.0, 0.730237, 0.0, 0.0, 0.0, 1.0],
                [1.0, 0.0, -0.0, -5e-06, -0.0, 0.0, -1.0, 0.000946, 0.0, 1.0, 0.0, 0.727118, 0.0, 0.0, 0.0, 1.0],
                [1.0, 0.0, -0.0, -5e-06, -0.0, 0.0, -1.0, 0.000946, 0.0, 1.0, 0.0, 0.718043, 0.0, 0.0, 0.0, 1.0],
                [1.0, 0.0, -0.0, -5e-06, -0.0, 0.0, -1.0, 0.000946, 0.0, 1.0, 0.0, 0.704996, 0.0, 0.0, 0.0, 1.0],
                [1.0, 0.0, -0.0, -5e-06, -0.0, 0.0, -1.0, 0.000946, 0.0, 1.0, 0.0, 0.69195, 0.0, 0.0, 0.0, 1.0],
                [1.0, 0.0, -0.0, -5e-06, -0.0, 0.0, -1.0, 0.000946, 0.0, 1.0, 0.0, 0.682874, 0.0, 0.0, 0.0, 1.0],
                [1.0, 0.0, -0.0, -5e-06, -0.0, 0.0, -1.0, 0.000946, 0.0, 1.0, 0.0, 0.679756, 0.0, 0.0, 0.0, 1.0],
                [1.0, 0.0, -0.0, -5e-06, -0.0, 0.0, -1.0, 0.000946, 0.0, 1.0, 0.0, 0.680532, 0.0, 0.0, 0.0, 1.0],
                [1.0, 0.0, -0.0, -5e-06, -0.0, 0.0, -1.0, 0.000946, 0.0, 1.0, 0.0, 0.682874, 0.0, 0.0, 0.0, 1.0],
                [1.0, 0.0, -0.0, -5e-06, -0.0, 0.0, -1.0, 0.000946, 0.0, 1.0, 0.0, 0.686737, 0.0, 0.0, 0.0, 1.0],
                [1.0, 0.0, -0.0, -5e-06, -0.0, 0.0, -1.0, 0.000946, 0.0, 1.0, 0.0, 0.69195, 0.0, 0.0, 0.0, 1.0],
                [1.0, 0.0, -0.0, -5e-06, -0.0, 0.0, -1.0, 0.000946, 0.0, 1.0, 0.0, 0.698192, 0.0, 0.0, 0.0, 1.0],
                [1.0, 0.0, -0.0, -5e-06, -0.0, 0.0, -1.0, 0.000946, 0.0, 1.0, 0.0, 0.704996, 0.0, 0.0, 0.0, 1.0],
                [1.0, 0.0, -0.0, -5e-06, -0.0, 0.0, -1.0, 0.000946, 0.0, 1.0, 0.0, 0.7118, 0.0, 0.0, 0.0, 1.0],
                [1.0, 0.0, -0.0, -5e-06, -0.0, 0.0, -1.0, 0.000946, 0.0, 1.0, 0.0, 0.718043, 0.0, 0.0, 0.0, 1.0],
                [1.0, 0.0, -0.0, -5e-06, -0.0, 0.0, -1.0, 0.000946, 0.0, 1.0, 0.0, 0.723256, 0.0, 0.0, 0.0, 1.0],
                [1.0, 0.0, -0.0, -5e-06, -0.0, 0.0, -1.0, 0.000946, 0.0, 1.0, 0.0, 0.727118, 0.0, 0.0, 0.0, 1.0],
                [1.0, 0.0, -0.0, -5e-06, -0.0, 0.0, -1.0, 0.000946, 0.0, 1.0, 0.0, 0.729461, 0.0, 0.0, 0.0, 1.0],
                [1.0, 0.0, -0.0, -5e-06, -0.0, 0.0, -1.0, 0.000946, 0.0, 1.0, 0.0, 0.730237, 0.0, 0.0, 0.0, 1.0]
            ]
        },
        {
            "name": "Thigh_R",
            "time": [0.0, 0.0167, 0.0333, 0.05, 0.0667, 0.0833, 0.1, 0.1167, 0.1333, 0.15, 0.1667, 0.1833, 0.2, 0.2167, 0.2333, 0.25, 0.2667, 0.2833, 0.3, 0.3167, 0.3333, 0.35, 0.3667, 0.3833, 0.4, 0.4167, 0.4333, 0.45, 0.4667, 0.4833, 0.5, 0.5167, 0.5333, 0.55, 0.5667, 0.5833, 0.6, 0.6167, 0.6333, 0.65, 0.6667, 0.6833, 0.7, 0.7167, 0.7333, 0.75, 0.7667, 0.7833, 0.8],
            "transform": [
                [0.999367, 0.033377, -0.012327, 0.124994, 0.032856, -0.732725, 0.679731, -0.002831, 0.013655, -0.679706, -0.733358, -1.2e-05, 0.0, 0.0, 0.0, 1.0],
                [0.999349, 0.033838, -0.012507, 0.124802, 0.032205, -0.680549, 0.731995, -0.002831, 0.016257, -0.731921, -0.681196, -0.00154, 0.0, 0.0, 0.0, 1.0],
                [0.999327, 0.034573, -0.012228, 0.124209, 0.028836, -0.534844, 0.844459, -0.002831, 0.022656, -0.844243, -0.535481, -0.006227, 0.0, 0.0, 0.0, 1.0],
                [0.999369, 0.034269, -0.009355, 0.123197, 0.022078, -0.392872, 0.919328, -0.002831, 0.027829, -0.918955, -0.393381, -0.014118, 0.0, 0.0, 0.0, 1.0],
                [0.99947, 0.032416, -0.0028, 0.121773, 0.014794, -0.376122, 0.926452, -0.002831, 0.028979, -0.926003, -0.376403, -0.025057, 0.0, 0.0, 0.0, 1.0],
                [0.999551, 0.029467, 0.005399, 0.119976, 0.008958, -0.465969, 0.884756, -0.002831, 0.028586, -0.88431, -0.466024, -0.038613, 0.0, 0.0, 0.0, 1.0],
                [0.999542, 0.028375, 0.010461, 0.117881, 0.007208, -0.559489, 0.828806, -0.002831, 0.02937, -0.828352, -0.559438, -0.054067, 0.0, 0.0, 0.0, 1.0],
                [0.99947, 0.029984, 0.012635, 0.115593, 0.009029, -0.628663, 0.777625, -0.002831, 0.031259, -0.7771, -0.628601, -0.070479, 0.0, 0.0, 0.0, 1.0],
                [0.999393, 0.031144, 0.015581, 0.11323, 0.011009, -0.707037, 0.707091, -0.002831, 0.033038, -0.70649, -0.706951, -0.086841, 0.0, 0.0, 0.0, 1.0],
                [0.99931, 0.031799, 0.019173, 0.110906, 0.013024, -0.783714, 0.620985, -0.002831, 0.034773, -0.620307, -0.783588, -0.102248, 0.0, 0.0, 0.0, 1.0],
                [0.999203, 0.032863, 0.022671, 0.10871, 0.015389, -0.841004, 0.54081, -0.002831, 0.036839, -0.54003, -0.84084, -0.116015, 0.0, 0.0, 0.0, 1.0],
                [0.999034, 0.036339, 0.024694, 0.106703, 0.018987, -0.86395, 0.503219, -0.002831, 0.039621, -0.502264, -0.863806, -0.127713, 0.0, 0.0, 0.0, 1.0],
                [0.998793, 0.042604, 0.024434, 0.10492, 0.023866, -0.855831, 0.516704, -0.002831, 0.042925, -0.515497, -0.855816, -0.137133, 0.0, 0.0, 0.0, 1.0],
                [0.998489, 0.049709, 0.023434, 0.103032, 0.02897, -0.838463, 0.544188, -0.002831, 0.0467, -0.542687, -0.838636, -0.145342, 0.0, 0.0, 0.0, 1.0],
                [0.998112, 0.057001, 0.022873, 0.10079, 0.033984, -0.822757, 0.567377, -0.002831, 0.05116, -0.565528, -0.823141, -0.15309, 0.0, 0.0, 0.0, 1.0],
                [0.99769, 0.064155, 0.022309, 0.098491, 0.038884, -0.808759, 0.586853, -0.002831, 0.055692, -0.58463, -0.809386, -0.159644, 0.0, 0.0, 0.0, 1.0],
                [0.9973, 0.070255, 0.021363, 0.096571, 0.043521, -0.799829, 0.598648, -0.002831, 0.059145, -0.596103, -0.800727, -0.164317, 0.0, 0.0, 0.0, 1.0],
                [0.997025, 0.074449, 0.019963, 0.095372, 0.04774, -0.799791, 0.598377, -0.002831, 0.060515, -0.595644, -0.800966, -0.166892, 0.0, 0.0, 0.0, 1.0],
                [0.996904, 0.076447, 0.0184, 0.094985, 0.05136, -0.81028, 0.583788, -0.002831, 0.059538, -0.581035, -0.811698, -0.167649, 0.0, 0.0, 0.0, 1.0],
                [0.996912, 0.076525, 0.017604, 0.095001, 0.054447, -0.835184, 0.547268, -0.002831, 0.056582, -0.54462, -0.836772, -0.166422, 0.0, 0.0, 0.0, 1.0],
                [0.997027, 0.074804, 0.018475, 0.095051, 0.056811, -0.87565, 0.479593, -0.002831, 0.052053, -0.477118, -0.877297, -0.162713, 0.0, 0.0, 0.0, 1.0],
                [0.997233, 0.071305, 0.021029, 0.095143, 0.057832, -0.921837, 0.383238, -0.002831, 0.046713, -0.380962, -0.92341, -0.156519, 0.0, 0.0, 0.0, 1.0],
                [0.997478, 0.066624, 0.024447, 0.095284, 0.057408, -0.960022, 0.273974, -0.002831, 0.041724, -0.27188, -0.961426, -0.147904, 0.0, 0.0, 0.0, 1.0],
                [0.997696, 0.062087, 0.027329, 0.095484, 0.056248, -0.982365, 0.178311, -0.002831, 0.037918, -0.176363, -0.983595, -0.137021, 0.0, 0.0, 0.0, 1.0],
                [0.997834, 0.059334, 0.028397, 0.09575, 0.05544, -0.99093, 0.122409, -0.002831, 0.035402, -0.12057, -0.992074, -0.124125, 0.0, 0.0, 0.0, 1.0],
                [0.997922, 0.058126, 0.027805, 0.09609, 0.054911, -0.992956, 0.104993, -0.002831, 0.033712, -0.103248, -0.994084, -0.109585, 0.0, 0.0, 0.0, 1.0],
                [0.998008, 0.057357, 0.026275, 0.09651, 0.05408, -0.992247, 0.111895, -0.002831, 0.032489, -0.110251, -0.993373, -0.093875, 0.0, 0.0, 0.0, 1.0],
                [0.998095, 0.05676, 0.024179, 0.097015, 0.053022, -0.989532, 0.134218, -0.002831, 0.031545, -0.13268, -0.990657, -0.077557, 0.0, 0.0, 0.0, 1.0],
                [0.998187, 0.055957, 0.022151, 0.097606, 0.051835, -0.9864, 0.155973, -0.002831, 0.030577, -0.154542, -0.987513, -0.061239, 0.0, 0.0, 0.0, 1.0],
                [0.998285, 0.054755, 0.02069, 0.098283, 0.050666, -0.985322, 0.16301, -0.002831, 0.029312, -0.161683, -0.986408, -0.045529, 0.0, 0.0, 0.0, 1.0],
                [0.998388, 0.053112, 0.020027, 0.099041, 0.049573, -0.987724, 0.148132, -0.002831, 0.027649, -0.1469, -0.988765, -0.030989, 0.0, 0.0, 0.0, 1.0],
                [0.998437, 0.05247, 0.019234, 0.099875, 0.049621, -0.990695, 0.126734, -0.002831, 0.025705, -0.125582, -0.99175, -0.018093, 0.0, 0.0, 0.0, 1.0],
                [0.998398, 0.05368, 0.017887, 0.100777, 0.05146, -0.992886, 0.107373, -0.002831, 0.023524, -0.106281, -0.994058, -0.00721, 0.0, 0.0, 0.0, 1.0],
                [0.998315, 0.055538, 0.016828, 0.101739, 0.054063, -0.995472, 0.078179, -0.002831, 0.021094, -0.077138, -0.996797, 0.001405, 0.0, 0.0, 0.0, 1.0],
                [0.998232, 0.057207, 0.016151, 0.102754, 0.056469, -0.997481, 0.04292, -0.002831, 0.018566, -0.041932, -0.998948, 0.007599, 0.0, 0.0, 0.0, 1.0],
                [0.998174, 0.058476, 0.015146, 0.103813, 0.058203, -0.998145, 0.017831, -0.002831, 0.016161, -0.016917, -0.999726, 0.011308, 0.0, 0.0, 0.0, 1.0],
                [0.998147, 0.059421, 0.013124, 0.104909, 0.059218, -0.998127, 0.015351, -0.002831, 0.014012, -0.014546, -0.999796, 0.012535, 0.0, 0.0, 0.0, 1.0],
                [0.998161, 0.059728, 0.010364, 0.106204, 0.059447, -0.997903, 0.025583, -0.002831, 0.011871, -0.02492, -0.999619, 0.012342, 0.0, 0.0, 0.0, 1.0],
                [0.998232, 0.058978, 0.007389, 0.107855, 0.058672, -0.997614, 0.03637, -0.002831, 0.009516, -0.035873, -0.999311, 0.01176, 0.0, 0.0, 0.0, 1.0],
                [0.99836, 0.057086, 0.004344, 0.109833, 0.056812, -0.997221, 0.048195, -0.002831, 0.007083, -0.04787, -0.998828, 0.0108, 0.0, 0.0, 0.0, 1.0],
                [0.998535, 0.054082, 0.00144, 0.112075, 0.053896, -0.996708, 0.060569, -0.002831, 0.004711, -0.060403, -0.998163, 0.009505, 0.0, 0.0, 0.0, 1.0],
                [0.998741, 0.05014, -0.001084, 0.114478, 0.050088, -0.996165, 0.071738, -0.002831, 0.002517, -0.071702, -0.997423, 0.007953, 0.0, 0.0, 0.0, 1.0],
                [0.998955, 0.045594, -0.00306, 0.116907, 0.045692, -0.995755, 0.079894, -0.002831, 0.000595, -0.079951, -0.996799, 0.006262, 0.0, 0.0, 0.0, 1.0],
                [0.999126, 0.041431, -0.005515, 0.119206, 0.041796, -0.991264, 0.125097, -0.002831, -0.000284, -0.125218, -0.992129, 0.004571, 0.0, 0.0, 0.0, 1.0],
                [0.999228, 0.038316, -0.008681, 0.121231, 0.039277, -0.969151, 0.243319, -0.002831, 0.00091, -0.243473, -0.969907, 0.003019, 0.0, 0.0, 0.0, 1.0],
                [0.999288, 0.036026, -0.011208, 0.122871, 0.037478, -0.913635, 0.404805, -0.002831, 0.004344, -0.404937, -0.914334, 0.001723, 0.0, 0.0, 0.0, 1.0],
                [0.99933, 0.034467, -0.012327, 0.124057, 0.035513, -0.831275, 0.554726, -0.002831, 0.008873, -0.554793, -0.831942, 0.000763, 0.0, 0.0, 0.0, 1.0],
                [0.999357, 0.033627, -0.012418, 0.124763, 0.033632, -0.75967, 0.649438, -0.002831, 0.012405, -0.649439, -0.760313, 0.000181, 0.0, 0.0, 0.0, 1.0],
                [0.999367, 0.033377, -0.012327, 0.124994, 0.032856, -0.732725, 0.679731, -0.002831, 0.013655, -0.679706, -0.733358, -1.2e-05, 0.0, 0.0, 0.0, 1.0]
            ]
        },
        {
            "name": "Leg_R",
            "time": [0.0, 0.0167, 0.0333, 0.05, 0.0667, 0.0833, 0.1, 0.1167, 0.1333, 0.15, 0.1667, 0.1833, 0.2, 0.2167, 0.2333, 0.25, 0.2667, 0.2833, 0.3, 0.3167, 0.3333, 0.35, 0.3667, 0.3833, 0.4, 0.4167, 0.4333, 0.45, 0.4667, 0.4833, 0.5, 0.5167, 0.5333, 0.55, 0.5667, 0.5833, 0.6, 0.6167, 0.6333, 0.65, 0.6667, 0.6833, 0.7, 0.7167, 0.7333, 0.75, 0.7667, 0.7833, 0.8],
            "transform": [
                [0.998245, -0.034745, -0.047952, 0.0, 0.034855, -0.309897, 0.950131, 0.374721, -0.047873, -0.950135, -0.308143, 0.0, 0.0, 0.0, 0.0, 1.0],
                [0.998246, -0.034755, -0.047923, 0.0, 0.034864, -0.309085, 0.950395, 0.374721, -0.047843, -0.950399, -0.307331, -0.0, 0.0, 0.0, 0.0, 1.0],
                [0.998312, -0.035287, -0.046132, 0.0, 0.035398, -0.260044, 0.964948, 0.374721, -0.046046, -0.964952, -0.258355, 0.0, 0.0, 0.0, 0.0, 1.0],
                [0.998569, -0.036459, -0.039133, 0.0, 0.036574, -0.068396, 0.996988, 0.374721, -0.039025, -0.996992, -0.066964, 0.0, 0.0, 0.0, 0.0, 1.0],
                [0.99902, -0.035207, -0.026846, 0.0, 0.035318, 0.268044, 0.962759, 0.374721, -0.0267, -0.962763, 0.269025, 0.0, 0.0, 0.0, 0.0, 1.0],
                [0.99946, -0.029328, -0.014847, -0.0, 0.02942, 0.59661, 0.801992, 0.374721, -0.014663, -0.801995, 0.597151, -0.0, 0.0, 0.0, 0.0, 1.0],
                [0.999672, -0.023964, -0.009063, -0.0, 0.024039, 0.754977, 0.65531, 0.374721, -0.008861, -0.655313, 0.755305, 0.0, 0.0, 0.0, 0.0, 1.0],
                [0.999741, -0.021613, -0.007187, 0.0, 0.021681, 0.806365, 0.591021, 0.374721, -0.006979, -0.591023, 0.806624, 0.0, 0.0, 0.0, 0.0, 1.0],
                [0.999813, -0.018623, -0.005213, 0.0, 0.018682, 0.860405, 0.509269, 0.374721, -0.004999, -0.509271, 0.860592, 0.0, 0.0, 0.0, 0.0, 1.0],
                [0.999879, -0.015182, -0.003416, 0.0, 0.01523, 0.909617, 0.415168, 0.374721, -0.003196, -0.41517, 0.909738, -0.0, 0.0, 0.0, 0.0, 1.0],
                [0.999919, -0.012528, -0.002328, 0.0, 0.012567, 0.939403, 0.342585, 0.374721, -0.002105, -0.342586, 0.939484, 0.0, 0.0, 0.0, 0.0, 1.0],
                [0.999914, -0.012869, -0.002454, 0.0, 0.012909, 0.935946, 0.351907, 0.374721, -0.002232, -0.351909, 0.936032, 0.0, 0.0, 0.0, 0.0, 1.0],
                [0.999859, -0.016301, -0.003949, -0.0, 0.016352, 0.895005, 0.445756, 0.374721, -0.003731, -0.445758, 0.895146, 0.0, 0.0, 0.0, 0.0, 1.0],
                [0.999782, -0.01997, -0.00605, -0.0, 0.020033, 0.83749, 0.546085, 0.374721, -0.005838, -0.546088, 0.837708, 0.0, 0.0, 0.0, 0.0, 1.0],
                [0.999708, -0.02278, -0.008078, 0.0, 0.022851, 0.78195, 0.622923, 0.374721, -0.007873, -0.622925, 0.782242, -0.0, 0.0, 0.0, 0.0, 1.0],
                [0.999637, -0.02501, -0.010007, -0.0, 0.025089, 0.729135, 0.68391, 0.374721, -0.009808, -0.683913, 0.729498, 0.0, 0.0, 0.0, 0.0, 1.0],
                [0.999573, -0.026742, -0.011744, 0.0, 0.026826, 0.681566, 0.731265, 0.374721, -0.011551, -0.731268, 0.681992, 0.0, 0.0, 0.0, 0.0, 1.0],
                [0.999521, -0.02801, -0.013179, 0.0, 0.028098, 0.642283, 0.765952, 0.374721, -0.01299, -0.765956, 0.642762, 0.0, 0.0, 0.0, 0.0, 1.0],
                [0.999482, -0.028853, -0.014222, 0.0, 0.028944, 0.613712, 0.789, 0.374721, -0.014037, -0.789003, 0.614229, 0.0, 0.0, 0.0, 0.0, 1.0],
                [0.999474, -0.029042, -0.014468, -0.0, 0.029134, 0.60698, 0.794183, 0.374721, -0.014283, -0.794186, 0.607507, -0.0, 0.0, 0.0, 0.0, 1.0],
                [0.999511, -0.028228, -0.013441, 0.0, 0.028317, 0.635093, 0.771916, 0.374721, -0.013253, -0.771919, 0.635582, 0.0, 0.0, 0.0, 0.0, 1.0],
                [0.999593, -0.026245, -0.011222, 0.0, 0.026328, 0.695866, 0.717689, 0.374721, -0.011027, -0.717692, 0.696273, -0.0, 0.0, 0.0, 0.0, 1.0],
                [0.999694, -0.023255, -0.008463, 0.0, 0.023328, 0.77141, 0.635911, 0.374721, -0.008259, -0.635914, 0.771716, 0.0, 0.0, 0.0, 0.0, 1.0],
                [0.999778, -0.020143, -0.006164, 0.0, 0.020206, 0.834379, 0.550821, 0.374721, -0.005952, -0.550823, 0.834601, -0.0, 0.0, 0.0, 0.0, 1.0],
                [0.999818, -0.018371, -0.005065, -0.0, 0.018428, 0.864464, 0.502357, 0.374721, -0.00485, -0.502359, 0.864645, -0.0, 0.0, 0.0, 0.0, 1.0],
                [0.999827, -0.017978, -0.00484, -0.0, 0.018035, 0.870624, 0.491618, 0.374721, -0.004625, -0.49162, 0.870798, -0.0, 0.0, 0.0, 0.0, 1.0],
                [0.999823, -0.018144, -0.004934, 0.0, 0.018201, 0.868035, 0.496169, 0.374721, -0.004719, -0.496171, 0.868212, 0.0, 0.0, 0.0, 0.0, 1.0],
                [0.999813, -0.018639, -0.005222, 0.0, 0.018698, 0.860151, 0.509697, 0.374721, -0.005008, -0.509699, 0.860338, 0.0, 0.0, 0.0, 0.0, 1.0],
                [0.999803, -0.019081, -0.005488, -0.0, 0.019141, 0.852868, 0.521777, 0.374721, -0.005275, -0.521779, 0.853065, -0.0, 0.0, 0.0, 0.0, 1.0],
                [0.9998, -0.019218, -0.005572, -0.0, 0.019278, 0.850565, 0.525517, 0.374721, -0.005359, -0.525519, 0.850765, 0.0, 0.0, 0.0, 0.0, 1.0],
                [0.999806, -0.018941, -0.005403, -0.0, 0.019, 0.855203, 0.517945, 0.374721, -0.00519, -0.517947, 0.855397, 0.0, 0.0, 0.0, 0.0, 1.0],
                [0.999793, -0.019539, -0.005773, 0.0, 0.019601, 0.84506, 0.534313, 0.374721, -0.005561, -0.534315, 0.845268, 0.0, 0.0, 0.0, 0.0, 1.0],
                [0.999739, -0.021689, -0.007243, -0.0, 0.021758, 0.804827, 0.593111, 0.374721, -0.007035, -0.593113, 0.805088, 0.0, 0.0, 0.0, 0.0, 1.0],
                [0.999666, -0.02413, -0.009208, 0.0, 0.024206, 0.751, 0.659858, 0.374721, -0.009007, -0.659861, 0.751334, -0.0, 0.0, 0.0, 0.0, 1.0],
                [0.999594, -0.026204, -0.01118, -0.0, 0.026286, 0.697029, 0.716562, 0.374721, -0.010984, -0.716564, 0.697434, 0.0, 0.0, 0.0, 0.0, 1.0],
                [0.999521, -0.027994, -0.01316, 0.0, 0.028082, 0.64281, 0.765511, 0.374721, -0.012971, -0.765514, 0.643288, 0.0, 0.0, 0.0, 0.0, 1.0],
                [0.999439, -0.029738, -0.015409, -0.0, 0.029831, 0.581226, 0.813195, 0.374721, -0.015227, -0.813198, 0.581787, 0.0, 0.0, 0.0, 0.0, 1.0],
                [0.999347, -0.031372, -0.017905, -0.0, 0.031471, 0.512857, 0.857898, 0.374721, -0.017731, -0.857901, 0.513509, -0.0, 0.0, 0.0, 0.0, 1.0],
                [0.999253, -0.03277, -0.020471, 0.0, 0.032873, 0.442618, 0.896108, 0.374721, -0.020305, -0.896111, 0.443364, -0.0, 0.0, 0.0, 0.0, 1.0],
                [0.99916, -0.033912, -0.023026, -0.0, 0.034019, 0.372631, 0.927356, 0.374721, -0.022869, -0.92736, 0.373471, 0.0, 0.0, 0.0, 0.0, 1.0],
                [0.99907, -0.034797, -0.025476, 0.0, 0.034906, 0.305561, 0.951532, 0.374721, -0.025326, -0.951536, 0.306492, -0.0, 0.0, 0.0, 0.0, 1.0],
                [0.998988, -0.035432, -0.027693, -0.0, 0.035544, 0.244846, 0.96891, 0.374721, -0.02755, -0.968914, 0.245858, 0.0, 0.0, 0.0, 0.0, 1.0],
                [0.99892, -0.035854, -0.029568, 0.0, 0.035966, 0.193502, 0.98044, 0.374721, -0.029431, -0.980444, 0.194583, -0.0, 0.0, 0.0, 0.0, 1.0],
                [0.998816, -0.036296, -0.032382, 0.0, 0.03641, 0.116447, 0.99253, 0.374721, -0.032254, -0.992533, 0.11763, -0.0, 0.0, 0.0, 0.0, 1.0],
                [0.998646, -0.036542, -0.03703, 0.0, 0.036657, -0.010825, 0.999269, 0.374721, -0.036916, -0.999274, -0.009471, 0.0, 0.0, 0.0, 0.0, 1.0],
                [0.998463, -0.036147, -0.042003, 0.0, 0.036261, -0.146983, 0.988474, 0.374721, -0.041904, -0.988478, -0.145446, 0.0, 0.0, 0.0, 0.0, 1.0],
                [0.99833, -0.035419, -0.045629, -0.0, 0.03553, -0.246284, 0.968546, 0.374721, -0.045542, -0.96855, -0.244614, 0.0, 0.0, 0.0, 0.0, 1.0],
                [0.998264, -0.034905, -0.047451, 0.0, 0.035015, -0.296182, 0.95449, 0.374721, -0.04737, -0.954494, -0.294445, -0.0, 0.0, 0.0, 0.0, 1.0],
                [0.998245, -0.034745, -0.047952, 0.0, 0.034855, -0.309897, 0.950131, 0.374721, -0.047873, -0.950135, -0.308143, 0.0, 0.0, 0.0, 0.0, 1.0]
            ]
        },
        {
            "name": "Knee_R",
            "time": [0.0, 0.0167, 0.0333, 0.05, 0.0667, 0.0833, 0.1, 0.1167, 0.1333, 0.15, 0.1667, 0.1833, 0.2, 0.2167, 0.2333, 0.25, 0.2667, 0.2833, 0.3, 0.3167, 0.3333, 0.35, 0.3667, 0.3833, 0.4, 0.4167, 0.4333, 0.45, 0.4667, 0.4833, 0.5, 0.5167, 0.5333, 0.55, 0.5667, 0.5833, 0.6, 0.6167, 0.6333, 0.65, 0.6667, 0.6833, 0.7, 0.7167, 0.7333, 0.75, 0.7667, 0.7833, 0.8],
            "transform": [
                [1.0, -5.7e-05, 5.7e-05, -5e-06, 5.7e-05, 0.001565, -0.999999, 0.464721, 5.7e-05, 0.999999, 0.001565, -0.000141, 0.0, 0.0, 0.0, 1.0],
                [1.0, -5.7e-05, 5.7e-05, -5e-06, 5.7e-05, 0.001565, -0.999999, 0.46472, 5.7e-05, 0.999999, 0.001565, -0.000141, 0.0, 0.0, 0.0, 1.0],
                [1.0, -5.7e-05, 5.7e-05, -5e-06, 5.7e-05, 0.001565, -0.999999, 0.464721, 5.7e-05, 0.999999, 0.001565, -0.000141, 0.0, 0.0, 0.0, 1.0],
                [1.0, -5.7e-05, 5.7e-05, -5e-06, 5.7e-05, 0.001565, -0.999999, 0.464721, 5.7e-05, 0.999999, 0.001565, -0.000141, 0.0, 0.0, 0.0, 1.0],
                [1.0, -5.7e-05, 5.7e-05, -4e-06, 5.7e-05, 0.001565, -0.999999, 0.441033, 5.7e-05, 0.999999, 0.001565, -0.000104, 0.0, 0.0, 0.0, 1.0],
                [1.0, -5.7e-05, 5.7e-05, -2e-06, 5.7e-05, 0.001565, -0.999999, 0.409446, 5.7e-05, 0.999999, 0.001565, -5.4e-05, 0.0, 0.0, 0.0, 1.0],
                [1.0, -5.7e-05, 5.7e-05, -1e-06, 5.7e-05, 0.001565, -0.999999, 0.39087, 5.7e-05, 0.999999, 0.001565, -2.5e-05, 0.0, 0.0, 0.0, 1.0],
                [1.0, -5.7e-05, 5.7e-05, -1e-06, 5.7e-05, 0.001565, -0.999999, 0.383798, 5.7e-05, 0.999999, 0.001565, -1.4e-05, 0.0, 0.0, 0.0, 1.0],
                [1.0, -5.7e-05, 5.7e-05, -0.0, 5.7e-05, 0.001565, -0.999999, 0.375375, 5.7e-05, 0.999999, 0.001565, -1e-06, 0.0, 0.0, 0.0, 1.0],
                [1.0, -5.7e-05, 5.7e-05, 0.0, 5.7e-05, 0.001565, -0.999999, 0.374721, 5.7e-05, 0.999999, 0.001565, -0.0, 0.0, 0.0, 0.0, 1.0],
                [1.0, -5.7e-05, 5.7e-05, 0.0, 5.7e-05, 0.001565, -0.999999, 0.374721, 5.7e-05, 0.999999, 0.001565, 0.0, 0.0, 0.0, 0.0, 1.0],
                [1.0, -5.7e-05, 5.7e-05, 0.0, 5.7e-05, 0.001565, -0.999999, 0.374721, 5.7e-05, 0.999999, 0.001565, -0.0, 0.0, 0.0, 0.0, 1.0],
                [1.0, -5.7e-05, 5.7e-05, 0.0, 5.7e-05, 0.001565, -0.999999, 0.374721, 5.7e-05, 0.999999, 0.001565, -0.0, 0.0, 0.0, 0.0, 1.0],
                [1.0, -5.7e-05, 5.7e-05, -0.0, 5.7e-05, 0.001565, -0.999999, 0.379101, 5.7e-05, 0.999999, 0.001565, -7e-06, 0.0, 0.0, 0.0, 1.0],
                [1.0, -5.7e-05, 5.7e-05, -1e-06, 5.7e-05, 0.001565, -0.999999, 0.387249, 5.7e-05, 0.999999, 0.001565, -2e-05, 0.0, 0.0, 0.0, 1.0],
                [1.0, -5.7e-05, 5.7e-05, -1e-06, 5.7e-05, 0.001565, -0.999999, 0.394181, 5.7e-05, 0.999999, 0.001565, -3e-05, 0.0, 0.0, 0.0, 1.0],
                [1.0, -5.7e-05, 5.7e-05, -1e-06, 5.7e-05, 0.001565, -0.999999, 0.399947, 5.7e-05, 0.999999, 0.001565, -3.9e-05, 0.0, 0.0, 0.0, 1.0],
                [1.0, -5.7e-05, 5.7e-05, -2e-06, 5.7e-05, 0.001565, -0.999999, 0.404448, 5.7e-05, 0.999999, 0.001565, -4.6e-05, 0.0, 0.0, 0.0, 1.0],
                [1.0, -5.7e-05, 5.7e-05, -2e-06, 5.7e-05, 0.001565, -0.999999, 0.407601, 5.7e-05, 0.999999, 0.001565, -5.1e-05, 0.0, 0.0, 0.0, 1.0],
                [1.0, -5.7e-05, 5.7e-05, -2e-06, 5.7e-05, 0.001565, -0.999999, 0.408331, 5.7e-05, 0.999999, 0.001565, -5.3e-05, 0.0, 0.0, 0.0, 1.0],
                [1.0, -5.7e-05, 5.7e-05, -2e-06, 5.7e-05, 0.001565, -0.999999, 0.405251, 5.7e-05, 0.999999, 0.001565, -4.8e-05, 0.0, 0.0, 0.0, 1.0],
                [1.0, -5.7e-05, 5.7e-05, -1e-06, 5.7e-05, 0.001565, -0.999999, 0.398253, 5.7e-05, 0.999999, 0.001565, -3.7e-05, 0.0, 0.0, 0.0, 1.0],
                [1.0, -5.7e-05, 5.7e-05, -1e-06, 5.7e-05, 0.001565, -0.999999, 0.388686, 5.7e-05, 0.999999, 0.001565, -2.2e-05, 0.0, 0.0, 0.0, 1.0],
                [1.0, -5.7e-05, 5.7e-05, -0.0, 5.7e-05, 0.001565, -0.999999, 0.379588, 5.7e-05, 0.999999, 0.001565, -8e-06, 0.0, 0.0, 0.0, 1.0],
                [1.0, -5.7e-05, 5.7e-05, 0.0, 5.7e-05, 0.001565, -0.999999, 0.374721, 5.7e-05, 0.999999, 0.001565, 0.0, 0.0, 0.0, 0.0, 1.0],
                [1.0, -5.7e-05, 5.7e-05, 0.0, 5.7e-05, 0.001565, -0.999999, 0.374721, 5.7e-05, 0.999999, 0.001565, -0.0, 0.0, 0.0, 0.0, 1.0],
                [1.0, -5.7e-05, 5.7e-05, 0.0, 5.7e-05, 0.001565, -0.999999, 0.374721, 5.7e-05, 0.999999, 0.001565, 0.0, 0.0, 0.0, 0.0, 1.0],
                [1.0, -5.7e-05, 5.7e-05, -0.0, 5.7e-05, 0.001565, -0.999999, 0.375418, 5.7e-05, 0.999999, 0.001565, -1e-06, 0.0, 0.0, 0.0, 1.0],
                [1.0, -5.7e-05, 5.7e-05, -0.0, 5.7e-05, 0.001565, -0.999999, 0.37663, 5.7e-05, 0.999999, 0.001565, -3e-06, 0.0, 0.0, 0.0, 1.0],
                [1.0, -5.7e-05, 5.7e-05, -0.0, 5.7e-05, 0.001565, -0.999999, 0.377007, 5.7e-05, 0.999999, 0.001565, -4e-06, 0.0, 0.0, 0.0, 1.0],
                [1.0, -5.7e-05, 5.7e-05, -0.0, 5.7e-05, 0.001565, -0.999999, 0.376244, 5.7e-05, 0.999999, 0.001565, -2e-06, 0.0, 0.0, 0.0, 1.0],
                [1.0, -5.7e-05, 5.7e-05, -0.0, 5.7e-05, 0.001565, -0.999999, 0.377899, 5.7e-05, 0.999999, 0.001565, -5e-06, 0.0, 0.0, 0.0, 1.0],
                [1.0, -5.7e-05, 5.7e-05, -1e-06, 5.7e-05, 0.001565, -0.999999, 0.384021, 5.7e-05, 0.999999, 0.001565, -1.5e-05, 0.0, 0.0, 0.0, 1.0],
                [1.0, -5.7e-05, 5.7e-05, -1e-06, 5.7e-05, 0.001565, -0.999999, 0.391388, 5.7e-05, 0.999999, 0.001565, -2.6e-05, 0.0, 0.0, 0.0, 1.0],
                [1.0, -5.7e-05, 5.7e-05, -1e-06, 5.7e-05, 0.001565, -0.999999, 0.398114, 5.7e-05, 0.999999, 0.001565, -3.7e-05, 0.0, 0.0, 0.0, 1.0],
                [1.0, -5.7e-05, 5.7e-05, -2e-06, 5.7e-05, 0.001565, -0.999999, 0.404389, 5.7e-05, 0.999999, 0.001565, -4.6e-05, 0.0, 0.0, 0.0, 1.0],
                [1.0, -5.7e-05, 5.7e-05, -2e-06, 5.7e-05, 0.001565, -0.999999, 0.41108, 5.7e-05, 0.999999, 0.001565, -5.7e-05, 0.0, 0.0, 0.0, 1.0],
                [1.0, -5.7e-05, 5.7e-05, -2e-06, 5.7e-05, 0.001565, -0.999999, 0.418097, 5.7e-05, 0.999999, 0.001565, -6.8e-05, 0.0, 0.0, 0.0, 1.0],
                [1.0, -5.7e-05, 5.7e-05, -3e-06, 5.7e-05, 0.001565, -0.999999, 0.424965, 5.7e-05, 0.999999, 0.001565, -7.9e-05, 0.0, 0.0, 0.0, 1.0],
                [1.0, -5.7e-05, 5.7e-05, -3e-06, 5.7e-05, 0.001565, -0.999999, 0.431548, 5.7e-05, 0.999999, 0.001565, -8.9e-05, 0.0, 0.0, 0.0, 1.0],
                [1.0, -5.7e-05, 5.7e-05, -4e-06, 5.7e-05, 0.001565, -0.999999, 0.437671, 5.7e-05, 0.999999, 0.001565, -9.9e-05, 0.0, 0.0, 0.0, 1.0],
                [1.0, -5.7e-05, 5.7e-05, -4e-06, 5.7e-05, 0.001565, -0.999999, 0.443094, 5.7e-05, 0.999999, 0.001565, -0.000107, 0.0, 0.0, 0.0, 1.0],
                [1.0, -5.7e-05, 5.7e-05, -4e-06, 5.7e-05, 0.001565, -0.999999, 0.447614, 5.7e-05, 0.999999, 0.001565, -0.000114, 0.0, 0.0, 0.0, 1.0],
                [1.0, -5.7e-05, 5.7e-05, -5e-06, 5.7e-05, 0.001565, -0.999999, 0.454313, 5.7e-05, 0.999999, 0.001565, -0.000125, 0.0, 0.0, 0.0, 1.0],
                [1.0, -5.7e-05, 5.7e-05, -5e-06, 5.7e-05, 0.001565, -0.999999, 0.464721, 5.7e-05, 0.999999, 0.001565, -0.000141, 0.0, 0.0, 0.0, 1.0],
                [1.0, -5.7e-05, 5.7e-05, -5e-06, 5.7e-05, 0.001565, -0.999999, 0.464721, 5.7e-05, 0.999999, 0.001565, -0.000141, 0.0, 0.0, 0.0, 1.0],
                [1.0, -5.7e-05, 5.7e-05, -5e-06, 5.7e-05, 0.001565, -0.999999, 0.46472, 5.7e-05, 0.999999, 0.001565, -0.000141, 0.0, 0.0, 0.0, 1.0],
                [1.0, -5.7e-05, 5.7e-05, -5e-06, 5.7e-05, 0.001565, -0.999999, 0.46472, 5.7e-05, 0.999999, 0.001565, -0.000141, 0.0, 0.0, 0.0, 1.0],
                [1.0, -5.7e-05, 5.7e-05, -5e-06, 5.7e-05, 0.001565, -0.999999, 0.464721, 5.7e-05, 0.999999, 0.001565, -0.000141, 0.0, 0.0, 0.0, 1.0]
            ]
        },
        {
            "name": "Thigh_L",
            "time": [0.0, 0.0167, 0.0333, 0.05, 0.0667, 0.0833, 0.1, 0.1167, 0.1333, 0.15, 0.1667, 0.1833, 0.2, 0.2167, 0.2333, 0.25, 0.2667, 0.2833, 0.3, 0.3167, 0.3333, 0.35, 0.3667, 0.3833, 0.4, 0.4167, 0.4333, 0.45, 0.4667, 0.4833, 0.5, 0.5167, 0.5333, 0.55, 0.5667, 0.5833, 0.6, 0.6167, 0.6333, 0.65, 0.6667, 0.6833, 0.7, 0.7167, 0.7333, 0.75, 0.7667, 0.7833, 0.8],
            "transform": [
                [1.0, -1.3e-05, 3e-05, -0.125006, -2.4e-05, -0.923435, 0.383753, -0.002831, 2.3e-05, -0.383753, -0.923436, -1.2e-05, 0.0, 0.0, 0.0, 1.0],
                [1.0, -9.3e-05, 2.3e-05, -0.124952, -9.5e-05, -0.925642, 0.378399, -0.002832, -1.4e-05, -0.378399, -0.925643, 0.000866, 0.0, 0.0, 0.0, 1.0],
                [1.0, -0.000337, -1e-06, -0.12479, -0.000315, -0.933085, 0.359655, -0.002836, -0.000122, -0.359655, -0.933086, 0.003558, 0.0, 0.0, 0.0, 1.0],
                [1.0, -0.000747, -5.3e-05, -0.124522, -0.00069, -0.946139, 0.323759, -0.002842, -0.000292, -0.323759, -0.94614, 0.008092, 0.0, 0.0, 0.0, 1.0],
                [0.999999, -0.001309, -0.00016, -0.124161, -0.001215, -0.962027, 0.272952, -0.002849, -0.000511, -0.272952, -0.962028, 0.014379, 0.0, 0.0, 0.0, 1.0],
                [0.999998, -0.001983, -0.000337, -0.123728, -0.001862, -0.976001, 0.217757, -0.002857, -0.000761, -0.217756, -0.976003, 0.022171, 0.0, 0.0, 0.0, 1.0],
                [0.999996, -0.002714, -0.000569, -0.123257, -0.002577, -0.985384, 0.170328, -0.002864, -0.001023, -0.170326, -0.985388, 0.031059, 0.0, 0.0, 0.0, 1.0],
                [0.999994, -0.003459, -0.000803, -0.122785, -0.003315, -0.99039, 0.138263, -0.002869, -0.001274, -0.138259, -0.990395, 0.040501, 0.0, 0.0, 0.0, 1.0],
                [0.999991, -0.004197, -0.000978, -0.122353, -0.004045, -0.992409, 0.122909, -0.00287, -0.001486, -0.122904, -0.992418, 0.04992, 0.0, 0.0, 0.0, 1.0],
                [0.999987, -0.004893, -0.001057, -0.121991, -0.004728, -0.992585, 0.121459, -0.002867, -0.001643, -0.121452, -0.992596, 0.058796, 0.0, 0.0, 0.0, 1.0],
                [0.999984, -0.005507, -0.00103, -0.121724, -0.005327, -0.99153, 0.129765, -0.00286, -0.001736, -0.129758, -0.991544, 0.066736, 0.0, 0.0, 0.0, 1.0],
                [0.999982, -0.006001, -0.000907, -0.121561, -0.005808, -0.989583, 0.143848, -0.002847, -0.001761, -0.14384, -0.989599, 0.073492, 0.0, 0.0, 0.0, 1.0],
                [0.99998, -0.006342, -0.000714, -0.121508, -0.006146, -0.987092, 0.160034, -0.002831, -0.00172, -0.160026, -0.987111, 0.078945, 0.0, 0.0, 0.0, 1.0],
                [0.99998, -0.006313, -0.00047, -0.121669, -0.006134, -0.984584, 0.174803, -0.002238, -0.001566, -0.174797, -0.984603, 0.08372, 0.0, 0.0, 0.0, 1.0],
                [0.999984, -0.00568, -0.000218, -0.122139, -0.00554, -0.982412, 0.186645, -0.00055, -0.001274, -0.186641, -0.982427, 0.088261, 0.0, 0.0, 0.0, 1.0],
                [0.99999, -0.004556, -1.7e-05, -0.122814, -0.004464, -0.980444, 0.196747, 0.001867, -0.000913, -0.196745, -0.980454, 0.092131, 0.0, 0.0, 0.0, 1.0],
                [0.999995, -0.003307, 0.000106, -0.123489, -0.003257, -0.978227, 0.207512, 0.004279, -0.000583, -0.207511, -0.978233, 0.094911, 0.0, 0.0, 0.0, 1.0],
                [0.999997, -0.002388, 0.000164, -0.123958, -0.002365, -0.97547, 0.220118, 0.005955, -0.000365, -0.220118, -0.975473, 0.096454, 0.0, 0.0, 0.0, 1.0],
                [0.999998, -0.002095, 0.000217, -0.124119, -0.002087, -0.97208, 0.234642, 0.006531, -0.00028, -0.234642, -0.972082, 0.09691, 0.0, 0.0, 0.0, 1.0],
                [0.999992, -0.00395, 0.000522, -0.123353, -0.003953, -0.966925, 0.255031, 0.006531, -0.000502, -0.255032, -0.966933, 0.09382, 0.0, 0.0, 0.0, 1.0],
                [0.999956, -0.009187, 0.001635, -0.121122, -0.009264, -0.95626, 0.29237, 0.006531, -0.001122, -0.292373, -0.956304, 0.084383, 0.0, 0.0, 0.0, 1.0],
                [0.99986, -0.016244, 0.004101, -0.117915, -0.016642, -0.934723, 0.354986, 0.006531, -0.001933, -0.355005, -0.934863, 0.06965, 0.0, 0.0, 0.0, 1.0],
                [0.999718, -0.022367, 0.008039, -0.114708, -0.023613, -0.896164, 0.443094, 0.006531, -0.002706, -0.443158, -0.896439, 0.052658, 0.0, 0.0, 0.0, 1.0],
                [0.9996, -0.025324, 0.012631, -0.112477, -0.028107, -0.836496, 0.547251, 0.006531, -0.003293, -0.547387, -0.836873, 0.037011, 0.0, 0.0, 0.0, 1.0],
                [0.999563, -0.024569, 0.016436, -0.111711, -0.029335, -0.75597, 0.653949, 0.006531, -0.003642, -0.654145, -0.75636, 0.024975, 0.0, 0.0, 0.0, 1.0],
                [0.999588, -0.021207, 0.019359, -0.111762, -0.028431, -0.63658, 0.770686, 0.006533, -0.00402, -0.770919, -0.636921, 0.01475, 0.0, 0.0, 0.0, 1.0],
                [0.99964, -0.016989, 0.020779, -0.111915, -0.026414, -0.485327, 0.873933, 0.00654, -0.004763, -0.874168, -0.485601, 0.003982, 0.0, 0.0, 0.0, 1.0],
                [0.999712, -0.014399, 0.01922, -0.112172, -0.023285, -0.385319, 0.92249, 0.00655, -0.005877, -0.922671, -0.385543, -0.007145, 0.0, 0.0, 0.0, 1.0],
                [0.999783, -0.014212, 0.015249, -0.112532, -0.019584, -0.389827, 0.92068, 0.006562, -0.007141, -0.920779, -0.390021, -0.018352, 0.0, 0.0, 0.0, 1.0],
                [0.999834, -0.014767, 0.01068, -0.112992, -0.016321, -0.464803, 0.885264, 0.006575, -0.008108, -0.885291, -0.464967, -0.029265, 0.0, 0.0, 0.0, 1.0],
                [0.999863, -0.014811, 0.007374, -0.113549, -0.014233, -0.542701, 0.839805, 0.006586, -0.008437, -0.839795, -0.542838, -0.039454, 0.0, 0.0, 0.0, 1.0],
                [0.999883, -0.014442, 0.004953, -0.114196, -0.012731, -0.609647, 0.79257, 0.006594, -0.008427, -0.792541, -0.60976, -0.048492, 0.0, 0.0, 0.0, 1.0],
                [0.999902, -0.013792, 0.002428, -0.114922, -0.011229, -0.685979, 0.727534, 0.006596, -0.008369, -0.72749, -0.686067, -0.056037, 0.0, 0.0, 0.0, 1.0],
                [0.999918, -0.012795, 9.2e-05, -0.115717, -0.00986, -0.765942, 0.642834, 0.006592, -0.008154, -0.642782, -0.766006, -0.06188, 0.0, 0.0, 0.0, 1.0],
                [0.999932, -0.011479, -0.001816, -0.116566, -0.008697, -0.842716, 0.538288, 0.006579, -0.007709, -0.538236, -0.842759, -0.065952, 0.0, 0.0, 0.0, 1.0],
                [0.999945, -0.010058, -0.002823, -0.117453, -0.007723, -0.893707, 0.448583, 0.006559, -0.007034, -0.448537, -0.893737, -0.068303, 0.0, 0.0, 0.0, 1.0],
                [0.999957, -0.009014, -0.002113, -0.118358, -0.006883, -0.876447, 0.481448, 0.006531, -0.006191, -0.481413, -0.876472, -0.069053, 0.0, 0.0, 0.0, 1.0],
                [0.999968, -0.007927, -0.001346, -0.119264, -0.006054, -0.852411, 0.522836, 0.006359, -0.005292, -0.522811, -0.852432, -0.067992, 0.0, 0.0, 0.0, 1.0],
                [0.999977, -0.006736, -0.001006, -0.12015, -0.005189, -0.849148, 0.528129, 0.005905, -0.004412, -0.528111, -0.849164, -0.064788, 0.0, 0.0, 0.0, 1.0],
                [0.999984, -0.005557, -0.000803, -0.120999, -0.004331, -0.854495, 0.519441, 0.005176, -0.003573, -0.519429, -0.854506, -0.059506, 0.0, 0.0, 0.0, 1.0],
                [0.99999, -0.004445, -0.000643, -0.121795, -0.003517, -0.863925, 0.503608, 0.004204, -0.002795, -0.5036, -0.863932, -0.052376, 0.0, 0.0, 0.0, 1.0],
                [0.999994, -0.003435, -0.00049, -0.122521, -0.002765, -0.874149, 0.48565, 0.003049, -0.002097, -0.485646, -0.874153, -0.043838, 0.0, 0.0, 0.0, 1.0],
                [0.999997, -0.002544, -0.000343, -0.123168, -0.002086, -0.8832, 0.468992, 0.001795, -0.001496, -0.46899, -0.883203, -0.034533, 0.0, 0.0, 0.0, 1.0],
                [0.999998, -0.001791, -0.000186, -0.123724, -0.001499, -0.885518, 0.464603, 0.000545, -0.000997, -0.464602, -0.885519, -0.025227, 0.0, 0.0, 0.0, 1.0],
                [0.999999, -0.001171, -6.9e-05, -0.124185, -0.001006, -0.886509, 0.46271, -0.0006, -0.000603, -0.46271, -0.88651, -0.016689, 0.0, 0.0, 0.0, 1.0],
                [1.0, -0.000676, -1.4e-05, -0.124545, -0.000599, -0.895078, 0.445908, -0.001555, -0.000314, -0.445908, -0.895079, -0.009559, 0.0, 0.0, 0.0, 1.0],
                [1.0, -0.000311, 1e-05, -0.124802, -0.000287, -0.908551, 0.417773, -0.002261, -0.000121, -0.417773, -0.908552, -0.004277, 0.0, 0.0, 0.0, 1.0],
                [1.0, -8.8e-05, 2.4e-05, -0.124955, -9.1e-05, -0.919552, 0.392968, -0.002689, -1.2e-05, -0.392968, -0.919552, -0.001073, 0.0, 0.0, 0.0, 1.0],
                [1.0, -1.3e-05, 3e-05, -0.125006, -2.4e-05, -0.923435, 0.383753, -0.002831, 2.3e-05, -0.383753, -0.923436, -1.2e-05, 0.0, 0.0, 0.0, 1.0]
            ]
        },
        {
            "name": "Leg_L",
            "time": [0.0, 0.0167, 0.0333, 0.05, 0.0667, 0.0833, 0.1, 0.1167, 0.1333, 0.15, 0.1667, 0.1833, 0.2, 0.2167, 0.2333, 0.25, 0.2667, 0.2833, 0.3, 0.3167, 0.3333, 0.35, 0.3667, 0.3833, 0.4, 0.4167, 0.4333, 0.45, 0.4667, 0.4833, 0.5, 0.5167, 0.5333, 0.55, 0.5667, 0.5833, 0.6, 0.6167, 0.6333, 0.65, 0.6667, 0.6833, 0.7, 0.7167, 0.7333, 0.75, 0.7667, 0.7833, 0.8],
            "transform": [
                [1.0, 4e-05, 1.2e-05, 0.0, -4.1e-05, 0.848317, 0.529488, 0.374721, 1.1e-05, -0.529488, 0.848317, 0.0, 0.0, 0.0, 0.0, 1.0],
                [1.0, 4.1e-05, 1.3e-05, -0.0, -4.1e-05, 0.844482, 0.535585, 0.374721, 1.1e-05, -0.535584, 0.844482, -0.0, 0.0, 0.0, 0.0, 1.0],
                [1.0, 4.2e-05, 1.3e-05, 0.0, -4.2e-05, 0.8347, 0.550704, 0.374721, 1.2e-05, -0.550704, 0.8347, -0.0, 0.0, 0.0, 0.0, 1.0],
                [1.0, 4.3e-05, 1.4e-05, 0.0, -4.3e-05, 0.825681, 0.564137, 0.374721, 1.3e-05, -0.564137, 0.825681, 0.0, 0.0, 0.0, 0.0, 1.0],
                [1.0, 4.3e-05, 1.4e-05, 0.0, -4.3e-05, 0.825058, 0.565049, 0.374721, 1.3e-05, -0.565049, 0.825058, -0.0, 0.0, 0.0, 0.0, 1.0],
                [1.0, 4.2e-05, 1.3e-05, -0.0, -4.2e-05, 0.833745, 0.55215, 0.374721, 1.2e-05, -0.55215, 0.833745, 0.0, 0.0, 0.0, 0.0, 1.0],
                [1.0, 4.1e-05, 1.2e-05, 0.0, -4.1e-05, 0.846166, 0.532919, 0.374721, 1.1e-05, -0.532919, 0.846166, -0.0, 0.0, 0.0, 0.0, 1.0],
