{
    "animation": [
        {
            "name": "Root",
            "time": [0.0, 0.0167, 0.0333, 0.05, 0.0667, 0.0833, 0.1, 0.1167, 0.1333, 0.15, 0.1667, 0.1833, 0.2, 0.2167, 0.2333, 0.25, 0.2667, 0.2833, 0.3, 0.3167, 0.3333, 0.35, 0.3667, 0.3833, 0.4, 0.4167, 0.4333, 0.45, 0.4667, 0.4833, 0.5, 0.5167, 0.5333, 0.55, 0.5667, 0.5833, 0.6, 0.6167, 0.6333, 0.65, 0.6667, 0.6833, 0.7, 0.7167, 0.7333, 0.75, 0.7667, 0.7833, 0.8, 0.8167, 0.8333, 0.85, 0.8667, 0.8833, 0.9, 0.9167, 0.9333, 0.95, 0.9667, 0.9833, 1.0, 1.0167, 1.0333, 1.05, 1.0667, 1.0833, 1.1, 1.1167, 1.1333, 1.15, 1.1667, 1.1833, 1.2, 1.2167, 1.2333, 1.25, 1.2667, 1.2833, 1.3, 1.3167, 1.3333, 1.35, 1.3667, 1.3833, 1.4, 1.4167, 1.4333, 1.45, 1.4667, 1.4833, 1.5, 1.5167, 1.5333, 1.55, 1.5667, 1.5833, 1.6, 1.6167, 1.6333, 1.65, 1.6667],
            "transform": [
                [0.512745, 0.0, 0.858541, -5e-06, 0.858541, 0.0, -0.512745, 0.000946, 0.0, 1.0, 0.0, 0.636926, 0.0, 0.0, 0.0, 1.0],
                [0.511997, 0.0, 0.858987, -5e-06, 0.858987, 0.0, -0.511997, 0.001461, 0.0, 1.0, 0.0, 0.637448, 0.0, 0.0, 0.0, 1.0],
                [0.509734, 0.0, 0.860332, -5e-06, 0.860332, 0.0, -0.509734, 0.003014, 0.0, 1.0, 0.0, 0.639027, 0.0, 0.0, 0.0, 1.0],
                [0.505942, 0.0, 0.862568, -5e-06, 0.862568, 0.0, -0.505942, 0.005612, 0.0, 1.0, 0.0, 0.641667, 0.0, 0.0, 0.0, 1.0],
                [0.500634, 0.0, 0.865659, -5e-06, 0.865659, 0.0, -0.500634, 0.009262, 0.0, 1.0, 0.0, 0.645352, 0.0, 0.0, 0.0, 1.0],
                [0.493862, 0.0, 0.86954, -5e-06, 0.86954, 0.0, -0.493862, 0.013964, 0.0, 1.0, 0.0, 0.650034, 0.0, 0.0, 0.0, 1.0],
                [0.485721, 0.0, 0.874114, -5e-06, 0.874114, 0.0, -0.485721, 0.019712, 0.0, 1.0, 0.0, 0.655635, 0.0, 0.0, 0.0, 1.0],
                [0.476364, 0.0, 0.879248, -5e-06, 0.879248, 0.0, -0.476364, 0.026498, 0.0, 1.0, 0.0, 0.662038, 0.0, 0.0, 0.0, 1.0],
                [0.466001, 0.0, 0.884784, -5e-06, 0.884784, 0.0, -0.466001, 0.034303, 0.0, 1.0, 0.0, 0.669086, 0.0, 0.0, 0.0, 1.0],
                [0.4549, 0.0, 0.890542, -5e-06, 0.890542, 0.0, -0.4549, 0.043104, 0.0, 1.0, 0.0, 0.676587, 0.0, 0.0, 0.0, 1.0],
                [0.443379, 0.0, 0.896334, -5e-06, 0.896334, 0.0, -0.443379, 0.052868, 0.0, 1.0, 0.0, 0.684323, 0.0, 0.0, 0.0, 1.0],
                [0.431783, 0.0, 0.901978, -5e-06, 0.901978, 0.0, -0.431783, 0.063555, 0.0, 1.0, 0.0, 0.692058, 0.0, 0.0, 0.0, 1.0],
                [0.42047, 0.0, 0.907306, -5e-06, 0.907306, 0.0, -0.42047, 0.075116, 0.0, 1.0, 0.0, 0.69956, 0.0, 0.0, 0.0, 1.0],
                [0.409781, 0.0, 0.912184, -5e-06, 0.912184, 0.0, -0.409781, 0.087491, 0.0, 1.0, 0.0, 0.706608, 0.0, 0.0, 0.0, 1.0],
                [0.400022, 0.0, 0.916506, -5e-06, 0.916506, 0.0, -0.400022, 0.100614, 0.0, 1.0, 0.0, 0.71301, 0.0, 0.0, 0.0, 1.0],
                [0.391447, 0.0, 0.920201, -5e-06, 0.920201, 0.0, -0.391447, 0.114406, 0.0, 1.0, 0.0, 0.718611, 0.0, 0.0, 0.0, 1.0],
                [0.384252, 0.0, 0.923228, -5e-06, 0.923228, 0.0, -0.384252, 0.128783, 0.0, 1.0, 0.0, 0.723294, 0.0, 0.0, 0.0, 1.0],
                [0.378574, 0.0, 0.925571, -5e-06, 0.925571, 0.0, -0.378574, 0.143649, 0.0, 1.0, 0.0, 0.726978, 0.0, 0.0, 0.0, 1.0],
                [0.374497, 0.0, 0.927228, -5e-06, 0.927228, 0.0, -0.374497, 0.158905, 0.0, 1.0, 0.0, 0.729618, 0.0, 0.0, 0.0, 1.0],
                [0.372054, 0.0, 0.928211, -5e-06, 0.928211, 0.0, -0.372054, 0.174443, 0.0, 1.0, 0.0, 0.731197, 0.0, 0.0, 0.0, 1.0],
                [0.371246, 0.0, 0.928535, -5e-06, 0.928535, 0.0, -0.371246, 0.190152, 0.0, 1.0, 0.0, 0.73172, 0.0, 0.0, 0.0, 1.0],
                [0.375414, 0.0, 0.926857, -5e-06, 0.926857, 0.0, -0.375414, 0.205919, 0.0, 1.0, 0.0, 0.731371, 0.0, 0.0, 0.0, 1.0],
                [0.388064, 0.0, 0.921633, -5e-06, 0.921633, 0.0, -0.388064, 0.221628, 0.0, 1.0, 0.0, 0.730315, 0.0, 0.0, 0.0, 1.0],
                [0.409263, 0.0, 0.912416, -5e-06, 0.912416, 0.0, -0.409263, 0.237166, 0.0, 1.0, 0.0, 0.728549, 0.0, 0.0, 0.0, 1.0],
                [0.438833, 0.0, 0.898569, -5e-06, 0.898569, 0.0, -0.438833, 0.252422, 0.0, 1.0, 0.0, 0.726081, 0.0, 0.0, 0.0, 1.0],
                [0.47628, 0.0, 0.879294, -5e-06, 0.879294, 0.0, -0.47628, 0.267288, 0.0, 1.0, 0.0, 0.722939, 0.0, 0.0, 0.0, 1.0],
                [0.520734, 0.0, 0.853719, -5e-06, 0.853719, 0.0, -0.520734, 0.281664, 0.0, 1.0, 0.0, 0.719166, 0.0, 0.0, 0.0, 1.0],
                [0.570917, 0.0, 0.821008, -5e-06, 0.821008, 0.0, -0.570917, 0.295457, 0.0, 1.0, 0.0, 0.714833, 0.0, 0.0, 0.0, 1.0],
                [0.625141, 0.0, 0.780512, -5e-06, 0.780512, 0.0, -0.625141, 0.308579, 0.0, 1.0, 0.0, 0.71003, 0.0, 0.0, 0.0, 1.0],
                [0.68138, 0.0, 0.73193, -5e-06, 0.73193, 0.0, -0.68138, 0.320955, 0.0, 1.0, 0.0, 0.704871, 0.0, 0.0, 0.0, 1.0],
                [0.73741, 0.0, 0.675446, -5e-06, 0.675446, 0.0, -0.73741, 0.332515, 0.0, 1.0, 0.0, 0.699492, 0.0, 0.0, 0.0, 1.0],
                [0.791008, 0.0, 0.611806, -5e-06, 0.611806, 0.0, -0.791008, 0.343203, 0.0, 1.0, 0.0, 0.694037, 0.0, 0.0, 0.0, 1.0],
                [0.840177, 0.0, 0.542312, -5e-06, 0.542312, 0.0, -0.840177, 0.352967, 0.0, 1.0, 0.0, 0.688657, 0.0, 0.0, 0.0, 1.0],
                [0.883349, 0.0, 0.468716, -5e-06, 0.468716, 0.0, -0.883349, 0.361768, 0.0, 1.0, 0.0, 0.683499, 0.0, 0.0, 0.0, 1.0],
                [0.919519, 0.0, 0.393046, -5e-06, 0.393046, 0.0, -0.919519, 0.369573, 0.0, 1.0, 0.0, 0.678696, 0.0, 0.0, 0.0, 1.0],
                [0.948293, 0.0, 0.317395, -5e-06, 0.317395, 0.0, -0.948293, 0.376358, 0.0, 1.0, 0.0, 0.674363, 0.0, 0.0, 0.0, 1.0],
                [0.969843, 0.0, 0.243731, -5e-06, 0.243731, 0.0, -0.969843, 0.382107, 0.0, 1.0, 0.0, 0.67059, 0.0, 0.0, 0.0, 1.0],
                [0.98479, 0.0, 0.173747, -5e-06, 0.173747, 0.0, -0.98479, 0.386809, 0.0, 1.0, 0.0, 0.667448, 0.0, 0.0, 0.0, 1.0],
                [0.994065, 0.0, 0.108783, -5e-06, 0.108783, 0.0, -0.994065, 0.390458, 0.0, 1.0, 0.0, 0.66498, 0.0, 0.0, 0.0, 1.0],
                [0.998759, 0.0, 0.049806, -5e-06, 0.049806, 0.0, -0.998759, 0.393057, 0.0, 1.0, 0.0, 0.663214, 0.0, 0.0, 0.0, 1.0],
                [0.999997, 0.0, -0.00257, -5e-06, -0.00257, 0.0, -0.999997, 0.394609, 0.0, 1.0, 0.0, 0.662158, 0.0, 0.0, 0.0, 1.0],
                [0.998846, 0.0, -0.04802, -5e-06, -0.04802, 0.0, -0.998846, 0.395124, 0.0, 1.0, 0.0, 0.661809, 0.0, 0.0, 0.0, 1.0],
                [0.995959, 0.0, -0.08981, -5e-06, -0.08981, 0.0, -0.995959, 0.394867, 0.0, 1.0, 0.0, 0.661854, 0.0, 0.0, 0.0, 1.0],
                [0.991368, 0.0, -0.131113, -5e-06, -0.131113, 0.0, -0.991368, 0.394093, 0.0, 1.0, 0.0, 0.661988, 0.0, 0.0, 0.0, 1.0],
                [0.985162, 0.0, -0.171627, -5e-06, -0.171627, 0.0, -0.985162, 0.392799, 0.0, 1.0, 0.0, 0.662213, 0.0, 0.0, 0.0, 1.0],
                [0.977481, 0.0, -0.211022, -5e-06, -0.211022, 0.0, -0.977481, 0.390981, 0.0, 1.0, 0.0, 0.662528, 0.0, 0.0, 0.0, 1.0],
                [0.96852, 0.0, -0.248937, -5e-06, -0.248937, 0.0, -0.96852, 0.388638, 0.0, 1.0, 0.0, 0.662935, 0.0, 0.0, 0.0, 1.0],
                [0.958527, 0.0, -0.285001, -5e-06, -0.285001, 0.0, -0.958527, 0.38577, 0.0, 1.0, 0.0, 0.663433, 0.0, 0.0, 0.0, 1.0],
                [0.947807, 0.0, -0.318845, -5e-06, -0.318845, 0.0, -0.947807, 0.382376, 0.0, 1.0, 0.0, 0.664022, 0.0, 0.0, 0.0, 1.0],
                [0.936702, 0.0, -0.350128, -5e-06, -0.350128, 0.0, -0.936702, 0.378458, 0.0, 1.0, 0.0, 0.664702, 0.0, 0.0, 0.0, 1.0],
                [0.925576, 0.0, -0.378561, -5e-06, -0.378561, 0.0, -0.925576, 0.37402, 0.0, 1.0, 0.0, 0.665473, 0.0, 0.0, 0.0, 1.0],
                [0.91479, 0.0, -0.403929, -5e-06, -0.403929, 0.0, -0.91479, 0.369067, 0.0, 1.0, 0.0, 0.666332, 0.0, 0.0, 0.0, 1.0],
                [0.904672, 0.0, -0.426109, -5e-06, -0.426109, 0.0, -0.904672, 0.363605, 0.0, 1.0, 0.0, 0.667281, 0.0, 0.0, 0.0, 1.0],
                [0.895495, 0.0, -0.445071, -5e-06, -0.445071, 0.0, -0.895495, 0.357642, 0.0, 1.0, 0.0, 0.668316, 0.0, 0.0, 0.0, 1.0],
                [0.887463, 0.0, -0.460878, -5e-06, -0.460878, 0.0, -0.887463, 0.351188, 0.0, 1.0, 0.0, 0.669436, 0.0, 0.0, 0.0, 1.0],
                [0.880705, 0.0, -0.473664, -5e-06, -0.473664, 0.0, -0.880705, 0.344256, 0.0, 1.0, 0.0, 0.67064, 0.0, 0.0, 0.0, 1.0],
                [0.875279, 0.0, -0.483618, -5e-06, -0.483618, 0.0, -0.875279, 0.336861, 0.0, 1.0, 0.0, 0.671923, 0.0, 0.0, 0.0, 1.0],
                [0.871183, 0.0, -0.490959, -5e-06, -0.490959, 0.0, -0.871183, 0.329019, 0.0, 1.0, 0.0, 0.673285, 0.0, 0.0, 0.0, 1.0],
                [0.868368, 0.0, -0.495921, -5e-06, -0.495921, 0.0, -0.868368, 0.320748, 0.0, 1.0, 0.0, 0.67472, 0.0, 0.0, 0.0, 1.0],
                [0.866753, 0.0, -0.498737, -5e-06, -0.498737, 0.0, -0.866753, 0.312071, 0.0, 1.0, 0.0, 0.676227, 0.0, 0.0, 0.0, 1.0],
                [0.866239, 0.0, -0.49963, -5e-06, -0.49963, 0.0, -0.866239, 0.30301, 0.0, 1.0, 0.0, 0.6778, 0.0, 0.0, 0.0, 1.0],
                [0.866264, 0.0, -0.499587, -5e-06, -0.499587, 0.0, -0.866264, 0.294573, 0.0, 1.0, 0.0, 0.679435, 0.0, 0.0, 0.0, 1.0],
                [0.866338, 0.0, -0.499458, -5e-06, -0.499458, 0.0, -0.866338, 0.287781, 0.0, 1.0, 0.0, 0.681127, 0.0, 0.0, 0.0, 1.0],
                [0.866463, 0.0, -0.499242, -5e-06, -0.499242, 0.0, -0.866463, 0.282682, 0.0, 1.0, 0.0, 0.682871, 0.0, 0.0, 0.0, 1.0],
                [0.866637, 0.0, -0.498939, -5e-06, -0.498939, 0.0, -0.866637, 0.279318, 0.0, 1.0, 0.0, 0.684661, 0.0, 0.0, 0.0, 1.0],
                [0.866862, 0.0, -0.498548, -5e-06, -0.498548, 0.0, -0.866862, 0.277722, 0.0, 1.0, 0.0, 0.686491, 0.0, 0.0, 0.0, 1.0],
                [0.867136, 0.0, -0.498071, -5e-06, -0.498071, 0.0, -0.867136, 0.277919, 0.0, 1.0, 0.0, 0.688356, 0.0, 0.0, 0.0, 1.0],
                [0.86746, 0.0, -0.497507, -5e-06, -0.497507, 0.0, -0.86746, 0.27992, 0.0, 1.0, 0.0, 0.690248, 0.0, 0.0, 0.0, 1.0],
                [0.867831, 0.0, -0.496859, -5e-06, -0.496859, 0.0, -0.867831, 0.283727, 0.0, 1.0, 0.0, 0.692161, 0.0, 0.0, 0.0, 1.0],
                [0.868249, 0.0, -0.496129, -5e-06, -0.496129, 0.0, -0.868249, 0.289324, 0.0, 1.0, 0.0, 0.694089, 0.0, 0.0, 0.0, 1.0],
                [0.868711, 0.0, -0.49532, -5e-06, -0.49532, 0.0, -0.868711, 0.296681, 0.0, 1.0, 0.0, 0.696023, 0.0, 0.0, 0.0, 1.0],
                [0.869214, 0.0, -0.494436, -5e-06, -0.494436, 0.0, -0.869214, 0.305748, 0.0, 1.0, 0.0, 0.697957, 0.0, 0.0, 0.0, 1.0],
                [0.869757, 0.0, -0.493481, -5e-06, -0.493481, 0.0, -0.869757, 0.316457, 0.0, 1.0, 0.0, 0.699884, 0.0, 0.0, 0.0, 1.0],
                [0.870335, 0.0, -0.492461, -5e-06, -0.492461, 0.0, -0.870335, 0.328719, 0.0, 1.0, 0.0, 0.701797, 0.0, 0.0, 0.0, 1.0],
                [0.870944, 0.0, -0.491381, -5e-06, -0.491381, 0.0, -0.870944, 0.342427, 0.0, 1.0, 0.0, 0.70369, 0.0, 0.0, 0.0, 1.0],
                [0.871581, 0.0, -0.490251, -5e-06, -0.490251, 0.0, -0.871581, 0.357453, 0.0, 1.0, 0.0, 0.705554, 0.0, 0.0, 0.0, 1.0],
                [0.872241, 0.0, -0.489077, -5e-06, -0.489077, 0.0, -0.872241, 0.373651, 0.0, 1.0, 0.0, 0.707385, 0.0, 0.0, 0.0, 1.0],
                [0.872918, 0.0, -0.487867, -5e-06, -0.487867, 0.0, -0.872918, 0.390857, 0.0, 1.0, 0.0, 0.709175, 0.0, 0.0, 0.0, 1.0],
                [0.873607, 0.0, -0.486632, -5e-06, -0.486632, 0.0, -0.873607, 0.408893, 0.0, 1.0, 0.0, 0.710919, 0.0, 0.0, 0.0, 1.0],
                [0.874303, 0.0, -0.485381, -5e-06, -0.485381, 0.0, -0.874303, 0.427571, 0.0, 1.0, 0.0, 0.712611, 0.0, 0.0, 0.0, 1.0],
                [0.874999, 0.0, -0.484124, -5e-06, -0.484124, 0.0, -0.874999, 0.446692, 0.0, 1.0, 0.0, 0.714246, 0.0, 0.0, 0.0, 1.0],
                [0.875691, 0.0, -0.482871, -5e-06, -0.482871, 0.0, -0.875691, 0.466056, 0.0, 1.0, 0.0, 0.715819, 0.0, 0.0, 0.0, 1.0],
                [0.876373, 0.0, -0.481632, -5e-06, -0.481632, 0.0, -0.876373, 0.485461, 0.0, 1.0, 0.0, 0.717325, 0.0, 0.0, 0.0, 1.0],
                [0.87704, 0.0, -0.480417, -5e-06, -0.480417, 0.0, -0.87704, 0.50471, 0.0, 1.0, 0.0, 0.718761, 0.0, 0.0, 0.0, 1.0],
                [0.877686, 0.0, -0.479236, -5e-06, -0.479236, 0.0, -0.877686, 0.52361, 0.0, 1.0, 0.0, 0.720122, 0.0, 0.0, 0.0, 1.0],
                [0.878307, 0.0, -0.478096, -5e-06, -0.478096, 0.0, -0.878307, 0.541982, 0.0, 1.0, 0.0, 0.721406, 0.0, 0.0, 0.0, 1.0],
                [0.878899, 0.0, -0.477007, -5e-06, -0.477007, 0.0, -0.878899, 0.559659, 0.0, 1.0, 0.0, 0.722609, 0.0, 0.0, 0.0, 1.0],
                [0.879458, 0.0, -0.475976, -5e-06, -0.475976, 0.0, -0.879458, 0.576488, 0.0, 1.0, 0.0, 0.72373, 0.0, 0.0, 0.0, 1.0],
                [0.87998, 0.0, -0.47501, -5e-06, -0.47501, 0.0, -0.87998, 0.592336, 0.0, 1.0, 0.0, 0.724765, 0.0, 0.0, 0.0, 1.0],
                [0.880463, 0.0, -0.474114, -5e-06, -0.474114, 0.0, -0.880463, 0.607082, 0.0, 1.0, 0.0, 0.725713, 0.0, 0.0, 0.0, 1.0],
                [0.880905, 0.0, -0.473294, -5e-06, -0.473294, 0.0, -0.880905, 0.620627, 0.0, 1.0, 0.0, 0.726573, 0.0, 0.0, 0.0, 1.0],
                [0.881302, 0.0, -0.472553, -5e-06, -0.472553, 0.0, -0.881302, 0.632888, 0.0, 1.0, 0.0, 0.727343, 0.0, 0.0, 0.0, 1.0],
                [0.881655, 0.0, -0.471895, -5e-06, -0.471895, 0.0, -0.881655, 0.643798, 0.0, 1.0, 0.0, 0.728023, 0.0, 0.0, 0.0, 1.0],
                [0.881961, 0.0, -0.471322, -5e-06, -0.471322, 0.0, -0.881961, 0.653306, 0.0, 1.0, 0.0, 0.728613, 0.0, 0.0, 0.0, 1.0],
                [0.882221, 0.0, -0.470836, -5e-06, -0.470836, 0.0, -0.882221, 0.661375, 0.0, 1.0, 0.0, 0.729111, 0.0, 0.0, 0.0, 1.0],
                [0.882433, 0.0, -0.470438, -5e-06, -0.470438, 0.0, -0.882433, 0.667982, 0.0, 1.0, 0.0, 0.729517, 0.0, 0.0, 0.0, 1.0],
                [0.882598, 0.0, -0.470129, -5e-06, -0.470129, 0.0, -0.882598, 0.673113, 0.0, 1.0, 0.0, 0.729833, 0.0, 0.0, 0.0, 1.0],
                [0.882715, 0.0, -0.469909, -5e-06, -0.469909, 0.0, -0.882715, 0.676766, 0.0, 1.0, 0.0, 0.730058, 0.0, 0.0, 0.0, 1.0],
                [0.882785, 0.0, -0.469778, -5e-06, -0.469778, 0.0, -0.882785, 0.678947, 0.0, 1.0, 0.0, 0.730192, 0.0, 0.0, 0.0, 1.0],
                [0.882808, 0.0, -0.469734, -5e-06, -0.469734, 0.0, -0.882808, 0.679671, 0.0, 1.0, 0.0, 0.730237, 0.0, 0.0, 0.0, 1.0],
                [0.882808, 0.0, -0.469734, -5e-06, -0.469734, 0.0, -0.882808, 0.679671, 0.0, 1.0, 0.0, 0.730237, 0.0, 0.0, 0.0, 1.0]
            ]
        },
        {
            "name": "Thigh_R",
            "time": [0.0, 0.0167, 0.0333, 0.05, 0.0667, 0.0833, 0.1, 0.1167, 0.1333, 0.15, 0.1667, 0.1833, 0.2, 0.2167, 0.2333, 0.25, 0.2667, 0.2833, 0.3, 0.3167, 0.3333, 0.35, 0.3667, 0.3833, 0.4, 0.4167, 0.4333, 0.45, 0.4667, 0.4833, 0.5, 0.5167, 0.5333, 0.55, 0.5667, 0.5833, 0.6, 0.6167, 0.6333, 0.65, 0.6667, 0.6833, 0.7, 0.7167, 0.7333, 0.75, 0.7667, 0.7833, 0.8, 0.8167, 0.8333, 0.85, 0.8667, 0.8833, 0.9, 0.9167, 0.9333, 0.95, 0.9667, 0.9833, 1.0, 1.0167, 1.0333, 1.05, 1.0667, 1.0833, 1.1, 1.1167, 1.1333, 1.15, 1.1667, 1.1833, 1.2, 1.2167, 1.2333, 1.25, 1.2667, 1.2833, 1.3, 1.3167, 1.3333, 1.35, 1.3667, 1.3833, 1.4, 1.4167, 1.4333, 1.45, 1.4667, 1.4833, 1.5, 1.5167, 1.5333, 1.55, 1.5667, 1.5833, 1.6, 1.6167, 1.6333, 1.65, 1.6667],
            "transform": [
                [0.772929, 0.456165, 0.441015, 0.124994, 0.4338, -0.887162, 0.157354, -0.002831, 0.463032, 0.069689, -0.883598, -1.2e-05, 0.0, 0.0, 0.0, 1.0],
                [0.773171, 0.455623, 0.441411, 0.124994, 0.433171, -0.888041, 0.156886, -0.002831, 0.463217, 0.069945, -0.883484, -1.2e-05, 0.0, 0.0, 0.0, 1.0],
                [0.773897, 0.453978, 0.442603, 0.124994, 0.431267, -0.890697, 0.155475, -0.002831, 0.46378, 0.070715, -0.883136, -1.2e-05, 0.0, 0.0, 0.0, 1.0],
                [0.775109, 0.45119, 0.444583, 0.124994, 0.428065, -0.895139, 0.15311, -0.002831, 0.464721, 0.071992, -0.882555, -1.2e-05, 0.0, 0.0, 0.0, 1.0],
                [0.776807, 0.447198, 0.447317, 0.124994, 0.423546, -0.901348, 0.149772, -0.002831, 0.466024, 0.073765, -0.881746, -1.2e-05, 0.0, 0.0, 0.0, 1.0],
                [0.778993, 0.441922, 0.450738, 0.124994, 0.417699, -0.909271, 0.14544, -0.002831, 0.46765, 0.076013, -0.880728, -1.2e-05, 0.0, 0.0, 0.0, 1.0],
                [0.781675, 0.43525, 0.454757, 0.124994, 0.410522, -0.918815, 0.14005, -0.002831, 0.469527, 0.078738, -0.879535, -1.2e-05, 0.0, 0.0, 0.0, 1.0],
                [0.784864, 0.427141, 0.459167, 0.124994, 0.402031, -0.92981, 0.133688, -0.002831, 0.47155, 0.081783, -0.878233, -1.2e-05, 0.0, 0.0, 0.0, 1.0],
                [0.788592, 0.417383, 0.463852, 0.124994, 0.392244, -0.942085, 0.126135, -0.002831, 0.473568, 0.085272, -0.876887, -1.2e-05, 0.0, 0.0, 0.0, 1.0],
                [0.792902, 0.405884, 0.46854, 0.124994, 0.381196, -0.955378, 0.117389, -0.002831, 0.475389, 0.089106, -0.875608, -1.2e-05, 0.0, 0.0, 0.0, 1.0],
                [0.797858, 0.392498, 0.47296, 0.124994, 0.368924, -0.969403, 0.107335, -0.002831, 0.476779, 0.09329, -0.874522, -1.2e-05, 0.0, 0.0, 0.0, 1.0],
                [0.803537, 0.377145, 0.476756, 0.124994, 0.355463, -0.983826, 0.095962, -0.002831, 0.477467, 0.097732, -0.873782, -1.2e-05, 0.0, 0.0, 0.0, 1.0],
                [0.810031, 0.359617, 0.479644, 0.124994, 0.340829, -0.998329, 0.083, -0.002831, 0.477163, 0.102603, -0.873528, -1.2e-05, 0.0, 0.0, 0.0, 1.0],
                [0.817431, 0.339837, 0.48124, 0.124994, 0.325026, -1.012565, 0.068382, -0.002831, 0.475567, 0.107907, -0.873917, -1.2e-05, 0.0, 0.0, 0.0, 1.0],
                [0.825816, 0.317712, 0.481175, 0.124994, 0.308032, -1.026201, 0.051977, -0.002831, 0.472381, 0.113745, -0.875083, -1.2e-05, 0.0, 0.0, 0.0, 1.0],
                [0.835239, 0.29319, 0.479075, 0.124994, 0.289802, -1.038916, 0.033672, -0.002831, 0.467321, 0.120254, -0.877128, -1.2e-05, 0.0, 0.0, 0.0, 1.0],
                [0.845719, 0.266252, 0.474567, 0.124994, 0.270271, -1.050403, 0.013363, -0.002831, 0.460122, 0.127616, -0.880118, -1.2e-05, 0.0, 0.0, 0.0, 1.0],
                [0.857224, 0.23696, 0.467265, 0.124994, 0.249356, -1.060363, -0.008981, -0.002831, 0.450543, 0.136014, -0.884072, -1.2e-05, 0.0, 0.0, 0.0, 1.0],
                [0.869668, 0.205429, 0.456792, 0.124994, 0.226967, -1.068505, -0.033377, -0.002831, 0.438364, 0.145679, -0.888947, -1.2e-05, 0.0, 0.0, 0.0, 1.0],
                [0.882907, 0.171834, 0.442773, 0.124994, 0.203012, -1.074542, -0.059828, -0.002831, 0.423392, 0.156904, -0.894635, -1.2e-05, 0.0, 0.0, 0.0, 1.0],
                [0.896732, 0.136454, 0.424833, 0.124994, 0.177408, -1.078188, -0.088265, -0.002831, 0.40546, 0.169971, -0.900958, -1.2e-05, 0.0, 0.0, 0.0, 1.0],
                [0.909229, 0.108879, 0.404358, 0.124994, 0.155155, -1.080103, -0.10852, -0.002831, 0.386302, 0.177548, -0.90814, -1.2e-05, 0.0, 0.0, 0.0, 1.0],
                [0.91866, 0.099173, 0.384624, 0.124994, 0.142515, -1.08205, -0.109814, -0.002831, 0.368447, 0.171265, -0.916518, -1.2e-05, 0.0, 0.0, 0.0, 1.0],
                [0.924872, 0.107694, 0.367459, 0.124994, 0.140861, -1.08433, -0.091898, -0.002831, 0.353227, 0.15043, -0.925488, -1.2e-05, 0.0, 0.0, 0.0, 1.0],
                [0.927373, 0.134077, 0.353726, 0.124994, 0.150844, -1.085706, -0.055367, -0.002831, 0.342381, 0.115174, -0.933709, -1.2e-05, 0.0, 0.0, 0.0, 1.0],
                [0.925279, 0.17728, 0.343342, 0.124994, 0.172114, -1.083583, -0.001442, -0.002831, 0.337986, 0.066471, -0.939209, -1.2e-05, 0.0, 0.0, 0.0, 1.0],
                [0.917468, 0.235523, 0.335272, 0.124994, 0.202873, -1.074476, 0.068642, -0.002831, 0.34219, 0.005544, -0.939617, -1.2e-05, 0.0, 0.0, 0.0, 1.0],
                [0.903073, 0.305519, 0.327592, 0.124994, 0.23935, -1.054669, 0.153081, -0.002831, 0.35661, -0.065818, -0.932335, -1.2e-05, 0.0, 0.0, 0.0, 1.0],
                [0.882327, 0.382011, 0.317637, 0.124994, 0.275679, -1.021211, 0.249245, -0.002831, 0.381445, -0.145585, -0.914868, -1.2e-05, 0.0, 0.0, 0.0, 1.0],
                [0.857433, 0.457592, 0.302917, 0.124994, 0.304726, -0.973277, 0.352528, -0.002831, 0.414669, -0.23096, -0.885418, -1.2e-05, 0.0, 0.0, 0.0, 1.0],
                [0.832636, 0.524123, 0.282292, 0.124994, 0.320073, -0.912974, 0.456829, -0.002831, 0.451963, -0.31902, -0.843575, -1.2e-05, 0.0, 0.0, 0.0, 1.0],
                [0.812978, 0.574643, 0.257221, 0.124994, 0.318148, -0.845319, 0.555187, -0.002831, 0.487698, -0.406473, -0.790952, -1.2e-05, 0.0, 0.0, 0.0, 1.0],
                [0.802329, 0.605319, 0.231192, 0.124994, 0.299178, -0.776518, 0.641998, -0.002831, 0.516489, -0.490519, -0.731019, -1.2e-05, 0.0, 0.0, 0.0, 1.0],
                [0.802077, 0.615691, 0.208294, 0.124994, 0.266515, -0.712333, 0.713873, -0.002831, 0.534455, -0.568775, -0.668579, -1.2e-05, 0.0, 0.0, 0.0, 1.0],
                [0.811163, 0.607874, 0.1914, 0.124994, 0.225135, -0.656841, 0.769904, -0.002831, 0.539749, -0.639569, -0.608781, -1.2e-05, 0.0, 0.0, 0.0, 1.0],
                [0.827051, 0.585324, 0.181225, 0.124994, 0.18025, -0.612049, 0.811123, -0.002831, 0.532443, -0.701992, -0.556091, -1.2e-05, 0.0, 0.0, 0.0, 1.0],
                [0.846859, 0.551866, 0.176436, 0.124994, 0.136409, -0.578133, 0.83974, -0.002831, 0.514024, -0.755782, -0.513525, -1.2e-05, 0.0, 0.0, 0.0, 1.0],
                [0.868131, 0.511146, 0.174423, 0.124994, 0.097101, -0.553998, 0.858443, -0.002831, 0.486745, -0.801134, -0.482341, -1.2e-05, 0.0, 0.0, 0.0, 1.0],
                [0.889146, 0.466389, 0.172196, 0.124994, 0.064709, -0.537889, 0.869886, -0.002831, 0.453025, -0.838544, -0.46222, -1.2e-05, 0.0, 0.0, 0.0, 1.0],
                [0.908903, 0.420287, 0.167062, 0.124994, 0.04067, -0.527925, 0.876362, -0.002831, 0.415019, -0.868708, -0.451751, -1.2e-05, 0.0, 0.0, 0.0, 1.0],
                [0.926922, 0.374937, 0.156957, 0.124994, 0.025704, -0.522452, 0.879634, -0.002831, 0.374372, -0.89245, -0.449009, -1.2e-05, 0.0, 0.0, 0.0, 1.0],
                [0.943017, 0.331773, 0.140533, 0.124994, 0.020031, -0.520339, 0.880815, -0.002831, 0.332141, -0.910589, -0.452123, -1.2e-05, 0.0, 0.0, 0.0, 1.0],
                [0.957096, 0.289821, 0.120615, 0.124994, 0.018998, -0.519647, 0.881176, -0.002831, 0.289146, -0.925187, -0.457144, -1.2e-05, 0.0, 0.0, 0.0, 1.0],
                [0.969104, 0.24762, 0.100804, 0.124994, 0.017979, -0.519285, 0.881374, -0.002831, 0.245993, -0.937564, -0.46154, -1.2e-05, 0.0, 0.0, 0.0, 1.0],
                [0.979026, 0.205525, 0.081222, 0.124994, 0.016976, -0.51931, 0.881382, -0.002831, 0.203023, -0.947669, -0.46537, -1.2e-05, 0.0, 0.0, 0.0, 1.0],
                [0.986887, 0.163927, 0.062006, 0.124994, 0.01599, -0.519783, 0.881169, -0.002831, 0.160616, -0.955486, -0.468717, -1.2e-05, 0.0, 0.0, 0.0, 1.0],
                [0.992759, 0.123254, 0.043301, 0.124994, 0.01502, -0.520766, 0.880706, -0.002831, 0.119182, -0.961046, -0.471679, -1.2e-05, 0.0, 0.0, 0.0, 1.0],
                [0.996763, 0.083953, 0.025257, 0.124994, 0.014061, -0.52232, 0.879962, -0.002831, 0.079152, -0.964434, -0.474373, -1.2e-05, 0.0, 0.0, 0.0, 1.0],
                [0.999075, 0.046475, 0.008024, 0.124994, 0.013105, -0.524499, 0.878904, -0.002831, 0.04096, -0.965785, -0.47693, -1.2e-05, 0.0, 0.0, 0.0, 1.0],
                [0.999913, 0.011244, -0.008252, 0.124994, 0.012142, -0.527352, 0.877506, -0.002831, 0.005014, -0.965284, -0.479494, -1.2e-05, 0.0, 0.0, 0.0, 1.0],
                [0.999536, -0.021368, -0.023446, 0.124994, 0.01116, -0.531007, 0.875696, -0.002831, -0.028329, -0.963107, -0.482293, -1.2e-05, 0.0, 0.0, 0.0, 1.0],
                [0.998219, -0.051063, -0.037458, 0.124994, 0.010148, -0.535329, 0.873531, -0.002831, -0.058779, -0.959591, -0.485325, -1.2e-05, 0.0, 0.0, 0.0, 1.0],
                [0.99624, -0.077646, -0.050221, 0.124994, 0.009091, -0.540466, 0.870925, -0.002831, -0.086151, -0.954918, -0.488844, -1.2e-05, 0.0, 0.0, 0.0, 1.0],
                [0.993859, -0.101026, -0.06171, 0.124994, 0.00798, -0.546439, 0.86785, -0.002831, -0.11036, -0.949314, -0.492979, -1.2e-05, 0.0, 0.0, 0.0, 1.0],
                [0.991303, -0.121213, -0.071937, 0.124994, 0.006805, -0.553295, 0.864262, -0.002831, -0.131421, -0.942959, -0.497871, -1.2e-05, 0.0, 0.0, 0.0, 1.0],
                [0.988756, -0.1383, -0.080961, 0.124994, 0.005558, -0.561146, 0.860078, -0.002831, -0.149436, -0.935943, -0.503698, -1.2e-05, 0.0, 0.0, 0.0, 1.0],
                [0.986356, -0.152447, -0.088847, 0.124994, 0.004236, -0.56997, 0.855276, -0.002831, -0.164568, -0.928383, -0.510498, -1.2e-05, 0.0, 0.0, 0.0, 1.0],
                [0.984202, -0.163853, -0.095699, 0.124994, 0.002838, -0.5799, 0.849747, -0.002831, -0.177027, -0.920254, -0.518431, -1.2e-05, 0.0, 0.0, 0.0, 1.0],
                [0.982351, -0.172725, -0.10164, 0.124994, 0.001359, -0.591122, 0.843337, -0.002831, -0.187043, -0.91145, -0.527686, -1.2e-05, 0.0, 0.0, 0.0, 1.0],
                [0.980833, -0.179291, -0.106767, 0.124994, -0.000197, -0.60366, 0.835966, -0.002831, -0.194847, -0.901914, -0.538295, -1.2e-05, 0.0, 0.0, 0.0, 1.0],
                [0.979656, -0.183736, -0.111235, 0.124994, -0.001836, -0.617892, 0.827325, -0.002831, -0.200674, -0.891319, -0.550599, -1.2e-05, 0.0, 0.0, 0.0, 1.0],
                [0.978697, -0.186552, -0.115687, 0.124994, -0.00308, -0.633009, 0.817769, -0.002831, -0.205288, -0.879875, -0.5638, -1.2e-05, 0.0, 0.0, 0.0, 1.0],
                [0.977844, -0.188086, -0.120636, 0.124994, -0.003485, -0.648121, 0.807752, -0.002831, -0.209304, -0.867921, -0.577047, -1.2e-05, 0.0, 0.0, 0.0, 1.0],
                [0.977116, -0.188418, -0.125836, 0.124994, -0.003069, -0.662396, 0.797814, -0.002831, -0.212685, -0.856068, -0.589625, -1.2e-05, 0.0, 0.0, 0.0, 1.0],
                [0.97652, -0.187607, -0.131135, 0.124994, -0.001848, -0.675451, 0.788251, -0.002831, -0.215417, -0.844656, -0.601219, -1.2e-05, 0.0, 0.0, 0.0, 1.0],
                [0.976065, -0.185781, -0.136316, 0.124994, 0.000183, -0.686493, 0.779692, -0.002831, -0.217478, -0.834382, -0.611145, -1.2e-05, 0.0, 0.0, 0.0, 1.0],
                [0.975748, -0.183024, -0.141294, 0.124994, 0.003027, -0.695292, 0.772406, -0.002831, -0.218874, -0.825543, -0.619213, -1.2e-05, 0.0, 0.0, 0.0, 1.0],
                [0.975564, -0.179427, -0.146008, 0.124994, 0.006693, -0.701621, 0.76666, -0.002831, -0.219614, -0.818428, -0.625232, -1.2e-05, 0.0, 0.0, 0.0, 1.0],
                [0.975497, -0.175038, -0.150492, 0.124994, 0.011184, -0.70561, 0.76244, -0.002831, -0.219726, -0.813017, -0.629315, -1.2e-05, 0.0, 0.0, 0.0, 1.0],
                [0.975528, -0.169858, -0.154853, 0.124994, 0.0165, -0.707681, 0.759474, -0.002831, -0.219253, -0.809009, -0.631838, -1.2e-05, 0.0, 0.0, 0.0, 1.0],
                [0.97563, -0.163846, -0.159252, 0.124994, 0.022629, -0.70848, 0.757281, -0.002831, -0.218251, -0.805883, -0.633375, -1.2e-05, 0.0, 0.0, 0.0, 1.0],
                [0.975772, -0.156927, -0.163866, 0.124994, 0.029553, -0.708787, 0.755245, -0.002831, -0.216783, -0.802979, -0.634628, -1.2e-05, 0.0, 0.0, 0.0, 1.0],
                [0.975923, -0.149054, -0.168821, 0.124994, 0.037253, -0.709182, 0.75289, -0.002831, -0.214909, -0.799798, -0.636126, -1.2e-05, 0.0, 0.0, 0.0, 1.0],
                [0.976048, -0.140114, -0.174269, 0.124994, 0.045688, -0.710551, 0.749471, -0.002831, -0.212706, -0.795567, -0.638689, -1.2e-05, 0.0, 0.0, 0.0, 1.0],
                [0.976112, -0.130038, -0.180268, 0.124994, 0.054817, -0.713444, 0.74448, -0.002831, -0.210239, -0.789773, -0.642847, -1.2e-05, 0.0, 0.0, 0.0, 1.0],
                [0.976086, -0.118801, -0.186794, 0.124994, 0.064589, -0.718124, 0.737606, -0.002831, -0.207567, -0.782119, -0.64888, -1.2e-05, 0.0, 0.0, 0.0, 1.0],
                [0.97594, -0.106313, -0.193821, 0.124994, 0.074928, -0.725096, 0.728278, -0.002831, -0.204761, -0.772046, -0.6573, -1.2e-05, 0.0, 0.0, 0.0, 1.0],
                [0.97565, -0.092558, -0.201218, 0.124994, 0.085753, -0.734437, 0.71622, -0.002831, -0.201875, -0.759304, -0.668237, -1.2e-05, 0.0, 0.0, 0.0, 1.0],
                [0.975198, -0.077525, -0.208811, 0.124994, 0.096967, -0.746156, 0.701146, -0.002831, -0.198962, -0.743633, -0.681757, -1.2e-05, 0.0, 0.0, 0.0, 1.0],
                [0.974573, -0.061231, -0.216379, 0.124994, 0.108458, -0.760132, 0.682823, -0.002831, -0.196071, -0.724824, -0.697806, -1.2e-05, 0.0, 0.0, 0.0, 1.0],
                [0.973772, -0.043742, -0.223664, 0.124994, 0.120108, -0.776063, 0.661135, -0.002831, -0.193241, -0.702782, -0.716153, -1.2e-05, 0.0, 0.0, 0.0, 1.0],
                [0.972799, -0.025161, -0.230391, 0.124994, 0.13179, -0.793562, 0.636028, -0.002831, -0.190506, -0.677462, -0.736471, -1.2e-05, 0.0, 0.0, 0.0, 1.0],
                [0.971669, -0.005636, -0.236283, 0.124994, 0.143375, -0.812166, 0.607529, -0.002831, -0.18789, -0.648895, -0.758339, -1.2e-05, 0.0, 0.0, 0.0, 1.0],
                [0.970401, 0.014637, -0.241085, 0.124994, 0.154735, -0.831357, 0.575761, -0.002831, -0.185415, -0.617193, -0.781267, -1.2e-05, 0.0, 0.0, 0.0, 1.0],
                [0.969022, 0.035412, -0.244575, 0.124994, 0.165751, -0.850573, 0.540986, -0.002831, -0.18309, -0.5826, -0.804685, -1.2e-05, 0.0, 0.0, 0.0, 1.0],
                [0.967564, 0.05641, -0.246589, 0.124994, 0.17631, -0.86928, 0.503552, -0.002831, -0.180923, -0.545439, -0.828027, -1.2e-05, 0.0, 0.0, 0.0, 1.0],
                [0.966062, 0.077349, -0.247021, 0.124994, 0.186312, -0.887032, 0.463832, -0.002831, -0.178917, -0.506049, -0.850788, -1.2e-05, 0.0, 0.0, 0.0, 1.0],
                [0.964551, 0.097888, -0.245855, 0.124994, 0.195677, -0.903339, 0.42248, -0.002831, -0.177065, -0.465054, -0.872391, -1.2e-05, 0.0, 0.0, 0.0, 1.0],
                [0.963065, 0.11776, -0.243129, 0.124994, 0.204333, -0.917955, 0.379947, -0.002831, -0.175368, -0.422871, -0.892485, -1.2e-05, 0.0, 0.0, 0.0, 1.0],
                [0.961637, 0.136694, -0.238955, 0.124994, 0.212225, -0.930672, 0.336821, -0.002831, -0.173821, -0.380056, -0.910742, -1.2e-05, 0.0, 0.0, 0.0, 1.0],
                [0.960297, 0.154435, -0.23352, 0.124994, 0.219317, -0.941357, 0.293784, -0.002831, -0.172419, -0.337271, -0.926908, -1.2e-05, 0.0, 0.0, 0.0, 1.0],
                [0.959071, 0.170795, -0.227045, 0.124994, 0.225582, -0.950024, 0.251411, -0.002831, -0.171159, -0.295071, -0.940873, -1.2e-05, 0.0, 0.0, 0.0, 1.0],
                [0.957978, 0.185607, -0.219809, 0.124994, 0.231008, -0.956744, 0.210361, -0.002831, -0.170038, -0.254106, -0.952592, -1.2e-05, 0.0, 0.0, 0.0, 1.0],
                [0.957034, 0.19874, -0.212133, 0.124994, 0.235596, -0.961661, 0.171347, -0.002831, -0.169056, -0.215088, -0.962102, -1.2e-05, 0.0, 0.0, 0.0, 1.0],
                [0.956247, 0.210069, -0.204409, 0.124994, 0.239365, -0.964968, 0.135291, -0.002831, -0.168213, -0.178951, -0.969491, -1.2e-05, 0.0, 0.0, 0.0, 1.0],
                [0.955622, 0.219551, -0.196997, 0.124994, 0.242334, -0.966973, 0.102877, -0.002831, -0.167513, -0.146392, -0.974991, -1.2e-05, 0.0, 0.0, 0.0, 1.0],
                [0.955156, 0.22709, -0.190373, 0.124994, 0.244543, -0.967976, 0.075294, -0.002831, -0.16696, -0.118627, -0.97882, -1.2e-05, 0.0, 0.0, 0.0, 1.0],
                [0.954839, 0.232591, -0.185056, 0.124994, 0.246049, -0.968318, 0.053908, -0.002831, -0.166558, -0.097063, -0.981248, -1.2e-05, 0.0, 0.0, 0.0, 1.0],
                [0.954659, 0.235948, -0.181579, 0.124994, 0.246913, -0.968342, 0.040229, -0.002831, -0.166315, -0.083251, -0.982553, -1.2e-05, 0.0, 0.0, 0.0, 1.0],
                [0.9546, 0.237073, -0.180372, 0.124994, 0.247193, -0.968314, 0.035533, -0.002831, -0.166233, -0.078506, -0.982956, -1.2e-05, 0.0, 0.0, 0.0, 1.0],
                [0.9546, 0.237073, -0.180372, 0.124994, 0.247193, -0.968314, 0.035533, -0.002831, -0.166233, -0.078506, -0.982956, -1.2e-05, 0.0, 0.0, 0.0, 1.0]
            ]
        },
        {
            "name": "Leg_R",
            "time": [0.0, 0.0167, 0.0333, 0.05, 0.0667, 0.0833, 0.1, 0.1167, 0.1333, 0.15, 0.1667, 0.1833, 0.2, 0.2167, 0.2333, 0.25, 0.2667, 0.2833, 0.3, 0.3167, 0.3333, 0.35, 0.3667, 0.3833, 0.4, 0.4167, 0.4333, 0.45, 0.4667, 0.4833, 0.5, 0.5167, 0.5333, 0.55, 0.5667, 0.5833, 0.6, 0.6167, 0.6333, 0.65, 0.6667, 0.6833, 0.7, 0.7167, 0.7333, 0.75, 0.7667, 0.7833, 0.8, 0.8167, 0.8333, 0.85, 0.8667, 0.8833, 0.9, 0.9167, 0.9333, 0.95, 0.9667, 0.9833, 1.0, 1.0167, 1.0333, 1.05, 1.0667, 1.0833, 1.1, 1.1167, 1.1333, 1.15, 1.1667, 1.1833, 1.2, 1.2167, 1.2333, 1.25, 1.2667, 1.2833, 1.3, 1.3167, 1.3333, 1.35, 1.3667, 1.3833, 1.4, 1.4167, 1.4333, 1.45, 1.4667, 1.4833, 1.5, 1.5167, 1.5333, 1.55, 1.5667, 1.5833, 1.6, 1.6167, 1.6333, 1.65, 1.6667],
            "transform": [
                [0.999654, -0.024519, -0.009555, 0.0, 0.024596, 0.741516, 0.670484, 0.374721, -0.009354, -0.670487, 0.741862, -0.0, 0.0, 0.0, 0.0, 1.0],
                [0.999714, -0.024563, -0.009571, 0.0, 0.024601, 0.741496, 0.670628, 0.374721, -0.00937, -0.671692, 0.741484, -0.0, 0.0, 0.0, 0.0, 1.0],
                [0.999896, -0.024696, -0.009619, 0.0, 0.024617, 0.741444, 0.671042, 0.374721, -0.009418, -0.675325, 0.740356, 0.0, 0.0, 0.0, 0.0, 1.0],
                [1.000199, -0.024917, -0.009697, -0.0, 0.02464, 0.741395, 0.671671, 0.374721, -0.009497, -0.681369, 0.738514, 0.0, 0.0, 0.0, 0.0, 1.0],
                [1.000626, -0.025223, -0.009803, -0.0, 0.024668, 0.741402, 0.672423, 0.374721, -0.009603, -0.689734, 0.736038, 0.0, 0.0, 0.0, 0.0, 1.0],
                [1.001177, -0.025607, -0.009932, 0.0, 0.024696, 0.741534, 0.673179, 0.374721, -0.009733, -0.700255, 0.733048, -0.0, 0.0, 0.0, 0.0, 1.0],
                [1.001851, -0.02606, -0.010077, 0.0, 0.024718, 0.741927, 0.673757, 0.374721, -0.009878, -0.712631, 0.729751, -0.0, 0.0, 0.0, 0.0, 1.0],
                [1.00265, -0.026575, -0.010237, 0.0, 0.024735, 0.742487, 0.674214, 0.374721, -0.010039, -0.726717, 0.726161, 0.0, 0.0, 0.0, 0.0, 1.0],
                [1.003573, -0.027127, -0.010395, -0.0, 0.024734, 0.743564, 0.674173, 0.374721, -0.010198, -0.741807, 0.722743, 0.0, 0.0, 0.0, 0.0, 1.0],
                [1.004619, -0.0277, -0.010546, -0.0, 0.024715, 0.745166, 0.673631, 0.374721, -0.010349, -0.757478, 0.719647, 0.0, 0.0, 0.0, 0.0, 1.0],
                [1.005789, -0.02827, -0.010679, 0.0, 0.024672, 0.747449, 0.672462, 0.374721, -0.010482, -0.773076, 0.717175, 0.0, 0.0, 0.0, 0.0, 1.0],
                [1.007081, -0.028819, -0.010788, -0.0, 0.024609, 0.750392, 0.670722, 0.374721, -0.010592, -0.788087, 0.715463, -0.0, 0.0, 0.0, 0.0, 1.0],
                [1.008494, -0.029313, -0.010856, 0.0, 0.024515, 0.754342, 0.668143, 0.374721, -0.01066, -0.801584, 0.714981, 0.0, 0.0, 0.0, 0.0, 1.0],
                [1.010027, -0.02973, -0.010878, -0.0, 0.024391, 0.759344, 0.664738, 0.374721, -0.010682, -0.812976, 0.715902, 0.0, 0.0, 0.0, 0.0, 1.0],
                [1.011675, -0.030045, -0.010844, 0.0, 0.024232, 0.76554, 0.660413, 0.374721, -0.010648, -0.821601, 0.718464, 0.0, 0.0, 0.0, 0.0, 1.0],
                [1.013438, -0.030237, -0.010746, 0.0, 0.024036, 0.773074, 0.655053, 0.374721, -0.010549, -0.826859, 0.722888, -0.0, 0.0, 0.0, 0.0, 1.0],
                [1.015311, -0.030286, -0.010577, 0.0, 0.023796, 0.78209, 0.648495, 0.374721, -0.010379, -0.828193, 0.729372, -0.0, 0.0, 0.0, 0.0, 1.0],
                [1.017291, -0.030176, -0.010332, -0.0, 0.023506, 0.792664, 0.640581, 0.374721, -0.010133, -0.82518, 0.738041, -0.0, 0.0, 0.0, 0.0, 1.0],
                [1.019374, -0.029892, -0.010006, 0.0, 0.023157, 0.804883, 0.631079, 0.374721, -0.009806, -0.817419, 0.749013, 0.0, 0.0, 0.0, 0.0, 1.0],
                [1.021554, -0.02942, -0.009596, 0.0, 0.022739, 0.818833, 0.619666, 0.374721, -0.009393, -0.80451, 0.762409, -0.0, 0.0, 0.0, 0.0, 1.0],
                [1.023825, -0.028748, -0.009099, -0.0, 0.022237, 0.834518, 0.605997, 0.374721, -0.008894, -0.786138, 0.778266, -0.0, 0.0, 0.0, 0.0, 1.0],
                [1.026173, -0.028273, -0.008779, 0.0, 0.02192, 0.844515, 0.597373, 0.374721, -0.008573, -0.773138, 0.789336, -0.0, 0.0, 0.0, 0.0, 1.0],
                [1.028579, -0.028471, -0.008941, -0.0, 0.022126, 0.840373, 0.602967, 0.374721, -0.008735, -0.778569, 0.787331, -0.0, 0.0, 0.0, 0.0, 1.0],
                [1.031034, -0.029358, -0.009615, -0.0, 0.022867, 0.821264, 0.623176, 0.374721, -0.009411, -0.80282, 0.771376, 0.0, 0.0, 0.0, 0.0, 1.0],
                [1.033534, -0.030821, -0.010799, -0.0, 0.024061, 0.787397, 0.655717, 0.374721, -0.010598, -0.842813, 0.741557, -0.0, 0.0, 0.0, 0.0, 1.0],
                [1.036069, -0.03265, -0.012442, -0.0, 0.025549, 0.74036, 0.696246, 0.374721, -0.012246, -0.892849, 0.699246, -0.0, 0.0, 0.0, 0.0, 1.0],
                [1.038635, -0.034623, -0.014459, -0.0, 0.027155, 0.682688, 0.740035, 0.374721, -0.01427, -0.946787, 0.646722, -0.0, 0.0, 0.0, 0.0, 1.0],
                [1.04123, -0.036527, -0.01672, 0.0, 0.028717, 0.618308, 0.782603, 0.374721, -0.016537, -0.998863, 0.5876, 0.0, 0.0, 0.0, 0.0, 1.0],
                [1.043848, -0.038217, -0.019073, 0.0, 0.030118, 0.551619, 0.820798, 0.374721, -0.018898, -1.045068, 0.525982, 0.0, 0.0, 0.0, 0.0, 1.0],
                [1.046488, -0.039599, -0.021343, -0.0, 0.031284, 0.487719, 0.852594, 0.374721, -0.021173, -1.082871, 0.466684, 0.0, 0.0, 0.0, 0.0, 1.0],
                [1.049147, -0.040651, -0.023372, -0.0, 0.032195, 0.431043, 0.877434, 0.374721, -0.023209, -1.111632, 0.41394, -0.0, 0.0, 0.0, 0.0, 1.0],
                [1.051819, -0.041384, -0.025017, 0.0, 0.032857, 0.385687, 0.895501, 0.374721, -0.024858, -1.13166, 0.371717, 0.0, 0.0, 0.0, 0.0, 1.0],
                [1.054498, -0.041841, -0.026193, 0.0, 0.033304, 0.353962, 0.907702, 0.374721, -0.026037, -1.144173, 0.342309, -0.0, 0.0, 0.0, 0.0, 1.0],
                [1.057179, -0.042072, -0.026866, -0.0, 0.033572, 0.336704, 0.915021, 0.374721, -0.026712, -1.15048, 0.326623, -0.0, 0.0, 0.0, 0.0, 1.0],
                [1.059849, -0.042118, -0.02706, -0.0, 0.033694, 0.333125, 0.91834, 0.374721, -0.026906, -1.151745, 0.324006, -0.0, 0.0, 0.0, 0.0, 1.0],
                [1.062497, -0.042015, -0.026847, -0.0, 0.033696, 0.341076, 0.918375, 0.374721, -0.026691, -1.148916, 0.332482, -0.0, 0.0, 0.0, 0.0, 1.0],
                [1.065112, -0.041792, -0.026332, -0.0, 0.0336, 0.357494, 0.91577, 0.374721, -0.026174, -1.14284, 0.349168, -0.0, 0.0, 0.0, 0.0, 1.0],
                [1.067679, -0.041485, -0.025635, 0.0, 0.033434, 0.378914, 0.91123, 0.374721, -0.025474, -1.134432, 0.370761, 0.0, 0.0, 0.0, 0.0, 1.0],
                [1.070189, -0.041132, -0.024876, 0.0, 0.033228, 0.401937, 0.905606, 0.374721, -0.024713, -1.124779, 0.393986, 0.0, 0.0, 0.0, 0.0, 1.0],
                [1.072626, -0.040778, -0.024161, -0.0, 0.033018, 0.423587, 0.899868, 0.374721, -0.023995, -1.115101, 0.41595, 0.0, 0.0, 0.0, 0.0, 1.0],
                [1.074984, -0.040468, -0.023573, 0.0, 0.032839, 0.441538, 0.894999, 0.374721, -0.023405, -1.106626, 0.434368, -0.0, 0.0, 0.0, 0.0, 1.0],
                [1.077253, -0.040237, -0.023164, 0.0, 0.032721, 0.454367, 0.891777, 0.374721, -0.022993, -1.100313, 0.447819, -0.0, 0.0, 0.0, 0.0, 1.0],
                [1.079429, -0.040043, -0.022834, 0.0, 0.032629, 0.464852, 0.889262, 0.374721, -0.022662, -1.094991, 0.458989, 0.0, 0.0, 0.0, 0.0, 1.0],
                [1.081514, -0.039813, -0.022446, 0.0, 0.032505, 0.476881, 0.885871, 0.374721, -0.022273, -1.088705, 0.471673, -0.0, 0.0, 0.0, 0.0, 1.0],
                [1.083501, -0.039545, -0.022, 0.0, 0.032346, 0.490423, 0.881544, 0.374721, -0.021825, -1.08139, 0.485845, -0.0, 0.0, 0.0, 0.0, 1.0],
                [1.085387, -0.039238, -0.021497, 0.0, 0.032151, 0.505441, 0.87622, 0.374721, -0.02132, -1.07298, 0.501472, -0.0, 0.0, 0.0, 0.0, 1.0],
                [1.087166, -0.038887, -0.020939, -0.0, 0.031917, 0.52188, 0.869835, 0.374721, -0.020759, -1.063404, 0.518499, -0.0, 0.0, 0.0, 0.0, 1.0],
                [1.088836, -0.038492, -0.020327, -0.0, 0.031642, 0.53967, 0.86233, 0.374721, -0.020145, -1.052596, 0.536857, 0.0, 0.0, 0.0, 0.0, 1.0],
                [1.090393, -0.038049, -0.019666, -0.0, 0.031323, 0.558726, 0.853645, 0.374721, -0.019482, -1.040487, 0.556461, -0.0, 0.0, 0.0, 0.0, 1.0],
                [1.091835, -0.037557, -0.018959, 0.0, 0.030959, 0.578953, 0.843723, 0.374721, -0.018772, -1.027013, 0.577215, 0.0, 0.0, 0.0, 0.0, 1.0],
