{
    "animation": [
        {
            "name": "Root",
            "time": [0.0, 0.0167, 0.0333, 0.05, 0.0667, 0.0833, 0.1, 0.1167, 0.1333, 0.15, 0.1667, 0.1833, 0.2, 0.2167, 0.2333, 0.25, 0.2667, 0.2833, 0.3, 0.3167, 0.3333, 0.35, 0.3667, 0.3833, 0.4, 0.4167, 0.4333, 0.45, 0.4667, 0.4833, 0.5, 0.5167, 0.5333, 0.55, 0.5667, 0.5833, 0.6, 0.6167, 0.6333, 0.65, 0.6667, 0.6833, 0.7, 0.7167, 0.7333, 0.75, 0.7667, 0.7833, 0.8, 0.8167, 0.8333, 0.85, 0.8667, 0.8833, 0.9, 0.9167, 0.9333, 0.95, 0.9667, 0.9833, 1.0, 1.0167, 1.0333, 1.05, 1.0667, 1.0833, 1.1, 1.1167, 1.1333, 1.15, 1.1667, 1.1833, 1.2, 1.2167, 1.2333, 1.25, 1.2667, 1.2833, 1.3, 1.3167, 1.3333, 1.35, 1.3667, 1.3833, 1.4, 1.4167, 1.4333, 1.45, 1.4667, 1.4833, 1.5, 1.5167, 1.5333, 1.55, 1.5667, 1.5833, 1.6, 1.6167, 1.6333, 1.65, 1.6667, 1.6833, 1.7, 1.7167, 1.7333, 1.75, 1.7667, 1.7833, 1.8, 1.8167, 1.8333, 1.85, 1.8667, 1.8833, 1.9, 1.9167, 1.9333, 1.95, 1.9667, 1.9833, 2.0, 2.0167, 2.0333, 2.05, 2.0667, 2.0833, 2.1, 2.1167, 2.1333, 2.15, 2.1667, 2.1833, 2.2, 2.2167, 2.2333, 2.25, 2.2667, 2.2833, 2.3, 2.3167, 2.3333, 2.35, 2.3667, 2.3833, 2.4, 2.4167, 2.4333, 2.45, 2.4667, 2.4833, 2.5],
            "transform": [
                [0.411109, 0.0, -0.911586, -5e-06, -0.911586, 0.0, -0.411109, 0.000946, 0.0, 1.0, 0.0, 0.570692, 0.0, 0.0, 0.0, 1.0],
                [0.411109, 0.0, -0.911586, -5e-06, -0.911586, 0.0, -0.411109, 0.000946, 0.0, 1.0, 0.0, 0.57044, 0.0, 0.0, 0.0, 1.0],
                [0.411109, 0.0, -0.911586, -5e-06, -0.911586, 0.0, -0.411109, 0.000946, 0.0, 1.0, 0.0, 0.569681, 0.0, 0.0, 0.0, 1.0],
                [0.411109, 0.0, -0.911586, -5e-06, -0.911586, 0.0, -0.411109, 0.000946, 0.0, 1.0, 0.0, 0.56841, 0.0, 0.0, 0.0, 1.0],
                [0.411109, 0.0, -0.911586, -5e-06, -0.911586, 0.0, -0.411109, 0.000946, 0.0, 1.0, 0.0, 0.56663, 0.0, 0.0, 0.0, 1.0],
                [0.411109, 0.0, -0.911586, -5e-06, -0.911586, 0.0, -0.411109, 0.000946, 0.0, 1.0, 0.0, 0.564349, 0.0, 0.0, 0.0, 1.0],
                [0.411109, 0.0, -0.911586, -5e-06, -0.911586, 0.0, -0.411109, 0.000946, 0.0, 1.0, 0.0, 0.561587, 0.0, 0.0, 0.0, 1.0],
                [0.411109, 0.0, -0.911586, -5e-06, -0.911586, 0.0, -0.411109, 0.000946, 0.0, 1.0, 0.0, 0.558373, 0.0, 0.0, 0.0, 1.0],
                [0.411109, 0.0, -0.911586, -5e-06, -0.911586, 0.0, -0.411109, 0.000946, 0.0, 1.0, 0.0, 0.554748, 0.0, 0.0, 0.0, 1.0],
                [0.411109, 0.0, -0.911586, -5e-06, -0.911586, 0.0, -0.411109, 0.000946, 0.0, 1.0, 0.0, 0.550763, 0.0, 0.0, 0.0, 1.0],
                [0.411109, 0.0, -0.911586, -5e-06, -0.911586, 0.0, -0.411109, 0.000946, 0.0, 1.0, 0.0, 0.546485, 0.0, 0.0, 0.0, 1.0],
                [0.411109, 0.0, -0.911586, -5e-06, -0.911586, 0.0, -0.411109, 0.000946, 0.0, 1.0, 0.0, 0.541987, 0.0, 0.0, 0.0, 1.0],
                [0.411109, 0.0, -0.911586, -5e-06, -0.911586, 0.0, -0.411109, 0.000946, 0.0, 1.0, 0.0, 0.537355, 0.0, 0.0, 0.0, 1.0],
                [0.411109, 0.0, -0.911586, -5e-06, -0.911586, 0.0, -0.411109, 0.000946, 0.0, 1.0, 0.0, 0.532677, 0.0, 0.0, 0.0, 1.0],
                [0.411109, 0.0, -0.911586, -5e-06, -0.911586, 0.0, -0.411109, 0.000946, 0.0, 1.0, 0.0, 0.528044, 0.0, 0.0, 0.0, 1.0],
                [0.411109, 0.0, -0.911586, -5e-06, -0.911586, 0.0, -0.411109, 0.000946, 0.0, 1.0, 0.0, 0.523547, 0.0, 0.0, 0.0, 1.0],
                [0.411109, 0.0, -0.911586, -5e-06, -0.911586, 0.0, -0.411109, 0.000946, 0.0, 1.0, 0.0, 0.519268, 0.0, 0.0, 0.0, 1.0],
                [0.411109, 0.0, -0.911586, -5e-06, -0.911586, 0.0, -0.411109, 0.000946, 0.0, 1.0, 0.0, 0.515284, 0.0, 0.0, 0.0, 1.0],
                [0.411109, 0.0, -0.911586, -5e-06, -0.911586, 0.0, -0.411109, 0.000946, 0.0, 1.0, 0.0, 0.511658, 0.0, 0.0, 0.0, 1.0],
                [0.411109, 0.0, -0.911586, -5e-06, -0.911586, 0.0, -0.411109, 0.000946, 0.0, 1.0, 0.0, 0.508444, 0.0, 0.0, 0.0, 1.0],
                [0.411109, 0.0, -0.911586, -5e-06, -0.911586, 0.0, -0.411109, 0.000946, 0.0, 1.0, 0.0, 0.505682, 0.0, 0.0, 0.0, 1.0],
                [0.411109, 0.0, -0.911586, -5e-06, -0.911586, 0.0, -0.411109, 0.000946, 0.0, 1.0, 0.0, 0.503402, 0.0, 0.0, 0.0, 1.0],
                [0.411109, 0.0, -0.911586, -5e-06, -0.911586, 0.0, -0.411109, 0.000946, 0.0, 1.0, 0.0, 0.501621, 0.0, 0.0, 0.0, 1.0],
                [0.411109, 0.0, -0.911586, -5e-06, -0.911586, 0.0, -0.411109, 0.000946, 0.0, 1.0, 0.0, 0.50035, 0.0, 0.0, 0.0, 1.0],
                [0.411109, 0.0, -0.911586, -5e-06, -0.911586, 0.0, -0.411109, 0.000946, 0.0, 1.0, 0.0, 0.499591, 0.0, 0.0, 0.0, 1.0],
                [0.411109, 0.0, -0.911586, -5e-06, -0.911586, 0.0, -0.411109, 0.000946, 0.0, 1.0, 0.0, 0.49934, 0.0, 0.0, 0.0, 1.0],
                [0.438546, 0.0, -0.898709, -5e-06, -0.898709, 0.0, -0.438546, 0.01366, 0.0, 1.0, 0.0, 0.501538, 0.0, 0.0, 0.0, 1.0],
                [0.518918, 0.0, -0.854824, -5e-06, -0.854824, 0.0, -0.518918, 0.052083, 0.0, 1.0, 0.0, 0.508182, 0.0, 0.0, 0.0, 1.0],
                [0.642445, 0.0, -0.766332, -5e-06, -0.766332, 0.0, -0.642445, 0.11588, 0.0, 1.0, 0.0, 0.519214, 0.0, 0.0, 0.0, 1.0],
                [0.787202, 0.0, -0.616695, -5e-06, -0.616695, 0.0, -0.787202, 0.203366, 0.0, 1.0, 0.0, 0.534341, 0.0, 0.0, 0.0, 1.0],
                [0.918067, 0.0, -0.396425, -5e-06, -0.396425, 0.0, -0.918067, 0.311129, 0.0, 1.0, 0.0, 0.552975, 0.0, 0.0, 0.0, 1.0],
                [0.993394, 0.0, -0.114754, -5e-06, -0.114754, 0.0, -0.993394, 0.433864, 0.0, 1.0, 0.0, 0.574198, 0.0, 0.0, 0.0, 1.0],
                [0.980727, 0.0, 0.195381, -5e-06, 0.195381, 0.0, -0.980727, 0.564586, 0.0, 1.0, 0.0, 0.596802, 0.0, 0.0, 0.0, 1.0],
                [0.873573, 0.0, 0.486693, -5e-06, 0.486693, 0.0, -0.873573, 0.695308, 0.0, 1.0, 0.0, 0.619405, 0.0, 0.0, 0.0, 1.0],
                [0.696052, 0.0, 0.717991, -5e-06, 0.717991, 0.0, -0.696052, 0.818043, 0.0, 1.0, 0.0, 0.640628, 0.0, 0.0, 0.0, 1.0],
                [0.490764, 0.0, 0.871292, -5e-06, 0.871292, 0.0, -0.490764, 0.925806, 0.0, 1.0, 0.0, 0.659262, 0.0, 0.0, 0.0, 1.0],
                [0.299713, 0.0, 0.95403, -5e-06, 0.95403, 0.0, -0.299713, 1.013292, 0.0, 1.0, 0.0, 0.674389, 0.0, 0.0, 0.0, 1.0],
                [0.151704, 0.0, 0.988426, -5e-06, 0.988426, 0.0, -0.151704, 1.07709, 0.0, 1.0, 0.0, 0.685421, 0.0, 0.0, 0.0, 1.0],
                [0.06065, 0.0, 0.998159, -5e-06, 0.998159, 0.0, -0.06065, 1.115513, 0.0, 1.0, 0.0, 0.692065, 0.0, 0.0, 0.0, 1.0],
                [0.030373, 0.0, 0.999539, -5e-06, 0.999539, 0.0, -0.030373, 1.128226, 0.0, 1.0, 0.0, 0.694263, 0.0, 0.0, 0.0, 1.0],
                [0.030373, 0.0, 0.999539, -5e-06, 0.999539, 0.0, -0.030373, 1.128226, 0.0, 1.0, 0.0, 0.694263, 0.0, 0.0, 0.0, 1.0],
                [0.030373, 0.0, 0.999539, -5e-06, 0.999539, 0.0, -0.030373, 1.128226, 0.0, 1.0, 0.0, 0.694263, 0.0, 0.0, 0.0, 1.0],
                [0.030373, 0.0, 0.999539, -5e-06, 0.999539, 0.0, -0.030373, 1.128226, 0.0, 1.0, 0.0, 0.694263, 0.0, 0.0, 0.0, 1.0],
                [0.030373, 0.0, 0.999539, -5e-06, 0.999539, 0.0, -0.030373, 1.128226, 0.0, 1.0, 0.0, 0.694263, 0.0, 0.0, 0.0, 1.0],
                [0.030373, 0.0, 0.999539, -5e-06, 0.999539, 0.0, -0.030373, 1.128226, 0.0, 1.0, 0.0, 0.694263, 0.0, 0.0, 0.0, 1.0],
                [0.030373, 0.0, 0.999539, -5e-06, 0.999539, 0.0, -0.030373, 1.128226, 0.0, 1.0, 0.0, 0.694263, 0.0, 0.0, 0.0, 1.0],
                [0.030373, 0.0, 0.999539, -5e-06, 0.999539, 0.0, -0.030373, 1.128226, 0.0, 1.0, 0.0, 0.694263, 0.0, 0.0, 0.0, 1.0],
                [0.030373, 0.0, 0.999539, -5e-06, 0.999539, 0.0, -0.030373, 1.128226, 0.0, 1.0, 0.0, 0.694263, 0.0, 0.0, 0.0, 1.0],
                [0.030373, 0.0, 0.999539, -5e-06, 0.999539, 0.0, -0.030373, 1.128226, 0.0, 1.0, 0.0, 0.694263, 0.0, 0.0, 0.0, 1.0],
                [0.030373, 0.0, 0.999539, -5e-06, 0.999539, 0.0, -0.030373, 1.128226, 0.0, 1.0, 0.0, 0.694263, 0.0, 0.0, 0.0, 1.0],
                [0.030373, 0.0, 0.999539, -5e-06, 0.999539, 0.0, -0.030373, 1.128226, 0.0, 1.0, 0.0, 0.694263, 0.0, 0.0, 0.0, 1.0],
                [0.030373, 0.0, 0.999539, -5e-06, 0.999539, 0.0, -0.030373, 1.128226, 0.0, 1.0, 0.0, 0.694263, 0.0, 0.0, 0.0, 1.0],
                [0.030373, 0.0, 0.999539, -5e-06, 0.999539, 0.0, -0.030373, 1.128226, 0.0, 1.0, 0.0, 0.694263, 0.0, 0.0, 0.0, 1.0],
                [0.030373, 0.0, 0.999539, -5e-06, 0.999539, 0.0, -0.030373, 1.128226, 0.0, 1.0, 0.0, 0.694263, 0.0, 0.0, 0.0, 1.0],
                [0.030373, 0.0, 0.999539, -5e-06, 0.999539, 0.0, -0.030373, 1.128226, 0.0, 1.0, 0.0, 0.694263, 0.0, 0.0, 0.0, 1.0],
                [0.030373, 0.0, 0.999539, -5e-06, 0.999539, 0.0, -0.030373, 1.128226, 0.0, 1.0, 0.0, 0.694263, 0.0, 0.0, 0.0, 1.0],
                [0.030373, 0.0, 0.999539, -5e-06, 0.999539, 0.0, -0.030373, 1.128226, 0.0, 1.0, 0.0, 0.694263, 0.0, 0.0, 0.0, 1.0],
                [0.030373, 0.0, 0.999539, -5e-06, 0.999539, 0.0, -0.030373, 1.128226, 0.0, 1.0, 0.0, 0.694263, 0.0, 0.0, 0.0, 1.0],
                [0.030373, 0.0, 0.999539, -5e-06, 0.999539, 0.0, -0.030373, 1.128226, 0.0, 1.0, 0.0, 0.694263, 0.0, 0.0, 0.0, 1.0],
                [0.030373, 0.0, 0.999539, -5e-06, 0.999539, 0.0, -0.030373, 1.128226, 0.0, 1.0, 0.0, 0.694263, 0.0, 0.0, 0.0, 1.0],
                [0.030373, 0.0, 0.999539, -5e-06, 0.999539, 0.0, -0.030373, 1.128226, 0.0, 1.0, 0.0, 0.694263, 0.0, 0.0, 0.0, 1.0],
                [0.030373, 0.0, 0.999539, -5e-06, 0.999539, 0.0, -0.030373, 1.128226, 0.0, 1.0, 0.0, 0.694263, 0.0, 0.0, 0.0, 1.0],
                [0.030373, 0.0, 0.999539, -5e-06, 0.999539, 0.0, -0.030373, 1.128226, 0.0, 1.0, 0.0, 0.694263, 0.0, 0.0, 0.0, 1.0],
                [0.030373, 0.0, 0.999539, -5e-06, 0.999539, 0.0, -0.030373, 1.128226, 0.0, 1.0, 0.0, 0.694263, 0.0, 0.0, 0.0, 1.0],
                [0.030373, 0.0, 0.999539, -5e-06, 0.999539, 0.0, -0.030373, 1.128226, 0.0, 1.0, 0.0, 0.694263, 0.0, 0.0, 0.0, 1.0],
                [0.030373, 0.0, 0.999539, -5e-06, 0.999539, 0.0, -0.030373, 1.128226, 0.0, 1.0, 0.0, 0.694263, 0.0, 0.0, 0.0, 1.0],
                [0.030373, 0.0, 0.999539, -5e-06, 0.999539, 0.0, -0.030373, 1.128226, 0.0, 1.0, 0.0, 0.694263, 0.0, 0.0, 0.0, 1.0],
                [0.030373, 0.0, 0.999539, -5e-06, 0.999539, 0.0, -0.030373, 1.128226, 0.0, 1.0, 0.0, 0.694263, 0.0, 0.0, 0.0, 1.0],
                [0.030373, 0.0, 0.999539, -5e-06, 0.999539, 0.0, -0.030373, 1.128226, 0.0, 1.0, 0.0, 0.694263, 0.0, 0.0, 0.0, 1.0],
                [0.030373, 0.0, 0.999539, -5e-06, 0.999539, 0.0, -0.030373, 1.128226, 0.0, 1.0, 0.0, 0.694263, 0.0, 0.0, 0.0, 1.0],
                [0.030373, 0.0, 0.999539, -5e-06, 0.999539, 0.0, -0.030373, 1.128226, 0.0, 1.0, 0.0, 0.694263, 0.0, 0.0, 0.0, 1.0],
                [0.030373, 0.0, 0.999539, -5e-06, 0.999539, 0.0, -0.030373, 1.128226, 0.0, 1.0, 0.0, 0.694263, 0.0, 0.0, 0.0, 1.0],
                [0.030373, 0.0, 0.999539, -5e-06, 0.999539, 0.0, -0.030373, 1.128226, 0.0, 1.0, 0.0, 0.694263, 0.0, 0.0, 0.0, 1.0],
                [0.030373, 0.0, 0.999539, -5e-06, 0.999539, 0.0, -0.030373, 1.128226, 0.0, 1.0, 0.0, 0.694263, 0.0, 0.0, 0.0, 1.0],
                [0.030373, 0.0, 0.999539, -5e-06, 0.999539, 0.0, -0.030373, 1.128226, 0.0, 1.0, 0.0, 0.694263, 0.0, 0.0, 0.0, 1.0],
                [0.030373, 0.0, 0.999539, -5e-06, 0.999539, 0.0, -0.030373, 1.128226, 0.0, 1.0, 0.0, 0.694263, 0.0, 0.0, 0.0, 1.0],
                [0.031164, 0.0, 0.999514, -5e-06, 0.999514, 0.0, -0.031164, 1.128226, 0.0, 1.0, 0.0, 0.694277, 0.0, 0.0, 0.0, 1.0],
                [0.033542, 0.0, 0.999437, -5e-06, 0.999437, 0.0, -0.033542, 1.128226, 0.0, 1.0, 0.0, 0.694319, 0.0, 0.0, 0.0, 1.0],
                [0.037517, 0.0, 0.999296, -5e-06, 0.999296, 0.0, -0.037517, 1.128227, 0.0, 1.0, 0.0, 0.69439, 0.0, 0.0, 0.0, 1.0],
                [0.043095, 0.0, 0.999071, -5e-06, 0.999071, 0.0, -0.043095, 1.128227, 0.0, 1.0, 0.0, 0.694489, 0.0, 0.0, 0.0, 1.0],
                [0.050283, 0.0, 0.998735, -5e-06, 0.998735, 0.0, -0.050283, 1.128227, 0.0, 1.0, 0.0, 0.694616, 0.0, 0.0, 0.0, 1.0],
                [0.059081, 0.0, 0.998253, -5e-06, 0.998253, 0.0, -0.059081, 1.128228, 0.0, 1.0, 0.0, 0.694773, 0.0, 0.0, 0.0, 1.0],
                [0.06949, 0.0, 0.997583, -5e-06, 0.997583, 0.0, -0.06949, 1.128229, 0.0, 1.0, 0.0, 0.694957, 0.0, 0.0, 0.0, 1.0],
                [0.081504, 0.0, 0.996673, -5e-06, 0.996673, 0.0, -0.081504, 1.12823, 0.0, 1.0, 0.0, 0.695171, 0.0, 0.0, 0.0, 1.0],
                [0.095117, 0.0, 0.995466, -5e-06, 0.995466, 0.0, -0.095117, 1.128231, 0.0, 1.0, 0.0, 0.695413, 0.0, 0.0, 0.0, 1.0],
                [0.110315, 0.0, 0.993897, -5e-06, 0.993897, 0.0, -0.110315, 1.128232, 0.0, 1.0, 0.0, 0.695684, 0.0, 0.0, 0.0, 1.0],
                [0.12708, 0.0, 0.991893, -5e-06, 0.991893, 0.0, -0.12708, 1.128233, 0.0, 1.0, 0.0, 0.695983, 0.0, 0.0, 0.0, 1.0],
                [0.145387, 0.0, 0.989375, -5e-06, 0.989375, 0.0, -0.145387, 1.128235, 0.0, 1.0, 0.0, 0.696311, 0.0, 0.0, 0.0, 1.0],
                [0.165205, 0.0, 0.986259, -5e-06, 0.986259, 0.0, -0.165205, 1.128236, 0.0, 1.0, 0.0, 0.696667, 0.0, 0.0, 0.0, 1.0],
                [0.186496, 0.0, 0.982456, -5e-06, 0.982456, 0.0, -0.186496, 1.128238, 0.0, 1.0, 0.0, 0.69705, 0.0, 0.0, 0.0, 1.0],
                [0.209213, 0.0, 0.97787, -5e-06, 0.97787, 0.0, -0.209213, 1.12824, 0.0, 1.0, 0.0, 0.697461, 0.0, 0.0, 0.0, 1.0],
                [0.233298, 0.0, 0.972405, -5e-06, 0.972405, 0.0, -0.233298, 1.128241, 0.0, 1.0, 0.0, 0.697899, 0.0, 0.0, 0.0, 1.0],
                [0.258688, 0.0, 0.965961, -5e-06, 0.965961, 0.0, -0.258688, 1.128243, 0.0, 1.0, 0.0, 0.698363, 0.0, 0.0, 0.0, 1.0],
                [0.285306, 0.0, 0.958437, -5e-06, 0.958437, 0.0, -0.285306, 1.128245, 0.0, 1.0, 0.0, 0.698853, 0.0, 0.0, 0.0, 1.0],
                [0.313065, 0.0, 0.949732, -5e-06, 0.949732, 0.0, -0.313065, 1.128248, 0.0, 1.0, 0.0, 0.699369, 0.0, 0.0, 0.0, 1.0],
                [0.341869, 0.0, 0.939747, -5e-06, 0.939747, 0.0, -0.341869, 1.12825, 0.0, 1.0, 0.0, 0.699909, 0.0, 0.0, 0.0, 1.0],
                [0.37161, 0.0, 0.928389, -5e-06, 0.928389, 0.0, -0.37161, 1.128252, 0.0, 1.0, 0.0, 0.700474, 0.0, 0.0, 0.0, 1.0],
                [0.402167, 0.0, 0.915566, -5e-06, 0.915566, 0.0, -0.402167, 1.128255, 0.0, 1.0, 0.0, 0.701061, 0.0, 0.0, 0.0, 1.0],
                [0.433411, 0.0, 0.901196, -5e-06, 0.901196, 0.0, -0.433411, 1.128257, 0.0, 1.0, 0.0, 0.701671, 0.0, 0.0, 0.0, 1.0],
                [0.465202, 0.0, 0.885205, -5e-06, 0.885205, 0.0, -0.465202, 1.12826, 0.0, 1.0, 0.0, 0.702302, 0.0, 0.0, 0.0, 1.0],
                [0.49739, 0.0, 0.867527, -5e-06, 0.867527, 0.0, -0.49739, 1.128263, 0.0, 1.0, 0.0, 0.702953, 0.0, 0.0, 0.0, 1.0],
                [0.529817, 0.0, 0.848112, -5e-06, 0.848112, 0.0, -0.529817, 1.128266, 0.0, 1.0, 0.0, 0.703623, 0.0, 0.0, 0.0, 1.0],
                [0.562319, 0.0, 0.826921, -5e-06, 0.826921, 0.0, -0.562319, 1.128269, 0.0, 1.0, 0.0, 0.70431, 0.0, 0.0, 0.0, 1.0],
                [0.594723, 0.0, 0.803931, -5e-06, 0.803931, 0.0, -0.594723, 1.128272, 0.0, 1.0, 0.0, 0.705015, 0.0, 0.0, 0.0, 1.0],
                [0.626856, 0.0, 0.779135, -5e-06, 0.779135, 0.0, -0.626856, 1.128275, 0.0, 1.0, 0.0, 0.705734, 0.0, 0.0, 0.0, 1.0],
                [0.658541, 0.0, 0.752545, -5e-06, 0.752545, 0.0, -0.658541, 1.128278, 0.0, 1.0, 0.0, 0.706468, 0.0, 0.0, 0.0, 1.0],
                [0.689602, 0.0, 0.724189, -5e-06, 0.724189, 0.0, -0.689602, 1.128281, 0.0, 1.0, 0.0, 0.707213, 0.0, 0.0, 0.0, 1.0],
                [0.719865, 0.0, 0.694114, -5e-06, 0.694114, 0.0, -0.719865, 1.128284, 0.0, 1.0, 0.0, 0.707969, 0.0, 0.0, 0.0, 1.0],
                [0.749161, 0.0, 0.662387, -5e-06, 0.662387, 0.0, -0.749161, 1.128287, 0.0, 1.0, 0.0, 0.708735, 0.0, 0.0, 0.0, 1.0],
                [0.77733, 0.0, 0.629093, -5e-06, 0.629093, 0.0, -0.77733, 1.128291, 0.0, 1.0, 0.0, 0.709508, 0.0, 0.0, 0.0, 1.0],
                [0.80422, 0.0, 0.594332, -5e-06, 0.594332, 0.0, -0.80422, 1.128294, 0.0, 1.0, 0.0, 0.710287, 0.0, 0.0, 0.0, 1.0],
                [0.829691, 0.0, 0.558223, -5e-06, 0.558223, 0.0, -0.829691, 1.128297, 0.0, 1.0, 0.0, 0.711071, 0.0, 0.0, 0.0, 1.0],
                [0.853617, 0.0, 0.520902, -5e-06, 0.520902, 0.0, -0.853617, 1.128301, 0.0, 1.0, 0.0, 0.711856, 0.0, 0.0, 0.0, 1.0],
                [0.875889, 0.0, 0.482513, -5e-06, 0.482513, 0.0, -0.875889, 1.128304, 0.0, 1.0, 0.0, 0.712643, 0.0, 0.0, 0.0, 1.0],
                [0.896414, 0.0, 0.443218, -5e-06, 0.443218, 0.0, -0.896414, 1.128307, 0.0, 1.0, 0.0, 0.713429, 0.0, 0.0, 0.0, 1.0],
                [0.915119, 0.0, 0.403185, -5e-06, 0.403185, 0.0, -0.915119, 1.128311, 0.0, 1.0, 0.0, 0.714212, 0.0, 0.0, 0.0, 1.0],
                [0.93195, 0.0, 0.362588, -5e-06, 0.362588, 0.0, -0.93195, 1.128314, 0.0, 1.0, 0.0, 0.714992, 0.0, 0.0, 0.0, 1.0],
                [0.946873, 0.0, 0.321608, -5e-06, 0.321608, 0.0, -0.946873, 1.128317, 0.0, 1.0, 0.0, 0.715765, 0.0, 0.0, 0.0, 1.0],
                [0.959875, 0.0, 0.280428, -5e-06, 0.280428, 0.0, -0.959875, 1.128321, 0.0, 1.0, 0.0, 0.71653, 0.0, 0.0, 0.0, 1.0],
                [0.970963, 0.0, 0.239229, -5e-06, 0.239229, 0.0, -0.970963, 1.128324, 0.0, 1.0, 0.0, 0.717287, 0.0, 0.0, 0.0, 1.0],
                [0.980164, 0.0, 0.198189, -5e-06, 0.198189, 0.0, -0.980164, 1.128327, 0.0, 1.0, 0.0, 0.718032, 0.0, 0.0, 0.0, 1.0],
                [0.987521, 0.0, 0.157485, -5e-06, 0.157485, 0.0, -0.987521, 1.12833, 0.0, 1.0, 0.0, 0.718765, 0.0, 0.0, 0.0, 1.0],
                [0.993099, 0.0, 0.117283, -5e-06, 0.117283, 0.0, -0.993099, 1.128333, 0.0, 1.0, 0.0, 0.719485, 0.0, 0.0, 0.0, 1.0],
                [0.996974, 0.0, 0.077741, -5e-06, 0.077741, 0.0, -0.996974, 1.128336, 0.0, 1.0, 0.0, 0.720189, 0.0, 0.0, 0.0, 1.0],
                [0.999239, 0.0, 0.039008, -5e-06, 0.039008, 0.0, -0.999239, 1.128339, 0.0, 1.0, 0.0, 0.720877, 0.0, 0.0, 0.0, 1.0],
                [0.999999, 0.0, 0.00122, -5e-06, 0.00122, 0.0, -0.999999, 1.128342, 0.0, 1.0, 0.0, 0.721547, 0.0, 0.0, 0.0, 1.0],
                [0.99937, 0.0, -0.035497, -5e-06, -0.035497, 0.0, -0.99937, 1.128345, 0.0, 1.0, 0.0, 0.722198, 0.0, 0.0, 0.0, 1.0],
                [0.997474, 0.0, -0.071033, -5e-06, -0.071033, 0.0, -0.997474, 1.128347, 0.0, 1.0, 0.0, 0.722829, 0.0, 0.0, 0.0, 1.0],
                [0.994442, 0.0, -0.10529, -5e-06, -0.10529, 0.0, -0.994442, 1.12835, 0.0, 1.0, 0.0, 0.723439, 0.0, 0.0, 0.0, 1.0],
                [0.990407, 0.0, -0.138182, -5e-06, -0.138182, 0.0, -0.990407, 1.128353, 0.0, 1.0, 0.0, 0.724026, 0.0, 0.0, 0.0, 1.0],
                [0.985506, 0.0, -0.169638, -5e-06, -0.169638, 0.0, -0.985506, 1.128355, 0.0, 1.0, 0.0, 0.72459, 0.0, 0.0, 0.0, 1.0],
                [0.979878, 0.0, -0.199599, -5e-06, -0.199599, 0.0, -0.979878, 1.128357, 0.0, 1.0, 0.0, 0.725131, 0.0, 0.0, 0.0, 1.0],
                [0.973657, 0.0, -0.228019, -5e-06, -0.228019, 0.0, -0.973657, 1.128359, 0.0, 1.0, 0.0, 0.725646, 0.0, 0.0, 0.0, 1.0],
                [0.966978, 0.0, -0.254861, -5e-06, -0.254861, 0.0, -0.966978, 1.128362, 0.0, 1.0, 0.0, 0.726137, 0.0, 0.0, 0.0, 1.0],
                [0.959971, 0.0, -0.280101, -5e-06, -0.280101, 0.0, -0.959971, 1.128363, 0.0, 1.0, 0.0, 0.726601, 0.0, 0.0, 0.0, 1.0],
                [0.95276, 0.0, -0.303723, -5e-06, -0.303723, 0.0, -0.95276, 1.128365, 0.0, 1.0, 0.0, 0.727039, 0.0, 0.0, 0.0, 1.0],
                [0.945466, 0.0, -0.32572, -5e-06, -0.32572, 0.0, -0.945466, 1.128367, 0.0, 1.0, 0.0, 0.72745, 0.0, 0.0, 0.0, 1.0],
                [0.938201, 0.0, -0.346091, -5e-06, -0.346091, 0.0, -0.938201, 1.128369, 0.0, 1.0, 0.0, 0.727833, 0.0, 0.0, 0.0, 1.0],
                [0.931069, 0.0, -0.364842, -5e-06, -0.364842, 0.0, -0.931069, 1.12837, 0.0, 1.0, 0.0, 0.728189, 0.0, 0.0, 0.0, 1.0],
                [0.924168, 0.0, -0.381985, -5e-06, -0.381985, 0.0, -0.924168, 1.128372, 0.0, 1.0, 0.0, 0.728516, 0.0, 0.0, 0.0, 1.0],
                [0.917588, 0.0, -0.397534, -5e-06, -0.397534, 0.0, -0.917588, 1.128373, 0.0, 1.0, 0.0, 0.728816, 0.0, 0.0, 0.0, 1.0],
                [0.911407, 0.0, -0.411507, -5e-06, -0.411507, 0.0, -0.911407, 1.128374, 0.0, 1.0, 0.0, 0.729086, 0.0, 0.0, 0.0, 1.0],
                [0.905698, 0.0, -0.423923, -5e-06, -0.423923, 0.0, -0.905698, 1.128375, 0.0, 1.0, 0.0, 0.729329, 0.0, 0.0, 0.0, 1.0],
                [0.900524, 0.0, -0.434806, -5e-06, -0.434806, 0.0, -0.900524, 1.128376, 0.0, 1.0, 0.0, 0.729542, 0.0, 0.0, 0.0, 1.0],
                [0.89594, 0.0, -0.444174, -5e-06, -0.444174, 0.0, -0.89594, 1.128377, 0.0, 1.0, 0.0, 0.729727, 0.0, 0.0, 0.0, 1.0],
                [0.891992, 0.0, -0.452051, -5e-06, -0.452051, 0.0, -0.891992, 1.128378, 0.0, 1.0, 0.0, 0.729883, 0.0, 0.0, 0.0, 1.0],
                [0.888716, 0.0, -0.458458, -5e-06, -0.458458, 0.0, -0.888716, 1.128378, 0.0, 1.0, 0.0, 0.730011, 0.0, 0.0, 0.0, 1.0],
                [0.886143, 0.0, -0.463412, -5e-06, -0.463412, 0.0, -0.886143, 1.128379, 0.0, 1.0, 0.0, 0.73011, 0.0, 0.0, 0.0, 1.0],
                [0.884292, 0.0, -0.466933, -5e-06, -0.466933, 0.0, -0.884292, 1.128379, 0.0, 1.0, 0.0, 0.73018, 0.0, 0.0, 0.0, 1.0],
                [0.883179, 0.0, -0.469036, -5e-06, -0.469036, 0.0, -0.883179, 1.128379, 0.0, 1.0, 0.0, 0.730223, 0.0, 0.0, 0.0, 1.0],
                [0.882808, 0.0, -0.469734, -5e-06, -0.469734, 0.0, -0.882808, 1.128379, 0.0, 1.0, 0.0, 0.730237, 0.0, 0.0, 0.0, 1.0]
            ]
        },
        {
            "name": "Thigh_R",
            "time": [0.0, 0.0167, 0.0333, 0.05, 0.0667, 0.0833, 0.1, 0.1167, 0.1333, 0.15, 0.1667, 0.1833, 0.2, 0.2167, 0.2333, 0.25, 0.2667, 0.2833, 0.3, 0.3167, 0.3333, 0.35, 0.3667, 0.3833, 0.4, 0.4167, 0.4333, 0.45, 0.4667, 0.4833, 0.5, 0.5167, 0.5333, 0.55, 0.5667, 0.5833, 0.6, 0.6167, 0.6333, 0.65, 0.6667, 0.6833, 0.7, 0.7167, 0.7333, 0.75, 0.7667, 0.7833, 0.8, 0.8167, 0.8333, 0.85, 0.8667, 0.8833, 0.9, 0.9167, 0.9333, 0.95, 0.9667, 0.9833, 1.0, 1.0167, 1.0333, 1.05, 1.0667, 1.0833, 1.1, 1.1167, 1.1333, 1.15, 1.1667, 1.1833, 1.2, 1.2167, 1.2333, 1.25, 1.2667, 1.2833, 1.3, 1.3167, 1.3333, 1.35, 1.3667, 1.3833, 1.4, 1.4167, 1.4333, 1.45, 1.4667, 1.4833, 1.5, 1.5167, 1.5333, 1.55, 1.5667, 1.5833, 1.6, 1.6167, 1.6333, 1.65, 1.6667, 1.6833, 1.7, 1.7167, 1.7333, 1.75, 1.7667, 1.7833, 1.8, 1.8167, 1.8333, 1.85, 1.8667, 1.8833, 1.9, 1.9167, 1.9333, 1.95, 1.9667, 1.9833, 2.0, 2.0167, 2.0333, 2.05, 2.0667, 2.0833, 2.1, 2.1167, 2.1333, 2.15, 2.1667, 2.1833, 2.2, 2.2167, 2.2333, 2.25, 2.2667, 2.2833, 2.3, 2.3167, 2.3333, 2.35, 2.3667, 2.3833, 2.4, 2.4167, 2.4333, 2.45, 2.4667, 2.4833, 2.5],
            "transform": [
                [0.960219, 0.195195, -0.199694, 0.124994, 0.277269, -0.581498, 0.764841, -0.002831, 0.033172, -0.789784, -0.612488, -1.2e-05, 0.0, 0.0, 0.0, 1.0],
                [0.960189, 0.195219, -0.199816, 0.124994, 0.277359, -0.580979, 0.765203, -0.002831, 0.033293, -0.79016, -0.611996, -1.2e-05, 0.0, 0.0, 0.0, 1.0],
                [0.960098, 0.19529, -0.200184, 0.124994, 0.277631, -0.57941, 0.766293, -0.002831, 0.033661, -0.791293, -0.61051, -1.2e-05, 0.0, 0.0, 0.0, 1.0],
                [0.959944, 0.195411, -0.200802, 0.124994, 0.278086, -0.576783, 0.768107, -0.002831, 0.034277, -0.79318, -0.608021, -1.2e-05, 0.0, 0.0, 0.0, 1.0],
                [0.959728, 0.195582, -0.20167, 0.124994, 0.278725, -0.573101, 0.770628, -0.002831, 0.035143, -0.795803, -0.604535, -1.2e-05, 0.0, 0.0, 0.0, 1.0],
                [0.959448, 0.195804, -0.202784, 0.124994, 0.279546, -0.568382, 0.773819, -0.002831, 0.036258, -0.799126, -0.600069, -1.2e-05, 0.0, 0.0, 0.0, 1.0],
                [0.959104, 0.196077, -0.204138, 0.124994, 0.280542, -0.562661, 0.77763, -0.002831, 0.037615, -0.803098, -0.594659, -1.2e-05, 0.0, 0.0, 0.0, 1.0],
                [0.9587, 0.196402, -0.205721, 0.124994, 0.281705, -0.555997, 0.781991, -0.002831, 0.039204, -0.807647, -0.588362, -1.2e-05, 0.0, 0.0, 0.0, 1.0],
                [0.958236, 0.196775, -0.207517, 0.124994, 0.283023, -0.548469, 0.786816, -0.002831, 0.041009, -0.812687, -0.581255, -1.2e-05, 0.0, 0.0, 0.0, 1.0],
                [0.957717, 0.197195, -0.209502, 0.124994, 0.284477, -0.540184, 0.792006, -0.002831, 0.04301, -0.818117, -0.573441, -1.2e-05, 0.0, 0.0, 0.0, 1.0],
                [0.95715, 0.197656, -0.211651, 0.124994, 0.286047, -0.53127, 0.797451, -0.002831, 0.045177, -0.823823, -0.565044, -1.2e-05, 0.0, 0.0, 0.0, 1.0],
                [0.956541, 0.198151, -0.213928, 0.124994, 0.287706, -0.521881, 0.803035, -0.002831, 0.047478, -0.829684, -0.556211, -1.2e-05, 0.0, 0.0, 0.0, 1.0],
                [0.9559, 0.198673, -0.216295, 0.124994, 0.289425, -0.512189, 0.808638, -0.002831, 0.049871, -0.835579, -0.547102, -1.2e-05, 0.0, 0.0, 0.0, 1.0],
                [0.955239, 0.19921, -0.218709, 0.124994, 0.291172, -0.502376, 0.814148, -0.002831, 0.052312, -0.841388, -0.537894, -1.2e-05, 0.0, 0.0, 0.0, 1.0],
                [0.95457, 0.199751, -0.221124, 0.124994, 0.292913, -0.492635, 0.819459, -0.002831, 0.054755, -0.847001, -0.528764, -1.2e-05, 0.0, 0.0, 0.0, 1.0],
                [0.953906, 0.200286, -0.223493, 0.124994, 0.294614, -0.483152, 0.824479, -0.002831, 0.05715, -0.85232, -0.519889, -1.2e-05, 0.0, 0.0, 0.0, 1.0],
                [0.95326, 0.200779, -0.225795, 0.124994, 0.296244, -0.474008, 0.82919, -0.002831, 0.059456, -0.857324, -0.511332, -1.2e-05, 0.0, 0.0, 0.0, 1.0],
                [0.952647, 0.201266, -0.227937, 0.124994, 0.297769, -0.465566, 0.833416, -0.002831, 0.061619, -0.861824, -0.503451, -1.2e-05, 0.0, 0.0, 0.0, 1.0],
                [0.952079, 0.201714, -0.229905, 0.124994, 0.299164, -0.457864, 0.837174, -0.002831, 0.063605, -0.865835, -0.496269, -1.2e-05, 0.0, 0.0, 0.0, 1.0],
                [0.951568, 0.202114, -0.231665, 0.124994, 0.300407, -0.451021, 0.840437, -0.002831, 0.065379, -0.869327, -0.489894, -1.2e-05, 0.0, 0.0, 0.0, 1.0],
                [0.951121, 0.202461, -0.23319, 0.124994, 0.301481, -0.445129, 0.84319, -0.002831, 0.066914, -0.872278, -0.48441, -1.2e-05, 0.0, 0.0, 0.0, 1.0],
                [0.950748, 0.202749, -0.234458, 0.124994, 0.30237, -0.440255, 0.845428, -0.002831, 0.068188, -0.874682, -0.479877, -1.2e-05, 0.0, 0.0, 0.0, 1.0],
                [0.950454, 0.202974, -0.235453, 0.124994, 0.303067, -0.436444, 0.847152, -0.002831, 0.069188, -0.876538, -0.476335, -1.2e-05, 0.0, 0.0, 0.0, 1.0],
                [0.950243, 0.203136, -0.236166, 0.124994, 0.303565, -0.433721, 0.848372, -0.002831, 0.069904, -0.877851, -0.473805, -1.2e-05, 0.0, 0.0, 0.0, 1.0],
                [0.950116, 0.203232, -0.236593, 0.124994, 0.303863, -0.432093, 0.849095, -0.002831, 0.070333, -0.878631, -0.472293, -1.2e-05, 0.0, 0.0, 0.0, 1.0],
                [0.950074, 0.203264, -0.236735, 0.124994, 0.303962, -0.431554, 0.849334, -0.002831, 0.070475, -0.878888, -0.471793, -1.2e-05, 0.0, 0.0, 0.0, 1.0],
                [0.950086, 0.219917, -0.221299, 0.124994, 0.299161, -0.440874, 0.846246, -0.002831, 0.088539, -0.870211, -0.484659, -1.2e-05, 0.0, 0.0, 0.0, 1.0],
                [0.947864, 0.267427, -0.173311, 0.124994, 0.285203, -0.469252, 0.835741, -0.002831, 0.142173, -0.841597, -0.521058, -1.2e-05, 0.0, 0.0, 0.0, 1.0],
                [0.937472, 0.336068, -0.090571, 0.124994, 0.263836, -0.516423, 0.814676, -0.002831, 0.227014, -0.787633, -0.572799, -1.2e-05, 0.0, 0.0, 0.0, 1.0],
                [0.912964, 0.407335, 0.023981, 0.124994, 0.238015, -0.579361, 0.779544, -0.002831, 0.331429, -0.705988, -0.625888, -1.2e-05, 0.0, 0.0, 0.0, 1.0],
                [0.875844, 0.45704, 0.154952, 0.124994, 0.210938, -0.651342, 0.728875, -0.002831, 0.434052, -0.605695, -0.666882, -1.2e-05, 0.0, 0.0, 0.0, 1.0],
                [0.842891, 0.464628, 0.271398, 0.124994, 0.184437, -0.723294, 0.665453, -0.002831, 0.505489, -0.510849, -0.695352, -1.2e-05, 0.0, 0.0, 0.0, 1.0],
                [0.838824, 0.425599, 0.33947, 0.124994, 0.15843, -0.787415, 0.595716, -0.002831, 0.52084, -0.445918, -0.72793, -1.2e-05, 0.0, 0.0, 0.0, 1.0],
                [0.859055, 0.365241, 0.35864, 0.124994, 0.135753, -0.8381, 0.528356, -0.002831, 0.493554, -0.4052, -0.769557, -1.2e-05, 0.0, 0.0, 0.0, 1.0],
                [0.864468, 0.328618, 0.3804, 0.124994, 0.126011, -0.874235, 0.468865, -0.002831, 0.486637, -0.357385, -0.797158, -1.2e-05, 0.0, 0.0, 0.0, 1.0],
                [0.836739, 0.326764, 0.439424, 0.124994, 0.132888, -0.89963, 0.415939, -0.002831, 0.531233, -0.289638, -0.796179, -1.2e-05, 0.0, 0.0, 0.0, 1.0],
                [0.785308, 0.336945, 0.519384, 0.124994, 0.149405, -0.917273, 0.369172, -0.002831, 0.600807, -0.212315, -0.770683, -1.2e-05, 0.0, 0.0, 0.0, 1.0],
                [0.729668, 0.342283, 0.591968, 0.124994, 0.166752, -0.928635, 0.331407, -0.002831, 0.663158, -0.143106, -0.734672, -1.2e-05, 0.0, 0.0, 0.0, 1.0],
                [0.688574, 0.341502, 0.63972, 0.124994, 0.178979, -0.934913, 0.306438, -0.002831, 0.702732, -0.096509, -0.704879, -1.2e-05, 0.0, 0.0, 0.0, 1.0],
                [0.673733, 0.340276, 0.655969, 0.124994, 0.183278, -0.936883, 0.297756, -0.002831, 0.715885, -0.080384, -0.693575, -1.2e-05, 0.0, 0.0, 0.0, 1.0],
                [0.673733, 0.340276, 0.655969, 0.124994, 0.183278, -0.936883, 0.297756, -0.002831, 0.715885, -0.080384, -0.693575, -1.2e-05, 0.0, 0.0, 0.0, 1.0],
                [0.673733, 0.340276, 0.655969, 0.124994, 0.183278, -0.936883, 0.297756, -0.002831, 0.715885, -0.080384, -0.693575, -1.2e-05, 0.0, 0.0, 0.0, 1.0],
                [0.673733, 0.340276, 0.655969, 0.124994, 0.183278, -0.936883, 0.297756, -0.002831, 0.715885, -0.080384, -0.693575, -1.2e-05, 0.0, 0.0, 0.0, 1.0],
                [0.673733, 0.340276, 0.655969, 0.124994, 0.183278, -0.936883, 0.297756, -0.002831, 0.715885, -0.080384, -0.693575, -1.2e-05, 0.0, 0.0, 0.0, 1.0],
                [0.673733, 0.340276, 0.655969, 0.124994, 0.183278, -0.936883, 0.297756, -0.002831, 0.715885, -0.080384, -0.693575, -1.2e-05, 0.0, 0.0, 0.0, 1.0],
                [0.673733, 0.340276, 0.655969, 0.124994, 0.183278, -0.936883, 0.297756, -0.002831, 0.715885, -0.080384, -0.693575, -1.2e-05, 0.0, 0.0, 0.0, 1.0],
                [0.673733, 0.340276, 0.655969, 0.124994, 0.183278, -0.936883, 0.297756, -0.002831, 0.715885, -0.080384, -0.693575, -1.2e-05, 0.0, 0.0, 0.0, 1.0],
                [0.673733, 0.340276, 0.655969, 0.124994, 0.183278, -0.936883, 0.297756, -0.002831, 0.715885, -0.080384, -0.693575, -1.2e-05, 0.0, 0.0, 0.0, 1.0],
                [0.673733, 0.340276, 0.655969, 0.124994, 0.183278, -0.936883, 0.297756, -0.002831, 0.715885, -0.080384, -0.693575, -1.2e-05, 0.0, 0.0, 0.0, 1.0],
                [0.673733, 0.340276, 0.655969, 0.124994, 0.183278, -0.936883, 0.297756, -0.002831, 0.715885, -0.080384, -0.693575, -1.2e-05, 0.0, 0.0, 0.0, 1.0],
                [0.673733, 0.340276, 0.655969, 0.124994, 0.183278, -0.936883, 0.297756, -0.002831, 0.715885, -0.080384, -0.693575, -1.2e-05, 0.0, 0.0, 0.0, 1.0],
                [0.673733, 0.340276, 0.655969, 0.124994, 0.183278, -0.936883, 0.297756, -0.002831, 0.715885, -0.080384, -0.693575, -1.2e-05, 0.0, 0.0, 0.0, 1.0],
                [0.673733, 0.340276, 0.655969, 0.124994, 0.183278, -0.936883, 0.297756, -0.002831, 0.715885, -0.080384, -0.693575, -1.2e-05, 0.0, 0.0, 0.0, 1.0],
                [0.673733, 0.340276, 0.655969, 0.124994, 0.183278, -0.936883, 0.297756, -0.002831, 0.715885, -0.080384, -0.693575, -1.2e-05, 0.0, 0.0, 0.0, 1.0],
                [0.673733, 0.340276, 0.655969, 0.124994, 0.183278, -0.936883, 0.297756, -0.002831, 0.715885, -0.080384, -0.693575, -1.2e-05, 0.0, 0.0, 0.0, 1.0],
                [0.673733, 0.340276, 0.655969, 0.124994, 0.183278, -0.936883, 0.297756, -0.002831, 0.715885, -0.080384, -0.693575, -1.2e-05, 0.0, 0.0, 0.0, 1.0],
                [0.673733, 0.340276, 0.655969, 0.124994, 0.183278, -0.936883, 0.297756, -0.002831, 0.715885, -0.080384, -0.693575, -1.2e-05, 0.0, 0.0, 0.0, 1.0],
                [0.673733, 0.340276, 0.655969, 0.124994, 0.183278, -0.936883, 0.297756, -0.002831, 0.715885, -0.080384, -0.693575, -1.2e-05, 0.0, 0.0, 0.0, 1.0],
                [0.673733, 0.340276, 0.655969, 0.124994, 0.183278, -0.936883, 0.297756, -0.002831, 0.715885, -0.080384, -0.693575, -1.2e-05, 0.0, 0.0, 0.0, 1.0],
                [0.673733, 0.340276, 0.655969, 0.124994, 0.183278, -0.936883, 0.297756, -0.002831, 0.715885, -0.080384, -0.693575, -1.2e-05, 0.0, 0.0, 0.0, 1.0],
                [0.673733, 0.340276, 0.655969, 0.124994, 0.183278, -0.936883, 0.297756, -0.002831, 0.715885, -0.080384, -0.693575, -1.2e-05, 0.0, 0.0, 0.0, 1.0],
                [0.673733, 0.340276, 0.655969, 0.124994, 0.183278, -0.936883, 0.297756, -0.002831, 0.715885, -0.080384, -0.693575, -1.2e-05, 0.0, 0.0, 0.0, 1.0],
                [0.673733, 0.340276, 0.655969, 0.124994, 0.183278, -0.936883, 0.297756, -0.002831, 0.715885, -0.080384, -0.693575, -1.2e-05, 0.0, 0.0, 0.0, 1.0],
                [0.673733, 0.340276, 0.655969, 0.124994, 0.183278, -0.936883, 0.297756, -0.002831, 0.715885, -0.080384, -0.693575, -1.2e-05, 0.0, 0.0, 0.0, 1.0],
                [0.673733, 0.340276, 0.655969, 0.124994, 0.183278, -0.936883, 0.297756, -0.002831, 0.715885, -0.080384, -0.693575, -1.2e-05, 0.0, 0.0, 0.0, 1.0],
                [0.673733, 0.340276, 0.655969, 0.124994, 0.183278, -0.936883, 0.297756, -0.002831, 0.715885, -0.080384, -0.693575, -1.2e-05, 0.0, 0.0, 0.0, 1.0],
                [0.673733, 0.340276, 0.655969, 0.124994, 0.183278, -0.936883, 0.297756, -0.002831, 0.715885, -0.080384, -0.693575, -1.2e-05, 0.0, 0.0, 0.0, 1.0],
                [0.673733, 0.340276, 0.655969, 0.124994, 0.183278, -0.936883, 0.297756, -0.002831, 0.715885, -0.080384, -0.693575, -1.2e-05, 0.0, 0.0, 0.0, 1.0],
                [0.673733, 0.340276, 0.655969, 0.124994, 0.183278, -0.936883, 0.297756, -0.002831, 0.715885, -0.080384, -0.693575, -1.2e-05, 0.0, 0.0, 0.0, 1.0],
                [0.673733, 0.340276, 0.655969, 0.124994, 0.183278, -0.936883, 0.297756, -0.002831, 0.715885, -0.080384, -0.693575, -1.2e-05, 0.0, 0.0, 0.0, 1.0],
                [0.673733, 0.340276, 0.655969, 0.124994, 0.183278, -0.936883, 0.297756, -0.002831, 0.715885, -0.080384, -0.693575, -1.2e-05, 0.0, 0.0, 0.0, 1.0],
                [0.673733, 0.340276, 0.655969, 0.124994, 0.183278, -0.936883, 0.297756, -0.002831, 0.715885, -0.080384, -0.693575, -1.2e-05, 0.0, 0.0, 0.0, 1.0],
                [0.673733, 0.340276, 0.655969, 0.124994, 0.183278, -0.936883, 0.297756, -0.002831, 0.715885, -0.080384, -0.693575, -1.2e-05, 0.0, 0.0, 0.0, 1.0],
                [0.673733, 0.340276, 0.655969, 0.124994, 0.183278, -0.936883, 0.297756, -0.002831, 0.715885, -0.080384, -0.693575, -1.2e-05, 0.0, 0.0, 0.0, 1.0],
                [0.673733, 0.340276, 0.655969, 0.124994, 0.183278, -0.936883, 0.297756, -0.002831, 0.715885, -0.080384, -0.693575, -1.2e-05, 0.0, 0.0, 0.0, 1.0],
                [0.673733, 0.340276, 0.655969, 0.124994, 0.183278, -0.936883, 0.297756, -0.002831, 0.715885, -0.080384, -0.693575, -1.2e-05, 0.0, 0.0, 0.0, 1.0],
                [0.673711, 0.340244, 0.656009, 0.124994, 0.183169, -0.936887, 0.297812, -0.002831, 0.715934, -0.080479, -0.693513, -1.2e-05, 0.0, 0.0, 0.0, 1.0],
                [0.673644, 0.340145, 0.656129, 0.124994, 0.182841, -0.936898, 0.297977, -0.002831, 0.716082, -0.080763, -0.693329, -1.2e-05, 0.0, 0.0, 0.0, 1.0],
                [0.673535, 0.339977, 0.656328, 0.124994, 0.182295, -0.936918, 0.298248, -0.002831, 0.716323, -0.081235, -0.693024, -1.2e-05, 0.0, 0.0, 0.0, 1.0],
                [0.673386, 0.339735, 0.656606, 0.124994, 0.181533, -0.936949, 0.298616, -0.002831, 0.716656, -0.081888, -0.692603, -1.2e-05, 0.0, 0.0, 0.0, 1.0],
                [0.673204, 0.339413, 0.656959, 0.124994, 0.180558, -0.936993, 0.299069, -0.002831, 0.717074, -0.082715, -0.692072, -1.2e-05, 0.0, 0.0, 0.0, 1.0],
                [0.672995, 0.339003, 0.657385, 0.124994, 0.179374, -0.937054, 0.29959, -0.002831, 0.717567, -0.083705, -0.691441, -1.2e-05, 0.0, 0.0, 0.0, 1.0],
                [0.67277, 0.338495, 0.657876, 0.124994, 0.177989, -0.937135, 0.300162, -0.002831, 0.718122, -0.084845, -0.690726, -1.2e-05, 0.0, 0.0, 0.0, 1.0],
                [0.672544, 0.337877, 0.658425, 0.124994, 0.176411, -0.937241, 0.300761, -0.002831, 0.718723, -0.086121, -0.689942, -1.2e-05, 0.0, 0.0, 0.0, 1.0],
                [0.672335, 0.337137, 0.659017, 0.124994, 0.17465, -0.937378, 0.301361, -0.002831, 0.719349, -0.087518, -0.689113, -1.2e-05, 0.0, 0.0, 0.0, 1.0],
                [0.672165, 0.336261, 0.659638, 0.124994, 0.172717, -0.937552, 0.301935, -0.002831, 0.719974, -0.089019, -0.688268, -1.2e-05, 0.0, 0.0, 0.0, 1.0],
                [0.672065, 0.335231, 0.660264, 0.124994, 0.170627, -0.937769, 0.30245, -0.002831, 0.720565, -0.090607, -0.687441, -1.2e-05, 0.0, 0.0, 0.0, 1.0],
                [0.672068, 0.334032, 0.660869, 0.124994, 0.168396, -0.938035, 0.302875, -0.002831, 0.721088, -0.092265, -0.686673, -1.2e-05, 0.0, 0.0, 0.0, 1.0],
                [0.672215, 0.332646, 0.661417, 0.124994, 0.166041, -0.938357, 0.303175, -0.002831, 0.721496, -0.093977, -0.686011, -1.2e-05, 0.0, 0.0, 0.0, 1.0],
                [0.672556, 0.331054, 0.66187, 0.124994, 0.163582, -0.938744, 0.303317, -0.002831, 0.721741, -0.095727, -0.685512, -1.2e-05, 0.0, 0.0, 0.0, 1.0],
                [0.673143, 0.329238, 0.662179, 0.124994, 0.161042, -0.939199, 0.303265, -0.002831, 0.721764, -0.097502, -0.685237, -1.2e-05, 0.0, 0.0, 0.0, 1.0],
                [0.674037, 0.32718, 0.662289, 0.124994, 0.158444, -0.939731, 0.302986, -0.002831, 0.721505, -0.099288, -0.685254, -1.2e-05, 0.0, 0.0, 0.0, 1.0],
                [0.675304, 0.324865, 0.662138, 0.124994, 0.155814, -0.940343, 0.30245, -0.002831, 0.720893, -0.101075, -0.685636, -1.2e-05, 0.0, 0.0, 0.0, 1.0],
                [0.677012, 0.322279, 0.661658, 0.124994, 0.153177, -0.94104, 0.301628, -0.002831, 0.719855, -0.102855, -0.686462, -1.2e-05, 0.0, 0.0, 0.0, 1.0],
                [0.679231, 0.319407, 0.660775, 0.124994, 0.150562, -0.941825, 0.300495, -0.002831, 0.718315, -0.104618, -0.687807, -1.2e-05, 0.0, 0.0, 0.0, 1.0],
                [0.682032, 0.316244, 0.65941, 0.124994, 0.147996, -0.942697, 0.299031, -0.002831, 0.71619, -0.106359, -0.689753, -1.2e-05, 0.0, 0.0, 0.0, 1.0],
                [0.685482, 0.312784, 0.65748, 0.124994, 0.145508, -0.943656, 0.297222, -0.002831, 0.713401, -0.108072, -0.692372, -1.2e-05, 0.0, 0.0, 0.0, 1.0],
                [0.689644, 0.309027, 0.6549, 0.124994, 0.143126, -0.944699, 0.295056, -0.002831, 0.709864, -0.109751, -0.695736, -1.2e-05, 0.0, 0.0, 0.0, 1.0],
                [0.694569, 0.304979, 0.651584, 0.124994, 0.140876, -0.945822, 0.29253, -0.002831, 0.705498, -0.11139, -0.699903, -1.2e-05, 0.0, 0.0, 0.0, 1.0],
                [0.700301, 0.300652, 0.647447, 0.124994, 0.138786, -0.947018, 0.289647, -0.002831, 0.700227, -0.112983, -0.704924, -1.2e-05, 0.0, 0.0, 0.0, 1.0],
                [0.706868, 0.296062, 0.642406, 0.124994, 0.13688, -0.948278, 0.286412, -0.002831, 0.693975, -0.114523, -0.710833, -1.2e-05, 0.0, 0.0, 0.0, 1.0],
                [0.714284, 0.291231, 0.636382, 0.124994, 0.135181, -0.949594, 0.282839, -0.002831, 0.686676, -0.116001, -0.717649, -1.2e-05, 0.0, 0.0, 0.0, 1.0],
                [0.722547, 0.286189, 0.629302, 0.124994, 0.13371, -0.950953, 0.278945, -0.002831, 0.678267, -0.117408, -0.725375, -1.2e-05, 0.0, 0.0, 0.0, 1.0],
                [0.731637, 0.280969, 0.621099, 0.124994, 0.132484, -0.952344, 0.274752, -0.002831, 0.668696, -0.118733, -0.733994, -1.2e-05, 0.0, 0.0, 0.0, 1.0],
                [0.741515, 0.275609, 0.611714, 0.124994, 0.131522, -0.953754, 0.270286, -0.002831, 0.657919, -0.119967, -0.743472, -1.2e-05, 0.0, 0.0, 0.0, 1.0],
                [0.752126, 0.270153, 0.601102, 0.124994, 0.130836, -0.955171, 0.265573, -0.002831, 0.645901, -0.121099, -0.753755, -1.2e-05, 0.0, 0.0, 0.0, 1.0],
                [0.763398, 0.264645, 0.589225, 0.124994, 0.130439, -0.956583, 0.260644, -0.002831, 0.63262, -0.122117, -0.764774, -1.2e-05, 0.0, 0.0, 0.0, 1.0],
                [0.775246, 0.259133, 0.576059, 0.124994, 0.130339, -0.957976, 0.255526, -0.002831, 0.618066, -0.123013, -0.776442, -1.2e-05, 0.0, 0.0, 0.0, 1.0],
