{
    "animation": [
        {
            "name": "Root",
            "time": [0.0, 0.0167, 0.0333, 0.05, 0.0667, 0.0833, 0.1, 0.1167, 0.1333, 0.15, 0.1667, 0.1833, 0.2, 0.2167, 0.2333, 0.25, 0.2667, 0.2833, 0.3, 0.3167, 0.3333, 0.35, 0.3667, 0.3833, 0.4, 0.4167, 0.4333, 0.45, 0.4667, 0.4833, 0.5, 0.5167, 0.5333, 0.55, 0.5667, 0.5833, 0.6, 0.6167, 0.6333, 0.65, 0.6667, 0.6833, 0.7, 0.7167, 0.7333, 0.75, 0.7667, 0.7833, 0.8, 0.8167, 0.8333, 0.85, 0.8667, 0.8833, 0.9, 0.9167, 0.9333, 0.95, 0.9667, 0.9833, 1.0, 1.0167, 1.0333, 1.05, 1.0667, 1.0833, 1.1, 1.1167, 1.1333, 1.15, 1.1667, 1.1833, 1.2, 1.2167, 1.2333, 1.25, 1.2667, 1.2833, 1.3, 1.3167, 1.3333, 1.35, 1.3667, 1.3833, 1.4, 1.4167, 1.4333, 1.45, 1.4667, 1.4833, 1.5, 1.5167, 1.5333, 1.55, 1.5667, 1.5833, 1.6, 1.6167, 1.6333, 1.65, 1.6667, 1.6833, 1.7, 1.7167, 1.7333, 1.75, 1.7667, 1.7833, 1.8, 1.8167, 1.8333],
            "transform": [
                [0.882808, 0.0, -0.469734, -5e-06, -0.469734, 0.0, -0.882808, 0.000946, 0.0, 1.0, 0.0, 0.730237, 0.0, 0.0, 0.0, 1.0],
                [0.881733, 0.0, -0.471749, -5e-06, -0.471749, 0.0, -0.881733, 0.000946, 0.0, 1.0, 0.0, 0.729809, 0.0, 0.0, 0.0, 1.0],
                [0.878456, 0.0, -0.477824, -5e-06, -0.477824, 0.0, -0.878456, 0.000946, 0.0, 1.0, 0.0, 0.728517, 0.0, 0.0, 0.0, 1.0],
                [0.87288, 0.0, -0.487934, -5e-06, -0.487934, 0.0, -0.87288, 0.000946, 0.0, 1.0, 0.0, 0.726357, 0.0, 0.0, 0.0, 1.0],
                [0.864897, 0.0, -0.501949, -5e-06, -0.501949, 0.0, -0.864897, 0.000946, 0.0, 1.0, 0.0, 0.723338, 0.0, 0.0, 0.0, 1.0],
                [0.854403, 0.0, -0.519611, -5e-06, -0.519611, 0.0, -0.854403, 0.000946, 0.0, 1.0, 0.0, 0.719493, 0.0, 0.0, 0.0, 1.0],
                [0.841331, 0.0, -0.54052, -5e-06, -0.54052, 0.0, -0.841331, 0.000946, 0.0, 1.0, 0.0, 0.714878, 0.0, 0.0, 0.0, 1.0],
                [0.825682, 0.0, -0.564135, -5e-06, -0.564135, 0.0, -0.825682, 0.000946, 0.0, 1.0, 0.0, 0.709576, 0.0, 0.0, 0.0, 1.0],
                [0.807565, 0.0, -0.589779, -5e-06, -0.589779, 0.0, -0.807565, 0.000946, 0.0, 1.0, 0.0, 0.7037, 0.0, 0.0, 0.0, 1.0],
                [0.787222, 0.0, -0.616669, -5e-06, -0.616669, 0.0, -0.787222, 0.000946, 0.0, 1.0, 0.0, 0.697389, 0.0, 0.0, 0.0, 1.0],
                [0.765053, 0.0, -0.643967, -5e-06, -0.643967, 0.0, -0.765053, 0.000946, 0.0, 1.0, 0.0, 0.690808, 0.0, 0.0, 0.0, 1.0],
                [0.741608, 0.0, -0.670833, -5e-06, -0.670833, 0.0, -0.741608, 0.000946, 0.0, 1.0, 0.0, 0.684134, 0.0, 0.0, 0.0, 1.0],
                [0.717563, 0.0, -0.696494, -5e-06, -0.696494, 0.0, -0.717563, 0.000946, 0.0, 1.0, 0.0, 0.677552, 0.0, 0.0, 0.0, 1.0],
                [0.693674, 0.0, -0.720289, -5e-06, -0.720289, 0.0, -0.693674, 0.000946, 0.0, 1.0, 0.0, 0.671242, 0.0, 0.0, 0.0, 1.0],
                [0.670719, 0.0, -0.741712, -5e-06, -0.741712, 0.0, -0.670719, 0.000946, 0.0, 1.0, 0.0, 0.665366, 0.0, 0.0, 0.0, 1.0],
                [0.64944, 0.0, -0.760413, -5e-06, -0.760413, 0.0, -0.64944, 0.000946, 0.0, 1.0, 0.0, 0.660064, 0.0, 0.0, 0.0, 1.0],
                [0.630492, 0.0, -0.776196, -5e-06, -0.776196, 0.0, -0.630492, 0.000946, 0.0, 1.0, 0.0, 0.655449, 0.0, 0.0, 0.0, 1.0],
                [0.614414, 0.0, -0.788984, -5e-06, -0.788984, 0.0, -0.614414, 0.000946, 0.0, 1.0, 0.0, 0.651604, 0.0, 0.0, 0.0, 1.0],
                [0.601609, 0.0, -0.798791, -5e-06, -0.798791, 0.0, -0.601609, 0.000946, 0.0, 1.0, 0.0, 0.648585, 0.0, 0.0, 0.0, 1.0],
                [0.592346, 0.0, -0.805683, -5e-06, -0.805683, 0.0, -0.592346, 0.000946, 0.0, 1.0, 0.0, 0.646424, 0.0, 0.0, 0.0, 1.0],
                [0.586771, 0.0, -0.809753, -5e-06, -0.809753, 0.0, -0.586771, 0.000946, 0.0, 1.0, 0.0, 0.645133, 0.0, 0.0, 0.0, 1.0],
                [0.58492, 0.0, -0.811091, -5e-06, -0.811091, 0.0, -0.58492, 0.000946, 0.0, 1.0, 0.0, 0.644705, 0.0, 0.0, 0.0, 1.0],
                [0.608538, 0.0, -0.793525, -5e-06, -0.793525, 0.0, -0.608538, 0.006975, 0.0, 1.0, 0.0, 0.644729, 0.0, 0.0, 0.0, 1.0],
                [0.67663, 0.0, -0.736323, -5e-06, -0.736323, 0.0, -0.67663, 0.025197, 0.0, 1.0, 0.0, 0.6448, 0.0, 0.0, 0.0, 1.0],
                [0.777628, 0.0, -0.628725, -5e-06, -0.628725, 0.0, -0.777628, 0.055452, 0.0, 1.0, 0.0, 0.644919, 0.0, 0.0, 0.0, 1.0],
                [0.888211, 0.0, -0.459435, -5e-06, -0.459435, 0.0, -0.888211, 0.096941, 0.0, 1.0, 0.0, 0.645086, 0.0, 0.0, 0.0, 1.0],
                [0.974152, 0.0, -0.225892, -5e-06, -0.225892, 0.0, -0.974152, 0.148046, 0.0, 1.0, 0.0, 0.645301, 0.0, 0.0, 0.0, 1.0],
                [0.998415, 0.0, 0.056275, -5e-06, 0.056275, 0.0, -0.998415, 0.206251, 0.0, 1.0, 0.0, 0.645564, 0.0, 0.0, 0.0, 1.0],
                [0.936263, 0.0, 0.351301, -5e-06, 0.351301, 0.0, -0.936263, 0.268244, 0.0, 1.0, 0.0, 0.645876, 0.0, 0.0, 0.0, 1.0],
                [0.789001, 0.0, 0.614392, -5e-06, 0.614392, 0.0, -0.789001, 0.330237, 0.0, 1.0, 0.0, 0.646236, 0.0, 0.0, 0.0, 1.0],
                [0.585111, 0.0, 0.810953, -5e-06, 0.810953, 0.0, -0.585111, 0.388443, 0.0, 1.0, 0.0, 0.646644, 0.0, 0.0, 0.0, 1.0],
                [0.366754, 0.0, 0.930318, -5e-06, 0.930318, 0.0, -0.366754, 0.439548, 0.0, 1.0, 0.0, 0.647101, 0.0, 0.0, 0.0, 1.0],
                [0.172103, 0.0, 0.985079, -5e-06, 0.985079, 0.0, -0.172103, 0.481037, 0.0, 1.0, 0.0, 0.647607, 0.0, 0.0, 0.0, 1.0],
                [0.025253, 0.0, 0.999681, -5e-06, 0.999681, 0.0, -0.025253, 0.511292, 0.0, 1.0, 0.0, 0.64816, 0.0, 0.0, 0.0, 1.0],
                [-0.06366, 0.0, 0.997972, -5e-06, 0.997972, 0.0, 0.06366, 0.529513, 0.0, 1.0, 0.0, 0.648762, 0.0, 0.0, 0.0, 1.0],
                [-0.093003, 0.0, 0.995666, -5e-06, 0.995666, 0.0, 0.093003, 0.535542, 0.0, 1.0, 0.0, 0.649411, 0.0, 0.0, 0.0, 1.0],
                [-0.093003, 0.0, 0.995666, -5e-06, 0.995666, 0.0, 0.093003, 0.535542, 0.0, 1.0, 0.0, 0.650108, 0.0, 0.0, 0.0, 1.0],
                [-0.093003, 0.0, 0.995666, -5e-06, 0.995666, 0.0, 0.093003, 0.535542, 0.0, 1.0, 0.0, 0.650852, 0.0, 0.0, 0.0, 1.0],
                [-0.093003, 0.0, 0.995666, -5e-06, 0.995666, 0.0, 0.093003, 0.535542, 0.0, 1.0, 0.0, 0.651642, 0.0, 0.0, 0.0, 1.0],
                [-0.093003, 0.0, 0.995666, -5e-06, 0.995666, 0.0, 0.093003, 0.535542, 0.0, 1.0, 0.0, 0.652479, 0.0, 0.0, 0.0, 1.0],
                [-0.093003, 0.0, 0.995666, -5e-06, 0.995666, 0.0, 0.093003, 0.535542, 0.0, 1.0, 0.0, 0.653361, 0.0, 0.0, 0.0, 1.0],
                [-0.093003, 0.0, 0.995666, -5e-06, 0.995666, 0.0, 0.093003, 0.535542, 0.0, 1.0, 0.0, 0.654288, 0.0, 0.0, 0.0, 1.0],
                [-0.093003, 0.0, 0.995666, -5e-06, 0.995666, 0.0, 0.093003, 0.535542, 0.0, 1.0, 0.0, 0.655259, 0.0, 0.0, 0.0, 1.0],
                [-0.093003, 0.0, 0.995666, -5e-06, 0.995666, 0.0, 0.093003, 0.535542, 0.0, 1.0, 0.0, 0.656273, 0.0, 0.0, 0.0, 1.0],
                [-0.093003, 0.0, 0.995666, -5e-06, 0.995666, 0.0, 0.093003, 0.535542, 0.0, 1.0, 0.0, 0.657329, 0.0, 0.0, 0.0, 1.0],
                [-0.093003, 0.0, 0.995666, -5e-06, 0.995666, 0.0, 0.093003, 0.535542, 0.0, 1.0, 0.0, 0.658427, 0.0, 0.0, 0.0, 1.0],
                [-0.093003, 0.0, 0.995666, -5e-06, 0.995666, 0.0, 0.093003, 0.535542, 0.0, 1.0, 0.0, 0.659564, 0.0, 0.0, 0.0, 1.0],
                [-0.093003, 0.0, 0.995666, -5e-06, 0.995666, 0.0, 0.093003, 0.535542, 0.0, 1.0, 0.0, 0.660741, 0.0, 0.0, 0.0, 1.0],
                [-0.093003, 0.0, 0.995666, -5e-06, 0.995666, 0.0, 0.093003, 0.535542, 0.0, 1.0, 0.0, 0.661955, 0.0, 0.0, 0.0, 1.0],
                [-0.093003, 0.0, 0.995666, -5e-06, 0.995666, 0.0, 0.093003, 0.535542, 0.0, 1.0, 0.0, 0.663205, 0.0, 0.0, 0.0, 1.0],
                [-0.093003, 0.0, 0.995666, -5e-06, 0.995666, 0.0, 0.093003, 0.535542, 0.0, 1.0, 0.0, 0.66449, 0.0, 0.0, 0.0, 1.0],
                [-0.093003, 0.0, 0.995666, -5e-06, 0.995666, 0.0, 0.093003, 0.535542, 0.0, 1.0, 0.0, 0.665809, 0.0, 0.0, 0.0, 1.0],
                [-0.093003, 0.0, 0.995666, -5e-06, 0.995666, 0.0, 0.093003, 0.535542, 0.0, 1.0, 0.0, 0.667158, 0.0, 0.0, 0.0, 1.0],
                [-0.093003, 0.0, 0.995666, -5e-06, 0.995666, 0.0, 0.093003, 0.535542, 0.0, 1.0, 0.0, 0.668538, 0.0, 0.0, 0.0, 1.0],
                [-0.093003, 0.0, 0.995666, -5e-06, 0.995666, 0.0, 0.093003, 0.535542, 0.0, 1.0, 0.0, 0.669946, 0.0, 0.0, 0.0, 1.0],
                [-0.093003, 0.0, 0.995666, -5e-06, 0.995666, 0.0, 0.093003, 0.535542, 0.0, 1.0, 0.0, 0.67138, 0.0, 0.0, 0.0, 1.0],
                [-0.093003, 0.0, 0.995666, -5e-06, 0.995666, 0.0, 0.093003, 0.535542, 0.0, 1.0, 0.0, 0.672837, 0.0, 0.0, 0.0, 1.0],
                [-0.093003, 0.0, 0.995666, -5e-06, 0.995666, 0.0, 0.093003, 0.535542, 0.0, 1.0, 0.0, 0.674317, 0.0, 0.0, 0.0, 1.0],
                [-0.093003, 0.0, 0.995666, -5e-06, 0.995666, 0.0, 0.093003, 0.535542, 0.0, 1.0, 0.0, 0.675817, 0.0, 0.0, 0.0, 1.0],
                [-0.093003, 0.0, 0.995666, -5e-06, 0.995666, 0.0, 0.093003, 0.535542, 0.0, 1.0, 0.0, 0.677334, 0.0, 0.0, 0.0, 1.0],
                [-0.093003, 0.0, 0.995666, -5e-06, 0.995666, 0.0, 0.093003, 0.535542, 0.0, 1.0, 0.0, 0.678867, 0.0, 0.0, 0.0, 1.0],
                [-0.093003, 0.0, 0.995666, -5e-06, 0.995666, 0.0, 0.093003, 0.535542, 0.0, 1.0, 0.0, 0.680413, 0.0, 0.0, 0.0, 1.0],
                [-0.093003, 0.0, 0.995666, -5e-06, 0.995666, 0.0, 0.093003, 0.535542, 0.0, 1.0, 0.0, 0.68197, 0.0, 0.0, 0.0, 1.0],
                [-0.093003, 0.0, 0.995666, -5e-06, 0.995666, 0.0, 0.093003, 0.535542, 0.0, 1.0, 0.0, 0.683536, 0.0, 0.0, 0.0, 1.0],
                [-0.093003, 0.0, 0.995666, -5e-06, 0.995666, 0.0, 0.093003, 0.535542, 0.0, 1.0, 0.0, 0.685107, 0.0, 0.0, 0.0, 1.0],
                [-0.093003, 0.0, 0.995666, -5e-06, 0.995666, 0.0, 0.093003, 0.535542, 0.0, 1.0, 0.0, 0.686683, 0.0, 0.0, 0.0, 1.0],
                [-0.093003, 0.0, 0.995666, -5e-06, 0.995666, 0.0, 0.093003, 0.535542, 0.0, 1.0, 0.0, 0.688259, 0.0, 0.0, 0.0, 1.0],
                [-0.093003, 0.0, 0.995666, -5e-06, 0.995666, 0.0, 0.093003, 0.535542, 0.0, 1.0, 0.0, 0.689834, 0.0, 0.0, 0.0, 1.0],
                [-0.093003, 0.0, 0.995666, -5e-06, 0.995666, 0.0, 0.093003, 0.535542, 0.0, 1.0, 0.0, 0.691406, 0.0, 0.0, 0.0, 1.0],
                [-0.093003, 0.0, 0.995666, -5e-06, 0.995666, 0.0, 0.093003, 0.535542, 0.0, 1.0, 0.0, 0.692971, 0.0, 0.0, 0.0, 1.0],
                [-0.093003, 0.0, 0.995666, -5e-06, 0.995666, 0.0, 0.093003, 0.535542, 0.0, 1.0, 0.0, 0.694528, 0.0, 0.0, 0.0, 1.0],
                [-0.093003, 0.0, 0.995666, -5e-06, 0.995666, 0.0, 0.093003, 0.535542, 0.0, 1.0, 0.0, 0.696074, 0.0, 0.0, 0.0, 1.0],
                [-0.09894, 0.0, 0.995093, -5e-06, 0.995093, 0.0, 0.09894, 0.535759, 0.0, 1.0, 0.0, 0.697607, 0.0, 0.0, 0.0, 1.0],
                [-0.116819, 0.0, 0.993153, -5e-06, 0.993153, 0.0, 0.116819, 0.536413, 0.0, 1.0, 0.0, 0.699125, 0.0, 0.0, 0.0, 1.0],
                [-0.146663, 0.0, 0.989186, -5e-06, 0.989186, 0.0, 0.146663, 0.537508, 0.0, 1.0, 0.0, 0.700625, 0.0, 0.0, 0.0, 1.0],
                [-0.188347, 0.0, 0.982102, -5e-06, 0.982102, 0.0, 0.188347, 0.539045, 0.0, 1.0, 0.0, 0.702104, 0.0, 0.0, 0.0, 1.0],
                [-0.241525, 0.0, 0.970394, -5e-06, 0.970394, 0.0, 0.241525, 0.541025, 0.0, 1.0, 0.0, 0.703562, 0.0, 0.0, 0.0, 1.0],
                [-0.305532, 0.0, 0.952182, -5e-06, 0.952182, 0.0, 0.305532, 0.543445, 0.0, 1.0, 0.0, 0.704996, 0.0, 0.0, 0.0, 1.0],
                [-0.379273, 0.0, 0.925285, -5e-06, 0.925285, 0.0, 0.379273, 0.546299, 0.0, 1.0, 0.0, 0.706404, 0.0, 0.0, 0.0, 1.0],
                [-0.461106, 0.0, 0.887345, -5e-06, 0.887345, 0.0, 0.461106, 0.54958, 0.0, 1.0, 0.0, 0.707783, 0.0, 0.0, 0.0, 1.0],
                [-0.548743, 0.0, 0.835991, -5e-06, 0.835991, 0.0, 0.548743, 0.553274, 0.0, 1.0, 0.0, 0.709133, 0.0, 0.0, 0.0, 1.0],
                [-0.639179, 0.0, 0.769058, -5e-06, 0.769058, 0.0, 0.639179, 0.557367, 0.0, 1.0, 0.0, 0.710451, 0.0, 0.0, 0.0, 1.0],
                [-0.72869, 0.0, 0.684843, -5e-06, 0.684843, 0.0, 0.72869, 0.561838, 0.0, 1.0, 0.0, 0.711737, 0.0, 0.0, 0.0, 1.0],
                [-0.812909, 0.0, 0.582391, -5e-06, 0.582391, 0.0, 0.812909, 0.566663, 0.0, 1.0, 0.0, 0.712987, 0.0, 0.0, 0.0, 1.0],
                [-0.887004, 0.0, 0.461762, -5e-06, 0.461762, 0.0, 0.887004, 0.571815, 0.0, 1.0, 0.0, 0.714201, 0.0, 0.0, 0.0, 1.0],
                [-0.945968, 0.0, 0.32426, -5e-06, 0.32426, 0.0, 0.945968, 0.577259, 0.0, 1.0, 0.0, 0.715378, 0.0, 0.0, 0.0, 1.0],
                [-0.984999, 0.0, 0.172558, -5e-06, 0.172558, 0.0, 0.984999, 0.58296, 0.0, 1.0, 0.0, 0.716515, 0.0, 0.0, 0.0, 1.0],
                [-0.999943, 0.0, 0.010688, -5e-06, 0.010688, 0.0, 0.999943, 0.588876, 0.0, 1.0, 0.0, 0.717613, 0.0, 0.0, 0.0, 1.0],
                [-0.987737, 0.0, -0.15613, -5e-06, -0.15613, 0.0, 0.987737, 0.594965, 0.0, 1.0, 0.0, 0.718669, 0.0, 0.0, 0.0, 1.0],
                [-0.946797, 0.0, -0.321831, -5e-06, -0.321831, 0.0, 0.946797, 0.601178, 0.0, 1.0, 0.0, 0.719683, 0.0, 0.0, 0.0, 1.0],
                [-0.877277, 0.0, -0.479984, -5e-06, -0.479984, 0.0, 0.877277, 0.607466, 0.0, 1.0, 0.0, 0.720654, 0.0, 0.0, 0.0, 1.0],
                [-0.781139, 0.0, -0.624357, -5e-06, -0.624357, 0.0, 0.781139, 0.613781, 0.0, 1.0, 0.0, 0.721581, 0.0, 0.0, 0.0, 1.0],
                [-0.662022, 0.0, -0.749484, -5e-06, -0.749484, 0.0, 0.662022, 0.620069, 0.0, 1.0, 0.0, 0.722463, 0.0, 0.0, 0.0, 1.0],
                [-0.524921, 0.0, -0.851151, -5e-06, -0.851151, 0.0, 0.524921, 0.626282, 0.0, 1.0, 0.0, 0.723299, 0.0, 0.0, 0.0, 1.0],
                [-0.375711, 0.0, -0.926737, -5e-06, -0.926737, 0.0, 0.375711, 0.632371, 0.0, 1.0, 0.0, 0.72409, 0.0, 0.0, 0.0, 1.0],
                [-0.220596, 0.0, -0.975365, -5e-06, -0.975365, 0.0, 0.220596, 0.638287, 0.0, 1.0, 0.0, 0.724834, 0.0, 0.0, 0.0, 1.0],
                [-0.065575, 0.0, -0.997848, -5e-06, -0.997848, 0.0, 0.065575, 0.643988, 0.0, 1.0, 0.0, 0.725531, 0.0, 0.0, 0.0, 1.0],
                [0.084031, 0.0, -0.996463, -5e-06, -0.996463, 0.0, -0.084031, 0.649433, 0.0, 1.0, 0.0, 0.72618, 0.0, 0.0, 0.0, 1.0],
                [0.223901, 0.0, -0.974612, -5e-06, -0.974612, 0.0, -0.223901, 0.654584, 0.0, 1.0, 0.0, 0.726781, 0.0, 0.0, 0.0, 1.0],
                [0.350905, 0.0, -0.936411, -5e-06, -0.936411, 0.0, -0.350905, 0.659409, 0.0, 1.0, 0.0, 0.727335, 0.0, 0.0, 0.0, 1.0],
                [0.463122, 0.0, -0.886295, -5e-06, -0.886295, 0.0, -0.463122, 0.66388, 0.0, 1.0, 0.0, 0.72784, 0.0, 0.0, 0.0, 1.0],
                [0.55975, 0.0, -0.828661, -5e-06, -0.828661, 0.0, -0.55975, 0.667973, 0.0, 1.0, 0.0, 0.728297, 0.0, 0.0, 0.0, 1.0],
                [0.640926, 0.0, -0.767603, -5e-06, -0.767603, 0.0, -0.640926, 0.671667, 0.0, 1.0, 0.0, 0.728706, 0.0, 0.0, 0.0, 1.0],
                [0.707485, 0.0, -0.706728, -5e-06, -0.706728, 0.0, -0.707485, 0.674948, 0.0, 1.0, 0.0, 0.729066, 0.0, 0.0, 0.0, 1.0],
                [0.760736, 0.0, -0.649061, -5e-06, -0.649061, 0.0, -0.760736, 0.677802, 0.0, 1.0, 0.0, 0.729378, 0.0, 0.0, 0.0, 1.0],
                [0.802222, 0.0, -0.597026, -5e-06, -0.597026, 0.0, -0.802222, 0.680222, 0.0, 1.0, 0.0, 0.729641, 0.0, 0.0, 0.0, 1.0],
                [0.83353, 0.0, -0.552475, -5e-06, -0.552475, 0.0, -0.83353, 0.682202, 0.0, 1.0, 0.0, 0.729856, 0.0, 0.0, 0.0, 1.0],
                [0.856139, 0.0, -0.516745, -5e-06, -0.516745, 0.0, -0.856139, 0.683739, 0.0, 1.0, 0.0, 0.730023, 0.0, 0.0, 0.0, 1.0],
                [0.871306, 0.0, -0.490739, -5e-06, -0.490739, 0.0, -0.871306, 0.684834, 0.0, 1.0, 0.0, 0.730142, 0.0, 0.0, 0.0, 1.0],
                [0.879991, 0.0, -0.474991, -5e-06, -0.474991, 0.0, -0.879991, 0.685488, 0.0, 1.0, 0.0, 0.730213, 0.0, 0.0, 0.0, 1.0],
                [0.882808, 0.0, -0.469734, -5e-06, -0.469734, 0.0, -0.882808, 0.685705, 0.0, 1.0, 0.0, 0.730237, 0.0, 0.0, 0.0, 1.0]
            ]
        },
        {
            "name": "Thigh_R",
            "time": [0.0, 0.0167, 0.0333, 0.05, 0.0667, 0.0833, 0.1, 0.1167, 0.1333, 0.15, 0.1667, 0.1833, 0.2, 0.2167, 0.2333, 0.25, 0.2667, 0.2833, 0.3, 0.3167, 0.3333, 0.35, 0.3667, 0.3833, 0.4, 0.4167, 0.4333, 0.45, 0.4667, 0.4833, 0.5, 0.5167, 0.5333, 0.55, 0.5667, 0.5833, 0.6, 0.6167, 0.6333, 0.65, 0.6667, 0.6833, 0.7, 0.7167, 0.7333, 0.75, 0.7667, 0.7833, 0.8, 0.8167, 0.8333, 0.85, 0.8667, 0.8833, 0.9, 0.9167, 0.9333, 0.95, 0.9667, 0.9833, 1.0, 1.0167, 1.0333, 1.05, 1.0667, 1.0833, 1.1, 1.1167, 1.1333, 1.15, 1.1667, 1.1833, 1.2, 1.2167, 1.2333, 1.25, 1.2667, 1.2833, 1.3, 1.3167, 1.3333, 1.35, 1.3667, 1.3833, 1.4, 1.4167, 1.4333, 1.45, 1.4667, 1.4833, 1.5, 1.5167, 1.5333, 1.55, 1.5667, 1.5833, 1.6, 1.6167, 1.6333, 1.65, 1.6667, 1.6833, 1.7, 1.7167, 1.7333, 1.75, 1.7667, 1.7833, 1.8, 1.8167, 1.8333],
            "transform": [
                [0.9546, 0.237073, -0.180372, 0.124994, 0.247193, -0.968314, 0.035533, -0.002831, -0.166233, -0.078506, -0.982956, -1.2e-05, 0.0, 0.0, 0.0, 1.0],
                [0.954151, 0.236458, -0.183532, 0.124994, 0.247543, -0.968063, 0.039708, -0.002831, -0.168281, -0.08332, -0.982211, -1.2e-05, 0.0, 0.0, 0.0, 1.0],
                [0.952769, 0.234546, -0.192925, 0.124994, 0.248589, -0.967224, 0.051774, -0.002831, -0.174458, -0.097288, -0.979847, -1.2e-05, 0.0, 0.0, 0.0, 1.0],
                [0.950378, 0.231192, -0.208161, 0.124994, 0.250297, -0.965613, 0.070305, -0.002831, -0.18475, -0.118918, -0.975565, -1.2e-05, 0.0, 0.0, 0.0, 1.0],
                [0.946869, 0.226165, -0.228667, 0.124994, 0.252632, -0.963022, 0.093618, -0.002831, -0.199039, -0.146413, -0.968993, -1.2e-05, 0.0, 0.0, 0.0, 1.0],
                [0.942103, 0.219189, -0.253768, 0.124994, 0.255564, -0.959291, 0.120196, -0.002831, -0.217092, -0.178091, -0.959768, -1.2e-05, 0.0, 0.0, 0.0, 1.0],
                [0.935939, 0.209999, -0.282699, 0.124994, 0.259071, -0.954326, 0.148805, -0.002831, -0.238538, -0.212511, -0.947596, -1.2e-05, 0.0, 0.0, 0.0, 1.0],
                [0.928259, 0.198401, -0.314596, 0.124994, 0.263128, -0.948111, 0.178465, -0.002831, -0.262865, -0.248441, -0.932298, -1.2e-05, 0.0, 0.0, 0.0, 1.0],
                [0.919008, 0.184351, -0.34848, 0.124994, 0.267694, -0.940716, 0.208308, -0.002831, -0.289419, -0.284722, -0.913876, -1.2e-05, 0.0, 0.0, 0.0, 1.0],
                [0.908219, 0.167944, -0.383317, 0.124994, 0.272714, -0.932268, 0.237703, -0.002831, -0.317434, -0.320422, -0.892505, -1.2e-05, 0.0, 0.0, 0.0, 1.0],
                [0.896046, 0.149545, -0.418016, 0.124994, 0.278096, -0.923013, 0.265912, -0.002831, -0.346068, -0.354519, -0.86865, -1.2e-05, 0.0, 0.0, 0.0, 1.0],
                [0.882767, 0.129591, -0.451585, 0.124994, 0.283729, -0.913177, 0.292584, -0.002831, -0.374461, -0.386411, -0.842891, -1.2e-05, 0.0, 0.0, 0.0, 1.0],
                [0.868775, 0.108813, -0.483103, 0.124994, 0.28946, -0.903131, 0.317123, -0.002831, -0.401798, -0.415348, -0.816115, -1.2e-05, 0.0, 0.0, 0.0, 1.0],
                [0.854552, 0.087913, -0.511871, 0.124994, 0.295132, -0.893177, 0.339311, -0.002831, -0.427361, -0.441028, -0.789212, -1.2e-05, 0.0, 0.0, 0.0, 1.0],
                [0.84062, 0.067703, -0.537377, 0.124994, 0.30057, -0.883677, 0.35885, -0.002831, -0.450572, -0.463175, -0.763186, -1.2e-05, 0.0, 0.0, 0.0, 1.0],
                [0.8275, 0.048883, -0.559333, 0.124994, 0.305608, -0.874916, 0.375665, -0.002831, -0.471006, -0.4818, -0.738933, -1.2e-05, 0.0, 0.0, 0.0, 1.0],
                [0.81567, 0.032087, -0.577627, 0.124994, 0.310097, -0.867155, 0.38972, -0.002831, -0.488387, -0.497004, -0.717262, -1.2e-05, 0.0, 0.0, 0.0, 1.0],
                [0.805531, 0.017845, -0.592285, 0.124994, 0.31391, -0.860615, 0.401, -0.002831, -0.502574, -0.508942, -0.698855, -1.2e-05, 0.0, 0.0, 0.0, 1.0],
                [0.797395, 0.006429, -0.603423, 0.124994, 0.316954, -0.855373, 0.409727, -0.002831, -0.513518, -0.517972, -0.684108, -1.2e-05, 0.0, 0.0, 0.0, 1.0],
                [0.791479, -0.001787, -0.611194, 0.124994, 0.319156, -0.851621, 0.415789, -0.002831, -0.521249, -0.524155, -0.67347, -1.2e-05, 0.0, 0.0, 0.0, 1.0],
                [0.787906, -0.006731, -0.615759, 0.124994, 0.320483, -0.849367, 0.419364, -0.002831, -0.525828, -0.527759, -0.667064, -1.2e-05, 0.0, 0.0, 0.0, 1.0],
                [0.786717, -0.008372, -0.617256, 0.124994, 0.320924, -0.848619, 0.420539, -0.002831, -0.527336, -0.528937, -0.664937, -1.2e-05, 0.0, 0.0, 0.0, 1.0],
                [0.796529, -0.002797, -0.604594, 0.124994, 0.31728, -0.849354, 0.421933, -0.002831, -0.51466, -0.527942, -0.675602, -1.2e-05, 0.0, 0.0, 0.0, 1.0],
                [0.824192, 0.014342, -0.566129, 0.124994, 0.306927, -0.851661, 0.425271, -0.002831, -0.475924, -0.524404, -0.706146, -1.2e-05, 0.0, 0.0, 0.0, 1.0],
                [0.863654, 0.04368, -0.502191, 0.124994, 0.292083, -0.85581, 0.427967, -0.002831, -0.41084, -0.516607, -0.751431, -1.2e-05, 0.0, 0.0, 0.0, 1.0],
                [0.90542, 0.085267, -0.415883, 0.124994, 0.276801, -0.862142, 0.42624, -0.002831, -0.321862, -0.50158, -0.803343, -1.2e-05, 0.0, 0.0, 0.0, 1.0],
                [0.939497, 0.138021, -0.313622, 0.124994, 0.266357, -0.870997, 0.415877, -0.002831, -0.215403, -0.475046, -0.853632, -1.2e-05, 0.0, 0.0, 0.0, 1.0],
                [0.958903, 0.199638, -0.202094, 0.124994, 0.26563, -0.882602, 0.392692, -0.002831, -0.099731, -0.431276, -0.89719, -1.2e-05, 0.0, 0.0, 0.0, 1.0],
                [0.960619, 0.266154, -0.082688, 0.124994, 0.277162, -0.89651, 0.353157, -0.002831, 0.019798, -0.36336, -0.931903, -1.2e-05, 0.0, 0.0, 0.0, 1.0],
                [0.94321, 0.329955, 0.049148, 0.124994, 0.300384, -0.91058, 0.296149, -0.002831, 0.141858, -0.265707, -0.953876, -1.2e-05, 0.0, 0.0, 0.0, 1.0],
                [0.905684, 0.378509, 0.194977, 0.124994, 0.332306, -0.920947, 0.22493, -0.002831, 0.263268, -0.139681, -0.954668, -1.2e-05, 0.0, 0.0, 0.0, 1.0],
                [0.850839, 0.399295, 0.344612, 0.124994, 0.368433, -0.924146, 0.146887, -0.002831, 0.374606, 0.002002, -0.927182, -1.2e-05, 0.0, 0.0, 0.0, 1.0],
                [0.788236, 0.389461, 0.478996, 0.124994, 0.40366, -0.919528, 0.071386, -0.002831, 0.46448, 0.138196, -0.87491, -1.2e-05, 0.0, 0.0, 0.0, 1.0],
                [0.731587, 0.360422, 0.580816, 0.124994, 0.433557, -0.909786, 0.007723, -0.002831, 0.526126, 0.248542, -0.813998, -1.2e-05, 0.0, 0.0, 0.0, 1.0],
                [0.693112, 0.333825, 0.640806, 0.124994, 0.45543, -0.899655, -0.034343, -0.002831, 0.558731, 0.31921, -0.766934, -1.2e-05, 0.0, 0.0, 0.0, 1.0],
                [0.679823, 0.33203, 0.656064, 0.124994, 0.468409, -0.893906, -0.044555, -0.002831, 0.5643, 0.342003, -0.753389, -1.2e-05, 0.0, 0.0, 0.0, 1.0],
                [0.679932, 0.348026, 0.648157, 0.124994, 0.476696, -0.891465, -0.03537, -0.002831, 0.557184, 0.337992, -0.760685, -1.2e-05, 0.0, 0.0, 0.0, 1.0],
                [0.68002, 0.3646, 0.639547, 0.124994, 0.484403, -0.889269, -0.024801, -0.002831, 0.550387, 0.332183, -0.768352, -1.2e-05, 0.0, 0.0, 0.0, 1.0],
                [0.680126, 0.381766, 0.630125, 0.124994, 0.491521, -0.887285, -0.012778, -0.002831, 0.543908, 0.324449, -0.776388, -1.2e-05, 0.0, 0.0, 0.0, 1.0],
                [0.68029, 0.399416, 0.619841, 0.124994, 0.498037, -0.885469, 0.000618, -0.002831, 0.53774, 0.314794, -0.784727, -1.2e-05, 0.0, 0.0, 0.0, 1.0],
                [0.680555, 0.417545, 0.608578, 0.124994, 0.503941, -0.883766, 0.015452, -0.002831, 0.531872, 0.303087, -0.793344, -1.2e-05, 0.0, 0.0, 0.0, 1.0],
                [0.68097, 0.435905, 0.596366, 0.124994, 0.509213, -0.882128, 0.031475, -0.002831, 0.52629, 0.289484, -0.802095, -1.2e-05, 0.0, 0.0, 0.0, 1.0],
                [0.681585, 0.454355, 0.583181, 0.124994, 0.513838, -0.880503, 0.04858, -0.002831, 0.520972, 0.274016, -0.810888, -1.2e-05, 0.0, 0.0, 0.0, 1.0],
                [0.682448, 0.47287, 0.568917, 0.124994, 0.51781, -0.878825, 0.066825, -0.002831, 0.515885, 0.25656, -0.819676, -1.2e-05, 0.0, 0.0, 0.0, 1.0],
                [0.683618, 0.491121, 0.553689, 0.124994, 0.521106, -0.877067, 0.085852, -0.002831, 0.510994, 0.237394, -0.828286, -1.2e-05, 0.0, 0.0, 0.0, 1.0],
                [0.685149, 0.509046, 0.537424, 0.124994, 0.523722, -0.875172, 0.105673, -0.002831, 0.506247, 0.216444, -0.836665, -1.2e-05, 0.0, 0.0, 0.0, 1.0],
                [0.687103, 0.526405, 0.520201, 0.124994, 0.525642, -0.873124, 0.126045, -0.002831, 0.501587, 0.193897, -0.844692, -1.2e-05, 0.0, 0.0, 0.0, 1.0],
                [0.68954, 0.543074, 0.502001, 0.124994, 0.526864, -0.870885, 0.146892, -0.002831, 0.496939, 0.169773, -0.852301, -1.2e-05, 0.0, 0.0, 0.0, 1.0],
                [0.692523, 0.558846, 0.482894, 0.124994, 0.527383, -0.868458, 0.168004, -0.002831, 0.492218, 0.144237, -0.859411, -1.2e-05, 0.0, 0.0, 0.0, 1.0],
                [0.696115, 0.573554, 0.462919, 0.124994, 0.527202, -0.865843, 0.189225, -0.002831, 0.487321, 0.117406, -0.865968, -1.2e-05, 0.0, 0.0, 0.0, 1.0],
                [0.700376, 0.587131, 0.442002, 0.124994, 0.526332, -0.863009, 0.210559, -0.002831, 0.482128, 0.089223, -0.871951, -1.2e-05, 0.0, 0.0, 0.0, 1.0],
                [0.705373, 0.599303, 0.4203, 0.124994, 0.524782, -0.860029, 0.231663, -0.002831, 0.476501, 0.060012, -0.877314, -1.2e-05, 0.0, 0.0, 0.0, 1.0],
                [0.711163, 0.609982, 0.397757, 0.124994, 0.522575, -0.856907, 0.252493, -0.002831, 0.470279, 0.029773, -0.882064, -1.2e-05, 0.0, 0.0, 0.0, 1.0],
                [0.717805, 0.618972, 0.37444, 0.124994, 0.519737, -0.853716, 0.272811, -0.002831, 0.463282, -0.001281, -0.88621, -1.2e-05, 0.0, 0.0, 0.0, 1.0],
                [0.725351, 0.626147, 0.350311, 0.124994, 0.516302, -0.850502, 0.292508, -0.002831, 0.455301, -0.033078, -0.889787, -1.2e-05, 0.0, 0.0, 0.0, 1.0],
                [0.733845, 0.631371, 0.325318, 0.124994, 0.512312, -0.847323, 0.311459, -0.002831, 0.446102, -0.065533, -0.892839, -1.2e-05, 0.0, 0.0, 0.0, 1.0],
                [0.743326, 0.63445, 0.299474, 0.124994, 0.507813, -0.844303, 0.32942, -0.002831, 0.435422, -0.098421, -0.895431, -1.2e-05, 0.0, 0.0, 0.0, 1.0],
                [0.753815, 0.635246, 0.272661, 0.124994, 0.502858, -0.84152, 0.34628, -0.002831, 0.422963, -0.131673, -0.897633, -1.2e-05, 0.0, 0.0, 0.0, 1.0],
                [0.765314, 0.633608, 0.244725, 0.124994, 0.497503, -0.839057, 0.36193, -0.002831, 0.408393, -0.165224, -0.899509, -1.2e-05, 0.0, 0.0, 0.0, 1.0],
                [0.777807, 0.629314, 0.215592, 0.124994, 0.491802, -0.837091, 0.376101, -0.002831, 0.391341, -0.198808, -0.901148, -1.2e-05, 0.0, 0.0, 0.0, 1.0],
                [0.791234, 0.62219, 0.185014, 0.124994, 0.485811, -0.835718, 0.388696, -0.002831, 0.371396, -0.232359, -0.902599, -1.2e-05, 0.0, 0.0, 0.0, 1.0],
                [0.805494, 0.612027, 0.15274, 0.124994, 0.479582, -0.835073, 0.399559, -0.002831, 0.348108, -0.265717, -0.903893, -1.2e-05, 0.0, 0.0, 0.0, 1.0],
                [0.820422, 0.598596, 0.118477, 0.124994, 0.473154, -0.835295, 0.408534, -0.002831, 0.320988, -0.298697, -0.905021, -1.2e-05, 0.0, 0.0, 0.0, 1.0],
                [0.835765, 0.581669, 0.081848, 0.124994, 0.466556, -0.836487, 0.415528, -0.002831, 0.289519, -0.331139, -0.90589, -1.2e-05, 0.0, 0.0, 0.0, 1.0],
                [0.851174, 0.560988, 0.042571, 0.124994, 0.459791, -0.838854, 0.420273, -0.002831, 0.25317, -0.362606, -0.906399, -1.2e-05, 0.0, 0.0, 0.0, 1.0],
                [0.866159, 0.536349, 0.000226, 0.124994, 0.452842, -0.842481, 0.422701, -0.002831, 0.21143, -0.392815, -0.906269, -1.2e-05, 0.0, 0.0, 0.0, 1.0],
                [0.880079, 0.507584, -0.045536, 0.124994, 0.445661, -0.847465, 0.422701, -0.002831, 0.163852, -0.421309, -0.905124, -1.2e-05, 0.0, 0.0, 0.0, 1.0],
                [0.892122, 0.474622, -0.094985, 0.124994, 0.438168, -0.853868, 0.420195, -0.002831, 0.110121, -0.447531, -0.902449, -1.2e-05, 0.0, 0.0, 0.0, 1.0],
                [0.901313, 0.437541, -0.148249, 0.124994, 0.430257, -0.861704, 0.415156, -0.002831, 0.05014, -0.470824, -0.89759, -1.2e-05, 0.0, 0.0, 0.0, 1.0],
                [0.90655, 0.396638, -0.205231, 0.124994, 0.421801, -0.870915, 0.407625, -0.002831, -0.015864, -0.490464, -0.889788, -1.2e-05, 0.0, 0.0, 0.0, 1.0],
                [0.906689, 0.352487, -0.265538, 0.124994, 0.412678, -0.881364, 0.397727, -0.002831, -0.08725, -0.505718, -0.878239, -1.2e-05, 0.0, 0.0, 0.0, 1.0],
                [0.900677, 0.305976, -0.328421, 0.124994, 0.402799, -0.892824, 0.385685, -0.002831, -0.162894, -0.515934, -0.862199, -1.2e-05, 0.0, 0.0, 0.0, 1.0],
                [0.886751, 0.240435, -0.404592, 0.124994, 0.382846, -0.909539, 0.371811, -0.002831, -0.259037, -0.52119, -0.835501, -1.2e-05, 0.0, 0.0, 0.0, 1.0],
                [0.855107, 0.137576, -0.502413, 0.124994, 0.341799, -0.933018, 0.360731, -0.002831, -0.389827, -0.516286, -0.785783, -1.2e-05, 0.0, 0.0, 0.0, 1.0],
                [0.797502, 0.00696, -0.603281, 0.124994, 0.282721, -0.953584, 0.364214, -0.002831, -0.532972, -0.495424, -0.709507, -1.2e-05, 0.0, 0.0, 0.0, 1.0],
                [0.724779, -0.129349, -0.67837, 0.124994, 0.219333, -0.958987, 0.392909, -0.002831, -0.653137, -0.465579, -0.620835, -1.2e-05, 0.0, 0.0, 0.0, 1.0],
                [0.661651, -0.251872, -0.71211, 0.124994, 0.167058, -0.943778, 0.445237, -0.002831, -0.730964, -0.443684, -0.542829, -1.2e-05, 0.0, 0.0, 0.0, 1.0],
                [0.62444, -0.352023, -0.708638, 0.124994, 0.131915, -0.910756, 0.510204, -0.002831, -0.769852, -0.44159, -0.487364, -1.2e-05, 0.0, 0.0, 0.0, 1.0],
                [0.615374, -0.426298, -0.680179, 0.124994, 0.111948, -0.866859, 0.575645, -0.002831, -0.780245, -0.460593, -0.45386, -1.2e-05, 0.0, 0.0, 0.0, 1.0],
                [0.629948, -0.472269, -0.638611, 0.124994, 0.102852, -0.82017, 0.632673, -0.002831, -0.769796, -0.496055, -0.438064, -1.2e-05, 0.0, 0.0, 0.0, 1.0],
                [0.486917, -0.577704, -0.685269, 0.124994, 0.109019, -0.790133, 0.66289, -0.002831, -0.866618, -0.423985, -0.301634, -1.2e-05, 0.0, 0.0, 0.0, 1.0],
                [0.389008, -0.626589, -0.708714, 0.124994, 0.136858, -0.770629, 0.676246, -0.002831, -0.911012, -0.383326, -0.201036, -1.2e-05, 0.0, 0.0, 0.0, 1.0],
                [0.446054, -0.604495, -0.690846, 0.124994, 0.158606, -0.753667, 0.686708, -0.002831, -0.88084, -0.441821, -0.226192, -1.2e-05, 0.0, 0.0, 0.0, 1.0],
                [0.509301, -0.563387, -0.676825, 0.124994, 0.17549, -0.748104, 0.686333, -0.002831, -0.842506, -0.496399, -0.266185, -1.2e-05, 0.0, 0.0, 0.0, 1.0],
                [0.574876, -0.508305, -0.662126, 0.124994, 0.185937, -0.752077, 0.677864, -0.002831, -0.796834, -0.54221, -0.319515, -1.2e-05, 0.0, 0.0, 0.0, 1.0],
                [0.640456, -0.444303, -0.642125, 0.124994, 0.188626, -0.763751, 0.663286, -0.002831, -0.74447, -0.575739, -0.384354, -1.2e-05, 0.0, 0.0, 0.0, 1.0],
                [0.702803, -0.376954, -0.614499, 0.124994, 0.185854, -0.779651, 0.64493, -0.002831, -0.686677, -0.596825, -0.454375, -1.2e-05, 0.0, 0.0, 0.0, 1.0],
                [0.758501, -0.310804, -0.580388, 0.124994, 0.180972, -0.796838, 0.624471, -0.002831, -0.62604, -0.606911, -0.522671, -1.2e-05, 0.0, 0.0, 0.0, 1.0],
                [0.805816, -0.24925, -0.542076, 0.124994, 0.174306, -0.81499, 0.601817, -0.002831, -0.565931, -0.605917, -0.586489, -1.2e-05, 0.0, 0.0, 0.0, 1.0],
                [0.843689, -0.195742, -0.50293, 0.124994, 0.166165, -0.833535, 0.577217, -0.002831, -0.510468, -0.594846, -0.643337, -1.2e-05, 0.0, 0.0, 0.0, 1.0],
                [0.871751, -0.153127, -0.467275, 0.124994, 0.156857, -0.851894, 0.551039, -0.002831, -0.464161, -0.575477, -0.691383, -1.2e-05, 0.0, 0.0, 0.0, 1.0],
                [0.890224, -0.123257, -0.439718, 0.124994, 0.146756, -0.869328, 0.524056, -0.002831, -0.431235, -0.550292, -0.729392, -1.2e-05, 0.0, 0.0, 0.0, 1.0],
                [0.899754, -0.106183, -0.42412, 0.124994, 0.136393, -0.885267, 0.497034, -0.002831, -0.414535, -0.521748, -0.75702, -1.2e-05, 0.0, 0.0, 0.0, 1.0],
                [0.901378, -0.099762, -0.422061, 0.124994, 0.12658, -0.899281, 0.47072, -0.002831, -0.41412, -0.492016, -0.774782, -1.2e-05, 0.0, 0.0, 0.0, 1.0],
                [0.896834, -0.099705, -0.431579, 0.124994, 0.118456, -0.911101, 0.445774, -0.002831, -0.426211, -0.463019, -0.784235, -1.2e-05, 0.0, 0.0, 0.0, 1.0],
                [0.888979, -0.100285, -0.447349, 0.124994, 0.113305, -0.920919, 0.422093, -0.002831, -0.443708, -0.436089, -0.788489, -1.2e-05, 0.0, 0.0, 0.0, 1.0],
                [0.881518, -0.096273, -0.462639, 0.124994, 0.112174, -0.92909, 0.399203, -0.002831, -0.458632, -0.412283, -0.791582, -1.2e-05, 0.0, 0.0, 0.0, 1.0],
                [0.877748, -0.084272, -0.47192, 0.124994, 0.115482, -0.936178, 0.376023, -0.002831, -0.464997, -0.391575, -0.797432, -1.2e-05, 0.0, 0.0, 0.0, 1.0],
                [0.879295, -0.06333, -0.472177, 0.124994, 0.122963, -0.942606, 0.351539, -0.002831, -0.460129, -0.372921, -0.808374, -1.2e-05, 0.0, 0.0, 0.0, 1.0],
                [0.885871, -0.034494, -0.462681, 0.124994, 0.133868, -0.948521, 0.325189, -0.002831, -0.444198, -0.354648, -0.824729, -1.2e-05, 0.0, 0.0, 0.0, 1.0],
                [0.895933, 0.000139, -0.444189, 0.124994, 0.147212, -0.953945, 0.296637, -0.002831, -0.419085, -0.334796, -0.845401, -1.2e-05, 0.0, 0.0, 0.0, 1.0],
                [0.907565, 0.037965, -0.418221, 0.124994, 0.161983, -0.958746, 0.266014, -0.002831, -0.38741, -0.31193, -0.86852, -1.2e-05, 0.0, 0.0, 0.0, 1.0],
                [0.919088, 0.076331, -0.386693, 0.124994, 0.177244, -0.962727, 0.233892, -0.002831, -0.351939, -0.28551, -0.892056, -1.2e-05, 0.0, 0.0, 0.0, 1.0],
                [0.929341, 0.113031, -0.351691, 0.124994, 0.192163, -0.965821, 0.200716, -0.002831, -0.315276, -0.255492, -0.914345, -1.2e-05, 0.0, 0.0, 0.0, 1.0],
                [0.937718, 0.146252, -0.31538, 0.124994, 0.206056, -0.967962, 0.16734, -0.002831, -0.279689, -0.222787, -0.934095, -1.2e-05, 0.0, 0.0, 0.0, 1.0],
                [0.944074, 0.17477, -0.279906, 0.124994, 0.218382, -0.969184, 0.134743, -0.002831, -0.247049, -0.188854, -0.950524, -1.2e-05, 0.0, 0.0, 0.0, 1.0],
                [0.948575, 0.197919, -0.247328, 0.124994, 0.228744, -0.96961, 0.104118, -0.002831, -0.218819, -0.155612, -0.963321, -1.2e-05, 0.0, 0.0, 0.0, 1.0],
                [0.951549, 0.215513, -0.219546, 0.124994, 0.236881, -0.969447, 0.076924, -0.002831, -0.196066, -0.125327, -0.972565, -1.2e-05, 0.0, 0.0, 0.0, 1.0],
                [0.953358, 0.227696, -0.198262, 0.124994, 0.242663, -0.968974, 0.055014, -0.002831, -0.179505, -0.100603, -0.978604, -1.2e-05, 0.0, 0.0, 0.0, 1.0],
                [0.954308, 0.234764, -0.184915, 0.124994, 0.24608, -0.968502, 0.04065, -0.002831, -0.169529, -0.084306, -0.981913, -1.2e-05, 0.0, 0.0, 0.0, 1.0],
                [0.9546, 0.237073, -0.180372, 0.124994, 0.247193, -0.968314, 0.035532, -0.002831, -0.166233, -0.078506, -0.982957, -1.2e-05, 0.0, 0.0, 0.0, 1.0]
            ]
        },
        {
            "name": "Leg_R",
            "time": [0.0, 0.0167, 0.0333, 0.05, 0.0667, 0.0833, 0.1, 0.1167, 0.1333, 0.15, 0.1667, 0.1833, 0.2, 0.2167, 0.2333, 0.25, 0.2667, 0.2833, 0.3, 0.3167, 0.3333, 0.35, 0.3667, 0.3833, 0.4, 0.4167, 0.4333, 0.45, 0.4667, 0.4833, 0.5, 0.5167, 0.5333, 0.55, 0.5667, 0.5833, 0.6, 0.6167, 0.6333, 0.65, 0.6667, 0.6833, 0.7, 0.7167, 0.7333, 0.75, 0.7667, 0.7833, 0.8, 0.8167, 0.8333, 0.85, 0.8667, 0.8833, 0.9, 0.9167, 0.9333, 0.95, 0.9667, 0.9833, 1.0, 1.0167, 1.0333, 1.05, 1.0667, 1.0833, 1.1, 1.1167, 1.1333, 1.15, 1.1667, 1.1833, 1.2, 1.2167, 1.2333, 1.25, 1.2667, 1.2833, 1.3, 1.3167, 1.3333, 1.35, 1.3667, 1.3833, 1.4, 1.4167, 1.4333, 1.45, 1.4667, 1.4833, 1.5, 1.5167, 1.5333, 1.55, 1.5667, 1.5833, 1.6, 1.6167, 1.6333, 1.65, 1.6667, 1.6833, 1.7, 1.7167, 1.7333, 1.75, 1.7667, 1.7833, 1.8, 1.8167, 1.8333],
            "transform": [
                [0.999946, -0.010283, -0.00159, 0.0, 0.010315, 0.959598, 0.281185, 0.374721, -0.001365, -0.281186, 0.959653, -0.0, 0.0, 0.0, 0.0, 1.0],
                [0.999943, -0.010561, -0.001673, -0.0, 0.010594, 0.957335, 0.288787, 0.374721, -0.001448, -0.288788, 0.957392, -0.0, 0.0, 0.0, 0.0, 1.0],
                [0.999933, -0.011357, -0.001924, 0.0, 0.011393, 0.95048, 0.310575, 0.374721, -0.001699, -0.310576, 0.950547, 0.0, 0.0, 0.0, 0.0, 1.0],
                [0.999918, -0.012561, -0.00234, -0.0, 0.0126, 0.939075, 0.343483, 0.374721, -0.002117, -0.343484, 0.939156, 0.0, 0.0, 0.0, 0.0, 1.0],
                [0.999897, -0.01404, -0.002917, 0.0, 0.014084, 0.923259, 0.383919, 0.374721, -0.002696, -0.383921, 0.923362, 0.0, 0.0, 0.0, 0.0, 1.0],
                [0.99987, -0.015676, -0.003646, 0.0, 0.015726, 0.903323, 0.428673, 0.374721, -0.003427, -0.428675, 0.903453, 0.0, 0.0, 0.0, 0.0, 1.0],
                [0.999839, -0.017378, -0.004508, 0.0, 0.017433, 0.879699, 0.475212, 0.374721, -0.004292, -0.475214, 0.87986, -0.0, 0.0, 0.0, 0.0, 1.0],
                [0.999803, -0.019076, -0.005485, 0.0, 0.019136, 0.852953, 0.521636, 0.374721, -0.005272, -0.521639, 0.853151, 0.0, 0.0, 0.0, 0.0, 1.0],
                [0.999764, -0.020714, -0.006548, -0.0, 0.020779, 0.823851, 0.566426, 0.374721, -0.006338, -0.566428, 0.824087, -0.0, 0.0, 0.0, 0.0, 1.0],
                [0.999723, -0.022258, -0.00767, -0.0, 0.022328, 0.793121, 0.608654, 0.374721, -0.007464, -0.608657, 0.793398, -0.0, 0.0, 0.0, 0.0, 1.0],
                [0.999681, -0.023673, -0.008814, 0.0, 0.023748, 0.761811, 0.647364, 0.374721, -0.008611, -0.647367, 0.762129, -0.0, 0.0, 0.0, 0.0, 1.0],
                [0.999639, -0.024953, -0.009954, -0.0, 0.025032, 0.730592, 0.682355, 0.374721, -0.009755, -0.682358, 0.730953, -0.0, 0.0, 0.0, 0.0, 1.0],
                [0.999599, -0.026078, -0.011051, 0.0, 0.02616, 0.700553, 0.713122, 0.374721, -0.010855, -0.713124, 0.700954, -0.0, 0.0, 0.0, 0.0, 1.0],
                [0.999561, -0.027053, -0.012082, 0.0, 0.027138, 0.672306, 0.739776, 0.374721, -0.01189, -0.739778, 0.672745, 0.0, 0.0, 0.0, 0.0, 1.0],
                [0.999527, -0.027877, -0.013021, 0.0, 0.027965, 0.646605, 0.762313, 0.374721, -0.012831, -0.762316, 0.647078, -0.0, 0.0, 0.0, 0.0, 1.0],
                [0.999496, -0.028561, -0.013852, -0.0, 0.028651, 0.623856, 0.781014, 0.374721, -0.013665, -0.781017, 0.62436, -0.0, 0.0, 0.0, 0.0, 1.0],
                [0.99947, -0.029114, -0.014562, 0.0, 0.029206, 0.604393, 0.796151, 0.374721, -0.014378, -0.796154, 0.604923, 0.0, 0.0, 0.0, 0.0, 1.0],
                [0.999449, -0.029546, -0.015143, -0.0, 0.029639, 0.588488, 0.807962, 0.374721, -0.014961, -0.807965, 0.589039, -0.0, 0.0, 0.0, 0.0, 1.0],
                [0.999432, -0.029874, -0.015601, -0.0, 0.029968, 0.575959, 0.816929, 0.374721, -0.01542, -0.816932, 0.576527, 0.0, 0.0, 0.0, 0.0, 1.0],
                [0.99942, -0.030098, -0.015922, -0.0, 0.030192, 0.567181, 0.82304, 0.374721, -0.015741, -0.823044, 0.567761, -0.0, 0.0, 0.0, 0.0, 1.0],
                [0.999413, -0.030228, -0.016112, 0.0, 0.030323, 0.561966, 0.826604, 0.374721, -0.015932, -0.826608, 0.562553, -0.0, 0.0, 0.0, 0.0, 1.0],
                [0.999411, -0.030271, -0.016175, 0.0, 0.030366, 0.560246, 0.82777, 0.374721, -0.015995, -0.827773, 0.560835, -0.0, 0.0, 0.0, 0.0, 1.0],
                [0.999405, -0.030379, -0.016325, -0.0, 0.030465, 0.556236, 0.830474, 0.374721, -0.016145, -0.83073, 0.556736, 0.0, 0.0, 0.0, 0.0, 1.0],
                [0.99939, -0.030672, -0.016736, 0.0, 0.030731, 0.545252, 0.83773, 0.374721, -0.016558, -0.838756, 0.545488, 0.0, 0.0, 0.0, 0.0, 1.0],
                [0.99937, -0.031062, -0.017288, 0.0, 0.031074, 0.530568, 0.847078, 0.374721, -0.017112, -0.849418, 0.530381, 0.0, 0.0, 0.0, 0.0, 1.0],
                [0.999351, -0.031434, -0.017807, 0.0, 0.031379, 0.516958, 0.85538, 0.374721, -0.017633, -0.859589, 0.51619, 0.0, 0.0, 0.0, 0.0, 1.0],
                [0.99934, -0.031683, -0.018108, -0.0, 0.03154, 0.509486, 0.859757, 0.374721, -0.017935, -0.866385, 0.507965, -0.0, 0.0, 0.0, 0.0, 1.0],
                [0.999343, -0.031716, -0.018022, 0.0, 0.031466, 0.512813, 0.857744, 0.374721, -0.017849, -0.867289, 0.510309, 0.0, 0.0, 0.0, 0.0, 1.0],
                [0.999366, -0.031431, -0.017395, 0.0, 0.031059, 0.53127, 0.846642, 0.374721, -0.01722, -0.85949, 0.527449, -0.0, 0.0, 0.0, 0.0, 1.0],
