{
    "animation": [
        {
            "name": "Root",
            "time": [0.0, 0.0167, 0.0333, 0.05, 0.0667, 0.0833, 0.1, 0.1167, 0.1333, 0.15, 0.1667, 0.1833, 0.2, 0.2167, 0.2333, 0.25, 0.2667, 0.2833, 0.3, 0.3167, 0.3333, 0.35, 0.3667, 0.3833, 0.4, 0.4167, 0.4333, 0.45, 0.4667, 0.4833, 0.5, 0.5167, 0.5333, 0.55, 0.5667, 0.5833, 0.6, 0.6167, 0.6333, 0.65, 0.6667, 0.6833, 0.7, 0.7167, 0.7333, 0.75, 0.7667, 0.7833, 0.8, 0.8167, 0.8333, 0.85, 0.8667, 0.8833, 0.9, 0.9167, 0.9333, 0.95, 0.9667, 0.9833, 1.0, 1.0167, 1.0333, 1.05, 1.0667, 1.0833, 1.1, 1.1167, 1.1333, 1.15, 1.1667, 1.1833, 1.2, 1.2167, 1.2333, 1.25, 1.2667, 1.2833, 1.3, 1.3167, 1.3333, 1.35, 1.3667, 1.3833, 1.4, 1.4167, 1.4333, 1.45, 1.4667, 1.4833, 1.5, 1.5167, 1.5333, 1.55, 1.5667, 1.5833, 1.6, 1.6167, 1.6333, 1.65, 1.6667, 1.6833, 1.7, 1.7167, 1.7333, 1.75, 1.7667, 1.7833, 1.8, 1.8167, 1.8333, 1.85, 1.8667, 1.8833, 1.9, 1.9167, 1.9333, 1.95, 1.9667, 1.9833, 2.0, 2.0167, 2.0333, 2.05, 2.0667, 2.0833, 2.1, 2.1167, 2.1333, 2.15, 2.1667, 2.1833, 2.2, 2.2167, 2.2333, 2.25, 2.2667, 2.2833, 2.3, 2.3167, 2.3333, 2.35, 2.3667, 2.3833, 2.4, 2.4167, 2.4333, 2.45, 2.4667, 2.4833, 2.5, 2.5167, 2.5333, 2.55, 2.5667, 2.5833, 2.6, 2.6167, 2.6333, 2.65, 2.6667, 2.6833, 2.7, 2.7167, 2.7333, 2.75, 2.7667, 2.7833, 2.8, 2.8167, 2.8333, 2.85, 2.8667, 2.8833, 2.9, 2.9167, 2.9333, 2.95, 2.9667, 2.9833, 3.0],
            "transform": [
                [1.0, 0.0, -0.0, -5e-06, -0.0, 0.0, -1.0, 0.000946, 0.0, 1.0, 0.0, 0.40188, 0.0, 0.0, 0.0, 1.0],
                [1.0, 0.0, -6.1e-05, -5e-06, -6.1e-05, 0.0, -1.0, 0.000954, 0.0, 1.0, 0.0, 0.401728, 0.0, 0.0, 0.0, 1.0],
                [1.0, 0.0, -0.000247, -5e-06, -0.000247, 0.0, -1.0, 0.001011, 0.0, 1.0, 0.0, 0.401269, 0.0, 0.0, 0.0, 1.0],
                [1.0, 0.0, -0.000562, -5e-06, -0.000562, 0.0, -1.0, 0.001172, 0.0, 1.0, 0.0, 0.400501, 0.0, 0.0, 0.0, 1.0],
                [0.999999, 0.0, -0.001008, -5e-06, -0.001008, 0.0, -0.999999, 0.001498, 0.0, 1.0, 0.0, 0.399425, 0.0, 0.0, 0.0, 1.0],
                [0.999999, 0.0, -0.00159, -5e-06, -0.00159, 0.0, -0.999999, 0.00206, 0.0, 1.0, 0.0, 0.398046, 0.0, 0.0, 0.0, 1.0],
                [0.999997, 0.0, -0.00231, -5e-06, -0.00231, 0.0, -0.999997, 0.002935, 0.0, 1.0, 0.0, 0.396377, 0.0, 0.0, 0.0, 1.0],
                [0.999995, 0.0, -0.003171, -5e-06, -0.003171, 0.0, -0.999995, 0.004207, 0.0, 1.0, 0.0, 0.394435, 0.0, 0.0, 0.0, 1.0],
                [0.999991, 0.0, -0.004175, -5e-06, -0.004175, 0.0, -0.999991, 0.005967, 0.0, 1.0, 0.0, 0.392243, 0.0, 0.0, 0.0, 1.0],
                [0.999986, 0.0, -0.005323, -5e-06, -0.005323, 0.0, -0.999986, 0.008314, 0.0, 1.0, 0.0, 0.389835, 0.0, 0.0, 0.0, 1.0],
                [0.999978, 0.0, -0.006616, -5e-06, -0.006616, 0.0, -0.999978, 0.01135, 0.0, 1.0, 0.0, 0.387249, 0.0, 0.0, 0.0, 1.0],
                [0.999968, 0.0, -0.008054, -5e-06, -0.008054, 0.0, -0.999968, 0.015185, 0.0, 1.0, 0.0, 0.384531, 0.0, 0.0, 0.0, 1.0],
                [0.999954, 0.0, -0.009635, -5e-06, -0.009635, 0.0, -0.999954, 0.019926, 0.0, 1.0, 0.0, 0.381731, 0.0, 0.0, 0.0, 1.0],
                [0.999936, 0.0, -0.011358, -5e-06, -0.011358, 0.0, -0.999936, 0.025682, 0.0, 1.0, 0.0, 0.378904, 0.0, 0.0, 0.0, 1.0],
                [0.999913, 0.0, -0.013219, -5e-06, -0.013219, 0.0, -0.999913, 0.032561, 0.0, 1.0, 0.0, 0.376104, 0.0, 0.0, 0.0, 1.0],
                [0.999884, 0.0, -0.015215, -5e-06, -0.015215, 0.0, -0.999884, 0.040662, 0.0, 1.0, 0.0, 0.373386, 0.0, 0.0, 0.0, 1.0],
                [0.99985, 0.0, -0.017339, -5e-06, -0.017339, 0.0, -0.99985, 0.050077, 0.0, 1.0, 0.0, 0.3708, 0.0, 0.0, 0.0, 1.0],
                [0.999808, 0.0, -0.019587, -5e-06, -0.019587, 0.0, -0.999808, 0.060889, 0.0, 1.0, 0.0, 0.368392, 0.0, 0.0, 0.0, 1.0],
                [0.999759, 0.0, -0.021949, -5e-06, -0.021949, 0.0, -0.999759, 0.073164, 0.0, 1.0, 0.0, 0.366201, 0.0, 0.0, 0.0, 1.0],
                [0.999702, 0.0, -0.024418, -5e-06, -0.024418, 0.0, -0.999702, 0.086957, 0.0, 1.0, 0.0, 0.364258, 0.0, 0.0, 0.0, 1.0],
                [0.999636, 0.0, -0.026984, -5e-06, -0.026984, 0.0, -0.999636, 0.102304, 0.0, 1.0, 0.0, 0.362589, 0.0, 0.0, 0.0, 1.0],
                [0.999561, 0.0, -0.029636, -5e-06, -0.029636, 0.0, -0.999561, 0.119227, 0.0, 1.0, 0.0, 0.361211, 0.0, 0.0, 0.0, 1.0],
                [0.999476, 0.0, -0.032365, -5e-06, -0.032365, 0.0, -0.999476, 0.137732, 0.0, 1.0, 0.0, 0.360135, 0.0, 0.0, 0.0, 1.0],
                [0.999382, 0.0, -0.035159, -5e-06, -0.035159, 0.0, -0.999382, 0.157809, 0.0, 1.0, 0.0, 0.359367, 0.0, 0.0, 0.0, 1.0],
                [0.999277, 0.0, -0.038006, -5e-06, -0.038006, 0.0, -0.999277, 0.179435, 0.0, 1.0, 0.0, 0.358908, 0.0, 0.0, 0.0, 1.0],
                [0.999163, 0.0, -0.040896, -5e-06, -0.040896, 0.0, -0.999163, 0.202577, 0.0, 1.0, 0.0, 0.358756, 0.0, 0.0, 0.0, 1.0],
                [0.99904, 0.0, -0.043817, -5e-06, -0.043817, 0.0, -0.99904, 0.22719, 0.0, 1.0, 0.0, 0.35931, 0.0, 0.0, 0.0, 1.0],
                [0.998906, 0.0, -0.046757, -5e-06, -0.046757, 0.0, -0.998906, 0.253222, 0.0, 1.0, 0.0, 0.36381, 0.0, 0.0, 0.0, 1.0],
                [0.998764, 0.0, -0.049708, -5e-06, -0.049708, 0.0, -0.998764, 0.280617, 0.0, 1.0, 0.0, 0.3779, 0.0, 0.0, 0.0, 1.0],
                [0.998613, 0.0, -0.052658, -5e-06, -0.052658, 0.0, -0.998613, 0.309311, 0.0, 1.0, 0.0, 0.408277, 0.0, 0.0, 0.0, 1.0],
                [0.998453, 0.0, -0.055599, -5e-06, -0.055599, 0.0, -0.998453, 0.339243, 0.0, 1.0, 0.0, 0.460563, 0.0, 0.0, 0.0, 1.0],
                [0.998286, 0.0, -0.058522, -5e-06, -0.058522, 0.0, -0.998286, 0.370346, 0.0, 1.0, 0.0, 0.53705, 0.0, 0.0, 0.0, 1.0],
                [0.998112, 0.0, -0.06142, -5e-06, -0.06142, 0.0, -0.998112, 0.402555, 0.0, 1.0, 0.0, 0.636355, 0.0, 0.0, 0.0, 1.0],
                [0.997932, 0.0, -0.064285, -5e-06, -0.064285, 0.0, -0.997932, 0.435808, 0.0, 1.0, 0.0, 0.754928, 0.0, 0.0, 0.0, 1.0],
                [0.997745, 0.0, -0.067113, -5e-06, -0.067113, 0.0, -0.997745, 0.494464, 0.0, 1.0, 0.0, 1.09598, 0.0, 0.0, 0.0, 1.0],
                [0.997554, 0.0, -0.069896, -5e-06, -0.069896, 0.0, -0.997554, 0.602257, 0.0, 1.0, 0.0, 1.860719, 0.0, 0.0, 0.0, 1.0],
                [0.997359, 0.0, -0.072632, -5e-06, -0.072632, 0.0, -0.997359, 0.749752, 0.0, 1.0, 0.0, 2.970043, 0.0, 0.0, 0.0, 1.0],
                [0.99716, 0.0, -0.075315, -5e-06, -0.075315, 0.0, -0.99716, 0.914305, 0.0, 1.0, 0.0, 4.231557, 0.0, 0.0, 0.0, 1.0],
                [0.996958, 0.0, -0.077944, -5e-06, -0.077944, 0.0, -0.996958, 1.066363, 0.0, 1.0, 0.0, 5.39264, 0.0, 0.0, 0.0, 1.0],
                [0.996753, 0.0, -0.080514, -5e-06, -0.080514, 0.0, -0.996753, 1.182469, 0.0, 1.0, 0.0, 6.251656, 0.0, 0.0, 0.0, 1.0],
                [0.996548, 0.0, -0.083025, -5e-06, -0.083025, 0.0, -0.996548, 1.252068, 0.0, 1.0, 0.0, 6.716818, 0.0, 0.0, 0.0, 1.0],
                [0.996336, 0.0, -0.085526, -5e-06, -0.085526, 0.0, -0.996336, 1.296069, 0.0, 1.0, 0.0, 6.972076, 0.0, 0.0, 0.0, 1.0],
                [0.996114, 0.0, -0.08807, -5e-06, -0.08807, 0.0, -0.996114, 1.336616, 0.0, 1.0, 0.0, 7.213114, 0.0, 0.0, 0.0, 1.0],
                [0.995882, 0.0, -0.090656, -5e-06, -0.090656, 0.0, -0.995882, 1.373527, 0.0, 1.0, 0.0, 7.438581, 0.0, 0.0, 0.0, 1.0],
                [0.99564, 0.0, -0.093284, -5e-06, -0.093284, 0.0, -0.99564, 1.406659, 0.0, 1.0, 0.0, 7.647155, 0.0, 0.0, 0.0, 1.0],
                [0.995386, 0.0, -0.095954, -5e-06, -0.095954, 0.0, -0.995386, 1.435923, 0.0, 1.0, 0.0, 7.837605, 0.0, 0.0, 0.0, 1.0],
                [0.995121, 0.0, -0.098667, -5e-06, -0.098667, 0.0, -0.995121, 1.46131, 0.0, 1.0, 0.0, 8.008898, 0.0, 0.0, 0.0, 1.0],
                [0.994844, 0.0, -0.101421, -5e-06, -0.101421, 0.0, -0.994844, 1.482904, 0.0, 1.0, 0.0, 8.160296, 0.0, 0.0, 0.0, 1.0],
                [0.994555, 0.0, -0.104216, -5e-06, -0.104216, 0.0, -0.994555, 1.500903, 0.0, 1.0, 0.0, 8.291476, 0.0, 0.0, 0.0, 1.0],
                [0.994253, 0.0, -0.107054, -5e-06, -0.107054, 0.0, -0.994253, 1.515627, 0.0, 1.0, 0.0, 8.402621, 0.0, 0.0, 0.0, 1.0],
                [0.993939, 0.0, -0.109932, -5e-06, -0.109932, 0.0, -0.993939, 1.527507, 0.0, 1.0, 0.0, 8.494464, 0.0, 0.0, 0.0, 1.0],
                [0.993612, 0.0, -0.112851, -5e-06, -0.112851, 0.0, -0.993612, 1.537067, 0.0, 1.0, 0.0, 8.568285, 0.0, 0.0, 0.0, 1.0],
                [0.993271, 0.0, -0.115811, -5e-06, -0.115811, 0.0, -0.993271, 1.544895, 0.0, 1.0, 0.0, 8.625842, 0.0, 0.0, 0.0, 1.0],
                [0.992917, 0.0, -0.118811, -5e-06, -0.118811, 0.0, -0.992917, 1.5516, 0.0, 1.0, 0.0, 8.669246, 0.0, 0.0, 0.0, 1.0],
                [0.992548, 0.0, -0.121851, -5e-06, -0.121851, 0.0, -0.992548, 1.557771, 0.0, 1.0, 0.0, 8.7008, 0.0, 0.0, 0.0, 1.0],
                [0.992165, 0.0, -0.124931, -5e-06, -0.124931, 0.0, -0.992165, 1.563953, 0.0, 1.0, 0.0, 8.722856, 0.0, 0.0, 0.0, 1.0],
                [0.991768, 0.0, -0.12805, -5e-06, -0.12805, 0.0, -0.991768, 1.570615, 0.0, 1.0, 0.0, 8.737667, 0.0, 0.0, 0.0, 1.0],
                [0.991355, 0.0, -0.131208, -5e-06, -0.131208, 0.0, -0.991355, 1.578146, 0.0, 1.0, 0.0, 8.7473, 0.0, 0.0, 0.0, 1.0],
                [0.990927, 0.0, -0.134404, -5e-06, -0.134404, 0.0, -0.990927, 1.586851, 0.0, 1.0, 0.0, 8.753577, 0.0, 0.0, 0.0, 1.0],
                [0.990483, 0.0, -0.137637, -5e-06, -0.137637, 0.0, -0.990483, 1.596955, 0.0, 1.0, 0.0, 8.758052, 0.0, 0.0, 0.0, 1.0],
                [0.990023, 0.0, -0.140909, -5e-06, -0.140909, 0.0, -0.990023, 1.608617, 0.0, 1.0, 0.0, 8.762006, 0.0, 0.0, 0.0, 1.0],
                [0.989546, 0.0, -0.144217, -5e-06, -0.144217, 0.0, -0.989546, 1.620262, 0.0, 1.0, 0.0, 8.765966, 0.0, 0.0, 0.0, 1.0],
                [0.989053, 0.0, -0.147561, -5e-06, -0.147561, 0.0, -0.989053, 1.630235, 0.0, 1.0, 0.0, 8.769711, 0.0, 0.0, 0.0, 1.0],
                [0.988543, 0.0, -0.150941, -5e-06, -0.150941, 0.0, -0.988543, 1.638558, 0.0, 1.0, 0.0, 8.773222, 0.0, 0.0, 0.0, 1.0],
                [0.988015, 0.0, -0.154355, -5e-06, -0.154355, 0.0, -0.988015, 1.645293, 0.0, 1.0, 0.0, 8.776473, 0.0, 0.0, 0.0, 1.0],
                [0.98747, 0.0, -0.157804, -5e-06, -0.157804, 0.0, -0.98747, 1.650553, 0.0, 1.0, 0.0, 8.779447, 0.0, 0.0, 0.0, 1.0],
                [0.986908, 0.0, -0.161287, -5e-06, -0.161287, 0.0, -0.986908, 1.654512, 0.0, 1.0, 0.0, 8.782127, 0.0, 0.0, 0.0, 1.0],
                [0.986327, 0.0, -0.164802, -5e-06, -0.164802, 0.0, -0.986327, 1.657408, 0.0, 1.0, 0.0, 8.784501, 0.0, 0.0, 0.0, 1.0],
                [0.985727, 0.0, -0.168349, -5e-06, -0.168349, 0.0, -0.985727, 1.659541, 0.0, 1.0, 0.0, 8.786562, 0.0, 0.0, 0.0, 1.0],
                [0.98511, 0.0, -0.171928, -5e-06, -0.171928, 0.0, -0.98511, 1.661269, 0.0, 1.0, 0.0, 8.78831, 0.0, 0.0, 0.0, 1.0],
                [0.984473, 0.0, -0.175537, -5e-06, -0.175537, 0.0, -0.984473, 1.662989, 0.0, 1.0, 0.0, 8.789756, 0.0, 0.0, 0.0, 1.0],
                [0.983817, 0.0, -0.179175, -5e-06, -0.179175, 0.0, -0.983817, 1.665114, 0.0, 1.0, 0.0, 8.790919, 0.0, 0.0, 0.0, 1.0],
                [0.983142, 0.0, -0.182842, -5e-06, -0.182842, 0.0, -0.983142, 1.668045, 0.0, 1.0, 0.0, 8.791822, 0.0, 0.0, 0.0, 1.0],
                [0.982448, 0.0, -0.186536, -5e-06, -0.186536, 0.0, -0.982448, 1.672149, 0.0, 1.0, 0.0, 8.792501, 0.0, 0.0, 0.0, 1.0],
                [0.981734, 0.0, -0.190257, -5e-06, -0.190257, 0.0, -0.981734, 1.677735, 0.0, 1.0, 0.0, 8.792986, 0.0, 0.0, 0.0, 1.0],
                [0.981001, 0.0, -0.194003, -5e-06, -0.194003, 0.0, -0.981001, 1.685044, 0.0, 1.0, 0.0, 8.793316, 0.0, 0.0, 0.0, 1.0],
                [0.980248, 0.0, -0.197773, -5e-06, -0.197773, 0.0, -0.980248, 1.694247, 0.0, 1.0, 0.0, 8.793524, 0.0, 0.0, 0.0, 1.0],
                [0.979475, 0.0, -0.201567, -5e-06, -0.201567, 0.0, -0.979475, 1.705447, 0.0, 1.0, 0.0, 8.793641, 0.0, 0.0, 0.0, 1.0],
                [0.978682, 0.0, -0.205383, -5e-06, -0.205383, 0.0, -0.978682, 1.71869, 0.0, 1.0, 0.0, 8.793697, 0.0, 0.0, 0.0, 1.0],
                [0.977869, 0.0, -0.20922, -5e-06, -0.20922, 0.0, -0.977869, 1.733973, 0.0, 1.0, 0.0, 8.793716, 0.0, 0.0, 0.0, 1.0],
                [0.977035, 0.0, -0.213077, -5e-06, -0.213077, 0.0, -0.977035, 1.751259, 0.0, 1.0, 0.0, 8.793721, 0.0, 0.0, 0.0, 1.0],
                [0.976182, 0.0, -0.216952, -5e-06, -0.216952, 0.0, -0.976182, 1.811245, 0.0, 1.0, 0.0, 8.667976, 0.0, 0.0, 0.0, 1.0],
                [0.975309, 0.0, -0.220844, -5e-06, -0.220844, 0.0, -0.975309, 1.955339, 0.0, 1.0, 0.0, 8.288277, 0.0, 0.0, 0.0, 1.0],
                [0.974416, 0.0, -0.224753, -5e-06, -0.224753, 0.0, -0.974416, 2.180833, 0.0, 1.0, 0.0, 7.661963, 0.0, 0.0, 0.0, 1.0],
                [0.973503, 0.0, -0.228675, -5e-06, -0.228675, 0.0, -0.973503, 2.478349, 0.0, 1.0, 0.0, 6.816251, 0.0, 0.0, 0.0, 1.0],
                [0.97257, 0.0, -0.232611, -5e-06, -0.232611, 0.0, -0.97257, 2.83031, 0.0, 1.0, 0.0, 5.802911, 0.0, 0.0, 0.0, 1.0],
                [0.971617, 0.0, -0.236558, -5e-06, -0.236558, 0.0, -0.971617, 3.211227, 0.0, 1.0, 0.0, 4.697564, 0.0, 0.0, 0.0, 1.0],
                [0.970645, 0.0, -0.240516, -5e-06, -0.240516, 0.0, -0.970645, 3.590666, 0.0, 1.0, 0.0, 3.590954, 0.0, 0.0, 0.0, 1.0],
                [0.969654, 0.0, -0.244482, -5e-06, -0.244482, 0.0, -0.969654, 3.938297, 0.0, 1.0, 0.0, 2.573917, 0.0, 0.0, 0.0, 1.0],
                [0.968643, 0.0, -0.248456, -5e-06, -0.248456, 0.0, -0.968643, 4.228918, 0.0, 1.0, 0.0, 1.722316, 0.0, 0.0, 0.0, 1.0],
                [0.967614, 0.0, -0.252435, -5e-06, -0.252435, 0.0, -0.967614, 4.445343, 0.0, 1.0, 0.0, 1.088259, 0.0, 0.0, 0.0, 1.0],
                [0.966566, 0.0, -0.256418, -5e-06, -0.256418, 0.0, -0.966566, 4.578615, 0.0, 1.0, 0.0, 0.69932, 0.0, 0.0, 0.0, 1.0],
                [0.9655, 0.0, -0.260404, -5e-06, -0.260404, 0.0, -0.9655, 4.62642, 0.0, 1.0, 0.0, 0.563173, 0.0, 0.0, 0.0, 1.0],
                [0.964416, 0.0, -0.264391, -5e-06, -0.264391, 0.0, -0.964416, 4.631774, 0.0, 1.0, 0.0, 0.552483, 0.0, 0.0, 0.0, 1.0],
                [0.963314, 0.0, -0.268377, -5e-06, -0.268377, 0.0, -0.963314, 4.636777, 0.0, 1.0, 0.0, 0.542193, 0.0, 0.0, 0.0, 1.0],
                [0.962195, 0.0, -0.272361, -5e-06, -0.272361, 0.0, -0.962195, 4.641419, 0.0, 1.0, 0.0, 0.532333, 0.0, 0.0, 0.0, 1.0],
                [0.96106, 0.0, -0.276341, -5e-06, -0.276341, 0.0, -0.96106, 4.645692, 0.0, 1.0, 0.0, 0.522931, 0.0, 0.0, 0.0, 1.0],
                [0.959908, 0.0, -0.280315, -5e-06, -0.280315, 0.0, -0.959908, 4.64959, 0.0, 1.0, 0.0, 0.514016, 0.0, 0.0, 0.0, 1.0],
                [0.958741, 0.0, -0.284283, -5e-06, -0.284283, 0.0, -0.958741, 4.653112, 0.0, 1.0, 0.0, 0.505616, 0.0, 0.0, 0.0, 1.0],
                [0.957558, 0.0, -0.288241, -5e-06, -0.288241, 0.0, -0.957558, 4.65626, 0.0, 1.0, 0.0, 0.497757, 0.0, 0.0, 0.0, 1.0],
                [0.956361, 0.0, -0.292189, -5e-06, -0.292189, 0.0, -0.956361, 4.659042, 0.0, 1.0, 0.0, 0.490461, 0.0, 0.0, 0.0, 1.0],
                [0.95515, 0.0, -0.296124, -5e-06, -0.296124, 0.0, -0.95515, 4.66147, 0.0, 1.0, 0.0, 0.483747, 0.0, 0.0, 0.0, 1.0],
                [0.953925, 0.0, -0.300046, -5e-06, -0.300046, 0.0, -0.953925, 4.663563, 0.0, 1.0, 0.0, 0.477627, 0.0, 0.0, 0.0, 1.0],
                [0.952688, 0.0, -0.303951, -5e-06, -0.303951, 0.0, -0.952688, 4.665347, 0.0, 1.0, 0.0, 0.472107, 0.0, 0.0, 0.0, 1.0],
                [0.951438, 0.0, -0.30784, -5e-06, -0.30784, 0.0, -0.951438, 4.666852, 0.0, 1.0, 0.0, 0.467187, 0.0, 0.0, 0.0, 1.0],
                [0.950177, 0.0, -0.31171, -5e-06, -0.31171, 0.0, -0.950177, 4.668116, 0.0, 1.0, 0.0, 0.462855, 0.0, 0.0, 0.0, 1.0],
                [0.948906, 0.0, -0.315559, -5e-06, -0.315559, 0.0, -0.948906, 4.669181, 0.0, 1.0, 0.0, 0.459093, 0.0, 0.0, 0.0, 1.0],
                [0.947625, 0.0, -0.319385, -5e-06, -0.319385, 0.0, -0.947625, 4.670094, 0.0, 1.0, 0.0, 0.455876, 0.0, 0.0, 0.0, 1.0],
                [0.946335, 0.0, -0.323188, -5e-06, -0.323188, 0.0, -0.946335, 4.670901, 0.0, 1.0, 0.0, 0.453168, 0.0, 0.0, 0.0, 1.0],
                [0.945036, 0.0, -0.326965, -5e-06, -0.326965, 0.0, -0.945036, 4.67165, 0.0, 1.0, 0.0, 0.45093, 0.0, 0.0, 0.0, 1.0],
                [0.94373, 0.0, -0.330716, -5e-06, -0.330716, 0.0, -0.94373, 4.67239, 0.0, 1.0, 0.0, 0.449116, 0.0, 0.0, 0.0, 1.0],
                [0.942418, 0.0, -0.334437, -5e-06, -0.334437, 0.0, -0.942418, 4.673165, 0.0, 1.0, 0.0, 0.44768, 0.0, 0.0, 0.0, 1.0],
                [0.9411, 0.0, -0.338128, -5e-06, -0.338128, 0.0, -0.9411, 4.674014, 0.0, 1.0, 0.0, 0.446571, 0.0, 0.0, 0.0, 1.0],
                [0.939777, 0.0, -0.341788, -5e-06, -0.341788, 0.0, -0.939777, 4.674974, 0.0, 1.0, 0.0, 0.445743, 0.0, 0.0, 0.0, 1.0],
                [0.93845, 0.0, -0.345414, -5e-06, -0.345414, 0.0, -0.93845, 4.676077, 0.0, 1.0, 0.0, 0.445146, 0.0, 0.0, 0.0, 1.0],
                [0.93712, 0.0, -0.349006, -5e-06, -0.349006, 0.0, -0.93712, 4.677349, 0.0, 1.0, 0.0, 0.444739, 0.0, 0.0, 0.0, 1.0],
                [0.935789, 0.0, -0.352561, -5e-06, -0.352561, 0.0, -0.935789, 4.67881, 0.0, 1.0, 0.0, 0.444478, 0.0, 0.0, 0.0, 1.0],
                [0.934456, 0.0, -0.356079, -5e-06, -0.356079, 0.0, -0.934456, 4.680478, 0.0, 1.0, 0.0, 0.444328, 0.0, 0.0, 0.0, 1.0],
                [0.933123, 0.0, -0.359558, -5e-06, -0.359558, 0.0, -0.933123, 4.682364, 0.0, 1.0, 0.0, 0.444254, 0.0, 0.0, 0.0, 1.0],
                [0.93179, 0.0, -0.362997, -5e-06, -0.362997, 0.0, -0.93179, 4.684476, 0.0, 1.0, 0.0, 0.444229, 0.0, 0.0, 0.0, 1.0],
                [0.93046, 0.0, -0.366394, -5e-06, -0.366394, 0.0, -0.93046, 4.686821, 0.0, 1.0, 0.0, 0.444225, 0.0, 0.0, 0.0, 1.0],
                [0.929132, 0.0, -0.369748, -5e-06, -0.369748, 0.0, -0.929132, 4.689328, 0.0, 1.0, 0.0, 0.444399, 0.0, 0.0, 0.0, 1.0],
                [0.927808, 0.0, -0.373058, -5e-06, -0.373058, 0.0, -0.927808, 4.691927, 0.0, 1.0, 0.0, 0.444924, 0.0, 0.0, 0.0, 1.0],
                [0.926488, 0.0, -0.376323, -5e-06, -0.376323, 0.0, -0.926488, 4.694618, 0.0, 1.0, 0.0, 0.445801, 0.0, 0.0, 0.0, 1.0],
                [0.925174, 0.0, -0.379542, -5e-06, -0.379542, 0.0, -0.925174, 4.697399, 0.0, 1.0, 0.0, 0.447033, 0.0, 0.0, 0.0, 1.0],
                [0.923867, 0.0, -0.382714, -5e-06, -0.382714, 0.0, -0.923867, 4.70027, 0.0, 1.0, 0.0, 0.448621, 0.0, 0.0, 0.0, 1.0],
                [0.922567, 0.0, -0.385836, -5e-06, -0.385836, 0.0, -0.922567, 4.70323, 0.0, 1.0, 0.0, 0.450566, 0.0, 0.0, 0.0, 1.0],
                [0.921276, 0.0, -0.38891, -5e-06, -0.38891, 0.0, -0.921276, 4.706277, 0.0, 1.0, 0.0, 0.452866, 0.0, 0.0, 0.0, 1.0],
                [0.919994, 0.0, -0.391933, -5e-06, -0.391933, 0.0, -0.919994, 4.70941, 0.0, 1.0, 0.0, 0.455523, 0.0, 0.0, 0.0, 1.0],
                [0.918722, 0.0, -0.394905, -5e-06, -0.394905, 0.0, -0.918722, 4.712625, 0.0, 1.0, 0.0, 0.458532, 0.0, 0.0, 0.0, 1.0],
                [0.917462, 0.0, -0.397824, -5e-06, -0.397824, 0.0, -0.917462, 4.715921, 0.0, 1.0, 0.0, 0.461892, 0.0, 0.0, 0.0, 1.0],
                [0.916213, 0.0, -0.400691, -5e-06, -0.400691, 0.0, -0.916213, 4.719295, 0.0, 1.0, 0.0, 0.4656, 0.0, 0.0, 0.0, 1.0],
                [0.914978, 0.0, -0.403504, -5e-06, -0.403504, 0.0, -0.914978, 4.722744, 0.0, 1.0, 0.0, 0.469648, 0.0, 0.0, 0.0, 1.0],
                [0.913756, 0.0, -0.406262, -5e-06, -0.406262, 0.0, -0.913756, 4.726263, 0.0, 1.0, 0.0, 0.474032, 0.0, 0.0, 0.0, 1.0],
                [0.91255, 0.0, -0.408965, -5e-06, -0.408965, 0.0, -0.91255, 4.72985, 0.0, 1.0, 0.0, 0.478745, 0.0, 0.0, 0.0, 1.0],
                [0.911359, 0.0, -0.411613, -5e-06, -0.411613, 0.0, -0.911359, 4.733499, 0.0, 1.0, 0.0, 0.483776, 0.0, 0.0, 0.0, 1.0],
                [0.910184, 0.0, -0.414204, -5e-06, -0.414204, 0.0, -0.910184, 4.737205, 0.0, 1.0, 0.0, 0.489116, 0.0, 0.0, 0.0, 1.0],
                [0.909027, 0.0, -0.416738, -5e-06, -0.416738, 0.0, -0.909027, 4.740963, 0.0, 1.0, 0.0, 0.494754, 0.0, 0.0, 0.0, 1.0],
                [0.907887, 0.0, -0.419215, -5e-06, -0.419215, 0.0, -0.907887, 4.744768, 0.0, 1.0, 0.0, 0.500676, 0.0, 0.0, 0.0, 1.0],
                [0.906766, 0.0, -0.421634, -5e-06, -0.421634, 0.0, -0.906766, 4.748612, 0.0, 1.0, 0.0, 0.506867, 0.0, 0.0, 0.0, 1.0],
                [0.905665, 0.0, -0.423994, -5e-06, -0.423994, 0.0, -0.905665, 4.752491, 0.0, 1.0, 0.0, 0.513312, 0.0, 0.0, 0.0, 1.0],
                [0.904584, 0.0, -0.426296, -5e-06, -0.426296, 0.0, -0.904584, 4.756394, 0.0, 1.0, 0.0, 0.519993, 0.0, 0.0, 0.0, 1.0],
                [0.903523, 0.0, -0.428539, -5e-06, -0.428539, 0.0, -0.903523, 4.760318, 0.0, 1.0, 0.0, 0.526892, 0.0, 0.0, 0.0, 1.0],
                [0.902485, 0.0, -0.430722, -5e-06, -0.430722, 0.0, -0.902485, 4.764252, 0.0, 1.0, 0.0, 0.533987, 0.0, 0.0, 0.0, 1.0],
                [0.901468, 0.0, -0.432846, -5e-06, -0.432846, 0.0, -0.901468, 4.768189, 0.0, 1.0, 0.0, 0.541258, 0.0, 0.0, 0.0, 1.0],
                [0.900474, 0.0, -0.43491, -5e-06, -0.43491, 0.0, -0.900474, 4.772121, 0.0, 1.0, 0.0, 0.548681, 0.0, 0.0, 0.0, 1.0],
                [0.899503, 0.0, -0.436914, -5e-06, -0.436914, 0.0, -0.899503, 4.776039, 0.0, 1.0, 0.0, 0.556234, 0.0, 0.0, 0.0, 1.0],
                [0.898557, 0.0, -0.438858, -5e-06, -0.438858, 0.0, -0.898557, 4.779934, 0.0, 1.0, 0.0, 0.563891, 0.0, 0.0, 0.0, 1.0],
                [0.897634, 0.0, -0.440741, -5e-06, -0.440741, 0.0, -0.897634, 4.783799, 0.0, 1.0, 0.0, 0.571627, 0.0, 0.0, 0.0, 1.0],
                [0.896737, 0.0, -0.442564, -5e-06, -0.442564, 0.0, -0.896737, 4.787623, 0.0, 1.0, 0.0, 0.579415, 0.0, 0.0, 0.0, 1.0],
                [0.895865, 0.0, -0.444327, -5e-06, -0.444327, 0.0, -0.895865, 4.791399, 0.0, 1.0, 0.0, 0.587231, 0.0, 0.0, 0.0, 1.0],
                [0.895018, 0.0, -0.446029, -5e-06, -0.446029, 0.0, -0.895018, 4.795117, 0.0, 1.0, 0.0, 0.595046, 0.0, 0.0, 0.0, 1.0],
                [0.894198, 0.0, -0.447671, -5e-06, -0.447671, 0.0, -0.894198, 4.798769, 0.0, 1.0, 0.0, 0.602835, 0.0, 0.0, 0.0, 1.0],
                [0.893405, 0.0, -0.449252, -5e-06, -0.449252, 0.0, -0.893405, 4.802347, 0.0, 1.0, 0.0, 0.610571, 0.0, 0.0, 0.0, 1.0],
                [0.892639, 0.0, -0.450773, -5e-06, -0.450773, 0.0, -0.892639, 4.805843, 0.0, 1.0, 0.0, 0.618228, 0.0, 0.0, 0.0, 1.0],
                [0.891899, 0.0, -0.452234, -5e-06, -0.452234, 0.0, -0.891899, 4.809249, 0.0, 1.0, 0.0, 0.62578, 0.0, 0.0, 0.0, 1.0],
                [0.891188, 0.0, -0.453634, -5e-06, -0.453634, 0.0, -0.891188, 4.812558, 0.0, 1.0, 0.0, 0.633204, 0.0, 0.0, 0.0, 1.0],
                [0.890505, 0.0, -0.454974, -5e-06, -0.454974, 0.0, -0.890505, 4.815764, 0.0, 1.0, 0.0, 0.640475, 0.0, 0.0, 0.0, 1.0],
                [0.889849, 0.0, -0.456255, -5e-06, -0.456255, 0.0, -0.889849, 4.818859, 0.0, 1.0, 0.0, 0.64757, 0.0, 0.0, 0.0, 1.0],
                [0.889223, 0.0, -0.457475, -5e-06, -0.457475, 0.0, -0.889223, 4.821839, 0.0, 1.0, 0.0, 0.654468, 0.0, 0.0, 0.0, 1.0],
                [0.888624, 0.0, -0.458636, -5e-06, -0.458636, 0.0, -0.888624, 4.824698, 0.0, 1.0, 0.0, 0.66115, 0.0, 0.0, 0.0, 1.0],
                [0.888055, 0.0, -0.459737, -5e-06, -0.459737, 0.0, -0.888055, 4.827431, 0.0, 1.0, 0.0, 0.667595, 0.0, 0.0, 0.0, 1.0],
                [0.887515, 0.0, -0.460779, -5e-06, -0.460779, 0.0, -0.887515, 4.830035, 0.0, 1.0, 0.0, 0.673786, 0.0, 0.0, 0.0, 1.0],
                [0.887004, 0.0, -0.461763, -5e-06, -0.461763, 0.0, -0.887004, 4.832504, 0.0, 1.0, 0.0, 0.679708, 0.0, 0.0, 0.0, 1.0],
                [0.886522, 0.0, -0.462687, -5e-06, -0.462687, 0.0, -0.886522, 4.834837, 0.0, 1.0, 0.0, 0.685345, 0.0, 0.0, 0.0, 1.0],
                [0.886069, 0.0, -0.463553, -5e-06, -0.463553, 0.0, -0.886069, 4.83703, 0.0, 1.0, 0.0, 0.690686, 0.0, 0.0, 0.0, 1.0],
                [0.885646, 0.0, -0.464361, -5e-06, -0.464361, 0.0, -0.885646, 4.839082, 0.0, 1.0, 0.0, 0.695717, 0.0, 0.0, 0.0, 1.0],
                [0.885252, 0.0, -0.465111, -5e-06, -0.465111, 0.0, -0.885252, 4.840991, 0.0, 1.0, 0.0, 0.700429, 0.0, 0.0, 0.0, 1.0],
                [0.884888, 0.0, -0.465803, -5e-06, -0.465803, 0.0, -0.884888, 4.842756, 0.0, 1.0, 0.0, 0.704813, 0.0, 0.0, 0.0, 1.0],
                [0.884554, 0.0, -0.466438, -5e-06, -0.466438, 0.0, -0.884554, 4.844376, 0.0, 1.0, 0.0, 0.708862, 0.0, 0.0, 0.0, 1.0],
                [0.884249, 0.0, -0.467016, -5e-06, -0.467016, 0.0, -0.884249, 4.84585, 0.0, 1.0, 0.0, 0.712569, 0.0, 0.0, 0.0, 1.0],
                [0.883973, 0.0, -0.467537, -5e-06, -0.467537, 0.0, -0.883973, 4.847178, 0.0, 1.0, 0.0, 0.715929, 0.0, 0.0, 0.0, 1.0],
                [0.883727, 0.0, -0.468002, -5e-06, -0.468002, 0.0, -0.883727, 4.848362, 0.0, 1.0, 0.0, 0.718939, 0.0, 0.0, 0.0, 1.0],
                [0.883511, 0.0, -0.468411, -5e-06, -0.468411, 0.0, -0.883511, 4.849401, 0.0, 1.0, 0.0, 0.721595, 0.0, 0.0, 0.0, 1.0],
                [0.883323, 0.0, -0.468764, -5e-06, -0.468764, 0.0, -0.883323, 4.850297, 0.0, 1.0, 0.0, 0.723896, 0.0, 0.0, 0.0, 1.0],
                [0.883165, 0.0, -0.469062, -5e-06, -0.469062, 0.0, -0.883165, 4.85105, 0.0, 1.0, 0.0, 0.72584, 0.0, 0.0, 0.0, 1.0],
                [0.883036, 0.0, -0.469305, -5e-06, -0.469305, 0.0, -0.883036, 4.851663, 0.0, 1.0, 0.0, 0.727428, 0.0, 0.0, 0.0, 1.0],
                [0.882936, 0.0, -0.469494, -5e-06, -0.469494, 0.0, -0.882936, 4.852136, 0.0, 1.0, 0.0, 0.72866, 0.0, 0.0, 0.0, 1.0],
                [0.882865, 0.0, -0.469628, -5e-06, -0.469628, 0.0, -0.882865, 4.852471, 0.0, 1.0, 0.0, 0.729538, 0.0, 0.0, 0.0, 1.0],
                [0.882822, 0.0, -0.469708, -5e-06, -0.469708, 0.0, -0.882822, 4.852671, 0.0, 1.0, 0.0, 0.730062, 0.0, 0.0, 0.0, 1.0],
                [0.882808, 0.0, -0.469734, -5e-06, -0.469734, 0.0, -0.882808, 4.852737, 0.0, 1.0, 0.0, 0.730237, 0.0, 0.0, 0.0, 1.0]
            ]
        },
        {
            "name": "Thigh_R",
            "time": [0.0, 0.0167, 0.0333, 0.05, 0.0667, 0.0833, 0.1, 0.1167, 0.1333, 0.15, 0.1667, 0.1833, 0.2, 0.2167, 0.2333, 0.25, 0.2667, 0.2833, 0.3, 0.3167, 0.3333, 0.35, 0.3667, 0.3833, 0.4, 0.4167, 0.4333, 0.45, 0.4667, 0.4833, 0.5, 0.5167, 0.5333, 0.55, 0.5667, 0.5833, 0.6, 0.6167, 0.6333, 0.65, 0.6667, 0.6833, 0.7, 0.7167, 0.7333, 0.75, 0.7667, 0.7833, 0.8, 0.8167, 0.8333, 0.85, 0.8667, 0.8833, 0.9, 0.9167, 0.9333, 0.95, 0.9667, 0.9833, 1.0, 1.0167, 1.0333, 1.05, 1.0667, 1.0833, 1.1, 1.1167, 1.1333, 1.15, 1.1667, 1.1833, 1.2, 1.2167, 1.2333, 1.25, 1.2667, 1.2833, 1.3, 1.3167, 1.3333, 1.35, 1.3667, 1.3833, 1.4, 1.4167, 1.4333, 1.45, 1.4667, 1.4833, 1.5, 1.5167, 1.5333, 1.55, 1.5667, 1.5833, 1.6, 1.6167, 1.6333, 1.65, 1.6667, 1.6833, 1.7, 1.7167, 1.7333, 1.75, 1.7667, 1.7833, 1.8, 1.8167, 1.8333, 1.85, 1.8667, 1.8833, 1.9, 1.9167, 1.9333, 1.95, 1.9667, 1.9833, 2.0, 2.0167, 2.0333, 2.05, 2.0667, 2.0833, 2.1, 2.1167, 2.1333, 2.15, 2.1667, 2.1833, 2.2, 2.2167, 2.2333, 2.25, 2.2667, 2.2833, 2.3, 2.3167, 2.3333, 2.35, 2.3667, 2.3833, 2.4, 2.4167, 2.4333, 2.45, 2.4667, 2.4833, 2.5, 2.5167, 2.5333, 2.55, 2.5667, 2.5833, 2.6, 2.6167, 2.6333, 2.65, 2.6667, 2.6833, 2.7, 2.7167, 2.7333, 2.75, 2.7667, 2.7833, 2.8, 2.8167, 2.8333, 2.85, 2.8667, 2.8833, 2.9, 2.9167, 2.9333, 2.95, 2.9667, 2.9833, 3.0],
            "transform": [
                [0.999354, 0.031291, -0.017655, 0.124994, 0.031291, -0.516551, 0.855685, -0.002831, 0.017655, -0.855685, -0.517196, -1.2e-05, 0.0, 0.0, 0.0, 1.0],
                [0.999355, 0.031243, -0.017694, 0.124994, 0.031296, -0.516348, 0.855807, -0.002831, 0.017602, -0.855809, -0.516993, -1.2e-05, 0.0, 0.0, 0.0, 1.0],
                [0.999357, 0.031098, -0.017813, 0.124994, 0.031311, -0.515809, 0.856131, -0.002831, 0.017436, -0.856139, -0.516452, -1.2e-05, 0.0, 0.0, 0.0, 1.0],
                [0.999361, 0.030851, -0.018012, 0.124994, 0.031339, -0.515053, 0.856585, -0.002831, 0.017149, -0.856603, -0.515691, -1.2e-05, 0.0, 0.0, 0.0, 1.0],
                [0.999367, 0.030499, -0.018294, 0.124994, 0.031383, -0.51422, 0.857084, -0.002831, 0.016733, -0.857116, -0.514852, -1.2e-05, 0.0, 0.0, 0.0, 1.0],
                [0.999374, 0.03004, -0.01866, 0.124994, 0.031446, -0.513479, 0.857526, -0.002831, 0.016178, -0.857576, -0.514102, -1.2e-05, 0.0, 0.0, 0.0, 1.0],
                [0.999383, 0.02947, -0.019111, 0.124994, 0.031532, -0.513027, 0.857793, -0.002831, 0.015475, -0.857866, -0.51364, -1.2e-05, 0.0, 0.0, 0.0, 1.0],
                [0.999392, 0.028788, -0.019648, 0.124994, 0.031644, -0.513097, 0.857747, -0.002831, 0.014612, -0.857848, -0.513696, -1.2e-05, 0.0, 0.0, 0.0, 1.0],
                [0.999403, 0.027992, -0.020274, 0.124994, 0.031786, -0.513954, 0.857229, -0.002831, 0.013576, -0.857361, -0.514536, -1.2e-05, 0.0, 0.0, 0.0, 1.0],
                [0.999413, 0.027083, -0.020992, 0.124994, 0.031962, -0.515899, 0.856053, -0.002831, 0.012355, -0.856221, -0.516461, -1.2e-05, 0.0, 0.0, 0.0, 1.0],
                [0.999422, 0.026063, -0.021807, 0.124994, 0.032176, -0.519266, 0.854007, -0.002831, 0.010935, -0.854215, -0.519805, -1.2e-05, 0.0, 0.0, 0.0, 1.0],
                [0.999431, 0.024936, -0.022725, 0.124994, 0.032431, -0.524415, 0.850845, -0.002831, 0.0093, -0.851098, -0.524925, -1.2e-05, 0.0, 0.0, 0.0, 1.0],
                [0.999436, 0.023711, -0.023755, 0.124994, 0.03273, -0.531723, 0.846286, -0.002831, 0.007435, -0.846586, -0.532199, -1.2e-05, 0.0, 0.0, 0.0, 1.0],
                [0.999439, 0.022398, -0.02491, 0.124994, 0.033074, -0.541565, 0.840008, -0.002831, 0.005324, -0.84036, -0.542002, -1.2e-05, 0.0, 0.0, 0.0, 1.0],
                [0.999435, 0.021015, -0.026205, 0.124994, 0.033461, -0.554299, 0.831645, -0.002831, 0.002952, -0.832052, -0.554689, -1.2e-05, 0.0, 0.0, 0.0, 1.0],
                [0.999425, 0.019583, -0.027656, 0.124994, 0.033886, -0.570232, 0.820784, -0.002831, 0.000303, -0.82125, -0.570568, -1.2e-05, 0.0, 0.0, 0.0, 1.0],
                [0.999407, 0.018131, -0.029283, 0.124994, 0.034341, -0.589593, 0.80697, -0.002831, -0.002634, -0.807497, -0.589867, -1.2e-05, 0.0, 0.0, 0.0, 1.0],
                [0.999376, 0.016693, -0.031106, 0.124994, 0.034811, -0.612498, 0.789705, -0.002831, -0.005869, -0.790295, -0.612697, -1.2e-05, 0.0, 0.0, 0.0, 1.0],
                [0.999333, 0.015315, -0.033142, 0.124994, 0.035277, -0.63891, 0.768472, -0.002831, -0.009406, -0.769129, -0.639024, -1.2e-05, 0.0, 0.0, 0.0, 1.0],
                [0.999274, 0.014044, -0.035406, 0.124994, 0.035714, -0.668613, 0.742753, -0.002831, -0.013241, -0.743478, -0.668629, -1.2e-05, 0.0, 0.0, 0.0, 1.0],
                [0.999197, 0.01294, -0.037902, 0.124994, 0.036091, -0.701187, 0.712063, -0.002831, -0.017362, -0.71286, -0.701091, -1.2e-05, 0.0, 0.0, 0.0, 1.0],
                [0.999102, 0.012061, -0.040626, 0.124994, 0.036373, -0.736006, 0.675997, -0.002831, -0.021747, -0.676867, -0.735784, -1.2e-05, 0.0, 0.0, 0.0, 1.0],
                [0.998985, 0.011473, -0.04356, 0.124994, 0.036526, -0.772251, 0.634266, -0.002831, -0.026362, -0.635213, -0.771886, -1.2e-05, 0.0, 0.0, 0.0, 1.0],
                [0.998847, 0.011235, -0.046671, 0.124994, 0.036514, -0.808952, 0.586739, -0.002831, -0.031163, -0.587767, -0.80843, -1.2e-05, 0.0, 0.0, 0.0, 1.0],
                [0.998688, 0.011403, -0.049911, 0.124994, 0.036309, -0.845044, 0.533463, -0.002831, -0.036094, -0.534576, -0.84435, -1.2e-05, 0.0, 0.0, 0.0, 1.0],
                [0.99851, 0.012024, -0.053218, 0.124994, 0.035888, -0.879436, 0.474661, -0.002831, -0.041095, -0.475865, -0.878558, -1.2e-05, 0.0, 0.0, 0.0, 1.0],
                [0.998316, 0.013124, -0.056502, 0.124994, 0.035217, -0.911241, 0.410617, -0.002831, -0.046092, -0.411967, -0.910056, -1.2e-05, 0.0, 0.0, 0.0, 1.0],
                [0.998117, 0.01461, -0.059565, 0.124994, 0.034186, -0.939747, 0.342806, -0.002831, -0.050916, -0.34455, -0.937515, -1.2e-05, 0.0, 0.0, 0.0, 1.0],
                [0.997936, 0.016271, -0.062134, 0.124994, 0.032603, -0.964993, 0.27274, -0.002831, -0.055322, -0.275189, -0.960079, -1.2e-05, 0.0, 0.0, 0.0, 1.0],
                [0.997794, 0.017898, -0.063969, 0.124994, 0.030225, -0.988107, 0.199848, -0.002831, -0.059103, -0.203139, -0.977736, -1.2e-05, 0.0, 0.0, 0.0, 1.0],
                [0.997705, 0.019594, -0.064918, 0.124994, 0.026708, -1.011205, 0.116217, -0.002831, -0.062219, -0.119859, -0.9911, -1.2e-05, 0.0, 0.0, 0.0, 1.0],
                [0.997671, 0.022022, -0.064802, 0.124994, 0.021534, -1.034026, 0.003037, -0.002831, -0.064722, -0.004577, -0.997893, -1.2e-05, 0.0, 0.0, 0.0, 1.0],
                [0.997712, 0.026675, -0.062741, 0.124994, 0.013538, -1.042243, -0.179436, -0.002831, -0.066235, 0.188784, -0.981767, -1.2e-05, 0.0, 0.0, 0.0, 1.0],
                [0.997945, 0.035634, -0.055277, 0.124994, 0.000482, -0.953185, -0.499122, -0.002831, -0.064068, 0.547877, -0.864767, -1.2e-05, 0.0, 0.0, 0.0, 1.0],
                [0.997759, 0.041039, -0.06145, 0.124994, 0.000434, -1.427432, -0.389742, -0.002831, -0.06691, 0.602704, -0.918872, -1.2e-05, 0.0, 0.0, 0.0, 1.0],
                [0.997557, 0.028766, -0.066108, 0.124994, 0.000494, -1.209539, -0.316304, -0.002831, -0.06985, 0.402261, -0.946352, -1.2e-05, 0.0, 0.0, 0.0, 1.0],
                [0.99733, 0.023266, -0.069212, 0.124994, 0.000668, -0.950747, -0.309967, -0.002831, -0.073014, 0.309093, -0.948224, -1.2e-05, 0.0, 0.0, 0.0, 1.0],
                [0.997078, 0.025929, -0.071854, 0.124994, 0.000931, -0.944688, -0.327968, -0.002831, -0.076383, 0.326943, -0.941952, -1.2e-05, 0.0, 0.0, 0.0, 1.0],
                [0.996803, 0.029945, -0.07408, 0.124994, 0.001292, -0.93304, -0.35977, -0.002831, -0.079893, 0.358523, -0.930096, -1.2e-05, 0.0, 0.0, 0.0, 1.0],
                [0.996512, 0.034769, -0.075857, 0.124994, 0.001756, -0.917597, -0.397508, -0.002831, -0.083427, 0.395988, -0.914458, -1.2e-05, 0.0, 0.0, 0.0, 1.0],
                [0.996225, 0.03862, -0.077735, 0.124994, 0.002283, -0.906909, -0.421321, -0.002831, -0.08677, 0.419553, -0.903574, -1.2e-05, 0.0, 0.0, 0.0, 1.0],
                [0.995936, 0.04115, -0.080107, 0.124994, 0.002881, -0.903603, -0.428362, -0.002832, -0.090012, 0.42639, -0.900049, -1.2e-05, 0.0, 0.0, 0.0, 1.0],
                [0.995622, 0.043925, -0.082501, 0.124994, 0.003619, -0.900142, -0.435581, -0.002832, -0.093396, 0.433376, -0.896361, -1.2e-05, 0.0, 0.0, 0.0, 1.0],
                [0.995287, 0.046906, -0.084872, 0.124994, 0.004486, -0.89656, -0.442899, -0.002831, -0.096867, 0.440431, -0.892545, -1.2e-05, 0.0, 0.0, 0.0, 1.0],
                [0.994932, 0.050065, -0.087196, 0.124994, 0.005473, -0.892902, -0.450216, -0.002831, -0.100398, 0.447458, -0.888652, -1.2e-05, 0.0, 0.0, 0.0, 1.0],
                [0.994559, 0.053373, -0.089468, 0.124994, 0.006573, -0.889233, -0.457408, -0.002831, -0.103972, 0.45433, -0.884745, -1.2e-05, 0.0, 0.0, 0.0, 1.0],
                [0.994166, 0.056802, -0.091692, 0.124994, 0.007774, -0.885625, -0.464336, -0.002832, -0.10758, 0.460914, -0.8809, -1.2e-05, 0.0, 0.0, 0.0, 1.0],
                [0.993754, 0.060319, -0.093883, 0.124994, 0.009063, -0.882164, -0.470854, -0.002831, -0.111221, 0.467063, -0.877202, -1.2e-05, 0.0, 0.0, 0.0, 1.0],
                [0.993323, 0.063889, -0.096062, 0.124994, 0.01042, -0.87894, -0.476818, -0.002834, -0.114896, 0.472634, -0.873737, -1.2e-05, 0.0, 0.0, 0.0, 1.0],
                [0.992871, 0.067476, -0.098259, 0.124994, 0.011826, -0.876038, -0.482097, -0.002832, -0.118609, 0.477498, -0.87059, -1.2e-05, 0.0, 0.0, 0.0, 1.0],
                [0.992396, 0.071049, -0.100504, 0.124994, 0.01326, -0.873529, -0.486592, -0.002831, -0.122365, 0.481559, -0.867829, -1.2e-05, 0.0, 0.0, 0.0, 1.0],
                [0.991899, 0.074577, -0.102826, 0.124994, 0.014702, -0.871464, -0.490238, -0.002829, -0.12617, 0.484755, -0.865502, -1.2e-05, 0.0, 0.0, 0.0, 1.0],
                [0.991379, 0.078041, -0.105248, 0.124994, 0.016136, -0.869872, -0.493014, -0.002829, -0.130028, 0.487065, -0.863632, -1.2e-05, 0.0, 0.0, 0.0, 1.0],
                [0.990834, 0.081426, -0.107789, 0.124994, 0.017551, -0.868751, -0.494938, -0.002831, -0.133942, 0.488509, -0.862217, -1.2e-05, 0.0, 0.0, 0.0, 1.0],
                [0.990263, 0.084728, -0.110454, 0.124994, 0.018942, -0.868079, -0.496064, -0.002829, -0.137913, 0.489142, -0.861231, -1.2e-05, 0.0, 0.0, 0.0, 1.0],
                [0.989667, 0.087946, -0.113246, 0.124994, 0.020308, -0.867817, -0.496468, -0.002831, -0.141939, 0.489038, -0.860636, -1.2e-05, 0.0, 0.0, 0.0, 1.0],
                [0.989045, 0.091088, -0.116159, 0.124994, 0.021651, -0.867916, -0.496238, -0.002829, -0.146017, 0.488287, -0.86038, -1.2e-05, 0.0, 0.0, 0.0, 1.0],
                [0.988397, 0.094162, -0.119181, 0.124994, 0.022979, -0.868321, -0.49547, -0.002831, -0.150142, 0.486983, -0.86041, -1.2e-05, 0.0, 0.0, 0.0, 1.0],
                [0.987724, 0.097182, -0.122299, 0.124994, 0.024301, -0.868978, -0.494253, -0.002832, -0.154308, 0.485213, -0.860672, -1.2e-05, 0.0, 0.0, 0.0, 1.0],
                [0.987025, 0.100159, -0.1255, 0.124994, 0.025624, -0.869839, -0.492669, -0.002832, -0.15851, 0.48306, -0.86112, -1.2e-05, 0.0, 0.0, 0.0, 1.0],
                [0.9863, 0.103104, -0.128769, 0.124994, 0.02696, -0.870861, -0.49079, -0.002831, -0.162742, 0.480594, -0.86171, -1.2e-05, 0.0, 0.0, 0.0, 1.0],
                [0.98555, 0.106055, -0.132075, 0.124994, 0.028306, -0.871884, -0.488893, -0.002832, -0.167004, 0.478089, -0.862288, -1.2e-05, 0.0, 0.0, 0.0, 1.0],
                [0.984772, 0.109041, -0.135398, 0.124994, 0.029651, -0.872776, -0.48722, -0.002831, -0.171299, 0.475786, -0.862719, -1.2e-05, 0.0, 0.0, 0.0, 1.0],
                [0.983969, 0.112064, -0.138734, 0.124994, 0.030994, -0.873532, -0.485779, -0.002831, -0.175627, 0.473692, -0.863002, -1.2e-05, 0.0, 0.0, 0.0, 1.0],
                [0.983137, 0.115126, -0.142081, 0.124994, 0.032332, -0.874148, -0.484582, -0.002831, -0.179988, 0.471817, -0.86313, -1.2e-05, 0.0, 0.0, 0.0, 1.0],
                [0.982278, 0.118228, -0.145436, 0.124994, 0.033664, -0.874624, -0.483632, -0.002829, -0.184381, 0.470165, -0.863103, -1.2e-05, 0.0, 0.0, 0.0, 1.0],
                [0.981391, 0.12137, -0.148798, 0.124994, 0.034987, -0.874963, -0.482924, -0.002831, -0.188806, 0.468731, -0.862927, -1.2e-05, 0.0, 0.0, 0.0, 1.0],
                [0.980475, 0.124554, -0.152166, 0.124994, 0.036302, -0.875171, -0.48245, -0.002829, -0.193262, 0.467506, -0.862605, -1.2e-05, 0.0, 0.0, 0.0, 1.0],
                [0.979531, 0.127775, -0.155538, 0.124994, 0.037607, -0.875259, -0.482191, -0.002829, -0.197748, 0.466471, -0.862148, -1.2e-05, 0.0, 0.0, 0.0, 1.0],
                [0.978558, 0.131033, -0.158916, 0.124994, 0.038903, -0.87524, -0.482121, -0.002832, -0.202263, 0.465601, -0.861571, -1.2e-05, 0.0, 0.0, 0.0, 1.0],
                [0.977556, 0.134322, -0.1623, 0.124994, 0.04019, -0.875135, -0.482206, -0.002831, -0.206805, 0.46486, -0.860893, -1.2e-05, 0.0, 0.0, 0.0, 1.0],
                [0.976525, 0.137637, -0.165692, 0.124994, 0.041471, -0.874966, -0.482404, -0.002831, -0.211372, 0.464208, -0.860135, -1.2e-05, 0.0, 0.0, 0.0, 1.0],
                [0.975465, 0.140973, -0.169096, 0.124994, 0.042747, -0.874756, -0.482675, -0.002831, -0.215962, 0.463604, -0.85932, -1.2e-05, 0.0, 0.0, 0.0, 1.0],
                [0.974376, 0.144321, -0.172515, 0.124994, 0.044021, -0.874528, -0.482972, -0.002831, -0.220572, 0.463003, -0.858473, -1.2e-05, 0.0, 0.0, 0.0, 1.0],
                [0.973259, 0.147675, -0.175952, 0.124994, 0.045295, -0.874305, -0.483258, -0.002832, -0.225201, 0.462366, -0.857615, -1.2e-05, 0.0, 0.0, 0.0, 1.0],
                [0.972112, 0.15103, -0.179408, 0.124994, 0.046572, -0.874107, -0.483496, -0.002831, -0.229844, 0.461657, -0.856764, -1.2e-05, 0.0, 0.0, 0.0, 1.0],
                [0.970937, 0.154377, -0.182889, 0.124994, 0.047854, -0.87395, -0.483653, -0.002829, -0.234501, 0.460845, -0.855939, -1.2e-05, 0.0, 0.0, 0.0, 1.0],
                [0.969734, 0.157713, -0.186395, 0.124994, 0.049144, -0.873849, -0.483707, -0.002831, -0.239168, 0.459907, -0.855151, -1.2e-05, 0.0, 0.0, 0.0, 1.0],
                [0.968502, 0.161032, -0.189927, 0.124994, 0.050444, -0.873812, -0.483641, -0.002831, -0.243843, 0.458826, -0.854412, -1.2e-05, 0.0, 0.0, 0.0, 1.0],
                [0.967242, 0.164331, -0.193488, 0.124994, 0.051755, -0.873845, -0.483442, -0.002832, -0.248523, 0.457591, -0.853725, -1.2e-05, 0.0, 0.0, 0.0, 1.0],
