{
    "animation": [
        {
            "name": "Root",
            "time": [0.0, 0.0167, 0.0333, 0.05, 0.0667, 0.0833, 0.1, 0.1167, 0.1333, 0.15, 0.1667, 0.1833, 0.2, 0.2167, 0.2333, 0.25, 0.2667, 0.2833, 0.3, 0.3167, 0.3333, 0.35, 0.3667, 0.3833, 0.4, 0.4167, 0.4333, 0.45, 0.4667, 0.4833, 0.5, 0.5167, 0.5333, 0.55, 0.5667, 0.5833, 0.6, 0.6167, 0.6333, 0.65, 0.6667, 0.6833, 0.7, 0.7167, 0.7333, 0.75, 0.7667, 0.7833, 0.8, 0.8167, 0.8333, 0.85, 0.8667, 0.8833, 0.9, 0.9167, 0.9333, 0.95, 0.9667, 0.9833, 1.0, 1.0167, 1.0333, 1.05, 1.0667, 1.0833, 1.1, 1.1167, 1.1333, 1.15, 1.1667, 1.1833, 1.2, 1.2167, 1.2333, 1.25, 1.2667, 1.2833, 1.3, 1.3167, 1.3333, 1.35, 1.3667, 1.3833, 1.4, 1.4167, 1.4333, 1.45, 1.4667, 1.4833, 1.5],
            "transform": [
                [0.98242, 0.0, -0.186683, -5e-06, -0.186683, 0.0, -0.98242, 0.073243, 0.0, 1.0, 0.0, 0.72401, 0.0, 0.0, 0.0, 1.0],
                [0.982863, 0.0, -0.184336, -5e-06, -0.184336, 0.0, -0.982863, 0.086702, 0.0, 1.0, 0.0, 0.731156, 0.0, 0.0, 0.0, 1.0],
                [0.984153, 0.0, -0.177322, -5e-06, -0.177322, 0.0, -0.984153, 0.127163, 0.0, 1.0, 0.0, 0.752864, 0.0, 0.0, 0.0, 1.0],
                [0.986081, 0.0, -0.166263, -5e-06, -0.166263, 0.0, -0.986081, 0.191565, 0.0, 1.0, 0.0, 0.787968, 0.0, 0.0, 0.0, 1.0],
                [0.988263, 0.0, -0.152763, -5e-06, -0.152763, 0.0, -0.988263, 0.271344, 0.0, 1.0, 0.0, 0.832483, 0.0, 0.0, 0.0, 1.0],
                [0.99026, 0.0, -0.139234, -5e-06, -0.139234, 0.0, -0.99026, 0.353324, 0.0, 1.0, 0.0, 0.879905, 0.0, 0.0, 0.0, 1.0],
                [0.99176, 0.0, -0.128109, -5e-06, -0.128109, 0.0, -0.99176, 0.423993, 0.0, 1.0, 0.0, 0.923288, 0.0, 0.0, 0.0, 1.0],
                [0.992648, 0.0, -0.121033, -5e-06, -0.121033, 0.0, -0.992648, 0.473977, 0.0, 1.0, 0.0, 0.957574, 0.0, 0.0, 0.0, 1.0],
                [0.992935, 0.0, -0.118661, -5e-06, -0.118661, 0.0, -0.992935, 0.499291, 0.0, 1.0, 0.0, 0.980378, 0.0, 0.0, 0.0, 1.0],
                [0.992935, 0.0, -0.118661, -5e-06, -0.118661, 0.0, -0.992935, 0.51031, 0.0, 1.0, 0.0, 0.996343, 0.0, 0.0, 0.0, 1.0],
                [0.992935, 0.0, -0.118661, -5e-06, -0.118661, 0.0, -0.992935, 0.517869, 0.0, 1.0, 0.0, 1.01035, 0.0, 0.0, 0.0, 1.0],
                [0.992935, 0.0, -0.118661, -5e-06, -0.118661, 0.0, -0.992935, 0.522184, 0.0, 1.0, 0.0, 1.022064, 0.0, 0.0, 0.0, 1.0],
                [0.992935, 0.0, -0.118661, -5e-06, -0.118661, 0.0, -0.992935, 0.523905, 0.0, 1.0, 0.0, 1.031249, 0.0, 0.0, 0.0, 1.0],
                [0.992935, 0.0, -0.118661, -5e-06, -0.118661, 0.0, -0.992935, 0.524162, 0.0, 1.0, 0.0, 1.037868, 0.0, 0.0, 0.0, 1.0],
                [0.992935, 0.0, -0.118661, -5e-06, -0.118661, 0.0, -0.992935, 0.524418, 0.0, 1.0, 0.0, 1.042149, 0.0, 0.0, 0.0, 1.0],
                [0.992935, 0.0, -0.118661, -5e-06, -0.118661, 0.0, -0.992935, 0.526139, 0.0, 1.0, 0.0, 1.044559, 0.0, 0.0, 0.0, 1.0],
                [0.992935, 0.0, -0.118661, -5e-06, -0.118661, 0.0, -0.992935, 0.530454, 0.0, 1.0, 0.0, 1.045673, 0.0, 0.0, 0.0, 1.0],
                [0.992935, 0.0, -0.118661, -5e-06, -0.118661, 0.0, -0.992935, 0.538013, 0.0, 1.0, 0.0, 1.046035, 0.0, 0.0, 0.0, 1.0],
                [0.992935, 0.0, -0.118661, -5e-06, -0.118661, 0.0, -0.992935, 0.549032, 0.0, 1.0, 0.0, 1.04608, 0.0, 0.0, 0.0, 1.0],
                [0.992935, 0.0, -0.118661, -5e-06, -0.118661, 0.0, -0.992935, 0.571664, 0.0, 1.0, 0.0, 1.035901, 0.0, 0.0, 0.0, 1.0],
                [0.992935, 0.0, -0.118661, -5e-06, -0.118661, 0.0, -0.992935, 0.614152, 0.0, 1.0, 0.0, 1.005147, 0.0, 0.0, 0.0, 1.0],
                [0.992935, 0.0, -0.118661, -5e-06, -0.118661, 0.0, -0.992935, 0.67569, 0.0, 1.0, 0.0, 0.95438, 0.0, 0.0, 0.0, 1.0],
                [0.992935, 0.0, -0.118661, -5e-06, -0.118661, 0.0, -0.992935, 0.75385, 0.0, 1.0, 0.0, 0.885762, 0.0, 0.0, 0.0, 1.0],
                [0.992935, 0.0, -0.118661, -5e-06, -0.118661, 0.0, -0.992935, 0.844224, 0.0, 1.0, 0.0, 0.803437, 0.0, 0.0, 0.0, 1.0],
                [0.992935, 0.0, -0.118661, -5e-06, -0.118661, 0.0, -0.992935, 0.94053, 0.0, 1.0, 0.0, 0.71348, 0.0, 0.0, 0.0, 1.0],
                [0.992935, 0.0, -0.118661, -5e-06, -0.118661, 0.0, -0.992935, 1.035359, 0.0, 1.0, 0.0, 0.623197, 0.0, 0.0, 0.0, 1.0],
                [0.992935, 0.0, -0.118661, -5e-06, -0.118661, 0.0, -0.992935, 1.121404, 0.0, 1.0, 0.0, 0.539919, 0.0, 0.0, 0.0, 1.0],
                [0.992935, 0.0, -0.118661, -5e-06, -0.118661, 0.0, -0.992935, 1.192668, 0.0, 1.0, 0.0, 0.469783, 0.0, 0.0, 0.0, 1.0],
                [0.992935, 0.0, -0.118661, -5e-06, -0.118661, 0.0, -0.992935, 1.24514, 0.0, 1.0, 0.0, 0.41702, 0.0, 0.0, 0.0, 1.0],
                [0.992935, 0.0, -0.118661, -5e-06, -0.118661, 0.0, -0.992935, 1.276808, 0.0, 1.0, 0.0, 0.383884, 0.0, 0.0, 0.0, 1.0],
                [0.992935, 0.0, -0.118661, -5e-06, -0.118661, 0.0, -0.992935, 1.287261, 0.0, 1.0, 0.0, 0.371024, 0.0, 0.0, 0.0, 1.0],
                [0.992935, 0.0, -0.118661, -5e-06, -0.118661, 0.0, -0.992935, 1.287261, 0.0, 1.0, 0.0, 0.368252, 0.0, 0.0, 0.0, 1.0],
                [0.992935, 0.0, -0.118661, -5e-06, -0.118661, 0.0, -0.992935, 1.287261, 0.0, 1.0, 0.0, 0.365547, 0.0, 0.0, 0.0, 1.0],
                [0.992935, 0.0, -0.118661, -5e-06, -0.118661, 0.0, -0.992935, 1.287261, 0.0, 1.0, 0.0, 0.362912, 0.0, 0.0, 0.0, 1.0],
                [0.992935, 0.0, -0.118661, -5e-06, -0.118661, 0.0, -0.992935, 1.287261, 0.0, 1.0, 0.0, 0.360351, 0.0, 0.0, 0.0, 1.0],
                [0.992935, 0.0, -0.118661, -5e-06, -0.118661, 0.0, -0.992935, 1.287261, 0.0, 1.0, 0.0, 0.357868, 0.0, 0.0, 0.0, 1.0],
                [0.992935, 0.0, -0.118661, -5e-06, -0.118661, 0.0, -0.992935, 1.287261, 0.0, 1.0, 0.0, 0.355464, 0.0, 0.0, 0.0, 1.0],
                [0.992935, 0.0, -0.118661, -5e-06, -0.118661, 0.0, -0.992935, 1.287261, 0.0, 1.0, 0.0, 0.353145, 0.0, 0.0, 0.0, 1.0],
                [0.992935, 0.0, -0.118661, -5e-06, -0.118661, 0.0, -0.992935, 1.287261, 0.0, 1.0, 0.0, 0.350912, 0.0, 0.0, 0.0, 1.0],
                [0.992935, 0.0, -0.118661, -5e-06, -0.118661, 0.0, -0.992935, 1.287261, 0.0, 1.0, 0.0, 0.34877, 0.0, 0.0, 0.0, 1.0],
                [0.992935, 0.0, -0.118661, -5e-06, -0.118661, 0.0, -0.992935, 1.287261, 0.0, 1.0, 0.0, 0.34672, 0.0, 0.0, 0.0, 1.0],
                [0.992935, 0.0, -0.118661, -5e-06, -0.118661, 0.0, -0.992935, 1.287261, 0.0, 1.0, 0.0, 0.344766, 0.0, 0.0, 0.0, 1.0],
                [0.992935, 0.0, -0.118661, -5e-06, -0.118661, 0.0, -0.992935, 1.287261, 0.0, 1.0, 0.0, 0.34291, 0.0, 0.0, 0.0, 1.0],
                [0.992935, 0.0, -0.118661, -5e-06, -0.118661, 0.0, -0.992935, 1.287261, 0.0, 1.0, 0.0, 0.341154, 0.0, 0.0, 0.0, 1.0],
                [0.992935, 0.0, -0.118661, -5e-06, -0.118661, 0.0, -0.992935, 1.287261, 0.0, 1.0, 0.0, 0.3395, 0.0, 0.0, 0.0, 1.0],
                [0.992935, 0.0, -0.118661, -5e-06, -0.118661, 0.0, -0.992935, 1.287261, 0.0, 1.0, 0.0, 0.337948, 0.0, 0.0, 0.0, 1.0],
                [0.992935, 0.0, -0.118661, -5e-06, -0.118661, 0.0, -0.992935, 1.287261, 0.0, 1.0, 0.0, 0.3365, 0.0, 0.0, 0.0, 1.0],
                [0.992935, 0.0, -0.118661, -5e-06, -0.118661, 0.0, -0.992935, 1.287261, 0.0, 1.0, 0.0, 0.335154, 0.0, 0.0, 0.0, 1.0],
                [0.992935, 0.0, -0.118661, -5e-06, -0.118661, 0.0, -0.992935, 1.287261, 0.0, 1.0, 0.0, 0.333912, 0.0, 0.0, 0.0, 1.0],
                [0.992935, 0.0, -0.118661, -5e-06, -0.118661, 0.0, -0.992935, 1.287261, 0.0, 1.0, 0.0, 0.33277, 0.0, 0.0, 0.0, 1.0],
                [0.992935, 0.0, -0.118661, -5e-06, -0.118661, 0.0, -0.992935, 1.287261, 0.0, 1.0, 0.0, 0.331728, 0.0, 0.0, 0.0, 1.0],
                [0.992935, 0.0, -0.118661, -5e-06, -0.118661, 0.0, -0.992935, 1.287261, 0.0, 1.0, 0.0, 0.330782, 0.0, 0.0, 0.0, 1.0],
                [0.992935, 0.0, -0.118661, -5e-06, -0.118661, 0.0, -0.992935, 1.287261, 0.0, 1.0, 0.0, 0.32993, 0.0, 0.0, 0.0, 1.0],
                [0.992935, 0.0, -0.118661, -5e-06, -0.118661, 0.0, -0.992935, 1.287261, 0.0, 1.0, 0.0, 0.329168, 0.0, 0.0, 0.0, 1.0],
                [0.992935, 0.0, -0.118661, -5e-06, -0.118661, 0.0, -0.992935, 1.287261, 0.0, 1.0, 0.0, 0.328491, 0.0, 0.0, 0.0, 1.0],
                [0.992935, 0.0, -0.118661, -5e-06, -0.118661, 0.0, -0.992935, 1.287261, 0.0, 1.0, 0.0, 0.327895, 0.0, 0.0, 0.0, 1.0],
                [0.992935, 0.0, -0.118661, -5e-06, -0.118661, 0.0, -0.992935, 1.287261, 0.0, 1.0, 0.0, 0.327375, 0.0, 0.0, 0.0, 1.0],
                [0.992935, 0.0, -0.118661, -5e-06, -0.118661, 0.0, -0.992935, 1.287261, 0.0, 1.0, 0.0, 0.326925, 0.0, 0.0, 0.0, 1.0],
                [0.992935, 0.0, -0.118661, -5e-06, -0.118661, 0.0, -0.992935, 1.287261, 0.0, 1.0, 0.0, 0.326539, 0.0, 0.0, 0.0, 1.0],
                [0.992935, 0.0, -0.118661, -5e-06, -0.118661, 0.0, -0.992935, 1.287261, 0.0, 1.0, 0.0, 0.326213, 0.0, 0.0, 0.0, 1.0],
                [0.992935, 0.0, -0.118661, -5e-06, -0.118661, 0.0, -0.992935, 1.287261, 0.0, 1.0, 0.0, 0.325941, 0.0, 0.0, 0.0, 1.0],
                [0.992935, 0.0, -0.118661, -5e-06, -0.118661, 0.0, -0.992935, 1.287261, 0.0, 1.0, 0.0, 0.325716, 0.0, 0.0, 0.0, 1.0],
                [0.992935, 0.0, -0.118661, -5e-06, -0.118661, 0.0, -0.992935, 1.287261, 0.0, 1.0, 0.0, 0.325534, 0.0, 0.0, 0.0, 1.0],
                [0.992935, 0.0, -0.118661, -5e-06, -0.118661, 0.0, -0.992935, 1.287261, 0.0, 1.0, 0.0, 0.32539, 0.0, 0.0, 0.0, 1.0],
                [0.992935, 0.0, -0.118661, -5e-06, -0.118661, 0.0, -0.992935, 1.287261, 0.0, 1.0, 0.0, 0.325278, 0.0, 0.0, 0.0, 1.0],
                [0.992935, 0.0, -0.118661, -5e-06, -0.118661, 0.0, -0.992935, 1.287261, 0.0, 1.0, 0.0, 0.325193, 0.0, 0.0, 0.0, 1.0],
                [0.992935, 0.0, -0.118661, -5e-06, -0.118661, 0.0, -0.992935, 1.287261, 0.0, 1.0, 0.0, 0.325131, 0.0, 0.0, 0.0, 1.0],
                [0.992935, 0.0, -0.118661, -5e-06, -0.118661, 0.0, -0.992935, 1.287261, 0.0, 1.0, 0.0, 0.325089, 0.0, 0.0, 0.0, 1.0],
                [0.992935, 0.0, -0.118661, -5e-06, -0.118661, 0.0, -0.992935, 1.287261, 0.0, 1.0, 0.0, 0.325061, 0.0, 0.0, 0.0, 1.0],
                [0.992935, 0.0, -0.118661, -5e-06, -0.118661, 0.0, -0.992935, 1.287261, 0.0, 1.0, 0.0, 0.325045, 0.0, 0.0, 0.0, 1.0],
                [0.992935, 0.0, -0.118661, -5e-06, -0.118661, 0.0, -0.992935, 1.287261, 0.0, 1.0, 0.0, 0.325037, 0.0, 0.0, 0.0, 1.0],
                [0.992935, 0.0, -0.118661, -5e-06, -0.118661, 0.0, -0.992935, 1.287261, 0.0, 1.0, 0.0, 0.325034, 0.0, 0.0, 0.0, 1.0],
                [0.992935, 0.0, -0.118661, -5e-06, -0.118661, 0.0, -0.992935, 1.287261, 0.0, 1.0, 0.0, 0.325034, 0.0, 0.0, 0.0, 1.0],
                [0.992879, 0.0, -0.119127, -5e-06, -0.119127, 0.0, -0.992879, 1.287639, 0.0, 1.0, 0.0, 0.32775, 0.0, 0.0, 0.0, 1.0],
                [0.992709, 0.0, -0.120534, -5e-06, -0.120534, 0.0, -0.992709, 1.288781, 0.0, 1.0, 0.0, 0.335963, 0.0, 0.0, 0.0, 1.0],
                [0.992421, 0.0, -0.122883, -5e-06, -0.122883, 0.0, -0.992421, 1.290688, 0.0, 1.0, 0.0, 0.349679, 0.0, 0.0, 0.0, 1.0],
                [0.992011, 0.0, -0.126149, -5e-06, -0.126149, 0.0, -0.992011, 1.29334, 0.0, 1.0, 0.0, 0.368755, 0.0, 0.0, 0.0, 1.0],
                [0.991478, 0.0, -0.130273, -5e-06, -0.130273, 0.0, -0.991478, 1.296691, 0.0, 1.0, 0.0, 0.392853, 0.0, 0.0, 0.0, 1.0],
                [0.990824, 0.0, -0.135156, -5e-06, -0.135156, 0.0, -0.990824, 1.300661, 0.0, 1.0, 0.0, 0.421408, 0.0, 0.0, 0.0, 1.0],
                [0.990058, 0.0, -0.140658, -5e-06, -0.140658, 0.0, -0.990058, 1.305137, 0.0, 1.0, 0.0, 0.453604, 0.0, 0.0, 0.0, 1.0],
                [0.989196, 0.0, -0.146598, -5e-06, -0.146598, 0.0, -0.989196, 1.309974, 0.0, 1.0, 0.0, 0.488389, 0.0, 0.0, 0.0, 1.0],
                [0.988263, 0.0, -0.152763, -5e-06, -0.152763, 0.0, -0.988263, 1.314997, 0.0, 1.0, 0.0, 0.524522, 0.0, 0.0, 0.0, 1.0],
                [0.987291, 0.0, -0.158921, -5e-06, -0.158921, 0.0, -0.987291, 1.320021, 0.0, 1.0, 0.0, 0.560655, 0.0, 0.0, 0.0, 1.0],
                [0.98632, 0.0, -0.164844, -5e-06, -0.164844, 0.0, -0.98632, 1.324858, 0.0, 1.0, 0.0, 0.59544, 0.0, 0.0, 0.0, 1.0],
                [0.985389, 0.0, -0.170321, -5e-06, -0.170321, 0.0, -0.985389, 1.329334, 0.0, 1.0, 0.0, 0.627636, 0.0, 0.0, 0.0, 1.0],
                [0.984537, 0.0, -0.175174, -5e-06, -0.175174, 0.0, -0.984537, 1.333304, 0.0, 1.0, 0.0, 0.656191, 0.0, 0.0, 0.0, 1.0],
                [0.983801, 0.0, -0.179267, -5e-06, -0.179267, 0.0, -0.983801, 1.336655, 0.0, 1.0, 0.0, 0.680289, 0.0, 0.0, 0.0, 1.0],
                [0.983205, 0.0, -0.182504, -5e-06, -0.182504, 0.0, -0.983205, 1.339307, 0.0, 1.0, 0.0, 0.699364, 0.0, 0.0, 0.0, 1.0],
                [0.982771, 0.0, -0.18483, -5e-06, -0.18483, 0.0, -0.982771, 1.341214, 0.0, 1.0, 0.0, 0.713081, 0.0, 0.0, 0.0, 1.0],
                [0.982508, 0.0, -0.186223, -5e-06, -0.186223, 0.0, -0.982508, 1.342356, 0.0, 1.0, 0.0, 0.721293, 0.0, 0.0, 0.0, 1.0],
                [0.98242, 0.0, -0.186683, -5e-06, -0.186683, 0.0, -0.98242, 1.342734, 0.0, 1.0, 0.0, 0.72401, 0.0, 0.0, 0.0, 1.0]
            ]
        },
        {
            "name": "Thigh_R",
            "time": [0.0, 0.0167, 0.0333, 0.05, 0.0667, 0.0833, 0.1, 0.1167, 0.1333, 0.15, 0.1667, 0.1833, 0.2, 0.2167, 0.2333, 0.25, 0.2667, 0.2833, 0.3, 0.3167, 0.3333, 0.35, 0.3667, 0.3833, 0.4, 0.4167, 0.4333, 0.45, 0.4667, 0.4833, 0.5, 0.5167, 0.5333, 0.55, 0.5667, 0.5833, 0.6, 0.6167, 0.6333, 0.65, 0.6667, 0.6833, 0.7, 0.7167, 0.7333, 0.75, 0.7667, 0.7833, 0.8, 0.8167, 0.8333, 0.85, 0.8667, 0.8833, 0.9, 0.9167, 0.9333, 0.95, 0.9667, 0.9833, 1.0, 1.0167, 1.0333, 1.05, 1.0667, 1.0833, 1.1, 1.1167, 1.1333, 1.15, 1.1667, 1.1833, 1.2, 1.2167, 1.2333, 1.25, 1.2667, 1.2833, 1.3, 1.3167, 1.3333, 1.35, 1.3667, 1.3833, 1.4, 1.4167, 1.4333, 1.45, 1.4667, 1.4833, 1.5],
            "transform": [
                [0.941053, 0.227844, 0.250012, 0.124994, 0.242641, -0.969664, -0.029625, -0.002831, 0.235678, 0.088542, -0.967789, -1.2e-05, 0.0, 0.0, 0.0, 1.0],
                [0.940243, 0.185077, 0.285812, 0.124994, 0.242966, -0.952742, -0.182345, -0.002831, 0.238558, 0.240892, -0.940777, -1.2e-05, 0.0, 0.0, 0.0, 1.0],
                [0.934644, 0.185309, 0.303482, 0.124994, 0.258359, -0.94031, -0.221512, -0.002831, 0.244319, 0.285442, -0.926732, -1.2e-05, 0.0, 0.0, 0.0, 1.0],
                [0.926234, 0.183478, 0.32928, 0.124994, 0.280308, -0.919305, -0.276234, -0.002831, 0.252026, 0.348157, -0.902923, -1.2e-05, 0.0, 0.0, 0.0, 1.0],
                [0.917198, 0.178382, 0.356268, 0.124994, 0.303063, -0.892827, -0.333187, -0.002831, 0.258651, 0.41357, -0.87296, -1.2e-05, 0.0, 0.0, 0.0, 1.0],
                [0.910467, 0.170907, 0.376616, 0.124994, 0.320797, -0.866576, -0.382275, -0.002831, 0.261033, 0.468866, -0.843816, -1.2e-05, 0.0, 0.0, 0.0, 1.0],
                [0.908246, 0.16334, 0.38524, 0.124994, 0.330071, -0.845531, -0.419678, -0.002831, 0.257182, 0.508328, -0.821864, -1.2e-05, 0.0, 0.0, 0.0, 1.0],
                [0.910997, 0.157764, 0.381043, 0.124994, 0.330469, -0.831998, -0.44561, -0.002831, 0.246726, 0.531873, -0.810085, -1.2e-05, 0.0, 0.0, 0.0, 1.0],
                [0.917746, 0.155249, 0.365569, 0.124994, 0.323486, -0.826212, -0.461226, -0.002831, 0.230433, 0.541545, -0.808474, -1.2e-05, 0.0, 0.0, 0.0, 1.0],
                [0.925657, 0.154437, 0.34541, 0.124994, 0.313341, -0.824588, -0.471032, -0.002831, 0.212076, 0.544245, -0.811678, -1.2e-05, 0.0, 0.0, 0.0, 1.0],
                [0.932757, 0.153753, 0.326073, 0.124994, 0.303186, -0.823921, -0.478783, -0.002831, 0.195044, 0.545448, -0.815134, -1.2e-05, 0.0, 0.0, 0.0, 1.0],
                [0.938914, 0.153198, 0.308174, 0.124994, 0.293452, -0.824197, -0.484339, -0.002831, 0.179797, 0.545187, -0.818806, -1.2e-05, 0.0, 0.0, 0.0, 1.0],
                [0.944083, 0.152773, 0.292177, 0.124994, 0.284511, -0.825301, -0.487782, -0.002831, 0.166615, 0.543635, -0.822618, -1.2e-05, 0.0, 0.0, 0.0, 1.0],
                [0.948278, 0.152477, 0.278423, 0.124994, 0.276674, -0.826992, -0.489423, -0.002831, 0.155628, 0.541142, -0.826405, -1.2e-05, 0.0, 0.0, 0.0, 1.0],
                [0.951548, 0.152302, 0.267134, 0.124994, 0.270172, -0.828939, -0.489762, -0.002831, 0.146847, 0.538204, -0.829923, -1.2e-05, 0.0, 0.0, 0.0, 1.0],
                [0.953966, 0.152223, 0.258413, 0.124994, 0.265131, -0.830793, -0.489374, -0.002831, 0.140194, 0.53536, -0.832908, -1.2e-05, 0.0, 0.0, 0.0, 1.0],
                [0.955619, 0.152208, 0.252239, 0.124994, 0.261575, -0.832273, -0.488773, -0.002831, 0.135536, 0.53306, -0.83515, -1.2e-05, 0.0, 0.0, 0.0, 1.0],
                [0.956594, 0.152222, 0.248508, 0.124994, 0.259445, -0.833205, -0.488321, -0.002831, 0.132724, 0.531599, -0.836533, -1.2e-05, 0.0, 0.0, 0.0, 1.0],
                [0.956963, 0.152233, 0.247076, 0.124994, 0.258645, -0.833518, -0.488211, -0.002831, 0.13162, 0.531105, -0.837021, -1.2e-05, 0.0, 0.0, 0.0, 1.0],
                [0.956967, 0.15332, 0.246389, 0.124994, 0.259725, -0.831243, -0.491506, -0.002831, 0.129452, 0.534348, -0.835293, -1.2e-05, 0.0, 0.0, 0.0, 1.0],
                [0.956785, 0.156693, 0.244969, 0.124994, 0.263374, -0.824054, -0.501567, -0.002831, 0.123276, 0.54441, -0.829711, -1.2e-05, 0.0, 0.0, 0.0, 1.0],
                [0.95636, 0.16257, 0.242786, 0.124994, 0.269652, -0.811064, -0.519097, -0.002831, 0.112525, 0.561912, -0.819508, -1.2e-05, 0.0, 0.0, 0.0, 1.0],
                [0.955606, 0.171172, 0.239828, 0.124994, 0.278423, -0.790945, -0.544873, -0.002831, 0.096424, 0.587457, -0.80349, -1.2e-05, 0.0, 0.0, 0.0, 1.0],
                [0.954417, 0.182579, 0.236119, 0.124994, 0.289114, -0.762084, -0.579345, -0.002831, 0.074166, 0.621203, -0.780132, -1.2e-05, 0.0, 0.0, 0.0, 1.0],
                [0.95273, 0.19652, 0.231699, 0.124994, 0.30042, -0.723088, -0.622006, -0.002831, 0.045302, 0.662211, -0.747947, -1.2e-05, 0.0, 0.0, 0.0, 1.0],
                [0.950615, 0.212134, 0.226561, 0.124994, 0.310197, -0.673816, -0.670633, -0.002831, 0.010397, 0.707793, -0.706343, -1.2e-05, 0.0, 0.0, 0.0, 1.0],
                [0.947474, 0.252303, 0.196558, 0.124994, 0.318339, -0.68463, -0.6557, -0.002831, -0.030865, 0.683831, -0.728987, -1.2e-05, 0.0, 0.0, 0.0, 1.0],
                [0.942549, 0.315572, 0.109613, 0.124994, 0.325481, -0.793572, -0.514106, -0.002831, -0.075252, 0.520247, -0.850694, -1.2e-05, 0.0, 0.0, 0.0, 1.0],
                [0.939707, 0.335783, 0.064815, 0.124994, 0.323897, -0.813067, -0.483748, -0.002831, -0.109736, 0.475575, -0.872804, -1.2e-05, 0.0, 0.0, 0.0, 1.0],
                [0.937983, 0.344353, 0.04009, 0.124994, 0.320507, -0.817276, -0.478888, -0.002831, -0.132142, 0.462038, -0.87696, -1.2e-05, 0.0, 0.0, 0.0, 1.0],
                [0.936914, 0.348014, 0.032814, 0.124994, 0.32032, -0.817174, -0.479189, -0.002831, -0.13995, 0.45947, -0.877098, -1.2e-05, 0.0, 0.0, 0.0, 1.0],
                [0.936072, 0.350169, 0.033906, 0.124994, 0.32269, -0.816212, -0.479237, -0.002831, -0.140139, 0.459541, -0.87703, -1.2e-05, 0.0, 0.0, 0.0, 1.0],
                [0.935233, 0.352296, 0.035005, 0.124994, 0.325034, -0.815235, -0.479317, -0.002831, -0.140324, 0.459651, -0.876943, -1.2e-05, 0.0, 0.0, 0.0, 1.0],
                [0.9344, 0.354391, 0.036107, 0.124994, 0.327346, -0.814244, -0.479427, -0.002831, -0.140505, 0.459796, -0.876838, -1.2e-05, 0.0, 0.0, 0.0, 1.0],
                [0.933573, 0.35645, 0.037209, 0.124994, 0.329622, -0.813246, -0.479563, -0.002831, -0.14068, 0.459972, -0.876718, -1.2e-05, 0.0, 0.0, 0.0, 1.0],
                [0.932755, 0.35847, 0.038308, 0.124994, 0.331857, -0.812243, -0.47972, -0.002831, -0.14085, 0.460174, -0.876585, -1.2e-05, 0.0, 0.0, 0.0, 1.0],
                [0.931948, 0.360444, 0.039398, 0.124994, 0.334046, -0.811241, -0.479897, -0.002831, -0.141015, 0.4604, -0.876439, -1.2e-05, 0.0, 0.0, 0.0, 1.0],
                [0.931155, 0.362369, 0.040476, 0.124994, 0.336184, -0.810243, -0.48009, -0.002831, -0.141174, 0.460646, -0.876285, -1.2e-05, 0.0, 0.0, 0.0, 1.0],
                [0.930378, 0.36424, 0.041539, 0.124994, 0.338265, -0.809255, -0.480295, -0.002831, -0.141327, 0.460907, -0.876123, -1.2e-05, 0.0, 0.0, 0.0, 1.0],
                [0.929619, 0.366053, 0.042581, 0.124994, 0.340284, -0.80828, -0.48051, -0.002831, -0.141475, 0.461181, -0.875955, -1.2e-05, 0.0, 0.0, 0.0, 1.0],
                [0.92888, 0.367804, 0.0436, 0.124994, 0.342236, -0.807324, -0.480731, -0.002831, -0.141615, 0.461463, -0.875783, -1.2e-05, 0.0, 0.0, 0.0, 1.0],
                [0.928165, 0.369488, 0.044591, 0.124994, 0.344117, -0.80639, -0.480956, -0.002831, -0.14175, 0.461751, -0.87561, -1.2e-05, 0.0, 0.0, 0.0, 1.0],
                [0.927474, 0.3711, 0.04555, 0.124994, 0.345921, -0.805482, -0.481183, -0.002831, -0.141878, 0.462042, -0.875436, -1.2e-05, 0.0, 0.0, 0.0, 1.0],
                [0.926812, 0.372639, 0.046473, 0.124994, 0.347643, -0.804606, -0.481408, -0.002831, -0.141998, 0.462331, -0.875264, -1.2e-05, 0.0, 0.0, 0.0, 1.0],
                [0.926179, 0.374099, 0.047358, 0.124994, 0.349281, -0.803763, -0.48163, -0.002831, -0.142112, 0.462616, -0.875094, -1.2e-05, 0.0, 0.0, 0.0, 1.0],
                [0.925576, 0.375478, 0.048201, 0.124994, 0.350829, -0.802959, -0.481846, -0.002831, -0.142219, 0.462896, -0.874929, -1.2e-05, 0.0, 0.0, 0.0, 1.0],
                [0.925008, 0.376775, 0.048999, 0.124994, 0.352286, -0.802195, -0.482054, -0.002831, -0.142319, 0.463166, -0.87477, -1.2e-05, 0.0, 0.0, 0.0, 1.0],
                [0.924473, 0.377986, 0.049751, 0.124994, 0.353649, -0.801475, -0.482254, -0.002831, -0.142411, 0.463425, -0.874617, -1.2e-05, 0.0, 0.0, 0.0, 1.0],
                [0.923974, 0.379112, 0.050453, 0.124994, 0.354917, -0.800801, -0.482444, -0.002831, -0.142497, 0.463672, -0.874473, -1.2e-05, 0.0, 0.0, 0.0, 1.0],
                [0.923511, 0.380152, 0.051106, 0.124994, 0.356089, -0.800173, -0.482622, -0.002831, -0.142576, 0.463905, -0.874336, -1.2e-05, 0.0, 0.0, 0.0, 1.0],
                [0.923084, 0.381106, 0.051709, 0.124994, 0.357165, -0.799593, -0.482788, -0.002831, -0.142647, 0.464122, -0.874209, -1.2e-05, 0.0, 0.0, 0.0, 1.0],
                [0.922693, 0.381975, 0.05226, 0.124994, 0.358147, -0.799061, -0.482941, -0.002831, -0.142713, 0.464324, -0.874092, -1.2e-05, 0.0, 0.0, 0.0, 1.0],
                [0.922339, 0.382762, 0.052761, 0.124994, 0.359036, -0.798577, -0.483082, -0.002831, -0.142771, 0.464508, -0.873984, -1.2e-05, 0.0, 0.0, 0.0, 1.0],
                [0.92202, 0.383468, 0.053213, 0.124994, 0.359834, -0.79814, -0.483209, -0.002831, -0.142824, 0.464676, -0.873886, -1.2e-05, 0.0, 0.0, 0.0, 1.0],
                [0.921734, 0.384097, 0.053617, 0.124994, 0.360546, -0.79775, -0.483323, -0.002831, -0.14287, 0.464827, -0.873798, -1.2e-05, 0.0, 0.0, 0.0, 1.0],
                [0.921481, 0.384653, 0.053975, 0.124994, 0.361175, -0.797403, -0.483425, -0.002831, -0.142911, 0.464962, -0.87372, -1.2e-05, 0.0, 0.0, 0.0, 1.0],
                [0.92126, 0.385139, 0.054289, 0.124994, 0.361726, -0.797099, -0.483515, -0.002831, -0.142947, 0.465081, -0.873651, -1.2e-05, 0.0, 0.0, 0.0, 1.0],
                [0.921067, 0.385561, 0.054561, 0.124994, 0.362204, -0.796835, -0.483593, -0.002831, -0.142978, 0.465184, -0.873591, -1.2e-05, 0.0, 0.0, 0.0, 1.0],
                [0.920902, 0.385923, 0.054796, 0.124994, 0.362613, -0.796608, -0.48366, -0.002831, -0.143005, 0.465274, -0.873538, -1.2e-05, 0.0, 0.0, 0.0, 1.0],
                [0.920762, 0.386229, 0.054995, 0.124994, 0.362961, -0.796414, -0.483718, -0.002831, -0.143027, 0.46535, -0.873494, -1.2e-05, 0.0, 0.0, 0.0, 1.0],
                [0.920644, 0.386486, 0.055162, 0.124994, 0.363252, -0.796253, -0.483766, -0.002831, -0.143046, 0.465414, -0.873457, -1.2e-05, 0.0, 0.0, 0.0, 1.0],
                [0.920547, 0.386697, 0.055299, 0.124994, 0.363492, -0.796119, -0.483806, -0.002831, -0.143061, 0.465467, -0.873426, -1.2e-05, 0.0, 0.0, 0.0, 1.0],
                [0.920468, 0.386869, 0.055411, 0.124994, 0.363686, -0.79601, -0.483838, -0.002831, -0.143074, 0.46551, -0.873401, -1.2e-05, 0.0, 0.0, 0.0, 1.0],
                [0.920405, 0.387005, 0.0555, 0.124994, 0.363841, -0.795924, -0.483864, -0.002831, -0.143084, 0.465544, -0.873382, -1.2e-05, 0.0, 0.0, 0.0, 1.0],
                [0.920356, 0.387111, 0.055569, 0.124994, 0.363961, -0.795857, -0.483884, -0.002831, -0.143092, 0.465571, -0.873366, -1.2e-05, 0.0, 0.0, 0.0, 1.0],
                [0.92032, 0.387191, 0.055622, 0.124994, 0.364052, -0.795806, -0.483899, -0.002831, -0.143097, 0.465591, -0.873354, -1.2e-05, 0.0, 0.0, 0.0, 1.0],
                [0.920293, 0.38725, 0.05566, 0.124994, 0.364118, -0.795769, -0.48391, -0.002831, -0.143102, 0.465606, -0.873346, -1.2e-05, 0.0, 0.0, 0.0, 1.0],
                [0.920274, 0.38729, 0.055686, 0.124994, 0.364164, -0.795744, -0.483918, -0.002831, -0.143105, 0.465616, -0.87334, -1.2e-05, 0.0, 0.0, 0.0, 1.0],
                [0.920262, 0.387316, 0.055703, 0.124994, 0.364194, -0.795727, -0.483923, -0.002831, -0.143107, 0.465623, -0.873336, -1.2e-05, 0.0, 0.0, 0.0, 1.0],
                [0.920255, 0.387331, 0.055713, 0.124994, 0.364211, -0.795717, -0.483925, -0.002831, -0.143108, 0.465626, -0.873334, -1.2e-05, 0.0, 0.0, 0.0, 1.0],
                [0.920252, 0.387339, 0.055718, 0.124994, 0.36422, -0.795712, -0.483927, -0.002831, -0.143108, 0.465628, -0.873333, -1.2e-05, 0.0, 0.0, 0.0, 1.0],
                [0.920251, 0.387342, 0.05572, 0.124994, 0.364223, -0.795711, -0.483927, -0.002831, -0.143108, 0.465629, -0.873332, -1.2e-05, 0.0, 0.0, 0.0, 1.0],
                [0.92025, 0.387342, 0.05572, 0.124994, 0.364223, -0.79571, -0.483927, -0.002831, -0.143108, 0.465629, -0.873332, -1.2e-05, 0.0, 0.0, 0.0, 1.0],
                [0.91965, 0.388745, 0.055873, 0.124994, 0.366842, -0.799463, -0.475695, -0.002831, -0.140256, 0.457969, -0.877834, -1.2e-05, 0.0, 0.0, 0.0, 1.0],
                [0.917943, 0.392712, 0.056191, 0.124994, 0.374271, -0.810324, -0.450884, -0.002831, -0.131535, 0.434916, -0.890812, -1.2e-05, 0.0, 0.0, 0.0, 1.0],
                [0.915497, 0.398357, 0.056358, 0.124994, 0.385047, -0.826934, -0.409778, -0.002831, -0.116634, 0.396851, -0.910442, -1.2e-05, 0.0, 0.0, 0.0, 1.0],
                [0.912911, 0.404281, 0.056127, 0.124994, 0.396855, -0.84706, -0.353547, -0.002831, -0.095389, 0.345031, -0.933731, -1.2e-05, 0.0, 0.0, 0.0, 1.0],
                [0.910929, 0.408791, 0.055659, 0.124994, 0.406918, -0.868014, -0.284551, -0.002831, -0.068009, 0.281855, -0.957044, -1.2e-05, 0.0, 0.0, 0.0, 1.0],
                [0.910236, 0.410296, 0.055915, 0.124994, 0.412581, -0.887104, -0.206936, -0.002831, -0.035303, 0.21143, -0.976755, -1.2e-05, 0.0, 0.0, 0.0, 1.0],
                [0.911217, 0.407769, 0.058374, 0.124994, 0.411924, -0.902443, -0.126155, -0.002831, 0.001237, 0.139001, -0.990291, -1.2e-05, 0.0, 0.0, 0.0, 1.0],
                [0.913833, 0.40089, 0.064774, 0.124994, 0.404156, -0.913385, -0.04885, -0.002831, 0.03958, 0.07082, -0.996704, -1.2e-05, 0.0, 0.0, 0.0, 1.0],
                [0.917651, 0.390001, 0.076267, 0.124994, 0.389764, -0.920727, 0.018584, -0.002831, 0.077469, 0.012672, -0.996914, -1.2e-05, 0.0, 0.0, 0.0, 1.0],
                [0.922045, 0.37571, 0.093136, 0.124994, 0.370267, -0.926227, 0.070753, -0.002831, 0.112848, -0.030753, -0.993136, -1.2e-05, 0.0, 0.0, 0.0, 1.0],
                [0.926429, 0.358603, 0.114596, 0.124994, 0.347757, -0.931758, 0.10436, -0.002831, 0.1442, -0.056831, -0.987915, -1.2e-05, 0.0, 0.0, 0.0, 1.0],
                [0.930387, 0.339193, 0.139024, 0.124994, 0.324413, -0.938452, 0.118588, -0.002831, 0.170692, -0.065232, -0.983163, -1.2e-05, 0.0, 0.0, 0.0, 1.0],
                [0.933715, 0.317937, 0.164594, 0.124994, 0.302103, -0.946396, 0.114316, -0.002831, 0.192117, -0.057014, -0.979714, -1.2e-05, 0.0, 0.0, 0.0, 1.0],
                [0.936368, 0.295472, 0.1895, 0.124994, 0.282235, -0.954725, 0.094034, -0.002831, 0.208705, -0.034567, -0.977368, -1.2e-05, 0.0, 0.0, 0.0, 1.0],
                [0.938386, 0.27279, 0.212172, 0.124994, 0.265763, -0.962072, 0.061535, -0.002831, 0.220911, -0.001356, -0.975293, -1.2e-05, 0.0, 0.0, 0.0, 1.0],
                [0.939831, 0.251509, 0.231215, 0.124994, 0.253315, -0.967125, 0.02235, -0.002831, 0.229235, 0.037565, -0.972646, -1.2e-05, 0.0, 0.0, 0.0, 1.0],
                [0.940735, 0.234692, 0.244818, 0.124994, 0.245401, -0.969324, -0.013744, -0.002831, 0.234082, 0.073008, -0.969471, -1.2e-05, 0.0, 0.0, 0.0, 1.0],
                [0.941053, 0.227844, 0.250012, 0.124994, 0.242641, -0.969664, -0.029624, -0.002831, 0.235678, 0.088541, -0.967789, -1.2e-05, 0.0, 0.0, 0.0, 1.0]
            ]
        },
        {
            "name": "Leg_R",
            "time": [0.0, 0.0167, 0.0333, 0.05, 0.0667, 0.0833, 0.1, 0.1167, 0.1333, 0.15, 0.1667, 0.1833, 0.2, 0.2167, 0.2333, 0.25, 0.2667, 0.2833, 0.3, 0.3167, 0.3333, 0.35, 0.3667, 0.3833, 0.4, 0.4167, 0.4333, 0.45, 0.4667, 0.4833, 0.5, 0.5167, 0.5333, 0.55, 0.5667, 0.5833, 0.6, 0.6167, 0.6333, 0.65, 0.6667, 0.6833, 0.7, 0.7167, 0.7333, 0.75, 0.7667, 0.7833, 0.8, 0.8167, 0.8333, 0.85, 0.8667, 0.8833, 0.9, 0.9167, 0.9333, 0.95, 0.9667, 0.9833, 1.0, 1.0167, 1.0333, 1.05, 1.0667, 1.0833, 1.1, 1.1167, 1.1333, 1.15, 1.1667, 1.1833, 1.2, 1.2167, 1.2333, 1.25, 1.2667, 1.2833, 1.3, 1.3167, 1.3333, 1.35, 1.3667, 1.3833, 1.4, 1.4167, 1.4333, 1.45, 1.4667, 1.4833, 1.5],
            "transform": [
                [0.999945, -0.010387, -0.001621, 0.0, 0.01042, 0.958755, 0.284043, 0.374721, -0.001396, -0.284045, 0.95881, 0.0, 0.0, 0.0, 0.0, 1.0],
                [1.0, -1.6e-05, -0.000115, 0.0, 1.6e-05, 1.0, 0.000435, 0.374721, 0.000115, -0.000435, 1.0, 0.0, 0.0, 0.0, 0.0, 1.0],
                [1.0, -1.6e-05, -0.000115, 0.0, 1.6e-05, 1.0, 0.000435, 0.374721, 0.000115, -0.000435, 1.0, -0.0, 0.0, 0.0, 0.0, 1.0],
                [1.0, -1.6e-05, -0.000115, 0.0, 1.6e-05, 1.0, 0.000437, 0.374721, 0.000115, -0.000437, 1.0, 0.0, 0.0, 0.0, 0.0, 1.0],
                [1.0, -1.6e-05, -0.000115, -0.0, 1.6e-05, 1.0, 0.000438, 0.374721, 0.000115, -0.000438, 1.0, 0.0, 0.0, 0.0, 0.0, 1.0],
                [1.0, -1.6e-05, -0.000115, 0.0, 1.6e-05, 1.0, 0.000439, 0.374721, 0.000115, -0.000439, 1.0, -0.0, 0.0, 0.0, 0.0, 1.0],
                [1.0, -1.6e-05, -0.000115, 0.0, 1.6e-05, 1.0, 0.00044, 0.374721, 0.000115, -0.00044, 1.0, 0.0, 0.0, 0.0, 0.0, 1.0],
                [1.0, -1.6e-05, -0.000115, -0.0, 1.6e-05, 1.0, 0.00044, 0.374721, 0.000115, -0.00044, 1.0, 0.0, 0.0, 0.0, 0.0, 1.0],
                [1.0, -1.6e-05, -0.000115, 0.0, 1.6e-05, 1.0, 0.000441, 0.374721, 0.000115, -0.000441, 1.0, 0.0, 0.0, 0.0, 0.0, 1.0],
                [1.0, -1.6e-05, -0.000115, 0.0, 1.6e-05, 1.0, 0.000441, 0.374721, 0.000115, -0.000441, 1.0, 0.0, 0.0, 0.0, 0.0, 1.0],
                [1.0, -1.6e-05, -0.000115, 0.0, 1.6e-05, 1.0, 0.000441, 0.374721, 0.000115, -0.000441, 1.0, -0.0, 0.0, 0.0, 0.0, 1.0],
                [1.0, -1.6e-05, -0.000115, 0.0, 1.6e-05, 1.0, 0.000441, 0.374721, 0.000115, -0.000441, 1.0, 0.0, 0.0, 0.0, 0.0, 1.0],
                [1.0, -1.6e-05, -0.000115, 0.0, 1.6e-05, 1.0, 0.000441, 0.374721, 0.000115, -0.000441, 1.0, -0.0, 0.0, 0.0, 0.0, 1.0],
                [1.0, -1.6e-05, -0.000115, -0.0, 1.6e-05, 1.0, 0.000441, 0.374721, 0.000115, -0.000441, 1.0, 0.0, 0.0, 0.0, 0.0, 1.0],
                [1.0, -1.6e-05, -0.000115, 0.0, 1.6e-05, 1.0, 0.000441, 0.374721, 0.000115, -0.000441, 1.0, -0.0, 0.0, 0.0, 0.0, 1.0],
                [1.0, -1.6e-05, -0.000115, 0.0, 1.6e-05, 1.0, 0.000441, 0.374721, 0.000115, -0.000441, 1.0, 0.0, 0.0, 0.0, 0.0, 1.0],
                [1.0, -1.6e-05, -0.000115, -0.0, 1.6e-05, 1.0, 0.000441, 0.374721, 0.000115, -0.000441, 1.0, -0.0, 0.0, 0.0, 0.0, 1.0],
                [1.0, -1.6e-05, -0.000115, 0.0, 1.6e-05, 1.0, 0.000441, 0.374721, 0.000115, -0.000441, 1.0, -0.0, 0.0, 0.0, 0.0, 1.0],
                [1.0, -1.6e-05, -0.000115, 0.0, 1.6e-05, 1.0, 0.000441, 0.37472, 0.000115, -0.000441, 1.0, -0.0, 0.0, 0.0, 0.0, 1.0],
                [1.0, -1.6e-05, -0.000115, 0.0, 1.6e-05, 1.0, 0.000441, 0.374721, 0.000115, -0.000441, 1.0, -0.0, 0.0, 0.0, 0.0, 1.0],
                [1.0, -1.6e-05, -0.000115, 0.0, 1.6e-05, 1.0, 0.000441, 0.374721, 0.000115, -0.000441, 1.0, 0.0, 0.0, 0.0, 0.0, 1.0],
                [1.0, -1.6e-05, -0.000115, -0.0, 1.6e-05, 1.0, 0.00044, 0.374721, 0.000115, -0.00044, 1.0, 0.0, 0.0, 0.0, 0.0, 1.0],
                [1.0, -1.6e-05, -0.000115, 0.0, 1.6e-05, 1.0, 0.000439, 0.374721, 0.000115, -0.00044, 1.0, 0.0, 0.0, 0.0, 0.0, 1.0],
                [1.0, -1.6e-05, -0.000115, 0.0, 1.6e-05, 1.0, 0.000439, 0.374721, 0.000115, -0.000439, 1.0, -0.0, 0.0, 0.0, 0.0, 1.0],
                [1.0, -1.6e-05, -0.000115, 0.0, 1.6e-05, 1.0, 0.000437, 0.374721, 0.000115, -0.000437, 1.0, -0.0, 0.0, 0.0, 0.0, 1.0],
                [1.0, -1.6e-05, -0.000115, -0.0, 1.6e-05, 1.0, 0.000436, 0.374721, 0.000115, -0.000436, 1.0, 0.0, 0.0, 0.0, 0.0, 1.0],
                [0.999973, -0.007291, -0.000849, 0.0, 0.007314, 0.979896, 0.199373, 0.374721, -0.000621, -0.199374, 0.979923, 0.0, 0.0, 0.0, 0.0, 1.0],
                [0.999649, -0.024675, -0.009696, -0.0, 0.024753, 0.737689, 0.674688, 0.374721, -0.009496, -0.674691, 0.73804, -0.0, 0.0, 0.0, 0.0, 1.0],
                [0.999436, -0.02979, -0.015484, 0.0, 0.029884, 0.579111, 0.814701, 0.374721, -0.015303, -0.814704, 0.579674, 0.0, 0.0, 0.0, 0.0, 1.0],
                [0.999318, -0.031847, -0.018727, -0.0, 0.031947, 0.490319, 0.870958, 0.374721, -0.018555, -0.870961, 0.491001, -0.0, 0.0, 0.0, 0.0, 1.0],
                [0.999274, -0.032476, -0.019887, 0.0, 0.032578, 0.458614, 0.888038, 0.374721, -0.019719, -0.888042, 0.45934, 0.0, 0.0, 0.0, 0.0, 1.0],
                [0.999267, -0.032583, -0.020096, -0.0, 0.032685, 0.452907, 0.890959, 0.374721, -0.019928, -0.890963, 0.45364, -0.0, 0.0, 0.0, 0.0, 1.0],
                [0.999259, -0.032684, -0.020297, -0.0, 0.032787, 0.44739, 0.893738, 0.374721, -0.020131, -0.893742, 0.44813, 0.0, 0.0, 0.0, 0.0, 1.0],
                [0.999252, -0.032781, -0.020491, -0.0, 0.032884, 0.442067, 0.89638, 0.374721, -0.020326, -0.896383, 0.442814, -0.0, 0.0, 0.0, 0.0, 1.0],
                [0.999246, -0.032873, -0.020679, 0.0, 0.032976, 0.43694, 0.898886, 0.374721, -0.020513, -0.89889, 0.437694, -0.0, 0.0, 0.0, 0.0, 1.0],
                [0.999239, -0.032959, -0.020859, 0.0, 0.033063, 0.432011, 0.901262, 0.374721, -0.020694, -0.901266, 0.432772, 0.0, 0.0, 0.0, 0.0, 1.0],
                [0.999233, -0.033042, -0.021031, 0.0, 0.033146, 0.427284, 0.90351, 0.374721, -0.020867, -0.903514, 0.428052, -0.0, 0.0, 0.0, 0.0, 1.0],
                [0.999226, -0.033119, -0.021197, -0.0, 0.033223, 0.422761, 0.905632, 0.374721, -0.021033, -0.905636, 0.423534, -0.0, 0.0, 0.0, 0.0, 1.0],
                [0.999221, -0.033192, -0.021354, -0.0, 0.033297, 0.418443, 0.907633, 0.374721, -0.021191, -0.907637, 0.419222, -0.0, 0.0, 0.0, 0.0, 1.0],
                [0.999215, -0.033261, -0.021504, 0.0, 0.033366, 0.414332, 0.909514, 0.374721, -0.021342, -0.909518, 0.415117, -0.0, 0.0, 0.0, 0.0, 1.0],
                [0.99921, -0.033326, -0.021647, -0.0, 0.033431, 0.41043, 0.911279, 0.374721, -0.021485, -0.911283, 0.41122, -0.0, 0.0, 0.0, 0.0, 1.0],
                [0.999205, -0.033386, -0.021782, 0.0, 0.033491, 0.406738, 0.912931, 0.374721, -0.02162, -0.912935, 0.407533, 0.0, 0.0, 0.0, 0.0, 1.0],
                [0.9992, -0.033442, -0.021909, -0.0, 0.033548, 0.403256, 0.914472, 0.374721, -0.021747, -0.914476, 0.404056, -0.0, 0.0, 0.0, 0.0, 1.0],
                [0.999196, -0.033495, -0.022028, 0.0, 0.0336, 0.399985, 0.915906, 0.374721, -0.021867, -0.91591, 0.400789, 0.0, 0.0, 0.0, 0.0, 1.0],
                [0.999192, -0.033544, -0.02214, 0.0, 0.033649, 0.396922, 0.917236, 0.374721, -0.021979, -0.917239, 0.39773, 0.0, 0.0, 0.0, 0.0, 1.0],
                [0.999188, -0.033588, -0.022244, 0.0, 0.033694, 0.394067, 0.918464, 0.374721, -0.022084, -0.918468, 0.394879, 0.0, 0.0, 0.0, 0.0, 1.0],
                [0.999184, -0.03363, -0.022341, -0.0, 0.033736, 0.391418, 0.919595, 0.374721, -0.022181, -0.919598, 0.392233, -0.0, 0.0, 0.0, 0.0, 1.0],
                [0.999181, -0.033668, -0.022431, -0.0, 0.033774, 0.388971, 0.920631, 0.374721, -0.022271, -0.920635, 0.389789, 0.0, 0.0, 0.0, 0.0, 1.0],
                [0.999178, -0.033702, -0.022513, 0.0, 0.033808, 0.386721, 0.921577, 0.374721, -0.022353, -0.921581, 0.387543, 0.0, 0.0, 0.0, 0.0, 1.0],
                [0.999176, -0.033734, -0.022588, -0.0, 0.03384, 0.384665, 0.922436, 0.374721, -0.022429, -0.92244, 0.385489, -0.0, 0.0, 0.0, 0.0, 1.0],
                [0.999173, -0.033762, -0.022656, 0.0, 0.033868, 0.382795, 0.923212, 0.374721, -0.022497, -0.923216, 0.383622, -0.0, 0.0, 0.0, 0.0, 1.0],
                [0.999171, -0.033788, -0.022718, -0.0, 0.033894, 0.381106, 0.92391, 0.374721, -0.022559, -0.923914, 0.381935, 0.0, 0.0, 0.0, 0.0, 1.0],
                [0.999169, -0.03381, -0.022773, -0.0, 0.033917, 0.379589, 0.924533, 0.374721, -0.022615, -0.924537, 0.38042, -0.0, 0.0, 0.0, 0.0, 1.0],
                [0.999167, -0.033831, -0.022823, -0.0, 0.033937, 0.378236, 0.925087, 0.374721, -0.022664, -0.925091, 0.37907, -0.0, 0.0, 0.0, 0.0, 1.0],
                [0.999165, -0.033849, -0.022866, 0.0, 0.033955, 0.377039, 0.925575, 0.374721, -0.022708, -0.925579, 0.377874, -0.0, 0.0, 0.0, 0.0, 1.0],
                [0.999164, -0.033864, -0.022905, 0.0, 0.033971, 0.375987, 0.926002, 0.374721, -0.022747, -0.926006, 0.376823, 0.0, 0.0, 0.0, 0.0, 1.0],
                [0.999163, -0.033878, -0.022938, 0.0, 0.033984, 0.37507, 0.926374, 0.374721, -0.02278, -0.926377, 0.375908, -0.0, 0.0, 0.0, 0.0, 1.0],
                [0.999162, -0.033889, -0.022967, -0.0, 0.033996, 0.374279, 0.926693, 0.374721, -0.022809, -0.926697, 0.375117, -0.0, 0.0, 0.0, 0.0, 1.0],
                [0.999161, -0.033899, -0.022992, 0.0, 0.034006, 0.373603, 0.926965, 0.374721, -0.022834, -0.926969, 0.374442, 0.0, 0.0, 0.0, 0.0, 1.0],
                [0.99916, -0.033908, -0.023013, -0.0, 0.034014, 0.373032, 0.927195, 0.374721, -0.022855, -0.927199, 0.373872, -0.0, 0.0, 0.0, 0.0, 1.0],
                [0.999159, -0.033915, -0.02303, -0.0, 0.034021, 0.372555, 0.927387, 0.37472, -0.022872, -0.927391, 0.373396, 0.0, 0.0, 0.0, 0.0, 1.0],
                [0.999159, -0.033921, -0.023044, 0.0, 0.034027, 0.372162, 0.927544, 0.374721, -0.022887, -0.927548, 0.373004, -0.0, 0.0, 0.0, 0.0, 1.0],
                [0.999158, -0.033925, -0.023056, -0.0, 0.034032, 0.371845, 0.927671, 0.374721, -0.022898, -0.927675, 0.372686, 0.0, 0.0, 0.0, 0.0, 1.0],
                [0.999158, -0.033929, -0.023065, 0.0, 0.034036, 0.371592, 0.927772, 0.374721, -0.022907, -0.927776, 0.372434, -0.0, 0.0, 0.0, 0.0, 1.0],
                [0.999158, -0.033932, -0.023072, -0.0, 0.034039, 0.371396, 0.92785, 0.374721, -0.022915, -0.927854, 0.372239, 0.0, 0.0, 0.0, 0.0, 1.0],
                [0.999157, -0.033934, -0.023078, 0.0, 0.034041, 0.371249, 0.927909, 0.374721, -0.02292, -0.927913, 0.372091, 0.0, 0.0, 0.0, 0.0, 1.0],
                [0.999157, -0.033935, -0.023082, -0.0, 0.034042, 0.371142, 0.927952, 0.374721, -0.022924, -0.927956, 0.371984, -0.0, 0.0, 0.0, 0.0, 1.0],
                [0.999157, -0.033937, -0.023084, 0.0, 0.034043, 0.371067, 0.927982, 0.374721, -0.022927, -0.927986, 0.37191, -0.0, 0.0, 0.0, 0.0, 1.0],
                [0.999157, -0.033937, -0.023086, 0.0, 0.034044, 0.371019, 0.928001, 0.374721, -0.022928, -0.928005, 0.371862, 0.0, 0.0, 0.0, 0.0, 1.0],
                [0.999157, -0.033938, -0.023087, -0.0, 0.034044, 0.370991, 0.928013, 0.374721, -0.022929, -0.928017, 0.371834, 0.0, 0.0, 0.0, 0.0, 1.0],
                [0.999157, -0.033938, -0.023088, -0.0, 0.034045, 0.370977, 0.928018, 0.374721, -0.02293, -0.928022, 0.37182, -0.0, 0.0, 0.0, 0.0, 1.0],
                [0.999157, -0.033938, -0.023088, -0.0, 0.034045, 0.370972, 0.92802, 0.374721, -0.02293, -0.928024, 0.371815, 0.0, 0.0, 0.0, 0.0, 1.0],
                [0.999157, -0.033938, -0.023088, 0.0, 0.034045, 0.370971, 0.928021, 0.374721, -0.02293, -0.928024, 0.371814, 0.0, 0.0, 0.0, 0.0, 1.0],
                [0.999152, -0.033994, -0.023247, -0.0, 0.034102, 0.366464, 0.929807, 0.374721, -0.023089, -0.929811, 0.367312, -0.0, 0.0, 0.0, 0.0, 1.0],
