{
    "animation": [
        {
            "name": "Root",
            "time": [0.0, 0.0167, 0.0333, 0.05, 0.0667, 0.0833, 0.1, 0.1167, 0.1333, 0.15, 0.1667, 0.1833, 0.2, 0.2167, 0.2333, 0.25, 0.2667, 0.2833, 0.3, 0.3167, 0.3333, 0.35, 0.3667, 0.3833, 0.4, 0.4167, 0.4333, 0.45, 0.4667, 0.4833, 0.5, 0.5167, 0.5333, 0.55, 0.5667, 0.5833, 0.6, 0.6167, 0.6333, 0.65, 0.6667, 0.6833, 0.7, 0.7167, 0.7333, 0.75, 0.7667, 0.7833, 0.8, 0.8167, 0.8333, 0.85, 0.8667, 0.8833, 0.9, 0.9167, 0.9333, 0.95, 0.9667, 0.9833, 1.0, 1.0167, 1.0333, 1.05, 1.0667, 1.0833, 1.1, 1.1167, 1.1333, 1.15, 1.1667, 1.1833, 1.2, 1.2167, 1.2333, 1.25, 1.2667, 1.2833, 1.3, 1.3167, 1.3333, 1.35, 1.3667, 1.3833, 1.4, 1.4167, 1.4333, 1.45, 1.4667, 1.4833, 1.5, 1.5167, 1.5333, 1.55, 1.5667, 1.5833, 1.6, 1.6167, 1.6333, 1.65, 1.6667, 1.6833, 1.7, 1.7167, 1.7333, 1.75, 1.7667, 1.7833, 1.8, 1.8167, 1.8333, 1.85, 1.8667, 1.8833, 1.9, 1.9167, 1.9333, 1.95, 1.9667, 1.9833, 2.0, 2.0167, 2.0333, 2.05, 2.0667, 2.0833, 2.1, 2.1167, 2.1333, 2.15, 2.1667, 2.1833, 2.2, 2.2167, 2.2333, 2.25, 2.2667, 2.2833, 2.3, 2.3167, 2.3333, 2.35, 2.3667, 2.3833, 2.4, 2.4167, 2.4333, 2.45, 2.4667, 2.4833, 2.5],
            "transform": [
                [-0.00856, 0.0, -0.999963, -5e-06, -0.999963, 0.0, 0.00856, 0.037435, 0.0, 1.0, 0.0, 0.554369, 0.0, 0.0, 0.0, 1.0],
                [-0.009028, 0.0, -0.999959, -8e-06, -0.999959, 0.0, 0.009028, 0.034511, 0.0, 1.0, 0.0, 0.554569, 0.0, 0.0, 0.0, 1.0],
                [-0.010438, 0.0, -0.999946, -1.9e-05, -0.999946, 0.0, 0.010438, 0.025691, 0.0, 1.0, 0.0, 0.55519, 0.0, 0.0, 0.0, 1.0],
                [-0.0128, 0.0, -0.999918, -3.7e-05, -0.999918, 0.0, 0.0128, 0.011231, 0.0, 1.0, 0.0, 0.556249, 0.0, 0.0, 0.0, 1.0],
                [-0.016115, 0.0, -0.99987, -6.2e-05, -0.99987, 0.0, 0.016115, -0.008036, 0.0, 1.0, 0.0, 0.557736, 0.0, 0.0, 0.0, 1.0],
                [-0.020374, 0.0, -0.999792, -9.5e-05, -0.999792, 0.0, 0.020374, -0.03059, 0.0, 1.0, 0.0, 0.559597, 0.0, 0.0, 0.0, 1.0],
                [-0.025559, 0.0, -0.999673, -0.000134, -0.999673, 0.0, 0.025559, -0.054318, 0.0, 1.0, 0.0, 0.561736, 0.0, 0.0, 0.0, 1.0],
                [-0.03164, 0.0, -0.999499, -0.000181, -0.999499, 0.0, 0.03164, -0.076871, 0.0, 1.0, 0.0, 0.564025, 0.0, 0.0, 0.0, 1.0],
                [-0.038572, 0.0, -0.999256, -0.000235, -0.999256, 0.0, 0.038572, -0.096138, 0.0, 1.0, 0.0, 0.566334, 0.0, 0.0, 0.0, 1.0],
                [-0.046295, 0.0, -0.998928, -0.000296, -0.998928, 0.0, 0.046295, -0.110599, 0.0, 1.0, 0.0, 0.568551, 0.0, 0.0, 0.0, 1.0],
                [-0.054735, 0.0, -0.998501, -0.000363, -0.998501, 0.0, 0.054735, -0.119418, 0.0, 1.0, 0.0, 0.570596, 0.0, 0.0, 0.0, 1.0],
                [-0.0638, 0.0, -0.997963, -0.000437, -0.997963, 0.0, 0.0638, -0.122343, 0.0, 1.0, 0.0, 0.572426, 0.0, 0.0, 0.0, 1.0],
                [-0.073385, 0.0, -0.997304, -0.000517, -0.997304, 0.0, 0.073385, -0.122343, 0.0, 1.0, 0.0, 0.574173, 0.0, 0.0, 0.0, 1.0],
                [-0.083369, 0.0, -0.996519, -0.000602, -0.996519, 0.0, 0.083369, -0.122343, 0.0, 1.0, 0.0, 0.575989, 0.0, 0.0, 0.0, 1.0],
                [-0.093622, 0.0, -0.995608, -0.000693, -0.995608, 0.0, 0.093622, -0.122343, 0.0, 1.0, 0.0, 0.577872, 0.0, 0.0, 0.0, 1.0],
                [-0.104006, 0.0, -0.994577, -0.000788, -0.994577, 0.0, 0.104006, -0.122343, 0.0, 1.0, 0.0, 0.579822, 0.0, 0.0, 0.0, 1.0],
                [-0.114379, 0.0, -0.993437, -0.000887, -0.993437, 0.0, 0.114379, -0.122343, 0.0, 1.0, 0.0, 0.581836, 0.0, 0.0, 0.0, 1.0],
                [-0.124599, 0.0, -0.992207, -0.00099, -0.992207, 0.0, 0.124599, -0.122343, 0.0, 1.0, 0.0, 0.583912, 0.0, 0.0, 0.0, 1.0],
                [-0.13453, 0.0, -0.99091, -0.001095, -0.99091, 0.0, 0.13453, -0.122343, 0.0, 1.0, 0.0, 0.586049, 0.0, 0.0, 0.0, 1.0],
                [-0.144044, 0.0, -0.989571, -0.001203, -0.989571, 0.0, 0.144044, -0.122343, 0.0, 1.0, 0.0, 0.588243, 0.0, 0.0, 0.0, 1.0],
                [-0.153024, 0.0, -0.988222, -0.001311, -0.988222, 0.0, 0.153024, -0.122343, 0.0, 1.0, 0.0, 0.590492, 0.0, 0.0, 0.0, 1.0],
                [-0.16137, 0.0, -0.986894, -0.00142, -0.986894, 0.0, 0.16137, -0.122343, 0.0, 1.0, 0.0, 0.592791, 0.0, 0.0, 0.0, 1.0],
                [-0.168994, 0.0, -0.985617, -0.001529, -0.985617, 0.0, 0.168994, -0.122343, 0.0, 1.0, 0.0, 0.595136, 0.0, 0.0, 0.0, 1.0],
                [-0.175826, 0.0, -0.984421, -0.001636, -0.984421, 0.0, 0.175826, -0.122343, 0.0, 1.0, 0.0, 0.597523, 0.0, 0.0, 0.0, 1.0],
                [-0.181811, 0.0, -0.983334, -0.001741, -0.983334, 0.0, 0.181811, -0.122343, 0.0, 1.0, 0.0, 0.599946, 0.0, 0.0, 0.0, 1.0],
                [-0.186908, 0.0, -0.982377, -0.001844, -0.982377, 0.0, 0.186908, -0.122343, 0.0, 1.0, 0.0, 0.6024, 0.0, 0.0, 0.0, 1.0],
                [-0.191091, 0.0, -0.981572, -0.001943, -0.981572, 0.0, 0.191091, -0.122343, 0.0, 1.0, 0.0, 0.604877, 0.0, 0.0, 0.0, 1.0],
                [-0.194344, 0.0, -0.980933, -0.002038, -0.980933, 0.0, 0.194344, -0.122343, 0.0, 1.0, 0.0, 0.607372, 0.0, 0.0, 0.0, 1.0],
                [-0.196661, 0.0, -0.980472, -0.002129, -0.980472, 0.0, 0.196661, -0.122343, 0.0, 1.0, 0.0, 0.609876, 0.0, 0.0, 0.0, 1.0],
                [-0.198044, 0.0, -0.980193, -0.002215, -0.980193, 0.0, 0.198044, -0.122343, 0.0, 1.0, 0.0, 0.612383, 0.0, 0.0, 0.0, 1.0],
                [-0.198502, 0.0, -0.980101, -0.002294, -0.980101, 0.0, 0.198502, -0.122343, 0.0, 1.0, 0.0, 0.614884, 0.0, 0.0, 0.0, 1.0],
                [-0.160776, 0.0, -0.986991, -0.002368, -0.986991, 0.0, 0.160776, -0.100149, 0.0, 1.0, 0.0, 0.61737, 0.0, 0.0, 0.0, 1.0],
                [-0.044852, 0.0, -0.998994, -0.002436, -0.998994, 0.0, 0.044852, -0.033228, 0.0, 1.0, 0.0, 0.619834, 0.0, 0.0, 0.0, 1.0],
                [0.147988, 0.0, -0.988989, -0.002496, -0.988989, 0.0, -0.147988, 0.076491, 0.0, 1.0, 0.0, 0.622267, 0.0, 0.0, 0.0, 1.0],
                [0.398782, 0.0, -0.917046, -0.00255, -0.917046, 0.0, -0.398782, 0.222686, 0.0, 1.0, 0.0, 0.62466, 0.0, 0.0, 0.0, 1.0],
                [0.661508, 0.0, -0.749938, -0.002597, -0.749938, 0.0, -0.661508, 0.393816, 0.0, 1.0, 0.0, 0.627003, 0.0, 0.0, 0.0, 1.0],
                [0.872971, 0.0, -0.487772, -0.002637, -0.487772, 0.0, -0.872971, 0.573856, 0.0, 1.0, 0.0, 0.62929, 0.0, 0.0, 0.0, 1.0],
                [0.98484, 0.0, -0.173467, -0.002669, -0.173467, 0.0, -0.98484, 0.744986, 0.0, 1.0, 0.0, 0.631512, 0.0, 0.0, 0.0, 1.0],
                [0.991488, 0.0, 0.130198, -0.002695, 0.130198, 0.0, -0.991488, 0.891182, 0.0, 1.0, 0.0, 0.633661, 0.0, 0.0, 0.0, 1.0],
                [0.926848, 0.0, 0.375438, -0.002713, 0.375438, 0.0, -0.926848, 1.000901, 0.0, 1.0, 0.0, 0.635729, 0.0, 0.0, 0.0, 1.0],
                [0.838382, 0.0, 0.545083, -0.002723, 0.545083, 0.0, -0.838382, 1.067821, 0.0, 1.0, 0.0, 0.63771, 0.0, 0.0, 0.0, 1.0],
                [0.764451, 0.0, 0.644682, -0.002727, 0.644682, 0.0, -0.764451, 1.090016, 0.0, 1.0, 0.0, 0.639599, 0.0, 0.0, 0.0, 1.0],
                [0.711134, 0.0, 0.703057, -0.002727, 0.703057, 0.0, -0.711134, 1.090016, 0.0, 1.0, 0.0, 0.641388, 0.0, 0.0, 0.0, 1.0],
                [0.67009, 0.0, 0.74228, -0.002727, 0.74228, 0.0, -0.67009, 1.090016, 0.0, 1.0, 0.0, 0.643074, 0.0, 0.0, 0.0, 1.0],
                [0.643367, 0.0, 0.765558, -0.002727, 0.765558, 0.0, -0.643367, 1.090016, 0.0, 1.0, 0.0, 0.644651, 0.0, 0.0, 0.0, 1.0],
                [0.630063, 0.0, 0.776544, -0.002727, 0.776544, 0.0, -0.630063, 1.090016, 0.0, 1.0, 0.0, 0.646117, 0.0, 0.0, 0.0, 1.0],
                [0.626311, 0.0, 0.779573, -0.002727, 0.779573, 0.0, -0.626311, 1.090016, 0.0, 1.0, 0.0, 0.647469, 0.0, 0.0, 0.0, 1.0],
                [0.626016, 0.0, 0.77981, -0.002727, 0.77981, 0.0, -0.626016, 1.090016, 0.0, 1.0, 0.0, 0.648704, 0.0, 0.0, 0.0, 1.0],
                [0.622248, 0.0, 0.78282, -0.002727, 0.78282, 0.0, -0.622248, 1.090016, 0.0, 1.0, 0.0, 0.64982, 0.0, 0.0, 0.0, 1.0],
                [0.608649, 0.0, 0.793439, -0.002727, 0.793439, 0.0, -0.608649, 1.090016, 0.0, 1.0, 0.0, 0.650817, 0.0, 0.0, 0.0, 1.0],
                [0.580153, 0.0, 0.814508, -0.002727, 0.814508, 0.0, -0.580153, 1.090016, 0.0, 1.0, 0.0, 0.651694, 0.0, 0.0, 0.0, 1.0],
                [0.532995, 0.0, 0.846118, -0.002727, 0.846118, 0.0, -0.532995, 1.090016, 0.0, 1.0, 0.0, 0.652451, 0.0, 0.0, 0.0, 1.0],
                [0.464488, 0.0, 0.885579, -0.002727, 0.885579, 0.0, -0.464488, 1.090016, 0.0, 1.0, 0.0, 0.653087, 0.0, 0.0, 0.0, 1.0],
                [0.329434, 0.0, 0.944179, -0.002727, 0.944179, 0.0, -0.329434, 1.140995, 0.0, 1.0, 0.0, 0.653605, 0.0, 0.0, 0.0, 1.0],
                [0.073101, 0.0, 0.997325, -0.002727, 0.997325, 0.0, -0.073101, 1.295097, 0.0, 1.0, 0.0, 0.654005, 0.0, 0.0, 0.0, 1.0],
                [-0.29754, 0.0, 0.954709, -0.002727, 0.954709, 0.0, 0.29754, 1.521168, 0.0, 1.0, 0.0, 0.654289, 0.0, 0.0, 0.0, 1.0],
                [-0.70426, 0.0, 0.709943, -0.002727, 0.709943, 0.0, 0.70426, 1.752136, 0.0, 1.0, 0.0, 0.654457, 0.0, 0.0, 0.0, 1.0],
                [-0.975261, 0.0, 0.221056, -0.002727, 0.221056, 0.0, 0.975261, 1.933899, 0.0, 1.0, 0.0, 0.654513, 0.0, 0.0, 0.0, 1.0],
                [-0.918897, 0.0, -0.394497, -0.002727, -0.394497, 0.0, 0.918897, 2.091615, 0.0, 1.0, 0.0, 0.646257, 0.0, 0.0, 0.0, 1.0],
                [-0.486269, 0.0, -0.873809, -0.002727, -0.873809, 0.0, 0.486269, 2.264462, 0.0, 1.0, 0.0, 0.621471, 0.0, 0.0, 0.0, 1.0],
                [0.14112, 0.0, -0.989992, -0.002727, -0.989992, 0.0, -0.14112, 2.445794, 0.0, 1.0, 0.0, 0.581638, 0.0, 0.0, 0.0, 1.0],
                [0.678906, 0.0, -0.734226, -0.002727, -0.734226, 0.0, -0.678906, 2.624799, 0.0, 1.0, 0.0, 0.530901, 0.0, 0.0, 0.0, 1.0],
                [0.956441, 0.0, -0.291925, -0.002727, -0.291925, 0.0, -0.956441, 2.787848, 0.0, 1.0, 0.0, 0.476054, 0.0, 0.0, 0.0, 1.0],
                [0.9913, 0.0, 0.131623, -0.002727, 0.131623, 0.0, -0.9913, 2.922062, 0.0, 1.0, 0.0, 0.425057, 0.0, 0.0, 0.0, 1.0],
                [0.902425, 0.0, 0.430847, -0.002727, 0.430847, 0.0, -0.902425, 3.019032, 0.0, 1.0, 0.0, 0.384734, 0.0, 0.0, 0.0, 1.0],
                [0.803752, 0.0, 0.594965, -0.002727, 0.594965, 0.0, -0.803752, 3.076086, 0.0, 1.0, 0.0, 0.359277, 0.0, 0.0, 0.0, 1.0],
                [0.760495, 0.0, 0.649344, -0.002727, 0.649344, 0.0, -0.760495, 3.094993, 0.0, 1.0, 0.0, 0.350215, 0.0, 0.0, 0.0, 1.0],
                [0.754493, 0.0, 0.656309, -0.002727, 0.656309, 0.0, -0.754493, 3.09605, 0.0, 1.0, 0.0, 0.349372, 0.0, 0.0, 0.0, 1.0],
                [0.74854, 0.0, 0.66309, -0.002727, 0.66309, 0.0, -0.74854, 3.09703, 0.0, 1.0, 0.0, 0.348558, 0.0, 0.0, 0.0, 1.0],
                [0.742645, 0.0, 0.669686, -0.002727, 0.669686, 0.0, -0.742645, 3.097936, 0.0, 1.0, 0.0, 0.347772, 0.0, 0.0, 0.0, 1.0],
                [0.736816, 0.0, 0.676093, -0.002727, 0.676093, 0.0, -0.736816, 3.09877, 0.0, 1.0, 0.0, 0.347014, 0.0, 0.0, 0.0, 1.0],
                [0.731063, 0.0, 0.68231, -0.002727, 0.68231, 0.0, -0.731063, 3.099535, 0.0, 1.0, 0.0, 0.346285, 0.0, 0.0, 0.0, 1.0],
                [0.725393, 0.0, 0.688335, -0.002727, 0.688335, 0.0, -0.725393, 3.100231, 0.0, 1.0, 0.0, 0.345584, 0.0, 0.0, 0.0, 1.0],
                [0.719815, 0.0, 0.694166, -0.002727, 0.694166, 0.0, -0.719815, 3.100863, 0.0, 1.0, 0.0, 0.344911, 0.0, 0.0, 0.0, 1.0],
                [0.714337, 0.0, 0.699802, -0.002727, 0.699802, 0.0, -0.714337, 3.101431, 0.0, 1.0, 0.0, 0.344266, 0.0, 0.0, 0.0, 1.0],
                [0.708969, 0.0, 0.70524, -0.002727, 0.70524, 0.0, -0.708969, 3.101941, 0.0, 1.0, 0.0, 0.343649, 0.0, 0.0, 0.0, 1.0],
                [0.703718, 0.0, 0.710479, -0.002727, 0.710479, 0.0, -0.703718, 3.102394, 0.0, 1.0, 0.0, 0.343059, 0.0, 0.0, 0.0, 1.0],
                [0.698593, 0.0, 0.715519, -0.002727, 0.715519, 0.0, -0.698593, 3.102793, 0.0, 1.0, 0.0, 0.342496, 0.0, 0.0, 0.0, 1.0],
                [0.693602, 0.0, 0.720358, -0.002727, 0.720358, 0.0, -0.693602, 3.103142, 0.0, 1.0, 0.0, 0.34196, 0.0, 0.0, 0.0, 1.0],
                [0.688752, 0.0, 0.724997, -0.002727, 0.724997, 0.0, -0.688752, 3.103443, 0.0, 1.0, 0.0, 0.341451, 0.0, 0.0, 0.0, 1.0],
                [0.684052, 0.0, 0.729434, -0.002727, 0.729434, 0.0, -0.684052, 3.1037, 0.0, 1.0, 0.0, 0.340967, 0.0, 0.0, 0.0, 1.0],
                [0.679507, 0.0, 0.733669, -0.002727, 0.733669, 0.0, -0.679507, 3.103916, 0.0, 1.0, 0.0, 0.340509, 0.0, 0.0, 0.0, 1.0],
                [0.675125, 0.0, 0.737704, -0.002727, 0.737704, 0.0, -0.675125, 3.104095, 0.0, 1.0, 0.0, 0.340075, 0.0, 0.0, 0.0, 1.0],
                [0.670911, 0.0, 0.741538, -0.002727, 0.741538, 0.0, -0.670911, 3.104241, 0.0, 1.0, 0.0, 0.339666, 0.0, 0.0, 0.0, 1.0],
                [0.666871, 0.0, 0.745174, -0.002727, 0.745174, 0.0, -0.666871, 3.104356, 0.0, 1.0, 0.0, 0.33928, 0.0, 0.0, 0.0, 1.0],
                [0.663008, 0.0, 0.748612, -0.002727, 0.748612, 0.0, -0.663008, 3.104444, 0.0, 1.0, 0.0, 0.338918, 0.0, 0.0, 0.0, 1.0],
                [0.659328, 0.0, 0.751855, -0.002727, 0.751855, 0.0, -0.659328, 3.10451, 0.0, 1.0, 0.0, 0.338578, 0.0, 0.0, 0.0, 1.0],
                [0.655833, 0.0, 0.754906, -0.002727, 0.754906, 0.0, -0.655833, 3.104555, 0.0, 1.0, 0.0, 0.338259, 0.0, 0.0, 0.0, 1.0],
                [0.652524, 0.0, 0.757768, -0.002727, 0.757768, 0.0, -0.652524, 3.104585, 0.0, 1.0, 0.0, 0.337962, 0.0, 0.0, 0.0, 1.0],
                [0.649404, 0.0, 0.760444, -0.002727, 0.760444, 0.0, -0.649404, 3.104602, 0.0, 1.0, 0.0, 0.337685, 0.0, 0.0, 0.0, 1.0],
                [0.646471, 0.0, 0.762938, -0.002727, 0.762938, 0.0, -0.646471, 3.10461, 0.0, 1.0, 0.0, 0.337428, 0.0, 0.0, 0.0, 1.0],
                [0.643726, 0.0, 0.765256, -0.002727, 0.765256, 0.0, -0.643726, 3.104613, 0.0, 1.0, 0.0, 0.337189, 0.0, 0.0, 0.0, 1.0],
                [0.641167, 0.0, 0.767401, -0.002727, 0.767401, 0.0, -0.641167, 3.104613, 0.0, 1.0, 0.0, 0.336969, 0.0, 0.0, 0.0, 1.0],
                [0.638791, 0.0, 0.76938, -0.002727, 0.76938, 0.0, -0.638791, 3.104614, 0.0, 1.0, 0.0, 0.336766, 0.0, 0.0, 0.0, 1.0],
                [0.636594, 0.0, 0.771199, -0.002727, 0.771199, 0.0, -0.636594, 3.10462, 0.0, 1.0, 0.0, 0.336579, 0.0, 0.0, 0.0, 1.0],
                [0.634572, 0.0, 0.772864, -0.002727, 0.772864, 0.0, -0.634572, 3.104632, 0.0, 1.0, 0.0, 0.336408, 0.0, 0.0, 0.0, 1.0],
                [0.63272, 0.0, 0.774381, -0.002727, 0.774381, 0.0, -0.63272, 3.104656, 0.0, 1.0, 0.0, 0.336253, 0.0, 0.0, 0.0, 1.0],
                [0.631032, 0.0, 0.775757, -0.002727, 0.775757, 0.0, -0.631032, 3.104692, 0.0, 1.0, 0.0, 0.336111, 0.0, 0.0, 0.0, 1.0],
                [0.629502, 0.0, 0.776999, -0.002727, 0.776999, 0.0, -0.629502, 3.104745, 0.0, 1.0, 0.0, 0.335982, 0.0, 0.0, 0.0, 1.0],
                [0.628121, 0.0, 0.778115, -0.002727, 0.778115, 0.0, -0.628121, 3.104816, 0.0, 1.0, 0.0, 0.335867, 0.0, 0.0, 0.0, 1.0],
                [0.626884, 0.0, 0.779113, -0.002727, 0.779113, 0.0, -0.626884, 3.104909, 0.0, 1.0, 0.0, 0.335763, 0.0, 0.0, 0.0, 1.0],
                [0.62578, 0.0, 0.779999, -0.002727, 0.779999, 0.0, -0.62578, 3.105026, 0.0, 1.0, 0.0, 0.33567, 0.0, 0.0, 0.0, 1.0],
                [0.624803, 0.0, 0.780782, -0.002727, 0.780782, 0.0, -0.624803, 3.10517, 0.0, 1.0, 0.0, 0.335588, 0.0, 0.0, 0.0, 1.0],
                [0.623945, 0.0, 0.781469, -0.002727, 0.781469, 0.0, -0.623945, 3.105342, 0.0, 1.0, 0.0, 0.335516, 0.0, 0.0, 0.0, 1.0],
                [0.623196, 0.0, 0.782066, -0.002727, 0.782066, 0.0, -0.623196, 3.105544, 0.0, 1.0, 0.0, 0.335452, 0.0, 0.0, 0.0, 1.0],
                [0.622548, 0.0, 0.782582, -0.002727, 0.782582, 0.0, -0.622548, 3.10578, 0.0, 1.0, 0.0, 0.335397, 0.0, 0.0, 0.0, 1.0],
                [0.621992, 0.0, 0.783023, -0.002727, 0.783023, 0.0, -0.621992, 3.10605, 0.0, 1.0, 0.0, 0.335349, 0.0, 0.0, 0.0, 1.0],
                [0.621522, 0.0, 0.783397, -0.002727, 0.783397, 0.0, -0.621522, 3.106355, 0.0, 1.0, 0.0, 0.335308, 0.0, 0.0, 0.0, 1.0],
                [0.621126, 0.0, 0.78371, -0.002727, 0.78371, 0.0, -0.621126, 3.106699, 0.0, 1.0, 0.0, 0.335274, 0.0, 0.0, 0.0, 1.0],
                [0.6208, 0.0, 0.783969, -0.002727, 0.783969, 0.0, -0.6208, 3.107083, 0.0, 1.0, 0.0, 0.335246, 0.0, 0.0, 0.0, 1.0],
                [0.620534, 0.0, 0.784179, -0.002727, 0.784179, 0.0, -0.620534, 3.107507, 0.0, 1.0, 0.0, 0.335222, 0.0, 0.0, 0.0, 1.0],
                [0.620322, 0.0, 0.784347, -0.002727, 0.784347, 0.0, -0.620322, 3.107974, 0.0, 1.0, 0.0, 0.335203, 0.0, 0.0, 0.0, 1.0],
                [0.620157, 0.0, 0.784478, -0.002727, 0.784478, 0.0, -0.620157, 3.108483, 0.0, 1.0, 0.0, 0.335188, 0.0, 0.0, 0.0, 1.0],
                [0.62003, 0.0, 0.784578, -0.002727, 0.784578, 0.0, -0.62003, 3.109037, 0.0, 1.0, 0.0, 0.335177, 0.0, 0.0, 0.0, 1.0],
                [0.619938, 0.0, 0.78465, -0.002727, 0.78465, 0.0, -0.619938, 3.109637, 0.0, 1.0, 0.0, 0.335168, 0.0, 0.0, 0.0, 1.0],
                [0.619874, 0.0, 0.784701, -0.002727, 0.784701, 0.0, -0.619874, 3.110283, 0.0, 1.0, 0.0, 0.335162, 0.0, 0.0, 0.0, 1.0],
                [0.619833, 0.0, 0.784734, -0.002727, 0.784734, 0.0, -0.619833, 3.110976, 0.0, 1.0, 0.0, 0.335158, 0.0, 0.0, 0.0, 1.0],
                [0.619807, 0.0, 0.784754, -0.002727, 0.784754, 0.0, -0.619807, 3.111717, 0.0, 1.0, 0.0, 0.335156, 0.0, 0.0, 0.0, 1.0],
                [0.619795, 0.0, 0.784763, -0.002727, 0.784763, 0.0, -0.619795, 3.112506, 0.0, 1.0, 0.0, 0.335155, 0.0, 0.0, 0.0, 1.0],
                [0.619791, 0.0, 0.784767, -0.002727, 0.784767, 0.0, -0.619791, 3.113344, 0.0, 1.0, 0.0, 0.335155, 0.0, 0.0, 0.0, 1.0],
                [0.61979, 0.0, 0.784768, -0.002727, 0.784768, 0.0, -0.61979, 3.114232, 0.0, 1.0, 0.0, 0.335154, 0.0, 0.0, 0.0, 1.0],
                [0.621878, 0.0, 0.783114, -0.003242, 0.783114, 0.0, -0.621878, 3.11598, 0.0, 1.0, 0.0, 0.336105, 0.0, 0.0, 0.0, 1.0],
                [0.628154, 0.0, 0.778089, -0.004799, 0.778089, 0.0, -0.628154, 3.119411, 0.0, 1.0, 0.0, 0.338972, 0.0, 0.0, 0.0, 1.0],
                [0.638573, 0.0, 0.769562, -0.007405, 0.769562, 0.0, -0.638573, 3.12454, 0.0, 1.0, 0.0, 0.343775, 0.0, 0.0, 0.0, 1.0],
                [0.652997, 0.0, 0.757361, -0.011062, 0.757361, 0.0, -0.652997, 3.131366, 0.0, 1.0, 0.0, 0.350514, 0.0, 0.0, 0.0, 1.0],
                [0.67119, 0.0, 0.741285, -0.015761, 0.741285, 0.0, -0.67119, 3.139873, 0.0, 1.0, 0.0, 0.359175, 0.0, 0.0, 0.0, 1.0],
                [0.692806, 0.0, 0.721124, -0.021483, 0.721124, 0.0, -0.692806, 3.150025, 0.0, 1.0, 0.0, 0.369719, 0.0, 0.0, 0.0, 1.0],
                [0.717386, 0.0, 0.696676, -0.028193, 0.696676, 0.0, -0.717386, 3.161767, 0.0, 1.0, 0.0, 0.382087, 0.0, 0.0, 0.0, 1.0],
                [0.744358, 0.0, 0.667781, -0.035845, 0.667781, 0.0, -0.744358, 3.175015, 0.0, 1.0, 0.0, 0.396188, 0.0, 0.0, 0.0, 1.0],
                [0.773047, 0.0, 0.634349, -0.044373, 0.634349, 0.0, -0.773047, 3.189664, 0.0, 1.0, 0.0, 0.411903, 0.0, 0.0, 0.0, 1.0],
                [0.802691, 0.0, 0.596396, -0.053695, 0.596396, 0.0, -0.802691, 3.205576, 0.0, 1.0, 0.0, 0.429084, 0.0, 0.0, 0.0, 1.0],
                [0.832469, 0.0, 0.554071, -0.063714, 0.554071, 0.0, -0.832469, 3.222589, 0.0, 1.0, 0.0, 0.447546, 0.0, 0.0, 0.0, 1.0],
                [0.861545, 0.0, 0.507682, -0.074312, 0.507682, 0.0, -0.861545, 3.240511, 0.0, 1.0, 0.0, 0.467078, 0.0, 0.0, 0.0, 1.0],
                [0.889104, 0.0, 0.457705, -0.085361, 0.457705, 0.0, -0.889104, 3.259128, 0.0, 1.0, 0.0, 0.487439, 0.0, 0.0, 0.0, 1.0],
                [0.914412, 0.0, 0.404785, -0.096717, 0.404785, 0.0, -0.914412, 3.278206, 0.0, 1.0, 0.0, 0.508367, 0.0, 0.0, 0.0, 1.0],
                [0.936855, 0.0, 0.349718, -0.108229, 0.349718, 0.0, -0.936855, 3.297496, 0.0, 1.0, 0.0, 0.529582, 0.0, 0.0, 0.0, 1.0],
                [0.955985, 0.0, 0.293415, -0.119741, 0.293415, 0.0, -0.955985, 3.316744, 0.0, 1.0, 0.0, 0.550797, 0.0, 0.0, 0.0, 1.0],
                [0.971545, 0.0, 0.236857, -0.131096, 0.236857, 0.0, -0.971545, 3.335694, 0.0, 1.0, 0.0, 0.571725, 0.0, 0.0, 0.0, 1.0],
                [0.983475, 0.0, 0.181045, -0.142145, 0.181045, 0.0, -0.983475, 3.354101, 0.0, 1.0, 0.0, 0.592086, 0.0, 0.0, 0.0, 1.0],
                [0.991909, 0.0, 0.12695, -0.152744, 0.12695, 0.0, -0.991909, 3.371732, 0.0, 1.0, 0.0, 0.611618, 0.0, 0.0, 0.0, 1.0],
                [0.997148, 0.0, 0.075465, -0.162762, 0.075465, 0.0, -0.997148, 3.388376, 0.0, 1.0, 0.0, 0.630081, 0.0, 0.0, 0.0, 1.0],
                [0.999625, 0.0, 0.027371, -0.172084, 0.027371, 0.0, -0.999625, 3.403846, 0.0, 1.0, 0.0, 0.647261, 0.0, 0.0, 0.0, 1.0],
                [0.999861, 0.0, -0.016682, -0.180612, -0.016682, 0.0, -0.999861, 3.417982, 0.0, 1.0, 0.0, 0.662977, 0.0, 0.0, 0.0, 1.0],
                [0.998421, 0.0, -0.056183, -0.188264, -0.056183, 0.0, -0.998421, 3.430655, 0.0, 1.0, 0.0, 0.677078, 0.0, 0.0, 0.0, 1.0],
                [0.995873, 0.0, -0.090757, -0.194975, -0.090757, 0.0, -0.995873, 3.44176, 0.0, 1.0, 0.0, 0.689445, 0.0, 0.0, 0.0, 1.0],
                [0.992756, 0.0, -0.120152, -0.200696, -0.120152, 0.0, -0.992756, 3.451221, 0.0, 1.0, 0.0, 0.69999, 0.0, 0.0, 0.0, 1.0],
                [0.989546, 0.0, -0.144216, -0.205396, -0.144216, 0.0, -0.989546, 3.458986, 0.0, 1.0, 0.0, 0.70865, 0.0, 0.0, 0.0, 1.0],
                [0.986645, 0.0, -0.162885, -0.209053, -0.162885, 0.0, -0.986645, 3.465025, 0.0, 1.0, 0.0, 0.715389, 0.0, 0.0, 0.0, 1.0],
                [0.984363, 0.0, -0.176153, -0.211659, -0.176153, 0.0, -0.984363, 3.469326, 0.0, 1.0, 0.0, 0.720192, 0.0, 0.0, 0.0, 1.0],
                [0.982915, 0.0, -0.184061, -0.213215, -0.184061, 0.0, -0.982915, 3.471893, 0.0, 1.0, 0.0, 0.72306, 0.0, 0.0, 0.0, 1.0],
                [0.982421, 0.0, -0.186679, -0.213731, -0.186679, 0.0, -0.982421, 3.472744, 0.0, 1.0, 0.0, 0.72401, 0.0, 0.0, 0.0, 1.0]
            ]
        },
        {
            "name": "Thigh_R",
            "time": [0.0, 0.0167, 0.0333, 0.05, 0.0667, 0.0833, 0.1, 0.1167, 0.1333, 0.15, 0.1667, 0.1833, 0.2, 0.2167, 0.2333, 0.25, 0.2667, 0.2833, 0.3, 0.3167, 0.3333, 0.35, 0.3667, 0.3833, 0.4, 0.4167, 0.4333, 0.45, 0.4667, 0.4833, 0.5, 0.5167, 0.5333, 0.55, 0.5667, 0.5833, 0.6, 0.6167, 0.6333, 0.65, 0.6667, 0.6833, 0.7, 0.7167, 0.7333, 0.75, 0.7667, 0.7833, 0.8, 0.8167, 0.8333, 0.85, 0.8667, 0.8833, 0.9, 0.9167, 0.9333, 0.95, 0.9667, 0.9833, 1.0, 1.0167, 1.0333, 1.05, 1.0667, 1.0833, 1.1, 1.1167, 1.1333, 1.15, 1.1667, 1.1833, 1.2, 1.2167, 1.2333, 1.25, 1.2667, 1.2833, 1.3, 1.3167, 1.3333, 1.35, 1.3667, 1.3833, 1.4, 1.4167, 1.4333, 1.45, 1.4667, 1.4833, 1.5, 1.5167, 1.5333, 1.55, 1.5667, 1.5833, 1.6, 1.6167, 1.6333, 1.65, 1.6667, 1.6833, 1.7, 1.7167, 1.7333, 1.75, 1.7667, 1.7833, 1.8, 1.8167, 1.8333, 1.85, 1.8667, 1.8833, 1.9, 1.9167, 1.9333, 1.95, 1.9667, 1.9833, 2.0, 2.0167, 2.0333, 2.05, 2.0667, 2.0833, 2.1, 2.1167, 2.1333, 2.15, 2.1667, 2.1833, 2.2, 2.2167, 2.2333, 2.25, 2.2667, 2.2833, 2.3, 2.3167, 2.3333, 2.35, 2.3667, 2.3833, 2.4, 2.4167, 2.4333, 2.45, 2.4667, 2.4833, 2.5],
            "transform": [
                [0.264092, 0.474439, -0.83974, 0.124994, 0.551293, -0.788658, -0.272202, -0.002831, -0.791411, -0.391056, -0.469833, -1.2e-05, 0.0, 0.0, 0.0, 1.0],
                [0.262754, 0.461232, -0.847482, 0.124994, 0.549979, -0.793278, -0.261216, -0.002831, -0.792769, -0.397461, -0.462105, -1.2e-05, 0.0, 0.0, 0.0, 1.0],
                [0.258837, 0.42434, -0.867721, 0.124994, 0.54593, -0.805358, -0.230995, -0.002831, -0.796846, -0.413924, -0.440116, -1.2e-05, 0.0, 0.0, 0.0, 1.0],
                [0.252644, 0.369757, -0.89412, 0.124994, 0.539172, -0.821122, -0.18722, -0.002831, -0.803408, -0.434785, -0.406815, -1.2e-05, 0.0, 0.0, 0.0, 1.0],
                [0.244623, 0.303724, -0.920821, 0.124994, 0.530135, -0.837055, -0.135261, -0.002831, -0.81186, -0.455071, -0.365778, -1.2e-05, 0.0, 0.0, 0.0, 1.0],
                [0.235318, 0.23231, -0.943746, 0.124994, 0.519669, -0.850632, -0.079813, -0.002831, -0.821322, -0.471654, -0.320893, -1.2e-05, 0.0, 0.0, 0.0, 1.0],
                [0.225317, 0.161732, -0.960768, 0.124994, 0.508886, -0.860456, -0.025503, -0.002831, -0.830823, -0.483175, -0.276178, -1.2e-05, 0.0, 0.0, 0.0, 1.0],
                [0.215153, 0.09794, -0.971657, 0.124994, 0.498911, -0.866344, 0.023148, -0.002831, -0.839522, -0.48975, -0.235259, -1.2e-05, 0.0, 0.0, 0.0, 1.0],
                [0.205223, 0.0455, -0.977657, 0.124994, 0.490646, -0.869112, 0.062544, -0.002831, -0.846847, -0.492519, -0.200687, -1.2e-05, 0.0, 0.0, 0.0, 1.0],
                [0.195775, 0.007151, -0.980623, 0.124994, 0.484657, -0.870019, 0.090414, -0.002831, -0.852514, -0.492967, -0.173794, -1.2e-05, 0.0, 0.0, 0.0, 1.0],
                [0.186941, -0.015956, -0.982242, 0.124994, 0.48119, -0.870218, 0.105717, -0.002831, -0.856451, -0.492408, -0.155002, -1.2e-05, 0.0, 0.0, 0.0, 1.0],
                [0.178799, -0.023886, -0.983596, 0.124994, 0.480265, -0.870394, 0.10844, -0.002831, -0.858707, -0.491775, -0.144154, -1.2e-05, 0.0, 0.0, 0.0, 1.0],
                [0.17082, -0.024337, -0.985002, 0.124994, 0.480596, -0.87065, 0.104857, -0.002831, -0.860144, -0.4913, -0.137028, -1.2e-05, 0.0, 0.0, 0.0, 1.0],
                [0.162494, -0.024676, -0.986401, 0.124994, 0.480945, -0.870912, 0.101015, -0.002831, -0.861561, -0.490819, -0.12965, -1.2e-05, 0.0, 0.0, 0.0, 1.0],
                [0.153919, -0.024859, -0.987771, 0.124994, 0.481288, -0.871188, 0.096921, -0.002831, -0.862943, -0.49032, -0.122128, -1.2e-05, 0.0, 0.0, 0.0, 1.0],
                [0.1452, -0.024822, -0.989091, 0.124994, 0.4816, -0.871488, 0.09257, -0.002831, -0.864279, -0.489787, -0.114586, -1.2e-05, 0.0, 0.0, 0.0, 1.0],
                [0.136445, -0.0245, -0.990345, 0.124994, 0.481855, -0.871825, 0.087956, -0.002831, -0.865562, -0.489204, -0.107151, -1.2e-05, 0.0, 0.0, 0.0, 1.0],
                [0.127764, -0.023832, -0.991518, 0.124994, 0.48203, -0.872207, 0.083077, -0.002831, -0.866789, -0.488555, -0.099949, -1.2e-05, 0.0, 0.0, 0.0, 1.0],
                [0.119261, -0.02276, -0.992602, 0.124994, 0.4821, -0.872643, 0.077934, -0.002831, -0.867961, -0.487828, -0.093099, -1.2e-05, 0.0, 0.0, 0.0, 1.0],
                [0.111037, -0.021234, -0.993589, 0.124994, 0.482046, -0.873139, 0.07253, -0.002831, -0.869081, -0.487009, -0.086715, -1.2e-05, 0.0, 0.0, 0.0, 1.0],
                [0.103185, -0.019131, -0.994478, 0.124994, 0.481846, -0.873706, 0.066803, -0.002831, -0.87016, -0.486078, -0.080935, -1.2e-05, 0.0, 0.0, 0.0, 1.0],
                [0.095787, -0.016594, -0.995263, 0.124994, 0.481491, -0.874331, 0.060917, -0.002831, -0.871201, -0.485045, -0.07576, -1.2e-05, 0.0, 0.0, 0.0, 1.0],
                [0.088914, -0.013462, -0.995948, 0.124994, 0.480965, -0.875027, 0.054765, -0.002831, -0.872219, -0.483886, -0.071327, -1.2e-05, 0.0, 0.0, 0.0, 1.0],
                [0.082626, -0.009747, -0.996533, 0.124994, 0.480262, -0.875789, 0.048386, -0.002831, -0.873225, -0.482595, -0.067681, -1.2e-05, 0.0, 0.0, 0.0, 1.0],
                [0.076971, -0.00544, -0.997018, 0.124994, 0.479376, -0.876614, 0.041792, -0.002831, -0.874228, -0.481163, -0.064866, -1.2e-05, 0.0, 0.0, 0.0, 1.0],
                [0.071989, -0.000539, -0.997405, 0.124994, 0.478304, -0.877496, 0.034996, -0.002831, -0.875238, -0.479583, -0.062912, -1.2e-05, 0.0, 0.0, 0.0, 1.0],
                [0.067706, 0.005037, -0.997693, 0.124994, 0.477046, -0.878434, 0.027938, -0.002831, -0.876266, -0.477837, -0.061878, -1.2e-05, 0.0, 0.0, 0.0, 1.0],
                [0.064142, 0.011063, -0.997879, 0.124994, 0.475611, -0.879409, 0.020822, -0.002831, -0.877314, -0.475938, -0.061669, -1.2e-05, 0.0, 0.0, 0.0, 1.0],
                [0.061309, 0.017697, -0.997962, 0.124994, 0.473999, -0.880422, 0.013507, -0.002831, -0.878389, -0.473861, -0.062366, -1.2e-05, 0.0, 0.0, 0.0, 1.0],
                [0.059212, 0.024863, -0.997935, 0.124994, 0.472218, -0.881461, 0.006057, -0.002831, -0.879491, -0.471602, -0.063934, -1.2e-05, 0.0, 0.0, 0.0, 1.0],
                [0.057852, 0.032533, -0.997795, 0.124994, 0.470276, -0.882518, -0.001508, -0.002831, -0.880621, -0.469152, -0.066355, -1.2e-05, 0.0, 0.0, 0.0, 1.0],
                [0.076672, 0.001209, -0.997056, 0.124994, 0.450144, -0.892326, 0.033533, -0.002831, -0.889658, -0.45139, -0.06896, -1.2e-05, 0.0, 0.0, 0.0, 1.0],
                [0.137827, -0.09239, -0.986138, 0.124994, 0.391869, -0.909313, 0.139962, -0.002831, -0.909639, -0.405727, -0.089123, -1.2e-05, 0.0, 0.0, 0.0, 1.0],
                [0.242874, -0.223408, -0.943981, 0.124994, 0.296918, -0.909293, 0.291591, -0.002831, -0.9235, -0.351105, -0.15451, -1.2e-05, 0.0, 0.0, 0.0, 1.0],
                [0.383382, -0.367845, -0.847176, 0.124994, 0.183145, -0.868771, 0.460102, -0.002831, -0.905249, -0.331551, -0.265703, -1.2e-05, 0.0, 0.0, 0.0, 1.0],
                [0.53935, -0.475117, -0.695244, 0.124994, 0.087462, -0.789553, 0.607417, -0.002831, -0.837527, -0.388418, -0.384292, -1.2e-05, 0.0, 0.0, 0.0, 1.0],
                [0.689787, -0.48901, -0.533913, 0.124994, 0.043358, -0.708212, 0.704667, -0.002831, -0.722712, -0.509219, -0.467314, -1.2e-05, 0.0, 0.0, 0.0, 1.0],
                [0.818008, -0.3989, -0.414417, 0.124994, 0.05672, -0.661016, 0.748225, -0.002831, -0.572403, -0.63556, -0.518091, -1.2e-05, 0.0, 0.0, 0.0, 1.0],
                [0.909359, -0.239618, -0.340074, 0.124994, 0.106875, -0.655465, 0.747625, -0.002831, -0.402051, -0.716205, -0.570444, -1.2e-05, 0.0, 0.0, 0.0, 1.0],
                [0.958306, -0.063254, -0.278655, 0.124994, 0.163984, -0.676877, 0.717598, -0.002831, -0.234006, -0.733373, -0.638283, -1.2e-05, 0.0, 0.0, 0.0, 1.0],
                [0.974535, 0.08258, -0.208473, 0.124994, 0.205303, -0.70248, 0.681449, -0.002831, -0.090174, -0.706897, -0.701545, -1.2e-05, 0.0, 0.0, 0.0, 1.0],
                [0.975316, 0.172763, -0.137514, 0.124994, 0.220127, -0.711751, 0.667049, -0.002831, 0.017366, -0.680854, -0.732213, -1.2e-05, 0.0, 0.0, 0.0, 1.0],
                [0.970734, 0.226596, -0.079558, 0.124994, 0.220687, -0.711006, 0.667658, -0.002831, 0.094722, -0.665676, -0.740205, -1.2e-05, 0.0, 0.0, 0.0, 1.0],
                [0.963541, 0.265021, -0.036764, 0.124994, 0.221393, -0.712567, 0.665758, -0.002831, 0.150243, -0.649625, -0.745262, -1.2e-05, 0.0, 0.0, 0.0, 1.0],
                [0.957431, 0.288519, -0.009024, 0.124994, 0.221854, -0.715487, 0.662465, -0.002831, 0.184677, -0.636267, -0.749039, -1.2e-05, 0.0, 0.0, 0.0, 1.0],
                [0.954086, 0.299481, 0.005563, 0.124994, 0.22191, -0.719194, 0.658419, -0.002831, 0.201185, -0.626954, -0.752631, -1.2e-05, 0.0, 0.0, 0.0, 1.0],
                [0.953232, 0.30204, 0.010983, 0.124994, 0.221635, -0.723259, 0.654045, -0.002831, 0.205492, -0.621022, -0.756376, -1.2e-05, 0.0, 0.0, 0.0, 1.0],
                [0.953325, 0.301664, 0.013007, 0.124994, 0.221255, -0.72723, 0.649756, -0.002831, 0.205467, -0.616551, -0.760031, -1.2e-05, 0.0, 0.0, 0.0, 1.0],
                [0.952418, 0.304253, 0.018181, 0.124994, 0.221052, -0.730577, 0.646059, -0.002831, 0.209848, -0.611299, -0.763071, -1.2e-05, 0.0, 0.0, 0.0, 1.0],
                [0.948544, 0.314975, 0.032481, 0.124994, 0.221304, -0.732809, 0.64344, -0.002831, 0.22647, -0.603143, -0.764807, -1.2e-05, 0.0, 0.0, 0.0, 1.0],
                [0.939433, 0.337388, 0.060287, 0.124994, 0.222303, -0.733715, 0.642062, -0.002831, 0.260857, -0.589772, -0.764279, -1.2e-05, 0.0, 0.0, 0.0, 1.0],
                [0.921951, 0.373063, 0.104069, 0.124994, 0.224407, -0.733538, 0.641532, -0.002831, 0.31567, -0.568107, -0.760004, -1.2e-05, 0.0, 0.0, 0.0, 1.0],
                [0.891793, 0.421448, 0.164581, 0.124994, 0.228075, -0.732913, 0.640953, -0.002831, 0.390751, -0.534061, -0.749728, -1.2e-05, 0.0, 0.0, 0.0, 1.0],
                [0.843651, 0.479589, 0.241344, 0.124994, 0.227477, -0.726477, 0.648448, -0.002831, 0.486319, -0.492164, -0.721989, -1.2e-05, 0.0, 0.0, 0.0, 1.0],
                [0.881864, 0.421919, 0.210474, 0.124994, 0.233505, -0.778608, 0.582447, -0.002831, 0.409622, -0.464493, -0.785147, -1.2e-05, 0.0, 0.0, 0.0, 1.0],
                [0.308826, -0.427117, -0.849822, 0.124994, -0.017499, -0.895897, 0.443916, -0.002831, -0.950957, -0.122222, -0.284151, -1.2e-05, 0.0, 0.0, 0.0, 1.0],
                [0.512023, -0.512212, -0.689544, 0.124994, -0.088543, -0.829952, 0.550763, -0.002831, -0.854396, -0.220949, -0.470307, -1.2e-05, 0.0, 0.0, 0.0, 1.0],
                [0.875723, -0.349557, -0.333045, 0.124994, -0.154926, -0.85677, 0.491877, -0.002831, -0.457282, -0.379151, -0.804448, -1.2e-05, 0.0, 0.0, 0.0, 1.0],
                [0.641621, -0.5455, -0.539214, 0.124994, -0.228371, -0.806977, 0.544642, -0.002831, -0.732235, -0.226313, -0.64235, -1.2e-05, 0.0, 0.0, 0.0, 1.0],
                [-0.378342, -0.727664, -0.572156, 0.124994, 0.053684, -0.63431, 0.771213, -0.002831, -0.924108, 0.261067, 0.27905, -1.2e-05, 0.0, 0.0, 0.0, 1.0],
                [0.205728, -0.83415, -0.511732, 0.124994, -0.061547, -0.532911, 0.84393, -0.002831, -0.976672, -0.142125, -0.160975, -1.2e-05, 0.0, 0.0, 0.0, 1.0],
                [0.694809, -0.688956, -0.206349, 0.124994, -0.177267, -0.442121, 0.879264, -0.002831, -0.697005, -0.574342, -0.429319, -1.2e-05, 0.0, 0.0, 0.0, 1.0],
                [0.92311, -0.372294, 0.096259, 0.124994, -0.243509, -0.372215, 0.895633, -0.002831, -0.29761, -0.850208, -0.434253, -1.2e-05, 0.0, 0.0, 0.0, 1.0],
                [0.965721, -0.058922, 0.252806, 0.124994, -0.258255, -0.316431, 0.912784, -0.002831, 0.026213, -0.946784, -0.320802, -1.2e-05, 0.0, 0.0, 0.0, 1.0],
                [0.950315, 0.139248, 0.27841, 0.124994, -0.23526, -0.264412, 0.935275, -0.002831, 0.20385, -0.954304, -0.218516, -1.1e-05, 0.0, 0.0, 0.0, 1.0],
                [0.944784, 0.216411, 0.246068, 0.124994, -0.197838, -0.221925, 0.954782, -0.002831, 0.261234, -0.950745, -0.166857, -1.2e-05, 0.0, 0.0, 0.0, 1.0],
                [0.945252, 0.234522, 0.226932, 0.124994, -0.179613, -0.206709, 0.961774, -0.002831, 0.272467, -0.949879, -0.153269, -1.2e-05, 0.0, 0.0, 0.0, 1.0],
                [0.942766, 0.241889, 0.229523, 0.124994, -0.180278, -0.209316, 0.961086, -0.002831, 0.280519, -0.947458, -0.153729, -1.2e-05, 0.0, 0.0, 0.0, 1.0],
                [0.940258, 0.249169, 0.232013, 0.124994, -0.180855, -0.211827, 0.960427, -0.002831, 0.288456, -0.94501, -0.154109, -1.2e-05, 0.0, 0.0, 0.0, 1.0],
                [0.937729, 0.25636, 0.234399, 0.124994, -0.181345, -0.214242, 0.959799, -0.002831, 0.296272, -0.942539, -0.154411, -1.2e-05, 0.0, 0.0, 0.0, 1.0],
                [0.935187, 0.263454, 0.236678, 0.124994, -0.18175, -0.216554, 0.959203, -0.002831, 0.30396, -0.940051, -0.154636, -1.2e-05, 0.0, 0.0, 0.0, 1.0],
                [0.932635, 0.270445, 0.238852, 0.124994, -0.182075, -0.218766, 0.95864, -0.002831, 0.311512, -0.93755, -0.154787, -1.2e-05, 0.0, 0.0, 0.0, 1.0],
                [0.93008, 0.277328, 0.240917, 0.124994, -0.182318, -0.220873, 0.95811, -0.002831, 0.318922, -0.935042, -0.154868, -1.2e-05, 0.0, 0.0, 0.0, 1.0],
                [0.927525, 0.284093, 0.242875, 0.124994, -0.182488, -0.222877, 0.957613, -0.002831, 0.326182, -0.932533, -0.154881, -1.2e-05, 0.0, 0.0, 0.0, 1.0],
                [0.924977, 0.290734, 0.244725, 0.124994, -0.182586, -0.224776, 0.957151, -0.002831, 0.333285, -0.930027, -0.154829, -1.2e-05, 0.0, 0.0, 0.0, 1.0],
                [0.922443, 0.297241, 0.246467, 0.124993, -0.182617, -0.226573, 0.956721, -0.002831, 0.34022, -0.92753, -0.154719, -1.2e-05, 0.0, 0.0, 0.0, 1.0],
                [0.919927, 0.303608, 0.248103, 0.124994, -0.182584, -0.228265, 0.956325, -0.002831, 0.346982, -0.92505, -0.154553, -1.2e-05, 0.0, 0.0, 0.0, 1.0],
                [0.917437, 0.309826, 0.249634, 0.124994, -0.182493, -0.229854, 0.955962, -0.002831, 0.353561, -0.922591, -0.154336, -1.2e-05, 0.0, 0.0, 0.0, 1.0],
                [0.914978, 0.315885, 0.251063, 0.124994, -0.18235, -0.231343, 0.95563, -0.002831, 0.359951, -0.920161, -0.154072, -1.2e-05, 0.0, 0.0, 0.0, 1.0],
                [0.912555, 0.321779, 0.25239, 0.124994, -0.182156, -0.232732, 0.95533, -0.002831, 0.366145, -0.917766, -0.153767, -1.2e-05, 0.0, 0.0, 0.0, 1.0],
                [0.910177, 0.327498, 0.253619, 0.124994, -0.181919, -0.234026, 0.955059, -0.002831, 0.372133, -0.915411, -0.153427, -1.2e-05, 0.0, 0.0, 0.0, 1.0],
                [0.907848, 0.333034, 0.254754, 0.124994, -0.181644, -0.235225, 0.954816, -0.002831, 0.377911, -0.913103, -0.153056, -1.2e-05, 0.0, 0.0, 0.0, 1.0],
                [0.905576, 0.338377, 0.255799, 0.124994, -0.181338, -0.236336, 0.9546, -0.002831, 0.383469, -0.910849, -0.152659, -1.2e-05, 0.0, 0.0, 0.0, 1.0],
                [0.903365, 0.343523, 0.256756, 0.124994, -0.181003, -0.23736, 0.95441, -0.002831, 0.388805, -0.908654, -0.152244, -1.2e-05, 0.0, 0.0, 0.0, 1.0],
                [0.901221, 0.348463, 0.25763, 0.124994, -0.180647, -0.2383, 0.954243, -0.002831, 0.393912, -0.906524, -0.151813, -1.2e-05, 0.0, 0.0, 0.0, 1.0],
                [0.89915, 0.35319, 0.258427, 0.124994, -0.180275, -0.239162, 0.954098, -0.002831, 0.398784, -0.904466, -0.151371, -1.1e-05, 0.0, 0.0, 0.0, 1.0],
                [0.897157, 0.357699, 0.259151, 0.124994, -0.179893, -0.239952, 0.953971, -0.002831, 0.403418, -0.902482, -0.150928, -1.2e-05, 0.0, 0.0, 0.0, 1.0],
                [0.895246, 0.361985, 0.259809, 0.124994, -0.179505, -0.240674, 0.953862, -0.002831, 0.407813, -0.900579, -0.150484, -1.2e-05, 0.0, 0.0, 0.0, 1.0],
                [0.893421, 0.366044, 0.260404, 0.124994, -0.179117, -0.241332, 0.953769, -0.002831, 0.411966, -0.89876, -0.150046, -1.1e-05, 0.0, 0.0, 0.0, 1.0],
                [0.891686, 0.369872, 0.260943, 0.124993, -0.178733, -0.241936, 0.953688, -0.002831, 0.415874, -0.89703, -0.149623, -1.2e-05, 0.0, 0.0, 0.0, 1.0],
                [0.890042, 0.373466, 0.261434, 0.124994, -0.178359, -0.242488, 0.953618, -0.002831, 0.419538, -0.895389, -0.149213, -1.2e-05, 0.0, 0.0, 0.0, 1.0],
                [0.888493, 0.376825, 0.261882, 0.124994, -0.177999, -0.242998, 0.953555, -0.002831, 0.42296, -0.893843, -0.148828, -1.2e-05, 0.0, 0.0, 0.0, 1.0],
                [0.88704, 0.37995, 0.262292, 0.124994, -0.177656, -0.24347, 0.953499, -0.002831, 0.426142, -0.89239, -0.148467, -1.2e-05, 0.0, 0.0, 0.0, 1.0],
                [0.885685, 0.382838, 0.262673, 0.124994, -0.177337, -0.243914, 0.953445, -0.002831, 0.429084, -0.891034, -0.148139, -1.2e-05, 0.0, 0.0, 0.0, 1.0],
                [0.884426, 0.385493, 0.263031, 0.124994, -0.177044, -0.244333, 0.953392, -0.002831, 0.431794, -0.889773, -0.147846, -1.2e-05, 0.0, 0.0, 0.0, 1.0],
                [0.883264, 0.387918, 0.263371, 0.124995, -0.17678, -0.244738, 0.953337, -0.002831, 0.434273, -0.888608, -0.147592, -1.2e-05, 0.0, 0.0, 0.0, 1.0],
                [0.882198, 0.390114, 0.2637, 0.124994, -0.176547, -0.245134, 0.953279, -0.002831, 0.436529, -0.887536, -0.147383, -1.2e-05, 0.0, 0.0, 0.0, 1.0],
                [0.881226, 0.392085, 0.264026, 0.124994, -0.176351, -0.245529, 0.953213, -0.002831, 0.438567, -0.886558, -0.147222, -1.2e-05, 0.0, 0.0, 0.0, 1.0],
                [0.880346, 0.393838, 0.264353, 0.124994, -0.176191, -0.24593, 0.95314, -0.002831, 0.440395, -0.885669, -0.147112, -1.2e-05, 0.0, 0.0, 0.0, 1.0],
                [0.879555, 0.395376, 0.264689, 0.124994, -0.176072, -0.246344, 0.953055, -0.002831, 0.44202, -0.884869, -0.147059, -1.2e-05, 0.0, 0.0, 0.0, 1.0],
                [0.87885, 0.396705, 0.26504, 0.124994, -0.175995, -0.24678, 0.952956, -0.002831, 0.443449, -0.884152, -0.147065, -1.2e-05, 0.0, 0.0, 0.0, 1.0],
                [0.878228, 0.397833, 0.265412, 0.124994, -0.175961, -0.247242, 0.952842, -0.002831, 0.444693, -0.883516, -0.147132, -1.2e-05, 0.0, 0.0, 0.0, 1.0],
                [0.877686, 0.398764, 0.265808, 0.124994, -0.175972, -0.24774, 0.952711, -0.002831, 0.445759, -0.882956, -0.147267, -1.2e-05, 0.0, 0.0, 0.0, 1.0],
                [0.877218, 0.399507, 0.266238, 0.124994, -0.176032, -0.248278, 0.95256, -0.002831, 0.446656, -0.882469, -0.147468, -1.2e-05, 0.0, 0.0, 0.0, 1.0],
                [0.876821, 0.400068, 0.266703, 0.124994, -0.176138, -0.248864, 0.952387, -0.002831, 0.447392, -0.88205, -0.147742, -1.2e-05, 0.0, 0.0, 0.0, 1.0],
