{
    "animation": [
        {
            "name": "Root",
            "time": [0.0, 0.0167, 0.0333, 0.05, 0.0667, 0.0833, 0.1, 0.1167, 0.1333, 0.15, 0.1667, 0.1833, 0.2, 0.2167, 0.2333, 0.25, 0.2667, 0.2833, 0.3, 0.3167, 0.3333, 0.35, 0.3667, 0.3833, 0.4, 0.4167, 0.4333, 0.45, 0.4667, 0.4833, 0.5, 0.5167, 0.5333, 0.55, 0.5667, 0.5833, 0.6, 0.6167, 0.6333, 0.65, 0.6667, 0.6833, 0.7, 0.7167, 0.7333, 0.75, 0.7667, 0.7833, 0.8, 0.8167, 0.8333, 0.85, 0.8667, 0.8833, 0.9, 0.9167, 0.9333, 0.95, 0.9667, 0.9833, 1.0, 1.0167, 1.0333, 1.05, 1.0667, 1.0833, 1.1, 1.1167, 1.1333, 1.15, 1.1667, 1.1833, 1.2, 1.2167, 1.2333, 1.25, 1.2667, 1.2833, 1.3, 1.3167, 1.3333, 1.35, 1.3667, 1.3833, 1.4, 1.4167, 1.4333, 1.45, 1.4667, 1.4833, 1.5, 1.5167, 1.5333, 1.55, 1.5667, 1.5833, 1.6, 1.6167, 1.6333, 1.65, 1.6667, 1.6833, 1.7, 1.7167, 1.7333, 1.75, 1.7667, 1.7833, 1.8, 1.8167, 1.8333, 1.85, 1.8667, 1.8833, 1.9, 1.9167, 1.9333, 1.95, 1.9667, 1.9833, 2.0, 2.0167, 2.0333, 2.05, 2.0667, 2.0833, 2.1, 2.1167, 2.1333, 2.15, 2.1667, 2.1833, 2.2, 2.2167, 2.2333, 2.25, 2.2667, 2.2833, 2.3],
            "transform": [
                [0.943939, 0.0, -0.330121, -5e-06, -0.330121, 0.0, -0.943939, 0.000946, 0.0, 1.0, 0.0, 0.759444, 0.0, 0.0, 0.0, 1.0],
                [0.942412, 0.000555, -0.334455, -3.2e-05, -0.334453, -0.001942, -0.94241, -0.001065, -0.001172, 0.999998, -0.001644, 0.758682, 0.0, 0.0, 0.0, 1.0],
                [0.937673, 0.002231, -0.347512, -0.000116, -0.347486, -0.007812, -0.937653, -0.007171, -0.004807, 0.999967, -0.00655, 0.756372, 0.0, 0.0, 0.0, 1.0],
                [0.92935, 0.005031, -0.369166, -0.000256, -0.369031, -0.017615, -0.92925, -0.017417, -0.011178, 0.999832, -0.014513, 0.752497, 0.0, 0.0, 0.0, 1.0],
                [0.916932, 0.008926, -0.398943, -0.000451, -0.398508, -0.031244, -0.916632, -0.03175, -0.020646, 0.999472, -0.025092, 0.747082, 0.0, 0.0, 0.0, 1.0],
                [0.899864, 0.013845, -0.435951, -0.000697, -0.434877, -0.048451, -0.899186, -0.049981, -0.033572, 0.99873, -0.037578, 0.740205, 0.0, 0.0, 0.0, 1.0],
                [0.877682, 0.019674, -0.478839, -0.000988, -0.476607, -0.068817, -0.876419, -0.071759, -0.050195, 0.997435, -0.051022, 0.732004, 0.0, 0.0, 0.0, 1.0],
                [0.85019, 0.026245, -0.525821, -0.001317, -0.521735, -0.091736, -0.848161, -0.096555, -0.070497, 0.995437, -0.0643, 0.722686, 0.0, 0.0, 0.0, 1.0],
                [0.817627, 0.033344, -0.574782, -0.001672, -0.568009, -0.11643, -0.814745, -0.123663, -0.094088, 0.992639, -0.076257, 0.712519, 0.0, 0.0, 0.0, 1.0],
                [0.780781, 0.040715, -0.623477, -0.00204, -0.613141, -0.141986, -0.777109, -0.152234, -0.120165, 0.989031, -0.085896, 0.701826, 0.0, 0.0, 0.0, 1.0],
                [0.741, 0.048085, -0.669781, -0.002409, -0.65509, -0.167424, -0.736767, -0.181323, -0.147564, 0.984712, -0.092561, 0.690955, 0.0, 0.0, 0.0, 1.0],
                [0.700077, 0.055177, -0.711932, -0.002763, -0.692312, -0.191782, -0.695647, -0.209973, -0.174919, 0.979885, -0.096063, 0.680259, 0.0, 0.0, 0.0, 1.0],
                [0.660035, 0.061738, -0.748693, -0.003092, -0.723885, -0.214196, -0.655828, -0.237282, -0.200857, 0.974838, -0.096686, 0.670063, 0.0, 0.0, 0.0, 1.0],
                [0.622885, 0.067556, -0.779391, -0.003382, -0.749505, -0.233958, -0.619279, -0.262468, -0.224181, 0.969897, -0.095096, 0.660646, 0.0, 0.0, 0.0, 1.0],
                [0.590405, 0.072463, -0.803848, -0.003628, -0.769347, -0.250542, -0.587651, -0.284908, -0.243981, 0.96539, -0.092172, 0.652226, 0.0, 0.0, 0.0, 1.0],
                [0.564003, 0.076347, -0.822236, -0.003822, -0.783885, -0.263604, -0.562172, -0.304152, -0.259665, 0.961605, -0.088826, 0.64496, 0.0, 0.0, 0.0, 1.0],
                [0.544658, 0.079139, -0.834916, -0.003962, -0.793693, -0.272959, -0.54364, -0.31991, -0.270921, 0.958765, -0.085858, 0.638947, 0.0, 0.0, 0.0, 1.0],
                [0.532937, 0.08081, -0.842288, -0.004045, -0.799308, -0.278545, -0.532466, -0.332031, -0.277644, 0.957017, -0.083855, 0.634236, 0.0, 0.0, 0.0, 1.0],
                [0.529037, 0.081363, -0.844689, -0.004073, -0.801122, -0.28039, -0.528758, -0.340479, -0.279864, 0.956432, -0.083155, 0.630841, 0.0, 0.0, 0.0, 1.0],
                [0.529037, 0.081363, -0.844689, -0.004073, -0.801122, -0.28039, -0.528758, -0.346915, -0.279864, 0.956432, -0.083155, 0.628211, 0.0, 0.0, 0.0, 1.0],
                [0.529037, 0.081363, -0.844689, -0.004073, -0.801122, -0.28039, -0.528758, -0.352956, -0.279864, 0.956432, -0.083155, 0.625817, 0.0, 0.0, 0.0, 1.0],
                [0.529037, 0.081363, -0.844689, -0.004073, -0.801122, -0.28039, -0.528758, -0.358561, -0.279864, 0.956432, -0.083155, 0.623669, 0.0, 0.0, 0.0, 1.0],
                [0.529037, 0.081363, -0.844689, -0.004073, -0.801122, -0.28039, -0.528758, -0.363688, -0.279864, 0.956432, -0.083155, 0.621778, 0.0, 0.0, 0.0, 1.0],
                [0.529037, 0.081363, -0.844689, -0.004073, -0.801122, -0.28039, -0.528758, -0.368298, -0.279864, 0.956432, -0.083155, 0.620148, 0.0, 0.0, 0.0, 1.0],
                [0.529037, 0.081363, -0.844689, -0.004073, -0.801122, -0.28039, -0.528758, -0.372362, -0.279864, 0.956432, -0.083155, 0.618775, 0.0, 0.0, 0.0, 1.0],
                [0.529037, 0.081363, -0.844689, -0.004073, -0.801122, -0.28039, -0.528758, -0.375862, -0.279864, 0.956432, -0.083155, 0.617648, 0.0, 0.0, 0.0, 1.0],
                [0.529037, 0.081363, -0.844689, -0.004073, -0.801122, -0.28039, -0.528758, -0.378795, -0.279864, 0.956432, -0.083155, 0.616743, 0.0, 0.0, 0.0, 1.0],
                [0.529037, 0.081363, -0.844689, -0.004073, -0.801122, -0.28039, -0.528758, -0.381179, -0.279864, 0.956432, -0.083155, 0.616031, 0.0, 0.0, 0.0, 1.0],
                [0.529037, 0.081363, -0.844689, -0.004073, -0.801122, -0.28039, -0.528758, -0.383049, -0.279864, 0.956432, -0.083155, 0.615471, 0.0, 0.0, 0.0, 1.0],
                [0.529037, 0.081363, -0.844689, -0.004073, -0.801122, -0.28039, -0.528758, -0.384458, -0.279864, 0.956432, -0.083155, 0.615019, 0.0, 0.0, 0.0, 1.0],
                [0.529037, 0.081363, -0.844689, -0.004073, -0.801122, -0.28039, -0.528758, -0.38547, -0.279864, 0.956432, -0.083155, 0.61463, 0.0, 0.0, 0.0, 1.0],
                [0.529037, 0.081363, -0.844689, -0.004073, -0.801122, -0.28039, -0.528758, -0.386156, -0.279864, 0.956432, -0.083155, 0.614259, 0.0, 0.0, 0.0, 1.0],
                [0.529037, 0.081363, -0.844689, -0.004073, -0.801122, -0.28039, -0.528758, -0.386588, -0.279864, 0.956432, -0.083155, 0.613869, 0.0, 0.0, 0.0, 1.0],
                [0.529037, 0.081363, -0.844689, -0.004073, -0.801122, -0.28039, -0.528758, -0.386832, -0.279864, 0.956432, -0.083155, 0.613427, 0.0, 0.0, 0.0, 1.0],
                [0.529037, 0.081363, -0.844689, -0.004073, -0.801122, -0.28039, -0.528758, -0.386948, -0.279864, 0.956432, -0.083155, 0.612909, 0.0, 0.0, 0.0, 1.0],
                [0.529037, 0.081363, -0.844689, -0.004073, -0.801122, -0.28039, -0.528758, -0.386988, -0.279864, 0.956432, -0.083155, 0.612296, 0.0, 0.0, 0.0, 1.0],
                [0.529037, 0.081363, -0.844689, -0.004073, -0.801122, -0.28039, -0.528758, -0.386993, -0.279864, 0.956432, -0.083155, 0.611575, 0.0, 0.0, 0.0, 1.0],
                [0.529266, 0.07993, -0.844683, -0.004001, -0.802177, -0.277163, -0.52886, -0.387041, -0.276387, 0.957492, -0.082575, 0.610831, 0.0, 0.0, 0.0, 1.0],
                [0.530746, 0.075596, -0.844153, -0.003784, -0.804782, -0.26738, -0.529937, -0.386644, -0.265771, 0.960621, -0.081073, 0.610155, 0.0, 0.0, 0.0, 1.0],
                [0.534955, 0.068356, -0.842111, -0.003422, -0.807725, -0.250954, -0.533482, -0.384787, -0.247797, 0.965583, -0.079036, 0.609545, 0.0, 0.0, 0.0, 1.0],
                [0.543718, 0.05828, -0.837242, -0.002919, -0.809267, -0.227937, -0.541417, -0.380176, -0.222393, 0.97193, -0.07677, 0.608994, 0.0, 0.0, 0.0, 1.0],
                [0.559013, 0.045543, -0.827907, -0.002282, -0.807156, -0.198605, -0.555927, -0.371336, -0.189745, 0.979021, -0.074262, 0.608488, 0.0, 0.0, 0.0, 1.0],
                [0.582588, 0.030442, -0.812198, -0.001527, -0.798722, -0.16353, -0.579051, -0.356798, -0.150446, 0.986069, -0.070956, 0.608002, 0.0, 0.0, 0.0, 1.0],
                [0.615436, 0.013406, -0.788073, -0.000675, -0.781074, -0.123651, -0.612073, -0.33536, -0.105651, 0.992235, -0.065628, 0.607507, 0.0, 0.0, 0.0, 1.0],
                [0.65736, -0.005004, -0.75356, 0.000246, -0.751401, -0.08028, -0.654944, -0.306311, -0.057218, 0.99676, -0.056533, 0.606972, 0.0, 0.0, 0.0, 1.0],
                [0.706821, -0.024125, -0.706981, 0.001202, -0.70735, -0.035049, -0.705994, -0.269509, -0.007747, 0.999094, -0.041838, 0.606372, 0.0, 0.0, 0.0, 1.0],
                [0.761126, -0.043238, -0.647162, 0.002157, -0.647397, 0.010225, -0.762085, -0.225296, 0.039568, 0.999012, -0.020209, 0.605685, 0.0, 0.0, 0.0, 1.0],
                [0.816837, -0.061622, -0.573568, 0.003077, -0.571113, 0.053718, -0.819112, -0.174327, 0.081287, 0.996653, 0.008686, 0.604891, 0.0, 0.0, 0.0, 1.0],
                [0.870215, -0.07862, -0.486359, 0.003926, -0.47925, 0.093782, -0.872654, -0.117392, 0.11422, 0.992484, 0.043931, 0.603967, 0.0, 0.0, 0.0, 1.0],
                [0.943298, -0.093676, -0.318456, 0.004679, -0.305656, 0.129076, -0.943353, -0.020687, 0.129475, 0.9872, 0.093124, 0.590358, 0.0, 0.0, 0.0, 1.0],
                [0.994327, -0.106367, 0.000753, 0.005314, 0.017718, 0.158635, -0.987178, 0.144089, 0.104883, 0.981591, 0.15962, 0.552684, 0.0, 0.0, 0.0, 1.0],
                [0.910704, -0.1164, 0.39632, 0.005815, 0.411829, 0.181857, -0.89293, 0.347769, 0.031863, 0.976411, 0.213555, 0.499069, 0.0, 0.0, 0.0, 1.0],
                [0.694373, -0.123606, 0.70892, 0.006176, 0.717265, 0.198446, -0.667945, 0.537756, -0.05812, 0.972286, 0.226454, 0.445684, 0.0, 0.0, 0.0, 1.0],
                [0.489144, -0.127919, 0.862772, 0.006391, 0.863762, 0.208332, -0.458817, 0.664966, -0.121052, 0.969657, 0.212396, 0.408638, 0.0, 0.0, 0.0, 1.0],
                [0.411862, -0.129344, 0.90202, 0.006463, 0.900174, 0.211594, -0.380678, 0.707732, -0.141623, 0.968761, 0.20358, 0.395928, 0.0, 0.0, 0.0, 1.0],
                [0.411862, -0.129344, 0.90202, 0.006463, 0.900174, 0.211594, -0.380678, 0.707732, -0.141623, 0.968761, 0.20358, 0.395928, 0.0, 0.0, 0.0, 1.0],
                [0.411862, -0.129344, 0.90202, 0.006463, 0.900174, 0.211594, -0.380678, 0.707732, -0.141623, 0.968761, 0.20358, 0.395928, 0.0, 0.0, 0.0, 1.0],
                [0.411862, -0.129344, 0.90202, 0.006463, 0.900174, 0.211594, -0.380678, 0.707732, -0.141623, 0.968761, 0.20358, 0.395928, 0.0, 0.0, 0.0, 1.0],
                [0.411862, -0.129344, 0.90202, 0.006463, 0.900174, 0.211594, -0.380678, 0.707732, -0.141623, 0.968761, 0.20358, 0.395928, 0.0, 0.0, 0.0, 1.0],
                [0.411862, -0.129344, 0.90202, 0.006463, 0.900174, 0.211594, -0.380678, 0.707732, -0.141623, 0.968761, 0.20358, 0.395928, 0.0, 0.0, 0.0, 1.0],
                [0.411862, -0.129344, 0.90202, 0.006463, 0.900174, 0.211594, -0.380678, 0.707732, -0.141623, 0.968761, 0.20358, 0.395928, 0.0, 0.0, 0.0, 1.0],
                [0.411862, -0.129344, 0.90202, 0.006463, 0.900174, 0.211594, -0.380678, 0.707732, -0.141623, 0.968761, 0.20358, 0.395928, 0.0, 0.0, 0.0, 1.0],
                [0.411862, -0.129344, 0.90202, 0.006463, 0.900174, 0.211594, -0.380678, 0.707732, -0.141623, 0.968761, 0.20358, 0.395928, 0.0, 0.0, 0.0, 1.0],
                [0.411862, -0.129344, 0.90202, 0.006463, 0.900174, 0.211594, -0.380678, 0.707732, -0.141623, 0.968761, 0.20358, 0.395928, 0.0, 0.0, 0.0, 1.0],
                [0.411862, -0.129344, 0.90202, 0.006463, 0.900174, 0.211594, -0.380678, 0.707732, -0.141623, 0.968761, 0.20358, 0.395928, 0.0, 0.0, 0.0, 1.0],
                [0.411862, -0.129344, 0.90202, 0.006463, 0.900174, 0.211594, -0.380678, 0.707732, -0.141623, 0.968761, 0.20358, 0.395928, 0.0, 0.0, 0.0, 1.0],
                [0.411862, -0.129344, 0.90202, 0.006463, 0.900174, 0.211594, -0.380678, 0.707732, -0.141623, 0.968761, 0.20358, 0.395928, 0.0, 0.0, 0.0, 1.0],
                [0.411862, -0.129344, 0.90202, 0.006463, 0.900174, 0.211594, -0.380678, 0.707732, -0.141623, 0.968761, 0.20358, 0.395928, 0.0, 0.0, 0.0, 1.0],
                [0.411862, -0.129344, 0.90202, 0.006463, 0.900174, 0.211594, -0.380678, 0.707732, -0.141623, 0.968761, 0.20358, 0.395928, 0.0, 0.0, 0.0, 1.0],
                [0.411862, -0.129344, 0.90202, 0.006463, 0.900174, 0.211594, -0.380678, 0.707732, -0.141623, 0.968761, 0.20358, 0.395928, 0.0, 0.0, 0.0, 1.0],
                [0.411862, -0.129344, 0.90202, 0.006463, 0.900174, 0.211594, -0.380678, 0.707732, -0.141623, 0.968761, 0.20358, 0.395928, 0.0, 0.0, 0.0, 1.0],
                [0.411862, -0.129344, 0.90202, 0.006463, 0.900174, 0.211594, -0.380678, 0.707732, -0.141623, 0.968761, 0.20358, 0.395928, 0.0, 0.0, 0.0, 1.0],
                [0.411862, -0.129344, 0.90202, 0.006463, 0.900174, 0.211594, -0.380678, 0.707732, -0.141623, 0.968761, 0.20358, 0.395928, 0.0, 0.0, 0.0, 1.0],
                [0.411862, -0.129344, 0.90202, 0.006463, 0.900174, 0.211594, -0.380678, 0.707732, -0.141623, 0.968761, 0.20358, 0.395928, 0.0, 0.0, 0.0, 1.0],
                [0.411862, -0.129344, 0.90202, 0.006463, 0.900174, 0.211594, -0.380678, 0.707732, -0.141623, 0.968761, 0.20358, 0.395928, 0.0, 0.0, 0.0, 1.0],
                [0.411862, -0.129344, 0.90202, 0.006463, 0.900174, 0.211594, -0.380678, 0.707732, -0.141623, 0.968761, 0.20358, 0.395928, 0.0, 0.0, 0.0, 1.0],
                [0.411862, -0.129344, 0.90202, 0.006463, 0.900174, 0.211594, -0.380678, 0.707732, -0.141623, 0.968761, 0.20358, 0.395928, 0.0, 0.0, 0.0, 1.0],
                [0.411862, -0.129344, 0.90202, 0.006463, 0.900174, 0.211594, -0.380678, 0.707732, -0.141623, 0.968761, 0.20358, 0.395928, 0.0, 0.0, 0.0, 1.0],
                [0.411862, -0.129344, 0.90202, 0.006463, 0.900174, 0.211594, -0.380678, 0.707732, -0.141623, 0.968761, 0.20358, 0.395928, 0.0, 0.0, 0.0, 1.0],
                [0.411862, -0.129344, 0.90202, 0.006463, 0.900174, 0.211594, -0.380678, 0.707732, -0.141623, 0.968761, 0.20358, 0.395928, 0.0, 0.0, 0.0, 1.0],
                [0.411862, -0.129344, 0.90202, 0.006463, 0.900174, 0.211594, -0.380678, 0.707732, -0.141623, 0.968761, 0.20358, 0.395928, 0.0, 0.0, 0.0, 1.0],
                [0.411862, -0.129344, 0.90202, 0.006463, 0.900174, 0.211594, -0.380678, 0.707732, -0.141623, 0.968761, 0.20358, 0.395928, 0.0, 0.0, 0.0, 1.0],
                [0.411862, -0.129344, 0.90202, 0.006463, 0.900174, 0.211594, -0.380678, 0.707732, -0.141623, 0.968761, 0.20358, 0.395928, 0.0, 0.0, 0.0, 1.0],
                [0.411862, -0.129344, 0.90202, 0.006463, 0.900174, 0.211594, -0.380678, 0.707732, -0.141623, 0.968761, 0.20358, 0.395928, 0.0, 0.0, 0.0, 1.0],
                [0.411862, -0.129344, 0.90202, 0.006463, 0.900174, 0.211594, -0.380678, 0.707732, -0.141623, 0.968761, 0.20358, 0.395928, 0.0, 0.0, 0.0, 1.0],
                [0.411862, -0.129344, 0.90202, 0.006463, 0.900174, 0.211594, -0.380678, 0.707732, -0.141623, 0.968761, 0.20358, 0.395928, 0.0, 0.0, 0.0, 1.0],
                [0.411862, -0.129344, 0.90202, 0.006463, 0.900174, 0.211594, -0.380678, 0.707732, -0.141623, 0.968761, 0.20358, 0.395928, 0.0, 0.0, 0.0, 1.0],
                [0.411862, -0.129344, 0.90202, 0.006463, 0.900174, 0.211594, -0.380678, 0.707732, -0.141623, 0.968761, 0.20358, 0.395928, 0.0, 0.0, 0.0, 1.0],
                [0.411862, -0.129344, 0.90202, 0.006463, 0.900174, 0.211594, -0.380678, 0.707732, -0.141623, 0.968761, 0.20358, 0.395928, 0.0, 0.0, 0.0, 1.0],
                [0.411862, -0.129344, 0.90202, 0.006463, 0.900174, 0.211594, -0.380678, 0.707732, -0.141623, 0.968761, 0.20358, 0.395928, 0.0, 0.0, 0.0, 1.0],
                [0.411862, -0.129344, 0.90202, 0.006463, 0.900174, 0.211594, -0.380678, 0.707732, -0.141623, 0.968761, 0.20358, 0.395928, 0.0, 0.0, 0.0, 1.0],
                [0.413139, -0.129222, 0.901453, 0.006457, 0.899654, 0.211399, -0.382011, 0.707058, -0.141202, 0.96882, 0.203592, 0.396272, 0.0, 0.0, 0.0, 1.0],
                [0.416982, -0.128853, 0.899735, 0.006438, 0.898078, 0.210811, -0.386023, 0.705029, -0.139934, 0.968997, 0.203624, 0.397311, 0.0, 0.0, 0.0, 1.0],
                [0.423396, -0.128235, 0.896823, 0.006407, 0.895401, 0.209827, -0.392722, 0.701633, -0.137817, 0.969293, 0.203662, 0.39905, 0.0, 0.0, 0.0, 1.0],
                [0.43237, -0.127367, 0.892656, 0.006364, 0.891555, 0.208445, -0.402095, 0.696863, -0.134855, 0.969705, 0.20368, 0.401492, 0.0, 0.0, 0.0, 1.0],
                [0.443874, -0.126249, 0.887151, 0.006308, 0.886454, 0.206661, -0.414115, 0.690716, -0.131058, 0.970233, 0.203645, 0.404639, 0.0, 0.0, 0.0, 1.0],
                [0.457856, -0.12488, 0.880212, 0.006239, 0.879989, 0.204477, -0.42873, 0.683194, -0.126443, 0.970873, 0.203514, 0.408491, 0.0, 0.0, 0.0, 1.0],
                [0.474242, -0.123261, 0.871723, 0.006158, 0.872035, 0.201892, -0.445864, 0.674302, -0.121036, 0.97162, 0.203234, 0.413044, 0.0, 0.0, 0.0, 1.0],
                [0.492932, -0.121395, 0.861557, 0.006065, 0.862451, 0.198908, -0.465417, 0.664053, -0.114872, 0.97247, 0.202746, 0.418294, 0.0, 0.0, 0.0, 1.0],
                [0.5138, -0.119285, 0.849577, 0.00596, 0.851086, 0.19553, -0.487259, 0.652465, -0.107995, 0.973416, 0.201985, 0.42423, 0.0, 0.0, 0.0, 1.0],
                [0.536688, -0.116935, 0.835639, 0.005842, 0.837779, 0.191763, -0.511228, 0.639563, -0.100465, 0.97445, 0.200882, 0.43084, 0.0, 0.0, 0.0, 1.0],
                [0.561409, -0.11435, 0.8196, 0.005713, 0.82237, 0.187615, -0.53713, 0.62538, -0.092348, 0.975564, 0.199367, 0.438107, 0.0, 0.0, 0.0, 1.0],
                [0.587745, -0.111539, 0.801321, 0.005572, 0.804702, 0.183095, -0.564739, 0.609956, -0.083728, 0.976747, 0.197368, 0.446013, 0.0, 0.0, 0.0, 1.0],
                [0.615445, -0.108509, 0.780675, 0.005421, 0.784632, 0.178216, -0.593794, 0.59334, -0.074697, 0.97799, 0.194822, 0.454531, 0.0, 0.0, 0.0, 1.0],
                [0.64423, -0.10527, 0.757552, 0.005259, 0.762034, 0.172993, -0.624002, 0.575588, -0.065363, 0.979281, 0.191667, 0.463634, 0.0, 0.0, 0.0, 1.0],
                [0.673793, -0.101836, 0.731869, 0.005087, 0.736807, 0.167444, -0.65504, 0.556766, -0.055841, 0.980608, 0.187856, 0.473287, 0.0, 0.0, 0.0, 1.0],
                [0.703803, -0.098218, 0.703573, 0.004906, 0.708888, 0.161589, -0.686562, 0.53695, -0.046257, 0.981958, 0.183352, 0.483453, 0.0, 0.0, 0.0, 1.0],
                [0.733911, -0.094432, 0.67265, 0.004717, 0.678251, 0.155452, -0.718199, 0.516223, -0.036743, 0.98332, 0.178137, 0.49409, 0.0, 0.0, 0.0, 1.0],
                [0.763757, -0.090496, 0.639129, 0.00452, 0.644921, 0.149058, -0.749572, 0.494677, -0.027434, 0.984679, 0.172207, 0.50515, 0.0, 0.0, 0.0, 1.0],
                [0.792978, -0.086426, 0.60309, 0.004317, 0.608971, 0.142437, -0.780299, 0.472413, -0.018464, 0.986023, 0.16558, 0.516582, 0.0, 0.0, 0.0, 1.0],
                [0.821216, -0.082243, 0.56466, 0.004108, 0.570531, 0.135619, -0.810001, 0.449537, -0.009961, 0.987342, 0.158295, 0.528331, 0.0, 0.0, 0.0, 1.0],
                [0.84813, -0.077968, 0.52402, 0.003894, 0.529784, 0.128639, -0.83832, 0.426163, -0.002047, 0.988622, 0.150409, 0.54034, 0.0, 0.0, 0.0, 1.0],
                [0.873404, -0.073622, 0.4814, 0.003676, 0.486969, 0.121532, -0.864922, 0.402412, 0.005172, 0.989853, 0.141998, 0.552546, 0.0, 0.0, 0.0, 1.0],
                [0.896756, -0.069227, 0.437078, 0.003457, 0.442374, 0.114335, -0.889513, 0.378407, 0.011605, 0.991027, 0.133155, 0.564887, 0.0, 0.0, 0.0, 1.0],
                [0.917948, -0.064808, 0.391372, 0.003236, 0.396329, 0.107087, -0.911842, 0.354275, 0.017184, 0.992135, 0.123986, 0.577298, 0.0, 0.0, 0.0, 1.0],
                [0.936793, -0.060388, 0.344634, 0.003015, 0.349201, 0.099827, -0.931715, 0.330143, 0.021861, 0.993171, 0.114605, 0.589712, 0.0, 0.0, 0.0, 1.0],
                [0.95316, -0.05599, 0.29724, 0.002795, 0.301381, 0.092595, -0.948997, 0.306139, 0.025612, 0.994128, 0.105132, 0.602064, 0.0, 0.0, 0.0, 1.0],
                [0.966976, -0.051638, 0.249582, 0.002577, 0.253276, 0.085429, -0.963615, 0.282391, 0.028438, 0.995005, 0.095686, 0.614288, 0.0, 0.0, 0.0, 1.0],
                [0.978229, -0.047354, 0.202055, 0.002363, 0.205297, 0.078368, -0.975557, 0.259022, 0.030362, 0.995799, 0.086383, 0.626321, 0.0, 0.0, 0.0, 1.0],
                [0.986963, -0.04316, 0.15505, 0.002153, 0.157846, 0.071449, -0.984875, 0.236151, 0.031429, 0.99651, 0.07733, 0.638101, 0.0, 0.0, 0.0, 1.0],
                [0.99328, -0.039078, 0.108941, 0.001949, 0.111311, 0.064708, -0.991677, 0.213892, 0.031703, 0.997139, 0.068623, 0.649569, 0.0, 0.0, 0.0, 1.0],
                [0.997326, -0.035127, 0.06408, 0.001752, 0.066052, 0.05818, -0.996119, 0.192353, 0.031263, 0.997688, 0.060345, 0.660669, 0.0, 0.0, 0.0, 1.0],
                [0.999293, -0.031326, 0.020789, 0.001562, 0.022398, 0.051895, -0.998401, 0.171633, 0.030197, 0.998161, 0.05256, 0.67135, 0.0, 0.0, 0.0, 1.0],
                [0.999403, -0.027692, -0.020645, 0.00138, -0.01936, 0.045882, -0.998759, 0.151825, 0.028605, 0.998563, 0.045318, 0.681563, 0.0, 0.0, 0.0, 1.0],
                [0.997906, -0.02424, -0.059975, 0.001207, -0.058972, 0.040168, -0.997451, 0.133012, 0.026587, 0.998899, 0.038654, 0.691266, 0.0, 0.0, 0.0, 1.0],
                [0.995064, -0.020984, -0.096989, 0.001045, -0.096226, 0.034776, -0.994752, 0.115269, 0.024246, 0.999175, 0.032585, 0.70042, 0.0, 0.0, 0.0, 1.0],
                [0.991151, -0.017936, -0.131519, 0.000892, -0.130954, 0.029728, -0.990943, 0.09866, 0.021683, 0.999397, 0.027116, 0.708989, 0.0, 0.0, 0.0, 1.0],
                [0.986439, -0.015106, -0.163431, 0.000751, -0.163026, 0.02504, -0.986304, 0.083245, 0.018992, 0.999572, 0.022238, 0.716945, 0.0, 0.0, 0.0, 1.0],
                [0.981192, -0.012505, -0.192627, 0.000621, -0.192346, 0.020729, -0.981108, 0.06907, 0.016261, 0.999707, 0.017933, 0.724262, 0.0, 0.0, 0.0, 1.0],
                [0.975664, -0.010138, -0.219038, 0.000502, -0.218852, 0.016806, -0.975613, 0.056176, 0.013572, 0.999807, 0.014178, 0.730919, 0.0, 0.0, 0.0, 1.0],
                [0.970088, -0.008012, -0.242623, 0.000396, -0.242506, 0.013283, -0.970059, 0.044595, 0.010995, 0.99988, 0.010942, 0.736898, 0.0, 0.0, 0.0, 1.0],
                [0.964677, -0.006132, -0.263365, 0.000302, -0.263296, 0.010166, -0.964662, 0.034353, 0.008593, 0.99993, 0.008192, 0.742187, 0.0, 0.0, 0.0, 1.0],
                [0.959621, -0.004501, -0.281261, 0.00022, -0.281224, 0.007462, -0.959613, 0.025467, 0.006418, 0.999962, 0.005895, 0.746777, 0.0, 0.0, 0.0, 1.0],
                [0.955082, -0.003121, -0.296325, 0.000151, -0.296307, 0.005175, -0.955079, 0.01795, 0.004514, 0.999982, 0.004017, 0.750659, 0.0, 0.0, 0.0, 1.0],
                [0.951196, -0.001994, -0.30858, 9.5e-05, -0.308572, 0.003305, -0.951195, 0.011808, 0.002916, 0.999993, 0.002529, 0.753833, 0.0, 0.0, 0.0, 1.0],
                [0.948072, -0.001119, -0.318053, 5.1e-05, -0.318051, 0.001855, -0.948072, 0.007041, 0.001651, 0.999998, 0.001403, 0.756295, 0.0, 0.0, 0.0, 1.0],
                [0.94579, -0.000496, -0.324779, 2e-05, -0.324779, 0.000822, -0.94579, 0.003648, 0.000736, 1.0, 0.000616, 0.758048, 0.0, 0.0, 0.0, 1.0],
                [0.944403, -0.000124, -0.328791, 2e-06, -0.328791, 0.000205, -0.944403, 0.001619, 0.000184, 1.0, 0.000153, 0.759096, 0.0, 0.0, 0.0, 1.0],
                [0.943939, 0.0, -0.330121, -5e-06, -0.330121, 0.0, -0.943939, 0.000946, 0.0, 1.0, 0.0, 0.759444, 0.0, 0.0, 0.0, 1.0]
            ]
        },
        {
            "name": "Thigh_R",
            "time": [0.0, 0.0167, 0.0333, 0.05, 0.0667, 0.0833, 0.1, 0.1167, 0.1333, 0.15, 0.1667, 0.1833, 0.2, 0.2167, 0.2333, 0.25, 0.2667, 0.2833, 0.3, 0.3167, 0.3333, 0.35, 0.3667, 0.3833, 0.4, 0.4167, 0.4333, 0.45, 0.4667, 0.4833, 0.5, 0.5167, 0.5333, 0.55, 0.5667, 0.5833, 0.6, 0.6167, 0.6333, 0.65, 0.6667, 0.6833, 0.7, 0.7167, 0.7333, 0.75, 0.7667, 0.7833, 0.8, 0.8167, 0.8333, 0.85, 0.8667, 0.8833, 0.9, 0.9167, 0.9333, 0.95, 0.9667, 0.9833, 1.0, 1.0167, 1.0333, 1.05, 1.0667, 1.0833, 1.1, 1.1167, 1.1333, 1.15, 1.1667, 1.1833, 1.2, 1.2167, 1.2333, 1.25, 1.2667, 1.2833, 1.3, 1.3167, 1.3333, 1.35, 1.3667, 1.3833, 1.4, 1.4167, 1.4333, 1.45, 1.4667, 1.4833, 1.5, 1.5167, 1.5333, 1.55, 1.5667, 1.5833, 1.6, 1.6167, 1.6333, 1.65, 1.6667, 1.6833, 1.7, 1.7167, 1.7333, 1.75, 1.7667, 1.7833, 1.8, 1.8167, 1.8333, 1.85, 1.8667, 1.8833, 1.9, 1.9167, 1.9333, 1.95, 1.9667, 1.9833, 2.0, 2.0167, 2.0333, 2.05, 2.0667, 2.0833, 2.1, 2.1167, 2.1333, 2.15, 2.1667, 2.1833, 2.2, 2.2167, 2.2333, 2.25, 2.2667, 2.2833, 2.3],
            "transform": [
                [0.997543, 0.066953, 0.020608, 0.124994, 0.065782, -0.996423, 0.053045, -0.002831, 0.024086, -0.051559, -0.998379, -1.2e-05, 0.0, 0.0, 0.0, 1.0],
                [0.997487, 0.069538, 0.013574, 0.124994, 0.068594, -0.995795, 0.060706, -0.002831, 0.017738, -0.059623, -0.998063, -1.2e-05, 0.0, 0.0, 0.0, 1.0],
                [0.997045, 0.076473, -0.007311, 0.124994, 0.076809, -0.994056, 0.077144, -0.002831, -0.001368, -0.077478, -0.996993, -1.2e-05, 0.0, 0.0, 0.0, 1.0],
                [0.995397, 0.086457, -0.041353, 0.124994, 0.089987, -0.9916, 0.092903, -0.002831, -0.032974, -0.096196, -0.994816, -1.2e-05, 0.0, 0.0, 0.0, 1.0],
                [0.991256, 0.098849, -0.087402, 0.124994, 0.107676, -0.988854, 0.102828, -0.002831, -0.076264, -0.11134, -0.990851, -1.2e-05, 0.0, 0.0, 0.0, 1.0],
                [0.983066, 0.113766, -0.143659, 0.124994, 0.129367, -0.986089, 0.104361, -0.002831, -0.129787, -0.121179, -0.984109, -1.2e-05, 0.0, 0.0, 0.0, 1.0],
                [0.969276, 0.131941, -0.207594, 0.124994, 0.154458, -0.983303, 0.096221, -0.002831, -0.191432, -0.125329, -0.973471, -1.2e-05, 0.0, 0.0, 0.0, 1.0],
                [0.948665, 0.154407, -0.276029, 0.124994, 0.182257, -0.980143, 0.078108, -0.002831, -0.258488, -0.124407, -0.95797, -1.2e-05, 0.0, 0.0, 0.0, 1.0],
                [0.920655, 0.182104, -0.345301, 0.124994, 0.211968, -0.975973, 0.050451, -0.002831, -0.327817, -0.119641, -0.937135, -1.2e-05, 0.0, 0.0, 0.0, 1.0],
                [0.885535, 0.215344, -0.411648, 0.124994, 0.242692, -0.969992, 0.014649, -0.002831, -0.39614, -0.112876, -0.911225, -1.2e-05, 0.0, 0.0, 0.0, 1.0],
                [0.844552, 0.253494, -0.471669, 0.124994, 0.273434, -0.961507, -0.027152, -0.002831, -0.460396, -0.106039, -0.881357, -1.2e-05, 0.0, 0.0, 0.0, 1.0],
                [0.7998, 0.294808, -0.522884, 0.124994, 0.303149, -0.950215, -0.072047, -0.002831, -0.518092, -0.100888, -0.849354, -1.2e-05, 0.0, 0.0, 0.0, 1.0],
                [0.753942, 0.336554, -0.564183, 0.124994, 0.330822, -0.936469, -0.116544, -0.002831, -0.567563, -0.098777, -0.817383, -1.2e-05, 0.0, 0.0, 0.0, 1.0],
                [0.709836, 0.375854, -0.595706, 0.124994, 0.355536, -0.921277, -0.157616, -0.002831, -0.608051, -0.099914, -0.787586, -1.2e-05, 0.0, 0.0, 0.0, 1.0],
                [0.670175, 0.40981, -0.618806, 0.124994, 0.376534, -0.906213, -0.192356, -0.002831, -0.639599, -0.104089, -0.761629, -1.2e-05, 0.0, 0.0, 0.0, 1.0],
                [0.63719, 0.436167, -0.63541, 0.124994, 0.393276, -0.893046, -0.218639, -0.002831, -0.662814, -0.110577, -0.740574, -1.2e-05, 0.0, 0.0, 0.0, 1.0],
                [0.612531, 0.4534, -0.647483, 0.124994, 0.405404, -0.883395, -0.235078, -0.002831, -0.678567, -0.118499, -0.724916, -1.2e-05, 0.0, 0.0, 0.0, 1.0],
                [0.597211, 0.460709, -0.656571, 0.124994, 0.412748, -0.878402, -0.240934, -0.002831, -0.687734, -0.12711, -0.714749, -1.2e-05, 0.0, 0.0, 0.0, 1.0],
                [0.591679, 0.457881, -0.663522, 0.124994, 0.415265, -0.878562, -0.235973, -0.002831, -0.690992, -0.135917, -0.709968, -1.2e-05, 0.0, 0.0, 0.0, 1.0],
                [0.591095, 0.450251, -0.669239, 0.124994, 0.415353, -0.881148, -0.225965, -0.002831, -0.691439, -0.144403, -0.707855, -1.2e-05, 0.0, 0.0, 0.0, 1.0],
                [0.590568, 0.443245, -0.674362, 0.124994, 0.415394, -0.883411, -0.21687, -0.002831, -0.691865, -0.152049, -0.705835, -1.2e-05, 0.0, 0.0, 0.0, 1.0],
                [0.590099, 0.436846, -0.678932, 0.124994, 0.415392, -0.88539, -0.208647, -0.002831, -0.692266, -0.158901, -0.70393, -1.2e-05, 0.0, 0.0, 0.0, 1.0],
                [0.589687, 0.431084, -0.682961, 0.124994, 0.41535, -0.887106, -0.201314, -0.002831, -0.692642, -0.164955, -0.702166, -1.2e-05, 0.0, 0.0, 0.0, 1.0],
                [0.589334, 0.42598, -0.686459, 0.124994, 0.415275, -0.888576, -0.194884, -0.002831, -0.692988, -0.170217, -0.700567, -1.2e-05, 0.0, 0.0, 0.0, 1.0],
                [0.589038, 0.421547, -0.689444, 0.124994, 0.415172, -0.889819, -0.189353, -0.002831, -0.693301, -0.174701, -0.699151, -1.2e-05, 0.0, 0.0, 0.0, 1.0],
                [0.588794, 0.417783, -0.691938, 0.124994, 0.415054, -0.890851, -0.1847, -0.002831, -0.693578, -0.178441, -0.697931, -1.2e-05, 0.0, 0.0, 0.0, 1.0],
                [0.5886, 0.414667, -0.693975, 0.124994, 0.414932, -0.891692, -0.18088, -0.002831, -0.693816, -0.181486, -0.696908, -1.2e-05, 0.0, 0.0, 0.0, 1.0],
                [0.588446, 0.412156, -0.695599, 0.124994, 0.414821, -0.892359, -0.177819, -0.002831, -0.694013, -0.183912, -0.696076, -1.2e-05, 0.0, 0.0, 0.0, 1.0],
                [0.588326, 0.410186, -0.696864, 0.124994, 0.414734, -0.892873, -0.175422, -0.002831, -0.694166, -0.185807, -0.695419, -1.2e-05, 0.0, 0.0, 0.0, 1.0],
                [0.588231, 0.408679, -0.697829, 0.124994, 0.414687, -0.893257, -0.173573, -0.002831, -0.694276, -0.187279, -0.694915, -1.2e-05, 0.0, 0.0, 0.0, 1.0],
                [0.588149, 0.407545, -0.698561, 0.124994, 0.41469, -0.893531, -0.172146, -0.002831, -0.694343, -0.188438, -0.694535, -1.2e-05, 0.0, 0.0, 0.0, 1.0],
                [0.588074, 0.406691, -0.699122, 0.124994, 0.414754, -0.893718, -0.171017, -0.002831, -0.694369, -0.189393, -0.694249, -1.2e-05, 0.0, 0.0, 0.0, 1.0],
                [0.587997, 0.406029, -0.699572, 0.124994, 0.414884, -0.893839, -0.170067, -0.002831, -0.694356, -0.190243, -0.694029, -1.2e-05, 0.0, 0.0, 0.0, 1.0],
                [0.587911, 0.405478, -0.699963, 0.124994, 0.415086, -0.893911, -0.169192, -0.002831, -0.694309, -0.191075, -0.693848, -1.2e-05, 0.0, 0.0, 0.0, 1.0],
                [0.58781, 0.404972, -0.700341, 0.124994, 0.41536, -0.893951, -0.168307, -0.002831, -0.69423, -0.191961, -0.693683, -1.2e-05, 0.0, 0.0, 0.0, 1.0],
                [0.587692, 0.404456, -0.700738, 0.124994, 0.415706, -0.893971, -0.167344, -0.002831, -0.694122, -0.192954, -0.693514, -1.2e-05, 0.0, 0.0, 0.0, 1.0],
                [0.587553, 0.403886, -0.701183, 0.124994, 0.416122, -0.893981, -0.166251, -0.002831, -0.693991, -0.194096, -0.693327, -1.2e-05, 0.0, 0.0, 0.0, 1.0],
                [0.587444, 0.398395, -0.704408, 0.124994, 0.41188, -0.896446, -0.163519, -0.002831, -0.696609, -0.194074, -0.690704, -1.2e-05, 0.0, 0.0, 0.0, 1.0],
                [0.587974, 0.383294, -0.7123, 0.124994, 0.39817, -0.903672, -0.1576, -0.002831, -0.704093, -0.190952, -0.683952, -1.2e-05, 0.0, 0.0, 0.0, 1.0],
                [0.590057, 0.359061, -0.723124, 0.124994, 0.375082, -0.915052, -0.148301, -0.002831, -0.714945, -0.183724, -0.67461, -1.2e-05, 0.0, 0.0, 0.0, 1.0],
                [0.594736, 0.326557, -0.734609, 0.124994, 0.343095, -0.929488, -0.135418, -0.002831, -0.727031, -0.171502, -0.66484, -1.2e-05, 0.0, 0.0, 0.0, 1.0],
                [0.603223, 0.286943, -0.744168, 0.124994, 0.303069, -0.94552, -0.118915, -0.002831, -0.737747, -0.153802, -0.657323, -1.2e-05, 0.0, 0.0, 0.0, 1.0],
                [0.616686, 0.24162, -0.749211, 0.124994, 0.256315, -0.961499, -0.099107, -0.002831, -0.744312, -0.130917, -0.654874, -1.2e-05, 0.0, 0.0, 0.0, 1.0],
                [0.635931, 0.192126, -0.747449, 0.124994, 0.204579, -0.975835, -0.076776, -0.002831, -0.744137, -0.104088, -0.659869, -1.2e-05, 0.0, 0.0, 0.0, 1.0],
                [0.661085, 0.140159, -0.737104, 0.124994, 0.15001, -0.987252, -0.053186, -0.002831, -0.735162, -0.075413, -0.673683, -1.2e-05, 0.0, 0.0, 0.0, 1.0],
                [0.69154, 0.087601, -0.717007, 0.124994, 0.094973, -0.995028, -0.029969, -0.002831, -0.716068, -0.047372, -0.696422, -1.2e-05, 0.0, 0.0, 0.0, 1.0],
                [0.726144, 0.036521, -0.686571, 0.124994, 0.041754, -0.999087, -0.008983, -0.002831, -0.686273, -0.022144, -0.727007, -1.2e-05, 0.0, 0.0, 0.0, 1.0],
                [0.763494, -0.011205, -0.645718, 0.124994, -0.007754, -0.999937, 0.008184, -0.002831, -0.645768, -0.001241, -0.763533, -1.2e-05, 0.0, 0.0, 0.0, 1.0],
                [0.802123, -0.05395, -0.594717, 0.124994, -0.052284, -0.99843, 0.020055, -0.002831, -0.594865, 0.015007, -0.803685, -1.2e-05, 0.0, 0.0, 0.0, 1.0],
                [0.87368, -0.154567, -0.461294, 0.124994, -0.0861, -0.982345, 0.166086, -0.002831, -0.478821, -0.105388, -0.871563, -1.2e-05, 0.0, 0.0, 0.0, 1.0],
                [0.967959, -0.188134, -0.166317, 0.124994, -0.082132, -0.863098, 0.498312, -0.002831, -0.237297, -0.468686, -0.850896, -1.2e-05, 0.0, 0.0, 0.0, 1.0],
                [0.995591, 0.086532, 0.036215, 0.124994, 0.018218, -0.557077, 0.830261, -0.002831, 0.092018, -0.825941, -0.556197, -1.2e-05, 0.0, 0.0, 0.0, 1.0],
                [0.883598, 0.442112, -0.154244, 0.124994, 0.256375, -0.181142, 0.949452, -0.002831, 0.391824, -0.878478, -0.273403, -1.2e-05, 0.0, 0.0, 0.0, 1.0],
                [0.683695, 0.620898, -0.383465, 0.124994, 0.487366, 0.002625, 0.873194, -0.002831, 0.543171, -0.783886, -0.30081, -1.2e-05, 0.0, 0.0, 0.0, 1.0],
                [0.591794, 0.678609, -0.435051, 0.124994, 0.562844, 0.03849, 0.825667, -0.002831, 0.57705, -0.73349, -0.359173, -1.2e-05, 0.0, 0.0, 0.0, 1.0],
                [0.591794, 0.678609, -0.435051, 0.124994, 0.562844, 0.03849, 0.825667, -0.002831, 0.57705, -0.73349, -0.359173, -1.2e-05, 0.0, 0.0, 0.0, 1.0],
                [0.591794, 0.678609, -0.435051, 0.124994, 0.562844, 0.03849, 0.825667, -0.002831, 0.57705, -0.73349, -0.359173, -1.2e-05, 0.0, 0.0, 0.0, 1.0],
                [0.591794, 0.678609, -0.435051, 0.124994, 0.562844, 0.03849, 0.825667, -0.002831, 0.57705, -0.73349, -0.359173, -1.2e-05, 0.0, 0.0, 0.0, 1.0],
                [0.591794, 0.678609, -0.435051, 0.124994, 0.562844, 0.03849, 0.825667, -0.002831, 0.57705, -0.73349, -0.359173, -1.2e-05, 0.0, 0.0, 0.0, 1.0],
                [0.591794, 0.678609, -0.435051, 0.124994, 0.562844, 0.03849, 0.825667, -0.002831, 0.57705, -0.73349, -0.359173, -1.2e-05, 0.0, 0.0, 0.0, 1.0],
                [0.591794, 0.678609, -0.435051, 0.124994, 0.562844, 0.03849, 0.825667, -0.002831, 0.57705, -0.73349, -0.359173, -1.2e-05, 0.0, 0.0, 0.0, 1.0],
                [0.591794, 0.678609, -0.435051, 0.124994, 0.562844, 0.03849, 0.825667, -0.002831, 0.57705, -0.73349, -0.359173, -1.2e-05, 0.0, 0.0, 0.0, 1.0],
                [0.591794, 0.678609, -0.435051, 0.124994, 0.562844, 0.03849, 0.825667, -0.002831, 0.57705, -0.73349, -0.359173, -1.2e-05, 0.0, 0.0, 0.0, 1.0],
                [0.591794, 0.678609, -0.435051, 0.124994, 0.562844, 0.03849, 0.825667, -0.002831, 0.57705, -0.73349, -0.359173, -1.2e-05, 0.0, 0.0, 0.0, 1.0],
                [0.591794, 0.678609, -0.435051, 0.124994, 0.562844, 0.03849, 0.825667, -0.002831, 0.57705, -0.73349, -0.359173, -1.2e-05, 0.0, 0.0, 0.0, 1.0],
                [0.591794, 0.678609, -0.435051, 0.124994, 0.562844, 0.03849, 0.825667, -0.002831, 0.57705, -0.73349, -0.359173, -1.2e-05, 0.0, 0.0, 0.0, 1.0],
                [0.591794, 0.678609, -0.435051, 0.124994, 0.562844, 0.03849, 0.825667, -0.002831, 0.57705, -0.73349, -0.359173, -1.2e-05, 0.0, 0.0, 0.0, 1.0],
                [0.591794, 0.678609, -0.435051, 0.124994, 0.562844, 0.03849, 0.825667, -0.002831, 0.57705, -0.73349, -0.359173, -1.2e-05, 0.0, 0.0, 0.0, 1.0],
                [0.591794, 0.678609, -0.435051, 0.124994, 0.562844, 0.03849, 0.825667, -0.002831, 0.57705, -0.73349, -0.359173, -1.2e-05, 0.0, 0.0, 0.0, 1.0],
                [0.591794, 0.678609, -0.435051, 0.124994, 0.562844, 0.03849, 0.825667, -0.002831, 0.57705, -0.73349, -0.359173, -1.2e-05, 0.0, 0.0, 0.0, 1.0],
                [0.591794, 0.678609, -0.435051, 0.124994, 0.562844, 0.03849, 0.825667, -0.002831, 0.57705, -0.73349, -0.359173, -1.2e-05, 0.0, 0.0, 0.0, 1.0],
                [0.591794, 0.678609, -0.435051, 0.124994, 0.562844, 0.03849, 0.825667, -0.002831, 0.57705, -0.73349, -0.359173, -1.2e-05, 0.0, 0.0, 0.0, 1.0],
                [0.591794, 0.678609, -0.435051, 0.124994, 0.562844, 0.03849, 0.825667, -0.002831, 0.57705, -0.73349, -0.359173, -1.2e-05, 0.0, 0.0, 0.0, 1.0],
                [0.591794, 0.678609, -0.435051, 0.124994, 0.562844, 0.03849, 0.825667, -0.002831, 0.57705, -0.73349, -0.359173, -1.2e-05, 0.0, 0.0, 0.0, 1.0],
                [0.591794, 0.678609, -0.435051, 0.124994, 0.562844, 0.03849, 0.825667, -0.002831, 0.57705, -0.73349, -0.359173, -1.2e-05, 0.0, 0.0, 0.0, 1.0],
                [0.591794, 0.678609, -0.435051, 0.124994, 0.562844, 0.03849, 0.825667, -0.002831, 0.57705, -0.73349, -0.359173, -1.2e-05, 0.0, 0.0, 0.0, 1.0],
                [0.591794, 0.678609, -0.435051, 0.124994, 0.562844, 0.03849, 0.825667, -0.002831, 0.57705, -0.73349, -0.359173, -1.2e-05, 0.0, 0.0, 0.0, 1.0],
                [0.591794, 0.678609, -0.435051, 0.124994, 0.562844, 0.03849, 0.825667, -0.002831, 0.57705, -0.73349, -0.359173, -1.2e-05, 0.0, 0.0, 0.0, 1.0],
                [0.591794, 0.678609, -0.435051, 0.124994, 0.562844, 0.03849, 0.825667, -0.002831, 0.57705, -0.73349, -0.359173, -1.2e-05, 0.0, 0.0, 0.0, 1.0],
                [0.591794, 0.678609, -0.435051, 0.124994, 0.562844, 0.03849, 0.825667, -0.002831, 0.57705, -0.73349, -0.359173, -1.2e-05, 0.0, 0.0, 0.0, 1.0],
                [0.591794, 0.678609, -0.435051, 0.124994, 0.562844, 0.03849, 0.825667, -0.002831, 0.57705, -0.73349, -0.359173, -1.2e-05, 0.0, 0.0, 0.0, 1.0],
                [0.591794, 0.678609, -0.435051, 0.124994, 0.562844, 0.03849, 0.825667, -0.002831, 0.57705, -0.73349, -0.359173, -1.2e-05, 0.0, 0.0, 0.0, 1.0],
                [0.591794, 0.678609, -0.435051, 0.124994, 0.562844, 0.03849, 0.825667, -0.002831, 0.57705, -0.73349, -0.359173, -1.2e-05, 0.0, 0.0, 0.0, 1.0],
                [0.591794, 0.678609, -0.435051, 0.124994, 0.562844, 0.03849, 0.825667, -0.002831, 0.57705, -0.73349, -0.359173, -1.2e-05, 0.0, 0.0, 0.0, 1.0],
                [0.591794, 0.678609, -0.435051, 0.124994, 0.562844, 0.03849, 0.825667, -0.002831, 0.57705, -0.73349, -0.359173, -1.2e-05, 0.0, 0.0, 0.0, 1.0],
                [0.591794, 0.678609, -0.435051, 0.124994, 0.562844, 0.03849, 0.825667, -0.002831, 0.57705, -0.73349, -0.359173, -1.2e-05, 0.0, 0.0, 0.0, 1.0],
                [0.591794, 0.678609, -0.435051, 0.124994, 0.562844, 0.03849, 0.825667, -0.002831, 0.57705, -0.73349, -0.359173, -1.2e-05, 0.0, 0.0, 0.0, 1.0],
                [0.591794, 0.678609, -0.435051, 0.124994, 0.562844, 0.03849, 0.825667, -0.002831, 0.57705, -0.73349, -0.359173, -1.2e-05, 0.0, 0.0, 0.0, 1.0],
                [0.591794, 0.678609, -0.435051, 0.124994, 0.562844, 0.03849, 0.825667, -0.002831, 0.57705, -0.73349, -0.359173, -1.2e-05, 0.0, 0.0, 0.0, 1.0],
                [0.591794, 0.678609, -0.435051, 0.124994, 0.562844, 0.03849, 0.825667, -0.002831, 0.57705, -0.73349, -0.359173, -1.2e-05, 0.0, 0.0, 0.0, 1.0],
                [0.591794, 0.678609, -0.435051, 0.124994, 0.562844, 0.03849, 0.825667, -0.002831, 0.57705, -0.73349, -0.359173, -1.2e-05, 0.0, 0.0, 0.0, 1.0],
                [0.593344, 0.677755, -0.43427, 0.124994, 0.561842, 0.037639, 0.826388, -0.002831, 0.576434, -0.734324, -0.358459, -1.2e-05, 0.0, 0.0, 0.0, 1.0],
                [0.59799, 0.675188, -0.43189, 0.124994, 0.55881, 0.035073, 0.828554, -0.002831, 0.574578, -0.736811, -0.356328, -1.2e-05, 0.0, 0.0, 0.0, 1.0],
                [0.6057, 0.670899, -0.427811, 0.124994, 0.553683, 0.030765, 0.832159, -0.002831, 0.571456, -0.74091, -0.352831, -1.2e-05, 0.0, 0.0, 0.0, 1.0],
                [0.616354, 0.664916, -0.421894, 0.124994, 0.54639, 0.024702, 0.837166, -0.002831, 0.567067, -0.74651, -0.348078, -1.2e-05, 0.0, 0.0, 0.0, 1.0],
