{
    "animation": [
        {
            "name": "Root",
            "time": [0.0, 0.0167, 0.0333, 0.05, 0.0667, 0.0833, 0.1, 0.1167, 0.1333, 0.15, 0.1667, 0.1833, 0.2, 0.2167, 0.2333, 0.25, 0.2667, 0.2833, 0.3, 0.3167, 0.3333, 0.35, 0.3667, 0.3833, 0.4, 0.4167, 0.4333, 0.45, 0.4667, 0.4833, 0.5, 0.5167, 0.5333, 0.55, 0.5667, 0.5833, 0.6, 0.6167, 0.6333, 0.65, 0.6667, 0.6833, 0.7, 0.7167, 0.7333, 0.75, 0.7667, 0.7833, 0.8, 0.8167, 0.8333, 0.85, 0.8667, 0.8833, 0.9, 0.9167, 0.9333, 0.95, 0.9667, 0.9833, 1.0, 1.0167, 1.0333, 1.05, 1.0667, 1.0833, 1.1, 1.1167, 1.1333, 1.15, 1.1667, 1.1833, 1.2, 1.2167, 1.2333, 1.25, 1.2667, 1.2833, 1.3, 1.3167, 1.3333, 1.35, 1.3667, 1.3833, 1.4, 1.4167, 1.4333, 1.45, 1.4667, 1.4833, 1.5, 1.5167, 1.5333, 1.55, 1.5667, 1.5833, 1.6, 1.6167, 1.6333, 1.65, 1.6667, 1.6833, 1.7, 1.7167, 1.7333, 1.75, 1.7667, 1.7833, 1.8, 1.8167, 1.8333, 1.85, 1.8667, 1.8833, 1.9, 1.9167, 1.9333, 1.95, 1.9667, 1.9833, 2.0],
            "transform": [
                [0.981003, 0.189038, -0.043568, -0.009457, -0.040349, -0.020845, -0.998968, -0.023603, -0.189751, 0.981748, -0.012822, 0.711331, 0.0, 0.0, 0.0, 1.0],
                [0.981003, 0.189038, -0.043568, -0.009457, -0.040349, -0.020845, -0.998968, -0.023785, -0.189751, 0.981748, -0.012822, 0.711501, 0.0, 0.0, 0.0, 1.0],
                [0.981003, 0.189038, -0.043568, -0.009457, -0.040349, -0.020845, -0.998968, -0.024336, -0.189751, 0.981748, -0.012822, 0.712013, 0.0, 0.0, 0.0, 1.0],
                [0.981003, 0.189038, -0.043568, -0.009457, -0.040349, -0.020845, -0.998968, -0.025259, -0.189751, 0.981748, -0.012822, 0.712873, 0.0, 0.0, 0.0, 1.0],
                [0.981003, 0.189038, -0.043568, -0.009457, -0.040349, -0.020845, -0.998968, -0.026553, -0.189751, 0.981748, -0.012822, 0.714078, 0.0, 0.0, 0.0, 1.0],
                [0.981003, 0.189038, -0.043568, -0.009457, -0.040349, -0.020845, -0.998968, -0.028216, -0.189751, 0.981748, -0.012822, 0.715627, 0.0, 0.0, 0.0, 1.0],
                [0.981003, 0.189038, -0.043568, -0.009457, -0.040349, -0.020845, -0.998968, -0.030242, -0.189751, 0.981748, -0.012822, 0.717513, 0.0, 0.0, 0.0, 1.0],
                [0.981003, 0.189038, -0.043568, -0.009457, -0.040349, -0.020845, -0.998968, -0.032617, -0.189751, 0.981748, -0.012822, 0.719725, 0.0, 0.0, 0.0, 1.0],
                [0.981003, 0.189038, -0.043568, -0.009457, -0.040349, -0.020845, -0.998968, -0.035326, -0.189751, 0.981748, -0.012822, 0.722248, 0.0, 0.0, 0.0, 1.0],
                [0.981003, 0.189038, -0.043568, -0.009457, -0.040349, -0.020845, -0.998968, -0.038344, -0.189751, 0.981748, -0.012822, 0.725059, 0.0, 0.0, 0.0, 1.0],
                [0.981003, 0.189038, -0.043568, -0.009457, -0.040349, -0.020845, -0.998968, -0.041644, -0.189751, 0.981748, -0.012822, 0.728132, 0.0, 0.0, 0.0, 1.0],
                [0.981003, 0.189038, -0.043568, -0.009457, -0.040349, -0.020845, -0.998968, -0.04519, -0.189751, 0.981748, -0.012822, 0.731434, 0.0, 0.0, 0.0, 1.0],
                [0.981003, 0.189038, -0.043568, -0.009457, -0.040349, -0.020845, -0.998968, -0.048941, -0.189751, 0.981748, -0.012822, 0.734928, 0.0, 0.0, 0.0, 1.0],
                [0.981003, 0.189038, -0.043568, -0.009457, -0.040349, -0.020845, -0.998968, -0.052852, -0.189751, 0.981748, -0.012822, 0.73857, 0.0, 0.0, 0.0, 1.0],
                [0.981003, 0.189038, -0.043568, -0.009457, -0.040349, -0.020845, -0.998968, -0.056872, -0.189751, 0.981748, -0.012822, 0.742313, 0.0, 0.0, 0.0, 1.0],
                [0.981003, 0.189038, -0.043568, -0.009457, -0.040349, -0.020845, -0.998968, -0.060947, -0.189751, 0.981748, -0.012822, 0.746108, 0.0, 0.0, 0.0, 1.0],
                [0.981003, 0.189038, -0.043568, -0.009457, -0.040349, -0.020845, -0.998968, -0.065021, -0.189751, 0.981748, -0.012822, 0.749903, 0.0, 0.0, 0.0, 1.0],
                [0.981003, 0.189038, -0.043568, -0.009457, -0.040349, -0.020845, -0.998968, -0.069041, -0.189751, 0.981748, -0.012822, 0.753646, 0.0, 0.0, 0.0, 1.0],
                [0.981003, 0.189038, -0.043568, -0.009457, -0.040349, -0.020845, -0.998968, -0.072952, -0.189751, 0.981748, -0.012822, 0.757288, 0.0, 0.0, 0.0, 1.0],
                [0.981003, 0.189038, -0.043568, -0.009457, -0.040349, -0.020845, -0.998968, -0.076703, -0.189751, 0.981748, -0.012822, 0.760782, 0.0, 0.0, 0.0, 1.0],
                [0.981003, 0.189038, -0.043568, -0.009457, -0.040349, -0.020845, -0.998968, -0.080249, -0.189751, 0.981748, -0.012822, 0.764084, 0.0, 0.0, 0.0, 1.0],
                [0.981003, 0.189038, -0.043568, -0.009457, -0.040349, -0.020845, -0.998968, -0.083549, -0.189751, 0.981748, -0.012822, 0.767157, 0.0, 0.0, 0.0, 1.0],
                [0.981003, 0.189038, -0.043568, -0.009457, -0.040349, -0.020845, -0.998968, -0.086568, -0.189751, 0.981748, -0.012822, 0.769968, 0.0, 0.0, 0.0, 1.0],
                [0.981003, 0.189038, -0.043568, -0.009457, -0.040349, -0.020845, -0.998968, -0.089276, -0.189751, 0.981748, -0.012822, 0.772491, 0.0, 0.0, 0.0, 1.0],
                [0.981003, 0.189038, -0.043568, -0.009457, -0.040349, -0.020845, -0.998968, -0.091651, -0.189751, 0.981748, -0.012822, 0.774703, 0.0, 0.0, 0.0, 1.0],
                [0.981003, 0.189038, -0.043568, -0.009457, -0.040349, -0.020845, -0.998968, -0.093677, -0.189751, 0.981748, -0.012822, 0.776589, 0.0, 0.0, 0.0, 1.0],
                [0.981003, 0.189038, -0.043568, -0.009457, -0.040349, -0.020845, -0.998968, -0.09534, -0.189751, 0.981748, -0.012822, 0.778138, 0.0, 0.0, 0.0, 1.0],
                [0.981003, 0.189038, -0.043568, -0.009457, -0.040349, -0.020845, -0.998968, -0.096634, -0.189751, 0.981748, -0.012822, 0.779343, 0.0, 0.0, 0.0, 1.0],
                [0.981003, 0.189038, -0.043568, -0.009457, -0.040349, -0.020845, -0.998968, -0.097557, -0.189751, 0.981748, -0.012822, 0.780202, 0.0, 0.0, 0.0, 1.0],
                [0.981003, 0.189038, -0.043568, -0.009457, -0.040349, -0.020845, -0.998968, -0.098108, -0.189751, 0.981748, -0.012822, 0.780715, 0.0, 0.0, 0.0, 1.0],
                [0.981003, 0.189038, -0.043568, -0.009457, -0.040349, -0.020845, -0.998968, -0.09829, -0.189751, 0.981748, -0.012822, 0.780885, 0.0, 0.0, 0.0, 1.0],
                [0.981003, 0.189038, -0.043568, -0.009457, -0.040349, -0.020845, -0.998968, -0.083553, -0.189751, 0.981748, -0.012822, 0.770479, 0.0, 0.0, 0.0, 1.0],
                [0.981003, 0.189038, -0.043568, -0.009457, -0.040349, -0.020845, -0.998968, -0.039336, -0.189751, 0.981748, -0.012822, 0.739258, 0.0, 0.0, 0.0, 1.0],
                [0.981003, 0.189038, -0.043568, -0.009457, -0.040349, -0.020845, -0.998968, 0.031662, -0.189751, 0.981748, -0.012822, 0.689127, 0.0, 0.0, 0.0, 1.0],
                [0.981003, 0.189038, -0.043568, -0.009457, -0.040349, -0.020845, -0.998968, 0.121981, -0.189751, 0.981748, -0.012822, 0.625354, 0.0, 0.0, 0.0, 1.0],
                [0.981003, 0.189038, -0.043568, -0.009457, -0.040349, -0.020845, -0.998968, 0.219426, -0.189751, 0.981748, -0.012822, 0.556549, 0.0, 0.0, 0.0, 1.0],
                [0.981003, 0.189038, -0.043568, -0.009457, -0.040349, -0.020845, -0.998968, 0.309745, -0.189751, 0.981748, -0.012822, 0.492776, 0.0, 0.0, 0.0, 1.0],
                [0.981003, 0.189038, -0.043568, -0.009457, -0.040349, -0.020845, -0.998968, 0.380743, -0.189751, 0.981748, -0.012822, 0.442645, 0.0, 0.0, 0.0, 1.0],
                [0.981003, 0.189038, -0.043568, -0.009457, -0.040349, -0.020845, -0.998968, 0.42496, -0.189751, 0.981748, -0.012822, 0.411423, 0.0, 0.0, 0.0, 1.0],
                [0.981003, 0.189038, -0.043568, -0.009457, -0.040349, -0.020845, -0.998968, 0.439697, -0.189751, 0.981748, -0.012822, 0.401017, 0.0, 0.0, 0.0, 1.0],
                [0.981003, 0.189038, -0.043568, -0.009457, -0.040349, -0.020845, -0.998968, 0.439697, -0.189751, 0.981748, -0.012822, 0.401018, 0.0, 0.0, 0.0, 1.0],
                [0.981003, 0.189038, -0.043568, -0.009457, -0.040349, -0.020845, -0.998968, 0.439697, -0.189751, 0.981748, -0.012822, 0.401021, 0.0, 0.0, 0.0, 1.0],
                [0.981003, 0.189038, -0.043568, -0.009457, -0.040349, -0.020845, -0.998968, 0.439697, -0.189751, 0.981748, -0.012822, 0.401029, 0.0, 0.0, 0.0, 1.0],
                [0.981003, 0.189038, -0.043568, -0.009457, -0.040349, -0.020845, -0.998968, 0.439697, -0.189751, 0.981748, -0.012822, 0.401046, 0.0, 0.0, 0.0, 1.0],
                [0.981003, 0.189038, -0.043568, -0.009457, -0.040349, -0.020845, -0.998968, 0.439697, -0.189751, 0.981748, -0.012822, 0.401074, 0.0, 0.0, 0.0, 1.0],
                [0.981003, 0.189038, -0.043568, -0.009457, -0.040349, -0.020845, -0.998968, 0.439697, -0.189751, 0.981748, -0.012822, 0.401117, 0.0, 0.0, 0.0, 1.0],
                [0.981003, 0.189038, -0.043568, -0.009457, -0.040349, -0.020845, -0.998968, 0.439697, -0.189751, 0.981748, -0.012822, 0.401177, 0.0, 0.0, 0.0, 1.0],
                [0.981003, 0.189038, -0.043568, -0.009457, -0.040349, -0.020845, -0.998968, 0.439697, -0.189751, 0.981748, -0.012822, 0.401259, 0.0, 0.0, 0.0, 1.0],
                [0.981003, 0.189038, -0.043568, -0.009457, -0.040349, -0.020845, -0.998968, 0.439697, -0.189751, 0.981748, -0.012822, 0.401364, 0.0, 0.0, 0.0, 1.0],
                [0.981003, 0.189038, -0.043568, -0.009457, -0.040349, -0.020845, -0.998968, 0.439697, -0.189751, 0.981748, -0.012822, 0.401498, 0.0, 0.0, 0.0, 1.0],
                [0.981003, 0.189038, -0.043568, -0.009457, -0.040349, -0.020845, -0.998968, 0.439697, -0.189751, 0.981748, -0.012822, 0.401663, 0.0, 0.0, 0.0, 1.0],
                [0.981003, 0.189038, -0.043568, -0.009457, -0.040349, -0.020845, -0.998968, 0.439697, -0.189751, 0.981748, -0.012822, 0.401864, 0.0, 0.0, 0.0, 1.0],
                [0.981003, 0.189038, -0.043568, -0.009457, -0.040349, -0.020845, -0.998968, 0.439697, -0.189751, 0.981748, -0.012822, 0.402102, 0.0, 0.0, 0.0, 1.0],
                [0.981003, 0.189038, -0.043568, -0.009457, -0.040349, -0.020845, -0.998968, 0.439697, -0.189751, 0.981748, -0.012822, 0.402384, 0.0, 0.0, 0.0, 1.0],
                [0.981003, 0.189038, -0.043568, -0.009457, -0.040349, -0.020845, -0.998968, 0.439697, -0.189751, 0.981748, -0.012822, 0.402711, 0.0, 0.0, 0.0, 1.0],
                [0.981003, 0.189038, -0.043568, -0.009457, -0.040349, -0.020845, -0.998968, 0.439697, -0.189751, 0.981748, -0.012822, 0.403087, 0.0, 0.0, 0.0, 1.0],
                [0.981003, 0.189038, -0.043568, -0.009457, -0.040349, -0.020845, -0.998968, 0.439697, -0.189751, 0.981748, -0.012822, 0.403516, 0.0, 0.0, 0.0, 1.0],
                [0.981003, 0.189038, -0.043568, -0.009457, -0.040349, -0.020845, -0.998968, 0.439697, -0.189751, 0.981748, -0.012822, 0.404001, 0.0, 0.0, 0.0, 1.0],
                [0.981003, 0.189038, -0.043568, -0.009457, -0.040349, -0.020845, -0.998968, 0.439697, -0.189751, 0.981748, -0.012822, 0.404546, 0.0, 0.0, 0.0, 1.0],
                [0.981003, 0.189038, -0.043568, -0.009457, -0.040349, -0.020845, -0.998968, 0.439697, -0.189751, 0.981748, -0.012822, 0.405154, 0.0, 0.0, 0.0, 1.0],
                [0.981003, 0.189038, -0.043568, -0.009457, -0.040349, -0.020845, -0.998968, 0.439697, -0.189751, 0.981748, -0.012822, 0.405827, 0.0, 0.0, 0.0, 1.0],
                [0.981003, 0.189038, -0.043568, -0.009457, -0.040349, -0.020845, -0.998968, 0.439697, -0.189751, 0.981748, -0.012822, 0.406568, 0.0, 0.0, 0.0, 1.0],
                [0.981003, 0.189038, -0.043568, -0.009457, -0.040349, -0.020845, -0.998968, 0.439697, -0.189751, 0.981748, -0.012822, 0.407381, 0.0, 0.0, 0.0, 1.0],
                [0.981003, 0.189038, -0.043568, -0.009457, -0.040349, -0.020845, -0.998968, 0.439697, -0.189751, 0.981748, -0.012822, 0.408268, 0.0, 0.0, 0.0, 1.0],
                [0.981003, 0.189038, -0.043568, -0.009457, -0.040349, -0.020845, -0.998968, 0.439697, -0.189751, 0.981748, -0.012822, 0.409231, 0.0, 0.0, 0.0, 1.0],
                [0.981003, 0.189038, -0.043568, -0.009457, -0.040349, -0.020845, -0.998968, 0.439697, -0.189751, 0.981748, -0.012822, 0.410272, 0.0, 0.0, 0.0, 1.0],
                [0.981003, 0.189038, -0.043568, -0.009457, -0.040349, -0.020845, -0.998968, 0.439697, -0.189751, 0.981748, -0.012822, 0.411393, 0.0, 0.0, 0.0, 1.0],
                [0.981003, 0.189038, -0.043568, -0.009457, -0.040349, -0.020845, -0.998968, 0.439697, -0.189751, 0.981748, -0.012822, 0.412596, 0.0, 0.0, 0.0, 1.0],
                [0.981003, 0.189038, -0.043568, -0.009457, -0.040349, -0.020845, -0.998968, 0.439697, -0.189751, 0.981748, -0.012822, 0.413882, 0.0, 0.0, 0.0, 1.0],
                [0.981003, 0.189038, -0.043568, -0.009457, -0.040349, -0.020845, -0.998968, 0.439697, -0.189751, 0.981748, -0.012822, 0.415253, 0.0, 0.0, 0.0, 1.0],
                [0.981003, 0.189038, -0.043568, -0.009457, -0.040349, -0.020845, -0.998968, 0.439697, -0.189751, 0.981748, -0.012822, 0.416709, 0.0, 0.0, 0.0, 1.0],
                [0.981003, 0.189038, -0.043568, -0.009457, -0.040349, -0.020845, -0.998968, 0.439697, -0.189751, 0.981748, -0.012822, 0.418251, 0.0, 0.0, 0.0, 1.0],
                [0.981003, 0.189038, -0.043568, -0.009457, -0.040349, -0.020845, -0.998968, 0.439697, -0.189751, 0.981748, -0.012822, 0.419881, 0.0, 0.0, 0.0, 1.0],
                [0.981003, 0.189038, -0.043568, -0.009457, -0.040349, -0.020845, -0.998968, 0.439697, -0.189751, 0.981748, -0.012822, 0.421597, 0.0, 0.0, 0.0, 1.0],
                [0.981003, 0.189038, -0.043568, -0.009457, -0.040349, -0.020845, -0.998968, 0.439697, -0.189751, 0.981748, -0.012822, 0.423401, 0.0, 0.0, 0.0, 1.0],
                [0.981003, 0.189038, -0.043568, -0.009457, -0.040349, -0.020845, -0.998968, 0.439697, -0.189751, 0.981748, -0.012822, 0.425293, 0.0, 0.0, 0.0, 1.0],
                [0.981003, 0.189038, -0.043568, -0.009457, -0.040349, -0.020845, -0.998968, 0.439697, -0.189751, 0.981748, -0.012822, 0.427272, 0.0, 0.0, 0.0, 1.0],
                [0.981003, 0.189038, -0.043568, -0.009457, -0.040349, -0.020845, -0.998968, 0.439697, -0.189751, 0.981748, -0.012822, 0.429338, 0.0, 0.0, 0.0, 1.0],
                [0.981003, 0.189038, -0.043568, -0.009457, -0.040349, -0.020845, -0.998968, 0.439697, -0.189751, 0.981748, -0.012822, 0.43149, 0.0, 0.0, 0.0, 1.0],
                [0.981003, 0.189038, -0.043568, -0.009457, -0.040349, -0.020845, -0.998968, 0.439697, -0.189751, 0.981748, -0.012822, 0.433729, 0.0, 0.0, 0.0, 1.0],
                [0.981003, 0.189038, -0.043568, -0.009457, -0.040349, -0.020845, -0.998968, 0.439697, -0.189751, 0.981748, -0.012822, 0.436052, 0.0, 0.0, 0.0, 1.0],
                [0.981003, 0.189038, -0.043568, -0.009457, -0.040349, -0.020845, -0.998968, 0.439697, -0.189751, 0.981748, -0.012822, 0.43846, 0.0, 0.0, 0.0, 1.0],
                [0.981003, 0.189038, -0.043568, -0.009457, -0.040349, -0.020845, -0.998968, 0.439697, -0.189751, 0.981748, -0.012822, 0.440952, 0.0, 0.0, 0.0, 1.0],
                [0.981003, 0.189038, -0.043568, -0.009457, -0.040349, -0.020845, -0.998968, 0.439697, -0.189751, 0.981748, -0.012822, 0.443525, 0.0, 0.0, 0.0, 1.0],
                [0.981003, 0.189038, -0.043568, -0.009457, -0.040349, -0.020845, -0.998968, 0.439697, -0.189751, 0.981748, -0.012822, 0.44618, 0.0, 0.0, 0.0, 1.0],
                [0.981003, 0.189038, -0.043568, -0.009457, -0.040349, -0.020845, -0.998968, 0.439697, -0.189751, 0.981748, -0.012822, 0.448914, 0.0, 0.0, 0.0, 1.0],
                [0.981003, 0.189038, -0.043568, -0.009457, -0.040349, -0.020845, -0.998968, 0.439697, -0.189751, 0.981748, -0.012822, 0.451728, 0.0, 0.0, 0.0, 1.0],
                [0.981003, 0.189038, -0.043568, -0.009457, -0.040349, -0.020845, -0.998968, 0.439697, -0.189751, 0.981748, -0.012822, 0.454618, 0.0, 0.0, 0.0, 1.0],
                [0.981003, 0.189038, -0.043568, -0.009457, -0.040349, -0.020845, -0.998968, 0.439697, -0.189751, 0.981748, -0.012822, 0.457585, 0.0, 0.0, 0.0, 1.0],
                [0.981003, 0.189038, -0.043568, -0.009457, -0.040349, -0.020845, -0.998968, 0.439697, -0.189751, 0.981748, -0.012822, 0.460626, 0.0, 0.0, 0.0, 1.0],
                [0.981003, 0.189038, -0.043568, -0.009457, -0.040349, -0.020845, -0.998968, 0.439697, -0.189751, 0.981748, -0.012822, 0.46374, 0.0, 0.0, 0.0, 1.0],
                [0.981059, 0.188582, -0.044272, -0.00964, -0.041081, -0.020796, -0.998939, 0.438503, -0.189302, 0.981837, -0.012655, 0.467469, 0.0, 0.0, 0.0, 1.0],
                [0.981225, 0.187204, -0.046397, -0.010192, -0.043291, -0.020648, -0.998849, 0.434899, -0.187947, 0.982104, -0.012156, 0.472362, 0.0, 0.0, 0.0, 1.0],
                [0.981487, 0.184896, -0.049959, -0.011118, -0.046991, -0.0204, -0.998687, 0.428864, -0.185673, 0.982546, -0.011334, 0.478423, 0.0, 0.0, 0.0, 1.0],
                [0.981825, 0.181656, -0.05496, -0.012417, -0.05218, -0.02005, -0.998436, 0.420394, -0.182474, 0.983158, -0.010207, 0.485648, 0.0, 0.0, 0.0, 1.0],
                [0.982206, 0.177489, -0.061392, -0.014086, -0.058842, -0.019601, -0.998075, 0.40951, -0.178351, 0.983928, -0.008808, 0.494018, 0.0, 0.0, 0.0, 1.0],
                [0.982589, 0.172412, -0.069232, -0.016118, -0.066945, -0.019052, -0.997575, 0.396258, -0.173312, 0.984841, -0.007178, 0.503502, 0.0, 0.0, 0.0, 1.0],
                [0.982925, 0.16645, -0.078437, -0.0185, -0.076436, -0.018406, -0.996905, 0.380716, -0.167379, 0.985878, -0.005369, 0.514055, 0.0, 0.0, 0.0, 1.0],
                [0.983159, 0.159646, -0.088943, -0.021217, -0.087239, -0.017667, -0.996031, 0.362994, -0.160584, 0.987016, -0.003442, 0.52561, 0.0, 0.0, 0.0, 1.0],
                [0.983233, 0.152054, -0.100664, -0.024244, -0.099256, -0.016841, -0.994919, 0.343243, -0.152976, 0.988229, -0.001466, 0.538086, 0.0, 0.0, 0.0, 1.0],
                [0.983087, 0.143744, -0.113484, -0.027552, -0.112361, -0.015934, -0.99354, 0.321652, -0.144623, 0.989487, 0.000487, 0.551379, 0.0, 0.0, 0.0, 1.0],
                [0.982666, 0.134802, -0.127266, -0.031107, -0.126406, -0.014955, -0.991866, 0.298448, -0.135609, 0.99076, 0.002344, 0.565367, 0.0, 0.0, 0.0, 1.0],
                [0.981923, 0.12533, -0.141845, -0.034867, -0.141218, -0.013916, -0.989881, 0.2739, -0.126036, 0.992017, 0.004034, 0.579907, 0.0, 0.0, 0.0, 1.0],
                [0.980823, 0.115445, -0.157033, -0.038786, -0.156604, -0.012829, -0.987578, 0.24831, -0.116025, 0.993231, 0.005496, 0.594841, 0.0, 0.0, 0.0, 1.0],
                [0.979346, 0.105272, -0.172625, -0.042814, -0.172357, -0.011707, -0.984965, 0.222008, -0.10571, 0.994375, 0.006679, 0.609999, 0.0, 0.0, 0.0, 1.0],
                [0.977491, 0.094948, -0.188404, -0.046897, -0.188258, -0.010567, -0.982063, 0.195344, -0.095236, 0.995426, 0.007546, 0.6252, 0.0, 0.0, 0.0, 1.0],
                [0.975277, 0.084614, -0.204145, -0.050978, -0.204087, -0.009423, -0.978907, 0.16868, -0.084753, 0.996369, 0.008079, 0.640259, 0.0, 0.0, 0.0, 1.0],
                [0.972742, 0.074411, -0.219627, -0.055005, -0.219627, -0.008291, -0.975549, 0.142378, -0.074413, 0.997193, 0.008278, 0.654994, 0.0, 0.0, 0.0, 1.0],
                [0.969942, 0.064477, -0.234639, -0.058921, -0.234671, -0.007187, -0.972048, 0.116787, -0.064361, 0.997893, 0.00816, 0.669228, 0.0, 0.0, 0.0, 1.0],
                [0.966948, 0.054941, -0.248984, -0.062678, -0.24903, -0.006127, -0.968477, 0.092238, -0.054735, 0.998471, 0.007758, 0.682797, 0.0, 0.0, 0.0, 1.0],
                [0.963842, 0.045923, -0.262487, -0.066229, -0.262534, -0.005123, -0.964909, 0.069033, -0.045656, 0.998932, 0.007119, 0.695553, 0.0, 0.0, 0.0, 1.0],
                [0.960712, 0.037528, -0.274998, -0.069534, -0.275038, -0.004187, -0.961424, 0.04744, -0.037232, 0.999287, 0.006299, 0.707364, 0.0, 0.0, 0.0, 1.0],
                [0.957647, 0.029846, -0.286393, -0.072556, -0.286423, -0.003331, -0.958097, 0.027687, -0.029549, 0.999549, 0.005359, 0.718121, 0.0, 0.0, 0.0, 1.0],
                [0.954735, 0.022952, -0.296572, -0.075268, -0.296593, -0.002562, -0.955, 0.009964, -0.022679, 0.999733, 0.004362, 0.727734, 0.0, 0.0, 0.0, 1.0],
                [0.952054, 0.016904, -0.305464, -0.077646, -0.305477, -0.001887, -0.952198, -0.00558, -0.016673, 0.999855, 0.003368, 0.736136, 0.0, 0.0, 0.0, 1.0],
                [0.949675, 0.011748, -0.313017, -0.079674, -0.313024, -0.001311, -0.949744, -0.018833, -0.011568, 0.99993, 0.002432, 0.743276, 0.0, 0.0, 0.0, 1.0],
                [0.947657, 0.007512, -0.319201, -0.08134, -0.319204, -0.000839, -0.947686, -0.029718, -0.007387, 0.999971, 0.001603, 0.749123, 0.0, 0.0, 0.0, 1.0],
                [0.946048, 0.004216, -0.324, -0.082636, -0.324001, -0.000471, -0.946057, -0.038188, -0.004141, 0.999991, 0.000921, 0.753661, 0.0, 0.0, 0.0, 1.0],
                [0.94488, 0.001867, -0.327412, -0.083559, -0.327412, -0.000208, -0.944882, -0.044224, -0.001833, 0.999998, 0.000414, 0.756886, 0.0, 0.0, 0.0, 1.0],
                [0.944174, 0.000465, -0.329447, -0.084111, -0.329447, -5.2e-05, -0.944174, -0.047829, -0.000456, 1.0, 0.000104, 0.758808, 0.0, 0.0, 0.0, 1.0],
                [0.943939, 0.0, -0.330121, -0.084294, -0.330121, 0.0, -0.943939, -0.049023, 0.0, 1.0, 0.0, 0.759444, 0.0, 0.0, 0.0, 1.0]
            ]
        },
        {
            "name": "Thigh_R",
            "time": [0.0, 0.0167, 0.0333, 0.05, 0.0667, 0.0833, 0.1, 0.1167, 0.1333, 0.15, 0.1667, 0.1833, 0.2, 0.2167, 0.2333, 0.25, 0.2667, 0.2833, 0.3, 0.3167, 0.3333, 0.35, 0.3667, 0.3833, 0.4, 0.4167, 0.4333, 0.45, 0.4667, 0.4833, 0.5, 0.5167, 0.5333, 0.55, 0.5667, 0.5833, 0.6, 0.6167, 0.6333, 0.65, 0.6667, 0.6833, 0.7, 0.7167, 0.7333, 0.75, 0.7667, 0.7833, 0.8, 0.8167, 0.8333, 0.85, 0.8667, 0.8833, 0.9, 0.9167, 0.9333, 0.95, 0.9667, 0.9833, 1.0, 1.0167, 1.0333, 1.05, 1.0667, 1.0833, 1.1, 1.1167, 1.1333, 1.15, 1.1667, 1.1833, 1.2, 1.2167, 1.2333, 1.25, 1.2667, 1.2833, 1.3, 1.3167, 1.3333, 1.35, 1.3667, 1.3833, 1.4, 1.4167, 1.4333, 1.45, 1.4667, 1.4833, 1.5, 1.5167, 1.5333, 1.55, 1.5667, 1.5833, 1.6, 1.6167, 1.6333, 1.65, 1.6667, 1.6833, 1.7, 1.7167, 1.7333, 1.75, 1.7667, 1.7833, 1.8, 1.8167, 1.8333, 1.85, 1.8667, 1.8833, 1.9, 1.9167, 1.9333, 1.95, 1.9667, 1.9833, 2.0],
            "transform": [
                [0.992214, 0.077272, -0.097672, 0.124994, 0.020639, -0.875423, -0.482916, -0.002831, -0.12282, 0.47714, -0.870203, -1.2e-05, 0.0, 0.0, 0.0, 1.0],
                [0.99223, 0.077298, -0.097482, 0.124994, 0.020792, -0.875572, -0.48264, -0.002831, -0.12266, 0.476864, -0.870377, -1.2e-05, 0.0, 0.0, 0.0, 1.0],
                [0.99228, 0.077376, -0.096916, 0.124994, 0.021252, -0.876018, -0.481809, -0.002831, -0.12218, 0.47603, -0.8709, -1.2e-05, 0.0, 0.0, 0.0, 1.0],
                [0.992361, 0.077507, -0.095981, 0.124994, 0.022012, -0.876764, -0.480417, -0.002831, -0.121389, 0.474634, -0.871772, -1.2e-05, 0.0, 0.0, 0.0, 1.0],
                [0.992469, 0.07769, -0.0947, 0.124994, 0.02306, -0.877806, -0.478462, -0.002831, -0.1203, 0.472675, -0.872987, -1.2e-05, 0.0, 0.0, 0.0, 1.0],
                [0.992602, 0.077925, -0.093103, 0.124994, 0.024375, -0.879136, -0.475948, -0.002831, -0.118938, 0.470157, -0.874532, -1.2e-05, 0.0, 0.0, 0.0, 1.0],
                [0.992754, 0.078209, -0.091226, 0.124994, 0.02593, -0.880743, -0.472884, -0.002831, -0.11733, 0.467092, -0.876389, -1.2e-05, 0.0, 0.0, 0.0, 1.0],
                [0.992919, 0.07854, -0.089115, 0.124994, 0.027695, -0.88261, -0.469289, -0.002831, -0.115512, 0.463498, -0.878536, -1.2e-05, 0.0, 0.0, 0.0, 1.0],
                [0.993093, 0.078915, -0.086819, 0.124994, 0.029635, -0.884716, -0.465187, -0.002831, -0.11352, 0.459401, -0.880944, -1.2e-05, 0.0, 0.0, 0.0, 1.0],
                [0.99327, 0.079329, -0.084388, 0.124994, 0.031711, -0.887034, -0.460613, -0.002831, -0.111395, 0.454837, -0.88358, -1.2e-05, 0.0, 0.0, 0.0, 1.0],
                [0.993444, 0.079779, -0.081873, 0.124994, 0.033886, -0.889534, -0.45561, -0.002831, -0.109177, 0.449849, -0.886406, -1.2e-05, 0.0, 0.0, 0.0, 1.0],
                [0.993613, 0.080258, -0.07932, 0.124994, 0.036123, -0.89218, -0.450233, -0.002831, -0.106902, 0.444492, -0.889381, -1.2e-05, 0.0, 0.0, 0.0, 1.0],
                [0.993772, 0.080759, -0.076774, 0.124994, 0.038384, -0.894934, -0.444545, -0.002831, -0.104608, 0.43883, -0.89246, -1.2e-05, 0.0, 0.0, 0.0, 1.0],
                [0.99392, 0.081276, -0.074273, 0.124994, 0.040636, -0.897755, -0.438617, -0.002831, -0.102327, 0.432932, -0.895599, -1.2e-05, 0.0, 0.0, 0.0, 1.0],
                [0.994055, 0.081801, -0.071849, 0.124994, 0.042849, -0.900602, -0.432528, -0.002831, -0.100088, 0.426878, -0.898753, -1.2e-05, 0.0, 0.0, 0.0, 1.0],
                [0.994177, 0.082328, -0.069527, 0.124994, 0.044996, -0.903434, -0.42636, -0.002831, -0.097915, 0.420748, -0.901878, -1.2e-05, 0.0, 0.0, 0.0, 1.0],
                [0.994285, 0.082848, -0.067328, 0.124994, 0.047055, -0.906212, -0.420197, -0.002831, -0.095826, 0.414628, -0.904931, -1.2e-05, 0.0, 0.0, 0.0, 1.0],
                [0.99438, 0.083355, -0.065265, 0.124994, 0.049009, -0.908899, -0.414126, -0.002831, -0.093838, 0.4086, -0.907877, -1.2e-05, 0.0, 0.0, 0.0, 1.0],
                [0.994463, 0.083843, -0.063343, 0.124994, 0.050843, -0.911464, -0.408225, -0.002831, -0.091962, 0.402745, -0.910681, -1.2e-05, 0.0, 0.0, 0.0, 1.0],
                [0.994536, 0.084305, -0.061568, 0.124994, 0.052546, -0.913878, -0.402573, -0.002831, -0.090205, 0.397138, -0.913315, -1.2e-05, 0.0, 0.0, 0.0, 1.0],
                [0.994598, 0.084737, -0.059938, 0.124994, 0.054112, -0.916119, -0.397238, -0.002831, -0.088571, 0.391849, -0.915756, -1.2e-05, 0.0, 0.0, 0.0, 1.0],
                [0.994653, 0.085136, -0.058449, 0.124994, 0.055537, -0.918168, -0.392279, -0.002831, -0.087063, 0.386935, -0.917988, -1.2e-05, 0.0, 0.0, 0.0, 1.0],
                [0.994701, 0.085496, -0.057095, 0.124994, 0.05682, -0.920013, -0.387747, -0.002831, -0.085679, 0.382448, -0.919996, -1.2e-05, 0.0, 0.0, 0.0, 1.0],
                [0.994743, 0.085817, -0.05587, 0.124994, 0.057961, -0.921643, -0.383684, -0.002831, -0.084419, 0.378429, -0.921772, -1.2e-05, 0.0, 0.0, 0.0, 1.0],
                [0.99478, 0.086096, -0.054765, 0.124994, 0.058962, -0.923055, -0.380123, -0.002831, -0.083278, 0.37491, -0.923313, -1.2e-05, 0.0, 0.0, 0.0, 1.0],
                [0.994814, 0.086332, -0.053772, 0.124994, 0.059826, -0.924244, -0.377085, -0.002831, -0.082253, 0.371913, -0.924616, -1.2e-05, 0.0, 0.0, 0.0, 1.0],
                [0.994845, 0.086525, -0.052883, 0.124994, 0.060557, -0.925212, -0.374588, -0.002831, -0.08134, 0.369454, -0.925682, -1.2e-05, 0.0, 0.0, 0.0, 1.0],
                [0.994873, 0.086675, -0.052091, 0.124994, 0.06116, -0.925959, -0.372639, -0.002831, -0.080533, 0.367543, -0.926513, -1.2e-05, 0.0, 0.0, 0.0, 1.0],
                [0.994901, 0.086781, -0.051388, 0.124994, 0.061638, -0.926488, -0.371243, -0.002831, -0.079827, 0.366182, -0.927113, -1.2e-05, 0.0, 0.0, 0.0, 1.0],
                [0.994927, 0.086844, -0.050769, 0.124994, 0.061997, -0.926802, -0.370396, -0.002831, -0.079219, 0.36537, -0.927485, -1.2e-05, 0.0, 0.0, 0.0, 1.0],
                [0.994953, 0.086865, -0.050227, 0.124994, 0.062241, -0.926906, -0.370095, -0.002831, -0.078704, 0.365101, -0.927635, -1.2e-05, 0.0, 0.0, 0.0, 1.0],
                [0.994958, 0.08523, -0.052859, 0.124994, 0.060739, -0.931488, -0.358664, -0.002831, -0.079806, 0.353645, -0.931969, -1.2e-05, 0.0, 0.0, 0.0, 1.0],
                [0.994414, 0.074813, -0.074454, 0.124994, 0.06132, -0.98364, -0.169384, -0.002831, -0.085908, 0.163872, -0.982734, -1.2e-05, 0.0, 0.0, 0.0, 1.0],
                [0.993447, 0.043601, -0.105641, 0.124994, 0.063867, -0.97836, 0.196807, -0.002831, -0.094774, -0.202264, -0.974734, -1.2e-05, 0.0, 0.0, 0.0, 1.0],
                [0.99231, -0.000672, -0.123768, 0.124994, 0.060573, -0.86941, 0.490365, -0.002831, -0.107935, -0.494091, -0.862684, -1.2e-05, 0.0, 0.0, 0.0, 1.0],
                [0.989758, -0.057036, -0.130863, 0.124994, 0.057374, -0.680475, 0.730522, -0.002831, -0.130715, -0.730548, -0.670233, -1.2e-05, 0.0, 0.0, 0.0, 1.0],
                [0.983989, -0.120154, -0.131631, 0.124994, 0.063781, -0.452253, 0.889606, -0.002831, -0.16642, -0.883759, -0.437348, -1.2e-05, 0.0, 0.0, 0.0, 1.0],
                [0.974149, -0.181094, -0.135048, 0.124994, 0.086818, -0.251784, 0.963882, -0.002831, -0.208556, -0.950689, -0.229553, -1.2e-05, 0.0, 0.0, 0.0, 1.0],
                [0.963687, -0.225936, -0.142338, 0.124994, 0.115627, -0.127412, 0.985087, -0.002831, -0.240702, -0.965774, -0.096661, -1.2e-05, 0.0, 0.0, 0.0, 1.0],
                [0.959185, -0.242109, -0.146105, 0.124994, 0.128392, -0.087481, 0.987858, -0.002831, -0.251951, -0.966297, -0.052826, -1.2e-05, 0.0, 0.0, 0.0, 1.0],
                [0.959185, -0.242109, -0.146106, 0.124994, 0.128392, -0.087482, 0.987857, -0.002831, -0.251951, -0.966297, -0.052827, -1.2e-05, 0.0, 0.0, 0.0, 1.0],
                [0.959185, -0.242107, -0.146108, 0.124994, 0.128392, -0.08749, 0.987857, -0.002831, -0.25195, -0.966297, -0.052835, -1.2e-05, 0.0, 0.0, 0.0, 1.0],
                [0.959185, -0.242103, -0.146114, 0.124994, 0.128393, -0.087512, 0.987855, -0.002831, -0.251949, -0.966296, -0.052856, -1.2e-05, 0.0, 0.0, 0.0, 1.0],
                [0.959185, -0.242094, -0.146126, 0.124994, 0.128394, -0.087556, 0.987851, -0.002831, -0.251947, -0.966294, -0.052899, -1.2e-05, 0.0, 0.0, 0.0, 1.0],
                [0.959186, -0.242079, -0.146146, 0.124994, 0.128396, -0.087629, 0.987844, -0.002831, -0.251943, -0.966291, -0.05297, -1.2e-05, 0.0, 0.0, 0.0, 1.0],
                [0.959187, -0.242057, -0.146176, 0.124994, 0.1284, -0.087739, 0.987834, -0.002831, -0.251937, -0.966287, -0.053078, -1.2e-05, 0.0, 0.0, 0.0, 1.0],
                [0.959189, -0.242025, -0.146219, 0.124994, 0.128405, -0.087895, 0.987819, -0.002831, -0.251929, -0.96628, -0.053231, -1.2e-05, 0.0, 0.0, 0.0, 1.0],
                [0.959191, -0.241983, -0.146277, 0.124994, 0.128412, -0.088106, 0.987799, -0.002831, -0.251918, -0.966272, -0.053437, -1.2e-05, 0.0, 0.0, 0.0, 1.0],
                [0.959193, -0.241927, -0.146352, 0.124994, 0.128421, -0.088379, 0.987774, -0.002831, -0.251904, -0.966261, -0.053704, -1.2e-05, 0.0, 0.0, 0.0, 1.0],
                [0.959196, -0.241857, -0.146446, 0.124994, 0.128433, -0.088725, 0.987741, -0.002831, -0.251886, -0.966247, -0.054043, -1.2e-05, 0.0, 0.0, 0.0, 1.0],
                [0.9592, -0.24177, -0.146563, 0.124994, 0.128447, -0.089153, 0.987701, -0.002831, -0.251863, -0.966229, -0.054461, -1.2e-05, 0.0, 0.0, 0.0, 1.0],
                [0.959205, -0.241665, -0.146705, 0.124994, 0.128464, -0.089671, 0.987652, -0.002831, -0.251836, -0.966207, -0.054967, -1.2e-05, 0.0, 0.0, 0.0, 1.0],
                [0.959211, -0.24154, -0.146874, 0.124994, 0.128484, -0.090288, 0.987593, -0.002831, -0.251804, -0.966181, -0.055571, -1.2e-05, 0.0, 0.0, 0.0, 1.0],
                [0.959218, -0.241392, -0.147072, 0.124994, 0.128508, -0.091015, 0.987523, -0.002831, -0.251766, -0.96615, -0.056282, -1.2e-05, 0.0, 0.0, 0.0, 1.0],
                [0.959226, -0.24122, -0.147303, 0.124994, 0.128536, -0.09186, 0.987441, -0.002831, -0.251722, -0.966113, -0.057109, -1.2e-05, 0.0, 0.0, 0.0, 1.0],
                [0.959235, -0.241022, -0.147568, 0.124994, 0.128567, -0.092832, 0.987346, -0.002831, -0.251671, -0.966069, -0.05806, -1.2e-05, 0.0, 0.0, 0.0, 1.0],
                [0.959245, -0.240796, -0.14787, 0.124994, 0.128604, -0.09394, 0.987237, -0.002831, -0.251614, -0.966019, -0.059144, -1.2e-05, 0.0, 0.0, 0.0, 1.0],
                [0.959256, -0.24054, -0.148211, 0.124994, 0.128644, -0.095192, 0.987112, -0.002831, -0.251548, -0.96596, -0.060369, -1.2e-05, 0.0, 0.0, 0.0, 1.0],
                [0.95927, -0.240252, -0.148593, 0.124994, 0.12869, -0.096597, 0.986969, -0.002831, -0.251475, -0.965892, -0.061744, -1.2e-05, 0.0, 0.0, 0.0, 1.0],
                [0.959284, -0.239931, -0.149017, 0.124994, 0.128741, -0.098163, 0.986808, -0.002831, -0.251394, -0.965814, -0.063277, -1.2e-05, 0.0, 0.0, 0.0, 1.0],
                [0.9593, -0.239574, -0.149487, 0.124994, 0.128797, -0.099896, 0.986627, -0.002831, -0.251303, -0.965725, -0.064974, -1.2e-05, 0.0, 0.0, 0.0, 1.0],
                [0.959318, -0.23918, -0.150003, 0.124994, 0.128859, -0.101805, 0.986423, -0.002831, -0.251204, -0.965623, -0.066843, -1.2e-05, 0.0, 0.0, 0.0, 1.0],
                [0.959337, -0.238748, -0.150567, 0.124994, 0.128926, -0.103896, 0.986197, -0.002831, -0.251096, -0.965507, -0.06889, -1.2e-05, 0.0, 0.0, 0.0, 1.0],
                [0.959358, -0.238275, -0.15118, 0.124994, 0.128999, -0.106174, 0.985944, -0.002831, -0.250977, -0.965376, -0.071122, -1.2e-05, 0.0, 0.0, 0.0, 1.0],
                [0.959381, -0.237761, -0.151844, 0.124994, 0.129078, -0.108645, 0.985665, -0.002831, -0.250849, -0.965228, -0.073543, -1.2e-05, 0.0, 0.0, 0.0, 1.0],
                [0.959406, -0.237203, -0.152558, 0.124994, 0.129163, -0.111314, 0.985356, -0.002831, -0.250711, -0.965061, -0.076158, -1.2e-05, 0.0, 0.0, 0.0, 1.0],
                [0.959432, -0.2366, -0.153325, 0.124994, 0.129254, -0.114186, 0.985015, -0.002831, -0.250562, -0.964874, -0.078972, -1.2e-05, 0.0, 0.0, 0.0, 1.0],
                [0.959461, -0.235952, -0.154143, 0.124994, 0.129351, -0.117263, 0.984641, -0.002831, -0.250403, -0.964663, -0.081988, -1.2e-05, 0.0, 0.0, 0.0, 1.0],
                [0.959491, -0.235257, -0.155015, 0.124994, 0.129454, -0.120548, 0.984231, -0.002831, -0.250234, -0.964428, -0.08521, -1.2e-05, 0.0, 0.0, 0.0, 1.0],
                [0.959523, -0.234514, -0.155938, 0.124994, 0.129563, -0.124044, 0.983782, -0.002831, -0.250054, -0.964166, -0.088639, -1.2e-05, 0.0, 0.0, 0.0, 1.0],
                [0.959558, -0.233722, -0.156915, 0.124994, 0.129678, -0.127753, 0.983292, -0.002831, -0.249863, -0.963874, -0.092278, -1.2e-05, 0.0, 0.0, 0.0, 1.0],
                [0.959594, -0.232879, -0.157943, 0.124994, 0.129799, -0.131676, 0.982758, -0.002831, -0.249661, -0.96355, -0.096128, -1.2e-05, 0.0, 0.0, 0.0, 1.0],
                [0.959632, -0.231986, -0.159022, 0.124994, 0.129926, -0.135813, 0.982178, -0.002831, -0.249449, -0.963191, -0.10019, -1.2e-05, 0.0, 0.0, 0.0, 1.0],
                [0.959672, -0.231042, -0.160152, 0.124994, 0.130058, -0.140164, 0.981549, -0.002831, -0.249226, -0.962794, -0.104463, -1.2e-05, 0.0, 0.0, 0.0, 1.0],
                [0.959714, -0.230045, -0.161332, 0.124994, 0.130196, -0.144729, 0.980868, -0.002831, -0.248993, -0.962358, -0.108947, -1.2e-05, 0.0, 0.0, 0.0, 1.0],
                [0.959758, -0.228995, -0.16256, 0.124994, 0.130339, -0.149506, 0.980133, -0.002831, -0.248749, -0.961878, -0.113642, -1.2e-05, 0.0, 0.0, 0.0, 1.0],
                [0.959803, -0.227893, -0.163835, 0.124994, 0.130487, -0.154493, 0.979339, -0.002831, -0.248496, -0.961351, -0.118546, -1.2e-05, 0.0, 0.0, 0.0, 1.0],
                [0.959851, -0.226736, -0.165156, 0.124994, 0.13064, -0.15969, 0.978485, -0.002831, -0.248232, -0.960775, -0.123658, -1.2e-05, 0.0, 0.0, 0.0, 1.0],
                [0.9599, -0.225526, -0.166521, 0.124994, 0.130797, -0.165093, 0.977567, -0.002831, -0.247958, -0.960147, -0.128974, -1.2e-05, 0.0, 0.0, 0.0, 1.0],
                [0.959951, -0.224261, -0.167928, 0.124994, 0.130959, -0.170699, 0.976582, -0.002831, -0.247674, -0.959462, -0.134494, -1.2e-05, 0.0, 0.0, 0.0, 1.0],
                [0.960004, -0.222942, -0.169376, 0.124994, 0.131125, -0.176505, 0.975527, -0.002831, -0.247381, -0.958719, -0.140212, -1.2e-05, 0.0, 0.0, 0.0, 1.0],
                [0.960059, -0.221568, -0.170863, 0.124994, 0.131294, -0.182511, 0.974398, -0.002831, -0.24708, -0.957913, -0.146131, -1.2e-05, 0.0, 0.0, 0.0, 1.0],
                [0.960115, -0.220139, -0.172388, 0.124994, 0.131467, -0.188712, 0.973193, -0.002831, -0.246769, -0.95704, -0.152244, -1.2e-05, 0.0, 0.0, 0.0, 1.0],
                [0.960173, -0.218655, -0.173947, 0.124994, 0.131643, -0.195102, 0.971908, -0.002831, -0.246449, -0.956099, -0.158547, -1.2e-05, 0.0, 0.0, 0.0, 1.0],
                [0.960232, -0.217116, -0.175538, 0.124994, 0.131822, -0.201677, 0.970541, -0.002831, -0.246122, -0.955085, -0.165036, -1.2e-05, 0.0, 0.0, 0.0, 1.0],
                [0.960293, -0.215522, -0.17716, 0.124994, 0.132003, -0.208433, 0.969088, -0.002831, -0.245786, -0.953994, -0.171707, -1.2e-05, 0.0, 0.0, 0.0, 1.0],
                [0.960356, -0.213874, -0.178811, 0.124994, 0.132187, -0.215365, 0.967546, -0.002831, -0.245443, -0.952825, -0.178556, -1.2e-05, 0.0, 0.0, 0.0, 1.0],
                [0.96042, -0.212172, -0.180487, 0.124994, 0.132372, -0.222469, 0.965912, -0.002831, -0.245092, -0.951572, -0.185578, -1.2e-05, 0.0, 0.0, 0.0, 1.0],
                [0.960485, -0.210415, -0.182188, 0.124994, 0.132559, -0.22974, 0.964182, -0.002831, -0.244734, -0.950234, -0.192769, -1.2e-05, 0.0, 0.0, 0.0, 1.0],
                [0.960552, -0.208604, -0.183909, 0.124994, 0.132747, -0.237174, 0.962355, -0.002831, -0.244369, -0.948806, -0.200126, -1.2e-05, 0.0, 0.0, 0.0, 1.0],
                [0.96062, -0.206719, -0.185679, 0.124994, 0.132935, -0.244896, 0.960393, -0.002831, -0.244003, -0.947255, -0.207772, -1.2e-05, 0.0, 0.0, 0.0, 1.0],
                [0.961516, -0.202533, -0.185653, 0.124994, 0.131451, -0.254249, 0.958164, -0.002831, -0.241262, -0.945695, -0.217842, -1.2e-05, 0.0, 0.0, 0.0, 1.0],
                [0.964009, -0.193794, -0.182017, 0.124994, 0.126702, -0.267009, 0.955329, -0.002831, -0.233737, -0.944007, -0.232846, -1.2e-05, 0.0, 0.0, 0.0, 1.0],
                [0.967883, -0.180702, -0.174779, 0.124994, 0.118961, -0.283261, 0.951636, -0.002831, -0.22147, -0.941865, -0.252667, -1.2e-05, 0.0, 0.0, 0.0, 1.0],
                [0.972777, -0.163601, -0.164132, 0.124994, 0.10876, -0.303108, 0.946729, -0.002831, -0.204636, -0.938808, -0.277064, -1.2e-05, 0.0, 0.0, 0.0, 1.0],
                [0.978209, -0.143099, -0.150431, 0.124994, 0.096799, -0.32664, 0.940179, -0.002831, -0.183675, -0.934253, -0.30567, -1.2e-05, 0.0, 0.0, 0.0, 1.0],
                [0.983657, -0.120009, -0.134224, 0.124994, 0.083936, -0.353875, 0.931519, -0.002831, -0.159289, -0.927561, -0.338019, -1.2e-05, 0.0, 0.0, 0.0, 1.0],
                [0.988638, -0.095313, -0.116231, 0.124994, 0.071106, -0.384714, 0.920293, -0.002831, -0.132432, -0.918102, -0.373565, -1.2e-05, 0.0, 0.0, 0.0, 1.0],
                [0.992785, -0.070085, -0.097291, 0.124994, 0.059224, -0.418901, 0.906098, -0.002831, -0.104259, -0.905323, -0.411728, -1.2e-05, 0.0, 0.0, 0.0, 1.0],
                [0.995898, -0.045414, -0.078266, 0.124994, 0.049039, -0.456024, 0.888616, -0.002831, -0.076047, -0.888808, -0.451926, -1.2e-05, 0.0, 0.0, 0.0, 1.0],
                [0.997952, -0.022254, -0.059966, 0.124994, 0.041085, -0.495523, 0.867623, -0.002831, -0.049022, -0.86831, -0.493594, -1.2e-05, 0.0, 0.0, 0.0, 1.0],
                [0.999071, -0.001342, -0.043072, 0.124994, 0.035619, -0.536848, 0.842926, -0.002831, -0.024254, -0.843677, -0.536302, -1.2e-05, 0.0, 0.0, 0.0, 1.0],
                [0.999464, 0.016826, -0.028069, 0.124994, 0.032626, -0.579073, 0.814623, -0.002831, -0.002547, -0.815102, -0.579312, -1.2e-05, 0.0, 0.0, 0.0, 1.0],
                [0.99937, 0.032053, -0.015258, 0.124994, 0.031885, -0.621574, 0.782706, -0.002831, 0.015604, -0.782699, -0.622204, -1.2e-05, 0.0, 0.0, 0.0, 1.0],
                [0.999005, 0.044348, -0.004743, 0.124994, 0.033009, -0.663655, 0.74731, -0.002831, 0.029994, -0.746723, -0.664459, -1.2e-05, 0.0, 0.0, 0.0, 1.0],
                [0.998539, 0.053906, 0.003527, 0.124994, 0.035543, -0.704739, 0.708575, -0.002831, 0.040682, -0.707415, -0.705626, -1.2e-05, 0.0, 0.0, 0.0, 1.0],
                [0.998087, 0.061048, 0.009708, 0.124994, 0.039028, -0.744129, 0.666894, -0.002831, 0.047937, -0.66524, -0.745088, -1.2e-05, 0.0, 0.0, 0.0, 1.0],
                [0.997711, 0.066136, 0.014051, 0.124994, 0.043029, -0.781387, 0.622561, -0.002831, 0.052153, -0.620532, -0.782445, -1.2e-05, 0.0, 0.0, 0.0, 1.0],
                [0.997435, 0.069564, 0.016847, 0.124994, 0.047194, -0.816156, 0.575902, -0.002831, 0.053812, -0.573629, -0.817345, -1.2e-05, 0.0, 0.0, 0.0, 1.0],
                [0.997256, 0.071705, 0.018401, 0.124994, 0.051243, -0.848031, 0.527463, -0.002831, 0.053426, -0.525073, -0.849378, -1.2e-05, 0.0, 0.0, 0.0, 1.0],
