{
    "animation": [
        {
            "name": "Root",
            "time": [0.0, 0.0167, 0.0333, 0.05, 0.0667, 0.0833, 0.1, 0.1167, 0.1333, 0.15, 0.1667, 0.1833, 0.2, 0.2167, 0.2333, 0.25, 0.2667, 0.2833, 0.3, 0.3167, 0.3333, 0.35, 0.3667, 0.3833, 0.4, 0.4167, 0.4333, 0.45, 0.4667, 0.4833, 0.5, 0.5167, 0.5333, 0.55, 0.5667, 0.5833, 0.6, 0.6167, 0.6333, 0.65, 0.6667, 0.6833, 0.7, 0.7167, 0.7333, 0.75, 0.7667, 0.7833, 0.8, 0.8167, 0.8333, 0.85, 0.8667, 0.8833, 0.9, 0.9167, 0.9333, 0.95, 0.9667, 0.9833, 1.0, 1.0167, 1.0333, 1.05, 1.0667, 1.0833, 1.1, 1.1167, 1.1333, 1.15, 1.1667, 1.1833, 1.2, 1.2167, 1.2333, 1.25, 1.2667, 1.2833, 1.3, 1.3167, 1.3333, 1.35, 1.3667, 1.3833, 1.4, 1.4167, 1.4333, 1.45, 1.4667, 1.4833, 1.5],
            "transform": [
                [0.284129, 0.189038, -0.939966, -0.009457, -0.955848, -0.020845, -0.293122, -0.023603, -0.075005, 0.981748, 0.174769, 0.711331, 0.0, 0.0, 0.0, 1.0],
                [0.284129, 0.189038, -0.939966, -0.009457, -0.955848, -0.020845, -0.293122, -0.024352, -0.075005, 0.981748, 0.174769, 0.711331, 0.0, 0.0, 0.0, 1.0],
                [0.284129, 0.189038, -0.939966, -0.009457, -0.955848, -0.020845, -0.293122, -0.026615, -0.075005, 0.981748, 0.174769, 0.711331, 0.0, 0.0, 0.0, 1.0],
                [0.284129, 0.189038, -0.939966, -0.009457, -0.955848, -0.020845, -0.293122, -0.030399, -0.075005, 0.981748, 0.174769, 0.711331, 0.0, 0.0, 0.0, 1.0],
                [0.284129, 0.189038, -0.939966, -0.009457, -0.955848, -0.020845, -0.293122, -0.035679, -0.075005, 0.981748, 0.174769, 0.711331, 0.0, 0.0, 0.0, 1.0],
                [0.284129, 0.189038, -0.939966, -0.009457, -0.955848, -0.020845, -0.293122, -0.04239, -0.075005, 0.981748, 0.174769, 0.711331, 0.0, 0.0, 0.0, 1.0],
                [0.284129, 0.189038, -0.939966, -0.009457, -0.955848, -0.020845, -0.293122, -0.050417, -0.075005, 0.981748, 0.174769, 0.711331, 0.0, 0.0, 0.0, 1.0],
                [0.284129, 0.189038, -0.939966, -0.009457, -0.955848, -0.020845, -0.293122, -0.059593, -0.075005, 0.981748, 0.174769, 0.711331, 0.0, 0.0, 0.0, 1.0],
                [0.284129, 0.189038, -0.939966, -0.009457, -0.955848, -0.020845, -0.293122, -0.069693, -0.075005, 0.981748, 0.174769, 0.711331, 0.0, 0.0, 0.0, 1.0],
                [0.284129, 0.189038, -0.939966, -0.009457, -0.955848, -0.020845, -0.293122, -0.080444, -0.075005, 0.981748, 0.174769, 0.711331, 0.0, 0.0, 0.0, 1.0],
                [0.284129, 0.189038, -0.939966, -0.009457, -0.955848, -0.020845, -0.293122, -0.091531, -0.075005, 0.981748, 0.174769, 0.711331, 0.0, 0.0, 0.0, 1.0],
                [0.284129, 0.189038, -0.939966, -0.009457, -0.955848, -0.020845, -0.293122, -0.102617, -0.075005, 0.981748, 0.174769, 0.711331, 0.0, 0.0, 0.0, 1.0],
                [0.284129, 0.189038, -0.939966, -0.009457, -0.955848, -0.020845, -0.293122, -0.113368, -0.075005, 0.981748, 0.174769, 0.711331, 0.0, 0.0, 0.0, 1.0],
                [0.284129, 0.189038, -0.939966, -0.009457, -0.955848, -0.020845, -0.293122, -0.123469, -0.075005, 0.981748, 0.174769, 0.711331, 0.0, 0.0, 0.0, 1.0],
                [0.284129, 0.189038, -0.939966, -0.009457, -0.955848, -0.020845, -0.293122, -0.132644, -0.075005, 0.981748, 0.174769, 0.711331, 0.0, 0.0, 0.0, 1.0],
                [0.284129, 0.189038, -0.939966, -0.009457, -0.955848, -0.020845, -0.293122, -0.140672, -0.075005, 0.981748, 0.174769, 0.711331, 0.0, 0.0, 0.0, 1.0],
                [0.284129, 0.189038, -0.939966, -0.009457, -0.955848, -0.020845, -0.293122, -0.147382, -0.075005, 0.981748, 0.174769, 0.711331, 0.0, 0.0, 0.0, 1.0],
                [0.284129, 0.189038, -0.939966, -0.009457, -0.955848, -0.020845, -0.293122, -0.152662, -0.075005, 0.981748, 0.174769, 0.711331, 0.0, 0.0, 0.0, 1.0],
                [0.284129, 0.189038, -0.939966, -0.009457, -0.955848, -0.020845, -0.293122, -0.156447, -0.075005, 0.981748, 0.174769, 0.711331, 0.0, 0.0, 0.0, 1.0],
                [0.284129, 0.189038, -0.939966, -0.009457, -0.955848, -0.020845, -0.293122, -0.15871, -0.075005, 0.981748, 0.174769, 0.711331, 0.0, 0.0, 0.0, 1.0],
                [0.284129, 0.189038, -0.939966, -0.009457, -0.955848, -0.020845, -0.293122, -0.159458, -0.075005, 0.981748, 0.174769, 0.711331, 0.0, 0.0, 0.0, 1.0],
                [0.284129, 0.189038, -0.939966, -0.009457, -0.955848, -0.020845, -0.293122, -0.159364, -0.075005, 0.981748, 0.174769, 0.711331, 0.0, 0.0, 0.0, 1.0],
                [0.284129, 0.189038, -0.939966, -0.009457, -0.955848, -0.020845, -0.293122, -0.158615, -0.075005, 0.981748, 0.174769, 0.711331, 0.0, 0.0, 0.0, 1.0],
                [0.284129, 0.189038, -0.939966, -0.009457, -0.955848, -0.020845, -0.293122, -0.156314, -0.075005, 0.981748, 0.174769, 0.711331, 0.0, 0.0, 0.0, 1.0],
                [0.284129, 0.189038, -0.939966, -0.009457, -0.955848, -0.020845, -0.293122, -0.15133, -0.075005, 0.981748, 0.174769, 0.711331, 0.0, 0.0, 0.0, 1.0],
                [0.284129, 0.189038, -0.939966, -0.009457, -0.955848, -0.020845, -0.293122, -0.142476, -0.075005, 0.981748, 0.174769, 0.711331, 0.0, 0.0, 0.0, 1.0],
                [0.284129, 0.189038, -0.939966, -0.009457, -0.955848, -0.020845, -0.293122, -0.128791, -0.075005, 0.981748, 0.174769, 0.711331, 0.0, 0.0, 0.0, 1.0],
                [0.284129, 0.189038, -0.939966, -0.009457, -0.955848, -0.020845, -0.293122, -0.109799, -0.075005, 0.981748, 0.174769, 0.711331, 0.0, 0.0, 0.0, 1.0],
                [0.284129, 0.189038, -0.939966, -0.009457, -0.955848, -0.020845, -0.293122, -0.085577, -0.075005, 0.981748, 0.174769, 0.711331, 0.0, 0.0, 0.0, 1.0],
                [0.284129, 0.189038, -0.939966, -0.009457, -0.955848, -0.020845, -0.293122, -0.056616, -0.075005, 0.981748, 0.174769, 0.711331, 0.0, 0.0, 0.0, 1.0],
                [0.284129, 0.189038, -0.939966, -0.009457, -0.955848, -0.020845, -0.293122, -0.023603, -0.075005, 0.981748, 0.174769, 0.711331, 0.0, 0.0, 0.0, 1.0],
                [0.352892, 0.189038, -0.916369, -0.009457, -0.931542, -0.020845, -0.363036, 0.035356, -0.08773, 0.981748, 0.168741, 0.700336, 0.0, 0.0, 0.0, 1.0],
                [0.546143, 0.189038, -0.816084, -0.009457, -0.828649, -0.020845, -0.55938, 0.142126, -0.122756, 0.981748, 0.145262, 0.66735, 0.0, 0.0, 0.0, 1.0],
                [0.796753, 0.189038, -0.573977, -0.009457, -0.581129, -0.020845, -0.813545, 0.29125, -0.165756, 0.981748, 0.093247, 0.614386, 0.0, 0.0, 0.0, 1.0],
                [0.967738, 0.189038, -0.166578, -0.009457, -0.165644, -0.020845, -0.985965, 0.469196, -0.189857, 0.981748, 0.01114, 0.547008, 0.0, 0.0, 0.0, 1.0],
                [0.932378, 0.189038, 0.308117, -0.009457, 0.317514, -0.020845, -0.948025, 0.654671, -0.17279, 0.981748, -0.079458, 0.474314, 0.0, 0.0, 0.0, 1.0],
                [0.702921, 0.189038, 0.685687, -0.009457, 0.700992, -0.020845, -0.712864, 0.823419, -0.120465, 0.981748, -0.147167, 0.406935, 0.0, 0.0, 0.0, 1.0],
                [0.419207, 0.189038, 0.887992, -0.009457, 0.905806, -0.020845, -0.423179, 0.955219, -0.061487, 0.981748, -0.17997, 0.353971, 0.0, 0.0, 0.0, 1.0],
                [0.213232, 0.189038, 0.958539, -0.009457, 0.97679, -0.020845, -0.213181, 1.038211, -0.020318, 0.981748, -0.189095, 0.320985, 0.0, 0.0, 0.0, 1.0],
                [0.141731, 0.189038, 0.971688, -0.009457, 0.989885, -0.020845, -0.14033, 1.068664, -0.006273, 0.981748, -0.19008, 0.309991, 0.0, 0.0, 0.0, 1.0],
                [0.141731, 0.189038, 0.971688, -0.009457, 0.989885, -0.020845, -0.14033, 1.073006, -0.006273, 0.981748, -0.19008, 0.309995, 0.0, 0.0, 0.0, 1.0],
                [0.141731, 0.189038, 0.971688, -0.009457, 0.989885, -0.020845, -0.14033, 1.077125, -0.006273, 0.981748, -0.19008, 0.310025, 0.0, 0.0, 0.0, 1.0],
                [0.141731, 0.189038, 0.971688, -0.009457, 0.989885, -0.020845, -0.14033, 1.080999, -0.006273, 0.981748, -0.19008, 0.310111, 0.0, 0.0, 0.0, 1.0],
                [0.141731, 0.189038, 0.971688, -0.009457, 0.989885, -0.020845, -0.14033, 1.084608, -0.006273, 0.981748, -0.19008, 0.310292, 0.0, 0.0, 0.0, 1.0],
                [0.141731, 0.189038, 0.971688, -0.009457, 0.989885, -0.020845, -0.14033, 1.087931, -0.006273, 0.981748, -0.19008, 0.31061, 0.0, 0.0, 0.0, 1.0],
                [0.141731, 0.189038, 0.971688, -0.009457, 0.989885, -0.020845, -0.14033, 1.090952, -0.006273, 0.981748, -0.19008, 0.311112, 0.0, 0.0, 0.0, 1.0],
                [0.141731, 0.189038, 0.971688, -0.009457, 0.989885, -0.020845, -0.14033, 1.093655, -0.006273, 0.981748, -0.19008, 0.311852, 0.0, 0.0, 0.0, 1.0],
                [0.141731, 0.189038, 0.971688, -0.009457, 0.989885, -0.020845, -0.14033, 1.096034, -0.006273, 0.981748, -0.19008, 0.312885, 0.0, 0.0, 0.0, 1.0],
                [0.141731, 0.189038, 0.971688, -0.009457, 0.989885, -0.020845, -0.14033, 1.098085, -0.006273, 0.981748, -0.19008, 0.314265, 0.0, 0.0, 0.0, 1.0],
                [0.141731, 0.189038, 0.971688, -0.009457, 0.989885, -0.020845, -0.14033, 1.099817, -0.006273, 0.981748, -0.19008, 0.316044, 0.0, 0.0, 0.0, 1.0],
                [0.141731, 0.189038, 0.971688, -0.009457, 0.989885, -0.020845, -0.14033, 1.101241, -0.006273, 0.981748, -0.19008, 0.318266, 0.0, 0.0, 0.0, 1.0],
                [0.141731, 0.189038, 0.971688, -0.009457, 0.989885, -0.020845, -0.14033, 1.102382, -0.006273, 0.981748, -0.19008, 0.320965, 0.0, 0.0, 0.0, 1.0],
                [0.141731, 0.189038, 0.971688, -0.009457, 0.989885, -0.020845, -0.14033, 1.103268, -0.006273, 0.981748, -0.19008, 0.324164, 0.0, 0.0, 0.0, 1.0],
                [0.141731, 0.189038, 0.971688, -0.009457, 0.989885, -0.020845, -0.14033, 1.10393, -0.006273, 0.981748, -0.19008, 0.327873, 0.0, 0.0, 0.0, 1.0],
                [0.141731, 0.189038, 0.971688, -0.009457, 0.989885, -0.020845, -0.14033, 1.104404, -0.006273, 0.981748, -0.19008, 0.332089, 0.0, 0.0, 0.0, 1.0],
                [0.141731, 0.189038, 0.971688, -0.009457, 0.989885, -0.020845, -0.14033, 1.104727, -0.006273, 0.981748, -0.19008, 0.336799, 0.0, 0.0, 0.0, 1.0],
                [0.141731, 0.189038, 0.971688, -0.009457, 0.989885, -0.020845, -0.14033, 1.10493, -0.006273, 0.981748, -0.19008, 0.341981, 0.0, 0.0, 0.0, 1.0],
                [0.141731, 0.189038, 0.971688, -0.009457, 0.989885, -0.020845, -0.14033, 1.105046, -0.006273, 0.981748, -0.19008, 0.347608, 0.0, 0.0, 0.0, 1.0],
                [0.141731, 0.189038, 0.971688, -0.009457, 0.989885, -0.020845, -0.14033, 1.105102, -0.006273, 0.981748, -0.19008, 0.353649, 0.0, 0.0, 0.0, 1.0],
                [0.141731, 0.189038, 0.971688, -0.009457, 0.989885, -0.020845, -0.14033, 1.105121, -0.006273, 0.981748, -0.19008, 0.360071, 0.0, 0.0, 0.0, 1.0],
                [0.141731, 0.189038, 0.971688, -0.009457, 0.989885, -0.020845, -0.14033, 1.105124, -0.006273, 0.981748, -0.19008, 0.366842, 0.0, 0.0, 0.0, 1.0],
                [0.145927, 0.188582, 0.971155, -0.008758, 0.98927, -0.020796, -0.144611, 1.10314, -0.007075, 0.981837, -0.189593, 0.374421, 0.0, 0.0, 0.0, 1.0],
                [0.15858, 0.187204, 0.969436, -0.00665, 0.987301, -0.020648, -0.157515, 1.097152, -0.009471, 0.982104, -0.188101, 0.383295, 0.0, 0.0, 0.0, 1.0],
                [0.179722, 0.184896, 0.966185, -0.00312, 0.983626, -0.0204, -0.179062, 1.087124, -0.013398, 0.982546, -0.185535, 0.39346, 0.0, 0.0, 0.0, 1.0],
                [0.209274, 0.181656, 0.960836, 0.001833, 0.977678, -0.02005, -0.209151, 1.073053, -0.018728, 0.983158, -0.181797, 0.404904, 0.0, 0.0, 0.0, 1.0],
                [0.247008, 0.177489, 0.95262, 0.008199, 0.968684, -0.019601, -0.247521, 1.05497, -0.02526, 0.983928, -0.176772, 0.417597, 0.0, 0.0, 0.0, 1.0],
                [0.292503, 0.172412, 0.940594, 0.015949, 0.955705, -0.019052, -0.29371, 1.032954, -0.032719, 0.984841, -0.170347, 0.431495, 0.0, 0.0, 0.0, 1.0],
                [0.345096, 0.16645, 0.92369, 0.02504, 0.937682, -0.018406, -0.347006, 1.007131, -0.040758, 0.985878, -0.162429, 0.446536, 0.0, 0.0, 0.0, 1.0],
                [0.403843, 0.159646, 0.900791, 0.035406, 0.913517, -0.017667, -0.406418, 0.977688, -0.048969, 0.987016, -0.152974, 0.462634, 0.0, 0.0, 0.0, 1.0],
                [0.467493, 0.152054, 0.870821, 0.046959, 0.882164, -0.016841, -0.470642, 0.944874, -0.056898, 0.988229, -0.142009, 0.479685, 0.0, 0.0, 0.0, 1.0],
                [0.534486, 0.143744, 0.832864, 0.059589, 0.842745, -0.015934, -0.538077, 0.909002, -0.064075, 0.989487, -0.129656, 0.497561, 0.0, 0.0, 0.0, 1.0],
                [0.602991, 0.134802, 0.786276, 0.073162, 0.794667, -0.014955, -0.606862, 0.870452, -0.070047, 0.99076, -0.116141, 0.51611, 0.0, 0.0, 0.0, 1.0],
                [0.670984, 0.12533, 0.730803, 0.087522, 0.737728, -0.013916, -0.674955, 0.829669, -0.074422, 0.992017, -0.101797, 0.535162, 0.0, 0.0, 0.0, 1.0],
                [0.736362, 0.115445, 0.666666, 0.102493, 0.672203, -0.012829, -0.740256, 0.787154, -0.076906, 0.993231, -0.087049, 0.554526, 0.0, 0.0, 0.0, 1.0],
                [0.797095, 0.105272, 0.594607, 0.11788, 0.598881, -0.011707, -0.800753, 0.743456, -0.077335, 0.994375, -0.072377, 0.574, 0.0, 0.0, 0.0, 1.0],
                [0.851386, 0.094948, 0.515874, 0.13348, 0.519048, -0.010567, -0.85468, 0.699158, -0.075699, 0.995426, -0.058279, 0.593371, 0.0, 0.0, 0.0, 1.0],
                [0.897819, 0.084614, 0.432159, 0.14908, 0.434416, -0.009423, -0.900663, 0.654859, -0.072137, 0.996369, -0.045217, 0.612424, 0.0, 0.0, 0.0, 1.0],
                [0.935476, 0.074411, 0.345468, 0.164469, 0.346997, -0.008291, -0.93783, 0.611161, -0.066921, 0.997193, -0.033576, 0.630947, 0.0, 0.0, 0.0, 1.0],
                [0.963999, 0.064477, 0.257972, 0.179441, 0.258952, -0.007187, -0.965864, 0.568645, -0.060422, 0.997893, -0.023625, 0.648739, 0.0, 0.0, 0.0, 1.0],
                [0.983593, 0.054941, 0.171835, 0.193805, 0.172423, -0.006127, -0.985004, 0.527861, -0.053064, 0.998471, -0.015499, 0.665612, 0.0, 0.0, 0.0, 1.0],
                [0.994966, 0.045923, 0.089066, 0.207382, 0.089394, -0.005123, -0.995983, 0.48931, -0.045282, 0.998932, -0.009202, 0.681401, 0.0, 0.0, 0.0, 1.0],
                [0.999231, 0.037528, 0.011405, 0.220016, 0.01157, -0.004187, -0.999924, 0.453436, -0.037477, 0.999287, -0.004618, 0.69596, 0.0, 0.0, 0.0, 1.0],
                [0.997767, 0.029846, -0.059752, 0.231574, -0.059679, -0.003331, -0.998212, 0.42062, -0.029991, 0.999549, -0.001542, 0.70917, 0.0, 0.0, 0.0, 1.0],
                [0.992095, 0.022952, -0.123375, 0.241944, -0.123349, -0.002562, -0.99236, 0.391176, -0.023092, 0.999733, 0.00029, 0.720936, 0.0, 0.0, 0.0, 1.0],
                [0.983743, 0.016904, -0.178782, 0.251039, -0.178776, -0.001887, -0.983888, 0.365352, -0.016969, 0.999855, 0.001166, 0.731187, 0.0, 0.0, 0.0, 1.0],
                [0.974151, 0.011748, -0.225591, 0.258794, -0.225591, -0.001311, -0.974221, 0.343334, -0.011741, 0.99993, 0.001373, 0.739874, 0.0, 0.0, 0.0, 1.0],
                [0.964588, 0.007512, -0.263655, 0.265163, -0.263656, -0.000839, -0.964616, 0.32525, -0.007467, 0.999971, 0.001172, 0.74697, 0.0, 0.0, 0.0, 1.0],
                [0.956105, 0.004216, -0.292995, 0.270119, -0.292996, -0.000471, -0.956114, 0.311178, -0.004169, 0.999991, 0.000785, 0.752464, 0.0, 0.0, 0.0, 1.0],
                [0.949508, 0.001867, -0.313737, 0.273651, -0.313738, -0.000208, -0.94951, 0.30115, -0.001838, 0.999998, 0.000388, 0.756361, 0.0, 0.0, 0.0, 1.0],
                [0.945351, 0.000465, -0.326053, 0.27576, -0.326053, -5.2e-05, -0.945352, 0.295161, -0.000456, 1.0, 0.000102, 0.758679, 0.0, 0.0, 0.0, 1.0],
                [0.943939, 0.0, -0.330121, 0.276459, -0.330121, 0.0, -0.943939, 0.293177, 0.0, 1.0, 0.0, 0.759444, 0.0, 0.0, 0.0, 1.0]
            ]
        },
        {
            "name": "Thigh_R",
            "time": [0.0, 0.0167, 0.0333, 0.05, 0.0667, 0.0833, 0.1, 0.1167, 0.1333, 0.15, 0.1667, 0.1833, 0.2, 0.2167, 0.2333, 0.25, 0.2667, 0.2833, 0.3, 0.3167, 0.3333, 0.35, 0.3667, 0.3833, 0.4, 0.4167, 0.4333, 0.45, 0.4667, 0.4833, 0.5, 0.5167, 0.5333, 0.55, 0.5667, 0.5833, 0.6, 0.6167, 0.6333, 0.65, 0.6667, 0.6833, 0.7, 0.7167, 0.7333, 0.75, 0.7667, 0.7833, 0.8, 0.8167, 0.8333, 0.85, 0.8667, 0.8833, 0.9, 0.9167, 0.9333, 0.95, 0.9667, 0.9833, 1.0, 1.0167, 1.0333, 1.05, 1.0667, 1.0833, 1.1, 1.1167, 1.1333, 1.15, 1.1667, 1.1833, 1.2, 1.2167, 1.2333, 1.25, 1.2667, 1.2833, 1.3, 1.3167, 1.3333, 1.35, 1.3667, 1.3833, 1.4, 1.4167, 1.4333, 1.45, 1.4667, 1.4833, 1.5],
            "transform": [
                [0.892184, 0.041342, -0.449775, 0.124994, 0.117843, -0.982618, 0.143438, -0.002831, -0.436027, -0.180976, -0.881549, -1.2e-05, 0.0, 0.0, 0.0, 1.0],
                [0.891213, 0.04217, -0.451619, 0.124994, 0.118368, -0.98279, 0.141817, -0.002831, -0.437866, -0.179847, -0.880868, -1.2e-05, 0.0, 0.0, 0.0, 1.0],
                [0.888278, 0.044721, -0.457124, 0.124994, 0.119938, -0.983302, 0.136865, -0.002831, -0.44337, -0.176401, -0.87881, -1.2e-05, 0.0, 0.0, 0.0, 1.0],
                [0.883368, 0.049138, -0.466097, 0.124994, 0.122505, -0.984124, 0.128425, -0.002831, -0.452386, -0.170546, -0.875363, -1.2e-05, 0.0, 0.0, 0.0, 1.0],
                [0.876522, 0.055615, -0.478139, 0.124994, 0.125966, -0.985191, 0.116328, -0.002831, -0.464588, -0.162193, -0.870547, -1.2e-05, 0.0, 0.0, 0.0, 1.0],
                [0.867846, 0.064379, -0.492645, 0.124994, 0.13017, -0.986395, 0.100405, -0.002831, -0.479478, -0.151264, -0.864419, -1.2e-05, 0.0, 0.0, 0.0, 1.0],
                [0.857533, 0.075661, -0.508835, 0.124994, 0.134919, -0.987579, 0.080529, -0.002831, -0.496421, -0.137708, -0.85709, -1.2e-05, 0.0, 0.0, 0.0, 1.0],
                [0.84587, 0.089681, -0.525796, 0.124994, 0.139989, -0.988534, 0.0566, -0.002831, -0.514691, -0.121482, -0.848726, -1.2e-05, 0.0, 0.0, 0.0, 1.0],
                [0.833232, 0.106494, -0.542571, 0.124994, 0.145149, -0.988991, 0.028793, -0.002831, -0.533531, -0.102745, -0.839517, -1.2e-05, 0.0, 0.0, 0.0, 1.0],
                [0.820062, 0.126188, -0.558189, 0.124994, 0.150171, -0.988656, -0.002879, -0.002831, -0.55222, -0.081463, -0.829709, -1.2e-05, 0.0, 0.0, 0.0, 1.0],
                [0.806827, 0.148544, -0.571808, 0.124994, 0.154864, -0.987207, -0.037941, -0.002831, -0.570129, -0.057941, -0.81951, -1.2e-05, 0.0, 0.0, 0.0, 1.0],
                [0.793986, 0.17346, -0.582664, 0.124994, 0.159064, -0.984317, -0.076278, -0.002831, -0.586758, -0.032117, -0.809126, -1.2e-05, 0.0, 0.0, 0.0, 1.0],
                [0.781948, 0.200763, -0.590128, 0.124994, 0.162649, -0.979632, -0.117755, -0.002831, -0.601749, -0.003905, -0.798676, -1.2e-05, 0.0, 0.0, 0.0, 1.0],
                [0.77105, 0.230378, -0.59364, 0.124994, 0.165532, -0.972726, -0.16249, -0.002831, -0.614883, 0.027022, -0.788156, -1.2e-05, 0.0, 0.0, 0.0, 1.0],
                [0.761567, 0.26349, -0.592105, 0.124994, 0.167582, -0.962612, -0.212823, -0.002831, -0.626044, 0.062853, -0.777251, -1.2e-05, 0.0, 0.0, 0.0, 1.0],
                [0.75388, 0.309724, -0.579427, 0.124994, 0.168169, -0.943499, -0.285532, -0.002831, -0.635125, 0.117816, -0.763372, -1.2e-05, 0.0, 0.0, 0.0, 1.0],
                [0.747396, 0.33414, -0.574238, 0.124994, 0.169459, -0.931612, -0.321532, -0.002831, -0.642404, 0.143002, -0.752907, -1.2e-05, 0.0, 0.0, 0.0, 1.0],
                [0.742128, 0.340839, -0.577126, 0.124994, 0.171193, -0.928881, -0.32844, -0.002831, -0.648027, 0.144945, -0.747698, -1.2e-05, 0.0, 0.0, 0.0, 1.0],
                [0.738406, 0.345605, -0.579063, 0.124994, 0.172402, -0.926901, -0.333364, -0.002831, -0.651946, 0.146326, -0.744013, -1.2e-05, 0.0, 0.0, 0.0, 1.0],
                [0.736201, 0.348441, -0.58017, 0.124994, 0.173113, -0.925709, -0.336297, -0.002831, -0.654247, 0.147147, -0.741828, -1.2e-05, 0.0, 0.0, 0.0, 1.0],
                [0.735475, 0.349377, -0.580527, 0.124994, 0.173346, -0.925313, -0.337265, -0.002831, -0.655002, 0.147418, -0.741108, -1.2e-05, 0.0, 0.0, 0.0, 1.0],
                [0.735567, 0.349259, -0.580482, 0.124994, 0.173317, -0.925363, -0.337143, -0.002831, -0.654907, 0.147384, -0.741199, -1.2e-05, 0.0, 0.0, 0.0, 1.0],
                [0.736293, 0.348323, -0.580124, 0.124994, 0.173084, -0.925758, -0.336175, -0.002831, -0.654152, 0.147113, -0.741918, -1.2e-05, 0.0, 0.0, 0.0, 1.0],
                [0.738536, 0.345438, -0.578997, 0.124994, 0.17236, -0.926971, -0.333191, -0.002831, -0.65181, 0.146278, -0.744142, -1.2e-05, 0.0, 0.0, 0.0, 1.0],
                [0.743449, 0.339153, -0.576418, 0.124994, 0.17076, -0.929574, -0.326701, -0.002831, -0.646625, 0.144456, -0.749005, -1.2e-05, 0.0, 0.0, 0.0, 1.0],
                [0.752368, 0.327867, -0.571354, 0.124994, 0.167799, -0.934115, -0.315074, -0.002831, -0.637013, 0.141179, -0.757815, -1.2e-05, 0.0, 0.0, 0.0, 1.0],
                [0.765492, 0.248503, -0.593521, 0.124994, 0.166809, -0.967519, -0.189952, -0.002831, -0.621447, 0.046402, -0.782081, -1.2e-05, 0.0, 0.0, 0.0, 1.0],
                [0.785897, 0.191281, -0.588029, 0.124994, 0.161515, -0.981439, -0.103391, -0.002831, -0.596891, -0.013721, -0.802205, -1.2e-05, 0.0, 0.0, 0.0, 1.0],
                [0.813888, 0.136238, -0.564823, 0.124994, 0.152405, -0.98814, -0.018734, -0.002831, -0.560676, -0.070834, -0.825, -1.2e-05, 0.0, 0.0, 0.0, 1.0],
                [0.849637, 0.085019, -0.52047, 0.124994, 0.138384, -0.988278, 0.064468, -0.002831, -0.508888, -0.126799, -0.851443, -1.2e-05, 0.0, 0.0, 0.0, 1.0],
                [0.892184, 0.041342, -0.449775, 0.124994, 0.117843, -0.982618, 0.143438, -0.002831, -0.436027, -0.180976, -0.881549, -1.2e-05, 0.0, 0.0, 0.0, 1.0],
                [0.91896, -0.013413, -0.394123, 0.124994, 0.13177, -0.931532, 0.338946, -0.002831, -0.371684, -0.363411, -0.854273, -1.2e-05, 0.0, 0.0, 0.0, 1.0],
                [0.870572, -0.060568, -0.488298, 0.124994, 0.264623, -0.779022, 0.568419, -0.002831, -0.414822, -0.624064, -0.662167, -1.2e-05, 0.0, 0.0, 0.0, 1.0],
                [0.686761, -0.035635, -0.726009, 0.124994, 0.493382, -0.710621, 0.50159, -0.002831, -0.533791, -0.702672, -0.470446, -1.2e-05, 0.0, 0.0, 0.0, 1.0],
                [0.709189, 0.165107, -0.685412, 0.124994, 0.566412, -0.712312, 0.414474, -0.002831, -0.419795, -0.682166, -0.598683, -1.2e-05, 0.0, 0.0, 0.0, 1.0],
                [0.804324, 0.389004, -0.449152, 0.124994, 0.586876, -0.638333, 0.498103, -0.002831, -0.092945, -0.664233, -0.741724, -1.2e-05, 0.0, 0.0, 0.0, 1.0],
                [0.710169, 0.618069, -0.33712, 0.124994, 0.641932, -0.371833, 0.670569, -0.002831, 0.289106, -0.692626, -0.660823, -1.2e-05, 0.0, 0.0, 0.0, 1.0],
                [0.506128, 0.790454, -0.344988, 0.124994, 0.658699, -0.096071, 0.746248, -0.002831, 0.556731, -0.60494, -0.569296, -1.2e-05, 0.0, 0.0, 0.0, 1.0],
                [0.347702, 0.902314, -0.254816, 0.124994, 0.637573, -0.028272, 0.769871, -0.002831, 0.687462, -0.430149, -0.585122, -1.2e-05, 0.0, 0.0, 0.0, 1.0],
                [0.292475, 0.93658, -0.193071, 0.124994, 0.624794, -0.034311, 0.780035, -0.002831, 0.723941, -0.34877, -0.595205, -1.2e-05, 0.0, 0.0, 0.0, 1.0],
                [0.293865, 0.935014, -0.198473, 0.124994, 0.624976, -0.030848, 0.780034, -0.002831, 0.72322, -0.353266, -0.593427, -1.2e-05, 0.0, 0.0, 0.0, 1.0],
                [0.295242, 0.933523, -0.20339, 0.124994, 0.625151, -0.027771, 0.78001, -0.002831, 0.722508, -0.357441, -0.591792, -1.2e-05, 0.0, 0.0, 0.0, 1.0],
                [0.296624, 0.932121, -0.20776, 0.124994, 0.625321, -0.025147, 0.779962, -0.002831, 0.721795, -0.361272, -0.590334, -1.2e-05, 0.0, 0.0, 0.0, 1.0],
                [0.298037, 0.930829, -0.211499, 0.124994, 0.625488, -0.023068, 0.779893, -0.002831, 0.721068, -0.364727, -0.589097, -1.2e-05, 0.0, 0.0, 0.0, 1.0],
                [0.29951, 0.929638, -0.214632, 0.124994, 0.625655, -0.021534, 0.779803, -0.002831, 0.720312, -0.367844, -0.588082, -1.2e-05, 0.0, 0.0, 0.0, 1.0],
                [0.301089, 0.928608, -0.216869, 0.124994, 0.625824, -0.020825, 0.779686, -0.002831, 0.719507, -0.370477, -0.587416, -1.2e-05, 0.0, 0.0, 0.0, 1.0],
                [0.302816, 0.927734, -0.218202, 0.124994, 0.625999, -0.020981, 0.779542, -0.002831, 0.718629, -0.372652, -0.587114, -1.2e-05, 0.0, 0.0, 0.0, 1.0],
                [0.304742, 0.927026, -0.218528, 0.124994, 0.626184, -0.022127, 0.779361, -0.002831, 0.717653, -0.374343, -0.587232, -1.2e-05, 0.0, 0.0, 0.0, 1.0],
                [0.30692, 0.926491, -0.217748, 0.124994, 0.626382, -0.024387, 0.779135, -0.002831, 0.716552, -0.375525, -0.587822, -1.2e-05, 0.0, 0.0, 0.0, 1.0],
                [0.309403, 0.926127, -0.215775, 0.124994, 0.626595, -0.027874, 0.778847, -0.002831, 0.715296, -0.376181, -0.58893, -1.2e-05, 0.0, 0.0, 0.0, 1.0],
                [0.312241, 0.925922, -0.212542, 0.124994, 0.626825, -0.032683, 0.778475, -0.002831, 0.71386, -0.376298, -0.590596, -1.2e-05, 0.0, 0.0, 0.0, 1.0],
                [0.315475, 0.925856, -0.208006, 0.124994, 0.627073, -0.038882, 0.77799, -0.002831, 0.712219, -0.375871, -0.592845, -1.2e-05, 0.0, 0.0, 0.0, 1.0],
                [0.319139, 0.925897, -0.202153, 0.124994, 0.627337, -0.046509, 0.777358, -0.002831, 0.710351, -0.374903, -0.595692, -1.2e-05, 0.0, 0.0, 0.0, 1.0],
                [0.323254, 0.926005, -0.194994, 0.124994, 0.627615, -0.055571, 0.776538, -0.002831, 0.708242, -0.373399, -0.599138, -1.2e-05, 0.0, 0.0, 0.0, 1.0],
                [0.327829, 0.926132, -0.186568, 0.124994, 0.627902, -0.066042, 0.775485, -0.002831, 0.70588, -0.371373, -0.603171, -1.2e-05, 0.0, 0.0, 0.0, 1.0],
                [0.332864, 0.926226, -0.176936, 0.124994, 0.628193, -0.077873, 0.774151, -0.002831, 0.70326, -0.368837, -0.60777, -1.2e-05, 0.0, 0.0, 0.0, 1.0],
                [0.338354, 0.926249, -0.166069, 0.124994, 0.62848, -0.091082, 0.772475, -0.002831, 0.700378, -0.36574, -0.612948, -1.2e-05, 0.0, 0.0, 0.0, 1.0],
                [0.344273, 0.926109, -0.15427, 0.124994, 0.628757, -0.105398, 0.770426, -0.002831, 0.697239, -0.362234, -0.618583, -1.2e-05, 0.0, 0.0, 0.0, 1.0],
                [0.350605, 0.925774, -0.141488, 0.124994, 0.629013, -0.12085, 0.767944, -0.002831, 0.693843, -0.358243, -0.624695, -1.2e-05, 0.0, 0.0, 0.0, 1.0],
                [0.357325, 0.92519, -0.127833, 0.124994, 0.629242, -0.137328, 0.764981, -0.002831, 0.690198, -0.353785, -0.631239, -1.2e-05, 0.0, 0.0, 0.0, 1.0],
                [0.364409, 0.92431, -0.113386, 0.124994, 0.629435, -0.154741, 0.76149, -0.002831, 0.686308, -0.348863, -0.638182, -1.2e-05, 0.0, 0.0, 0.0, 1.0],
                [0.374618, 0.921681, -0.100825, 0.124993, 0.626957, -0.1717, 0.759897, -0.002831, 0.683071, -0.347884, -0.642177, -1.2e-05, 0.0, 0.0, 0.0, 1.0],
                [0.390603, 0.915899, -0.092507, 0.124994, 0.619014, -0.186946, 0.762806, -0.002831, 0.68136, -0.355217, -0.639976, -1.2e-05, 0.0, 0.0, 0.0, 1.0],
                [0.412107, 0.906924, -0.087502, 0.124994, 0.605266, -0.200714, 0.770303, -0.002831, 0.681043, -0.370409, -0.631646, -1.2e-05, 0.0, 0.0, 0.0, 1.0],
                [0.438774, 0.894644, -0.084198, 0.124994, 0.585294, -0.213437, 0.782225, -0.002831, 0.681841, -0.392501, -0.617281, -1.2e-05, 0.0, 0.0, 0.0, 1.0],
                [0.470074, 0.878957, -0.080404, 0.124994, 0.558661, -0.225771, 0.798077, -0.002831, 0.683322, -0.420074, -0.597168, -1.2e-05, 0.0, 0.0, 0.0, 1.0],
                [0.505246, 0.859834, -0.073552, 0.124994, 0.525033, -0.238631, 0.816943, -0.002831, 0.684884, -0.451374, -0.572009, -1.2e-05, 0.0, 0.0, 0.0, 1.0],
                [0.54327, 0.837337, -0.061025, 0.124994, 0.484361, -0.253227, 0.837419, -0.002831, 0.685748, -0.484503, -0.543144, -1.2e-05, 0.0, 0.0, 0.0, 1.0],
                [0.582873, 0.811544, -0.040682, 0.124994, 0.437125, -0.270963, 0.857613, -0.002831, 0.684968, -0.517663, -0.512684, -1.2e-05, 0.0, 0.0, 0.0, 1.0],
                [0.622657, 0.782416, -0.011109, 0.124994, 0.384564, -0.293615, 0.875157, -0.002831, 0.681475, -0.549195, -0.483711, -1.2e-05, 0.0, 0.0, 0.0, 1.0],
                [0.661329, 0.749592, 0.027477, 0.124994, 0.328785, -0.322607, 0.887596, -0.002831, 0.674199, -0.577958, -0.459803, -1.2e-05, 0.0, 0.0, 0.0, 1.0],
                [0.697974, 0.712365, 0.07327, 0.124994, 0.272626, -0.358933, 0.89266, -0.002831, 0.662198, -0.603079, -0.444736, -1.2e-05, 0.0, 0.0, 0.0, 1.0],
                [0.732242, 0.669856, 0.122934, 0.124994, 0.219218, -0.402728, 0.888681, -0.002831, 0.644797, -0.623781, -0.44174, -1.2e-05, 0.0, 0.0, 0.0, 1.0],
                [0.764328, 0.621423, 0.172151, 0.124994, 0.171357, -0.453113, 0.874828, -0.002831, 0.621643, -0.639156, -0.452812, -1.2e-05, 0.0, 0.0, 0.0, 1.0],
                [0.794701, 0.567117, 0.2164, 0.124994, 0.131002, -0.508347, 0.85113, -0.002831, 0.592697, -0.648045, -0.478277, -1.2e-05, 0.0, 0.0, 0.0, 1.0],
                [0.82379, 0.507903, 0.251803, 0.124994, 0.099023, -0.566273, 0.818247, -0.002831, 0.558179, -0.64913, -0.516784, -1.2e-05, 0.0, 0.0, 0.0, 1.0],
                [0.851718, 0.445729, 0.275504, 0.124994, 0.075313, -0.624441, 0.777433, -0.002831, 0.518561, -0.641404, -0.565416, -1.2e-05, 0.0, 0.0, 0.0, 1.0],
                [0.878244, 0.383079, 0.286247, 0.124994, 0.059062, -0.680885, 0.730005, -0.002831, 0.474551, -0.624216, -0.620609, -1.2e-05, 0.0, 0.0, 0.0, 1.0],
                [0.902869, 0.322576, 0.284204, 0.124994, 0.049073, -0.734076, 0.677292, -0.002831, 0.427106, -0.597559, -0.678604, -1.2e-05, 0.0, 0.0, 0.0, 1.0],
                [0.924995, 0.266693, 0.270662, 0.124994, 0.044045, -0.782764, 0.620758, -0.002831, 0.377416, -0.562277, -0.7358, -1.2e-05, 0.0, 0.0, 0.0, 1.0],
                [0.944118, 0.217239, 0.247886, 0.124994, 0.042712, -0.826359, 0.56152, -0.002831, 0.326827, -0.519554, -0.78946, -1.2e-05, 0.0, 0.0, 0.0, 1.0],
                [0.959935, 0.175354, 0.218576, 0.124994, 0.043947, -0.864565, 0.500595, -0.002831, 0.276755, -0.470933, -0.837633, -1.2e-05, 0.0, 0.0, 0.0, 1.0],
                [0.972396, 0.141495, 0.185537, 0.124994, 0.046803, -0.897273, 0.438987, -0.002831, 0.228592, -0.418186, -0.879128, -1.2e-05, 0.0, 0.0, 0.0, 1.0],
                [0.981701, 0.115453, 0.151441, 0.124994, 0.050503, -0.924624, 0.377517, -0.002831, 0.183612, -0.36296, -0.913536, -1.2e-05, 0.0, 0.0, 0.0, 1.0],
                [0.988237, 0.096521, 0.118619, 0.124994, 0.054437, -0.946876, 0.316957, -0.002831, 0.142911, -0.306771, -0.940993, -1.2e-05, 0.0, 0.0, 0.0, 1.0],
                [0.992517, 0.083644, 0.088958, 0.124994, 0.058137, -0.964364, 0.258113, -0.002831, 0.107378, -0.25101, -0.962011, -1.2e-05, 0.0, 0.0, 0.0, 1.0],
                [0.995094, 0.075554, 0.063872, 0.124994, 0.061265, -0.977506, 0.201814, -0.002831, 0.077683, -0.196911, -0.977338, -1.2e-05, 0.0, 0.0, 0.0, 1.0],
                [0.996497, 0.07093, 0.044291, 0.124994, 0.0636, -0.986744, 0.149301, -0.002831, 0.054294, -0.145961, -0.987799, -1.2e-05, 0.0, 0.0, 0.0, 1.0],
                [0.997178, 0.068523, 0.030679, 0.124994, 0.065043, -0.992569, 0.102835, -0.002831, 0.037498, -0.100549, -0.994225, -1.2e-05, 0.0, 0.0, 0.0, 1.0],
                [0.997464, 0.067348, 0.022988, 0.124994, 0.065665, -0.995561, 0.067423, -0.002831, 0.027427, -0.065743, -0.997459, -1.2e-05, 0.0, 0.0, 0.0, 1.0],
                [0.997543, 0.066953, 0.020609, 0.124994, 0.065782, -0.996423, 0.053044, -0.002831, 0.024086, -0.051558, -0.998379, -1.2e-05, 0.0, 0.0, 0.0, 1.0]
            ]
        },
        {
            "name": "Leg_R",
            "time": [0.0, 0.0167, 0.0333, 0.05, 0.0667, 0.0833, 0.1, 0.1167, 0.1333, 0.15, 0.1667, 0.1833, 0.2, 0.2167, 0.2333, 0.25, 0.2667, 0.2833, 0.3, 0.3167, 0.3333, 0.35, 0.3667, 0.3833, 0.4, 0.4167, 0.4333, 0.45, 0.4667, 0.4833, 0.5, 0.5167, 0.5333, 0.55, 0.5667, 0.5833, 0.6, 0.6167, 0.6333, 0.65, 0.6667, 0.6833, 0.7, 0.7167, 0.7333, 0.75, 0.7667, 0.7833, 0.8, 0.8167, 0.8333, 0.85, 0.8667, 0.8833, 0.9, 0.9167, 0.9333, 0.95, 0.9667, 0.9833, 1.0, 1.0167, 1.0333, 1.05, 1.0667, 1.0833, 1.1, 1.1167, 1.1333, 1.15, 1.1667, 1.1833, 1.2, 1.2167, 1.2333, 1.25, 1.2667, 1.2833, 1.3, 1.3167, 1.3333, 1.35, 1.3667, 1.3833, 1.4, 1.4167, 1.4333, 1.45, 1.4667, 1.4833, 1.5],
            "transform": [
                [0.999765, -0.02066, -0.006512, -0.0, 0.020725, 0.824844, 0.56498, 0.374721, -0.006301, -0.564982, 0.825079, 0.0, 0.0, 0.0, 0.0, 1.0],
                [0.999766, -0.020623, -0.006486, -0.0, 0.020687, 0.825547, 0.563954, 0.374721, -0.006276, -0.563956, 0.82578, 0.0, 0.0, 0.0, 0.0, 1.0],
                [0.999769, -0.020506, -0.006407, -0.0, 0.020571, 0.827713, 0.560775, 0.374721, -0.006196, -0.560776, 0.827944, 0.0, 0.0, 0.0, 0.0, 1.0],
                [0.999774, -0.020304, -0.00627, 0.0, 0.020367, 0.831447, 0.55523, 0.374721, -0.00606, -0.555232, 0.831673, -0.0, 0.0, 0.0, 0.0, 1.0],
                [0.999781, -0.020003, -0.006072, -0.0, 0.020066, 0.836878, 0.547022, 0.374721, -0.005861, -0.547024, 0.837096, -0.0, 0.0, 0.0, 0.0, 1.0],
                [0.999791, -0.019591, -0.005807, 0.0, 0.019653, 0.844149, 0.535748, 0.374721, -0.005594, -0.53575, 0.844358, -0.0, 0.0, 0.0, 0.0, 1.0],
                [0.999803, -0.019049, -0.005469, -0.0, 0.019109, 0.853391, 0.520921, 0.374721, -0.005256, -0.520923, 0.853587, 0.0, 0.0, 0.0, 0.0, 1.0],
                [0.999818, -0.018353, -0.005055, 0.0, 0.018411, 0.864733, 0.501894, 0.374721, -0.00484, -0.501896, 0.864914, -0.0, 0.0, 0.0, 0.0, 1.0],
                [0.999836, -0.017489, -0.004569, -0.0, 0.017544, 0.878039, 0.478267, 0.374721, -0.004353, -0.478269, 0.878202, 0.0, 0.0, 0.0, 0.0, 1.0],
                [0.999857, -0.016423, -0.004011, -0.0, 0.016475, 0.89332, 0.449119, 0.374721, -0.003793, -0.449121, 0.893463, 0.0, 0.0, 0.0, 0.0, 1.0],
                [0.999879, -0.015144, -0.003399, 0.0, 0.015192, 0.910087, 0.414137, 0.374721, -0.003179, -0.414139, 0.910208, 0.0, 0.0, 0.0, 0.0, 1.0],
                [0.999903, -0.013611, -0.002743, 0.0, 0.013654, 0.928044, 0.37222, 0.374721, -0.002521, -0.372222, 0.92814, -0.0, 0.0, 0.0, 0.0, 1.0],
                [0.999928, -0.011783, -0.002065, -0.0, 0.01182, 0.946594, 0.32221, 0.374721, -0.001841, -0.322211, 0.946666, -0.0, 0.0, 0.0, 0.0, 1.0],
                [0.999953, -0.009597, -0.001397, 0.0, 0.009627, 0.964901, 0.262437, 0.374721, -0.001171, -0.262438, 0.964948, -0.0, 0.0, 0.0, 0.0, 1.0],
                [0.999976, -0.006829, -0.000758, -0.0, 0.006851, 0.982383, 0.186754, 0.374721, -0.00053, -0.186755, 0.982406, -0.0, 0.0, 0.0, 0.0, 1.0],
                [0.999997, -0.002128, -0.000177, 0.0, 0.002135, 0.998302, 0.058203, 0.374721, 5.3e-05, -0.058203, 0.998305, -0.0, 0.0, 0.0, 0.0, 1.0],
                [1.0, -1.6e-05, -0.000115, 0.0, 1.6e-05, 1.0, 0.000435, 0.374721, 0.000115, -0.000435, 1.0, -0.0, 0.0, 0.0, 0.0, 1.0],
                [1.0, -1.6e-05, -0.000115, 0.0, 1.6e-05, 1.0, 0.000435, 0.374721, 0.000115, -0.000435, 1.0, 0.0, 0.0, 0.0, 0.0, 1.0],
                [1.0, -1.6e-05, -0.000115, 0.0, 1.6e-05, 1.0, 0.000435, 0.374721, 0.000115, -0.000435, 1.0, 0.0, 0.0, 0.0, 0.0, 1.0],
                [1.0, -1.6e-05, -0.000115, 0.0, 1.6e-05, 1.0, 0.000435, 0.374721, 0.000115, -0.000435, 1.0, 0.0, 0.0, 0.0, 0.0, 1.0],
                [1.0, -1.6e-05, -0.000115, 0.0, 1.6e-05, 1.0, 0.000435, 0.374721, 0.000115, -0.000435, 1.0, -0.0, 0.0, 0.0, 0.0, 1.0],
                [1.0, -1.6e-05, -0.000115, 0.0, 1.6e-05, 1.0, 0.000435, 0.374721, 0.000115, -0.000435, 1.0, 0.0, 0.0, 0.0, 0.0, 1.0],
                [1.0, -1.6e-05, -0.000115, -0.0, 1.6e-05, 1.0, 0.000435, 0.374721, 0.000115, -0.000435, 1.0, 0.0, 0.0, 0.0, 0.0, 1.0],
                [1.0, -1.6e-05, -0.000115, -0.0, 1.6e-05, 1.0, 0.000435, 0.374721, 0.000115, -0.000435, 1.0, 0.0, 0.0, 0.0, 0.0, 1.0],
                [1.0, -1.6e-05, -0.000115, 0.0, 1.6e-05, 1.0, 0.000435, 0.374721, 0.000115, -0.000435, 1.0, 0.0, 0.0, 0.0, 0.0, 1.0],
                [1.0, -1.6e-05, -0.000115, 0.0, 1.6e-05, 1.0, 0.000435, 0.374721, 0.000115, -0.000435, 1.0, 0.0, 0.0, 0.0, 0.0, 1.0],
                [0.999966, -0.008131, -0.001031, 0.0, 0.008156, 0.974933, 0.222346, 0.374721, -0.000803, -0.222347, 0.974967, 0.0, 0.0, 0.0, 0.0, 1.0],
                [0.99992, -0.012437, -0.002295, 0.0, 0.012476, 0.940301, 0.340115, 0.374721, -0.002072, -0.340117, 0.940381, 0.0, 0.0, 0.0, 0.0, 1.0],
                [0.999867, -0.015859, -0.003733, -0.0, 0.015909, 0.900917, 0.433699, 0.374721, -0.003515, -0.433701, 0.90105, 0.0, 0.0, 0.0, 0.0, 1.0],
                [0.999814, -0.018586, -0.005191, -0.0, 0.018644, 0.861005, 0.508254, 0.374721, -0.004977, -0.508256, 0.861191, 0.0, 0.0, 0.0, 0.0, 1.0],
                [0.999765, -0.02066, -0.006512, -0.0, 0.020725, 0.824844, 0.56498, 0.374721, -0.006301, -0.564982, 0.825079, 0.0, 0.0, 0.0, 0.0, 1.0],
                [0.999573, -0.026753, -0.011756, -0.0, 0.026837, 0.68125, 0.731559, 0.374721, -0.011563, -0.731561, 0.681678, 0.0, 0.0, 0.0, 0.0, 1.0],
                [0.999274, -0.032485, -0.019907, -0.0, 0.032587, 0.458032, 0.888339, 0.374721, -0.019739, -0.888342, 0.458758, -0.0, 0.0, 0.0, 0.0, 1.0],
                [0.999089, -0.034624, -0.024953, -0.0, 0.034732, 0.319859, 0.946829, 0.374721, -0.024801, -0.946833, 0.32077, 0.0, 0.0, 0.0, 0.0, 1.0],
                [0.998813, -0.036306, -0.032483, 0.0, 0.036421, 0.113654, 0.992853, 0.374721, -0.032355, -0.992857, 0.114841, 0.0, 0.0, 0.0, 0.0, 1.0],
                [0.998458, -0.036117, -0.042157, 0.0, 0.036231, -0.151389, 0.987811, 0.374721, -0.042059, -0.987815, -0.149847, -0.0, 0.0, 0.0, 0.0, 1.0],
                [0.99827, -0.034964, -0.047275, -0.0, 0.035074, -0.29122, 0.956013, 0.374721, -0.047194, -0.956017, -0.28949, -0.0, 0.0, 0.0, 0.0, 1.0],
                [0.998499, -0.036273, -0.041052, -0.0, 0.036387, -0.121043, 0.99198, 0.374721, -0.040951, -0.991984, -0.119541, -0.0, 0.0, 0.0, 0.0, 1.0],
                [0.998951, -0.035673, -0.028704, -0.0, 0.035786, 0.217191, 0.975473, 0.374721, -0.028564, -0.975477, 0.21824, 0.0, 0.0, 0.0, 0.0, 1.0],
                [0.999142, -0.0341, -0.023503, 0.0, 0.034207, 0.359568, 0.932492, 0.374721, -0.023347, -0.932496, 0.360426, 0.0, 0.0, 0.0, 0.0, 1.0],
                [0.99912, -0.034327, -0.024108, -0.0, 0.034435, 0.343008, 0.938701, 0.374721, -0.023954, -0.938705, 0.343888, 0.0, 0.0, 0.0, 0.0, 1.0],
                [0.999099, -0.034529, -0.024675, -0.0, 0.034638, 0.32748, 0.944223, 0.374721, -0.024523, -0.944227, 0.328381, 0.0, 0.0, 0.0, 0.0, 1.0],
                [0.99908, -0.034707, -0.0252, 0.0, 0.034816, 0.313108, 0.94908, 0.374721, -0.025049, -0.949083, 0.314028, -0.0, 0.0, 0.0, 0.0, 1.0],
                [0.999062, -0.03486, -0.025677, -0.0, 0.03497, 0.30005, 0.953283, 0.374721, -0.025527, -0.953286, 0.300988, -0.0, 0.0, 0.0, 0.0, 1.0],
                [0.999047, -0.034993, -0.026108, -0.0, 0.035103, 0.288249, 0.956912, 0.374721, -0.02596, -0.956916, 0.289203, -0.0, 0.0, 0.0, 0.0, 1.0],
                [0.999033, -0.035101, -0.026475, 0.0, 0.035212, 0.278203, 0.959877, 0.374721, -0.026328, -0.959881, 0.27917, -0.0, 0.0, 0.0, 0.0, 1.0],
                [0.999022, -0.035188, -0.026778, 0.0, 0.035299, 0.269891, 0.962244, 0.374721, -0.026632, -0.962247, 0.270869, -0.0, 0.0, 0.0, 0.0, 1.0],
                [0.999013, -0.035253, -0.027014, 0.0, 0.035364, 0.263446, 0.964026, 0.374721, -0.026868, -0.96403, 0.264433, 0.0, 0.0, 0.0, 0.0, 1.0],
                [0.999007, -0.035297, -0.027177, 0.0, 0.035408, 0.258983, 0.965233, 0.374721, -0.027032, -0.965236, 0.259976, -0.0, 0.0, 0.0, 0.0, 1.0],
                [0.999004, -0.035321, -0.027264, 0.0, 0.035432, 0.256588, 0.965872, 0.374721, -0.02712, -0.965875, 0.257583, 0.0, 0.0, 0.0, 0.0, 1.0],
                [0.999004, -0.035323, -0.027274, -0.0, 0.035435, 0.256308, 0.965946, 0.374721, -0.02713, -0.96595, 0.257304, 0.0, 0.0, 0.0, 0.0, 1.0],
                [0.999006, -0.035306, -0.027207, 0.0, 0.035417, 0.258152, 0.965455, 0.374721, -0.027062, -0.965459, 0.259146, 0.0, 0.0, 0.0, 0.0, 1.0],
                [0.999012, -0.035267, -0.027063, -0.0, 0.035378, 0.262089, 0.964395, 0.374721, -0.026918, -0.964399, 0.263078, -0.0, 0.0, 0.0, 0.0, 1.0],
                [0.99902, -0.035207, -0.026845, 0.0, 0.035318, 0.268054, 0.962757, 0.374721, -0.0267, -0.96276, 0.269035, -0.0, 0.0, 0.0, 0.0, 1.0],
