{
    "animation": [
        {
            "name": "Root",
            "time": [0.0, 0.0167, 0.0333, 0.05, 0.0667, 0.0833, 0.1, 0.1167, 0.1333, 0.15, 0.1667, 0.1833, 0.2, 0.2167, 0.2333, 0.25, 0.2667, 0.2833, 0.3, 0.3167, 0.3333, 0.35, 0.3667, 0.3833, 0.4, 0.4167, 0.4333, 0.45, 0.4667, 0.4833, 0.5, 0.5167, 0.5333, 0.55, 0.5667, 0.5833, 0.6, 0.6167, 0.6333, 0.65, 0.6667, 0.6833, 0.7, 0.7167, 0.7333, 0.75, 0.7667, 0.7833, 0.8, 0.8167, 0.8333, 0.85, 0.8667, 0.8833, 0.9, 0.9167, 0.9333, 0.95, 0.9667, 0.9833, 1.0, 1.0167, 1.0333, 1.05, 1.0667, 1.0833, 1.1, 1.1167, 1.1333, 1.15, 1.1667, 1.1833, 1.2, 1.2167, 1.2333, 1.25],
            "transform": [
                [0.803085, 0.0, -0.595864, -5e-06, -0.595864, 0.0, -0.803085, 0.048602, 0.0, 1.0, 0.0, 0.62491, 0.0, 0.0, 0.0, 1.0],
                [0.781729, 0.019642, -0.623309, -0.000958, -0.623428, -8.4e-05, -0.781881, 0.059308, -0.01541, 0.999807, 0.01218, 0.625877, 0.0, 0.0, 0.0, 1.0],
                [0.712771, 0.076739, -0.697186, -0.003727, -0.69923, -0.000335, -0.714897, 0.09176, -0.055094, 0.997051, 0.053419, 0.628904, 0.0, 0.0, 0.0, 1.0],
                [0.598288, 0.158332, -0.785483, -0.007663, -0.795444, -0.000749, -0.606026, 0.145569, -0.096541, 0.987386, 0.125496, 0.634151, 0.0, 0.0, 0.0, 1.0],
                [0.47016, 0.238856, -0.849646, -0.011488, -0.874814, -0.001313, -0.484456, 0.218719, -0.116831, 0.971054, 0.208337, 0.641397, 0.0, 0.0, 0.0, 1.0],
                [0.375904, 0.293951, -0.8788, -0.013985, -0.919172, -0.002023, -0.39385, 0.30715, -0.117551, 0.955818, 0.269431, 0.649859, 0.0, 0.0, 0.0, 1.0],
                [0.342967, 0.312669, -0.885783, -0.01461, -0.93219, -0.002899, -0.361958, 0.404774, -0.115741, 0.949858, 0.290472, 0.658549, 0.0, 0.0, 0.0, 1.0],
                [0.490548, 0.252453, -0.834045, -0.011238, -0.861425, -0.004021, -0.507869, 0.504154, -0.131567, 0.967601, 0.215497, 0.666053, 0.0, 0.0, 0.0, 1.0],
                [0.841406, 0.072417, -0.535529, -0.001829, -0.5366, -0.005412, -0.84382, 0.597727, -0.064005, 0.99736, 0.034306, 0.672265, 0.0, 0.0, 0.0, 1.0],
                [0.975757, -0.189066, 0.11024, 0.01169, 0.110974, -0.006735, -0.993801, 0.679051, 0.188637, 0.981941, 0.014409, 0.679466, 0.0, 0.0, 0.0, 1.0],
                [0.631349, -0.437578, 0.640253, 0.02459, 0.709419, -0.007598, -0.704746, 0.743583, 0.313246, 0.899148, 0.305629, 0.688369, 0.0, 0.0, 0.0, 1.0],
                [0.241214, -0.593691, 0.76769, 0.032892, 0.952152, -0.008202, -0.305516, 0.78882, 0.187679, 0.804652, 0.563305, 0.695983, 0.0, 0.0, 0.0, 1.0],
                [0.106751, -0.643011, 0.75838, 0.035864, 0.989083, -0.009251, -0.147069, 0.813945, 0.101583, 0.765801, 0.635004, 0.698883, 0.0, 0.0, 0.0, 1.0],
                [0.104888, -0.642344, 0.759205, 0.036337, 0.989253, -0.010808, -0.145814, 0.828422, 0.101869, 0.76634, 0.634308, 0.698856, 0.0, 0.0, 0.0, 1.0],
                [0.103241, -0.640318, 0.76114, 0.036732, 0.989397, -0.012482, -0.144701, 0.84149, 0.102155, 0.768008, 0.63224, 0.698772, 0.0, 0.0, 0.0, 1.0],
                [0.101809, -0.636895, 0.764199, 0.037035, 0.989516, -0.014271, -0.143719, 0.852934, 0.10244, 0.770819, 0.628764, 0.698632, 0.0, 0.0, 0.0, 1.0],
                [0.100589, -0.632036, 0.768383, 0.037237, 0.989612, -0.016174, -0.142854, 0.862572, 0.102716, 0.77477, 0.623844, 0.698434, 0.0, 0.0, 0.0, 1.0],
                [0.099578, -0.62571, 0.773674, 0.037327, 0.989687, -0.018189, -0.14209, 0.8703, 0.102979, 0.779844, 0.617446, 0.69818, 0.0, 0.0, 0.0, 1.0],
                [0.098769, -0.617889, 0.780037, 0.037298, 0.989743, -0.020312, -0.141412, 0.876131, 0.103221, 0.786003, 0.609545, 0.697872, 0.0, 0.0, 0.0, 1.0],
                [0.098156, -0.608555, 0.787418, 0.037142, 0.989781, -0.022538, -0.1408, 0.880222, 0.103431, 0.793192, 0.600124, 0.697513, 0.0, 0.0, 0.0, 1.0],
                [0.09773, -0.597703, 0.795739, 0.036857, 0.989806, -0.02486, -0.140237, 0.882856, 0.103602, 0.801332, 0.589181, 0.697106, 0.0, 0.0, 0.0, 1.0],
                [0.09748, -0.585347, 0.804902, 0.036441, 0.989818, -0.027267, -0.139704, 0.884384, 0.103723, 0.810324, 0.576729, 0.696656, 0.0, 0.0, 0.0, 1.0],
                [0.097394, -0.571519, 0.814789, 0.035893, 0.98982, -0.02975, -0.139183, 0.885163, 0.103785, 0.820049, 0.562803, 0.69617, 0.0, 0.0, 0.0, 1.0],
                [0.097458, -0.556277, 0.825262, 0.035217, 0.989814, -0.032291, -0.138657, 0.885506, 0.10378, 0.830369, 0.547464, 0.695654, 0.0, 0.0, 0.0, 1.0],
                [0.097656, -0.539706, 0.83617, 0.034417, 0.989803, -0.034875, -0.138109, 0.885663, 0.1037, 0.841131, 0.530796, 0.695116, 0.0, 0.0, 0.0, 1.0],
                [0.097973, -0.521918, 0.847351, 0.033527, 0.989788, -0.037482, -0.137528, 0.885311, 0.103539, 0.852172, 0.512916, 0.694564, 0.0, 0.0, 0.0, 1.0],
                [0.098389, -0.503054, 0.858636, 0.032584, 0.989773, -0.040089, -0.136903, 0.883927, 0.103291, 0.863325, 0.493965, 0.694006, 0.0, 0.0, 0.0, 1.0],
                [0.098887, -0.483283, 0.869861, 0.031596, 0.989758, -0.042674, -0.136226, 0.88141, 0.102956, 0.874424, 0.474113, 0.693451, 0.0, 0.0, 0.0, 1.0],
                [0.099449, -0.462794, 0.88087, 0.030571, 0.989746, -0.045212, -0.135494, 0.877661, 0.102532, 0.885312, 0.453552, 0.692907, 0.0, 0.0, 0.0, 1.0],
                [0.100056, -0.441795, 0.891519, 0.029521, 0.989738, -0.047679, -0.134707, 0.872596, 0.10202, 0.895848, 0.43249, 0.69238, 0.0, 0.0, 0.0, 1.0],
                [0.100693, -0.420502, 0.901687, 0.028456, 0.989735, -0.050052, -0.133867, 0.866155, 0.101423, 0.90591, 0.411146, 0.691877, 0.0, 0.0, 0.0, 1.0],
                [0.101343, -0.399137, 0.911273, 0.027388, 0.989737, -0.052309, -0.13298, 0.858308, 0.100745, 0.915398, 0.38974, 0.691403, 0.0, 0.0, 0.0, 1.0],
                [0.101992, -0.377917, 0.920204, 0.026327, 0.989747, -0.054431, -0.132054, 0.849069, 0.099993, 0.924238, 0.368491, 0.690961, 0.0, 0.0, 0.0, 1.0],
                [0.102629, -0.357048, 0.928431, 0.025284, 0.989764, -0.056399, -0.131099, 0.838499, 0.099171, 0.932382, 0.347605, 0.690553, 0.0, 0.0, 0.0, 1.0],
                [0.103244, -0.336721, 0.935927, 0.024267, 0.989788, -0.0582, -0.130125, 0.826707, 0.098287, 0.939804, 0.327273, 0.690182, 0.0, 0.0, 0.0, 1.0],
                [0.103829, -0.317106, 0.94269, 0.023287, 0.98982, -0.059822, -0.129143, 0.813842, 0.097345, 0.946502, 0.307666, 0.689847, 0.0, 0.0, 0.0, 1.0],
                [0.104378, -0.298352, 0.948732, 0.022349, 0.989859, -0.061256, -0.128166, 0.800077, 0.096354, 0.952488, 0.288932, 0.689548, 0.0, 0.0, 0.0, 1.0],
                [0.104886, -0.280584, 0.954082, 0.021461, 0.989906, -0.062496, -0.127204, 0.7856, 0.095318, 0.957793, 0.271197, 0.689283, 0.0, 0.0, 0.0, 1.0],
                [0.10535, -0.263904, 0.958778, 0.020627, 0.989959, -0.06354, -0.126266, 0.770592, 0.094242, 0.962454, 0.254561, 0.68905, 0.0, 0.0, 0.0, 1.0],
                [0.10577, -0.248393, 0.962867, 0.019851, 0.99002, -0.064384, -0.125362, 0.755224, 0.093132, 0.966517, 0.239104, 0.688847, 0.0, 0.0, 0.0, 1.0],
                [0.106143, -0.234109, 0.966399, 0.019137, 0.990087, -0.06503, -0.124498, 0.739642, 0.091991, 0.970033, 0.224886, 0.688671, 0.0, 0.0, 0.0, 1.0],
                [0.10647, -0.221094, 0.969423, 0.018486, 0.990159, -0.065479, -0.123681, 0.72397, 0.090822, 0.973052, 0.211947, 0.68852, 0.0, 0.0, 0.0, 1.0],
                [0.106751, -0.209373, 0.971991, 0.0179, 0.990238, -0.065734, -0.122915, 0.708308, 0.089628, 0.975624, 0.200311, 0.688391, 0.0, 0.0, 0.0, 1.0],
                [0.11113, -0.198325, 0.973816, 0.017333, 0.989804, -0.065756, -0.126347, 0.69189, 0.089092, 0.977928, 0.188996, 0.688394, 0.0, 0.0, 0.0, 1.0],
                [0.123846, -0.187336, 0.974458, 0.016738, 0.988238, -0.065499, -0.138189, 0.673894, 0.089714, 0.98011, 0.177021, 0.688639, 0.0, 0.0, 0.0, 1.0],
                [0.144979, -0.176426, 0.973579, 0.016116, 0.985222, -0.06496, -0.158485, 0.654332, 0.091204, 0.982168, 0.164401, 0.68913, 0.0, 0.0, 0.0, 1.0],
                [0.174509, -0.165617, 0.970628, 0.01547, 0.98023, -0.064136, -0.187179, 0.633228, 0.093252, 0.984102, 0.15115, 0.689868, 0.0, 0.0, 0.0, 1.0],
                [0.212278, -0.154934, 0.964849, 0.014798, 0.972529, -0.063027, -0.224089, 0.610622, 0.095531, 0.985912, 0.137298, 0.69085, 0.0, 0.0, 0.0, 1.0],
                [0.257952, -0.144404, 0.955305, 0.014105, 0.961205, -0.061637, -0.268862, 0.586571, 0.097706, 0.987597, 0.122902, 0.692074, 0.0, 0.0, 0.0, 1.0],
                [0.310975, -0.134055, 0.940917, 0.013391, 0.945201, -0.059969, -0.320935, 0.561149, 0.099449, 0.989158, 0.10806, 0.693535, 0.0, 0.0, 0.0, 1.0],
                [0.370526, -0.123918, 0.920519, 0.012659, 0.923375, -0.058035, -0.379488, 0.534456, 0.100447, 0.990594, 0.092919, 0.695224, 0.0, 0.0, 0.0, 1.0],
                [0.435489, -0.114024, 0.892944, 0.011913, 0.894575, -0.055845, -0.443415, 0.50661, 0.100426, 0.991907, 0.077683, 0.69713, 0.0, 0.0, 0.0, 1.0],
                [0.504434, -0.104405, 0.857115, 0.011155, 0.857737, -0.053417, -0.511307, 0.477756, 0.099168, 0.993099, 0.062607, 0.699239, 0.0, 0.0, 0.0, 1.0],
                [0.575636, -0.095094, 0.812158, 0.01039, 0.811989, -0.050771, -0.58146, 0.44806, 0.096528, 0.994173, 0.04799, 0.701533, 0.0, 0.0, 0.0, 1.0],
                [0.647115, -0.086124, 0.757513, 0.009621, 0.756766, -0.047931, -0.651926, 0.417712, 0.092455, 0.995131, 0.034158, 0.703992, 0.0, 0.0, 0.0, 1.0],
                [0.716726, -0.077525, 0.693032, 0.008854, 0.691907, -0.044926, -0.720588, 0.386925, 0.086999, 0.995978, 0.02144, 0.706592, 0.0, 0.0, 0.0, 1.0],
                [0.782278, -0.069327, 0.619059, 0.008093, 0.617731, -0.041788, -0.785279, 0.355925, 0.08031, 0.996718, 0.010135, 0.709305, 0.0, 0.0, 0.0, 1.0],
                [0.841678, -0.061556, 0.536459, 0.007343, 0.535073, -0.03855, -0.843926, 0.324957, 0.072629, 0.997359, 0.00049, 0.712103, 0.0, 0.0, 0.0, 1.0],
                [0.893088, -0.054235, 0.446601, 0.00661, 0.445268, -0.035249, -0.894703, 0.294272, 0.064267, 0.997906, -0.007332, 0.714953, 0.0, 0.0, 0.0, 1.0],
                [0.935068, -0.047384, 0.351288, 0.005898, 0.350085, -0.031925, -0.936174, 0.264124, 0.055575, 0.998366, -0.013263, 0.717824, 0.0, 0.0, 0.0, 1.0],
                [0.966692, -0.041017, 0.252635, 0.005212, 0.251608, -0.028614, -0.967406, 0.234763, 0.046909, 0.998749, -0.017341, 0.720683, 0.0, 0.0, 0.0, 1.0],
                [0.987613, -0.035143, 0.152921, 0.004557, 0.152085, -0.025356, -0.988042, 0.20643, 0.0386, 0.999061, -0.019697, 0.723497, 0.0, 0.0, 0.0, 1.0],
                [0.998074, -0.029765, 0.054423, 0.003937, 0.053774, -0.022186, -0.998307, 0.179353, 0.030923, 0.999311, -0.020542, 0.726235, 0.0, 0.0, 0.0, 1.0],
                [0.99886, -0.024885, -0.040742, 0.003356, -0.041223, -0.019139, -0.998967, 0.153736, 0.024079, 0.999507, -0.020143, 0.728867, 0.0, 0.0, 0.0, 1.0],
                [0.991205, -0.020495, -0.130737, 0.002816, -0.131078, -0.016246, -0.991239, 0.129763, 0.018191, 0.999658, -0.01879, 0.731366, 0.0, 0.0, 0.0, 1.0],
                [0.976673, -0.016586, -0.21409, 0.002321, -0.214319, -0.013536, -0.97667, 0.107588, 0.013301, 0.999771, -0.016775, 0.733709, 0.0, 0.0, 0.0, 1.0],
                [0.957018, -0.013144, -0.28973, 0.001872, -0.289876, -0.011032, -0.957001, 0.087342, 0.009383, 0.999853, -0.014368, 0.735873, 0.0, 0.0, 0.0, 1.0],
                [0.934056, -0.010154, -0.356982, 0.001471, -0.357069, -0.008755, -0.934037, 0.069126, 0.006359, 0.99991, -0.011804, 0.737842, 0.0, 0.0, 0.0, 1.0],
                [0.909551, -0.007596, -0.415522, 0.001118, -0.415571, -0.006722, -0.909536, 0.053015, 0.004116, 0.999949, -0.009271, 0.739601, 0.0, 0.0, 0.0, 1.0],
                [0.885128, -0.005451, -0.465315, 0.000815, -0.46534, -0.004945, -0.885118, 0.03906, 0.002524, 0.999973, -0.006913, 0.741139, 0.0, 0.0, 0.0, 1.0],
                [0.86221, -0.003695, -0.506537, 0.00056, -0.506549, -0.003434, -0.862204, 0.027288, 0.001447, 0.999987, -0.004832, 0.742446, 0.0, 0.0, 0.0, 1.0],
                [0.841985, -0.002308, -0.539496, 0.000353, -0.539501, -0.002195, -0.841982, 0.017709, 0.000759, 0.999995, -0.003093, 0.743519, 0.0, 0.0, 0.0, 1.0],
                [0.82539, -0.001267, -0.564562, 0.000195, -0.564563, -0.001232, -0.825389, 0.010313, 0.00035, 0.999998, -0.001732, 0.744352, 0.0, 0.0, 0.0, 1.0],
                [0.813113, -0.000549, -0.582105, 8.3e-05, -0.582105, -0.000545, -0.813113, 0.005079, 0.000129, 1.0, -0.000763, 0.744946, 0.0, 0.0, 0.0, 1.0],
                [0.805604, -0.000134, -0.592455, 1.7e-05, -0.592455, -0.000136, -0.805604, 0.001971, 2.7e-05, 1.0, -0.000189, 0.745301, 0.0, 0.0, 0.0, 1.0],
                [0.803085, 0.0, -0.595864, -5e-06, -0.595864, 0.0, -0.803085, 0.000946, 0.0, 1.0, 0.0, 0.745419, 0.0, 0.0, 0.0, 1.0]
            ]
        },
        {
            "name": "Thigh_R",
            "time": [0.0, 0.0167, 0.0333, 0.05, 0.0667, 0.0833, 0.1, 0.1167, 0.1333, 0.15, 0.1667, 0.1833, 0.2, 0.2167, 0.2333, 0.25, 0.2667, 0.2833, 0.3, 0.3167, 0.3333, 0.35, 0.3667, 0.3833, 0.4, 0.4167, 0.4333, 0.45, 0.4667, 0.4833, 0.5, 0.5167, 0.5333, 0.55, 0.5667, 0.5833, 0.6, 0.6167, 0.6333, 0.65, 0.6667, 0.6833, 0.7, 0.7167, 0.7333, 0.75, 0.7667, 0.7833, 0.8, 0.8167, 0.8333, 0.85, 0.8667, 0.8833, 0.9, 0.9167, 0.9333, 0.95, 0.9667, 0.9833, 1.0, 1.0167, 1.0333, 1.05, 1.0667, 1.0833, 1.1, 1.1167, 1.1333, 1.15, 1.1667, 1.1833, 1.2, 1.2167, 1.2333, 1.25],
            "transform": [
                [0.977078, 0.173331, 0.123592, 0.124994, 0.212882, -0.796608, -0.565771, -0.002831, 0.000389, 0.579113, -0.815247, -1.2e-05, 0.0, 0.0, 0.0, 1.0],
                [0.971944, 0.194132, 0.132804, 0.127225, 0.235205, -0.797974, -0.554902, -0.002558, -0.001751, 0.57057, -0.821247, -0.000625, 0.0, 0.0, 0.0, 1.0],
                [0.952746, 0.258499, 0.159541, 0.133959, 0.303691, -0.798754, -0.519388, -0.001732, -0.006828, 0.543296, -0.839513, -0.002477, 0.0, 0.0, 0.0, 1.0],
                [0.908039, 0.36863, 0.198939, 0.145063, 0.418767, -0.787572, -0.452067, -0.000372, -0.009966, 0.493803, -0.869516, -0.00553, 0.0, 0.0, 0.0, 1.0],
                [0.819818, 0.520427, 0.238862, 0.160051, 0.572622, -0.743839, -0.344683, 0.001464, -0.001708, 0.419355, -0.907821, -0.00965, 0.0, 0.0, 0.0, 1.0],
                [0.671437, 0.694438, 0.258705, 0.177998, 0.740435, -0.643012, -0.195682, 0.003663, 0.030461, 0.322942, -0.945928, -0.014585, 0.0, 0.0, 0.0, 1.0],
                [0.464844, 0.853101, 0.236936, 0.19756, 0.880309, -0.473954, -0.02058, 0.006059, 0.09474, 0.218143, -0.971307, -0.019962, 0.0, 0.0, 0.0, 1.0],
                [0.232111, 0.958137, 0.167622, 0.217121, 0.954841, -0.257304, 0.148569, 0.008456, 0.185479, 0.125567, -0.974592, -0.02534, 0.0, 0.0, 0.0, 1.0],
                [0.019252, 0.997506, 0.067903, 0.235069, 0.958549, -0.037725, 0.282418, 0.010655, 0.284275, 0.059651, -0.956885, -0.030275, 0.0, 0.0, 0.0, 1.0],
                [-0.143392, 0.989025, -0.035611, 0.250056, 0.916725, 0.146296, 0.37177, 0.012491, 0.3729, 0.020663, -0.927642, -0.034395, 0.0, 0.0, 0.0, 1.0],
                [-0.250179, 0.960271, -0.123655, 0.261161, 0.861263, 0.27907, 0.424671, 0.013851, 0.442307, -0.000256, -0.896863, -0.037448, 0.0, 0.0, 0.0, 1.0],
                [-0.309138, 0.932208, -0.188207, 0.267895, 0.814217, 0.361695, 0.454123, 0.014676, 0.491411, -0.012855, -0.870833, -0.0393, 0.0, 0.0, 0.0, 1.0],
                [-0.330169, 0.915941, -0.228122, 0.270126, 0.786228, 0.400593, 0.470501, 0.014949, 0.522335, -0.024011, -0.852402, -0.039913, 0.0, 0.0, 0.0, 1.0],
                [-0.333738, 0.907309, -0.255751, 0.269771, 0.771688, 0.418778, 0.478667, 0.014906, 0.541402, -0.037611, -0.839922, -0.039816, 0.0, 0.0, 0.0, 1.0],
                [-0.335516, 0.898655, -0.282574, 0.268701, 0.762374, 0.435227, 0.478919, 0.014775, 0.553367, -0.054742, -0.831137, -0.039521, 0.0, 0.0, 0.0, 1.0],
                [-0.335903, 0.889993, -0.308354, 0.266908, 0.758501, 0.449688, 0.471653, 0.014555, 0.558431, -0.075457, -0.826112, -0.039028, 0.0, 0.0, 0.0, 1.0],
                [-0.335325, 0.881333, -0.332881, 0.264393, 0.75971, 0.461918, 0.457682, 0.014247, 0.557133, -0.099421, -0.82445, -0.038337, 0.0, 0.0, 0.0, 1.0],
                [-0.334211, 0.872687, -0.355978, 0.26116, 0.764994, 0.471796, 0.438398, 0.013851, 0.550533, -0.125804, -0.82528, -0.037448, 0.0, 0.0, 0.0, 1.0],
                [-0.332944, 0.864076, -0.377521, 0.257225, 0.772792, 0.479452, 0.415834, 0.013369, 0.540315, -0.153295, -0.827381, -0.036366, 0.0, 0.0, 0.0, 1.0],
                [-0.331815, 0.855525, -0.397461, 0.252609, 0.781262, 0.485359, 0.392499, 0.012804, 0.528704, -0.180285, -0.829439, -0.035097, 0.0, 0.0, 0.0, 1.0],
                [-0.330989, 0.847063, -0.415848, 0.247346, 0.788648, 0.490298, 0.371001, 0.012159, 0.518151, -0.20516, -0.830319, -0.03365, 0.0, 0.0, 0.0, 1.0],
                [-0.330505, 0.838711, -0.432816, 0.241481, 0.793571, 0.49519, 0.353598, 0.01144, 0.510893, -0.226605, -0.82924, -0.032038, 0.0, 0.0, 0.0, 1.0],
                [-0.330297, 0.830479, -0.448563, 0.235068, 0.795118, 0.500897, 0.34189, 0.010655, 0.508617, -0.243736, -0.825773, -0.030275, 0.0, 0.0, 0.0, 1.0],
                [-0.330237, 0.822366, -0.463311, 0.228178, 0.792766, 0.508065, 0.336738, 0.00981, 0.512314, -0.256094, -0.819725, -0.02838, 0.0, 0.0, 0.0, 1.0],
                [-0.330169, 0.81437, -0.477274, 0.220888, 0.786228, 0.517064, 0.338365, 0.008917, 0.522335, -0.263528, -0.810998, -0.026376, 0.0, 0.0, 0.0, 1.0],
                [-0.328422, 0.808185, -0.488851, 0.213289, 0.774887, 0.526482, 0.34981, 0.007986, 0.540083, -0.263919, -0.79916, -0.024287, 0.0, 0.0, 0.0, 1.0],
                [-0.32338, 0.805725, -0.496218, 0.205478, 0.75769, 0.534613, 0.374291, 0.007029, 0.56686, -0.254942, -0.783373, -0.022139, 0.0, 0.0, 0.0, 1.0],
                [-0.315111, 0.807231, -0.499082, 0.19756, 0.733527, 0.540834, 0.411627, 0.006059, 0.602199, -0.236382, -0.762548, -0.019962, 0.0, 0.0, 0.0, 1.0],
                [-0.303945, 0.812792, -0.496977, 0.189642, 0.701023, 0.544056, 0.461052, 0.005089, 0.645123, -0.208259, -0.735149, -0.017786, 0.0, 0.0, 0.0, 1.0],
                [-0.290526, 0.822267, -0.489359, 0.181831, 0.658784, 0.542793, 0.520941, 0.004132, 0.693973, -0.171035, -0.699392, -0.015638, 0.0, 0.0, 0.0, 1.0],
                [-0.275848, 0.835198, -0.475765, 0.174231, 0.60577, 0.535358, 0.588587, 0.003201, 0.746291, -0.125844, -0.653616, -0.013549, 0.0, 0.0, 0.0, 1.0],
                [-0.261195, 0.850761, -0.456052, 0.166942, 0.5418, 0.520223, 0.660167, 0.002308, 0.798893, -0.074657, -0.596822, -0.011545, 0.0, 0.0, 0.0, 1.0],
                [-0.247976, 0.867794, -0.430628, 0.160051, 0.468015, 0.49651, 0.731053, 0.001464, 0.848215, -0.020257, -0.529264, -0.00965, 0.0, 0.0, 0.0, 1.0],
                [-0.237449, 0.884949, -0.400603, 0.153639, 0.387094, 0.46444, 0.796526, 0.000679, 0.890941, 0.034063, -0.452839, -0.007887, 0.0, 0.0, 0.0, 1.0],
                [-0.230428, 0.900933, -0.367726, 0.147773, 0.303012, 0.42554, 0.852701, -4e-05, 0.924709, 0.08506, -0.37105, -0.006275, 0.0, 0.0, 0.0, 1.0],
                [-0.227093, 0.914762, -0.334125, 0.14251, 0.220373, 0.382458, 0.897308, -0.000685, 0.948612, 0.13014, -0.288442, -0.004828, 0.0, 0.0, 0.0, 1.0],
                [-0.227, 0.925913, -0.301922, 0.137895, 0.143541, 0.338438, 0.929976, -0.00125, 0.963258, 0.167766, -0.209732, -0.003559, 0.0, 0.0, 0.0, 1.0],
                [-0.229265, 0.934326, -0.272896, 0.133959, 0.075961, 0.296683, 0.95195, -0.001732, 0.970395, 0.197519, -0.138992, -0.002477, 0.0, 0.0, 0.0, 1.0],
                [-0.232823, 0.940285, -0.24831, 0.130727, 0.019858, 0.25987, 0.965439, -0.002128, 0.972317, 0.219845, -0.079176, -0.001588, 0.0, 0.0, 0.0, 1.0],
                [-0.236658, 0.944243, -0.228908, 0.128211, -0.023677, 0.229926, 0.97292, -0.002437, 0.971305, 0.235669, -0.032057, -0.000897, 0.0, 0.0, 0.0, 1.0],
                [-0.239952, 0.946672, -0.215026, 0.126419, -0.054384, 0.208041, 0.976607, -0.002656, 0.96926, 0.246032, 0.001564, -0.000404, 0.0, 0.0, 0.0, 1.0],
                [-0.242135, 0.94796, -0.206742, 0.125349, -0.072492, 0.194811, 0.978158, -0.002787, 0.967531, 0.251833, 0.021549, -0.000109, 0.0, 0.0, 0.0, 1.0],
                [-0.242894, 0.94836, -0.204002, 0.124994, -0.078427, 0.190413, 0.978566, -0.002831, 0.966877, 0.253687, 0.028127, -1.2e-05, 0.0, 0.0, 0.0, 1.0],
                [-0.239736, 0.950042, -0.199867, 0.124994, -0.074131, 0.187356, 0.979491, -0.002831, 0.968004, 0.249636, 0.025511, -1.2e-05, 0.0, 0.0, 0.0, 1.0],
                [-0.230619, 0.954782, -0.187638, 0.124994, -0.061721, 0.178094, 0.982076, -0.002831, 0.971085, 0.238067, 0.017858, -1.2e-05, 0.0, 0.0, 0.0, 1.0],
                [-0.216199, 0.961893, -0.167395, 0.124994, -0.042091, 0.162108, 0.985875, -0.002831, 0.975442, 0.220191, 0.005439, -1.2e-05, 0.0, 0.0, 0.0, 1.0],
                [-0.19728, 0.970434, -0.139064, 0.124994, -0.016361, 0.138573, 0.990217, -0.002831, 0.980211, 0.197625, -0.01146, -1.2e-05, 0.0, 0.0, 0.0, 1.0],
                [-0.174781, 0.979253, -0.102545, 0.124994, 0.014148, 0.106635, 0.994198, -0.002831, 0.984506, 0.172316, -0.032492, -1.2e-05, 0.0, 0.0, 0.0, 1.0],
                [-0.149697, 0.987039, -0.057845, 0.124994, 0.047975, 0.065687, 0.996687, -0.002831, 0.987568, 0.146426, -0.057187, -1.2e-05, 0.0, 0.0, 0.0, 1.0],
                [-0.123039, 0.992389, -0.005197, 0.124994, 0.08362, 0.015585, 0.996376, -0.002831, 0.988873, 0.122159, -0.0849, -1.2e-05, 0.0, 0.0, 0.0, 1.0],
                [-0.095752, 0.993893, 0.054848, 0.124994, 0.119667, -0.043208, 0.991873, -0.002831, 0.988186, 0.101537, -0.114799, -1.2e-05, 0.0, 0.0, 0.0, 1.0],
                [-0.068611, 0.990235, 0.121355, 0.124994, 0.154922, -0.10959, 0.981829, -0.002831, 0.985541, 0.086164, -0.14589, -1.2e-05, 0.0, 0.0, 0.0, 1.0],
                [-0.042108, 0.980295, 0.193001, 0.124994, 0.188497, -0.181909, 0.965079, -0.002831, 0.981171, 0.077018, -0.177123, -1.2e-05, 0.0, 0.0, 0.0, 1.0],
                [-0.016338, 0.963248, 0.268116, 0.124994, 0.219855, -0.258128, 0.940762, -0.002831, 0.975396, 0.074317, -0.207557, -1.2e-05, 0.0, 0.0, 0.0, 1.0],
                [0.009086, 0.938645, 0.344765, 0.124994, 0.248763, -0.336062, 0.908393, -0.002831, 0.968522, 0.077511, -0.236554, -1.2e-05, 0.0, 0.0, 0.0, 1.0],
                [0.035072, 0.906448, 0.420859, 0.124994, 0.275202, -0.413597, 0.867872, -0.002831, 0.960746, 0.085383, -0.263962, -1.2e-05, 0.0, 0.0, 0.0, 1.0],
                [0.063001, 0.86703, 0.494257, 0.124994, 0.299221, -0.488868, 0.819436, -0.002831, 0.952101, 0.096267, -0.290233, -1.2e-05, 0.0, 0.0, 0.0, 1.0],
                [0.094592, 0.821131, 0.562846, 0.124994, 0.320783, -0.560366, 0.763602, -0.002831, 0.942417, 0.108321, -0.316411, -1.2e-05, 0.0, 0.0, 0.0, 1.0],
                [0.131672, 0.769774, 0.624587, 0.124994, 0.339641, -0.626969, 0.701109, -0.002831, 0.931293, 0.119819, -0.344001, -1.2e-05, 0.0, 0.0, 0.0, 1.0],
                [0.175865, 0.714162, 0.677528, 0.124994, 0.355251, -0.687918, 0.632903, -0.002831, 0.918079, 0.129387, -0.374688, -1.2e-05, 0.0, 0.0, 0.0, 1.0],
                [0.228252, 0.65556, 0.71982, 0.124994, 0.366773, -0.742767, 0.560156, -0.002831, 0.901875, 0.136153, -0.40998, -1.2e-05, 0.0, 0.0, 0.0, 1.0],
                [0.289075, 0.595187, 0.749792, 0.124994, 0.373159, -0.791335, 0.484296, -0.002831, 0.881583, 0.139794, -0.450854, -1.2e-05, 0.0, 0.0, 0.0, 1.0],
                [0.357551, 0.534124, 0.766074, 0.124994, 0.373329, -0.833654, 0.406998, -0.002831, 0.856028, 0.140475, -0.497478, -1.2e-05, 0.0, 0.0, 0.0, 1.0],
                [0.431868, 0.473267, 0.767794, 0.124994, 0.366394, -0.869924, 0.330131, -0.002831, 0.824163, 0.138742, -0.549095, -1.2e-05, 0.0, 0.0, 0.0, 1.0],
                [0.509366, 0.413325, 0.75479, 0.124994, 0.351879, -0.900463, 0.255632, -0.002831, 0.78532, 0.135384, -0.604106, -1.2e-05, 0.0, 0.0, 0.0, 1.0],
                [0.586868, 0.354872, 0.727772, 0.124994, 0.329881, -0.925649, 0.185347, -0.002831, 0.739435, 0.131304, -0.6603, -1.2e-05, 0.0, 0.0, 0.0, 1.0],
                [0.661104, 0.298434, 0.688389, 0.124994, 0.301138, -0.94589, 0.120865, -0.002831, 0.68721, 0.127396, -0.715201, -1.2e-05, 0.0, 0.0, 0.0, 1.0],
                [0.729129, 0.24458, 0.639181, 0.124994, 0.266997, -0.961611, 0.063387, -0.002831, 0.630145, 0.124442, -0.766441, -1.2e-05, 0.0, 0.0, 0.0, 1.0],
                [0.787978, 0.225752, 0.572824, 0.124994, 0.227486, -0.971274, 0.069852, -0.002831, 0.572137, 0.075268, -0.816698, -1.2e-05, 0.0, 0.0, 0.0, 1.0],
                [0.837342, 0.197685, 0.509686, 0.124994, 0.187888, -0.979601, 0.071272, -0.002831, 0.513378, 0.036085, -0.857403, -1.2e-05, 0.0, 0.0, 0.0, 1.0],
                [0.876812, 0.162899, 0.452398, 0.124994, 0.150316, -0.98657, 0.063911, -0.002831, 0.456734, 0.011965, -0.889523, -1.2e-05, 0.0, 0.0, 0.0, 1.0],
                [0.906663, 0.129033, 0.401637, 0.124994, 0.116433, -0.991633, 0.055741, -0.002831, 0.405469, -0.003775, -0.914101, -1.2e-05, 0.0, 0.0, 0.0, 1.0],
                [0.927861, 0.099511, 0.359405, 0.124994, 0.087934, -0.994947, 0.048461, -0.002831, 0.362411, -0.013361, -0.931923, -1.2e-05, 0.0, 0.0, 0.0, 1.0],
                [0.941687, 0.076702, 0.32763, 0.124994, 0.066296, -0.99688, 0.042831, -0.002831, 0.329893, -0.018613, -0.943835, -1.2e-05, 0.0, 0.0, 0.0, 1.0],
                [0.949388, 0.062241, 0.307875, 0.124994, 0.05271, -0.997841, 0.039187, -0.002831, 0.309649, -0.020976, -0.95062, -1.2e-05, 0.0, 0.0, 0.0, 1.0],
                [0.951852, 0.057247, 0.301163, 0.124994, 0.048046, -0.998127, 0.037875, -0.002831, 0.302768, -0.021582, -0.95282, -1.2e-05, 0.0, 0.0, 0.0, 1.0]
            ]
        },
        {
            "name": "Leg_R",
            "time": [0.0, 0.0167, 0.0333, 0.05, 0.0667, 0.0833, 0.1, 0.1167, 0.1333, 0.15, 0.1667, 0.1833, 0.2, 0.2167, 0.2333, 0.25, 0.2667, 0.2833, 0.3, 0.3167, 0.3333, 0.35, 0.3667, 0.3833, 0.4, 0.4167, 0.4333, 0.45, 0.4667, 0.4833, 0.5, 0.5167, 0.5333, 0.55, 0.5667, 0.5833, 0.6, 0.6167, 0.6333, 0.65, 0.6667, 0.6833, 0.7, 0.7167, 0.7333, 0.75, 0.7667, 0.7833, 0.8, 0.8167, 0.8333, 0.85, 0.8667, 0.8833, 0.9, 0.9167, 0.9333, 0.95, 0.9667, 0.9833, 1.0, 1.0167, 1.0333, 1.05, 1.0667, 1.0833, 1.1, 1.1167, 1.1333, 1.15, 1.1667, 1.1833, 1.2, 1.2167, 1.2333, 1.25],
            "transform": [
                [1.0, -4.2e-05, -0.000157, -0.0, 0.000115, 0.86613, 0.499819, 0.374721, 0.000115, -0.499819, 0.86613, -0.0, 0.0, 0.0, 0.0, 1.0],
                [1.0, -4.3e-05, -0.000157, -0.0, 0.000115, 0.870099, 0.492877, 0.374721, 0.000115, -0.492877, 0.870099, -0.0, 0.0, 0.0, 0.0, 1.0],
                [1.0, -4.7e-05, -0.000155, -0.0, 0.000115, 0.881743, 0.47173, 0.374721, 0.000115, -0.47173, 0.881743, -0.0, 0.0, 0.0, 0.0, 1.0],
                [1.0, -5.3e-05, -0.000153, 0.0, 0.000115, 0.899817, 0.436267, 0.374721, 0.000115, -0.436267, 0.899817, -0.0, 0.0, 0.0, 0.0, 1.0],
                [1.0, -6.1e-05, -0.00015, -0.0, 0.000115, 0.921947, 0.387316, 0.374721, 0.000115, -0.387316, 0.921947, -0.0, 0.0, 0.0, 0.0, 1.0],
                [1.0, -7.1e-05, -0.000146, 0.0, 0.000115, 0.944941, 0.32724, 0.374721, 0.000115, -0.32724, 0.944941, 0.0, 0.0, 0.0, 0.0, 1.0],
                [1.0, -8.1e-05, -0.000141, -0.0, 0.000115, 0.965547, 0.260228, 0.374721, 0.000115, -0.260228, 0.965547, -0.0, 0.0, 0.0, 0.0, 1.0],
                [1.0, -9.1e-05, -0.000135, 0.0, 0.000115, 0.981407, 0.191938, 0.374721, 0.000115, -0.191938, 0.981407, 0.0, 0.0, 0.0, 0.0, 1.0],
                [1.0, -9.9e-05, -0.000129, -0.0, 0.000115, 0.991717, 0.128443, 0.374721, 0.000115, -0.128443, 0.991717, 0.0, 0.0, 0.0, 0.0, 1.0],
                [1.0, -0.000106, -0.000123, 0.0, 0.000115, 0.997183, 0.075001, 0.374721, 0.000115, -0.075001, 0.997183, 0.0, 0.0, 0.0, 0.0, 1.0],
                [1.0, -0.000111, -0.000119, -0.0, 0.000115, 0.999378, 0.035258, 0.374721, 0.000115, -0.035258, 0.999378, 0.0, 0.0, 0.0, 0.0, 1.0],
                [1.0, -0.000113, -0.000116, -0.0, 0.000115, 0.999938, 0.011125, 0.374721, 0.000115, -0.011125, 0.999938, 0.0, 0.0, 0.0, 0.0, 1.0],
                [1.0, -0.000114, -0.000115, -0.0, 0.000115, 0.999995, 0.003128, 0.37472, 0.000115, -0.003128, 0.999995, -0.0, 0.0, 0.0, 0.0, 1.0],
                [1.0, -0.000114, -0.000115, -0.0, 0.000115, 0.999984, 0.005732, 0.37472, 0.000115, -0.005732, 0.999984, 0.0, 0.0, 0.0, 0.0, 1.0],
                [1.0, -0.000113, -0.000116, 0.0, 0.000115, 0.999908, 0.013591, 0.37472, 0.000115, -0.013591, 0.999908, -0.0, 0.0, 0.0, 0.0, 1.0],
                [1.0, -0.000112, -0.000118, -0.0, 0.000115, 0.999642, 0.026751, 0.374721, 0.000115, -0.026751, 0.999642, 0.0, 0.0, 0.0, 0.0, 1.0],
                [1.0, -0.000109, -0.00012, -0.0, 0.000115, 0.998978, 0.045209, 0.374721, 0.000115, -0.045209, 0.998978, 0.0, 0.0, 0.0, 0.0, 1.0],
                [1.0, -0.000106, -0.000122, 0.0, 0.000115, 0.997623, 0.068905, 0.374721, 0.000115, -0.068905, 0.997623, -0.0, 0.0, 0.0, 0.0, 1.0],
                [1.0, -0.000103, -0.000126, -0.0, 0.000115, 0.995216, 0.097703, 0.374721, 0.000115, -0.097703, 0.995216, -0.0, 0.0, 0.0, 0.0, 1.0],
                [1.0, -9.9e-05, -0.000129, -0.0, 0.000115, 0.991333, 0.131373, 0.374721, 0.000115, -0.131373, 0.991333, 0.0, 0.0, 0.0, 0.0, 1.0],
                [1.0, -9.4e-05, -0.000133, -0.0, 0.000115, 0.985517, 0.169576, 0.374721, 0.000115, -0.169576, 0.985517, -0.0, 0.0, 0.0, 0.0, 1.0],
                [1.0, -8.8e-05, -0.000137, -0.0, 0.000115, 0.977301, 0.211854, 0.374721, 0.000115, -0.211854, 0.977301, 0.0, 0.0, 0.0, 0.0, 1.0],
                [1.0, -8.1e-05, -0.000141, 0.0, 0.000115, 0.966247, 0.257619, 0.374721, 0.000115, -0.257618, 0.966247, 0.0, 0.0, 0.0, 0.0, 1.0],
                [1.0, -7.4e-05, -0.000144, -0.0, 0.000115, 0.95198, 0.30616, 0.374721, 0.000115, -0.30616, 0.95198, -0.0, 0.0, 0.0, 0.0, 1.0],
                [1.0, -6.6e-05, -0.000148, -0.0, 0.000115, 0.934235, 0.356657, 0.374721, 0.000115, -0.356657, 0.934235, -0.0, 0.0, 0.0, 0.0, 1.0],
                [1.0, -5.8e-05, -0.000152, 0.0, 0.000115, 0.912889, 0.408208, 0.374721, 0.000115, -0.408208, 0.912889, 0.0, 0.0, 0.0, 0.0, 1.0],
                [1.0, -4.9e-05, -0.000155, -0.0, 0.000115, 0.887987, 0.459868, 0.374721, 0.000115, -0.459868, 0.887987, -0.0, 0.0, 0.0, 0.0, 1.0],
                [1.0, -4e-05, -0.000157, -0.0, 0.000115, 0.859764, 0.510692, 0.374721, 0.000115, -0.510692, 0.859764, -0.0, 0.0, 0.0, 0.0, 1.0],
                [1.0, -3.1e-05, -0.000159, 0.0, 0.000115, 0.828634, 0.559791, 0.374721, 0.000115, -0.559791, 0.828634, -0.0, 0.0, 0.0, 0.0, 1.0],
                [1.0, -2.2e-05, -0.000161, -0.0, 0.000115, 0.795182, 0.606371, 0.37472, 0.000115, -0.606371, 0.795182, 0.0, 0.0, 0.0, 0.0, 1.0],
                [1.0, -1.3e-05, -0.000162, -0.0, 0.000115, 0.760124, 0.649778, 0.37472, 0.000115, -0.649778, 0.760124, 0.0, 0.0, 0.0, 0.0, 1.0],
                [1.0, -4e-06, -0.000162, -0.0, 0.000115, 0.724269, 0.689518, 0.374721, 0.000115, -0.689518, 0.724269, 0.0, 0.0, 0.0, 0.0, 1.0],
                [1.0, 4e-06, -0.000162, -0.0, 0.000115, 0.688468, 0.725267, 0.374721, 0.000115, -0.725267, 0.688467, 0.0, 0.0, 0.0, 0.0, 1.0],
                [1.0, 1.2e-05, -0.000162, -0.0, 0.000115, 0.653568, 0.756868, 0.374721, 0.000115, -0.756868, 0.653567, 0.0, 0.0, 0.0, 0.0, 1.0],
                [1.0, 1.9e-05, -0.000161, -0.0, 0.000115, 0.620372, 0.784308, 0.374721, 0.000115, -0.784308, 0.620372, -0.0, 0.0, 0.0, 0.0, 1.0],
                [1.0, 2.5e-05, -0.00016, -0.0, 0.000115, 0.589606, 0.807691, 0.374721, 0.000115, -0.807691, 0.589606, -0.0, 0.0, 0.0, 0.0, 1.0],
                [1.0, 3.1e-05, -0.000159, 0.0, 0.000115, 0.561896, 0.827208, 0.374721, 0.000115, -0.827208, 0.561896, 0.0, 0.0, 0.0, 0.0, 1.0],
                [1.0, 3.5e-05, -0.000159, 0.0, 0.000115, 0.537759, 0.843099, 0.374721, 0.000115, -0.843099, 0.537759, 0.0, 0.0, 0.0, 0.0, 1.0],
                [1.0, 3.9e-05, -0.000158, 0.0, 0.000115, 0.517598, 0.855624, 0.374721, 0.000115, -0.855624, 0.517598, 0.0, 0.0, 0.0, 0.0, 1.0],
                [1.0, 4.2e-05, -0.000157, -0.0, 0.000115, 0.501707, 0.865037, 0.374721, 0.000115, -0.865037, 0.501707, 0.0, 0.0, 0.0, 0.0, 1.0],
                [1.0, 4.4e-05, -0.000156, 0.0, 0.000115, 0.490278, 0.871566, 0.374721, 0.000115, -0.871566, 0.490278, 0.0, 0.0, 0.0, 0.0, 1.0],
                [1.0, 4.5e-05, -0.000156, -0.0, 0.000115, 0.483413, 0.875393, 0.374721, 0.000115, -0.875392, 0.483413, -0.0, 0.0, 0.0, 0.0, 1.0],
                [1.0, 4.5e-05, -0.000156, -0.0, 0.000115, 0.481131, 0.876648, 0.374721, 0.000115, -0.876648, 0.481131, -0.0, 0.0, 0.0, 0.0, 1.0],
                [0.999986, -0.00111, 0.00516, 0.0, -0.003968, 0.486641, 0.873592, 0.374721, -0.003481, -0.873601, 0.48663, -0.0, 0.0, 0.0, 0.0, 1.0],
                [0.999782, -0.004219, 0.02042, 0.0, -0.015535, 0.50257, 0.864396, 0.374721, -0.013909, -0.864525, 0.502396, 0.0, 0.0, 0.0, 0.0, 1.0],
                [0.998984, -0.008455, 0.044257, -0.0, -0.033134, 0.527781, 0.848733, 0.374721, -0.030534, -0.849337, 0.526965, 0.0, 0.0, 0.0, 0.0, 1.0],
                [0.99711, -0.012771, 0.074897, 0.0, -0.054874, 0.560767, 0.826153, 0.37472, -0.052551, -0.827875, 0.558445, -0.0, 0.0, 0.0, 0.0, 1.0],
                [0.993772, -0.016132, 0.110252, -0.0, -0.078623, 0.599612, 0.796419, 0.374721, -0.078956, -0.800128, 0.59461, -0.0, 0.0, 0.0, 0.0, 1.0],
                [0.988821, -0.017746, 0.148048, -0.0, -0.102237, 0.642055, 0.75981, 0.37472, -0.108539, -0.766452, 0.633064, -0.0, 0.0, 0.0, 0.0, 1.0],
                [0.982393, -0.017238, 0.18603, -0.0, -0.1238, 0.685672, 0.717305, 0.374721, -0.13992, -0.727706, 0.671466, -0.0, 0.0, 0.0, 0.0, 1.0],
                [0.974895, -0.01472, 0.222176, 0.0, -0.14183, 0.728147, 0.670586, 0.374721, -0.171649, -0.685263, 0.707779, -0.0, 0.0, 0.0, 0.0, 1.0],
                [0.966914, -0.010745, 0.254879, -0.0, -0.15539, 0.767565, 0.62185, 0.374721, -0.202318, -0.640881, 0.740499, 0.0, 0.0, 0.0, 0.0, 1.0],
                [0.959094, -0.006158, 0.283022, 0.0, -0.164077, 0.80262, 0.57348, 0.374721, -0.230691, -0.596458, 0.768777, 0.0, 0.0, 0.0, 0.0, 1.0],
                [0.952043, -0.001911, 0.305958, 0.0, -0.167907, 0.832686, 0.527675, 0.374721, -0.255776, -0.553742, 0.792432, -0.0, 0.0, 0.0, 0.0, 1.0],
                [0.946269, 0.001107, 0.323378, -0.0, -0.167137, 0.857751, 0.486137, 0.374721, -0.27684, -0.514064, 0.811848, -0.0, 0.0, 0.0, 0.0, 1.0],
                [0.942157, 0.002199, 0.335164, 0.0, -0.162088, 0.878261, 0.449873, 0.374721, -0.293372, -0.478177, 0.827816, 0.0, 0.0, 0.0, 0.0, 1.0],
                [0.939974, 0.00091, 0.341246, -0.0, -0.153029, 0.894933, 0.419137, 0.374721, -0.305011, -0.446198, 0.841353, 0.0, 0.0, 0.0, 0.0, 1.0],
                [0.939861, -0.00294, 0.341543, -0.0, -0.140146, 0.90859, 0.393475, 0.374721, -0.311479, -0.417678, 0.853537, -0.0, 0.0, 0.0, 0.0, 1.0],
                [0.941827, -0.009253, 0.33597, 0.0, -0.123605, 0.920031, 0.371841, 0.374721, -0.312544, -0.391737, 0.865366, -0.0, 0.0, 0.0, 0.0, 1.0],
                [0.945712, -0.017668, 0.324526, -0.0, -0.103678, 0.929951, 0.352763, 0.374721, -0.308025, -0.367258, 0.877634, -0.0, 0.0, 0.0, 0.0, 1.0],
                [0.951179, -0.027574, 0.307405, -0.0, -0.080905, 0.938897, 0.334556, 0.374721, -0.297846, -0.343093, 0.890828, -0.0, 0.0, 0.0, 0.0, 1.0],
                [0.957734, -0.038158, 0.285111, 0.0, -0.056199, 0.947242, 0.315553, 0.374721, -0.28211, -0.318239, 0.905062, 0.0, 0.0, 0.0, 0.0, 1.0],
                [0.964793, -0.048477, 0.258505, -0.0, -0.030879, 0.955192, 0.294372, 0.374721, -0.261192, -0.291991, 0.920065, -0.0, 0.0, 0.0, 0.0, 1.0],
                [0.971779, -0.057556, 0.228765, 0.0, -0.00657, 0.962797, 0.270146, 0.374721, -0.235803, -0.264025, 0.935248, -0.0, 0.0, 0.0, 0.0, 1.0],
                [0.978225, -0.064487, 0.197277, 0.0, 0.015006, 0.969993, 0.24267, 0.374721, -0.207006, -0.234425, 0.949839, -0.0, 0.0, 0.0, 0.0, 1.0],
                [0.98383, -0.068532, 0.165476, -0.0, 0.032303, 0.976645, 0.212419, 0.374721, -0.176169, -0.203639, 0.963066, 0.0, 0.0, 0.0, 0.0, 1.0],
                [0.988468, -0.069207, 0.134691, 0.0, 0.04421, 0.982594, 0.180429, 0.374721, -0.144834, -0.172393, 0.974322, -0.0, 0.0, 0.0, 0.0, 1.0],
                [0.992148, -0.066349, 0.106031, 0.0, 0.050228, 0.987702, 0.148062, 0.374721, -0.114551, -0.141574, 0.983278, -0.0, 0.0, 0.0, 0.0, 1.0],
                [0.995399, -0.058968, 0.075511, -0.0, 0.040791, 0.973989, 0.22289, 0.374721, -0.08669, -0.218784, 0.971914, 0.0, 0.0, 0.0, 0.0, 1.0],
                [0.997486, -0.049381, 0.050822, 0.0, 0.033458, 0.960424, 0.276525, 0.374721, -0.062466, -0.27413, 0.959662, 0.0, 0.0, 0.0, 0.0, 1.0],
                [0.998715, -0.039122, 0.032203, -0.0, 0.027533, 0.952506, 0.303273, 0.374721, -0.042537, -0.301996, 0.95236, 0.0, 0.0, 0.0, 0.0, 1.0],
                [0.999406, -0.029014, 0.018584, 0.0, 0.021567, 0.94742, 0.319263, 0.374721, -0.02687, -0.318673, 0.947483, 0.0, 0.0, 0.0, 0.0, 1.0],
                [0.99976, -0.019907, 0.009177, -0.0, 0.015783, 0.944255, 0.328837, 0.374721, -0.015211, -0.328613, 0.944342, -0.0, 0.0, 0.0, 0.0, 1.0],
                [0.999915, -0.012608, 0.003172, 0.0, 0.010821, 0.942368, 0.334403, 0.374721, -0.007205, -0.33434, 0.942425, 0.0, 0.0, 0.0, 0.0, 1.0],
                [0.999969, -0.007834, -0.00013, -0.0, 0.007419, 0.941393, 0.337231, 0.374721, -0.00252, -0.337222, 0.941421, 0.0, 0.0, 0.0, 0.0, 1.0],
                [0.99998, -0.006152, -0.001187, -0.0, 0.006191, 0.941098, 0.338079, 0.374721, -0.000963, -0.33808, 0.941117, 0.0, 0.0, 0.0, 0.0, 1.0]
            ]
        },
        {
            "name": "Knee_R",
            "time": [0.0, 0.0167, 0.0333, 0.05, 0.0667, 0.0833, 0.1, 0.1167, 0.1333, 0.15, 0.1667, 0.1833, 0.2, 0.2167, 0.2333, 0.25, 0.2667, 0.2833, 0.3, 0.3167, 0.3333, 0.35, 0.3667, 0.3833, 0.4, 0.4167, 0.4333, 0.45, 0.4667, 0.4833, 0.5, 0.5167, 0.5333, 0.55, 0.5667, 0.5833, 0.6, 0.6167, 0.6333, 0.65, 0.6667, 0.6833, 0.7, 0.7167, 0.7333, 0.75, 0.7667, 0.7833, 0.8, 0.8167, 0.8333, 0.85, 0.8667, 0.8833, 0.9, 0.9167, 0.9333, 0.95, 0.9667, 0.9833, 1.0, 1.0167, 1.0333, 1.05, 1.0667, 1.0833, 1.1, 1.1167, 1.1333, 1.15, 1.1667, 1.1833, 1.2, 1.2167, 1.2333, 1.25],
            "transform": [
                [1.0, -5.7e-05, 5.7e-05, 0.0, 5.7e-05, 0.001565, -0.999999, 0.374721, 5.7e-05, 0.999999, 0.001565, -0.0, 0.0, 0.0, 0.0, 1.0],
                [1.0, -5.7e-05, 5.7e-05, 0.0, 5.7e-05, 0.001565, -0.999999, 0.374721, 5.7e-05, 0.999999, 0.001565, -0.0, 0.0, 0.0, 0.0, 1.0],
                [1.0, -5.7e-05, 5.7e-05, 0.0, 5.7e-05, 0.001565, -0.999999, 0.374721, 5.7e-05, 0.999999, 0.001565, -0.0, 0.0, 0.0, 0.0, 1.0],
                [1.0, -5.7e-05, 5.7e-05, 0.0, 5.7e-05, 0.001565, -0.999999, 0.374721, 5.7e-05, 0.999999, 0.001565, -0.0, 0.0, 0.0, 0.0, 1.0],
                [1.0, -5.7e-05, 5.7e-05, -0.0, 5.7e-05, 0.001565, -0.999999, 0.374721, 5.7e-05, 0.999999, 0.001565, -0.0, 0.0, 0.0, 0.0, 1.0],
                [1.0, -5.7e-05, 5.7e-05, 0.0, 5.7e-05, 0.001565, -0.999999, 0.374721, 5.7e-05, 0.999999, 0.001565, -0.0, 0.0, 0.0, 0.0, 1.0],
                [1.0, -5.7e-05, 5.7e-05, -0.0, 5.7e-05, 0.001565, -0.999999, 0.374721, 5.7e-05, 0.999999, 0.001565, -0.0, 0.0, 0.0, 0.0, 1.0],
                [1.0, -5.7e-05, 5.7e-05, 0.0, 5.7e-05, 0.001565, -0.999999, 0.374721, 5.7e-05, 0.999999, 0.001565, 0.0, 0.0, 0.0, 0.0, 1.0],
                [1.0, -5.7e-05, 5.7e-05, 0.0, 5.7e-05, 0.001565, -0.999999, 0.37472, 5.7e-05, 0.999999, 0.001565, 0.0, 0.0, 0.0, 0.0, 1.0],
                [1.0, -5.7e-05, 5.7e-05, 0.0, 5.7e-05, 0.001565, -0.999999, 0.374721, 5.7e-05, 0.999999, 0.001565, 0.0, 0.0, 0.0, 0.0, 1.0],
                [1.0, -5.7e-05, 5.7e-05, 0.0, 5.7e-05, 0.001565, -0.999999, 0.37472, 5.7e-05, 0.999999, 0.001565, 0.0, 0.0, 0.0, 0.0, 1.0],
                [1.0, -5.7e-05, 5.7e-05, -0.0, 5.7e-05, 0.001565, -0.999999, 0.374721, 5.7e-05, 0.999999, 0.001565, -0.0, 0.0, 0.0, 0.0, 1.0],
