{
    "animation": [
        {
            "name": "Root",
            "time": [0.0, 0.0167, 0.0333, 0.05, 0.0667, 0.0833, 0.1, 0.1167, 0.1333, 0.15, 0.1667, 0.1833, 0.2, 0.2167, 0.2333, 0.25, 0.2667, 0.2833, 0.3, 0.3167, 0.3333, 0.35, 0.3667, 0.3833, 0.4, 0.4167, 0.4333, 0.45, 0.4667, 0.4833, 0.5, 0.5167, 0.5333, 0.55, 0.5667, 0.5833, 0.6, 0.6167, 0.6333, 0.65, 0.6667, 0.6833, 0.7, 0.7167, 0.7333, 0.75, 0.7667, 0.7833, 0.8, 0.8167, 0.8333, 0.85, 0.8667, 0.8833, 0.9, 0.9167, 0.9333, 0.95, 0.9667, 0.9833, 1.0, 1.0167, 1.0333, 1.05, 1.0667, 1.0833, 1.1, 1.1167, 1.1333, 1.15, 1.1667, 1.1833, 1.2, 1.2167, 1.2333, 1.25, 1.2667, 1.2833, 1.3, 1.3167, 1.3333, 1.35, 1.3667, 1.3833, 1.4, 1.4167, 1.4333, 1.45, 1.4667, 1.4833, 1.5],
            "transform": [
                [-0.173865, 0.0, -0.984769, -5e-06, -0.984769, 0.0, 0.173865, 0.000946, 0.0, 1.0, 0.0, 0.630834, 0.0, 0.0, 0.0, 1.0],
                [-0.173865, 0.0, -0.984769, -5e-06, -0.984769, 0.0, 0.173865, 0.03751, 0.0, 1.0, 0.0, 0.617252, 0.0, 0.0, 0.0, 1.0],
                [-0.173865, 0.0, -0.984769, -5e-06, -0.984769, 0.0, 0.173865, 0.142919, 0.0, 1.0, 0.0, 0.588187, 0.0, 0.0, 0.0, 1.0],
                [-0.173865, 0.0, -0.984769, -5e-06, -0.984769, 0.0, 0.173865, 0.263224, 0.0, 1.0, 0.0, 0.574605, 0.0, 0.0, 0.0, 1.0],
                [-0.173865, 0.0, -0.984769, -5e-06, -0.984769, 0.0, 0.173865, 0.393398, 0.0, 1.0, 0.0, 0.637926, 0.0, 0.0, 0.0, 1.0],
                [-0.173865, 0.0, -0.984769, -5e-06, -0.984769, 0.0, 0.173865, 0.542419, 0.0, 1.0, 0.0, 0.800948, 0.0, 0.0, 0.0, 1.0],
                [-0.173865, 0.0, -0.984769, -5e-06, -0.984769, 0.0, 0.173865, 0.658195, 0.0, 1.0, 0.0, 0.949108, 0.0, 0.0, 0.0, 1.0],
                [-0.173865, 0.0, -0.984769, -5e-06, -0.984769, 0.0, 0.173865, 0.728706, 0.0, 1.0, 0.0, 1.070107, 0.0, 0.0, 0.0, 1.0],
                [-0.173865, 0.0, -0.984769, -5e-06, -0.984769, 0.0, 0.173865, 0.762288, 0.0, 1.0, 0.0, 1.205263, 0.0, 0.0, 0.0, 1.0],
                [-0.173865, 0.0, -0.984769, -5e-06, -0.984769, 0.0, 0.173865, 0.775192, 0.0, 1.0, 0.0, 1.337956, 0.0, 0.0, 0.0, 1.0],
                [-0.173865, 0.0, -0.984769, -5e-06, -0.984769, 0.0, 0.173865, 0.79647, 0.0, 1.0, 0.0, 1.445356, 0.0, 0.0, 0.0, 1.0],
                [-0.173865, 0.0, -0.984769, -5e-06, -0.984769, 0.0, 0.173865, 0.853067, 0.0, 1.0, 0.0, 1.510994, 0.0, 0.0, 0.0, 1.0],
                [-0.173865, 0.0, -0.984769, -5e-06, -0.984769, 0.0, 0.173865, 0.956738, 0.0, 1.0, 0.0, 1.531832, 0.0, 0.0, 0.0, 1.0],
                [-0.17159, 0.0, -0.985169, -5e-06, -0.985169, 0.0, 0.17159, 1.106109, 0.0, 1.0, 0.0, 1.517065, 0.0, 0.0, 0.0, 1.0],
                [-0.164718, 0.0, -0.986341, -5e-06, -0.986341, 0.0, 0.164718, 1.299587, 0.0, 1.0, 0.0, 1.472417, 0.0, 0.0, 0.0, 1.0],
                [-0.153195, 0.0, -0.988196, -5e-06, -0.988196, 0.0, 0.153195, 1.535576, 0.0, 1.0, 0.0, 1.398643, 0.0, 0.0, 0.0, 1.0],
                [-0.136981, 0.0, -0.990574, -5e-06, -0.990574, 0.0, 0.136981, 1.808928, 0.0, 1.0, 0.0, 1.298799, 0.0, 0.0, 0.0, 1.0],
                [-0.11607, 0.0, -0.993241, -5e-06, -0.993241, 0.0, 0.11607, 2.110153, 0.0, 1.0, 0.0, 1.178807, 0.0, 0.0, 0.0, 1.0],
                [-0.090496, 0.0, -0.995897, -5e-06, -0.995897, 0.0, 0.090496, 2.425602, 0.0, 1.0, 0.0, 1.04739, 0.0, 0.0, 0.0, 1.0],
                [-0.060346, 0.0, -0.998178, -5e-06, -0.998178, 0.0, 0.060346, 2.739077, 0.0, 1.0, 0.0, 0.915073, 0.0, 0.0, 0.0, 1.0],
                [-0.025779, 0.0, -0.999668, -5e-06, -0.999668, 0.0, 0.025779, 3.034514, 0.0, 1.0, 0.0, 0.792449, 0.0, 0.0, 0.0, 1.0],
                [0.012966, 0.0, -0.999916, -5e-06, -0.999916, 0.0, -0.012966, 3.298651, 0.0, 1.0, 0.0, 0.688412, 0.0, 0.0, 0.0, 1.0],
                [0.055555, 0.0, -0.998456, -5e-06, -0.998456, 0.0, -0.055555, 3.522521, 0.0, 1.0, 0.0, 0.609123, 0.0, 0.0, 0.0, 1.0],
                [0.101552, 0.0, -0.99483, -5e-06, -0.99483, 0.0, -0.101552, 3.701537, 0.0, 1.0, 0.0, 0.557895, 0.0, 0.0, 0.0, 1.0],
                [0.150418, 0.0, -0.988623, -5e-06, -0.988623, 0.0, -0.150418, 3.83463, 0.0, 1.0, 0.0, 0.535721, 0.0, 0.0, 0.0, 1.0],
                [0.201518, 0.0, -0.979485, -5e-06, -0.979485, 0.0, -0.201518, 3.942444, 0.0, 1.0, 0.0, 0.528156, 0.0, 0.0, 0.0, 1.0],
                [0.254134, 0.0, -0.967169, -5e-06, -0.967169, 0.0, -0.254134, 4.04471, 0.0, 1.0, 0.0, 0.520979, 0.0, 0.0, 0.0, 1.0],
                [0.307491, 0.0, -0.951551, -5e-06, -0.951551, 0.0, -0.307491, 4.140905, 0.0, 1.0, 0.0, 0.514229, 0.0, 0.0, 0.0, 1.0],
                [0.360784, 0.0, -0.93265, -5e-06, -0.93265, 0.0, -0.360784, 4.230509, 0.0, 1.0, 0.0, 0.507941, 0.0, 0.0, 0.0, 1.0],
                [0.413213, 0.0, -0.910634, -5e-06, -0.910634, 0.0, -0.413213, 4.313027, 0.0, 1.0, 0.0, 0.502151, 0.0, 0.0, 0.0, 1.0],
                [0.464024, 0.0, -0.885823, -5e-06, -0.885823, 0.0, -0.464024, 4.388024, 0.0, 1.0, 0.0, 0.496888, 0.0, 0.0, 0.0, 1.0],
                [0.512536, 0.0, -0.858666, -5e-06, -0.858666, 0.0, -0.512536, 4.455155, 0.0, 1.0, 0.0, 0.492177, 0.0, 0.0, 0.0, 1.0],
                [0.558172, 0.0, -0.829725, -5e-06, -0.829725, 0.0, -0.558172, 4.514213, 0.0, 1.0, 0.0, 0.488033, 0.0, 0.0, 0.0, 1.0],
                [0.600477, 0.0, -0.799642, -5e-06, -0.799642, 0.0, -0.600477, 4.565156, 0.0, 1.0, 0.0, 0.484458, 0.0, 0.0, 0.0, 1.0],
                [0.639126, 0.0, -0.769102, -5e-06, -0.769102, 0.0, -0.639126, 4.60814, 0.0, 1.0, 0.0, 0.481442, 0.0, 0.0, 0.0, 1.0],
                [0.673922, 0.0, -0.738803, -5e-06, -0.738803, 0.0, -0.673922, 4.643521, 0.0, 1.0, 0.0, 0.478959, 0.0, 0.0, 0.0, 1.0],
                [0.704786, 0.0, -0.70942, -5e-06, -0.70942, 0.0, -0.704786, 4.671849, 0.0, 1.0, 0.0, 0.476971, 0.0, 0.0, 0.0, 1.0],
                [0.731739, 0.0, -0.681585, -5e-06, -0.681585, 0.0, -0.731739, 4.693826, 0.0, 1.0, 0.0, 0.475429, 0.0, 0.0, 0.0, 1.0],
                [0.75488, 0.0, -0.655863, -5e-06, -0.655863, 0.0, -0.75488, 4.71027, 0.0, 1.0, 0.0, 0.474275, 0.0, 0.0, 0.0, 1.0],
                [0.774363, 0.0, -0.632742, -5e-06, -0.632742, 0.0, -0.774363, 4.722054, 0.0, 1.0, 0.0, 0.473448, 0.0, 0.0, 0.0, 1.0],
                [0.790375, 0.0, -0.612624, -5e-06, -0.612624, 0.0, -0.790375, 4.730053, 0.0, 1.0, 0.0, 0.472887, 0.0, 0.0, 0.0, 1.0],
                [0.803113, 0.0, -0.595827, -5e-06, -0.595827, 0.0, -0.803113, 4.735108, 0.0, 1.0, 0.0, 0.472532, 0.0, 0.0, 0.0, 1.0],
                [0.812768, 0.0, -0.582587, -5e-06, -0.582587, 0.0, -0.812768, 4.737986, 0.0, 1.0, 0.0, 0.47233, 0.0, 0.0, 0.0, 1.0],
                [0.819513, 0.0, -0.573061, -5e-06, -0.573061, 0.0, -0.819513, 4.73937, 0.0, 1.0, 0.0, 0.472233, 0.0, 0.0, 0.0, 1.0],
                [0.823488, 0.0, -0.567334, -5e-06, -0.567334, 0.0, -0.823488, 4.739847, 0.0, 1.0, 0.0, 0.4722, 0.0, 0.0, 0.0, 1.0],
                [0.824796, 0.0, -0.56543, -5e-06, -0.56543, 0.0, -0.824796, 4.739911, 0.0, 1.0, 0.0, 0.472195, 0.0, 0.0, 0.0, 1.0],
                [0.824796, 0.0, -0.56543, -5e-06, -0.56543, 0.0, -0.824796, 4.739911, 0.0, 1.0, 0.0, 0.472541, 0.0, 0.0, 0.0, 1.0],
                [0.824796, 0.0, -0.56543, -5e-06, -0.56543, 0.0, -0.824796, 4.739911, 0.0, 1.0, 0.0, 0.473619, 0.0, 0.0, 0.0, 1.0],
                [0.824796, 0.0, -0.56543, -5e-06, -0.56543, 0.0, -0.824796, 4.739911, 0.0, 1.0, 0.0, 0.475477, 0.0, 0.0, 0.0, 1.0],
                [0.824796, 0.0, -0.56543, -5e-06, -0.56543, 0.0, -0.824796, 4.739911, 0.0, 1.0, 0.0, 0.478149, 0.0, 0.0, 0.0, 1.0],
                [0.824796, 0.0, -0.56543, -5e-06, -0.56543, 0.0, -0.824796, 4.739911, 0.0, 1.0, 0.0, 0.481642, 0.0, 0.0, 0.0, 1.0],
                [0.824796, 0.0, -0.56543, -5e-06, -0.56543, 0.0, -0.824796, 4.739911, 0.0, 1.0, 0.0, 0.485924, 0.0, 0.0, 0.0, 1.0],
                [0.824796, 0.0, -0.56543, -5e-06, -0.56543, 0.0, -0.824796, 4.739911, 0.0, 1.0, 0.0, 0.490923, 0.0, 0.0, 0.0, 1.0],
                [0.824796, 0.0, -0.56543, -5e-06, -0.56543, 0.0, -0.824796, 4.739911, 0.0, 1.0, 0.0, 0.49652, 0.0, 0.0, 0.0, 1.0],
                [0.824796, 0.0, -0.56543, -5e-06, -0.56543, 0.0, -0.824796, 4.739911, 0.0, 1.0, 0.0, 0.50257, 0.0, 0.0, 0.0, 1.0],
                [0.824796, 0.0, -0.56543, -5e-06, -0.56543, 0.0, -0.824796, 4.739911, 0.0, 1.0, 0.0, 0.508907, 0.0, 0.0, 0.0, 1.0],
                [0.824796, 0.0, -0.56543, -5e-06, -0.56543, 0.0, -0.824796, 4.739911, 0.0, 1.0, 0.0, 0.515372, 0.0, 0.0, 0.0, 1.0],
                [0.824796, 0.0, -0.56543, -5e-06, -0.56543, 0.0, -0.824796, 4.739911, 0.0, 1.0, 0.0, 0.521823, 0.0, 0.0, 0.0, 1.0],
                [0.824796, 0.0, -0.56543, -5e-06, -0.56543, 0.0, -0.824796, 4.739911, 0.0, 1.0, 0.0, 0.528144, 0.0, 0.0, 0.0, 1.0],
                [0.824796, 0.0, -0.56543, -5e-06, -0.56543, 0.0, -0.824796, 4.739911, 0.0, 1.0, 0.0, 0.534251, 0.0, 0.0, 0.0, 1.0],
                [0.824796, 0.0, -0.56543, -5e-06, -0.56543, 0.0, -0.824796, 4.739911, 0.0, 1.0, 0.0, 0.540086, 0.0, 0.0, 0.0, 1.0],
                [0.824744, 0.0, -0.565506, -5e-06, -0.565506, 0.0, -0.824744, 4.739165, 0.0, 1.0, 0.0, 0.546017, 0.0, 0.0, 0.0, 1.0],
                [0.824588, 0.0, -0.565733, -5e-06, -0.565733, 0.0, -0.824588, 4.736912, 0.0, 1.0, 0.0, 0.552438, 0.0, 0.0, 0.0, 1.0],
                [0.824327, 0.0, -0.566114, -5e-06, -0.566114, 0.0, -0.824327, 4.73314, 0.0, 1.0, 0.0, 0.559342, 0.0, 0.0, 0.0, 1.0],
                [0.82396, 0.0, -0.566648, -5e-06, -0.566648, 0.0, -0.82396, 4.727846, 0.0, 1.0, 0.0, 0.566716, 0.0, 0.0, 0.0, 1.0],
                [0.823488, 0.0, -0.567334, -5e-06, -0.567334, 0.0, -0.823488, 4.721044, 0.0, 1.0, 0.0, 0.574542, 0.0, 0.0, 0.0, 1.0],
                [0.822913, 0.0, -0.568168, -5e-06, -0.568168, 0.0, -0.822913, 4.712761, 0.0, 1.0, 0.0, 0.582794, 0.0, 0.0, 0.0, 1.0],
                [0.822236, 0.0, -0.569146, -5e-06, -0.569146, 0.0, -0.822236, 4.703047, 0.0, 1.0, 0.0, 0.591437, 0.0, 0.0, 0.0, 1.0],
                [0.821464, 0.0, -0.57026, -5e-06, -0.57026, 0.0, -0.821464, 4.691971, 0.0, 1.0, 0.0, 0.600429, 0.0, 0.0, 0.0, 1.0],
                [0.820601, 0.0, -0.571501, -5e-06, -0.571501, 0.0, -0.820601, 4.679626, 0.0, 1.0, 0.0, 0.609718, 0.0, 0.0, 0.0, 1.0],
                [0.819656, 0.0, -0.572856, -5e-06, -0.572856, 0.0, -0.819656, 4.666131, 0.0, 1.0, 0.0, 0.619242, 0.0, 0.0, 0.0, 1.0],
                [0.818638, 0.0, -0.57431, -5e-06, -0.57431, 0.0, -0.818638, 4.65163, 0.0, 1.0, 0.0, 0.628933, 0.0, 0.0, 0.0, 1.0],
                [0.817558, 0.0, -0.575846, -5e-06, -0.575846, 0.0, -0.817558, 4.636287, 0.0, 1.0, 0.0, 0.638713, 0.0, 0.0, 0.0, 1.0],
                [0.816429, 0.0, -0.577445, -5e-06, -0.577445, 0.0, -0.816429, 4.620295, 0.0, 1.0, 0.0, 0.648497, 0.0, 0.0, 0.0, 1.0],
                [0.815266, 0.0, -0.579087, -5e-06, -0.579087, 0.0, -0.815266, 4.603856, 0.0, 1.0, 0.0, 0.658197, 0.0, 0.0, 0.0, 1.0],
                [0.814083, 0.0, -0.580749, -5e-06, -0.580749, 0.0, -0.814083, 4.587192, 0.0, 1.0, 0.0, 0.667722, 0.0, 0.0, 0.0, 1.0],
                [0.812897, 0.0, -0.582408, -5e-06, -0.582408, 0.0, -0.812897, 4.570528, 0.0, 1.0, 0.0, 0.676982, 0.0, 0.0, 0.0, 1.0],
                [0.811723, 0.0, -0.584042, -5e-06, -0.584042, 0.0, -0.811723, 4.55409, 0.0, 1.0, 0.0, 0.68589, 0.0, 0.0, 0.0, 1.0],
                [0.810578, 0.0, -0.58563, -5e-06, -0.58563, 0.0, -0.810578, 4.538096, 0.0, 1.0, 0.0, 0.694363, 0.0, 0.0, 0.0, 1.0],
                [0.809477, 0.0, -0.587151, -5e-06, -0.587151, 0.0, -0.809477, 4.522754, 0.0, 1.0, 0.0, 0.70233, 0.0, 0.0, 0.0, 1.0],
                [0.808434, 0.0, -0.588587, -5e-06, -0.588587, 0.0, -0.808434, 4.508252, 0.0, 1.0, 0.0, 0.709724, 0.0, 0.0, 0.0, 1.0],
                [0.80746, 0.0, -0.589922, -5e-06, -0.589922, 0.0, -0.80746, 4.494757, 0.0, 1.0, 0.0, 0.716493, 0.0, 0.0, 0.0, 1.0],
                [0.806568, 0.0, -0.591141, -5e-06, -0.591141, 0.0, -0.806568, 4.482413, 0.0, 1.0, 0.0, 0.722593, 0.0, 0.0, 0.0, 1.0],
                [0.805766, 0.0, -0.592234, -5e-06, -0.592234, 0.0, -0.805766, 4.471337, 0.0, 1.0, 0.0, 0.727994, 0.0, 0.0, 0.0, 1.0],
                [0.805061, 0.0, -0.593192, -5e-06, -0.593192, 0.0, -0.805061, 4.461623, 0.0, 1.0, 0.0, 0.732672, 0.0, 0.0, 0.0, 1.0],
                [0.804459, 0.0, -0.594008, -5e-06, -0.594008, 0.0, -0.804459, 4.45334, 0.0, 1.0, 0.0, 0.736617, 0.0, 0.0, 0.0, 1.0],
                [0.803964, 0.0, -0.594677, -5e-06, -0.594677, 0.0, -0.803964, 4.446537, 0.0, 1.0, 0.0, 0.739824, 0.0, 0.0, 0.0, 1.0],
                [0.803579, 0.0, -0.595198, -5e-06, -0.595198, 0.0, -0.803579, 4.441244, 0.0, 1.0, 0.0, 0.742296, 0.0, 0.0, 0.0, 1.0],
                [0.803304, 0.0, -0.595569, -5e-06, -0.595569, 0.0, -0.803304, 4.437471, 0.0, 1.0, 0.0, 0.744043, 0.0, 0.0, 0.0, 1.0],
                [0.80314, 0.0, -0.595791, -5e-06, -0.595791, 0.0, -0.80314, 4.435219, 0.0, 1.0, 0.0, 0.745078, 0.0, 0.0, 0.0, 1.0],
                [0.803085, 0.0, -0.595864, -5e-06, -0.595864, 0.0, -0.803085, 4.434473, 0.0, 1.0, 0.0, 0.745419, 0.0, 0.0, 0.0, 1.0]
            ]
        },
        {
            "name": "Thigh_R",
            "time": [0.0, 0.0167, 0.0333, 0.05, 0.0667, 0.0833, 0.1, 0.1167, 0.1333, 0.15, 0.1667, 0.1833, 0.2, 0.2167, 0.2333, 0.25, 0.2667, 0.2833, 0.3, 0.3167, 0.3333, 0.35, 0.3667, 0.3833, 0.4, 0.4167, 0.4333, 0.45, 0.4667, 0.4833, 0.5, 0.5167, 0.5333, 0.55, 0.5667, 0.5833, 0.6, 0.6167, 0.6333, 0.65, 0.6667, 0.6833, 0.7, 0.7167, 0.7333, 0.75, 0.7667, 0.7833, 0.8, 0.8167, 0.8333, 0.85, 0.8667, 0.8833, 0.9, 0.9167, 0.9333, 0.95, 0.9667, 0.9833, 1.0, 1.0167, 1.0333, 1.05, 1.0667, 1.0833, 1.1, 1.1167, 1.1333, 1.15, 1.1667, 1.1833, 1.2, 1.2167, 1.2333, 1.25, 1.2667, 1.2833, 1.3, 1.3167, 1.3333, 1.35, 1.3667, 1.3833, 1.4, 1.4167, 1.4333, 1.45, 1.4667, 1.4833, 1.5],
            "transform": [
                [0.745504, -0.254976, -0.615801, 0.124994, 0.244948, -0.754458, 0.608928, -0.002831, -0.619858, -0.604797, -0.499996, -1.2e-05, 0.0, 0.0, 0.0, 1.0],
                [0.664392, -0.339566, -0.66579, 0.124994, 0.248225, -0.740005, 0.625121, -0.002831, -0.704958, -0.580592, -0.407365, -1.2e-05, 0.0, 0.0, 0.0, 1.0],
                [0.495713, -0.454704, -0.739941, 0.124994, 0.278372, -0.72385, 0.631308, -0.002831, -0.822664, -0.518926, -0.232245, -1.2e-05, 0.0, 0.0, 0.0, 1.0],
                [0.396711, -0.381656, -0.83484, 0.124994, 0.35161, -0.776925, 0.522262, -0.002831, -0.847933, -0.500725, -0.174021, -1.2e-05, 0.0, 0.0, 0.0, 1.0],
                [0.457711, -0.103627, -0.883834, 0.124994, 0.430282, -0.907132, 0.315301, -0.002831, -0.778047, -0.562632, -0.345574, -1.2e-05, 0.0, 0.0, 0.0, 1.0],
                [0.615887, 0.382929, -0.723443, 0.124994, 0.483414, -1.073744, 0.034364, -0.002831, -0.622088, -0.455277, -0.689528, -1.2e-05, 0.0, 0.0, 0.0, 1.0],
                [0.703884, 0.603812, -0.537413, 0.124994, 0.50786, -1.115457, -0.076407, -0.002831, -0.496613, -0.284894, -0.839851, -1.2e-05, 0.0, 0.0, 0.0, 1.0],
                [0.753356, 0.570668, -0.465114, 0.124994, 0.510177, -1.055001, -0.032688, -0.002831, -0.414938, -0.261054, -0.884647, -1.2e-05, 0.0, 0.0, 0.0, 1.0],
                [0.79817, 0.44669, -0.435254, 0.124994, 0.470059, -0.946409, 0.017543, -0.002831, -0.376788, -0.234438, -0.900136, -1.2e-05, 0.0, 0.0, 0.0, 1.0],
                [0.854137, 0.277011, -0.44013, 0.124994, 0.351527, -0.931234, 0.096085, -0.002831, -0.383247, -0.236787, -0.892778, -1.2e-05, 0.0, 0.0, 0.0, 1.0],
                [0.92424, -0.281821, -0.257599, 0.124994, 0.059655, -0.559801, 0.826477, -0.002831, -0.377122, -0.77923, -0.500578, -1.2e-05, 0.0, 0.0, 0.0, 1.0],
                [0.859224, -0.396989, 0.322696, 0.124994, -0.455317, -0.305773, 0.836175, -0.002831, -0.233281, -0.865391, -0.443484, -1.2e-05, 0.0, 0.0, 0.0, 1.0],
                [0.682216, -0.452312, 0.574452, 0.124994, -0.730209, -0.381646, 0.566693, -0.00283, -0.037084, -0.806077, -0.590647, -1.2e-05, 0.0, 0.0, 0.0, 1.0],
                [0.60198, -0.557644, 0.571535, 0.124994, -0.79838, -0.433294, 0.418146, -0.002831, 0.014466, -0.708017, -0.706046, -1.2e-05, 0.0, 0.0, 0.0, 1.0],
                [0.547815, -0.625144, 0.555961, 0.124994, -0.835638, -0.440729, 0.327822, -0.002831, 0.040093, -0.644168, -0.763833, -1.2e-05, 0.0, 0.0, 0.0, 1.0],
                [0.511987, -0.642728, 0.569885, 0.124994, -0.857511, -0.421369, 0.295164, -0.002831, 0.050421, -0.639804, -0.766882, -1.2e-05, 0.0, 0.0, 0.0, 1.0],
                [0.492461, -0.604414, 0.626231, 0.124994, -0.868853, -0.383376, 0.313237, -0.002831, 0.050757, -0.69836, -0.713944, -1.2e-05, 0.0, 0.0, 0.0, 1.0],
                [0.490435, -0.510915, 0.706002, 0.124994, -0.870338, -0.328564, 0.36682, -0.002831, 0.044553, -0.794362, -0.605809, -1.2e-05, 0.0, 0.0, 0.0, 1.0],
                [0.508513, -0.374198, 0.775494, 0.124993, -0.860339, -0.257506, 0.439894, -0.002831, 0.035087, -0.89088, -0.452883, -1.2e-05, 0.0, 0.0, 0.0, 1.0],
                [0.506099, -0.266517, 0.820263, 0.124994, -0.860899, -0.213571, 0.461779, -0.002831, 0.052113, -0.93987, -0.337533, -1.2e-05, 0.0, 0.0, 0.0, 1.0],
                [0.438911, -0.256082, 0.861266, 0.124994, -0.89173, -0.241854, 0.382524, -0.002831, 0.110343, -0.93591, -0.334508, -1.2e-05, 0.0, 0.0, 0.0, 1.0],
                [0.358473, -0.32109, 0.876583, 0.124994, -0.918153, -0.291045, 0.268864, -0.002831, 0.168795, -0.901218, -0.399142, -1.2e-05, 0.0, 0.0, 0.0, 1.0],
                [0.316938, -0.37112, 0.872823, 0.124994, -0.9245, -0.326372, 0.196931, -0.002831, 0.21178, -0.86934, -0.44654, -1.2e-05, 0.0, 0.0, 0.0, 1.0],
                [0.329509, -0.326177, 0.88602, 0.124994, -0.910733, -0.357273, 0.207175, -0.002831, 0.248975, -0.875194, -0.414785, -1.2e-05, 0.0, 0.0, 0.0, 1.0],
                [0.409043, -0.164284, 0.897605, 0.124995, -0.86534, -0.382017, 0.324421, -0.002831, 0.289604, -0.909436, -0.298423, -1.2e-05, 0.0, 0.0, 0.0, 1.0],
                [0.543283, 0.037407, 0.838715, 0.124994, -0.769898, -0.376206, 0.515486, -0.002831, 0.334813, -0.92578, -0.175587, -1.2e-05, 0.0, 0.0, 0.0, 1.0],
                [0.691209, 0.199188, 0.694661, 0.124994, -0.615541, -0.341327, 0.710355, -0.002831, 0.378601, -0.918597, -0.11332, -1.2e-05, 0.0, 0.0, 0.0, 1.0],
                [0.821419, 0.301468, 0.484136, 0.124994, -0.398211, -0.304538, 0.865265, -0.002831, 0.408287, -0.903534, -0.130105, -1.2e-05, 0.0, 0.0, 0.0, 1.0],
                [0.897828, 0.355977, 0.259201, 0.124994, -0.151123, -0.303788, 0.940677, -0.002831, 0.413602, -0.883738, -0.218953, -1.2e-05, 0.0, 0.0, 0.0, 1.0],
                [0.914327, 0.397628, 0.076797, 0.124994, 0.073137, -0.348644, 0.934397, -0.002831, 0.398317, -0.848728, -0.347856, -1.2e-05, 0.0, 0.0, 0.0, 1.0],
                [0.893864, 0.446748, -0.037729, 0.124994, 0.245833, -0.418011, 0.874547, -0.002831, 0.374931, -0.791002, -0.48347, -1.2e-05, 0.0, 0.0, 0.0, 1.0],
                [0.860306, 0.501816, -0.089736, 0.124994, 0.367925, -0.489377, 0.790659, -0.002831, 0.352851, -0.713225, -0.605645, -1.2e-05, 0.0, 0.0, 0.0, 1.0],
                [0.826642, 0.554543, -0.095624, 0.124994, 0.451549, -0.552271, 0.700785, -0.002831, 0.335805, -0.622477, -0.706934, -1.2e-05, 0.0, 0.0, 0.0, 1.0],
                [0.797715, 0.598765, -0.071632, 0.124994, 0.508417, -0.603911, 0.613844, -0.002831, 0.32429, -0.526091, -0.786171, -1.2e-05, 0.0, 0.0, 0.0, 1.0],
                [0.7745, 0.631823, -0.030806, 0.124994, 0.547066, -0.644562, 0.534096, -0.002831, 0.317598, -0.430511, -0.844862, -1.2e-05, 0.0, 0.0, 0.0, 1.0],
                [0.756537, 0.653709, 0.017798, 0.124994, 0.573225, -0.676001, 0.463071, -0.002831, 0.314745, -0.340128, -0.886142, -1.2e-05, 0.0, 0.0, 0.0, 1.0],
                [0.742936, 0.665934, 0.067657, 0.124994, 0.590721, -0.699829, 0.401607, -0.002831, 0.314792, -0.258402, -0.91331, -1.2e-05, 0.0, 0.0, 0.0, 1.0],
                [0.732791, 0.670707, 0.11476, 0.124994, 0.602142, -0.717718, 0.349722, -0.002831, 0.316926, -0.187172, -0.929798, -1.2e-05, 0.0, 0.0, 0.0, 1.0],
                [0.725301, 0.670339, 0.15679, 0.124994, 0.6093, -0.731076, 0.307051, -0.002831, 0.320454, -0.127172, -0.938689, -1.2e-05, 0.0, 0.0, 0.0, 1.0],
                [0.719809, 0.666957, 0.192466, 0.124994, 0.613497, -0.740943, 0.273175, -0.002831, 0.324803, -0.078556, -0.942513, -1.2e-05, 0.0, 0.0, 0.0, 1.0],
                [0.715798, 0.662235, 0.221534, 0.124994, 0.615692, -0.748197, 0.247234, -0.002831, 0.329479, -0.040573, -0.943291, -1.2e-05, 0.0, 0.0, 0.0, 1.0],
                [0.712886, 0.65739, 0.244194, 0.124994, 0.616601, -0.753452, 0.228282, -0.002831, 0.334059, -0.012169, -0.942473, -1.2e-05, 0.0, 0.0, 0.0, 1.0],
                [0.710808, 0.653207, 0.260909, 0.124994, 0.616761, -0.757138, 0.215285, -0.002831, 0.338169, 0.007892, -0.941052, -1.2e-05, 0.0, 0.0, 0.0, 1.0],
                [0.709392, 0.650117, 0.272233, 0.124994, 0.61657, -0.759547, 0.207194, -0.002831, 0.341474, 0.020868, -0.939659, -1.2e-05, 0.0, 0.0, 0.0, 1.0],
                [0.708556, 0.648286, 0.2787, 0.124994, 0.616314, -0.760884, 0.203007, -0.002831, 0.343665, 0.027924, -0.938677, -1.2e-05, 0.0, 0.0, 0.0, 1.0],
                [0.708274, 0.647701, 0.280768, 0.124994, 0.616196, -0.7613, 0.201801, -0.002831, 0.344456, 0.030078, -0.938321, -1.2e-05, 0.0, 0.0, 0.0, 1.0],
                [0.708499, 0.647308, 0.281109, 0.124994, 0.615893, -0.761624, 0.201507, -0.002831, 0.344536, 0.030366, -0.938282, -1.2e-05, 0.0, 0.0, 0.0, 1.0],
                [0.709196, 0.646082, 0.282168, 0.124994, 0.614952, -0.762627, 0.200585, -0.002831, 0.344783, 0.031266, -0.938161, -1.2e-05, 0.0, 0.0, 0.0, 1.0],
                [0.710391, 0.643963, 0.284, 0.124994, 0.613332, -0.764351, 0.198973, -0.002831, 0.345207, 0.032837, -0.937952, -1.2e-05, 0.0, 0.0, 0.0, 1.0],
                [0.712094, 0.640903, 0.286643, 0.124994, 0.611013, -0.766817, 0.196608, -0.002831, 0.34581, 0.035139, -0.937646, -1.2e-05, 0.0, 0.0, 0.0, 1.0],
                [0.714294, 0.63688, 0.290116, 0.124994, 0.607998, -0.770014, 0.193434, -0.002831, 0.346587, 0.038221, -0.937239, -1.2e-05, 0.0, 0.0, 0.0, 1.0],
                [0.716949, 0.631911, 0.294401, 0.124994, 0.604326, -0.773895, 0.189407, -0.002831, 0.347524, 0.042119, -0.936725, -1.2e-05, 0.0, 0.0, 0.0, 1.0],
                [0.719993, 0.62603, 0.299493, 0.124994, 0.600076, -0.778386, 0.184454, -0.002831, 0.348595, 0.046913, -0.936099, -1.2e-05, 0.0, 0.0, 0.0, 1.0],
                [0.723331, 0.619392, 0.305197, 0.124994, 0.595361, -0.783329, 0.17872, -0.002831, 0.349767, 0.052428, -0.935369, -1.2e-05, 0.0, 0.0, 0.0, 1.0],
                [0.726857, 0.612121, 0.311426, 0.124994, 0.590319, -0.788585, 0.172214, -0.002831, 0.351001, 0.058665, -0.934535, -1.2e-05, 0.0, 0.0, 0.0, 1.0],
                [0.730464, 0.604384, 0.318028, 0.124994, 0.585094, -0.793994, 0.16504, -0.002831, 0.35226, 0.06552, -0.933606, -1.2e-05, 0.0, 0.0, 0.0, 1.0],
                [0.734053, 0.596354, 0.324849, 0.124994, 0.579825, -0.799407, 0.157326, -0.002831, 0.353509, 0.07287, -0.932588, -1.2e-05, 0.0, 0.0, 0.0, 1.0],
                [0.737547, 0.58819, 0.331749, 0.124994, 0.574628, -0.804698, 0.14921, -0.002831, 0.354722, 0.080582, -0.931493, -1.2e-05, 0.0, 0.0, 0.0, 1.0],
                [0.74089, 0.579989, 0.338666, 0.124994, 0.569589, -0.809789, 0.140744, -0.002831, 0.355878, 0.088625, -0.93032, -1.2e-05, 0.0, 0.0, 0.0, 1.0],
                [0.744044, 0.571941, 0.345372, 0.124994, 0.564776, -0.814579, 0.132243, -0.002831, 0.356968, 0.096663, -0.929102, -1.2e-05, 0.0, 0.0, 0.0, 1.0],
                [0.746991, 0.564066, 0.3519, 0.124994, 0.560225, -0.819057, 0.123669, -0.002831, 0.357984, 0.104763, -0.927832, -1.2e-05, 0.0, 0.0, 0.0, 1.0],
                [0.750064, 0.555975, 0.358183, 0.124994, 0.555019, -0.823673, 0.11626, -0.002831, 0.359663, 0.111596, -0.926385, -1.2e-05, 0.0, 0.0, 0.0, 1.0],
                [0.75361, 0.547219, 0.364175, 0.124994, 0.548199, -0.828929, 0.111148, -0.002831, 0.362697, 0.115878, -0.924675, -1.2e-05, 0.0, 0.0, 0.0, 1.0],
                [0.757662, 0.537762, 0.36981, 0.124994, 0.539708, -0.83486, 0.108272, -0.002831, 0.366965, 0.117556, -0.922777, -1.2e-05, 0.0, 0.0, 0.0, 1.0],
                [0.762277, 0.527493, 0.375079, 0.124994, 0.52947, -0.841502, 0.1074, -0.002831, 0.372283, 0.116725, -0.92075, -1.2e-05, 0.0, 0.0, 0.0, 1.0],
                [0.767523, 0.5164, 0.379789, 0.124994, 0.517408, -0.84883, 0.108517, -0.002831, 0.378414, 0.113216, -0.918686, -1.2e-05, 0.0, 0.0, 0.0, 1.0],
                [0.773483, 0.504277, 0.383964, 0.124994, 0.503434, -0.856849, 0.111187, -0.002831, 0.385068, 0.107299, -0.916629, -1.2e-05, 0.0, 0.0, 0.0, 1.0],
                [0.780235, 0.490984, 0.387515, 0.124994, 0.48749, -0.865511, 0.11508, -0.002831, 0.391901, 0.09912, -0.914652, -1.2e-05, 0.0, 0.0, 0.0, 1.0],
                [0.787847, 0.476355, 0.390363, 0.124994, 0.469536, -0.874747, 0.119806, -0.002831, 0.398539, 0.0889, -0.912833, -1.2e-05, 0.0, 0.0, 0.0, 1.0],
                [0.796358, 0.460232, 0.392428, 0.124994, 0.449581, -0.884459, 0.124937, -0.002831, 0.404586, 0.076934, -0.911258, -1.2e-05, 0.0, 0.0, 0.0, 1.0],
                [0.805768, 0.442484, 0.393633, 0.124994, 0.427693, -0.89452, 0.130043, -0.002831, 0.409655, 0.063569, -0.910023, -1.2e-05, 0.0, 0.0, 0.0, 1.0],
                [0.816023, 0.423027, 0.393897, 0.124994, 0.404008, -0.90478, 0.134722, -0.002831, 0.413381, 0.049201, -0.909228, -1.2e-05, 0.0, 0.0, 0.0, 1.0],
                [0.827011, 0.401848, 0.393155, 0.124994, 0.378739, -0.915065, 0.138612, -0.002831, 0.415463, 0.034269, -0.908964, -1.2e-05, 0.0, 0.0, 0.0, 1.0],
                [0.838561, 0.379018, 0.391357, 0.124994, 0.352177, -0.925189, 0.141408, -0.002831, 0.415675, 0.019248, -0.909309, -1.3e-05, 0.0, 0.0, 0.0, 1.0],
                [0.850454, 0.354662, 0.388513, 0.124994, 0.324681, -0.934982, 0.142793, -0.002831, 0.413896, 0.004704, -0.910312, -1.2e-05, 0.0, 0.0, 0.0, 1.0],
                [0.862429, 0.329142, 0.384552, 0.124994, 0.296674, -0.944236, 0.142835, -0.002831, 0.410121, -0.009098, -0.911986, -1.2e-05, 0.0, 0.0, 0.0, 1.0],
                [0.87422, 0.302721, 0.379603, 0.124994, 0.268607, -0.952836, 0.141258, -0.002831, 0.404461, -0.021526, -0.914302, -1.2e-05, 0.0, 0.0, 0.0, 1.0],
                [0.885566, 0.275834, 0.373749, 0.124994, 0.240945, -0.960665, 0.138089, -0.002831, 0.397137, -0.032234, -0.917193, -1.2e-05, 0.0, 0.0, 0.0, 1.0],
                [0.89624, 0.248933, 0.367133, 0.124994, 0.21414, -0.967657, 0.133359, -0.002831, 0.388456, -0.040904, -0.920559, -1.2e-05, 0.0, 0.0, 0.0, 1.0],
                [0.906063, 0.222465, 0.359942, 0.124994, 0.1886, -0.973793, 0.127107, -0.002831, 0.378786, -0.047282, -0.924276, -1.1e-05, 0.0, 0.0, 0.0, 1.0],
                [0.914914, 0.196901, 0.352367, 0.124994, 0.164679, -0.979079, 0.119521, -0.002831, 0.368529, -0.051324, -0.928198, -1.2e-05, 0.0, 0.0, 0.0, 1.0],
                [0.922727, 0.172611, 0.344646, 0.124994, 0.142657, -0.983566, 0.110665, -0.002831, 0.358084, -0.052947, -0.932187, -1.2e-05, 0.0, 0.0, 0.0, 1.0],
                [0.929485, 0.150032, 0.336969, 0.124994, 0.122756, -0.987287, 0.100972, -0.002831, 0.347834, -0.052487, -0.936086, -1.2e-05, 0.0, 0.0, 0.0, 1.0],
                [0.935215, 0.129368, 0.329602, 0.124994, 0.105113, -0.990338, 0.090456, -0.002831, 0.338119, -0.04995, -0.939777, -1.2e-05, 0.0, 0.0, 0.0, 1.0],
                [0.939969, 0.11098, 0.32271, 0.124994, 0.089824, -0.992757, 0.079773, -0.002831, 0.329226, -0.045997, -0.94313, -1.2e-05, 0.0, 0.0, 0.0, 1.0],
                [0.943817, 0.094978, 0.316526, 0.124994, 0.076927, -0.994641, 0.069074, -0.002831, 0.32139, -0.040843, -0.946066, -1.2e-05, 0.0, 0.0, 0.0, 1.0],
                [0.946832, 0.081645, 0.311196, 0.124994, 0.066437, -0.996034, 0.059181, -0.002831, 0.314794, -0.035359, -0.948501, -1.2e-05, 0.0, 0.0, 0.0, 1.0],
                [0.949087, 0.07105, 0.306898, 0.124994, 0.058333, -0.997023, 0.050424, -0.002831, 0.309566, -0.029955, -0.950406, -1.2e-05, 0.0, 0.0, 0.0, 1.0],
                [0.950644, 0.063421, 0.303731, 0.124994, 0.052593, -0.997659, 0.043708, -0.002831, 0.305793, -0.025577, -0.951754, -1.2e-05, 0.0, 0.0, 0.0, 1.0],
                [0.951554, 0.058813, 0.301804, 0.124994, 0.049178, -0.998011, 0.03943, -0.002831, 0.303523, -0.022678, -0.952554, -1.2e-05, 0.0, 0.0, 0.0, 1.0],
                [0.951852, 0.057247, 0.301163, 0.124994, 0.048047, -0.998127, 0.037875, -0.002831, 0.302768, -0.021582, -0.95282, -1.2e-05, 0.0, 0.0, 0.0, 1.0]
            ]
        },
        {
            "name": "Leg_R",
            "time": [0.0, 0.0167, 0.0333, 0.05, 0.0667, 0.0833, 0.1, 0.1167, 0.1333, 0.15, 0.1667, 0.1833, 0.2, 0.2167, 0.2333, 0.25, 0.2667, 0.2833, 0.3, 0.3167, 0.3333, 0.35, 0.3667, 0.3833, 0.4, 0.4167, 0.4333, 0.45, 0.4667, 0.4833, 0.5, 0.5167, 0.5333, 0.55, 0.5667, 0.5833, 0.6, 0.6167, 0.6333, 0.65, 0.6667, 0.6833, 0.7, 0.7167, 0.7333, 0.75, 0.7667, 0.7833, 0.8, 0.8167, 0.8333, 0.85, 0.8667, 0.8833, 0.9, 0.9167, 0.9333, 0.95, 0.9667, 0.9833, 1.0, 1.0167, 1.0333, 1.05, 1.0667, 1.0833, 1.1, 1.1167, 1.1333, 1.15, 1.1667, 1.1833, 1.2, 1.2167, 1.2333, 1.25, 1.2667, 1.2833, 1.3, 1.3167, 1.3333, 1.35, 1.3667, 1.3833, 1.4, 1.4167, 1.4333, 1.45, 1.4667, 1.4833, 1.5],
            "transform": [
                [0.999819, -0.016179, -0.009988, -0.0, 0.016282, 0.457255, 0.889187, 0.374721, -0.00982, -0.889189, 0.457436, 0.0, 0.0, 0.0, 0.0, 1.0],
                [0.999797, -0.016747, -0.0112, -0.0, 0.016853, 0.390607, 0.920403, 0.374721, -0.01104, -0.920405, 0.39081, 0.0, 0.0, 0.0, 0.0, 1.0],
                [0.999756, -0.017524, -0.01342, -0.0, 0.017635, 0.268558, 0.963102, 0.374721, -0.013274, -0.963104, 0.268801, -0.0, 0.0, 0.0, 0.0, 1.0],
                [0.999757, -0.017522, -0.013413, 0.0, 0.017633, 0.268916, 0.963002, 0.374721, -0.013267, -0.963004, 0.26916, 0.0, 0.0, 0.0, 0.0, 1.0],
                [0.999835, -0.016848, -0.009131, -0.0, 0.01474, 0.504367, 0.805009, 0.374721, -0.008957, -0.92591, 0.504531, 0.0, 0.0, 0.0, 0.0, 1.0],
                [0.999979, -0.007781, -0.001255, -0.0, 0.005196, 0.937341, 0.283784, 0.374721, -0.001032, -0.427618, 0.937362, -0.0, 0.0, 0.0, 0.0, 1.0],
                [1.0, -2e-05, -0.000115, -0.0, 1.2e-05, 1.0, 0.000649, 0.374721, 0.000115, -0.001096, 1.0, 0.0, 0.0, 0.0, 0.0, 1.0],
                [1.0, -1.9e-05, -0.000115, -0.0, 1.3e-05, 1.0, 0.00069, 0.374721, 0.000115, -0.00104, 1.0, 0.0, 0.0, 0.0, 0.0, 1.0],
                [1.0, -1.7e-05, -0.000115, 0.0, 1.4e-05, 1.0, 0.000791, 0.374721, 0.000115, -0.000909, 1.0, 0.0, 0.0, 0.0, 0.0, 1.0],
                [1.0, -1.5e-05, -0.000115, 0.0, 1.5e-05, 1.0, 0.000841, 0.37472, 0.000115, -0.000841, 1.0, 0.0, 0.0, 0.0, 0.0, 1.0],
                [0.999713, -0.018021, -0.015812, -0.0, 0.018135, 0.137033, 0.990401, 0.374721, -0.015681, -0.990403, 0.13732, 0.0, 0.0, 0.0, 0.0, 1.0],
                [0.999612, -0.017941, -0.021317, -0.0, 0.018055, -0.165609, 0.986027, 0.374721, -0.021221, -0.986028, -0.16522, -0.0, 0.0, 0.0, 0.0, 1.0],
                [0.999667, -0.018193, -0.018312, 0.0, 0.018308, -0.000404, 0.999833, 0.374721, -0.018197, -0.999835, -7.1e-05, 0.0, 0.0, 0.0, 0.0, 1.0],
                [0.999741, -0.017735, -0.01425, -0.0, 0.017847, 0.222919, 0.974674, 0.374721, -0.014109, -0.974676, 0.223178, -0.0, 0.0, 0.0, 0.0, 1.0],
                [0.999785, -0.017013, -0.01186, 0.0, 0.01712, 0.354291, 0.934979, 0.374721, -0.011704, -0.934981, 0.354506, -0.0, 0.0, 0.0, 0.0, 1.0],
                [0.999788, -0.016956, -0.011714, 0.0, 0.017064, 0.362357, 0.931883, 0.374721, -0.011557, -0.931885, 0.362569, 0.0, 0.0, 0.0, 0.0, 1.0],
                [0.999746, -0.017666, -0.013958, 0.0, 0.017777, 0.238968, 0.970865, 0.374721, -0.013815, -0.970867, 0.239221, -0.0, 0.0, 0.0, 0.0, 1.0],
                [0.999671, -0.018191, -0.018086, -0.0, 0.018307, 0.012024, 0.999761, 0.374721, -0.01797, -0.999762, 0.012353, 0.0, 0.0, 0.0, 0.0, 1.0],
                [0.999583, -0.017597, -0.022921, 0.0, 0.017709, -0.253778, 0.967101, 0.374721, -0.022835, -0.967102, -0.253361, 0.0, 0.0, 0.0, 0.0, 1.0],
                [0.999529, -0.016557, -0.025843, -0.0, 0.016662, -0.414413, 0.909937, 0.374721, -0.025775, -0.909939, -0.413942, 0.0, 0.0, 0.0, 0.0, 1.0],
                [0.999532, -0.016624, -0.025693, 0.0, 0.01673, -0.406176, 0.913642, 0.374721, -0.025625, -0.913644, -0.405707, -0.0, 0.0, 0.0, 0.0, 1.0],
                [0.999574, -0.017462, -0.023407, 0.0, 0.017573, -0.280475, 0.959701, 0.374721, -0.023324, -0.959703, -0.280048, -0.0, 0.0, 0.0, 0.0, 1.0],
                [0.999616, -0.017981, -0.021073, 0.0, 0.018095, -0.152186, 0.988186, 0.374721, -0.020975, -0.988188, -0.151802, -0.0, 0.0, 0.0, 0.0, 1.0],
                [0.999615, -0.017969, -0.021151, -0.0, 0.018082, -0.156458, 0.987519, 0.374721, -0.021054, -0.987521, -0.156073, 0.0, 0.0, 0.0, 0.0, 1.0],
                [0.999563, -0.01728, -0.023993, 0.0, 0.01739, -0.312728, 0.949684, 0.374721, -0.023914, -0.949686, -0.312291, -0.0, 0.0, 0.0, 0.0, 1.0],
                [0.999507, -0.015953, -0.027048, -0.0, 0.016054, -0.48065, 0.876766, 0.374721, -0.026988, -0.876767, -0.480157, 0.0, 0.0, 0.0, 0.0, 1.0],
                [0.999473, -0.01478, -0.028912, -0.0, 0.014873, -0.583113, 0.812255, 0.374721, -0.028863, -0.812257, -0.582586, -0.0, 0.0, 0.0, 0.0, 1.0],
                [0.999458, -0.014158, -0.029727, 0.0, 0.014248, -0.627976, 0.778102, 0.374721, -0.029685, -0.778104, -0.627434, -0.0, 0.0, 0.0, 0.0, 1.0],
                [0.999459, -0.014214, -0.029659, -0.0, 0.014303, -0.624186, 0.781145, 0.374721, -0.029615, -0.781147, -0.623644, 0.0, 0.0, 0.0, 0.0, 1.0],
                [0.999474, -0.014807, -0.028873, 0.0, 0.014901, -0.581005, 0.813764, 0.374721, -0.028825, -0.813765, -0.580479, 0.0, 0.0, 0.0, 0.0, 1.0],
                [0.999498, -0.015673, -0.027541, -0.0, 0.015772, -0.50778, 0.861343, 0.374721, -0.027484, -0.861345, -0.507278, -0.0, 0.0, 0.0, 0.0, 1.0],
                [0.999529, -0.016558, -0.025841, -0.0, 0.016663, -0.414282, 0.909997, 0.374721, -0.025773, -0.909998, -0.413811, 0.0, 0.0, 0.0, 0.0, 1.0],
                [0.999564, -0.017301, -0.023929, 0.0, 0.017411, -0.309213, 0.950833, 0.374721, -0.02385, -0.950835, -0.308777, 0.0, 0.0, 0.0, 0.0, 1.0],
                [0.9996, -0.017824, -0.02195, -0.0, 0.017937, -0.200389, 0.979553, 0.374721, -0.021858, -0.979555, -0.199989, 0.0, 0.0, 0.0, 0.0, 1.0],
                [0.999635, -0.01811, -0.020033, -0.0, 0.018225, -0.095011, 0.99531, 0.37472, -0.019929, -0.995312, -0.094647, -0.0, 0.0, 0.0, 0.0, 1.0],
                [0.999668, -0.018193, -0.018264, -0.0, 0.018308, 0.002224, 0.99983, 0.374721, -0.018149, -0.999832, 0.002556, 0.0, 0.0, 0.0, 0.0, 1.0],
                [0.999696, -0.018123, -0.016714, -0.0, 0.018238, 0.08745, 0.996002, 0.37472, -0.016589, -0.996004, 0.087754, 0.0, 0.0, 0.0, 0.0, 1.0],
                [0.99972, -0.017961, -0.015413, 0.0, 0.018075, 0.159011, 0.987112, 0.374721, -0.015279, -0.987114, 0.159291, 0.0, 0.0, 0.0, 0.0, 1.0],
                [0.999739, -0.01776, -0.014363, -0.0, 0.017873, 0.216696, 0.976076, 0.374721, -0.014223, -0.976078, 0.216957, -0.0, 0.0, 0.0, 0.0, 1.0],
                [0.999754, -0.017563, -0.01356, 0.0, 0.017674, 0.260873, 0.965212, 0.374721, -0.013414, -0.965214, 0.261119, 0.0, 0.0, 0.0, 0.0, 1.0],
                [0.999765, -0.017394, -0.012973, -0.0, 0.017504, 0.293127, 0.955913, 0.374721, -0.012824, -0.955915, 0.293362, -0.0, 0.0, 0.0, 0.0, 1.0],
                [0.999772, -0.017265, -0.012569, 0.0, 0.017374, 0.315308, 0.94883, 0.374721, -0.012418, -0.948833, 0.315537, -0.0, 0.0, 0.0, 0.0, 1.0],
                [0.999777, -0.017177, -0.012313, -0.0, 0.017286, 0.329418, 0.944026, 0.374721, -0.012159, -0.944028, 0.329641, 0.0, 0.0, 0.0, 0.0, 1.0],
                [0.999779, -0.017126, -0.012168, 0.0, 0.017234, 0.33741, 0.9412, 0.374721, -0.012013, -0.941202, 0.337631, -0.0, 0.0, 0.0, 0.0, 1.0],
                [0.999781, -0.017102, -0.012101, -0.0, 0.01721, 0.341079, 0.939878, 0.37472, -0.011946, -0.939879, 0.341298, -0.0, 0.0, 0.0, 0.0, 1.0],
                [0.999781, -0.017096, -0.012084, 0.0, 0.017204, 0.341991, 0.939546, 0.374721, -0.01193, -0.939548, 0.34221, 0.0, 0.0, 0.0, 0.0, 1.0],
                [0.999781, -0.017088, -0.012064, -0.0, 0.017196, 0.343119, 0.939135, 0.37472, -0.011909, -0.939137, 0.343338, 0.0, 0.0, 0.0, 0.0, 1.0],
                [0.999782, -0.017065, -0.012, -0.0, 0.017173, 0.346632, 0.937844, 0.374721, -0.011844, -0.937846, 0.34685, -0.0, 0.0, 0.0, 0.0, 1.0],
                [0.999784, -0.017023, -0.011889, 0.0, 0.017131, 0.352713, 0.935575, 0.37472, -0.011733, -0.935577, 0.352928, 0.0, 0.0, 0.0, 0.0, 1.0],
                [0.999787, -0.016962, -0.011729, -0.0, 0.01707, 0.3615, 0.932216, 0.374721, -0.011572, -0.932218, 0.361713, 1e-06, 0.0, 0.0, 0.0, 1.0],
                [0.999791, -0.016879, -0.011519, 0.0, 0.016986, 0.37306, 0.927652, 0.374721, -0.011361, -0.927653, 0.373269, 0.0, 0.0, 0.0, 0.0, 1.0],
                [0.999796, -0.016772, -0.011259, 0.0, 0.016879, 0.387351, 0.921778, 0.374721, -0.011099, -0.92178, 0.387555, 0.0, 0.0, 0.0, 0.0, 1.0],
                [0.999802, -0.016639, -0.01095, 0.0, 0.016745, 0.404329, 0.91446, 0.374721, -0.010788, -0.914462, 0.404528, 0.0, 0.0, 0.0, 0.0, 1.0],
                [0.999808, -0.016481, -0.010603, 0.0, 0.016586, 0.423418, 0.905783, 0.37472, -0.010439, -0.905784, 0.42361, -0.0, 0.0, 0.0, 0.0, 1.0],
                [0.999815, -0.016298, -0.010223, 0.0, 0.016402, 0.444295, 0.89573, 0.37472, -0.010057, -0.895732, 0.44448, 0.0, 0.0, 0.0, 0.0, 1.0],
                [0.999822, -0.016092, -0.00982, 0.0, 0.016194, 0.466442, 0.884404, 0.374721, -0.009651, -0.884405, 0.46662, -0.0, 0.0, 0.0, 0.0, 1.0],
                [0.99983, -0.015866, -0.009404, 0.0, 0.015966, 0.489325, 0.871955, 0.374721, -0.009233, -0.871957, 0.489496, 0.0, 0.0, 0.0, 0.0, 1.0],
                [0.999838, -0.015622, -0.008984, -0.0, 0.015721, 0.512451, 0.858573, 0.374721, -0.008809, -0.858574, 0.512613, 0.0, 0.0, 0.0, 0.0, 1.0],
                [0.999845, -0.015364, -0.008563, -0.0, 0.015461, 0.535559, 0.844356, 0.37472, -0.008386, -0.844358, 0.535714, -0.0, 0.0, 0.0, 0.0, 1.0],
                [0.999853, -0.015098, -0.008156, -0.0, 0.015193, 0.557944, 0.82974, 0.374721, -0.007976, -0.829741, 0.558091, -0.0, 0.0, 0.0, 0.0, 1.0],
                [0.99986, -0.014825, -0.007761, 0.0, 0.014919, 0.579641, 0.814735, 0.374721, -0.007579, -0.814737, 0.579781, 0.0, 0.0, 0.0, 0.0, 1.0],
                [0.999867, -0.014559, -0.007397, 0.0, 0.014651, 0.599649, 0.800129, 0.374721, -0.007213, -0.80013, 0.599783, -0.0, 0.0, 0.0, 0.0, 1.0],
                [0.999873, -0.014314, -0.007079, -0.0, 0.014405, 0.617176, 0.786694, 0.37472, -0.006892, -0.786695, 0.617303, 0.0, 0.0, 0.0, 0.0, 1.0],
                [0.999878, -0.014094, -0.006803, 0.0, 0.014184, 0.632303, 0.774591, 0.374721, -0.006615, -0.774593, 0.632426, 0.0, 0.0, 0.0, 0.0, 1.0],
                [0.999882, -0.013897, -0.006566, -0.0, 0.013985, 0.64534, 0.763768, 0.374721, -0.006377, -0.76377, 0.645458, -0.0, 0.0, 0.0, 0.0, 1.0],
                [0.999885, -0.013728, -0.006369, -0.0, 0.013815, 0.656172, 0.754485, 0.37472, -0.006178, -0.754487, 0.656286, -0.0, 0.0, 0.0, 0.0, 1.0],
                [0.999889, -0.013581, -0.006202, 0.0, 0.013667, 0.665362, 0.746395, 0.374721, -0.00601, -0.746397, 0.665474, -0.0, 0.0, 0.0, 0.0, 1.0],
                [0.999891, -0.013452, -0.006059, 0.0, 0.013537, 0.673239, 0.739301, 0.374721, -0.005866, -0.739303, 0.673348, 0.0, 0.0, 0.0, 0.0, 1.0],
                [0.999893, -0.013335, -0.005932, 0.0, 0.01342, 0.680213, 0.732892, 0.37472, -0.005739, -0.732894, 0.680319, -0.0, 0.0, 0.0, 0.0, 1.0],
                [0.999896, -0.013224, -0.005813, -0.0, 0.013308, 0.686744, 0.726777, 0.374721, -0.005619, -0.726779, 0.686849, -0.0, 0.0, 0.0, 0.0, 1.0],
                [0.999898, -0.01311, -0.005694, 0.0, 0.013193, 0.693311, 0.720517, 0.374721, -0.005499, -0.720519, 0.693414, -0.0, 0.0, 0.0, 0.0, 1.0],
                [0.9999, -0.012985, -0.005565, -0.0, 0.013068, 0.700373, 0.713658, 0.374721, -0.005369, -0.713659, 0.700473, 0.0, 0.0, 0.0, 0.0, 1.0],
