{
    "animation": [
        {
            "name": "Root",
            "time": [0.0, 0.0167, 0.0333, 0.05, 0.0667, 0.0833, 0.1, 0.1167, 0.1333, 0.15, 0.1667, 0.1833, 0.2, 0.2167, 0.2333, 0.25, 0.2667, 0.2833, 0.3, 0.3167, 0.3333, 0.35, 0.3667, 0.3833, 0.4, 0.4167, 0.4333, 0.45, 0.4667, 0.4833, 0.5, 0.5167, 0.5333, 0.55, 0.5667, 0.5833, 0.6, 0.6167, 0.6333, 0.65, 0.6667, 0.6833, 0.7, 0.7167, 0.7333, 0.75, 0.7667, 0.7833, 0.8, 0.8167, 0.8333, 0.85, 0.8667, 0.8833, 0.9, 0.9167, 0.9333, 0.95, 0.9667, 0.9833, 1.0, 1.0167, 1.0333, 1.05, 1.0667, 1.0833, 1.1, 1.1167, 1.1333, 1.15, 1.1667, 1.1833, 1.2, 1.2167, 1.2333, 1.25],
            "transform": [
                [0.841901, 0.0, 0.539632, -5e-06, 0.539632, 0.0, -0.841901, 0.048602, 0.0, 1.0, 0.0, 0.62491, 0.0, 0.0, 0.0, 1.0],
                [0.84928, 0.000675, 0.527943, -3.8e-05, 0.527943, 0.0, -0.84928, 0.04445, -0.000573, 1.0, -0.000356, 0.62491, 0.0, 0.0, 0.0, 1.0],
                [0.870828, 0.002714, 0.491581, -0.00014, 0.491583, 0.0, -0.870831, 0.032363, -0.002363, 0.999996, -0.001334, 0.624911, 0.0, 0.0, 0.0, 1.0],
                [0.903457, 0.00612, 0.428636, -0.000311, 0.428644, 0.0, -0.903474, 0.014989, -0.005529, 0.999981, -0.002623, 0.624911, 0.0, 0.0, 0.0, 1.0],
                [0.940973, 0.010856, 0.338308, -0.000547, 0.338328, 0.0, -0.941028, -0.002386, -0.010216, 0.999941, -0.003673, 0.624913, 0.0, 0.0, 0.0, 1.0],
                [0.974752, 0.01684, 0.222653, -0.000847, 0.222684, 0.0, -0.974891, -0.014472, -0.016417, 0.999858, -0.00375, 0.624918, 0.0, 0.0, 0.0, 1.0],
                [0.995835, 0.023929, 0.087974, -0.001201, 0.088, 0.0, -0.996121, -0.018625, -0.023836, 0.999714, -0.002106, 0.624925, 0.0, 0.0, 0.0, 1.0],
                [0.997954, 0.031921, -0.055397, -0.001601, -0.055425, 0.0, -0.998463, 0.01934, -0.031872, 0.99949, 0.001769, 0.624936, 0.0, 0.0, 0.0, 1.0],
                [0.979879, 0.040553, -0.195429, -0.002032, -0.19559, 0.0, -0.980686, 0.130607, -0.039769, 0.999177, 0.007932, 0.624952, 0.0, 0.0, 0.0, 1.0],
                [0.945562, 0.049516, -0.321652, -0.00248, -0.322047, 0.0, -0.946724, 0.292581, -0.046878, 0.998773, 0.015946, 0.624972, 0.0, 0.0, 0.0, 1.0],
                [0.902162, 0.058475, -0.427415, -0.002928, -0.428148, 0.0, -0.903709, 0.458473, -0.052845, 0.998289, 0.025036, 0.624996, 0.0, 0.0, 0.0, 1.0],
                [0.857423, 0.067096, -0.510219, -0.003359, -0.511371, 0.0, -0.85936, 0.580511, -0.057659, 0.997747, 0.034311, 0.625023, 0.0, 0.0, 0.0, 1.0],
                [0.817786, 0.07507, -0.570606, -0.003758, -0.572221, 0.0, -0.8201, 0.633994, -0.061565, 0.997178, 0.042957, 0.625052, 0.0, 0.0, 0.0, 1.0],
                [0.784133, 0.082139, -0.615133, -0.004112, -0.617219, 0.0, -0.786792, 0.649652, -0.064626, 0.996621, 0.050698, 0.625079, 0.0, 0.0, 0.0, 1.0],
                [0.756534, 0.088101, -0.647992, -0.00441, -0.650522, 0.0, -0.759488, 0.661602, -0.066912, 0.996112, 0.057312, 0.625105, 0.0, 0.0, 0.0, 1.0],
                [0.73786, 0.092819, -0.668541, -0.004646, -0.67144, 0.0, -0.741059, 0.669236, -0.068784, 0.995683, 0.062322, 0.625126, 0.0, 0.0, 0.0, 1.0],
                [0.728257, 0.096209, -0.678517, -0.004815, -0.681679, 0.0, -0.731651, 0.672952, -0.070392, 0.995361, 0.065584, 0.625142, 0.0, 0.0, 0.0, 1.0],
                [0.724943, 0.098239, -0.681768, -0.004917, -0.685082, 0.0, -0.728466, 0.674131, -0.071564, 0.995163, 0.067302, 0.625152, 0.0, 0.0, 0.0, 1.0],
                [0.724448, 0.09891, -0.682196, -0.00495, -0.685558, 0.0, -0.728018, 0.674271, -0.072008, 0.995096, 0.067809, 0.625156, 0.0, 0.0, 0.0, 1.0],
                [0.725223, 0.098686, -0.681405, -0.004939, -0.684747, 0.0, -0.728781, 0.674265, -0.07192, 0.995119, 0.067575, 0.625155, 0.0, 0.0, 0.0, 1.0],
                [0.727559, 0.098005, -0.679008, -0.004905, -0.682293, 0.0, -0.731079, 0.674239, -0.071649, 0.995186, 0.066868, 0.625151, 0.0, 0.0, 0.0, 1.0],
                [0.731453, 0.096857, -0.674978, -0.004847, -0.678167, 0.0, -0.734908, 0.674176, -0.071181, 0.995298, 0.065685, 0.625146, 0.0, 0.0, 0.0, 1.0],
                [0.736866, 0.095239, -0.669297, -0.004767, -0.672353, 0.0, -0.740231, 0.67406, -0.070499, 0.995454, 0.064034, 0.625138, 0.0, 0.0, 0.0, 1.0],
                [0.743726, 0.093152, -0.661963, -0.004662, -0.664854, 0.0, -0.746974, 0.67387, -0.069582, 0.995652, 0.061932, 0.625128, 0.0, 0.0, 0.0, 1.0],
                [0.75192, 0.090605, -0.652999, -0.004535, -0.655696, 0.0, -0.755025, 0.673583, -0.068409, 0.995887, 0.05941, 0.625116, 0.0, 0.0, 0.0, 1.0],
                [0.761292, 0.087619, -0.642462, -0.004386, -0.644943, 0.0, -0.764231, 0.673174, -0.066961, 0.996154, 0.056509, 0.625103, 0.0, 0.0, 0.0, 1.0],
                [0.771646, 0.084222, -0.630451, -0.004216, -0.632699, 0.0, -0.774398, 0.672616, -0.065222, 0.996447, 0.053287, 0.625088, 0.0, 0.0, 0.0, 1.0],
                [0.782751, 0.080457, -0.617112, -0.004027, -0.619119, 0.0, -0.785297, 0.671883, -0.063182, 0.996758, 0.049812, 0.625073, 0.0, 0.0, 0.0, 1.0],
                [0.794346, 0.076374, -0.602645, -0.003823, -0.60441, 0.0, -0.796673, 0.670948, -0.060845, 0.997079, 0.046161, 0.625057, 0.0, 0.0, 0.0, 1.0],
                [0.806157, 0.072038, -0.587301, -0.003607, -0.588831, 0.0, -0.808257, 0.669784, -0.058225, 0.997402, 0.042418, 0.62504, 0.0, 0.0, 0.0, 1.0],
                [0.817904, 0.067518, -0.571379, -0.003381, -0.572686, 0.0, -0.819775, 0.66837, -0.05535, 0.997718, 0.038667, 0.625025, 0.0, 0.0, 0.0, 1.0],
                [0.829326, 0.062892, -0.555215, -0.003149, -0.556316, 0.0, -0.830971, 0.666686, -0.052261, 0.99802, 0.034988, 0.625009, 0.0, 0.0, 0.0, 1.0],
                [0.840185, 0.058237, -0.539163, -0.002916, -0.54008, 0.0, -0.841614, 0.66472, -0.049013, 0.998303, 0.031453, 0.624995, 0.0, 0.0, 0.0, 1.0],
                [0.850285, 0.053631, -0.523583, -0.002686, -0.524337, 0.0, -0.851511, 0.662463, -0.045667, 0.998561, 0.028121, 0.624982, 0.0, 0.0, 0.0, 1.0],
                [0.859472, 0.049146, -0.508815, -0.002462, -0.509431, 0.0, -0.860511, 0.659913, -0.04229, 0.998792, 0.025036, 0.624971, 0.0, 0.0, 0.0, 1.0],
                [0.867636, 0.044846, -0.495174, -0.002247, -0.495672, 0.0, -0.86851, 0.657072, -0.038949, 0.998994, 0.022229, 0.624961, 0.0, 0.0, 0.0, 1.0],
                [0.87471, 0.040786, -0.482927, -0.002044, -0.483329, 0.0, -0.875439, 0.653948, -0.035706, 0.999168, 0.019713, 0.624952, 0.0, 0.0, 0.0, 1.0],
                [0.880663, 0.037012, -0.472295, -0.001855, -0.472619, 0.0, -0.881267, 0.650552, -0.032618, 0.999315, 0.017493, 0.624945, 0.0, 0.0, 0.0, 1.0],
                [0.88549, 0.033559, -0.463445, -0.001683, -0.463707, 0.0, -0.885989, 0.646897, -0.029733, 0.999437, 0.015562, 0.624939, 0.0, 0.0, 0.0, 1.0],
                [0.889204, 0.030452, -0.456497, -0.001527, -0.456709, 0.0, -0.889616, 0.642999, -0.02709, 0.999536, 0.013907, 0.624934, 0.0, 0.0, 0.0, 1.0],
                [0.89183, 0.027707, -0.45152, -0.00139, -0.451694, 0.0, -0.892173, 0.638874, -0.024719, 0.999616, 0.012515, 0.62493, 0.0, 0.0, 0.0, 1.0],
                [0.8934, 0.025333, -0.448547, -0.001271, -0.448691, 0.0, -0.893687, 0.63454, -0.02264, 0.999679, 0.011367, 0.624927, 0.0, 0.0, 0.0, 1.0],
                [0.893942, 0.023335, -0.447574, -0.001171, -0.447696, 0.0, -0.894186, 0.630012, -0.020866, 0.999728, 0.010447, 0.624924, 0.0, 0.0, 0.0, 1.0],
                [0.893821, 0.021551, -0.447907, -0.001082, -0.448011, 0.0, -0.894028, 0.62509, -0.019267, 0.999768, 0.009655, 0.625165, 0.0, 0.0, 0.0, 1.0],
                [0.893377, 0.019823, -0.44887, -0.000996, -0.448959, 0.0, -0.893553, 0.619559, -0.017713, 0.999803, 0.0089, 0.625897, 0.0, 0.0, 0.0, 1.0],
                [0.892607, 0.018154, -0.450471, -0.000912, -0.450545, 0.0, -0.892754, 0.613422, -0.016207, 0.999835, 0.008179, 0.627125, 0.0, 0.0, 0.0, 1.0],
                [0.891506, 0.016548, -0.452707, -0.000832, -0.452769, 0.0, -0.891628, 0.606685, -0.014755, 0.999863, 0.007492, 0.628849, 0.0, 0.0, 0.0, 1.0],
                [0.890071, 0.015008, -0.455576, -0.000755, -0.455627, 0.0, -0.890171, 0.599361, -0.01336, 0.999887, 0.006838, 0.631067, 0.0, 0.0, 0.0, 1.0],
                [0.8883, 0.013538, -0.459064, -0.000682, -0.459106, 0.0, -0.888381, 0.591469, -0.012027, 0.999908, 0.006215, 0.633773, 0.0, 0.0, 0.0, 1.0],
                [0.886195, 0.012141, -0.463154, -0.000612, -0.463188, 0.0, -0.88626, 0.583034, -0.01076, 0.999926, 0.005624, 0.636956, 0.0, 0.0, 0.0, 1.0],
                [0.883757, 0.01082, -0.46782, -0.000546, -0.467848, 0.0, -0.883809, 0.574089, -0.009563, 0.999941, 0.005062, 0.640598, 0.0, 0.0, 0.0, 1.0],
                [0.880995, 0.009579, -0.473028, -0.000484, -0.47305, 0.0, -0.881036, 0.564678, -0.008439, 0.999954, 0.004531, 0.644677, 0.0, 0.0, 0.0, 1.0],
                [0.877918, 0.008418, -0.478736, -0.000426, -0.478753, 0.0, -0.87795, 0.55485, -0.007391, 0.999965, 0.00403, 0.649163, 0.0, 0.0, 0.0, 1.0],
                [0.874543, 0.007341, -0.484892, -0.000372, -0.484905, 0.0, -0.874567, 0.544666, -0.00642, 0.999973, 0.00356, 0.654021, 0.0, 0.0, 0.0, 1.0],
                [0.87089, 0.006348, -0.491437, -0.000322, -0.491447, 0.0, -0.870908, 0.534195, -0.005528, 0.99998, 0.00312, 0.659207, 0.0, 0.0, 0.0, 1.0],
                [0.866985, 0.005439, -0.498304, -0.000277, -0.498311, 0.0, -0.866998, 0.523512, -0.004716, 0.999985, 0.002711, 0.664673, 0.0, 0.0, 0.0, 1.0],
                [0.862862, 0.004616, -0.505418, -0.000235, -0.505424, 0.0, -0.862871, 0.512702, -0.003983, 0.999989, 0.002333, 0.670363, 0.0, 0.0, 0.0, 1.0],
                [0.858558, 0.003876, -0.512702, -0.000198, -0.512705, 0.0, -0.858565, 0.501853, -0.003327, 0.999992, 0.001987, 0.676217, 0.0, 0.0, 0.0, 1.0],
                [0.854117, 0.003217, -0.520071, -0.000165, -0.520074, 0.0, -0.854121, 0.491059, -0.002748, 0.999995, 0.001673, 0.682171, 0.0, 0.0, 0.0, 1.0],
                [0.849586, 0.002637, -0.527444, -0.000136, -0.527445, 0.0, -0.849589, 0.480414, -0.00224, 0.999997, 0.001391, 0.688159, 0.0, 0.0, 0.0, 1.0],
                [0.845017, 0.002131, -0.534735, -0.000111, -0.534736, 0.0, -0.845019, 0.470012, -0.001801, 0.999998, 0.00114, 0.694113, 0.0, 0.0, 0.0, 1.0],
                [0.840464, 0.001697, -0.541865, -8.9e-05, -0.541866, 0.0, -0.840465, 0.459942, -0.001426, 0.999999, 0.000919, 0.699967, 0.0, 0.0, 0.0, 1.0],
                [0.83598, 0.001327, -0.548758, -7.1e-05, -0.548759, 0.0, -0.835981, 0.450291, -0.00111, 0.999999, 0.000728, 0.705657, 0.0, 0.0, 0.0, 1.0],
                [0.831619, 0.001019, -0.555345, -5.6e-05, -0.555345, 0.0, -0.83162, 0.441136, -0.000847, 0.999999, 0.000566, 0.711123, 0.0, 0.0, 0.0, 1.0],
                [0.827434, 0.000764, -0.561563, -4.3e-05, -0.561563, 0.0, -0.827434, 0.432548, -0.000632, 1.0, 0.000429, 0.716309, 0.0, 0.0, 0.0, 1.0],
                [0.823471, 0.000558, -0.567358, -3.3e-05, -0.567358, 0.0, -0.823471, 0.424586, -0.00046, 1.0, 0.000317, 0.721168, 0.0, 0.0, 0.0, 1.0],
                [0.819775, 0.000395, -0.572686, -2.4e-05, -0.572686, 0.0, -0.819775, 0.417302, -0.000324, 1.0, 0.000226, 0.725655, 0.0, 0.0, 0.0, 1.0],
                [0.816384, 0.000269, -0.577509, -1.8e-05, -0.577509, 0.0, -0.816384, 0.410736, -0.00022, 1.0, 0.000156, 0.729734, 0.0, 0.0, 0.0, 1.0],
                [0.813332, 0.000175, -0.581799, -1.3e-05, -0.581799, 0.0, -0.813332, 0.404919, -0.000142, 1.0, 0.000102, 0.733377, 0.0, 0.0, 0.0, 1.0],
                [0.810647, 0.000107, -0.585535, -1e-05, -0.585535, 0.0, -0.810647, 0.399872, -8.7e-05, 1.0, 6.2e-05, 0.736561, 0.0, 0.0, 0.0, 1.0],
                [0.80835, 6e-05, -0.588702, -8e-06, -0.588702, 0.0, -0.80835, 0.395608, -4.8e-05, 1.0, 3.5e-05, 0.739268, 0.0, 0.0, 0.0, 1.0],
                [0.806458, 3e-05, -0.591292, -6e-06, -0.591292, 0.0, -0.806458, 0.392134, -2.4e-05, 1.0, 1.8e-05, 0.741487, 0.0, 0.0, 0.0, 1.0],
                [0.804981, 1.2e-05, -0.593301, -5e-06, -0.593301, 0.0, -0.804981, 0.389448, -1e-05, 1.0, 7e-06, 0.743212, 0.0, 0.0, 0.0, 1.0],
                [0.803926, 3e-06, -0.594729, -5e-06, -0.594729, 0.0, -0.803926, 0.387545, -3e-06, 1.0, 2e-06, 0.744441, 0.0, 0.0, 0.0, 1.0],
                [0.803295, 0.0, -0.595582, -5e-06, -0.595582, 0.0, -0.803295, 0.386414, -0.0, 1.0, 0.0, 0.745175, 0.0, 0.0, 0.0, 1.0],
                [0.803085, 0.0, -0.595864, -5e-06, -0.595864, 0.0, -0.803085, 0.386041, 0.0, 1.0, 0.0, 0.745419, 0.0, 0.0, 0.0, 1.0]
            ]
        },
        {
            "name": "Thigh_R",
            "time": [0.0, 0.0167, 0.0333, 0.05, 0.0667, 0.0833, 0.1, 0.1167, 0.1333, 0.15, 0.1667, 0.1833, 0.2, 0.2167, 0.2333, 0.25, 0.2667, 0.2833, 0.3, 0.3167, 0.3333, 0.35, 0.3667, 0.3833, 0.4, 0.4167, 0.4333, 0.45, 0.4667, 0.4833, 0.5, 0.5167, 0.5333, 0.55, 0.5667, 0.5833, 0.6, 0.6167, 0.6333, 0.65, 0.6667, 0.6833, 0.7, 0.7167, 0.7333, 0.75, 0.7667, 0.7833, 0.8, 0.8167, 0.8333, 0.85, 0.8667, 0.8833, 0.9, 0.9167, 0.9333, 0.95, 0.9667, 0.9833, 1.0, 1.0167, 1.0333, 1.05, 1.0667, 1.0833, 1.1, 1.1167, 1.1333, 1.15, 1.1667, 1.1833, 1.2, 1.2167, 1.2333, 1.25],
            "transform": [
                [0.988134, -0.077236, -0.132761, 0.124994, 0.039774, -0.706209, 0.706885, -0.002831, -0.148354, -0.703777, -0.694758, -1.2e-05, 0.0, 0.0, 0.0, 1.0],
                [0.986209, -0.082382, -0.143544, 0.124994, 0.044672, -0.702617, 0.710164, -0.002831, -0.159361, -0.706783, -0.689247, -1.2e-05, 0.0, 0.0, 0.0, 1.0],
                [0.979378, -0.099242, -0.175981, 0.124994, 0.059039, -0.692439, 0.719057, -0.002831, -0.193217, -0.714618, -0.6723, -1.2e-05, 0.0, 0.0, 0.0, 1.0],
                [0.964658, -0.131468, -0.228363, 0.124994, 0.080493, -0.678199, 0.730457, -0.002831, -0.250908, -0.723022, -0.643648, -1.2e-05, 0.0, 0.0, 0.0, 1.0],
                [0.937501, -0.182448, -0.29632, 0.124994, 0.104636, -0.664326, 0.740083, -0.002831, -0.331879, -0.724834, -0.603715, -1.2e-05, 0.0, 0.0, 0.0, 1.0],
                [0.892994, -0.251267, -0.373398, 0.124994, 0.127667, -0.654151, 0.745511, -0.002831, -0.431581, -0.713407, -0.552075, -1.2e-05, 0.0, 0.0, 0.0, 1.0],
                [0.828134, -0.331441, -0.452041, 0.124994, 0.148102, -0.648413, 0.746744, -0.002831, -0.540611, -0.685352, -0.487885, -1.2e-05, 0.0, 0.0, 0.0, 1.0],
                [0.765073, -0.416576, -0.491048, 0.124994, 0.124636, -0.652347, 0.747602, -0.002831, -0.631767, -0.633172, -0.447173, -1.2e-05, 0.0, 0.0, 0.0, 1.0],
                [0.744355, -0.464865, -0.479412, 0.124994, 0.024681, -0.698272, 0.715406, -0.002831, -0.667327, -0.544349, -0.50829, -1.2e-05, 0.0, 0.0, 0.0, 1.0],
                [0.81273, -0.374211, -0.446583, 0.124994, -0.077915, -0.829402, 0.553193, -0.002831, -0.577407, -0.4148, -0.703236, -1.2e-05, 0.0, 0.0, 0.0, 1.0],
                [0.977907, -0.029008, -0.207015, 0.124994, 0.024851, -0.967169, 0.252916, -0.002831, -0.207555, -0.252473, -0.945081, -1.2e-05, 0.0, 0.0, 0.0, 1.0],
                [0.910945, 0.337727, 0.236897, 0.124994, 0.321204, -0.941013, 0.106402, -0.002831, 0.258858, -0.020834, -0.96569, -1.2e-05, 0.0, 0.0, 0.0, 1.0],
                [0.82319, 0.43674, 0.362789, 0.124994, 0.434502, -0.895897, 0.092605, -0.002831, 0.365466, 0.081401, -0.927259, -1.2e-05, 0.0, 0.0, 0.0, 1.0],
                [0.822614, 0.459875, 0.334395, 0.124994, 0.456593, -0.884746, 0.093521, -0.002831, 0.338862, 0.075751, -0.937781, -1.2e-05, 0.0, 0.0, 0.0, 1.0],
                [0.820926, 0.477655, 0.312931, 0.124994, 0.473355, -0.87574, 0.09495, -0.002831, 0.319399, 0.07018, -0.945018, -1.2e-05, 0.0, 0.0, 0.0, 1.0],
                [0.819095, 0.489569, 0.299007, 0.124994, 0.484291, -0.869512, 0.097008, -0.002831, 0.307483, 0.065348, -0.949307, -1.2e-05, 0.0, 0.0, 0.0, 1.0],
                [0.817686, 0.496237, 0.291785, 0.124994, 0.490074, -0.865992, 0.099423, -0.002831, 0.302021, 0.061699, -0.951303, -1.2e-05, 0.0, 0.0, 0.0, 1.0],
                [0.81686, 0.499171, 0.28908, 0.124994, 0.492362, -0.86446, 0.101432, -0.002831, 0.30053, 0.059477, -0.951916, -1.2e-05, 0.0, 0.0, 0.0, 1.0],
                [0.816594, 0.499896, 0.288578, 0.124994, 0.492844, -0.86409, 0.10223, -0.002831, 0.300463, 0.058743, -0.951983, -1.2e-05, 0.0, 0.0, 0.0, 1.0],
                [0.816304, 0.499597, 0.289915, 0.124994, 0.492792, -0.864186, 0.101675, -0.002831, 0.301337, 0.05987, -0.951636, -1.2e-05, 0.0, 0.0, 0.0, 1.0],
                [0.815433, 0.498672, 0.29393, 0.124994, 0.49262, -0.86448, 0.100001, -0.002831, 0.303964, 0.063252, -0.950581, -1.2e-05, 0.0, 0.0, 0.0, 1.0],
                [0.813979, 0.497068, 0.300601, 0.124994, 0.49231, -0.864975, 0.097209, -0.002831, 0.308332, 0.068863, -0.948784, -1.2e-05, 0.0, 0.0, 0.0, 1.0],
                [0.81194, 0.494711, 0.309862, 0.124994, 0.491839, -0.865672, 0.093309, -0.002831, 0.314399, 0.076641, -0.946192, -1.2e-05, 0.0, 0.0, 0.0, 1.0],
                [0.809316, 0.491483, 0.321638, 0.124994, 0.491185, -0.866573, 0.088242, -0.002831, 0.322093, 0.086568, -0.942742, -1.2e-05, 0.0, 0.0, 0.0, 1.0],
                [0.806113, 0.48737, 0.335638, 0.124994, 0.490328, -0.867648, 0.082249, -0.002831, 0.331301, 0.098271, -0.938393, -1.2e-05, 0.0, 0.0, 0.0, 1.0],
                [0.802354, 0.482255, 0.351652, 0.124994, 0.489241, -0.868891, 0.075308, -0.002831, 0.341865, 0.111619, -0.933097, -1.2e-05, 0.0, 0.0, 0.0, 1.0],
                [0.79808, 0.476082, 0.369342, 0.124994, 0.4879, -0.870283, 0.067534, -0.002831, 0.353584, 0.126304, -0.926836, -1.2e-05, 0.0, 0.0, 0.0, 1.0],
                [0.793364, 0.468826, 0.388298, 0.124994, 0.486273, -0.871808, 0.059063, -0.002831, 0.366212, 0.14196, -0.919639, -1.2e-05, 0.0, 0.0, 0.0, 1.0],
                [0.788309, 0.460514, 0.408039, 0.124994, 0.484334, -0.873449, 0.050072, -0.002831, 0.37946, 0.158155, -0.911591, -1.2e-05, 0.0, 0.0, 0.0, 1.0],
                [0.783052, 0.451247, 0.428026, 0.124994, 0.482049, -0.875194, 0.040791, -0.002831, 0.393012, 0.174388, -0.902846, -1.2e-05, 0.0, 0.0, 0.0, 1.0],
                [0.777765, 0.441187, 0.4477, 0.124994, 0.479389, -0.877038, 0.031464, -0.002831, 0.406532, 0.190151, -0.89363, -1.2e-05, 0.0, 0.0, 0.0, 1.0],
                [0.772649, 0.430561, 0.466509, 0.124994, 0.476321, -0.878988, 0.022355, -0.002831, 0.419681, 0.204936, -0.884234, -1.2e-05, 0.0, 0.0, 0.0, 1.0],
                [0.767923, 0.419646, 0.483933, 0.124994, 0.472815, -0.881054, 0.013731, -0.002831, 0.432133, 0.218267, -0.874998, -1.2e-05, 0.0, 0.0, 0.0, 1.0],
                [0.763813, 0.408751, 0.499512, 0.124994, 0.468847, -0.88326, 0.00585, -0.002831, 0.443591, 0.229726, -0.866287, -1.2e-05, 0.0, 0.0, 0.0, 1.0],
                [0.760534, 0.39819, 0.512867, 0.124994, 0.464393, -0.885629, -0.001049, -0.002831, 0.453792, 0.23897, -0.858467, -1.2e-05, 0.0, 0.0, 0.0, 1.0],
                [0.758283, 0.388254, 0.523704, 0.124994, 0.459439, -0.888183, -0.006768, -0.002831, 0.462517, 0.245742, -0.851873, -1.2e-05, 0.0, 0.0, 0.0, 1.0],
                [0.757223, 0.379185, 0.531818, 0.124994, 0.453977, -0.890944, -0.011149, -0.002831, 0.469593, 0.249875, -0.846785, -1.2e-05, 0.0, 0.0, 0.0, 1.0],
                [0.757479, 0.371165, 0.537085, 0.124994, 0.448005, -0.89392, -0.01408, -0.002831, 0.474886, 0.251282, -0.84341, -1.2e-05, 0.0, 0.0, 0.0, 1.0],
                [0.759132, 0.364301, 0.539447, 0.124994, 0.44153, -0.897112, -0.015499, -0.002831, 0.478298, 0.249947, -0.841877, -1.2e-05, 0.0, 0.0, 0.0, 1.0],
                [0.762218, 0.358627, 0.538896, 0.124994, 0.434566, -0.900508, -0.01538, -0.002831, 0.479765, 0.245909, -0.842232, -1.2e-05, 0.0, 0.0, 0.0, 1.0],
                [0.766734, 0.354103, 0.535471, 0.124994, 0.427136, -0.904083, -0.013747, -0.002831, 0.479243, 0.239259, -0.844441, -1.2e-05, 0.0, 0.0, 0.0, 1.0],
                [0.772636, 0.350631, 0.529235, 0.124994, 0.419265, -0.907801, -0.010649, -0.002831, 0.476707, 0.230118, -0.848408, -1.2e-05, 0.0, 0.0, 0.0, 1.0],
                [0.779849, 0.348164, 0.520209, 0.124994, 0.41099, -0.91162, -0.005993, -0.002831, 0.472146, 0.218475, -0.854018, -1.2e-05, 0.0, 0.0, 0.0, 1.0],
                [0.787996, 0.345646, 0.5095, 0.124994, 0.401983, -0.915647, -0.000534, -0.002831, 0.466338, 0.205231, -0.860471, -1.2e-05, 0.0, 0.0, 0.0, 1.0],
                [0.796674, 0.342298, 0.498138, 0.124994, 0.391929, -0.919979, 0.005355, -0.002831, 0.46011, 0.190968, -0.867081, -1.2e-05, 0.0, 0.0, 0.0, 1.0],
                [0.805744, 0.338116, 0.486265, 0.124994, 0.38089, -0.924546, 0.011729, -0.002831, 0.45354, 0.175763, -0.873733, -1.2e-05, 0.0, 0.0, 0.0, 1.0],
                [0.815067, 0.333098, 0.474038, 0.124994, 0.36894, -0.929267, 0.018619, -0.002831, 0.44671, 0.159716, -0.880307, -1.2e-05, 0.0, 0.0, 0.0, 1.0],
                [0.824508, 0.327238, 0.461628, 0.124994, 0.35616, -0.934063, 0.026003, -0.002831, 0.439699, 0.142974, -0.886692, -1.2e-05, 0.0, 0.0, 0.0, 1.0],
                [0.83395, 0.320553, 0.449191, 0.124994, 0.342639, -0.938856, 0.033859, -0.002831, 0.43258, 0.125673, -0.892794, -1.2e-05, 0.0, 0.0, 0.0, 1.0],
                [0.843284, 0.313114, 0.436842, 0.124994, 0.328471, -0.943569, 0.042236, -0.002831, 0.425416, 0.107873, -0.898546, -1.2e-05, 0.0, 0.0, 0.0, 1.0],
                [0.852421, 0.304843, 0.424793, 0.124994, 0.313749, -0.948145, 0.050822, -0.002831, 0.418258, 0.089957, -0.903863, -1.2e-05, 0.0, 0.0, 0.0, 1.0],
                [0.861286, 0.295804, 0.413141, 0.124994, 0.298571, -0.952527, 0.05956, -0.002831, 0.411146, 0.072053, -0.908717, -1.2e-05, 0.0, 0.0, 0.0, 1.0],
                [0.869819, 0.28603, 0.401995, 0.124994, 0.283037, -0.956676, 0.068278, -0.002831, 0.404109, 0.05439, -0.913092, -1.2e-05, 0.0, 0.0, 0.0, 1.0],
                [0.877974, 0.27556, 0.391444, 0.124994, 0.26725, -0.960563, 0.076778, -0.002831, 0.397164, 0.037204, -0.916993, -1.2e-05, 0.0, 0.0, 0.0, 1.0],
                [0.885713, 0.264442, 0.381553, 0.124994, 0.251317, -0.964178, 0.084851, -0.002831, 0.390323, 0.020737, -0.920444, -1.2e-05, 0.0, 0.0, 0.0, 1.0],
                [0.89301, 0.252739, 0.372366, 0.124994, 0.235348, -0.96752, 0.092282, -0.002831, 0.383595, 0.005227, -0.923487, -1.2e-05, 0.0, 0.0, 0.0, 1.0],
                [0.899845, 0.24049, 0.363928, 0.124994, 0.219454, -0.970609, 0.098776, -0.002831, 0.376986, -0.009018, -0.926175, -1.2e-05, 0.0, 0.0, 0.0, 1.0],
                [0.906206, 0.227861, 0.356188, 0.124994, 0.203755, -0.973445, 0.104345, -0.002831, 0.370506, -0.021983, -0.92857, -1.2e-05, 0.0, 0.0, 0.0, 1.0],
                [0.912086, 0.214891, 0.34917, 0.124994, 0.188363, -0.976068, 0.108673, -0.002831, 0.364167, -0.033349, -0.930736, -1.2e-05, 0.0, 0.0, 0.0, 1.0],
                [0.917487, 0.201695, 0.342837, 0.124994, 0.173391, -0.978505, 0.111642, -0.002831, 0.357986, -0.042985, -0.932737, -1.2e-05, 0.0, 0.0, 0.0, 1.0],
                [0.92241, 0.188392, 0.337146, 0.124994, 0.15895, -0.980779, 0.113166, -0.002831, 0.351985, -0.050797, -0.934626, -1.2e-05, 0.0, 0.0, 0.0, 1.0],
                [0.926869, 0.175102, 0.332044, 0.124994, 0.145139, -0.982915, 0.113194, -0.002831, 0.346192, -0.056723, -0.936448, -1.2e-05, 0.0, 0.0, 0.0, 1.0],
                [0.930875, 0.161934, 0.327487, 0.124994, 0.13205, -0.984932, 0.111675, -0.002831, 0.340636, -0.060711, -0.938233, -1.2e-05, 0.0, 0.0, 0.0, 1.0],
                [0.934449, 0.149042, 0.323404, 0.124994, 0.119763, -0.986829, 0.108739, -0.002831, 0.335352, -0.062879, -0.939992, -1.2e-05, 0.0, 0.0, 0.0, 1.0],
                [0.937612, 0.136532, 0.319755, 0.124994, 0.108346, -0.988613, 0.104428, -0.002831, 0.330372, -0.063269, -0.941728, -1.2e-05, 0.0, 0.0, 0.0, 1.0],
                [0.940386, 0.124512, 0.316499, 0.124994, 0.097851, -0.99028, 0.098844, -0.002831, 0.32573, -0.061982, -0.943429, -1.2e-05, 0.0, 0.0, 0.0, 1.0],
                [0.942796, 0.113128, 0.313588, 0.124994, 0.088322, -0.99181, 0.092263, -0.002831, 0.321458, -0.059288, -0.945066, -1.2e-05, 0.0, 0.0, 0.0, 1.0],
                [0.944868, 0.102451, 0.311011, 0.124994, 0.079785, -0.9932, 0.084783, -0.002831, 0.317582, -0.055294, -0.946617, -1.2e-05, 0.0, 0.0, 0.0, 1.0],
                [0.946626, 0.092665, 0.308725, 0.124994, 0.072264, -0.994417, 0.076898, -0.002831, 0.314127, -0.050484, -0.948038, -1.2e-05, 0.0, 0.0, 0.0, 1.0],
                [0.948094, 0.083793, 0.306749, 0.124994, 0.065763, -0.995469, 0.068669, -0.002831, 0.311113, -0.044932, -0.94931, -1.2e-05, 0.0, 0.0, 0.0, 1.0],
                [0.949294, 0.076051, 0.305052, 0.124994, 0.060291, -0.996329, 0.060768, -0.002831, 0.308554, -0.039295, -0.950395, -1.2e-05, 0.0, 0.0, 0.0, 1.0],
                [0.950244, 0.069452, 0.303664, 0.124994, 0.055839, -0.997016, 0.053297, -0.002831, 0.30646, -0.033689, -0.951287, -1.2e-05, 0.0, 0.0, 0.0, 1.0],
                [0.950962, 0.064209, 0.302569, 0.124994, 0.052403, -0.99752, 0.046983, -0.002831, 0.304836, -0.028823, -0.951969, -1.2e-05, 0.0, 0.0, 0.0, 1.0],
                [0.951462, 0.060386, 0.301783, 0.124994, 0.049971, -0.997862, 0.04212, -0.002831, 0.303682, -0.024995, -0.952446, -1.2e-05, 0.0, 0.0, 0.0, 1.0],
                [0.951756, 0.058025, 0.301319, 0.124994, 0.048523, -0.998063, 0.038929, -0.002831, 0.302994, -0.02243, -0.952728, -1.2e-05, 0.0, 0.0, 0.0, 1.0],
                [0.951852, 0.057247, 0.301163, 0.124994, 0.048046, -0.998127, 0.037875, -0.002831, 0.302767, -0.021582, -0.95282, -1.2e-05, 0.0, 0.0, 0.0, 1.0]
            ]
        },
        {
            "name": "Leg_R",
            "time": [0.0, 0.0167, 0.0333, 0.05, 0.0667, 0.0833, 0.1, 0.1167, 0.1333, 0.15, 0.1667, 0.1833, 0.2, 0.2167, 0.2333, 0.25, 0.2667, 0.2833, 0.3, 0.3167, 0.3333, 0.35, 0.3667, 0.3833, 0.4, 0.4167, 0.4333, 0.45, 0.4667, 0.4833, 0.5, 0.5167, 0.5333, 0.55, 0.5667, 0.5833, 0.6, 0.6167, 0.6333, 0.65, 0.6667, 0.6833, 0.7, 0.7167, 0.7333, 0.75, 0.7667, 0.7833, 0.8, 0.8167, 0.8333, 0.85, 0.8667, 0.8833, 0.9, 0.9167, 0.9333, 0.95, 0.9667, 0.9833, 1.0, 1.0167, 1.0333, 1.05, 1.0667, 1.0833, 1.1, 1.1167, 1.1333, 1.15, 1.1667, 1.1833, 1.2, 1.2167, 1.2333, 1.25],
            "transform": [
                [0.999794, -0.016828, -0.011393, 0.0, 0.016935, 0.379992, 0.924835, 0.374721, -0.011234, -0.924837, 0.380199, 0.0, 0.0, 0.0, 0.0, 1.0],
                [0.999795, -0.016796, -0.011314, 0.0, 0.016902, 0.384312, 0.923048, 0.374721, -0.011155, -0.923051, 0.384517, -0.0, 0.0, 0.0, 0.0, 1.0],
                [0.9998, -0.016686, -0.011056, 0.0, 0.016791, 0.398532, 0.917001, 0.374721, -0.010895, -0.917003, 0.398732, 0.0, 0.0, 0.0, 0.0, 1.0],
                [0.999808, -0.016481, -0.010602, 0.0, 0.016585, 0.423484, 0.905752, 0.374721, -0.010438, -0.905753, 0.423676, 0.0, 0.0, 0.0, 0.0, 1.0],
                [0.999819, -0.016183, -0.009995, -0.0, 0.016285, 0.456879, 0.88938, 0.374721, -0.009827, -0.889382, 0.45706, -0.0, 0.0, 0.0, 0.0, 1.0],
                [0.999831, -0.015838, -0.009355, 0.0, 0.015938, 0.492017, 0.87044, 0.374721, -0.009183, -0.870442, 0.492187, 0.0, 0.0, 0.0, 0.0, 1.0],
                [0.999841, -0.015522, -0.008818, 0.0, 0.01562, 0.521586, 0.853056, 0.374721, -0.008642, -0.853058, 0.521745, -0.0, 0.0, 0.0, 0.0, 1.0],
                [0.999829, -0.015895, -0.009457, 0.0, 0.015996, 0.486386, 0.873598, 0.374721, -0.009286, -0.873599, 0.486557, 0.0, 0.0, 0.0, 0.0, 1.0],
                [0.999792, -0.01687, -0.011498, -0.0, 0.016977, 0.374166, 0.927207, 0.374721, -0.01134, -0.927208, 0.374374, -0.0, 0.0, 0.0, 0.0, 1.0],
                [0.999776, -0.017195, -0.012363, -0.0, 0.017304, 0.326681, 0.944976, 0.374721, -0.01221, -0.944979, 0.326905, -0.0, 0.0, 0.0, 0.0, 1.0],
                [0.999813, -0.016338, -0.010304, 0.0, 0.016442, 0.439843, 0.897925, 0.374721, -0.010138, -0.897926, 0.440029, -0.0, 0.0, 0.0, 0.0, 1.0],
                [0.999876, -0.014178, -0.006907, 0.0, 0.014268, 0.62664, 0.779178, 0.374721, -0.00672, -0.77918, 0.626764, 0.0, 0.0, 0.0, 0.0, 1.0],
                [0.999909, -0.012489, -0.005078, -0.0, 0.012568, 0.727138, 0.686376, 0.374721, -0.004879, -0.686377, 0.727229, -0.0, 0.0, 0.0, 0.0, 1.0],
                [0.999916, -0.012062, -0.004688, 0.0, 0.012139, 0.74857, 0.662945, 0.374721, -0.004487, -0.662946, 0.748653, -0.0, 0.0, 0.0, 0.0, 1.0],
                [0.999922, -0.011699, -0.004375, -0.0, 0.011773, 0.765853, 0.642908, 0.374721, -0.004171, -0.642909, 0.765931, 0.0, 0.0, 0.0, 0.0, 1.0],
                [0.999926, -0.011452, -0.004171, -0.0, 0.011524, 0.777031, 0.629357, 0.374721, -0.003966, -0.629358, 0.777105, -0.0, 0.0, 0.0, 0.0, 1.0],
                [0.999928, -0.011337, -0.004078, -0.0, 0.011409, 0.782145, 0.622993, 0.374721, -0.003873, -0.622994, 0.782217, -0.0, 0.0, 0.0, 0.0, 1.0],
                [0.999928, -0.011308, -0.004056, 0.0, 0.01138, 0.78337, 0.621451, 0.374721, -0.00385, -0.621453, 0.783442, 0.0, 0.0, 0.0, 0.0, 1.0],
                [0.999928, -0.011309, -0.004057, -0.0, 0.011381, 0.783326, 0.621507, 0.374721, -0.003851, -0.621508, 0.783399, 0.0, 0.0, 0.0, 0.0, 1.0],
                [0.999928, -0.011303, -0.004051, -0.0, 0.011374, 0.783655, 0.621093, 0.374721, -0.003845, -0.621094, 0.783727, -0.0, 0.0, 0.0, 0.0, 1.0],
                [0.999928, -0.011278, -0.004033, -0.0, 0.01135, 0.78463, 0.61986, 0.374721, -0.003827, -0.619861, 0.784702, 0.0, 0.0, 0.0, 0.0, 1.0],
                [0.999929, -0.011243, -0.004004, 0.0, 0.011314, 0.786231, 0.61783, 0.374721, -0.003798, -0.617831, 0.786302, -0.0, 0.0, 0.0, 0.0, 1.0],
                [0.99993, -0.011191, -0.003964, 0.0, 0.011262, 0.788427, 0.615025, 0.374721, -0.003758, -0.615027, 0.788498, 0.0, 0.0, 0.0, 0.0, 1.0],
                [0.999931, -0.011124, -0.003912, 0.0, 0.011195, 0.7913, 0.611326, 0.374721, -0.003705, -0.611327, 0.791369, -0.0, 0.0, 0.0, 0.0, 1.0],
                [0.999932, -0.011046, -0.003853, 0.0, 0.011116, 0.794534, 0.607118, 0.374721, -0.003646, -0.60712, 0.794602, 0.0, 0.0, 0.0, 0.0, 1.0],
                [0.999933, -0.010959, -0.003786, -0.0, 0.011028, 0.798189, 0.602306, 0.374721, -0.003579, -0.602308, 0.798256, 0.0, 0.0, 0.0, 0.0, 1.0],
                [0.999934, -0.010864, -0.003714, 0.0, 0.010933, 0.802164, 0.597003, 0.374721, -0.003506, -0.597004, 0.80223, -0.0, 0.0, 0.0, 0.0, 1.0],
                [0.999936, -0.01076, -0.003638, -0.0, 0.010828, 0.806349, 0.591341, 0.374721, -0.00343, -0.591342, 0.806414, 0.0, 0.0, 0.0, 0.0, 1.0],
                [0.999937, -0.010654, -0.003561, -0.0, 0.010722, 0.8106, 0.585503, 0.374721, -0.003352, -0.585503, 0.810663, -0.0, 0.0, 0.0, 0.0, 1.0],
                [0.999938, -0.010549, -0.003485, -0.0, 0.010616, 0.814723, 0.579754, 0.374721, -0.003276, -0.579754, 0.814785, 0.0, 0.0, 0.0, 0.0, 1.0],
                [0.99994, -0.010451, -0.003416, -0.0, 0.010517, 0.818527, 0.574372, 0.374721, -0.003207, -0.574372, 0.818587, 0.0, 0.0, 0.0, 0.0, 1.0],
                [0.999941, -0.010365, -0.003356, 0.0, 0.010431, 0.821809, 0.569668, 0.374721, -0.003146, -0.569669, 0.821868, -0.0, 0.0, 0.0, 0.0, 1.0],
                [0.999942, -0.010299, -0.00331, -0.0, 0.010364, 0.824366, 0.565963, 0.374721, -0.0031, -0.565964, 0.824424, -0.0, 0.0, 0.0, 0.0, 1.0],
                [0.999942, -0.010255, -0.00328, -0.0, 0.010319, 0.826008, 0.563564, 0.374721, -0.003069, -0.563565, 0.826066, 0.0, 0.0, 0.0, 0.0, 1.0],
                [0.999942, -0.010239, -0.00327, -0.0, 0.010304, 0.826567, 0.562745, 0.374721, -0.003059, -0.562746, 0.826625, -0.0, 0.0, 0.0, 0.0, 1.0],
                [0.999942, -0.010258, -0.003282, 0.0, 0.010323, 0.825903, 0.563718, 0.374721, -0.003072, -0.563719, 0.825961, 0.0, 0.0, 0.0, 0.0, 1.0],
                [0.999941, -0.01031, -0.003318, -0.0, 0.010376, 0.823915, 0.566619, 0.374721, -0.003108, -0.56662, 0.823974, 0.0, 0.0, 0.0, 0.0, 1.0],
                [0.999941, -0.010399, -0.00338, 0.0, 0.010464, 0.820537, 0.571497, 0.374721, -0.00317, -0.571499, 0.820597, 0.0, 0.0, 0.0, 0.0, 1.0],
                [0.999939, -0.010523, -0.003467, 0.0, 0.01059, 0.815742, 0.57832, 0.374721, -0.003258, -0.578321, 0.815803, -0.0, 0.0, 0.0, 0.0, 1.0],
                [0.999937, -0.01068, -0.00358, 0.0, 0.010748, 0.809533, 0.586976, 0.374721, -0.003371, -0.586977, 0.809596, -0.0, 0.0, 0.0, 0.0, 1.0],
                [0.999934, -0.010868, -0.003717, -0.0, 0.010936, 0.801963, 0.597274, 0.374721, -0.00351, -0.597275, 0.802028, -0.0, 0.0, 0.0, 0.0, 1.0],
                [0.999931, -0.011081, -0.003879, 0.0, 0.011151, 0.793104, 0.608984, 0.374721, -0.003672, -0.608985, 0.793173, 0.0, 0.0, 0.0, 0.0, 1.0],
                [0.999928, -0.01132, -0.004065, 0.0, 0.011391, 0.782843, 0.622116, 0.374721, -0.00386, -0.622117, 0.782915, 0.0, 0.0, 0.0, 0.0, 1.0],
                [0.999924, -0.011557, -0.004257, 0.0, 0.01163, 0.772306, 0.635145, 0.374721, -0.004053, -0.635145, 0.772381, 0.0, 0.0, 0.0, 0.0, 1.0],
                [0.999921, -0.011776, -0.00444, 0.0, 0.01185, 0.762256, 0.647167, 0.374721, -0.004237, -0.647169, 0.762335, 0.0, 0.0, 0.0, 0.0, 1.0],
                [0.999918, -0.011975, -0.004611, 0.0, 0.012051, 0.752811, 0.658126, 0.374721, -0.004409, -0.658127, 0.752893, 0.0, 0.0, 0.0, 0.0, 1.0],
                [0.999915, -0.012154, -0.00477, 0.0, 0.012231, 0.744105, 0.667952, 0.374721, -0.004569, -0.667953, 0.74419, 0.0, 0.0, 0.0, 0.0, 1.0],
                [0.999913, -0.01231, -0.004912, 0.0, 0.012388, 0.736312, 0.676529, 0.374721, -0.004712, -0.67653, 0.7364, -0.0, 0.0, 0.0, 0.0, 1.0],
                [0.99991, -0.012442, -0.005034, -0.0, 0.012521, 0.729572, 0.68379, 0.374721, -0.004835, -0.683792, 0.729662, 0.0, 0.0, 0.0, 0.0, 1.0],
                [0.999908, -0.012552, -0.005138, -0.0, 0.012631, 0.723875, 0.689817, 0.374721, -0.004939, -0.689818, 0.723967, -0.0, 0.0, 0.0, 0.0, 1.0],
                [0.999907, -0.012631, -0.005214, 0.0, 0.012711, 0.719668, 0.694203, 0.374721, -0.005016, -0.694204, 0.719761, -0.0, 0.0, 0.0, 0.0, 1.0],
                [0.999906, -0.012682, -0.005263, 0.0, 0.012762, 0.716986, 0.696971, 0.374721, -0.005066, -0.696972, 0.71708, -0.0, 0.0, 0.0, 0.0, 1.0],
                [0.999905, -0.012701, -0.005282, -0.0, 0.012781, 0.715973, 0.698012, 0.374721, -0.005084, -0.698013, 0.716067, -0.0, 0.0, 0.0, 0.0, 1.0],
                [0.999905, -0.012686, -0.005267, 0.0, 0.012767, 0.71675, 0.697214, 0.374721, -0.00507, -0.697215, 0.716844, -0.0, 0.0, 0.0, 0.0, 1.0],
                [0.999907, -0.012636, -0.005219, 0.0, 0.012717, 0.719406, 0.694473, 0.374721, -0.005021, -0.694474, 0.7195, -0.0, 0.0, 0.0, 0.0, 1.0],
                [0.999909, -0.012549, -0.005136, 0.0, 0.012629, 0.723993, 0.689692, 0.374721, -0.004937, -0.689693, 0.724085, 0.0, 0.0, 0.0, 0.0, 1.0],
                [0.999911, -0.012422, -0.005015, -0.0, 0.0125, 0.730629, 0.682661, 0.374721, -0.004815, -0.682662, 0.730719, 0.0, 0.0, 0.0, 0.0, 1.0],
                [0.999913, -0.012257, -0.004863, 0.0, 0.012335, 0.738982, 0.673612, 0.374721, -0.004663, -0.673613, 0.739069, -0.0, 0.0, 0.0, 0.0, 1.0],
                [0.999916, -0.012051, -0.004678, -0.0, 0.012127, 0.749149, 0.66229, 0.374721, -0.004476, -0.662292, 0.749233, -0.0, 0.0, 0.0, 0.0, 1.0],
                [0.99992, -0.011804, -0.004464, -0.0, 0.011879, 0.760943, 0.648709, 0.374721, -0.004261, -0.648711, 0.761023, 0.0, 0.0, 0.0, 0.0, 1.0],
                [0.999925, -0.011516, -0.004224, 0.0, 0.011589, 0.774134, 0.632916, 0.374721, -0.004019, -0.632917, 0.774209, -0.0, 0.0, 0.0, 0.0, 1.0],
                [0.99993, -0.01119, -0.003963, -0.0, 0.011261, 0.788462, 0.614982, 0.374721, -0.003757, -0.614982, 0.788532, 0.0, 0.0, 0.0, 0.0, 1.0],
                [0.999935, -0.010826, -0.003686, -0.0, 0.010894, 0.803678, 0.594965, 0.374721, -0.003478, -0.594966, 0.803743, -0.0, 0.0, 0.0, 0.0, 1.0],
                [0.99994, -0.01043, -0.003401, 0.0, 0.010496, 0.819359, 0.573185, 0.374721, -0.003191, -0.573186, 0.819419, -0.0, 0.0, 0.0, 0.0, 1.0],
                [0.999945, -0.010004, -0.003112, 0.0, 0.010068, 0.835222, 0.549821, 0.374721, -0.002901, -0.549822, 0.835277, 0.0, 0.0, 0.0, 0.0, 1.0],
                [0.99995, -0.009555, -0.002826, 0.0, 0.009616, 0.850967, 0.525131, 0.374721, -0.002613, -0.525132, 0.851017, -0.0, 0.0, 0.0, 0.0, 1.0],
                [0.999956, -0.009092, -0.00255, -0.0, 0.009149, 0.866169, 0.499668, 0.374721, -0.002335, -0.499669, 0.866214, -0.0, 0.0, 0.0, 0.0, 1.0],
                [0.99996, -0.008619, -0.002286, 0.0, 0.008674, 0.880652, 0.473686, 0.374721, -0.00207, -0.473687, 0.880691, -0.0, 0.0, 0.0, 0.0, 1.0],
                [0.999965, -0.008154, -0.002045, -0.0, 0.008206, 0.893929, 0.448133, 0.374721, -0.001826, -0.448134, 0.893965, 0.0, 0.0, 0.0, 0.0, 1.0],
                [0.999969, -0.0077, -0.001825, 0.0, 0.007749, 0.906002, 0.423203, 0.374721, -0.001605, -0.423204, 0.906033, 0.0, 0.0, 0.0, 0.0, 1.0],
                [0.999972, -0.007282, -0.001636, -0.0, 0.007328, 0.916402, 0.400192, 0.374721, -0.001415, -0.400193, 0.91643, -0.0, 0.0, 0.0, 0.0, 1.0],
                [0.999975, -0.006903, -0.001476, -0.0, 0.006947, 0.925219, 0.37937, 0.374721, -0.001254, -0.37937, 0.925244, 0.0, 0.0, 0.0, 0.0, 1.0],
                [0.999978, -0.00659, -0.00135, -0.0, 0.006631, 0.932095, 0.362153, 0.374721, -0.001128, -0.362153, 0.932118, -0.0, 0.0, 0.0, 0.0, 1.0],
                [0.999979, -0.006353, -0.00126, 0.0, 0.006393, 0.937044, 0.349155, 0.374721, -0.001037, -0.349155, 0.937064, -0.0, 0.0, 0.0, 0.0, 1.0],
                [0.99998, -0.006202, -0.001205, 0.0, 0.006241, 0.940103, 0.340834, 0.374721, -0.000981, -0.340834, 0.940123, -0.0, 0.0, 0.0, 0.0, 1.0],
                [0.99998, -0.006152, -0.001187, 0.0, 0.006191, 0.941098, 0.338079, 0.374721, -0.000963, -0.33808, 0.941117, 0.0, 0.0, 0.0, 0.0, 1.0]
            ]
        },
        {
            "name": "Knee_R",
            "time": [0.0, 0.0167, 0.0333, 0.05, 0.0667, 0.0833, 0.1, 0.1167, 0.1333, 0.15, 0.1667, 0.1833, 0.2, 0.2167, 0.2333, 0.25, 0.2667, 0.2833, 0.3, 0.3167, 0.3333, 0.35, 0.3667, 0.3833, 0.4, 0.4167, 0.4333, 0.45, 0.4667, 0.4833, 0.5, 0.5167, 0.5333, 0.55, 0.5667, 0.5833, 0.6, 0.6167, 0.6333, 0.65, 0.6667, 0.6833, 0.7, 0.7167, 0.7333, 0.75, 0.7667, 0.7833, 0.8, 0.8167, 0.8333, 0.85, 0.8667, 0.8833, 0.9, 0.9167, 0.9333, 0.95, 0.9667, 0.9833, 1.0, 1.0167, 1.0333, 1.05, 1.0667, 1.0833, 1.1, 1.1167, 1.1333, 1.15, 1.1667, 1.1833, 1.2, 1.2167, 1.2333, 1.25],
            "transform": [
                [1.0, -5.7e-05, 5.7e-05, -3e-06, 5.7e-05, 0.001565, -0.999999, 0.43093, 5.7e-05, 0.999999, 0.001565, -8.8e-05, 0.0, 0.0, 0.0, 1.0],
                [1.0, -5.7e-05, 5.7e-05, -3e-06, 5.7e-05, 0.001565, -0.999999, 0.430529, 5.7e-05, 0.999998, 0.001565, -8.7e-05, 0.0, 0.0, 0.0, 1.0],
                [1.0, -5.7e-05, 5.7e-05, -3e-06, 5.7e-05, 0.001565, -0.999999, 0.429201, 5.7e-05, 0.999999, 0.001565, -8.5e-05, 0.0, 0.0, 0.0, 1.0],
                [1.0, -5.7e-05, 5.7e-05, -3e-06, 5.7e-05, 0.001565, -0.999999, 0.426849, 5.7e-05, 0.999999, 0.001565, -8.2e-05, 0.0, 0.0, 0.0, 1.0],
                [1.0, -5.7e-05, 5.7e-05, -3e-06, 5.7e-05, 0.001565, -0.999999, 0.423653, 5.7e-05, 0.999999, 0.001565, -7.7e-05, 0.0, 0.0, 0.0, 1.0],
                [1.0, -5.7e-05, 5.7e-05, -3e-06, 5.7e-05, 0.001565, -0.999999, 0.420223, 5.7e-05, 0.999999, 0.001565, -7.1e-05, 0.0, 0.0, 0.0, 1.0],
                [1.0, -5.7e-05, 5.7e-05, -2e-06, 5.7e-05, 0.001565, -0.999999, 0.417276, 5.7e-05, 0.999999, 0.001565, -6.7e-05, 0.0, 0.0, 0.0, 1.0],
                [1.0, -5.7e-05, 5.7e-05, -3e-06, 5.7e-05, 0.001565, -0.999999, 0.420778, 5.7e-05, 0.999999, 0.001565, -7.2e-05, 0.0, 0.0, 0.0, 1.0],
                [1.0, -5.7e-05, 5.7e-05, -3e-06, 5.7e-05, 0.001565, -0.999999, 0.431471, 5.7e-05, 0.999999, 0.001565, -8.9e-05, 0.0, 0.0, 0.0, 1.0],
                [1.0, -5.7e-05, 5.7e-05, -3e-06, 5.7e-05, 0.001565, -0.999999, 0.435828, 5.7e-05, 0.999999, 0.001565, -9.6e-05, 0.0, 0.0, 0.0, 1.0],
                [1.0, -5.7e-05, 5.7e-05, -3e-06, 5.7e-05, 0.001565, -0.999999, 0.425291, 5.7e-05, 0.999999, 0.001565, -7.9e-05, 0.0, 0.0, 0.0, 1.0],
                [1.0, -5.7e-05, 5.7e-05, -2e-06, 5.7e-05, 0.001565, -0.999999, 0.406232, 5.7e-05, 0.999999, 0.001565, -4.9e-05, 0.0, 0.0, 0.0, 1.0],
