{
    "animation": [
        {
            "name": "Root",
            "time": [0.0, 0.0167, 0.0333, 0.05, 0.0667, 0.0833, 0.1, 0.1167, 0.1333, 0.15, 0.1667, 0.1833, 0.2, 0.2167, 0.2333, 0.25, 0.2667, 0.2833, 0.3, 0.3167, 0.3333, 0.35, 0.3667, 0.3833, 0.4, 0.4167, 0.4333, 0.45, 0.4667, 0.4833, 0.5, 0.5167, 0.5333, 0.55, 0.5667, 0.5833, 0.6, 0.6167, 0.6333, 0.65, 0.6667, 0.6833, 0.7, 0.7167, 0.7333, 0.75, 0.7667, 0.7833, 0.8, 0.8167, 0.8333, 0.85, 0.8667, 0.8833, 0.9, 0.9167, 0.9333, 0.95, 0.9667, 0.9833, 1.0, 1.0167, 1.0333, 1.05, 1.0667, 1.0833, 1.1, 1.1167, 1.1333, 1.15, 1.1667, 1.1833, 1.2, 1.2167, 1.2333, 1.25, 1.2667, 1.2833, 1.3, 1.3167, 1.3333, 1.35, 1.3667, 1.3833, 1.4, 1.4167],
            "transform": [
                [0.803085, 0.0, -0.595864, -5e-06, -0.595864, 0.0, -0.803085, 0.048602, 0.0, 1.0, 0.0, 0.62491, 0.0, 0.0, 0.0, 1.0],
                [0.794072, 0.0, -0.607824, -5e-06, -0.607824, 0.0, -0.794072, 0.04394, 0.0, 1.0, 0.0, 0.62491, 0.0, 0.0, 0.0, 1.0],
                [0.766834, 0.0, -0.641846, -5e-06, -0.641846, 0.0, -0.766834, 0.03037, 0.0, 1.0, 0.0, 0.62491, 0.0, 0.0, 0.0, 1.0],
                [0.725139, 0.0, -0.688602, -5e-06, -0.688602, 0.0, -0.725139, 0.010862, 0.0, 1.0, 0.0, 0.62491, 0.0, 0.0, 0.0, 1.0],
                [0.680599, 0.0, -0.732656, -5e-06, -0.732656, 0.0, -0.680599, -0.008645, 0.0, 1.0, 0.0, 0.62491, 0.0, 0.0, 0.0, 1.0],
                [0.648029, 0.0, -0.761616, -5e-06, -0.761616, 0.0, -0.648029, -0.022215, 0.0, 1.0, 0.0, 0.62491, 0.0, 0.0, 0.0, 1.0],
                [0.636551, 0.0, -0.771235, -5e-06, -0.771235, 0.0, -0.636551, -0.026878, 0.0, 1.0, 0.0, 0.62491, 0.0, 0.0, 0.0, 1.0],
                [0.687254, 0.0, -0.726417, -5e-06, -0.726417, 0.0, -0.687254, 0.018447, 0.0, 1.0, 0.0, 0.62491, 0.0, 0.0, 0.0, 1.0],
                [0.817112, 0.0, -0.576479, -5e-06, -0.576479, 0.0, -0.817112, 0.151005, 0.0, 1.0, 0.0, 0.62491, 0.0, 0.0, 0.0, 1.0],
                [0.947853, 0.0, -0.318709, -5e-06, -0.318709, 0.0, -0.947853, 0.343257, 0.0, 1.0, 0.0, 0.62491, 0.0, 0.0, 0.0, 1.0],
                [0.999669, 0.0, -0.025733, -5e-06, -0.025733, 0.0, -0.999669, 0.538784, 0.0, 1.0, 0.0, 0.62491, 0.0, 0.0, 0.0, 1.0],
                [0.980747, 0.0, 0.195282, -5e-06, 0.195282, 0.0, -0.980747, 0.680349, 0.0, 1.0, 0.0, 0.62491, 0.0, 0.0, 0.0, 1.0],
                [0.955858, 0.0, 0.29383, -5e-06, 0.29383, 0.0, -0.955858, 0.73865, 0.0, 1.0, 0.0, 0.62491, 0.0, 0.0, 0.0, 1.0],
                [0.945217, 0.0, 0.326444, -5e-06, 0.326444, 0.0, -0.945217, 0.751743, 0.0, 1.0, 0.0, 0.62491, 0.0, 0.0, 0.0, 1.0],
                [0.936346, 0.0, 0.351078, -5e-06, 0.351078, 0.0, -0.936346, 0.761735, 0.0, 1.0, 0.0, 0.62491, 0.0, 0.0, 0.0, 1.0],
                [0.930343, 0.0, 0.366691, -5e-06, 0.366691, 0.0, -0.930343, 0.768119, 0.0, 1.0, 0.0, 0.62491, 0.0, 0.0, 0.0, 1.0],
                [0.927326, 0.0, 0.374254, -5e-06, 0.374254, 0.0, -0.927326, 0.771226, 0.0, 1.0, 0.0, 0.62491, 0.0, 0.0, 0.0, 1.0],
                [0.926356, 0.0, 0.376648, -5e-06, 0.376648, 0.0, -0.926356, 0.772212, 0.0, 1.0, 0.0, 0.62491, 0.0, 0.0, 0.0, 1.0],
                [0.926241, 0.0, 0.376932, -5e-06, 0.376932, 0.0, -0.926241, 0.772329, 0.0, 1.0, 0.0, 0.62491, 0.0, 0.0, 0.0, 1.0],
                [0.926243, -0.000168, 0.376927, 5.6e-05, 0.376928, 0.0, -0.926243, 0.772323, 0.000156, 1.0, 6.3e-05, 0.62491, 0.0, 0.0, 0.0, 1.0],
                [0.926255, -0.000676, 0.376898, 0.00024, 0.376898, 0.0, -0.926255, 0.772283, 0.000626, 1.0, 0.000255, 0.62491, 0.0, 0.0, 0.0, 1.0],
                [0.926288, -0.001525, 0.376813, 0.000548, 0.376813, 0.0, -0.926289, 0.772167, 0.001413, 0.999999, 0.000575, 0.624911, 0.0, 0.0, 0.0, 1.0],
                [0.926357, -0.002715, 0.376636, 0.00098, 0.376638, 0.0, -0.926361, 0.771928, 0.002515, 0.999996, 0.001023, 0.624911, 0.0, 0.0, 0.0, 1.0],
                [0.926477, -0.004237, 0.376328, 0.001532, 0.376332, 0.0, -0.926485, 0.77151, 0.003926, 0.999991, 0.001595, 0.624911, 0.0, 0.0, 0.0, 1.0],
                [0.926663, -0.006077, 0.375843, 0.002199, 0.37585, 0.0, -0.926681, 0.770853, 0.005632, 0.999982, 0.002284, 0.624911, 0.0, 0.0, 0.0, 1.0],
                [0.926936, -0.008214, 0.375129, 0.002974, 0.375142, 0.0, -0.926967, 0.769888, 0.007614, 0.999966, 0.003081, 0.624912, 0.0, 0.0, 0.0, 1.0],
                [0.927314, -0.010616, 0.374134, 0.003844, 0.374155, 0.0, -0.927366, 0.768542, 0.009845, 0.999944, 0.003972, 0.624913, 0.0, 0.0, 0.0, 1.0],
                [0.927817, -0.013244, 0.3728, 0.004797, 0.372832, 0.0, -0.927899, 0.76674, 0.012289, 0.999912, 0.004938, 0.624915, 0.0, 0.0, 0.0, 1.0],
                [0.928466, -0.01605, 0.371071, 0.005815, 0.371119, 0.0, -0.928585, 0.764408, 0.014904, 0.999871, 0.005957, 0.624917, 0.0, 0.0, 0.0, 1.0],
                [0.929277, -0.01898, 0.368896, 0.006877, 0.368962, 0.0, -0.929444, 0.761473, 0.017641, 0.99982, 0.007003, 0.624919, 0.0, 0.0, 0.0, 1.0],
                [0.930267, -0.021973, 0.366224, 0.007963, 0.366313, 0.0, -0.930492, 0.757873, 0.020446, 0.999759, 0.008049, 0.624923, 0.0, 0.0, 0.0, 1.0],
                [0.931448, -0.024965, 0.363017, 0.009048, 0.36313, 0.0, -0.931738, 0.753553, 0.023261, 0.999688, 0.009066, 0.624926, 0.0, 0.0, 0.0, 1.0],
                [0.932827, -0.027895, 0.359243, 0.01011, 0.359383, 0.0, -0.93319, 0.748473, 0.026031, 0.999611, 0.010025, 0.62493, 0.0, 0.0, 0.0, 1.0],
                [0.934407, -0.0307, 0.354882, 0.011128, 0.355049, 0.0, -0.934848, 0.74261, 0.0287, 0.999529, 0.0109, 0.624934, 0.0, 0.0, 0.0, 1.0],
                [0.936185, -0.033327, 0.349925, 0.012081, 0.350119, 0.0, -0.936705, 0.735951, 0.031218, 0.999444, 0.011668, 0.624938, 0.0, 0.0, 0.0, 1.0],
                [0.938153, -0.035728, 0.344373, 0.012952, 0.344593, 0.0, -0.938752, 0.728503, 0.033539, 0.999362, 0.012312, 0.624942, 0.0, 0.0, 0.0, 1.0],
                [0.940299, -0.037863, 0.338236, 0.013726, 0.338479, 0.0, -0.940974, 0.720282, 0.035628, 0.999283, 0.012816, 0.624946, 0.0, 0.0, 0.0, 1.0],
                [0.942608, -0.039702, 0.331533, 0.014393, 0.331795, 0.0, -0.943352, 0.711316, 0.037453, 0.999212, 0.013173, 0.62495, 0.0, 0.0, 0.0, 1.0],
                [0.94506, -0.041223, 0.324287, 0.014945, 0.324562, 0.0, -0.945864, 0.701639, 0.038991, 0.99915, 0.013379, 0.624953, 0.0, 0.0, 0.0, 1.0],
                [0.947636, -0.042412, 0.316524, 0.015377, 0.316809, 0.0, -0.948489, 0.691293, 0.040227, 0.9991, 0.013436, 0.624955, 0.0, 0.0, 0.0, 1.0],
                [0.950313, -0.04326, 0.308274, 0.015685, 0.308563, 0.0, -0.951204, 0.680322, 0.041149, 0.999064, 0.013349, 0.624957, 0.0, 0.0, 0.0, 1.0],
                [0.95307, -0.043767, 0.299568, 0.015869, 0.299855, 0.0, -0.953985, 0.668769, 0.041753, 0.999042, 0.013124, 0.624958, 0.0, 0.0, 0.0, 1.0],
                [0.955885, -0.043935, 0.290436, 0.015929, 0.290717, 0.0, -0.956809, 0.65668, 0.042038, 0.999034, 0.012773, 0.624959, 0.0, 0.0, 0.0, 1.0],
                [0.959096, -0.043847, 0.279664, 0.015897, 0.279934, 0.0, -0.960019, 0.643518, 0.042094, 0.999038, 0.012274, 0.625202, 0.0, 0.0, 0.0, 1.0],
                [0.962992, -0.043579, 0.265985, 0.0158, 0.266238, 0.0, -0.963907, 0.628715, 0.042006, 0.99905, 0.011602, 0.625935, 0.0, 0.0, 0.0, 1.0],
                [0.967451, -0.043131, 0.249355, 0.015638, 0.249587, 0.0, -0.968352, 0.612276, 0.041766, 0.999069, 0.010765, 0.627163, 0.0, 0.0, 0.0, 1.0],
                [0.972321, -0.042503, 0.229749, 0.01541, 0.229957, 0.0, -0.973201, 0.594219, 0.041364, 0.999096, 0.009774, 0.628887, 0.0, 0.0, 0.0, 1.0],
                [0.977417, -0.041694, 0.207163, 0.015116, 0.207344, 0.0, -0.978268, 0.574578, 0.040788, 0.99913, 0.008645, 0.631105, 0.0, 0.0, 0.0, 1.0],
                [0.982525, -0.040708, 0.181626, 0.014758, 0.181777, 0.0, -0.98334, 0.553402, 0.040029, 0.999171, 0.0074, 0.63381, 0.0, 0.0, 0.0, 1.0],
                [0.987403, -0.039548, 0.153202, 0.014337, 0.153322, 0.0, -0.988176, 0.530761, 0.03908, 0.999218, 0.006064, 0.636991, 0.0, 0.0, 0.0, 1.0],
                [0.991794, -0.03822, 0.122002, 0.013856, 0.122092, 0.0, -0.992519, 0.506745, 0.037934, 0.999269, 0.004666, 0.640631, 0.0, 0.0, 0.0, 1.0],
                [0.995426, -0.036733, 0.08819, 0.013316, 0.08825, 0.0, -0.996098, 0.481467, 0.03659, 0.999325, 0.003242, 0.644708, 0.0, 0.0, 0.0, 1.0],
                [0.998031, -0.035098, 0.051986, 0.012723, 0.052018, 0.0, -0.998646, 0.455065, 0.03505, 0.999384, 0.001826, 0.649192, 0.0, 0.0, 0.0, 1.0],
                [0.999351, -0.033327, 0.013671, 0.012081, 0.013679, 0.0, -0.999906, 0.427698, 0.033324, 0.999444, 0.000456, 0.654047, 0.0, 0.0, 0.0, 1.0],
                [0.999157, -0.031436, -0.026414, 0.011395, -0.026427, 0.0, -0.999651, 0.399553, 0.031425, 0.999506, -0.000831, 0.659231, 0.0, 0.0, 0.0, 1.0],
                [0.99726, -0.029444, -0.067871, 0.010672, -0.0679, 0.0, -0.997692, 0.370834, 0.029376, 0.999566, -0.001999, 0.664694, 0.0, 0.0, 0.0, 1.0],
                [0.993526, -0.02737, -0.110255, 0.00992, -0.110296, 0.0, -0.993899, 0.341769, 0.027203, 0.999625, -0.003019, 0.670381, 0.0, 0.0, 0.0, 1.0],
                [0.987891, -0.025235, -0.153085, 0.009146, -0.153134, 0.0, -0.988205, 0.312595, 0.024938, 0.999682, -0.003864, 0.676232, 0.0, 0.0, 0.0, 1.0],
                [0.980361, -0.023064, -0.19586, 0.008359, -0.195913, 0.0, -0.980621, 0.283564, 0.022618, 0.999734, -0.004519, 0.682184, 0.0, 0.0, 0.0, 1.0],
                [0.971022, -0.020881, -0.238077, 0.007567, -0.238128, 0.0, -0.971234, 0.25493, 0.020281, 0.999782, -0.004972, 0.688169, 0.0, 0.0, 0.0, 1.0],
                [0.960037, -0.01871, -0.279246, 0.00678, -0.279295, 0.0, -0.960205, 0.226945, 0.017966, 0.999825, -0.005226, 0.694121, 0.0, 0.0, 0.0, 1.0],
                [0.947638, -0.016576, -0.318915, 0.006005, -0.318959, 0.0, -0.947769, 0.199853, 0.01571, 0.999863, -0.005287, 0.699973, 0.0, 0.0, 0.0, 1.0],
                [0.934115, -0.014501, -0.356678, 0.005253, -0.356715, 0.0, -0.934213, 0.173884, 0.013547, 0.999895, -0.005173, 0.705662, 0.0, 0.0, 0.0, 1.0],
                [0.9198, -0.012507, -0.392187, 0.00453, -0.392218, 0.0, -0.919872, 0.149249, 0.011505, 0.999922, -0.004906, 0.711127, 0.0, 0.0, 0.0, 1.0],
                [0.905055, -0.010616, -0.425163, 0.003844, -0.425187, 0.0, -0.905106, 0.126136, 0.009609, 0.999944, -0.004514, 0.716312, 0.0, 0.0, 0.0, 1.0],
                [0.890248, -0.008844, -0.455391, 0.003202, -0.455409, 0.0, -0.890283, 0.10471, 0.007874, 0.999961, -0.004028, 0.72117, 0.0, 0.0, 0.0, 1.0],
                [0.875743, -0.007208, -0.482723, 0.002609, -0.482735, 0.0, -0.875766, 0.085105, 0.006312, 0.999974, -0.003479, 0.725656, 0.0, 0.0, 0.0, 1.0],
                [0.861886, -0.00572, -0.50707, 0.002069, -0.507078, 0.0, -0.8619, 0.067431, 0.00493, 0.999984, -0.002901, 0.729735, 0.0, 0.0, 0.0, 1.0],
                [0.848989, -0.004392, -0.528392, 0.001588, -0.528397, 0.0, -0.848998, 0.051772, 0.003728, 0.99999, -0.00232, 0.733378, 0.0, 0.0, 0.0, 1.0],
                [0.837328, -0.003231, -0.546691, 0.001167, -0.546694, 0.0, -0.837333, 0.038185, 0.002705, 0.999995, -0.001766, 0.736561, 0.0, 0.0, 0.0, 1.0],
                [0.827134, -0.002243, -0.562, 0.000809, -0.562001, 0.0, -0.827136, 0.026707, 0.001855, 0.999997, -0.001261, 0.739268, 0.0, 0.0, 0.0, 1.0],
                [0.818593, -0.001434, -0.574373, 0.000515, -0.574373, 0.0, -0.818593, 0.017353, 0.001174, 0.999999, -0.000824, 0.741487, 0.0, 0.0, 0.0, 1.0],
                [0.811843, -0.000805, -0.583875, 0.000287, -0.583875, 0.0, -0.811843, 0.010122, 0.000653, 1.0, -0.00047, 0.743212, 0.0, 0.0, 0.0, 1.0],
                [0.80698, -0.000356, -0.590578, 0.000125, -0.590578, 0.0, -0.80698, 0.004998, 0.000288, 1.0, -0.00021, 0.744441, 0.0, 0.0, 0.0, 1.0],
                [0.804057, -8.9e-05, -0.594552, 2.8e-05, -0.594552, 0.0, -0.804057, 0.001952, 7.1e-05, 1.0, -5.3e-05, 0.745175, 0.0, 0.0, 0.0, 1.0],
                [0.803085, 0.0, -0.595864, -5e-06, -0.595864, 0.0, -0.803085, 0.000946, 0.0, 1.0, 0.0, 0.745419, 0.0, 0.0, 0.0, 1.0],
                [0.803085, 0.0, -0.595864, -5e-06, -0.595864, 0.0, -0.803085, 0.000946, 0.0, 1.0, 0.0, 0.745419, 0.0, 0.0, 0.0, 1.0],
                [0.803085, 0.0, -0.595864, -5e-06, -0.595864, 0.0, -0.803085, 0.000946, 0.0, 1.0, 0.0, 0.745419, 0.0, 0.0, 0.0, 1.0],
                [0.803085, 0.0, -0.595864, -5e-06, -0.595864, 0.0, -0.803085, 0.000946, 0.0, 1.0, 0.0, 0.745419, 0.0, 0.0, 0.0, 1.0],
                [0.803085, 0.0, -0.595864, -5e-06, -0.595864, 0.0, -0.803085, 0.000946, 0.0, 1.0, 0.0, 0.745419, 0.0, 0.0, 0.0, 1.0],
                [0.803085, 0.0, -0.595864, -5e-06, -0.595864, 0.0, -0.803085, 0.000946, 0.0, 1.0, 0.0, 0.745419, 0.0, 0.0, 0.0, 1.0],
                [0.803085, 0.0, -0.595864, -5e-06, -0.595864, 0.0, -0.803085, 0.000946, 0.0, 1.0, 0.0, 0.745419, 0.0, 0.0, 0.0, 1.0],
                [0.803085, 0.0, -0.595864, -5e-06, -0.595864, 0.0, -0.803085, 0.000946, 0.0, 1.0, 0.0, 0.745419, 0.0, 0.0, 0.0, 1.0],
                [0.803085, 0.0, -0.595864, -5e-06, -0.595864, 0.0, -0.803085, 0.000946, 0.0, 1.0, 0.0, 0.745419, 0.0, 0.0, 0.0, 1.0],
                [0.803085, 0.0, -0.595864, -5e-06, -0.595864, 0.0, -0.803085, 0.000946, 0.0, 1.0, 0.0, 0.745419, 0.0, 0.0, 0.0, 1.0],
                [0.803085, 0.0, -0.595864, -5e-06, -0.595864, 0.0, -0.803085, 0.000946, 0.0, 1.0, 0.0, 0.745419, 0.0, 0.0, 0.0, 1.0]
            ]
        },
        {
            "name": "Thigh_R",
            "time": [0.0, 0.0167, 0.0333, 0.05, 0.0667, 0.0833, 0.1, 0.1167, 0.1333, 0.15, 0.1667, 0.1833, 0.2, 0.2167, 0.2333, 0.25, 0.2667, 0.2833, 0.3, 0.3167, 0.3333, 0.35, 0.3667, 0.3833, 0.4, 0.4167, 0.4333, 0.45, 0.4667, 0.4833, 0.5, 0.5167, 0.5333, 0.55, 0.5667, 0.5833, 0.6, 0.6167, 0.6333, 0.65, 0.6667, 0.6833, 0.7, 0.7167, 0.7333, 0.75, 0.7667, 0.7833, 0.8, 0.8167, 0.8333, 0.85, 0.8667, 0.8833, 0.9, 0.9167, 0.9333, 0.95, 0.9667, 0.9833, 1.0, 1.0167, 1.0333, 1.05, 1.0667, 1.0833, 1.1, 1.1167, 1.1333, 1.15, 1.1667, 1.1833, 1.2, 1.2167, 1.2333, 1.25, 1.2667, 1.2833, 1.3, 1.3167, 1.3333, 1.35, 1.3667, 1.3833, 1.4, 1.4167],
            "transform": [
                [0.909625, 0.332851, 0.248581, 0.124994, 0.341561, -0.93982, 0.008557, -0.002831, 0.23647, 0.077122, -0.968573, -1.2e-05, 0.0, 0.0, 0.0, 1.0],
                [0.916261, 0.331088, 0.225491, 0.124994, 0.33482, -0.94201, 0.022645, -0.002831, 0.219912, 0.05475, -0.973982, -1.2e-05, 0.0, 0.0, 0.0, 1.0],
                [0.933393, 0.321496, 0.15943, 0.124994, 0.31546, -0.946876, 0.062533, -0.002831, 0.171065, -0.008074, -0.985227, -1.2e-05, 0.0, 0.0, 0.0, 1.0],
                [0.952325, 0.297425, 0.067942, 0.124994, 0.288399, -0.950271, 0.117515, -0.002831, 0.099515, -0.092318, -0.990744, -1.2e-05, 0.0, 0.0, 0.0, 1.0],
                [0.964588, 0.263098, -0.018675, 0.124994, 0.262372, -0.949855, 0.170107, -0.002831, 0.027016, -0.168983, -0.985248, -1.2e-05, 0.0, 0.0, 0.0, 1.0],
                [0.969251, 0.234132, -0.075719, 0.124994, 0.244934, -0.947511, 0.205501, -0.002831, -0.02363, -0.217728, -0.975723, -1.2e-05, 0.0, 0.0, 0.0, 1.0],
                [0.970134, 0.223335, -0.094662, 0.124994, 0.239074, -0.946349, 0.217408, -0.002831, -0.041028, -0.233546, -0.97148, -1.2e-05, 0.0, 0.0, 0.0, 1.0],
                [0.98183, 0.178188, -0.065259, 0.124994, 0.189325, -0.943164, 0.273127, -0.002831, -0.012882, -0.28052, -0.959762, -1.2e-05, 0.0, 0.0, 0.0, 1.0],
                [0.996528, 0.077572, 0.030237, 0.124994, 0.057524, -0.90407, 0.423496, -0.002831, 0.060188, -0.420286, -0.905393, -1.2e-05, 0.0, 0.0, 0.0, 1.0],
                [0.989143, 0.030147, 0.14383, 0.124994, -0.063874, -0.793248, 0.605539, -0.002831, 0.132348, -0.608152, -0.78271, -1.2e-05, 0.0, 0.0, 0.0, 1.0],
                [0.982777, 0.084698, 0.164243, 0.124994, -0.064118, -0.677283, 0.732923, -0.002831, 0.173316, -0.730831, -0.660188, -1.2e-05, 0.0, 0.0, 0.0, 1.0],
                [0.978639, 0.169731, 0.116, 0.124994, 0.018367, -0.634176, 0.77297, -0.002831, 0.204762, -0.754328, -0.623748, -1.2e-05, 0.0, 0.0, 0.0, 1.0],
                [0.968893, 0.22357, 0.106127, 0.124994, 0.061255, -0.632133, 0.772435, -0.002831, 0.23978, -0.741906, -0.626164, -1.2e-05, 0.0, 0.0, 0.0, 1.0],
                [0.959927, 0.249016, 0.128571, 0.124994, 0.061908, -0.635859, 0.769318, -0.002831, 0.273326, -0.73053, -0.625794, -1.2e-05, 0.0, 0.0, 0.0, 1.0],
                [0.952261, 0.268031, 0.146145, 0.124994, 0.062513, -0.639769, 0.76602, -0.002831, 0.298816, -0.720316, -0.625982, -1.2e-05, 0.0, 0.0, 0.0, 1.0],
                [0.946988, 0.279952, 0.157612, 0.124994, 0.062949, -0.642767, 0.763471, -0.002831, 0.315043, -0.713077, -0.626315, -1.2e-05, 0.0, 0.0, 0.0, 1.0],
                [0.944314, 0.285685, 0.163261, 0.124994, 0.063175, -0.64435, 0.762116, -0.002831, 0.322922, -0.709363, -0.626518, -1.2e-05, 0.0, 0.0, 0.0, 1.0],
                [0.943452, 0.287494, 0.165063, 0.124994, 0.06325, -0.64487, 0.761671, -0.002831, 0.32542, -0.708159, -0.626588, -1.2e-05, 0.0, 0.0, 0.0, 1.0],
                [0.943349, 0.287708, 0.165277, 0.124994, 0.063258, -0.644932, 0.761617, -0.002831, 0.325716, -0.708016, -0.626596, -1.2e-05, 0.0, 0.0, 0.0, 1.0],
                [0.943393, 0.287492, 0.165403, 0.124994, 0.06302, -0.644972, 0.761603, -0.002831, 0.325635, -0.708067, -0.62658, -1.2e-05, 0.0, 0.0, 0.0, 1.0],
                [0.943531, 0.286827, 0.165767, 0.124994, 0.062302, -0.645082, 0.761569, -0.002831, 0.325372, -0.708237, -0.626525, -1.2e-05, 0.0, 0.0, 0.0, 1.0],
                [0.943773, 0.285693, 0.166348, 0.124994, 0.061099, -0.645244, 0.761529, -0.002831, 0.324899, -0.708547, -0.62642, -1.2e-05, 0.0, 0.0, 0.0, 1.0],
                [0.944127, 0.284073, 0.16711, 0.124994, 0.059416, -0.645435, 0.7615, -0.002831, 0.32418, -0.709024, -0.626252, -1.2e-05, 0.0, 0.0, 0.0, 1.0],
                [0.944603, 0.281951, 0.168014, 0.124994, 0.057266, -0.645629, 0.761501, -0.002831, 0.323181, -0.709694, -0.62601, -1.2e-05, 0.0, 0.0, 0.0, 1.0],
                [0.945206, 0.279321, 0.169011, 0.124994, 0.054669, -0.645794, 0.761551, -0.002831, 0.321863, -0.710584, -0.625679, -1.2e-05, 0.0, 0.0, 0.0, 1.0],
                [0.945944, 0.276181, 0.170042, 0.124994, 0.051661, -0.645898, 0.761674, -0.002831, 0.32019, -0.711716, -0.625251, -1.2e-05, 0.0, 0.0, 0.0, 1.0],
                [0.946819, 0.27254, 0.171044, 0.124994, 0.048287, -0.645906, 0.761888, -0.002831, 0.318124, -0.71311, -0.624716, -1.2e-05, 0.0, 0.0, 0.0, 1.0],
                [0.947833, 0.268414, 0.171946, 0.124994, 0.044607, -0.645789, 0.762212, -0.002831, 0.315629, -0.71478, -0.624073, -1.2e-05, 0.0, 0.0, 0.0, 1.0],
                [0.948987, 0.263831, 0.172674, 0.124994, 0.040693, -0.645521, 0.762658, -0.002831, 0.312678, -0.716726, -0.623327, -1.2e-05, 0.0, 0.0, 0.0, 1.0],
                [0.950277, 0.258825, 0.173158, 0.124994, 0.036627, -0.645088, 0.76323, -0.002831, 0.309245, -0.718937, -0.622493, -1.2e-05, 0.0, 0.0, 0.0, 1.0],
                [0.951697, 0.253422, 0.17335, 0.124994, 0.032499, -0.644556, 0.763866, -0.002831, 0.305314, -0.721335, -0.621658, -1.2e-05, 0.0, 0.0, 0.0, 1.0],
                [0.953239, 0.247701, 0.173147, 0.124994, 0.028402, -0.643807, 0.764661, -0.002831, 0.30088, -0.723987, -0.620737, -1.2e-05, 0.0, 0.0, 0.0, 1.0],
                [0.954893, 0.241685, 0.172531, 0.124994, 0.024427, -0.642975, 0.765497, -0.002831, 0.295943, -0.726754, -0.619877, -1.2e-05, 0.0, 0.0, 0.0, 1.0],
                [0.956649, 0.235419, 0.171467, 0.124994, 0.020662, -0.642115, 0.766329, -0.002831, 0.29051, -0.729565, -0.619143, -1.2e-05, 0.0, 0.0, 0.0, 1.0],
                [0.958492, 0.228939, 0.169937, 0.124994, 0.017182, -0.641322, 0.767078, -0.002831, 0.284599, -0.732319, -0.618637, -1.2e-05, 0.0, 0.0, 0.0, 1.0],
                [0.960411, 0.222273, 0.167941, 0.124994, 0.014052, -0.64072, 0.767646, -0.002831, 0.278231, -0.734896, -0.618478, -1.2e-05, 0.0, 0.0, 0.0, 1.0],
                [0.962392, 0.21544, 0.16549, 0.124994, 0.011323, -0.640455, 0.767912, -0.002831, 0.271428, -0.737159, -0.618809, -1.2e-05, 0.0, 0.0, 0.0, 1.0],
                [0.964421, 0.208428, 0.162631, 0.124994, 0.00903, -0.640778, 0.767673, -0.002831, 0.264215, -0.738892, -0.619862, -1.2e-05, 0.0, 0.0, 0.0, 1.0],
                [0.966485, 0.201278, 0.159352, 0.124994, 0.007198, -0.64172, 0.766905, -0.002831, 0.256621, -0.740055, -0.621662, -1.2e-05, 0.0, 0.0, 0.0, 1.0],
                [0.968571, 0.193949, 0.155735, 0.124994, 0.005837, -0.643655, 0.765293, -0.002831, 0.248667, -0.740331, -0.624558, -1.2e-05, 0.0, 0.0, 0.0, 1.0],
                [0.970667, 0.186425, 0.151823, 0.124994, 0.004946, -0.646826, 0.762621, -0.002831, 0.240375, -0.739501, -0.628775, -1.2e-05, 0.0, 0.0, 0.0, 1.0],
                [0.972761, 0.178669, 0.147691, 0.124994, 0.004515, -0.651608, 0.758542, -0.002831, 0.231764, -0.737213, -0.634666, -1.2e-05, 0.0, 0.0, 0.0, 1.0],
                [0.974842, 0.170645, 0.143397, 0.124994, 0.004528, -0.658366, 0.752684, -0.002831, 0.22285, -0.733099, -0.642576, -1.2e-05, 0.0, 0.0, 0.0, 1.0],
                [0.976792, 0.161603, 0.140574, 0.124994, 0.003208, -0.667274, 0.744806, -0.002831, 0.214164, -0.72707, -0.652306, -1.2e-05, 0.0, 0.0, 0.0, 1.0],
                [0.97851, 0.150812, 0.140619, 0.124994, -0.001273, -0.677527, 0.735496, -0.002831, 0.206195, -0.71987, -0.662775, -1.2e-05, 0.0, 0.0, 0.0, 1.0],
                [0.97997, 0.138327, 0.143261, 0.124994, -0.008938, -0.688111, 0.72555, -0.002831, 0.198943, -0.712298, -0.673092, -1.2e-05, 0.0, 0.0, 0.0, 1.0],
                [0.981105, 0.124259, 0.1483, 0.124994, -0.019707, -0.698334, 0.715501, -0.002831, 0.19247, -0.704904, -0.68269, -1.2e-05, 0.0, 0.0, 0.0, 1.0],
                [0.981811, 0.108922, 0.155509, 0.124994, -0.033382, -0.707278, 0.706148, -0.002831, 0.186903, -0.698495, -0.690777, -1.2e-05, 0.0, 0.0, 0.0, 1.0],
                [0.981968, 0.092676, 0.164771, 0.124994, -0.049638, -0.714612, 0.697757, -0.002831, 0.182413, -0.693355, -0.697126, -1.2e-05, 0.0, 0.0, 0.0, 1.0],
                [0.981458, 0.07597, 0.175977, 0.124994, -0.068016, -0.720316, 0.690303, -0.002831, 0.179201, -0.689473, -0.701793, -1.2e-05, 0.0, 0.0, 0.0, 1.0],
                [0.980189, 0.059256, 0.188992, 0.124994, -0.087911, -0.724896, 0.683225, -0.002831, 0.177485, -0.686305, -0.705326, -1.2e-05, 0.0, 0.0, 0.0, 1.0],
                [0.978119, 0.042945, 0.203566, 0.124994, -0.108579, -0.729264, 0.675563, -0.002831, 0.177466, -0.682883, -0.708643, -1.2e-05, 0.0, 0.0, 0.0, 1.0],
                [0.975278, 0.027473, 0.219267, 0.124994, -0.129148, -0.734286, 0.666441, -0.002831, 0.179314, -0.678283, -0.712585, -1.2e-05, 0.0, 0.0, 0.0, 1.0],
                [0.971784, 0.013144, 0.235507, 0.124994, -0.148661, -0.741048, 0.654788, -0.002831, 0.183129, -0.671323, -0.718185, -1.2e-05, 0.0, 0.0, 0.0, 1.0],
                [0.967839, 0.000325, 0.25157, 0.124994, -0.166122, -0.75014, 0.640073, -0.002831, 0.188921, -0.661279, -0.72596, -1.2e-05, 0.0, 0.0, 0.0, 1.0],
                [0.963715, -0.010723, 0.266718, 0.124994, -0.180578, -0.762047, 0.621833, -0.002831, 0.196583, -0.647433, -0.736333, -1.2e-05, 0.0, 0.0, 0.0, 1.0],
                [0.959718, -0.019741, 0.280272, 0.124994, -0.191187, -0.776858, 0.599949, -0.002831, 0.205888, -0.629366, -0.749339, -1.2e-05, 0.0, 0.0, 0.0, 1.0],
                [0.956142, -0.026458, 0.291707, 0.124994, -0.197295, -0.794267, 0.574643, -0.002831, 0.216489, -0.606992, -0.764652, -1.2e-05, 0.0, 0.0, 0.0, 1.0],
                [0.953226, -0.030761, 0.300689, 0.124994, -0.198502, -0.813921, 0.546012, -0.002831, 0.227941, -0.580161, -0.781957, -1.2e-05, 0.0, 0.0, 0.0, 1.0],
                [0.951116, -0.032518, 0.307116, 0.124994, -0.194682, -0.835101, 0.514495, -0.002831, 0.239742, -0.549135, -0.800609, -1.2e-05, 0.0, 0.0, 0.0, 1.0],
                [0.949848, -0.031714, 0.311098, 0.124994, -0.186004, -0.857019, 0.480543, -0.002831, 0.251376, -0.514309, -0.819937, -1.2e-05, 0.0, 0.0, 0.0, 1.0],
                [0.949352, -0.028449, 0.312924, 0.124994, -0.172905, -0.878852, 0.44466, -0.002831, 0.262364, -0.476245, -0.839259, -1.2e-05, 0.0, 0.0, 0.0, 1.0],
                [0.949473, -0.022956, 0.313007, 0.124994, -0.156053, -0.899827, 0.407378, -0.002831, 0.272301, -0.435641, -0.857944, -1.2e-05, 0.0, 0.0, 0.0, 1.0],
                [0.950012, -0.015594, 0.311825, 0.124994, -0.136284, -0.91929, 0.369232, -0.002831, 0.280899, -0.393272, -0.875461, -1.2e-05, 0.0, 0.0, 0.0, 1.0],
                [0.950759, -0.006835, 0.309857, 0.124994, -0.114526, -0.936745, 0.330746, -0.002831, 0.287996, -0.349946, -0.891401, -1.2e-05, 0.0, 0.0, 0.0, 1.0],
                [0.95153, 0.002757, 0.307543, 0.124994, -0.091733, -0.9519, 0.292355, -0.002831, 0.293556, -0.306396, -0.905509, -1.2e-05, 0.0, 0.0, 0.0, 1.0],
                [0.952189, 0.012663, 0.305248, 0.124994, -0.068816, -0.964573, 0.25468, -0.002831, 0.297659, -0.26351, -0.917584, -1.2e-05, 0.0, 0.0, 0.0, 1.0],
                [0.952652, 0.022298, 0.303243, 0.124994, -0.046598, -0.97482, 0.21807, -0.002831, 0.300469, -0.221875, -0.927625, -1.2e-05, 0.0, 0.0, 0.0, 1.0],
                [0.952893, 0.031177, 0.301698, 0.124994, -0.025781, -0.982777, 0.182988, -0.002831, 0.302207, -0.182146, -0.935678, -1.2e-05, 0.0, 0.0, 0.0, 1.0],
                [0.952928, 0.038909, 0.300691, 0.124994, -0.006933, -0.988676, 0.149904, -0.002831, 0.303118, -0.144932, -0.941868, -1.2e-05, 0.0, 0.0, 0.0, 1.0],
                [0.9528, 0.045313, 0.300197, 0.124994, 0.009517, -0.992771, 0.119646, -0.002831, 0.303449, -0.111141, -0.946344, -1.2e-05, 0.0, 0.0, 0.0, 1.0],
                [0.952573, 0.050182, 0.300143, 0.124994, 0.02325, -0.995428, 0.09264, -0.002831, 0.30342, -0.081268, -0.949385, -1.2e-05, 0.0, 0.0, 0.0, 1.0],
                [0.952311, 0.053635, 0.300377, 0.124994, 0.034064, -0.996964, 0.070021, -0.002831, 0.30322, -0.05645, -0.951247, -1.2e-05, 0.0, 0.0, 0.0, 1.0],
                [0.952075, 0.055779, 0.300735, 0.124994, 0.04183, -0.997737, 0.052631, -0.002831, 0.30299, -0.037529, -0.952255, -1.2e-05, 0.0, 0.0, 0.0, 1.0],
                [0.951911, 0.056929, 0.301038, 0.124994, 0.046496, -0.998047, 0.041716, -0.002831, 0.302824, -0.025713, -0.952699, -1.2e-05, 0.0, 0.0, 0.0, 1.0],
                [0.951852, 0.057247, 0.301163, 0.124994, 0.048046, -0.998127, 0.037875, -0.002831, 0.302768, -0.021582, -0.95282, -1.2e-05, 0.0, 0.0, 0.0, 1.0],
                [0.951852, 0.057247, 0.301163, 0.124994, 0.048046, -0.998127, 0.037875, -0.002831, 0.302768, -0.021582, -0.95282, -1.2e-05, 0.0, 0.0, 0.0, 1.0],
                [0.951852, 0.057247, 0.301163, 0.124994, 0.048046, -0.998127, 0.037875, -0.002831, 0.302768, -0.021582, -0.95282, -1.2e-05, 0.0, 0.0, 0.0, 1.0],
                [0.951852, 0.057247, 0.301163, 0.124994, 0.048046, -0.998127, 0.037875, -0.002831, 0.302768, -0.021582, -0.95282, -1.2e-05, 0.0, 0.0, 0.0, 1.0],
                [0.951852, 0.057247, 0.301163, 0.124994, 0.048046, -0.998127, 0.037875, -0.002831, 0.302768, -0.021582, -0.95282, -1.2e-05, 0.0, 0.0, 0.0, 1.0],
                [0.951852, 0.057247, 0.301163, 0.124994, 0.048046, -0.998127, 0.037875, -0.002831, 0.302768, -0.021582, -0.95282, -1.2e-05, 0.0, 0.0, 0.0, 1.0],
                [0.951852, 0.057247, 0.301163, 0.124994, 0.048046, -0.998127, 0.037875, -0.002831, 0.302768, -0.021582, -0.95282, -1.2e-05, 0.0, 0.0, 0.0, 1.0],
                [0.951852, 0.057247, 0.301163, 0.124994, 0.048046, -0.998127, 0.037875, -0.002831, 0.302768, -0.021582, -0.95282, -1.2e-05, 0.0, 0.0, 0.0, 1.0],
                [0.951852, 0.057247, 0.301163, 0.124994, 0.048046, -0.998127, 0.037875, -0.002831, 0.302768, -0.021582, -0.95282, -1.2e-05, 0.0, 0.0, 0.0, 1.0],
                [0.951852, 0.057247, 0.301163, 0.124994, 0.048046, -0.998127, 0.037875, -0.002831, 0.302768, -0.021582, -0.95282, -1.2e-05, 0.0, 0.0, 0.0, 1.0],
                [0.951852, 0.057247, 0.301163, 0.124994, 0.048046, -0.998127, 0.037875, -0.002831, 0.302768, -0.021582, -0.95282, -1.2e-05, 0.0, 0.0, 0.0, 1.0]
            ]
        },
        {
            "name": "Leg_R",
            "time": [0.0, 0.0167, 0.0333, 0.05, 0.0667, 0.0833, 0.1, 0.1167, 0.1333, 0.15, 0.1667, 0.1833, 0.2, 0.2167, 0.2333, 0.25, 0.2667, 0.2833, 0.3, 0.3167, 0.3333, 0.35, 0.3667, 0.3833, 0.4, 0.4167, 0.4333, 0.45, 0.4667, 0.4833, 0.5, 0.5167, 0.5333, 0.55, 0.5667, 0.5833, 0.6, 0.6167, 0.6333, 0.65, 0.6667, 0.6833, 0.7, 0.7167, 0.7333, 0.75, 0.7667, 0.7833, 0.8, 0.8167, 0.8333, 0.85, 0.8667, 0.8833, 0.9, 0.9167, 0.9333, 0.95, 0.9667, 0.9833, 1.0, 1.0167, 1.0333, 1.05, 1.0667, 1.0833, 1.1, 1.1167, 1.1333, 1.15, 1.1667, 1.1833, 1.2, 1.2167, 1.2333, 1.25, 1.2667, 1.2833, 1.3, 1.3167, 1.3333, 1.35, 1.3667, 1.3833, 1.4, 1.4167],
            "transform": [
                [0.999907, -0.012576, -0.005161, 0.0, 0.012656, 0.722597, 0.691154, 0.374721, -0.004962, -0.691155, 0.72269, -0.0, 0.0, 0.0, 0.0, 1.0],
                [0.999903, -0.01285, -0.005428, -0.0, 0.012931, 0.707898, 0.706196, 0.374721, -0.005232, -0.706198, 0.707996, -0.0, 0.0, 0.0, 0.0, 1.0],
                [0.999889, -0.013557, -0.006175, 0.0, 0.013643, 0.666854, 0.745064, 0.374721, -0.005983, -0.745066, 0.666965, 0.0, 0.0, 0.0, 0.0, 1.0],
                [0.999871, -0.014384, -0.007167, -0.0, 0.014475, 0.612302, 0.790492, 0.374721, -0.006981, -0.790493, 0.612432, 0.0, 0.0, 0.0, 0.0, 1.0],
                [0.999854, -0.015035, -0.008063, -0.0, 0.01513, 0.563071, 0.82627, 0.374721, -0.007883, -0.826272, 0.563216, 0.0, 0.0, 0.0, 0.0, 1.0],
                [0.999844, -0.015407, -0.008632, -0.0, 0.015505, 0.531774, 0.846745, 0.374721, -0.008456, -0.846747, 0.53193, 0.0, 0.0, 0.0, 0.0, 1.0],
                [0.999841, -0.015522, -0.008817, 0.0, 0.01562, 0.521628, 0.853031, 0.374721, -0.008641, -0.853032, 0.521787, 0.0, 0.0, 0.0, 0.0, 1.0],
                [0.999823, -0.016074, -0.009786, 0.0, 0.016176, 0.468313, 0.883415, 0.374721, -0.009617, -0.883417, 0.46849, 0.0, 0.0, 0.0, 0.0, 1.0],
                [0.999789, -0.016939, -0.011668, -0.0, 0.017046, 0.364865, 0.930904, 0.374721, -0.011511, -0.930906, 0.365077, 0.0, 0.0, 0.0, 0.0, 1.0],
                [0.999779, -0.017133, -0.012188, -0.0, 0.017242, 0.336272, 0.941607, 0.374721, -0.012034, -0.941609, 0.336494, 0.0, 0.0, 0.0, 0.0, 1.0],
                [0.99981, -0.016426, -0.010486, -0.0, 0.01653, 0.429874, 0.902738, 0.374721, -0.010321, -0.90274, 0.430063, -0.0, 0.0, 0.0, 0.0, 1.0],
                [0.999851, -0.015168, -0.008262, -0.0, 0.015265, 0.552114, 0.833629, 0.374721, -0.008083, -0.833631, 0.552263, -0.0, 0.0, 0.0, 0.0, 1.0],
                [0.999861, -0.014798, -0.007724, 0.0, 0.014891, 0.581724, 0.813251, 0.374721, -0.007541, -0.813252, 0.581863, 0.0, 0.0, 0.0, 0.0, 1.0],
                [0.99985, -0.01519, -0.008294, -0.0, 0.015286, 0.550337, 0.834803, 0.374721, -0.008116, -0.834804, 0.550487, -0.0, 0.0, 0.0, 0.0, 1.0],
                [0.999843, -0.015453, -0.008705, -0.0, 0.01555, 0.527778, 0.849241, 0.374721, -0.008529, -0.849242, 0.527935, 0.0, 0.0, 0.0, 0.0, 1.0],
                [0.999838, -0.015604, -0.008954, 0.0, 0.015703, 0.514102, 0.857585, 0.374721, -0.008779, -0.857587, 0.514264, -0.0, 0.0, 0.0, 0.0, 1.0],
                [0.999836, -0.015674, -0.009071, -0.0, 0.015774, 0.507635, 0.861428, 0.374721, -0.008897, -0.86143, 0.507799, -0.0, 0.0, 0.0, 0.0, 1.0],
                [0.999835, -0.015696, -0.009108, 0.0, 0.015795, 0.505609, 0.862619, 0.374721, -0.008934, -0.86262, 0.505774, 0.0, 0.0, 0.0, 0.0, 1.0],
                [0.999835, -0.015698, -0.009112, 0.0, 0.015798, 0.50537, 0.862758, 0.374721, -0.008939, -0.86276, 0.505535, -0.0, 0.0, 0.0, 0.0, 1.0],
                [0.999835, -0.015698, -0.009111, -0.0, 0.015797, 0.505455, 0.862709, 0.374721, -0.008937, -0.862711, 0.505619, -0.0, 0.0, 0.0, 0.0, 1.0],
                [0.999835, -0.015695, -0.009105, 0.0, 0.015794, 0.505751, 0.862535, 0.374721, -0.008932, -0.862536, 0.505916, -0.0, 0.0, 0.0, 0.0, 1.0],
                [0.999835, -0.015688, -0.009095, -0.0, 0.015788, 0.506334, 0.862193, 0.374721, -0.008921, -0.862195, 0.506499, -0.0, 0.0, 0.0, 0.0, 1.0],
                [0.999836, -0.015678, -0.009078, 0.0, 0.015777, 0.507284, 0.861635, 0.374721, -0.008904, -0.861636, 0.507448, -0.0, 0.0, 0.0, 0.0, 1.0],
                [0.999836, -0.015663, -0.009052, 0.0, 0.015762, 0.508697, 0.860802, 0.374721, -0.008878, -0.860803, 0.50886, -0.0, 0.0, 0.0, 0.0, 1.0],
                [0.999837, -0.015642, -0.009016, -0.0, 0.015741, 0.510676, 0.859629, 0.374721, -0.008842, -0.859631, 0.510839, 0.0, 0.0, 0.0, 0.0, 1.0],
                [0.999838, -0.015613, -0.008967, 0.0, 0.015712, 0.513337, 0.858044, 0.374721, -0.008793, -0.858046, 0.513498, 0.0, 0.0, 0.0, 0.0, 1.0],
                [0.999839, -0.015575, -0.008905, 0.0, 0.015674, 0.516805, 0.85596, 0.374721, -0.00873, -0.855962, 0.516965, -0.0, 0.0, 0.0, 0.0, 1.0],
                [0.999841, -0.015526, -0.008824, -0.0, 0.015625, 0.521211, 0.853284, 0.37472, -0.008649, -0.853286, 0.521371, -0.0, 0.0, 0.0, 0.0, 1.0],
                [0.999842, -0.015465, -0.008725, -0.0, 0.015563, 0.526693, 0.849914, 0.374721, -0.008549, -0.849915, 0.526851, -0.0, 0.0, 0.0, 0.0, 1.0],
                [0.999844, -0.015389, -0.008603, -0.0, 0.015486, 0.533388, 0.845729, 0.374721, -0.008426, -0.845731, 0.533544, -0.0, 0.0, 0.0, 0.0, 1.0],
                [0.999847, -0.015294, -0.008454, 0.0, 0.015391, 0.541565, 0.840518, 0.374721, -0.008277, -0.84052, 0.541718, -0.0, 0.0, 0.0, 0.0, 1.0],
                [0.999851, -0.015181, -0.008281, 0.0, 0.015277, 0.551072, 0.834318, 0.374721, -0.008102, -0.834319, 0.551221, -0.0, 0.0, 0.0, 0.0, 1.0],
                [0.999854, -0.015045, -0.008078, 0.0, 0.01514, 0.562223, 0.826847, 0.374721, -0.007898, -0.826849, 0.562369, 0.0, 0.0, 0.0, 0.0, 1.0],
                [0.999859, -0.014882, -0.007844, -0.0, 0.014977, 0.575108, 0.817941, 0.374721, -0.007662, -0.817942, 0.575249, 0.0, 0.0, 0.0, 0.0, 1.0],
                [0.999863, -0.014691, -0.007576, 0.0, 0.014784, 0.589835, 0.807389, 0.374721, -0.007393, -0.80739, 0.589971, 0.0, 0.0, 0.0, 0.0, 1.0],
                [0.999869, -0.014464, -0.007273, -0.0, 0.014556, 0.606504, 0.794947, 0.374721, -0.007087, -0.794949, 0.606635, 0.0, 0.0, 0.0, 0.0, 1.0],
                [0.999875, -0.014199, -0.006933, 0.0, 0.014289, 0.625206, 0.780329, 0.374721, -0.006746, -0.780331, 0.625331, -0.0, 0.0, 0.0, 0.0, 1.0],
                [0.999883, -0.013884, -0.006551, 0.0, 0.013972, 0.646163, 0.763072, 0.374721, -0.006362, -0.763073, 0.646281, -0.0, 0.0, 0.0, 0.0, 1.0],
                [0.99989, -0.013519, -0.006134, 0.0, 0.013605, 0.669118, 0.743032, 0.374721, -0.005941, -0.743034, 0.669227, -0.0, 0.0, 0.0, 0.0, 1.0],
                [0.999899, -0.013091, -0.005674, -0.0, 0.013174, 0.694397, 0.719473, 0.374721, -0.005479, -0.719473, 0.694498, -0.0, 0.0, 0.0, 0.0, 1.0],
                [0.999907, -0.012588, -0.005172, 0.0, 0.012668, 0.72199, 0.691787, 0.374721, -0.004974, -0.691789, 0.722083, 0.0, 0.0, 0.0, 0.0, 1.0],
                [0.999918, -0.011992, -0.004626, 0.0, 0.012068, 0.752018, 0.659032, 0.374721, -0.004424, -0.659034, 0.752101, -0.0, 0.0, 0.0, 0.0, 1.0],
                [0.999928, -0.011284, -0.004037, 0.0, 0.011355, 0.784416, 0.620131, 0.374721, -0.003831, -0.620132, 0.784488, -0.0, 0.0, 0.0, 0.0, 1.0],
                [0.999939, -0.010514, -0.003461, 0.0, 0.010581, 0.816093, 0.577824, 0.374721, -0.003251, -0.577826, 0.816154, -0.0, 0.0, 0.0, 0.0, 1.0],
                [0.999948, -0.009778, -0.002966, -0.0, 0.00984, 0.843299, 0.537355, 0.374721, -0.002753, -0.537356, 0.843351, -0.0, 0.0, 0.0, 0.0, 1.0],
                [0.999955, -0.009122, -0.002567, -0.0, 0.00918, 0.8652, 0.501344, 0.374721, -0.002352, -0.501345, 0.865245, 0.0, 0.0, 0.0, 0.0, 1.0],
                [0.999961, -0.008586, -0.002269, 0.0, 0.008641, 0.881607, 0.471905, 0.374721, -0.002052, -0.471906, 0.881647, -0.0, 0.0, 0.0, 0.0, 1.0],
                [0.999964, -0.008221, -0.002078, -0.0, 0.008273, 0.892072, 0.451817, 0.374721, -0.00186, -0.451818, 0.892108, -0.0, 0.0, 0.0, 0.0, 1.0],
                [0.999966, -0.008051, -0.001993, -0.0, 0.008102, 0.896757, 0.44245, 0.374721, -0.001775, -0.442451, 0.896791, 0.0, 0.0, 0.0, 0.0, 1.0],
                [0.999966, -0.008084, -0.00201, 0.0, 0.008135, 0.895858, 0.444266, 0.374721, -0.001791, -0.444267, 0.895893, 0.0, 0.0, 0.0, 0.0, 1.0],
                [0.999964, -0.008301, -0.002119, -0.0, 0.008353, 0.889847, 0.456183, 0.374721, -0.001901, -0.456184, 0.889883, -0.0, 0.0, 0.0, 0.0, 1.0],
                [0.99996, -0.008659, -0.002308, 0.0, 0.008714, 0.879467, 0.475881, 0.374721, -0.002091, -0.475882, 0.879507, 0.0, 0.0, 0.0, 0.0, 1.0],
                [0.999955, -0.009116, -0.002564, -0.0, 0.009174, 0.865399, 0.500999, 0.374721, -0.002349, -0.501, 0.865444, 0.0, 0.0, 0.0, 0.0, 1.0],
                [0.99995, -0.009616, -0.002864, 0.0, 0.009677, 0.848898, 0.528468, 0.374721, -0.002651, -0.528469, 0.848948, 0.0, 0.0, 0.0, 0.0, 1.0],
                [0.999944, -0.010123, -0.003191, -0.0, 0.010187, 0.830919, 0.5563, 0.374721, -0.00298, -0.556301, 0.830976, -0.0, 0.0, 0.0, 0.0, 1.0],
                [0.999938, -0.010599, -0.003521, 0.0, 0.010666, 0.812764, 0.582495, 0.374721, -0.003312, -0.582496, 0.812826, -0.0, 0.0, 0.0, 0.0, 1.0],
                [0.999932, -0.011021, -0.003833, 0.0, 0.011091, 0.795599, 0.605722, 0.374721, -0.003626, -0.605723, 0.795667, -0.0, 0.0, 0.0, 0.0, 1.0],
                [0.999927, -0.011377, -0.004111, 0.0, 0.011449, 0.780314, 0.625283, 0.374721, -0.003906, -0.625285, 0.780387, 0.0, 0.0, 0.0, 0.0, 1.0],
                [0.999923, -0.011649, -0.004333, -0.0, 0.011723, 0.768099, 0.640224, 0.374721, -0.00413, -0.640225, 0.768176, 0.0, 0.0, 0.0, 0.0, 1.0],
                [0.99992, -0.011832, -0.004488, 0.0, 0.011907, 0.759618, 0.65026, 0.374721, -0.004285, -0.650261, 0.759699, -0.0, 0.0, 0.0, 0.0, 1.0],
                [0.999918, -0.011921, -0.004564, 0.0, 0.011996, 0.755404, 0.65515, 0.374721, -0.004362, -0.655151, 0.755485, 0.0, 0.0, 0.0, 0.0, 1.0],
                [0.999919, -0.011914, -0.004559, 0.0, 0.01199, 0.755728, 0.654777, 0.374721, -0.004356, -0.654778, 0.755809, 0.0, 0.0, 0.0, 0.0, 1.0],
                [0.99992, -0.011811, -0.00447, -0.0, 0.011886, 0.760589, 0.649126, 0.374721, -0.004267, -0.649127, 0.760668, 0.0, 0.0, 0.0, 0.0, 1.0],
                [0.999924, -0.011614, -0.004304, -0.0, 0.011687, 0.769731, 0.638261, 0.374721, -0.0041, -0.638262, 0.769808, 0.0, 0.0, 0.0, 0.0, 1.0],
                [0.999928, -0.011324, -0.004069, -0.0, 0.011396, 0.782662, 0.622342, 0.374721, -0.003863, -0.622343, 0.782735, 0.0, 0.0, 0.0, 0.0, 1.0],
                [0.999933, -0.010945, -0.003775, -0.0, 0.011014, 0.798779, 0.601524, 0.374721, -0.003568, -0.601525, 0.798846, 0.0, 0.0, 0.0, 0.0, 1.0],
                [0.999939, -0.010489, -0.003443, -0.0, 0.010555, 0.817066, 0.576447, 0.374721, -0.003233, -0.576449, 0.817127, -0.0, 0.0, 0.0, 0.0, 1.0],
                [0.999946, -0.009962, -0.003085, -0.0, 0.010025, 0.836745, 0.547502, 0.374721, -0.002873, -0.547503, 0.836799, -0.0, 0.0, 0.0, 0.0, 1.0],
                [0.999952, -0.009379, -0.002719, -0.0, 0.009439, 0.856856, 0.515471, 0.374721, -0.002505, -0.515472, 0.856903, 0.0, 0.0, 0.0, 0.0, 1.0],
                [0.999959, -0.008758, -0.002362, -0.0, 0.008814, 0.876486, 0.481347, 0.374721, -0.002146, -0.481348, 0.876527, -0.0, 0.0, 0.0, 0.0, 1.0],
                [0.999965, -0.008132, -0.002034, -0.0, 0.008184, 0.894529, 0.446934, 0.374721, -0.001816, -0.446935, 0.894564, -0.0, 0.0, 0.0, 0.0, 1.0],
                [0.99997, -0.007524, -0.001743, -0.0, 0.007571, 0.910483, 0.413478, 0.374721, -0.001523, -0.413479, 0.910512, 0.0, 0.0, 0.0, 0.0, 1.0],
                [0.999975, -0.00698, -0.001507, 0.0, 0.007024, 0.923477, 0.383589, 0.374721, -0.001286, -0.38359, 0.923503, 0.0, 0.0, 0.0, 0.0, 1.0],
                [0.999978, -0.00654, -0.001331, -0.0, 0.006581, 0.933162, 0.359396, 0.374721, -0.001108, -0.359396, 0.933184, 0.0, 0.0, 0.0, 0.0, 1.0],
