{
    "animation": [
        {
            "name": "Root",
            "time": [0.0, 0.0167, 0.0333, 0.05, 0.0667, 0.0833, 0.1, 0.1167, 0.1333, 0.15, 0.1667, 0.1833, 0.2, 0.2167, 0.2333, 0.25, 0.2667, 0.2833, 0.3, 0.3167, 0.3333, 0.35, 0.3667, 0.3833, 0.4, 0.4167, 0.4333, 0.45, 0.4667, 0.4833, 0.5, 0.5167, 0.5333, 0.55, 0.5667, 0.5833, 0.6, 0.6167, 0.6333, 0.65, 0.6667, 0.6833, 0.7, 0.7167, 0.7333, 0.75, 0.7667, 0.7833, 0.8, 0.8167, 0.8333, 0.85, 0.8667, 0.8833, 0.9, 0.9167, 0.9333, 0.95, 0.9667, 0.9833, 1.0, 1.0167, 1.0333, 1.05, 1.0667, 1.0833, 1.1, 1.1167, 1.1333, 1.15, 1.1667, 1.1833, 1.2, 1.2167, 1.2333, 1.25, 1.2667, 1.2833, 1.3, 1.3167, 1.3333],
            "transform": [
                [0.708627, 0.0, -0.705584, -5e-06, -0.705584, 0.0, -0.708627, 0.000946, 0.0, 1.0, 0.0, 0.72401, 0.0, 0.0, 0.0, 1.0],
                [0.70727, -0.000193, -0.706943, 5e-06, -0.706943, -0.000357, -0.70727, 0.000964, -0.000116, 1.0, -0.000389, 0.72401, 0.0, 0.0, 0.0, 1.0],
                [0.703154, -0.000777, -0.711037, 3.4e-05, -0.711037, -0.001438, -0.703153, 0.001018, -0.000476, 0.999999, -0.001563, 0.72401, 0.0, 0.0, 0.0, 1.0],
                [0.696252, -0.001747, -0.717795, 8.3e-05, -0.717796, -0.003236, -0.696246, 0.001108, -0.001106, 0.999993, -0.003507, 0.72401, 0.0, 0.0, 0.0, 1.0],
                [0.686633, -0.003086, -0.726998, 0.00015, -0.727002, -0.005714, -0.686612, 0.001232, -0.002035, 0.999979, -0.006166, 0.724011, 0.0, 0.0, 0.0, 1.0],
                [0.674506, -0.004749, -0.738254, 0.000233, -0.738262, -0.008793, -0.674457, 0.001386, -0.003289, 0.99995, -0.009437, 0.724012, 0.0, 0.0, 0.0, 1.0],
                [0.660268, -0.006669, -0.751001, 0.000329, -0.751014, -0.012349, -0.66017, 0.001564, -0.004872, 0.999901, -0.013163, 0.724015, 0.0, 0.0, 0.0, 1.0],
                [0.64452, -0.008757, -0.764537, 0.000433, -0.764558, -0.016214, -0.644351, 0.001757, -0.006754, 0.99983, -0.017145, 0.724018, 0.0, 0.0, 0.0, 1.0],
                [0.628045, -0.010902, -0.778101, 0.00054, -0.778127, -0.020185, -0.627783, 0.001956, -0.008862, 0.999737, -0.02116, 0.724023, 0.0, 0.0, 0.0, 1.0],
                [0.611736, -0.012989, -0.790955, 0.000645, -0.790984, -0.024048, -0.611364, 0.002149, -0.01108, 0.999626, -0.024985, 0.724029, 0.0, 0.0, 0.0, 1.0],
                [0.596494, -0.014909, -0.802479, 0.000741, -0.802508, -0.027603, -0.596003, 0.002327, -0.013265, 0.999508, -0.02843, 0.724035, 0.0, 0.0, 0.0, 1.0],
                [0.58312, -0.016572, -0.812217, 0.000824, -0.812243, -0.03068, -0.582512, 0.00248, -0.015265, 0.999392, -0.031351, 0.72404, 0.0, 0.0, 0.0, 1.0],
                [0.572242, -0.01791, -0.819889, 0.000891, -0.81991, -0.033156, -0.571532, 0.002604, -0.016948, 0.99929, -0.033658, 0.724046, 0.0, 0.0, 0.0, 1.0],
                [0.564286, -0.018881, -0.825364, 0.000939, -0.825379, -0.034951, -0.563496, 0.002694, -0.018208, 0.999211, -0.035306, 0.724049, 0.0, 0.0, 0.0, 1.0],
                [0.559478, -0.019464, -0.828616, 0.000969, -0.828628, -0.036031, -0.55864, 0.002748, -0.018982, 0.999161, -0.036287, 0.724052, 0.0, 0.0, 0.0, 1.0],
                [0.557884, -0.019657, -0.829686, 0.000978, -0.829696, -0.036388, -0.557028, 0.002766, -0.019241, 0.999144, -0.03661, 0.724053, 0.0, 0.0, 0.0, 1.0],
                [0.557917, -0.019657, -0.829664, 0.000978, -0.829674, -0.036388, -0.557062, 0.004717, -0.019239, 0.999144, -0.03661, 0.724192, 0.0, 0.0, 0.0, 1.0],
                [0.558172, -0.019657, -0.829493, 0.000978, -0.829503, -0.036388, -0.557316, 0.010621, -0.019228, 0.999144, -0.036616, 0.724615, 0.0, 0.0, 0.0, 1.0],
                [0.558932, -0.019657, -0.82898, 0.000978, -0.828991, -0.036388, -0.558077, 0.020515, -0.019194, 0.999144, -0.036634, 0.725326, 0.0, 0.0, 0.0, 1.0],
                [0.560551, -0.019657, -0.827886, 0.000978, -0.827899, -0.036388, -0.559696, 0.034374, -0.019123, 0.999144, -0.036671, 0.726325, 0.0, 0.0, 0.0, 1.0],
                [0.563438, -0.019657, -0.825924, 0.000978, -0.82594, -0.036388, -0.562583, 0.052095, -0.018995, 0.999144, -0.036738, 0.727607, 0.0, 0.0, 0.0, 1.0],
                [0.56802, -0.019657, -0.82278, 0.000978, -0.8228, -0.036388, -0.567164, 0.073478, -0.01879, 0.999144, -0.036843, 0.729161, 0.0, 0.0, 0.0, 1.0],
                [0.574689, -0.019657, -0.818136, 0.000978, -0.818163, -0.036388, -0.573834, 0.098211, -0.01849, 0.999144, -0.036994, 0.730968, 0.0, 0.0, 0.0, 1.0],
                [0.583736, -0.019657, -0.811706, 0.000978, -0.811742, -0.036388, -0.582881, 0.125865, -0.018078, 0.999144, -0.037197, 0.733, 0.0, 0.0, 0.0, 1.0],
                [0.5953, -0.019657, -0.803263, 0.000978, -0.803312, -0.036388, -0.594446, 0.155894, -0.017544, 0.999144, -0.037452, 0.735221, 0.0, 0.0, 0.0, 1.0],
                [0.609349, -0.019657, -0.792659, 0.000978, -0.792723, -0.036388, -0.608495, 0.187644, -0.016882, 0.999144, -0.037755, 0.737588, 0.0, 0.0, 0.0, 1.0],
                [0.625694, -0.019657, -0.779821, 0.000978, -0.779903, -0.036388, -0.624842, 0.22038, -0.016093, 0.999144, -0.038098, 0.740052, 0.0, 0.0, 0.0, 1.0],
                [0.644038, -0.019657, -0.764741, 0.000978, -0.764843, -0.036388, -0.643188, 0.253321, -0.015184, 0.999144, -0.03847, 0.742558, 0.0, 0.0, 0.0, 1.0],
                [0.664017, -0.019657, -0.747459, 0.000978, -0.747583, -0.036388, -0.663171, 0.285682, -0.014162, 0.999144, -0.038857, 0.745053, 0.0, 0.0, 0.0, 1.0],
                [0.685251, -0.019657, -0.728042, 0.000978, -0.728191, -0.036388, -0.684408, 0.316716, -0.013038, 0.999144, -0.039249, 0.747483, 0.0, 0.0, 0.0, 1.0],
                [0.749531, -0.019657, -0.661677, 0.000978, -0.661903, -0.036388, -0.748706, 0.345748, -0.009359, 0.999144, -0.040285, 0.749803, 0.0, 0.0, 0.0, 1.0],
                [0.873932, -0.019657, -0.485651, 0.000978, -0.486048, -0.036388, -0.873174, 0.372205, -0.000508, 0.999144, -0.041355, 0.751969, 0.0, 0.0, 0.0, 1.0],
                [0.982572, -0.019657, -0.184838, 0.000978, -0.185454, -0.036388, -0.981979, 0.395628, 0.012577, 0.999144, -0.039399, 0.753948, 0.0, 0.0, 0.0, 1.0],
                [0.980704, -0.019657, 0.194507, 0.000978, 0.193714, -0.036388, -0.980383, 0.415675, 0.026349, 0.999144, -0.031878, 0.755716, 0.0, 0.0, 0.0, 1.0],
                [0.840455, -0.019657, 0.541525, 0.000978, 0.540669, -0.036388, -0.840448, 0.432113, 0.036226, 0.999144, -0.019954, 0.757252, 0.0, 0.0, 0.0, 1.0],
                [0.637828, -0.019657, 0.769928, 0.000978, 0.76911, -0.036388, -0.63808, 0.444806, 0.040559, 0.999144, -0.008091, 0.758547, 0.0, 0.0, 0.0, 1.0],
                [0.477699, -0.019657, 0.878304, 0.000978, 0.87755, -0.036388, -0.478103, 0.453702, 0.041358, 0.999144, -0.000132, 0.759594, 0.0, 0.0, 0.0, 1.0],
                [0.419942, -0.019657, 0.907338, 0.000978, 0.906612, -0.036388, -0.420394, 0.45881, 0.04128, 0.999144, 0.002541, 0.760391, 0.0, 0.0, 0.0, 1.0],
                [0.419942, -0.019657, 0.907338, 0.000978, 0.906612, -0.036388, -0.420394, 0.461972, 0.04128, 0.999144, 0.002541, 0.761051, 0.0, 0.0, 0.0, 1.0],
                [0.419942, -0.019657, 0.907338, 0.000978, 0.906612, -0.036388, -0.420394, 0.464987, 0.04128, 0.999144, 0.002541, 0.761679, 0.0, 0.0, 0.0, 1.0],
                [0.419942, -0.019657, 0.907338, 0.000978, 0.906612, -0.036388, -0.420394, 0.467842, 0.04128, 0.999144, 0.002541, 0.762275, 0.0, 0.0, 0.0, 1.0],
                [0.419942, -0.019657, 0.907338, 0.000978, 0.906612, -0.036388, -0.420394, 0.470525, 0.04128, 0.999144, 0.002541, 0.762834, 0.0, 0.0, 0.0, 1.0],
                [0.419942, -0.019657, 0.907338, 0.000978, 0.906612, -0.036388, -0.420394, 0.473023, 0.04128, 0.999144, 0.002541, 0.763355, 0.0, 0.0, 0.0, 1.0],
                [0.419942, -0.019657, 0.907338, 0.000978, 0.906612, -0.036388, -0.420394, 0.475325, 0.04128, 0.999144, 0.002541, 0.763835, 0.0, 0.0, 0.0, 1.0],
                [0.419942, -0.019657, 0.907338, 0.000978, 0.906612, -0.036388, -0.420394, 0.47742, 0.04128, 0.999144, 0.002541, 0.764272, 0.0, 0.0, 0.0, 1.0],
                [0.419942, -0.019657, 0.907338, 0.000978, 0.906612, -0.036388, -0.420394, 0.479303, 0.04128, 0.999144, 0.002541, 0.764665, 0.0, 0.0, 0.0, 1.0],
                [0.419942, -0.019657, 0.907338, 0.000978, 0.906612, -0.036388, -0.420394, 0.48097, 0.04128, 0.999144, 0.002541, 0.765012, 0.0, 0.0, 0.0, 1.0],
                [0.419942, -0.019657, 0.907338, 0.000978, 0.906612, -0.036388, -0.420394, 0.48242, 0.04128, 0.999144, 0.002541, 0.765314, 0.0, 0.0, 0.0, 1.0],
                [0.419942, -0.019657, 0.907338, 0.000978, 0.906612, -0.036388, -0.420394, 0.483658, 0.04128, 0.999144, 0.002541, 0.765573, 0.0, 0.0, 0.0, 1.0],
                [0.419942, -0.019657, 0.907338, 0.000978, 0.906612, -0.036388, -0.420394, 0.484693, 0.04128, 0.999144, 0.002541, 0.765788, 0.0, 0.0, 0.0, 1.0],
                [0.419942, -0.019657, 0.907338, 0.000978, 0.906612, -0.036388, -0.420394, 0.485539, 0.04128, 0.999144, 0.002541, 0.765965, 0.0, 0.0, 0.0, 1.0],
                [0.419942, -0.019657, 0.907338, 0.000978, 0.906612, -0.036388, -0.420394, 0.486213, 0.04128, 0.999144, 0.002541, 0.766105, 0.0, 0.0, 0.0, 1.0],
                [0.419942, -0.019657, 0.907338, 0.000978, 0.906612, -0.036388, -0.420394, 0.486734, 0.04128, 0.999144, 0.002541, 0.766214, 0.0, 0.0, 0.0, 1.0],
                [0.419942, -0.019657, 0.907338, 0.000978, 0.906612, -0.036388, -0.420394, 0.487123, 0.04128, 0.999144, 0.002541, 0.766295, 0.0, 0.0, 0.0, 1.0],
                [0.419942, -0.019657, 0.907338, 0.000978, 0.906612, -0.036388, -0.420394, 0.487402, 0.04128, 0.999144, 0.002541, 0.766353, 0.0, 0.0, 0.0, 1.0],
                [0.419942, -0.019657, 0.907338, 0.000978, 0.906612, -0.036388, -0.420394, 0.487591, 0.04128, 0.999144, 0.002541, 0.766393, 0.0, 0.0, 0.0, 1.0],
                [0.419942, -0.019657, 0.907338, 0.000978, 0.906612, -0.036388, -0.420394, 0.487712, 0.04128, 0.999144, 0.002541, 0.766418, 0.0, 0.0, 0.0, 1.0],
                [0.419942, -0.019657, 0.907338, 0.000978, 0.906612, -0.036388, -0.420394, 0.487781, 0.04128, 0.999144, 0.002541, 0.766432, 0.0, 0.0, 0.0, 1.0],
                [0.419942, -0.019657, 0.907338, 0.000978, 0.906612, -0.036388, -0.420394, 0.487814, 0.04128, 0.999144, 0.002541, 0.766439, 0.0, 0.0, 0.0, 1.0],
                [0.419942, -0.019657, 0.907338, 0.000978, 0.906612, -0.036388, -0.420394, 0.487825, 0.04128, 0.999144, 0.002541, 0.766442, 0.0, 0.0, 0.0, 1.0],
                [0.419942, -0.019657, 0.907338, 0.000978, 0.906612, -0.036388, -0.420394, 0.487827, 0.04128, 0.999144, 0.002541, 0.766442, 0.0, 0.0, 0.0, 1.0],
                [0.429523, -0.019549, 0.902844, 0.000973, 0.902121, -0.036187, -0.429962, 0.485144, 0.041077, 0.999154, 0.002092, 0.766208, 0.0, 0.0, 0.0, 1.0],
                [0.458186, -0.019221, 0.888649, 0.000956, 0.887936, -0.035582, -0.458588, 0.477033, 0.040434, 0.999182, 0.000764, 0.7655, 0.0, 0.0, 0.0, 1.0],
                [0.505052, -0.018674, 0.862887, 0.000929, 0.862195, -0.034569, -0.505395, 0.463472, 0.039267, 0.999228, -0.001358, 0.764317, 0.0, 0.0, 0.0, 1.0],
                [0.568003, -0.01791, 0.822831, 0.000891, 0.822173, -0.033156, -0.568271, 0.444549, 0.037459, 0.99929, -0.004107, 0.762667, 0.0, 0.0, 0.0, 1.0],
                [0.643403, -0.016939, 0.76534, 0.000842, 0.764731, -0.031359, -0.643586, 0.420499, 0.034902, 0.999365, -0.007223, 0.760569, 0.0, 0.0, 0.0, 1.0],
                [0.725944, -0.015778, 0.687573, 0.000784, 0.687031, -0.02921, -0.726041, 0.391731, 0.031539, 0.999449, -0.010365, 0.75806, 0.0, 0.0, 0.0, 1.0],
                [0.808802, -0.01445, 0.587904, 0.000718, 0.587442, -0.026753, -0.808824, 0.358846, 0.027416, 0.999538, -0.013149, 0.755193, 0.0, 0.0, 0.0, 1.0],
                [0.884251, -0.012989, 0.466832, 0.000645, 0.46646, -0.024048, -0.884216, 0.322647, 0.022711, 0.999626, -0.015206, 0.752037, 0.0, 0.0, 0.0, 1.0],
                [0.944753, -0.011433, 0.327584, 0.000567, 0.327303, -0.021169, -0.944682, 0.284119, 0.017735, 0.999711, -0.016257, 0.748678, 0.0, 0.0, 0.0, 1.0],
                [0.984322, -0.009829, 0.176108, 0.000487, 0.175911, -0.018199, -0.984238, 0.244387, 0.012879, 0.999786, -0.016185, 0.745215, 0.0, 0.0, 0.0, 1.0],
                [0.99976, -0.008225, 0.020309, 0.000407, 0.020182, -0.01523, -0.99968, 0.204655, 0.008532, 0.99985, -0.01506, 0.741753, 0.0, 0.0, 0.0, 1.0],
                [0.991322, -0.006669, -0.131287, 0.000329, -0.131362, -0.012349, -0.991258, 0.166127, 0.00499, 0.999901, -0.013118, 0.738396, 0.0, 0.0, 0.0, 1.0],
                [0.962558, -0.005208, -0.271026, 0.000256, -0.271065, -0.009643, -0.962513, 0.129928, 0.002399, 0.99994, -0.010694, 0.735242, 0.0, 0.0, 0.0, 1.0],
                [0.919418, -0.00388, -0.393262, 0.000189, -0.393281, -0.007185, -0.91939, 0.097043, 0.000742, 0.999967, -0.008132, 0.732378, 0.0, 0.0, 0.0, 1.0],
                [0.868976, -0.002718, -0.494847, 0.000131, -0.494855, -0.005034, -0.868961, 0.068274, -0.000129, 0.999984, -0.00572, 0.729873, 0.0, 0.0, 0.0, 1.0],
                [0.818195, -0.001747, -0.574938, 8.3e-05, -0.57494, -0.003236, -0.818189, 0.044225, -0.000431, 0.999993, -0.003652, 0.727778, 0.0, 0.0, 0.0, 1.0],
                [0.773042, -0.000983, -0.634354, 4.5e-05, -0.634355, -0.001821, -0.77304, 0.025302, -0.000395, 0.999998, -0.002032, 0.726131, 0.0, 0.0, 0.0, 1.0],
                [0.738017, -0.000436, -0.674782, 1.7e-05, -0.674782, -0.000807, -0.738017, 0.01174, -0.000223, 1.0, -0.00089, 0.72495, 0.0, 0.0, 0.0, 1.0],
                [0.716055, -0.000108, -0.698044, 1e-06, -0.698044, -0.000201, -0.716055, 0.00363, -6.2e-05, 1.0, -0.000219, 0.724244, 0.0, 0.0, 0.0, 1.0],
                [0.708627, 0.0, -0.705584, -5e-06, -0.705584, 0.0, -0.708627, 0.000946, 0.0, 1.0, 0.0, 0.72401, 0.0, 0.0, 0.0, 1.0]
            ]
        },
        {
            "name": "Thigh_R",
            "time": [0.0, 0.0167, 0.0333, 0.05, 0.0667, 0.0833, 0.1, 0.1167, 0.1333, 0.15, 0.1667, 0.1833, 0.2, 0.2167, 0.2333, 0.25, 0.2667, 0.2833, 0.3, 0.3167, 0.3333, 0.35, 0.3667, 0.3833, 0.4, 0.4167, 0.4333, 0.45, 0.4667, 0.4833, 0.5, 0.5167, 0.5333, 0.55, 0.5667, 0.5833, 0.6, 0.6167, 0.6333, 0.65, 0.6667, 0.6833, 0.7, 0.7167, 0.7333, 0.75, 0.7667, 0.7833, 0.8, 0.8167, 0.8333, 0.85, 0.8667, 0.8833, 0.9, 0.9167, 0.9333, 0.95, 0.9667, 0.9833, 1.0, 1.0167, 1.0333, 1.05, 1.0667, 1.0833, 1.1, 1.1167, 1.1333, 1.15, 1.1667, 1.1833, 1.2, 1.2167, 1.2333, 1.25, 1.2667, 1.2833, 1.3, 1.3167, 1.3333],
            "transform": [
                [0.875002, -0.038975, -0.482547, 0.124994, 0.325372, -0.69072, 0.645785, -0.002831, -0.358474, -0.722071, -0.591701, -1.2e-05, 0.0, 0.0, 0.0, 1.0],
                [0.874238, -0.040328, -0.483819, 0.124994, 0.325495, -0.690716, 0.645728, -0.002831, -0.360222, -0.722001, -0.590724, -1.2e-05, 0.0, 0.0, 0.0, 1.0],
                [0.871906, -0.044415, -0.487655, 0.124994, 0.325871, -0.690703, 0.645551, -0.002831, -0.365497, -0.721773, -0.587755, -1.2e-05, 0.0, 0.0, 0.0, 1.0],
                [0.867948, -0.051198, -0.494008, 0.124994, 0.326512, -0.690684, 0.645248, -0.002831, -0.374239, -0.721342, -0.582762, -1.2e-05, 0.0, 0.0, 0.0, 1.0],
                [0.862339, -0.06051, -0.502702, 0.124994, 0.327429, -0.690661, 0.644808, -0.002831, -0.386214, -0.720643, -0.575772, -1.2e-05, 0.0, 0.0, 0.0, 1.0],
                [0.855118, -0.072024, -0.513406, 0.124994, 0.328618, -0.690638, 0.644227, -0.002831, -0.400978, -0.719605, -0.566909, -1.2e-05, 0.0, 0.0, 0.0, 1.0],
                [0.846437, -0.085237, -0.525623, 0.124994, 0.330061, -0.690621, 0.643508, -0.002831, -0.417857, -0.718176, -0.556433, -1.2e-05, 0.0, 0.0, 0.0, 1.0],
                [0.836591, -0.099485, -0.538719, 0.124994, 0.331714, -0.690614, 0.642664, -0.002831, -0.435982, -0.716348, -0.544762, -1.2e-05, 0.0, 0.0, 0.0, 1.0],
                [0.826033, -0.114002, -0.551972, 0.124994, 0.333502, -0.690624, 0.641728, -0.002831, -0.454363, -0.714172, -0.532458, -1.2e-05, 0.0, 0.0, 0.0, 1.0],
                [0.815335, -0.128002, -0.564663, 0.124994, 0.335326, -0.690649, 0.640749, -0.002831, -0.472002, -0.711771, -0.520188, -1.2e-05, 0.0, 0.0, 0.0, 1.0],
                [0.805125, -0.140768, -0.576158, 0.124994, 0.337079, -0.690689, 0.639786, -0.002831, -0.488007, -0.709319, -0.508641, -1.2e-05, 0.0, 0.0, 0.0, 1.0],
                [0.796006, -0.151728, -0.585963, 0.124994, 0.338653, -0.690736, 0.638903, -0.002831, -0.501686, -0.707009, -0.498447, -1.2e-05, 0.0, 0.0, 0.0, 1.0],
                [0.788483, -0.160483, -0.593751, 0.124994, 0.339955, -0.690785, 0.638159, -0.002831, -0.512568, -0.705026, -0.490115, -1.2e-05, 0.0, 0.0, 0.0, 1.0],
                [0.78292, -0.166797, -0.599345, 0.124994, 0.340921, -0.690825, 0.6376, -0.002831, -0.520392, -0.70352, -0.483996, -1.2e-05, 0.0, 0.0, 0.0, 1.0],
                [0.779536, -0.170577, -0.602682, 0.124994, 0.34151, -0.690851, 0.637256, -0.002831, -0.525065, -0.702586, -0.48029, -1.2e-05, 0.0, 0.0, 0.0, 1.0],
                [0.77841, -0.171824, -0.603783, 0.124994, 0.341707, -0.69086, 0.63714, -0.002831, -0.526606, -0.702274, -0.479059, -1.2e-05, 0.0, 0.0, 0.0, 1.0],
                [0.778104, -0.168546, -0.6051, 0.124994, 0.34289, -0.69316, 0.634, -0.002831, -0.526289, -0.700801, -0.481558, -1.2e-05, 0.0, 0.0, 0.0, 1.0],
                [0.777274, -0.15842, -0.608891, 0.124994, 0.346436, -0.700087, 0.624387, -0.002831, -0.525192, -0.696262, -0.489277, -1.2e-05, 0.0, 0.0, 0.0, 1.0],
                [0.776082, -0.140928, -0.614682, 0.124994, 0.352299, -0.711544, 0.607939, -0.002831, -0.52305, -0.688362, -0.502569, -1.2e-05, 0.0, 0.0, 0.0, 1.0],
                [0.774735, -0.115493, -0.621648, 0.124994, 0.360359, -0.727215, 0.584207, -0.002831, -0.519544, -0.676623, -0.521781, -1.2e-05, 0.0, 0.0, 0.0, 1.0],
                [0.773475, -0.081592, -0.628553, 0.124994, 0.370427, -0.746502, 0.552737, -0.002831, -0.514314, -0.660361, -0.547178, -1.2e-05, 0.0, 0.0, 0.0, 1.0],
                [0.772563, -0.038912, -0.633745, 0.124994, 0.382239, -0.768485, 0.513151, -0.002831, -0.506991, -0.638683, -0.57883, -1.2e-05, 0.0, 0.0, 0.0, 1.0],
                [0.772245, 0.012505, -0.635202, 0.124994, 0.395457, -0.79197, 0.465185, -0.002831, -0.497243, -0.610432, -0.61654, -1.2e-05, 0.0, 0.0, 0.0, 1.0],
                [0.772717, 0.071791, -0.630678, 0.124994, 0.409708, -0.815301, 0.409174, -0.002831, -0.484817, -0.57457, -0.659411, -1.2e-05, 0.0, 0.0, 0.0, 1.0],
                [0.774091, 0.13754, -0.617953, 0.124994, 0.424575, -0.83684, 0.345594, -0.002831, -0.469594, -0.529888, -0.706186, -1.2e-05, 0.0, 0.0, 0.0, 1.0],
                [0.776391, 0.20754, -0.5951, 0.124994, 0.439639, -0.854902, 0.275424, -0.002831, -0.45159, -0.475466, -0.754982, -1.2e-05, 0.0, 0.0, 0.0, 1.0],
                [0.779565, 0.27904, -0.560727, 0.124994, 0.454487, -0.868034, 0.199893, -0.002831, -0.430952, -0.410673, -0.80351, -1.2e-05, 0.0, 0.0, 0.0, 1.0],
                [0.783509, 0.348826, -0.514232, 0.124994, 0.468747, -0.875059, 0.120614, -0.00283, -0.40791, -0.335547, -0.849127, -1.2e-05, 0.0, 0.0, 0.0, 1.0],
                [0.788104, 0.413829, -0.455671, 0.124994, 0.482072, -0.875269, 0.038868, -0.002831, -0.38275, -0.250299, -0.889299, -1.2e-05, 0.0, 0.0, 0.0, 1.0],
                [0.793233, 0.471122, -0.385777, 0.124994, 0.494176, -0.868237, -0.044194, -0.002831, -0.355767, -0.155586, -0.921533, -1.2e-05, 0.0, 0.0, 0.0, 1.0],
                [0.825481, 0.470987, -0.311048, 0.124994, 0.471492, -0.87835, -0.078713, -0.002831, -0.310282, -0.081681, -0.947128, -1.2e-05, 0.0, 0.0, 0.0, 1.0],
                [0.900877, 0.355713, -0.248775, 0.124994, 0.361212, -0.932153, -0.024809, -0.002831, -0.240721, -0.067511, -0.968243, -1.2e-05, 0.0, 0.0, 0.0, 1.0],
                [0.967116, 0.073126, -0.243594, 0.124994, 0.104323, -0.987551, 0.117725, -0.002831, -0.231953, -0.139266, -0.962706, -1.2e-05, 0.0, 0.0, 0.0, 1.0],
                [0.861137, -0.386562, -0.330171, 0.124994, -0.226399, -0.873115, 0.431755, -0.002831, -0.455177, -0.29705, -0.839389, -1.2e-05, 0.0, 0.0, 0.0, 1.0],
                [0.709662, -0.619702, -0.335183, 0.124994, -0.221094, -0.647597, 0.729201, -0.002831, -0.668951, -0.44338, -0.596588, -1.2e-05, 0.0, 0.0, 0.0, 1.0],
                [0.726308, -0.575975, -0.375139, 0.124994, -0.033861, -0.575078, 0.817397, -0.002831, -0.686535, -0.58098, -0.437187, -1.2e-05, 0.0, 0.0, 0.0, 1.0],
                [0.768011, -0.460494, -0.445089, 0.124994, 0.112233, -0.587448, 0.801441, -0.002831, -0.630525, -0.66547, -0.399484, -1.2e-05, 0.0, 0.0, 0.0, 1.0],
                [0.782252, -0.410077, -0.468955, 0.124994, 0.157399, -0.598254, 0.785695, -0.002831, -0.60275, -0.688425, -0.40344, -1.2e-05, 0.0, 0.0, 0.0, 1.0],
                [0.783093, -0.414882, -0.463291, 0.124994, 0.149371, -0.597672, 0.787702, -0.002831, -0.6037, -0.686046, -0.406062, -1.2e-05, 0.0, 0.0, 0.0, 1.0],
                [0.783845, -0.419432, -0.457889, 0.124994, 0.141715, -0.5971, 0.789549, -0.002831, -0.604568, -0.683774, -0.408595, -1.2e-05, 0.0, 0.0, 0.0, 1.0],
                [0.784514, -0.423713, -0.452773, 0.124994, 0.134463, -0.596541, 0.791237, -0.002831, -0.605356, -0.681619, -0.411022, -1.2e-05, 0.0, 0.0, 0.0, 1.0],
                [0.785104, -0.42771, -0.447968, 0.124994, 0.12765, -0.596004, 0.79277, -0.002831, -0.606066, -0.67959, -0.413328, -1.2e-05, 0.0, 0.0, 0.0, 1.0],
                [0.785619, -0.431409, -0.443495, 0.124994, 0.121307, -0.595491, 0.794149, -0.002831, -0.606701, -0.677698, -0.415497, -1.2e-05, 0.0, 0.0, 0.0, 1.0],
                [0.786065, -0.434799, -0.439377, 0.124994, 0.115464, -0.59501, 0.795381, -0.002831, -0.607264, -0.675953, -0.417513, -1.2e-05, 0.0, 0.0, 0.0, 1.0],
                [0.786446, -0.437868, -0.435629, 0.124994, 0.110146, -0.594563, 0.796468, -0.002831, -0.607758, -0.674362, -0.419363, -1.2e-05, 0.0, 0.0, 0.0, 1.0],
                [0.78677, -0.440613, -0.432265, 0.124994, 0.10537, -0.594157, 0.797417, -0.002831, -0.608186, -0.672931, -0.421037, -1.2e-05, 0.0, 0.0, 0.0, 1.0],
                [0.78704, -0.443032, -0.42929, 0.124994, 0.101145, -0.593792, 0.798235, -0.002831, -0.608553, -0.671664, -0.422528, -1.2e-05, 0.0, 0.0, 0.0, 1.0],
                [0.787264, -0.445128, -0.426703, 0.124994, 0.09747, -0.593471, 0.79893, -0.002831, -0.608863, -0.670561, -0.423832, -1.2e-05, 0.0, 0.0, 0.0, 1.0],
                [0.787447, -0.446912, -0.424496, 0.124994, 0.094334, -0.593195, 0.799512, -0.002831, -0.609121, -0.669618, -0.424951, -1.2e-05, 0.0, 0.0, 0.0, 1.0],
                [0.787593, -0.4484, -0.422651, 0.124994, 0.091712, -0.592962, 0.79999, -0.002831, -0.609332, -0.668829, -0.42589, -1.2e-05, 0.0, 0.0, 0.0, 1.0],
                [0.787709, -0.449613, -0.421144, 0.124994, 0.08957, -0.592771, 0.800374, -0.002831, -0.609501, -0.668184, -0.426659, -1.2e-05, 0.0, 0.0, 0.0, 1.0],
                [0.787798, -0.450577, -0.419945, 0.124994, 0.087865, -0.592618, 0.800676, -0.002831, -0.609634, -0.66767, -0.427274, -1.2e-05, 0.0, 0.0, 0.0, 1.0],
                [0.787865, -0.451321, -0.419018, 0.124994, 0.086547, -0.592499, 0.800908, -0.002831, -0.609735, -0.667273, -0.42775, -1.2e-05, 0.0, 0.0, 0.0, 1.0],
                [0.787915, -0.451877, -0.418326, 0.124994, 0.085562, -0.59241, 0.801079, -0.002831, -0.60981, -0.666976, -0.428106, -1.2e-05, 0.0, 0.0, 0.0, 1.0],
                [0.78795, -0.452274, -0.41783, 0.124994, 0.084857, -0.592346, 0.801201, -0.002831, -0.609863, -0.666763, -0.428361, -1.2e-05, 0.0, 0.0, 0.0, 1.0],
                [0.787974, -0.452545, -0.417493, 0.124994, 0.084377, -0.592303, 0.801284, -0.002831, -0.6099, -0.666618, -0.428535, -1.2e-05, 0.0, 0.0, 0.0, 1.0],
                [0.787988, -0.452716, -0.417279, 0.124994, 0.084073, -0.592275, 0.801337, -0.002831, -0.609922, -0.666526, -0.428645, -1.2e-05, 0.0, 0.0, 0.0, 1.0],
                [0.787997, -0.452814, -0.417157, 0.124994, 0.083898, -0.592259, 0.801367, -0.002831, -0.609935, -0.666474, -0.428708, -1.2e-05, 0.0, 0.0, 0.0, 1.0],
                [0.788001, -0.452861, -0.417097, 0.124994, 0.083815, -0.592252, 0.801381, -0.002831, -0.609942, -0.666448, -0.428739, -1.2e-05, 0.0, 0.0, 0.0, 1.0],
                [0.788002, -0.452878, -0.417077, 0.124994, 0.083785, -0.592249, 0.801386, -0.002831, -0.609944, -0.666439, -0.428749, -1.2e-05, 0.0, 0.0, 0.0, 1.0],
                [0.788003, -0.45288, -0.417074, 0.124994, 0.083781, -0.592249, 0.801387, -0.002831, -0.609944, -0.666438, -0.428751, -1.2e-05, 0.0, 0.0, 0.0, 1.0],
                [0.784857, -0.458107, -0.417297, 0.124994, 0.081458, -0.591296, 0.802329, -0.002831, -0.614299, -0.663707, -0.426767, -1.2e-05, 0.0, 0.0, 0.0, 1.0],
                [0.775519, -0.473199, -0.417915, 0.124994, 0.074581, -0.588661, 0.804932, -0.002831, -0.626904, -0.655408, -0.421227, -1.2e-05, 0.0, 0.0, 0.0, 1.0],
                [0.760644, -0.49603, -0.418778, 0.124994, 0.063549, -0.585103, 0.808465, -0.002831, -0.646051, -0.641567, -0.413533, -1.2e-05, 0.0, 0.0, 0.0, 1.0],
                [0.742091, -0.522654, -0.419682, 0.124994, 0.049152, -0.581996, 0.811704, -0.002831, -0.668494, -0.622987, -0.406205, -1.2e-05, 0.0, 0.0, 0.0, 1.0],
                [0.723854, -0.547175, -0.420279, 0.124994, 0.032594, -0.581343, 0.813006, -0.002831, -0.689182, -0.602196, -0.402973, -1.2e-05, 0.0, 0.0, 0.0, 1.0],
                [0.713189, -0.561417, -0.419729, 0.124994, 0.015724, -0.585817, 0.81029, -0.002831, -0.700796, -0.58449, -0.408971, -1.2e-05, 0.0, 0.0, 0.0, 1.0],
                [0.721014, -0.554786, -0.415152, 0.124994, 0.001569, -0.597825, 0.801625, -0.002831, -0.692918, -0.578634, -0.43017, -1.2e-05, 0.0, 0.0, 0.0, 1.0],
                [0.758693, -0.513667, -0.400663, 0.124994, -0.004644, -0.619283, 0.785153, -0.002831, -0.651432, -0.59383, -0.472231, -1.2e-05, 0.0, 0.0, 0.0, 1.0],
                [0.826177, -0.426414, -0.368242, 0.124994, 0.004713, -0.648341, 0.761335, -0.002831, -0.563391, -0.630733, -0.533634, -1.2e-05, 0.0, 0.0, 0.0, 1.0],
                [0.898574, -0.30086, -0.31945, 0.124994, 0.034723, -0.67694, 0.735218, -0.002831, -0.437446, -0.67174, -0.597834, -1.2e-05, 0.0, 0.0, 0.0, 1.0],
                [0.944958, -0.175053, -0.276425, 0.124994, 0.079882, -0.695843, 0.713737, -0.002831, -0.31729, -0.696533, -0.643559, -1.2e-05, 0.0, 0.0, 0.0, 1.0],
                [0.961458, -0.084159, -0.261756, 0.124994, 0.128696, -0.703536, 0.69891, -0.002831, -0.242974, -0.705659, -0.665589, -1.2e-05, 0.0, 0.0, 0.0, 1.0],
                [0.960149, -0.033755, -0.277442, 0.124994, 0.174148, -0.704164, 0.688349, -0.002831, -0.2186, -0.709234, -0.670225, -1.2e-05, 0.0, 0.0, 0.0, 1.0],
                [0.949755, -0.013048, -0.312723, 0.124994, 0.21411, -0.701699, 0.679541, -0.002831, -0.228304, -0.712354, -0.663648, -1.2e-05, 0.0, 0.0, 0.0, 1.0],
                [0.934504, -0.009927, -0.355814, 0.124994, 0.248136, -0.698524, 0.671187, -0.002831, -0.255207, -0.715518, -0.65031, -1.2e-05, 0.0, 0.0, 0.0, 1.0],
                [0.917239, -0.015536, -0.398032, 0.124994, 0.276065, -0.695551, 0.663322, -0.002831, -0.287157, -0.718309, -0.633698, -1.2e-05, 0.0, 0.0, 0.0, 1.0],
                [0.900595, -0.024014, -0.433996, 0.124994, 0.297766, -0.693293, 0.656263, -0.002831, -0.316646, -0.720256, -0.617225, -1.2e-05, 0.0, 0.0, 0.0, 1.0],
                [0.886934, -0.031857, -0.460796, 0.124994, 0.313182, -0.6918, 0.650638, -0.002831, -0.339506, -0.721386, -0.603604, -1.2e-05, 0.0, 0.0, 0.0, 1.0],
                [0.878057, -0.03714, -0.477112, 0.124994, 0.322348, -0.690978, 0.647024, -0.002831, -0.353705, -0.721921, -0.594747, -1.2e-05, 0.0, 0.0, 0.0, 1.0],
                [0.875002, -0.038975, -0.482547, 0.124994, 0.325372, -0.69072, 0.645785, -0.002831, -0.358474, -0.722071, -0.591701, -1.2e-05, 0.0, 0.0, 0.0, 1.0]
            ]
        },
        {
            "name": "Leg_R",
            "time": [0.0, 0.0167, 0.0333, 0.05, 0.0667, 0.0833, 0.1, 0.1167, 0.1333, 0.15, 0.1667, 0.1833, 0.2, 0.2167, 0.2333, 0.25, 0.2667, 0.2833, 0.3, 0.3167, 0.3333, 0.35, 0.3667, 0.3833, 0.4, 0.4167, 0.4333, 0.45, 0.4667, 0.4833, 0.5, 0.5167, 0.5333, 0.55, 0.5667, 0.5833, 0.6, 0.6167, 0.6333, 0.65, 0.6667, 0.6833, 0.7, 0.7167, 0.7333, 0.75, 0.7667, 0.7833, 0.8, 0.8167, 0.8333, 0.85, 0.8667, 0.8833, 0.9, 0.9167, 0.9333, 0.95, 0.9667, 0.9833, 1.0, 1.0167, 1.0333, 1.05, 1.0667, 1.0833, 1.1, 1.1167, 1.1333, 1.15, 1.1667, 1.1833, 1.2, 1.2167, 1.2333, 1.25, 1.2667, 1.2833, 1.3, 1.3167, 1.3333],
            "transform": [
                [0.99864, -0.03654, -0.037179, 0.0, 0.036655, -0.014893, 0.999217, 0.374721, -0.037065, -0.999221, -0.013534, -0.0, 0.0, 0.0, 0.0, 1.0],
                [0.998641, -0.03654, -0.037178, 0.0, 0.036655, -0.014876, 0.999217, 0.374721, -0.037065, -0.999222, -0.013517, 0.0, 0.0, 0.0, 0.0, 1.0],
                [0.99864, -0.036541, -0.037176, -0.0, 0.036655, -0.014821, 0.999218, 0.374721, -0.037063, -0.999222, -0.013462, -0.0, 0.0, 0.0, 0.0, 1.0],
                [0.99864, -0.03654, -0.037173, -0.0, 0.036655, -0.014726, 0.999219, 0.374721, -0.037059, -0.999224, -0.013367, 0.0, 0.0, 0.0, 0.0, 1.0],
                [0.998641, -0.03654, -0.037168, 0.0, 0.036656, -0.014585, 0.999222, 0.374721, -0.037054, -0.999225, -0.013225, 0.0, 0.0, 0.0, 0.0, 1.0],
                [0.99864, -0.036541, -0.037161, -0.0, 0.036656, -0.014394, 0.999224, 0.374721, -0.037048, -0.999228, -0.013035, -0.0, 0.0, 0.0, 0.0, 1.0],
                [0.998641, -0.03654, -0.037151, -0.0, 0.036655, -0.014154, 0.999228, 0.374721, -0.037037, -0.999232, -0.012795, 0.0, 0.0, 0.0, 0.0, 1.0],
                [0.998642, -0.036541, -0.037141, 0.0, 0.036656, -0.013865, 0.999232, 0.374721, -0.037028, -0.999236, -0.012507, 0.0, 0.0, 0.0, 0.0, 1.0],
                [0.998642, -0.036542, -0.03713, -0.0, 0.036656, -0.01354, 0.999236, 0.374721, -0.037016, -0.99924, -0.012182, -0.0, 0.0, 0.0, 0.0, 1.0],
                [0.998643, -0.036541, -0.037116, 0.0, 0.036656, -0.013193, 0.999241, 0.37472, -0.037003, -0.999245, -0.011836, 0.0, 0.0, 0.0, 0.0, 1.0],
                [0.998643, -0.036542, -0.037105, 0.0, 0.036657, -0.012847, 0.999245, 0.374721, -0.036991, -0.99925, -0.01149, 0.0, 0.0, 0.0, 0.0, 1.0],
                [0.998643, -0.036542, -0.037093, -0.0, 0.036657, -0.012528, 0.999249, 0.374721, -0.036979, -0.999254, -0.011171, 0.0, 0.0, 0.0, 0.0, 1.0],
                [0.998644, -0.036541, -0.037081, -0.0, 0.036656, -0.012256, 0.999253, 0.374721, -0.036968, -0.999257, -0.0109, -0.0, 0.0, 0.0, 0.0, 1.0],
                [0.998644, -0.036541, -0.037074, -0.0, 0.036656, -0.01205, 0.999255, 0.374721, -0.036961, -0.99926, -0.010695, 0.0, 0.0, 0.0, 0.0, 1.0],
                [0.998644, -0.036541, -0.03707, -0.0, 0.036656, -0.011924, 0.999257, 0.374721, -0.036956, -0.999261, -0.010568, 0.0, 0.0, 0.0, 0.0, 1.0],
                [0.998644, -0.036542, -0.037069, 0.0, 0.036658, -0.011881, 0.999258, 0.374721, -0.036956, -0.999261, -0.010525, 0.0, 0.0, 0.0, 0.0, 1.0],
                [0.998646, -0.036543, -0.037017, -0.0, 0.036658, -0.010445, 0.999273, 0.374721, -0.036903, -0.999278, -0.009092, -0.0, 0.0, 0.0, 0.0, 1.0],
                [0.998652, -0.036543, -0.036851, 0.0, 0.036658, -0.005941, 0.99931, 0.374721, -0.036737, -0.999314, -0.004594, 0.0, 0.0, 0.0, 0.0, 1.0],
                [0.998664, -0.036544, -0.036556, 0.0, 0.03666, 0.002154, 0.999326, 0.374721, -0.036441, -0.99933, 0.00349, -0.0, 0.0, 0.0, 0.0, 1.0],
                [0.99868, -0.036541, -0.036099, 0.0, 0.036656, 0.014664, 0.999221, 0.374721, -0.035983, -0.999225, 0.015984, 0.0, 0.0, 0.0, 0.0, 1.0],
                [0.998704, -0.036523, -0.03544, -0.0, 0.036638, 0.032679, 0.998794, 0.374721, -0.035321, -0.998798, 0.033975, -0.0, 0.0, 0.0, 0.0, 1.0],
                [0.998737, -0.036483, -0.034535, 0.0, 0.036598, 0.057479, 0.997676, 0.374721, -0.034414, -0.997679, 0.058742, 0.0, 0.0, 0.0, 0.0, 1.0],
                [0.998782, -0.036394, -0.033326, 0.0, 0.036509, 0.090609, 0.995217, 0.374721, -0.0332, -0.995221, 0.091828, 0.0, 0.0, 0.0, 0.0, 1.0],
                [0.998838, -0.03622, -0.031779, 0.0, 0.036334, 0.132956, 0.990456, 0.374721, -0.031649, -0.990459, 0.134118, -0.0, 0.0, 0.0, 0.0, 1.0],
                [0.998909, -0.035909, -0.029855, -0.0, 0.036022, 0.18565, 0.981956, 0.374721, -0.029718, -0.98196, 0.186741, -0.0, 0.0, 0.0, 0.0, 1.0],
                [0.998994, -0.035393, -0.027537, 0.0, 0.035504, 0.249132, 0.967819, 0.374721, -0.027394, -0.967822, 0.250138, 0.0, 0.0, 0.0, 0.0, 1.0],
                [0.999093, -0.034581, -0.024827, 0.0, 0.03469, 0.323322, 0.945653, 0.374721, -0.024675, -0.945656, 0.324229, 0.0, 0.0, 0.0, 0.0, 1.0],
                [0.999205, -0.033383, -0.021775, 0.0, 0.033488, 0.406917, 0.912851, 0.374721, -0.021613, -0.912855, 0.407711, 0.0, 0.0, 0.0, 0.0, 1.0],
                [0.999328, -0.031683, -0.018436, -0.0, 0.031783, 0.498341, 0.866399, 0.374721, -0.018263, -0.866402, 0.499013, 0.0, 0.0, 0.0, 0.0, 1.0],
                [0.999457, -0.029371, -0.014905, 0.0, 0.029464, 0.595007, 0.803181, 0.374721, -0.014722, -0.803184, 0.595549, 0.0, 0.0, 0.0, 0.0, 1.0],
                [0.999462, -0.029274, -0.014775, -0.0, 0.029367, 0.598564, 0.800536, 0.374721, -0.014591, -0.80054, 0.599102, 0.0, 0.0, 0.0, 0.0, 1.0],
                [0.999234, -0.033016, -0.020979, -0.0, 0.03312, 0.428712, 0.902834, 0.374721, -0.020814, -0.902837, 0.429477, -0.0, 0.0, 0.0, 0.0, 1.0],
                [0.998876, -0.036067, -0.030754, 0.0, 0.03618, 0.161023, 0.986288, 0.374721, -0.03062, -0.986292, 0.162147, 0.0, 0.0, 0.0, 0.0, 1.0],
                [0.998514, -0.036326, -0.040617, -0.0, 0.03644, -0.109054, 0.993368, 0.374721, -0.040514, -0.993372, -0.107568, 0.0, 0.0, 0.0, 0.0, 1.0],
                [0.998242, -0.034721, -0.048026, -0.0, 0.034831, -0.311908, 0.949474, 0.374721, -0.047947, -0.949477, -0.31015, 0.0, 0.0, 0.0, 0.0, 1.0],
                [0.998099, -0.033176, -0.051946, 0.0, 0.03328, -0.419288, 0.907243, 0.374721, -0.051879, -0.907246, -0.417387, 0.0, 0.0, 0.0, 0.0, 1.0],
                [0.998054, -0.03259, -0.053159, 0.0, 0.032692, -0.452469, 0.891181, 0.374721, -0.053096, -0.891184, -0.450523, -0.0, 0.0, 0.0, 0.0, 1.0],
                [0.998048, -0.032515, -0.053309, -0.0, 0.032618, -0.456514, 0.889118, 0.374721, -0.053246, -0.889121, -0.454563, -0.0, 0.0, 0.0, 0.0, 1.0],
                [0.998049, -0.03252, -0.0533, 0.0, 0.032622, -0.456273, 0.889242, 0.374721, -0.053237, -0.889245, -0.454322, -0.0, 0.0, 0.0, 0.0, 1.0],
                [0.998049, -0.032525, -0.053289, -0.0, 0.032628, -0.455974, 0.889395, 0.374721, -0.053226, -0.889398, -0.454023, -0.0, 0.0, 0.0, 0.0, 1.0],
                [0.99805, -0.032532, -0.053276, -0.0, 0.032634, -0.455629, 0.889572, 0.374721, -0.053214, -0.889575, -0.453678, -0.0, 0.0, 0.0, 0.0, 1.0],
                [0.99805, -0.032539, -0.053262, -0.0, 0.032641, -0.455249, 0.889766, 0.374721, -0.0532, -0.889769, -0.453299, -0.0, 0.0, 0.0, 0.0, 1.0],
                [0.998051, -0.032547, -0.053248, -0.0, 0.032649, -0.454847, 0.889971, 0.374721, -0.053185, -0.889974, -0.452898, 0.0, 0.0, 0.0, 0.0, 1.0],
                [0.998051, -0.032554, -0.053233, -0.0, 0.032657, -0.454437, 0.89018, 0.374721, -0.05317, -0.890184, -0.452488, 0.0, 0.0, 0.0, 0.0, 1.0],
                [0.998052, -0.032562, -0.053218, 0.0, 0.032664, -0.454028, 0.890388, 0.374721, -0.053155, -0.890392, -0.45208, -0.0, 0.0, 0.0, 0.0, 1.0],
                [0.998052, -0.032569, -0.053203, -0.0, 0.032672, -0.453633, 0.890589, 0.374721, -0.053141, -0.890593, -0.451686, 0.0, 0.0, 0.0, 0.0, 1.0],
                [0.998053, -0.032576, -0.05319, -0.0, 0.032679, -0.453262, 0.890778, 0.374721, -0.053127, -0.890782, -0.451315, -0.0, 0.0, 0.0, 0.0, 1.0],
                [0.998053, -0.032582, -0.053177, 0.0, 0.032685, -0.452922, 0.890951, 0.374721, -0.053115, -0.890954, -0.450975, 0.0, 0.0, 0.0, 0.0, 1.0],
                [0.998054, -0.032588, -0.053166, 0.0, 0.03269, -0.452619, 0.891105, 0.374721, -0.053104, -0.891108, -0.450673, -0.0, 0.0, 0.0, 0.0, 1.0],
                [0.998054, -0.032593, -0.053157, 0.0, 0.032695, -0.452358, 0.891237, 0.374721, -0.053094, -0.89124, -0.450412, -0.0, 0.0, 0.0, 0.0, 1.0],
                [0.998054, -0.032597, -0.053149, 0.0, 0.032699, -0.452138, 0.891349, 0.374721, -0.053086, -0.891352, -0.450192, 0.0, 0.0, 0.0, 0.0, 1.0],
                [0.998054, -0.0326, -0.053142, 0.0, 0.032703, -0.451959, 0.891439, 0.374721, -0.053079, -0.891442, -0.450014, -0.0, 0.0, 0.0, 0.0, 1.0],
                [0.998055, -0.032603, -0.053137, -0.0, 0.032705, -0.451818, 0.89151, 0.374721, -0.053074, -0.891514, -0.449873, 0.0, 0.0, 0.0, 0.0, 1.0],
                [0.998055, -0.032605, -0.053133, -0.0, 0.032707, -0.451712, 0.891564, 0.374721, -0.05307, -0.891567, -0.449767, 0.0, 0.0, 0.0, 0.0, 1.0],
                [0.998055, -0.032606, -0.05313, -0.0, 0.032709, -0.451635, 0.891603, 0.374721, -0.053068, -0.891606, -0.44969, 0.0, 0.0, 0.0, 0.0, 1.0],
                [0.998055, -0.032607, -0.053129, -0.0, 0.03271, -0.451583, 0.89163, 0.374721, -0.053066, -0.891633, -0.449638, -0.0, 0.0, 0.0, 0.0, 1.0],
                [0.998055, -0.032608, -0.053127, -0.0, 0.03271, -0.451549, 0.891647, 0.374721, -0.053064, -0.89165, -0.449604, -0.0, 0.0, 0.0, 0.0, 1.0],
                [0.998055, -0.032608, -0.053127, -0.0, 0.032711, -0.45153, 0.891657, 0.374721, -0.053064, -0.891659, -0.449585, -0.0, 0.0, 0.0, 0.0, 1.0],
                [0.998055, -0.032608, -0.053126, -0.0, 0.032711, -0.451521, 0.891661, 0.374721, -0.053063, -0.891664, -0.449576, -0.0, 0.0, 0.0, 0.0, 1.0],
                [0.998055, -0.032608, -0.053126, 0.0, 0.032711, -0.451517, 0.891663, 0.374721, -0.053063, -0.891666, -0.449573, 0.0, 0.0, 0.0, 0.0, 1.0],
                [0.998055, -0.032608, -0.053126, -0.0, 0.032711, -0.451517, 0.891663, 0.374721, -0.053063, -0.891666, -0.449572, -0.0, 0.0, 0.0, 0.0, 1.0],
                [0.998057, -0.032629, -0.053077, -0.0, 0.032732, -0.450259, 0.892297, 0.374721, -0.053014, -0.892302, -0.448316, 0.0, 0.0, 0.0, 0.0, 1.0],
                [0.998062, -0.0327, -0.052932, -0.0, 0.032803, -0.446349, 0.894258, 0.374721, -0.052868, -0.894261, -0.444412, -0.0, 0.0, 0.0, 0.0, 1.0],
                [0.998072, -0.032823, -0.052679, -0.0, 0.032926, -0.439466, 0.897655, 0.374721, -0.052615, -0.897659, -0.437538, -0.0, 0.0, 0.0, 0.0, 1.0],
                [0.998085, -0.033008, -0.052311, -0.0, 0.033112, -0.42921, 0.902597, 0.374721, -0.052246, -0.902601, -0.427296, 0.0, 0.0, 0.0, 0.0, 1.0],
                [0.998105, -0.033244, -0.051797, -0.0, 0.033349, -0.415227, 0.909106, 0.374721, -0.05173, -0.90911, -0.413331, 0.0, 0.0, 0.0, 0.0, 1.0],
                [0.998128, -0.033539, -0.051139, -0.0, 0.033644, -0.397156, 0.917134, 0.374721, -0.05107, -0.917138, -0.395284, -0.0, 0.0, 0.0, 0.0, 1.0],
                [0.998157, -0.033871, -0.050345, -0.0, 0.033977, -0.375441, 0.926223, 0.374721, -0.050273, -0.926227, -0.373599, 0.0, 0.0, 0.0, 0.0, 1.0],
                [0.998191, -0.034231, -0.049426, 0.0, 0.034338, -0.350216, 0.93604, 0.374721, -0.049351, -0.936043, -0.348407, -0.0, 0.0, 0.0, 0.0, 1.0],
                [0.998229, -0.034598, -0.048391, -0.0, 0.034707, -0.321937, 0.946125, 0.374721, -0.048313, -0.946129, -0.320166, 0.0, 0.0, 0.0, 0.0, 1.0],
                [0.99827, -0.034962, -0.047264, 0.0, 0.035072, -0.291056, 0.956063, 0.374721, -0.047183, -0.956067, -0.289326, 0.0, 0.0, 0.0, 0.0, 1.0],
                [0.998315, -0.035307, -0.046055, 0.0, 0.035418, -0.257948, 0.965509, 0.374721, -0.045969, -0.965513, -0.256263, -0.0, 0.0, 0.0, 0.0, 1.0],
                [0.998361, -0.035624, -0.044778, 0.0, 0.035736, -0.222986, 0.974167, 0.374721, -0.044689, -0.974171, -0.221348, -0.0, 0.0, 0.0, 0.0, 1.0],
                [0.99841, -0.035902, -0.043453, -0.0, 0.036015, -0.18671, 0.981755, 0.374721, -0.04336, -0.981758, -0.18512, 0.0, 0.0, 0.0, 0.0, 1.0],
                [0.998459, -0.036131, -0.042115, 0.0, 0.036244, -0.150061, 0.988012, 0.374721, -0.042017, -0.988016, -0.148521, -0.0, 0.0, 0.0, 0.0, 1.0],
