{
    "animation": [
        {
            "name": "Root",
            "time": [0.0, 0.0167, 0.0333, 0.05, 0.0667, 0.0833, 0.1, 0.1167, 0.1333, 0.15, 0.1667, 0.1833, 0.2, 0.2167, 0.2333, 0.25, 0.2667, 0.2833, 0.3, 0.3167, 0.3333, 0.35, 0.3667, 0.3833, 0.4, 0.4167, 0.4333, 0.45, 0.4667, 0.4833, 0.5, 0.5167, 0.5333, 0.55, 0.5667, 0.5833, 0.6, 0.6167, 0.6333, 0.65, 0.6667, 0.6833, 0.7, 0.7167, 0.7333, 0.75, 0.7667, 0.7833, 0.8, 0.8167, 0.8333, 0.85, 0.8667, 0.8833, 0.9, 0.9167, 0.9333, 0.95, 0.9667, 0.9833, 1.0, 1.0167, 1.0333, 1.05, 1.0667, 1.0833, 1.1, 1.1167, 1.1333, 1.15, 1.1667, 1.1833, 1.2, 1.2167, 1.2333, 1.25, 1.2667, 1.2833, 1.3, 1.3167, 1.3333, 1.35, 1.3667, 1.3833, 1.4, 1.4167, 1.4333, 1.45, 1.4667, 1.4833, 1.5, 1.5167, 1.5333, 1.55, 1.5667, 1.5833, 1.6, 1.6167, 1.6333, 1.65, 1.6667],
            "transform": [
                [0.654622, 0.0, -0.755957, -5e-06, -0.755957, 0.0, -0.654622, -0.142673, 0.0, 1.0, 0.0, 0.337843, 0.0, 0.0, 0.0, 1.0],
                [0.65297, 0.0, -0.757383, -5e-06, -0.757383, 0.0, -0.65297, -0.14517, 0.0, 1.0, 0.0, 0.337565, 0.0, 0.0, 0.0, 1.0],
                [0.64796, 0.0, -0.761674, -5e-06, -0.761674, 0.0, -0.64796, -0.152717, 0.0, 1.0, 0.0, 0.336725, 0.0, 0.0, 0.0, 1.0],
                [0.63952, 0.0, -0.768774, -5e-06, -0.768774, 0.0, -0.63952, -0.165338, 0.0, 1.0, 0.0, 0.33532, 0.0, 0.0, 0.0, 1.0],
                [0.627614, 0.0, -0.778525, -5e-06, -0.778525, 0.0, -0.627614, -0.182948, 0.0, 1.0, 0.0, 0.33336, 0.0, 0.0, 0.0, 1.0],
                [0.612267, 0.0, -0.790651, -5e-06, -0.790651, 0.0, -0.612267, -0.205329, 0.0, 1.0, 0.0, 0.330869, 0.0, 0.0, 0.0, 1.0],
                [0.593602, 0.0, -0.804759, -5e-06, -0.804759, 0.0, -0.593602, -0.232101, 0.0, 1.0, 0.0, 0.327889, 0.0, 0.0, 0.0, 1.0],
                [0.571869, 0.0, -0.820345, -5e-06, -0.820345, 0.0, -0.571869, -0.262703, 0.0, 1.0, 0.0, 0.324483, 0.0, 0.0, 0.0, 1.0],
                [0.547474, 0.0, -0.836823, -5e-06, -0.836823, 0.0, -0.547474, -0.29639, 0.0, 1.0, 0.0, 0.320734, 0.0, 0.0, 0.0, 1.0],
                [0.520988, 0.0, -0.853564, -5e-06, -0.853564, 0.0, -0.520988, -0.332245, 0.0, 1.0, 0.0, 0.316743, 0.0, 0.0, 0.0, 1.0],
                [0.493139, 0.0, -0.869951, -5e-06, -0.869951, 0.0, -0.493139, -0.36922, 0.0, 1.0, 0.0, 0.312628, 0.0, 0.0, 0.0, 1.0],
                [0.464775, 0.0, -0.885429, -5e-06, -0.885429, 0.0, -0.464775, -0.406195, 0.0, 1.0, 0.0, 0.308513, 0.0, 0.0, 0.0, 1.0],
                [0.436806, 0.0, -0.899556, -5e-06, -0.899556, 0.0, -0.436806, -0.44205, 0.0, 1.0, 0.0, 0.304522, 0.0, 0.0, 0.0, 1.0],
                [0.410138, 0.0, -0.912024, -5e-06, -0.912024, 0.0, -0.410138, -0.475737, 0.0, 1.0, 0.0, 0.300773, 0.0, 0.0, 0.0, 1.0],
                [0.385602, 0.0, -0.922665, -5e-06, -0.922665, 0.0, -0.385602, -0.50634, 0.0, 1.0, 0.0, 0.297366, 0.0, 0.0, 0.0, 1.0],
                [0.363911, 0.0, -0.931434, -5e-06, -0.931434, 0.0, -0.363911, -0.533112, 0.0, 1.0, 0.0, 0.294387, 0.0, 0.0, 0.0, 1.0],
                [0.345624, 0.0, -0.938373, -5e-06, -0.938373, 0.0, -0.345624, -0.555493, 0.0, 1.0, 0.0, 0.291896, 0.0, 0.0, 0.0, 1.0],
                [0.331142, 0.0, -0.943581, -5e-06, -0.943581, 0.0, -0.331142, -0.573103, 0.0, 1.0, 0.0, 0.289936, 0.0, 0.0, 0.0, 1.0],
                [0.320715, 0.0, -0.947176, -5e-06, -0.947176, 0.0, -0.320715, -0.585723, 0.0, 1.0, 0.0, 0.288531, 0.0, 0.0, 0.0, 1.0],
                [0.314461, 0.0, -0.94927, -5e-06, -0.94927, 0.0, -0.314461, -0.593271, 0.0, 1.0, 0.0, 0.287691, 0.0, 0.0, 0.0, 1.0],
                [0.312388, 0.0, -0.949955, -5e-06, -0.949955, 0.0, -0.312388, -0.595768, 0.0, 1.0, 0.0, 0.287413, 0.0, 0.0, 0.0, 1.0],
                [0.318884, 0.0, -0.947794, -5e-06, -0.947794, 0.0, -0.318884, -0.59548, 0.0, 1.0, 0.0, 0.287413, 0.0, 0.0, 0.0, 1.0],
                [0.340853, 0.0, -0.940117, -5e-06, -0.940117, 0.0, -0.340853, -0.593206, 0.0, 1.0, 0.0, 0.287413, 0.0, 0.0, 0.0, 1.0],
                [0.381947, 0.0, -0.924184, -5e-06, -0.924184, 0.0, -0.381947, -0.586209, 0.0, 1.0, 0.0, 0.287413, 0.0, 0.0, 0.0, 1.0],
                [0.444753, 0.0, -0.895653, -5e-06, -0.895653, 0.0, -0.444753, -0.57106, 0.0, 1.0, 0.0, 0.287413, 0.0, 0.0, 0.0, 1.0],
                [0.529073, 0.0, -0.848576, -5e-06, -0.848576, 0.0, -0.529073, -0.544148, 0.0, 1.0, 0.0, 0.287413, 0.0, 0.0, 0.0, 1.0],
                [0.630269, 0.0, -0.776376, -5e-06, -0.776376, 0.0, -0.630269, -0.50255, 0.0, 1.0, 0.0, 0.287413, 0.0, 0.0, 0.0, 1.0],
                [0.738912, 0.0, -0.673802, -5e-06, -0.673802, 0.0, -0.738912, -0.444819, 0.0, 1.0, 0.0, 0.287413, 0.0, 0.0, 0.0, 1.0],
                [0.842326, 0.0, -0.538969, -5e-06, -0.538969, 0.0, -0.842326, -0.371192, 0.0, 1.0, 0.0, 0.287413, 0.0, 0.0, 0.0, 1.0],
                [0.927284, 0.0, -0.37436, -5e-06, -0.37436, 0.0, -0.927284, -0.28316, 0.0, 1.0, 0.0, 0.287413, 0.0, 0.0, 0.0, 1.0],
                [0.982461, 0.0, -0.186469, -5e-06, -0.186469, 0.0, -0.982461, -0.182813, 0.0, 1.0, 0.0, 0.287413, 0.0, 0.0, 0.0, 1.0],
                [0.997223, 0.0, 0.074472, -5e-06, 0.074472, 0.0, -0.997223, 0.119035, 0.0, 1.0, 0.0, 0.287474, 0.0, 0.0, 0.0, 1.0],
                [0.902135, 0.0, 0.431454, -5e-06, 0.431454, 0.0, -0.902135, 0.791417, 0.0, 1.0, 0.0, 0.287665, 0.0, 0.0, 0.0, 1.0],
                [0.645457, 0.0, 0.763797, -5e-06, 0.763797, 0.0, -0.645457, 1.701155, 0.0, 1.0, 0.0, 0.288, 0.0, 0.0, 0.0, 1.0],
                [0.318508, 0.0, 0.94792, -5e-06, 0.94792, 0.0, -0.318508, 2.590394, 0.0, 1.0, 0.0, 0.288491, 0.0, 0.0, 0.0, 1.0],
                [0.077861, 0.0, 0.996964, -5e-06, 0.996964, 0.0, -0.077861, 3.206433, 0.0, 1.0, 0.0, 0.289152, 0.0, 0.0, 0.0, 1.0],
                [-0.003567, 0.0, 0.999994, -5e-06, 0.999994, 0.0, 0.003567, 3.427103, 0.0, 1.0, 0.0, 0.289999, 0.0, 0.0, 0.0, 1.0],
                [-0.003567, 0.0, 0.999994, -5e-06, 0.999994, 0.0, 0.003567, 3.442607, 0.0, 1.0, 0.0, 0.291046, 0.0, 0.0, 0.0, 1.0],
                [-0.003567, 0.0, 0.999994, -5e-06, 0.999994, 0.0, 0.003567, 3.457423, 0.0, 1.0, 0.0, 0.292307, 0.0, 0.0, 0.0, 1.0],
                [-0.003567, 0.0, 0.999994, -5e-06, 0.999994, 0.0, 0.003567, 3.471494, 0.0, 1.0, 0.0, 0.293797, 0.0, 0.0, 0.0, 1.0],
                [-0.003567, 0.0, 0.999994, -5e-06, 0.999994, 0.0, 0.003567, 3.484763, 0.0, 1.0, 0.0, 0.295528, 0.0, 0.0, 0.0, 1.0],
                [-0.003567, 0.0, 0.999994, -5e-06, 0.999994, 0.0, 0.003567, 3.497173, 0.0, 1.0, 0.0, 0.297512, 0.0, 0.0, 0.0, 1.0],
                [-0.003567, 0.0, 0.999994, -5e-06, 0.999994, 0.0, 0.003567, 3.508673, 0.0, 1.0, 0.0, 0.299758, 0.0, 0.0, 0.0, 1.0],
                [-0.003567, 0.0, 0.999994, -5e-06, 0.999994, 0.0, 0.003567, 3.519217, 0.0, 1.0, 0.0, 0.302274, 0.0, 0.0, 0.0, 1.0],
                [-0.003567, 0.0, 0.999994, -5e-06, 0.999994, 0.0, 0.003567, 3.528769, 0.0, 1.0, 0.0, 0.305063, 0.0, 0.0, 0.0, 1.0],
                [-0.003567, 0.0, 0.999994, -5e-06, 0.999994, 0.0, 0.003567, 3.537308, 0.0, 1.0, 0.0, 0.308127, 0.0, 0.0, 0.0, 1.0],
                [-0.003567, 0.0, 0.999994, -5e-06, 0.999994, 0.0, 0.003567, 3.544829, 0.0, 1.0, 0.0, 0.311464, 0.0, 0.0, 0.0, 1.0],
                [-0.003567, 0.0, 0.999994, -5e-06, 0.999994, 0.0, 0.003567, 3.551343, 0.0, 1.0, 0.0, 0.315068, 0.0, 0.0, 0.0, 1.0],
                [-0.003567, 0.0, 0.999994, -5e-06, 0.999994, 0.0, 0.003567, 3.556883, 0.0, 1.0, 0.0, 0.318931, 0.0, 0.0, 0.0, 1.0],
                [-0.003567, 0.0, 0.999994, -5e-06, 0.999994, 0.0, 0.003567, 3.561501, 0.0, 1.0, 0.0, 0.323041, 0.0, 0.0, 0.0, 1.0],
                [-0.003567, 0.0, 0.999994, -5e-06, 0.999994, 0.0, 0.003567, 3.565265, 0.0, 1.0, 0.0, 0.327386, 0.0, 0.0, 0.0, 1.0],
                [-0.003567, 0.0, 0.999994, -5e-06, 0.999994, 0.0, 0.003567, 3.568256, 0.0, 1.0, 0.0, 0.33195, 0.0, 0.0, 0.0, 1.0],
                [-0.003567, 0.0, 0.999994, -5e-06, 0.999994, 0.0, 0.003567, 3.570567, 0.0, 1.0, 0.0, 0.336716, 0.0, 0.0, 0.0, 1.0],
                [-0.003567, 0.0, 0.999994, -5e-06, 0.999994, 0.0, 0.003567, 3.572293, 0.0, 1.0, 0.0, 0.341669, 0.0, 0.0, 0.0, 1.0],
                [-0.003567, 0.0, 0.999994, -5e-06, 0.999994, 0.0, 0.003567, 3.573531, 0.0, 1.0, 0.0, 0.346791, 0.0, 0.0, 0.0, 1.0],
                [-0.003567, 0.0, 0.999994, -5e-06, 0.999994, 0.0, 0.003567, 3.574374, 0.0, 1.0, 0.0, 0.352065, 0.0, 0.0, 0.0, 1.0],
                [-0.003567, 0.0, 0.999994, -5e-06, 0.999994, 0.0, 0.003567, 3.574909, 0.0, 1.0, 0.0, 0.357475, 0.0, 0.0, 0.0, 1.0],
                [-0.003567, 0.0, 0.999994, -5e-06, 0.999994, 0.0, 0.003567, 3.575216, 0.0, 1.0, 0.0, 0.363005, 0.0, 0.0, 0.0, 1.0],
                [-0.003567, 0.0, 0.999994, -5e-06, 0.999994, 0.0, 0.003567, 3.575365, 0.0, 1.0, 0.0, 0.36864, 0.0, 0.0, 0.0, 1.0],
                [-0.003567, 0.0, 0.999994, -5e-06, 0.999994, 0.0, 0.003567, 3.575416, 0.0, 1.0, 0.0, 0.374368, 0.0, 0.0, 0.0, 1.0],
                [-0.003567, 0.0, 0.999994, -5e-06, 0.999994, 0.0, 0.003567, 3.575423, 0.0, 1.0, 0.0, 0.380176, 0.0, 0.0, 0.0, 1.0],
                [-0.000331, 0.0, 1.0, -5e-06, 1.0, 0.0, 0.000331, 3.574045, 0.0, 1.0, 0.0, 0.386295, 0.0, 0.0, 0.0, 1.0],
                [0.009425, 0.0, 0.999956, -5e-06, 0.999956, 0.0, -0.009425, 3.569889, 0.0, 1.0, 0.0, 0.392966, 0.0, 0.0, 0.0, 1.0],
                [0.025756, 0.0, 0.999668, -5e-06, 0.999668, 0.0, -0.025756, 3.562932, 0.0, 1.0, 0.0, 0.400186, 0.0, 0.0, 0.0, 1.0],
                [0.04868, 0.0, 0.998814, -5e-06, 0.998814, 0.0, -0.04868, 3.553161, 0.0, 1.0, 0.0, 0.407952, 0.0, 0.0, 0.0, 1.0],
                [0.078167, 0.0, 0.99694, -5e-06, 0.99694, 0.0, -0.078167, 3.540576, 0.0, 1.0, 0.0, 0.416255, 0.0, 0.0, 0.0, 1.0],
                [0.114119, 0.0, 0.993467, -5e-06, 0.993467, 0.0, -0.114119, 3.52519, 0.0, 1.0, 0.0, 0.425085, 0.0, 0.0, 0.0, 1.0],
                [0.156346, 0.0, 0.987702, -5e-06, 0.987702, 0.0, -0.156346, 3.507036, 0.0, 1.0, 0.0, 0.434426, 0.0, 0.0, 0.0, 1.0],
                [0.204544, 0.0, 0.978857, -5e-06, 0.978857, 0.0, -0.204544, 3.486162, 0.0, 1.0, 0.0, 0.444258, 0.0, 0.0, 0.0, 1.0],
                [0.258264, 0.0, 0.966074, -5e-06, 0.966074, 0.0, -0.258264, 3.462639, 0.0, 1.0, 0.0, 0.454557, 0.0, 0.0, 0.0, 1.0],
                [0.316895, 0.0, 0.948461, -5e-06, 0.948461, 0.0, -0.316895, 3.436559, 0.0, 1.0, 0.0, 0.465293, 0.0, 0.0, 0.0, 1.0],
                [0.379642, 0.0, 0.925134, -5e-06, 0.925134, 0.0, -0.379642, 3.40804, 0.0, 1.0, 0.0, 0.476431, 0.0, 0.0, 0.0, 1.0],
                [0.445522, 0.0, 0.895271, -5e-06, 0.895271, 0.0, -0.445522, 3.377224, 0.0, 1.0, 0.0, 0.487929, 0.0, 0.0, 0.0, 1.0],
                [0.513368, 0.0, 0.858169, -5e-06, 0.858169, 0.0, -0.513368, 3.34428, 0.0, 1.0, 0.0, 0.499742, 0.0, 0.0, 0.0, 1.0],
                [0.581844, 0.0, 0.813301, -5e-06, 0.813301, 0.0, -0.581844, 3.3094, 0.0, 1.0, 0.0, 0.511818, 0.0, 0.0, 0.0, 1.0],
                [0.649487, 0.0, 0.760373, -5e-06, 0.760373, 0.0, -0.649487, 3.272805, 0.0, 1.0, 0.0, 0.5241, 0.0, 0.0, 0.0, 1.0],
                [0.714759, 0.0, 0.699371, -5e-06, 0.699371, 0.0, -0.714759, 3.234739, 0.0, 1.0, 0.0, 0.536525, 0.0, 0.0, 0.0, 1.0],
                [0.776114, 0.0, 0.630593, -5e-06, 0.630593, 0.0, -0.776114, 3.195467, 0.0, 1.0, 0.0, 0.549029, 0.0, 0.0, 0.0, 1.0],
                [0.832079, 0.0, 0.554658, -5e-06, 0.554658, 0.0, -0.832079, 3.155274, 0.0, 1.0, 0.0, 0.561543, 0.0, 0.0, 0.0, 1.0],
                [0.881331, 0.0, 0.472499, -5e-06, 0.472499, 0.0, -0.881331, 3.114458, 0.0, 1.0, 0.0, 0.573996, 0.0, 0.0, 0.0, 1.0],
                [0.922781, 0.0, 0.385324, -5e-06, 0.385324, 0.0, -0.922781, 3.073327, 0.0, 1.0, 0.0, 0.586316, 0.0, 0.0, 0.0, 1.0],
                [0.955633, 0.0, 0.294558, -5e-06, 0.294558, 0.0, -0.955633, 3.032196, 0.0, 1.0, 0.0, 0.598432, 0.0, 0.0, 0.0, 1.0],
                [0.979433, 0.0, 0.201771, -5e-06, 0.201771, 0.0, -0.979433, 2.99138, 0.0, 1.0, 0.0, 0.610273, 0.0, 0.0, 0.0, 1.0],
                [0.994087, 0.0, 0.108586, -5e-06, 0.108586, 0.0, -0.994087, 2.951186, 0.0, 1.0, 0.0, 0.621771, 0.0, 0.0, 0.0, 1.0],
                [0.999862, 0.0, 0.016599, -5e-06, 0.016599, 0.0, -0.999862, 2.911915, 0.0, 1.0, 0.0, 0.632862, 0.0, 0.0, 0.0, 1.0],
                [0.997353, 0.0, -0.072705, -5e-06, -0.072705, 0.0, -0.997353, 2.873849, 0.0, 1.0, 0.0, 0.643486, 0.0, 0.0, 0.0, 1.0],
                [0.987436, 0.0, -0.15802, -5e-06, -0.15802, 0.0, -0.987436, 2.837254, 0.0, 1.0, 0.0, 0.65359, 0.0, 0.0, 0.0, 1.0],
                [0.971201, 0.0, -0.238261, -5e-06, -0.238261, 0.0, -0.971201, 2.802375, 0.0, 1.0, 0.0, 0.663125, 0.0, 0.0, 0.0, 1.0],
                [0.949887, 0.0, -0.312593, -5e-06, -0.312593, 0.0, -0.949887, 2.76943, 0.0, 1.0, 0.0, 0.672047, 0.0, 0.0, 0.0, 1.0],
                [0.924806, 0.0, -0.380438, -5e-06, -0.380438, 0.0, -0.924806, 2.738614, 0.0, 1.0, 0.0, 0.680322, 0.0, 0.0, 0.0, 1.0],
                [0.897281, 0.0, -0.44146, -5e-06, -0.44146, 0.0, -0.897281, 2.710095, 0.0, 1.0, 0.0, 0.687919, 0.0, 0.0, 0.0, 1.0],
                [0.868586, 0.0, -0.495538, -5e-06, -0.495538, 0.0, -0.868586, 2.684015, 0.0, 1.0, 0.0, 0.694815, 0.0, 0.0, 0.0, 1.0],
                [0.839909, 0.0, -0.542727, -5e-06, -0.542727, 0.0, -0.839909, 2.660492, 0.0, 1.0, 0.0, 0.700993, 0.0, 0.0, 0.0, 1.0],
                [0.812313, 0.0, -0.583221, -5e-06, -0.583221, 0.0, -0.812313, 2.639618, 0.0, 1.0, 0.0, 0.70644, 0.0, 0.0, 0.0, 1.0],
                [0.786725, 0.0, -0.617304, -5e-06, -0.617304, 0.0, -0.786725, 2.621464, 0.0, 1.0, 0.0, 0.711149, 0.0, 0.0, 0.0, 1.0],
                [0.763919, 0.0, -0.645313, -5e-06, -0.645313, 0.0, -0.763919, 2.606078, 0.0, 1.0, 0.0, 0.715118, 0.0, 0.0, 0.0, 1.0],
                [0.74452, 0.0, -0.6676, -5e-06, -0.6676, 0.0, -0.74452, 2.593493, 0.0, 1.0, 0.0, 0.718347, 0.0, 0.0, 0.0, 1.0],
                [0.729011, 0.0, -0.684502, -5e-06, -0.684502, 0.0, -0.729011, 2.583722, 0.0, 1.0, 0.0, 0.720842, 0.0, 0.0, 0.0, 1.0],
                [0.717734, 0.0, -0.696317, -5e-06, -0.696317, 0.0, -0.717734, 2.576765, 0.0, 1.0, 0.0, 0.722611, 0.0, 0.0, 0.0, 1.0],
                [0.710907, 0.0, -0.703286, -5e-06, -0.703286, 0.0, -0.710907, 2.572609, 0.0, 1.0, 0.0, 0.723662, 0.0, 0.0, 0.0, 1.0],
                [0.708627, 0.0, -0.705584, -5e-06, -0.705584, 0.0, -0.708627, 2.571231, 0.0, 1.0, 0.0, 0.72401, 0.0, 0.0, 0.0, 1.0]
            ]
        },
        {
            "name": "Thigh_R",
            "time": [0.0, 0.0167, 0.0333, 0.05, 0.0667, 0.0833, 0.1, 0.1167, 0.1333, 0.15, 0.1667, 0.1833, 0.2, 0.2167, 0.2333, 0.25, 0.2667, 0.2833, 0.3, 0.3167, 0.3333, 0.35, 0.3667, 0.3833, 0.4, 0.4167, 0.4333, 0.45, 0.4667, 0.4833, 0.5, 0.5167, 0.5333, 0.55, 0.5667, 0.5833, 0.6, 0.6167, 0.6333, 0.65, 0.6667, 0.6833, 0.7, 0.7167, 0.7333, 0.75, 0.7667, 0.7833, 0.8, 0.8167, 0.8333, 0.85, 0.8667, 0.8833, 0.9, 0.9167, 0.9333, 0.95, 0.9667, 0.9833, 1.0, 1.0167, 1.0333, 1.05, 1.0667, 1.0833, 1.1, 1.1167, 1.1333, 1.15, 1.1667, 1.1833, 1.2, 1.2167, 1.2333, 1.25, 1.2667, 1.2833, 1.3, 1.3167, 1.3333, 1.35, 1.3667, 1.3833, 1.4, 1.4167, 1.4333, 1.45, 1.4667, 1.4833, 1.5, 1.5167, 1.5333, 1.55, 1.5667, 1.5833, 1.6, 1.6167, 1.6333, 1.65, 1.6667],
            "transform": [
                [0.572175, 0.711428, -0.408026, 0.124994, 0.326153, -0.653864, -0.682705, -0.002831, -0.752489, 0.257548, -0.606159, -1.2e-05, 0.0, 0.0, 0.0, 1.0],
                [0.570026, 0.707294, -0.418097, 0.124994, 0.327783, -0.66238, -0.673654, -0.002831, -0.753411, 0.246956, -0.609414, -1.2e-05, 0.0, 0.0, 0.0, 1.0],
                [0.563595, 0.694943, -0.446558, 0.124994, 0.332672, -0.685767, -0.647343, -0.002831, -0.756102, 0.216282, -0.617683, -1.2e-05, 0.0, 0.0, 0.0, 1.0],
                [0.552993, 0.674507, -0.48912, 0.124994, 0.340747, -0.718795, -0.605991, -0.002831, -0.760322, 0.168442, -0.627325, -1.2e-05, 0.0, 0.0, 0.0, 1.0],
                [0.538399, 0.64578, -0.541382, 0.124994, 0.35187, -0.756039, -0.551899, -0.002831, -0.765711, 0.106645, -0.634281, -1.2e-05, 0.0, 0.0, 0.0, 1.0],
                [0.520055, 0.608136, -0.599761, 0.124994, 0.365841, -0.793111, -0.486965, -0.002831, -0.771818, 0.033831, -0.634942, -1.2e-05, 0.0, 0.0, 0.0, 1.0],
                [0.498309, 0.56071, -0.661281, 0.124994, 0.382367, -0.826669, -0.412812, -0.002831, -0.778128, -0.047145, -0.626334, -1.2e-05, 0.0, 0.0, 0.0, 1.0],
                [0.47366, 0.502737, -0.723119, 0.124994, 0.401045, -0.854121, -0.33112, -0.002831, -0.784098, -0.133165, -0.606183, -1.2e-05, 0.0, 0.0, 0.0, 1.0],
                [0.446775, 0.433644, -0.782524, 0.124994, 0.421355, -0.873584, -0.243537, -0.002831, -0.78921, -0.220914, -0.573014, -1.2e-05, 0.0, 0.0, 0.0, 1.0],
                [0.418492, 0.353662, -0.836533, 0.124994, 0.442667, -0.883685, -0.152143, -0.002831, -0.793039, -0.306635, -0.52637, -1.2e-05, 0.0, 0.0, 0.0, 1.0],
                [0.389766, 0.264116, -0.882227, 0.124994, 0.464271, -0.883696, -0.059442, -0.002831, -0.79532, -0.386424, -0.467057, -1.2e-05, 0.0, 0.0, 0.0, 1.0],
                [0.36159, 0.167079, -0.917244, 0.124994, 0.485452, -0.873669, 0.03223, -0.002831, -0.795983, -0.456932, -0.397019, -1.2e-05, 0.0, 0.0, 0.0, 1.0],
                [0.334901, 0.066257, -0.93992, 0.124994, 0.505515, -0.854448, 0.119887, -0.002831, -0.79517, -0.515294, -0.31965, -1.2e-05, 0.0, 0.0, 0.0, 1.0],
                [0.310489, -0.034124, -0.949964, 0.124994, 0.523877, -0.827749, 0.200959, -0.002831, -0.79319, -0.56006, -0.23913, -1.2e-05, 0.0, 0.0, 0.0, 1.0],
                [0.288935, -0.129433, -0.948558, 0.124994, 0.540091, -0.796051, 0.273137, -0.002831, -0.790454, -0.591227, -0.160102, -1.2e-05, 0.0, 0.0, 0.0, 1.0],
                [0.27061, -0.215499, -0.938259, 0.124994, 0.553874, -0.762306, 0.334832, -0.002831, -0.787397, -0.610286, -0.086928, -1.2e-05, 0.0, 0.0, 0.0, 1.0],
                [0.255685, -0.288474, -0.922718, 0.124994, 0.56507, -0.729836, 0.384753, -0.002831, -0.784424, -0.619776, -0.0236, -1.2e-05, 0.0, 0.0, 0.0, 1.0],
                [0.244199, -0.346204, -0.905819, 0.124994, 0.573658, -0.701548, 0.422784, -0.002831, -0.781846, -0.622874, 0.027285, -1.2e-05, 0.0, 0.0, 0.0, 1.0],
                [0.236108, -0.38753, -0.891108, 0.124994, 0.579687, -0.679816, 0.449236, -0.002831, -0.779882, -0.622632, 0.064136, -1.2e-05, 0.0, 0.0, 0.0, 1.0],
                [0.231324, -0.412158, -0.881258, 0.124994, 0.58324, -0.666249, 0.464696, -0.002831, -0.778666, -0.62148, 0.086268, -1.2e-05, 0.0, 0.0, 0.0, 1.0],
                [0.22975, -0.420284, -0.877825, 0.124994, 0.584407, -0.661669, 0.469747, -0.002831, -0.778257, -0.620931, 0.093598, -1.2e-05, 0.0, 0.0, 0.0, 1.0],
                [0.235217, -0.415087, -0.878849, 0.124994, 0.582639, -0.663524, 0.469326, -0.002831, -0.777949, -0.622446, 0.085774, -1.2e-05, 0.0, 0.0, 0.0, 1.0],
                [0.253723, -0.393742, -0.883511, 0.124994, 0.576481, -0.671903, 0.464989, -0.002831, -0.77672, -0.627306, 0.056507, -1.2e-05, 0.0, 0.0, 0.0, 1.0],
                [0.288686, -0.345346, -0.89297, 0.124994, 0.564385, -0.692018, 0.450089, -0.002831, -0.773388, -0.633913, -0.004868, -1.2e-05, 0.0, 0.0, 0.0, 1.0],
                [0.343366, -0.257045, -0.903342, 0.124994, 0.544481, -0.729221, 0.41446, -0.002831, -0.765271, -0.634164, -0.110433, -1.2e-05, 0.0, 0.0, 0.0, 1.0],
                [0.419764, -0.119406, -0.899744, 0.124994, 0.51478, -0.785123, 0.344359, -0.002831, -0.747529, -0.60772, -0.268099, -1.2e-05, 0.0, 0.0, 0.0, 1.0],
                [0.51711, 0.061427, -0.853712, 0.124994, 0.473699, -0.851281, 0.225676, -0.002831, -0.712886, -0.521103, -0.469304, -1.2e-05, 0.0, 0.0, 0.0, 1.0],
                [0.630257, 0.2508, -0.734762, 0.124994, 0.421069, -0.905531, 0.052091, -0.002831, -0.652286, -0.342217, -0.676322, -1.2e-05, 0.0, 0.0, 0.0, 1.0],
                [0.748699, 0.39319, -0.533714, 0.124994, 0.359118, -0.917304, -0.172009, -0.002831, -0.55721, -0.062884, -0.827987, -1.2e-05, 0.0, 0.0, 0.0, 1.0],
                [0.857598, 0.435879, -0.273011, 0.124994, 0.292644, -0.85006, -0.437902, -0.002831, -0.422948, 0.295649, -0.856567, -1.2e-05, 0.0, 0.0, 0.0, 1.0],
                [0.941498, 0.336759, 0.013189, 0.124994, 0.227283, -0.605562, -0.762651, -0.002831, -0.248844, 0.721032, -0.646675, -1.2e-05, 0.0, 0.0, 0.0, 1.0],
                [0.980946, 0.06063, 0.184578, 0.124994, 0.194069, -0.350113, -0.916383, -0.002831, 0.009063, 0.934743, -0.355209, -1.2e-05, 0.0, 0.0, 0.0, 1.0],
                [0.901326, -0.128968, 0.413497, 0.124994, 0.254059, -0.615768, -0.745844, -0.002831, 0.350808, 0.777301, -0.522242, -1.2e-05, 0.0, 0.0, 0.0, 1.0],
                [0.639787, 0.059131, 0.766274, 0.124994, 0.411779, -0.868225, -0.27681, -0.002831, 0.64893, 0.492635, -0.579828, -1.2e-05, 0.0, 0.0, 0.0, 1.0],
                [0.306087, 0.481686, 0.821151, 0.124994, 0.564417, -0.786427, 0.250929, -0.002831, 0.766645, 0.386666, -0.512587, -1.2e-05, 0.0, 0.0, 0.0, 1.0],
                [0.07789, 0.78965, 0.608593, 0.124995, 0.641038, -0.507194, 0.576042, -0.002831, 0.763546, 0.345263, -0.545701, -1.2e-05, 0.0, 0.0, 0.0, 1.0],
                [0.005361, 0.863679, 0.504014, 0.124994, 0.659268, -0.382026, 0.647628, -0.002831, 0.751889, 0.328808, -0.571444, -1.2e-05, 0.0, 0.0, 0.0, 1.0],
                [0.004521, 0.864084, 0.503327, 0.124994, 0.657886, -0.381635, 0.649261, -0.002831, 0.753103, 0.328196, -0.570195, -1.2e-05, 0.0, 0.0, 0.0, 1.0],
                [0.003622, 0.864315, 0.502937, 0.124994, 0.656219, -0.381556, 0.650993, -0.002831, 0.754562, 0.327679, -0.568562, -1.2e-05, 0.0, 0.0, 0.0, 1.0],
                [0.002677, 0.86436, 0.502865, 0.124994, 0.654249, -0.381821, 0.652818, -0.002831, 0.756274, 0.327251, -0.566529, -1.2e-05, 0.0, 0.0, 0.0, 1.0],
                [0.001703, 0.864206, 0.503134, 0.124994, 0.651962, -0.382462, 0.654728, -0.002831, 0.758249, 0.32691, -0.564081, -1.2e-05, 0.0, 0.0, 0.0, 1.0],
                [0.000711, 0.863841, 0.503763, 0.124994, 0.649348, -0.383507, 0.656711, -0.002831, 0.760491, 0.32665, -0.561206, -1.2e-05, 0.0, 0.0, 0.0, 1.0],
                [-0.000284, 0.863252, 0.504773, 0.124994, 0.646399, -0.384983, 0.658754, -0.002831, 0.762999, 0.326472, -0.557895, -1.2e-05, 0.0, 0.0, 0.0, 1.0],
                [-0.001273, 0.862429, 0.506176, 0.124994, 0.643112, -0.386909, 0.660838, -0.002831, 0.76577, 0.326369, -0.554146, -1.2e-05, 0.0, 0.0, 0.0, 1.0],
                [-0.002245, 0.861363, 0.507985, 0.124994, 0.63949, -0.389302, 0.662945, -0.002831, 0.768796, 0.32634, -0.549959, -1.2e-05, 0.0, 0.0, 0.0, 1.0],
                [-0.00319, 0.860047, 0.510205, 0.124994, 0.63554, -0.39217, 0.66505, -0.002831, 0.772061, 0.326377, -0.545343, -1.2e-05, 0.0, 0.0, 0.0, 1.0],
                [-0.004102, 0.858476, 0.512837, 0.124994, 0.631273, -0.395514, 0.66713, -0.002831, 0.775549, 0.326477, -0.540311, -1.2e-05, 0.0, 0.0, 0.0, 1.0],
                [-0.004975, 0.856649, 0.515874, 0.124994, 0.626706, -0.399329, 0.66916, -0.002831, 0.779239, 0.326631, -0.534881, -1.2e-05, 0.0, 0.0, 0.0, 1.0],
                [-0.005805, 0.854565, 0.519312, 0.124994, 0.621861, -0.403605, 0.671112, -0.002831, 0.783106, 0.326835, -0.529078, -1.2e-05, 0.0, 0.0, 0.0, 1.0],
                [-0.006589, 0.852228, 0.523129, 0.124994, 0.616762, -0.408321, 0.672963, -0.002831, 0.787122, 0.32708, -0.522931, -1.2e-05, 0.0, 0.0, 0.0, 1.0],
                [-0.007325, 0.849642, 0.527308, 0.124994, 0.611436, -0.413454, 0.674686, -0.002831, 0.79126, 0.327357, -0.516473, -1.2e-05, 0.0, 0.0, 0.0, 1.0],
                [-0.008014, 0.846815, 0.531826, 0.124994, 0.605911, -0.418979, 0.676261, -0.002831, 0.795492, 0.327659, -0.509737, -1.2e-05, 0.0, 0.0, 0.0, 1.0],
                [-0.008655, 0.843756, 0.536656, 0.124994, 0.600217, -0.424861, 0.677667, -0.002831, 0.79979, 0.327975, -0.50276, -1.2e-05, 0.0, 0.0, 0.0, 1.0],
                [-0.009249, 0.840473, 0.541774, 0.124994, 0.594384, -0.431072, 0.678885, -0.002831, 0.804128, 0.3283, -0.495577, -1.2e-05, 0.0, 0.0, 0.0, 1.0],
                [-0.009797, 0.836977, 0.54715, 0.124994, 0.588439, -0.437578, 0.679901, -0.002831, 0.808482, 0.328625, -0.488223, -1.2e-05, 0.0, 0.0, 0.0, 1.0],
                [-0.010302, 0.833278, 0.552758, 0.124994, 0.58241, -0.444346, 0.680702, -0.002831, 0.81283, 0.328944, -0.480732, -1.2e-05, 0.0, 0.0, 0.0, 1.0],
                [-0.010758, 0.829289, 0.558715, 0.124994, 0.576319, -0.451467, 0.6812, -0.002831, 0.817154, 0.329327, -0.473078, -1.2e-05, 0.0, 0.0, 0.0, 1.0],
                [-0.011179, 0.825218, 0.564703, 0.124994, 0.570194, -0.458663, 0.681547, -0.002831, 0.821433, 0.32961, -0.465408, -1.2e-05, 0.0, 0.0, 0.0, 1.0],
                [-0.01156, 0.820972, 0.570851, 0.124994, 0.564055, -0.466035, 0.681655, -0.002831, 0.825656, 0.329871, -0.457686, -1.2e-05, 0.0, 0.0, 0.0, 1.0],
                [-0.011903, 0.816559, 0.577139, 0.124994, 0.557918, -0.47356, 0.681519, -0.002831, 0.82981, 0.330108, -0.449936, -1.2e-05, 0.0, 0.0, 0.0, 1.0],
                [-0.012208, 0.811985, 0.58355, 0.124994, 0.5518, -0.481216, 0.681137, -0.002831, 0.833887, 0.330319, -0.442179, -1.2e-05, 0.0, 0.0, 0.0, 1.0],
                [-0.00992, 0.807562, 0.589699, 0.124994, 0.544819, -0.490143, 0.680391, -0.002831, 0.838495, 0.328028, -0.435113, -1.2e-05, 0.0, 0.0, 0.0, 1.0],
                [-0.002379, 0.803541, 0.595245, 0.124994, 0.536094, -0.501456, 0.679076, -0.002831, 0.844155, 0.320723, -0.429581, -1.2e-05, 0.0, 0.0, 0.0, 1.0],
                [0.01057, 0.799755, 0.600233, 0.124994, 0.525655, -0.515079, 0.677038, -0.002831, 0.850632, 0.308359, -0.42584, -1.2e-05, 0.0, 0.0, 0.0, 1.0],
                [0.029083, 0.795933, 0.604685, 0.124994, 0.513539, -0.530898, 0.67411, -0.002831, 0.857573, 0.290924, -0.424183, -1.2e-05, 0.0, 0.0, 0.0, 1.0],
                [0.05329, 0.791696, 0.608586, 0.124994, 0.499801, -0.548767, 0.670114, -0.002831, 0.864499, 0.268462, -0.424935, -1.2e-05, 0.0, 0.0, 0.0, 1.0],
                [0.083273, 0.786567, 0.611864, 0.124994, 0.48452, -0.568494, 0.664873, -0.002831, 0.870808, 0.241094, -0.428447, -1.2e-05, 0.0, 0.0, 0.0, 1.0],
                [0.119032, 0.77999, 0.614367, 0.124994, 0.467803, -0.589841, 0.658216, -0.002831, 0.87578, 0.209054, -0.435091, -1.2e-05, 0.0, 0.0, 0.0, 1.0],
                [0.160457, 0.771346, 0.615856, 0.124993, 0.449798, -0.612531, 0.649991, -0.002831, 0.878599, 0.172715, -0.445234, -1.2e-05, 0.0, 0.0, 0.0, 1.0],
                [0.207288, 0.760005, 0.615974, 0.124994, 0.430694, -0.636243, 0.640076, -0.002831, 0.87837, 0.132616, -0.459216, -1.2e-05, 0.0, 0.0, 0.0, 1.0],
                [0.259093, 0.745377, 0.614234, 0.124994, 0.410732, -0.660612, 0.628404, -0.002831, 0.874168, 0.08947, -0.47731, -1.2e-05, 0.0, 0.0, 0.0, 1.0],
                [0.315244, 0.726873, 0.610146, 0.124994, 0.390196, -0.685345, 0.614857, -0.002831, 0.865083, 0.044246, -0.499674, -1.2e-05, 0.0, 0.0, 0.0, 1.0],
                [0.374901, 0.704306, 0.602828, 0.124995, 0.369426, -0.709893, 0.599646, -0.002831, 0.850278, -0.002107, -0.526329, -1.2e-05, 0.0, 0.0, 0.0, 1.0],
                [0.437044, 0.677438, 0.591667, 0.124994, 0.348792, -0.733991, 0.582752, -0.002831, 0.829057, -0.048319, -0.557072, -1.2e-05, 0.0, 0.0, 0.0, 1.0],
                [0.500488, 0.646372, 0.575947, 0.124994, 0.328689, -0.75732, 0.564296, -0.002831, 0.800921, -0.093116, -0.591485, -1.2e-05, 0.0, 0.0, 0.0, 1.0],
                [0.563937, 0.611487, 0.55503, 0.124994, 0.309518, -0.779613, 0.544429, -0.002831, 0.76562, -0.135232, -0.628918, -1.2e-05, 0.0, 0.0, 0.0, 1.0],
                [0.626045, 0.573436, 0.52843, 0.124994, 0.291664, -0.800668, 0.523319, -0.002831, 0.723187, -0.173498, -0.668505, -1.2e-05, 0.0, 0.0, 0.0, 1.0],
                [0.685499, 0.533046, 0.495936, 0.124994, 0.275473, -0.820413, 0.501036, -0.002831, 0.673948, -0.206843, -0.709232, -1.2e-05, 0.0, 0.0, 0.0, 1.0],
                [0.741074, 0.491523, 0.457401, 0.124994, 0.261243, -0.838643, 0.477943, -0.002831, 0.618516, -0.234698, -0.749903, -1.2e-05, 0.0, 0.0, 0.0, 1.0],
                [0.791721, 0.449969, 0.413166, 0.124994, 0.249191, -0.855399, 0.454087, -0.002831, 0.557747, -0.256553, -0.789366, -1.2e-05, 0.0, 0.0, 0.0, 1.0],
                [0.836609, 0.409562, 0.363792, 0.124994, 0.239451, -0.870701, 0.429585, -0.002831, 0.492696, -0.272284, -0.826506, -1.2e-05, 0.0, 0.0, 0.0, 1.0],
                [0.875159, 0.371367, 0.310134, 0.124994, 0.232066, -0.884634, 0.404436, -0.002831, 0.424549, -0.281974, -0.860377, -1.2e-05, 0.0, 0.0, 0.0, 1.0],
                [0.907059, 0.336393, 0.253147, 0.124994, 0.227001, -0.897187, 0.378846, -0.002831, 0.354562, -0.286171, -0.890164, -1.2e-05, 0.0, 0.0, 0.0, 1.0],
                [0.932264, 0.305351, 0.194022, 0.124994, 0.224135, -0.908465, 0.352782, -0.002831, 0.283985, -0.285399, -0.915369, -1.2e-05, 0.0, 0.0, 0.0, 1.0],
                [0.950971, 0.278741, 0.134005, 0.124994, 0.223277, -0.91856, 0.326183, -0.002831, 0.214012, -0.28027, -0.935761, -1.2e-05, 0.0, 0.0, 0.0, 1.0],
                [0.963587, 0.256871, 0.074269, 0.124994, 0.224191, -0.927491, 0.299163, -0.002831, 0.145731, -0.271619, -0.951307, -1.1e-05, 0.0, 0.0, 0.0, 1.0],
                [0.97069, 0.239802, 0.015976, 0.124994, 0.226596, -0.935333, 0.271671, -0.002831, 0.08009, -0.260088, -0.962258, -1.2e-05, 0.0, 0.0, 0.0, 1.0],
                [0.972981, 0.227423, -0.039832, 0.124994, 0.230192, -0.942157, 0.243622, -0.002831, 0.017878, -0.246208, -0.969052, -1.2e-05, 0.0, 0.0, 0.0, 1.0],
                [0.971239, 0.219488, -0.092307, 0.124994, 0.234676, -0.947969, 0.215133, -0.002831, -0.040285, -0.230608, -0.972213, -1.2e-05, 0.0, 0.0, 0.0, 1.0],
                [0.96628, 0.215648, -0.140711, 0.124994, 0.239746, -0.952832, 0.186096, -0.002831, -0.093943, -0.213556, -0.972404, -1.1e-05, 0.0, 0.0, 0.0, 1.0],
                [0.958919, 0.215481, -0.184505, 0.124994, 0.245123, -0.956765, 0.156574, -0.002831, -0.142789, -0.195368, -0.970279, -1.2e-05, 0.0, 0.0, 0.0, 1.0],
                [0.949939, 0.218516, -0.223307, 0.124994, 0.250552, -0.959783, 0.126647, -0.002831, -0.186652, -0.176257, -0.966486, -1.2e-05, 0.0, 0.0, 0.0, 1.0],
                [0.940069, 0.224289, -0.256836, 0.124994, 0.255802, -0.961925, 0.096257, -0.002831, -0.225468, -0.156187, -0.961649, -1.2e-05, 0.0, 0.0, 0.0, 1.0],
                [0.929962, 0.232304, -0.284965, 0.124994, 0.260681, -0.963199, 0.065512, -0.002831, -0.25926, -0.135209, -0.956297, -1.2e-05, 0.0, 0.0, 0.0, 1.0],
                [0.920191, 0.242069, -0.307653, 0.124994, 0.265027, -0.963624, 0.034495, -0.002831, -0.288111, -0.113279, -0.950873, -1.2e-05, 0.0, 0.0, 0.0, 1.0],
                [0.911241, 0.25311, -0.324925, 0.124994, 0.268711, -0.963215, 0.003265, -0.002831, -0.312146, -0.090286, -0.945734, -1.2e-05, 0.0, 0.0, 0.0, 1.0],
                [0.903502, 0.264878, -0.336933, 0.124994, 0.271637, -0.961996, -0.02786, -0.002831, -0.331507, -0.066352, -0.941116, -1.2e-05, 0.0, 0.0, 0.0, 1.0],
                [0.89728, 0.27679, -0.343914, 0.124994, 0.273745, -0.960025, -0.058444, -0.002831, -0.346343, -0.041705, -0.937181, -1.1e-05, 0.0, 0.0, 0.0, 1.0],
                [0.892788, 0.288178, -0.346241, 0.124994, 0.275009, -0.957428, -0.087757, -0.002831, -0.35679, -0.016871, -0.934032, -1.2e-05, 0.0, 0.0, 0.0, 1.0],
                [0.890139, 0.297673, -0.345027, 0.124994, 0.275501, -0.954652, -0.112861, -0.002831, -0.362977, 0.005407, -0.931782, -1.2e-05, 0.0, 0.0, 0.0, 1.0],
                [0.889292, 0.301982, -0.343461, 0.124994, 0.275541, -0.953176, -0.124631, -0.002831, -0.365016, 0.016196, -0.930861, -1.2e-05, 0.0, 0.0, 0.0, 1.0]
            ]
        },
        {
            "name": "Leg_R",
            "time": [0.0, 0.0167, 0.0333, 0.05, 0.0667, 0.0833, 0.1, 0.1167, 0.1333, 0.15, 0.1667, 0.1833, 0.2, 0.2167, 0.2333, 0.25, 0.2667, 0.2833, 0.3, 0.3167, 0.3333, 0.35, 0.3667, 0.3833, 0.4, 0.4167, 0.4333, 0.45, 0.4667, 0.4833, 0.5, 0.5167, 0.5333, 0.55, 0.5667, 0.5833, 0.6, 0.6167, 0.6333, 0.65, 0.6667, 0.6833, 0.7, 0.7167, 0.7333, 0.75, 0.7667, 0.7833, 0.8, 0.8167, 0.8333, 0.85, 0.8667, 0.8833, 0.9, 0.9167, 0.9333, 0.95, 0.9667, 0.9833, 1.0, 1.0167, 1.0333, 1.05, 1.0667, 1.0833, 1.1, 1.1167, 1.1333, 1.15, 1.1667, 1.1833, 1.2, 1.2167, 1.2333, 1.25, 1.2667, 1.2833, 1.3, 1.3167, 1.3333, 1.35, 1.3667, 1.3833, 1.4, 1.4167, 1.4333, 1.45, 1.4667, 1.4833, 1.5, 1.5167, 1.5333, 1.55, 1.5667, 1.5833, 1.6, 1.6167, 1.6333, 1.65, 1.6667],
            "transform": [
                [0.999804, -0.019017, -0.005449, -0.0, 0.019077, 0.853938, 0.520024, 0.374721, -0.005236, -0.520026, 0.854134, -0.0, 0.0, 0.0, 0.0, 1.0],
                [0.999788, -0.019739, -0.005901, -0.0, 0.019801, 0.841576, 0.539776, 0.374721, -0.005689, -0.539778, 0.841788, 0.0, 0.0, 0.0, 0.0, 1.0],
                [0.999738, -0.021706, -0.007255, 0.0, 0.021774, 0.804496, 0.593558, 0.374721, -0.007047, -0.593561, 0.804758, 0.0, 0.0, 0.0, 0.0, 1.0],
                [0.999656, -0.024434, -0.009478, -0.0, 0.024511, 0.743615, 0.66816, 0.374721, -0.009278, -0.668162, 0.743958, 0.0, 0.0, 0.0, 0.0, 1.0],
                [0.999546, -0.027423, -0.012496, 0.0, 0.02751, 0.660971, 0.749908, 0.374721, -0.012305, -0.749911, 0.661425, -0.0, 0.0, 0.0, 0.0, 1.0],
                [0.99941, -0.030282, -0.016191, 0.0, 0.030377, 0.559791, 0.828077, 0.374721, -0.016012, -0.82808, 0.560381, -0.0, 0.0, 0.0, 0.0, 1.0],
                [0.999256, -0.032737, -0.020405, 0.0, 0.03284, 0.444401, 0.895226, 0.374721, -0.020239, -0.895229, 0.445145, -0.0, 0.0, 0.0, 0.0, 1.0],
                [0.999089, -0.034621, -0.024943, 0.0, 0.03473, 0.320142, 0.946733, 0.374721, -0.024791, -0.946737, 0.321052, -0.0, 0.0, 0.0, 0.0, 1.0],
                [0.998918, -0.035861, -0.029607, 0.0, 0.035974, 0.192434, 0.980651, 0.374721, -0.02947, -0.980654, 0.193516, -0.0, 0.0, 0.0, 0.0, 1.0],
                [0.99875, -0.036462, -0.034189, -0.0, 0.036577, 0.066986, 0.997083, 0.374721, -0.034066, -0.997087, 0.068236, 0.0, 0.0, 0.0, 0.0, 1.0],
                [0.998592, -0.036497, -0.038492, 0.0, 0.036612, -0.050849, 0.998035, 0.374721, -0.038383, -0.998039, -0.049441, -0.0, 0.0, 0.0, 0.0, 1.0],
                [0.998449, -0.036088, -0.042388, 0.0, 0.036202, -0.157534, 0.98685, 0.374721, -0.042291, -0.986854, -0.155983, 0.0, 0.0, 0.0, 0.0, 1.0],
                [0.998326, -0.035384, -0.045765, -0.0, 0.035495, -0.25, 0.967595, 0.374721, -0.045678, -0.967599, -0.248325, -0.0, 0.0, 0.0, 0.0, 1.0],
                [0.998222, -0.034532, -0.048586, -0.0, 0.034641, -0.327238, 0.944307, 0.374721, -0.048508, -0.944311, -0.32546, -0.0, 0.0, 0.0, 0.0, 1.0],
                [0.998138, -0.03366, -0.050856, -0.0, 0.033766, -0.389406, 0.920447, 0.374721, -0.050786, -0.920451, -0.387545, -0.0, 0.0, 0.0, 0.0, 1.0],
                [0.998074, -0.032856, -0.052623, -0.0, 0.03296, -0.437787, 0.898475, 0.374721, -0.052558, -0.898478, -0.435861, 0.0, 0.0, 0.0, 0.0, 1.0],
                [0.998026, -0.032185, -0.053933, 0.0, 0.032286, -0.473665, 0.880113, 0.374721, -0.053872, -0.880117, -0.471691, 0.0, 0.0, 0.0, 0.0, 1.0],
                [0.997992, -0.031668, -0.054861, -0.0, 0.031767, -0.499079, 0.865974, 0.374721, -0.054804, -0.865978, -0.497071, -0.0, 0.0, 0.0, 0.0, 1.0],
                [0.997969, -0.031309, -0.055471, -0.0, 0.031407, -0.515775, 0.856148, 0.374721, -0.055415, -0.856152, -0.513744, 0.0, 0.0, 0.0, 0.0, 1.0],
                [0.997956, -0.031099, -0.055813, 0.0, 0.031197, -0.525156, 0.850434, 0.374721, -0.055759, -0.850437, -0.523113, -0.0, 0.0, 0.0, 0.0, 1.0],
                [0.997953, -0.031031, -0.055923, -0.0, 0.031129, -0.52816, 0.848574, 0.374721, -0.055869, -0.848578, -0.526113, 0.0, 0.0, 0.0, 0.0, 1.0],
                [0.997952, -0.031021, -0.055941, 0.0, 0.031118, -0.528636, 0.848278, 0.374721, -0.055886, -0.848281, -0.526589, -0.0, 0.0, 0.0, 0.0, 1.0],
                [0.997952, -0.031019, -0.055943, 0.0, 0.031116, -0.528712, 0.848231, 0.374721, -0.055889, -0.848234, -0.526664, 0.0, 0.0, 0.0, 0.0, 1.0],
                [0.997957, -0.031101, -0.055812, -0.0, 0.031198, -0.525105, 0.850465, 0.374721, -0.055757, -0.850469, -0.523062, -0.0, 0.0, 0.0, 0.0, 1.0],
                [0.997975, -0.031397, -0.055323, -0.0, 0.031496, -0.511725, 0.858572, 0.374721, -0.055267, -0.858575, -0.5097, 0.0, 0.0, 0.0, 0.0, 1.0],
                [0.99802, -0.032107, -0.054076, -0.0, 0.032208, -0.477582, 0.877997, 0.374721, -0.054016, -0.878001, -0.475602, 0.0, 0.0, 0.0, 0.0, 1.0],
                [0.998119, -0.033423, -0.051402, -0.0, 0.033528, -0.404374, 0.913979, 0.374721, -0.051334, -0.913983, -0.402492, -0.0, 0.0, 0.0, 0.0, 1.0],
                [0.998303, -0.035222, -0.04637, -0.0, 0.035333, -0.266578, 0.963166, 0.374721, -0.046286, -0.96317, -0.264882, -0.0, 0.0, 0.0, 0.0, 1.0],
                [0.998617, -0.036525, -0.037808, 0.0, 0.03664, -0.03212, 0.998812, 0.374721, -0.037697, -0.998816, -0.030737, 0.0, 0.0, 0.0, 0.0, 1.0],
                [0.999104, -0.034478, -0.024528, -0.0, 0.034586, 0.331516, 0.942816, 0.374721, -0.024375, -0.942819, 0.332412, -0.0, 0.0, 0.0, 0.0, 1.0],
                [0.999803, -0.019066, -0.005479, -0.0, 0.019126, 0.853118, 0.521369, 0.374721, -0.005266, -0.521371, 0.853315, 0.0, 0.0, 0.0, 0.0, 1.0],
                [1.0, -1.6e-05, -0.000115, -0.0, 1.6e-05, 1.0, 0.000435, 0.374721, 0.000115, -0.000435, 1.0, 0.0, 0.0, 0.0, 0.0, 1.0],
                [0.999783, -0.019959, -0.006043, 0.0, 0.020022, 0.837676, 0.5458, 0.374721, -0.005832, -0.545803, 0.837893, 0.0, 0.0, 0.0, 0.0, 1.0],
                [0.998848, -0.036185, -0.031526, 0.0, 0.036299, 0.139898, 0.989501, 0.374721, -0.031395, -0.989505, 0.14105, 0.0, 0.0, 0.0, 0.0, 1.0],
                [0.998141, -0.033691, -0.050782, -0.0, 0.033797, -0.387388, 0.921297, 0.374721, -0.050712, -0.921301, -0.385529, -0.0, 0.0, 0.0, 0.0, 1.0],
                [0.997931, -0.030651, -0.056521, -0.0, 0.030748, -0.544531, 0.838177, 0.374721, -0.056469, -0.83818, -0.542462, 0.0, 0.0, 0.0, 0.0, 1.0],
                [0.997929, -0.030611, -0.056583, -0.0, 0.030708, -0.546216, 0.837081, 0.374721, -0.05653, -0.837085, -0.544144, -0.0, 0.0, 0.0, 0.0, 1.0],
                [0.997931, -0.030659, -0.056509, 0.0, 0.030755, -0.544209, 0.838386, 0.37472, -0.056457, -0.838389, -0.542141, 0.0, 0.0, 0.0, 0.0, 1.0],
                [0.997935, -0.030717, -0.05642, -0.0, 0.030813, -0.541766, 0.839965, 0.374721, -0.056367, -0.839968, -0.5397, -0.0, 0.0, 0.0, 0.0, 1.0],
                [0.997938, -0.030785, -0.056314, -0.0, 0.030882, -0.538851, 0.841835, 0.37472, -0.056261, -0.841838, -0.536789, -0.0, 0.0, 0.0, 0.0, 1.0],
                [0.997943, -0.030865, -0.056189, -0.0, 0.030962, -0.535433, 0.84401, 0.37472, -0.056135, -0.844014, -0.533376, 0.0, 0.0, 0.0, 0.0, 1.0],
                [0.997948, -0.030956, -0.056044, 0.0, 0.031053, -0.531479, 0.846502, 0.37472, -0.05599, -0.846505, -0.529427, 0.0, 0.0, 0.0, 0.0, 1.0],
                [0.997954, -0.031059, -0.055879, 0.0, 0.031156, -0.52696, 0.849319, 0.37472, -0.055825, -0.849322, -0.524915, 0.0, 0.0, 0.0, 0.0, 1.0],
                [0.997961, -0.031174, -0.055693, 0.0, 0.031272, -0.52185, 0.852464, 0.374721, -0.055638, -0.852467, -0.519811, -0.0, 0.0, 0.0, 0.0, 1.0],
                [0.997969, -0.031301, -0.055484, 0.0, 0.031399, -0.516124, 0.855938, 0.37472, -0.055428, -0.855941, -0.514093, -0.0, 0.0, 0.0, 0.0, 1.0],
                [0.997977, -0.03144, -0.055251, -0.0, 0.031538, -0.509767, 0.859735, 0.374721, -0.055195, -0.859738, -0.507744, 0.0, 0.0, 0.0, 0.0, 1.0],
                [0.997987, -0.03159, -0.054996, 0.0, 0.031689, -0.502763, 0.863843, 0.37472, -0.054938, -0.863847, -0.500749, 0.0, 0.0, 0.0, 0.0, 1.0],
                [0.997997, -0.031751, -0.054716, -0.0, 0.031851, -0.495106, 0.868249, 0.37472, -0.054658, -0.868252, -0.493102, 0.0, 0.0, 0.0, 0.0, 1.0],
                [0.998008, -0.031922, -0.054412, 0.0, 0.032023, -0.486793, 0.87293, 0.374721, -0.054353, -0.872934, -0.484801, -0.0, 0.0, 0.0, 0.0, 1.0],
                [0.99802, -0.032103, -0.054085, 0.0, 0.032204, -0.477828, 0.877863, 0.374721, -0.054025, -0.877866, -0.475848, -0.0, 0.0, 0.0, 0.0, 1.0],
