{
    "animation": [
        {
            "name": "Root",
            "time": [0.0, 0.0167, 0.0333, 0.05, 0.0667, 0.0833, 0.1, 0.1167, 0.1333, 0.15, 0.1667, 0.1833, 0.2, 0.2167, 0.2333, 0.25, 0.2667, 0.2833, 0.3, 0.3167, 0.3333, 0.35, 0.3667, 0.3833, 0.4, 0.4167, 0.4333, 0.45, 0.4667, 0.4833, 0.5, 0.5167, 0.5333, 0.55, 0.5667, 0.5833, 0.6, 0.6167, 0.6333, 0.65, 0.6667, 0.6833, 0.7, 0.7167, 0.7333, 0.75, 0.7667, 0.7833, 0.8, 0.8167, 0.8333, 0.85, 0.8667, 0.8833, 0.9, 0.9167, 0.9333, 0.95, 0.9667, 0.9833, 1.0, 1.0167, 1.0333, 1.05, 1.0667, 1.0833, 1.1, 1.1167, 1.1333, 1.15, 1.1667, 1.1833, 1.2, 1.2167, 1.2333, 1.25, 1.2667, 1.2833, 1.3, 1.3167, 1.3333, 1.35, 1.3667, 1.3833, 1.4, 1.4167, 1.4333, 1.45, 1.4667, 1.4833, 1.5, 1.5167, 1.5333, 1.55, 1.5667, 1.5833, 1.6, 1.6167, 1.6333, 1.65, 1.6667, 1.6833, 1.7, 1.7167, 1.7333, 1.75, 1.7667, 1.7833, 1.8, 1.8167, 1.8333, 1.85, 1.8667, 1.8833, 1.9, 1.9167, 1.9333, 1.95, 1.9667, 1.9833, 2.0, 2.0167, 2.0333, 2.05, 2.0667, 2.0833, 2.1, 2.1167, 2.1333, 2.15, 2.1667, 2.1833, 2.2],
            "transform": [
                [0.708627, 0.0, -0.705584, -5e-06, -0.705584, 0.0, -0.708627, 0.000946, 0.0, 1.0, 0.0, 0.72401, 0.0, 0.0, 0.0, 1.0],
                [0.714984, 0.0, -0.699141, -5e-06, -0.699141, 0.0, -0.714984, -0.000337, 0.0, 1.0, 0.0, 0.72376, 0.0, 0.0, 0.0, 1.0],
                [0.733841, 0.0, -0.679322, -5e-06, -0.679322, 0.0, -0.733841, -0.004297, 0.0, 1.0, 0.0, 0.722995, 0.0, 0.0, 0.0, 1.0],
                [0.764138, 0.0, -0.645053, -5e-06, -0.645053, 0.0, -0.764138, -0.011086, 0.0, 1.0, 0.0, 0.721695, 0.0, 0.0, 0.0, 1.0],
                [0.803727, 0.0, -0.594998, -5e-06, -0.594998, 0.0, -0.803727, -0.020828, 0.0, 1.0, 0.0, 0.719845, 0.0, 0.0, 0.0, 1.0],
                [0.849299, 0.0, -0.527913, -5e-06, -0.527913, 0.0, -0.849299, -0.03361, 0.0, 1.0, 0.0, 0.717427, 0.0, 0.0, 0.0, 1.0],
                [0.896451, 0.0, -0.443143, -5e-06, -0.443143, 0.0, -0.896451, -0.049459, 0.0, 1.0, 0.0, 0.714431, 0.0, 0.0, 0.0, 1.0],
                [0.939996, 0.0, -0.341186, -5e-06, -0.341186, 0.0, -0.939996, -0.068331, 0.0, 1.0, 0.0, 0.710848, 0.0, 0.0, 0.0, 1.0],
                [0.974554, 0.0, -0.224154, -5e-06, -0.224154, 0.0, -0.974554, -0.090094, 0.0, 1.0, 0.0, 0.706676, 0.0, 0.0, 0.0, 1.0],
                [0.995385, 0.0, -0.095966, -5e-06, -0.095966, 0.0, -0.995385, -0.114525, 0.0, 1.0, 0.0, 0.701918, 0.0, 0.0, 0.0, 1.0],
                [0.999282, 0.0, 0.037898, -5e-06, 0.037898, 0.0, -0.999282, -0.141309, 0.0, 1.0, 0.0, 0.696586, 0.0, 0.0, 0.0, 1.0],
                [0.985257, 0.0, 0.171081, -5e-06, 0.171081, 0.0, -0.985257, -0.170056, 0.0, 1.0, 0.0, 0.690698, 0.0, 0.0, 0.0, 1.0],
                [0.954777, 0.0, 0.297324, -5e-06, 0.297324, 0.0, -0.954777, -0.200327, 0.0, 1.0, 0.0, 0.68428, 0.0, 0.0, 0.0, 1.0],
                [0.911454, 0.0, 0.411402, -5e-06, 0.411402, 0.0, -0.911454, -0.231657, 0.0, 1.0, 0.0, 0.677367, 0.0, 0.0, 0.0, 1.0],
                [0.860312, 0.0, 0.509768, -5e-06, 0.509768, 0.0, -0.860312, -0.26359, 0.0, 1.0, 0.0, 0.67, 0.0, 0.0, 0.0, 1.0],
                [0.806874, 0.0, 0.590723, -5e-06, 0.590723, 0.0, -0.806874, -0.295704, 0.0, 1.0, 0.0, 0.66223, 0.0, 0.0, 0.0, 1.0],
                [0.756352, 0.0, 0.654164, -5e-06, 0.654164, 0.0, -0.756352, -0.327629, 0.0, 1.0, 0.0, 0.65411, 0.0, 0.0, 0.0, 1.0],
                [0.713086, 0.0, 0.701077, -5e-06, 0.701077, 0.0, -0.713086, -0.359053, 0.0, 1.0, 0.0, 0.6457, 0.0, 0.0, 0.0, 1.0],
                [0.68028, 0.0, 0.732952, -5e-06, 0.732952, 0.0, -0.68028, -0.38973, 0.0, 1.0, 0.0, 0.637062, 0.0, 0.0, 0.0, 1.0],
                [0.659976, 0.0, 0.751286, -5e-06, 0.751286, 0.0, -0.659976, -0.419473, 0.0, 1.0, 0.0, 0.628257, 0.0, 0.0, 0.0, 1.0],
                [0.65315, 0.0, 0.757229, -5e-06, 0.757229, 0.0, -0.65315, -0.448146, 0.0, 1.0, 0.0, 0.619346, 0.0, 0.0, 0.0, 1.0],
                [0.65315, 0.0, 0.757229, -5e-06, 0.757229, 0.0, -0.65315, -0.479859, 0.0, 1.0, 0.0, 0.610387, 0.0, 0.0, 0.0, 1.0],
                [0.65315, 0.0, 0.757229, -5e-06, 0.757229, 0.0, -0.65315, -0.518448, 0.0, 1.0, 0.0, 0.601434, 0.0, 0.0, 0.0, 1.0],
                [0.65315, 0.0, 0.757229, -5e-06, 0.757229, 0.0, -0.65315, -0.562725, 0.0, 1.0, 0.0, 0.592535, 0.0, 0.0, 0.0, 1.0],
                [0.65315, 0.0, 0.757229, -5e-06, 0.757229, 0.0, -0.65315, -0.610388, 0.0, 1.0, 0.0, 0.583734, 0.0, 0.0, 0.0, 1.0],
                [0.65315, 0.0, 0.757229, -5e-06, 0.757229, 0.0, -0.65315, -0.658059, 0.0, 1.0, 0.0, 0.575069, 0.0, 0.0, 0.0, 1.0],
                [0.65315, 0.0, 0.757229, -5e-06, 0.757229, 0.0, -0.65315, -0.701828, 0.0, 1.0, 0.0, 0.566572, 0.0, 0.0, 0.0, 1.0],
                [0.65315, 0.0, 0.757229, -5e-06, 0.757229, 0.0, -0.65315, -0.738178, 0.0, 1.0, 0.0, 0.55827, 0.0, 0.0, 0.0, 1.0],
                [0.65315, 0.0, 0.757229, -5e-06, 0.757229, 0.0, -0.65315, -0.764751, 0.0, 1.0, 0.0, 0.550183, 0.0, 0.0, 0.0, 1.0],
                [0.65315, 0.0, 0.757229, -5e-06, 0.757229, 0.0, -0.65315, -0.780555, 0.0, 1.0, 0.0, 0.542329, 0.0, 0.0, 0.0, 1.0],
                [0.65315, 0.0, 0.757229, -5e-06, 0.757229, 0.0, -0.65315, -0.785681, 0.0, 1.0, 0.0, 0.53472, 0.0, 0.0, 0.0, 1.0],
                [0.630227, 0.0, 0.776411, -5e-06, 0.776411, 0.0, -0.630227, -0.682967, 0.0, 1.0, 0.0, 0.525781, 0.0, 0.0, 0.0, 1.0],
                [0.556861, 0.0, 0.830606, -5e-06, 0.830606, 0.0, -0.556861, -0.384027, 0.0, 1.0, 0.0, 0.514395, 0.0, 0.0, 0.0, 1.0],
                [0.433457, 0.0, 0.901174, -5e-06, 0.901174, 0.0, -0.433457, 0.045719, 0.0, 1.0, 0.0, 0.50218, 0.0, 0.0, 0.0, 1.0],
                [0.280684, 0.0, 0.9598, -5e-06, 0.9598, 0.0, -0.280684, 0.475465, 0.0, 1.0, 0.0, 0.491671, 0.0, 0.0, 0.0, 1.0],
                [0.133654, 0.0, 0.991028, -5e-06, 0.991028, 0.0, -0.133654, 0.774405, 0.0, 1.0, 0.0, 0.484973, 0.0, 0.0, 0.0, 1.0],
                [0.018858, 0.0, 0.999822, -5e-06, 0.999822, 0.0, -0.018858, 0.87712, 0.0, 1.0, 0.0, 0.482787, 0.0, 0.0, 0.0, 1.0],
                [-0.083488, 0.0, 0.996509, -5e-06, 0.996509, 0.0, 0.083488, 0.784953, 0.0, 1.0, 0.0, 0.522614, 0.0, 0.0, 0.0, 1.0],
                [-0.170782, 0.0, 0.985309, -5e-06, 0.985309, 0.0, 0.170782, 0.587727, 0.0, 1.0, 0.0, 0.60784, 0.0, 0.0, 0.0, 1.0],
                [-0.200444, 0.0, 0.979705, -5e-06, 0.979705, 0.0, 0.200444, 0.49556, 0.0, 1.0, 0.0, 0.647667, 0.0, 0.0, 0.0, 1.0],
                [-0.187072, 0.0, 0.982346, -5e-06, 0.982346, 0.0, 0.187072, 0.51913, 0.0, 1.0, 0.0, 0.637482, 0.0, 0.0, 0.0, 1.0],
                [-0.147963, 0.0, 0.988993, -5e-06, 0.988993, 0.0, 0.147963, 0.587727, 0.0, 1.0, 0.0, 0.60784, 0.0, 0.0, 0.0, 1.0],
                [-0.091349, 0.0, 0.995819, -5e-06, 0.995819, 0.0, 0.091349, 0.68634, 0.0, 1.0, 0.0, 0.565227, 0.0, 0.0, 0.0, 1.0],
                [-0.034438, 0.0, 0.999407, -5e-06, 0.999407, 0.0, 0.034438, 0.784953, 0.0, 1.0, 0.0, 0.522614, 0.0, 0.0, 0.0, 1.0],
                [0.005228, 0.0, 0.999986, -5e-06, 0.999986, 0.0, -0.005228, 0.85355, 0.0, 1.0, 0.0, 0.492972, 0.0, 0.0, 0.0, 1.0],
                [0.018858, 0.0, 0.999822, -5e-06, 0.999822, 0.0, -0.018858, 0.87712, 0.0, 1.0, 0.0, 0.482787, 0.0, 0.0, 0.0, 1.0],
                [-0.034438, 0.0, 0.999407, -5e-06, 0.999407, 0.0, 0.034438, 0.784953, 0.0, 1.0, 0.0, 0.522614, 0.0, 0.0, 0.0, 1.0],
                [-0.147963, 0.0, 0.988993, -5e-06, 0.988993, 0.0, 0.147963, 0.587727, 0.0, 1.0, 0.0, 0.60784, 0.0, 0.0, 0.0, 1.0],
                [-0.200444, 0.0, 0.979705, -5e-06, 0.979705, 0.0, 0.200444, 0.49556, 0.0, 1.0, 0.0, 0.647667, 0.0, 0.0, 0.0, 1.0],
                [-0.187072, 0.0, 0.982346, -5e-06, 0.982346, 0.0, 0.187072, 0.51913, 0.0, 1.0, 0.0, 0.637482, 0.0, 0.0, 0.0, 1.0],
                [-0.147963, 0.0, 0.988993, -5e-06, 0.988993, 0.0, 0.147963, 0.587727, 0.0, 1.0, 0.0, 0.60784, 0.0, 0.0, 0.0, 1.0],
                [-0.091349, 0.0, 0.995819, -5e-06, 0.995819, 0.0, 0.091349, 0.68634, 0.0, 1.0, 0.0, 0.565227, 0.0, 0.0, 0.0, 1.0],
                [-0.034438, 0.0, 0.999407, -5e-06, 0.999407, 0.0, 0.034438, 0.784953, 0.0, 1.0, 0.0, 0.522614, 0.0, 0.0, 0.0, 1.0],
                [0.005228, 0.0, 0.999986, -5e-06, 0.999986, 0.0, -0.005228, 0.85355, 0.0, 1.0, 0.0, 0.492972, 0.0, 0.0, 0.0, 1.0],
                [0.018858, 0.0, 0.999822, -5e-06, 0.999822, 0.0, -0.018858, 0.87712, 0.0, 1.0, 0.0, 0.482787, 0.0, 0.0, 0.0, 1.0],
                [0.015466, 0.0, 0.99988, -5e-06, 0.99988, 0.0, -0.015466, 0.871255, 0.0, 1.0, 0.0, 0.485321, 0.0, 0.0, 0.0, 1.0],
                [0.005228, 0.0, 0.999986, -5e-06, 0.999986, 0.0, -0.005228, 0.85355, 0.0, 1.0, 0.0, 0.492972, 0.0, 0.0, 0.0, 1.0],
                [-0.011656, 0.0, 0.999932, -5e-06, 0.999932, 0.0, 0.011656, 0.824356, 0.0, 1.0, 0.0, 0.505587, 0.0, 0.0, 0.0, 1.0],
                [-0.034438, 0.0, 0.999407, -5e-06, 0.999407, 0.0, 0.034438, 0.784953, 0.0, 1.0, 0.0, 0.522614, 0.0, 0.0, 0.0, 1.0],
                [-0.061695, 0.0, 0.998095, -5e-06, 0.998095, 0.0, 0.061695, 0.737768, 0.0, 1.0, 0.0, 0.543004, 0.0, 0.0, 0.0, 1.0],
                [-0.091349, 0.0, 0.995819, -5e-06, 0.995819, 0.0, 0.091349, 0.68634, 0.0, 1.0, 0.0, 0.565227, 0.0, 0.0, 0.0, 1.0],
                [-0.120922, 0.0, 0.992662, -5e-06, 0.992662, 0.0, 0.120922, 0.634912, 0.0, 1.0, 0.0, 0.58745, 0.0, 0.0, 0.0, 1.0],
                [-0.147963, 0.0, 0.988993, -5e-06, 0.988993, 0.0, 0.147963, 0.587727, 0.0, 1.0, 0.0, 0.60784, 0.0, 0.0, 0.0, 1.0],
                [-0.17046, 0.0, 0.985365, -5e-06, 0.985365, 0.0, 0.17046, 0.548324, 0.0, 1.0, 0.0, 0.624867, 0.0, 0.0, 0.0, 1.0],
                [-0.187072, 0.0, 0.982346, -5e-06, 0.982346, 0.0, 0.187072, 0.51913, 0.0, 1.0, 0.0, 0.637482, 0.0, 0.0, 0.0, 1.0],
                [-0.19712, 0.0, 0.980379, -5e-06, 0.980379, 0.0, 0.19712, 0.501425, 0.0, 1.0, 0.0, 0.645133, 0.0, 0.0, 0.0, 1.0],
                [-0.200444, 0.0, 0.979705, -5e-06, 0.979705, 0.0, 0.200444, 0.49556, 0.0, 1.0, 0.0, 0.647667, 0.0, 0.0, 0.0, 1.0],
                [-0.200444, 0.0, 0.979705, -5e-06, 0.979705, 0.0, 0.200444, 0.578039, 0.0, 1.0, 0.0, 0.632553, 0.0, 0.0, 0.0, 1.0],
                [-0.200444, 0.0, 0.979705, -5e-06, 0.979705, 0.0, 0.200444, 0.819119, 0.0, 1.0, 0.0, 0.588565, 0.0, 0.0, 0.0, 1.0],
                [-0.200444, 0.0, 0.979705, -5e-06, 0.979705, 0.0, 0.200444, 1.168395, 0.0, 1.0, 0.0, 0.525329, 0.0, 0.0, 0.0, 1.0],
                [-0.200444, 0.0, 0.979705, -5e-06, 0.979705, 0.0, 0.200444, 1.522921, 0.0, 1.0, 0.0, 0.462093, 0.0, 0.0, 0.0, 1.0],
                [-0.200444, 0.0, 0.979705, -5e-06, 0.979705, 0.0, 0.200444, 1.778434, 0.0, 1.0, 0.0, 0.418104, 0.0, 0.0, 0.0, 1.0],
                [-0.200444, 0.0, 0.979705, -5e-06, 0.979705, 0.0, 0.200444, 1.881706, 0.0, 1.0, 0.0, 0.40299, 0.0, 0.0, 0.0, 1.0],
                [-0.200444, 0.0, 0.979705, -5e-06, 0.979705, 0.0, 0.200444, 1.904303, 0.0, 1.0, 0.0, 0.40299, 0.0, 0.0, 0.0, 1.0],
                [-0.200444, 0.0, 0.979705, -5e-06, 0.979705, 0.0, 0.200444, 1.925987, 0.0, 1.0, 0.0, 0.40299, 0.0, 0.0, 0.0, 1.0],
                [-0.200444, 0.0, 0.979705, -5e-06, 0.979705, 0.0, 0.200444, 1.94672, 0.0, 1.0, 0.0, 0.40299, 0.0, 0.0, 0.0, 1.0],
                [-0.200444, 0.0, 0.979705, -5e-06, 0.979705, 0.0, 0.200444, 1.966467, 0.0, 1.0, 0.0, 0.40299, 0.0, 0.0, 0.0, 1.0],
                [-0.200444, 0.0, 0.979705, -5e-06, 0.979705, 0.0, 0.200444, 1.985193, 0.0, 1.0, 0.0, 0.40299, 0.0, 0.0, 0.0, 1.0],
                [-0.200444, 0.0, 0.979705, -5e-06, 0.979705, 0.0, 0.200444, 2.002869, 0.0, 1.0, 0.0, 0.40299, 0.0, 0.0, 0.0, 1.0],
                [-0.200444, 0.0, 0.979705, -5e-06, 0.979705, 0.0, 0.200444, 2.019469, 0.0, 1.0, 0.0, 0.40299, 0.0, 0.0, 0.0, 1.0],
                [-0.200444, 0.0, 0.979705, -5e-06, 0.979705, 0.0, 0.200444, 2.034974, 0.0, 1.0, 0.0, 0.40299, 0.0, 0.0, 0.0, 1.0],
                [-0.200444, 0.0, 0.979705, -5e-06, 0.979705, 0.0, 0.200444, 2.049371, 0.0, 1.0, 0.0, 0.40299, 0.0, 0.0, 0.0, 1.0],
                [-0.200444, 0.0, 0.979705, -5e-06, 0.979705, 0.0, 0.200444, 2.062656, 0.0, 1.0, 0.0, 0.40299, 0.0, 0.0, 0.0, 1.0],
                [-0.200444, 0.0, 0.979705, -5e-06, 0.979705, 0.0, 0.200444, 2.07483, 0.0, 1.0, 0.0, 0.40299, 0.0, 0.0, 0.0, 1.0],
                [-0.200444, 0.0, 0.979705, -5e-06, 0.979705, 0.0, 0.200444, 2.085905, 0.0, 1.0, 0.0, 0.40299, 0.0, 0.0, 0.0, 1.0],
                [-0.200444, 0.0, 0.979705, -5e-06, 0.979705, 0.0, 0.200444, 2.095902, 0.0, 1.0, 0.0, 0.40299, 0.0, 0.0, 0.0, 1.0],
                [-0.200444, 0.0, 0.979705, -5e-06, 0.979705, 0.0, 0.200444, 2.104851, 0.0, 1.0, 0.0, 0.40299, 0.0, 0.0, 0.0, 1.0],
                [-0.200444, 0.0, 0.979705, -5e-06, 0.979705, 0.0, 0.200444, 2.112791, 0.0, 1.0, 0.0, 0.40299, 0.0, 0.0, 0.0, 1.0],
                [-0.200444, 0.0, 0.979705, -5e-06, 0.979705, 0.0, 0.200444, 2.119768, 0.0, 1.0, 0.0, 0.40299, 0.0, 0.0, 0.0, 1.0],
                [-0.200444, 0.0, 0.979705, -5e-06, 0.979705, 0.0, 0.200444, 2.125834, 0.0, 1.0, 0.0, 0.40299, 0.0, 0.0, 0.0, 1.0],
                [-0.200444, 0.0, 0.979705, -5e-06, 0.979705, 0.0, 0.200444, 2.131051, 0.0, 1.0, 0.0, 0.40299, 0.0, 0.0, 0.0, 1.0],
                [-0.200444, 0.0, 0.979705, -5e-06, 0.979705, 0.0, 0.200444, 2.135481, 0.0, 1.0, 0.0, 0.40299, 0.0, 0.0, 0.0, 1.0],
                [-0.200444, 0.0, 0.979705, -5e-06, 0.979705, 0.0, 0.200444, 2.139193, 0.0, 1.0, 0.0, 0.40299, 0.0, 0.0, 0.0, 1.0],
                [-0.200444, 0.0, 0.979705, -5e-06, 0.979705, 0.0, 0.200444, 2.142255, 0.0, 1.0, 0.0, 0.40299, 0.0, 0.0, 0.0, 1.0],
                [-0.200444, 0.0, 0.979705, -5e-06, 0.979705, 0.0, 0.200444, 2.144739, 0.0, 1.0, 0.0, 0.40299, 0.0, 0.0, 0.0, 1.0],
                [-0.200444, 0.0, 0.979705, -5e-06, 0.979705, 0.0, 0.200444, 2.146712, 0.0, 1.0, 0.0, 0.40299, 0.0, 0.0, 0.0, 1.0],
                [-0.200444, 0.0, 0.979705, -5e-06, 0.979705, 0.0, 0.200444, 2.148242, 0.0, 1.0, 0.0, 0.40299, 0.0, 0.0, 0.0, 1.0],
                [-0.200444, 0.0, 0.979705, -5e-06, 0.979705, 0.0, 0.200444, 2.149395, 0.0, 1.0, 0.0, 0.40299, 0.0, 0.0, 0.0, 1.0],
                [-0.200444, 0.0, 0.979705, -5e-06, 0.979705, 0.0, 0.200444, 2.150231, 0.0, 1.0, 0.0, 0.40299, 0.0, 0.0, 0.0, 1.0],
                [-0.200444, 0.0, 0.979705, -5e-06, 0.979705, 0.0, 0.200444, 2.15081, 0.0, 1.0, 0.0, 0.40299, 0.0, 0.0, 0.0, 1.0],
                [-0.200444, 0.0, 0.979705, -5e-06, 0.979705, 0.0, 0.200444, 2.151183, 0.0, 1.0, 0.0, 0.40299, 0.0, 0.0, 0.0, 1.0],
                [-0.200444, 0.0, 0.979705, -5e-06, 0.979705, 0.0, 0.200444, 2.151402, 0.0, 1.0, 0.0, 0.40299, 0.0, 0.0, 0.0, 1.0],
                [-0.200444, 0.0, 0.979705, -5e-06, 0.979705, 0.0, 0.200444, 2.151509, 0.0, 1.0, 0.0, 0.40299, 0.0, 0.0, 0.0, 1.0],
                [-0.200444, 0.0, 0.979705, -5e-06, 0.979705, 0.0, 0.200444, 2.151547, 0.0, 1.0, 0.0, 0.40299, 0.0, 0.0, 0.0, 1.0],
                [-0.200444, 0.0, 0.979705, -5e-06, 0.979705, 0.0, 0.200444, 2.151552, 0.0, 1.0, 0.0, 0.40299, 0.0, 0.0, 0.0, 1.0],
                [-0.193413, 0.0, 0.981117, -5e-06, 0.981117, 0.0, 0.193413, 2.148839, 0.0, 1.0, 0.0, 0.403891, 0.0, 0.0, 0.0, 1.0],
                [-0.172126, 0.0, 0.985075, -5e-06, 0.985075, 0.0, 0.172126, 2.140647, 0.0, 1.0, 0.0, 0.406611, 0.0, 0.0, 0.0, 1.0],
                [-0.136303, 0.0, 0.990667, -5e-06, 0.990667, 0.0, 0.136303, 2.126929, 0.0, 1.0, 0.0, 0.411165, 0.0, 0.0, 0.0, 1.0],
                [-0.085766, 0.0, 0.996315, -5e-06, 0.996315, 0.0, 0.085766, 2.107688, 0.0, 1.0, 0.0, 0.417552, 0.0, 0.0, 0.0, 1.0],
                [-0.020582, 0.0, 0.999788, -5e-06, 0.999788, 0.0, 0.020582, 2.082987, 0.0, 1.0, 0.0, 0.425753, 0.0, 0.0, 0.0, 1.0],
                [0.058742, 0.0, 0.998273, -5e-06, 0.998273, 0.0, -0.058742, 2.052962, 0.0, 1.0, 0.0, 0.43572, 0.0, 0.0, 0.0, 1.0],
                [0.151043, 0.0, 0.988527, -5e-06, 0.988527, 0.0, -0.151043, 2.017834, 0.0, 1.0, 0.0, 0.447382, 0.0, 0.0, 0.0, 1.0],
                [0.254306, 0.0, 0.967124, -5e-06, 0.967124, 0.0, -0.254306, 1.977917, 0.0, 1.0, 0.0, 0.460634, 0.0, 0.0, 0.0, 1.0],
                [0.365528, 0.0, 0.9308, -5e-06, 0.9308, 0.0, -0.365528, 1.933625, 0.0, 1.0, 0.0, 0.475338, 0.0, 0.0, 0.0, 1.0],
                [0.480706, 0.0, 0.876882, -5e-06, 0.876882, 0.0, -0.480706, 1.885478, 0.0, 1.0, 0.0, 0.491322, 0.0, 0.0, 0.0, 1.0],
                [0.595001, 0.0, 0.803725, -5e-06, 0.803725, 0.0, -0.595001, 1.834097, 0.0, 1.0, 0.0, 0.50838, 0.0, 0.0, 0.0, 1.0],
                [0.70309, 0.0, 0.711101, -5e-06, 0.711101, 0.0, -0.70309, 1.780196, 0.0, 1.0, 0.0, 0.526274, 0.0, 0.0, 0.0, 1.0],
                [0.799681, 0.0, 0.600425, -5e-06, 0.600425, 0.0, -0.799681, 1.724569, 0.0, 1.0, 0.0, 0.544741, 0.0, 0.0, 0.0, 1.0],
                [0.88012, 0.0, 0.474751, -5e-06, 0.474751, 0.0, -0.88012, 1.668064, 0.0, 1.0, 0.0, 0.5635, 0.0, 0.0, 0.0, 1.0],
                [0.940964, 0.0, 0.338506, -5e-06, 0.338506, 0.0, -0.940964, 1.611558, 0.0, 1.0, 0.0, 0.582259, 0.0, 0.0, 0.0, 1.0],
                [0.980403, 0.0, 0.197001, -5e-06, 0.197001, 0.0, -0.980403, 1.555931, 0.0, 1.0, 0.0, 0.600726, 0.0, 0.0, 0.0, 1.0],
                [0.998442, 0.0, 0.055803, -5e-06, 0.055803, 0.0, -0.998442, 1.50203, 0.0, 1.0, 0.0, 0.61862, 0.0, 0.0, 0.0, 1.0],
                [0.996804, 0.0, -0.07989, -5e-06, -0.07989, 0.0, -0.996804, 1.450649, 0.0, 1.0, 0.0, 0.635678, 0.0, 0.0, 0.0, 1.0],
                [0.978604, 0.0, -0.205755, -5e-06, -0.205755, 0.0, -0.978604, 1.402502, 0.0, 1.0, 0.0, 0.651662, 0.0, 0.0, 0.0, 1.0],
                [0.947873, 0.0, -0.31865, -5e-06, -0.31865, 0.0, -0.947873, 1.35821, 0.0, 1.0, 0.0, 0.666366, 0.0, 0.0, 0.0, 1.0],
                [0.909044, 0.0, -0.4167, -5e-06, -0.4167, 0.0, -0.909044, 1.318293, 0.0, 1.0, 0.0, 0.679618, 0.0, 0.0, 0.0, 1.0],
                [0.866495, 0.0, -0.499186, -5e-06, -0.499186, 0.0, -0.866495, 1.283165, 0.0, 1.0, 0.0, 0.69128, 0.0, 0.0, 0.0, 1.0],
                [0.824194, 0.0, -0.566307, -5e-06, -0.566307, 0.0, -0.824194, 1.25314, 0.0, 1.0, 0.0, 0.701247, 0.0, 0.0, 0.0, 1.0],
                [0.785491, 0.0, -0.618873, -5e-06, -0.618873, 0.0, -0.785491, 1.228439, 0.0, 1.0, 0.0, 0.709448, 0.0, 0.0, 0.0, 1.0],
                [0.753015, 0.0, -0.658003, -5e-06, -0.658003, 0.0, -0.753015, 1.209198, 0.0, 1.0, 0.0, 0.715835, 0.0, 0.0, 0.0, 1.0],
                [0.728667, 0.0, -0.684868, -5e-06, -0.684868, 0.0, -0.728667, 1.19548, 0.0, 1.0, 0.0, 0.72039, 0.0, 0.0, 0.0, 1.0],
                [0.713668, 0.0, -0.700484, -5e-06, -0.700484, 0.0, -0.713668, 1.187288, 0.0, 1.0, 0.0, 0.723109, 0.0, 0.0, 0.0, 1.0],
                [0.708627, 0.0, -0.705584, -5e-06, -0.705584, 0.0, -0.708627, 1.184575, 0.0, 1.0, 0.0, 0.72401, 0.0, 0.0, 0.0, 1.0]
            ]
        },
        {
            "name": "Thigh_R",
            "time": [0.0, 0.0167, 0.0333, 0.05, 0.0667, 0.0833, 0.1, 0.1167, 0.1333, 0.15, 0.1667, 0.1833, 0.2, 0.2167, 0.2333, 0.25, 0.2667, 0.2833, 0.3, 0.3167, 0.3333, 0.35, 0.3667, 0.3833, 0.4, 0.4167, 0.4333, 0.45, 0.4667, 0.4833, 0.5, 0.5167, 0.5333, 0.55, 0.5667, 0.5833, 0.6, 0.6167, 0.6333, 0.65, 0.6667, 0.6833, 0.7, 0.7167, 0.7333, 0.75, 0.7667, 0.7833, 0.8, 0.8167, 0.8333, 0.85, 0.8667, 0.8833, 0.9, 0.9167, 0.9333, 0.95, 0.9667, 0.9833, 1.0, 1.0167, 1.0333, 1.05, 1.0667, 1.0833, 1.1, 1.1167, 1.1333, 1.15, 1.1667, 1.1833, 1.2, 1.2167, 1.2333, 1.25, 1.2667, 1.2833, 1.3, 1.3167, 1.3333, 1.35, 1.3667, 1.3833, 1.4, 1.4167, 1.4333, 1.45, 1.4667, 1.4833, 1.5, 1.5167, 1.5333, 1.55, 1.5667, 1.5833, 1.6, 1.6167, 1.6333, 1.65, 1.6667, 1.6833, 1.7, 1.7167, 1.7333, 1.75, 1.7667, 1.7833, 1.8, 1.8167, 1.8333, 1.85, 1.8667, 1.8833, 1.9, 1.9167, 1.9333, 1.95, 1.9667, 1.9833, 2.0, 2.0167, 2.0333, 2.05, 2.0667, 2.0833, 2.1, 2.1167, 2.1333, 2.15, 2.1667, 2.1833, 2.2],
            "transform": [
                [0.889292, 0.301983, -0.343461, 0.124994, 0.275541, -0.953175, -0.124634, -0.002831, -0.365016, 0.016199, -0.93086, -1.2e-05, 0.0, 0.0, 0.0, 1.0],
                [0.891507, 0.29643, -0.342554, 0.124994, 0.274361, -0.955034, -0.11241, -0.002831, -0.360472, 0.006231, -0.932749, -1.2e-05, 0.0, 0.0, 0.0, 1.0],
                [0.898256, 0.283857, -0.3355, 0.124994, 0.27039, -0.958787, -0.087269, -0.002831, -0.346445, -0.012326, -0.937989, -1.2e-05, 0.0, 0.0, 0.0, 1.0],
                [0.909324, 0.26826, -0.318066, 0.124994, 0.263403, -0.962877, -0.059052, -0.002831, -0.322099, -0.030082, -0.946228, -1.2e-05, 0.0, 0.0, 0.0, 1.0],
                [0.923928, 0.251495, -0.288283, 0.124994, 0.25366, -0.966813, -0.030475, -0.002831, -0.286381, -0.04497, -0.95706, -1.2e-05, 0.0, 0.0, 0.0, 1.0],
                [0.940631, 0.234874, -0.245047, 0.124994, 0.241774, -0.97033, -0.001981, -0.002831, -0.238241, -0.057383, -0.969509, -1.2e-05, 0.0, 0.0, 0.0, 1.0],
                [0.957281, 0.219751, -0.187942, 0.124994, 0.228668, -0.973133, 0.026887, -0.002831, -0.176984, -0.068715, -0.981812, -1.2e-05, 0.0, 0.0, 0.0, 1.0],
                [0.971092, 0.207857, -0.117365, 0.124994, 0.215487, -0.974874, 0.056435, -0.002831, -0.102686, -0.080094, -0.991484, -1.2e-05, 0.0, 0.0, 0.0, 1.0],
                [0.978934, 0.201144, -0.035051, 0.124994, 0.2035, -0.975162, 0.087448, -0.002831, -0.016591, -0.092739, -0.995552, -1.2e-05, 0.0, 0.0, 0.0, 1.0],
                [0.97786, 0.201682, 0.055802, 0.124994, 0.193913, -0.973572, 0.120645, -0.002831, 0.078659, -0.107153, -0.991126, -1.2e-05, 0.0, 0.0, 0.0, 1.0],
                [0.965763, 0.211236, 0.150605, 0.124994, 0.187668, -0.969667, 0.156608, -0.002831, 0.179118, -0.122982, -0.976111, -1.2e-05, 0.0, 0.0, 0.0, 1.0],
                [0.941954, 0.230824, 0.24381, 0.124994, 0.185298, -0.962979, 0.195795, -0.002831, 0.279978, -0.139253, -0.949853, -1.2e-05, 0.0, 0.0, 0.0, 1.0],
                [0.907467, 0.260302, 0.329765, 0.124994, 0.18684, -0.953084, 0.238164, -0.002831, 0.376288, -0.154513, -0.913528, -1.2e-05, 0.0, 0.0, 0.0, 1.0],
                [0.864952, 0.298409, 0.403496, 0.124994, 0.191885, -0.939568, 0.283534, -0.002831, 0.463721, -0.167818, -0.869942, -1.2e-05, 0.0, 0.0, 0.0, 1.0],
                [0.818202, 0.342832, 0.46153, 0.124994, 0.199673, -0.922237, 0.331072, -0.002831, 0.539143, -0.178729, -0.823031, -1.2e-05, 0.0, 0.0, 0.0, 1.0],
                [0.771484, 0.390902, 0.502004, 0.124994, 0.209277, -0.901009, 0.379981, -0.002831, 0.600845, -0.188092, -0.776921, -1.2e-05, 0.0, 0.0, 0.0, 1.0],
                [0.728885, 0.439842, 0.524658, 0.124994, 0.219737, -0.876081, 0.429183, -0.002831, 0.648415, -0.197538, -0.735212, -1.2e-05, 0.0, 0.0, 0.0, 1.0],
                [0.69383, 0.487253, 0.530268, 0.124994, 0.230186, -0.847768, 0.47781, -0.002831, 0.682359, -0.209459, -0.700367, -1.2e-05, 0.0, 0.0, 0.0, 1.0],
                [0.668835, 0.531101, 0.520185, 0.124994, 0.239913, -0.81649, 0.525153, -0.002831, 0.703634, -0.226441, -0.673515, -1.2e-05, 0.0, 0.0, 0.0, 1.0],
                [0.655449, 0.569488, 0.496054, 0.124994, 0.248375, -0.782822, 0.570525, -0.002831, 0.71323, -0.250743, -0.654547, -1.2e-05, 0.0, 0.0, 0.0, 1.0],
                [0.654315, 0.600707, 0.459373, 0.124994, 0.25521, -0.747227, 0.613612, -0.002831, 0.711857, -0.284259, -0.642228, -1.2e-05, 0.0, 0.0, 0.0, 1.0],
                [0.658565, 0.628115, 0.414443, 0.124994, 0.261623, -0.707488, 0.656516, -0.002831, 0.705582, -0.323931, -0.630256, -1.2e-05, 0.0, 0.0, 0.0, 1.0],
                [0.661446, 0.654713, 0.365842, 0.124994, 0.268961, -0.662419, 0.699186, -0.002831, 0.700107, -0.364077, -0.614246, -1.2e-05, 0.0, 0.0, 0.0, 1.0],
                [0.663205, 0.67814, 0.316677, 0.124994, 0.277106, -0.615534, 0.737787, -0.002831, 0.695249, -0.401551, -0.596142, -1.2e-05, 0.0, 0.0, 0.0, 1.0],
                [0.664129, 0.696657, 0.271295, 0.124994, 0.285813, -0.571904, 0.768919, -0.002831, 0.690828, -0.433122, -0.578932, -1.2e-05, 0.0, 0.0, 0.0, 1.0],
                [0.664486, 0.709759, 0.23388, 0.124994, 0.294717, -0.536492, 0.79077, -0.002831, 0.686731, -0.456528, -0.56567, -1.2e-05, 0.0, 0.0, 0.0, 1.0],
                [0.664456, 0.718298, 0.206266, 0.124994, 0.303383, -0.511502, 0.803943, -0.002831, 0.682976, -0.471607, -0.55779, -1.2e-05, 0.0, 0.0, 0.0, 1.0],
                [0.664106, 0.72384, 0.187129, 0.124994, 0.311385, -0.495342, 0.810972, -0.002831, 0.679707, -0.480303, -0.554353, -1.2e-05, 0.0, 0.0, 0.0, 1.0],
                [0.663401, 0.728171, 0.172238, 0.124994, 0.318407, -0.483019, 0.815665, -0.002831, 0.677138, -0.486272, -0.55229, -1.2e-05, 0.0, 0.0, 0.0, 1.0],
                [0.662278, 0.732598, 0.157123, 0.124994, 0.324267, -0.469298, 0.821346, -0.002831, 0.675454, -0.49301, -0.548363, -1.2e-05, 0.0, 0.0, 0.0, 1.0],
                [0.660704, 0.737661, 0.139014, 0.124994, 0.328887, -0.450944, 0.829749, -0.002831, 0.674761, -0.502499, -0.540548, -1.2e-05, 0.0, 0.0, 0.0, 1.0],
                [0.637587, 0.760697, 0.121746, 0.124994, 0.337306, -0.417737, 0.843635, -0.002831, 0.692608, -0.496826, -0.522932, -1.2e-05, 0.0, 0.0, 0.0, 1.0],
                [0.568702, 0.810982, 0.137426, 0.124994, 0.354862, -0.392627, 0.848479, -0.002831, 0.742059, -0.433765, -0.511075, -1.2e-05, 0.0, 0.0, 0.0, 1.0],
                [0.4573, 0.858, 0.233905, 0.124994, 0.380438, -0.426477, 0.8206, -0.002831, 0.80383, -0.286274, -0.521444, -1.2e-05, 0.0, 0.0, 0.0, 1.0],
                [0.324245, 0.853863, 0.407165, 0.124994, 0.409088, -0.514657, 0.753508, -0.002831, 0.852943, -0.077755, -0.516181, -1.2e-05, 0.0, 0.0, 0.0, 1.0],
                [0.197565, 0.796296, 0.571735, 0.124994, 0.43483, -0.593899, 0.676909, -0.002831, 0.878573, 0.114874, -0.463587, -1.2e-05, 0.0, 0.0, 0.0, 1.0],
                [0.094379, 0.745511, 0.659777, 0.124994, 0.455502, -0.621633, 0.637252, -0.002831, 0.885217, 0.240386, -0.398251, -1.2e-05, 0.0, 0.0, 0.0, 1.0],
                [0.001562, 0.738505, 0.674246, 0.124994, 0.453135, -0.601574, 0.657858, -0.002831, 0.89144, 0.304497, -0.335582, -1.2e-05, 0.0, 0.0, 0.0, 1.0],
                [-0.071644, 0.642804, 0.762673, 0.124994, 0.426404, -0.671504, 0.606021, -0.002831, 0.901691, 0.368625, -0.225985, -1.2e-05, 0.0, 0.0, 0.0, 1.0],
                [-0.09139, 0.341592, 0.935394, 0.124994, 0.406325, -0.844782, 0.3482, -0.002831, 0.909146, 0.411897, -0.061593, -1.2e-05, 0.0, 0.0, 0.0, 1.0],
                [-0.082267, 0.52023, 0.850054, 0.124994, 0.413772, -0.758129, 0.504017, -0.002831, 0.906656, 0.393193, -0.152888, -1.2e-05, 0.0, 0.0, 0.0, 1.0],
                [-0.050175, 0.654491, 0.754403, 0.124994, 0.423086, -0.670301, 0.609667, -0.002831, 0.904699, 0.349767, -0.243274, -1.2e-05, 0.0, 0.0, 0.0, 1.0],
                [-0.001913, 0.732012, 0.681289, 0.124994, 0.433885, -0.613213, 0.660086, -0.002831, 0.900966, 0.296864, -0.316436, -1.2e-05, 0.0, 0.0, 0.0, 1.0],
                [0.04752, 0.756231, 0.652577, 0.124994, 0.444652, -0.601028, 0.664115, -0.002831, 0.894441, 0.258611, -0.364821, -1.2e-05, 0.0, 0.0, 0.0, 1.0],
                [0.082352, 0.75115, 0.654975, 0.124994, 0.452631, -0.613705, 0.646909, -0.002831, 0.887887, 0.243188, -0.390533, -1.2e-05, 0.0, 0.0, 0.0, 1.0],
                [0.094379, 0.745511, 0.659777, 0.124994, 0.455502, -0.621633, 0.637252, -0.002831, 0.885217, 0.240386, -0.398251, -1.2e-05, 0.0, 0.0, 0.0, 1.0],
                [0.04752, 0.756231, 0.652577, 0.124994, 0.444652, -0.601028, 0.664115, -0.002831, 0.894442, 0.258611, -0.364821, -1.2e-05, 0.0, 0.0, 0.0, 1.0],
                [-0.050175, 0.654491, 0.754403, 0.124994, 0.423085, -0.670302, 0.609667, -0.002831, 0.904699, 0.349767, -0.243274, -1.2e-05, 0.0, 0.0, 0.0, 1.0],
                [-0.09139, 0.341592, 0.935394, 0.124994, 0.406325, -0.844782, 0.3482, -0.002831, 0.909146, 0.411897, -0.061593, -1.2e-05, 0.0, 0.0, 0.0, 1.0],
                [-0.082267, 0.52023, 0.850054, 0.124994, 0.413772, -0.758129, 0.504017, -0.002831, 0.906656, 0.393193, -0.152888, -1.2e-05, 0.0, 0.0, 0.0, 1.0],
                [-0.050175, 0.654491, 0.754403, 0.124994, 0.423086, -0.670301, 0.609667, -0.002831, 0.904699, 0.349767, -0.243274, -1.2e-05, 0.0, 0.0, 0.0, 1.0],
                [-0.001913, 0.732012, 0.681289, 0.124994, 0.433885, -0.613213, 0.660086, -0.002831, 0.900966, 0.296864, -0.316436, -1.2e-05, 0.0, 0.0, 0.0, 1.0],
                [0.04752, 0.756231, 0.652577, 0.124994, 0.444652, -0.601028, 0.664115, -0.002831, 0.894441, 0.258611, -0.364821, -1.2e-05, 0.0, 0.0, 0.0, 1.0],
                [0.082352, 0.75115, 0.654975, 0.124994, 0.452631, -0.613705, 0.646909, -0.002831, 0.887887, 0.243188, -0.390533, -1.2e-05, 0.0, 0.0, 0.0, 1.0],
                [0.094379, 0.745511, 0.659777, 0.124994, 0.455502, -0.621633, 0.637252, -0.002831, 0.885217, 0.240386, -0.398251, -1.2e-05, 0.0, 0.0, 0.0, 1.0],
                [0.091384, 0.747099, 0.658401, 0.124994, 0.45478, -0.619502, 0.639837, -0.002831, 0.885902, 0.240957, -0.396379, -1.2e-05, 0.0, 0.0, 0.0, 1.0],
                [0.082352, 0.75115, 0.654975, 0.124994, 0.45263, -0.613705, 0.64691, -0.002831, 0.887887, 0.243188, -0.390533, -1.2e-05, 0.0, 0.0, 0.0, 1.0],
                [0.067491, 0.755403, 0.651775, 0.124994, 0.449172, -0.606324, 0.656214, -0.002831, 0.890892, 0.248471, -0.380227, -1.2e-05, 0.0, 0.0, 0.0, 1.0],
                [0.04752, 0.756231, 0.652577, 0.124994, 0.444652, -0.601028, 0.664115, -0.002831, 0.894442, 0.258611, -0.364821, -1.2e-05, 0.0, 0.0, 0.0, 1.0],
                [0.023754, 0.749713, 0.661336, 0.124994, 0.43943, -0.60202, 0.666688, -0.002831, 0.897963, 0.274775, -0.343747, -1.2e-05, 0.0, 0.0, 0.0, 1.0],
                [-0.001913, 0.732012, 0.681289, 0.124994, 0.433885, -0.613213, 0.660086, -0.002831, 0.900966, 0.296864, -0.316436, -1.2e-05, 0.0, 0.0, 0.0, 1.0],
                [-0.027273, 0.700631, 0.713002, 0.124994, 0.428357, -0.63627, 0.641616, -0.002831, 0.903198, 0.322918, -0.282767, -1.2e-05, 0.0, 0.0, 0.0, 1.0],
                [-0.050175, 0.654491, 0.754403, 0.124994, 0.423085, -0.670302, 0.609667, -0.002831, 0.904699, 0.349767, -0.243274, -1.2e-05, 0.0, 0.0, 0.0, 1.0],
                [-0.068883, 0.593894, 0.801588, 0.124994, 0.418204, -0.7123, 0.563678, -0.002831, 0.905737, 0.374055, -0.199304, -1.2e-05, 0.0, 0.0, 0.0, 1.0],
                [-0.082267, 0.52023, 0.850054, 0.124994, 0.413772, -0.758129, 0.504017, -0.002831, 0.906656, 0.393192, -0.152888, -1.2e-05, 0.0, 0.0, 0.0, 1.0],
                [-0.089791, 0.435315, 0.895789, 0.124994, 0.409805, -0.803607, 0.431596, -0.002831, 0.907743, 0.405852, -0.106237, -1.2e-05, 0.0, 0.0, 0.0, 1.0],
                [-0.09139, 0.341592, 0.935394, 0.124994, 0.406325, -0.844782, 0.3482, -0.002831, 0.909146, 0.411897, -0.061593, -1.2e-05, 0.0, 0.0, 0.0, 1.0],
                [-0.093551, 0.538577, 0.837367, 0.124994, 0.419312, -0.741513, 0.523771, -0.002831, 0.903009, 0.400117, -0.156462, -1.2e-05, 0.0, 0.0, 0.0, 1.0],
                [-0.092646, 0.665892, 0.740274, 0.124994, 0.443487, -0.638056, 0.629447, -0.002831, 0.89148, 0.386617, -0.236201, -1.2e-05, 0.0, 0.0, 0.0, 1.0],
                [-0.086793, 0.712204, 0.696586, 0.124994, 0.477211, -0.58406, 0.656615, -0.002831, 0.874492, 0.389408, -0.289179, -1.2e-05, 0.0, 0.0, 0.0, 1.0],
                [-0.076252, 0.681464, 0.727868, 0.124994, 0.513192, -0.599056, 0.614626, -0.002831, 0.85488, 0.420403, -0.304042, -1.2e-05, 0.0, 0.0, 0.0, 1.0],
                [-0.065234, 0.613444, 0.787039, 0.124994, 0.539559, -0.641793, 0.544956, -0.002831, 0.839417, 0.460204, -0.289123, -1.2e-05, 0.0, 0.0, 0.0, 1.0],
                [-0.058724, 0.574529, 0.816375, 0.124994, 0.547806, -0.665111, 0.50748, -0.002831, 0.834542, 0.477016, -0.275672, -1.2e-05, 0.0, 0.0, 0.0, 1.0],
                [-0.055497, 0.565878, 0.822619, 0.124994, 0.546183, -0.672484, 0.499448, -0.002831, 0.835825, 0.477019, -0.271752, -1.2e-05, 0.0, 0.0, 0.0, 1.0],
                [-0.052254, 0.557486, 0.82854, 0.124994, 0.544531, -0.679573, 0.491595, -0.002831, 0.837111, 0.476853, -0.268058, -1.2e-05, 0.0, 0.0, 0.0, 1.0],
                [-0.049007, 0.54938, 0.834134, 0.124994, 0.542857, -0.686366, 0.48395, -0.002831, 0.838394, 0.476533, -0.264598, -1.2e-05, 0.0, 0.0, 0.0, 1.0],
                [-0.045773, 0.541585, 0.839399, 0.124994, 0.541171, -0.692851, 0.476541, -0.002831, 0.839666, 0.476071, -0.261376, -1.2e-05, 0.0, 0.0, 0.0, 1.0],
                [-0.042569, 0.534126, 0.844333, 0.124994, 0.539482, -0.699017, 0.469398, -0.002831, 0.84092, 0.475484, -0.258395, -1.2e-05, 0.0, 0.0, 0.0, 1.0],
                [-0.039412, 0.527026, 0.848935, 0.124994, 0.537802, -0.704854, 0.462547, -0.002831, 0.842149, 0.474789, -0.255656, -1.2e-05, 0.0, 0.0, 0.0, 1.0],
                [-0.036324, 0.520307, 0.853207, 0.124994, 0.536142, -0.710352, 0.456016, -0.002831, 0.843345, 0.474005, -0.253156, -1.2e-05, 0.0, 0.0, 0.0, 1.0],
                [-0.033322, 0.513986, 0.857151, 0.124994, 0.534516, -0.715505, 0.449828, -0.002831, 0.844501, 0.47315, -0.250892, -1.2e-05, 0.0, 0.0, 0.0, 1.0],
                [-0.030429, 0.508079, 0.860773, 0.124994, 0.532935, -0.720304, 0.444006, -0.002831, 0.845608, 0.472247, -0.248856, -1.2e-05, 0.0, 0.0, 0.0, 1.0],
                [-0.027662, 0.502597, 0.864078, 0.124994, 0.531413, -0.724748, 0.438566, -0.002831, 0.846661, 0.471314, -0.247039, -1.2e-05, 0.0, 0.0, 0.0, 1.0],
                [-0.02504, 0.497544, 0.867077, 0.124994, 0.529961, -0.728834, 0.433522, -0.002831, 0.847652, 0.470373, -0.245429, -1.2e-05, 0.0, 0.0, 0.0, 1.0],
                [-0.02258, 0.492926, 0.869778, 0.124994, 0.52859, -0.732564, 0.428885, -0.002831, 0.848577, 0.46944, -0.244014, -1.2e-05, 0.0, 0.0, 0.0, 1.0],
                [-0.020294, 0.488736, 0.872196, 0.124994, 0.527309, -0.735943, 0.424656, -0.002831, 0.849431, 0.468535, -0.242779, -1.2e-05, 0.0, 0.0, 0.0, 1.0],
                [-0.018194, 0.484971, 0.874341, 0.124994, 0.526126, -0.738977, 0.420837, -0.002831, 0.850212, 0.46767, -0.241711, -1.2e-05, 0.0, 0.0, 0.0, 1.0],
                [-0.016286, 0.481619, 0.876229, 0.124994, 0.525046, -0.741677, 0.417422, -0.002831, 0.850918, 0.466859, -0.240794, -1.2e-05, 0.0, 0.0, 0.0, 1.0],
                [-0.014574, 0.478664, 0.877877, 0.124994, 0.524074, -0.744057, 0.414398, -0.002831, 0.851548, 0.466112, -0.240011, -1.2e-05, 0.0, 0.0, 0.0, 1.0],
                [-0.013056, 0.476088, 0.879301, 0.124994, 0.523209, -0.746131, 0.411753, -0.002831, 0.852104, 0.465434, -0.239351, -1.2e-05, 0.0, 0.0, 0.0, 1.0],
                [-0.01173, 0.473867, 0.880518, 0.124994, 0.522451, -0.747919, 0.409466, -0.002831, 0.852588, 0.464831, -0.238799, -1.2e-05, 0.0, 0.0, 0.0, 1.0],
                [-0.010588, 0.471977, 0.881547, 0.124994, 0.521796, -0.74944, 0.407514, -0.002831, 0.853004, 0.464303, -0.238341, -1.2e-05, 0.0, 0.0, 0.0, 1.0],
                [-0.009619, 0.47039, 0.882406, 0.124994, 0.52124, -0.750717, 0.405872, -0.002831, 0.853356, 0.46385, -0.237965, -1.2e-05, 0.0, 0.0, 0.0, 1.0],
                [-0.008812, 0.46908, 0.883112, 0.124994, 0.520776, -0.751772, 0.404513, -0.002831, 0.853648, 0.463468, -0.23766, -1.2e-05, 0.0, 0.0, 0.0, 1.0],
                [-0.008152, 0.468016, 0.883683, 0.124994, 0.520395, -0.752629, 0.403408, -0.002831, 0.853886, 0.463153, -0.237418, -1.2e-05, 0.0, 0.0, 0.0, 1.0],
                [-0.007624, 0.467169, 0.884135, 0.124994, 0.520091, -0.75331, 0.402528, -0.002831, 0.854077, 0.4629, -0.237227, -1.2e-05, 0.0, 0.0, 0.0, 1.0],
                [-0.007213, 0.466512, 0.884485, 0.124994, 0.519853, -0.753839, 0.401844, -0.002831, 0.854225, 0.462701, -0.237081, -1.2e-05, 0.0, 0.0, 0.0, 1.0],
                [-0.006901, 0.466017, 0.884749, 0.124994, 0.519673, -0.754239, 0.401327, -0.002831, 0.854337, 0.46255, -0.236971, -1.2e-05, 0.0, 0.0, 0.0, 1.0],
                [-0.006675, 0.465658, 0.88494, 0.124994, 0.519542, -0.754528, 0.400953, -0.002831, 0.854419, 0.46244, -0.236893, -1.2e-05, 0.0, 0.0, 0.0, 1.0],
                [-0.006518, 0.465409, 0.885071, 0.124994, 0.519451, -0.754728, 0.400694, -0.002831, 0.854475, 0.462363, -0.236838, -1.2e-05, 0.0, 0.0, 0.0, 1.0],
                [-0.006416, 0.465248, 0.885157, 0.124994, 0.519393, -0.754857, 0.400526, -0.002831, 0.854511, 0.462314, -0.236803, -1.2e-05, 0.0, 0.0, 0.0, 1.0],
                [-0.006357, 0.465155, 0.885207, 0.124994, 0.519358, -0.754933, 0.400428, -0.002831, 0.854533, 0.462285, -0.236783, -1.2e-05, 0.0, 0.0, 0.0, 1.0],
                [-0.006328, 0.465108, 0.885231, 0.124994, 0.519341, -0.75497, 0.40038, -0.002831, 0.854543, 0.462271, -0.236773, -1.2e-05, 0.0, 0.0, 0.0, 1.0],
                [-0.006317, 0.465092, 0.88524, 0.124994, 0.519335, -0.754983, 0.400363, -0.002831, 0.854547, 0.462266, -0.23677, -1.2e-05, 0.0, 0.0, 0.0, 1.0],
                [-0.006316, 0.46509, 0.885241, 0.124994, 0.519335, -0.754985, 0.400361, -0.002831, 0.854547, 0.462265, -0.236769, -1.2e-05, 0.0, 0.0, 0.0, 1.0],
                [-0.000968, 0.466461, 0.884541, 0.124994, 0.517012, -0.756914, 0.399723, -0.002831, 0.855977, 0.457706, -0.240433, -1.2e-05, 0.0, 0.0, 0.0, 1.0],
                [0.015227, 0.470403, 0.88232, 0.124993, 0.51003, -0.762644, 0.397797, -0.002831, 0.860022, 0.443953, -0.251533, -1.2e-05, 0.0, 0.0, 0.0, 1.0],
                [0.042484, 0.476356, 0.878225, 0.124993, 0.498448, -0.771916, 0.394581, -0.002831, 0.865878, 0.420986, -0.270233, -1.2e-05, 0.0, 0.0, 0.0, 1.0],
                [0.080916, 0.483363, 0.871672, 0.124994, 0.482467, -0.78425, 0.390099, -0.002831, 0.872168, 0.388988, -0.296666, -1.2e-05, 0.0, 0.0, 0.0, 1.0],
                [0.130401, 0.490017, 0.861904, 0.124994, 0.462473, -0.799021, 0.384297, -0.002831, 0.876992, 0.348494, -0.330813, -1.2e-05, 0.0, 0.0, 0.0, 1.0],
                [0.1904, 0.495065, 0.847737, 0.124994, 0.439091, -0.815289, 0.377496, -0.002831, 0.878036, 0.300358, -0.37261, -1.2e-05, 0.0, 0.0, 0.0, 1.0],
                [0.259834, 0.496848, 0.828027, 0.124994, 0.413186, -0.832222, 0.369708, -0.002831, 0.872791, 0.246066, -0.42153, -1.2e-05, 0.0, 0.0, 0.0, 1.0],
                [0.336989, 0.494043, 0.801474, 0.124994, 0.385855, -0.848963, 0.361079, -0.002831, 0.85881, 0.187573, -0.47672, -1.2e-05, 0.0, 0.0, 0.0, 1.0],
                [0.419544, 0.485741, 0.766836, 0.124994, 0.358345, -0.864795, 0.351737, -0.002831, 0.834009, 0.127223, -0.536882, -1.2e-05, 0.0, 0.0, 0.0, 1.0],
                [0.504698, 0.471623, 0.723084, 0.124994, 0.331937, -0.87921, 0.341769, -0.002831, 0.79693, 0.067528, -0.600286, -1.2e-05, 0.0, 0.0, 0.0, 1.0],
                [0.589389, 0.451925, 0.669615, 0.124994, 0.307804, -0.891988, 0.331078, -0.002831, 0.746911, 0.010976, -0.664833, -1.2e-05, 0.0, 0.0, 0.0, 1.0],
                [0.670527, 0.427711, 0.606183, 0.124994, 0.286902, -0.903007, 0.319789, -0.002831, 0.684164, -0.040512, -0.728202, -1.2e-05, 0.0, 0.0, 0.0, 1.0],
                [0.745241, 0.400224, 0.533325, 0.124994, 0.269868, -0.912436, 0.307621, -0.002831, 0.609743, -0.085325, -0.787993, -1.2e-05, 0.0, 0.0, 0.0, 1.0],
                [0.811082, 0.371025, 0.452201, 0.124994, 0.257002, -0.920509, 0.294299, -0.002831, 0.525448, -0.122484, -0.841963, -1.2e-05, 0.0, 0.0, 0.0, 1.0],
                [0.866185, 0.341687, 0.364654, 0.124994, 0.248278, -0.927531, 0.279362, -0.002831, 0.433683, -0.151443, -0.888248, -1.2e-05, 0.0, 0.0, 0.0, 1.0],
                [0.909393, 0.313831, 0.272972, 0.124994, 0.24341, -0.933709, 0.262562, -0.002831, 0.337276, -0.172328, -0.925499, -1.2e-05, 0.0, 0.0, 0.0, 1.0],
                [0.94034, 0.288769, 0.179923, 0.124994, 0.241891, -0.939298, 0.243327, -0.002831, 0.239266, -0.185289, -0.953111, -1.2e-05, 0.0, 0.0, 0.0, 1.0],
                [0.959452, 0.267672, 0.088332, 0.124994, 0.243092, -0.944402, 0.221382, -0.002831, 0.142679, -0.190933, -0.971178, -1.2e-05, 0.0, 0.0, 0.0, 1.0],
                [0.967885, 0.251391, 0.001001, 0.124994, 0.246309, -0.9491, 0.196315, -0.002831, 0.050301, -0.189764, -0.98054, -1.2e-05, 0.0, 0.0, 0.0, 1.0],
                [0.967377, 0.240508, -0.07961, 0.124994, 0.250842, -0.953342, 0.16798, -0.002831, -0.035496, -0.182469, -0.98257, -1.2e-05, 0.0, 0.0, 0.0, 1.0],
                [0.960055, 0.235258, -0.151486, 0.124994, 0.256036, -0.956989, 0.136443, -0.002831, -0.112871, -0.169779, -0.978997, -1.2e-05, 0.0, 0.0, 0.0, 1.0],
