{
    "animation": [
        {
            "name": "Root",
            "time": [0.0, 0.0167, 0.0333, 0.05, 0.0667, 0.0833, 0.1, 0.1167, 0.1333, 0.15, 0.1667, 0.1833, 0.2, 0.2167, 0.2333, 0.25, 0.2667, 0.2833, 0.3, 0.3167, 0.3333, 0.35, 0.3667, 0.3833, 0.4, 0.4167, 0.4333, 0.45, 0.4667, 0.4833, 0.5, 0.5167, 0.5333, 0.55, 0.5667, 0.5833, 0.6, 0.6167, 0.6333, 0.65, 0.6667, 0.6833, 0.7, 0.7167, 0.7333, 0.75, 0.7667, 0.7833, 0.8, 0.8167, 0.8333, 0.85, 0.8667, 0.8833, 0.9, 0.9167, 0.9333, 0.95, 0.9667, 0.9833, 1.0, 1.0167, 1.0333, 1.05, 1.0667, 1.0833, 1.1, 1.1167, 1.1333, 1.15, 1.1667, 1.1833, 1.2, 1.2167, 1.2333, 1.25, 1.2667, 1.2833, 1.3, 1.3167, 1.3333, 1.35, 1.3667, 1.3833, 1.4, 1.4167, 1.4333, 1.45, 1.4667, 1.4833, 1.5],
            "transform": [
                [0.901956, 0.0, 0.431828, -5e-06, 0.431828, 0.0, -0.901956, 0.000946, 0.0, 1.0, 0.0, 0.70105, 0.0, 0.0, 0.0, 1.0],
                [0.906106, 0.0, 0.423052, 0.000609, 0.423052, 0.0, -0.906106, -0.004689, 0.0, 1.0, 0.0, 0.699914, 0.0, 0.0, 0.0, 1.0],
                [0.918129, 0.0, 0.396281, 0.002615, 0.396281, 0.0, -0.918129, -0.016721, 0.0, 1.0, 0.0, 0.696449, 0.0, 0.0, 0.0, 1.0],
                [0.936442, 0.0, 0.350823, 0.006094, 0.350823, 0.0, -0.936442, -0.035896, 0.0, 1.0, 0.0, 0.6906, 0.0, 0.0, 0.0, 1.0],
                [0.958162, 0.0, 0.286227, 0.011089, 0.286227, 0.0, -0.958162, -0.063032, 0.0, 1.0, 0.0, 0.68236, 0.0, 0.0, 0.0, 1.0],
                [0.979228, 0.0, 0.202762, 0.017566, 0.202762, 0.0, -0.979228, -0.098985, 0.0, 1.0, 0.0, 0.671793, 0.0, 0.0, 0.0, 1.0],
                [0.994787, 0.0, 0.10197, 0.025355, 0.10197, 0.0, -0.994787, -0.144569, 0.0, 1.0, 0.0, 0.659051, 0.0, 0.0, 0.0, 1.0],
                [0.999917, 0.0, -0.012891, 0.034051, -0.012891, 0.0, -0.999917, -0.200402, 0.0, 1.0, 0.0, 0.64438, 0.0, 0.0, 0.0, 1.0],
                [0.990606, 0.0, -0.136747, 0.042885, -0.136747, 0.0, -0.990606, -0.266642, 0.0, 1.0, 0.0, 0.628128, 0.0, 0.0, 0.0, 1.0],
                [0.964758, 0.0, -0.263139, 0.050594, -0.263139, 0.0, -0.964758, -0.342608, 0.0, 1.0, 0.0, 0.61073, 0.0, 0.0, 0.0, 1.0],
                [0.922855, 0.0, -0.385147, 0.055451, -0.385147, 0.0, -0.922855, -0.426341, 0.0, 1.0, 0.0, 0.592678, 0.0, 0.0, 0.0, 1.0],
                [0.867997, 0.0, -0.496569, 0.055749, -0.496569, 0.0, -0.867997, -0.514288, 0.0, 1.0, 0.0, 0.574488, 0.0, 0.0, 0.0, 1.0],
                [0.805272, 0.0, -0.592905, 0.050893, -0.592905, 0.0, -0.805272, -0.601388, 0.0, 1.0, 0.0, 0.556654, 0.0, 0.0, 0.0, 1.0],
                [0.74071, 0.0, -0.671825, 0.042227, -0.671825, 0.0, -0.74071, -0.681881, 0.0, 1.0, 0.0, 0.539617, 0.0, 0.0, 0.0, 1.0],
                [0.680203, 0.0, -0.733024, 0.032081, -0.733024, 0.0, -0.680203, -0.750915, 0.0, 1.0, 0.0, 0.523737, 0.0, 0.0, 0.0, 1.0],
                [0.628713, 0.0, -0.777638, 0.02196, -0.777638, 0.0, -0.628713, -0.805872, 0.0, 1.0, 0.0, 0.509288, 0.0, 0.0, 0.0, 1.0],
                [0.589872, 0.0, -0.807497, 0.012142, -0.807497, 0.0, -0.589872, -0.8463, 0.0, 1.0, 0.0, 0.496459, 0.0, 0.0, 0.0, 1.0],
                [0.565931, 0.0, -0.824453, 0.002322, -0.824453, 0.0, -0.565931, -0.873051, 0.0, 1.0, 0.0, 0.485363, 0.0, 0.0, 0.0, 1.0],
                [0.557904, 0.0, -0.829906, -0.007863, -0.829906, 0.0, -0.557904, -0.887505, 0.0, 1.0, 0.0, 0.47605, 0.0, 0.0, 0.0, 1.0],
                [0.557904, 0.0, -0.829906, -0.018038, -0.829906, 0.0, -0.557904, -0.896069, 0.0, 1.0, 0.0, 0.467737, 0.0, 0.0, 0.0, 1.0],
                [0.557904, 0.0, -0.829906, -0.027595, -0.829906, 0.0, -0.557904, -0.904111, 0.0, 1.0, 0.0, 0.459667, 0.0, 0.0, 0.0, 1.0],
                [0.557904, 0.0, -0.829906, -0.036466, -0.829906, 0.0, -0.557904, -0.911573, 0.0, 1.0, 0.0, 0.451891, 0.0, 0.0, 0.0, 1.0],
                [0.557904, 0.0, -0.829906, -0.044584, -0.829906, 0.0, -0.557904, -0.9184, 0.0, 1.0, 0.0, 0.444471, 0.0, 0.0, 0.0, 1.0],
                [0.557904, 0.0, -0.829906, -0.05189, -0.829906, 0.0, -0.557904, -0.924543, 0.0, 1.0, 0.0, 0.43747, 0.0, 0.0, 0.0, 1.0],
                [0.557904, 0.0, -0.829906, -0.058336, -0.829906, 0.0, -0.557904, -0.92996, 0.0, 1.0, 0.0, 0.430954, 0.0, 0.0, 0.0, 1.0],
                [0.557904, 0.0, -0.829906, -0.063893, -0.829906, 0.0, -0.557904, -0.934628, 0.0, 1.0, 0.0, 0.424982, 0.0, 0.0, 0.0, 1.0],
                [0.557904, 0.0, -0.829906, -0.068557, -0.829906, 0.0, -0.557904, -0.938543, 0.0, 1.0, 0.0, 0.419609, 0.0, 0.0, 0.0, 1.0],
                [0.557904, 0.0, -0.829906, -0.072354, -0.829906, 0.0, -0.557904, -0.941728, 0.0, 1.0, 0.0, 0.41487, 0.0, 0.0, 0.0, 1.0],
                [0.557904, 0.0, -0.829906, -0.075338, -0.829906, 0.0, -0.557904, -0.944229, 0.0, 1.0, 0.0, 0.410785, 0.0, 0.0, 0.0, 1.0],
                [0.557904, 0.0, -0.829906, -0.077592, -0.829906, 0.0, -0.557904, -0.946116, 0.0, 1.0, 0.0, 0.40735, 0.0, 0.0, 0.0, 1.0],
                [0.557904, 0.0, -0.829906, -0.079217, -0.829906, 0.0, -0.557904, -0.947475, 0.0, 1.0, 0.0, 0.404541, 0.0, 0.0, 0.0, 1.0],
                [0.557904, 0.0, -0.829906, -0.080324, -0.829906, 0.0, -0.557904, -0.948398, 0.0, 1.0, 0.0, 0.402319, 0.0, 0.0, 0.0, 1.0],
                [0.557904, 0.0, -0.829906, -0.081025, -0.829906, 0.0, -0.557904, -0.948981, 0.0, 1.0, 0.0, 0.400632, 0.0, 0.0, 0.0, 1.0],
                [0.557904, 0.0, -0.829906, -0.081426, -0.829906, 0.0, -0.557904, -0.949313, 0.0, 1.0, 0.0, 0.39942, 0.0, 0.0, 0.0, 1.0],
                [0.557904, 0.0, -0.829906, -0.08162, -0.829906, 0.0, -0.557904, -0.949472, 0.0, 1.0, 0.0, 0.398625, 0.0, 0.0, 0.0, 1.0],
                [0.557904, 0.0, -0.829906, -0.081689, -0.829906, 0.0, -0.557904, -0.949528, 0.0, 1.0, 0.0, 0.398186, 0.0, 0.0, 0.0, 1.0],
                [0.557904, 0.0, -0.829906, -0.0817, -0.829906, 0.0, -0.557904, -0.949536, 0.0, 1.0, 0.0, 0.398051, 0.0, 0.0, 0.0, 1.0],
                [0.559059, 0.0, -0.829128, -0.062333, -0.829128, 0.0, -0.559059, -0.911323, 0.0, 1.0, 0.0, 0.42081, 0.0, 0.0, 0.0, 1.0],
                [0.568774, 0.0, -0.822494, -0.007812, -0.822494, 0.0, -0.568774, -0.796149, 0.0, 1.0, 0.0, 0.48705, 0.0, 0.0, 0.0, 1.0],
                [0.598866, 0.0, -0.800849, 0.065745, -0.800849, 0.0, -0.598866, -0.620224, 0.0, 1.0, 0.0, 0.582273, 0.0, 0.0, 0.0, 1.0],
                [0.658066, 0.0, -0.752961, 0.129954, -0.752961, 0.0, -0.658066, -0.424223, 0.0, 1.0, 0.0, 0.677496, 0.0, 0.0, 0.0, 1.0],
                [0.742946, 0.0, -0.669351, 0.158779, -0.669351, 0.0, -0.742946, -0.253865, 0.0, 1.0, 0.0, 0.743735, 0.0, 0.0, 0.0, 1.0],
                [0.838032, 0.0, -0.545621, 0.141123, -0.545621, 0.0, -0.838032, -0.136144, 0.0, 1.0, 0.0, 0.766494, 0.0, 0.0, 0.0, 1.0],
                [0.944934, 0.0, -0.327261, 0.0962, -0.327261, 0.0, -0.944934, -0.040013, 0.0, 1.0, 0.0, 0.7477, 0.0, 0.0, 0.0, 1.0],
                [0.999179, 0.0, 0.040521, 0.045581, 0.040521, 0.0, -0.999179, 0.067693, 0.0, 1.0, 0.0, 0.692329, 0.0, 0.0, 0.0, 1.0],
                [0.885664, 0.0, 0.464326, -0.004641, 0.464326, 0.0, -0.885664, 0.17411, 0.0, 1.0, 0.0, 0.610964, 0.0, 0.0, 0.0, 1.0],
                [0.632421, 0.0, 0.774625, -0.045951, 0.774625, 0.0, -0.632421, 0.261386, 0.0, 1.0, 0.0, 0.526178, 0.0, 0.0, 0.0, 1.0],
                [0.406106, 0.0, 0.913826, -0.072072, 0.913826, 0.0, -0.406106, 0.316483, 0.0, 1.0, 0.0, 0.461403, 0.0, 0.0, 0.0, 1.0],
                [0.323357, 0.0, 0.946277, -0.0817, 0.946277, 0.0, -0.323357, 0.336815, 0.0, 1.0, 0.0, 0.429061, 0.0, 0.0, 0.0, 1.0],
                [0.323357, 0.0, 0.946277, -0.083395, 0.946277, 0.0, -0.323357, 0.340816, 0.0, 1.0, 0.0, 0.414685, 0.0, 0.0, 0.0, 1.0],
                [0.323357, 0.0, 0.946277, -0.084632, 0.946277, 0.0, -0.323357, 0.344559, 0.0, 1.0, 0.0, 0.401722, 0.0, 0.0, 0.0, 1.0],
                [0.323357, 0.0, 0.946277, -0.085391, 0.946277, 0.0, -0.323357, 0.347983, 0.0, 1.0, 0.0, 0.390386, 0.0, 0.0, 0.0, 1.0],
                [0.323357, 0.0, 0.946277, -0.08568, 0.946277, 0.0, -0.323357, 0.351023, 0.0, 1.0, 0.0, 0.380857, 0.0, 0.0, 0.0, 1.0],
                [0.323357, 0.0, 0.946277, -0.085542, 0.946277, 0.0, -0.323357, 0.353625, 0.0, 1.0, 0.0, 0.373243, 0.0, 0.0, 0.0, 1.0],
                [0.323357, 0.0, 0.946277, -0.085062, 0.946277, 0.0, -0.323357, 0.355752, 0.0, 1.0, 0.0, 0.367527, 0.0, 0.0, 0.0, 1.0],
                [0.323357, 0.0, 0.946277, -0.084361, 0.946277, 0.0, -0.323357, 0.357403, 0.0, 1.0, 0.0, 0.363553, 0.0, 0.0, 0.0, 1.0],
                [0.323357, 0.0, 0.946277, -0.083572, 0.946277, 0.0, -0.323357, 0.358608, 0.0, 1.0, 0.0, 0.361039, 0.0, 0.0, 0.0, 1.0],
                [0.323357, 0.0, 0.946277, -0.082825, 0.946277, 0.0, -0.323357, 0.359424, 0.0, 1.0, 0.0, 0.359634, 0.0, 0.0, 0.0, 1.0],
                [0.323357, 0.0, 0.946277, -0.082223, 0.946277, 0.0, -0.323357, 0.359922, 0.0, 1.0, 0.0, 0.35898, 0.0, 0.0, 0.0, 1.0],
                [0.323357, 0.0, 0.946277, -0.081834, 0.946277, 0.0, -0.323357, 0.360175, 0.0, 1.0, 0.0, 0.358765, 0.0, 0.0, 0.0, 1.0],
                [0.323357, 0.0, 0.946277, -0.0817, 0.946277, 0.0, -0.323357, 0.360247, 0.0, 1.0, 0.0, 0.358737, 0.0, 0.0, 0.0, 1.0],
                [0.325196, 0.0, 0.945647, -0.081507, 0.945647, 0.0, -0.325196, 0.359443, 0.0, 1.0, 0.0, 0.359573, 0.0, 0.0, 0.0, 1.0],
                [0.330736, 0.0, 0.943723, -0.080925, 0.943723, 0.0, -0.330736, 0.357011, 0.0, 1.0, 0.0, 0.362098, 0.0, 0.0, 0.0, 1.0],
                [0.339989, 0.0, 0.940429, -0.079951, 0.940429, 0.0, -0.339989, 0.352933, 0.0, 1.0, 0.0, 0.366326, 0.0, 0.0, 0.0, 1.0],
                [0.352918, 0.0, 0.935654, -0.078581, 0.935654, 0.0, -0.352918, 0.347202, 0.0, 1.0, 0.0, 0.372258, 0.0, 0.0, 0.0, 1.0],
                [0.369433, 0.0, 0.929257, -0.076819, 0.929257, 0.0, -0.369433, 0.339823, 0.0, 1.0, 0.0, 0.379882, 0.0, 0.0, 0.0, 1.0],
                [0.389384, 0.0, 0.921075, -0.074669, 0.921075, 0.0, -0.389384, 0.330821, 0.0, 1.0, 0.0, 0.389165, 0.0, 0.0, 0.0, 1.0],
                [0.412552, 0.0, 0.910934, -0.072142, 0.910934, 0.0, -0.412552, 0.32024, 0.0, 1.0, 0.0, 0.400052, 0.0, 0.0, 0.0, 1.0],
                [0.438644, 0.0, 0.898661, -0.069253, 0.898661, 0.0, -0.438644, 0.308147, 0.0, 1.0, 0.0, 0.412465, 0.0, 0.0, 0.0, 1.0],
                [0.467293, 0.0, 0.884102, -0.066024, 0.884102, 0.0, -0.467293, 0.294633, 0.0, 1.0, 0.0, 0.4263, 0.0, 0.0, 0.0, 1.0],
                [0.498058, 0.0, 0.867144, -0.062482, 0.867144, 0.0, -0.498058, 0.279817, 0.0, 1.0, 0.0, 0.441424, 0.0, 0.0, 0.0, 1.0],
                [0.530431, 0.0, 0.847728, -0.058662, 0.847728, 0.0, -0.530431, 0.263842, 0.0, 1.0, 0.0, 0.457676, 0.0, 0.0, 0.0, 1.0],
                [0.563855, 0.0, 0.825873, -0.054605, 0.825873, 0.0, -0.563855, 0.246879, 0.0, 1.0, 0.0, 0.47487, 0.0, 0.0, 0.0, 1.0],
                [0.597739, 0.0, 0.801691, -0.050359, 0.801691, 0.0, -0.597739, 0.22912, 0.0, 1.0, 0.0, 0.492795, 0.0, 0.0, 0.0, 1.0],
                [0.631485, 0.0, 0.775388, -0.045978, 0.775388, 0.0, -0.631485, 0.21078, 0.0, 1.0, 0.0, 0.511217, 0.0, 0.0, 0.0, 1.0],
                [0.664512, 0.0, 0.747277, -0.041517, 0.747277, 0.0, -0.664512, 0.192085, 0.0, 1.0, 0.0, 0.529893, 0.0, 0.0, 0.0, 1.0],
                [0.696289, 0.0, 0.717762, -0.037038, 0.717762, 0.0, -0.696289, 0.173271, 0.0, 1.0, 0.0, 0.548569, 0.0, 0.0, 0.0, 1.0],
                [0.726351, 0.0, 0.687324, -0.032601, 0.687324, 0.0, -0.726351, 0.154575, 0.0, 1.0, 0.0, 0.566992, 0.0, 0.0, 0.0, 1.0],
                [0.754323, 0.0, 0.656504, -0.028268, 0.656504, 0.0, -0.754323, 0.136227, 0.0, 1.0, 0.0, 0.584916, 0.0, 0.0, 0.0, 1.0],
                [0.779927, 0.0, 0.62587, -0.024096, 0.62587, 0.0, -0.779927, 0.118446, 0.0, 1.0, 0.0, 0.60211, 0.0, 0.0, 0.0, 1.0],
                [0.802987, 0.0, 0.595997, -0.020139, 0.595997, 0.0, -0.802987, 0.101433, 0.0, 1.0, 0.0, 0.618363, 0.0, 0.0, 0.0, 1.0],
                [0.823418, 0.0, 0.567436, -0.016446, 0.567436, 0.0, -0.823418, 0.085368, 0.0, 1.0, 0.0, 0.633487, 0.0, 0.0, 0.0, 1.0],
                [0.841218, 0.0, 0.540696, -0.013061, 0.540696, 0.0, -0.841218, 0.070406, 0.0, 1.0, 0.0, 0.647322, 0.0, 0.0, 0.0, 1.0],
                [0.85645, 0.0, 0.516229, -0.010018, 0.516229, 0.0, -0.85645, 0.056675, 0.0, 1.0, 0.0, 0.659735, 0.0, 0.0, 0.0, 1.0],
                [0.869225, 0.0, 0.494417, -0.007348, 0.494417, 0.0, -0.869225, 0.04428, 0.0, 1.0, 0.0, 0.670622, 0.0, 0.0, 0.0, 1.0],
                [0.879678, 0.0, 0.47557, -0.005072, 0.47557, 0.0, -0.879678, 0.033299, 0.0, 1.0, 0.0, 0.679904, 0.0, 0.0, 0.0, 1.0],
                [0.887957, 0.0, 0.459926, -0.003208, 0.459926, 0.0, -0.887957, 0.023789, 0.0, 1.0, 0.0, 0.687528, 0.0, 0.0, 0.0, 1.0],
                [0.894208, 0.0, 0.447651, -0.001766, 0.447651, 0.0, -0.894208, 0.015787, 0.0, 1.0, 0.0, 0.693461, 0.0, 0.0, 0.0, 1.0],
                [0.898559, 0.0, 0.438853, -0.000751, 0.438853, 0.0, -0.898559, 0.009312, 0.0, 1.0, 0.0, 0.697689, 0.0, 0.0, 0.0, 1.0],
                [0.901116, 0.0, 0.433578, -0.000165, 0.433578, 0.0, -0.901116, 0.004368, 0.0, 1.0, 0.0, 0.700213, 0.0, 0.0, 0.0, 1.0],
                [0.901956, 0.0, 0.431828, -5e-06, 0.431828, 0.0, -0.901956, 0.000946, 0.0, 1.0, 0.0, 0.70105, 0.0, 0.0, 0.0, 1.0]
            ]
        },
        {
            "name": "Thigh_R",
            "time": [0.0, 0.0167, 0.0333, 0.05, 0.0667, 0.0833, 0.1, 0.1167, 0.1333, 0.15, 0.1667, 0.1833, 0.2, 0.2167, 0.2333, 0.25, 0.2667, 0.2833, 0.3, 0.3167, 0.3333, 0.35, 0.3667, 0.3833, 0.4, 0.4167, 0.4333, 0.45, 0.4667, 0.4833, 0.5, 0.5167, 0.5333, 0.55, 0.5667, 0.5833, 0.6, 0.6167, 0.6333, 0.65, 0.6667, 0.6833, 0.7, 0.7167, 0.7333, 0.75, 0.7667, 0.7833, 0.8, 0.8167, 0.8333, 0.85, 0.8667, 0.8833, 0.9, 0.9167, 0.9333, 0.95, 0.9667, 0.9833, 1.0, 1.0167, 1.0333, 1.05, 1.0667, 1.0833, 1.1, 1.1167, 1.1333, 1.15, 1.1667, 1.1833, 1.2, 1.2167, 1.2333, 1.25, 1.2667, 1.2833, 1.3, 1.3167, 1.3333, 1.35, 1.3667, 1.3833, 1.4, 1.4167, 1.4333, 1.45, 1.4667, 1.4833, 1.5],
            "transform": [
                [0.978638, 0.203132, 0.031698, 0.124994, 0.158088, -0.842091, 0.515645, -0.002831, 0.131437, -0.499619, -0.856216, -1.2e-05, 0.0, 0.0, 0.0, 1.0],
                [0.979917, 0.197743, 0.0257, 0.124994, 0.155703, -0.839287, 0.520916, -0.002831, 0.124577, -0.506453, -0.853221, -1.2e-05, 0.0, 0.0, 0.0, 1.0],
                [0.98386, 0.178734, 0.008552, 0.124994, 0.14678, -0.833455, 0.532736, -0.002831, 0.102346, -0.522882, -0.846238, -1.2e-05, 0.0, 0.0, 0.0, 1.0],
                [0.989213, 0.145394, -0.017865, 0.124994, 0.131919, -0.831162, 0.540154, -0.002831, 0.063687, -0.536684, -0.841377, -1.2e-05, 0.0, 0.0, 0.0, 1.0],
                [0.993635, 0.099059, -0.053632, 0.124994, 0.112379, -0.838993, 0.53241, -0.002831, 0.007744, -0.535049, -0.844786, -1.2e-05, 0.0, 0.0, 0.0, 1.0],
                [0.993789, 0.04455, -0.101968, 0.124994, 0.090012, -0.860601, 0.501262, -0.002831, -0.065423, -0.507327, -0.859266, -1.2e-05, 0.0, 0.0, 0.0, 1.0],
                [0.985769, -0.008881, -0.167869, 0.124994, 0.067096, -0.894825, 0.441346, -0.002831, -0.154133, -0.446329, -0.881495, -1.2e-05, 0.0, 0.0, 0.0, 1.0],
                [0.965925, -0.047828, -0.254366, 0.124994, 0.04628, -0.935023, 0.351554, -0.002831, -0.254653, -0.351346, -0.900948, -1.2e-05, 0.0, 0.0, 0.0, 1.0],
                [0.931938, -0.057765, -0.357987, 0.124994, 0.030671, -0.971135, 0.236548, -0.002831, -0.361318, -0.231428, -0.903266, -1.2e-05, 0.0, 0.0, 0.0, 1.0],
                [0.883731, -0.028582, -0.467121, 0.124994, 0.023955, -0.994062, 0.106144, -0.002831, -0.467381, -0.104993, -0.877799, -1.2e-05, 0.0, 0.0, 0.0, 1.0],
                [0.823686, 0.04063, -0.565588, 0.124994, 0.030222, -0.999157, -0.027763, -0.002831, -0.56624, 0.005774, -0.82422, -1.2e-05, 0.0, 0.0, 0.0, 1.0],
                [0.755963, 0.141364, -0.639168, 0.124994, 0.052847, -0.986396, -0.155657, -0.002831, -0.652478, 0.083893, -0.75315, -1.2e-05, 0.0, 0.0, 0.0, 1.0],
                [0.68535, 0.259455, -0.680426, 0.124994, 0.091969, -0.957733, -0.272561, -0.002831, -0.722383, 0.124222, -0.680243, -1.2e-05, 0.0, 0.0, 0.0, 1.0],
                [0.616589, 0.380515, -0.689221, 0.124994, 0.142377, -0.9149, -0.377738, -0.002831, -0.774304, 0.13478, -0.618294, -1.2e-05, 0.0, 0.0, 0.0, 1.0],
                [0.554383, 0.494066, -0.669744, 0.124994, 0.195846, -0.859575, -0.471991, -0.002831, -0.80889, 0.130497, -0.573295, -1.2e-05, 0.0, 0.0, 0.0, 1.0],
                [0.502999, 0.593801, -0.628006, 0.124994, 0.246209, -0.794957, -0.554459, -0.002831, -0.828476, 0.124272, -0.546062, -1.2e-05, 0.0, 0.0, 0.0, 1.0],
                [0.465403, 0.674475, -0.573134, 0.124994, 0.291007, -0.728141, -0.620584, -0.002831, -0.835891, 0.122036, -0.535157, -1.2e-05, 0.0, 0.0, 0.0, 1.0],
                [0.442275, 0.719384, -0.53561, 0.124994, 0.330523, -0.685895, -0.648308, -0.002831, -0.833755, 0.109699, -0.541128, -1.2e-05, 0.0, 0.0, 0.0, 1.0],
                [0.432383, 0.704484, -0.562803, 0.124994, 0.366168, -0.707566, -0.604376, -0.002831, -0.823994, 0.055242, -0.5639, -1.2e-05, 0.0, 0.0, 0.0, 1.0],
                [0.42969, 0.676433, -0.598168, 0.124994, 0.398393, -0.736496, -0.546677, -0.002831, -0.810339, -0.003405, -0.585952, -1.2e-05, 0.0, 0.0, 0.0, 1.0],
                [0.427085, 0.657671, -0.620538, 0.124994, 0.428416, -0.751536, -0.501651, -0.002831, -0.796278, -0.051601, -0.602727, -1.2e-05, 0.0, 0.0, 0.0, 1.0],
                [0.424398, 0.643749, -0.636768, 0.124994, 0.456229, -0.759477, -0.463734, -0.002831, -0.782139, -0.093704, -0.616018, -1.2e-05, 0.0, 0.0, 0.0, 1.0],
                [0.421633, 0.633016, -0.649243, 0.124994, 0.481713, -0.762975, -0.43107, -0.002831, -0.76823, -0.130996, -0.626628, -1.2e-05, 0.0, 0.0, 0.0, 1.0],
                [0.418841, 0.624481, -0.659238, 0.124994, 0.504754, -0.763605, -0.402655, -0.002831, -0.754848, -0.164105, -0.635039, -1.2e-05, 0.0, 0.0, 0.0, 1.0],
                [0.416103, 0.617771, -0.667246, 0.124994, 0.525253, -0.76228, -0.378204, -0.002831, -0.742272, -0.193101, -0.641673, -1.2e-05, 0.0, 0.0, 0.0, 1.0],
                [0.413494, 0.6124, -0.673787, 0.124994, 0.543169, -0.759823, -0.357262, -0.002831, -0.730747, -0.218255, -0.646819, -1.2e-05, 0.0, 0.0, 0.0, 1.0],
                [0.41109, 0.608226, -0.679019, 0.124994, 0.558508, -0.756743, -0.339717, -0.002831, -0.720468, -0.239584, -0.650789, -1.2e-05, 0.0, 0.0, 0.0, 1.0],
                [0.408948, 0.605006, -0.683177, 0.124994, 0.57135, -0.753497, -0.325271, -0.002831, -0.711563, -0.257314, -0.653811, -1.2e-05, 0.0, 0.0, 0.0, 1.0],
                [0.407106, 0.602591, -0.686403, 0.124994, 0.581834, -0.750385, -0.313675, -0.002831, -0.704085, -0.271674, -0.656094, -1.2e-05, 0.0, 0.0, 0.0, 1.0],
                [0.405577, 0.600765, -0.688904, 0.124994, 0.590159, -0.74764, -0.304543, -0.002831, -0.698011, -0.283047, -0.657773, -1.2e-05, 0.0, 0.0, 0.0, 1.0],
                [0.404361, 0.599505, -0.690714, 0.124994, 0.596562, -0.745326, -0.297663, -0.002831, -0.693257, -0.29169, -0.659023, -1.2e-05, 0.0, 0.0, 0.0, 1.0],
                [0.403434, 0.598651, -0.691996, 0.124994, 0.601309, -0.743497, -0.292643, -0.002831, -0.689688, -0.298041, -0.659926, -1.2e-05, 0.0, 0.0, 0.0, 1.0],
                [0.402762, 0.598104, -0.692859, 0.124994, 0.604669, -0.742138, -0.289148, -0.002831, -0.687138, -0.302493, -0.66056, -1.2e-05, 0.0, 0.0, 0.0, 1.0],
                [0.402306, 0.59778, -0.693404, 0.124994, 0.606904, -0.741199, -0.286865, -0.002831, -0.685432, -0.305422, -0.660984, -1.2e-05, 0.0, 0.0, 0.0, 1.0],
                [0.402026, 0.597611, -0.693712, 0.124994, 0.608254, -0.740614, -0.285515, -0.002831, -0.684399, -0.307169, -0.661245, -1.2e-05, 0.0, 0.0, 0.0, 1.0],
                [0.401883, 0.597539, -0.693856, 0.124994, 0.608932, -0.740312, -0.284851, -0.002831, -0.68388, -0.308034, -0.66138, -1.2e-05, 0.0, 0.0, 0.0, 1.0],
                [0.401843, 0.597523, -0.693894, 0.124994, 0.609122, -0.740225, -0.28467, -0.002831, -0.683734, -0.308274, -0.661419, -1.2e-05, 0.0, 0.0, 0.0, 1.0],
                [0.41387, 0.641437, -0.645964, 0.124994, 0.544853, -0.742998, -0.388703, -0.002831, -0.729278, -0.191083, -0.656994, -1.2e-05, 0.0, 0.0, 0.0, 1.0],
                [0.443351, 0.779267, -0.442925, 0.124994, 0.347824, -0.604991, -0.716243, -0.002831, -0.82611, 0.163487, -0.539271, -1.2e-05, 0.0, 0.0, 0.0, 1.0],
                [0.460114, 0.71194, -0.530505, 0.124994, 0.098617, -0.634793, -0.766363, -0.002831, -0.882366, 0.300298, -0.362287, -1.2e-05, 0.0, 0.0, 0.0, 1.0],
                [0.492083, 0.619487, -0.61163, 0.124994, -0.091033, -0.662111, -0.743857, -0.002831, -0.865776, 0.421717, -0.26942, -1.2e-05, 0.0, 0.0, 0.0, 1.0],
                [0.562072, 0.507592, -0.653012, 0.124994, -0.183896, -0.693072, -0.697017, -0.002831, -0.806385, 0.51186, -0.296213, -1.2e-05, 0.0, 0.0, 0.0, 1.0],
                [0.669405, 0.384353, -0.635743, 0.124994, -0.195816, -0.734211, -0.65007, -0.002831, -0.716626, 0.559649, -0.416222, -1.2e-05, 0.0, 0.0, 0.0, 1.0],
                [0.820271, 0.202254, -0.535022, 0.124994, -0.175664, -0.801107, -0.572162, -0.002831, -0.544332, 0.563312, -0.621596, -1.2e-05, 0.0, 0.0, 0.0, 1.0],
                [0.963527, -0.054647, -0.261971, 0.124994, -0.142319, -0.933653, -0.328691, -0.002831, -0.226628, 0.353986, -0.907377, -1.2e-05, 0.0, 0.0, 0.0, 1.0],
                [0.978738, 0.083447, 0.187375, 0.124994, -0.039681, -0.81922, 0.572104, -0.002831, 0.201242, -0.567375, -0.798491, -1.2e-05, 0.0, 0.0, 0.0, 1.0],
                [0.800339, 0.572494, 0.178067, 0.124994, 0.088351, -0.406378, 0.909423, -0.002831, 0.593001, -0.712115, -0.375821, -1.2e-05, 0.0, 0.0, 0.0, 1.0],
                [0.554284, 0.82699, 0.094103, 0.124994, 0.149345, -0.210043, 0.966218, -0.002831, 0.818819, -0.521505, -0.239931, -1.2e-05, 0.0, 0.0, 0.0, 1.0],
                [0.441723, 0.89359, 0.079856, 0.124994, 0.14542, -0.159148, 0.976486, -0.002831, 0.885287, -0.419724, -0.200245, -1.2e-05, 0.0, 0.0, 0.0, 1.0],
                [0.434401, 0.89974, 0.041994, 0.124994, 0.144529, -0.115647, 0.982719, -0.002831, 0.889048, -0.420825, -0.180276, -1.2e-05, 0.0, 0.0, 0.0, 1.0],
                [0.428379, 0.903562, 0.008179, 0.124994, 0.143728, -0.077072, 0.986612, -0.002831, 0.892095, -0.421468, -0.162883, -1.2e-05, 0.0, 0.0, 0.0, 1.0],
                [0.423778, 0.905517, -0.021255, 0.124994, 0.14306, -0.043742, 0.988747, -0.002831, 0.894397, -0.42205, -0.148081, -1.2e-05, 0.0, 0.0, 0.0, 1.0],
                [0.420651, 0.906052, -0.046059, 0.124994, 0.142561, -0.015878, 0.989659, -0.002831, 0.895952, -0.422867, -0.135847, -1.2e-05, 0.0, 0.0, 0.0, 1.0],
                [0.418955, 0.905612, -0.065898, 0.124994, 0.142245, 0.00622, 0.989812, -0.002831, 0.896796, -0.42406, -0.126213, -1.2e-05, 0.0, 0.0, 0.0, 1.0],
                [0.418508, 0.9046, -0.080934, 0.124994, 0.142106, 0.022794, 0.989589, -0.002831, 0.897027, -0.425652, -0.11901, -1.2e-05, 0.0, 0.0, 0.0, 1.0],
                [0.419011, 0.903352, -0.091565, 0.124994, 0.142111, 0.034355, 0.989254, -0.002831, 0.896791, -0.427521, -0.113981, -1.2e-05, 0.0, 0.0, 0.0, 1.0],
                [0.420091, 0.902123, -0.098476, 0.124994, 0.142214, 0.041731, 0.988956, -0.002831, 0.896269, -0.429456, -0.110764, -1.2e-05, 0.0, 0.0, 0.0, 1.0],
                [0.421373, 0.901074, -0.102517, 0.124994, 0.142361, 0.045919, 0.988749, -0.002831, 0.895644, -0.431227, -0.108929, -1.2e-05, 0.0, 0.0, 0.0, 1.0],
                [0.422534, 0.900297, -0.10455, 0.124994, 0.142505, 0.047926, 0.988633, -0.002831, 0.895074, -0.43263, -0.108047, -1.2e-05, 0.0, 0.0, 0.0, 1.0],
                [0.423336, 0.899828, -0.105337, 0.124994, 0.142609, 0.048635, 0.988584, -0.002831, 0.894679, -0.433525, -0.107735, -1.2e-05, 0.0, 0.0, 0.0, 1.0],
                [0.423625, 0.899674, -0.10549, 0.124994, 0.142647, 0.048747, 0.988573, -0.002831, 0.894535, -0.433832, -0.107686, -1.2e-05, 0.0, 0.0, 0.0, 1.0],
                [0.426185, 0.898572, -0.104567, 0.124994, 0.14355, 0.046951, 0.988529, -0.002831, 0.893174, -0.436307, -0.10898, -1.2e-05, 0.0, 0.0, 0.0, 1.0],
                [0.433884, 0.895202, -0.101769, 0.124994, 0.146221, 0.041492, 0.988381, -0.002831, 0.889024, -0.443724, -0.112895, -1.2e-05, 0.0, 0.0, 0.0, 1.0],
                [0.446681, 0.889414, -0.097046, 0.124994, 0.150512, 0.032222, 0.988083, -0.002831, 0.881942, -0.455965, -0.119475, -1.2e-05, 0.0, 0.0, 0.0, 1.0],
                [0.464425, 0.880992, -0.090349, 0.124994, 0.156152, 0.01896, 0.987551, -0.002831, 0.871737, -0.472751, -0.128763, -1.2e-05, 0.0, 0.0, 0.0, 1.0],
                [0.486837, 0.86967, -0.081634, 0.124994, 0.162755, 0.001507, 0.986665, -0.002831, 0.858196, -0.493631, -0.140809, -1.2e-05, 0.0, 0.0, 0.0, 1.0],
                [0.513494, 0.85516, -0.070884, 0.124994, 0.169843, -0.020317, 0.985261, -0.002831, 0.841116, -0.517965, -0.155676, -1.2e-05, 0.0, 0.0, 0.0, 1.0],
                [0.543824, 0.837183, -0.058131, 0.124994, 0.176888, -0.04664, 0.983125, -0.002831, 0.820345, -0.54493, -0.173452, -1.2e-05, 0.0, 0.0, 0.0, 1.0],
                [0.577111, 0.815507, -0.043489, 0.124994, 0.183357, -0.077495, 0.979987, -0.002831, 0.795816, -0.573535, -0.194252, -1.2e-05, 0.0, 0.0, 0.0, 1.0],
                [0.612526, 0.789982, -0.027193, 0.124994, 0.188779, -0.112793, 0.97552, -0.002831, 0.767577, -0.602666, -0.218221, -1.2e-05, 0.0, 0.0, 0.0, 1.0],
                [0.649173, 0.76058, -0.009627, 0.124994, 0.192801, -0.152291, 0.969348, -0.002831, 0.7358, -0.63113, -0.245504, -1.2e-05, 0.0, 0.0, 0.0, 1.0],
                [0.686136, 0.727421, 0.008652, 0.124994, 0.195228, -0.195578, 0.961059, -0.002831, 0.700787, -0.657729, -0.276206, -1.2e-05, 0.0, 0.0, 0.0, 1.0],
                [0.722544, 0.690799, 0.02693, 0.124994, 0.19603, -0.242082, 0.950246, -0.002831, 0.662949, -0.681316, -0.310333, -1.2e-05, 0.0, 0.0, 0.0, 1.0],
                [0.757613, 0.651193, 0.044379, 0.124994, 0.195334, -0.291081, 0.936545, -0.002831, 0.622789, -0.70087, -0.347727, -1.2e-05, 0.0, 0.0, 0.0, 1.0],
                [0.790683, 0.609264, 0.060142, 0.124994, 0.193375, -0.341741, 0.919684, -0.002831, 0.580884, -0.715549, -0.388026, -1.2e-05, 0.0, 0.0, 0.0, 1.0],
                [0.821243, 0.565827, 0.073486, 0.124994, 0.190455, -0.393247, 0.899491, -0.002831, 0.537854, -0.724704, -0.430716, -1.2e-05, 0.0, 0.0, 0.0, 1.0],
                [0.848928, 0.521843, 0.083673, 0.124994, 0.186894, -0.444506, 0.876062, -0.002831, 0.494361, -0.728075, -0.474883, -1.2e-05, 0.0, 0.0, 0.0, 1.0],
                [0.87353, 0.478305, 0.090384, 0.124994, 0.182988, -0.494731, 0.849562, -0.002831, 0.451066, -0.725579, -0.519687, -1.2e-05, 0.0, 0.0, 0.0, 1.0],
                [0.894978, 0.436198, 0.093513, 0.124994, 0.17899, -0.543117, 0.820358, -0.002831, 0.408627, -0.717465, -0.564153, -1.2e-05, 0.0, 0.0, 0.0, 1.0],
                [0.913324, 0.396408, 0.093268, 0.124994, 0.175096, -0.589037, 0.788908, -0.002831, 0.367668, -0.704198, -0.607391, -1.2e-05, 0.0, 0.0, 0.0, 1.0],
                [0.928715, 0.359702, 0.090017, 0.124994, 0.171451, -0.631835, 0.755902, -0.002831, 0.328775, -0.686585, -0.648466, -1.2e-05, 0.0, 0.0, 0.0, 1.0],
                [0.941377, 0.326633, 0.08438, 0.124994, 0.168148, -0.671134, 0.722014, -0.002831, 0.292465, -0.665499, -0.686713, -1.2e-05, 0.0, 0.0, 0.0, 1.0],
                [0.951587, 0.297555, 0.077086, 0.124994, 0.165245, -0.706684, 0.687961, -0.002831, 0.259182, -0.641918, -0.721642, -1.2e-05, 0.0, 0.0, 0.0, 1.0],
                [0.959649, 0.272644, 0.068837, 0.124994, 0.162773, -0.738208, 0.65464, -0.002831, 0.2293, -0.61702, -0.7528, -1.2e-05, 0.0, 0.0, 0.0, 1.0],
                [0.965872, 0.251885, 0.060371, 0.124994, 0.160743, -0.765661, 0.622836, -0.002831, 0.203107, -0.591876, -0.780019, -1.2e-05, 0.0, 0.0, 0.0, 1.0],
                [0.970552, 0.235147, 0.052299, 0.124994, 0.159162, -0.788929, 0.593514, -0.002831, 0.180823, -0.567712, -0.803123, -1.2e-05, 0.0, 0.0, 0.0, 1.0],
                [0.973955, 0.222197, 0.045158, 0.124994, 0.158028, -0.808031, 0.56755, -0.002831, 0.162597, -0.545632, -0.8221, -1.2e-05, 0.0, 0.0, 0.0, 1.0],
                [0.97631, 0.21277, 0.039324, 0.124994, 0.157349, -0.82291, 0.545948, -0.002831, 0.148522, -0.526827, -0.836895, -1.2e-05, 0.0, 0.0, 0.0, 1.0],
                [0.977799, 0.206589, 0.035077, 0.124994, 0.157126, -0.833601, 0.529547, -0.002831, 0.138639, -0.512279, -0.847555, -1.2e-05, 0.0, 0.0, 0.0, 1.0],
                [0.978548, 0.203436, 0.032513, 0.124994, 0.157373, -0.839974, 0.519304, -0.002831, 0.132955, -0.503048, -0.853971, -1.2e-05, 0.0, 0.0, 0.0, 1.0],
                [0.978638, 0.203132, 0.031698, 0.124994, 0.158088, -0.842091, 0.515645, -0.002831, 0.131437, -0.499619, -0.856216, -1.2e-05, 0.0, 0.0, 0.0, 1.0]
            ]
        },
        {
            "name": "Leg_R",
            "time": [0.0, 0.0167, 0.0333, 0.05, 0.0667, 0.0833, 0.1, 0.1167, 0.1333, 0.15, 0.1667, 0.1833, 0.2, 0.2167, 0.2333, 0.25, 0.2667, 0.2833, 0.3, 0.3167, 0.3333, 0.35, 0.3667, 0.3833, 0.4, 0.4167, 0.4333, 0.45, 0.4667, 0.4833, 0.5, 0.5167, 0.5333, 0.55, 0.5667, 0.5833, 0.6, 0.6167, 0.6333, 0.65, 0.6667, 0.6833, 0.7, 0.7167, 0.7333, 0.75, 0.7667, 0.7833, 0.8, 0.8167, 0.8333, 0.85, 0.8667, 0.8833, 0.9, 0.9167, 0.9333, 0.95, 0.9667, 0.9833, 1.0, 1.0167, 1.0333, 1.05, 1.0667, 1.0833, 1.1, 1.1167, 1.1333, 1.15, 1.1667, 1.1833, 1.2, 1.2167, 1.2333, 1.25, 1.2667, 1.2833, 1.3, 1.3167, 1.3333, 1.35, 1.3667, 1.3833, 1.4, 1.4167, 1.4333, 1.45, 1.4667, 1.4833, 1.5],
            "transform": [
                [0.999783, -0.019929, -0.006024, 0.0, 0.019992, 0.838208, 0.544983, 0.374721, -0.005812, -0.544985, 0.838425, -0.0, 0.0, 0.0, 0.0, 1.0],
                [0.999765, -0.020665, -0.006515, 0.0, 0.02073, 0.824764, 0.565098, 0.374721, -0.006305, -0.5651, 0.824998, 0.0, 0.0, 0.0, 0.0, 1.0],
                [0.999704, -0.022928, -0.008197, 0.0, 0.023, 0.778698, 0.626977, 0.374721, -0.007992, -0.62698, 0.778995, -0.0, 0.0, 0.0, 0.0, 1.0],
                [0.999609, -0.025806, -0.010777, -0.0, 0.025887, 0.708062, 0.705677, 0.374721, -0.01058, -0.70568, 0.708453, 0.0, 0.0, 0.0, 0.0, 1.0],
                [0.999499, -0.028499, -0.013775, -0.0, 0.028589, 0.625961, 0.77933, 0.374721, -0.013588, -0.779333, 0.626463, -0.0, 0.0, 0.0, 0.0, 1.0],
                [0.999395, -0.030561, -0.016611, -0.0, 0.030658, 0.548297, 0.835722, 0.374721, -0.016433, -0.835725, 0.548902, -0.0, 0.0, 0.0, 0.0, 1.0],
                [0.999317, -0.031847, -0.018723, -0.0, 0.031947, 0.490476, 0.870869, 0.374721, -0.018551, -0.870873, 0.491159, 0.0, 0.0, 0.0, 0.0, 1.0],
                [0.999281, -0.032383, -0.019711, 0.0, 0.032485, 0.463427, 0.88554, 0.374721, -0.019542, -0.885543, 0.464146, -0.0, 0.0, 0.0, 0.0, 1.0],
                [0.999291, -0.032243, -0.019445, -0.0, 0.032344, 0.470708, 0.881696, 0.374721, -0.019275, -0.8817, 0.471417, -0.0, 0.0, 0.0, 0.0, 1.0],
                [0.999341, -0.031472, -0.018073, 0.0, 0.031571, 0.508261, 0.860624, 0.374721, -0.0179, -0.860627, 0.50892, -0.0, 0.0, 0.0, 0.0, 1.0],
                [0.999419, -0.030114, -0.015946, 0.0, 0.030209, 0.566518, 0.823496, 0.374721, -0.015766, -0.823499, 0.567098, 0.0, 0.0, 0.0, 0.0, 1.0],
                [0.999512, -0.028213, -0.013423, 0.0, 0.028302, 0.635586, 0.771511, 0.374721, -0.013235, -0.771514, 0.636074, 0.0, 0.0, 0.0, 0.0, 1.0],
                [0.99961, -0.025768, -0.010739, 0.0, 0.02585, 0.709082, 0.704652, 0.374721, -0.010543, -0.704655, 0.709472, 0.0, 0.0, 0.0, 0.0, 1.0],
                [0.999711, -0.022666, -0.007988, -0.0, 0.022737, 0.784428, 0.619803, 0.374721, -0.007782, -0.619806, 0.784716, -0.0, 0.0, 0.0, 0.0, 1.0],
                [0.99981, -0.018741, -0.005283, -0.0, 0.0188, 0.858498, 0.512472, 0.374721, -0.005069, -0.512474, 0.858687, -0.0, 0.0, 0.0, 0.0, 1.0],
                [0.999898, -0.013989, -0.002897, -0.0, 0.014033, 0.923831, 0.382544, 0.374721, -0.002675, -0.382546, 0.923933, 0.0, 0.0, 0.0, 0.0, 1.0],
                [0.99996, -0.008876, -0.001208, -0.0, 0.008903, 0.970059, 0.242708, 0.374721, -0.000982, -0.242709, 0.970099, 0.0, 0.0, 0.0, 0.0, 1.0],
                [0.999982, -0.006062, -0.000621, 0.0, 0.006081, 0.986144, 0.165778, 0.374721, -0.000393, -0.165779, 0.986163, -0.0, 0.0, 0.0, 0.0, 1.0],
                [0.999951, -0.009746, -0.001438, -0.0, 0.009777, 0.963782, 0.266514, 0.374721, -0.001212, -0.266515, 0.96383, 0.0, 0.0, 0.0, 0.0, 1.0],
                [0.999896, -0.014141, -0.00296, 0.0, 0.014185, 0.9221, 0.386692, 0.374721, -0.002739, -0.386693, 0.922204, -0.0, 0.0, 0.0, 0.0, 1.0],
                [0.999844, -0.017105, -0.004363, -0.0, 0.017159, 0.883693, 0.467752, 0.374721, -0.004146, -0.467754, 0.883849, -0.0, 0.0, 0.0, 0.0, 1.0],
                [0.999797, -0.019334, -0.005644, -0.0, 0.019394, 0.848595, 0.528688, 0.374721, -0.005432, -0.52869, 0.848797, -0.0, 0.0, 0.0, 0.0, 1.0],
                [0.999755, -0.021081, -0.006804, -0.0, 0.021147, 0.816839, 0.576478, 0.374721, -0.006595, -0.57648, 0.817084, 0.0, 0.0, 0.0, 0.0, 1.0],
                [0.999716, -0.022491, -0.007851, 0.0, 0.022562, 0.788179, 0.615033, 0.374721, -0.007645, -0.615035, 0.788462, 0.0, 0.0, 0.0, 0.0, 1.0],
                [0.999682, -0.023629, -0.008776, -0.0, 0.023703, 0.762838, 0.646155, 0.374721, -0.008573, -0.646157, 0.763155, 0.0, 0.0, 0.0, 0.0, 1.0],
                [0.999652, -0.02456, -0.009592, 0.0, 0.024637, 0.740491, 0.671615, 0.374721, -0.009392, -0.671617, 0.740838, 0.0, 0.0, 0.0, 0.0, 1.0],
                [0.999627, -0.025313, -0.010295, 0.0, 0.025393, 0.721259, 0.6922, 0.374721, -0.010096, -0.692202, 0.721632, 0.0, 0.0, 0.0, 0.0, 1.0],
                [0.999604, -0.025921, -0.010891, -0.0, 0.026002, 0.704916, 0.708814, 0.374721, -0.010695, -0.708817, 0.705311, -0.0, 0.0, 0.0, 0.0, 1.0],
                [0.999586, -0.026405, -0.011388, -0.0, 0.026488, 0.691325, 0.722058, 0.374721, -0.011193, -0.72206, 0.691739, -0.0, 0.0, 0.0, 0.0, 1.0],
                [0.999571, -0.026791, -0.011797, 0.0, 0.026875, 0.680125, 0.732603, 0.374721, -0.011603, -0.732606, 0.680553, 0.0, 0.0, 0.0, 0.0, 1.0],
                [0.99956, -0.027086, -0.012119, -0.0, 0.027171, 0.671297, 0.74069, 0.374721, -0.011927, -0.740693, 0.671737, 0.0, 0.0, 0.0, 0.0, 1.0],
                [0.999551, -0.02731, -0.012368, 0.0, 0.027395, 0.664488, 0.746797, 0.374721, -0.012176, -0.7468, 0.664937, 0.0, 0.0, 0.0, 0.0, 1.0],
                [0.999544, -0.027473, -0.012552, 0.0, 0.027559, 0.659437, 0.751255, 0.374721, -0.012361, -0.751258, 0.659893, 0.0, 0.0, 0.0, 0.0, 1.0],
                [0.999539, -0.027586, -0.012682, -0.0, 0.027672, 0.65589, 0.75435, 0.374721, -0.012491, -0.754352, 0.65635, 0.0, 0.0, 0.0, 0.0, 1.0],
                [0.999536, -0.027658, -0.012765, 0.0, 0.027745, 0.653609, 0.756324, 0.374721, -0.012575, -0.756327, 0.654073, -0.0, 0.0, 0.0, 0.0, 1.0],
                [0.999534, -0.027697, -0.01281, 0.0, 0.027784, 0.652377, 0.757385, 0.374721, -0.01262, -0.757388, 0.652843, 0.0, 0.0, 0.0, 0.0, 1.0],
                [0.999534, -0.027708, -0.012824, 0.0, 0.027796, 0.652005, 0.757705, 0.374721, -0.012634, -0.757708, 0.652471, -0.0, 0.0, 0.0, 0.0, 1.0],
                [0.999697, -0.023139, -0.008368, -0.0, 0.023212, 0.774, 0.63276, 0.374721, -0.008164, -0.632763, 0.774303, -0.0, 0.0, 0.0, 0.0, 1.0],
                [1.0, -1.6e-05, -0.000115, 0.0, 1.6e-05, 1.0, 0.000435, 0.374721, 0.000115, -0.000435, 1.0, 0.0, 0.0, 0.0, 0.0, 1.0],
                [1.0, -1.6e-05, -0.000115, 0.0, 1.6e-05, 1.0, 0.000438, 0.374721, 0.000115, -0.000438, 1.0, -0.0, 0.0, 0.0, 0.0, 1.0],
                [1.0, -1.6e-05, -0.000115, 0.0, 1.6e-05, 1.0, 0.000439, 0.374721, 0.000115, -0.000439, 1.0, 0.0, 0.0, 0.0, 0.0, 1.0],
                [1.0, -1.6e-05, -0.000115, 0.0, 1.6e-05, 1.0, 0.00044, 0.374721, 0.000115, -0.00044, 1.0, 0.0, 0.0, 0.0, 0.0, 1.0],
                [1.0, -1.6e-05, -0.000115, -0.0, 1.6e-05, 1.0, 0.00044, 0.374721, 0.000115, -0.00044, 1.0, -0.0, 0.0, 0.0, 0.0, 1.0],
                [1.0, -1.6e-05, -0.000115, -0.0, 1.6e-05, 1.0, 0.000438, 0.374721, 0.000115, -0.000438, 1.0, 0.0, 0.0, 0.0, 0.0, 1.0],
                [0.999986, -0.00531, -0.000503, -0.0, 0.005327, 0.989386, 0.145211, 0.374721, -0.000274, -0.145211, 0.989401, 0.0, 0.0, 0.0, 0.0, 1.0],
                [0.999027, -0.03515, -0.026642, 0.0, 0.03526, 0.273626, 0.96119, 0.374721, -0.026496, -0.961194, 0.274599, 0.0, 0.0, 0.0, 0.0, 1.0],
                [0.998844, -0.036198, -0.031622, 0.0, 0.036312, 0.137274, 0.989867, 0.374721, -0.031491, -0.989871, 0.13843, -0.0, 0.0, 0.0, 0.0, 1.0],
                [0.999134, -0.034186, -0.023727, 0.0, 0.034293, 0.353444, 0.934827, 0.374721, -0.023571, -0.93483, 0.35431, 0.0, 0.0, 0.0, 0.0, 1.0],
                [0.999266, -0.032599, -0.02013, -0.0, 0.032702, 0.451949, 0.891444, 0.374721, -0.019963, -0.891448, 0.452683, 0.0, 0.0, 0.0, 0.0, 1.0],
                [0.999191, -0.033551, -0.02216, 0.0, 0.033657, 0.396358, 0.917479, 0.374721, -0.021999, -0.917482, 0.397167, -0.0, 0.0, 0.0, 0.0, 1.0],
                [0.999126, -0.034272, -0.023957, 0.0, 0.034379, 0.34716, 0.937176, 0.374721, -0.023802, -0.93718, 0.348035, 0.0, 0.0, 0.0, 0.0, 1.0],
                [0.999069, -0.034806, -0.025507, -0.0, 0.034916, 0.304718, 0.951802, 0.374721, -0.025357, -0.951806, 0.30565, -0.0, 0.0, 0.0, 0.0, 1.0],
                [0.999021, -0.035196, -0.026805, 0.0, 0.035306, 0.269173, 0.962445, 0.374721, -0.026659, -0.962448, 0.270152, 0.0, 0.0, 0.0, 0.0, 1.0],
                [0.998983, -0.035469, -0.027839, 0.0, 0.03558, 0.240857, 0.969909, 0.374721, -0.027696, -0.969912, 0.241874, -0.0, 0.0, 0.0, 0.0, 1.0],
                [0.998954, -0.035654, -0.028624, 0.0, 0.035767, 0.219355, 0.974989, 0.374721, -0.028484, -0.974994, 0.220401, -0.0, 0.0, 0.0, 0.0, 1.0],
                [0.998934, -0.035776, -0.029184, -0.0, 0.035888, 0.204029, 0.978307, 0.374721, -0.029045, -0.978311, 0.205095, -0.0, 0.0, 0.0, 0.0, 1.0],
                [0.99892, -0.035851, -0.029553, 0.0, 0.035964, 0.193909, 0.98036, 0.374721, -0.029416, -0.980364, 0.194988, -0.0, 0.0, 0.0, 0.0, 1.0],
                [0.998912, -0.035894, -0.029775, 0.0, 0.036007, 0.18784, 0.981539, 0.374721, -0.029638, -0.981543, 0.188928, 0.0, 0.0, 0.0, 0.0, 1.0],
                [0.998908, -0.035916, -0.029891, -0.0, 0.036029, 0.184663, 0.982142, 0.374721, -0.029755, -0.982145, 0.185756, -0.0, 0.0, 0.0, 0.0, 1.0],
                [0.998906, -0.035925, -0.029939, 0.0, 0.036038, 0.183347, 0.982388, 0.374721, -0.029803, -0.982392, 0.184441, 0.0, 0.0, 0.0, 0.0, 1.0],
                [0.998906, -0.035927, -0.02995, 0.0, 0.03604, 0.183058, 0.982441, 0.374721, -0.029813, -0.982445, 0.184153, 0.0, 0.0, 0.0, 0.0, 1.0],
                [0.998905, -0.03593, -0.029968, -0.0, 0.036043, 0.182547, 0.982536, 0.374721, -0.029832, -0.98254, 0.183642, -0.0, 0.0, 0.0, 0.0, 1.0],
                [0.998903, -0.03594, -0.030022, 0.0, 0.036053, 0.18108, 0.982807, 0.374721, -0.029886, -0.982811, 0.182177, -0.0, 0.0, 0.0, 0.0, 1.0],
                [0.9989, -0.035955, -0.030103, 0.0, 0.036068, 0.178863, 0.983213, 0.374721, -0.029967, -0.983217, 0.179963, -0.0, 0.0, 0.0, 0.0, 1.0],
                [0.998897, -0.035972, -0.030198, 0.0, 0.036085, 0.176245, 0.983685, 0.374721, -0.030063, -0.983689, 0.177349, 0.0, 0.0, 0.0, 0.0, 1.0],
                [0.998893, -0.035989, -0.030291, -0.0, 0.036102, 0.173711, 0.984135, 0.374721, -0.030156, -0.984138, 0.174818, -0.0, 0.0, 0.0, 0.0, 1.0],
                [0.998891, -0.036001, -0.030358, 0.0, 0.036114, 0.171866, 0.984458, 0.374721, -0.030224, -0.984462, 0.172976, 0.0, 0.0, 0.0, 0.0, 1.0],
                [0.99889, -0.036003, -0.030375, 0.0, 0.036117, 0.171415, 0.984537, 0.374721, -0.03024, -0.98454, 0.172525, -0.0, 0.0, 0.0, 0.0, 1.0],
                [0.998892, -0.035993, -0.030313, 0.0, 0.036106, 0.173123, 0.984238, 0.374721, -0.030178, -0.984242, 0.174231, 0.0, 0.0, 0.0, 0.0, 1.0],
                [0.998899, -0.035962, -0.030143, -0.0, 0.036076, 0.177776, 0.98341, 0.374721, -0.030007, -0.983414, 0.178878, -0.0, 0.0, 0.0, 0.0, 1.0],
