{
    "animation": [
        {
            "name": "Root",
            "time": [0.0, 0.0167, 0.0333, 0.05, 0.0667, 0.0833, 0.1, 0.1167, 0.1333, 0.15, 0.1667, 0.1833, 0.2, 0.2167, 0.2333, 0.25, 0.2667, 0.2833, 0.3, 0.3167, 0.3333, 0.35, 0.3667, 0.3833, 0.4, 0.4167, 0.4333, 0.45, 0.4667, 0.4833, 0.5],
            "transform": [
                [0.93025, 0.0, 0.366926, -5e-06, 0.366926, 0.0, -0.93025, 0.000946, 0.0, 1.0, 0.0, 0.757621, 0.0, 0.0, 0.0, 1.0],
                [0.932908, 0.0, 0.360115, -3.1e-05, 0.360115, 0.0, -0.932908, 0.000946, 0.0, 1.0, 0.0, 0.71699, 0.0, 0.0, 0.0, 1.0],
                [0.940639, 0.0, 0.339408, -0.00011, 0.339408, 0.0, -0.940639, 0.000946, 0.0, 1.0, 0.0, 0.630043, 0.0, 0.0, 0.0, 1.0],
                [0.952483, 0.0, 0.304591, -0.000241, 0.304591, 0.0, -0.952483, 0.000946, 0.0, 1.0, 0.0, 0.589411, 0.0, 0.0, 0.0, 1.0],
                [0.966692, 0.0, 0.255941, -0.000417, 0.255941, 0.0, -0.966692, 0.000946, 0.0, 1.0, 0.0, 0.601113, 0.0, 0.0, 0.0, 1.0],
                [0.980888, 0.0, 0.194575, -0.000628, 0.194575, 0.0, -0.980888, 0.000946, 0.0, 1.0, 0.0, 0.633142, 0.0, 0.0, 0.0, 1.0],
                [0.992437, 0.0, 0.122752, -0.000858, 0.122752, 0.0, -0.992437, 0.000946, 0.0, 1.0, 0.0, 0.666383, 0.0, 0.0, 0.0, 1.0],
                [0.999032, 0.0, 0.043978, -0.001088, 0.043978, 0.0, -0.999032, 0.000946, 0.0, 1.0, 0.0, 0.697782, 0.0, 0.0, 0.0, 1.0],
                [0.999306, 0.0, -0.037255, -0.001299, -0.037255, 0.0, -0.999306, 0.000946, 0.0, 1.0, 0.0, 0.731436, 0.0, 0.0, 0.0, 1.0],
                [0.993241, 0.0, -0.116071, -0.001475, -0.116071, 0.0, -0.993241, 0.000946, 0.0, 1.0, 0.0, 0.758453, 0.0, 0.0, 0.0, 1.0],
                [0.982175, 0.0, -0.18797, -0.001605, -0.18797, 0.0, -0.982175, 0.000946, 0.0, 1.0, 0.0, 0.780409, 0.0, 0.0, 0.0, 1.0],
                [0.968393, 0.0, -0.249431, -0.001684, -0.249431, 0.0, -0.968393, 0.000946, 0.0, 1.0, 0.0, 0.796242, 0.0, 0.0, 0.0, 1.0],
                [0.954511, 0.0, -0.298175, -0.001711, -0.298175, 0.0, -0.954511, 0.000946, 0.0, 1.0, 0.0, 0.801041, 0.0, 0.0, 0.0, 1.0],
                [0.942902, 0.0, -0.333071, -0.001299, -0.333071, 0.0, -0.942902, 0.000946, 0.0, 1.0, 0.0, 0.799179, 0.0, 0.0, 0.0, 1.0],
                [0.93531, 0.0, -0.353829, -0.000417, -0.353829, 0.0, -0.93531, 0.000946, 0.0, 1.0, 0.0, 0.786447, 0.0, 0.0, 0.0, 1.0],
                [0.932698, 0.0, -0.360658, -5e-06, -0.360658, 0.0, -0.932698, 0.000946, 0.0, 1.0, 0.0, 0.757621, 0.0, 0.0, 0.0, 1.0],
                [0.93531, 0.0, -0.353829, -5e-06, -0.353829, 0.0, -0.93531, 0.000946, 0.0, 1.0, 0.0, 0.698652, 0.0, 0.0, 0.0, 1.0],
                [0.942902, 0.0, -0.333071, -5e-06, -0.333071, 0.0, -0.942902, 0.000946, 0.0, 1.0, 0.0, 0.621416, 0.0, 0.0, 0.0, 1.0],
                [0.954511, 0.0, -0.298175, -5e-06, -0.298175, 0.0, -0.954511, 0.000946, 0.0, 1.0, 0.0, 0.589411, 0.0, 0.0, 0.0, 1.0],
                [0.968393, 0.0, -0.249431, -5e-06, -0.249431, 0.0, -0.968393, 0.000946, 0.0, 1.0, 0.0, 0.609437, 0.0, 0.0, 0.0, 1.0],
                [0.982175, 0.0, -0.18797, -5e-06, -0.18797, 0.0, -0.982175, 0.000946, 0.0, 1.0, 0.0, 0.657219, 0.0, 0.0, 0.0, 1.0],
                [0.993241, 0.0, -0.116071, -5e-06, -0.116071, 0.0, -0.993241, 0.000946, 0.0, 1.0, 0.0, 0.692437, 0.0, 0.0, 0.0, 1.0],
                [0.999306, 0.0, -0.037255, -5e-06, -0.037255, 0.0, -0.999306, 0.000946, 0.0, 1.0, 0.0, 0.703532, 0.0, 0.0, 0.0, 1.0],
                [0.999032, 0.0, 0.043978, -5e-06, 0.043978, 0.0, -0.999032, 0.000946, 0.0, 1.0, 0.0, 0.704619, 0.0, 0.0, 0.0, 1.0],
                [0.992437, 0.0, 0.122752, -5e-06, 0.122752, 0.0, -0.992437, 0.000946, 0.0, 1.0, 0.0, 0.715713, 0.0, 0.0, 0.0, 1.0],
                [0.980888, 0.0, 0.194575, -5e-06, 0.194575, 0.0, -0.980888, 0.000946, 0.0, 1.0, 0.0, 0.75358, 0.0, 0.0, 0.0, 1.0],
                [0.966692, 0.0, 0.255941, -5e-06, 0.255941, 0.0, -0.966692, 0.000946, 0.0, 1.0, 0.0, 0.807029, 0.0, 0.0, 0.0, 1.0],
                [0.952483, 0.0, 0.304591, -5e-06, 0.304591, 0.0, -0.952483, 0.000946, 0.0, 1.0, 0.0, 0.829703, 0.0, 0.0, 0.0, 1.0],
                [0.940639, 0.0, 0.339408, -5e-06, 0.339408, 0.0, -0.940639, 0.000946, 0.0, 1.0, 0.0, 0.812291, 0.0, 0.0, 0.0, 1.0],
                [0.932908, 0.0, 0.360115, -5e-06, 0.360115, 0.0, -0.932908, 0.000946, 0.0, 1.0, 0.0, 0.775033, 0.0, 0.0, 0.0, 1.0],
                [0.93025, 0.0, 0.366926, -5e-06, 0.366926, 0.0, -0.93025, 0.000946, 0.0, 1.0, 0.0, 0.757621, 0.0, 0.0, 0.0, 1.0]
            ]
        },
        {
            "name": "Thigh_R",
            "time": [0.0, 0.0167, 0.0333, 0.05, 0.0667, 0.0833, 0.1, 0.1167, 0.1333, 0.15, 0.1667, 0.1833, 0.2, 0.2167, 0.2333, 0.25, 0.2667, 0.2833, 0.3, 0.3167, 0.3333, 0.35, 0.3667, 0.3833, 0.4, 0.4167, 0.4333, 0.45, 0.4667, 0.4833, 0.5],
            "transform": [
                [0.925231, 0.131545, 0.355871, 0.124994, -0.004032, -0.934509, 0.355916, -0.002831, 0.379383, -0.330739, -0.864107, -1.2e-05, 0.0, 0.0, 0.0, 1.0],
                [0.927911, 0.120119, 0.352921, 0.124994, -0.00404, -0.943374, 0.331707, -0.002831, 0.372781, -0.30922, -0.874881, -1.2e-05, 0.0, 0.0, 0.0, 1.0],
                [0.933381, 0.222522, 0.281574, 0.124994, 0.009209, -0.799166, 0.601039, -0.002831, 0.358769, -0.558406, -0.747976, -1.2e-05, 0.0, 0.0, 0.0, 1.0],
                [0.944366, 0.226433, 0.238537, 0.124994, 0.015761, -0.755591, 0.654854, -0.002831, 0.328517, -0.614663, -0.717124, -1.2e-05, 0.0, 0.0, 0.0, 1.0],
                [0.959368, 0.174679, 0.221585, 0.124994, 0.016856, -0.819403, 0.57297, -0.002831, 0.281653, -0.545954, -0.789054, -1.2e-05, 0.0, 0.0, 0.0, 1.0],
                [0.974942, 0.106971, 0.195052, 0.124994, 0.016313, -0.908817, 0.416876, -0.002831, 0.221861, -0.403248, -0.887788, -1.2e-05, 0.0, 0.0, 0.0, 1.0],
                [0.988194, 0.04262, 0.14716, 0.124994, 0.015264, -0.983136, 0.182235, -0.002831, 0.152446, -0.177837, -0.97218, -1.2e-05, 0.0, 0.0, 0.0, 1.0],
                [0.996821, -0.008363, 0.079232, 0.124994, 0.010971, -0.970594, -0.24047, -0.002831, 0.078913, 0.240575, -0.967418, -1.2e-05, 0.0, 0.0, 0.0, 1.0],
                [0.999864, 0.010598, 0.012594, 0.124994, 0.015437, -0.869246, -0.494138, -0.002831, 0.00571, 0.494266, -0.869292, -1.2e-05, 0.0, 0.0, 0.0, 1.0],
                [0.99744, 0.058772, -0.040739, 0.124994, 0.026051, -0.829183, -0.55837, -0.002831, -0.066597, 0.555879, -0.828591, -1.2e-05, 0.0, 0.0, 0.0, 1.0],
                [0.990171, 0.118201, -0.074764, 0.124994, 0.041239, -0.757538, -0.651487, -0.002831, -0.133643, 0.642, -0.754967, -1.2e-05, 0.0, 0.0, 0.0, 1.0],
                [0.976809, 0.199013, -0.078972, 0.124994, 0.075777, -0.6663, -0.741823, -0.002831, -0.200251, 0.718636, -0.665929, -1.2e-05, 0.0, 0.0, 0.0, 1.0],
                [0.954041, 0.277254, -0.113732, 0.124994, 0.134146, -0.734487, -0.665231, -0.002831, -0.267973, 0.619402, -0.737924, -1.2e-05, 0.0, 0.0, 0.0, 1.0],
                [0.926405, 0.366804, -0.085017, 0.124994, 0.193758, -0.658011, -0.727653, -0.002831, -0.322848, 0.657629, -0.680656, -1.2e-05, 0.0, 0.0, 0.0, 1.0],
                [0.894478, 0.445836, -0.033754, 0.124994, 0.246405, -0.554538, -0.79484, -0.002831, -0.373086, 0.70265, -0.605879, -1.2e-05, 0.0, 0.0, 0.0, 1.0],
                [0.877786, 0.478988, -0.007848, 0.124994, 0.259649, -0.489468, -0.832468, -0.002831, -0.402584, 0.728691, -0.554016, -1.2e-05, 0.0, 0.0, 0.0, 1.0],
                [0.88277, 0.469648, -0.012143, 0.124994, 0.246779, -0.485541, -0.838659, -0.002831, -0.399771, 0.737346, -0.54452, -1.2e-05, 0.0, 0.0, 0.0, 1.0],
                [0.906831, 0.418027, -0.05395, 0.124994, 0.216804, -0.572377, -0.79081, -0.002831, -0.36146, 0.705434, -0.60968, -1.2e-05, 0.0, 0.0, 0.0, 1.0],
                [0.935265, 0.339165, -0.101228, 0.124994, 0.179619, -0.701228, -0.689939, -0.002831, -0.304987, 0.627093, -0.716754, -1.2e-05, 0.0, 0.0, 0.0, 1.0],
                [0.960784, 0.245883, -0.128203, 0.124994, 0.145291, -0.84016, -0.522515, -0.002831, -0.236189, 0.483397, -0.842936, -1.2e-05, 0.0, 0.0, 0.0, 1.0],
                [0.981499, 0.147852, -0.121653, 0.124994, 0.115346, -0.96373, -0.240665, -0.002831, -0.152824, 0.22218, -0.962954, -1.2e-05, 0.0, 0.0, 0.0, 1.0],
                [0.994157, 0.0839, -0.067923, 0.124994, 0.090802, -0.990223, 0.105892, -0.002831, -0.058374, -0.111441, -0.992055, -1.2e-05, 0.0, 0.0, 0.0, 1.0],
                [0.997273, 0.073488, 0.00667, 0.124994, 0.061191, -0.87412, 0.48184, -0.002831, 0.04124, -0.480118, -0.876234, -1.2e-05, 0.0, 0.0, 0.0, 1.0],
                [0.990929, 0.121102, 0.058265, 0.124994, 0.020841, -0.56679, 0.823599, -0.002831, 0.132763, -0.814913, -0.564172, -1.2e-05, 0.0, 0.0, 0.0, 1.0],
                [0.979352, 0.193545, 0.058383, 0.124994, -0.011, -0.237347, 0.971362, -0.002831, 0.201859, -0.951949, -0.230318, -1.2e-05, 0.0, 0.0, 0.0, 1.0],
                [0.966539, 0.254372, 0.033137, 0.124994, -0.029735, -0.017209, 0.999409, -0.002831, 0.254792, -0.966953, -0.00907, -1.2e-05, 0.0, 0.0, 0.0, 1.0],
                [0.954847, 0.293807, 0.044102, 0.124994, -0.034288, -0.038472, 0.998671, -0.002831, 0.295113, -0.95509, -0.026661, -1.2e-05, 0.0, 0.0, 0.0, 1.0],
                [0.943082, 0.325767, 0.066866, 0.124994, -0.025327, -0.130126, 0.991174, -0.002831, 0.331593, -0.936452, -0.114469, -1.2e-05, 0.0, 0.0, 0.0, 1.0],
                [0.931226, 0.338554, 0.134902, 0.124994, -0.010719, -0.344556, 0.938704, -0.002831, 0.364283, -0.875592, -0.317231, -1.2e-05, 0.0, 0.0, 0.0, 1.0],
                [0.927382, 0.171056, 0.33272, 0.124994, -0.007268, -0.880945, 0.473163, -0.002831, 0.374045, -0.441221, -0.815729, -1.2e-05, 0.0, 0.0, 0.0, 1.0],
                [0.925231, 0.131545, 0.355871, 0.124994, -0.004032, -0.934509, 0.355916, -0.002831, 0.379383, -0.330739, -0.864107, -1.2e-05, 0.0, 0.0, 0.0, 1.0]
            ]
        },
        {
            "name": "Leg_R",
            "time": [0.0, 0.0167, 0.0333, 0.05, 0.0667, 0.0833, 0.1, 0.1167, 0.1333, 0.15, 0.1667, 0.1833, 0.2, 0.2167, 0.2333, 0.25, 0.2667, 0.2833, 0.3, 0.3167, 0.3333, 0.35, 0.3667, 0.3833, 0.4, 0.4167, 0.4333, 0.45, 0.4667, 0.4833, 0.5],
            "transform": [
                [1.0, -1.6e-05, -0.000115, 0.0, 1.6e-05, 1.0, 0.000437, 0.374721, 0.000115, -0.000437, 1.0, -0.0, 0.0, 0.0, 0.0, 1.0],
                [1.0, -1.6e-05, -0.000115, -0.0, 1.6e-05, 1.0, 0.000436, 0.374721, 0.000115, -0.000436, 1.0, -0.0, 0.0, 0.0, 0.0, 1.0],
                [0.999587, -0.02639, -0.011372, 0.0, 0.026473, 0.691747, 0.721655, 0.374721, -0.011178, -0.721658, 0.69216, 0.0, 0.0, 0.0, 0.0, 1.0],
                [0.999117, -0.034358, -0.024192, -0.0, 0.034466, 0.340705, 0.939538, 0.374721, -0.024038, -0.939542, 0.341589, 0.0, 0.0, 0.0, 0.0, 1.0],
                [0.999061, -0.034874, -0.025719, -0.0, 0.034984, 0.298896, 0.953644, 0.374721, -0.02557, -0.953648, 0.299836, 0.0, 0.0, 0.0, 0.0, 1.0],
                [0.999211, -0.033313, -0.02162, 0.0, 0.033418, 0.411146, 0.910957, 0.374721, -0.021458, -0.910961, 0.411935, 0.0, 0.0, 0.0, 0.0, 1.0],
                [0.999497, -0.028541, -0.013827, 0.0, 0.028631, 0.624528, 0.780478, 0.374721, -0.01364, -0.780481, 0.625031, 0.0, 0.0, 0.0, 0.0, 1.0],
                [0.999937, -0.011032, -0.001819, 0.0, 0.011066, 0.953348, 0.301669, 0.374721, -0.001594, -0.30167, 0.953411, 0.0, 0.0, 0.0, 0.0, 1.0],
                [1.0, -1.6e-05, -0.000115, -0.0, 1.6e-05, 1.0, 0.000436, 0.374721, 0.000115, -0.000436, 1.0, 0.0, 0.0, 0.0, 0.0, 1.0],
                [1.0, -1.6e-05, -0.000115, -0.0, 1.6e-05, 1.0, 0.000438, 0.374721, 0.000115, -0.000438, 1.0, -0.0, 0.0, 0.0, 0.0, 1.0],
                [1.0, -1.6e-05, -0.000115, -0.0, 1.6e-05, 1.0, 0.000437, 0.374721, 0.000115, -0.000437, 1.0, 0.0, 0.0, 0.0, 0.0, 1.0],
                [0.999955, -0.009403, -0.001345, -0.0, 0.009433, 0.96633, 0.257133, 0.374721, -0.001118, -0.257134, 0.966375, 0.0, 0.0, 0.0, 0.0, 1.0],
                [0.999383, -0.030768, -0.016929, 0.0, 0.030865, 0.539582, 0.841367, 0.374721, -0.016752, -0.84137, 0.540199, 0.0, 0.0, 0.0, 0.0, 1.0],
                [0.999137, -0.034149, -0.023632, -0.0, 0.034257, 0.356058, 0.933836, 0.374721, -0.023476, -0.93384, 0.35692, 0.0, 0.0, 0.0, 0.0, 1.0],
                [0.99901, -0.035276, -0.027097, 0.0, 0.035387, 0.261173, 0.964643, 0.374721, -0.026952, -0.964648, 0.262162, 0.0, 0.0, 0.0, 0.0, 1.0],
                [0.99895, -0.035676, -0.028722, 0.0, 0.035789, 0.216679, 0.975587, 0.374721, -0.028582, -0.975591, 0.217728, 0.0, 0.0, 0.0, 0.0, 1.0],
                [0.998921, -0.035844, -0.02952, 0.0, 0.035957, 0.194833, 0.980177, 0.374721, -0.029382, -0.980182, 0.195912, 0.0, 0.0, 0.0, 0.0, 1.0],
                [0.998866, -0.036109, -0.031014, -0.0, 0.036223, 0.153918, 0.98742, 0.374721, -0.030881, -0.987423, 0.155052, -0.0, 0.0, 0.0, 0.0, 1.0],
                [0.998759, -0.036444, -0.033935, -0.0, 0.036559, 0.073935, 0.996592, 0.374721, -0.033811, -0.996597, 0.075176, -0.0, 0.0, 0.0, 0.0, 1.0],
                [0.998594, -0.0365, -0.038441, -0.0, 0.036615, -0.049467, 0.998105, 0.374721, -0.038332, -0.998109, -0.048061, -0.0, 0.0, 0.0, 0.0, 1.0],
                [0.998361, -0.035623, -0.044784, -0.0, 0.035735, -0.223152, 0.974128, 0.374721, -0.044695, -0.974133, -0.221513, 0.0, 0.0, 0.0, 0.0, 1.0],
                [0.998138, -0.033646, -0.050888, -0.0, 0.033752, -0.390278, 0.920079, 0.374721, -0.050818, -0.920082, -0.388415, -0.0, 0.0, 0.0, 0.0, 1.0],
                [0.997968, -0.031282, -0.055515, -0.0, 0.03138, -0.516988, 0.855417, 0.374721, -0.05546, -0.855421, -0.514955, 0.0, 0.0, 0.0, 0.0, 1.0],
                [0.997902, -0.030133, -0.057297, 0.0, 0.030228, -0.565771, 0.824008, 0.374721, -0.057247, -0.824012, -0.563674, 0.0, 0.0, 0.0, 0.0, 1.0],
                [0.998034, -0.032301, -0.053715, 0.0, 0.032403, -0.467684, 0.883302, 0.374721, -0.053653, -0.883306, -0.465717, 0.0, 0.0, 0.0, 0.0, 1.0],
                [0.998453, -0.036102, -0.042298, 0.0, 0.036216, -0.155067, 0.98724, 0.374721, -0.042201, -0.987244, -0.15352, -0.0, 0.0, 0.0, 0.0, 1.0],
                [0.999216, -0.033257, -0.021496, 0.0, 0.033361, 0.414533, 0.909423, 0.374721, -0.021333, -0.909426, 0.415317, 0.0, 0.0, 0.0, 0.0, 1.0],
                [0.999583, -0.026502, -0.01149, -0.0, 0.026585, 0.688539, 0.724712, 0.374721, -0.011295, -0.724715, 0.688956, -0.0, 0.0, 0.0, 0.0, 1.0],
                [0.999641, -0.024894, -0.009899, 0.0, 0.024973, 0.732091, 0.680749, 0.374721, -0.0097, -0.680752, 0.73245, -0.0, 0.0, 0.0, 0.0, 1.0],
                [1.0, -1.6e-05, -0.000115, 0.0, 1.6e-05, 1.0, 0.000436, 0.374721, 0.000115, -0.000436, 1.0, -0.0, 0.0, 0.0, 0.0, 1.0],
                [1.0, -1.6e-05, -0.000115, 0.0, 1.6e-05, 1.0, 0.000437, 0.374721, 0.000115, -0.000437, 1.0, -0.0, 0.0, 0.0, 0.0, 1.0]
            ]
        },
        {
            "name": "Knee_R",
            "time": [0.0, 0.0167, 0.0333, 0.05, 0.0667, 0.0833, 0.1, 0.1167, 0.1333, 0.15, 0.1667, 0.1833, 0.2, 0.2167, 0.2333, 0.25, 0.2667, 0.2833, 0.3, 0.3167, 0.3333, 0.35, 0.3667, 0.3833, 0.4, 0.4167, 0.4333, 0.45, 0.4667, 0.4833, 0.5],
            "transform": [
                [1.0, -5.7e-05, 5.7e-05, 0.0, 5.7e-05, 0.001565, -0.999999, 0.374721, 5.7e-05, 0.999999, 0.001565, -0.0, 0.0, 0.0, 0.0, 1.0],
                [1.0, -5.7e-05, 5.7e-05, 0.0, 5.7e-05, 0.001565, -0.999999, 0.374721, 5.7e-05, 0.999999, 0.001565, -0.0, 0.0, 0.0, 0.0, 1.0],
                [1.0, -5.7e-05, 5.7e-05, -1e-06, 5.7e-05, 0.001565, -0.999999, 0.398744, 5.7e-05, 0.999999, 0.001565, -3.8e-05, 0.0, 0.0, 0.0, 1.0],
                [1.0, -5.7e-05, 5.7e-05, -3e-06, 5.7e-05, 0.001565, -0.999999, 0.434482, 5.7e-05, 0.999999, 0.001565, -9.3e-05, 0.0, 0.0, 0.0, 1.0],
                [1.0, -5.7e-05, 5.7e-05, -4e-06, 5.7e-05, 0.001565, -0.999999, 0.438271, 5.7e-05, 0.999999, 0.001565, -9.9e-05, 0.0, 0.0, 0.0, 1.0],
                [1.0, -5.7e-05, 5.7e-05, -3e-06, 5.7e-05, 0.001565, -0.999999, 0.427953, 5.7e-05, 0.999999, 0.001565, -8.3e-05, 0.0, 0.0, 0.0, 1.0],
                [1.0, -5.7e-05, 5.7e-05, -2e-06, 5.7e-05, 0.001565, -0.999999, 0.406418, 5.7e-05, 0.999999, 0.001565, -5e-05, 0.0, 0.0, 0.0, 1.0],
                [1.0, -5.7e-05, 5.7e-05, 0.0, 5.7e-05, 0.001565, -0.999999, 0.374721, 5.7e-05, 0.999999, 0.001565, 0.0, 0.0, 0.0, 0.0, 1.0],
                [1.0, -5.7e-05, 5.7e-05, -0.0, 5.7e-05, 0.001565, -0.999999, 0.374721, 5.7e-05, 0.999999, 0.001565, 0.0, 0.0, 0.0, 0.0, 1.0],
                [1.0, -5.7e-05, 5.7e-05, -0.0, 5.7e-05, 0.001565, -0.999999, 0.374721, 5.7e-05, 0.999999, 0.001565, -0.0, 0.0, 0.0, 0.0, 1.0],
                [1.0, -5.7e-05, 5.7e-05, -0.0, 5.7e-05, 0.001565, -0.999999, 0.374721, 5.7e-05, 0.999999, 0.001565, -0.0, 0.0, 0.0, 0.0, 1.0],
                [1.0, -5.7e-05, 5.7e-05, 0.0, 5.7e-05, 0.001565, -0.999999, 0.374721, 5.7e-05, 0.999999, 0.001565, -0.0, 0.0, 0.0, 0.0, 1.0],
                [1.0, -5.7e-05, 5.7e-05, -2e-06, 5.7e-05, 0.001565, -0.999999, 0.415398, 5.7e-05, 0.999999, 0.001565, -6.3e-05, 0.0, 0.0, 0.0, 1.0],
                [1.0, -5.7e-05, 5.7e-05, -3e-06, 5.7e-05, 0.001565, -0.999999, 0.433076, 5.7e-05, 0.999999, 0.001565, -9.1e-05, 0.0, 0.0, 0.0, 1.0],
                [1.0, -5.7e-05, 5.7e-05, -4e-06, 5.7e-05, 0.001565, -0.999999, 0.441645, 5.7e-05, 0.999999, 0.001565, -0.000105, 0.0, 0.0, 0.0, 1.0],
                [1.0, -5.7e-05, 5.7e-05, -4e-06, 5.7e-05, 0.001565, -0.999999, 0.44558, 5.7e-05, 0.999999, 0.001565, -0.000111, 0.0, 0.0, 0.0, 1.0],
                [1.0, -5.7e-05, 5.7e-05, -4e-06, 5.7e-05, 0.001565, -0.999999, 0.447497, 5.7e-05, 0.999999, 0.001565, -0.000114, 0.0, 0.0, 0.0, 1.0],
                [1.0, -5.7e-05, 5.7e-05, -4e-06, 5.7e-05, 0.001565, -0.999999, 0.451065, 5.7e-05, 0.999999, 0.001565, -0.00012, 0.0, 0.0, 0.0, 1.0],
                [1.0, -5.7e-05, 5.7e-05, -5e-06, 5.7e-05, 0.001565, -0.999999, 0.457981, 5.7e-05, 0.999999, 0.001565, -0.00013, 0.0, 0.0, 0.0, 1.0],
                [1.0, -5.7e-05, 5.7e-05, -5e-06, 5.7e-05, 0.001565, -0.999999, 0.46472, 5.7e-05, 0.999998, 0.001565, -0.000141, 0.0, 0.0, 0.0, 1.0],
                [1.0, -5.7e-05, 5.7e-05, -5e-06, 5.7e-05, 0.001565, -0.999999, 0.46472, 5.7e-05, 0.999999, 0.001565, -0.000141, 0.0, 0.0, 0.0, 1.0],
                [1.0, -5.7e-05, 5.7e-05, -5e-06, 5.7e-05, 0.001565, -0.999999, 0.46472, 5.7e-05, 0.999999, 0.001565, -0.000141, 0.0, 0.0, 0.0, 1.0],
                [1.0, -5.7e-05, 5.7e-05, -5e-06, 5.7e-05, 0.001565, -0.999999, 0.46472, 5.7e-05, 0.999999, 0.001565, -0.000141, 0.0, 0.0, 0.0, 1.0],
                [1.0, -5.7e-05, 5.7e-05, -5e-06, 5.7e-05, 0.001565, -0.999999, 0.46472, 5.7e-05, 0.999999, 0.001565, -0.000141, 0.0, 0.0, 0.0, 1.0],
                [1.0, -5.7e-05, 5.7e-05, -5e-06, 5.7e-05, 0.001565, -0.999999, 0.46472, 5.7e-05, 0.999999, 0.001565, -0.000141, 0.0, 0.0, 0.0, 1.0],
                [1.0, -5.7e-05, 5.7e-05, -5e-06, 5.7e-05, 0.001565, -0.999999, 0.46472, 5.7e-05, 0.999999, 0.001565, -0.000141, 0.0, 0.0, 0.0, 1.0],
                [1.0, -5.7e-05, 5.7e-05, -3e-06, 5.7e-05, 0.001565, -0.999999, 0.427634, 5.7e-05, 0.999999, 0.001565, -8.3e-05, 0.0, 0.0, 0.0, 1.0],
                [1.0, -5.7e-05, 5.7e-05, -1e-06, 5.7e-05, 0.001565, -0.999999, 0.399125, 5.7e-05, 0.999999, 0.001565, -3.8e-05, 0.0, 0.0, 0.0, 1.0],
                [1.0, -5.7e-05, 5.7e-05, -1e-06, 5.7e-05, 0.001565, -0.999999, 0.393809, 5.7e-05, 0.999999, 0.001565, -3e-05, 0.0, 0.0, 0.0, 1.0],
                [1.0, -5.7e-05, 5.7e-05, 0.0, 5.7e-05, 0.001565, -0.999999, 0.374721, 5.7e-05, 0.999999, 0.001565, -0.0, 0.0, 0.0, 0.0, 1.0],
                [1.0, -5.7e-05, 5.7e-05, 0.0, 5.7e-05, 0.001565, -0.999999, 0.374721, 5.7e-05, 0.999999, 0.001565, -0.0, 0.0, 0.0, 0.0, 1.0]
            ]
        },
        {
            "name": "Thigh_L",
            "time": [0.0, 0.0167, 0.0333, 0.05, 0.0667, 0.0833, 0.1, 0.1167, 0.1333, 0.15, 0.1667, 0.1833, 0.2, 0.2167, 0.2333, 0.25, 0.2667, 0.2833, 0.3, 0.3167, 0.3333, 0.35, 0.3667, 0.3833, 0.4, 0.4167, 0.4333, 0.45, 0.4667, 0.4833, 0.5],
            "transform": [
                [0.933476, -0.239793, 0.266689, -0.125006, -0.002907, -0.748645, -0.662965, -0.002831, 0.35863, 0.618086, -0.699539, -1.2e-05, 0.0, 0.0, 0.0, 1.0],
                [0.936297, -0.215451, 0.27736, -0.125006, -0.000343, -0.79029, -0.612732, -0.002831, 0.351208, 0.573604, -0.740021, -1.2e-05, 0.0, 0.0, 0.0, 1.0],
                [0.944196, -0.156075, 0.29006, -0.125006, 0.003584, -0.875691, -0.482857, -0.002831, 0.329366, 0.456951, -0.826265, -1.2e-05, 0.0, 0.0, 0.0, 1.0],
                [0.955981, -0.097917, 0.276608, -0.125006, 0.007877, -0.933775, -0.357774, -0.002831, 0.293322, 0.344204, -0.8919, -1.2e-05, 0.0, 0.0, 0.0, 1.0],
                [0.969921, -0.021602, 0.242461, -0.125006, 0.013985, -0.989464, -0.144102, -0.002831, 0.243019, 0.143158, -0.9594, -1.2e-05, 0.0, 0.0, 0.0, 1.0],
                [0.983528, 0.065631, 0.168419, -0.125006, 0.021954, -0.968229, 0.2491, -0.002831, 0.179417, -0.2413, -0.953721, -1.2e-05, 0.0, 0.0, 0.0, 1.0],
                [0.99382, 0.084104, 0.072438, -0.125006, 0.028647, -0.824835, 0.564647, -0.002831, 0.107239, -0.559083, -0.822147, -1.2e-05, 0.0, 0.0, 0.0, 1.0],
                [0.999039, 0.04382, 0.001363, -0.125006, 0.030694, -0.721304, 0.691938, -0.002831, 0.031304, -0.691231, -0.721956, -1.2e-05, 0.0, 0.0, 0.0, 1.0],
                [0.998498, -0.014411, -0.052866, -0.125006, 0.02935, -0.674061, 0.738092, -0.002831, -0.046272, -0.738535, -0.672625, -1.2e-05, 0.0, 0.0, 0.0, 1.0],
                [0.992085, -0.082024, -0.095081, -0.125006, 0.027439, -0.59728, 0.801563, -0.002831, -0.122537, -0.797827, -0.590302, -1.2e-05, 0.0, 0.0, 0.0, 1.0],
                [0.980728, -0.161974, -0.109261, -0.125006, 0.026514, -0.443717, 0.895775, -0.002831, -0.193573, -0.881408, -0.430871, -1.2e-05, 0.0, 0.0, 0.0, 1.0],
                [0.966415, -0.226619, -0.121187, -0.125006, 0.027185, -0.37877, 0.925091, -0.002831, -0.255546, -0.897316, -0.359889, -1.2e-05, 0.0, 0.0, 0.0, 1.0],
                [0.951881, -0.26577, -0.152605, -0.125006, 0.026621, -0.424363, 0.905101, -0.002831, -0.305308, -0.865611, -0.396869, -1.2e-05, 0.0, 0.0, 0.0, 1.0],
                [0.939862, -0.254211, -0.228112, -0.125006, 0.020307, -0.625096, 0.780284, -0.002831, -0.340948, -0.737991, -0.582342, -1.2e-05, 0.0, 0.0, 0.0, 1.0],
                [0.931983, -0.16853, -0.320944, -0.125006, 0.01316, -0.869046, 0.494556, -0.002831, -0.362263, -0.465141, -0.807718, -1.2e-05, 0.0, 0.0, 0.0, 1.0],
                [0.929244, -0.147243, -0.338858, -0.125006, 0.010909, -0.905821, 0.42352, -0.002831, -0.369305, -0.39725, -0.840122, -1.2e-05, 0.0, 0.0, 0.0, 1.0],
                [0.932157, -0.148646, -0.330132, -0.125006, 0.011803, -0.898871, 0.438053, -0.002831, -0.361861, -0.412231, -0.836135, -1.2e-05, 0.0, 0.0, 0.0, 1.0],
                [0.940435, -0.256638, -0.222975, -0.125006, 0.013985, -0.626106, 0.779612, -0.002831, -0.339684, -0.736293, -0.585224, -1.2e-05, 0.0, 0.0, 0.0, 1.0],
                [0.952763, -0.248083, -0.175205, -0.125006, 0.016214, -0.534505, 0.84501, -0.002831, -0.30328, -0.807935, -0.505234, -1.2e-05, 0.0, 0.0, 0.0, 1.0],
                [0.967163, -0.193386, -0.164919, -0.125006, 0.017457, -0.596805, 0.802196, -0.002831, -0.253558, -0.778733, -0.573832, -1.2e-05, 0.0, 0.0, 0.0, 1.0],
                [0.981298, -0.105417, -0.161064, -0.125006, 0.017735, -0.783648, 0.620952, -0.002831, -0.191676, -0.612195, -0.767123, -1.2e-05, 0.0, 0.0, 0.0, 1.0],
                [0.992663, -0.027226, -0.117811, -0.125006, 0.018105, -0.92987, 0.367442, -0.002831, -0.119553, -0.366879, -0.922555, -1.2e-05, 0.0, 0.0, 0.0, 1.0],
                [0.998999, 0.011646, -0.0432, -0.125006, 0.018431, -0.98692, 0.160155, -0.002831, -0.040769, -0.160791, -0.986146, -1.2e-05, 0.0, 0.0, 0.0, 1.0],
                [0.999044, 0.015883, 0.040735, -0.125006, 0.017777, -0.998757, -0.046565, -0.002831, 0.039945, 0.047244, -0.998084, -1.2e-05, 0.0, 0.0, 0.0, 1.0],
                [0.992936, -0.033065, 0.113951, -0.125006, 0.015366, -0.916466, -0.399818, -0.002831, 0.117652, 0.398744, -0.909484, -1.2e-05, 0.0, 0.0, 0.0, 1.0],
                [0.982121, -0.092472, 0.163976, -0.125006, 0.012125, -0.838159, -0.545291, -0.002831, 0.187862, 0.53753, -0.822052, -1.2e-05, 0.0, 0.0, 0.0, 1.0],
                [0.968794, -0.177607, 0.172901, -0.125006, 0.008638, -0.672935, -0.739651, -0.002831, 0.247718, 0.718062, -0.650401, -1.2e-05, 0.0, 0.0, 0.0, 1.0],
                [0.95524, -0.182787, 0.232607, -0.125006, 0.004916, -0.776362, -0.630268, -0.002831, 0.295792, 0.6032, -0.740713, -1.2e-05, 0.0, 0.0, 0.0, 1.0],
                [0.943797, -0.190931, 0.2698, -0.125006, 0.001712, -0.813442, -0.581644, -0.002831, 0.330521, 0.549416, -0.767397, -1.2e-05, 0.0, 0.0, 0.0, 1.0],
                [0.936194, -0.220846, 0.273439, -0.125006, -0.001168, -0.779904, -0.625898, -0.002831, 0.351483, 0.585642, -0.7304, -1.2e-05, 0.0, 0.0, 0.0, 1.0],
                [0.933476, -0.239793, 0.266689, -0.125006, -0.002907, -0.748645, -0.662965, -0.002831, 0.35863, 0.618086, -0.699539, -1.2e-05, 0.0, 0.0, 0.0, 1.0]
            ]
        },
        {
            "name": "Leg_L",
            "time": [0.0, 0.0167, 0.0333, 0.05, 0.0667, 0.0833, 0.1, 0.1167, 0.1333, 0.15, 0.1667, 0.1833, 0.2, 0.2167, 0.2333, 0.25, 0.2667, 0.2833, 0.3, 0.3167, 0.3333, 0.35, 0.3667, 0.3833, 0.4, 0.4167, 0.4333, 0.45, 0.4667, 0.4833, 0.5],
            "transform": [
                [1.0, 7.6e-05, 8.1e-05, -0.0, -7.7e-05, -0.046465, 0.99892, 0.374721, 8e-05, -0.99892, -0.046465, 0.0, 0.0, 0.0, 0.0, 1.0],
                [1.0, 7.6e-05, 8e-05, -0.0, -7.7e-05, -0.038172, 0.999272, 0.374721, 7.9e-05, -0.999271, -0.038172, 0.0, 0.0, 0.0, 0.0, 1.0],
                [1.0, 7.6e-05, 7.7e-05, 0.0, -7.7e-05, -0.000125, 1.0, 0.374721, 7.6e-05, -1.0, -0.000125, 0.0, 0.0, 0.0, 0.0, 1.0],
                [1.0, 7.6e-05, 7.4e-05, -0.0, -7.7e-05, 0.035241, 0.999379, 0.374721, 7.3e-05, -0.999379, 0.035241, -0.0, 0.0, 0.0, 0.0, 1.0],
                [1.0, 7.6e-05, 8.4e-05, 0.0, -7.7e-05, -0.094237, 0.99555, 0.374721, 8.3e-05, -0.99555, -0.094237, -0.0, 0.0, 0.0, 0.0, 1.0],
                [1.0, 7.2e-05, 0.000103, 0.0, -7.2e-05, -0.338867, 0.940835, 0.374721, 0.000102, -0.940835, -0.338867, -0.0, 0.0, 0.0, 0.0, 1.0],
                [1.0, 6.9e-05, 0.000108, 0.0, -7e-05, -0.412978, 0.910741, 0.374721, 0.000108, -0.910741, -0.412979, 0.0, 0.0, 0.0, 0.0, 1.0],
                [1.0, 7.2e-05, 0.000101, -0.0, -7.3e-05, -0.317253, 0.948341, 0.374721, 0.000101, -0.948341, -0.317253, -0.0, 0.0, 0.0, 0.0, 1.0],
                [1.0, 7.5e-05, 8.8e-05, -0.0, -7.6e-05, -0.149955, 0.988693, 0.374721, 8.8e-05, -0.988693, -0.149955, 0.0, 0.0, 0.0, 0.0, 1.0],
                [1.0, 7.6e-05, 7.7e-05, 0.0, -7.7e-05, -0.001241, 1.0, 0.374721, 7.6e-05, -0.999999, -0.001241, 0.0, 0.0, 0.0, 0.0, 1.0],
                [1.0, 7.5e-05, 6.2e-05, -0.0, -7.5e-05, 0.19793, 0.980216, 0.374721, 6.1e-05, -0.980216, 0.19793, 0.0, 0.0, 0.0, 0.0, 1.0],
                [1.0, 6.2e-05, 3.3e-05, -0.0, -6.3e-05, 0.582746, 0.812654, 0.374721, 3.1e-05, -0.812654, 0.582746, 0.0, 0.0, 0.0, 0.0, 1.0],
                [1.0, 4.7e-05, 1.7e-05, 0.0, -4.8e-05, 0.786494, 0.617599, 0.374721, 1.6e-05, -0.617599, 0.786493, 0.0, 0.0, 0.0, 0.0, 1.0],
                [1.0, 2.9e-05, 7e-06, -0.0, -2.9e-05, 0.924033, 0.382312, 0.374721, 5e-06, -0.382312, 0.924033, 0.0, 0.0, 0.0, 0.0, 1.0],
                [1.0, 0.0, 1e-06, 0.0, -0.0, 1.0, 0.000404, 0.374721, -1e-06, -0.000404, 1.0, -0.0, 0.0, 0.0, 0.0, 1.0],
                [1.0, 0.0, 1e-06, -0.0, -0.0, 1.0, 0.000405, 0.374721, -1e-06, -0.000405, 1.0, -0.0, 0.0, 0.0, 0.0, 1.0],
                [1.0, 0.0, 1e-06, -0.0, -0.0, 1.0, 0.000403, 0.374721, -1e-06, -0.000403, 1.0, -0.0, 0.0, 0.0, 0.0, 1.0],
                [1.0, 5.4e-05, 2.3e-05, 0.0, -5.4e-05, 0.710248, 0.703951, 0.374721, 2.2e-05, -0.703951, 0.710248, 0.0, 0.0, 0.0, 0.0, 1.0],
                [1.0, 6.4e-05, 3.5e-05, -0.0, -6.4e-05, 0.551025, 0.834489, 0.374721, 3.4e-05, -0.834489, 0.551025, 0.0, 0.0, 0.0, 0.0, 1.0],
                [1.0, 6.7e-05, 4e-05, -0.0, -6.7e-05, 0.484249, 0.87493, 0.374721, 3.9e-05, -0.87493, 0.484249, -0.0, 0.0, 0.0, 0.0, 1.0],
                [1.0, 6.6e-05, 3.8e-05, 0.0, -6.6e-05, 0.504706, 0.863292, 0.374721, 3.7e-05, -0.863291, 0.504705, -0.0, 0.0, 0.0, 0.0, 1.0],
                [1.0, 5.8e-05, 2.8e-05, -0.0, -5.9e-05, 0.643054, 0.765821, 0.374721, 2.7e-05, -0.765821, 0.643054, 0.0, 0.0, 0.0, 0.0, 1.0],
                [1.0, 5e-05, 1.9e-05, 0.0, -5e-05, 0.757233, 0.653145, 0.374721, 1.8e-05, -0.653145, 0.757233, -0.0, 0.0, 0.0, 0.0, 1.0],
                [1.0, 3.8e-05, 1.1e-05, 0.0, -3.8e-05, 0.867248, 0.497878, 0.374721, 9e-06, -0.497878, 0.867247, 0.0, 0.0, 0.0, 0.0, 1.0],
                [1.0, 0.0, 1e-06, 0.0, -0.0, 1.0, 0.000403, 0.374721, -1e-06, -0.000403, 1.0, -0.0, 0.0, 0.0, 0.0, 1.0],
                [1.0, 0.0, 1e-06, 0.0, -0.0, 1.0, 0.000404, 0.374721, -1e-06, -0.000404, 1.0, 0.0, 0.0, 0.0, 0.0, 1.0],
                [1.0, 0.0, 1e-06, 0.0, -0.0, 1.0, 0.000403, 0.374721, -1e-06, -0.000403, 1.0, -0.0, 0.0, 0.0, 0.0, 1.0],
                [1.0, 5e-05, 1.9e-05, -0.0, -5e-05, 0.757954, 0.652309, 0.374721, 1.8e-05, -0.652308, 0.757954, 0.0, 0.0, 0.0, 0.0, 1.0],
                [1.0, 7.1e-05, 4.9e-05, 0.0, -7.2e-05, 0.364654, 0.931143, 0.374721, 4.8e-05, -0.931143, 0.364654, 0.0, 0.0, 0.0, 0.0, 1.0],
                [1.0, 7.6e-05, 7.3e-05, -0.0, -7.7e-05, 0.046307, 0.998928, 0.374721, 7.3e-05, -0.998927, 0.046307, 0.0, 0.0, 0.0, 0.0, 1.0],
                [1.0, 7.6e-05, 8.1e-05, -0.0, -7.7e-05, -0.046465, 0.99892, 0.374721, 8e-05, -0.99892, -0.046465, 0.0, 0.0, 0.0, 0.0, 1.0]
            ]
        },
        {
            "name": "Knee_L",
            "time": [0.0, 0.0167, 0.0333, 0.05, 0.0667, 0.0833, 0.1, 0.1167, 0.1333, 0.15, 0.1667, 0.1833, 0.2, 0.2167, 0.2333, 0.25, 0.2667, 0.2833, 0.3, 0.3167, 0.3333, 0.35, 0.3667, 0.3833, 0.4, 0.4167, 0.4333, 0.45, 0.4667, 0.4833, 0.5],
            "transform": [
                [1.0, 0.0, -0.0, 0.0, -0.0, 0.001565, -0.999999, 0.464721, -0.0, 0.999999, 0.001565, -0.000141, 0.0, 0.0, 0.0, 1.0],
                [1.0, 0.0, -0.0, 0.0, -0.0, 0.001565, -0.999999, 0.464721, -0.0, 0.999999, 0.001565, -0.000141, 0.0, 0.0, 0.0, 1.0],
                [1.0, 0.0, -0.0, 0.0, -0.0, 0.001565, -0.999999, 0.464462, -0.0, 0.999999, 0.001565, -0.00014, 0.0, 0.0, 0.0, 1.0],
                [1.0, 0.0, -0.0, 0.0, -0.0, 0.001565, -0.999999, 0.461422, -0.0, 0.999999, 0.001565, -0.000136, 0.0, 0.0, 0.0, 1.0],
                [1.0, 0.0, -0.0, 0.0, -0.0, 0.001565, -0.999999, 0.464721, -0.0, 0.999999, 0.001565, -0.000141, 0.0, 0.0, 0.0, 1.0],
                [1.0, 0.0, -0.0, 0.0, -0.0, 0.001565, -0.999999, 0.464721, -0.0, 0.999999, 0.001565, -0.000141, 0.0, 0.0, 0.0, 1.0],
                [1.0, 0.0, -0.0, 0.0, -0.0, 0.001565, -0.999999, 0.46472, -0.0, 0.999999, 0.001565, -0.000141, 0.0, 0.0, 0.0, 1.0],
                [1.0, 0.0, -0.0, 0.0, -0.0, 0.001565, -0.999999, 0.464721, -0.0, 0.999999, 0.001565, -0.000141, 0.0, 0.0, 0.0, 1.0],
                [1.0, 0.0, -0.0, 0.0, -0.0, 0.001565, -0.999999, 0.464721, -0.0, 0.999999, 0.001564, -0.000141, 0.0, 0.0, 0.0, 1.0],
                [1.0, 0.0, -0.0, 0.0, -0.0, 0.001565, -0.999999, 0.464558, -0.0, 0.999999, 0.001565, -0.000141, 0.0, 0.0, 0.0, 1.0],
                [1.0, 0.0, -0.0, 0.0, -0.0, 0.001565, -0.999999, 0.447328, -0.0, 0.999999, 0.001565, -0.000114, 0.0, 0.0, 0.0, 1.0],
                [1.0, 0.0, -0.0, 0.0, -0.0, 0.001565, -0.999999, 0.410986, -0.0, 0.999999, 0.001565, -5.7e-05, 0.0, 0.0, 0.0, 1.0],
                [1.0, 0.0, -0.0, 0.0, -0.0, 0.001565, -0.999999, 0.386663, -0.0, 0.999999, 0.001565, -1.9e-05, 0.0, 0.0, 0.0, 1.0],
                [1.0, 0.0, -0.0, -0.0, -0.0, 0.001565, -0.999999, 0.374721, -0.0, 0.999999, 0.001565, -0.0, 0.0, 0.0, 0.0, 1.0],
                [1.0, 0.0, -0.0, 0.0, -0.0, 0.001565, -0.999999, 0.374721, -0.0, 0.999999, 0.001565, -0.0, 0.0, 0.0, 0.0, 1.0],
                [1.0, 0.0, -0.0, -0.0, -0.0, 0.001565, -0.999999, 0.374721, -0.0, 0.999999, 0.001565, 0.0, 0.0, 0.0, 0.0, 1.0],
                [1.0, 0.0, -0.0, -0.0, -0.0, 0.001565, -0.999999, 0.374721, -0.0, 0.999999, 0.001565, -0.0, 0.0, 0.0, 0.0, 1.0],
                [1.0, 0.0, -0.0, 0.0, -0.0, 0.001565, -0.999999, 0.396569, -0.0, 0.999999, 0.001565, -3.4e-05, 0.0, 0.0, 0.0, 1.0],
                [1.0, 0.0, -0.0, -0.0, -0.0, 0.001565, -0.999999, 0.414296, -0.0, 0.999999, 0.001565, -6.2e-05, 0.0, 0.0, 0.0, 1.0],
                [1.0, 0.0, -0.0, 0.0, -0.0, 0.001565, -0.999999, 0.421007, -0.0, 0.999999, 0.001564, -7.2e-05, 0.0, 0.0, 0.0, 1.0],
                [1.0, 0.0, -0.0, 0.0, -0.0, 0.001565, -0.999999, 0.418984, -0.0, 0.999999, 0.001565, -6.9e-05, 0.0, 0.0, 0.0, 1.0],
                [1.0, 0.0, -0.0, -0.0, -0.0, 0.001565, -0.999999, 0.404422, -0.0, 0.999999, 0.001565, -4.6e-05, 0.0, 0.0, 0.0, 1.0],
                [1.0, 0.0, -0.0, -0.0, -0.0, 0.001565, -0.999999, 0.390621, -0.0, 0.999999, 0.001565, -2.5e-05, 0.0, 0.0, 0.0, 1.0],
                [1.0, 0.0, -0.0, 0.0, -0.0, 0.001565, -0.999999, 0.374721, -0.0, 0.999999, 0.001565, -0.0, 0.0, 0.0, 0.0, 1.0],
                [1.0, 0.0, -0.0, 0.0, -0.0, 0.001565, -0.999999, 0.374721, -0.0, 0.999999, 0.001565, 0.0, 0.0, 0.0, 0.0, 1.0],
                [1.0, 0.0, -0.0, 0.0, -0.0, 0.001565, -0.999999, 0.374721, -0.0, 0.999999, 0.001565, 0.0, 0.0, 0.0, 0.0, 1.0],
                [1.0, 0.0, -0.0, 0.0, -0.0, 0.001565, -0.999999, 0.374721, -0.0, 0.999999, 0.001564, -0.0, 0.0, 0.0, 0.0, 1.0],
                [1.0, 0.0, -0.0, 0.0, -0.0, 0.001565, -0.999999, 0.390526, -0.0, 0.999999, 0.001565, -2.5e-05, 0.0, 0.0, 0.0, 1.0],
                [1.0, 0.0, -0.0, 0.0, -0.0, 0.001565, -0.999999, 0.432372, -0.0, 0.999999, 0.001565, -9e-05, 0.0, 0.0, 0.0, 1.0],
                [1.0, 0.0, -0.0, 0.0, -0.0, 0.001565, -0.999999, 0.46047, -0.0, 0.999999, 0.001565, -0.000134, 0.0, 0.0, 0.0, 1.0],
                [1.0, 0.0, -0.0, 0.0, -0.0, 0.001565, -0.999999, 0.464721, -0.0, 0.999999, 0.001565, -0.000141, 0.0, 0.0, 0.0, 1.0]
            ]
        },
        {
            "name": "Torso",
            "time": [0.0, 0.0167, 0.0333, 0.05, 0.0667, 0.0833, 0.1, 0.1167, 0.1333, 0.15, 0.1667, 0.1833, 0.2, 0.2167, 0.2333, 0.25, 0.2667, 0.2833, 0.3, 0.3167, 0.3333, 0.35, 0.3667, 0.3833, 0.4, 0.4167, 0.4333, 0.45, 0.4667, 0.4833, 0.5],
            "transform": [
                [1.0, -0.0, 0.0, 0.0, 0.0, 0.941496, 0.337023, 0.05, -0.0, -0.337023, 0.941497, -0.0, 0.0, 0.0, 0.0, 1.0],
                [1.0, -0.0, 0.0, -0.0, 0.0, 0.940951, 0.338543, 0.05, -0.0, -0.338543, 0.940951, -0.0, 0.0, 0.0, 0.0, 1.0],
                [1.0, -0.0, 0.0, -0.0, 0.0, 0.939286, 0.343134, 0.05, -0.0, -0.343135, 0.939286, -0.0, 0.0, 0.0, 0.0, 1.0],
                [1.0, -0.0, 0.0, 0.0, 0.0, 0.936466, 0.350758, 0.05, -0.0, -0.350758, 0.936466, -0.0, 0.0, 0.0, 0.0, 1.0],
                [1.0, -0.0, 0.0, 0.0, 0.0, 0.932477, 0.361229, 0.05, -0.0, -0.361229, 0.932477, 0.0, 0.0, 0.0, 0.0, 1.0],
                [1.0, -0.0, 0.0, 0.0, 0.0, 0.927354, 0.374184, 0.05, -0.0, -0.374185, 0.927354, -0.0, 0.0, 0.0, 0.0, 1.0],
                [1.0, -0.0, 0.0, 0.0, 0.0, 0.921212, 0.389062, 0.05, -0.0, -0.389062, 0.921212, 0.0, 0.0, 0.0, 0.0, 1.0],
                [1.0, -0.0, 0.0, -0.0, 0.0, 0.914264, 0.405119, 0.05, -0.0, -0.405119, 0.914264, -0.0, 0.0, 0.0, 0.0, 1.0],
                [1.0, -0.0, 0.0, 0.0, 0.0, 0.906833, 0.421491, 0.05, -0.0, -0.421491, 0.906833, 0.0, 0.0, 0.0, 0.0, 1.0],
                [1.0, -0.0, 0.0, -0.0, 0.0, 0.89932, 0.437291, 0.05, -0.0, -0.437291, 0.89932, 0.0, 0.0, 0.0, 0.0, 1.0],
                [1.0, -0.0, 0.0, 0.0, 0.0, 0.892165, 0.451709, 0.05, -0.0, -0.451709, 0.892165, 0.0, 0.0, 0.0, 0.0, 1.0],
                [1.0, -0.0, 0.0, 0.0, 0.0, 0.885786, 0.464094, 0.05, -0.0, -0.464094, 0.885786, 0.0, 0.0, 0.0, 0.0, 1.0],
                [1.0, -0.0, 0.0, 0.0, 0.0, 0.88053, 0.473991, 0.05, -0.0, -0.473991, 0.88053, 0.0, 0.0, 0.0, 0.0, 1.0],
                [1.0, -0.0, 0.0, -0.0, 0.0, 0.876648, 0.481132, 0.05, -0.0, -0.481132, 0.876648, -0.0, 0.0, 0.0, 0.0, 1.0],
                [1.0, -0.0, 0.0, 0.0, 0.0, 0.874288, 0.485407, 0.05, -0.0, -0.485408, 0.874288, 0.0, 0.0, 0.0, 0.0, 1.0],
                [1.0, -0.0, 0.0, -0.0, 0.0, 0.873503, 0.486819, 0.05, -0.0, -0.486819, 0.873503, -0.0, 0.0, 0.0, 0.0, 1.0],
                [1.0, -0.0, 0.0, 0.0, 0.0, 0.874288, 0.485407, 0.05, -0.0, -0.485407, 0.874288, 0.0, 0.0, 0.0, 0.0, 1.0],
                [1.0, -0.0, 0.0, 0.0, 0.0, 0.876648, 0.481132, 0.05, -0.0, -0.481132, 0.876648, -0.0, 0.0, 0.0, 0.0, 1.0],
                [1.0, -0.0, 0.0, -0.0, 0.0, 0.88053, 0.473991, 0.05, -0.0, -0.473991, 0.88053, -0.0, 0.0, 0.0, 0.0, 1.0],
                [1.0, -0.0, 0.0, 0.0, 0.0, 0.885786, 0.464094, 0.05, -0.0, -0.464094, 0.885786, -0.0, 0.0, 0.0, 0.0, 1.0],
                [1.0, -0.0, 0.0, 0.0, 0.0, 0.892165, 0.451709, 0.05, -0.0, -0.451709, 0.892165, 0.0, 0.0, 0.0, 0.0, 1.0],
                [1.0, -0.0, 0.0, 0.0, 0.0, 0.89932, 0.437291, 0.05, -0.0, -0.437291, 0.89932, -0.0, 0.0, 0.0, 0.0, 1.0],
                [1.0, -0.0, 0.0, -0.0, 0.0, 0.906833, 0.421491, 0.05, -0.0, -0.421491, 0.906833, 0.0, 0.0, 0.0, 0.0, 1.0],
                [1.0, -0.0, 0.0, -0.0, 0.0, 0.914264, 0.405119, 0.05, -0.0, -0.405119, 0.914264, 0.0, 0.0, 0.0, 0.0, 1.0],
                [1.0, -0.0, 0.0, -0.0, 0.0, 0.921212, 0.389062, 0.05, -0.0, -0.389062, 0.921212, -0.0, 0.0, 0.0, 0.0, 1.0],
                [1.0, -0.0, 0.0, 0.0, 0.0, 0.927354, 0.374184, 0.05, -0.0, -0.374185, 0.927354, 0.0, 0.0, 0.0, 0.0, 1.0],
                [1.0, -0.0, 0.0, 0.0, 0.0, 0.932477, 0.361229, 0.05, -0.0, -0.361229, 0.932477, 0.0, 0.0, 0.0, 0.0, 1.0],
                [1.0, -0.0, 0.0, -0.0, 0.0, 0.936466, 0.350758, 0.05, -0.0, -0.350758, 0.936466, -0.0, 0.0, 0.0, 0.0, 1.0],
                [1.0, -0.0, 0.0, 0.0, 0.0, 0.939286, 0.343135, 0.05, -0.0, -0.343135, 0.939286, 0.0, 0.0, 0.0, 0.0, 1.0],
                [1.0, -0.0, 0.0, -0.0, 0.0, 0.940951, 0.338543, 0.05, -0.0, -0.338543, 0.940951, 0.0, 0.0, 0.0, 0.0, 1.0],
                [1.0, -0.0, 0.0, 0.0, 0.0, 0.941496, 0.337023, 0.05, -0.0, -0.337023, 0.941497, -0.0, 0.0, 0.0, 0.0, 1.0]
            ]
        },
        {
            "name": "Chest",
            "time": [0.0, 0.0167, 0.0333, 0.05, 0.0667, 0.0833, 0.1, 0.1167, 0.1333, 0.15, 0.1667, 0.1833, 0.2, 0.2167, 0.2333, 0.25, 0.2667, 0.2833, 0.3, 0.3167, 0.3333, 0.35, 0.3667, 0.3833, 0.4, 0.4167, 0.4333, 0.45, 0.4667, 0.4833, 0.5],
            "transform": [
                [0.767525, 0.312054, -0.559936, -0.0, -0.101365, 0.921602, 0.374667, 0.300004, 0.632954, -0.230808, 0.738983, 0.0, 0.0, 0.0, 0.0, 1.0],
                [0.773736, 0.307285, -0.553994, 0.0, -0.098894, 0.92235, 0.373483, 0.300004, 0.625742, -0.234191, 0.744044, -0.0, 0.0, 0.0, 0.0, 1.0],
                [0.792145, 0.292589, -0.535628, 0.0, -0.091302, 0.924533, 0.370003, 0.300004, 0.603465, -0.244192, 0.759079, 0.0, 0.0, 0.0, 0.0, 1.0],
                [0.82147, 0.267231, -0.503761, 0.0, -0.078282, 0.927882, 0.364563, 0.300004, 0.564853, -0.260042, 0.783147, 0.0, 0.0, 0.0, 0.0, 1.0],
                [0.858921, 0.230535, -0.457283, -0.0, -0.059602, 0.931877, 0.357846, 0.300004, 0.508627, -0.280106, 0.814149, 0.0, 0.0, 0.0, 0.0, 1.0],
                [0.900079, 0.182387, -0.395717, 0.0, -0.035352, 0.935753, 0.350881, 0.300004, 0.43429, -0.301831, 0.848699, -0.0, 0.0, 0.0, 0.0, 1.0],
                [0.939259, 0.123854, -0.320083, -0.0, -0.006223, 0.938608, 0.344929, 0.300004, 0.343153, -0.321986, 0.882367, -0.0, 0.0, 0.0, 0.0, 1.0],
                [0.970623, 0.057654, -0.233596, -0.0, 0.026302, 0.939624, 0.341197, 0.300003, 0.239164, -0.337318, 0.910504, -0.0, 0.0, 0.0, 0.0, 1.0],
                [0.989838, -0.011922, -0.141698, 0.0, 0.06004, 0.93834, 0.340459, 0.300003, 0.128902, -0.345507, 0.929521, -0.0, 0.0, 0.0, 0.0, 1.0],
