{
    "animation": [
        {
            "name": "Root",
            "time": [0.0, 0.0167, 0.0333, 0.05, 0.0667, 0.0833, 0.1, 0.1167, 0.1333, 0.15, 0.1667, 0.1833, 0.2, 0.2167, 0.2333, 0.25, 0.2667, 0.2833, 0.3, 0.3167, 0.3333, 0.35, 0.3667, 0.3833, 0.4, 0.4167, 0.4333, 0.45, 0.4667, 0.4833, 0.5, 0.5167, 0.5333, 0.55, 0.5667, 0.5833, 0.6, 0.6167, 0.6333, 0.65, 0.6667, 0.6833, 0.7, 0.7167, 0.7333, 0.75, 0.7667, 0.7833, 0.8, 0.8167, 0.8333, 0.85, 0.8667, 0.8833, 0.9, 0.9167, 0.9333, 0.95, 0.9667, 0.9833, 1.0],
            "transform": [
                [0.93025, 0.0, 0.366926, -5e-06, 0.366926, 0.0, -0.93025, 0.000946, 0.0, 1.0, 0.0, 0.582113, 0.0, 0.0, 0.0, 1.0],
                [0.934412, 0.0, 0.356195, -5e-06, 0.356195, 0.0, -0.934412, 0.020573, 0.0, 1.0, 0.0, 0.581966, 0.0, 0.0, 0.0, 1.0],
                [0.946222, 0.0, 0.323519, -5e-06, 0.323519, 0.0, -0.946222, 0.082002, 0.0, 1.0, 0.0, 0.581523, 0.0, 0.0, 0.0, 1.0],
                [0.963195, 0.0, 0.268805, -5e-06, 0.268805, 0.0, -0.963195, 0.188242, 0.0, 1.0, 0.0, 0.580782, 0.0, 0.0, 0.0, 1.0],
                [0.981082, 0.0, 0.193592, -5e-06, 0.193592, 0.0, -0.981082, 0.340394, 0.0, 1.0, 0.0, 0.579741, 0.0, 0.0, 0.0, 1.0],
                [0.99478, 0.0, 0.102041, -5e-06, 0.102041, 0.0, -0.99478, 0.536594, 0.0, 1.0, 0.0, 0.578404, 0.0, 0.0, 0.0, 1.0],
                [0.999999, 0.0, 0.00129, -5e-06, 0.00129, 0.0, -0.999999, 0.771328, 0.0, 1.0, 0.0, 0.576775, 0.0, 0.0, 0.0, 1.0],
                [0.99504, 0.0, -0.099474, -5e-06, -0.099474, 0.0, -0.99504, 1.035678, 0.0, 1.0, 0.0, 0.574866, 0.0, 0.0, 0.0, 1.0],
                [0.981578, 0.0, -0.191059, -5e-06, -0.191059, 0.0, -0.981578, 1.318674, 0.0, 1.0, 0.0, 0.572688, 0.0, 0.0, 0.0, 1.0],
                [0.963885, 0.0, -0.266319, -5e-06, -0.266319, 0.0, -0.963885, 1.609228, 0.0, 1.0, 0.0, 0.570261, 0.0, 0.0, 0.0, 1.0],
                [0.947053, 0.0, -0.321077, -5e-06, -0.321077, 0.0, -0.947053, 1.897807, 0.0, 1.0, 0.0, 0.567608, 0.0, 0.0, 0.0, 1.0],
                [0.935327, 0.0, -0.353783, -5e-06, -0.353783, 0.0, -0.935327, 2.177268, 0.0, 1.0, 0.0, 0.564757, 0.0, 0.0, 0.0, 1.0],
                [0.931194, 0.0, -0.364525, -5e-06, -0.364525, 0.0, -0.931194, 2.442907, 0.0, 1.0, 0.0, 0.561741, 0.0, 0.0, 0.0, 1.0],
                [0.959194, 0.0, -0.282748, -5e-06, -0.282748, 0.0, -0.959194, 2.752857, 0.0, 1.0, 0.0, 0.558597, 0.0, 0.0, 0.0, 1.0],
                [0.999457, 0.0, -0.032956, -5e-06, -0.032956, 0.0, -0.999457, 3.151494, 0.0, 1.0, 0.0, 0.555365, 0.0, 0.0, 0.0, 1.0],
                [0.943717, 0.0, 0.330754, -5e-06, 0.330754, 0.0, -0.943717, 3.58281, 0.0, 1.0, 0.0, 0.552089, 0.0, 0.0, 0.0, 1.0],
                [0.753411, 0.0, 0.65755, -5e-06, 0.65755, 0.0, -0.753411, 3.958089, 0.0, 1.0, 0.0, 0.548813, 0.0, 0.0, 0.0, 1.0],
                [0.540446, 0.0, 0.841379, -5e-06, 0.841379, 0.0, -0.540446, 4.20277, 0.0, 1.0, 0.0, 0.545581, 0.0, 0.0, 0.0, 1.0],
                [0.428956, 0.0, 0.903325, -5e-06, 0.903325, 0.0, -0.428956, 4.291084, 0.0, 1.0, 0.0, 0.542437, 0.0, 0.0, 0.0, 1.0],
                [0.3891, 0.0, 0.921196, -5e-06, 0.921196, 0.0, -0.3891, 4.303266, 0.0, 1.0, 0.0, 0.53942, 0.0, 0.0, 0.0, 1.0],
                [0.352523, 0.0, 0.935803, -5e-06, 0.935803, 0.0, -0.352523, 4.315259, 0.0, 1.0, 0.0, 0.536569, 0.0, 0.0, 0.0, 1.0],
                [0.320085, 0.0, 0.947389, -5e-06, 0.947389, 0.0, -0.320085, 4.326961, 0.0, 1.0, 0.0, 0.533916, 0.0, 0.0, 0.0, 1.0],
                [0.292526, 0.0, 0.956258, -5e-06, 0.956258, 0.0, -0.292526, 4.338283, 0.0, 1.0, 0.0, 0.531489, 0.0, 0.0, 0.0, 1.0],
                [0.270324, 0.0, 0.962769, -5e-06, 0.962769, 0.0, -0.270324, 4.349145, 0.0, 1.0, 0.0, 0.529312, 0.0, 0.0, 0.0, 1.0],
                [0.253564, 0.0, 0.967319, -5e-06, 0.967319, 0.0, -0.253564, 4.359483, 0.0, 1.0, 0.0, 0.527402, 0.0, 0.0, 0.0, 1.0],
                [0.241865, 0.0, 0.97031, -5e-06, 0.97031, 0.0, -0.241865, 4.369242, 0.0, 1.0, 0.0, 0.525774, 0.0, 0.0, 0.0, 1.0],
                [0.234446, 0.0, 0.972129, -5e-06, 0.972129, 0.0, -0.234446, 4.37838, 0.0, 1.0, 0.0, 0.524436, 0.0, 0.0, 0.0, 1.0],
                [0.230293, 0.0, 0.973121, -5e-06, 0.973121, 0.0, -0.230293, 4.386867, 0.0, 1.0, 0.0, 0.523396, 0.0, 0.0, 0.0, 1.0],
                [0.22836, 0.0, 0.973577, -5e-06, 0.973577, 0.0, -0.22836, 4.394681, 0.0, 1.0, 0.0, 0.522654, 0.0, 0.0, 0.0, 1.0],
                [0.227721, 0.0, 0.973726, -5e-06, 0.973726, 0.0, -0.227721, 4.401808, 0.0, 1.0, 0.0, 0.522211, 0.0, 0.0, 0.0, 1.0],
                [0.227639, 0.0, 0.973746, -5e-06, 0.973746, 0.0, -0.227639, 4.408243, 0.0, 1.0, 0.0, 0.522065, 0.0, 0.0, 0.0, 1.0],
                [0.229776, 0.0, 0.973244, -0.000445, 0.973244, 0.0, -0.229776, 4.414397, 0.0, 1.0, 0.0, 0.522502, 0.0, 0.0, 0.0, 1.0],
                [0.236218, 0.0, 0.9717, -0.001803, 0.9717, 0.0, -0.236218, 4.420669, 0.0, 1.0, 0.0, 0.523822, 0.0, 0.0, 0.0, 1.0],
                [0.246979, 0.0, 0.969021, -0.004132, 0.969021, 0.0, -0.246979, 4.427032, 0.0, 1.0, 0.0, 0.526032, 0.0, 0.0, 0.0, 1.0],
                [0.262025, 0.0, 0.965061, -0.00748, 0.965061, 0.0, -0.262025, 4.433443, 0.0, 1.0, 0.0, 0.529135, 0.0, 0.0, 0.0, 1.0],
                [0.281257, 0.0, 0.959633, -0.011887, 0.959633, 0.0, -0.281257, 4.43985, 0.0, 1.0, 0.0, 0.533121, 0.0, 0.0, 0.0, 1.0],
                [0.304508, 0.0, 0.95251, -0.017382, 0.95251, 0.0, -0.304508, 4.446185, 0.0, 1.0, 0.0, 0.537974, 0.0, 0.0, 0.0, 1.0],
                [0.331531, 0.0, 0.943444, -0.02398, 0.943444, 0.0, -0.331531, 4.452369, 0.0, 1.0, 0.0, 0.543667, 0.0, 0.0, 0.0, 1.0],
                [0.361994, 0.0, 0.93218, -0.031673, 0.93218, 0.0, -0.361994, 4.458309, 0.0, 1.0, 0.0, 0.550157, 0.0, 0.0, 0.0, 1.0],
                [0.395472, 0.0, 0.918478, -0.040431, 0.918478, 0.0, -0.395472, 4.463909, 0.0, 1.0, 0.0, 0.557391, 0.0, 0.0, 0.0, 1.0],
                [0.431454, 0.0, 0.902135, -0.0502, 0.902135, 0.0, -0.431454, 4.469064, 0.0, 1.0, 0.0, 0.565299, 0.0, 0.0, 0.0, 1.0],
                [0.469346, 0.0, 0.883014, -0.060892, 0.883014, 0.0, -0.469346, 4.473673, 0.0, 1.0, 0.0, 0.573797, 0.0, 0.0, 0.0, 1.0],
                [0.508492, 0.0, 0.861067, -0.072391, 0.861067, 0.0, -0.508492, 4.47764, 0.0, 1.0, 0.0, 0.582787, 0.0, 0.0, 0.0, 1.0],
                [0.548192, 0.0, 0.836352, -0.08455, 0.836352, 0.0, -0.548192, 4.480882, 0.0, 1.0, 0.0, 0.592159, 0.0, 0.0, 0.0, 1.0],
                [0.587735, 0.0, 0.809053, -0.097199, 0.809053, 0.0, -0.587735, 4.483338, 0.0, 1.0, 0.0, 0.601792, 0.0, 0.0, 0.0, 1.0],
                [0.62643, 0.0, 0.779477, -0.110145, 0.779477, 0.0, -0.62643, 4.484969, 0.0, 1.0, 0.0, 0.611557, 0.0, 0.0, 0.0, 1.0],
                [0.663639, 0.0, 0.748053, -0.123184, 0.748053, 0.0, -0.663639, 4.485764, 0.0, 1.0, 0.0, 0.621322, 0.0, 0.0, 0.0, 1.0],
                [0.698807, 0.0, 0.71531, -0.136105, 0.71531, 0.0, -0.698807, 4.485742, 0.0, 1.0, 0.0, 0.630955, 0.0, 0.0, 0.0, 1.0],
                [0.731485, 0.0, 0.681857, -0.148705, 0.681857, 0.0, -0.731485, 4.48495, 0.0, 1.0, 0.0, 0.640327, 0.0, 0.0, 0.0, 1.0],
                [0.761341, 0.0, 0.648351, -0.160791, 0.648351, 0.0, -0.761341, 4.48346, 0.0, 1.0, 0.0, 0.649317, 0.0, 0.0, 0.0, 1.0],
                [0.788168, 0.0, 0.615461, -0.172193, 0.615461, 0.0, -0.788168, 4.481363, 0.0, 1.0, 0.0, 0.657815, 0.0, 0.0, 0.0, 1.0],
                [0.81187, 0.0, 0.583838, -0.182761, 0.583838, 0.0, -0.81187, 4.478766, 0.0, 1.0, 0.0, 0.665723, 0.0, 0.0, 0.0, 1.0],
                [0.832455, 0.0, 0.554093, -0.192377, 0.554093, 0.0, -0.832455, 4.47578, 0.0, 1.0, 0.0, 0.672957, 0.0, 0.0, 0.0, 1.0],
                [0.85001, 0.0, 0.526767, -0.200949, 0.526767, 0.0, -0.85001, 4.47252, 0.0, 1.0, 0.0, 0.679447, 0.0, 0.0, 0.0, 1.0],
                [0.864678, 0.0, 0.502327, -0.208411, 0.502327, 0.0, -0.864678, 4.469095, 0.0, 1.0, 0.0, 0.68514, 0.0, 0.0, 0.0, 1.0],
                [0.876637, 0.0, 0.481153, -0.214724, 0.481153, 0.0, -0.876637, 4.465605, 0.0, 1.0, 0.0, 0.689993, 0.0, 0.0, 0.0, 1.0],
                [0.886076, 0.0, 0.46354, -0.219868, 0.46354, 0.0, -0.886076, 4.462137, 0.0, 1.0, 0.0, 0.69398, 0.0, 0.0, 0.0, 1.0],
                [0.89318, 0.0, 0.449699, -0.223843, 0.449699, 0.0, -0.89318, 4.458766, 0.0, 1.0, 0.0, 0.697082, 0.0, 0.0, 0.0, 1.0],
                [0.898113, 0.0, 0.439765, -0.226662, 0.439765, 0.0, -0.898113, 4.455551, 0.0, 1.0, 0.0, 0.699292, 0.0, 0.0, 0.0, 1.0],
                [0.901006, 0.0, 0.433806, -0.228349, 0.433806, 0.0, -0.901006, 4.452535, 0.0, 1.0, 0.0, 0.700612, 0.0, 0.0, 0.0, 1.0],
                [0.901956, 0.0, 0.431828, -0.228937, 0.431828, 0.0, -0.901956, 4.449749, 0.0, 1.0, 0.0, 0.70105, 0.0, 0.0, 0.0, 1.0]
            ]
        },
        {
            "name": "Thigh_R",
            "time": [0.0, 0.0167, 0.0333, 0.05, 0.0667, 0.0833, 0.1, 0.1167, 0.1333, 0.15, 0.1667, 0.1833, 0.2, 0.2167, 0.2333, 0.25, 0.2667, 0.2833, 0.3, 0.3167, 0.3333, 0.35, 0.3667, 0.3833, 0.4, 0.4167, 0.4333, 0.45, 0.4667, 0.4833, 0.5, 0.5167, 0.5333, 0.55, 0.5667, 0.5833, 0.6, 0.6167, 0.6333, 0.65, 0.6667, 0.6833, 0.7, 0.7167, 0.7333, 0.75, 0.7667, 0.7833, 0.8, 0.8167, 0.8333, 0.85, 0.8667, 0.8833, 0.9, 0.9167, 0.9333, 0.95, 0.9667, 0.9833, 1.0],
            "transform": [
                [0.922882, 0.273791, 0.270788, 0.124994, 0.004941, -0.711558, 0.70261, -0.002831, 0.38505, -0.647088, -0.658038, -1.2e-05, 0.0, 0.0, 0.0, 1.0],
                [0.928069, 0.264399, 0.262261, 0.124994, 0.004247, -0.711699, 0.702471, -0.002831, 0.372384, -0.650828, -0.661629, -1.2e-05, 0.0, 0.0, 0.0, 1.0],
                [0.942629, 0.23586, 0.236262, 0.124994, 0.002295, -0.712269, 0.701903, -0.002831, 0.333833, -0.661092, -0.671947, -1.2e-05, 0.0, 0.0, 0.0, 1.0],
                [0.963062, 0.188292, 0.192502, 0.124994, -0.000458, -0.713737, 0.700414, -0.002831, 0.269278, -0.67463, -0.687287, -1.2e-05, 0.0, 0.0, 0.0, 1.0],
                [0.983564, 0.123625, 0.131597, 0.124994, -0.003238, -0.716644, 0.697431, -0.002831, 0.180528, -0.686395, -0.704466, -1.2e-05, 0.0, 0.0, 0.0, 1.0],
                [0.997359, 0.046424, 0.055854, 0.124994, -0.005143, -0.72196, 0.691916, -0.002831, 0.072446, -0.690376, -0.719815, -1.2e-05, 0.0, 0.0, 0.0, 1.0],
                [0.99889, -0.035896, -0.030493, 0.124994, -0.005395, -0.730366, 0.683035, -0.002831, -0.046789, -0.682112, -0.729749, -1.2e-05, 0.0, 0.0, 0.0, 1.0],
                [0.985946, -0.114575, -0.121582, 0.124994, -0.003619, -0.742243, 0.670121, -0.002831, -0.167023, -0.660263, -0.732226, -1.2e-05, 0.0, 0.0, 0.0, 1.0],
                [0.960405, -0.181798, -0.211116, 0.124994, 6.3e-05, -0.757621, 0.652694, -0.002831, -0.278605, -0.626865, -0.727612, -1.2e-05, 0.0, 0.0, 0.0, 1.0],
                [0.927176, -0.232512, -0.29374, 0.124994, 0.005158, -0.77609, 0.630601, -0.002831, -0.374591, -0.586193, -0.718373, -1.2e-05, 0.0, 0.0, 0.0, 1.0],
                [0.892173, -0.26434, -0.366266, 0.124994, 0.011008, -0.797909, 0.602677, -0.002831, -0.451558, -0.541724, -0.708964, -1.2e-05, 0.0, 0.0, 0.0, 1.0],
                [0.860526, -0.273286, -0.429895, 0.124994, 0.016747, -0.82828, 0.560063, -0.002831, -0.509131, -0.489148, -0.70818, -1.2e-05, 0.0, 0.0, 0.0, 1.0],
                [0.836726, -0.293231, -0.462499, 0.124994, 0.024321, -0.823827, 0.566319, -0.002831, -0.547081, -0.485102, -0.682186, -1.2e-05, 0.0, 0.0, 0.0, 1.0],
                [0.86121, -0.311921, -0.401278, 0.124994, 0.030422, -0.756475, 0.653314, -0.002831, -0.507339, -0.574848, -0.641995, -1.2e-05, 0.0, 0.0, 0.0, 1.0],
                [0.946004, -0.214462, -0.243067, 0.124994, 0.030225, -0.688227, 0.724866, -0.002831, -0.322741, -0.693073, -0.644583, -1.2e-05, 0.0, 0.0, 0.0, 1.0],
                [0.999404, 0.016777, -0.030171, 0.124994, 0.033921, -0.639572, 0.767983, -0.002831, -0.006412, -0.768548, -0.63976, -1.2e-05, 0.0, 0.0, 0.0, 1.0],
                [0.941164, 0.292668, 0.168987, 0.124994, 0.050509, -0.616233, 0.785942, -0.002831, 0.334156, -0.731165, -0.594759, -1.2e-05, 0.0, 0.0, 0.0, 1.0],
                [0.823637, 0.484093, 0.295424, 0.124994, 0.073403, -0.607539, 0.790891, -0.002831, 0.562347, -0.629722, -0.535926, -1.2e-05, 0.0, 0.0, 0.0, 1.0],
                [0.765442, 0.551361, 0.331813, 0.124994, 0.088675, -0.601088, 0.794248, -0.002831, 0.637366, -0.578527, -0.50899, -1.2e-05, 0.0, 0.0, 0.0, 1.0],
                [0.761792, 0.560716, 0.324454, 0.124995, 0.097097, -0.594008, 0.798578, -0.002831, 0.640503, -0.576847, -0.506955, -1.2e-05, 0.0, 0.0, 0.0, 1.0],
                [0.759607, 0.568102, 0.316635, 0.124994, 0.104814, -0.58741, 0.802473, -0.002831, 0.641881, -0.576377, -0.505746, -1.2e-05, 0.0, 0.0, 0.0, 1.0],
                [0.759033, 0.573326, 0.308489, 0.124994, 0.111539, -0.58134, 0.80598, -0.002831, 0.641426, -0.577357, -0.505205, -1.2e-05, 0.0, 0.0, 0.0, 1.0],
                [0.760214, 0.576202, 0.300108, 0.124994, 0.117023, -0.57583, 0.809151, -0.002831, 0.639046, -0.580008, -0.505184, -1.2e-05, 0.0, 0.0, 0.0, 1.0],
                [0.763184, 0.576634, 0.29162, 0.124995, 0.12107, -0.570909, 0.812037, -0.002831, 0.634737, -0.584428, -0.505522, -1.2e-05, 0.0, 0.0, 0.0, 1.0],
                [0.767765, 0.574713, 0.283271, 0.124993, 0.123557, -0.566606, 0.814673, -0.002831, 0.628706, -0.590477, -0.50603, -1.2e-05, 0.0, 0.0, 0.0, 1.0],
                [0.773518, 0.570779, 0.275467, 0.124993, 0.124436, -0.562962, 0.817062, -0.002831, 0.621438, -0.597734, -0.506487, -1.2e-05, 0.0, 0.0, 0.0, 1.0],
                [0.779796, 0.565407, 0.268762, 0.124994, 0.123734, -0.560039, 0.819174, -0.002831, 0.613684, -0.605534, -0.506677, -1.2e-05, 0.0, 0.0, 0.0, 1.0],
                [0.785862, 0.559318, 0.263787, 0.124994, 0.121524, -0.557923, 0.820947, -0.002831, 0.606343, -0.613095, -0.506421, -1.2e-05, 0.0, 0.0, 0.0, 1.0],
                [0.791013, 0.553316, 0.261036, 0.124995, 0.11792, -0.556557, 0.822398, -0.002831, 0.600327, -0.619746, -0.505492, -1.2e-05, 0.0, 0.0, 0.0, 1.0],
                [0.794673, 0.548006, 0.261123, 0.124995, 0.113046, -0.556231, 0.823303, -0.002831, 0.596419, -0.624737, -0.503972, -1.2e-05, 0.0, 0.0, 0.0, 1.0],
                [0.796388, 0.543962, 0.26433, 0.124994, 0.107043, -0.556944, 0.823623, -0.002831, 0.595237, -0.627629, -0.501771, -1.2e-05, 0.0, 0.0, 0.0, 1.0],
                [0.797698, 0.539476, 0.269524, 0.124994, 0.099934, -0.559002, 0.823122, -0.002831, 0.594719, -0.629668, -0.499827, -1.2e-05, 0.0, 0.0, 0.0, 1.0],
                [0.800341, 0.532552, 0.275395, 0.124994, 0.09173, -0.562701, 0.821555, -0.002831, 0.592486, -0.632262, -0.499204, -1.2e-05, 0.0, 0.0, 0.0, 1.0],
                [0.804226, 0.523221, 0.281885, 0.124994, 0.082611, -0.568105, 0.818799, -0.002831, 0.588554, -0.635213, -0.500109, -1.2e-05, 0.0, 0.0, 0.0, 1.0],
                [0.809222, 0.511574, 0.288881, 0.124994, 0.07282, -0.575256, 0.814725, -0.002831, 0.582973, -0.638257, -0.502763, -1.2e-05, 0.0, 0.0, 0.0, 1.0],
                [0.815167, 0.497763, 0.2962, 0.124993, 0.062667, -0.584161, 0.809215, -0.002831, 0.575826, -0.641083, -0.507382, -1.2e-05, 0.0, 0.0, 0.0, 1.0],
                [0.821892, 0.48201, 0.303578, 0.124994, 0.052522, -0.594779, 0.802172, -0.002831, 0.567217, -0.643354, -0.51416, -1.2e-05, 0.0, 0.0, 0.0, 1.0],
                [0.829235, 0.46461, 0.310654, 0.124993, 0.042817, -0.607008, 0.793541, -0.002831, 0.557257, -0.644731, -0.523246, -1.2e-05, 0.0, 0.0, 0.0, 1.0],
                [0.837063, 0.445922, 0.316984, 0.124993, 0.034016, -0.620681, 0.783325, -0.002831, 0.546047, -0.64491, -0.534718, -1.2e-05, 0.0, 0.0, 0.0, 1.0],
                [0.845289, 0.426349, 0.322045, 0.124994, 0.026594, -0.635555, 0.771597, -0.002831, 0.533647, -0.643658, -0.548566, -1.2e-05, 0.0, 0.0, 0.0, 1.0],
                [0.853875, 0.406326, 0.325264, 0.124994, 0.021001, -0.651321, 0.758512, -0.002831, 0.520054, -0.640843, -0.56468, -1.2e-05, 0.0, 0.0, 0.0, 1.0],
                [0.862827, 0.386281, 0.326061, 0.124994, 0.017617, -0.667615, 0.744298, -0.002831, 0.505192, -0.636456, -0.582842, -1.2e-05, 0.0, 0.0, 0.0, 1.0],
                [0.872171, 0.36661, 0.323905, 0.124994, 0.016709, -0.684048, 0.729245, -0.002831, 0.488915, -0.630615, -0.602733, -1.2e-05, 0.0, 0.0, 0.0, 1.0],
                [0.881925, 0.347605, 0.318401, 0.124995, 0.018395, -0.700315, 0.713597, -0.002831, 0.471031, -0.623482, -0.624019, -1.2e-05, 0.0, 0.0, 0.0, 1.0],
                [0.892052, 0.329607, 0.309195, 0.124995, 0.022642, -0.715899, 0.697837, -0.002831, 0.451364, -0.615506, -0.646082, -1.2e-05, 0.0, 0.0, 0.0, 1.0],
                [0.902456, 0.312717, 0.296279, 0.124994, 0.029249, -0.730664, 0.68211, -0.002831, 0.429788, -0.606908, -0.668539, -1.2e-05, 0.0, 0.0, 0.0, 1.0],
                [0.912953, 0.297037, 0.279797, 0.124994, 0.037891, -0.744411, 0.666646, -0.002831, 0.406302, -0.598015, -0.690867, -1.2e-05, 0.0, 0.0, 0.0, 1.0],
                [0.923295, 0.282594, 0.260128, 0.124994, 0.048145, -0.757064, 0.651564, -0.002831, 0.381062, -0.589062, -0.712599, -1.2e-05, 0.0, 0.0, 0.0, 1.0],
                [0.9332, 0.269379, 0.237851, 0.124994, 0.059542, -0.768635, 0.636911, -0.002831, 0.354391, -0.580203, -0.733329, -1.2e-05, 0.0, 0.0, 0.0, 1.0],
                [0.942387, 0.257356, 0.213715, 0.124994, 0.071601, -0.779234, 0.622629, -0.002831, 0.326772, -0.571456, -0.752767, -1.2e-05, 0.0, 0.0, 0.0, 1.0],
                [0.950621, 0.24654, 0.188517, 0.124994, 0.08387, -0.788894, 0.608779, -0.002831, 0.298808, -0.562907, -0.770616, -1.2e-05, 0.0, 0.0, 0.0, 1.0],
                [0.957737, 0.236914, 0.163129, 0.124994, 0.095942, -0.797752, 0.595304, -0.002831, 0.271172, -0.554494, -0.786767, -1.2e-05, 0.0, 0.0, 0.0, 1.0],
                [0.963661, 0.228477, 0.138404, 0.124994, 0.107467, -0.805932, 0.582172, -0.002831, 0.244558, -0.546143, -0.801198, -1.1e-05, 0.0, 0.0, 0.0, 1.0],
                [0.9684, 0.221263, 0.115082, 0.124994, 0.118166, -0.813411, 0.569561, -0.002831, 0.219632, -0.537964, -0.813853, -1.1e-05, 0.0, 0.0, 0.0, 1.0],
                [0.972036, 0.215264, 0.093844, 0.124994, 0.127816, -0.820233, 0.557567, -0.002831, 0.196998, -0.52998, -0.82481, -1.2e-05, 0.0, 0.0, 0.0, 1.0],
                [0.974701, 0.210467, 0.075238, 0.124994, 0.136259, -0.826365, 0.546401, -0.002831, 0.177173, -0.522326, -0.834137, -1.3e-05, 0.0, 0.0, 0.0, 1.0],
                [0.976552, 0.206849, 0.05966, 0.124994, 0.14339, -0.831674, 0.53643, -0.002831, 0.160577, -0.515298, -0.841833, -1.1e-05, 0.0, 0.0, 0.0, 1.0],
                [0.977748, 0.204359, 0.047398, 0.124993, 0.149146, -0.836046, 0.527999, -0.002831, 0.147528, -0.509181, -0.847922, -1.2e-05, 0.0, 0.0, 0.0, 1.0],
                [0.978429, 0.202935, 0.03863, 0.124994, 0.153503, -0.839361, 0.52145, -0.002831, 0.138245, -0.504272, -0.852407, -1.1e-05, 0.0, 0.0, 0.0, 1.0],
                [0.978705, 0.202539, 0.033396, 0.124994, 0.156475, -0.841403, 0.517259, -0.002831, 0.132865, -0.501018, -0.855177, -1.1e-05, 0.0, 0.0, 0.0, 1.0],
                [0.978638, 0.203133, 0.031698, 0.124994, 0.158088, -0.842092, 0.515644, -0.002831, 0.131437, -0.499618, -0.856216, -1.2e-05, 0.0, 0.0, 0.0, 1.0]
            ]
        },
        {
            "name": "Leg_R",
            "time": [0.0, 0.0167, 0.0333, 0.05, 0.0667, 0.0833, 0.1, 0.1167, 0.1333, 0.15, 0.1667, 0.1833, 0.2, 0.2167, 0.2333, 0.25, 0.2667, 0.2833, 0.3, 0.3167, 0.3333, 0.35, 0.3667, 0.3833, 0.4, 0.4167, 0.4333, 0.45, 0.4667, 0.4833, 0.5, 0.5167, 0.5333, 0.55, 0.5667, 0.5833, 0.6, 0.6167, 0.6333, 0.65, 0.6667, 0.6833, 0.7, 0.7167, 0.7333, 0.75, 0.7667, 0.7833, 0.8, 0.8167, 0.8333, 0.85, 0.8667, 0.8833, 0.9, 0.9167, 0.9333, 0.95, 0.9667, 0.9833, 1.0],
            "transform": [
                [0.999723, -0.022257, -0.00767, -0.0, 0.022327, 0.793136, 0.608635, 0.374721, -0.007463, -0.608638, 0.793413, -0.0, 0.0, 0.0, 0.0, 1.0],
                [0.999726, -0.022131, -0.007573, 0.0, 0.022201, 0.795775, 0.605185, 0.374721, -0.007367, -0.605187, 0.796049, 0.0, 0.0, 0.0, 0.0, 1.0],
                [0.999738, -0.021733, -0.007275, -0.0, 0.021801, 0.803949, 0.594299, 0.374721, -0.007067, -0.594302, 0.804212, 0.0, 0.0, 0.0, 0.0, 1.0],
                [0.999756, -0.021013, -0.006756, -0.0, 0.02108, 0.818145, 0.574625, 0.374721, -0.006547, -0.574627, 0.818389, -0.0, 0.0, 0.0, 0.0, 1.0],
                [0.999783, -0.019925, -0.006021, 0.0, 0.019988, 0.838286, 0.544864, 0.374721, -0.005809, -0.544866, 0.838503, -0.0, 0.0, 0.0, 0.0, 1.0],
                [0.999818, -0.018401, -0.005083, -0.0, 0.018459, 0.863977, 0.503194, 0.374721, -0.004868, -0.503196, 0.864158, -0.0, 0.0, 0.0, 0.0, 1.0],
                [0.999857, -0.01642, -0.004009, -0.0, 0.016471, 0.893376, 0.449008, 0.374721, -0.003791, -0.44901, 0.893519, 0.0, 0.0, 0.0, 0.0, 1.0],
                [0.999898, -0.013999, -0.002901, -0.0, 0.014044, 0.923715, 0.382824, 0.374721, -0.00268, -0.382825, 0.923817, -0.0, 0.0, 0.0, 0.0, 1.0],
                [0.999936, -0.011189, -0.001869, 0.0, 0.011224, 0.951976, 0.305968, 0.374721, -0.001644, -0.305969, 0.95204, 0.0, 0.0, 0.0, 0.0, 1.0],
                [0.999967, -0.008061, -0.001014, 0.0, 0.008086, 0.975371, 0.22042, 0.374721, -0.000787, -0.22042, 0.975405, 0.0, 0.0, 0.0, 0.0, 1.0],
                [0.999989, -0.004578, -0.000403, 0.0, 0.004592, 0.992122, 0.125188, 0.374721, -0.000174, -0.125189, 0.992133, 0.0, 0.0, 0.0, 0.0, 1.0],
                [1.0, -1.6e-05, -0.000115, -0.0, 1.6e-05, 1.0, 0.000435, 0.374721, 0.000115, -0.000435, 1.0, 0.0, 0.0, 0.0, 0.0, 1.0],
                [1.0, -1.6e-05, -0.000115, 0.0, 1.6e-05, 1.0, 0.000434, 0.37472, 0.000115, -0.000435, 1.0, -0.0, 0.0, 0.0, 0.0, 1.0],
                [0.999966, -0.008243, -0.001056, 0.0, 0.008269, 0.974228, 0.225413, 0.374721, -0.000829, -0.225414, 0.974263, -0.0, 0.0, 0.0, 0.0, 1.0],
                [0.999851, -0.016742, -0.004173, -0.0, 0.016794, 0.888893, 0.457807, 0.374721, -0.003955, -0.457809, 0.889042, 0.0, 0.0, 0.0, 0.0, 1.0],
                [0.999687, -0.023481, -0.008651, -0.0, 0.023555, 0.766263, 0.642096, 0.37472, -0.008448, -0.642098, 0.766576, -0.0, 0.0, 0.0, 0.0, 1.0],
                [0.999537, -0.027643, -0.012748, -0.0, 0.02773, 0.654079, 0.755918, 0.37472, -0.012558, -0.755921, 0.654542, -0.0, 0.0, 0.0, 0.0, 1.0],
                [0.999445, -0.029615, -0.015238, 0.0, 0.029708, 0.585892, 0.809845, 0.374721, -0.015056, -0.809848, 0.586446, -0.0, 0.0, 0.0, 0.0, 1.0],
                [0.999407, -0.030344, -0.016283, 0.0, 0.030439, 0.557273, 0.829771, 0.374721, -0.016104, -0.829774, 0.557867, -0.0, 0.0, 0.0, 0.0, 1.0],
                [0.999389, -0.030663, -0.016767, 0.0, 0.03076, 0.544035, 0.838499, 0.374721, -0.016589, -0.838502, 0.544645, -0.0, 0.0, 0.0, 0.0, 1.0],
                [0.999372, -0.030954, -0.017223, -0.0, 0.031051, 0.531551, 0.846457, 0.374721, -0.017047, -0.846461, 0.532178, -0.0, 0.0, 0.0, 0.0, 1.0],
                [0.999357, -0.031219, -0.017652, -0.0, 0.031318, 0.519803, 0.853712, 0.37472, -0.017477, -0.853715, 0.520446, -0.0, 0.0, 0.0, 0.0, 1.0],
                [0.999342, -0.031461, -0.018055, -0.0, 0.03156, 0.50876, 0.86033, 0.374721, -0.017881, -0.860334, 0.509418, 0.0, 0.0, 0.0, 0.0, 1.0],
                [0.999328, -0.031683, -0.018435, -0.0, 0.031782, 0.498364, 0.866385, 0.374721, -0.018262, -0.866389, 0.499036, -1e-06, 0.0, 0.0, 0.0, 1.0],
                [0.999315, -0.031887, -0.018794, 0.0, 0.031987, 0.488521, 0.871966, 0.37472, -0.018623, -0.871969, 0.489206, 0.0, 0.0, 0.0, 0.0, 1.0],
                [0.999302, -0.032077, -0.019138, 0.0, 0.032178, 0.479093, 0.877174, 0.37472, -0.018968, -0.877178, 0.479791, -0.0, 0.0, 0.0, 0.0, 1.0],
                [0.99929, -0.032258, -0.019473, 0.0, 0.032359, 0.469928, 0.882112, 0.37472, -0.019304, -0.882115, 0.470638, 0.0, 0.0, 0.0, 0.0, 1.0],
                [0.999278, -0.032432, -0.019804, -0.0, 0.032534, 0.460873, 0.88687, 0.374721, -0.019636, -0.886873, 0.461595, -0.0, 0.0, 0.0, 0.0, 1.0],
                [0.999265, -0.032608, -0.020146, 0.0, 0.03271, 0.4515, 0.891671, 0.374721, -0.019979, -0.891675, 0.452235, -0.0, 0.0, 0.0, 0.0, 1.0],
                [0.999253, -0.032779, -0.02049, 0.0, 0.032882, 0.442087, 0.896369, 0.374721, -0.020324, -0.896373, 0.442835, -0.0, 0.0, 0.0, 0.0, 1.0],
                [0.99924, -0.032952, -0.020844, 0.0, 0.033055, 0.432388, 0.901082, 0.374721, -0.020679, -0.901085, 0.433149, 0.0, 0.0, 0.0, 0.0, 1.0],
                [0.999228, -0.033111, -0.021181, 0.0, 0.033215, 0.423164, 0.905444, 0.37472, -0.021017, -0.905448, 0.423937, -0.0, 0.0, 0.0, 0.0, 1.0],
                [0.999217, -0.033244, -0.021469, -0.0, 0.033349, 0.415264, 0.909089, 0.37472, -0.021307, -0.909093, 0.416047, 0.0, 0.0, 0.0, 0.0, 1.0],
                [0.999208, -0.033351, -0.021705, 0.0, 0.033456, 0.408815, 0.912004, 0.374721, -0.021543, -0.912008, 0.409607, -0.0, 0.0, 0.0, 0.0, 1.0],
                [0.999202, -0.03343, -0.021882, -0.0, 0.033535, 0.40398, 0.914153, 0.37472, -0.02172, -0.914157, 0.404779, -0.0, 0.0, 0.0, 0.0, 1.0],
                [0.999198, -0.033478, -0.021993, -0.0, 0.033584, 0.400943, 0.915487, 0.374721, -0.021831, -0.915491, 0.401746, 0.0, 0.0, 0.0, 0.0, 1.0],
                [0.999196, -0.033495, -0.022031, 0.0, 0.033601, 0.399893, 0.915946, 0.374721, -0.02187, -0.91595, 0.400697, -0.0, 0.0, 0.0, 0.0, 1.0],
                [0.999197, -0.033477, -0.02199, -0.0, 0.033582, 0.401024, 0.915452, 0.37472, -0.021828, -0.915456, 0.401827, -0.0, 0.0, 0.0, 0.0, 1.0],
                [0.999202, -0.033421, -0.021862, -0.0, 0.033526, 0.404509, 0.913919, 0.374721, -0.021701, -0.913923, 0.405307, -0.0, 0.0, 0.0, 0.0, 1.0],
                [0.99921, -0.033323, -0.021644, -0.0, 0.033428, 0.410493, 0.911251, 0.374721, -0.021482, -0.911255, 0.411283, 1e-06, 0.0, 0.0, 0.0, 1.0],
                [0.999222, -0.03318, -0.02133, -0.0, 0.033285, 0.419087, 0.907336, 0.374721, -0.021167, -0.907339, 0.419866, -0.0, 0.0, 0.0, 0.0, 1.0],
                [0.999237, -0.032987, -0.020918, -0.0, 0.033091, 0.430355, 0.902053, 0.37472, -0.020754, -0.902056, 0.431119, -0.0, 0.0, 0.0, 0.0, 1.0],
                [0.999256, -0.032739, -0.020409, 0.0, 0.032842, 0.444309, 0.895272, 0.374721, -0.020242, -0.895275, 0.445054, -0.0, 0.0, 0.0, 0.0, 1.0],
                [0.999278, -0.032428, -0.019796, 0.0, 0.03253, 0.461086, 0.886759, 0.37472, -0.019628, -0.886763, 0.461807, -0.0, 0.0, 0.0, 0.0, 1.0],
                [0.999304, -0.032055, -0.019099, 0.0, 0.032156, 0.480185, 0.876578, 0.374721, -0.018928, -0.876581, 0.480882, 0.0, 0.0, 0.0, 0.0, 1.0],
                [0.999332, -0.031611, -0.018311, -0.0, 0.031711, 0.50175, 0.864431, 0.374721, -0.018138, -0.864434, 0.502417, -0.0, 0.0, 0.0, 0.0, 1.0],
                [0.999364, -0.031092, -0.017444, -0.0, 0.031189, 0.525501, 0.850221, 0.374721, -0.017268, -0.850225, 0.526137, 0.0, 0.0, 0.0, 0.0, 1.0],
                [0.999399, -0.030493, -0.016507, 0.0, 0.030589, 0.551156, 0.833842, 0.37472, -0.016328, -0.833845, 0.551757, -0.0, 0.0, 0.0, 0.0, 1.0],
                [0.999435, -0.029812, -0.015513, 0.0, 0.029906, 0.578365, 0.81523, 0.374721, -0.015331, -0.815234, 0.57893, -0.0, 0.0, 0.0, 0.0, 1.0],
                [0.999473, -0.029047, -0.014475, 0.0, 0.029139, 0.606801, 0.79432, 0.37472, -0.01429, -0.794323, 0.607327, 0.0, 0.0, 0.0, 0.0, 1.0],
                [0.999512, -0.028207, -0.013416, 0.0, 0.028296, 0.635802, 0.771333, 0.37472, -0.013227, -0.771336, 0.63629, 0.0, 0.0, 0.0, 0.0, 1.0],
                [0.999551, -0.027296, -0.012353, 0.0, 0.027382, 0.664894, 0.746436, 0.374721, -0.012161, -0.746438, 0.665343, 1e-06, 0.0, 0.0, 0.0, 1.0],
                [0.99959, -0.026326, -0.011306, -0.0, 0.026409, 0.693567, 0.719909, 0.374721, -0.011111, -0.719912, 0.693977, 0.0, 0.0, 0.0, 0.0, 1.0],
                [0.999626, -0.025321, -0.010303, -0.0, 0.025401, 0.721042, 0.692426, 0.374721, -0.010105, -0.692429, 0.721415, 0.0, 0.0, 0.0, 0.0, 1.0],
                [0.999661, -0.024303, -0.009362, -0.0, 0.02438, 0.74681, 0.664591, 0.374721, -0.009161, -0.664594, 0.747149, 0.0, 0.0, 0.0, 0.0, 1.0],
                [0.999692, -0.023302, -0.008503, -0.0, 0.023376, 0.770331, 0.637215, 0.37472, -0.008299, -0.637217, 0.770639, -0.0, 0.0, 0.0, 0.0, 1.0],
                [0.99972, -0.022358, -0.007748, 0.0, 0.022429, 0.791004, 0.6114, 0.374721, -0.007542, -0.611402, 0.791284, 0.0, 0.0, 0.0, 0.0, 1.0],
                [0.999743, -0.02151, -0.007112, 0.0, 0.021578, 0.808418, 0.588214, 0.374721, -0.006904, -0.588216, 0.808674, -0.0, 0.0, 0.0, 0.0, 1.0],
                [0.999762, -0.020796, -0.006605, 0.0, 0.020862, 0.82229, 0.568687, 0.37472, -0.006395, -0.568689, 0.822527, -1e-06, 0.0, 0.0, 0.0, 1.0],
                [0.999775, -0.020261, -0.006242, -0.0, 0.020325, 0.832234, 0.554052, 0.37472, -0.006031, -0.554054, 0.832459, -0.0, 0.0, 0.0, 0.0, 1.0],
                [0.999783, -0.019929, -0.006024, 0.0, 0.019992, 0.838208, 0.544984, 0.374721, -0.005812, -0.544985, 0.838425, -0.0, 0.0, 0.0, 0.0, 1.0]
            ]
        },
        {
            "name": "Knee_R",
            "time": [0.0, 0.0167, 0.0333, 0.05, 0.0667, 0.0833, 0.1, 0.1167, 0.1333, 0.15, 0.1667, 0.1833, 0.2, 0.2167, 0.2333, 0.25, 0.2667, 0.2833, 0.3, 0.3167, 0.3333, 0.35, 0.3667, 0.3833, 0.4, 0.4167, 0.4333, 0.45, 0.4667, 0.4833, 0.5, 0.5167, 0.5333, 0.55, 0.5667, 0.5833, 0.6, 0.6167, 0.6333, 0.65, 0.6667, 0.6833, 0.7, 0.7167, 0.7333, 0.75, 0.7667, 0.7833, 0.8, 0.8167, 0.8333, 0.85, 0.8667, 0.8833, 0.9, 0.9167, 0.9333, 0.95, 0.9667, 0.9833, 1.0],
            "transform": [
                [1.0, -5.7e-05, 5.7e-05, -1e-06, 5.7e-05, 0.001565, -0.999999, 0.38569, 5.7e-05, 0.999999, 0.001565, -1.7e-05, 0.0, 0.0, 0.0, 1.0],
                [1.0, -5.7e-05, 5.7e-05, -1e-06, 5.7e-05, 0.001565, -0.999999, 0.385317, 5.7e-05, 0.999999, 0.001565, -1.7e-05, 0.0, 0.0, 0.0, 1.0],
                [1.0, -5.7e-05, 5.7e-05, -1e-06, 5.7e-05, 0.001565, -0.999999, 0.384147, 5.7e-05, 0.999999, 0.001565, -1.5e-05, 0.0, 0.0, 0.0, 1.0],
                [1.0, -5.7e-05, 5.7e-05, -0.0, 5.7e-05, 0.001565, -0.999999, 0.382063, 5.7e-05, 0.999999, 0.001565, -1.1e-05, 0.0, 0.0, 0.0, 1.0],
                [1.0, -5.7e-05, 5.7e-05, -0.0, 5.7e-05, 0.001565, -0.999999, 0.378976, 5.7e-05, 0.999999, 0.001565, -7e-06, 0.0, 0.0, 0.0, 1.0],
                [1.0, -5.7e-05, 5.7e-05, -0.0, 5.7e-05, 0.001565, -0.999999, 0.37477, 5.7e-05, 0.999999, 0.001565, -0.0, 0.0, 0.0, 0.0, 1.0],
                [1.0, -5.7e-05, 5.7e-05, -0.0, 5.7e-05, 0.001565, -0.999999, 0.374721, 5.7e-05, 0.999999, 0.001565, 0.0, 0.0, 0.0, 0.0, 1.0],
                [1.0, -5.7e-05, 5.7e-05, -0.0, 5.7e-05, 0.001565, -0.999999, 0.374721, 5.7e-05, 0.999999, 0.001565, -0.0, 0.0, 0.0, 0.0, 1.0],
                [1.0, -5.7e-05, 5.7e-05, 0.0, 5.7e-05, 0.001565, -0.999999, 0.374721, 5.7e-05, 0.999999, 0.001565, 0.0, 0.0, 0.0, 0.0, 1.0],
                [1.0, -5.7e-05, 5.7e-05, 0.0, 5.7e-05, 0.001565, -0.999999, 0.374721, 5.7e-05, 0.999999, 0.001565, 0.0, 0.0, 0.0, 0.0, 1.0],
                [1.0, -5.7e-05, 5.7e-05, 0.0, 5.7e-05, 0.001565, -0.999999, 0.374721, 5.7e-05, 0.999999, 0.001565, 0.0, 0.0, 0.0, 0.0, 1.0],
                [1.0, -5.7e-05, 5.7e-05, 0.0, 5.7e-05, 0.001565, -0.999999, 0.374721, 5.7e-05, 0.999999, 0.001565, 0.0, 0.0, 0.0, 0.0, 1.0],
                [1.0, -5.7e-05, 5.7e-05, 0.0, 5.7e-05, 0.001565, -0.999999, 0.37472, 5.7e-05, 0.999999, 0.001565, -0.0, 0.0, 0.0, 0.0, 1.0],
                [1.0, -5.7e-05, 5.7e-05, -0.0, 5.7e-05, 0.001565, -0.999999, 0.374721, 5.7e-05, 0.999999, 0.001565, 0.0, 0.0, 0.0, 0.0, 1.0],
                [1.0, -5.7e-05, 5.7e-05, -0.0, 5.7e-05, 0.001565, -0.999999, 0.374721, 5.7e-05, 0.999999, 0.001565, 0.0, 0.0, 0.0, 0.0, 1.0],
                [1.0, -5.7e-05, 5.7e-05, -1e-06, 5.7e-05, 0.001565, -0.999999, 0.389377, 5.7e-05, 0.999999, 0.001565, -2.3e-05, 0.0, 0.0, 0.0, 1.0],
                [1.0, -5.7e-05, 5.7e-05, -2e-06, 5.7e-05, 0.001565, -0.999999, 0.403118, 5.7e-05, 0.999999, 0.001565, -4.5e-05, 0.0, 0.0, 0.0, 1.0],
                [1.0, -5.7e-05, 5.7e-05, -2e-06, 5.7e-05, 0.001565, -0.999999, 0.410587, 5.7e-05, 0.999999, 0.001565, -5.6e-05, 0.0, 0.0, 0.0, 1.0],
                [1.0, -5.7e-05, 5.7e-05, -2e-06, 5.7e-05, 0.001565, -0.999999, 0.413581, 5.7e-05, 0.999999, 0.001565, -6.1e-05, 0.0, 0.0, 0.0, 1.0],
                [1.0, -5.7e-05, 5.7e-05, -2e-06, 5.7e-05, 0.001565, -0.999999, 0.414943, 5.7e-05, 0.999999, 0.001565, -6.4e-05, 0.0, 0.0, 0.0, 1.0],
                [1.0, -5.7e-05, 5.7e-05, -3e-06, 5.7e-05, 0.001565, -0.999999, 0.416214, 5.7e-05, 0.999999, 0.001565, -6.5e-05, 0.0, 0.0, 0.0, 1.0],
                [1.0, -5.7e-05, 5.7e-05, -2e-06, 5.7e-05, 0.001565, -0.999999, 0.4174, 5.7e-05, 0.999999, 0.001565, -6.7e-05, 0.0, 0.0, 0.0, 1.0],
                [1.0, -5.7e-05, 5.7e-05, -3e-06, 5.7e-05, 0.001565, -0.999999, 0.418506, 5.7e-05, 0.999999, 0.001565, -6.9e-05, 0.0, 0.0, 0.0, 1.0],
                [1.0, -5.7e-05, 5.7e-05, -2e-06, 5.7e-05, 0.001565, -0.999999, 0.419539, 5.7e-05, 0.999999, 0.001565, -7.1e-05, 0.0, 0.0, 0.0, 1.0],
                [1.0, -5.7e-05, 5.7e-05, -3e-06, 5.7e-05, 0.001565, -0.999999, 0.42051, 5.7e-05, 0.999999, 0.001565, -7.1e-05, 0.0, 0.0, 0.0, 1.0],
                [1.0, -5.7e-05, 5.7e-05, -3e-06, 5.7e-05, 0.001565, -0.999999, 0.421435, 5.7e-05, 0.999999, 0.001565, -7.4e-05, 0.0, 0.0, 0.0, 1.0],
                [1.0, -5.7e-05, 5.7e-05, -3e-06, 5.7e-05, 0.001565, -0.999999, 0.422329, 5.7e-05, 0.999999, 0.001565, -7.4e-05, 0.0, 0.0, 0.0, 1.0],
                [1.0, -5.7e-05, 5.7e-05, -3e-06, 5.7e-05, 0.001565, -0.999999, 0.423208, 5.7e-05, 0.999999, 0.001565, -7.6e-05, 0.0, 0.0, 0.0, 1.0],
                [1.0, -5.7e-05, 5.7e-05, -3e-06, 5.7e-05, 0.001565, -0.999999, 0.424112, 5.7e-05, 0.999999, 0.001565, -7.7e-05, 0.0, 0.0, 0.0, 1.0],
                [1.0, -5.7e-05, 5.7e-05, -3e-06, 5.7e-05, 0.001565, -0.999999, 0.425016, 5.7e-05, 0.999999, 0.001565, -7.9e-05, 0.0, 0.0, 0.0, 1.0],
                [1.0, -5.7e-05, 5.7e-05, -3e-06, 5.7e-05, 0.001565, -0.999999, 0.425941, 5.7e-05, 0.999999, 0.001565, -8e-05, 0.0, 0.0, 0.0, 1.0],
                [1.0, -5.7e-05, 5.7e-05, -3e-06, 5.7e-05, 0.001565, -0.999999, 0.426817, 5.7e-05, 0.999999, 0.001565, -8.2e-05, 0.0, 0.0, 0.0, 1.0],
                [1.0, -5.7e-05, 5.7e-05, -3e-06, 5.7e-05, 0.001565, -0.999999, 0.427565, 5.7e-05, 0.999999, 0.001565, -8.3e-05, 0.0, 0.0, 0.0, 1.0],
                [1.0, -5.7e-05, 5.7e-05, -3e-06, 5.7e-05, 0.001565, -0.999999, 0.428172, 5.7e-05, 0.999999, 0.001565, -8.3e-05, 0.0, 0.0, 0.0, 1.0],
                [1.0, -5.7e-05, 5.7e-05, -3e-06, 5.7e-05, 0.001565, -0.999999, 0.428626, 5.7e-05, 0.999999, 0.001565, -8.4e-05, 0.0, 0.0, 0.0, 1.0],
                [1.0, -5.7e-05, 5.7e-05, -3e-06, 5.7e-05, 0.001565, -0.999999, 0.428911, 5.7e-05, 0.999999, 0.001565, -8.5e-05, 0.0, 0.0, 0.0, 1.0],
                [1.0, -5.7e-05, 5.7e-05, -3e-06, 5.7e-05, 0.001565, -0.999999, 0.42901, 5.7e-05, 0.999999, 0.001565, -8.5e-05, 0.0, 0.0, 0.0, 1.0],
                [1.0, -5.7e-05, 5.7e-05, -3e-06, 5.7e-05, 0.001565, -0.999999, 0.428904, 5.7e-05, 0.999999, 0.001565, -8.5e-05, 0.0, 0.0, 0.0, 1.0],
                [1.0, -5.7e-05, 5.7e-05, -3e-06, 5.7e-05, 0.001565, -0.999999, 0.428577, 5.7e-05, 0.999999, 0.001565, -8.5e-05, 0.0, 0.0, 0.0, 1.0],
                [1.0, -5.7e-05, 5.7e-05, -3e-06, 5.7e-05, 0.001565, -0.999999, 0.428014, 5.7e-05, 0.999999, 0.001565, -8.3e-05, 0.0, 0.0, 0.0, 1.0],
                [1.0, -5.7e-05, 5.7e-05, -3e-06, 5.7e-05, 0.001565, -0.999999, 0.427204, 5.7e-05, 0.999999, 0.001565, -8.3e-05, 0.0, 0.0, 0.0, 1.0],
                [1.0, -5.7e-05, 5.7e-05, -3e-06, 5.7e-05, 0.001565, -0.999999, 0.426134, 5.7e-05, 0.999999, 0.001565, -8.1e-05, 0.0, 0.0, 0.0, 1.0],
                [1.0, -5.7e-05, 5.7e-05, -3e-06, 5.7e-05, 0.001565, -0.999999, 0.424803, 5.7e-05, 0.999999, 0.001565, -7.8e-05, 0.0, 0.0, 0.0, 1.0],
                [1.0, -5.7e-05, 5.7e-05, -3e-06, 5.7e-05, 0.001565, -0.999999, 0.423187, 5.7e-05, 0.999999, 0.001565, -7.6e-05, 0.0, 0.0, 0.0, 1.0],
                [1.0, -5.7e-05, 5.7e-05, -2e-06, 5.7e-05, 0.001565, -0.999999, 0.421329, 5.7e-05, 0.999999, 0.001565, -7.3e-05, 0.0, 0.0, 0.0, 1.0],
                [1.0, -5.7e-05, 5.7e-05, -3e-06, 5.7e-05, 0.001565, -0.999999, 0.419204, 5.7e-05, 0.999999, 0.001565, -7e-05, 0.0, 0.0, 0.0, 1.0],
                [1.0, -5.7e-05, 5.7e-05, -3e-06, 5.7e-05, 0.001565, -0.999998, 0.416826, 5.7e-05, 0.999999, 0.001565, -6.6e-05, 0.0, 0.0, 0.0, 1.0],
                [1.0, -5.7e-05, 5.7e-05, -2e-06, 5.7e-05, 0.001565, -0.999999, 0.414212, 5.7e-05, 0.999999, 0.001565, -6.2e-05, 0.0, 0.0, 0.0, 1.0],
                [1.0, -5.7e-05, 5.7e-05, -2e-06, 5.7e-05, 0.001565, -0.999999, 0.411382, 5.7e-05, 0.999999, 0.001565, -5.7e-05, 0.0, 0.0, 0.0, 1.0],
                [1.0, -5.7e-05, 5.7e-05, -2e-06, 5.7e-05, 0.001565, -0.999999, 0.40835, 5.7e-05, 0.999999, 0.001565, -5.3e-05, 0.0, 0.0, 0.0, 1.0],
                [1.0, -5.7e-05, 5.7e-05, -2e-06, 5.7e-05, 0.001565, -0.999999, 0.405172, 5.7e-05, 0.999999, 0.001565, -4.8e-05, 0.0, 0.0, 0.0, 1.0],
                [1.0, -5.7e-05, 5.7e-05, -2e-06, 5.7e-05, 0.001565, -0.999999, 0.401883, 5.7e-05, 0.999999, 0.001565, -4.2e-05, 0.0, 0.0, 0.0, 1.0],
                [1.0, -5.7e-05, 5.7e-05, -1e-06, 5.7e-05, 0.001565, -0.999999, 0.398528, 5.7e-05, 0.999999, 0.001565, -3.7e-05, 0.0, 0.0, 0.0, 1.0],
                [1.0, -5.7e-05, 5.7e-05, -1e-06, 5.7e-05, 0.001565, -0.999999, 0.39519, 5.7e-05, 0.999999, 0.001565, -3.3e-05, 0.0, 0.0, 0.0, 1.0],
                [1.0, -5.7e-05, 5.7e-05, -1e-06, 5.7e-05, 0.001565, -0.999999, 0.391931, 5.7e-05, 0.999999, 0.001565, -2.7e-05, 0.0, 0.0, 0.0, 1.0],
                [1.0, -5.7e-05, 5.7e-05, -1e-06, 5.7e-05, 0.001565, -0.999999, 0.388831, 5.7e-05, 0.999999, 0.001565, -2.2e-05, 0.0, 0.0, 0.0, 1.0],
                [1.0, -5.7e-05, 5.7e-05, -0.0, 5.7e-05, 0.001565, -0.999999, 0.38599, 5.7e-05, 0.999999, 0.001565, -1.7e-05, 0.0, 0.0, 0.0, 1.0],
                [1.0, -5.7e-05, 5.7e-05, -0.0, 5.7e-05, 0.001565, -0.999999, 0.383499, 5.7e-05, 0.999999, 0.001565, -1.4e-05, 0.0, 0.0, 0.0, 1.0],
                [1.0, -5.7e-05, 5.7e-05, -0.0, 5.7e-05, 0.001565, -0.999999, 0.381441, 5.7e-05, 0.999999, 0.001565, -1.1e-05, 0.0, 0.0, 0.0, 1.0],
                [1.0, -5.7e-05, 5.7e-05, -1e-06, 5.7e-05, 0.001565, -0.999999, 0.379921, 5.7e-05, 0.999999, 0.001565, -8e-06, 0.0, 0.0, 0.0, 1.0],
                [1.0, -5.7e-05, 5.7e-05, 0.0, 5.7e-05, 0.001565, -0.999999, 0.378988, 5.7e-05, 0.999999, 0.001565, -6e-06, 0.0, 0.0, 0.0, 1.0]
            ]
        },
        {
            "name": "Thigh_L",
            "time": [0.0, 0.0167, 0.0333, 0.05, 0.0667, 0.0833, 0.1, 0.1167, 0.1333, 0.15, 0.1667, 0.1833, 0.2, 0.2167, 0.2333, 0.25, 0.2667, 0.2833, 0.3, 0.3167, 0.3333, 0.35, 0.3667, 0.3833, 0.4, 0.4167, 0.4333, 0.45, 0.4667, 0.4833, 0.5, 0.5167, 0.5333, 0.55, 0.5667, 0.5833, 0.6, 0.6167, 0.6333, 0.65, 0.6667, 0.6833, 0.7, 0.7167, 0.7333, 0.75, 0.7667, 0.7833, 0.8, 0.8167, 0.8333, 0.85, 0.8667, 0.8833, 0.9, 0.9167, 0.9333, 0.95, 0.9667, 0.9833, 1.0],
            "transform": [
                [0.934044, -0.043813, 0.354461, -0.125006, 0.001252, -0.992039, -0.125922, -0.002831, 0.357157, 0.11806, -0.926553, -1.2e-05, 0.0, 0.0, 0.0, 1.0],
                [0.937973, -0.043178, 0.344009, -0.125006, 0.002356, -0.991398, -0.130861, -0.002831, 0.3467, 0.123554, -0.929802, -1.2e-05, 0.0, 0.0, 0.0, 1.0],
                [0.949135, -0.040799, 0.312214, -0.125006, 0.005501, -0.98927, -0.145996, -0.002831, 0.314821, 0.140287, -0.938726, -1.2e-05, 0.0, 0.0, 0.0, 1.0],
                [0.965206, -0.035346, 0.259089, -0.125006, 0.010051, -0.985075, -0.171833, -0.002831, 0.261296, 0.168459, -0.950445, -1.2e-05, 0.0, 0.0, 0.0, 1.0],
                [0.982171, -0.024723, 0.186359, -0.125006, 0.014891, -0.977968, -0.208222, -0.002831, 0.187401, 0.207285, -0.960163, -1.2e-05, 0.0, 0.0, 0.0, 1.0],
                [0.995119, -0.006769, 0.098454, -0.125006, 0.018623, -0.966839, -0.254706, -0.002831, 0.096913, 0.255296, -0.961994, -1.2e-05, 0.0, 0.0, 0.0, 1.0],
