{
    "animation": [
        {
            "name": "Root",
            "time": [0.0, 0.0167, 0.0333, 0.05, 0.0667, 0.0833, 0.1, 0.1167, 0.1333, 0.15, 0.1667, 0.1833, 0.2, 0.2167, 0.2333, 0.25, 0.2667, 0.2833, 0.3, 0.3167, 0.3333, 0.35, 0.3667, 0.3833, 0.4, 0.4167, 0.4333, 0.45, 0.4667, 0.4833, 0.5, 0.5167, 0.5333, 0.55, 0.5667, 0.5833, 0.6, 0.6167, 0.6333, 0.65, 0.6667, 0.6833, 0.7, 0.7167, 0.7333, 0.75, 0.7667, 0.7833, 0.8, 0.8167, 0.8333, 0.85, 0.8667, 0.8833, 0.9, 0.9167, 0.9333, 0.95, 0.9667, 0.9833, 1.0, 1.0167, 1.0333, 1.05, 1.0667, 1.0833, 1.1, 1.1167, 1.1333, 1.15, 1.1667, 1.1833, 1.2, 1.2167, 1.2333, 1.25, 1.2667, 1.2833, 1.3, 1.3167, 1.3333, 1.35, 1.3667, 1.3833, 1.4, 1.4167, 1.4333, 1.45, 1.4667, 1.4833, 1.5, 1.5167, 1.5333, 1.55, 1.5667, 1.5833, 1.6, 1.6167, 1.6333, 1.65, 1.6667],
            "transform": [
                [0.23355, 0.0, -0.972345, -5e-06, -0.972345, 0.0, -0.23355, 0.000946, 0.0, 1.0, 0.0, 0.72401, 0.0, 0.0, 0.0, 1.0],
                [0.23355, 0.0, -0.972345, -5e-06, -0.972345, 0.0, -0.23355, -0.010447, 0.0, 1.0, 0.0, 0.716802, 0.0, 0.0, 0.0, 1.0],
                [0.23355, 0.0, -0.972345, -5e-06, -0.972345, 0.0, -0.23355, -0.044735, 0.0, 1.0, 0.0, 0.695109, 0.0, 0.0, 0.0, 1.0],
                [0.23355, 0.0, -0.972345, -5e-06, -0.972345, 0.0, -0.23355, -0.100485, 0.0, 1.0, 0.0, 0.659838, 0.0, 0.0, 0.0, 1.0],
                [0.23355, 0.0, -0.972345, -5e-06, -0.972345, 0.0, -0.23355, -0.173404, 0.0, 1.0, 0.0, 0.613705, 0.0, 0.0, 0.0, 1.0],
                [0.23355, 0.0, -0.972345, -5e-06, -0.972345, 0.0, -0.23355, -0.256009, 0.0, 1.0, 0.0, 0.561443, 0.0, 0.0, 0.0, 1.0],
                [0.23355, 0.0, -0.972345, -5e-06, -0.972345, 0.0, -0.23355, -0.338615, 0.0, 1.0, 0.0, 0.509182, 0.0, 0.0, 0.0, 1.0],
                [0.23355, 0.0, -0.972345, -5e-06, -0.972345, 0.0, -0.23355, -0.411534, 0.0, 1.0, 0.0, 0.463049, 0.0, 0.0, 0.0, 1.0],
                [0.23355, 0.0, -0.972345, -5e-06, -0.972345, 0.0, -0.23355, -0.467284, 0.0, 1.0, 0.0, 0.427778, 0.0, 0.0, 0.0, 1.0],
                [0.23355, 0.0, -0.972345, -5e-06, -0.972345, 0.0, -0.23355, -0.501572, 0.0, 1.0, 0.0, 0.406085, 0.0, 0.0, 0.0, 1.0],
                [0.23355, 0.0, -0.972345, -5e-06, -0.972345, 0.0, -0.23355, -0.512965, 0.0, 1.0, 0.0, 0.398877, 0.0, 0.0, 0.0, 1.0],
                [0.243404, 0.0, -0.969925, -5e-06, -0.969925, 0.0, -0.243404, -0.512358, 0.0, 1.0, 0.0, 0.401668, 0.0, 0.0, 0.0, 1.0],
                [0.274866, 0.0, -0.961483, -5e-06, -0.961483, 0.0, -0.274866, -0.50755, 0.0, 1.0, 0.0, 0.410068, 0.0, 0.0, 0.0, 1.0],
                [0.329888, 0.0, -0.94402, -5e-06, -0.94402, 0.0, -0.329888, -0.492762, 0.0, 1.0, 0.0, 0.423725, 0.0, 0.0, 0.0, 1.0],
                [0.408095, 0.0, -0.912939, -5e-06, -0.912939, 0.0, -0.408095, -0.460744, 0.0, 1.0, 0.0, 0.441589, 0.0, 0.0, 0.0, 1.0],
                [0.505383, 0.0, -0.862895, -5e-06, -0.862895, 0.0, -0.505383, -0.403866, 0.0, 1.0, 0.0, 0.461825, 0.0, 0.0, 0.0, 1.0],
                [0.613522, 0.0, -0.789678, -5e-06, -0.789678, 0.0, -0.613522, -0.315946, 0.0, 1.0, 0.0, 0.482061, 0.0, 0.0, 0.0, 1.0],
                [0.721693, 0.0, -0.692213, -5e-06, -0.692213, 0.0, -0.721693, -0.193929, 0.0, 1.0, 0.0, 0.499925, 0.0, 0.0, 0.0, 1.0],
                [0.819358, 0.0, -0.573282, -5e-06, -0.573282, 0.0, -0.819358, -0.038314, 0.0, 1.0, 0.0, 0.513582, 0.0, 0.0, 0.0, 1.0],
                [0.898712, 0.0, -0.43854, -5e-06, -0.43854, 0.0, -0.898712, 0.147744, 0.0, 1.0, 0.0, 0.521982, 0.0, 0.0, 0.0, 1.0],
                [0.955574, 0.0, -0.294751, -5e-06, -0.294751, 0.0, -0.955574, 0.359832, 0.0, 1.0, 0.0, 0.524773, 0.0, 0.0, 0.0, 1.0],
                [0.993669, 0.0, -0.112346, -5e-06, -0.112346, 0.0, -0.993669, 0.664335, 0.0, 1.0, 0.0, 0.520763, 0.0, 0.0, 0.0, 1.0],
                [0.990855, 0.0, 0.134931, -5e-06, 0.134931, 0.0, -0.990855, 1.121952, 0.0, 1.0, 0.0, 0.508485, 0.0, 0.0, 0.0, 1.0],
                [0.912654, 0.0, 0.408733, -5e-06, 0.408733, 0.0, -0.912654, 1.688421, 0.0, 1.0, 0.0, 0.48873, 0.0, 0.0, 0.0, 1.0],
                [0.763772, 0.0, 0.645486, -5e-06, 0.645486, 0.0, -0.763772, 2.274633, 0.0, 1.0, 0.0, 0.464309, 0.0, 0.0, 0.0, 1.0],
                [0.598797, 0.0, 0.800901, -5e-06, 0.800901, 0.0, -0.598797, 2.774014, 0.0, 1.0, 0.0, 0.439417, 0.0, 0.0, 0.0, 1.0],
                [0.480105, 0.0, 0.877211, -5e-06, 0.877211, 0.0, -0.480105, 3.109439, 0.0, 1.0, 0.0, 0.417784, 0.0, 0.0, 0.0, 1.0],
                [0.439135, 0.0, 0.898421, -5e-06, 0.898421, 0.0, -0.439135, 3.253079, 0.0, 1.0, 0.0, 0.401458, 0.0, 0.0, 0.0, 1.0],
                [0.439135, 0.0, 0.898421, -5e-06, 0.898421, 0.0, -0.439135, 3.300835, 0.0, 1.0, 0.0, 0.387783, 0.0, 0.0, 0.0, 1.0],
                [0.439135, 0.0, 0.898421, -5e-06, 0.898421, 0.0, -0.439135, 3.347093, 0.0, 1.0, 0.0, 0.374195, 0.0, 0.0, 0.0, 1.0],
                [0.439135, 0.0, 0.898421, -5e-06, 0.898421, 0.0, -0.439135, 3.391762, 0.0, 1.0, 0.0, 0.362103, 0.0, 0.0, 0.0, 1.0],
                [0.439135, 0.0, 0.898421, -5e-06, 0.898421, 0.0, -0.439135, 3.434749, 0.0, 1.0, 0.0, 0.353066, 0.0, 0.0, 0.0, 1.0],
                [0.439135, 0.0, 0.898421, -5e-06, 0.898421, 0.0, -0.439135, 3.475959, 0.0, 1.0, 0.0, 0.347875, 0.0, 0.0, 0.0, 1.0],
                [0.439135, 0.0, 0.898421, -5e-06, 0.898421, 0.0, -0.439135, 3.515302, 0.0, 1.0, 0.0, 0.346299, 0.0, 0.0, 0.0, 1.0],
                [0.439135, 0.0, 0.898421, -5e-06, 0.898421, 0.0, -0.439135, 3.552688, 0.0, 1.0, 0.0, 0.346306, 0.0, 0.0, 0.0, 1.0],
                [0.439135, 0.0, 0.898421, -5e-06, 0.898421, 0.0, -0.439135, 3.588037, 0.0, 1.0, 0.0, 0.346337, 0.0, 0.0, 0.0, 1.0],
                [0.439135, 0.0, 0.898421, -5e-06, 0.898421, 0.0, -0.439135, 3.621272, 0.0, 1.0, 0.0, 0.346402, 0.0, 0.0, 0.0, 1.0],
                [0.439135, 0.0, 0.898421, -5e-06, 0.898421, 0.0, -0.439135, 3.652331, 0.0, 1.0, 0.0, 0.346518, 0.0, 0.0, 0.0, 1.0],
                [0.439135, 0.0, 0.898421, -5e-06, 0.898421, 0.0, -0.439135, 3.681165, 0.0, 1.0, 0.0, 0.346701, 0.0, 0.0, 0.0, 1.0],
                [0.439135, 0.0, 0.898421, -5e-06, 0.898421, 0.0, -0.439135, 3.707741, 0.0, 1.0, 0.0, 0.34697, 0.0, 0.0, 0.0, 1.0],
                [0.439135, 0.0, 0.898421, -5e-06, 0.898421, 0.0, -0.439135, 3.732045, 0.0, 1.0, 0.0, 0.347345, 0.0, 0.0, 0.0, 1.0],
                [0.439135, 0.0, 0.898421, -5e-06, 0.898421, 0.0, -0.439135, 3.754087, 0.0, 1.0, 0.0, 0.347847, 0.0, 0.0, 0.0, 1.0],
                [0.439135, 0.0, 0.898421, -5e-06, 0.898421, 0.0, -0.439135, 3.773895, 0.0, 1.0, 0.0, 0.3485, 0.0, 0.0, 0.0, 1.0],
                [0.439135, 0.0, 0.898421, -5e-06, 0.898421, 0.0, -0.439135, 3.791525, 0.0, 1.0, 0.0, 0.349326, 0.0, 0.0, 0.0, 1.0],
                [0.439135, 0.0, 0.898421, -5e-06, 0.898421, 0.0, -0.439135, 3.807051, 0.0, 1.0, 0.0, 0.350349, 0.0, 0.0, 0.0, 1.0],
                [0.439135, 0.0, 0.898421, -5e-06, 0.898421, 0.0, -0.439135, 3.820574, 0.0, 1.0, 0.0, 0.35159, 0.0, 0.0, 0.0, 1.0],
                [0.439135, 0.0, 0.898421, -5e-06, 0.898421, 0.0, -0.439135, 3.832208, 0.0, 1.0, 0.0, 0.353069, 0.0, 0.0, 0.0, 1.0],
                [0.439135, 0.0, 0.898421, -5e-06, 0.898421, 0.0, -0.439135, 3.842087, 0.0, 1.0, 0.0, 0.354802, 0.0, 0.0, 0.0, 1.0],
                [0.439135, 0.0, 0.898421, -5e-06, 0.898421, 0.0, -0.439135, 3.850354, 0.0, 1.0, 0.0, 0.356804, 0.0, 0.0, 0.0, 1.0],
                [0.439135, 0.0, 0.898421, -5e-06, 0.898421, 0.0, -0.439135, 3.857163, 0.0, 1.0, 0.0, 0.359083, 0.0, 0.0, 0.0, 1.0],
                [0.439135, 0.0, 0.898421, -5e-06, 0.898421, 0.0, -0.439135, 3.86267, 0.0, 1.0, 0.0, 0.361644, 0.0, 0.0, 0.0, 1.0],
                [0.439135, 0.0, 0.898421, -5e-06, 0.898421, 0.0, -0.439135, 3.867031, 0.0, 1.0, 0.0, 0.364488, 0.0, 0.0, 0.0, 1.0],
                [0.439135, 0.0, 0.898421, -5e-06, 0.898421, 0.0, -0.439135, 3.870402, 0.0, 1.0, 0.0, 0.367613, 0.0, 0.0, 0.0, 1.0],
                [0.439135, 0.0, 0.898421, -5e-06, 0.898421, 0.0, -0.439135, 3.87293, 0.0, 1.0, 0.0, 0.37101, 0.0, 0.0, 0.0, 1.0],
                [0.439135, 0.0, 0.898421, -5e-06, 0.898421, 0.0, -0.439135, 3.874756, 0.0, 1.0, 0.0, 0.374671, 0.0, 0.0, 0.0, 1.0],
                [0.439135, 0.0, 0.898421, -5e-06, 0.898421, 0.0, -0.439135, 3.876012, 0.0, 1.0, 0.0, 0.378585, 0.0, 0.0, 0.0, 1.0],
                [0.439135, 0.0, 0.898421, -5e-06, 0.898421, 0.0, -0.439135, 3.876819, 0.0, 1.0, 0.0, 0.382738, 0.0, 0.0, 0.0, 1.0],
                [0.439135, 0.0, 0.898421, -5e-06, 0.898421, 0.0, -0.439135, 3.877288, 0.0, 1.0, 0.0, 0.387117, 0.0, 0.0, 0.0, 1.0],
                [0.439135, 0.0, 0.898421, -5e-06, 0.898421, 0.0, -0.439135, 3.877519, 0.0, 1.0, 0.0, 0.391706, 0.0, 0.0, 0.0, 1.0],
                [0.439135, 0.0, 0.898421, -5e-06, 0.898421, 0.0, -0.439135, 3.877601, 0.0, 1.0, 0.0, 0.396491, 0.0, 0.0, 0.0, 1.0],
                [0.439135, 0.0, 0.898421, -5e-06, 0.898421, 0.0, -0.439135, 3.877612, 0.0, 1.0, 0.0, 0.401458, 0.0, 0.0, 0.0, 1.0],
                [0.441476, 0.0, 0.897273, -5e-06, 0.897273, 0.0, -0.441476, 3.876069, 0.0, 1.0, 0.0, 0.406784, 0.0, 0.0, 0.0, 1.0],
                [0.448515, 0.0, 0.893775, -5e-06, 0.893775, 0.0, -0.448515, 3.871419, 0.0, 1.0, 0.0, 0.412657, 0.0, 0.0, 0.0, 1.0],
                [0.460237, 0.0, 0.887796, -5e-06, 0.887796, 0.0, -0.460237, 3.863635, 0.0, 1.0, 0.0, 0.419075, 0.0, 0.0, 0.0, 1.0],
                [0.476565, 0.0, 0.879139, -5e-06, 0.879139, 0.0, -0.476565, 3.852701, 0.0, 1.0, 0.0, 0.426035, 0.0, 0.0, 0.0, 1.0],
                [0.497356, 0.0, 0.867546, -5e-06, 0.867546, 0.0, -0.497356, 3.838618, 0.0, 1.0, 0.0, 0.433532, 0.0, 0.0, 0.0, 1.0],
                [0.522389, 0.0, 0.852708, -5e-06, 0.852708, 0.0, -0.522389, 3.821402, 0.0, 1.0, 0.0, 0.441553, 0.0, 0.0, 0.0, 1.0],
                [0.551356, 0.0, 0.83427, -5e-06, 0.83427, 0.0, -0.551356, 3.801088, 0.0, 1.0, 0.0, 0.450087, 0.0, 0.0, 0.0, 1.0],
                [0.583857, 0.0, 0.811857, -5e-06, 0.811857, 0.0, -0.583857, 3.77773, 0.0, 1.0, 0.0, 0.459114, 0.0, 0.0, 0.0, 1.0],
                [0.61939, 0.0, 0.785084, -5e-06, 0.785084, 0.0, -0.61939, 3.751408, 0.0, 1.0, 0.0, 0.46861, 0.0, 0.0, 0.0, 1.0],
                [0.657348, 0.0, 0.753587, -5e-06, 0.753587, 0.0, -0.657348, 3.722226, 0.0, 1.0, 0.0, 0.478549, 0.0, 0.0, 0.0, 1.0],
                [0.697022, 0.0, 0.717049, -5e-06, 0.717049, 0.0, -0.697022, 3.690314, 0.0, 1.0, 0.0, 0.488897, 0.0, 0.0, 0.0, 1.0],
                [0.73761, 0.0, 0.675227, -5e-06, 0.675227, 0.0, -0.73761, 3.655832, 0.0, 1.0, 0.0, 0.499614, 0.0, 0.0, 0.0, 1.0],
                [0.778228, 0.0, 0.627982, -5e-06, 0.627982, 0.0, -0.778228, 3.618968, 0.0, 1.0, 0.0, 0.510657, 0.0, 0.0, 0.0, 1.0],
                [0.817935, 0.0, 0.57531, -5e-06, 0.57531, 0.0, -0.817935, 3.579938, 0.0, 1.0, 0.0, 0.521975, 0.0, 0.0, 0.0, 1.0],
                [0.855767, 0.0, 0.517362, -5e-06, 0.517362, 0.0, -0.855767, 3.53899, 0.0, 1.0, 0.0, 0.533515, 0.0, 0.0, 0.0, 1.0],
                [0.890768, 0.0, 0.454459, -5e-06, 0.454459, 0.0, -0.890768, 3.496395, 0.0, 1.0, 0.0, 0.545216, 0.0, 0.0, 0.0, 1.0],
                [0.922038, 0.0, 0.387099, -5e-06, 0.387099, 0.0, -0.922038, 3.452451, 0.0, 1.0, 0.0, 0.557015, 0.0, 0.0, 0.0, 1.0],
                [0.948776, 0.0, 0.315951, -5e-06, 0.315951, 0.0, -0.948776, 3.407475, 0.0, 1.0, 0.0, 0.568846, 0.0, 0.0, 0.0, 1.0],
                [0.970318, 0.0, 0.241834, -5e-06, 0.241834, 0.0, -0.970318, 3.361803, 0.0, 1.0, 0.0, 0.58064, 0.0, 0.0, 0.0, 1.0],
                [0.986178, 0.0, 0.16569, -5e-06, 0.16569, 0.0, -0.986178, 3.315778, 0.0, 1.0, 0.0, 0.592327, 0.0, 0.0, 0.0, 1.0],
                [0.996072, 0.0, 0.088544, -5e-06, 0.088544, 0.0, -0.996072, 3.269754, 0.0, 1.0, 0.0, 0.603837, 0.0, 0.0, 0.0, 1.0],
                [0.999934, 0.0, 0.011456, -5e-06, 0.011456, 0.0, -0.999934, 3.224082, 0.0, 1.0, 0.0, 0.615102, 0.0, 0.0, 0.0, 1.0],
                [0.997916, 0.0, -0.064524, -5e-06, -0.064524, 0.0, -0.997916, 3.179106, 0.0, 1.0, 0.0, 0.626054, 0.0, 0.0, 0.0, 1.0],
                [0.990376, 0.0, -0.138405, -5e-06, -0.138405, 0.0, -0.990376, 3.135162, 0.0, 1.0, 0.0, 0.636632, 0.0, 0.0, 0.0, 1.0],
                [0.977853, 0.0, -0.209292, -5e-06, -0.209292, 0.0, -0.977853, 3.092567, 0.0, 1.0, 0.0, 0.646776, 0.0, 0.0, 0.0, 1.0],
                [0.961036, 0.0, -0.276422, -5e-06, -0.276422, 0.0, -0.961036, 3.051619, 0.0, 1.0, 0.0, 0.656432, 0.0, 0.0, 0.0, 1.0],
                [0.940722, 0.0, -0.339178, -5e-06, -0.339178, 0.0, -0.940722, 3.012589, 0.0, 1.0, 0.0, 0.665553, 0.0, 0.0, 0.0, 1.0],
                [0.917774, 0.0, -0.397102, -5e-06, -0.397102, 0.0, -0.917774, 2.975725, 0.0, 1.0, 0.0, 0.674096, 0.0, 0.0, 0.0, 1.0],
                [0.893083, 0.0, -0.449893, -5e-06, -0.449893, 0.0, -0.893083, 2.941242, 0.0, 1.0, 0.0, 0.682026, 0.0, 0.0, 0.0, 1.0],
                [0.867527, 0.0, -0.49739, -5e-06, -0.49739, 0.0, -0.867527, 2.90933, 0.0, 1.0, 0.0, 0.689312, 0.0, 0.0, 0.0, 1.0],
                [0.841946, 0.0, -0.539562, -5e-06, -0.539562, 0.0, -0.841946, 2.880148, 0.0, 1.0, 0.0, 0.695931, 0.0, 0.0, 0.0, 1.0],
                [0.817114, 0.0, -0.576477, -5e-06, -0.576477, 0.0, -0.817114, 2.853827, 0.0, 1.0, 0.0, 0.701864, 0.0, 0.0, 0.0, 1.0],
                [0.793722, 0.0, -0.608281, -5e-06, -0.608281, 0.0, -0.793722, 2.830469, 0.0, 1.0, 0.0, 0.707098, 0.0, 0.0, 0.0, 1.0],
                [0.77237, 0.0, -0.635172, -5e-06, -0.635172, 0.0, -0.77237, 2.810154, 0.0, 1.0, 0.0, 0.711627, 0.0, 0.0, 0.0, 1.0],
                [0.753562, 0.0, -0.657377, -5e-06, -0.657377, 0.0, -0.753562, 2.792938, 0.0, 1.0, 0.0, 0.715445, 0.0, 0.0, 0.0, 1.0],
                [0.737701, 0.0, -0.675128, -5e-06, -0.675128, 0.0, -0.737701, 2.778856, 0.0, 1.0, 0.0, 0.718554, 0.0, 0.0, 0.0, 1.0],
                [0.725098, 0.0, -0.688646, -5e-06, -0.688646, 0.0, -0.725098, 2.767922, 0.0, 1.0, 0.0, 0.720957, 0.0, 0.0, 0.0, 1.0],
                [0.715973, 0.0, -0.698128, -5e-06, -0.698128, 0.0, -0.715973, 2.760138, 0.0, 1.0, 0.0, 0.722661, 0.0, 0.0, 0.0, 1.0],
                [0.710464, 0.0, -0.703734, -5e-06, -0.703734, 0.0, -0.710464, 2.755487, 0.0, 1.0, 0.0, 0.723675, 0.0, 0.0, 0.0, 1.0],
                [0.708627, 0.0, -0.705584, -5e-06, -0.705584, 0.0, -0.708627, 2.753945, 0.0, 1.0, 0.0, 0.72401, 0.0, 0.0, 0.0, 1.0]
            ]
        },
        {
            "name": "Thigh_R",
            "time": [0.0, 0.0167, 0.0333, 0.05, 0.0667, 0.0833, 0.1, 0.1167, 0.1333, 0.15, 0.1667, 0.1833, 0.2, 0.2167, 0.2333, 0.25, 0.2667, 0.2833, 0.3, 0.3167, 0.3333, 0.35, 0.3667, 0.3833, 0.4, 0.4167, 0.4333, 0.45, 0.4667, 0.4833, 0.5, 0.5167, 0.5333, 0.55, 0.5667, 0.5833, 0.6, 0.6167, 0.6333, 0.65, 0.6667, 0.6833, 0.7, 0.7167, 0.7333, 0.75, 0.7667, 0.7833, 0.8, 0.8167, 0.8333, 0.85, 0.8667, 0.8833, 0.9, 0.9167, 0.9333, 0.95, 0.9667, 0.9833, 1.0, 1.0167, 1.0333, 1.05, 1.0667, 1.0833, 1.1, 1.1167, 1.1333, 1.15, 1.1667, 1.1833, 1.2, 1.2167, 1.2333, 1.25, 1.2667, 1.2833, 1.3, 1.3167, 1.3333, 1.35, 1.3667, 1.3833, 1.4, 1.4167, 1.4333, 1.45, 1.4667, 1.4833, 1.5, 1.5167, 1.5333, 1.55, 1.5667, 1.5833, 1.6, 1.6167, 1.6333, 1.65, 1.6667],
            "transform": [
                [0.612349, -0.093322, -0.78506, 0.124994, 0.244076, -0.922185, 0.300002, -0.002831, -0.751968, -0.37532, -0.541922, -1.2e-05, 0.0, 0.0, 0.0, 1.0],
                [0.609019, -0.126491, -0.783005, 0.124994, 0.24875, -0.906934, 0.339989, -0.002831, -0.75314, -0.401832, -0.520875, -1.2e-05, 0.0, 0.0, 0.0, 1.0],
                [0.599424, -0.200245, -0.77498, 0.124994, 0.261788, -0.865909, 0.426225, -0.002831, -0.756412, -0.45837, -0.466625, -1.2e-05, 0.0, 0.0, 0.0, 1.0],
                [0.584994, -0.28557, -0.759099, 0.124994, 0.282107, -0.805868, 0.520569, -0.002831, -0.760393, -0.518677, -0.390867, -1.2e-05, 0.0, 0.0, 0.0, 1.0],
                [0.567961, -0.368939, -0.735734, 0.124994, 0.309131, -0.732837, 0.606125, -0.002831, -0.762797, -0.571693, -0.302173, -1.2e-05, 0.0, 0.0, 0.0, 1.0],
                [0.550674, -0.442342, -0.707878, 0.124994, 0.341889, -0.654121, 0.674713, -0.002831, -0.761492, -0.613563, -0.208976, -1.2e-05, 0.0, 0.0, 0.0, 1.0],
                [0.534944, -0.501062, -0.680273, 0.124994, 0.378248, -0.577939, 0.723128, -0.002831, -0.755489, -0.644145, -0.119639, -1.2e-05, 0.0, 0.0, 0.0, 1.0],
                [0.521833, -0.543602, -0.657409, 0.124994, 0.414424, -0.512052, 0.752367, -0.002831, -0.745616, -0.665056, -0.041924, -1.2e-05, 0.0, 0.0, 0.0, 1.0],
                [0.511955, -0.571088, -0.641685, 0.124994, 0.445344, -0.46232, 0.766765, -0.002831, -0.734554, -0.67832, 0.017643, -1.2e-05, 0.0, 0.0, 0.0, 1.0],
                [0.505803, -0.586027, -0.633037, 0.124994, 0.466019, -0.431911, 0.772191, -0.002831, -0.725941, -0.685584, 0.054638, -1.2e-05, 0.0, 0.0, 0.0, 1.0],
                [0.503728, -0.590677, -0.630364, 0.124994, 0.473197, -0.421824, 0.773401, -0.002831, -0.722733, -0.68787, 0.067022, -1.2e-05, 0.0, 0.0, 0.0, 1.0],
                [0.511128, -0.581807, -0.632652, 0.124994, 0.468989, -0.428045, 0.772546, -0.002831, -0.720276, -0.691576, 0.054076, -1.2e-05, 0.0, 0.0, 0.0, 1.0],
                [0.534983, -0.551402, -0.640116, 0.124994, 0.456847, -0.448533, 0.768185, -0.002831, -0.710692, -0.703402, 0.011948, -1.2e-05, 0.0, 0.0, 0.0, 1.0],
                [0.577052, -0.492729, -0.651328, 0.124994, 0.438558, -0.485823, 0.75607, -0.002831, -0.688968, -0.721937, -0.064256, -1.2e-05, 0.0, 0.0, 0.0, 1.0],
                [0.636814, -0.398629, -0.659971, 0.124994, 0.417533, -0.541302, 0.729834, -0.002831, -0.648176, -0.740329, -0.178268, -1.2e-05, 0.0, 0.0, 0.0, 1.0],
                [0.709695, -0.264209, -0.65309, 0.124994, 0.398722, -0.613631, 0.681526, -0.002831, -0.580821, -0.744077, -0.330146, -1.2e-05, 0.0, 0.0, 0.0, 1.0],
                [0.786165, -0.091161, -0.611256, 0.124994, 0.388062, -0.696953, 0.603046, -0.002831, -0.480991, -0.711299, -0.512544, -1.2e-05, 0.0, 0.0, 0.0, 1.0],
                [0.852447, 0.107618, -0.511617, 0.124994, 0.391919, -0.779217, 0.489101, -0.002831, -0.346025, -0.617446, -0.706419, -1.2e-05, 0.0, 0.0, 0.0, 1.0],
                [0.89155, 0.306766, -0.333216, 0.124994, 0.417082, -0.842898, 0.339948, -0.002831, -0.176583, -0.44206, -0.879433, -1.2e-05, 0.0, 0.0, 0.0, 1.0],
                [0.881646, 0.467849, -0.061784, 0.124994, 0.471299, -0.866255, 0.165766, -0.002831, 0.024033, -0.175265, -0.984228, -1.2e-05, 0.0, 0.0, 0.0, 1.0],
                [0.789623, 0.531716, 0.306225, 0.124994, 0.561737, -0.827227, -0.012117, -0.002831, 0.246876, 0.181585, -0.951882, -1.2e-05, 0.0, 0.0, 0.0, 1.0],
                [0.625461, 0.453891, 0.634651, 0.124994, 0.633897, -0.769856, -0.074132, -0.002831, 0.454942, 0.44867, -0.769235, -1.2e-05, 0.0, 0.0, 0.0, 1.0],
                [0.476187, 0.453135, 0.753601, 0.124994, 0.626648, -0.77609, 0.07069, -0.002831, 0.616894, 0.43858, -0.65352, -1.2e-05, 0.0, 0.0, 0.0, 1.0],
                [0.43117, 0.549007, 0.716019, 0.124994, 0.518426, -0.800244, 0.301402, -0.002831, 0.738463, 0.241247, -0.629661, -1.2e-05, 0.0, 0.0, 0.0, 1.0],
                [0.497911, 0.691375, 0.523532, 0.124994, 0.367116, -0.714961, 0.595026, -0.002831, 0.785691, -0.104073, -0.609802, -1.2e-05, 0.0, 0.0, 0.0, 1.0],
                [0.508553, 0.825027, 0.24638, 0.124994, 0.355617, -0.461857, 0.812542, -0.002831, 0.784162, -0.325604, -0.528273, -1.2e-05, 0.0, 0.0, 0.0, 1.0],
                [0.460972, 0.885491, 0.058392, 0.124994, 0.419387, -0.275369, 0.865035, -0.002831, 0.782061, -0.374269, -0.498301, -1.2e-05, 0.0, 0.0, 0.0, 1.0],
                [0.429918, 0.902794, -0.011504, 0.124994, 0.453131, -0.204728, 0.867616, -0.002831, 0.780924, -0.378217, -0.497101, -1.2e-05, 0.0, 0.0, 0.0, 1.0],
                [0.418232, 0.907381, -0.041741, 0.124994, 0.461174, -0.172526, 0.870375, -0.002831, 0.78256, -0.383269, -0.490617, -1.2e-05, 0.0, 0.0, 0.0, 1.0],
                [0.406125, 0.910963, -0.072174, 0.124994, 0.469338, -0.140167, 0.871823, -0.002831, 0.784082, -0.387943, -0.484475, -1.2e-05, 0.0, 0.0, 0.0, 1.0],
                [0.394913, 0.913304, -0.099598, 0.124994, 0.476749, -0.111053, 0.871996, -0.002831, 0.785337, -0.391846, -0.479273, -1.2e-05, 0.0, 0.0, 0.0, 1.0],
                [0.386254, 0.914513, -0.120307, 0.124994, 0.482378, -0.089099, 0.87142, -0.002831, 0.786206, -0.394623, -0.475556, -1.2e-05, 0.0, 0.0, 0.0, 1.0],
                [0.381168, 0.914993, -0.132284, 0.124994, 0.485646, -0.076414, 0.87081, -0.002831, 0.786676, -0.396168, -0.473489, -1.2e-05, 0.0, 0.0, 0.0, 1.0],
                [0.379607, 0.915107, -0.135934, 0.124994, 0.486643, -0.07255, 0.870583, -0.002831, 0.786814, -0.396631, -0.472871, -1.2e-05, 0.0, 0.0, 0.0, 1.0],
                [0.379614, 0.915106, -0.135917, 0.124994, 0.486638, -0.072568, 0.870584, -0.002831, 0.786814, -0.396629, -0.472874, -1.2e-05, 0.0, 0.0, 0.0, 1.0],
                [0.379644, 0.915104, -0.135847, 0.124994, 0.486619, -0.072642, 0.870589, -0.002831, 0.786811, -0.39662, -0.472886, -1.2e-05, 0.0, 0.0, 0.0, 1.0],
                [0.37971, 0.9151, -0.135695, 0.124994, 0.486578, -0.072803, 0.870598, -0.002831, 0.786805, -0.396601, -0.472911, -1.2e-05, 0.0, 0.0, 0.0, 1.0],
                [0.379825, 0.915092, -0.135426, 0.124994, 0.486504, -0.073088, 0.870616, -0.002831, 0.786795, -0.396567, -0.472957, -1.2e-05, 0.0, 0.0, 0.0, 1.0],
                [0.380007, 0.915079, -0.135002, 0.124994, 0.486388, -0.073537, 0.870643, -0.002831, 0.786779, -0.396513, -0.473028, -1.2e-05, 0.0, 0.0, 0.0, 1.0],
                [0.380273, 0.91506, -0.134379, 0.124994, 0.486218, -0.074196, 0.870682, -0.002831, 0.786756, -0.396434, -0.473134, -1.2e-05, 0.0, 0.0, 0.0, 1.0],
                [0.380644, 0.915033, -0.133513, 0.124994, 0.485981, -0.075113, 0.870735, -0.002831, 0.786723, -0.396325, -0.47328, -1.2e-05, 0.0, 0.0, 0.0, 1.0],
                [0.38114, 0.914995, -0.13235, 0.124994, 0.485664, -0.076345, 0.870806, -0.002831, 0.786678, -0.396177, -0.473478, -1.2e-05, 0.0, 0.0, 0.0, 1.0],
                [0.381784, 0.914944, -0.13084, 0.124994, 0.485251, -0.077942, 0.870894, -0.002831, 0.786621, -0.395984, -0.473735, -1.2e-05, 0.0, 0.0, 0.0, 1.0],
                [0.382598, 0.914875, -0.128931, 0.124994, 0.48473, -0.079965, 0.871001, -0.002831, 0.786547, -0.39574, -0.474061, -1.2e-05, 0.0, 0.0, 0.0, 1.0],
                [0.383602, 0.914784, -0.126569, 0.124994, 0.484085, -0.082466, 0.871126, -0.002831, 0.786455, -0.395436, -0.474468, -1.2e-05, 0.0, 0.0, 0.0, 1.0],
                [0.384816, 0.914666, -0.123707, 0.124994, 0.483305, -0.085497, 0.871267, -0.002831, 0.786342, -0.395066, -0.474963, -1.2e-05, 0.0, 0.0, 0.0, 1.0],
                [0.386256, 0.914513, -0.1203, 0.124994, 0.482376, -0.089106, 0.87142, -0.002831, 0.786205, -0.394622, -0.475557, -1.2e-05, 0.0, 0.0, 0.0, 1.0],
                [0.387936, 0.914317, -0.116313, 0.124994, 0.481291, -0.093331, 0.871578, -0.002831, 0.786044, -0.394098, -0.476259, -1.2e-05, 0.0, 0.0, 0.0, 1.0],
                [0.389865, 0.91407, -0.111719, 0.124994, 0.48004, -0.0982, 0.871733, -0.002831, 0.785854, -0.393488, -0.477075, -1.2e-05, 0.0, 0.0, 0.0, 1.0],
                [0.392046, 0.91376, -0.106499, 0.124994, 0.478622, -0.103735, 0.871872, -0.002831, 0.785634, -0.392787, -0.478014, -1.2e-05, 0.0, 0.0, 0.0, 1.0],
                [0.394479, 0.913377, -0.100645, 0.124994, 0.477033, -0.109943, 0.871981, -0.002831, 0.785382, -0.39199, -0.479082, -1.2e-05, 0.0, 0.0, 0.0, 1.0],
                [0.397158, 0.912907, -0.094162, 0.124994, 0.475277, -0.11682, 0.872046, -0.002831, 0.785097, -0.391093, -0.48028, -1.2e-05, 0.0, 0.0, 0.0, 1.0],
                [0.400073, 0.912338, -0.087063, 0.124994, 0.473356, -0.124355, 0.872049, -0.002831, 0.784777, -0.390096, -0.481612, -1.2e-05, 0.0, 0.0, 0.0, 1.0],
                [0.403212, 0.911659, -0.079366, 0.124994, 0.471277, -0.132527, 0.871972, -0.002831, 0.784422, -0.388993, -0.48308, -1.2e-05, 0.0, 0.0, 0.0, 1.0],
                [0.406557, 0.910855, -0.071101, 0.124994, 0.46905, -0.141307, 0.871794, -0.002831, 0.784031, -0.387784, -0.484685, -1.2e-05, 0.0, 0.0, 0.0, 1.0],
                [0.410091, 0.909914, -0.062298, 0.124994, 0.466682, -0.150662, 0.871498, -0.002831, 0.783603, -0.386467, -0.486426, -1.2e-05, 0.0, 0.0, 0.0, 1.0],
                [0.413795, 0.908826, -0.052994, 0.124994, 0.464185, -0.160555, 0.871065, -0.002831, 0.783138, -0.385042, -0.488301, -1.2e-05, 0.0, 0.0, 0.0, 1.0],
                [0.417649, 0.90758, -0.043225, 0.124994, 0.461571, -0.170947, 0.870476, -0.002831, 0.782637, -0.383505, -0.490309, -1.2e-05, 0.0, 0.0, 0.0, 1.0],
                [0.421634, 0.906164, -0.03303, 0.124994, 0.45885, -0.181799, 0.869716, -0.002831, 0.782101, -0.381857, -0.492446, -1.2e-05, 0.0, 0.0, 0.0, 1.0],
                [0.425729, 0.904572, -0.022447, 0.124994, 0.456033, -0.193069, 0.868768, -0.002831, 0.78153, -0.380097, -0.49471, -1.2e-05, 0.0, 0.0, 0.0, 1.0],
                [0.429918, 0.902795, -0.011504, 0.124994, 0.453132, -0.204728, 0.867616, -0.002831, 0.780924, -0.378217, -0.497101, -1.2e-05, 0.0, 0.0, 0.0, 1.0],
                [0.435944, 0.899974, -0.000203, 0.124994, 0.449104, -0.217349, 0.86664, -0.002831, 0.779909, -0.377898, -0.498934, -1.2e-05, 0.0, 0.0, 0.0, 1.0],
                [0.445519, 0.895199, 0.011494, 0.124994, 0.442897, -0.23154, 0.866159, -0.002831, 0.778046, -0.380799, -0.499637, -1.1e-05, 0.0, 0.0, 0.0, 1.0],
                [0.458544, 0.888357, 0.023638, 0.124994, 0.434523, -0.247332, 0.866035, -0.002831, 0.775195, -0.386843, -0.499424, -1.2e-05, 0.0, 0.0, 0.0, 1.0],
                [0.474881, 0.8793, 0.036327, 0.124994, 0.42403, -0.264785, 0.866075, -0.002831, 0.771159, -0.39588, -0.498592, -1.2e-05, 0.0, 0.0, 0.0, 1.0],
                [0.494348, 0.867843, 0.049672, 0.124994, 0.411514, -0.283978, 0.866033, -0.002831, 0.765687, -0.407681, -0.497514, -1.2e-05, 0.0, 0.0, 0.0, 1.0],
                [0.516718, 0.853768, 0.063894, 0.124994, 0.397115, -0.305119, 0.865564, -0.002831, 0.758486, -0.42188, -0.496705, -1.2e-05, 0.0, 0.0, 0.0, 1.0],
                [0.541703, 0.836868, 0.078803, 0.124994, 0.381048, -0.328048, 0.864399, -0.002831, 0.749239, -0.43822, -0.496592, -1.2e-05, 0.0, 0.0, 0.0, 1.0],
                [0.568982, 0.816904, 0.094481, 0.124994, 0.363587, -0.352951, 0.862108, -0.002831, 0.737607, -0.456172, -0.497838, -1.2e-05, 0.0, 0.0, 0.0, 1.0],
                [0.598187, 0.793666, 0.110751, 0.124994, 0.345074, -0.379849, 0.858276, -0.002831, 0.723254, -0.475193, -0.501095, -1.2e-05, 0.0, 0.0, 0.0, 1.0],
                [0.628914, 0.766987, 0.127273, 0.124995, 0.325919, -0.408708, 0.852488, -0.002831, 0.705864, -0.49466, -0.507017, -1.2e-05, 0.0, 0.0, 0.0, 1.0],
                [0.660733, 0.736773, 0.143521, 0.124994, 0.306577, -0.439413, 0.84435, -0.002831, 0.685159, -0.513889, -0.516212, -1.1e-05, 0.0, 0.0, 0.0, 1.0],
                [0.693193, 0.703042, 0.158792, 0.124994, 0.287536, -0.47177, 0.83352, -0.002831, 0.660913, -0.532132, -0.529178, -1.2e-05, 0.0, 0.0, 0.0, 1.0],
                [0.725838, 0.665955, 0.172229, 0.124994, 0.269286, -0.505499, 0.819729, -0.002831, 0.632965, -0.548611, -0.546243, -1.2e-05, 0.0, 0.0, 0.0, 1.0],
                [0.758203, 0.625845, 0.182881, 0.124994, 0.252292, -0.540238, 0.802803, -0.002831, 0.601229, -0.562548, -0.567506, -1.2e-05, 0.0, 0.0, 0.0, 1.0],
                [0.789826, 0.583233, 0.189772, 0.124994, 0.236965, -0.575567, 0.782668, -0.002831, 0.565705, -0.573202, -0.592804, -1.2e-05, 0.0, 0.0, 0.0, 1.0],
                [0.820246, 0.538827, 0.191995, 0.124994, 0.223647, -0.611029, 0.759359, -0.002831, 0.526478, -0.579922, -0.621701, -1.2e-05, 0.0, 0.0, 0.0, 1.0],
                [0.849012, 0.493467, 0.188861, 0.124994, 0.212579, -0.646248, 0.732921, -0.002831, 0.483724, -0.582111, -0.653574, -1.2e-05, 0.0, 0.0, 0.0, 1.0],
                [0.875681, 0.448196, 0.179728, 0.124994, 0.203914, -0.680595, 0.703712, -0.002831, 0.437723, -0.579578, -0.687377, -1.1e-05, 0.0, 0.0, 0.0, 1.0],
                [0.899842, 0.404038, 0.164429, 0.124994, 0.197698, -0.713746, 0.671924, -0.002831, 0.388844, -0.572118, -0.722136, -1.2e-05, 0.0, 0.0, 0.0, 1.0],
                [0.921122, 0.362034, 0.143054, 0.124994, 0.193887, -0.745349, 0.637857, -0.002831, 0.337551, -0.559808, -0.756752, -1.2e-05, 0.0, 0.0, 0.0, 1.0],
                [0.939212, 0.323148, 0.116002, 0.124994, 0.192357, -0.775115, 0.601826, -0.002831, 0.284394, -0.542929, -0.790157, -1.2e-05, 0.0, 0.0, 0.0, 1.0],
                [0.953881, 0.288197, 0.083986, 0.124994, 0.192913, -0.802882, 0.564061, -0.002831, 0.229992, -0.521845, -0.821451, -1.2e-05, 0.0, 0.0, 0.0, 1.0],
                [0.964997, 0.257856, 0.047857, 0.124994, 0.195317, -0.828388, 0.524999, -0.002831, 0.175019, -0.497276, -0.849756, -1.1e-05, 0.0, 0.0, 0.0, 1.0],
                [0.972544, 0.232556, 0.00871, 0.124994, 0.19929, -0.851586, 0.484855, -0.002831, 0.120173, -0.469807, -0.874551, -1.2e-05, 0.0, 0.0, 0.0, 1.0],
                [0.976622, 0.212525, -0.032287, 0.124994, 0.204532, -0.872467, 0.44381, -0.002831, 0.066152, -0.440039, -0.895539, -1.2e-05, 0.0, 0.0, 0.0, 1.0],
                [0.977447, 0.197795, -0.073997, 0.124994, 0.210743, -0.890966, 0.402203, -0.002831, 0.013625, -0.408726, -0.912556, -1.2e-05, 0.0, 0.0, 0.0, 1.0],
                [0.97534, 0.188217, -0.115268, 0.124994, 0.217621, -0.907177, 0.360097, -0.002831, -0.036793, -0.376302, -0.925766, -1.2e-05, 0.0, 0.0, 0.0, 1.0],
                [0.970709, 0.183469, -0.155121, 0.124994, 0.224886, -0.921073, 0.317885, -0.002831, -0.084555, -0.343459, -0.935354, -1.2e-05, 0.0, 0.0, 0.0, 1.0],
                [0.964031, 0.183154, -0.19261, 0.124994, 0.232269, -0.932817, 0.275505, -0.002831, -0.12921, -0.310333, -0.941806, -1.2e-05, 0.0, 0.0, 0.0, 1.0],
                [0.955817, 0.186739, -0.227027, 0.124994, 0.23954, -0.942437, 0.233309, -0.002831, -0.17039, -0.277383, -0.94553, -1.2e-05, 0.0, 0.0, 0.0, 1.0],
                [0.946599, 0.19369, -0.257748, 0.124994, 0.246488, -0.950079, 0.191292, -0.002831, -0.20783, -0.244608, -0.947087, -1.2e-05, 0.0, 0.0, 0.0, 1.0],
                [0.936896, 0.203406, -0.284343, 0.124994, 0.252939, -0.955836, 0.14966, -0.002831, -0.241343, -0.212137, -0.946969, -1.2e-05, 0.0, 0.0, 0.0, 1.0],
                [0.927203, 0.21529, -0.306505, 0.124994, 0.258746, -0.959828, 0.108541, -0.002831, -0.270824, -0.179947, -0.94566, -1.2e-05, 0.0, 0.0, 0.0, 1.0],
                [0.917966, 0.228727, -0.324071, 0.124994, 0.263794, -0.962169, 0.068135, -0.002831, -0.296227, -0.148034, -0.943576, -1.2e-05, 0.0, 0.0, 0.0, 1.0],
                [0.90958, 0.243122, -0.33698, 0.124994, 0.267994, -0.962996, 0.028598, -0.002831, -0.317558, -0.11632, -0.941077, -1.2e-05, 0.0, 0.0, 0.0, 1.0],
                [0.902375, 0.257905, -0.345259, 0.124994, 0.271278, -0.96245, -0.009922, -0.002831, -0.334853, -0.084708, -0.938455, -1.2e-05, 0.0, 0.0, 0.0, 1.0],
                [0.896611, 0.272402, -0.349123, 0.124994, 0.273613, -0.960696, -0.04689, -0.002831, -0.348174, -0.053483, -0.935903, -1.2e-05, 0.0, 0.0, 0.0, 1.0],
                [0.892471, 0.285852, -0.348976, 0.124994, 0.275, -0.95799, -0.081422, -0.002831, -0.35759, -0.023301, -0.933588, -1.2e-05, 0.0, 0.0, 0.0, 1.0],
                [0.890053, 0.296949, -0.345871, 0.124994, 0.275517, -0.954887, -0.110818, -0.002831, -0.363176, 0.003341, -0.931715, -1.2e-05, 0.0, 0.0, 0.0, 1.0],
                [0.889292, 0.301983, -0.343461, 0.124994, 0.275541, -0.953176, -0.124632, -0.002831, -0.365016, 0.016197, -0.930861, -1.2e-05, 0.0, 0.0, 0.0, 1.0]
            ]
        },
        {
            "name": "Leg_R",
            "time": [0.0, 0.0167, 0.0333, 0.05, 0.0667, 0.0833, 0.1, 0.1167, 0.1333, 0.15, 0.1667, 0.1833, 0.2, 0.2167, 0.2333, 0.25, 0.2667, 0.2833, 0.3, 0.3167, 0.3333, 0.35, 0.3667, 0.3833, 0.4, 0.4167, 0.4333, 0.45, 0.4667, 0.4833, 0.5, 0.5167, 0.5333, 0.55, 0.5667, 0.5833, 0.6, 0.6167, 0.6333, 0.65, 0.6667, 0.6833, 0.7, 0.7167, 0.7333, 0.75, 0.7667, 0.7833, 0.8, 0.8167, 0.8333, 0.85, 0.8667, 0.8833, 0.9, 0.9167, 0.9333, 0.95, 0.9667, 0.9833, 1.0, 1.0167, 1.0333, 1.05, 1.0667, 1.0833, 1.1, 1.1167, 1.1333, 1.15, 1.1667, 1.1833, 1.2, 1.2167, 1.2333, 1.25, 1.2667, 1.2833, 1.3, 1.3167, 1.3333, 1.35, 1.3667, 1.3833, 1.4, 1.4167, 1.4333, 1.45, 1.4667, 1.4833, 1.5, 1.5167, 1.5333, 1.55, 1.5667, 1.5833, 1.6, 1.6167, 1.6333, 1.65, 1.6667],
            "transform": [
                [0.999907, -0.013346, -0.002637, -0.0, 0.013388, 0.930931, 0.36495, 0.374721, -0.002415, -0.364951, 0.931023, -0.0, 0.0, 0.0, 0.0, 1.0],
                [0.999859, -0.016327, -0.003963, -0.0, 0.016379, 0.894644, 0.446479, 0.374721, -0.003745, -0.446481, 0.894785, 0.0, 0.0, 0.0, 0.0, 1.0],
                [0.999715, -0.022512, -0.007867, -0.0, 0.022583, 0.787727, 0.615611, 0.374721, -0.007662, -0.615613, 0.788011, 0.0, 0.0, 0.0, 0.0, 1.0],
                [0.999492, -0.028639, -0.013949, 0.0, 0.028729, 0.621179, 0.783142, 0.374721, -0.013763, -0.783144, 0.621687, 0.0, 0.0, 0.0, 0.0, 1.0],
                [0.999218, -0.033219, -0.021414, -0.0, 0.033324, 0.416781, 0.908396, 0.374721, -0.021251, -0.9084, 0.417562, 0.0, 0.0, 0.0, 0.0, 1.0],
                [0.998933, -0.035778, -0.029193, 0.0, 0.03589, 0.203769, 0.978361, 0.374721, -0.029055, -0.978365, 0.204836, -0.0, 0.0, 0.0, 0.0, 1.0],
                [0.998674, -0.036542, -0.036258, 0.0, 0.036657, 0.010317, 0.999275, 0.374721, -0.036142, -0.999279, 0.011643, 0.0, 0.0, 0.0, 0.0, 1.0],
                [0.998467, -0.036162, -0.041901, -0.0, 0.036276, -0.144193, 0.988884, 0.374721, -0.041802, -0.988888, -0.14266, 0.0, 0.0, 0.0, 0.0, 1.0],
                [0.998323, -0.035366, -0.045834, 0.0, 0.035477, -0.251888, 0.967106, 0.374721, -0.045748, -0.96711, -0.250211, 0.0, 0.0, 0.0, 0.0, 1.0],
                [0.99824, -0.0347, -0.04809, -0.0, 0.034809, -0.313661, 0.948897, 0.374721, -0.048011, -0.948901, -0.311901, 0.0, 0.0, 0.0, 0.0, 1.0],
                [0.998213, -0.034453, -0.048812, -0.0, 0.034561, -0.33344, 0.942137, 0.374721, -0.048735, -0.942141, -0.331654, -0.0, 0.0, 0.0, 0.0, 1.0],
                [0.998222, -0.03453, -0.048592, -0.0, 0.034639, -0.32741, 0.944247, 0.374721, -0.048514, -0.944251, -0.325632, -0.0, 0.0, 0.0, 0.0, 1.0],
                [0.998246, -0.034757, -0.047917, -0.0, 0.034866, -0.308926, 0.950447, 0.374721, -0.047837, -0.950451, -0.307172, -0.0, 0.0, 0.0, 0.0, 1.0],
                [0.998289, -0.035111, -0.046764, 0.0, 0.035221, -0.277362, 0.96012, 0.374721, -0.046681, -0.960123, -0.27565, 0.0, 0.0, 0.0, 0.0, 1.0],
                [0.99835, -0.035548, -0.045106, 0.0, 0.035659, -0.231965, 0.97207, 0.374721, -0.045018, -0.972075, -0.230315, -0.0, 0.0, 0.0, 0.0, 1.0],
                [0.998431, -0.036005, -0.042883, 0.0, 0.036119, -0.171098, 0.984592, 0.374721, -0.042788, -0.984596, -0.169529, 0.0, 0.0, 0.0, 0.0, 1.0],
                [0.998539, -0.036394, -0.039941, 0.0, 0.036509, -0.090522, 0.995225, 0.374721, -0.039836, -0.995229, -0.089061, -0.0, 0.0, 0.0, 0.0, 1.0],
                [0.998684, -0.036539, -0.036, -0.0, 0.036654, 0.017381, 0.999177, 0.374721, -0.035883, -0.999181, 0.018697, -0.0, 0.0, 0.0, 0.0, 1.0],
                [0.998882, -0.036042, -0.0306, -0.0, 0.036155, 0.165253, 0.985588, 0.374721, -0.030466, -0.985592, 0.166372, 0.0, 0.0, 0.0, 0.0, 1.0],
                [0.999153, -0.033988, -0.023215, 0.0, 0.034095, 0.367467, 0.929412, 0.374721, -0.023058, -0.929415, 0.368314, 0.0, 0.0, 0.0, 0.0, 1.0],
                [0.999516, -0.02812, -0.01331, 0.0, 0.028208, 0.63868, 0.768955, 0.374721, -0.013122, -0.768958, 0.639164, 0.0, 0.0, 0.0, 0.0, 1.0],
                [0.999726, -0.022152, -0.007589, 0.0, 0.022222, 0.795337, 0.60576, 0.374721, -0.007383, -0.605762, 0.795611, -0.0, 0.0, 0.0, 0.0, 1.0],
                [0.999468, -0.029158, -0.014619, 0.0, 0.029249, 0.602834, 0.79733, 0.374721, -0.014435, -0.797333, 0.603366, -0.0, 0.0, 0.0, 0.0, 1.0],
                [0.998914, -0.035885, -0.029728, 0.0, 0.035998, 0.189114, 0.981295, 0.374721, -0.029592, -0.981299, 0.1902, 0.0, 0.0, 0.0, 0.0, 1.0],
                [0.998446, -0.036073, -0.042481, -0.0, 0.036187, -0.160072, 0.986442, 0.374721, -0.042384, -0.986446, -0.158518, -0.0, 0.0, 0.0, 0.0, 1.0],
                [0.998304, -0.035227, -0.046352, 0.0, 0.035338, -0.266086, 0.963301, 0.374721, -0.046268, -0.963305, -0.26439, -0.0, 0.0, 0.0, 0.0, 1.0],
                [0.998375, -0.035706, -0.044411, -0.0, 0.035819, -0.212928, 0.976411, 0.374721, -0.044321, -0.976415, -0.211303, -0.0, 0.0, 0.0, 0.0, 1.0],
                [0.998403, -0.035868, -0.043631, -0.0, 0.035981, -0.191556, 0.980822, 0.374721, -0.043538, -0.980826, -0.18996, 0.0, 0.0, 0.0, 0.0, 1.0],
                [0.998354, -0.035577, -0.044981, 0.0, 0.035689, -0.228544, 0.972879, 0.374721, -0.044893, -0.972883, -0.226898, 0.0, 0.0, 0.0, 0.0, 1.0],
                [0.998306, -0.035248, -0.046275, 0.0, 0.035359, -0.26397, 0.963883, 0.37472, -0.046191, -0.963886, -0.262277, 0.0, 0.0, 0.0, 0.0, 1.0],
                [0.998266, -0.034925, -0.047386, -0.0, 0.035035, -0.294396, 0.955041, 0.374721, -0.047305, -0.955045, -0.292662, 0.0, 0.0, 0.0, 0.0, 1.0],
                [0.998236, -0.034666, -0.048192, 0.0, 0.034775, -0.316458, 0.947969, 0.374721, -0.048113, -0.947973, -0.314695, -0.0, 0.0, 0.0, 0.0, 1.0],
                [0.998219, -0.034511, -0.048645, 0.0, 0.03462, -0.328868, 0.943741, 0.374721, -0.048568, -0.943745, -0.327087, 0.0, 0.0, 0.0, 0.0, 1.0],
                [0.998215, -0.034464, -0.048781, 0.0, 0.034572, -0.332599, 0.942435, 0.37472, -0.048705, -0.942438, -0.330813, 0.0, 0.0, 0.0, 0.0, 1.0],
                [0.998215, -0.034464, -0.048781, 0.0, 0.034573, -0.332581, 0.942441, 0.374721, -0.048704, -0.942445, -0.330796, -0.0, 0.0, 0.0, 0.0, 1.0],
                [0.998215, -0.034465, -0.048778, -0.0, 0.034573, -0.33251, 0.942466, 0.374721, -0.048701, -0.94247, -0.330725, 0.0, 0.0, 0.0, 0.0, 1.0],
                [0.998215, -0.034467, -0.048772, -0.0, 0.034575, -0.332355, 0.94252, 0.37472, -0.048696, -0.942525, -0.33057, 0.0, 0.0, 0.0, 0.0, 1.0],
                [0.998215, -0.03447, -0.048762, -0.0, 0.034579, -0.33208, 0.942617, 0.374721, -0.048686, -0.942621, -0.330296, 0.0, 0.0, 0.0, 0.0, 1.0],
                [0.998216, -0.034476, -0.048747, -0.0, 0.034585, -0.331648, 0.942769, 0.374721, -0.04867, -0.942773, -0.329864, -0.0, 0.0, 0.0, 0.0, 1.0],
                [0.998217, -0.034484, -0.048723, 0.0, 0.034593, -0.331013, 0.942992, 0.37472, -0.048647, -0.942996, -0.32923, -0.0, 0.0, 0.0, 0.0, 1.0],
                [0.998218, -0.034495, -0.048691, -0.0, 0.034604, -0.330125, 0.943303, 0.374721, -0.048614, -0.943307, -0.328343, 0.0, 0.0, 0.0, 0.0, 1.0],
                [0.998219, -0.034511, -0.048648, -0.0, 0.034619, -0.328935, 0.943718, 0.37472, -0.04857, -0.943722, -0.327155, -0.0, 0.0, 0.0, 0.0, 1.0],
                [0.998222, -0.03453, -0.048591, -0.0, 0.034639, -0.327385, 0.944256, 0.374721, -0.048514, -0.94426, -0.325607, -0.0, 0.0, 0.0, 0.0, 1.0],
                [0.998224, -0.034555, -0.048519, -0.0, 0.034664, -0.325419, 0.944934, 0.374721, -0.048442, -0.944939, -0.323643, -0.0, 0.0, 0.0, 0.0, 1.0],
                [0.998227, -0.034586, -0.04843, -0.0, 0.034695, -0.322979, 0.94577, 0.374721, -0.048352, -0.945774, -0.321206, 0.0, 0.0, 0.0, 0.0, 1.0],
                [0.998232, -0.034623, -0.048321, 0.0, 0.034732, -0.320007, 0.946778, 0.374721, -0.048243, -0.946782, -0.318238, 0.0, 0.0, 0.0, 0.0, 1.0],
                [0.998236, -0.034666, -0.048192, 0.0, 0.034775, -0.316452, 0.947971, 0.37472, -0.048113, -0.947975, -0.314688, 0.0, 0.0, 0.0, 0.0, 1.0],
                [0.998242, -0.034717, -0.048039, 0.0, 0.034826, -0.312265, 0.949356, 0.37472, -0.04796, -0.949361, -0.310507, -0.0, 0.0, 0.0, 0.0, 1.0],
                [0.998248, -0.034775, -0.047861, -0.0, 0.034884, -0.307403, 0.95094, 0.374721, -0.047782, -0.950944, -0.305651, 0.0, 0.0, 0.0, 0.0, 1.0],
                [0.998256, -0.03484, -0.047658, 0.0, 0.03495, -0.301833, 0.95272, 0.374721, -0.047578, -0.952724, -0.300089, -0.0, 0.0, 0.0, 0.0, 1.0],
