{
    "animation": [
        {
            "name": "Root",
            "time": [0.0, 0.0167, 0.0333, 0.05, 0.0667, 0.0833, 0.1, 0.1167, 0.1333, 0.15, 0.1667, 0.1833, 0.2, 0.2167, 0.2333, 0.25, 0.2667, 0.2833, 0.3, 0.3167, 0.3333, 0.35, 0.3667, 0.3833, 0.4, 0.4167, 0.4333, 0.45, 0.4667, 0.4833, 0.5, 0.5167, 0.5333, 0.55, 0.5667, 0.5833, 0.6, 0.6167, 0.6333, 0.65, 0.6667, 0.6833, 0.7, 0.7167, 0.7333, 0.75, 0.7667, 0.7833, 0.8, 0.8167, 0.8333, 0.85, 0.8667, 0.8833, 0.9, 0.9167, 0.9333, 0.95, 0.9667, 0.9833, 1.0, 1.0167, 1.0333, 1.05, 1.0667, 1.0833, 1.1, 1.1167, 1.1333, 1.15, 1.1667, 1.1833, 1.2, 1.2167, 1.2333, 1.25, 1.2667, 1.2833, 1.3, 1.3167, 1.3333],
            "transform": [
                [0.468262, 0.0, -0.88359, -5e-06, -0.88359, 0.0, -0.468262, 0.000946, 0.0, 1.0, 0.0, 0.746364, 0.0, 0.0, 0.0, 1.0],
                [0.545059, 0.0, -0.838397, -5e-06, -0.838397, 0.0, -0.545059, 0.000946, 0.0, 1.0, 0.0, 0.746364, 0.0, 0.0, 0.0, 1.0],
                [0.736263, 0.0, -0.676696, -5e-06, -0.676696, 0.0, -0.736263, 0.000946, 0.0, 1.0, 0.0, 0.746364, 0.0, 0.0, 0.0, 1.0],
                [0.912725, 0.0, -0.408574, -5e-06, -0.408574, 0.0, -0.912725, 0.000946, 0.0, 1.0, 0.0, 0.746364, 0.0, 0.0, 0.0, 1.0],
                [0.985615, 0.0, -0.169005, -5e-06, -0.169005, 0.0, -0.985615, 0.000946, 0.0, 1.0, 0.0, 0.746364, 0.0, 0.0, 0.0, 1.0],
                [0.996747, 0.0, -0.080596, -5e-06, -0.080596, 0.0, -0.996747, 0.000946, 0.0, 1.0, 0.0, 0.746364, 0.0, 0.0, 0.0, 1.0],
                [0.996747, 0.0, -0.080596, -5e-06, -0.080596, 0.0, -0.996747, 0.000946, 0.0, 1.0, 0.0, 0.746364, 0.0, 0.0, 0.0, 1.0],
                [0.89255, 0.0, -0.450949, -5e-06, -0.450949, 0.0, -0.89255, 0.000946, 0.0, 1.0, 0.0, 0.746364, 0.0, 0.0, 0.0, 1.0],
                [0.902247, 0.0, -0.43122, -5e-06, -0.43122, 0.0, -0.902247, 0.000946, 0.0, 1.0, 0.0, 0.746364, 0.0, 0.0, 0.0, 1.0],
                [0.928581, 0.0, -0.371129, -5e-06, -0.371129, 0.0, -0.928581, 0.000946, 0.0, 1.0, 0.0, 0.746364, 0.0, 0.0, 0.0, 1.0],
                [0.961903, 0.0, -0.273392, -5e-06, -0.273392, 0.0, -0.961903, 0.000946, 0.0, 1.0, 0.0, 0.746364, 0.0, 0.0, 0.0, 1.0],
                [0.98861, 0.0, -0.1505, -5e-06, -0.1505, 0.0, -0.98861, 0.000946, 0.0, 1.0, 0.0, 0.746364, 0.0, 0.0, 0.0, 1.0],
                [0.999682, 0.0, -0.025227, -5e-06, -0.025227, 0.0, -0.999682, 0.000946, 0.0, 1.0, 0.0, 0.746364, 0.0, 0.0, 0.0, 1.0],
                [0.996954, 0.0, 0.077997, -5e-06, 0.077997, 0.0, -0.996954, 0.000946, 0.0, 1.0, 0.0, 0.746364, 0.0, 0.0, 0.0, 1.0],
                [0.989693, 0.0, 0.143203, -5e-06, 0.143203, 0.0, -0.989693, 0.000946, 0.0, 1.0, 0.0, 0.746364, 0.0, 0.0, 0.0, 1.0],
                [0.986306, 0.0, 0.164924, -5e-06, 0.164924, 0.0, -0.986306, 0.000946, 0.0, 1.0, 0.0, 0.746364, 0.0, 0.0, 0.0, 1.0],
                [0.986306, 0.0, 0.164924, -5e-06, 0.164924, 0.0, -0.986306, 0.000946, 0.0, 1.0, 0.0, 0.746364, 0.0, 0.0, 0.0, 1.0],
                [0.986306, 0.0, 0.164924, -5e-06, 0.164924, 0.0, -0.986306, 0.000946, 0.0, 1.0, 0.0, 0.746364, 0.0, 0.0, 0.0, 1.0],
                [0.992527, 0.0, 0.122028, -5e-06, 0.122028, 0.0, -0.992527, 0.000946, 0.0, 1.0, 0.0, 0.746364, 0.0, 0.0, 0.0, 1.0],
                [0.999975, 0.0, -0.007057, -5e-06, -0.007057, 0.0, -0.999975, 0.000946, 0.0, 1.0, 0.0, 0.746364, 0.0, 0.0, 0.0, 1.0],
                [0.977873, 0.0, -0.209201, -5e-06, -0.209201, 0.0, -0.977873, 0.000946, 0.0, 1.0, 0.0, 0.746364, 0.0, 0.0, 0.0, 1.0],
                [0.896542, 0.0, -0.442959, -5e-06, -0.442959, 0.0, -0.896542, 0.000946, 0.0, 1.0, 0.0, 0.746364, 0.0, 0.0, 0.0, 1.0],
                [0.760291, 0.0, -0.649582, -5e-06, -0.649582, 0.0, -0.760291, 0.000946, 0.0, 1.0, 0.0, 0.746364, 0.0, 0.0, 0.0, 1.0],
                [0.613165, 0.0, -0.789954, -5e-06, -0.789954, 0.0, -0.613165, 0.000946, 0.0, 1.0, 0.0, 0.746364, 0.0, 0.0, 0.0, 1.0],
                [0.506112, 0.0, -0.862468, -5e-06, -0.862468, 0.0, -0.506112, 0.000946, 0.0, 1.0, 0.0, 0.746364, 0.0, 0.0, 0.0, 1.0],
                [0.468262, 0.0, -0.88359, -5e-06, -0.88359, 0.0, -0.468262, 0.000946, 0.0, 1.0, 0.0, 0.746364, 0.0, 0.0, 0.0, 1.0],
                [0.468262, 0.0, -0.88359, -5e-06, -0.88359, 0.0, -0.468262, 0.000946, 0.0, 1.0, 0.0, 0.746364, 0.0, 0.0, 0.0, 1.0],
                [0.468262, 0.0, -0.88359, -5e-06, -0.88359, 0.0, -0.468262, 0.000946, 0.0, 1.0, 0.0, 0.746364, 0.0, 0.0, 0.0, 1.0],
                [0.499198, 0.0, -0.866488, -5e-06, -0.866488, 0.0, -0.499198, 0.000946, 0.0, 1.0, 0.0, 0.746364, 0.0, 0.0, 0.0, 1.0],
                [0.589906, 0.0, -0.807472, -5e-06, -0.807472, 0.0, -0.589906, 0.000946, 0.0, 1.0, 0.0, 0.746364, 0.0, 0.0, 0.0, 1.0],
                [0.723014, 0.0, -0.690833, -5e-06, -0.690833, 0.0, -0.723014, 0.000946, 0.0, 1.0, 0.0, 0.746364, 0.0, 0.0, 0.0, 1.0],
                [0.860775, 0.0, -0.508985, -5e-06, -0.508985, 0.0, -0.860775, 0.000946, 0.0, 1.0, 0.0, 0.746364, 0.0, 0.0, 0.0, 1.0],
                [0.959883, 0.0, -0.280401, -5e-06, -0.280401, 0.0, -0.959883, 0.000946, 0.0, 1.0, 0.0, 0.746364, 0.0, 0.0, 0.0, 1.0],
                [0.998908, 0.0, -0.04672, -5e-06, -0.04672, 0.0, -0.998908, 0.000946, 0.0, 1.0, 0.0, 0.746364, 0.0, 0.0, 0.0, 1.0],
                [0.988304, 0.0, 0.152496, -5e-06, 0.152496, 0.0, -0.988304, 0.000946, 0.0, 1.0, 0.0, 0.746364, 0.0, 0.0, 0.0, 1.0],
                [0.954617, 0.0, 0.297836, -5e-06, 0.297836, 0.0, -0.954617, 0.000946, 0.0, 1.0, 0.0, 0.746364, 0.0, 0.0, 0.0, 1.0],
                [0.954617, 0.0, 0.297836, -5e-06, 0.297836, 0.0, -0.954617, 0.000946, 0.0, 1.0, 0.0, 0.746364, 0.0, 0.0, 0.0, 1.0],
                [0.902194, 0.0, 0.431331, -5e-06, 0.431331, 0.0, -0.902194, 0.000946, 0.0, 1.0, 0.0, 0.746364, 0.0, 0.0, 0.0, 1.0],
                [0.91391, 0.0, 0.405918, -5e-06, 0.405918, 0.0, -0.91391, 0.000946, 0.0, 1.0, 0.0, 0.746364, 0.0, 0.0, 0.0, 1.0],
                [0.942301, 0.0, 0.334767, -5e-06, 0.334767, 0.0, -0.942301, 0.000946, 0.0, 1.0, 0.0, 0.746364, 0.0, 0.0, 0.0, 1.0],
                [0.974319, 0.0, 0.225171, -5e-06, 0.225171, 0.0, -0.974319, 0.000946, 0.0, 1.0, 0.0, 0.746364, 0.0, 0.0, 0.0, 1.0],
                [0.9963, 0.0, 0.085943, -5e-06, 0.085943, 0.0, -0.9963, 0.000946, 0.0, 1.0, 0.0, 0.746364, 0.0, 0.0, 0.0, 1.0],
                [0.997436, 0.0, -0.071558, -5e-06, -0.071558, 0.0, -0.997436, 0.000946, 0.0, 1.0, 0.0, 0.746364, 0.0, 0.0, 0.0, 1.0],
                [0.972177, 0.0, -0.234248, -5e-06, -0.234248, 0.0, -0.972177, 0.000946, 0.0, 1.0, 0.0, 0.746364, 0.0, 0.0, 0.0, 1.0],
                [0.921086, 0.0, -0.389359, -5e-06, -0.389359, 0.0, -0.921086, 0.000946, 0.0, 1.0, 0.0, 0.746364, 0.0, 0.0, 0.0, 1.0],
                [0.850093, 0.0, -0.526633, -5e-06, -0.526633, 0.0, -0.850093, 0.000946, 0.0, 1.0, 0.0, 0.746364, 0.0, 0.0, 0.0, 1.0],
                [0.768604, 0.0, -0.639725, -5e-06, -0.639725, 0.0, -0.768604, 0.000946, 0.0, 1.0, 0.0, 0.746364, 0.0, 0.0, 0.0, 1.0],
                [0.687265, 0.0, -0.726406, -5e-06, -0.726406, 0.0, -0.687265, 0.000946, 0.0, 1.0, 0.0, 0.746364, 0.0, 0.0, 0.0, 1.0],
                [0.616083, 0.0, -0.787681, -5e-06, -0.787681, 0.0, -0.616083, 0.000946, 0.0, 1.0, 0.0, 0.746364, 0.0, 0.0, 0.0, 1.0],
                [0.563256, 0.0, -0.826283, -5e-06, -0.826283, 0.0, -0.563256, 0.000946, 0.0, 1.0, 0.0, 0.746364, 0.0, 0.0, 0.0, 1.0],
                [0.534706, 0.0, -0.845038, -5e-06, -0.845038, 0.0, -0.534706, 0.000946, 0.0, 1.0, 0.0, 0.746364, 0.0, 0.0, 0.0, 1.0],
                [0.519849, 0.0, -0.854258, -5e-06, -0.854258, 0.0, -0.519849, 0.000946, 0.0, 1.0, 0.0, 0.746364, 0.0, 0.0, 0.0, 1.0],
                [0.505357, 0.0, -0.86291, -5e-06, -0.86291, 0.0, -0.505357, 0.000946, 0.0, 1.0, 0.0, 0.746364, 0.0, 0.0, 0.0, 1.0],
                [0.491287, 0.0, -0.870998, -5e-06, -0.870998, 0.0, -0.491287, 0.000946, 0.0, 1.0, 0.0, 0.746364, 0.0, 0.0, 0.0, 1.0],
                [0.477693, 0.0, -0.878527, -5e-06, -0.878527, 0.0, -0.477693, 0.000946, 0.0, 1.0, 0.0, 0.746364, 0.0, 0.0, 0.0, 1.0],
                [0.464632, 0.0, -0.885504, -5e-06, -0.885504, 0.0, -0.464632, 0.000946, 0.0, 1.0, 0.0, 0.746364, 0.0, 0.0, 0.0, 1.0],
                [0.452157, 0.0, -0.891938, -5e-06, -0.891938, 0.0, -0.452157, 0.000946, 0.0, 1.0, 0.0, 0.746364, 0.0, 0.0, 0.0, 1.0],
                [0.44032, 0.0, -0.897841, -5e-06, -0.897841, 0.0, -0.44032, 0.000946, 0.0, 1.0, 0.0, 0.746364, 0.0, 0.0, 0.0, 1.0],
                [0.429168, 0.0, -0.903225, -5e-06, -0.903225, 0.0, -0.429168, 0.000946, 0.0, 1.0, 0.0, 0.746364, 0.0, 0.0, 0.0, 1.0],
                [0.418743, 0.0, -0.908105, -5e-06, -0.908105, 0.0, -0.418743, 0.000946, 0.0, 1.0, 0.0, 0.746364, 0.0, 0.0, 0.0, 1.0],
                [0.409081, 0.0, -0.912498, -5e-06, -0.912498, 0.0, -0.409081, 0.000946, 0.0, 1.0, 0.0, 0.746364, 0.0, 0.0, 0.0, 1.0],
                [0.400207, 0.0, -0.916425, -5e-06, -0.916425, 0.0, -0.400207, 0.000946, 0.0, 1.0, 0.0, 0.746364, 0.0, 0.0, 0.0, 1.0],
                [0.392138, 0.0, -0.919907, -5e-06, -0.919907, 0.0, -0.392138, 0.000946, 0.0, 1.0, 0.0, 0.746364, 0.0, 0.0, 0.0, 1.0],
                [0.38488, 0.0, -0.922967, -5e-06, -0.922967, 0.0, -0.38488, 0.000946, 0.0, 1.0, 0.0, 0.746364, 0.0, 0.0, 0.0, 1.0],
                [0.378426, 0.0, -0.925631, -5e-06, -0.925631, 0.0, -0.378426, 0.000946, 0.0, 1.0, 0.0, 0.746364, 0.0, 0.0, 0.0, 1.0],
                [0.37276, 0.0, -0.927928, -5e-06, -0.927928, 0.0, -0.37276, 0.000946, 0.0, 1.0, 0.0, 0.746364, 0.0, 0.0, 0.0, 1.0],
                [0.36785, 0.0, -0.929885, -5e-06, -0.929885, 0.0, -0.36785, 0.000946, 0.0, 1.0, 0.0, 0.746364, 0.0, 0.0, 0.0, 1.0],
                [0.363658, 0.0, -0.931532, -5e-06, -0.931532, 0.0, -0.363658, 0.000946, 0.0, 1.0, 0.0, 0.746364, 0.0, 0.0, 0.0, 1.0],
                [0.360135, 0.0, -0.9329, -5e-06, -0.9329, 0.0, -0.360135, 0.000946, 0.0, 1.0, 0.0, 0.746364, 0.0, 0.0, 0.0, 1.0],
                [0.357225, 0.0, -0.934018, -5e-06, -0.934018, 0.0, -0.357225, 0.000946, 0.0, 1.0, 0.0, 0.746364, 0.0, 0.0, 0.0, 1.0],
                [0.354868, 0.0, -0.934916, -5e-06, -0.934916, 0.0, -0.354868, 0.000946, 0.0, 1.0, 0.0, 0.746364, 0.0, 0.0, 0.0, 1.0],
                [0.353, 0.0, -0.935623, -5e-06, -0.935623, 0.0, -0.353, 0.000946, 0.0, 1.0, 0.0, 0.746364, 0.0, 0.0, 0.0, 1.0],
                [0.351557, 0.0, -0.936167, -5e-06, -0.936167, 0.0, -0.351557, 0.000946, 0.0, 1.0, 0.0, 0.746364, 0.0, 0.0, 0.0, 1.0],
                [0.350476, 0.0, -0.936572, -5e-06, -0.936572, 0.0, -0.350476, 0.000946, 0.0, 1.0, 0.0, 0.746364, 0.0, 0.0, 0.0, 1.0],
                [0.349697, 0.0, -0.936863, -5e-06, -0.936863, 0.0, -0.349697, 0.000946, 0.0, 1.0, 0.0, 0.746364, 0.0, 0.0, 0.0, 1.0],
                [0.349162, 0.0, -0.937062, -5e-06, -0.937062, 0.0, -0.349162, 0.000946, 0.0, 1.0, 0.0, 0.746364, 0.0, 0.0, 0.0, 1.0],
                [0.34882, 0.0, -0.93719, -5e-06, -0.93719, 0.0, -0.34882, 0.000946, 0.0, 1.0, 0.0, 0.746364, 0.0, 0.0, 0.0, 1.0],
                [0.348622, 0.0, -0.937263, -5e-06, -0.937263, 0.0, -0.348622, 0.000946, 0.0, 1.0, 0.0, 0.746364, 0.0, 0.0, 0.0, 1.0],
                [0.348525, 0.0, -0.937299, -5e-06, -0.937299, 0.0, -0.348525, 0.000946, 0.0, 1.0, 0.0, 0.746364, 0.0, 0.0, 0.0, 1.0],
                [0.348491, 0.0, -0.937312, -5e-06, -0.937312, 0.0, -0.348491, 0.000946, 0.0, 1.0, 0.0, 0.746364, 0.0, 0.0, 0.0, 1.0],
                [0.348486, 0.0, -0.937314, -5e-06, -0.937314, 0.0, -0.348486, 0.000946, 0.0, 1.0, 0.0, 0.746364, 0.0, 0.0, 0.0, 1.0]
            ]
        },
        {
            "name": "Thigh_R",
            "time": [0.0, 0.0167, 0.0333, 0.05, 0.0667, 0.0833, 0.1, 0.1167, 0.1333, 0.15, 0.1667, 0.1833, 0.2, 0.2167, 0.2333, 0.25, 0.2667, 0.2833, 0.3, 0.3167, 0.3333, 0.35, 0.3667, 0.3833, 0.4, 0.4167, 0.4333, 0.45, 0.4667, 0.4833, 0.5, 0.5167, 0.5333, 0.55, 0.5667, 0.5833, 0.6, 0.6167, 0.6333, 0.65, 0.6667, 0.6833, 0.7, 0.7167, 0.7333, 0.75, 0.7667, 0.7833, 0.8, 0.8167, 0.8333, 0.85, 0.8667, 0.8833, 0.9, 0.9167, 0.9333, 0.95, 0.9667, 0.9833, 1.0, 1.0167, 1.0333, 1.05, 1.0667, 1.0833, 1.1, 1.1167, 1.1333, 1.15, 1.1667, 1.1833, 1.2, 1.2167, 1.2333, 1.25, 1.2667, 1.2833, 1.3, 1.3167, 1.3333],
            "transform": [
                [0.718289, 0.089506, -0.689964, 0.124994, 0.215016, -0.971702, 0.097789, -0.002831, -0.661686, -0.218594, -0.717208, -1.2e-05, 0.0, 0.0, 0.0, 1.0],
                [0.772593, 0.108284, -0.6256, 0.124994, 0.206321, -0.974689, 0.086092, -0.002831, -0.600443, -0.195588, -0.775379, -1.2e-05, 0.0, 0.0, 0.0, 1.0],
                [0.895873, 0.11089, -0.430249, 0.124994, 0.189877, -0.971027, 0.145098, -0.002831, -0.401693, -0.211684, -0.890973, -1.2e-05, 0.0, 0.0, 0.0, 1.0],
                [0.978434, 0.161525, -0.12875, 0.124994, 0.1776, -0.976124, 0.125058, -0.002831, -0.105476, -0.145227, -0.98376, -1.2e-05, 0.0, 0.0, 0.0, 1.0],
                [0.973852, 0.186602, 0.129578, 0.124994, 0.178032, -0.981166, 0.074947, -0.002831, 0.141123, -0.049919, -0.988732, -1.2e-05, 0.0, 0.0, 0.0, 1.0],
                [0.956623, 0.18715, 0.223265, 0.124994, 0.180461, -0.982301, 0.050185, -0.002831, 0.228705, -0.007718, -0.973465, -1.2e-05, 0.0, 0.0, 0.0, 1.0],
                [0.956623, 0.18715, 0.223265, 0.124994, 0.180461, -0.982301, 0.050185, -0.002831, 0.228705, -0.007718, -0.973465, -1.2e-05, 0.0, 0.0, 0.0, 1.0],
                [0.972334, 0.154412, -0.175278, 0.124994, 0.178545, -0.975115, 0.131423, -0.002831, -0.150623, -0.159082, -0.975707, -1.2e-05, 0.0, 0.0, 0.0, 1.0],
                [0.975455, 0.157801, -0.153577, 0.124994, 0.178063, -0.975584, 0.128564, -0.002831, -0.12954, -0.152755, -0.979738, -1.2e-05, 0.0, 0.0, 0.0, 1.0],
                [0.981989, 0.167255, -0.087878, 0.124994, 0.177036, -0.977012, 0.118769, -0.002831, -0.065993, -0.132188, -0.989025, -1.2e-05, 0.0, 0.0, 0.0, 1.0],
                [0.983629, 0.179313, 0.017877, 0.124994, 0.176695, -0.979207, 0.09966, -0.002831, 0.035376, -0.09487, -0.994861, -1.2e-05, 0.0, 0.0, 0.0, 1.0],
                [0.970919, 0.187189, 0.149253, 0.124994, 0.178444, -0.98145, 0.070095, -0.002831, 0.159606, -0.041423, -0.986311, -1.2e-05, 0.0, 0.0, 0.0, 1.0],
                [0.9417, 0.184247, 0.281518, 0.124994, 0.182562, -0.982659, 0.032443, -0.002831, 0.282614, 0.020843, -0.959007, -1.2e-05, 0.0, 0.0, 0.0, 1.0],
                [0.905317, 0.169632, 0.389391, 0.124994, 0.187567, -0.982217, -0.008196, -0.002831, 0.381077, 0.080457, -0.921036, -1.2e-05, 0.0, 0.0, 0.0, 1.0],
                [0.876475, 0.149972, 0.457492, 0.124994, 0.191251, -0.98051, -0.044981, -0.002831, 0.44183, 0.126921, -0.888075, -1.2e-05, 0.0, 0.0, 0.0, 1.0],
                [0.865848, 0.138961, 0.480622, 0.124994, 0.192413, -0.979257, -0.063506, -0.002831, 0.461827, 0.147464, -0.874625, -1.2e-05, 0.0, 0.0, 0.0, 1.0],
                [0.865848, 0.138961, 0.480622, 0.124994, 0.192413, -0.979257, -0.063506, -0.002831, 0.461827, 0.147464, -0.874625, -1.2e-05, 0.0, 0.0, 0.0, 1.0],
                [0.865848, 0.138961, 0.480622, 0.124994, 0.192413, -0.979257, -0.063506, -0.002831, 0.461827, 0.147464, -0.874625, -1.2e-05, 0.0, 0.0, 0.0, 1.0],
                [0.886346, 0.157825, 0.435295, 0.124994, 0.190042, -0.98128, -0.031181, -0.002831, 0.422225, 0.110361, -0.899748, -1.2e-05, 0.0, 0.0, 0.0, 1.0],
                [0.936108, 0.182646, 0.300568, 0.124994, 0.183345, -0.982701, 0.026137, -0.002831, 0.300142, 0.03064, -0.953402, -1.2e-05, 0.0, 0.0, 0.0, 1.0],
                [0.978988, 0.18456, 0.086714, 0.124994, 0.177315, -0.980479, 0.08497, -0.002831, 0.100704, -0.067809, -0.992603, -1.2e-05, 0.0, 0.0, 0.0, 1.0],
                [0.973658, 0.1558, -0.16648, 0.124994, 0.178341, -0.975305, 0.130288, -0.002831, -0.14207, -0.156546, -0.977399, -1.2e-05, 0.0, 0.0, 0.0, 1.0],
                [0.909691, 0.11595, -0.398771, 0.124994, 0.187878, -0.971253, 0.146183, -0.002831, -0.370357, -0.207901, -0.905324, -1.2e-05, 0.0, 0.0, 0.0, 1.0],
                [0.818702, 0.104029, -0.564716, 0.124994, 0.200221, -0.973448, 0.110948, -0.002831, -0.538181, -0.203902, -0.817793, -1.2e-05, 0.0, 0.0, 0.0, 1.0],
                [0.745308, 0.098891, -0.659345, 0.124994, 0.210694, -0.973194, 0.092201, -0.002831, -0.632552, -0.207638, -0.746166, -1.2e-05, 0.0, 0.0, 0.0, 1.0],
                [0.718289, 0.089506, -0.689964, 0.124994, 0.215016, -0.971702, 0.097789, -0.002831, -0.661686, -0.218594, -0.717208, -1.2e-05, 0.0, 0.0, 0.0, 1.0],
                [0.718289, 0.089506, -0.689964, 0.124994, 0.215016, -0.971702, 0.097789, -0.002831, -0.661686, -0.218594, -0.717208, -1.2e-05, 0.0, 0.0, 0.0, 1.0],
                [0.718289, 0.089506, -0.689964, 0.124994, 0.215016, -0.971702, 0.097789, -0.002831, -0.661686, -0.218594, -0.717208, -1.2e-05, 0.0, 0.0, 0.0, 1.0],
                [0.740409, 0.097195, -0.665092, 0.124994, 0.211479, -0.972924, 0.093247, -0.002831, -0.638022, -0.209693, -0.740917, -1.2e-05, 0.0, 0.0, 0.0, 1.0],
                [0.803283, 0.11873, -0.583644, 0.124994, 0.201391, -0.976355, 0.07856, -0.002831, -0.560516, -0.180646, -0.808201, -1.2e-05, 0.0, 0.0, 0.0, 1.0],
                [0.888046, 0.108451, -0.44678, 0.124994, 0.190996, -0.970979, 0.143941, -0.002831, -0.418203, -0.21316, -0.882989, -1.2e-05, 0.0, 0.0, 0.0, 1.0],
                [0.960182, 0.143779, -0.239538, 0.124994, 0.180393, -0.97378, 0.138603, -0.002831, -0.213329, -0.176295, -0.960943, -1.2e-05, 0.0, 0.0, 0.0, 1.0],
                [0.983867, 0.178602, 0.010334, 0.124994, 0.176667, -0.979059, 0.101156, -0.002831, 0.028184, -0.097698, -0.994817, -1.2e-05, 0.0, 0.0, 0.0, 1.0],
                [0.947871, 0.185712, 0.258942, 0.124994, 0.181695, -0.982558, 0.039579, -0.002831, 0.261776, 0.009532, -0.965081, -1.2e-05, 0.0, 0.0, 0.0, 1.0],
                [0.87199, 0.145777, 0.467314, 0.124994, 0.191768, -0.980056, -0.052105, -0.002831, 0.450398, 0.135051, -0.882555, -1.2e-05, 0.0, 0.0, 0.0, 1.0],
                [0.788452, 0.09604, 0.607552, 0.124994, 0.203792, -0.972735, -0.110705, -0.002831, 0.580354, 0.2111, -0.786528, -1.2e-05, 0.0, 0.0, 0.0, 1.0],
                [0.788452, 0.09604, 0.607552, 0.124994, 0.203792, -0.972735, -0.110705, -0.002831, 0.580354, 0.2111, -0.786528, -1.2e-05, 0.0, 0.0, 0.0, 1.0],
                [0.687955, 0.062809, 0.723031, 0.124994, 0.219879, -0.967463, -0.125169, -0.002831, 0.691644, 0.24509, -0.679382, -1.2e-05, 0.0, 0.0, 0.0, 1.0],
                [0.708992, 0.069655, 0.701768, 0.124994, 0.216522, -0.968547, -0.122616, -0.002831, 0.671154, 0.238882, -0.701774, -1.2e-05, 0.0, 0.0, 0.0, 1.0],
                [0.763053, 0.087504, 0.640385, 0.124994, 0.20787, -0.971378, -0.114956, -0.002831, 0.611997, 0.220834, -0.759403, -1.2e-05, 0.0, 0.0, 0.0, 1.0],
                [0.83345, 0.111458, 0.541237, 0.124994, 0.19655, -0.97519, -0.101845, -0.002831, 0.516457, 0.191263, -0.834679, -1.2e-05, 0.0, 0.0, 0.0, 1.0],
                [0.902048, 0.167815, 0.397676, 0.124994, 0.188001, -0.982095, -0.01201, -0.002831, 0.388541, 0.085597, -0.917447, -1.2e-05, 0.0, 0.0, 0.0, 1.0],
                [0.954405, 0.186867, 0.232793, 0.124994, 0.180775, -0.98238, 0.047434, -0.002831, 0.237555, -0.003189, -0.971369, -1.2e-05, 0.0, 0.0, 0.0, 1.0],
                [0.981324, 0.182789, 0.059915, 0.124994, 0.176995, -0.980007, 0.090873, -0.002831, 0.075327, -0.078571, -0.994058, -1.2e-05, 0.0, 0.0, 0.0, 1.0],
                [0.980468, 0.164535, -0.10775, 0.124994, 0.177279, -0.976581, 0.121906, -0.002831, -0.085169, -0.138627, -0.986676, -1.2e-05, 0.0, 0.0, 0.0, 1.0],
                [0.955561, 0.140376, -0.259225, 0.124994, 0.18109, -0.973389, 0.140425, -0.002831, -0.232615, -0.181127, -0.955554, -1.2e-05, 0.0, 0.0, 0.0, 1.0],
                [0.914347, 0.117862, -0.3874, 0.124994, 0.187199, -0.971366, 0.146302, -0.002831, -0.359063, -0.206291, -0.910229, -1.2e-05, 0.0, 0.0, 0.0, 1.0],
                [0.866279, 0.103215, -0.48878, 0.124994, 0.194062, -0.97111, 0.138874, -0.002831, -0.460326, -0.215157, -0.861283, -1.2e-05, 0.0, 0.0, 0.0, 1.0],
                [0.820627, 0.10332, -0.562047, 0.124994, 0.200008, -0.973243, 0.113115, -0.002831, -0.535321, -0.205239, -0.819334, -1.2e-05, 0.0, 0.0, 0.0, 1.0],
                [0.785144, 0.112573, -0.608996, 0.124994, 0.204306, -0.975373, 0.083103, -0.002831, -0.584643, -0.189669, -0.788808, -1.2e-05, 0.0, 0.0, 0.0, 1.0],
                [0.765394, 0.105814, -0.634804, 0.124994, 0.207476, -0.974296, 0.087753, -0.002831, -0.609201, -0.198872, -0.767674, -1.2e-05, 0.0, 0.0, 0.0, 1.0],
                [0.754994, 0.102236, -0.647713, 0.124994, 0.209143, -0.973726, 0.090089, -0.002831, -0.621484, -0.203481, -0.756539, -1.2e-05, 0.0, 0.0, 0.0, 1.0],
                [0.744774, 0.098706, -0.659976, 0.124994, 0.21078, -0.973165, 0.092316, -0.002831, -0.633153, -0.207864, -0.745593, -1.2e-05, 0.0, 0.0, 0.0, 1.0],
                [0.734782, 0.095244, -0.671584, 0.124994, 0.212379, -0.972614, 0.094429, -0.002831, -0.644198, -0.212015, -0.734887, -1.2e-05, 0.0, 0.0, 0.0, 1.0],
                [0.725065, 0.091867, -0.682525, 0.124994, 0.213933, -0.972077, 0.096427, -0.002831, -0.654609, -0.215931, -0.724473, -1.2e-05, 0.0, 0.0, 0.0, 1.0],
                [0.715673, 0.088593, -0.692794, 0.124994, 0.215434, -0.971557, 0.098308, -0.002831, -0.66438, -0.219608, -0.714404, -1.2e-05, 0.0, 0.0, 0.0, 1.0],
                [0.706652, 0.085442, -0.702383, 0.124994, 0.216875, -0.971057, 0.100069, -0.002831, -0.673504, -0.223043, -0.70473, -1.2e-05, 0.0, 0.0, 0.0, 1.0],
                [0.698048, 0.082429, -0.71129, 0.124994, 0.218248, -0.970579, 0.101709, -0.002831, -0.681979, -0.226235, -0.695501, -1.2e-05, 0.0, 0.0, 0.0, 1.0],
                [0.689905, 0.079571, -0.719514, 0.124994, 0.219547, -0.970125, 0.103227, -0.002831, -0.689805, -0.229184, -0.686764, -1.2e-05, 0.0, 0.0, 0.0, 1.0],
                [0.682258, 0.076883, -0.727057, 0.124994, 0.220766, -0.969699, 0.104623, -0.002831, -0.696983, -0.231889, -0.678559, -1.2e-05, 0.0, 0.0, 0.0, 1.0],
                [0.675144, 0.074377, -0.733927, 0.124994, 0.2219, -0.969302, 0.105897, -0.002831, -0.703521, -0.234354, -0.670922, -1.2e-05, 0.0, 0.0, 0.0, 1.0],
                [0.668586, 0.072064, -0.740134, 0.124994, 0.222944, -0.968935, 0.107051, -0.002831, -0.709428, -0.236581, -0.663884, -1.2e-05, 0.0, 0.0, 0.0, 1.0],
                [0.662605, 0.069952, -0.745695, 0.124994, 0.223896, -0.968601, 0.108086, -0.002831, -0.71472, -0.238577, -0.657462, -1.2e-05, 0.0, 0.0, 0.0, 1.0],
                [0.657209, 0.068044, -0.75063, 0.124994, 0.224755, -0.968299, 0.109007, -0.002831, -0.719417, -0.240348, -0.651668, -1.2e-05, 0.0, 0.0, 0.0, 1.0],
                [0.6524, 0.066341, -0.754965, 0.124994, 0.22552, -0.968029, 0.109818, -0.002831, -0.723543, -0.241904, -0.646504, -1.2e-05, 0.0, 0.0, 0.0, 1.0],
                [0.648168, 0.064842, -0.758732, 0.124994, 0.226192, -0.967792, 0.110523, -0.002831, -0.727128, -0.243257, -0.641959, -1.2e-05, 0.0, 0.0, 0.0, 1.0],
                [0.644494, 0.063539, -0.761964, 0.124994, 0.226776, -0.967586, 0.111129, -0.002831, -0.730205, -0.244417, -0.638013, -1.2e-05, 0.0, 0.0, 0.0, 1.0],
                [0.641353, 0.062425, -0.764703, 0.124994, 0.227275, -0.96741, 0.111643, -0.002831, -0.732812, -0.2454, -0.634639, -1.2e-05, 0.0, 0.0, 0.0, 1.0],
                [0.638709, 0.061486, -0.766988, 0.124994, 0.227696, -0.967261, 0.112072, -0.002831, -0.734987, -0.246221, -0.631799, -1.2e-05, 0.0, 0.0, 0.0, 1.0],
                [0.636523, 0.06071, -0.768865, 0.124994, 0.228043, -0.967138, 0.112425, -0.002831, -0.736774, -0.246895, -0.62945, -1.2e-05, 0.0, 0.0, 0.0, 1.0],
                [0.63475, 0.06008, -0.770379, 0.124994, 0.228324, -0.967039, 0.112709, -0.002831, -0.738215, -0.247439, -0.627545, -1.2e-05, 0.0, 0.0, 0.0, 1.0],
                [0.633344, 0.059581, -0.771574, 0.124994, 0.228548, -0.96696, 0.112934, -0.002831, -0.739352, -0.247868, -0.626035, -1.2e-05, 0.0, 0.0, 0.0, 1.0],
                [0.632257, 0.059194, -0.772494, 0.124994, 0.22872, -0.966899, 0.113108, -0.002831, -0.740228, -0.248198, -0.624868, -1.2e-05, 0.0, 0.0, 0.0, 1.0],
                [0.631443, 0.058905, -0.773182, 0.124994, 0.228849, -0.966853, 0.113237, -0.002831, -0.740883, -0.248445, -0.623993, -1.2e-05, 0.0, 0.0, 0.0, 1.0],
                [0.630856, 0.058696, -0.773677, 0.124994, 0.228943, -0.96682, 0.11333, -0.002831, -0.741354, -0.248623, -0.623362, -1.2e-05, 0.0, 0.0, 0.0, 1.0],
                [0.630453, 0.058553, -0.774016, 0.124994, 0.229007, -0.966797, 0.113394, -0.002831, -0.741677, -0.248744, -0.622929, -1.2e-05, 0.0, 0.0, 0.0, 1.0],
                [0.630195, 0.058461, -0.774233, 0.124994, 0.229048, -0.966783, 0.113435, -0.002831, -0.741884, -0.248822, -0.622653, -1.2e-05, 0.0, 0.0, 0.0, 1.0],
                [0.630045, 0.058408, -0.774358, 0.124994, 0.229071, -0.966775, 0.113459, -0.002831, -0.742003, -0.248867, -0.622492, -1.2e-05, 0.0, 0.0, 0.0, 1.0],
                [0.629973, 0.058382, -0.77442, 0.124994, 0.229083, -0.96677, 0.113471, -0.002831, -0.742062, -0.24889, -0.622414, -1.2e-05, 0.0, 0.0, 0.0, 1.0],
                [0.629947, 0.058373, -0.774442, 0.124994, 0.229087, -0.966769, 0.113475, -0.002831, -0.742082, -0.248897, -0.622386, -1.2e-05, 0.0, 0.0, 0.0, 1.0],
                [0.629943, 0.058372, -0.774444, 0.124994, 0.229087, -0.966769, 0.113475, -0.002831, -0.742085, -0.248898, -0.622382, -1.2e-05, 0.0, 0.0, 0.0, 1.0]
            ]
        },
        {
            "name": "Leg_R",
            "time": [0.0, 0.0167, 0.0333, 0.05, 0.0667, 0.0833, 0.1, 0.1167, 0.1333, 0.15, 0.1667, 0.1833, 0.2, 0.2167, 0.2333, 0.25, 0.2667, 0.2833, 0.3, 0.3167, 0.3333, 0.35, 0.3667, 0.3833, 0.4, 0.4167, 0.4333, 0.45, 0.4667, 0.4833, 0.5, 0.5167, 0.5333, 0.55, 0.5667, 0.5833, 0.6, 0.6167, 0.6333, 0.65, 0.6667, 0.6833, 0.7, 0.7167, 0.7333, 0.75, 0.7667, 0.7833, 0.8, 0.8167, 0.8333, 0.85, 0.8667, 0.8833, 0.9, 0.9167, 0.9333, 0.95, 0.9667, 0.9833, 1.0, 1.0167, 1.0333, 1.05, 1.0667, 1.0833, 1.1, 1.1167, 1.1333, 1.15, 1.1667, 1.1833, 1.2, 1.2167, 1.2333, 1.25, 1.2667, 1.2833, 1.3, 1.3167, 1.3333],
            "transform": [
                [1.0, -1.6e-05, -0.000115, 0.0, 1.6e-05, 1.0, 0.000435, 0.374721, 0.000115, -0.000435, 1.0, -0.0, 0.0, 0.0, 0.0, 1.0],
                [1.0, -1.6e-05, -0.000115, 0.0, 1.6e-05, 1.0, 0.000435, 0.374721, 0.000115, -0.000435, 1.0, 0.0, 0.0, 0.0, 0.0, 1.0],
                [0.999974, -0.007137, -0.000818, -0.0, 0.00716, 0.980744, 0.195169, 0.374721, -0.000591, -0.19517, 0.98077, -0.0, 0.0, 0.0, 0.0, 1.0],
                [0.999955, -0.009451, -0.001358, 0.0, 0.009481, 0.965976, 0.258456, 0.374721, -0.001131, -0.258457, 0.966022, -0.0, 0.0, 0.0, 0.0, 1.0],
                [0.99996, -0.008803, -0.00119, 0.0, 0.008831, 0.970553, 0.240727, 0.374721, -0.000964, -0.240728, 0.970592, -0.0, 0.0, 0.0, 0.0, 1.0],
                [0.999967, -0.008032, -0.001008, -0.0, 0.008058, 0.975545, 0.219652, 0.374721, -0.000781, -0.219653, 0.975578, -0.0, 0.0, 0.0, 0.0, 1.0],
                [0.999967, -0.008032, -0.001008, -0.0, 0.008058, 0.975545, 0.219652, 0.374721, -0.000781, -0.219653, 0.975578, -0.0, 0.0, 0.0, 0.0, 1.0],
                [0.999955, -0.009353, -0.001332, -0.0, 0.009383, 0.966691, 0.255775, 0.374721, -0.001105, -0.255776, 0.966736, -0.0, 0.0, 0.0, 0.0, 1.0],
                [0.999955, -0.009408, -0.001346, 0.0, 0.009438, 0.966295, 0.257265, 0.374721, -0.00112, -0.257266, 0.96634, -0.0, 0.0, 0.0, 0.0, 1.0],
                [0.999954, -0.009482, -0.001366, -0.0, 0.009511, 0.965755, 0.259281, 0.374721, -0.001139, -0.259282, 0.965801, -0.0, 0.0, 0.0, 0.0, 1.0],
                [0.999956, -0.00933, -0.001325, 0.0, 0.00936, 0.966858, 0.255146, 0.374721, -0.001099, -0.255147, 0.966902, -0.0, 0.0, 0.0, 0.0, 1.0],
                [0.999962, -0.008669, -0.001158, -0.0, 0.008697, 0.971454, 0.237072, 0.374721, -0.000931, -0.237073, 0.971491, 0.0, 0.0, 0.0, 0.0, 1.0],
                [0.999973, -0.007363, -0.000864, -0.0, 0.007386, 0.979492, 0.201349, 0.374721, -0.000636, -0.20135, 0.97952, -0.0, 0.0, 0.0, 0.0, 1.0],
                [0.999985, -0.005502, -0.000531, 0.0, 0.00552, 0.9886, 0.150469, 0.374721, -0.000303, -0.150469, 0.988615, 0.0, 0.0, 0.0, 0.0, 1.0],
                [0.999994, -0.003456, -0.000279, 0.0, 0.003467, 0.995518, 0.094516, 0.374721, -4.9e-05, -0.094516, 0.995523, 0.0, 0.0, 0.0, 0.0, 1.0],
                [0.999997, -0.002297, -0.000187, -0.0, 0.002304, 0.998023, 0.0628, 0.374721, 4.3e-05, -0.0628, 0.998026, -0.0, 0.0, 0.0, 0.0, 1.0],
                [0.999997, -0.002297, -0.000187, -0.0, 0.002304, 0.998023, 0.0628, 0.374721, 4.3e-05, -0.0628, 0.998026, -0.0, 0.0, 0.0, 0.0, 1.0],
                [0.999997, -0.002297, -0.000187, -0.0, 0.002304, 0.998023, 0.0628, 0.374721, 4.3e-05, -0.0628, 0.998026, -0.0, 0.0, 0.0, 0.0, 1.0],
                [0.999991, -0.004264, -0.000365, 0.0, 0.004277, 0.993171, 0.11659, 0.374721, -0.000135, -0.116591, 0.99318, 0.0, 0.0, 0.0, 0.0, 1.0],
                [0.999974, -0.007104, -0.000812, 0.0, 0.007126, 0.980926, 0.194254, 0.374721, -0.000584, -0.194255, 0.980951, 0.0, 0.0, 0.0, 0.0, 1.0],
                [0.999958, -0.00905, -0.001253, -0.0, 0.009078, 0.968854, 0.247467, 0.374721, -0.001026, -0.247467, 0.968896, 0.0, 0.0, 0.0, 0.0, 1.0],
                [0.999955, -0.009377, -0.001338, -0.0, 0.009407, 0.966517, 0.256431, 0.374721, -0.001112, -0.256432, 0.966562, -0.0, 0.0, 0.0, 0.0, 1.0],
                [0.99997, -0.007629, -0.00092, -0.0, 0.007653, 0.977969, 0.208611, 0.374721, -0.000692, -0.208612, 0.977998, -0.0, 0.0, 0.0, 0.0, 1.0],
                [0.999996, -0.002751, -0.000219, -0.0, 0.00276, 0.997163, 0.075224, 0.374721, 1.1e-05, -0.075224, 0.997166, -0.0, 0.0, 0.0, 0.0, 1.0],
                [1.0, -1.6e-05, -0.000115, -0.0, 1.6e-05, 1.0, 0.000435, 0.374721, 0.000115, -0.000435, 1.0, -0.0, 0.0, 0.0, 0.0, 1.0],
                [1.0, -1.6e-05, -0.000115, 0.0, 1.6e-05, 1.0, 0.000435, 0.374721, 0.000115, -0.000435, 1.0, -0.0, 0.0, 0.0, 0.0, 1.0],
                [1.0, -1.6e-05, -0.000115, 0.0, 1.6e-05, 1.0, 0.000435, 0.374721, 0.000115, -0.000435, 1.0, -0.0, 0.0, 0.0, 0.0, 1.0],
                [1.0, -1.6e-05, -0.000115, 0.0, 1.6e-05, 1.0, 0.000435, 0.374721, 0.000115, -0.000435, 1.0, -0.0, 0.0, 0.0, 0.0, 1.0],
                [1.0, -1.6e-05, -0.000115, 0.0, 1.6e-05, 1.0, 0.000435, 0.374721, 0.000115, -0.000435, 1.0, 0.0, 0.0, 0.0, 0.0, 1.0],
                [1.0, -1.6e-05, -0.000115, 0.0, 1.6e-05, 1.0, 0.000435, 0.374721, 0.000115, -0.000435, 1.0, 0.0, 0.0, 0.0, 0.0, 1.0],
                [0.999976, -0.006833, -0.000759, 0.0, 0.006855, 0.982363, 0.186861, 0.374721, -0.000531, -0.186862, 0.982386, 0.0, 0.0, 0.0, 0.0, 1.0],
                [0.999958, -0.00909, -0.001263, -0.0, 0.009118, 0.968572, 0.248567, 0.374721, -0.001036, -0.248568, 0.968614, 0.0, 0.0, 0.0, 0.0, 1.0],
                [0.999956, -0.009352, -0.001331, -0.0, 0.009381, 0.966702, 0.255734, 0.374721, -0.001105, -0.255735, 0.966746, 0.0, 0.0, 0.0, 0.0, 1.0],
                [0.99997, -0.007643, -0.000923, -0.0, 0.007668, 0.977882, 0.209015, 0.374721, -0.000695, -0.209016, 0.977912, -0.0, 0.0, 0.0, 0.0, 1.0],
                [0.999995, -0.003021, -0.00024, -0.0, 0.00303, 0.996578, 0.082605, 0.374721, -1e-05, -0.082605, 0.996582, -0.0, 0.0, 0.0, 0.0, 1.0],
                [1.0, -1.6e-05, -0.000115, -0.0, 1.6e-05, 1.0, 0.000435, 0.374721, 0.000115, -0.000435, 1.0, 0.0, 0.0, 0.0, 0.0, 1.0],
                [1.0, -1.6e-05, -0.000115, -0.0, 1.6e-05, 1.0, 0.000435, 0.374721, 0.000115, -0.000435, 1.0, 0.0, 0.0, 0.0, 0.0, 1.0],
                [1.0, -1.6e-05, -0.000115, -0.0, 1.6e-05, 1.0, 0.000435, 0.374721, 0.000115, -0.000435, 1.0, 0.0, 0.0, 0.0, 0.0, 1.0],
                [1.0, -1.6e-05, -0.000115, -0.0, 1.6e-05, 1.0, 0.000435, 0.374721, 0.000115, -0.000435, 1.0, -0.0, 0.0, 0.0, 0.0, 1.0],
                [1.0, -1.6e-05, -0.000115, -0.0, 1.6e-05, 1.0, 0.000435, 0.374721, 0.000115, -0.000435, 1.0, 0.0, 0.0, 0.0, 0.0, 1.0],
                [1.0, -1.6e-05, -0.000115, -0.0, 1.6e-05, 1.0, 0.000435, 0.374721, 0.000115, -0.000435, 1.0, 0.0, 0.0, 0.0, 0.0, 1.0],
                [0.999986, -0.005305, -0.000502, 0.0, 0.005322, 0.989407, 0.14507, 0.374721, -0.000273, -0.14507, 0.989421, -0.0, 0.0, 0.0, 0.0, 1.0],
                [0.999968, -0.007935, -0.000986, -0.0, 0.00796, 0.976141, 0.21699, 0.374721, -0.000759, -0.216991, 0.976173, -0.0, 0.0, 0.0, 0.0, 1.0],
                [0.999957, -0.009174, -0.001284, 0.0, 0.009203, 0.967977, 0.25087, 0.374721, -0.001058, -0.250872, 0.96802, -0.0, 0.0, 0.0, 0.0, 1.0],
                [0.999954, -0.009473, -0.001363, -0.0, 0.009503, 0.965816, 0.259054, 0.374721, -0.001137, -0.259055, 0.965862, 0.0, 0.0, 0.0, 0.0, 1.0],
                [0.999959, -0.008979, -0.001234, 0.0, 0.009007, 0.969346, 0.245534, 0.374721, -0.001008, -0.245535, 0.969387, 0.0, 0.0, 0.0, 0.0, 1.0],
                [0.999969, -0.007785, -0.000953, -0.0, 0.007809, 0.977047, 0.212882, 0.374721, -0.000726, -0.212883, 0.977077, 0.0, 0.0, 0.0, 0.0, 1.0],
                [0.999982, -0.005896, -0.000594, 0.0, 0.005914, 0.986901, 0.161221, 0.374721, -0.000365, -0.161222, 0.986919, 0.0, 0.0, 0.0, 0.0, 1.0],
                [0.999996, -0.002953, -0.000234, -0.0, 0.002962, 0.996731, 0.080739, 0.374721, -5e-06, -0.080739, 0.996735, 0.0, 0.0, 0.0, 0.0, 1.0],
                [1.0, -1.6e-05, -0.000115, -0.0, 1.6e-05, 1.0, 0.000435, 0.374721, 0.000115, -0.000435, 1.0, 0.0, 0.0, 0.0, 0.0, 1.0],
                [1.0, -1.6e-05, -0.000115, -0.0, 1.6e-05, 1.0, 0.000435, 0.374721, 0.000115, -0.000435, 1.0, 0.0, 0.0, 0.0, 0.0, 1.0],
                [1.0, -1.6e-05, -0.000115, 0.0, 1.6e-05, 1.0, 0.000435, 0.374721, 0.000115, -0.000435, 1.0, 0.0, 0.0, 0.0, 0.0, 1.0],
                [1.0, -1.6e-05, -0.000115, -0.0, 1.6e-05, 1.0, 0.000435, 0.374721, 0.000115, -0.000435, 1.0, 0.0, 0.0, 0.0, 0.0, 1.0],
                [1.0, -1.6e-05, -0.000115, 0.0, 1.6e-05, 1.0, 0.000435, 0.374721, 0.000115, -0.000435, 1.0, -0.0, 0.0, 0.0, 0.0, 1.0],
                [1.0, -1.6e-05, -0.000115, 0.0, 1.6e-05, 1.0, 0.000435, 0.374721, 0.000115, -0.000435, 1.0, -0.0, 0.0, 0.0, 0.0, 1.0],
                [1.0, -1.6e-05, -0.000115, 0.0, 1.6e-05, 1.0, 0.000435, 0.374721, 0.000115, -0.000435, 1.0, -0.0, 0.0, 0.0, 0.0, 1.0],
                [1.0, -1.6e-05, -0.000115, 0.0, 1.6e-05, 1.0, 0.000435, 0.374721, 0.000115, -0.000435, 1.0, -0.0, 0.0, 0.0, 0.0, 1.0],
                [1.0, -1.6e-05, -0.000115, 0.0, 1.6e-05, 1.0, 0.000435, 0.374721, 0.000115, -0.000435, 1.0, -0.0, 0.0, 0.0, 0.0, 1.0],
                [1.0, -1.6e-05, -0.000115, 0.0, 1.6e-05, 1.0, 0.000435, 0.374721, 0.000115, -0.000435, 1.0, 0.0, 0.0, 0.0, 0.0, 1.0],
                [1.0, -1.6e-05, -0.000115, -0.0, 1.6e-05, 1.0, 0.000435, 0.374721, 0.000115, -0.000435, 1.0, -0.0, 0.0, 0.0, 0.0, 1.0],
                [1.0, -1.6e-05, -0.000115, 0.0, 1.6e-05, 1.0, 0.000435, 0.374721, 0.000115, -0.000435, 1.0, -0.0, 0.0, 0.0, 0.0, 1.0],
                [1.0, -1.6e-05, -0.000115, -0.0, 1.6e-05, 1.0, 0.000435, 0.374721, 0.000115, -0.000435, 1.0, -0.0, 0.0, 0.0, 0.0, 1.0],
                [1.0, -1.6e-05, -0.000115, -0.0, 1.6e-05, 1.0, 0.000435, 0.374721, 0.000115, -0.000435, 1.0, -0.0, 0.0, 0.0, 0.0, 1.0],
                [1.0, -1.6e-05, -0.000115, 0.0, 1.6e-05, 1.0, 0.000435, 0.374721, 0.000115, -0.000435, 1.0, 0.0, 0.0, 0.0, 0.0, 1.0],
                [1.0, -1.6e-05, -0.000115, 0.0, 1.6e-05, 1.0, 0.000435, 0.374721, 0.000115, -0.000435, 1.0, -0.0, 0.0, 0.0, 0.0, 1.0],
                [1.0, -1.6e-05, -0.000115, -0.0, 1.6e-05, 1.0, 0.000435, 0.374721, 0.000115, -0.000435, 1.0, -0.0, 0.0, 0.0, 0.0, 1.0],
                [1.0, -1.6e-05, -0.000115, 0.0, 1.6e-05, 1.0, 0.000435, 0.374721, 0.000115, -0.000435, 1.0, 0.0, 0.0, 0.0, 0.0, 1.0],
                [1.0, -1.6e-05, -0.000115, -0.0, 1.6e-05, 1.0, 0.000435, 0.374721, 0.000115, -0.000435, 1.0, -0.0, 0.0, 0.0, 0.0, 1.0],
                [1.0, -1.6e-05, -0.000115, 0.0, 1.6e-05, 1.0, 0.000435, 0.374721, 0.000115, -0.000435, 1.0, 0.0, 0.0, 0.0, 0.0, 1.0],
                [1.0, -1.6e-05, -0.000115, 0.0, 1.6e-05, 1.0, 0.000435, 0.374721, 0.000115, -0.000435, 1.0, -0.0, 0.0, 0.0, 0.0, 1.0],
                [1.0, -1.6e-05, -0.000115, -0.0, 1.6e-05, 1.0, 0.000435, 0.374721, 0.000115, -0.000435, 1.0, -0.0, 0.0, 0.0, 0.0, 1.0],
                [1.0, -1.6e-05, -0.000115, 0.0, 1.6e-05, 1.0, 0.000435, 0.374721, 0.000115, -0.000435, 1.0, 0.0, 0.0, 0.0, 0.0, 1.0],
                [1.0, -1.6e-05, -0.000115, 0.0, 1.6e-05, 1.0, 0.000435, 0.374721, 0.000115, -0.000435, 1.0, 0.0, 0.0, 0.0, 0.0, 1.0],
                [1.0, -1.6e-05, -0.000115, 0.0, 1.6e-05, 1.0, 0.000435, 0.374721, 0.000115, -0.000435, 1.0, 0.0, 0.0, 0.0, 0.0, 1.0],
                [1.0, -1.6e-05, -0.000115, -0.0, 1.6e-05, 1.0, 0.000435, 0.374721, 0.000115, -0.000435, 1.0, -0.0, 0.0, 0.0, 0.0, 1.0],
                [1.0, -1.6e-05, -0.000115, 0.0, 1.6e-05, 1.0, 0.000435, 0.374721, 0.000115, -0.000435, 1.0, -0.0, 0.0, 0.0, 0.0, 1.0],
                [1.0, -1.6e-05, -0.000115, 0.0, 1.6e-05, 1.0, 0.000435, 0.374721, 0.000115, -0.000435, 1.0, 0.0, 0.0, 0.0, 0.0, 1.0],
                [1.0, -1.6e-05, -0.000115, -0.0, 1.6e-05, 1.0, 0.000435, 0.374721, 0.000115, -0.000435, 1.0, 0.0, 0.0, 0.0, 0.0, 1.0],
                [1.0, -1.6e-05, -0.000115, -0.0, 1.6e-05, 1.0, 0.000435, 0.374721, 0.000115, -0.000435, 1.0, 0.0, 0.0, 0.0, 0.0, 1.0],
                [1.0, -1.6e-05, -0.000115, -0.0, 1.6e-05, 1.0, 0.000435, 0.374721, 0.000115, -0.000435, 1.0, 0.0, 0.0, 0.0, 0.0, 1.0],
                [1.0, -1.6e-05, -0.000115, 0.0, 1.6e-05, 1.0, 0.000435, 0.374721, 0.000115, -0.000435, 1.0, 0.0, 0.0, 0.0, 0.0, 1.0]
            ]
        },
        {
            "name": "Knee_R",
            "time": [0.0, 0.0167, 0.0333, 0.05, 0.0667, 0.0833, 0.1, 0.1167, 0.1333, 0.15, 0.1667, 0.1833, 0.2, 0.2167, 0.2333, 0.25, 0.2667, 0.2833, 0.3, 0.3167, 0.3333, 0.35, 0.3667, 0.3833, 0.4, 0.4167, 0.4333, 0.45, 0.4667, 0.4833, 0.5, 0.5167, 0.5333, 0.55, 0.5667, 0.5833, 0.6, 0.6167, 0.6333, 0.65, 0.6667, 0.6833, 0.7, 0.7167, 0.7333, 0.75, 0.7667, 0.7833, 0.8, 0.8167, 0.8333, 0.85, 0.8667, 0.8833, 0.9, 0.9167, 0.9333, 0.95, 0.9667, 0.9833, 1.0, 1.0167, 1.0333, 1.05, 1.0667, 1.0833, 1.1, 1.1167, 1.1333, 1.15, 1.1667, 1.1833, 1.2, 1.2167, 1.2333, 1.25, 1.2667, 1.2833, 1.3, 1.3167, 1.3333],
            "transform": [
                [1.0, -5.7e-05, 5.7e-05, 0.0, 5.7e-05, 0.001565, -0.999999, 0.374721, 5.7e-05, 0.999999, 0.001565, -0.0, 0.0, 0.0, 0.0, 1.0],
                [1.0, -5.7e-05, 5.7e-05, 0.0, 5.7e-05, 0.001565, -0.999999, 0.374721, 5.7e-05, 0.999999, 0.001565, 0.0, 0.0, 0.0, 0.0, 1.0],
                [1.0, -5.7e-05, 5.7e-05, -0.0, 5.7e-05, 0.001565, -0.999999, 0.374721, 5.7e-05, 0.999999, 0.001565, -0.0, 0.0, 0.0, 0.0, 1.0],
                [1.0, -5.7e-05, 5.7e-05, 0.0, 5.7e-05, 0.001565, -0.999999, 0.374721, 5.7e-05, 0.999999, 0.001565, -0.0, 0.0, 0.0, 0.0, 1.0],
                [1.0, -5.7e-05, 5.7e-05, 0.0, 5.7e-05, 0.001565, -0.999999, 0.374721, 5.7e-05, 0.999999, 0.001565, -0.0, 0.0, 0.0, 0.0, 1.0],
                [1.0, -5.7e-05, 5.7e-05, -0.0, 5.7e-05, 0.001565, -0.999999, 0.374721, 5.7e-05, 0.999999, 0.001565, -0.0, 0.0, 0.0, 0.0, 1.0],
                [1.0, -5.7e-05, 5.7e-05, -0.0, 5.7e-05, 0.001565, -0.999999, 0.374721, 5.7e-05, 0.999999, 0.001565, -0.0, 0.0, 0.0, 0.0, 1.0],
                [1.0, -5.7e-05, 5.7e-05, 0.0, 5.7e-05, 0.001565, -0.999999, 0.374721, 5.7e-05, 0.999999, 0.001565, -0.0, 0.0, 0.0, 0.0, 1.0],
                [1.0, -5.7e-05, 5.7e-05, 0.0, 5.7e-05, 0.001565, -0.999999, 0.374721, 5.7e-05, 0.999999, 0.001565, -0.0, 0.0, 0.0, 0.0, 1.0],
                [1.0, -5.7e-05, 5.7e-05, -0.0, 5.7e-05, 0.001565, -0.999999, 0.374721, 5.7e-05, 0.999999, 0.001565, -0.0, 0.0, 0.0, 0.0, 1.0],
                [1.0, -5.7e-05, 5.7e-05, 0.0, 5.7e-05, 0.001565, -0.999999, 0.374721, 5.7e-05, 0.999999, 0.001565, -0.0, 0.0, 0.0, 0.0, 1.0],
                [1.0, -5.7e-05, 5.7e-05, -0.0, 5.7e-05, 0.001565, -0.999999, 0.374721, 5.7e-05, 0.999999, 0.001565, -0.0, 0.0, 0.0, 0.0, 1.0],
