{
    "animation": [
        {
            "name": "Root",
            "time": [0.0, 0.0167, 0.0333, 0.05, 0.0667, 0.0833, 0.1, 0.1167, 0.1333, 0.15, 0.1667, 0.1833, 0.2, 0.2167, 0.2333, 0.25, 0.2667, 0.2833, 0.3, 0.3167, 0.3333, 0.35, 0.3667, 0.3833, 0.4, 0.4167, 0.4333, 0.45, 0.4667, 0.4833, 0.5, 0.5167, 0.5333, 0.55, 0.5667, 0.5833, 0.6, 0.6167, 0.6333, 0.65, 0.6667, 0.6833, 0.7, 0.7167, 0.7333, 0.75, 0.7667, 0.7833, 0.8, 0.8167, 0.8333, 0.85, 0.8667, 0.8833, 0.9, 0.9167, 0.9333, 0.95, 0.9667, 0.9833, 1.0],
            "transform": [
                [0.292081, 0.0, -0.956393, -5e-06, -0.956393, 0.0, -0.292081, -0.0995, 0.0, 1.0, 0.0, 0.659848, 0.0, 0.0, 0.0, 1.0],
                [0.292224, 0.0, -0.95635, -5e-06, -0.95635, 0.0, -0.292224, -0.099442, 0.0, 1.0, 0.0, 0.659848, 0.0, 0.0, 0.0, 1.0],
                [0.293334, 0.0, -0.95601, -5e-06, -0.95601, 0.0, -0.293334, -0.098991, 0.0, 1.0, 0.0, 0.659848, 0.0, 0.0, 0.0, 1.0],
                [0.296691, 0.0, -0.954973, -5e-06, -0.954973, 0.0, -0.296691, -0.097625, 0.0, 1.0, 0.0, 0.659848, 0.0, 0.0, 0.0, 1.0],
                [0.303898, 0.0, -0.952705, -5e-06, -0.952705, 0.0, -0.303898, -0.094689, 0.0, 1.0, 0.0, 0.659848, 0.0, 0.0, 0.0, 1.0],
                [0.316747, 0.0, -0.94851, -5e-06, -0.94851, 0.0, -0.316747, -0.089437, 0.0, 1.0, 0.0, 0.659848, 0.0, 0.0, 0.0, 1.0],
                [0.336938, 0.0, -0.941527, -5e-06, -0.941527, 0.0, -0.336938, -0.081134, 0.0, 1.0, 0.0, 0.659848, 0.0, 0.0, 0.0, 1.0],
                [0.365707, 0.0, -0.93073, -5e-06, -0.93073, 0.0, -0.365707, -0.069192, 0.0, 1.0, 0.0, 0.659848, 0.0, 0.0, 0.0, 1.0],
                [0.403492, 0.0, -0.914983, -5e-06, -0.914983, 0.0, -0.403492, -0.053283, 0.0, 1.0, 0.0, 0.659848, 0.0, 0.0, 0.0, 1.0],
                [0.449814, 0.0, -0.893122, -5e-06, -0.893122, 0.0, -0.449814, -0.033375, 0.0, 1.0, 0.0, 0.659848, 0.0, 0.0, 0.0, 1.0],
                [0.50338, 0.0, -0.864065, -5e-06, -0.864065, 0.0, -0.50338, -0.00969, 0.0, 1.0, 0.0, 0.659848, 0.0, 0.0, 0.0, 1.0],
                [0.562329, 0.0, -0.826914, -5e-06, -0.826914, 0.0, -0.562329, 0.017394, 0.0, 1.0, 0.0, 0.659848, 0.0, 0.0, 0.0, 1.0],
                [0.624499, 0.0, -0.781025, -5e-06, -0.781025, 0.0, -0.624499, 0.04743, 0.0, 1.0, 0.0, 0.659848, 0.0, 0.0, 0.0, 1.0],
                [0.72028, 0.0, -0.693684, -5e-06, -0.693684, 0.0, -0.72028, 0.098766, 0.0, 1.0, 0.0, 0.659848, 0.0, 0.0, 0.0, 1.0],
                [0.857101, 0.0, -0.515148, -5e-06, -0.515148, 0.0, -0.857101, 0.189044, 0.0, 1.0, 0.0, 0.659848, 0.0, 0.0, 0.0, 1.0],
                [0.972147, 0.0, -0.234372, -5e-06, -0.234372, 0.0, -0.972147, 0.311425, 0.0, 1.0, 0.0, 0.659848, 0.0, 0.0, 0.0, 1.0],
                [0.99401, 0.0, 0.10929, -5e-06, 0.10929, 0.0, -0.99401, 0.450395, 0.0, 1.0, 0.0, 0.659848, 0.0, 0.0, 0.0, 1.0],
                [0.903313, 0.0, 0.428982, -5e-06, 0.428982, 0.0, -0.903313, 0.583948, 0.0, 1.0, 0.0, 0.659848, 0.0, 0.0, 0.0, 1.0],
                [0.756301, 0.0, 0.654223, -5e-06, 0.654223, 0.0, -0.756301, 0.690902, 0.0, 1.0, 0.0, 0.659848, 0.0, 0.0, 0.0, 1.0],
                [0.632776, 0.0, 0.774335, -5e-06, 0.774335, 0.0, -0.632776, 0.757739, 0.0, 1.0, 0.0, 0.659848, 0.0, 0.0, 0.0, 1.0],
                [0.582071, 0.0, 0.813138, -5e-06, 0.813138, 0.0, -0.582071, 0.779894, 0.0, 1.0, 0.0, 0.659848, 0.0, 0.0, 0.0, 1.0],
                [0.574176, 0.0, 0.818732, -5e-06, 0.818732, 0.0, -0.574176, 0.779894, 0.0, 1.0, 0.0, 0.659848, 0.0, 0.0, 0.0, 1.0],
                [0.56666, 0.0, 0.823952, -5e-06, 0.823952, 0.0, -0.56666, 0.779894, 0.0, 1.0, 0.0, 0.659848, 0.0, 0.0, 0.0, 1.0],
                [0.559576, 0.0, 0.828779, -5e-06, 0.828779, 0.0, -0.559576, 0.779894, 0.0, 1.0, 0.0, 0.659848, 0.0, 0.0, 0.0, 1.0],
                [0.552975, 0.0, 0.833198, -5e-06, 0.833198, 0.0, -0.552975, 0.779894, 0.0, 1.0, 0.0, 0.659848, 0.0, 0.0, 0.0, 1.0],
                [0.546906, 0.0, 0.837194, -5e-06, 0.837194, 0.0, -0.546906, 0.779894, 0.0, 1.0, 0.0, 0.659848, 0.0, 0.0, 0.0, 1.0],
                [0.541413, 0.0, 0.840757, -5e-06, 0.840757, 0.0, -0.541413, 0.779894, 0.0, 1.0, 0.0, 0.659848, 0.0, 0.0, 0.0, 1.0],
                [0.536529, 0.0, 0.843882, -5e-06, 0.843882, 0.0, -0.536529, 0.779894, 0.0, 1.0, 0.0, 0.659848, 0.0, 0.0, 0.0, 1.0],
                [0.532275, 0.0, 0.846572, -5e-06, 0.846572, 0.0, -0.532275, 0.779894, 0.0, 1.0, 0.0, 0.659848, 0.0, 0.0, 0.0, 1.0],
                [0.528654, 0.0, 0.848837, -5e-06, 0.848837, 0.0, -0.528654, 0.779894, 0.0, 1.0, 0.0, 0.659848, 0.0, 0.0, 0.0, 1.0],
                [0.525652, 0.0, 0.8507, -5e-06, 0.8507, 0.0, -0.525652, 0.779894, 0.0, 1.0, 0.0, 0.659848, 0.0, 0.0, 0.0, 1.0],
                [0.523234, 0.0, 0.852189, -5e-06, 0.852189, 0.0, -0.523234, 0.779894, 0.0, 1.0, 0.0, 0.659848, 0.0, 0.0, 0.0, 1.0],
                [0.52135, 0.0, 0.853343, -5e-06, 0.853343, 0.0, -0.52135, 0.779894, 0.0, 1.0, 0.0, 0.659848, 0.0, 0.0, 0.0, 1.0],
                [0.519936, 0.0, 0.854205, -5e-06, 0.854205, 0.0, -0.519936, 0.779894, 0.0, 1.0, 0.0, 0.659848, 0.0, 0.0, 0.0, 1.0],
                [0.518922, 0.0, 0.854821, -5e-06, 0.854821, 0.0, -0.518922, 0.779894, 0.0, 1.0, 0.0, 0.659848, 0.0, 0.0, 0.0, 1.0],
                [0.518234, 0.0, 0.855239, -5e-06, 0.855239, 0.0, -0.518234, 0.779894, 0.0, 1.0, 0.0, 0.659848, 0.0, 0.0, 0.0, 1.0],
                [0.5178, 0.0, 0.855502, -5e-06, 0.855502, 0.0, -0.5178, 0.779894, 0.0, 1.0, 0.0, 0.659848, 0.0, 0.0, 0.0, 1.0],
                [0.517553, 0.0, 0.855651, -5e-06, 0.855651, 0.0, -0.517553, 0.779894, 0.0, 1.0, 0.0, 0.659848, 0.0, 0.0, 0.0, 1.0],
                [0.517434, 0.0, 0.855723, -5e-06, 0.855723, 0.0, -0.517434, 0.779894, 0.0, 1.0, 0.0, 0.659848, 0.0, 0.0, 0.0, 1.0],
                [0.517394, 0.0, 0.855747, -5e-06, 0.855747, 0.0, -0.517394, 0.779894, 0.0, 1.0, 0.0, 0.659848, 0.0, 0.0, 0.0, 1.0],
                [0.517388, 0.0, 0.855751, -5e-06, 0.855751, 0.0, -0.517388, 0.779894, 0.0, 1.0, 0.0, 0.659848, 0.0, 0.0, 0.0, 1.0],
                [0.525658, 0.0, 0.850696, -5e-06, 0.850696, 0.0, -0.525658, 0.7826, 0.0, 1.0, 0.0, 0.659848, 0.0, 0.0, 0.0, 1.0],
                [0.55035, 0.0, 0.834934, -5e-06, 0.834934, 0.0, -0.55035, 0.790778, 0.0, 1.0, 0.0, 0.659848, 0.0, 0.0, 0.0, 1.0],
                [0.590572, 0.0, 0.806985, -5e-06, 0.806985, 0.0, -0.590572, 0.804452, 0.0, 1.0, 0.0, 0.659848, 0.0, 0.0, 0.0, 1.0],
                [0.644307, 0.0, 0.764767, -5e-06, 0.764767, 0.0, -0.644307, 0.823533, 0.0, 1.0, 0.0, 0.659848, 0.0, 0.0, 0.0, 1.0],
                [0.708227, 0.0, 0.705985, -5e-06, 0.705985, 0.0, -0.708227, 0.847783, 0.0, 1.0, 0.0, 0.659848, 0.0, 0.0, 0.0, 1.0],
                [0.777635, 0.0, 0.628717, -5e-06, 0.628717, 0.0, -0.777635, 0.876791, 0.0, 1.0, 0.0, 0.659848, 0.0, 0.0, 0.0, 1.0],
                [0.846658, 0.0, 0.532138, -5e-06, 0.532138, 0.0, -0.846658, 0.90995, 0.0, 1.0, 0.0, 0.659848, 0.0, 0.0, 0.0, 1.0],
                [0.90881, 0.0, 0.41721, -5e-06, 0.41721, 0.0, -0.90881, 0.94645, 0.0, 1.0, 0.0, 0.659848, 0.0, 0.0, 0.0, 1.0],
                [0.957897, 0.0, 0.28711, -5e-06, 0.28711, 0.0, -0.957897, 0.985299, 0.0, 1.0, 0.0, 0.659848, 0.0, 0.0, 0.0, 1.0],
                [0.989112, 0.0, 0.147161, -5e-06, 0.147161, 0.0, -0.989112, 1.025362, 0.0, 1.0, 0.0, 0.659848, 0.0, 0.0, 0.0, 1.0],
                [0.999991, 0.0, 0.004187, -5e-06, 0.004187, 0.0, -0.999991, 1.065425, 0.0, 1.0, 0.0, 0.659848, 0.0, 0.0, 0.0, 1.0],
                [0.990904, 0.0, -0.134568, -5e-06, -0.134568, 0.0, -0.990904, 1.104275, 0.0, 1.0, 0.0, 0.659848, 0.0, 0.0, 0.0, 1.0],
                [0.964902, 0.0, -0.262611, -5e-06, -0.262611, 0.0, -0.964902, 1.140775, 0.0, 1.0, 0.0, 0.659848, 0.0, 0.0, 0.0, 1.0],
                [0.926984, 0.0, -0.375101, -5e-06, -0.375101, 0.0, -0.926984, 1.173934, 0.0, 1.0, 0.0, 0.659848, 0.0, 0.0, 0.0, 1.0],
                [0.883077, 0.0, -0.469229, -5e-06, -0.469229, 0.0, -0.883077, 1.202942, 0.0, 1.0, 0.0, 0.659848, 0.0, 0.0, 0.0, 1.0],
                [0.839038, 0.0, -0.544073, -5e-06, -0.544073, 0.0, -0.839038, 1.227192, 0.0, 1.0, 0.0, 0.659848, 0.0, 0.0, 0.0, 1.0],
                [0.799921, 0.0, -0.600106, -5e-06, -0.600106, 0.0, -0.799921, 1.246272, 0.0, 1.0, 0.0, 0.659848, 0.0, 0.0, 0.0, 1.0],
                [0.769577, 0.0, -0.638554, -5e-06, -0.638554, 0.0, -0.769577, 1.259947, 0.0, 1.0, 0.0, 0.659848, 0.0, 0.0, 0.0, 1.0],
                [0.750543, 0.0, -0.660821, -5e-06, -0.660821, 0.0, -0.750543, 1.268125, 0.0, 1.0, 0.0, 0.659848, 0.0, 0.0, 0.0, 1.0],
                [0.744104, 0.0, -0.668064, -5e-06, -0.668064, 0.0, -0.744104, 1.27083, 0.0, 1.0, 0.0, 0.659848, 0.0, 0.0, 0.0, 1.0]
            ]
        },
        {
            "name": "Thigh_R",
            "time": [0.0, 0.0167, 0.0333, 0.05, 0.0667, 0.0833, 0.1, 0.1167, 0.1333, 0.15, 0.1667, 0.1833, 0.2, 0.2167, 0.2333, 0.25, 0.2667, 0.2833, 0.3, 0.3167, 0.3333, 0.35, 0.3667, 0.3833, 0.4, 0.4167, 0.4333, 0.45, 0.4667, 0.4833, 0.5, 0.5167, 0.5333, 0.55, 0.5667, 0.5833, 0.6, 0.6167, 0.6333, 0.65, 0.6667, 0.6833, 0.7, 0.7167, 0.7333, 0.75, 0.7667, 0.7833, 0.8, 0.8167, 0.8333, 0.85, 0.8667, 0.8833, 0.9, 0.9167, 0.9333, 0.95, 0.9667, 0.9833, 1.0],
            "transform": [
                [0.509628, -0.132881, -0.850072, 0.124994, 0.309617, -0.89349, 0.325287, -0.002831, -0.802755, -0.428973, -0.414206, -1.2e-05, 0.0, 0.0, 0.0, 1.0],
                [0.50643, -0.134288, -0.85176, 0.124994, 0.308485, -0.894206, 0.324395, -0.002831, -0.805212, -0.427039, -0.411427, -1.2e-05, 0.0, 0.0, 0.0, 1.0],
                [0.49744, -0.137857, -0.856475, 0.124994, 0.304989, -0.896472, 0.321432, -0.002831, -0.812118, -0.421109, -0.403896, -1.2e-05, 0.0, 0.0, 0.0, 1.0],
                [0.484045, -0.142271, -0.8634, 0.124994, 0.298914, -0.900456, 0.315956, -0.002831, -0.822405, -0.41102, -0.393335, -1.2e-05, 0.0, 0.0, 0.0, 1.0],
                [0.468309, -0.14582, -0.871449, 0.124994, 0.28994, -0.906311, 0.307465, -0.002831, -0.834639, -0.396656, -0.382154, -1.2e-05, 0.0, 0.0, 0.0, 1.0],
                [0.452877, -0.146589, -0.879439, 0.124994, 0.277644, -0.914156, 0.295352, -0.002831, -0.84724, -0.377929, -0.373301, -1.2e-05, 0.0, 0.0, 0.0, 1.0],
                [0.440694, -0.142751, -0.886234, 0.124994, 0.261535, -0.924024, 0.27889, -0.002831, -0.858713, -0.354686, -0.369878, -1.2e-05, 0.0, 0.0, 0.0, 1.0],
                [0.434554, -0.132911, -0.890785, 0.124994, 0.241135, -0.935774, 0.257257, -0.002831, -0.867765, -0.326591, -0.374595, -1.2e-05, 0.0, 0.0, 0.0, 1.0],
                [0.436647, -0.116377, -0.892074, 0.124994, 0.216102, -0.948996, 0.22958, -0.002831, -0.873292, -0.293024, -0.389227, -1.2e-05, 0.0, 0.0, 0.0, 1.0],
                [0.448268, -0.093254, -0.889022, 0.124994, 0.186351, -0.962943, 0.194971, -0.002831, -0.874259, -0.25307, -0.414279, -1.2e-05, 0.0, 0.0, 0.0, 1.0],
                [0.469745, -0.064343, -0.880454, 0.124994, 0.152136, -0.976519, 0.152532, -0.002831, -0.869594, -0.205599, -0.448926, -1.2e-05, 0.0, 0.0, 0.0, 1.0],
                [0.50054, -0.030924, -0.865161, 0.124994, 0.11405, -0.988296, 0.101309, -0.002831, -0.858168, -0.149381, -0.491155, -1.2e-05, 0.0, 0.0, 0.0, 1.0],
                [0.539424, 0.005586, -0.842016, 0.124994, 0.072967, -0.996526, 0.040134, -0.002831, -0.838867, -0.083089, -0.537958, -1.2e-05, 0.0, 0.0, 0.0, 1.0],
                [0.617685, -0.006628, -0.786398, 0.124994, 0.027601, -0.999165, 0.030101, -0.002831, -0.785941, -0.040298, -0.616987, -1.2e-05, 0.0, 0.0, 0.0, 1.0],
                [0.749932, -0.09356, -0.654865, 0.124994, -0.015431, -0.992153, 0.124076, -0.002831, -0.661335, -0.082943, -0.745491, -1.2e-05, 0.0, 0.0, 0.0, 1.0],
                [0.889349, -0.160511, -0.428128, 0.124994, -0.038323, -0.959229, 0.280019, -0.002831, -0.455619, -0.232628, -0.859241, -1.2e-05, 0.0, 0.0, 0.0, 1.0],
                [0.980181, -0.106428, -0.167086, 0.124994, -0.021905, -0.896486, 0.442531, -0.002831, -0.196888, -0.430101, -0.88105, -1.2e-05, 0.0, 0.0, 0.0, 1.0],
                [0.99804, 0.060256, 0.016864, 0.124994, 0.04036, -0.82589, 0.562385, -0.002831, 0.047815, -0.560602, -0.826703, -1.2e-05, 0.0, 0.0, 0.0, 1.0],
                [0.967468, 0.23484, 0.094109, 0.124994, 0.129457, -0.77912, 0.613361, -0.002831, 0.217364, -0.581224, -0.784176, -1.2e-05, 0.0, 0.0, 0.0, 1.0],
                [0.931031, 0.345167, 0.118488, 0.124994, 0.205624, -0.764402, 0.611072, -0.002831, 0.301494, -0.544563, -0.782657, -1.2e-05, 0.0, 0.0, 0.0, 1.0],
                [0.914468, 0.38332, 0.129667, 0.124994, 0.234827, -0.763654, 0.601406, -0.002831, 0.329551, -0.519517, -0.788351, -1.2e-05, 0.0, 0.0, 0.0, 1.0],
                [0.910971, 0.388793, 0.137736, 0.124994, 0.235337, -0.764167, 0.600554, -0.002831, 0.338744, -0.514673, -0.787631, -1.2e-05, 0.0, 0.0, 0.0, 1.0],
                [0.907572, 0.393927, 0.145371, 0.124994, 0.235831, -0.764655, 0.599739, -0.002831, 0.347413, -0.510024, -0.78688, -1.2e-05, 0.0, 0.0, 0.0, 1.0],
                [0.904307, 0.398702, 0.152529, 0.124994, 0.236305, -0.765113, 0.598967, -0.002831, 0.355512, -0.505607, -0.786113, -1.2e-05, 0.0, 0.0, 0.0, 1.0],
                [0.901211, 0.403094, 0.159165, 0.124994, 0.236753, -0.765539, 0.598245, -0.002831, 0.362996, -0.501462, -0.785346, -1.2e-05, 0.0, 0.0, 0.0, 1.0],
                [0.89832, 0.407084, 0.165238, 0.124994, 0.237171, -0.76593, 0.597578, -0.002831, 0.369825, -0.497627, -0.784599, -1.2e-05, 0.0, 0.0, 0.0, 1.0],
                [0.895667, 0.410657, 0.17071, 0.124994, 0.237555, -0.766284, 0.596973, -0.002831, 0.375963, -0.494136, -0.783888, -1.2e-05, 0.0, 0.0, 0.0, 1.0],
                [0.893279, 0.413802, 0.175558, 0.124994, 0.2379, -0.766597, 0.596433, -0.002831, 0.381388, -0.491016, -0.783229, -1.2e-05, 0.0, 0.0, 0.0, 1.0],
                [0.891177, 0.416518, 0.179767, 0.124994, 0.238203, -0.76687, 0.595962, -0.002831, 0.386087, -0.488286, -0.782632, -1.2e-05, 0.0, 0.0, 0.0, 1.0],
                [0.889372, 0.418812, 0.18334, 0.124994, 0.238463, -0.767101, 0.59556, -0.002831, 0.390068, -0.485954, -0.782109, -1.2e-05, 0.0, 0.0, 0.0, 1.0],
                [0.887864, 0.420703, 0.186295, 0.124994, 0.23868, -0.767293, 0.595225, -0.002831, 0.393356, -0.484015, -0.781666, -1.2e-05, 0.0, 0.0, 0.0, 1.0],
                [0.886643, 0.422218, 0.18867, 0.124994, 0.238855, -0.767447, 0.594956, -0.002831, 0.395996, -0.482449, -0.781301, -1.2e-05, 0.0, 0.0, 0.0, 1.0],
                [0.885687, 0.423393, 0.190518, 0.124994, 0.238993, -0.767567, 0.594746, -0.002831, 0.398047, -0.481226, -0.781012, -1.2e-05, 0.0, 0.0, 0.0, 1.0],
                [0.884967, 0.424272, 0.191903, 0.124994, 0.239096, -0.767657, 0.594588, -0.002831, 0.399583, -0.480307, -0.780793, -1.2e-05, 0.0, 0.0, 0.0, 1.0],
                [0.884448, 0.424901, 0.192896, 0.124994, 0.239171, -0.767722, 0.594475, -0.002831, 0.400683, -0.479648, -0.780635, -1.2e-05, 0.0, 0.0, 0.0, 1.0],
                [0.884096, 0.425328, 0.193569, 0.124994, 0.239221, -0.767765, 0.594398, -0.002831, 0.40143, -0.479199, -0.780527, -1.2e-05, 0.0, 0.0, 0.0, 1.0],
                [0.883874, 0.425596, 0.193994, 0.124994, 0.239253, -0.767793, 0.594349, -0.002831, 0.4019, -0.478916, -0.780458, -1.2e-05, 0.0, 0.0, 0.0, 1.0],
                [0.883748, 0.425749, 0.194235, 0.124994, 0.239272, -0.767809, 0.594322, -0.002831, 0.402168, -0.478756, -0.780419, -1.2e-05, 0.0, 0.0, 0.0, 1.0],
                [0.883687, 0.425822, 0.194351, 0.124994, 0.23928, -0.767816, 0.594309, -0.002831, 0.402296, -0.478679, -0.7804, -1.2e-05, 0.0, 0.0, 0.0, 1.0],
                [0.883666, 0.425847, 0.194391, 0.124994, 0.239283, -0.767819, 0.594304, -0.002831, 0.40234, -0.478652, -0.780394, -1.2e-05, 0.0, 0.0, 0.0, 1.0],
                [0.883664, 0.425851, 0.194396, 0.124994, 0.239284, -0.767819, 0.594303, -0.002831, 0.402346, -0.478648, -0.780393, -1.2e-05, 0.0, 0.0, 0.0, 1.0],
                [0.886012, 0.421658, 0.192837, 0.124994, 0.235706, -0.767759, 0.595809, -0.002831, 0.39928, -0.482442, -0.779632, -1.2e-05, 0.0, 0.0, 0.0, 1.0],
                [0.892936, 0.408899, 0.188328, 0.124994, 0.22505, -0.767759, 0.599915, -0.002831, 0.389895, -0.493302, -0.777582, -1.2e-05, 0.0, 0.0, 0.0, 1.0],
                [0.903927, 0.387342, 0.181334, 0.124994, 0.207811, -0.768355, 0.605347, -0.002831, 0.373805, -0.509507, -0.775031, -1.2e-05, 0.0, 0.0, 0.0, 1.0],
                [0.918083, 0.357005, 0.172251, 0.124994, 0.185114, -0.770405, 0.610089, -0.002831, 0.350508, -0.528226, -0.773383, -1.2e-05, 0.0, 0.0, 0.0, 1.0],
                [0.934192, 0.318505, 0.160744, 0.124994, 0.158859, -0.77478, 0.611947, -0.002831, 0.31945, -0.546141, -0.774391, -1.2e-05, 0.0, 0.0, 0.0, 1.0],
                [0.950893, 0.273199, 0.145479, 0.124994, 0.131708, -0.782488, 0.608576, -0.002831, 0.280098, -0.55953, -0.780046, -1.2e-05, 0.0, 0.0, 0.0, 1.0],
                [0.966808, 0.223491, 0.123829, 0.124994, 0.106866, -0.79393, 0.598544, -0.002831, 0.232081, -0.565444, -0.791462, -1.2e-05, 0.0, 0.0, 0.0, 1.0],
                [0.980604, 0.172714, 0.092657, 0.124994, 0.087544, -0.808927, 0.581354, -0.002831, 0.175361, -0.561967, -0.808358, -1.2e-05, 0.0, 0.0, 0.0, 1.0],
                [0.990945, 0.124834, 0.049435, 0.124994, 0.07632, -0.82663, 0.557546, -0.002831, 0.110465, -0.548724, -0.828673, -1.2e-05, 0.0, 0.0, 0.0, 1.0],
                [0.996461, 0.083803, -0.006562, 0.124994, 0.074604, -0.845707, 0.528407, -0.002831, 0.038733, -0.527026, -0.848966, -1.2e-05, 0.0, 0.0, 0.0, 1.0],
                [0.995891, 0.052717, -0.073635, 0.124994, 0.082411, -0.864657, 0.495557, -0.002831, -0.037544, -0.499589, -0.865449, -1.2e-05, 0.0, 0.0, 0.0, 1.0],
                [0.988449, 0.033103, -0.147892, 0.124994, 0.098459, -0.882123, 0.460613, -0.002831, -0.115211, -0.469854, -0.875193, -1.2e-05, 0.0, 0.0, 0.0, 1.0],
                [0.974235, 0.024654, -0.224182, 0.124994, 0.120514, -0.897105, 0.425063, -0.002831, -0.190636, -0.441128, -0.876963, -1.2e-05, 0.0, 0.0, 0.0, 1.0],
                [0.954453, 0.0255, -0.29727, 0.124994, 0.145847, -0.909064, 0.390295, -0.002831, -0.260285, -0.415874, -0.871378, -1.2e-05, 0.0, 0.0, 0.0, 1.0],
                [0.931286, 0.03283, -0.362805, 0.124994, 0.171699, -0.917927, 0.357672, -0.002831, -0.321286, -0.395389, -0.86049, -1.2e-05, 0.0, 0.0, 0.0, 1.0],
                [0.907485, 0.043574, -0.417818, 0.124994, 0.195644, -0.923995, 0.328568, -0.002831, -0.371745, -0.379914, -0.847037, -1.2e-05, 0.0, 0.0, 0.0, 1.0],
                [0.885837, 0.054913, -0.460736, 0.124994, 0.215795, -0.927805, 0.304319, -0.002831, -0.410762, -0.369002, -0.833734, -1.2e-05, 0.0, 0.0, 0.0, 1.0],
                [0.868724, 0.064607, -0.491064, 0.124994, 0.230862, -0.929986, 0.286057, -0.002831, -0.438201, -0.361873, -0.822817, -1.2e-05, 0.0, 0.0, 0.0, 1.0],
                [0.857853, 0.070998, -0.508967, 0.124994, 0.2401, -0.931038, 0.274809, -0.002831, -0.454356, -0.357948, -0.815741, -1.2e-05, 0.0, 0.0, 0.0, 1.0],
                [0.854152, 0.073213, -0.514844, 0.124994, 0.24319, -0.931345, 0.271023, -0.002831, -0.459655, -0.3567, -0.813315, -1.2e-05, 0.0, 0.0, 0.0, 1.0]
            ]
        },
        {
            "name": "Leg_R",
            "time": [0.0, 0.0167, 0.0333, 0.05, 0.0667, 0.0833, 0.1, 0.1167, 0.1333, 0.15, 0.1667, 0.1833, 0.2, 0.2167, 0.2333, 0.25, 0.2667, 0.2833, 0.3, 0.3167, 0.3333, 0.35, 0.3667, 0.3833, 0.4, 0.4167, 0.4333, 0.45, 0.4667, 0.4833, 0.5, 0.5167, 0.5333, 0.55, 0.5667, 0.5833, 0.6, 0.6167, 0.6333, 0.65, 0.6667, 0.6833, 0.7, 0.7167, 0.7333, 0.75, 0.7667, 0.7833, 0.8, 0.8167, 0.8333, 0.85, 0.8667, 0.8833, 0.9, 0.9167, 0.9333, 0.95, 0.9667, 0.9833, 1.0],
            "transform": [
                [0.999514, -0.028154, -0.013351, -0.0, 0.028242, 0.637568, 0.769876, 0.374721, -0.013163, -0.769879, 0.638054, -0.0, 0.0, 0.0, 0.0, 1.0],
                [0.999513, -0.028176, -0.013378, -0.0, 0.028264, 0.636835, 0.770482, 0.374721, -0.013189, -0.770485, 0.637321, -0.0, 0.0, 0.0, 0.0, 1.0],
                [0.999511, -0.02824, -0.013456, -0.0, 0.028329, 0.634706, 0.772234, 0.374721, -0.013267, -0.772237, 0.635196, -0.0, 0.0, 0.0, 0.0, 1.0],
                [0.999506, -0.028339, -0.013577, -0.0, 0.028428, 0.631378, 0.774954, 0.374721, -0.013389, -0.774957, 0.631872, -0.0, 0.0, 0.0, 0.0, 1.0],
                [0.9995, -0.028463, -0.01373, 0.0, 0.028552, 0.627201, 0.778334, 0.374721, -0.013542, -0.778337, 0.627701, 0.0, 0.0, 0.0, 0.0, 1.0],
                [0.999494, -0.028593, -0.013892, 0.0, 0.028683, 0.622753, 0.781893, 0.374721, -0.013705, -0.781896, 0.623258, -0.0, 0.0, 0.0, 0.0, 1.0],
                [0.999489, -0.028704, -0.014032, 0.0, 0.028795, 0.618912, 0.784932, 0.374721, -0.013846, -0.784935, 0.619422, 0.0, 0.0, 0.0, 0.0, 1.0],
                [0.999487, -0.028761, -0.014105, -0.0, 0.028852, 0.616921, 0.786496, 0.374721, -0.013919, -0.786499, 0.617435, 0.0, 0.0, 0.0, 0.0, 1.0],
                [0.999489, -0.028719, -0.014052, 0.0, 0.02881, 0.618388, 0.785345, 0.374721, -0.013865, -0.785348, 0.6189, -0.0, 0.0, 0.0, 0.0, 1.0],
                [0.999498, -0.028522, -0.013803, 0.0, 0.028611, 0.625201, 0.779939, 0.374721, -0.013616, -0.779942, 0.625703, -0.0, 0.0, 0.0, 0.0, 1.0],
                [0.999517, -0.028099, -0.013285, 0.0, 0.028187, 0.639378, 0.768376, 0.374721, -0.013096, -0.768379, 0.639862, -0.0, 0.0, 0.0, 0.0, 1.0],
                [0.999548, -0.027361, -0.012426, 0.0, 0.027447, 0.662899, 0.748206, 0.374721, -0.012235, -0.748209, 0.66335, 0.0, 0.0, 0.0, 0.0, 1.0],
                [0.999595, -0.026183, -0.011158, 0.0, 0.026265, 0.697626, 0.715981, 0.374721, -0.010962, -0.715984, 0.698031, 0.0, 0.0, 0.0, 0.0, 1.0],
                [0.999601, -0.026039, -0.011011, -0.0, 0.026121, 0.701643, 0.71205, 0.374721, -0.010815, -0.712053, 0.702043, 0.0, 0.0, 0.0, 0.0, 1.0],
                [0.999518, -0.028066, -0.013246, 0.0, 0.028154, 0.640451, 0.767483, 0.374721, -0.013057, -0.767486, 0.640933, 0.0, 0.0, 0.0, 0.0, 1.0],
                [0.999402, -0.030427, -0.016407, -0.0, 0.030522, 0.553879, 0.832037, 0.374721, -0.016228, -0.832041, 0.554477, -0.0, 0.0, 0.0, 0.0, 1.0],
                [0.99932, -0.0318, -0.018641, -0.0, 0.0319, 0.492722, 0.869602, 0.374721, -0.018469, -0.869605, 0.493401, -0.0, 0.0, 0.0, 0.0, 1.0],
                [0.999318, -0.031836, -0.018704, 0.0, 0.031936, 0.490995, 0.870577, 0.374721, -0.018532, -0.87058, 0.491677, 0.0, 0.0, 0.0, 0.0, 1.0],
                [0.999393, -0.030603, -0.016674, -0.0, 0.030699, 0.546569, 0.836851, 0.374721, -0.016496, -0.836854, 0.547177, -0.0, 0.0, 0.0, 0.0, 1.0],
                [0.999485, -0.02879, -0.014142, -0.0, 0.028881, 0.615911, 0.787286, 0.374721, -0.013956, -0.787289, 0.616426, 0.0, 0.0, 0.0, 0.0, 1.0],
                [0.999525, -0.027907, -0.013057, 0.0, 0.027995, 0.645624, 0.763142, 0.37472, -0.012868, -0.763145, 0.646099, 0.0, 0.0, 0.0, 0.0, 1.0],
                [0.999525, -0.027933, -0.013087, 0.0, 0.028021, 0.644792, 0.763844, 0.374721, -0.012898, -0.763848, 0.645268, -0.0, 0.0, 0.0, 0.0, 1.0],
                [0.999523, -0.027956, -0.013115, 0.0, 0.028044, 0.64403, 0.764486, 0.374721, -0.012926, -0.764489, 0.644506, 0.0, 0.0, 0.0, 0.0, 1.0],
                [0.999522, -0.027978, -0.01314, -0.0, 0.028066, 0.643336, 0.765069, 0.374721, -0.012951, -0.765072, 0.643814, -0.0, 0.0, 0.0, 0.0, 1.0],
                [0.999521, -0.027997, -0.013163, -0.0, 0.028085, 0.642713, 0.765593, 0.374721, -0.012974, -0.765596, 0.643191, 0.0, 0.0, 0.0, 0.0, 1.0],
                [0.999521, -0.028014, -0.013183, 0.0, 0.028102, 0.642158, 0.766057, 0.37472, -0.012994, -0.76606, 0.642637, -0.0, 0.0, 0.0, 0.0, 1.0],
                [0.99952, -0.028029, -0.013201, -0.0, 0.028117, 0.641671, 0.766465, 0.374721, -0.013012, -0.766468, 0.642151, 0.0, 0.0, 0.0, 0.0, 1.0],
                [0.999519, -0.028042, -0.013217, -0.0, 0.02813, 0.641249, 0.766817, 0.374721, -0.013028, -0.76682, 0.64173, 0.0, 0.0, 0.0, 0.0, 1.0],
                [0.999519, -0.028053, -0.01323, 0.0, 0.028141, 0.640892, 0.767115, 0.374721, -0.013041, -0.767119, 0.641373, 0.0, 0.0, 0.0, 0.0, 1.0],
                [0.999519, -0.028062, -0.013241, 0.0, 0.02815, 0.640593, 0.767365, 0.374721, -0.013052, -0.767368, 0.641074, 0.0, 0.0, 0.0, 0.0, 1.0],
                [0.999518, -0.028069, -0.013249, -0.0, 0.028157, 0.640351, 0.767566, 0.374721, -0.013061, -0.767569, 0.640833, -0.0, 0.0, 0.0, 0.0, 1.0],
                [0.999518, -0.028075, -0.013256, 0.0, 0.028163, 0.640158, 0.767726, 0.374721, -0.013068, -0.76773, 0.64064, 0.0, 0.0, 0.0, 0.0, 1.0],
                [0.999518, -0.02808, -0.013262, 0.0, 0.028168, 0.64001, 0.76785, 0.374721, -0.013073, -0.767853, 0.640492, -0.0, 0.0, 0.0, 0.0, 1.0],
                [0.999517, -0.028083, -0.013266, 0.0, 0.028171, 0.6399, 0.767942, 0.374721, -0.013077, -0.767945, 0.640382, 0.0, 0.0, 0.0, 0.0, 1.0],
                [0.999517, -0.028085, -0.013269, 0.0, 0.028174, 0.639821, 0.768007, 0.374721, -0.01308, -0.76801, 0.640304, 0.0, 0.0, 0.0, 0.0, 1.0],
                [0.999517, -0.028087, -0.013271, -0.0, 0.028175, 0.639768, 0.768051, 0.374721, -0.013082, -0.768054, 0.640251, 0.0, 0.0, 0.0, 0.0, 1.0],
                [0.999517, -0.028088, -0.013272, 0.0, 0.028176, 0.639735, 0.768079, 0.374721, -0.013083, -0.768082, 0.640218, -0.0, 0.0, 0.0, 0.0, 1.0],
                [0.999517, -0.028088, -0.013273, 0.0, 0.028177, 0.639716, 0.768095, 0.374721, -0.013084, -0.768097, 0.640199, 0.0, 0.0, 0.0, 0.0, 1.0],
                [0.999517, -0.028089, -0.013273, 0.0, 0.028177, 0.639707, 0.768102, 0.374721, -0.013084, -0.768105, 0.64019, 0.0, 0.0, 0.0, 0.0, 1.0],
                [0.999517, -0.028089, -0.013273, 0.0, 0.028177, 0.639704, 0.768105, 0.374721, -0.013084, -0.768108, 0.640187, 0.0, 0.0, 0.0, 0.0, 1.0],
                [0.999517, -0.028089, -0.013273, 0.0, 0.028177, 0.639704, 0.768105, 0.374721, -0.013084, -0.768108, 0.640187, 0.0, 0.0, 0.0, 0.0, 1.0],
                [0.999512, -0.028197, -0.013403, -0.0, 0.028286, 0.63613, 0.771064, 0.374721, -0.013215, -0.771067, 0.636617, -0.0, 0.0, 0.0, 0.0, 1.0],
                [0.999499, -0.028508, -0.013785, -0.0, 0.028597, 0.625673, 0.77956, 0.374721, -0.013598, -0.779564, 0.626175, -0.0, 0.0, 0.0, 0.0, 1.0],
                [0.999476, -0.028977, -0.014383, 0.0, 0.029068, 0.609309, 0.7924, 0.374721, -0.014198, -0.792403, 0.609832, -0.0, 0.0, 0.0, 0.0, 1.0],
                [0.999449, -0.029539, -0.015133, 0.0, 0.029632, 0.588761, 0.807764, 0.374721, -0.014951, -0.807767, 0.589312, 0.0, 0.0, 0.0, 0.0, 1.0],
                [0.999418, -0.03013, -0.015969, -0.0, 0.030225, 0.565877, 0.823936, 0.374721, -0.015789, -0.823939, 0.566459, 0.0, 0.0, 0.0, 0.0, 1.0],
                [0.999388, -0.030681, -0.016795, -0.0, 0.030778, 0.543268, 0.838996, 0.374721, -0.016617, -0.838999, 0.543879, 0.0, 0.0, 0.0, 0.0, 1.0],
                [0.999361, -0.031151, -0.01754, -0.0, 0.031249, 0.522865, 0.851842, 0.374721, -0.017364, -0.851846, 0.523505, -0.0, 0.0, 0.0, 0.0, 1.0],
                [0.999339, -0.031514, -0.018144, -0.0, 0.031613, 0.506339, 0.861755, 0.374721, -0.01797, -0.861759, 0.507, -0.0, 0.0, 0.0, 0.0, 1.0],
                [0.999323, -0.031756, -0.018563, 0.0, 0.031856, 0.494848, 0.868395, 0.374721, -0.018391, -0.868399, 0.495525, -0.0, 0.0, 0.0, 0.0, 1.0],
                [0.999316, -0.031875, -0.018773, 0.0, 0.031975, 0.489093, 0.871646, 0.374721, -0.018602, -0.871649, 0.489777, 0.0, 0.0, 0.0, 0.0, 1.0],
                [0.999316, -0.031869, -0.018762, -0.0, 0.031969, 0.4894, 0.871473, 0.374721, -0.018591, -0.871477, 0.490084, -0.0, 0.0, 0.0, 0.0, 1.0],
                [0.999325, -0.031737, -0.01853, -0.0, 0.031837, 0.495754, 0.867879, 0.374721, -0.018358, -0.867883, 0.49643, 0.0, 0.0, 0.0, 0.0, 1.0],
                [0.99934, -0.031484, -0.018093, 0.0, 0.031583, 0.50771, 0.860949, 0.374721, -0.01792, -0.860953, 0.508369, 0.0, 0.0, 0.0, 0.0, 1.0],
                [0.999363, -0.03112, -0.017489, -0.0, 0.031218, 0.524262, 0.850985, 0.374721, -0.017314, -0.850988, 0.524899, -0.0, 0.0, 0.0, 0.0, 1.0],
                [0.999389, -0.030669, -0.016775, -0.0, 0.030765, 0.543798, 0.838653, 0.374721, -0.016598, -0.838656, 0.544409, 0.0, 0.0, 0.0, 0.0, 1.0],
                [0.999416, -0.030172, -0.01603, 0.0, 0.030267, 0.564203, 0.825081, 0.374721, -0.01585, -0.825084, 0.564787, -0.0, 0.0, 0.0, 0.0, 1.0],
                [0.999442, -0.029688, -0.015339, 0.0, 0.029781, 0.583138, 0.811827, 0.374721, -0.015157, -0.81183, 0.583696, 0.0, 0.0, 0.0, 0.0, 1.0],
                [0.999462, -0.029277, -0.014778, 0.0, 0.029369, 0.598488, 0.800593, 0.374721, -0.014594, -0.800596, 0.599026, -0.0, 0.0, 0.0, 0.0, 1.0],
                [0.999475, -0.029005, -0.014419, -0.0, 0.029096, 0.608322, 0.793157, 0.374721, -0.014234, -0.79316, 0.608846, -0.0, 0.0, 0.0, 0.0, 1.0],
                [0.99948, -0.02891, -0.014296, 0.0, 0.029001, 0.611698, 0.79056, 0.374721, -0.01411, -0.790563, 0.612218, 0.0, 0.0, 0.0, 0.0, 1.0]
            ]
        },
        {
            "name": "Knee_R",
            "time": [0.0, 0.0167, 0.0333, 0.05, 0.0667, 0.0833, 0.1, 0.1167, 0.1333, 0.15, 0.1667, 0.1833, 0.2, 0.2167, 0.2333, 0.25, 0.2667, 0.2833, 0.3, 0.3167, 0.3333, 0.35, 0.3667, 0.3833, 0.4, 0.4167, 0.4333, 0.45, 0.4667, 0.4833, 0.5, 0.5167, 0.5333, 0.55, 0.5667, 0.5833, 0.6, 0.6167, 0.6333, 0.65, 0.6667, 0.6833, 0.7, 0.7167, 0.7333, 0.75, 0.7667, 0.7833, 0.8, 0.8167, 0.8333, 0.85, 0.8667, 0.8833, 0.9, 0.9167, 0.9333, 0.95, 0.9667, 0.9833, 1.0],
            "transform": [
                [1.0, -5.7e-05, 5.7e-05, -2e-06, 5.7e-05, 0.001565, -0.999999, 0.404975, 5.7e-05, 0.999999, 0.001565, -4.7e-05, 0.0, 0.0, 0.0, 1.0],
                [1.0, -5.7e-05, 5.7e-05, -2e-06, 5.7e-05, 0.001565, -0.999999, 0.405057, 5.7e-05, 0.999999, 0.001565, -4.7e-05, 0.0, 0.0, 0.0, 1.0],
                [1.0, -5.7e-05, 5.7e-05, -2e-06, 5.7e-05, 0.001565, -0.999999, 0.405294, 5.7e-05, 0.999999, 0.001565, -4.8e-05, 0.0, 0.0, 0.0, 1.0],
                [1.0, -5.7e-05, 5.7e-05, -2e-06, 5.7e-05, 0.001565, -0.999999, 0.405663, 5.7e-05, 0.999999, 0.001565, -4.8e-05, 0.0, 0.0, 0.0, 1.0],
                [1.0, -5.7e-05, 5.7e-05, -2e-06, 5.7e-05, 0.001565, -0.999999, 0.406124, 5.7e-05, 0.999999, 0.001565, -4.9e-05, 0.0, 0.0, 0.0, 1.0],
                [1.0, -5.7e-05, 5.7e-05, -2e-06, 5.7e-05, 0.001565, -0.999999, 0.406613, 5.7e-05, 0.999999, 0.001565, -5e-05, 0.0, 0.0, 0.0, 1.0],
                [1.0, -5.7e-05, 5.7e-05, -2e-06, 5.7e-05, 0.001565, -0.999999, 0.407034, 5.7e-05, 0.999999, 0.001565, -5.1e-05, 0.0, 0.0, 0.0, 1.0],
                [1.0, -5.7e-05, 5.7e-05, -2e-06, 5.7e-05, 0.001565, -0.999999, 0.407251, 5.7e-05, 0.999999, 0.001565, -5.1e-05, 0.0, 0.0, 0.0, 1.0],
                [1.0, -5.7e-05, 5.7e-05, -2e-06, 5.7e-05, 0.001565, -0.999999, 0.407091, 5.7e-05, 0.999999, 0.001565, -5.1e-05, 0.0, 0.0, 0.0, 1.0],
                [1.0, -5.7e-05, 5.7e-05, -2e-06, 5.7e-05, 0.001565, -0.999999, 0.406344, 5.7e-05, 0.999999, 0.001565, -4.9e-05, 0.0, 0.0, 0.0, 1.0],
                [1.0, -5.7e-05, 5.7e-05, -2e-06, 5.7e-05, 0.001565, -0.999999, 0.404773, 5.7e-05, 0.999999, 0.001565, -4.7e-05, 0.0, 0.0, 0.0, 1.0],
                [1.0, -5.7e-05, 5.7e-05, -2e-06, 5.7e-05, 0.001565, -0.999999, 0.402112, 5.7e-05, 0.999999, 0.001565, -4.3e-05, 0.0, 0.0, 0.0, 1.0],
                [1.0, -5.7e-05, 5.7e-05, -1e-06, 5.7e-05, 0.001565, -0.999999, 0.398043, 5.7e-05, 0.999999, 0.001565, -3.6e-05, 0.0, 0.0, 0.0, 1.0],
                [1.0, -5.7e-05, 5.7e-05, -1e-06, 5.7e-05, 0.001565, -0.999999, 0.39756, 5.7e-05, 0.999999, 0.001565, -3.6e-05, 0.0, 0.0, 0.0, 1.0],
                [1.0, -5.7e-05, 5.7e-05, -2e-06, 5.7e-05, 0.001565, -0.999999, 0.404653, 5.7e-05, 0.999999, 0.001565, -4.7e-05, 0.0, 0.0, 0.0, 1.0],
                [1.0, -5.7e-05, 5.7e-05, -2e-06, 5.7e-05, 0.001565, -0.999999, 0.413932, 5.7e-05, 0.999999, 0.001565, -6.1e-05, 0.0, 0.0, 0.0, 1.0],
                [1.0, -5.7e-05, 5.7e-05, -3e-06, 5.7e-05, 0.001565, -0.999999, 0.420097, 5.7e-05, 0.999999, 0.001565, -7.1e-05, 0.0, 0.0, 0.0, 1.0],
                [1.0, -5.7e-05, 5.7e-05, -3e-06, 5.7e-05, 0.001565, -0.999999, 0.420267, 5.7e-05, 0.999999, 0.001565, -7.1e-05, 0.0, 0.0, 0.0, 1.0],
                [1.0, -5.7e-05, 5.7e-05, -2e-06, 5.7e-05, 0.001565, -0.999999, 0.414684, 5.7e-05, 0.999999, 0.001565, -6.3e-05, 0.0, 0.0, 0.0, 1.0],
                [1.0, -5.7e-05, 5.7e-05, -2e-06, 5.7e-05, 0.001565, -0.999999, 0.407362, 5.7e-05, 0.999999, 0.001565, -5.1e-05, 0.0, 0.0, 0.0, 1.0],
                [1.0, -5.7e-05, 5.7e-05, -2e-06, 5.7e-05, 0.001565, -0.999999, 0.404073, 5.7e-05, 0.999999, 0.001565, -4.6e-05, 0.0, 0.0, 0.0, 1.0],
                [1.0, -5.7e-05, 5.7e-05, -2e-06, 5.7e-05, 0.001565, -0.999999, 0.404167, 5.7e-05, 0.999999, 0.001565, -4.6e-05, 0.0, 0.0, 0.0, 1.0],
                [1.0, -5.7e-05, 5.7e-05, -2e-06, 5.7e-05, 0.001565, -0.999999, 0.404253, 5.7e-05, 0.999999, 0.001565, -4.6e-05, 0.0, 0.0, 0.0, 1.0],
                [1.0, -5.7e-05, 5.7e-05, -2e-06, 5.7e-05, 0.001565, -0.999999, 0.40433, 5.7e-05, 0.999999, 0.001565, -4.6e-05, 0.0, 0.0, 0.0, 1.0],
                [1.0, -5.7e-05, 5.7e-05, -2e-06, 5.7e-05, 0.001565, -0.999999, 0.4044, 5.7e-05, 0.999999, 0.001565, -4.7e-05, 0.0, 0.0, 0.0, 1.0],
                [1.0, -5.7e-05, 5.7e-05, -2e-06, 5.7e-05, 0.001565, -0.999999, 0.404462, 5.7e-05, 0.999999, 0.001565, -4.7e-05, 0.0, 0.0, 0.0, 1.0],
                [1.0, -5.7e-05, 5.7e-05, -2e-06, 5.7e-05, 0.001565, -0.999999, 0.404517, 5.7e-05, 0.999999, 0.001565, -4.7e-05, 0.0, 0.0, 0.0, 1.0],
                [1.0, -5.7e-05, 5.7e-05, -2e-06, 5.7e-05, 0.001565, -0.999999, 0.404564, 5.7e-05, 0.999999, 0.001565, -4.7e-05, 0.0, 0.0, 0.0, 1.0],
                [1.0, -5.7e-05, 5.7e-05, -2e-06, 5.7e-05, 0.001565, -0.999999, 0.404604, 5.7e-05, 0.999999, 0.001565, -4.7e-05, 0.0, 0.0, 0.0, 1.0],
                [1.0, -5.7e-05, 5.7e-05, -2e-06, 5.7e-05, 0.001565, -0.999999, 0.404638, 5.7e-05, 0.999999, 0.001565, -4.7e-05, 0.0, 0.0, 0.0, 1.0],
                [1.0, -5.7e-05, 5.7e-05, -2e-06, 5.7e-05, 0.001565, -0.999999, 0.404665, 5.7e-05, 0.999999, 0.001565, -4.7e-05, 0.0, 0.0, 0.0, 1.0],
                [1.0, -5.7e-05, 5.7e-05, -2e-06, 5.7e-05, 0.001565, -0.999999, 0.404686, 5.7e-05, 0.999999, 0.001565, -4.7e-05, 0.0, 0.0, 0.0, 1.0],
                [1.0, -5.7e-05, 5.7e-05, -2e-06, 5.7e-05, 0.001565, -0.999999, 0.404702, 5.7e-05, 0.999999, 0.001565, -4.7e-05, 0.0, 0.0, 0.0, 1.0],
                [1.0, -5.7e-05, 5.7e-05, -2e-06, 5.7e-05, 0.001565, -0.999999, 0.404715, 5.7e-05, 0.999999, 0.001565, -4.7e-05, 0.0, 0.0, 0.0, 1.0],
                [1.0, -5.7e-05, 5.7e-05, -2e-06, 5.7e-05, 0.001565, -0.999999, 0.404724, 5.7e-05, 0.999999, 0.001565, -4.7e-05, 0.0, 0.0, 0.0, 1.0],
                [1.0, -5.7e-05, 5.7e-05, -2e-06, 5.7e-05, 0.001565, -0.999999, 0.40473, 5.7e-05, 0.999999, 0.001565, -4.7e-05, 0.0, 0.0, 0.0, 1.0],
                [1.0, -5.7e-05, 5.7e-05, -2e-06, 5.7e-05, 0.001565, -0.999999, 0.404733, 5.7e-05, 0.999999, 0.001565, -4.7e-05, 0.0, 0.0, 0.0, 1.0],
                [1.0, -5.7e-05, 5.7e-05, -2e-06, 5.7e-05, 0.001565, -0.999999, 0.404735, 5.7e-05, 0.999999, 0.001565, -4.7e-05, 0.0, 0.0, 0.0, 1.0],
                [1.0, -5.7e-05, 5.7e-05, -2e-06, 5.7e-05, 0.001565, -0.999999, 0.404736, 5.7e-05, 0.999999, 0.001565, -4.7e-05, 0.0, 0.0, 0.0, 1.0],
                [1.0, -5.7e-05, 5.7e-05, -2e-06, 5.7e-05, 0.001565, -0.999999, 0.404737, 5.7e-05, 0.999999, 0.001565, -4.7e-05, 0.0, 0.0, 0.0, 1.0],
                [1.0, -5.7e-05, 5.7e-05, -2e-06, 5.7e-05, 0.001565, -0.999999, 0.404737, 5.7e-05, 0.999999, 0.001565, -4.7e-05, 0.0, 0.0, 0.0, 1.0],
                [1.0, -5.7e-05, 5.7e-05, -2e-06, 5.7e-05, 0.001565, -0.999999, 0.405135, 5.7e-05, 0.999999, 0.001565, -4.8e-05, 0.0, 0.0, 0.0, 1.0],
                [1.0, -5.7e-05, 5.7e-05, -2e-06, 5.7e-05, 0.001565, -0.999999, 0.406292, 5.7e-05, 0.999999, 0.001565, -5e-05, 0.0, 0.0, 0.0, 1.0],
                [1.0, -5.7e-05, 5.7e-05, -2e-06, 5.7e-05, 0.001565, -0.999999, 0.408079, 5.7e-05, 0.999999, 0.001565, -5.2e-05, 0.0, 0.0, 0.0, 1.0],
                [1.0, -5.7e-05, 5.7e-05, -2e-06, 5.7e-05, 0.001565, -0.999999, 0.410282, 5.7e-05, 0.999999, 0.001565, -5.6e-05, 0.0, 0.0, 0.0, 1.0],
                [1.0, -5.7e-05, 5.7e-05, -2e-06, 5.7e-05, 0.001565, -0.999999, 0.412689, 5.7e-05, 0.999999, 0.001565, -5.9e-05, 0.0, 0.0, 0.0, 1.0],
                [1.0, -5.7e-05, 5.7e-05, -2e-06, 5.7e-05, 0.001565, -0.999999, 0.415022, 5.7e-05, 0.999999, 0.001565, -6.3e-05, 0.0, 0.0, 0.0, 1.0],
                [1.0, -5.7e-05, 5.7e-05, -2e-06, 5.7e-05, 0.001565, -0.999999, 0.417092, 5.7e-05, 0.999999, 0.001565, -6.6e-05, 0.0, 0.0, 0.0, 1.0],
                [1.0, -5.7e-05, 5.7e-05, -3e-06, 5.7e-05, 0.001565, -0.999999, 0.418747, 5.7e-05, 0.999999, 0.001565, -6.9e-05, 0.0, 0.0, 0.0, 1.0],
                [1.0, -5.7e-05, 5.7e-05, -3e-06, 5.7e-05, 0.001565, -0.999999, 0.419887, 5.7e-05, 0.999999, 0.001565, -7.1e-05, 0.0, 0.0, 0.0, 1.0],
                [1.0, -5.7e-05, 5.7e-05, -3e-06, 5.7e-05, 0.001565, -0.999999, 0.420454, 5.7e-05, 0.999999, 0.001565, -7.2e-05, 0.0, 0.0, 0.0, 1.0],
                [1.0, -5.7e-05, 5.7e-05, -3e-06, 5.7e-05, 0.001565, -0.999999, 0.420424, 5.7e-05, 0.999999, 0.001565, -7.2e-05, 0.0, 0.0, 0.0, 1.0],
                [1.0, -5.7e-05, 5.7e-05, -3e-06, 5.7e-05, 0.001565, -0.999999, 0.419797, 5.7e-05, 0.999999, 0.001565, -7.1e-05, 0.0, 0.0, 0.0, 1.0],
                [1.0, -5.7e-05, 5.7e-05, -2e-06, 5.7e-05, 0.001565, -0.999999, 0.41861, 5.7e-05, 0.999999, 0.001565, -6.9e-05, 0.0, 0.0, 0.0, 1.0],
                [1.0, -5.7e-05, 5.7e-05, -2e-06, 5.7e-05, 0.001565, -0.999999, 0.416951, 5.7e-05, 0.999999, 0.001565, -6.6e-05, 0.0, 0.0, 0.0, 1.0],
                [1.0, -5.7e-05, 5.7e-05, -2e-06, 5.7e-05, 0.001565, -0.999999, 0.414967, 5.7e-05, 0.999999, 0.001565, -6.3e-05, 0.0, 0.0, 0.0, 1.0],
                [1.0, -5.7e-05, 5.7e-05, -2e-06, 5.7e-05, 0.001565, -0.999999, 0.412863, 5.7e-05, 0.999999, 0.001565, -6e-05, 0.0, 0.0, 0.0, 1.0],
                [1.0, -5.7e-05, 5.7e-05, -2e-06, 5.7e-05, 0.001565, -0.999999, 0.410878, 5.7e-05, 0.999999, 0.001565, -5.6e-05, 0.0, 0.0, 0.0, 1.0],
                [1.0, -5.7e-05, 5.7e-05, -2e-06, 5.7e-05, 0.001565, -0.999999, 0.409244, 5.7e-05, 0.999999, 0.001565, -5.4e-05, 0.0, 0.0, 0.0, 1.0],
                [1.0, -5.7e-05, 5.7e-05, -2e-06, 5.7e-05, 0.001565, -0.999999, 0.408186, 5.7e-05, 0.999999, 0.001565, -5.2e-05, 0.0, 0.0, 0.0, 1.0],
                [1.0, -5.7e-05, 5.7e-05, -2e-06, 5.7e-05, 0.001565, -0.999999, 0.40782, 5.7e-05, 0.999999, 0.001565, -5.2e-05, 0.0, 0.0, 0.0, 1.0]
            ]
        },
        {
            "name": "Thigh_L",
            "time": [0.0, 0.0167, 0.0333, 0.05, 0.0667, 0.0833, 0.1, 0.1167, 0.1333, 0.15, 0.1667, 0.1833, 0.2, 0.2167, 0.2333, 0.25, 0.2667, 0.2833, 0.3, 0.3167, 0.3333, 0.35, 0.3667, 0.3833, 0.4, 0.4167, 0.4333, 0.45, 0.4667, 0.4833, 0.5, 0.5167, 0.5333, 0.55, 0.5667, 0.5833, 0.6, 0.6167, 0.6333, 0.65, 0.6667, 0.6833, 0.7, 0.7167, 0.7333, 0.75, 0.7667, 0.7833, 0.8, 0.8167, 0.8333, 0.85, 0.8667, 0.8833, 0.9, 0.9167, 0.9333, 0.95, 0.9667, 0.9833, 1.0],
            "transform": [
                [0.226038, -0.665841, -0.71103, -0.125006, -0.132327, -0.744143, 0.654783, -0.002831, -0.965089, -0.053917, -0.256313, -1.2e-05, 0.0, 0.0, 0.0, 1.0],
                [0.226195, -0.665866, -0.710956, -0.125006, -0.132312, -0.744111, 0.654823, -0.002831, -0.965054, -0.05405, -0.256416, -1.2e-05, 0.0, 0.0, 0.0, 1.0],
                [0.227413, -0.666059, -0.710386, -0.125006, -0.132189, -0.743862, 0.65513, -0.002831, -0.964785, -0.05508, -0.25721, -1.2e-05, 0.0, 0.0, 0.0, 1.0],
                [0.231098, -0.666615, -0.708673, -0.125006, -0.131818, -0.743126, 0.656039, -0.002831, -0.96396, -0.058193, -0.259607, -1.2e-05, 0.0, 0.0, 0.0, 1.0],
                [0.239014, -0.66767, -0.705046, -0.125006, -0.131018, -0.741626, 0.657895, -0.002831, -0.962137, -0.064872, -0.264735, -1.2e-05, 0.0, 0.0, 0.0, 1.0],
