{
    "animation": [
        {
            "name": "Root",
            "time": [0.0, 0.0167, 0.0333, 0.05, 0.0667, 0.0833, 0.1, 0.1167, 0.1333, 0.15, 0.1667, 0.1833, 0.2, 0.2167, 0.2333, 0.25, 0.2667, 0.2833, 0.3, 0.3167, 0.3333, 0.35, 0.3667, 0.3833, 0.4, 0.4167, 0.4333, 0.45, 0.4667, 0.4833, 0.5, 0.5167, 0.5333, 0.55, 0.5667, 0.5833, 0.6, 0.6167, 0.6333, 0.65, 0.6667, 0.6833, 0.7, 0.7167, 0.7333, 0.75, 0.7667, 0.7833, 0.8, 0.8167, 0.8333, 0.85, 0.8667, 0.8833, 0.9, 0.9167, 0.9333, 0.95, 0.9667, 0.9833, 1.0, 1.0167, 1.0333, 1.05, 1.0667, 1.0833, 1.1, 1.1167, 1.1333, 1.15, 1.1667],
            "transform": [
                [0.588304, 0.0, -0.80864, -0.000888, -0.80864, 0.0, -0.588304, -0.0995, 0.0, 1.0, 0.0, 0.633341, 0.0, 0.0, 0.0, 1.0],
                [0.588398, 0.0, -0.808572, -0.000888, -0.808572, 0.0, -0.588398, -0.093373, 0.0, 1.0, 0.0, 0.63333, 0.0, 0.0, 0.0, 1.0],
                [0.589141, 0.0, -0.80803, -0.000888, -0.80803, 0.0, -0.589141, -0.074854, 0.0, 1.0, 0.0, 0.633241, 0.0, 0.0, 0.0, 1.0],
                [0.591425, 0.0, -0.80636, -0.000888, -0.80636, 0.0, -0.591425, -0.043889, 0.0, 1.0, 0.0, 0.632967, 0.0, 0.0, 0.0, 1.0],
                [0.596353, 0.0, -0.802722, -0.000888, -0.802722, 0.0, -0.596353, -0.000682, 0.0, 1.0, 0.0, 0.632373, 0.0, 0.0, 0.0, 1.0],
                [0.605052, 0.0, -0.796186, -0.000888, -0.796186, 0.0, -0.605052, 0.054232, 0.0, 1.0, 0.0, 0.631319, 0.0, 0.0, 0.0, 1.0],
                [0.618358, 0.0, -0.785896, -0.000888, -0.785896, 0.0, -0.618358, 0.119919, 0.0, 1.0, 0.0, 0.629689, 0.0, 0.0, 0.0, 1.0],
                [0.636533, 0.0, -0.771249, -0.000888, -0.771249, 0.0, -0.636533, 0.195005, 0.0, 1.0, 0.0, 0.627427, 0.0, 0.0, 0.0, 1.0],
                [0.659209, 0.0, -0.75196, -0.000888, -0.75196, 0.0, -0.659209, 0.277659, 0.0, 1.0, 0.0, 0.624543, 0.0, 0.0, 0.0, 1.0],
                [0.685552, 0.0, -0.728024, -0.000888, -0.728024, 0.0, -0.685552, 0.365632, 0.0, 1.0, 0.0, 0.621094, 0.0, 0.0, 0.0, 1.0],
                [0.714519, 0.0, -0.699616, -0.000888, -0.699616, 0.0, -0.714519, 0.456353, 0.0, 1.0, 0.0, 0.617162, 0.0, 0.0, 0.0, 1.0],
                [0.772944, 0.0, -0.634474, -0.000888, -0.634474, 0.0, -0.772944, 0.547073, 0.0, 1.0, 0.0, 0.609527, 0.0, 0.0, 0.0, 1.0],
                [0.8727, 0.0, -0.488257, -0.000888, -0.488257, 0.0, -0.8727, 0.635046, 0.0, 1.0, 0.0, 0.594931, 0.0, 0.0, 0.0, 1.0],
                [0.969095, 0.0, -0.246689, -0.000888, -0.246689, 0.0, -0.969095, 0.7177, 0.0, 1.0, 0.0, 0.573923, 0.0, 0.0, 0.0, 1.0],
                [0.996985, 0.0, 0.07759, -0.000888, 0.07759, 0.0, -0.996985, 0.792786, 0.0, 1.0, 0.0, 0.547955, 0.0, 0.0, 0.0, 1.0],
                [0.904479, 0.0, 0.426518, -0.000888, 0.426518, 0.0, -0.904479, 0.858474, 0.0, 1.0, 0.0, 0.519471, 0.0, 0.0, 0.0, 1.0],
                [0.695961, 0.0, 0.718079, -0.000888, 0.718079, 0.0, -0.695961, 0.913387, 0.0, 1.0, 0.0, 0.491562, 0.0, 0.0, 0.0, 1.0],
                [0.435221, 0.0, 0.900324, -0.000888, 0.900324, 0.0, -0.435221, 0.956594, 0.0, 1.0, 0.0, 0.467263, 0.0, 0.0, 0.0, 1.0],
                [0.199768, 0.0, 0.979843, -0.000888, 0.979843, 0.0, -0.199768, 0.98756, 0.0, 1.0, 0.0, 0.448865, 0.0, 0.0, 0.0, 1.0],
                [0.038889, 0.0, 0.999244, -0.000888, 0.999244, 0.0, -0.038889, 1.006079, 0.0, 1.0, 0.0, 0.437629, 0.0, 0.0, 0.0, 1.0],
                [-0.031108, 0.0, 0.999516, -0.000888, 0.999516, 0.0, 0.031108, 1.012205, 0.0, 1.0, 0.0, 0.433914, 0.0, 0.0, 0.0, 1.0],
                [-0.054734, 0.0, 0.998501, -0.000888, 0.998501, 0.0, 0.054734, 1.012205, 0.0, 1.0, 0.0, 0.433914, 0.0, 0.0, 0.0, 1.0],
                [-0.077047, 0.0, 0.997027, -0.000888, 0.997027, 0.0, 0.077047, 1.012205, 0.0, 1.0, 0.0, 0.433914, 0.0, 0.0, 0.0, 1.0],
                [-0.097917, 0.0, 0.995195, -0.000888, 0.995195, 0.0, 0.097917, 1.012205, 0.0, 1.0, 0.0, 0.433914, 0.0, 0.0, 0.0, 1.0],
                [-0.117218, 0.0, 0.993106, -0.000888, 0.993106, 0.0, 0.117218, 1.012205, 0.0, 1.0, 0.0, 0.433914, 0.0, 0.0, 0.0, 1.0],
                [-0.134834, 0.0, 0.990868, -0.000888, 0.990868, 0.0, 0.134834, 1.012205, 0.0, 1.0, 0.0, 0.433914, 0.0, 0.0, 0.0, 1.0],
                [-0.150671, 0.0, 0.988584, -0.000888, 0.988584, 0.0, 0.150671, 1.012205, 0.0, 1.0, 0.0, 0.433914, 0.0, 0.0, 0.0, 1.0],
                [-0.164664, 0.0, 0.98635, -0.000888, 0.98635, 0.0, 0.164664, 1.012205, 0.0, 1.0, 0.0, 0.433914, 0.0, 0.0, 0.0, 1.0],
                [-0.176783, 0.0, 0.98425, -0.000888, 0.98425, 0.0, 0.176783, 1.012205, 0.0, 1.0, 0.0, 0.433914, 0.0, 0.0, 0.0, 1.0],
                [-0.187048, 0.0, 0.982351, -0.000888, 0.982351, 0.0, 0.187048, 1.012205, 0.0, 1.0, 0.0, 0.433914, 0.0, 0.0, 0.0, 1.0],
                [-0.195523, 0.0, 0.980699, -0.000888, 0.980699, 0.0, 0.195523, 1.012205, 0.0, 1.0, 0.0, 0.433914, 0.0, 0.0, 0.0, 1.0],
                [-0.202324, 0.0, 0.979318, -0.000888, 0.979318, 0.0, 0.202324, 1.012205, 0.0, 1.0, 0.0, 0.433914, 0.0, 0.0, 0.0, 1.0],
                [-0.207609, 0.0, 0.978212, -0.000888, 0.978212, 0.0, 0.207609, 1.012205, 0.0, 1.0, 0.0, 0.433914, 0.0, 0.0, 0.0, 1.0],
                [-0.211565, 0.0, 0.977364, -0.000888, 0.977364, 0.0, 0.211565, 1.012205, 0.0, 1.0, 0.0, 0.433914, 0.0, 0.0, 0.0, 1.0],
                [-0.214399, 0.0, 0.976746, -0.000888, 0.976746, 0.0, 0.214399, 1.012205, 0.0, 1.0, 0.0, 0.433914, 0.0, 0.0, 0.0, 1.0],
                [-0.21632, 0.0, 0.976323, -0.000888, 0.976323, 0.0, 0.21632, 1.012205, 0.0, 1.0, 0.0, 0.433914, 0.0, 0.0, 0.0, 1.0],
                [-0.217531, 0.0, 0.976053, -0.000888, 0.976053, 0.0, 0.217531, 1.012205, 0.0, 1.0, 0.0, 0.433914, 0.0, 0.0, 0.0, 1.0],
                [-0.218219, 0.0, 0.9759, -0.000888, 0.9759, 0.0, 0.218219, 1.012205, 0.0, 1.0, 0.0, 0.433914, 0.0, 0.0, 0.0, 1.0],
                [-0.218549, 0.0, 0.975826, -0.000888, 0.975826, 0.0, 0.218549, 1.012205, 0.0, 1.0, 0.0, 0.433914, 0.0, 0.0, 0.0, 1.0],
                [-0.218662, 0.0, 0.975801, -0.000888, 0.975801, 0.0, 0.218662, 1.012205, 0.0, 1.0, 0.0, 0.433914, 0.0, 0.0, 0.0, 1.0],
                [-0.218678, 0.0, 0.975797, -0.000888, 0.975797, 0.0, 0.218678, 1.012205, 0.0, 1.0, 0.0, 0.433914, 0.0, 0.0, 0.0, 1.0],
                [-0.212658, 0.0, 0.977127, -0.000885, 0.977127, 0.0, 0.212658, 1.012837, 0.0, 1.0, 0.0, 0.434466, 0.0, 0.0, 0.0, 1.0],
                [-0.194441, 0.0, 0.980914, -0.000879, 0.980914, 0.0, 0.194441, 1.014745, 0.0, 1.0, 0.0, 0.436132, 0.0, 0.0, 0.0, 1.0],
                [-0.163788, 0.0, 0.986495, -0.000868, 0.986495, 0.0, 0.163788, 1.017939, 0.0, 1.0, 0.0, 0.438922, 0.0, 0.0, 0.0, 1.0],
                [-0.120511, 0.0, 0.992712, -0.000853, 0.992712, 0.0, 0.120511, 1.022421, 0.0, 1.0, 0.0, 0.442838, 0.0, 0.0, 0.0, 1.0],
                [-0.064572, 0.0, 0.997913, -0.000833, 0.997913, 0.0, 0.064572, 1.028181, 0.0, 1.0, 0.0, 0.44787, 0.0, 0.0, 0.0, 1.0],
                [0.003795, 0.0, 0.999993, -0.000809, 0.999993, 0.0, -0.003795, 1.035194, 0.0, 1.0, 0.0, 0.453997, 0.0, 0.0, 0.0, 1.0],
                [0.083934, 0.0, 0.996471, -0.000781, 0.996471, 0.0, -0.083934, 1.043419, 0.0, 1.0, 0.0, 0.461182, 0.0, 0.0, 0.0, 1.0],
                [0.174619, 0.0, 0.984636, -0.000749, 0.984636, 0.0, -0.174619, 1.052798, 0.0, 1.0, 0.0, 0.469375, 0.0, 0.0, 0.0, 1.0],
                [0.273934, 0.0, 0.961748, -0.000713, 0.961748, 0.0, -0.273934, 1.06325, 0.0, 1.0, 0.0, 0.478507, 0.0, 0.0, 0.0, 1.0],
                [0.379213, 0.0, 0.925309, -0.000674, 0.925309, 0.0, -0.379213, 1.074677, 0.0, 1.0, 0.0, 0.488489, 0.0, 0.0, 0.0, 1.0],
                [0.487067, 0.0, 0.873365, -0.000632, 0.873365, 0.0, -0.487067, 1.086956, 0.0, 1.0, 0.0, 0.499216, 0.0, 0.0, 0.0, 1.0],
                [0.59354, 0.0, 0.804805, -0.000588, 0.804805, 0.0, -0.59354, 1.099947, 0.0, 1.0, 0.0, 0.510565, 0.0, 0.0, 0.0, 1.0],
                [0.694376, 0.0, 0.719612, -0.000542, 0.719612, 0.0, -0.694376, 1.113489, 0.0, 1.0, 0.0, 0.522395, 0.0, 0.0, 0.0, 1.0],
                [0.785392, 0.0, 0.618999, -0.000494, 0.618999, 0.0, -0.785392, 1.127408, 0.0, 1.0, 0.0, 0.534554, 0.0, 0.0, 0.0, 1.0],
                [0.862895, 0.0, 0.505383, -0.000446, 0.505383, 0.0, -0.862895, 1.141518, 0.0, 1.0, 0.0, 0.546881, 0.0, 0.0, 0.0, 1.0],
                [0.924077, 0.0, 0.382207, -0.000398, 0.382207, 0.0, -0.924077, 1.155628, 0.0, 1.0, 0.0, 0.559207, 0.0, 0.0, 0.0, 1.0],
                [0.967307, 0.0, 0.253607, -0.00035, 0.253607, 0.0, -0.967307, 1.169547, 0.0, 1.0, 0.0, 0.571367, 0.0, 0.0, 0.0, 1.0],
                [0.992284, 0.0, 0.123985, -0.000304, 0.123985, 0.0, -0.992284, 1.183089, 0.0, 1.0, 0.0, 0.583197, 0.0, 0.0, 0.0, 1.0],
                [0.999997, 0.0, -0.002417, -0.00026, -0.002417, 0.0, -0.999997, 1.196079, 0.0, 1.0, 0.0, 0.594546, 0.0, 0.0, 0.0, 1.0],
                [0.992543, 0.0, -0.121896, -0.000218, -0.121896, 0.0, -0.992543, 1.208359, 0.0, 1.0, 0.0, 0.605273, 0.0, 0.0, 0.0, 1.0],
                [0.972825, 0.0, -0.231543, -0.000179, -0.231543, 0.0, -0.972825, 1.219785, 0.0, 1.0, 0.0, 0.615255, 0.0, 0.0, 0.0, 1.0],
                [0.944204, 0.0, -0.329361, -0.000143, -0.329361, 0.0, -0.944204, 1.230238, 0.0, 1.0, 0.0, 0.624386, 0.0, 0.0, 0.0, 1.0],
                [0.910166, 0.0, -0.414244, -0.000111, -0.414244, 0.0, -0.910166, 1.239616, 0.0, 1.0, 0.0, 0.632579, 0.0, 0.0, 0.0, 1.0],
                [0.874035, 0.0, -0.485863, -8.3e-05, -0.485863, 0.0, -0.874035, 1.247841, 0.0, 1.0, 0.0, 0.639765, 0.0, 0.0, 0.0, 1.0],
                [0.838777, 0.0, -0.544474, -5.9e-05, -0.544474, 0.0, -0.838777, 1.254855, 0.0, 1.0, 0.0, 0.645892, 0.0, 0.0, 0.0, 1.0],
                [0.806877, 0.0, -0.590719, -3.9e-05, -0.590719, 0.0, -0.806877, 1.260615, 0.0, 1.0, 0.0, 0.650924, 0.0, 0.0, 0.0, 1.0],
                [0.780285, 0.0, -0.625424, -2.4e-05, -0.625424, 0.0, -0.780285, 1.265097, 0.0, 1.0, 0.0, 0.654839, 0.0, 0.0, 0.0, 1.0],
                [0.760422, 0.0, -0.649429, -1.3e-05, -0.649429, 0.0, -0.760422, 1.268291, 0.0, 1.0, 0.0, 0.65763, 0.0, 0.0, 0.0, 1.0],
                [0.748208, 0.0, -0.663465, -7e-06, -0.663465, 0.0, -0.748208, 1.270198, 0.0, 1.0, 0.0, 0.659296, 0.0, 0.0, 0.0, 1.0],
                [0.744104, 0.0, -0.668064, -5e-06, -0.668064, 0.0, -0.744104, 1.27083, 0.0, 1.0, 0.0, 0.659848, 0.0, 0.0, 0.0, 1.0]
            ]
        },
        {
            "name": "Thigh_R",
            "time": [0.0, 0.0167, 0.0333, 0.05, 0.0667, 0.0833, 0.1, 0.1167, 0.1333, 0.15, 0.1667, 0.1833, 0.2, 0.2167, 0.2333, 0.25, 0.2667, 0.2833, 0.3, 0.3167, 0.3333, 0.35, 0.3667, 0.3833, 0.4, 0.4167, 0.4333, 0.45, 0.4667, 0.4833, 0.5, 0.5167, 0.5333, 0.55, 0.5667, 0.5833, 0.6, 0.6167, 0.6333, 0.65, 0.6667, 0.6833, 0.7, 0.7167, 0.7333, 0.75, 0.7667, 0.7833, 0.8, 0.8167, 0.8333, 0.85, 0.8667, 0.8833, 0.9, 0.9167, 0.9333, 0.95, 0.9667, 0.9833, 1.0, 1.0167, 1.0333, 1.05, 1.0667, 1.0833, 1.1, 1.1167, 1.1333, 1.15, 1.1667],
            "transform": [
                [0.742089, -0.038594, -0.66919, 0.124994, 0.279574, -0.889538, 0.361331, -0.002831, -0.609215, -0.455227, -0.649327, -1.2e-05, 0.0, 0.0, 0.0, 1.0],
                [0.741696, -0.043662, -0.669313, 0.124994, 0.277531, -0.888473, 0.365503, -0.002831, -0.610625, -0.456848, -0.64686, -1.2e-05, 0.0, 0.0, 0.0, 1.0],
                [0.740771, -0.058727, -0.669186, 0.124994, 0.271331, -0.885138, 0.378034, -0.002831, -0.614523, -0.461607, -0.63975, -1.2e-05, 0.0, 0.0, 0.0, 1.0],
                [0.739725, -0.083245, -0.66774, 0.124994, 0.260921, -0.879201, 0.398656, -0.002831, -0.620264, -0.469123, -0.628647, -1.2e-05, 0.0, 0.0, 0.0, 1.0],
                [0.738998, -0.116277, -0.663597, 0.124994, 0.246366, -0.870128, 0.426826, -0.002831, -0.627044, -0.478912, -0.614377, -1.2e-05, 0.0, 0.0, 0.0, 1.0],
                [0.738928, -0.156224, -0.655423, 0.124994, 0.227915, -0.857454, 0.461332, -0.002831, -0.634066, -0.490272, -0.597991, -1.2e-05, 0.0, 0.0, 0.0, 1.0],
                [0.739536, -0.201309, -0.642309, 0.124994, 0.206119, -0.840665, 0.500797, -0.002831, -0.640781, -0.50275, -0.580208, -1.2e-05, 0.0, 0.0, 0.0, 1.0],
                [0.740343, -0.249534, -0.6242, 0.124994, 0.181953, -0.819506, 0.543418, -0.002831, -0.647137, -0.51589, -0.561312, -1.2e-05, 0.0, 0.0, 0.0, 1.0],
                [0.740366, -0.298926, -0.602081, 0.124994, 0.156891, -0.794101, 0.587187, -0.002831, -0.653638, -0.529195, -0.541026, -1.2e-05, 0.0, 0.0, 0.0, 1.0],
                [0.738332, -0.347693, -0.577905, 0.124994, 0.132909, -0.765057, 0.630097, -0.002831, -0.661211, -0.542031, -0.518655, -1.2e-05, 0.0, 0.0, 0.0, 1.0],
                [0.732992, -0.394332, -0.554279, 0.124994, 0.112338, -0.733471, 0.670374, -0.002831, -0.670897, -0.553645, -0.49333, -1.2e-05, 0.0, 0.0, 0.0, 1.0],
                [0.74988, -0.419714, -0.511391, 0.124994, 0.092887, -0.698539, 0.709517, -0.002831, -0.655021, -0.579554, -0.484835, -1.2e-05, 0.0, 0.0, 0.0, 1.0],
                [0.8103, -0.398709, -0.429471, 0.124994, 0.072886, -0.658606, 0.748949, -0.002831, -0.581465, -0.638176, -0.504608, -1.2e-05, 0.0, 0.0, 0.0, 1.0],
                [0.895256, -0.316148, -0.313956, 0.124994, 0.057493, -0.616783, 0.785031, -0.002831, -0.441828, -0.720854, -0.534002, -1.2e-05, 0.0, 0.0, 0.0, 1.0],
                [0.97119, -0.159125, -0.177397, 0.124994, 0.053668, -0.579237, 0.813391, -0.002831, -0.232186, -0.799477, -0.554009, -1.2e-05, 0.0, 0.0, 0.0, 1.0],
                [0.997039, 0.067354, -0.037103, 0.124994, 0.068261, -0.55307, 0.830334, -0.002831, 0.035406, -0.830408, -0.55603, -1.2e-05, 0.0, 0.0, 0.0, 1.0],
                [0.939643, 0.328823, 0.094586, 0.124994, 0.104657, -0.539402, 0.835519, -0.002831, 0.325758, -0.77519, -0.541259, -1.2e-05, 0.0, 0.0, 0.0, 1.0],
                [0.795358, 0.568268, 0.210892, 0.124994, 0.158379, -0.530677, 0.832645, -0.002831, 0.585082, -0.62885, -0.512081, -1.2e-05, 0.0, 0.0, 0.0, 1.0],
                [0.606393, 0.735466, 0.302286, 0.124994, 0.215196, -0.517756, 0.828021, -0.002831, 0.765492, -0.437056, -0.472234, -1.2e-05, 0.0, 0.0, 0.0, 1.0],
                [0.444134, 0.820087, 0.360834, 0.124994, 0.25788, -0.5027, 0.8251, -0.002831, 0.858046, -0.273403, -0.434751, -1.2e-05, 0.0, 0.0, 0.0, 1.0],
                [0.363472, 0.846902, 0.38813, 0.124994, 0.276348, -0.495888, 0.823241, -0.002831, 0.889674, -0.191966, -0.414281, -1.2e-05, 0.0, 0.0, 0.0, 1.0],
                [0.332675, 0.853419, 0.401251, 0.124994, 0.281521, -0.495959, 0.821444, -0.002831, 0.90004, -0.160314, -0.405249, -1.2e-05, 0.0, 0.0, 0.0, 1.0],
                [0.303124, 0.858634, 0.413357, 0.124994, 0.286446, -0.495802, 0.819834, -0.002831, 0.908881, -0.130107, -0.396242, -1.2e-05, 0.0, 0.0, 0.0, 1.0],
                [0.275097, 0.862667, 0.424413, 0.124994, 0.291081, -0.495461, 0.818407, -0.002831, 0.916293, -0.101603, -0.387406, -1.2e-05, 0.0, 0.0, 0.0, 1.0],
                [0.248863, 0.86566, 0.434396, 0.124994, 0.295389, -0.494976, 0.817156, -0.002831, 0.922395, -0.075044, -0.378888, -1.2e-05, 0.0, 0.0, 0.0, 1.0],
                [0.224671, 0.867762, 0.443296, 0.124994, 0.299335, -0.494392, 0.816073, -0.002831, 0.927319, -0.050654, -0.370827, -1.2e-05, 0.0, 0.0, 0.0, 1.0],
                [0.202731, 0.869132, 0.45112, 0.124994, 0.302892, -0.493751, 0.815148, -0.002831, 0.931212, -0.028615, -0.363352, -1.2e-05, 0.0, 0.0, 0.0, 1.0],
                [0.183205, 0.869928, 0.457886, 0.124994, 0.30604, -0.493094, 0.814369, -0.002831, 0.934224, -0.009065, -0.35657, -1.2e-05, 0.0, 0.0, 0.0, 1.0],
                [0.166192, 0.870301, 0.463633, 0.124994, 0.308769, -0.492456, 0.813725, -0.002831, 0.936505, 0.007921, -0.350564, -1.2e-05, 0.0, 0.0, 0.0, 1.0],
                [0.151713, 0.870384, 0.468417, 0.124994, 0.311082, -0.491866, 0.813201, -0.002831, 0.938196, 0.022343, -0.345384, -1.2e-05, 0.0, 0.0, 0.0, 1.0],
                [0.139713, 0.87029, 0.472308, 0.124994, 0.312992, -0.491344, 0.812783, -0.002831, 0.939423, 0.034273, -0.341041, -1.2e-05, 0.0, 0.0, 0.0, 1.0],
                [0.130054, 0.870109, 0.47539, 0.124994, 0.314525, -0.490903, 0.812458, -0.002831, 0.940298, 0.043859, -0.337515, -1.2e-05, 0.0, 0.0, 0.0, 1.0],
                [0.122531, 0.869902, 0.477761, 0.124994, 0.315716, -0.490547, 0.812211, -0.002831, 0.940908, 0.051316, -0.33475, -1.2e-05, 0.0, 0.0, 0.0, 1.0],
                [0.116891, 0.86971, 0.479521, 0.124994, 0.316608, -0.490272, 0.81203, -0.002831, 0.941326, 0.056901, -0.332666, -1.2e-05, 0.0, 0.0, 0.0, 1.0],
                [0.112846, 0.869552, 0.480775, 0.124994, 0.317246, -0.490071, 0.811902, -0.002831, 0.941605, 0.060904, -0.331165, -1.2e-05, 0.0, 0.0, 0.0, 1.0],
                [0.110102, 0.869435, 0.481622, 0.124994, 0.317679, -0.489933, 0.811816, -0.002831, 0.941784, 0.063619, -0.330144, -1.2e-05, 0.0, 0.0, 0.0, 1.0],
                [0.10837, 0.869358, 0.482154, 0.124994, 0.317952, -0.489845, 0.811762, -0.002831, 0.941893, 0.065331, -0.329499, -1.2e-05, 0.0, 0.0, 0.0, 1.0],
                [0.107386, 0.869313, 0.482455, 0.124994, 0.318107, -0.489794, 0.811732, -0.002831, 0.941953, 0.066303, -0.329132, -1.2e-05, 0.0, 0.0, 0.0, 1.0],
                [0.106915, 0.86929, 0.4826, 0.124994, 0.318181, -0.489771, 0.811717, -0.002831, 0.941982, 0.06677, -0.328956, -1.2e-05, 0.0, 0.0, 0.0, 1.0],
                [0.106752, 0.869283, 0.48265, 0.124994, 0.318207, -0.489762, 0.811712, -0.002831, 0.941992, 0.06693, -0.328895, -1.2e-05, 0.0, 0.0, 0.0, 1.0],
                [0.106731, 0.869282, 0.482656, 0.124994, 0.31821, -0.489761, 0.811712, -0.002831, 0.941993, 0.066952, -0.328887, -1.2e-05, 0.0, 0.0, 0.0, 1.0],
                [0.11076, 0.868401, 0.483334, 0.124994, 0.316039, -0.491858, 0.811292, -0.002831, 0.942258, 0.062893, -0.328927, -1.2e-05, 0.0, 0.0, 0.0, 1.0],
                [0.122931, 0.865591, 0.485427, 0.124994, 0.30954, -0.498178, 0.80994, -0.002831, 0.942906, 0.050693, -0.329177, -1.2e-05, 0.0, 0.0, 0.0, 1.0],
                [0.143332, 0.860389, 0.489067, 0.124994, 0.298854, -0.508728, 0.807392, -0.002831, 0.943473, 0.030435, -0.330048, -1.2e-05, 0.0, 0.0, 0.0, 1.0],
                [0.171995, 0.85206, 0.49438, 0.124994, 0.284289, -0.523439, 0.803238, -0.002831, 0.943184, 0.002394, -0.332261, -1.2e-05, 0.0, 0.0, 0.0, 1.0],
                [0.208865, 0.839646, 0.501369, 0.124994, 0.266347, -0.542136, 0.796962, -0.002831, 0.940975, -0.03292, -0.33687, -1.2e-05, 0.0, 0.0, 0.0, 1.0],
                [0.253757, 0.822051, 0.509744, 0.124994, 0.245733, -0.564492, 0.788012, -0.002831, 0.935533, -0.074702, -0.345249, -1.2e-05, 0.0, 0.0, 0.0, 1.0],
                [0.306306, 0.798161, 0.518764, 0.124994, 0.223341, -0.590003, 0.775896, -0.002831, 0.925362, -0.1218, -0.358984, -1.2e-05, 0.0, 0.0, 0.0, 1.0],
                [0.365895, 0.767009, 0.527084, 0.124994, 0.200212, -0.61797, 0.760282, -0.002831, 0.908866, -0.172655, -0.379676, -1.2e-05, 0.0, 0.0, 0.0, 1.0],
                [0.431574, 0.727976, 0.532724, 0.124994, 0.177456, -0.647526, 0.741093, -0.002831, 0.884451, -0.225301, -0.408639, -1.2e-05, 0.0, 0.0, 0.0, 1.0],
                [0.501983, 0.680975, 0.533184, 0.124994, 0.156174, -0.677722, 0.718542, -0.002831, 0.85066, -0.277426, -0.446556, -1.2e-05, 0.0, 0.0, 0.0, 1.0],
                [0.575312, 0.626635, 0.525685, 0.124994, 0.13737, -0.707594, 0.693138, -0.002831, 0.806316, -0.326557, -0.493168, -1.2e-05, 0.0, 0.0, 0.0, 1.0],
                [0.649323, 0.566275, 0.507653, 0.124994, 0.121878, -0.736369, 0.665512, -0.002831, 0.750683, -0.37026, -0.547158, -1.2e-05, 0.0, 0.0, 0.0, 1.0],
                [0.721449, 0.502105, 0.476867, 0.124994, 0.110336, -0.763203, 0.636669, -0.002831, 0.683621, -0.406708, -0.606012, -1.2e-05, 0.0, 0.0, 0.0, 1.0],
                [0.788995, 0.436559, 0.432323, 0.124994, 0.103129, -0.787769, 0.607275, -0.002831, 0.605682, -0.434552, -0.666568, -1.2e-05, 0.0, 0.0, 0.0, 1.0],
                [0.84937, 0.372289, 0.374128, 0.124994, 0.100396, -0.809866, 0.57796, -0.002831, 0.518162, -0.453341, -0.725252, -1.2e-05, 0.0, 0.0, 0.0, 1.0],
                [0.900346, 0.311715, 0.303661, 0.124994, 0.102022, -0.82954, 0.549048, -0.002831, 0.423045, -0.463354, -0.778676, -1.2e-05, 0.0, 0.0, 0.0, 1.0],
                [0.940293, 0.25691, 0.223261, 0.124994, 0.107668, -0.846776, 0.52094, -0.002831, 0.322887, -0.465798, -0.823879, -1.2e-05, 0.0, 0.0, 0.0, 1.0],
                [0.968351, 0.20919, 0.136145, 0.124994, 0.11678, -0.861818, 0.493591, -0.002831, 0.220586, -0.46207, -0.858971, -1.2e-05, 0.0, 0.0, 0.0, 1.0],
                [0.984506, 0.169249, 0.045858, 0.124994, 0.128653, -0.87488, 0.466941, -0.002831, 0.11915, -0.453806, -0.883099, -1.2e-05, 0.0, 0.0, 0.0, 1.0],
                [0.989565, 0.137182, -0.04406, 0.124994, 0.142482, -0.886214, 0.440821, -0.002831, 0.021427, -0.442499, -0.896513, -1.2e-05, 0.0, 0.0, 0.0, 1.0],
                [0.985037, 0.112612, -0.130461, 0.124994, 0.157439, -0.895914, 0.415392, -0.002831, -0.070104, -0.429717, -0.900239, -1.2e-05, 0.0, 0.0, 0.0, 1.0],
                [0.972939, 0.094802, -0.21072, 0.124994, 0.172712, -0.904187, 0.39066, -0.002831, -0.153495, -0.416482, -0.896093, -1.2e-05, 0.0, 0.0, 0.0, 1.0],
                [0.955566, 0.0828, -0.282907, 0.124994, 0.187574, -0.911156, 0.366892, -0.002831, -0.227394, -0.403656, -0.886202, -1.2e-05, 0.0, 0.0, 0.0, 1.0],
                [0.935276, 0.075555, -0.34576, 0.124994, 0.201404, -0.916955, 0.344425, -0.002831, -0.291024, -0.39177, -0.872824, -1.2e-05, 0.0, 0.0, 0.0, 1.0],
                [0.914287, 0.071905, -0.398632, 0.124994, 0.213715, -0.921628, 0.323926, -0.002831, -0.344099, -0.381355, -0.858, -1.2e-05, 0.0, 0.0, 0.0, 1.0],
                [0.894552, 0.07076, -0.441327, 0.124994, 0.224136, -0.925284, 0.305961, -0.002831, -0.386704, -0.372615, -0.843575, -1.2e-05, 0.0, 0.0, 0.0, 1.0],
                [0.877664, 0.071092, -0.473974, 0.124994, 0.232416, -0.928009, 0.291174, -0.002831, -0.419152, -0.365712, -0.831003, -1.2e-05, 0.0, 0.0, 0.0, 1.0],
                [0.864827, 0.07205, -0.496873, 0.124994, 0.238393, -0.929902, 0.280091, -0.002831, -0.441863, -0.360682, -0.821381, -1.2e-05, 0.0, 0.0, 0.0, 1.0],
                [0.856847, 0.072886, -0.510393, 0.124994, 0.241994, -0.930989, 0.27331, -0.002831, -0.45525, -0.357696, -0.815353, -1.2e-05, 0.0, 0.0, 0.0, 1.0],
                [0.854152, 0.073213, -0.514844, 0.124994, 0.24319, -0.931345, 0.271023, -0.002831, -0.459655, -0.3567, -0.813315, -1.2e-05, 0.0, 0.0, 0.0, 1.0]
            ]
        },
        {
            "name": "Leg_R",
            "time": [0.0, 0.0167, 0.0333, 0.05, 0.0667, 0.0833, 0.1, 0.1167, 0.1333, 0.15, 0.1667, 0.1833, 0.2, 0.2167, 0.2333, 0.25, 0.2667, 0.2833, 0.3, 0.3167, 0.3333, 0.35, 0.3667, 0.3833, 0.4, 0.4167, 0.4333, 0.45, 0.4667, 0.4833, 0.5, 0.5167, 0.5333, 0.55, 0.5667, 0.5833, 0.6, 0.6167, 0.6333, 0.65, 0.6667, 0.6833, 0.7, 0.7167, 0.7333, 0.75, 0.7667, 0.7833, 0.8, 0.8167, 0.8333, 0.85, 0.8667, 0.8833, 0.9, 0.9167, 0.9333, 0.95, 0.9667, 0.9833, 1.0, 1.0167, 1.0333, 1.05, 1.0667, 1.0833, 1.1, 1.1167, 1.1333, 1.15, 1.1667],
            "transform": [
                [0.999322, -0.031779, -0.018603, -0.0, 0.031879, 0.493755, 0.869016, 0.374721, -0.018431, -0.86902, 0.494433, 0.0, 0.0, 0.0, 0.0, 1.0],
                [0.999318, -0.03184, -0.018711, 0.0, 0.03194, 0.490799, 0.870687, 0.374721, -0.018539, -0.870691, 0.491481, 0.0, 0.0, 0.0, 0.0, 1.0],
                [0.999306, -0.032022, -0.019037, 0.0, 0.032123, 0.481867, 0.875655, 0.374721, -0.018867, -0.875659, 0.482562, 0.0, 0.0, 0.0, 0.0, 1.0],
                [0.999286, -0.03231, -0.019571, 0.0, 0.032412, 0.467245, 0.883534, 0.374721, -0.019402, -0.883537, 0.467959, 0.0, 0.0, 0.0, 0.0, 1.0],
                [0.99926, -0.032681, -0.020293, -0.0, 0.032784, 0.447494, 0.893686, 0.374721, -0.020126, -0.893689, 0.448234, -0.0, 0.0, 0.0, 0.0, 1.0],
                [0.999229, -0.033094, -0.021144, -0.0, 0.033198, 0.424177, 0.904971, 0.374721, -0.02098, -0.904975, 0.424948, 0.0, 0.0, 0.0, 0.0, 1.0],
                [0.999194, -0.03351, -0.022066, 0.0, 0.033616, 0.398941, 0.91636, 0.374721, -0.021904, -0.916364, 0.399746, 0.0, 0.0, 0.0, 0.0, 1.0],
                [0.999161, -0.033892, -0.022976, -0.0, 0.033999, 0.374025, 0.926795, 0.374721, -0.022817, -0.926799, 0.374864, -0.0, 0.0, 0.0, 0.0, 1.0],
                [0.999132, -0.034208, -0.023786, -0.0, 0.034316, 0.351822, 0.935438, 0.374721, -0.023631, -0.935441, 0.35269, -0.0, 0.0, 0.0, 0.0, 1.0],
                [0.999108, -0.03444, -0.024421, -0.0, 0.034548, 0.334444, 0.941783, 0.374721, -0.024268, -0.941786, 0.335335, 0.0, 0.0, 0.0, 0.0, 1.0],
                [0.999093, -0.034582, -0.024829, -0.0, 0.034691, 0.323267, 0.945672, 0.374721, -0.024677, -0.945676, 0.324173, 0.0, 0.0, 0.0, 0.0, 1.0],
                [0.999063, -0.034853, -0.025654, -0.0, 0.034963, 0.300695, 0.95308, 0.374721, -0.025504, -0.953083, 0.301632, 0.0, 0.0, 0.0, 0.0, 1.0],
                [0.998991, -0.035414, -0.027621, -0.0, 0.035525, 0.246819, 0.96841, 0.374721, -0.027478, -0.968414, 0.247829, -0.0, 0.0, 0.0, 0.0, 1.0],
                [0.998877, -0.03606, -0.03071, -0.0, 0.036174, 0.162247, 0.986087, 0.374721, -0.030576, -0.986091, 0.163369, -0.0, 0.0, 0.0, 0.0, 1.0],
                [0.998732, -0.036493, -0.034693, -0.0, 0.036607, 0.053184, 0.997914, 0.374721, -0.034571, -0.997918, 0.054453, -0.0, 0.0, 0.0, 0.0, 1.0],
                [0.998574, -0.036468, -0.038998, -0.0, 0.036583, -0.064706, 0.997234, 0.374721, -0.03889, -0.997238, -0.06328, 0.0, 0.0, 0.0, 0.0, 1.0],
                [0.998431, -0.036003, -0.042897, 0.0, 0.036116, -0.171471, 0.984527, 0.374721, -0.042802, -0.984531, -0.169901, -0.0, 0.0, 0.0, 0.0, 1.0],
                [0.998324, -0.035374, -0.045802, -0.0, 0.035486, -0.251022, 0.967331, 0.374721, -0.045716, -0.967334, -0.249346, 0.0, 0.0, 0.0, 0.0, 1.0],
                [0.998259, -0.034864, -0.047582, 0.0, 0.034974, -0.299747, 0.953378, 0.374721, -0.047501, -0.953382, -0.298006, 0.0, 0.0, 0.0, 0.0, 1.0],
                [0.998228, -0.034584, -0.048434, 0.0, 0.034693, -0.323091, 0.945732, 0.374721, -0.048356, -0.945736, -0.321319, -0.0, 0.0, 0.0, 0.0, 1.0],
                [0.99822, -0.034517, -0.048629, 0.0, 0.034626, -0.328428, 0.943894, 0.374721, -0.048552, -0.943898, -0.326648, 0.0, 0.0, 0.0, 0.0, 1.0],
                [0.998223, -0.034541, -0.048561, -0.0, 0.03465, -0.326555, 0.944543, 0.374721, -0.048483, -0.944547, -0.324778, -0.0, 0.0, 0.0, 0.0, 1.0],
                [0.998225, -0.034564, -0.048493, -0.0, 0.034673, -0.324694, 0.945184, 0.37472, -0.048415, -0.945187, -0.32292, 0.0, 0.0, 0.0, 0.0, 1.0],
                [0.998228, -0.034587, -0.048426, 0.0, 0.034696, -0.322875, 0.945806, 0.374721, -0.048348, -0.945809, -0.321102, -0.0, 0.0, 0.0, 0.0, 1.0],
                [0.99823, -0.034609, -0.048362, -0.0, 0.034718, -0.321122, 0.946401, 0.374721, -0.048284, -0.946405, -0.319352, 0.0, 0.0, 0.0, 0.0, 1.0],
                [0.998232, -0.034629, -0.048302, 0.0, 0.034738, -0.319464, 0.946962, 0.374721, -0.048223, -0.946965, -0.317696, -0.0, 0.0, 0.0, 0.0, 1.0],
                [0.998234, -0.034648, -0.048245, 0.0, 0.034757, -0.317925, 0.947479, 0.374721, -0.048167, -0.947482, -0.316159, -0.0, 0.0, 0.0, 0.0, 1.0],
                [0.998236, -0.034665, -0.048194, -0.0, 0.034774, -0.316527, 0.947946, 0.37472, -0.048116, -0.94795, -0.314764, -0.0, 0.0, 0.0, 0.0, 1.0],
                [0.998238, -0.03468, -0.048149, -0.0, 0.03479, -0.315288, 0.948359, 0.374721, -0.04807, -0.948362, -0.313526, 0.0, 0.0, 0.0, 0.0, 1.0],
                [0.998239, -0.034693, -0.04811, 0.0, 0.034803, -0.314217, 0.948713, 0.374721, -0.048031, -0.948718, -0.312456, 0.0, 0.0, 0.0, 0.0, 1.0],
                [0.998241, -0.034704, -0.048077, 0.0, 0.034813, -0.313317, 0.94901, 0.374721, -0.047998, -0.949014, -0.311558, -0.0, 0.0, 0.0, 0.0, 1.0],
                [0.998241, -0.034713, -0.04805, -0.0, 0.034822, -0.312586, 0.949251, 0.374721, -0.047971, -0.949255, -0.310828, -0.0, 0.0, 0.0, 0.0, 1.0],
                [0.998242, -0.03472, -0.04803, 0.0, 0.034829, -0.312012, 0.94944, 0.374721, -0.04795, -0.949444, -0.310254, 0.0, 0.0, 0.0, 0.0, 1.0],
                [0.998243, -0.034725, -0.048014, 0.0, 0.034835, -0.311578, 0.949582, 0.374721, -0.047935, -0.949586, -0.309821, 0.0, 0.0, 0.0, 0.0, 1.0],
                [0.998243, -0.034729, -0.048002, -0.0, 0.034838, -0.311266, 0.949684, 0.374721, -0.047923, -0.949688, -0.30951, -0.0, 0.0, 0.0, 0.0, 1.0],
                [0.998244, -0.034732, -0.047995, -0.0, 0.034841, -0.311054, 0.949754, 0.374721, -0.047915, -0.949757, -0.309297, 0.0, 0.0, 0.0, 0.0, 1.0],
                [0.998244, -0.034733, -0.04799, -0.0, 0.034842, -0.310919, 0.949797, 0.374721, -0.04791, -0.949801, -0.309163, -0.0, 0.0, 0.0, 0.0, 1.0],
                [0.998244, -0.034734, -0.047987, -0.0, 0.034843, -0.310843, 0.949823, 0.374721, -0.047907, -0.949826, -0.309087, -0.0, 0.0, 0.0, 0.0, 1.0],
                [0.998244, -0.034734, -0.047985, 0.0, 0.034844, -0.310806, 0.949835, 0.374721, -0.047906, -0.949838, -0.30905, -0.0, 0.0, 0.0, 0.0, 1.0],
                [0.998244, -0.034735, -0.047985, -0.0, 0.034844, -0.310794, 0.949839, 0.374721, -0.047906, -0.949842, -0.309037, 0.0, 0.0, 0.0, 0.0, 1.0],
                [0.998244, -0.034735, -0.047985, 0.0, 0.034844, -0.310792, 0.949839, 0.374721, -0.047906, -0.949843, -0.309036, 0.0, 0.0, 0.0, 0.0, 1.0],
                [0.998245, -0.034743, -0.047961, 0.0, 0.034852, -0.310132, 0.950055, 0.374721, -0.047881, -0.950058, -0.308377, 0.0, 0.0, 0.0, 0.0, 1.0],
                [0.998248, -0.034767, -0.047885, 0.0, 0.034877, -0.308044, 0.950733, 0.37472, -0.047805, -0.950737, -0.306292, 0.0, 0.0, 0.0, 0.0, 1.0],
                [0.998253, -0.034812, -0.047745, -0.0, 0.034922, -0.304234, 0.951957, 0.374721, -0.047665, -0.951961, -0.302487, -0.0, 0.0, 0.0, 0.0, 1.0],
                [0.998261, -0.034881, -0.047527, -0.0, 0.034991, -0.298244, 0.953848, 0.374721, -0.047446, -0.953852, -0.296505, -0.0, 0.0, 0.0, 0.0, 1.0],
                [0.998272, -0.03498, -0.047207, -0.0, 0.03509, -0.289488, 0.956538, 0.374721, -0.047125, -0.956542, -0.287761, -0.0, 0.0, 0.0, 0.0, 1.0],
                [0.998289, -0.035111, -0.046762, -0.0, 0.035222, -0.27731, 0.960134, 0.374721, -0.046679, -0.960139, -0.275599, -0.0, 0.0, 0.0, 0.0, 1.0],
                [0.998311, -0.035277, -0.046169, 0.0, 0.035388, -0.261055, 0.964675, 0.374721, -0.046084, -0.964679, -0.259366, -0.0, 0.0, 0.0, 0.0, 1.0],
                [0.998339, -0.035475, -0.045405, 0.0, 0.035586, -0.240158, 0.970081, 0.37472, -0.045318, -0.970085, -0.238497, -0.0, 0.0, 0.0, 0.0, 1.0],
                [0.998373, -0.035696, -0.044458, 0.0, 0.035808, -0.214225, 0.976128, 0.374721, -0.044368, -0.976132, -0.212598, 0.0, 0.0, 0.0, 0.0, 1.0],
                [0.998415, -0.035927, -0.043321, -0.0, 0.03604, -0.183082, 0.982437, 0.374721, -0.043227, -0.982441, -0.181497, 0.0, 0.0, 0.0, 0.0, 1.0],
                [0.998463, -0.036148, -0.041998, -0.0, 0.036262, -0.146864, 0.988492, 0.374721, -0.0419, -0.988496, -0.145328, -0.0, 0.0, 0.0, 0.0, 1.0],
                [0.998518, -0.036339, -0.040499, 0.0, 0.036454, -0.105814, 0.993718, 0.374721, -0.040396, -0.993721, -0.104333, 0.0, 0.0, 0.0, 0.0, 1.0],
                [0.998579, -0.036476, -0.038862, -0.0, 0.036591, -0.060973, 0.997469, 0.374721, -0.038754, -0.997473, -0.059552, -0.0, 0.0, 0.0, 0.0, 1.0],
                [0.998643, -0.036541, -0.037107, 0.0, 0.036656, -0.01294, 0.999244, 0.374721, -0.036994, -0.999248, -0.011583, -0.0, 0.0, 0.0, 0.0, 1.0],
                [0.99871, -0.036519, -0.035268, 0.0, 0.036634, 0.037428, 0.998628, 0.374721, -0.035149, -0.998631, 0.038718, -0.0, 0.0, 0.0, 0.0, 1.0],
                [0.99878, -0.036398, -0.033366, 0.0, 0.036512, 0.089507, 0.995317, 0.374721, -0.033241, -0.995321, 0.090727, -0.0, 0.0, 0.0, 0.0, 1.0],
                [0.99885, -0.036173, -0.031441, 0.0, 0.036287, 0.142217, 0.98917, 0.374721, -0.03131, -0.989174, 0.143366, 0.0, 0.0, 0.0, 0.0, 1.0],
                [0.998922, -0.035842, -0.02951, 0.0, 0.035955, 0.195099, 0.980124, 0.374721, -0.029372, -0.980129, 0.196178, 0.0, 0.0, 0.0, 0.0, 1.0],
                [0.998992, -0.035406, -0.027592, 0.0, 0.035518, 0.247615, 0.968207, 0.374721, -0.027448, -0.968211, 0.248623, -0.0, 0.0, 0.0, 0.0, 1.0],
                [0.999061, -0.034868, -0.0257, 0.0, 0.034978, 0.299414, 0.953482, 0.374721, -0.025551, -0.953486, 0.300353, 0.0, 0.0, 0.0, 0.0, 1.0],
                [0.999128, -0.034238, -0.023868, -0.0, 0.034346, 0.349597, 0.936271, 0.374721, -0.023712, -0.936274, 0.350468, -0.0, 0.0, 0.0, 0.0, 1.0],
                [0.999193, -0.03353, -0.022111, -0.0, 0.033636, 0.397692, 0.916903, 0.374721, -0.02195, -0.916906, 0.398499, 0.0, 0.0, 0.0, 0.0, 1.0],
                [0.999254, -0.032764, -0.02046, -0.0, 0.032867, 0.442916, 0.895961, 0.374721, -0.020294, -0.895965, 0.443662, 0.0, 0.0, 0.0, 0.0, 1.0],
                [0.99931, -0.031968, -0.018939, -0.0, 0.032068, 0.484551, 0.874175, 0.374721, -0.018768, -0.874179, 0.485242, -0.0, 0.0, 0.0, 0.0, 1.0],
                [0.999359, -0.031182, -0.01759, -0.0, 0.03128, 0.521491, 0.852683, 0.374721, -0.017415, -0.852687, 0.522132, 0.0, 0.0, 0.0, 0.0, 1.0],
                [0.999401, -0.030449, -0.01644, 0.0, 0.030544, 0.552976, 0.832637, 0.374721, -0.016262, -0.832641, 0.553575, -0.0, 0.0, 0.0, 0.0, 1.0],
                [0.999435, -0.029815, -0.015518, -0.0, 0.029909, 0.578242, 0.815317, 0.374721, -0.015336, -0.815321, 0.578807, -0.0, 0.0, 0.0, 0.0, 1.0],
                [0.99946, -0.029323, -0.014841, -0.0, 0.029416, 0.596783, 0.801864, 0.374721, -0.014657, -0.801867, 0.597323, 0.0, 0.0, 0.0, 0.0, 1.0],
                [0.999475, -0.029015, -0.014432, 0.0, 0.029106, 0.607959, 0.793434, 0.374721, -0.014247, -0.793438, 0.608485, 0.0, 0.0, 0.0, 0.0, 1.0],
                [0.99948, -0.02891, -0.014296, 0.0, 0.029001, 0.611698, 0.79056, 0.374721, -0.01411, -0.790563, 0.612218, 0.0, 0.0, 0.0, 0.0, 1.0]
            ]
        },
        {
            "name": "Knee_R",
            "time": [0.0, 0.0167, 0.0333, 0.05, 0.0667, 0.0833, 0.1, 0.1167, 0.1333, 0.15, 0.1667, 0.1833, 0.2, 0.2167, 0.2333, 0.25, 0.2667, 0.2833, 0.3, 0.3167, 0.3333, 0.35, 0.3667, 0.3833, 0.4, 0.4167, 0.4333, 0.45, 0.4667, 0.4833, 0.5, 0.5167, 0.5333, 0.55, 0.5667, 0.5833, 0.6, 0.6167, 0.6333, 0.65, 0.6667, 0.6833, 0.7, 0.7167, 0.7333, 0.75, 0.7667, 0.7833, 0.8, 0.8167, 0.8333, 0.85, 0.8667, 0.8833, 0.9, 0.9167, 0.9333, 0.95, 0.9667, 0.9833, 1.0, 1.0167, 1.0333, 1.05, 1.0667, 1.0833, 1.1, 1.1167, 1.1333, 1.15, 1.1667],
            "transform": [
                [1.0, -5.7e-05, 5.7e-05, -3e-06, 5.7e-05, 0.001565, -0.999999, 0.419995, 5.7e-05, 0.999999, 0.001565, -7.1e-05, 0.0, 0.0, 0.0, 1.0],
                [1.0, -5.7e-05, 5.7e-05, -3e-06, 5.7e-05, 0.001565, -0.999999, 0.420286, 5.7e-05, 0.999999, 0.001565, -7.1e-05, 0.0, 0.0, 0.0, 1.0],
                [1.0, -5.7e-05, 5.7e-05, -3e-06, 5.7e-05, 0.001565, -0.999999, 0.421164, 5.7e-05, 0.999999, 0.001565, -7.3e-05, 0.0, 0.0, 0.0, 1.0],
                [1.0, -5.7e-05, 5.7e-05, -3e-06, 5.7e-05, 0.001565, -0.999999, 0.42259, 5.7e-05, 0.999999, 0.001565, -7.5e-05, 0.0, 0.0, 0.0, 1.0],
                [1.0, -5.7e-05, 5.7e-05, -3e-06, 5.7e-05, 0.001565, -0.999999, 0.424497, 5.7e-05, 0.999999, 0.001565, -7.8e-05, 0.0, 0.0, 0.0, 1.0],
                [1.0, -5.7e-05, 5.7e-05, -3e-06, 5.7e-05, 0.001565, -0.999999, 0.426722, 5.7e-05, 0.999999, 0.001565, -8.1e-05, 0.0, 0.0, 0.0, 1.0],
                [1.0, -5.7e-05, 5.7e-05, -3e-06, 5.7e-05, 0.001565, -0.999998, 0.429099, 5.7e-05, 0.999999, 0.001565, -8.5e-05, 0.0, 0.0, 0.0, 1.0],
                [1.0, -5.7e-05, 5.7e-05, -3e-06, 5.7e-05, 0.001565, -0.999999, 0.431419, 5.7e-05, 0.999999, 0.001565, -8.9e-05, 0.0, 0.0, 0.0, 1.0],
                [1.0, -5.7e-05, 5.7e-05, -3e-06, 5.7e-05, 0.001565, -0.999999, 0.433464, 5.7e-05, 0.999999, 0.001565, -9.2e-05, 0.0, 0.0, 0.0, 1.0],
                [1.0, -5.7e-05, 5.7e-05, -3e-06, 5.7e-05, 0.001565, -0.999999, 0.435053, 5.7e-05, 0.999999, 0.001565, -9.4e-05, 0.0, 0.0, 0.0, 1.0],
                [1.0, -5.7e-05, 5.7e-05, -4e-06, 5.7e-05, 0.001565, -0.999999, 0.436069, 5.7e-05, 0.999999, 0.001565, -9.6e-05, 0.0, 0.0, 0.0, 1.0],
                [1.0, -5.7e-05, 5.7e-05, -4e-06, 5.7e-05, 0.001565, -0.999999, 0.438109, 5.7e-05, 0.999999, 0.001565, -9.9e-05, 0.0, 0.0, 0.0, 1.0],
                [1.0, -5.7e-05, 5.7e-05, -4e-06, 5.7e-05, 0.001565, -0.999999, 0.442919, 5.7e-05, 0.999999, 0.001565, -0.000107, 0.0, 0.0, 0.0, 1.0],
                [1.0, -5.7e-05, 5.7e-05, -4e-06, 5.7e-05, 0.001565, -0.999999, 0.450341, 5.7e-05, 0.999999, 0.001565, -0.000118, 0.0, 0.0, 0.0, 1.0],
                [1.0, -5.7e-05, 5.7e-05, -5e-06, 5.7e-05, 0.001565, -0.999999, 0.459766, 5.7e-05, 0.999999, 0.001565, -0.000133, 0.0, 0.0, 0.0, 1.0],
                [1.0, -5.7e-05, 5.7e-05, -5e-06, 5.7e-05, 0.001565, -0.999999, 0.46472, 5.7e-05, 0.999999, 0.001565, -0.000141, 0.0, 0.0, 0.0, 1.0],
                [1.0, -5.7e-05, 5.7e-05, -5e-06, 5.7e-05, 0.001565, -0.999999, 0.464721, 5.7e-05, 0.999999, 0.001565, -0.000141, 0.0, 0.0, 0.0, 1.0],
                [1.0, -5.7e-05, 5.7e-05, -5e-06, 5.7e-05, 0.001565, -0.999999, 0.464721, 5.7e-05, 0.999999, 0.001565, -0.000141, 0.0, 0.0, 0.0, 1.0],
                [1.0, -5.7e-05, 5.7e-05, -5e-06, 5.7e-05, 0.001565, -0.999999, 0.464721, 5.7e-05, 0.999999, 0.001565, -0.000141, 0.0, 0.0, 0.0, 1.0],
                [1.0, -5.7e-05, 5.7e-05, -5e-06, 5.7e-05, 0.001565, -0.999999, 0.46472, 5.7e-05, 0.999999, 0.001565, -0.000141, 0.0, 0.0, 0.0, 1.0],
                [1.0, -5.7e-05, 5.7e-05, -5e-06, 5.7e-05, 0.001565, -0.999999, 0.46472, 5.7e-05, 0.999999, 0.001565, -0.000141, 0.0, 0.0, 0.0, 1.0],
                [1.0, -5.7e-05, 5.7e-05, -5e-06, 5.7e-05, 0.001565, -0.999999, 0.46472, 5.7e-05, 0.999999, 0.001565, -0.000141, 0.0, 0.0, 0.0, 1.0],
                [1.0, -5.7e-05, 5.7e-05, -5e-06, 5.7e-05, 0.001565, -0.999999, 0.46472, 5.7e-05, 0.999999, 0.001565, -0.000141, 0.0, 0.0, 0.0, 1.0],
                [1.0, -5.7e-05, 5.7e-05, -5e-06, 5.7e-05, 0.001565, -0.999999, 0.46472, 5.7e-05, 0.999999, 0.001565, -0.000141, 0.0, 0.0, 0.0, 1.0],
                [1.0, -5.7e-05, 5.7e-05, -5e-06, 5.7e-05, 0.001565, -0.999999, 0.46472, 5.7e-05, 0.999999, 0.001565, -0.000141, 0.0, 0.0, 0.0, 1.0],
                [1.0, -5.7e-05, 5.7e-05, -5e-06, 5.7e-05, 0.001565, -0.999999, 0.464721, 5.7e-05, 0.999999, 0.001565, -0.000141, 0.0, 0.0, 0.0, 1.0],
                [1.0, -5.7e-05, 5.7e-05, -5e-06, 5.7e-05, 0.001565, -0.999999, 0.464721, 5.7e-05, 0.999999, 0.001565, -0.000141, 0.0, 0.0, 0.0, 1.0],
                [1.0, -5.7e-05, 5.7e-05, -5e-06, 5.7e-05, 0.001565, -0.999999, 0.46472, 5.7e-05, 0.999999, 0.001565, -0.000141, 0.0, 0.0, 0.0, 1.0],
                [1.0, -5.7e-05, 5.7e-05, -5e-06, 5.7e-05, 0.001565, -0.999999, 0.464721, 5.7e-05, 0.999999, 0.001565, -0.000141, 0.0, 0.0, 0.0, 1.0],
                [1.0, -5.7e-05, 5.7e-05, -5e-06, 5.7e-05, 0.001565, -0.999999, 0.464721, 5.7e-05, 0.999999, 0.001565, -0.000141, 0.0, 0.0, 0.0, 1.0],
                [1.0, -5.7e-05, 5.7e-05, -5e-06, 5.7e-05, 0.001565, -0.999999, 0.464721, 5.7e-05, 0.999999, 0.001565, -0.000141, 0.0, 0.0, 0.0, 1.0],
                [1.0, -5.7e-05, 5.7e-05, -5e-06, 5.7e-05, 0.001565, -0.999999, 0.46472, 5.7e-05, 0.999999, 0.001565, -0.000141, 0.0, 0.0, 0.0, 1.0],
                [1.0, -5.7e-05, 5.7e-05, -5e-06, 5.7e-05, 0.001565, -0.999999, 0.464721, 5.7e-05, 0.999999, 0.001565, -0.000141, 0.0, 0.0, 0.0, 1.0],
                [1.0, -5.7e-05, 5.7e-05, -5e-06, 5.7e-05, 0.001565, -0.999999, 0.464721, 5.7e-05, 0.999999, 0.001565, -0.000141, 0.0, 0.0, 0.0, 1.0],
                [1.0, -5.7e-05, 5.7e-05, -5e-06, 5.7e-05, 0.001565, -0.999999, 0.46472, 5.7e-05, 0.999999, 0.001565, -0.000141, 0.0, 0.0, 0.0, 1.0],
                [1.0, -5.7e-05, 5.7e-05, -5e-06, 5.7e-05, 0.001565, -0.999999, 0.46472, 5.7e-05, 0.999999, 0.001565, -0.000141, 0.0, 0.0, 0.0, 1.0],
                [1.0, -5.7e-05, 5.7e-05, -5e-06, 5.7e-05, 0.001565, -0.999999, 0.464721, 5.7e-05, 0.999999, 0.001565, -0.000141, 0.0, 0.0, 0.0, 1.0],
