{
    "animation": [
        {
            "name": "Root",
            "time": [0.0, 0.0167, 0.0333, 0.05, 0.0667, 0.0833, 0.1, 0.1167, 0.1333, 0.15, 0.1667, 0.1833, 0.2, 0.2167, 0.2333, 0.25, 0.2667, 0.2833, 0.3, 0.3167, 0.3333, 0.35, 0.3667, 0.3833, 0.4, 0.4167, 0.4333, 0.45, 0.4667, 0.4833, 0.5, 0.5167, 0.5333, 0.55, 0.5667, 0.5833, 0.6, 0.6167, 0.6333, 0.65, 0.6667, 0.6833, 0.7, 0.7167, 0.7333, 0.75, 0.7667, 0.7833, 0.8, 0.8167, 0.8333, 0.85, 0.8667, 0.8833, 0.9, 0.9167, 0.9333, 0.95, 0.9667, 0.9833, 1.0, 1.0167, 1.0333, 1.05, 1.0667, 1.0833, 1.1, 1.1167, 1.1333, 1.15, 1.1667, 1.1833, 1.2, 1.2167, 1.2333, 1.25],
            "transform": [
                [0.744104, 0.0, -0.668064, -5e-06, -0.668064, 0.0, -0.744104, 0.352448, 0.0, 1.0, 0.0, 0.522486, 0.0, 0.0, 0.0, 1.0],
                [0.744104, 0.0, -0.668064, -5e-06, -0.668064, 0.0, -0.744104, 0.515649, 0.0, 1.0, 0.0, 0.551463, 0.0, 0.0, 0.0, 1.0],
                [0.744104, 0.0, -0.668064, -5e-06, -0.668064, 0.0, -0.744104, 0.996112, 0.0, 1.0, 0.0, 0.634381, 0.0, 0.0, 0.0, 1.0],
                [0.744104, 0.0, -0.668064, -5e-06, -0.668064, 0.0, -0.744104, 1.668797, 0.0, 1.0, 0.0, 0.744333, 0.0, 0.0, 0.0, 1.0],
                [0.744104, 0.0, -0.668064, -5e-06, -0.668064, 0.0, -0.744104, 2.301254, 0.0, 1.0, 0.0, 0.836751, 0.0, 0.0, 0.0, 1.0],
                [0.744104, 0.0, -0.668064, -5e-06, -0.668064, 0.0, -0.744104, 2.72306, 0.0, 1.0, 0.0, 0.881893, 0.0, 0.0, 0.0, 1.0],
                [0.735051, 0.0, -0.678012, -5e-06, -0.678012, 0.0, -0.735051, 2.953926, 0.0, 1.0, 0.0, 0.897698, 0.0, 0.0, 0.0, 1.0],
                [0.710747, 0.0, -0.703448, -5e-06, -0.703448, 0.0, -0.710747, 3.059666, 0.0, 1.0, 0.0, 0.907039, 0.0, 0.0, 0.0, 1.0],
                [0.685563, 0.0, -0.728013, -5e-06, -0.728013, 0.0, -0.685563, 3.104847, 0.0, 1.0, 0.0, 0.910265, 0.0, 0.0, 0.0, 1.0],
                [0.67571, 0.0, -0.737168, -5e-06, -0.737168, 0.0, -0.67571, 3.182833, 0.0, 1.0, 0.0, 0.910631, 0.0, 0.0, 0.0, 1.0],
                [0.692632, 0.0, -0.721291, -5e-06, -0.721291, 0.0, -0.692632, 3.300929, 0.0, 1.0, 0.0, 0.907117, 0.0, 0.0, 0.0, 1.0],
                [0.741508, 0.0, -0.670944, -5e-06, -0.670944, 0.0, -0.741508, 3.430387, 0.0, 1.0, 0.0, 0.896386, 0.0, 0.0, 0.0, 1.0],
                [0.814677, 0.0, -0.579915, -5e-06, -0.579915, 0.0, -0.814677, 3.570018, 0.0, 1.0, 0.0, 0.878305, 0.0, 0.0, 0.0, 1.0],
                [0.897185, 0.0, -0.441655, -5e-06, -0.441655, 0.0, -0.897185, 3.717831, 0.0, 1.0, 0.0, 0.853001, 0.0, 0.0, 0.0, 1.0],
                [0.967178, 0.0, -0.254101, -5e-06, -0.254101, 0.0, -0.967178, 3.870918, 0.0, 1.0, 0.0, 0.820961, 0.0, 0.0, 0.0, 1.0],
                [0.999687, 0.0, -0.025023, -5e-06, -0.025023, 0.0, -0.999687, 4.025446, 0.0, 1.0, 0.0, 0.783098, 0.0, 0.0, 0.0, 1.0],
                [0.974261, 0.0, 0.225422, -5e-06, 0.225422, 0.0, -0.974261, 4.17685, 0.0, 1.0, 0.0, 0.740763, 0.0, 0.0, 0.0, 1.0],
                [0.883603, 0.0, 0.468236, -5e-06, 0.468236, 0.0, -0.883603, 4.320227, 0.0, 1.0, 0.0, 0.695664, 0.0, 0.0, 0.0, 1.0],
                [0.737847, 0.0, 0.674968, -5e-06, 0.674968, 0.0, -0.737847, 4.450883, 0.0, 1.0, 0.0, 0.6497, 0.0, 0.0, 0.0, 1.0],
                [0.560992, 0.0, 0.827821, -5e-06, 0.827821, 0.0, -0.560992, 4.564859, 0.0, 1.0, 0.0, 0.604744, 0.0, 0.0, 0.0, 1.0],
                [0.381661, 0.0, 0.924303, -5e-06, 0.924303, 0.0, -0.381661, 4.6593, 0.0, 1.0, 0.0, 0.562445, 0.0, 0.0, 0.0, 1.0],
                [0.224084, 0.0, 0.97457, -5e-06, 0.97457, 0.0, -0.224084, 4.732568, 0.0, 1.0, 0.0, 0.524101, 0.0, 0.0, 0.0, 1.0],
                [0.103752, 0.0, 0.994603, -5e-06, 0.994603, 0.0, -0.103752, 4.784136, 0.0, 1.0, 0.0, 0.490615, 0.0, 0.0, 0.0, 1.0],
                [0.027885, 0.0, 0.999611, -5e-06, 0.999611, 0.0, -0.027885, 4.814347, 0.0, 1.0, 0.0, 0.462525, 0.0, 0.0, 0.0, 1.0],
                [-0.001719, 0.0, 0.999999, -5e-06, 0.999999, 0.0, 0.001719, 4.824142, 0.0, 1.0, 0.0, 0.440066, 0.0, 0.0, 0.0, 1.0],
                [-0.008203, 0.0, 0.999966, -5e-06, 0.999966, 0.0, 0.008203, 4.824142, 0.0, 1.0, 0.0, 0.422496, 0.0, 0.0, 0.0, 1.0],
                [-0.014369, 0.0, 0.999897, -5e-06, 0.999897, 0.0, 0.014369, 4.824142, 0.0, 1.0, 0.0, 0.410043, 0.0, 0.0, 0.0, 1.0],
                [-0.020189, 0.0, 0.999796, -5e-06, 0.999796, 0.0, 0.020189, 4.824142, 0.0, 1.0, 0.0, 0.403344, 0.0, 0.0, 0.0, 1.0],
                [-0.025635, 0.0, 0.999671, -5e-06, 0.999671, 0.0, 0.025635, 4.824142, 0.0, 1.0, 0.0, 0.401021, 0.0, 0.0, 0.0, 1.0],
                [-0.030679, 0.0, 0.999529, -5e-06, 0.999529, 0.0, 0.030679, 4.824142, 0.0, 1.0, 0.0, 0.400688, 0.0, 0.0, 0.0, 1.0],
                [-0.035297, 0.0, 0.999377, -5e-06, 0.999377, 0.0, 0.035297, 4.824142, 0.0, 1.0, 0.0, 0.401315, 0.0, 0.0, 0.0, 1.0],
                [-0.039468, 0.0, 0.999221, -5e-06, 0.999221, 0.0, 0.039468, 4.824142, 0.0, 1.0, 0.0, 0.403236, 0.0, 0.0, 0.0, 1.0],
                [-0.043178, 0.0, 0.999067, -5e-06, 0.999067, 0.0, 0.043178, 4.824142, 0.0, 1.0, 0.0, 0.406491, 0.0, 0.0, 0.0, 1.0],
                [-0.046423, 0.0, 0.998922, -5e-06, 0.998922, 0.0, 0.046423, 4.824142, 0.0, 1.0, 0.0, 0.411094, 0.0, 0.0, 0.0, 1.0],
                [-0.049206, 0.0, 0.998789, -5e-06, 0.998789, 0.0, 0.049206, 4.824142, 0.0, 1.0, 0.0, 0.417012, 0.0, 0.0, 0.0, 1.0],
                [-0.051542, 0.0, 0.998671, -5e-06, 0.998671, 0.0, 0.051542, 4.824142, 0.0, 1.0, 0.0, 0.424163, 0.0, 0.0, 0.0, 1.0],
                [-0.053458, 0.0, 0.99857, -5e-06, 0.99857, 0.0, 0.053458, 4.824142, 0.0, 1.0, 0.0, 0.4324, 0.0, 0.0, 0.0, 1.0],
                [-0.054987, 0.0, 0.998487, -5e-06, 0.998487, 0.0, 0.054987, 4.824142, 0.0, 1.0, 0.0, 0.441521, 0.0, 0.0, 0.0, 1.0],
                [-0.05617, 0.0, 0.998421, -5e-06, 0.998421, 0.0, 0.05617, 4.824142, 0.0, 1.0, 0.0, 0.451269, 0.0, 0.0, 0.0, 1.0],
                [-0.057055, 0.0, 0.998371, -5e-06, 0.998371, 0.0, 0.057055, 4.824142, 0.0, 1.0, 0.0, 0.46136, 0.0, 0.0, 0.0, 1.0],
                [-0.057689, 0.0, 0.998335, -5e-06, 0.998335, 0.0, 0.057689, 4.824142, 0.0, 1.0, 0.0, 0.471506, 0.0, 0.0, 0.0, 1.0],
                [-0.05812, 0.0, 0.99831, -5e-06, 0.99831, 0.0, 0.05812, 4.824142, 0.0, 1.0, 0.0, 0.481436, 0.0, 0.0, 0.0, 1.0],
                [-0.058392, 0.0, 0.998294, -5e-06, 0.998294, 0.0, 0.058392, 4.824142, 0.0, 1.0, 0.0, 0.490922, 0.0, 0.0, 0.0, 1.0],
                [-0.058548, 0.0, 0.998285, -5e-06, 0.998285, 0.0, 0.058548, 4.824142, 0.0, 1.0, 0.0, 0.499782, 0.0, 0.0, 0.0, 1.0],
                [-0.058623, 0.0, 0.99828, -5e-06, 0.99828, 0.0, 0.058623, 4.824142, 0.0, 1.0, 0.0, 0.507888, 0.0, 0.0, 0.0, 1.0],
                [-0.058649, 0.0, 0.998279, -5e-06, 0.998279, 0.0, 0.058649, 4.824142, 0.0, 1.0, 0.0, 0.515156, 0.0, 0.0, 0.0, 1.0],
                [-0.058653, 0.0, 0.998278, -5e-06, 0.998278, 0.0, 0.058653, 4.824142, 0.0, 1.0, 0.0, 0.521543, 0.0, 0.0, 0.0, 1.0],
                [-0.052487, 0.0, 0.998622, -5e-06, 0.998622, 0.0, 0.052487, 4.825304, 0.0, 1.0, 0.0, 0.527567, 0.0, 0.0, 0.0, 1.0],
                [-0.033864, 0.0, 0.999426, -5e-06, 0.999426, 0.0, 0.033864, 4.828813, 0.0, 1.0, 0.0, 0.533756, 0.0, 0.0, 0.0, 1.0],
                [-0.002655, 0.0, 0.999996, -5e-06, 0.999996, 0.0, 0.002655, 4.834689, 0.0, 1.0, 0.0, 0.540098, 0.0, 0.0, 0.0, 1.0],
                [0.041129, 0.0, 0.999154, -5e-06, 0.999154, 0.0, -0.041129, 4.842933, 0.0, 1.0, 0.0, 0.546579, 0.0, 0.0, 0.0, 1.0],
                [0.09724, 0.0, 0.995261, -5e-06, 0.995261, 0.0, -0.09724, 4.853522, 0.0, 1.0, 0.0, 0.553181, 0.0, 0.0, 0.0, 1.0],
                [0.165073, 0.0, 0.986281, -5e-06, 0.986281, 0.0, -0.165073, 4.866405, 0.0, 1.0, 0.0, 0.55988, 0.0, 0.0, 0.0, 1.0],
                [0.243534, 0.0, 0.969892, -5e-06, 0.969892, 0.0, -0.243534, 4.881498, 0.0, 1.0, 0.0, 0.56665, 0.0, 0.0, 0.0, 1.0],
                [0.330922, 0.0, 0.943658, -5e-06, 0.943658, 0.0, -0.330922, 4.898679, 0.0, 1.0, 0.0, 0.57346, 0.0, 0.0, 0.0, 1.0],
                [0.424849, 0.0, 0.905264, -5e-06, 0.905264, 0.0, -0.424849, 4.917789, 0.0, 1.0, 0.0, 0.580274, 0.0, 0.0, 0.0, 1.0],
                [0.522244, 0.0, 0.852796, -5e-06, 0.852796, 0.0, -0.522244, 4.938624, 0.0, 1.0, 0.0, 0.587052, 0.0, 0.0, 0.0, 1.0],
                [0.619448, 0.0, 0.785038, -5e-06, 0.785038, 0.0, -0.619448, 4.960942, 0.0, 1.0, 0.0, 0.593752, 0.0, 0.0, 0.0, 1.0],
                [0.712444, 0.0, 0.701729, -5e-06, 0.701729, 0.0, -0.712444, 4.984461, 0.0, 1.0, 0.0, 0.600327, 0.0, 0.0, 0.0, 1.0],
                [0.797179, 0.0, 0.603743, -5e-06, 0.603743, 0.0, -0.797179, 5.008863, 0.0, 1.0, 0.0, 0.606731, 0.0, 0.0, 0.0, 1.0],
                [0.869958, 0.0, 0.493125, -5e-06, 0.493125, 0.0, -0.869958, 5.033807, 0.0, 1.0, 0.0, 0.612915, 0.0, 0.0, 0.0, 1.0],
                [0.927847, 0.0, 0.372962, -5e-06, 0.372962, 0.0, -0.927847, 5.058934, 0.0, 1.0, 0.0, 0.618835, 0.0, 0.0, 0.0, 1.0],
                [0.968989, 0.0, 0.247103, -5e-06, 0.247103, 0.0, -0.968989, 5.083878, 0.0, 1.0, 0.0, 0.624448, 0.0, 0.0, 0.0, 1.0],
                [0.992802, 0.0, 0.119769, -5e-06, 0.119769, 0.0, -0.992802, 5.10828, 0.0, 1.0, 0.0, 0.629714, 0.0, 0.0, 0.0, 1.0],
                [0.999988, 0.0, -0.004878, -5e-06, -0.004878, 0.0, -0.999988, 5.131798, 0.0, 1.0, 0.0, 0.634601, 0.0, 0.0, 0.0, 1.0],
                [0.992391, 0.0, -0.123125, -5e-06, -0.123125, 0.0, -0.992391, 5.154117, 0.0, 1.0, 0.0, 0.639081, 0.0, 0.0, 0.0, 1.0],
                [0.972718, 0.0, -0.23199, -5e-06, -0.23199, 0.0, -0.972718, 5.174952, 0.0, 1.0, 0.0, 0.643135, 0.0, 0.0, 0.0, 1.0],
                [0.9442, 0.0, -0.329371, -5e-06, -0.329371, 0.0, -0.9442, 5.194061, 0.0, 1.0, 0.0, 0.646748, 0.0, 0.0, 0.0, 1.0],
                [0.910249, 0.0, -0.41406, -5e-06, -0.41406, 0.0, -0.910249, 5.211243, 0.0, 1.0, 0.0, 0.649912, 0.0, 0.0, 0.0, 1.0],
                [0.874163, 0.0, -0.485632, -5e-06, -0.485632, 0.0, -0.874163, 5.226336, 0.0, 1.0, 0.0, 0.652625, 0.0, 0.0, 0.0, 1.0],
                [0.838907, 0.0, -0.544275, -5e-06, -0.544275, 0.0, -0.838907, 5.239218, 0.0, 1.0, 0.0, 0.654891, 0.0, 0.0, 0.0, 1.0],
                [0.806979, 0.0, -0.59058, -5e-06, -0.59058, 0.0, -0.806979, 5.249808, 0.0, 1.0, 0.0, 0.656716, 0.0, 0.0, 0.0, 1.0],
                [0.780349, 0.0, -0.625344, -5e-06, -0.625344, 0.0, -0.780349, 5.258052, 0.0, 1.0, 0.0, 0.65811, 0.0, 0.0, 0.0, 1.0],
                [0.760452, 0.0, -0.649395, -5e-06, -0.649395, 0.0, -0.760452, 5.263928, 0.0, 1.0, 0.0, 0.659086, 0.0, 0.0, 0.0, 1.0],
                [0.748214, 0.0, -0.663457, -5e-06, -0.663457, 0.0, -0.748214, 5.267437, 0.0, 1.0, 0.0, 0.65966, 0.0, 0.0, 0.0, 1.0],
                [0.744104, 0.0, -0.668064, -5e-06, -0.668064, 0.0, -0.744104, 5.2686, 0.0, 1.0, 0.0, 0.659848, 0.0, 0.0, 0.0, 1.0]
            ]
        },
        {
            "name": "Thigh_R",
            "time": [0.0, 0.0167, 0.0333, 0.05, 0.0667, 0.0833, 0.1, 0.1167, 0.1333, 0.15, 0.1667, 0.1833, 0.2, 0.2167, 0.2333, 0.25, 0.2667, 0.2833, 0.3, 0.3167, 0.3333, 0.35, 0.3667, 0.3833, 0.4, 0.4167, 0.4333, 0.45, 0.4667, 0.4833, 0.5, 0.5167, 0.5333, 0.55, 0.5667, 0.5833, 0.6, 0.6167, 0.6333, 0.65, 0.6667, 0.6833, 0.7, 0.7167, 0.7333, 0.75, 0.7667, 0.7833, 0.8, 0.8167, 0.8333, 0.85, 0.8667, 0.8833, 0.9, 0.9167, 0.9333, 0.95, 0.9667, 0.9833, 1.0, 1.0167, 1.0333, 1.05, 1.0667, 1.0833, 1.1, 1.1167, 1.1333, 1.15, 1.1667, 1.1833, 1.2, 1.2167, 1.2333, 1.25],
            "transform": [
                [0.780469, 0.615524, 0.109532, 0.124994, 0.575636, -0.639128, -0.510057, -0.002831, -0.243947, 0.461134, -0.853138, -1.2e-05, 0.0, 0.0, 0.0, 1.0],
                [0.790306, 0.606766, 0.085153, 0.124994, 0.553749, -0.647836, -0.523135, -0.002831, -0.262255, 0.460589, -0.847986, -1.2e-05, 0.0, 0.0, 0.0, 1.0],
                [0.810544, 0.585067, 0.026717, 0.124994, 0.500602, -0.668406, -0.550118, -0.002831, -0.303999, 0.45927, -0.834659, -1.2e-05, 0.0, 0.0, 0.0, 1.0],
                [0.826275, 0.562467, -0.030009, 0.124994, 0.447773, -0.688241, -0.57081, -0.002831, -0.341716, 0.458209, -0.820533, -1.2e-05, 0.0, 0.0, 0.0, 1.0],
                [0.834232, 0.54802, -0.061071, 0.124994, 0.417086, -0.699573, -0.580204, -0.002831, -0.360687, 0.458553, -0.812178, -1.2e-05, 0.0, 0.0, 0.0, 1.0],
                [0.837137, 0.543285, -0.06358, 0.124994, 0.411318, -0.701852, -0.581568, -0.002831, -0.360582, 0.4607, -0.811009, -1.2e-05, 0.0, 0.0, 0.0, 1.0],
                [0.827181, 0.558554, -0.06155, 0.124994, 0.421153, -0.688731, -0.590152, -0.002831, -0.372023, 0.46224, -0.804942, -1.2e-05, 0.0, 0.0, 0.0, 1.0],
                [0.79725, 0.598735, -0.076867, 0.124994, 0.434053, -0.657089, -0.616305, -0.002831, -0.419512, 0.457985, -0.783747, -1.2e-05, 0.0, 0.0, 0.0, 1.0],
                [0.764054, 0.637552, -0.098735, 0.124993, 0.440969, -0.627799, -0.641416, -0.002831, -0.470922, 0.446537, -0.760813, -1.2e-05, 0.0, 0.0, 0.0, 1.0],
                [0.753442, 0.646653, -0.119013, 0.124994, 0.437629, -0.628282, -0.643228, -0.002831, -0.49072, 0.432552, -0.756368, -1.2e-05, 0.0, 0.0, 0.0, 1.0],
                [0.769846, 0.624386, -0.132206, 0.124994, 0.41867, -0.650403, -0.633791, -0.002831, -0.481717, 0.432571, -0.762122, -1.2e-05, 0.0, 0.0, 0.0, 1.0],
                [0.806593, 0.575765, -0.133799, 0.124994, 0.3794, -0.677847, -0.629745, -0.002831, -0.45328, 0.457185, -0.765192, -1.2e-05, 0.0, 0.0, 0.0, 1.0],
                [0.857975, 0.498015, -0.125936, 0.124994, 0.320698, -0.710802, -0.62603, -0.002831, -0.401288, 0.496731, -0.769563, -1.2e-05, 0.0, 0.0, 0.0, 1.0],
                [0.914068, 0.390733, -0.108665, 0.124994, 0.247028, -0.748901, -0.614918, -0.002831, -0.321648, 0.535233, -0.781068, -1.2e-05, 0.0, 0.0, 0.0, 1.0],
                [0.962303, 0.261479, -0.074833, 0.124994, 0.16925, -0.791101, -0.587803, -0.002831, -0.212899, 0.55298, -0.805535, -1.2e-05, 0.0, 0.0, 0.0, 1.0],
                [0.991285, 0.130883, -0.014988, 0.124994, 0.105726, -0.858257, -0.502211, -0.002831, -0.078595, 0.49625, -0.864615, -1.2e-05, 0.0, 0.0, 0.0, 1.0],
                [0.993755, 0.076964, 0.080785, 0.124994, 0.08394, -0.99268, -0.086829, -0.002831, 0.073511, 0.093068, -0.992942, -1.2e-05, 0.0, 0.0, 0.0, 1.0],
                [0.965338, 0.131129, 0.225673, 0.124994, 0.096326, -0.982585, 0.158893, -0.002831, 0.242579, -0.131647, -0.961158, -1.2e-05, 0.0, 0.0, 0.0, 1.0],
                [0.899624, 0.272073, 0.341544, 0.124994, 0.146775, -0.925066, 0.350299, -0.002831, 0.411258, -0.265008, -0.872145, -1.2e-05, 0.0, 0.0, 0.0, 1.0],
                [0.797707, 0.448465, 0.403166, 0.124994, 0.224595, -0.841392, 0.491545, -0.002831, 0.559661, -0.30156, -0.771907, -1.2e-05, 0.0, 0.0, 0.0, 1.0],
                [0.672882, 0.609146, 0.419726, 0.124994, 0.312823, -0.748471, 0.58475, -0.002831, 0.670351, -0.262168, -0.694188, -1.2e-05, 0.0, 0.0, 0.0, 1.0],
                [0.547238, 0.727268, 0.414259, 0.124994, 0.395318, -0.660851, 0.637965, -0.002831, 0.737736, -0.185355, -0.649145, -1.2e-05, 0.0, 0.0, 0.0, 1.0],
                [0.4414, 0.802292, 0.401861, 0.124994, 0.461979, -0.587124, 0.664726, -0.002831, 0.769247, -0.107759, -0.629799, -1.2e-05, 0.0, 0.0, 0.0, 1.0],
                [0.367795, 0.846375, 0.385195, 0.124994, 0.50909, -0.529907, 0.678252, -0.002831, 0.778174, -0.053359, -0.625778, -1.2e-05, 0.0, 0.0, 0.0, 1.0],
                [0.331065, 0.871594, 0.361551, 0.124995, 0.536592, -0.489071, 0.687661, -0.002831, 0.776186, -0.033655, -0.629605, -1.2e-05, 0.0, 0.0, 0.0, 1.0],
                [0.314148, 0.887558, 0.336976, 0.124994, 0.553125, -0.459591, 0.694858, -0.002831, 0.771598, -0.031899, -0.63531, -1.2e-05, 0.0, 0.0, 0.0, 1.0],
                [0.300347, 0.898238, 0.320874, 0.124995, 0.565491, -0.438595, 0.698466, -0.002831, 0.768122, -0.02833, -0.639676, -1.2e-05, 0.0, 0.0, 0.0, 1.0],
                [0.290574, 0.903787, 0.314223, 0.124994, 0.572688, -0.427346, 0.699574, -0.002831, 0.766547, -0.023326, -0.641764, -1.2e-05, 0.0, 0.0, 0.0, 1.0],
                [0.284157, 0.905673, 0.314658, 0.124993, 0.575762, -0.423612, 0.699321, -0.002831, 0.76665, -0.017549, -0.641825, -1.2e-05, 0.0, 0.0, 0.0, 1.0],
                [0.279498, 0.905915, 0.318119, 0.124995, 0.576896, -0.423297, 0.698577, -0.002831, 0.76751, -0.01173, -0.640929, -1.2e-05, 0.0, 0.0, 0.0, 1.0],
                [0.275889, 0.90535, 0.322839, 0.124995, 0.577051, -0.42462, 0.697646, -0.002831, 0.768698, -0.006178, -0.639582, -1.2e-05, 0.0, 0.0, 0.0, 1.0],
                [0.273576, 0.903706, 0.329349, 0.124995, 0.575915, -0.428151, 0.696425, -0.002831, 0.770375, -0.000848, -0.63759, -1.2e-05, 0.0, 0.0, 0.0, 1.0],
                [0.272577, 0.900924, 0.337693, 0.124995, 0.573461, -0.433954, 0.694857, -0.002831, 0.772557, 0.004252, -0.634931, -1.2e-05, 0.0, 0.0, 0.0, 1.0],
                [0.27287, 0.896951, 0.347879, 0.124994, 0.569703, -0.442035, 0.692851, -0.002831, 0.775229, 0.009129, -0.631614, -1.2e-05, 0.0, 0.0, 0.0, 1.0],
                [0.274386, 0.891754, 0.359843, 0.124994, 0.564709, -0.45231, 0.690304, -0.002831, 0.778342, 0.013797, -0.627689, -1.2e-05, 0.0, 0.0, 0.0, 1.0],
                [0.277001, 0.885329, 0.373447, 0.124995, 0.558602, -0.464605, 0.687099, -0.002831, 0.781814, 0.018281, -0.623243, -1.2e-05, 0.0, 0.0, 0.0, 1.0],
                [0.28055, 0.877663, 0.388585, 0.124993, 0.551565, -0.47874, 0.683069, -0.002831, 0.785536, 0.022695, -0.618399, -1.2e-05, 0.0, 0.0, 0.0, 1.0],
                [0.284816, 0.868967, 0.404693, 0.124993, 0.543836, -0.494138, 0.678284, -0.002831, 0.789381, 0.0269, -0.613314, -1.2e-05, 0.0, 0.0, 0.0, 1.0],
                [0.289573, 0.859344, 0.421516, 0.124994, 0.535678, -0.510457, 0.672668, -0.002831, 0.793219, 0.03101, -0.608147, -1.2e-05, 0.0, 0.0, 0.0, 1.0],
                [0.294595, 0.849009, 0.438631, 0.124993, 0.527366, -0.527215, 0.66628, -0.002831, 0.796931, 0.035036, -0.603053, -1.2e-05, 0.0, 0.0, 0.0, 1.0],
                [0.299669, 0.838223, 0.45561, 0.124994, 0.519155, -0.543933, 0.659253, -0.002831, 0.800422, 0.038975, -0.598168, -1.2e-05, 0.0, 0.0, 0.0, 1.0],
                [0.304619, 0.827264, 0.47206, 0.124994, 0.511265, -0.56018, 0.651772, -0.002831, 0.803626, 0.042806, -0.593593, -1.2e-05, 0.0, 0.0, 0.0, 1.0],
                [0.30931, 0.816409, 0.487651, 0.124995, 0.503865, -0.575599, 0.644054, -0.002831, 0.806503, 0.046498, -0.589399, -1.2e-05, 0.0, 0.0, 0.0, 1.0],
                [0.313646, 0.805848, 0.502229, 0.124994, 0.497071, -0.589999, 0.636256, -0.002831, 0.809041, 0.050084, -0.585615, -1.2e-05, 0.0, 0.0, 0.0, 1.0],
                [0.317558, 0.795924, 0.515423, 0.124993, 0.490959, -0.603037, 0.628733, -0.002831, 0.811243, 0.053392, -0.582266, -1.2e-05, 0.0, 0.0, 0.0, 1.0],
                [0.321018, 0.786754, 0.527225, 0.124995, 0.485559, -0.61468, 0.621611, -0.002831, 0.81313, 0.05645, -0.579339, -1.2e-05, 0.0, 0.0, 0.0, 1.0],
                [0.324009, 0.778476, 0.53758, 0.124995, 0.480878, -0.624873, 0.615052, -0.002831, 0.814723, 0.059228, -0.576817, -1.2e-05, 0.0, 0.0, 0.0, 1.0],
                [0.330792, 0.770595, 0.544757, 0.124994, 0.474713, -0.634777, 0.609676, -0.002831, 0.815613, 0.056927, -0.57579, -1.2e-05, 0.0, 0.0, 0.0, 1.0],
                [0.345681, 0.762403, 0.547034, 0.124994, 0.464862, -0.645548, 0.605947, -0.002831, 0.815112, 0.044831, -0.577566, -1.2e-05, 0.0, 0.0, 0.0, 1.0],
                [0.368698, 0.753372, 0.544511, 0.124994, 0.451353, -0.657185, 0.603646, -0.002831, 0.812614, 0.023204, -0.58234, -1.2e-05, 0.0, 0.0, 0.0, 1.0],
                [0.399731, 0.742577, 0.537396, 0.124994, 0.43427, -0.669719, 0.6024, -0.002831, 0.807233, -0.007423, -0.590186, -1.2e-05, 0.0, 0.0, 0.0, 1.0],
                [0.438456, 0.728781, 0.52596, 0.124994, 0.413792, -0.683187, 0.60169, -0.002831, 0.79783, -0.046177, -0.601112, -1.2e-05, 0.0, 0.0, 0.0, 1.0],
                [0.484263, 0.710568, 0.510472, 0.124993, 0.390231, -0.697617, 0.600874, -0.002831, 0.783076, -0.091779, -0.615116, -1.2e-05, 0.0, 0.0, 0.0, 1.0],
                [0.536171, 0.686535, 0.491111, 0.124993, 0.36407, -0.712996, 0.59924, -0.002831, 0.76156, -0.142496, -0.632235, -1.2e-05, 0.0, 0.0, 0.0, 1.0],
                [0.59278, 0.655522, 0.467869, 0.124993, 0.335987, -0.72926, 0.596064, -0.002831, 0.731931, -0.196137, -0.652538, -1.2e-05, 0.0, 0.0, 0.0, 1.0],
                [0.652282, 0.616861, 0.440466, 0.124994, 0.306862, -0.746266, 0.590697, -0.002831, 0.693083, -0.250139, -0.676067, -1.2e-05, 0.0, 0.0, 0.0, 1.0],
                [0.712523, 0.570592, 0.408331, 0.124993, 0.277747, -0.763792, 0.582648, -0.002831, 0.644334, -0.301738, -0.7027, -1.2e-05, 0.0, 0.0, 0.0, 1.0],
                [0.771162, 0.517594, 0.370683, 0.124994, 0.249795, -0.781557, 0.571639, -0.002831, 0.585586, -0.348231, -0.732, -1.2e-05, 0.0, 0.0, 0.0, 1.0],
                [0.825857, 0.459588, 0.326708, 0.124995, 0.22417, -0.799236, 0.557646, -0.002831, 0.517405, -0.387298, -0.763081, -1.2e-05, 0.0, 0.0, 0.0, 1.0],
                [0.874491, 0.398989, 0.275815, 0.124994, 0.201931, -0.816494, 0.54089, -0.002831, 0.44101, -0.417308, -0.794584, -1.2e-05, 0.0, 0.0, 0.0, 1.0],
                [0.915358, 0.338565, 0.217931, 0.124994, 0.183921, -0.833068, 0.521699, -0.002831, 0.358181, -0.437459, -0.824825, -1.2e-05, 0.0, 0.0, 0.0, 1.0],
                [0.947295, 0.281165, 0.153547, 0.124994, 0.170702, -0.848592, 0.500751, -0.002831, 0.271092, -0.448148, -0.851864, -1.1e-05, 0.0, 0.0, 0.0, 1.0],
                [0.969758, 0.229173, 0.08396, 0.124994, 0.162489, -0.8629, 0.478541, -0.002831, 0.182118, -0.450426, -0.874042, -1.2e-05, 0.0, 0.0, 0.0, 1.0],
                [0.982802, 0.184334, 0.011019, 0.124994, 0.159162, -0.87583, 0.45562, -0.002831, 0.093637, -0.446031, -0.890106, -1.2e-05, 0.0, 0.0, 0.0, 1.0],
                [0.987038, 0.147579, -0.063054, 0.124994, 0.160292, -0.88728, 0.432482, -0.002831, 0.007879, -0.436983, -0.899435, -1.1e-05, 0.0, 0.0, 0.0, 1.0],
                [0.983538, 0.119043, -0.135945, 0.124994, 0.165202, -0.897202, 0.409556, -0.002831, -0.073216, -0.425273, -0.902099, -1.3e-05, 0.0, 0.0, 0.0, 1.0],
                [0.973718, 0.098211, -0.205491, 0.124994, 0.173048, -0.905628, 0.38716, -0.002831, -0.148075, -0.412545, -0.898821, -1.1e-05, 0.0, 0.0, 0.0, 1.0],
                [0.959212, 0.084075, -0.269895, 0.124994, 0.182908, -0.912547, 0.36579, -0.002831, -0.215538, -0.400236, -0.890705, -1.2e-05, 0.0, 0.0, 0.0, 1.0],
                [0.94174, 0.07541, -0.327777, 0.124994, 0.193847, -0.918095, 0.345722, -0.002831, -0.27486, -0.389119, -0.879226, -1.1e-05, 0.0, 0.0, 0.0, 1.0],
                [0.922991, 0.070904, -0.378232, 0.124994, 0.204995, -0.922405, 0.327332, -0.002831, -0.325674, -0.37966, -0.865907, -1.3e-05, 0.0, 0.0, 0.0, 1.0],
                [0.904518, 0.069309, -0.420765, 0.124993, 0.215592, -0.925638, 0.310987, -0.002831, -0.367922, -0.372008, -0.852199, -1.2e-05, 0.0, 0.0, 0.0, 1.0],
                [0.887666, 0.069519, -0.455211, 0.124994, 0.225008, -0.927972, 0.29705, -0.002831, -0.401772, -0.366107, -0.839371, -1.3e-05, 0.0, 0.0, 0.0, 1.0],
                [0.873523, 0.070651, -0.481628, 0.124994, 0.232757, -0.929597, 0.285784, -0.002831, -0.42753, -0.361741, -0.828469, -1.1e-05, 0.0, 0.0, 0.0, 1.0],
                [0.862906, 0.071914, -0.500221, 0.124994, 0.238499, -0.930611, 0.277635, -0.002831, -0.445545, -0.358875, -0.820182, -1.1e-05, 0.0, 0.0, 0.0, 1.0],
                [0.856356, 0.072868, -0.511219, 0.124993, 0.242013, -0.93117, 0.272676, -0.002831, -0.456163, -0.357229, -0.815048, -1.2e-05, 0.0, 0.0, 0.0, 1.0],
                [0.854152, 0.073213, -0.514844, 0.124994, 0.24319, -0.931345, 0.271024, -0.002831, -0.459655, -0.356701, -0.813315, -1.1e-05, 0.0, 0.0, 0.0, 1.0]
            ]
        },
        {
            "name": "Leg_R",
            "time": [0.0, 0.0167, 0.0333, 0.05, 0.0667, 0.0833, 0.1, 0.1167, 0.1333, 0.15, 0.1667, 0.1833, 0.2, 0.2167, 0.2333, 0.25, 0.2667, 0.2833, 0.3, 0.3167, 0.3333, 0.35, 0.3667, 0.3833, 0.4, 0.4167, 0.4333, 0.45, 0.4667, 0.4833, 0.5, 0.5167, 0.5333, 0.55, 0.5667, 0.5833, 0.6, 0.6167, 0.6333, 0.65, 0.6667, 0.6833, 0.7, 0.7167, 0.7333, 0.75, 0.7667, 0.7833, 0.8, 0.8167, 0.8333, 0.85, 0.8667, 0.8833, 0.9, 0.9167, 0.9333, 0.95, 0.9667, 0.9833, 1.0, 1.0167, 1.0333, 1.05, 1.0667, 1.0833, 1.1, 1.1167, 1.1333, 1.15, 1.1667, 1.1833, 1.2, 1.2167, 1.2333, 1.25],
            "transform": [
                [1.0, -1.6e-05, -0.000115, 0.0, 1.6e-05, 1.0, 0.000436, 0.374721, 0.000115, -0.000436, 1.0, -0.0, 0.0, 0.0, 0.0, 1.0],
                [1.0, -1.6e-05, -0.000115, -0.0, 1.6e-05, 1.0, 0.000436, 0.374721, 0.000115, -0.000436, 1.0, -0.0, 0.0, 0.0, 0.0, 1.0],
                [1.0, -1.6e-05, -0.000115, 0.0, 1.6e-05, 1.0, 0.000438, 0.374721, 0.000115, -0.000438, 1.0, -0.0, 0.0, 0.0, 0.0, 1.0],
                [1.0, -1.6e-05, -0.000115, 0.0, 1.6e-05, 1.0, 0.00044, 0.374721, 0.000115, -0.00044, 1.0, 0.0, 0.0, 0.0, 0.0, 1.0],
                [1.0, -1.6e-05, -0.000115, -0.0, 1.6e-05, 1.0, 0.000441, 0.374721, 0.000115, -0.000441, 1.0, -0.0, 0.0, 0.0, 0.0, 1.0],
                [1.0, -1.6e-05, -0.000115, 0.0, 1.6e-05, 1.0, 0.000441, 0.374721, 0.000115, -0.000441, 1.0, -0.0, 0.0, 0.0, 0.0, 1.0],
                [1.0, -1.6e-05, -0.000115, 0.0, 1.6e-05, 1.0, 0.000441, 0.37472, 0.000115, -0.000441, 1.0, 0.0, 0.0, 0.0, 0.0, 1.0],
                [1.0, -1.6e-05, -0.000115, 0.0, 1.6e-05, 1.0, 0.000441, 0.37472, 0.000115, -0.000441, 1.0, 0.0, 0.0, 0.0, 0.0, 1.0],
                [1.0, -1.6e-05, -0.000115, -0.0, 1.6e-05, 1.0, 0.000441, 0.374721, 0.000115, -0.000441, 1.0, 0.0, 0.0, 0.0, 0.0, 1.0],
                [1.0, -1.6e-05, -0.000115, 0.0, 1.6e-05, 1.0, 0.00044, 0.37472, 0.000115, -0.00044, 1.0, 0.0, 0.0, 0.0, 0.0, 1.0],
                [1.0, -1.6e-05, -0.000115, 0.0, 1.6e-05, 1.0, 0.00044, 0.374721, 0.000115, -0.00044, 1.0, 0.0, 0.0, 0.0, 0.0, 1.0],
                [1.0, -1.6e-05, -0.000115, 0.0, 1.6e-05, 1.0, 0.000439, 0.374721, 0.000115, -0.000439, 1.0, -0.0, 0.0, 0.0, 0.0, 1.0],
                [1.0, -1.6e-05, -0.000115, 0.0, 1.6e-05, 1.0, 0.000438, 0.374721, 0.000115, -0.000438, 1.0, -0.0, 0.0, 0.0, 0.0, 1.0],
                [1.0, -1.6e-05, -0.000115, 0.0, 1.6e-05, 1.0, 0.000437, 0.374721, 0.000115, -0.000437, 1.0, -0.0, 0.0, 0.0, 0.0, 1.0],
                [1.0, -1.6e-05, -0.000115, -0.0, 1.6e-05, 1.0, 0.000436, 0.374721, 0.000115, -0.000436, 1.0, 0.0, 0.0, 0.0, 0.0, 1.0],
                [0.999995, -0.00321, -0.000256, -0.0, 0.00322, 0.996136, 0.087773, 0.374721, -2.7e-05, -0.087773, 0.996141, 0.0, 0.0, 0.0, 0.0, 1.0],
                [0.999586, -0.02642, -0.011403, -0.0, 0.026503, 0.690901, 0.722464, 0.374721, -0.011209, -0.722467, 0.691315, -0.0, 0.0, 0.0, 0.0, 1.0],
                [0.99925, -0.032816, -0.020565, 0.0, 0.032919, 0.440042, 0.897374, 0.374721, -0.020399, -0.897377, 0.440792, -1e-06, 0.0, 0.0, 0.0, 1.0],
                [0.998994, -0.035396, -0.027551, 0.0, 0.035507, 0.248734, 0.967921, 0.374721, -0.027407, -0.967925, 0.24974, 0.0, 0.0, 0.0, 0.0, 1.0],
                [0.998817, -0.036293, -0.032356, -0.0, 0.036407, 0.117161, 0.992445, 0.374721, -0.032228, -0.992449, 0.118344, -0.0, 0.0, 0.0, 0.0, 1.0],
                [0.99871, -0.036519, -0.035268, -0.0, 0.036634, 0.037428, 0.998628, 0.374721, -0.035149, -0.998632, 0.038717, -0.0, 0.0, 0.0, 0.0, 1.0],
                [0.998652, -0.036544, -0.036853, -0.0, 0.036659, -0.005985, 0.99931, 0.374721, -0.036739, -0.999314, -0.004638, 0.0, 0.0, 0.0, 0.0, 1.0],
                [0.998615, -0.036524, -0.03787, 0.0, 0.036638, -0.03381, 0.998757, 0.374721, -0.037758, -0.998761, -0.032425, 0.0, 0.0, 0.0, 0.0, 1.0],
                [0.998573, -0.036467, -0.039018, 0.0, 0.036581, -0.065249, 0.997198, 0.374721, -0.03891, -0.997203, -0.063822, 0.0, 0.0, 0.0, 0.0, 1.0],
                [0.998509, -0.03631, -0.040766, -0.0, 0.036424, -0.113116, 0.992914, 0.374721, -0.040664, -0.992918, -0.111625, -0.0, 0.0, 0.0, 0.0, 1.0],
                [0.99844, -0.036048, -0.042632, -0.0, 0.036162, -0.164206, 0.985763, 0.37472, -0.042536, -0.985767, -0.162647, 0.0, 0.0, 0.0, 0.0, 1.0],
                [0.998394, -0.035816, -0.04389, -0.0, 0.035929, -0.19865, 0.979412, 0.374721, -0.043797, -0.979416, -0.197044, 0.0, 0.0, 0.0, 0.0, 1.0],
                [0.998371, -0.03568, -0.044531, 0.0, 0.035792, -0.216222, 0.975688, 0.374721, -0.044441, -0.975692, -0.214593, 0.0, 0.0, 0.0, 0.0, 1.0],
                [0.998363, -0.035636, -0.044727, 0.0, 0.035748, -0.22157, 0.974489, 0.374721, -0.044637, -0.974493, -0.219934, -0.0, 0.0, 0.0, 0.0, 1.0],
                [0.998364, -0.035637, -0.044724, 0.0, 0.035749, -0.221499, 0.974505, 0.374721, -0.044634, -0.974509, -0.219863, -0.0, 0.0, 0.0, 0.0, 1.0],
                [0.998367, -0.035658, -0.044628, -0.0, 0.035771, -0.218868, 0.975099, 0.374721, -0.044538, -0.975103, -0.217235, 0.0, 0.0, 0.0, 0.0, 1.0],
                [0.998376, -0.035708, -0.044404, 0.0, 0.03582, -0.212745, 0.976451, 0.374721, -0.044314, -0.976455, -0.211121, -0.0, 0.0, 0.0, 0.0, 1.0],
                [0.998388, -0.035784, -0.044047, 0.0, 0.035896, -0.202968, 0.978527, 0.374721, -0.043955, -0.978531, -0.201356, -0.0, 0.0, 0.0, 0.0, 1.0],
                [0.998407, -0.035883, -0.043552, -0.0, 0.035996, -0.189399, 0.98124, 0.37472, -0.043458, -0.981245, -0.187805, -0.0, 0.0, 0.0, 0.0, 1.0],
                [0.99843, -0.036, -0.042916, -0.0, 0.036113, -0.172003, 0.984434, 0.374721, -0.042821, -0.984438, -0.170433, -0.0, 0.0, 0.0, 0.0, 1.0],
                [0.998458, -0.036126, -0.042144, -0.0, 0.03624, -0.15086, 0.987891, 0.374721, -0.042047, -0.987895, -0.149318, 0.0, 0.0, 0.0, 0.0, 1.0],
                [0.998492, -0.036253, -0.041237, -0.0, 0.036367, -0.126011, 0.991362, 0.37472, -0.041136, -0.991366, -0.124503, 0.0, 0.0, 0.0, 0.0, 1.0],
                [0.998529, -0.036367, -0.040224, -0.0, 0.036482, -0.098286, 0.99449, 0.37472, -0.040121, -0.994493, -0.096815, -0.0, 0.0, 0.0, 0.0, 1.0],
                [0.998569, -0.03646, -0.039122, -0.0, 0.036574, -0.068091, 0.997009, 0.374721, -0.039014, -0.997013, -0.06666, 0.0, 0.0, 0.0, 0.0, 1.0],
                [0.998612, -0.03652, -0.037957, -0.0, 0.036635, -0.036191, 0.998673, 0.374721, -0.037846, -0.998677, -0.034803, -0.0, 0.0, 0.0, 0.0, 1.0],
                [0.998656, -0.036544, -0.036761, 0.0, 0.036659, -0.003447, 0.999322, 0.37472, -0.036646, -0.999326, -0.002103, 0.0, 0.0, 0.0, 0.0, 1.0],
                [0.9987, -0.036529, -0.035566, -0.0, 0.036644, 0.029272, 0.9989, 0.37472, -0.035447, -0.998904, 0.030572, 0.0, 0.0, 0.0, 0.0, 1.0],
                [0.998742, -0.036476, -0.034402, -0.0, 0.036591, 0.061147, 0.997458, 0.374721, -0.03428, -0.997462, 0.062405, 0.0, 0.0, 0.0, 0.0, 1.0],
                [0.998783, -0.036391, -0.033287, -0.0, 0.036505, 0.091673, 0.99512, 0.37472, -0.033161, -0.995124, 0.09289, -0.0, 0.0, 0.0, 0.0, 1.0],
                [0.998821, -0.036281, -0.032256, 0.0, 0.036395, 0.119912, 0.992117, 0.374721, -0.032127, -0.992122, 0.121091, 0.0, 0.0, 0.0, 0.0, 1.0],
                [0.998855, -0.036155, -0.031317, -0.0, 0.036269, 0.14562, 0.988676, 0.37472, -0.031185, -0.98868, 0.146764, -0.0, 0.0, 0.0, 0.0, 1.0],
                [0.998886, -0.036022, -0.030481, -0.0, 0.036135, 0.168514, 0.985037, 0.374721, -0.030346, -0.985041, 0.169628, -0.0, 0.0, 0.0, 0.0, 1.0],
                [0.998912, -0.035895, -0.02978, 0.0, 0.036008, 0.187708, 0.981564, 0.37472, -0.029643, -0.981569, 0.188796, 0.0, 0.0, 0.0, 0.0, 1.0],
                [0.998932, -0.035787, -0.029239, -0.0, 0.0359, 0.202519, 0.97862, 0.37472, -0.029101, -0.978624, 0.203588, -1e-06, 0.0, 0.0, 0.0, 1.0],
                [0.998946, -0.035703, -0.028846, 0.0, 0.035816, 0.213285, 0.976334, 0.374721, -0.028706, -0.976338, 0.214338, -0.0, 0.0, 0.0, 0.0, 1.0],
                [0.998956, -0.035644, -0.028578, -0.0, 0.035756, 0.220623, 0.974704, 0.374721, -0.028437, -0.974708, 0.221668, 0.0, 0.0, 0.0, 0.0, 1.0],
                [0.998962, -0.035604, -0.028403, -0.0, 0.035716, 0.225407, 0.97361, 0.374721, -0.028262, -0.973614, 0.226444, -0.0, 0.0, 0.0, 0.0, 1.0],
                [0.998967, -0.035576, -0.028283, -0.0, 0.035688, 0.228698, 0.972843, 0.37472, -0.028142, -0.972847, 0.229731, -0.0, 0.0, 0.0, 0.0, 1.0],
                [0.998971, -0.03555, -0.028174, 0.0, 0.035662, 0.231668, 0.972141, 0.374721, -0.028033, -0.972145, 0.232697, 0.0, 0.0, 0.0, 0.0, 1.0],
                [0.998976, -0.035517, -0.028035, 0.0, 0.035628, 0.235482, 0.971226, 0.374721, -0.027893, -0.971229, 0.236507, 0.0, 0.0, 0.0, 0.0, 1.0],
                [0.998983, -0.035465, -0.027827, -0.0, 0.035577, 0.24119, 0.969825, 0.374721, -0.027684, -0.96983, 0.242207, -0.0, 0.0, 0.0, 0.0, 1.0],
                [0.998995, -0.035388, -0.027519, -0.0, 0.035499, 0.249611, 0.967695, 0.374721, -0.027375, -0.967699, 0.250617, 0.0, 0.0, 0.0, 0.0, 1.0],
                [0.99901, -0.035275, -0.027094, -0.0, 0.035386, 0.261254, 0.964621, 0.374721, -0.026949, -0.964625, 0.262244, -1e-06, 0.0, 0.0, 0.0, 1.0],
                [0.99903, -0.035122, -0.026545, 0.0, 0.035232, 0.276283, 0.96043, 0.374721, -0.026398, -0.960435, 0.277252, -0.0, 0.0, 0.0, 0.0, 1.0],
                [0.999055, -0.034923, -0.025879, -0.0, 0.035033, 0.294534, 0.954999, 0.374721, -0.025729, -0.955003, 0.295479, 1e-06, 0.0, 0.0, 0.0, 1.0],
                [0.999083, -0.034675, -0.025104, -0.0, 0.034784, 0.315749, 0.948206, 0.374721, -0.024952, -0.948209, 0.316666, 1e-06, 0.0, 0.0, 0.0, 1.0],
                [0.999115, -0.03438, -0.024253, -0.0, 0.034488, 0.339052, 0.940135, 0.374721, -0.024099, -0.940139, 0.339937, 0.0, 0.0, 0.0, 0.0, 1.0],
                [0.999148, -0.034038, -0.023343, 0.0, 0.034145, 0.363967, 0.930786, 0.374721, -0.023186, -0.930789, 0.364819, -0.0, 0.0, 0.0, 0.0, 1.0],
                [0.999182, -0.033652, -0.022396, -0.0, 0.033758, 0.389906, 0.920236, 0.374721, -0.022236, -0.920239, 0.390723, -0.0, 0.0, 0.0, 0.0, 1.0],
                [0.999218, -0.033226, -0.02143, -0.0, 0.033331, 0.416356, 0.908591, 0.37472, -0.021267, -0.908594, 0.417138, 0.0, 0.0, 0.0, 0.0, 1.0],
                [0.999253, -0.032765, -0.020461, 0.0, 0.032868, 0.442873, 0.895981, 0.37472, -0.020295, -0.895985, 0.44362, 0.0, 0.0, 0.0, 0.0, 1.0],
                [0.999289, -0.032272, -0.0195, 0.0, 0.032374, 0.469182, 0.882508, 0.374721, -0.019331, -0.882512, 0.469893, -0.0, 0.0, 0.0, 0.0, 1.0],
                [0.999323, -0.031761, -0.018572, -0.0, 0.031861, 0.494605, 0.868534, 0.374721, -0.0184, -0.868537, 0.495282, -0.0, 0.0, 0.0, 0.0, 1.0],
                [0.999356, -0.031241, -0.017687, 0.0, 0.031339, 0.51883, 0.854303, 0.374721, -0.017513, -0.854306, 0.519475, 0.0, 0.0, 0.0, 0.0, 1.0],
                [0.999385, -0.030727, -0.016866, 0.0, 0.030824, 0.541327, 0.840247, 0.374721, -0.016688, -0.840251, 0.541942, 0.0, 0.0, 0.0, 0.0, 1.0],
                [0.999413, -0.030238, -0.016127, 0.0, 0.030334, 0.561545, 0.82689, 0.374721, -0.015948, -0.826894, 0.562132, -0.0, 0.0, 0.0, 0.0, 1.0],
                [0.999436, -0.029797, -0.015492, 0.0, 0.029891, 0.578931, 0.814829, 0.374721, -0.015311, -0.814832, 0.579495, 1e-06, 0.0, 0.0, 0.0, 1.0],
                [0.999455, -0.029423, -0.014975, 0.0, 0.029516, 0.593101, 0.804587, 0.37472, -0.014792, -0.80459, 0.593646, 0.0, 0.0, 0.0, 0.0, 1.0],
                [0.999468, -0.029143, -0.0146, -0.0, 0.029235, 0.603358, 0.796935, 0.374721, -0.014416, -0.796938, 0.60389, 0.0, 0.0, 0.0, 0.0, 1.0],
                [0.999477, -0.028969, -0.014372, -0.0, 0.02906, 0.609613, 0.792166, 0.374721, -0.014187, -0.792169, 0.610137, -0.0, 0.0, 0.0, 0.0, 1.0],
                [0.99948, -0.02891, -0.014296, -0.0, 0.029001, 0.611697, 0.79056, 0.374721, -0.01411, -0.790564, 0.612218, 0.0, 0.0, 0.0, 0.0, 1.0]
            ]
        },
        {
            "name": "Knee_R",
            "time": [0.0, 0.0167, 0.0333, 0.05, 0.0667, 0.0833, 0.1, 0.1167, 0.1333, 0.15, 0.1667, 0.1833, 0.2, 0.2167, 0.2333, 0.25, 0.2667, 0.2833, 0.3, 0.3167, 0.3333, 0.35, 0.3667, 0.3833, 0.4, 0.4167, 0.4333, 0.45, 0.4667, 0.4833, 0.5, 0.5167, 0.5333, 0.55, 0.5667, 0.5833, 0.6, 0.6167, 0.6333, 0.65, 0.6667, 0.6833, 0.7, 0.7167, 0.7333, 0.75, 0.7667, 0.7833, 0.8, 0.8167, 0.8333, 0.85, 0.8667, 0.8833, 0.9, 0.9167, 0.9333, 0.95, 0.9667, 0.9833, 1.0, 1.0167, 1.0333, 1.05, 1.0667, 1.0833, 1.1, 1.1167, 1.1333, 1.15, 1.1667, 1.1833, 1.2, 1.2167, 1.2333, 1.25],
            "transform": [
                [1.0, -5.7e-05, 5.7e-05, 0.0, 5.7e-05, 0.001565, -0.999999, 0.374721, 5.7e-05, 0.999999, 0.001565, -0.0, 0.0, 0.0, 0.0, 1.0],
                [1.0, -5.7e-05, 5.7e-05, -0.0, 5.7e-05, 0.001565, -0.999999, 0.374721, 5.7e-05, 0.999999, 0.001565, -0.0, 0.0, 0.0, 0.0, 1.0],
                [1.0, -5.7e-05, 5.7e-05, 0.0, 5.7e-05, 0.001565, -0.999999, 0.374721, 5.7e-05, 0.999999, 0.001565, -0.0, 0.0, 0.0, 0.0, 1.0],
                [1.0, -5.7e-05, 5.7e-05, -0.0, 5.7e-05, 0.001565, -0.999999, 0.37472, 5.7e-05, 0.999999, 0.001565, 0.0, 0.0, 0.0, 0.0, 1.0],
                [1.0, -5.7e-05, 5.7e-05, -0.0, 5.7e-05, 0.001565, -0.999999, 0.374721, 5.7e-05, 0.999999, 0.001565, -0.0, 0.0, 0.0, 0.0, 1.0],
                [1.0, -5.7e-05, 5.7e-05, 0.0, 5.7e-05, 0.001565, -0.999999, 0.374721, 5.7e-05, 0.999999, 0.001565, -0.0, 0.0, 0.0, 0.0, 1.0],
                [1.0, -5.7e-05, 5.7e-05, 0.0, 5.7e-05, 0.001565, -0.999999, 0.37472, 5.7e-05, 0.999999, 0.001565, 0.0, 0.0, 0.0, 0.0, 1.0],
                [1.0, -5.7e-05, 5.7e-05, 0.0, 5.7e-05, 0.001565, -0.999999, 0.37472, 5.7e-05, 0.999999, 0.001565, 0.0, 0.0, 0.0, 0.0, 1.0],
                [1.0, -5.7e-05, 5.7e-05, 0.0, 5.7e-05, 0.001565, -0.999999, 0.374721, 5.7e-05, 0.999999, 0.001565, 0.0, 0.0, 0.0, 0.0, 1.0],
                [1.0, -5.7e-05, 5.7e-05, 0.0, 5.7e-05, 0.001565, -0.999999, 0.37472, 5.7e-05, 0.999999, 0.001565, -0.0, 0.0, 0.0, 0.0, 1.0],
                [1.0, -5.7e-05, 5.7e-05, 0.0, 5.7e-05, 0.001565, -0.999999, 0.374721, 5.7e-05, 0.999999, 0.001565, 0.0, 0.0, 0.0, 0.0, 1.0],
                [1.0, -5.7e-05, 5.7e-05, 0.0, 5.7e-05, 0.001565, -0.999999, 0.374721, 5.7e-05, 0.999999, 0.001565, -0.0, 0.0, 0.0, 0.0, 1.0],
                [1.0, -5.7e-05, 5.7e-05, 0.0, 5.7e-05, 0.001565, -0.999999, 0.37472, 5.7e-05, 0.999999, 0.001565, -0.0, 0.0, 0.0, 0.0, 1.0],
                [1.0, -5.7e-05, 5.7e-05, 0.0, 5.7e-05, 0.001565, -0.999999, 0.374721, 5.7e-05, 0.999999, 0.001565, -1e-06, 0.0, 0.0, 0.0, 1.0],
                [1.0, -5.7e-05, 5.7e-05, -0.0, 5.7e-05, 0.001565, -0.999999, 0.374721, 5.7e-05, 0.999999, 0.001565, 0.0, 0.0, 0.0, 0.0, 1.0],
                [1.0, -5.7e-05, 5.7e-05, 0.0, 5.7e-05, 0.001565, -0.999999, 0.374721, 5.7e-05, 0.999999, 0.001565, -0.0, 0.0, 0.0, 0.0, 1.0],
                [1.0, -5.7e-05, 5.7e-05, -1e-06, 5.7e-05, 0.001565, -0.999999, 0.398845, 5.7e-05, 0.999999, 0.001565, -3.9e-05, 0.0, 0.0, 0.0, 1.0],
                [1.0, -5.7e-05, 5.7e-05, -3e-06, 5.7e-05, 0.001565, -0.999999, 0.425211, 5.7e-05, 0.999999, 0.001565, -8e-05, 0.0, 0.0, 0.0, 1.0],
                [1.0, -5.7e-05, 5.7e-05, -4e-06, 5.7e-05, 0.001565, -0.999999, 0.44275, 5.7e-05, 0.999999, 0.001565, -0.000107, 0.0, 0.0, 0.0, 1.0],
                [1.0, -5.7e-05, 5.7e-05, -4e-06, 5.7e-05, 0.001565, -0.999999, 0.454251, 5.7e-05, 0.999999, 0.001565, -0.000125, 0.0, 0.0, 0.0, 1.0],
                [1.0, -5.7e-05, 5.7e-05, -5e-06, 5.7e-05, 0.001565, -0.999999, 0.461121, 5.7e-05, 0.999999, 0.001565, -0.000136, 0.0, 0.0, 0.0, 1.0],
                [1.0, -5.7e-05, 5.7e-05, -6e-06, 5.7e-05, 0.001565, -0.999999, 0.46472, 5.7e-05, 0.999999, 0.001565, -0.00014, 0.0, 0.0, 0.0, 1.0],
                [1.0, -5.7e-05, 5.7e-05, -5e-06, 5.7e-05, 0.001565, -0.999999, 0.464721, 5.7e-05, 0.999999, 0.001565, -0.00014, 0.0, 0.0, 0.0, 1.0],
                [1.0, -5.7e-05, 5.7e-05, -5e-06, 5.7e-05, 0.001565, -0.999999, 0.464721, 5.7e-05, 0.999999, 0.001565, -0.000141, 0.0, 0.0, 0.0, 1.0],
                [1.0, -5.7e-05, 5.7e-05, -5e-06, 5.7e-05, 0.001565, -0.999999, 0.46472, 5.7e-05, 0.999999, 0.001565, -0.000141, 0.0, 0.0, 0.0, 1.0],
