{
    "animation": [
        {
            "name": "Root",
            "time": [0.0, 0.0167, 0.0333, 0.05, 0.0667, 0.0833, 0.1, 0.1167, 0.1333, 0.15, 0.1667, 0.1833, 0.2, 0.2167, 0.2333, 0.25, 0.2667, 0.2833, 0.3, 0.3167, 0.3333, 0.35, 0.3667, 0.3833, 0.4, 0.4167, 0.4333, 0.45, 0.4667, 0.4833, 0.5, 0.5167, 0.5333, 0.55, 0.5667, 0.5833, 0.6, 0.6167, 0.6333, 0.65, 0.6667, 0.6833, 0.7, 0.7167, 0.7333, 0.75, 0.7667, 0.7833, 0.8, 0.8167, 0.8333, 0.85, 0.8667, 0.8833, 0.9, 0.9167, 0.9333, 0.95, 0.9667, 0.9833, 1.0, 1.0167, 1.0333, 1.05, 1.0667, 1.0833, 1.1, 1.1167, 1.1333, 1.15, 1.1667, 1.1833, 1.2, 1.2167, 1.2333, 1.25, 1.2667, 1.2833, 1.3, 1.3167, 1.3333, 1.35, 1.3667, 1.3833, 1.4, 1.4167, 1.4333, 1.45, 1.4667, 1.4833, 1.5, 1.5167, 1.5333, 1.55, 1.5667, 1.5833, 1.6, 1.6167, 1.6333, 1.65, 1.6667],
            "transform": [
                [0.744104, 0.0, -0.668064, -5e-06, -0.668064, 0.0, -0.744104, 0.120087, 0.0, 1.0, 0.0, 0.659848, 0.0, 0.0, 0.0, 1.0],
                [0.748179, -1.2e-05, -0.663496, -4e-06, -0.663496, 0.0, -0.748179, 0.123505, 9e-06, 1.0, -8e-06, 0.659848, 0.0, 0.0, 0.0, 1.0],
                [0.760422, -4.7e-05, -0.64943, -2e-06, -0.64943, 0.0, -0.760422, 0.133834, 3.6e-05, 1.0, -3.1e-05, 0.659848, 0.0, 0.0, 0.0, 1.0],
                [0.780486, -0.000107, -0.625173, 1e-06, -0.625173, 0.0, -0.780486, 0.151105, 8.4e-05, 1.0, -6.7e-05, 0.659848, 0.0, 0.0, 0.0, 1.0],
                [0.807473, -0.000191, -0.589905, 5e-06, -0.589905, 0.0, -0.807473, 0.175205, 0.000154, 1.0, -0.000113, 0.659848, 0.0, 0.0, 0.0, 1.0],
                [0.839856, -0.000299, -0.542809, 1e-05, -0.542809, 0.0, -0.839856, 0.205833, 0.000251, 1.0, -0.000162, 0.659848, 0.0, 0.0, 0.0, 1.0],
                [0.875466, -0.000431, -0.483279, 1.7e-05, -0.483279, 0.0, -0.875466, 0.242471, 0.000378, 1.0, -0.000208, 0.659848, 0.0, 0.0, 0.0, 1.0],
                [0.911561, -0.000587, -0.411164, 2.5e-05, -0.411165, 0.0, -0.911561, 0.284352, 0.000535, 1.0, -0.000242, 0.659848, 0.0, 0.0, 0.0, 1.0],
                [0.945013, -0.000767, -0.327031, 3.4e-05, -0.327031, 0.0, -0.945014, 0.330453, 0.000725, 1.0, -0.000251, 0.659848, 0.0, 0.0, 0.0, 1.0],
                [0.972633, -0.00097, -0.232343, 4.4e-05, -0.232343, 0.0, -0.972634, 0.379521, 0.000944, 1.0, -0.000225, 0.659848, 0.0, 0.0, 0.0, 1.0],
                [0.991578, -0.001196, -0.129509, 5.5e-05, -0.12951, 0.0, -0.991578, 0.430122, 0.001186, 0.999999, -0.000155, 0.659848, 0.0, 0.0, 0.0, 1.0],
                [0.999763, -0.001444, -0.021735, 6.8e-05, -0.021735, 0.0, -0.999764, 0.480722, 0.001444, 0.999999, -3.1e-05, 0.659848, 0.0, 0.0, 0.0, 1.0],
                [0.99618, -0.001713, 0.087312, 8.1e-05, 0.087312, 0.0, -0.996181, 0.529791, 0.001707, 0.999999, 0.00015, 0.659848, 0.0, 0.0, 0.0, 1.0],
                [0.981013, -0.002003, 0.193934, 9.6e-05, 0.193934, 0.0, -0.981015, 0.575892, 0.001965, 0.999998, 0.000388, 0.659848, 0.0, 0.0, 0.0, 1.0],
                [0.955545, -0.002311, 0.294838, 0.000111, 0.294838, 0.0, -0.955547, 0.617772, 0.002208, 0.999997, 0.000681, 0.659848, 0.0, 0.0, 0.0, 1.0],
                [0.921885, -0.002637, 0.387455, 0.000127, 0.387457, 0.0, -0.921888, 0.65441, 0.002431, 0.999997, 0.001022, 0.659848, 0.0, 0.0, 0.0, 1.0],
                [0.88261, -0.002979, 0.470096, 0.000144, 0.470098, 0.0, -0.882614, 0.685039, 0.002629, 0.999996, 0.0014, 0.659848, 0.0, 0.0, 0.0, 1.0],
                [0.840414, -0.003335, 0.541935, 0.000162, 0.541938, 0.0, -0.840418, 0.709138, 0.002803, 0.999994, 0.001807, 0.659848, 0.0, 0.0, 0.0, 1.0],
                [0.797822, -0.003704, 0.602882, 0.000181, 0.602886, 0.0, -0.797827, 0.72641, 0.002955, 0.999993, 0.002233, 0.659848, 0.0, 0.0, 0.0, 1.0],
                [0.757016, -0.004083, 0.653383, 0.0002, 0.653389, 0.0, -0.757023, 0.736739, 0.003091, 0.999992, 0.002668, 0.659849, 0.0, 0.0, 0.0, 1.0],
                [0.719747, -0.00447, 0.694222, 0.000219, 0.694229, 0.0, -0.719754, 0.740156, 0.003217, 0.99999, 0.003103, 0.659849, 0.0, 0.0, 0.0, 1.0],
                [0.684455, -0.004863, 0.729039, 0.000239, 0.729048, 0.0, -0.684463, 0.739726, 0.003328, 0.999988, 0.003545, 0.659849, 0.0, 0.0, 0.0, 1.0],
                [0.648975, -0.005259, 0.760792, 0.000258, 0.760802, 0.0, -0.648984, 0.738424, 0.003413, 0.999986, 0.004001, 0.659849, 0.0, 0.0, 0.0, 1.0],
                [0.613839, -0.005657, 0.789411, 0.000278, 0.789424, 0.0, -0.613849, 0.736253, 0.003473, 0.999984, 0.004466, 0.659849, 0.0, 0.0, 0.0, 1.0],
                [0.579606, -0.006054, 0.814874, 0.000298, 0.814889, 0.0, -0.579617, 0.733239, 0.003509, 0.999982, 0.004933, 0.659849, 0.0, 0.0, 0.0, 1.0],
                [0.546841, -0.006447, 0.837212, 0.000318, 0.837229, 0.0, -0.546852, 0.729449, 0.003526, 0.999979, 0.005398, 0.659849, 0.0, 0.0, 0.0, 1.0],
                [0.51608, -0.006834, 0.856513, 0.000337, 0.856533, 0.0, -0.516092, 0.724986, 0.003527, 0.999977, 0.005854, 0.659849, 0.0, 0.0, 0.0, 1.0],
                [0.487794, -0.007213, 0.872929, 0.000356, 0.872951, 0.0, -0.487807, 0.720003, 0.003519, 0.999974, 0.006297, 0.659849, 0.0, 0.0, 0.0, 1.0],
                [0.462344, -0.007582, 0.886668, 0.000374, 0.886694, 0.0, -0.462357, 0.714687, 0.003505, 0.999971, 0.006723, 0.65985, 0.0, 0.0, 0.0, 1.0],
                [0.439948, -0.007938, 0.897988, 0.000392, 0.898016, 0.0, -0.439962, 0.709257, 0.003492, 0.999968, 0.007128, 0.65985, 0.0, 0.0, 0.0, 1.0],
                [0.420665, -0.00828, 0.907178, 0.000409, 0.907209, 0.0, -0.42068, 0.703941, 0.003483, 0.999966, 0.007511, 0.65985, 0.0, 0.0, 0.0, 1.0],
                [0.404402, -0.008606, 0.914541, 0.000426, 0.914575, 0.0, -0.404417, 0.698957, 0.00348, 0.999963, 0.00787, 0.65985, 0.0, 0.0, 0.0, 1.0],
                [0.390938, -0.008914, 0.920374, 0.000441, 0.92041, 0.0, -0.390954, 0.694495, 0.003485, 0.99996, 0.008204, 0.65985, 0.0, 0.0, 0.0, 1.0],
                [0.379969, -0.009203, 0.924953, 0.000456, 0.924992, 0.0, -0.379985, 0.690705, 0.003497, 0.999958, 0.008513, 0.65985, 0.0, 0.0, 0.0, 1.0],
                [0.371146, -0.009472, 0.928526, 0.000469, 0.928568, 0.0, -0.371163, 0.687691, 0.003516, 0.999955, 0.008796, 0.65985, 0.0, 0.0, 0.0, 1.0],
                [0.364113, -0.00972, 0.931304, 0.000481, 0.931348, 0.0, -0.36413, 0.68552, 0.003539, 0.999953, 0.009053, 0.65985, 0.0, 0.0, 0.0, 1.0],
                [0.358533, -0.009946, 0.933464, 0.000493, 0.93351, 0.0, -0.358551, 0.684218, 0.003566, 0.999951, 0.009285, 0.659851, 0.0, 0.0, 0.0, 1.0],
                [0.354103, -0.010149, 0.935151, 0.000503, 0.9352, 0.0, -0.354121, 0.683788, 0.003594, 0.999949, 0.009492, 0.659851, 0.0, 0.0, 0.0, 1.0],
                [0.350411, -0.010329, 0.936539, 0.000512, 0.936589, 0.0, -0.350429, 0.687944, 0.00362, 0.999947, 0.009674, 0.659851, 0.0, 0.0, 0.0, 1.0],
                [0.347314, -0.010485, 0.93769, 0.00052, 0.937742, 0.0, -0.347334, 0.700351, 0.003642, 0.999945, 0.009833, 0.659851, 0.0, 0.0, 0.0, 1.0],
                [0.344927, -0.010618, 0.938569, 0.000526, 0.938622, 0.0, -0.344946, 0.719884, 0.003662, 0.999944, 0.009966, 0.659851, 0.0, 0.0, 0.0, 1.0],
                [0.343294, -0.010726, 0.939167, 0.000532, 0.939221, 0.0, -0.343313, 0.743678, 0.003682, 0.999942, 0.010074, 0.659851, 0.0, 0.0, 0.0, 1.0],
                [0.342344, -0.010809, 0.939512, 0.000536, 0.939567, 0.0, -0.342364, 0.767471, 0.003701, 0.999942, 0.010156, 0.659851, 0.0, 0.0, 0.0, 1.0],
                [0.341903, -0.010869, 0.939672, 0.000539, 0.939728, 0.0, -0.341924, 0.787004, 0.003716, 0.999941, 0.010214, 0.659851, 0.0, 0.0, 0.0, 1.0],
                [0.341763, -0.010905, 0.939723, 0.000541, 0.939779, 0.0, -0.341783, 0.799411, 0.003727, 0.999941, 0.010248, 0.659851, 0.0, 0.0, 0.0, 1.0],
                [0.341745, -0.010917, 0.939729, 0.000541, 0.939785, 0.0, -0.341766, 0.803567, 0.003731, 0.99994, 0.010259, 0.659851, 0.0, 0.0, 0.0, 1.0],
                [0.341747, -0.010917, 0.939728, 0.000541, 0.939784, 0.0, -0.341768, 0.803567, 0.003731, 0.99994, 0.010259, 0.659851, 0.0, 0.0, 0.0, 1.0],
                [0.341762, -0.010917, 0.939723, 0.000541, 0.939779, 0.0, -0.341782, 0.803567, 0.003731, 0.99994, 0.010259, 0.659851, 0.0, 0.0, 0.0, 1.0],
                [0.341803, -0.010917, 0.939708, 0.000541, 0.939764, 0.0, -0.341824, 0.803567, 0.003732, 0.99994, 0.010259, 0.659851, 0.0, 0.0, 0.0, 1.0],
                [0.341889, -0.010917, 0.939677, 0.000541, 0.939733, 0.0, -0.341909, 0.803567, 0.003732, 0.99994, 0.010259, 0.659851, 0.0, 0.0, 0.0, 1.0],
                [0.342037, -0.010917, 0.939623, 0.000541, 0.939679, 0.0, -0.342058, 0.803567, 0.003734, 0.99994, 0.010258, 0.659851, 0.0, 0.0, 0.0, 1.0],
                [0.342271, -0.010917, 0.939538, 0.000541, 0.939594, 0.0, -0.342291, 0.803567, 0.003737, 0.99994, 0.010257, 0.659851, 0.0, 0.0, 0.0, 1.0],
                [0.342614, -0.010917, 0.939413, 0.000541, 0.939469, 0.0, -0.342634, 0.803567, 0.00374, 0.99994, 0.010256, 0.659851, 0.0, 0.0, 0.0, 1.0],
                [0.343092, -0.010917, 0.939238, 0.000541, 0.939294, 0.0, -0.343112, 0.803567, 0.003746, 0.99994, 0.010254, 0.659851, 0.0, 0.0, 0.0, 1.0],
                [0.343731, -0.010917, 0.939005, 0.000541, 0.939061, 0.0, -0.343752, 0.803567, 0.003753, 0.99994, 0.010251, 0.659851, 0.0, 0.0, 0.0, 1.0],
                [0.344559, -0.010917, 0.938701, 0.000541, 0.938757, 0.0, -0.34458, 0.803567, 0.003762, 0.99994, 0.010248, 0.659851, 0.0, 0.0, 0.0, 1.0],
                [0.345602, -0.010917, 0.938318, 0.000541, 0.938373, 0.0, -0.345623, 0.803567, 0.003773, 0.99994, 0.010244, 0.659851, 0.0, 0.0, 0.0, 1.0],
                [0.346884, -0.010917, 0.937844, 0.000541, 0.9379, 0.0, -0.346905, 0.803567, 0.003787, 0.99994, 0.010239, 0.659851, 0.0, 0.0, 0.0, 1.0],
                [0.348425, -0.010917, 0.937273, 0.000541, 0.937329, 0.0, -0.348446, 0.803567, 0.003804, 0.99994, 0.010232, 0.659851, 0.0, 0.0, 0.0, 1.0],
                [0.350242, -0.010917, 0.936596, 0.000541, 0.936651, 0.0, -0.350263, 0.803567, 0.003824, 0.99994, 0.010225, 0.659851, 0.0, 0.0, 0.0, 1.0],
                [0.352346, -0.010917, 0.935806, 0.000541, 0.935862, 0.0, -0.352367, 0.803567, 0.003847, 0.99994, 0.010216, 0.659851, 0.0, 0.0, 0.0, 1.0],
                [0.354744, -0.010917, 0.9349, 0.000541, 0.934956, 0.0, -0.354765, 0.803567, 0.003873, 0.99994, 0.010207, 0.659851, 0.0, 0.0, 0.0, 1.0],
                [0.357435, -0.010917, 0.933874, 0.000541, 0.93393, 0.0, -0.357456, 0.803567, 0.003902, 0.99994, 0.010195, 0.659851, 0.0, 0.0, 0.0, 1.0],
                [0.360415, -0.010917, 0.932728, 0.000541, 0.932784, 0.0, -0.360437, 0.803567, 0.003935, 0.99994, 0.010183, 0.659851, 0.0, 0.0, 0.0, 1.0],
                [0.363677, -0.010917, 0.931461, 0.000541, 0.931517, 0.0, -0.363699, 0.803567, 0.00397, 0.99994, 0.010169, 0.659851, 0.0, 0.0, 0.0, 1.0],
                [0.367208, -0.010917, 0.930075, 0.000541, 0.93013, 0.0, -0.36723, 0.803567, 0.004009, 0.99994, 0.010154, 0.659851, 0.0, 0.0, 0.0, 1.0],
                [0.370994, -0.010917, 0.928571, 0.000541, 0.928626, 0.0, -0.371016, 0.803567, 0.00405, 0.99994, 0.010137, 0.659851, 0.0, 0.0, 0.0, 1.0],
                [0.375019, -0.010917, 0.926953, 0.000541, 0.927008, 0.0, -0.375041, 0.803567, 0.004094, 0.99994, 0.01012, 0.659851, 0.0, 0.0, 0.0, 1.0],
                [0.379266, -0.010917, 0.925223, 0.000541, 0.925278, 0.0, -0.379289, 0.803567, 0.004141, 0.99994, 0.010101, 0.659851, 0.0, 0.0, 0.0, 1.0],
                [0.383718, -0.010917, 0.923386, 0.000541, 0.923441, 0.0, -0.383741, 0.803567, 0.004189, 0.99994, 0.010081, 0.659851, 0.0, 0.0, 0.0, 1.0],
                [0.388357, -0.010917, 0.921444, 0.000541, 0.921499, 0.0, -0.388381, 0.803567, 0.00424, 0.99994, 0.01006, 0.659851, 0.0, 0.0, 0.0, 1.0],
                [0.397141, -0.01089, 0.917693, 0.00054, 0.917747, 0.0, -0.397164, 0.801361, 0.004325, 0.999941, 0.009994, 0.659851, 0.0, 0.0, 0.0, 1.0],
                [0.41402, -0.010809, 0.910204, 0.000536, 0.910257, 0.0, -0.414044, 0.7947, 0.004476, 0.999942, 0.009839, 0.659851, 0.0, 0.0, 0.0, 1.0],
                [0.438848, -0.010675, 0.898498, 0.000529, 0.898549, 0.0, -0.438873, 0.783547, 0.004685, 0.999943, 0.009592, 0.659851, 0.0, 0.0, 0.0, 1.0],
                [0.471286, -0.010485, 0.881918, 0.00052, 0.881966, 0.0, -0.471312, 0.767896, 0.004942, 0.999945, 0.009248, 0.659851, 0.0, 0.0, 0.0, 1.0],
                [0.510767, -0.010242, 0.859658, 0.000508, 0.859703, 0.0, -0.510794, 0.747783, 0.005232, 0.999948, 0.008805, 0.659851, 0.0, 0.0, 0.0, 1.0],
                [0.556456, -0.009946, 0.830817, 0.000493, 0.830858, 0.0, -0.556484, 0.723295, 0.005535, 0.999951, 0.008264, 0.659851, 0.0, 0.0, 0.0, 1.0],
                [0.607222, -0.009599, 0.794474, 0.000475, 0.794511, 0.0, -0.60725, 0.694573, 0.005829, 0.999954, 0.007627, 0.65985, 0.0, 0.0, 0.0, 1.0],
                [0.661622, -0.009203, 0.749781, 0.000456, 0.749813, 0.0, -0.66165, 0.661826, 0.006089, 0.999958, 0.006901, 0.65985, 0.0, 0.0, 0.0, 1.0],
                [0.717915, -0.008762, 0.696075, 0.000433, 0.696102, 0.0, -0.717943, 0.625328, 0.006291, 0.999962, 0.006099, 0.65985, 0.0, 0.0, 0.0, 1.0],
                [0.774111, -0.00828, 0.632995, 0.000409, 0.633017, 0.0, -0.774138, 0.585429, 0.00641, 0.999966, 0.005241, 0.65985, 0.0, 0.0, 0.0, 1.0],
                [0.828057, -0.007761, 0.56059, 0.000383, 0.560607, 0.0, -0.828082, 0.542552, 0.006427, 0.99997, 0.004351, 0.65985, 0.0, 0.0, 0.0, 1.0],
                [0.877566, -0.007213, 0.479402, 0.000356, 0.479415, 0.0, -0.877588, 0.497191, 0.00633, 0.999974, 0.003458, 0.659849, 0.0, 0.0, 0.0, 1.0],
                [0.920577, -0.006641, 0.390504, 0.000327, 0.390513, 0.0, -0.920598, 0.449905, 0.006114, 0.999978, 0.002594, 0.659849, 0.0, 0.0, 0.0, 1.0],
                [0.95533, -0.006054, 0.295479, 0.000298, 0.295484, 0.0, -0.955348, 0.401303, 0.005784, 0.999982, 0.001789, 0.659849, 0.0, 0.0, 0.0, 1.0],
                [0.980521, -0.005458, 0.196337, 0.000268, 0.19634, 0.0, -0.980536, 0.352034, 0.005352, 0.999985, 0.001072, 0.659849, 0.0, 0.0, 0.0, 1.0],
                [0.995429, -0.004863, 0.095379, 0.000239, 0.09538, 0.0, -0.995441, 0.302764, 0.004841, 0.999988, 0.000464, 0.659849, 0.0, 0.0, 0.0, 1.0],
                [0.999978, -0.004275, -0.004986, 0.000209, -0.004986, 0.0, -0.999988, 0.254163, 0.004275, 0.999991, -2.1e-05, 0.659849, 0.0, 0.0, 0.0, 1.0],
                [0.994734, -0.003704, -0.102422, 0.000181, -0.102423, 0.0, -0.994741, 0.206876, 0.003684, 0.999993, -0.000379, 0.659848, 0.0, 0.0, 0.0, 1.0],
                [0.98083, -0.003155, -0.194842, 0.000153, -0.194843, 0.0, -0.980835, 0.161516, 0.003095, 0.999995, -0.000615, 0.659848, 0.0, 0.0, 0.0, 1.0],
                [0.959841, -0.002637, -0.280532, 0.000127, -0.280533, 0.0, -0.959844, 0.118639, 0.002531, 0.999997, -0.00074, 0.659848, 0.0, 0.0, 0.0, 1.0],
                [0.933631, -0.002155, -0.35823, 0.000103, -0.358231, 0.0, -0.933633, 0.07874, 0.002012, 0.999998, -0.000772, 0.659848, 0.0, 0.0, 0.0, 1.0],
                [0.904187, -0.001713, -0.427133, 8.1e-05, -0.427134, 0.0, -0.904189, 0.042242, 0.001549, 0.999999, -0.000732, 0.659848, 0.0, 0.0, 0.0, 1.0],
                [0.873474, -0.001318, -0.486868, 6.1e-05, -0.486869, 0.0, -0.873475, 0.009494, 0.001151, 0.999999, -0.000641, 0.659848, 0.0, 0.0, 0.0, 1.0],
                [0.843317, -0.00097, -0.537416, 4.4e-05, -0.537416, 0.0, -0.843317, -0.019227, 0.000818, 1.0, -0.000521, 0.659848, 0.0, 0.0, 0.0, 1.0],
                [0.815315, -0.000674, -0.579017, 2.9e-05, -0.579017, 0.0, -0.815315, -0.043716, 0.00055, 1.0, -0.00039, 0.659848, 0.0, 0.0, 0.0, 1.0],
                [0.790798, -0.000431, -0.612077, 1.7e-05, -0.612077, 0.0, -0.790798, -0.063829, 0.000341, 1.0, -0.000264, 0.659848, 0.0, 0.0, 0.0, 1.0],
                [0.770803, -0.000242, -0.637073, 7e-06, -0.637073, 0.0, -0.770804, -0.07948, 0.000187, 1.0, -0.000154, 0.659848, 0.0, 0.0, 0.0, 1.0],
                [0.756081, -0.000107, -0.654478, 1e-06, -0.654478, 0.0, -0.756081, -0.090633, 8.1e-05, 1.0, -7e-05, 0.659848, 0.0, 0.0, 0.0, 1.0],
                [0.747106, -2.7e-05, -0.664705, -3e-06, -0.664705, 0.0, -0.747106, -0.097293, 2e-05, 1.0, -1.8e-05, 0.659848, 0.0, 0.0, 0.0, 1.0],
                [0.744104, 0.0, -0.668064, -5e-06, -0.668064, 0.0, -0.744104, -0.0995, 0.0, 1.0, 0.0, 0.659848, 0.0, 0.0, 0.0, 1.0]
            ]
        },
        {
            "name": "Thigh_R",
            "time": [0.0, 0.0167, 0.0333, 0.05, 0.0667, 0.0833, 0.1, 0.1167, 0.1333, 0.15, 0.1667, 0.1833, 0.2, 0.2167, 0.2333, 0.25, 0.2667, 0.2833, 0.3, 0.3167, 0.3333, 0.35, 0.3667, 0.3833, 0.4, 0.4167, 0.4333, 0.45, 0.4667, 0.4833, 0.5, 0.5167, 0.5333, 0.55, 0.5667, 0.5833, 0.6, 0.6167, 0.6333, 0.65, 0.6667, 0.6833, 0.7, 0.7167, 0.7333, 0.75, 0.7667, 0.7833, 0.8, 0.8167, 0.8333, 0.85, 0.8667, 0.8833, 0.9, 0.9167, 0.9333, 0.95, 0.9667, 0.9833, 1.0, 1.0167, 1.0333, 1.05, 1.0667, 1.0833, 1.1, 1.1167, 1.1333, 1.15, 1.1667, 1.1833, 1.2, 1.2167, 1.2333, 1.25, 1.2667, 1.2833, 1.3, 1.3167, 1.3333, 1.35, 1.3667, 1.3833, 1.4, 1.4167, 1.4333, 1.45, 1.4667, 1.4833, 1.5, 1.5167, 1.5333, 1.55, 1.5667, 1.5833, 1.6, 1.6167, 1.6333, 1.65, 1.6667],
            "transform": [
                [0.852411, 0.444216, -0.275803, 0.124994, 0.316264, -0.858076, -0.404578, -0.002831, -0.41638, 0.25764, -0.871923, -1.2e-05, 0.0, 0.0, 0.0, 1.0],
                [0.854759, 0.441322, -0.27317, 0.124994, 0.314298, -0.858955, -0.404244, -0.002831, -0.413043, 0.259675, -0.872906, -1.2e-05, 0.0, 0.0, 0.0, 1.0],
                [0.861297, 0.424916, -0.278591, 0.124994, 0.309307, -0.873475, -0.375993, -0.002831, -0.403108, 0.237671, -0.883751, -1.2e-05, 0.0, 0.0, 0.0, 1.0],
                [0.871636, 0.391477, -0.294951, 0.124994, 0.301704, -0.902756, -0.306603, -0.002831, -0.386297, 0.178259, -0.904985, -1.2e-05, 0.0, 0.0, 0.0, 1.0],
                [0.886154, 0.358348, -0.293797, 0.124994, 0.289456, -0.923167, -0.252938, -0.002831, -0.361864, 0.1391, -0.921795, -1.2e-05, 0.0, 0.0, 0.0, 1.0],
                [0.903562, 0.322596, -0.281969, 0.124994, 0.273308, -0.940791, -0.200535, -0.002831, -0.329966, 0.104131, -0.938232, -1.2e-05, 0.0, 0.0, 0.0, 1.0],
                [0.922455, 0.28501, -0.260472, 0.124994, 0.253791, -0.955985, -0.147249, -0.002831, -0.290975, 0.069726, -0.954187, -1.2e-05, 0.0, 0.0, 0.0, 1.0],
                [0.941242, 0.247181, -0.23014, 0.124994, 0.231663, -0.968377, -0.09261, -0.002831, -0.245753, 0.033854, -0.968741, -1.2e-05, 0.0, 0.0, 0.0, 1.0],
                [0.958337, 0.211097, -0.192428, 0.124994, 0.208006, -0.977451, -0.036364, -0.002831, -0.195766, -0.005178, -0.980637, -1.2e-05, 0.0, 0.0, 0.0, 1.0],
                [0.972422, 0.179049, -0.149453, 0.124994, 0.184213, -0.982655, 0.021339, -0.002831, -0.14304, -0.048282, -0.988538, -1.2e-05, 0.0, 0.0, 0.0, 1.0],
                [0.982692, 0.153349, -0.103924, 0.124994, 0.16194, -0.983555, 0.079965, -0.002831, -0.089953, -0.09541, -0.991365, -1.2e-05, 0.0, 0.0, 0.0, 1.0],
                [0.988962, 0.135971, -0.05888, 0.124994, 0.142998, -0.979931, 0.138879, -0.002831, -0.038815, -0.145766, -0.988558, -1.2e-05, 0.0, 0.0, 0.0, 1.0],
                [0.991588, 0.128301, -0.017092, 0.124994, 0.129147, -0.971907, 0.196765, -0.002831, 0.008633, -0.197318, -0.980301, -1.2e-05, 0.0, 0.0, 0.0, 1.0],
                [0.991197, 0.130961, 0.019424, 0.124994, 0.121885, -0.959933, 0.252334, -0.002831, 0.051692, -0.247745, -0.967445, -1.2e-05, 0.0, 0.0, 0.0, 1.0],
                [0.988338, 0.143852, 0.049947, 0.124994, 0.122155, -0.944815, 0.30398, -0.002831, 0.090919, -0.294333, -0.951369, -1.2e-05, 0.0, 0.0, 0.0, 1.0],
                [0.983201, 0.166329, 0.075159, 0.124994, 0.130115, -0.927497, 0.350455, -0.002831, 0.128001, -0.334789, -0.933559, -1.2e-05, 0.0, 0.0, 0.0, 1.0],
                [0.97553, 0.197345, 0.096934, 0.124994, 0.145021, -0.908913, 0.390956, -0.002831, 0.165258, -0.367332, -0.915291, -1.2e-05, 0.0, 0.0, 0.0, 1.0],
                [0.964708, 0.235518, 0.117768, 0.124994, 0.165299, -0.889791, 0.425379, -0.002831, 0.204974, -0.3909, -0.89732, -1.2e-05, 0.0, 0.0, 0.0, 1.0],
                [0.949976, 0.279134, 0.140103, 0.124994, 0.188801, -0.87059, 0.454342, -0.002831, 0.248795, -0.405163, -0.879741, -1.2e-05, 0.0, 0.0, 0.0, 1.0],
                [0.930666, 0.326164, 0.165765, 0.124994, 0.213126, -0.851557, 0.478986, -0.002831, 0.297386, -0.410447, -0.862029, -1.2e-05, 0.0, 0.0, 0.0, 1.0],
                [0.906406, 0.374359, 0.195659, 0.124994, 0.235921, -0.832881, 0.500649, -0.002831, 0.350383, -0.407632, -0.843248, -1.2e-05, 0.0, 0.0, 0.0, 1.0],
                [0.877995, 0.420902, 0.227961, 0.124994, 0.256256, -0.815554, 0.518848, -0.002831, 0.404299, -0.39713, -0.823912, -1.2e-05, 0.0, 0.0, 0.0, 1.0],
                [0.846666, 0.463776, 0.260899, 0.124994, 0.274465, -0.800656, 0.532559, -0.002831, 0.455878, -0.379292, -0.805178, -1.2e-05, 0.0, 0.0, 0.0, 1.0],
                [0.813172, 0.501854, 0.294779, 0.124994, 0.290333, -0.788721, 0.541872, -0.002831, 0.504439, -0.355051, -0.78707, -1.2e-05, 0.0, 0.0, 0.0, 1.0],
                [0.77841, 0.534207, 0.329697, 0.124994, 0.303754, -0.780145, 0.546907, -0.002831, 0.549373, -0.325572, -0.769541, -1.2e-05, 0.0, 0.0, 0.0, 1.0],
                [0.743375, 0.560186, 0.365493, 0.124994, 0.31474, -0.775111, 0.547851, -0.002831, 0.590196, -0.292224, -0.752511, -1.2e-05, 0.0, 0.0, 0.0, 1.0],
                [0.709086, 0.579353, 0.40193, 0.124994, 0.3234, -0.773737, 0.544743, -0.002831, 0.626586, -0.256285, -0.736008, -1.2e-05, 0.0, 0.0, 0.0, 1.0],
                [0.676496, 0.591612, 0.438574, 0.124994, 0.329931, -0.77589, 0.537717, -0.00283, 0.658406, -0.219064, -0.720078, -1.2e-05, 0.0, 0.0, 0.0, 1.0],
                [0.646418, 0.597113, 0.474974, 0.124994, 0.334591, -0.781318, 0.52687, -0.002831, 0.685706, -0.181656, -0.704846, -1.2e-05, 0.0, 0.0, 0.0, 1.0],
                [0.619452, 0.596194, 0.510717, 0.124994, 0.337667, -0.789661, 0.512266, -0.002831, 0.708703, -0.144872, -0.690472, -1.2e-05, 0.0, 0.0, 0.0, 1.0],
                [0.595958, 0.589196, 0.545603, 0.124994, 0.339444, -0.800594, 0.493789, -0.002831, 0.727744, -0.109076, -0.677119, -1.2e-05, 0.0, 0.0, 0.0, 1.0],
                [0.576057, 0.576247, 0.579738, 0.124994, 0.340181, -0.813909, 0.470987, -0.002831, 0.743259, -0.0741, -0.664887, -1.2e-05, 0.0, 0.0, 0.0, 1.0],
                [0.559712, 0.555939, 0.614535, 0.124994, 0.340033, -0.830347, 0.441475, -0.002831, 0.755711, -0.038137, -0.653794, -1.2e-05, 0.0, 0.0, 0.0, 1.0],
                [0.547344, 0.503859, 0.668237, 0.124994, 0.338072, -0.863528, 0.374201, -0.002831, 0.765586, 0.021095, -0.642987, -1.2e-05, 0.0, 0.0, 0.0, 1.0],
                [0.536185, 0.507672, 0.674369, 0.124994, 0.338487, -0.861188, 0.379184, -0.002831, 0.77326, 0.024953, -0.633597, -1.2e-05, 0.0, 0.0, 0.0, 1.0],
                [0.527562, 0.510014, 0.679385, 0.124994, 0.338704, -0.859697, 0.382361, -0.002831, 0.779075, 0.028391, -0.626287, -1.2e-05, 0.0, 0.0, 0.0, 1.0],
                [0.521113, 0.51116, 0.683489, 0.124994, 0.338834, -0.858909, 0.384013, -0.002831, 0.783347, 0.031475, -0.620787, -1.2e-05, 0.0, 0.0, 0.0, 1.0],
                [0.516504, 0.511346, 0.686839, 0.124994, 0.338967, -0.858691, 0.384385, -0.002831, 0.786336, 0.03428, -0.616847, -1.2e-05, 0.0, 0.0, 0.0, 1.0],
                [0.514006, 0.507267, 0.691721, 0.124994, 0.338407, -0.860914, 0.379878, -0.002831, 0.788212, 0.038823, -0.614178, -1.2e-05, 0.0, 0.0, 0.0, 1.0],
                [0.512503, 0.55755, 0.653053, 0.124994, 0.339146, -0.830126, 0.442572, -0.002831, 0.788873, -0.005339, -0.614533, -1.2e-05, 0.0, 0.0, 0.0, 1.0],
                [0.513718, 0.596094, 0.617061, 0.124994, 0.338296, -0.801685, 0.492804, -0.002831, 0.788447, -0.044413, -0.613497, -1.2e-05, 0.0, 0.0, 0.0, 1.0],
                [0.517653, 0.614411, 0.595427, 0.124994, 0.335684, -0.785973, 0.519194, -0.002831, 0.786988, -0.068887, -0.61311, -1.2e-05, 0.0, 0.0, 0.0, 1.0],
                [0.52307, 0.621385, 0.583333, 0.124994, 0.332228, -0.778946, 0.531852, -0.002831, 0.78487, -0.084396, -0.613885, -1.2e-05, 0.0, 0.0, 0.0, 1.0],
                [0.528387, 0.62204, 0.577818, 0.124994, 0.328891, -0.777411, 0.536155, -0.002831, 0.782712, -0.093258, -0.615357, -1.2e-05, 0.0, 0.0, 0.0, 1.0],
                [0.532145, 0.62067, 0.575839, 0.124994, 0.32655, -0.777974, 0.53677, -0.002831, 0.781144, -0.0976, -0.616675, -1.2e-05, 0.0, 0.0, 0.0, 1.0],
                [0.533476, 0.619941, 0.575392, 0.124994, 0.325727, -0.778393, 0.536662, -0.002831, 0.78058, -0.098876, -0.617186, -1.2e-05, 0.0, 0.0, 0.0, 1.0],
                [0.533478, 0.619941, 0.57539, 0.124994, 0.325726, -0.778393, 0.536662, -0.002831, 0.780579, -0.098878, -0.617187, -1.2e-05, 0.0, 0.0, 0.0, 1.0],
                [0.533492, 0.61994, 0.575379, 0.124994, 0.325725, -0.778393, 0.536664, -0.002831, 0.78057, -0.098891, -0.617196, -1.2e-05, 0.0, 0.0, 0.0, 1.0],
                [0.533533, 0.619935, 0.575346, 0.124994, 0.325721, -0.778391, 0.536668, -0.002831, 0.780544, -0.098928, -0.617223, -1.2e-05, 0.0, 0.0, 0.0, 1.0],
                [0.533616, 0.619926, 0.575278, 0.124994, 0.325712, -0.778388, 0.536677, -0.002831, 0.78049, -0.099005, -0.617278, -1.2e-05, 0.0, 0.0, 0.0, 1.0],
                [0.533762, 0.619912, 0.575159, 0.124994, 0.325696, -0.778383, 0.536695, -0.002831, 0.780397, -0.09914, -0.617374, -1.2e-05, 0.0, 0.0, 0.0, 1.0],
                [0.53399, 0.619888, 0.574972, 0.124994, 0.325672, -0.778375, 0.536721, -0.002831, 0.780251, -0.099351, -0.617525, -1.2e-05, 0.0, 0.0, 0.0, 1.0],
                [0.534325, 0.619853, 0.574698, 0.124994, 0.325637, -0.778363, 0.536759, -0.002831, 0.780036, -0.099661, -0.617746, -1.2e-05, 0.0, 0.0, 0.0, 1.0],
                [0.534792, 0.619804, 0.574317, 0.124994, 0.325588, -0.778347, 0.536814, -0.002831, 0.779737, -0.100093, -0.618055, -1.2e-05, 0.0, 0.0, 0.0, 1.0],
                [0.535416, 0.619739, 0.573806, 0.124994, 0.325522, -0.778324, 0.536886, -0.002831, 0.779336, -0.100671, -0.618466, -1.2e-05, 0.0, 0.0, 0.0, 1.0],
                [0.536225, 0.619653, 0.573143, 0.124994, 0.325436, -0.778295, 0.536979, -0.002831, 0.778816, -0.10142, -0.618999, -1.2e-05, 0.0, 0.0, 0.0, 1.0],
                [0.537242, 0.619543, 0.572308, 0.124994, 0.325329, -0.778259, 0.537096, -0.002831, 0.778159, -0.102363, -0.619669, -1.2e-05, 0.0, 0.0, 0.0, 1.0],
                [0.538492, 0.619406, 0.571281, 0.124994, 0.325197, -0.778215, 0.537241, -0.002831, 0.77735, -0.103522, -0.620492, -1.2e-05, 0.0, 0.0, 0.0, 1.0],
                [0.539994, 0.619239, 0.570043, 0.124994, 0.325038, -0.778161, 0.537415, -0.002831, 0.776374, -0.104915, -0.621479, -1.2e-05, 0.0, 0.0, 0.0, 1.0],
                [0.541763, 0.619038, 0.56858, 0.124994, 0.324851, -0.778098, 0.53762, -0.002831, 0.775219, -0.106559, -0.62264, -1.2e-05, 0.0, 0.0, 0.0, 1.0],
                [0.54381, 0.6188, 0.566884, 0.124994, 0.324634, -0.778025, 0.537857, -0.002831, 0.773876, -0.108462, -0.623981, -1.2e-05, 0.0, 0.0, 0.0, 1.0],
                [0.546139, 0.618521, 0.564946, 0.124994, 0.324388, -0.777941, 0.538126, -0.002831, 0.772337, -0.11063, -0.625505, -1.2e-05, 0.0, 0.0, 0.0, 1.0],
                [0.54875, 0.618199, 0.562765, 0.124994, 0.324111, -0.777847, 0.538428, -0.002831, 0.770601, -0.113064, -0.627209, -1.2e-05, 0.0, 0.0, 0.0, 1.0],
                [0.551637, 0.61783, 0.560341, 0.124994, 0.323805, -0.777744, 0.538762, -0.002831, 0.768665, -0.11576, -0.629089, -1.2e-05, 0.0, 0.0, 0.0, 1.0],
                [0.554792, 0.617414, 0.557679, 0.124994, 0.323471, -0.777629, 0.539128, -0.002831, 0.766532, -0.118711, -0.631138, -1.2e-05, 0.0, 0.0, 0.0, 1.0],
                [0.558201, 0.616947, 0.554786, 0.124994, 0.323109, -0.777505, 0.539523, -0.002831, 0.764206, -0.121906, -0.633346, -1.2e-05, 0.0, 0.0, 0.0, 1.0],
                [0.561849, 0.616428, 0.551672, 0.124994, 0.322722, -0.777373, 0.539946, -0.002831, 0.761693, -0.125332, -0.635701, -1.2e-05, 0.0, 0.0, 0.0, 1.0],
                [0.565719, 0.615855, 0.548347, 0.124994, 0.32231, -0.777231, 0.540395, -0.002831, 0.758998, -0.128974, -0.638191, -1.2e-05, 0.0, 0.0, 0.0, 1.0],
                [0.569793, 0.615225, 0.544824, 0.124994, 0.321877, -0.777082, 0.540868, -0.002831, 0.756129, -0.132817, -0.640803, -1.2e-05, 0.0, 0.0, 0.0, 1.0],
                [0.574054, 0.61454, 0.541112, 0.124994, 0.321423, -0.776926, 0.541363, -0.002831, 0.753093, -0.136845, -0.643525, -1.2e-05, 0.0, 0.0, 0.0, 1.0],
                [0.578482, 0.613797, 0.537225, 0.124994, 0.320951, -0.776762, 0.541877, -0.002831, 0.749899, -0.141043, -0.646343, -1.2e-05, 0.0, 0.0, 0.0, 1.0],
                [0.585122, 0.612603, 0.531366, 0.124994, 0.319029, -0.776296, 0.543676, -0.002831, 0.745555, -0.148595, -0.649666, -1.2e-05, 0.0, 0.0, 0.0, 1.0],
                [0.596028, 0.610296, 0.521813, 0.124994, 0.314221, -0.77531, 0.547868, -0.002831, 0.738928, -0.16258, -0.653875, -1.2e-05, 0.0, 0.0, 0.0, 1.0],
                [0.611175, 0.606371, 0.508704, 0.124994, 0.306591, -0.773906, 0.55414, -0.002831, 0.729703, -0.182712, -0.6589, -1.2e-05, 0.0, 0.0, 0.0, 1.0],
                [0.630486, 0.599947, 0.492495, 0.124994, 0.296286, -0.772467, 0.561702, -0.002831, 0.717427, -0.208226, -0.664786, -1.2e-05, 0.0, 0.0, 0.0, 1.0],
                [0.653797, 0.59018, 0.473537, 0.124994, 0.283568, -0.771314, 0.569793, -0.002831, 0.701526, -0.238249, -0.671639, -1.2e-05, 0.0, 0.0, 0.0, 1.0],
                [0.680823, 0.576192, 0.452198, 0.124994, 0.268815, -0.770859, 0.577508, -0.002831, 0.681336, -0.271623, -0.679707, -1.2e-05, 0.0, 0.0, 0.0, 1.0],
                [0.711121, 0.557303, 0.428627, 0.124994, 0.252527, -0.77143, 0.584058, -0.002831, 0.656153, -0.307096, -0.689315, -1.2e-05, 0.0, 0.0, 0.0, 1.0],
                [0.744068, 0.532945, 0.402905, 0.124994, 0.235312, -0.773464, 0.588541, -0.002831, 0.625293, -0.343106, -0.700918, -1.2e-05, 0.0, 0.0, 0.0, 1.0],
                [0.778836, 0.502989, 0.374723, 0.124994, 0.217865, -0.77717, 0.590374, -0.002831, 0.588175, -0.378165, -0.714872, -1.2e-05, 0.0, 0.0, 0.0, 1.0],
                [0.814404, 0.467654, 0.343576, 0.124994, 0.200931, -0.782697, 0.589077, -0.002831, 0.5444, -0.410712, -0.731398, -1.2e-05, 0.0, 0.0, 0.0, 1.0],
                [0.849591, 0.427656, 0.308715, 0.124994, 0.185256, -0.789966, 0.584494, -0.002831, 0.493836, -0.439389, -0.750375, -1.2e-05, 0.0, 0.0, 0.0, 1.0],
                [0.883118, 0.38403, 0.269489, 0.124994, 0.171526, -0.798943, 0.576428, -0.002831, 0.436671, -0.46283, -0.771432, -1.2e-05, 0.0, 0.0, 0.0, 1.0],
                [0.913688, 0.33828, 0.225258, 0.124994, 0.160329, -0.809318, 0.565065, -0.002831, 0.373456, -0.480177, -0.7937, -1.2e-05, 0.0, 0.0, 0.0, 1.0],
                [0.940094, 0.292131, 0.175734, 0.124994, 0.152108, -0.82075, 0.550665, -0.002831, 0.3051, -0.490947, -0.816018, -1.2e-05, 0.0, 0.0, 0.0, 1.0],
                [0.961322, 0.24739, 0.121071, 0.124994, 0.147128, -0.83285, 0.533586, -0.002831, 0.232838, -0.495135, -0.837035, -1.2e-05, 0.0, 0.0, 0.0, 1.0],
                [0.976641, 0.205759, 0.061932, 0.124994, 0.145462, -0.84522, 0.514241, -0.002831, 0.158156, -0.49322, -0.855407, -1.2e-05, 0.0, 0.0, 0.0, 1.0],
                [0.985674, 0.168661, -0.000541, 0.124994, 0.146996, -0.857478, 0.493075, -0.002831, 0.082698, -0.486091, -0.869986, -1.2e-05, 0.0, 0.0, 0.0, 1.0],
                [0.988433, 0.137101, -0.064834, 0.124994, 0.151439, -0.869283, 0.470545, -0.002831, 0.008153, -0.474921, -0.879991, -1.2e-05, 0.0, 0.0, 0.0, 1.0],
                [0.985315, 0.111603, -0.129225, 0.124994, 0.158353, -0.880347, 0.447115, -0.002831, -0.063864, -0.461013, -0.885092, -1.2e-05, 0.0, 0.0, 0.0, 1.0],
                [0.97706, 0.092212, -0.191966, 0.124994, 0.167198, -0.890444, 0.423267, -0.002831, -0.131905, -0.445653, -0.885434, -1.2e-05, 0.0, 0.0, 0.0, 1.0],
                [0.964678, 0.07855, -0.251446, 0.124994, 0.177366, -0.899413, 0.399497, -0.002831, -0.194773, -0.429984, -0.881576, -1.2e-05, 0.0, 0.0, 0.0, 1.0],
                [0.94936, 0.06992, -0.306311, 0.124994, 0.188233, -0.907165, 0.376325, -0.002831, -0.251562, -0.414926, -0.874388, -1.2e-05, 0.0, 0.0, 0.0, 1.0],
                [0.932371, 0.065415, -0.355536, 0.124994, 0.1992, -0.913676, 0.354282, -0.002831, -0.30167, -0.401145, -0.864915, -1.2e-05, 0.0, 0.0, 0.0, 1.0],
                [0.91496, 0.064035, -0.39843, 0.124994, 0.209718, -0.918982, 0.333901, -0.002831, -0.344769, -0.389064, -0.854261, -1.2e-05, 0.0, 0.0, 0.0, 1.0],
                [0.898284, 0.064781, -0.434614, 0.124994, 0.219317, -0.923166, 0.315695, -0.002831, -0.380769, -0.378902, -0.843474, -1.2e-05, 0.0, 0.0, 0.0, 1.0],
                [0.883345, 0.066768, -0.463944, 0.124994, 0.227612, -0.92637, 0.300053, -0.002831, -0.40975, -0.37065, -0.833501, -1.2e-05, 0.0, 0.0, 0.0, 1.0],
                [0.870955, 0.069114, -0.486478, 0.124994, 0.234317, -0.928654, 0.28757, -0.002831, -0.431895, -0.36445, -0.82501, -1.2e-05, 0.0, 0.0, 0.0, 1.0],
                [0.861724, 0.071247, -0.502349, 0.124994, 0.23922, -0.930189, 0.278429, -0.002831, -0.447443, -0.360101, -0.81861, -1.2e-05, 0.0, 0.0, 0.0, 1.0],
                [0.856055, 0.072701, -0.511746, 0.124994, 0.242197, -0.931063, 0.272878, -0.002831, -0.456629, -0.357541, -0.81465, -1.2e-05, 0.0, 0.0, 0.0, 1.0],
                [0.854152, 0.073213, -0.514844, 0.124994, 0.24319, -0.931345, 0.271024, -0.002831, -0.459655, -0.356701, -0.813315, -1.2e-05, 0.0, 0.0, 0.0, 1.0]
            ]
        },
        {
            "name": "Leg_R",
            "time": [0.0, 0.0167, 0.0333, 0.05, 0.0667, 0.0833, 0.1, 0.1167, 0.1333, 0.15, 0.1667, 0.1833, 0.2, 0.2167, 0.2333, 0.25, 0.2667, 0.2833, 0.3, 0.3167, 0.3333, 0.35, 0.3667, 0.3833, 0.4, 0.4167, 0.4333, 0.45, 0.4667, 0.4833, 0.5, 0.5167, 0.5333, 0.55, 0.5667, 0.5833, 0.6, 0.6167, 0.6333, 0.65, 0.6667, 0.6833, 0.7, 0.7167, 0.7333, 0.75, 0.7667, 0.7833, 0.8, 0.8167, 0.8333, 0.85, 0.8667, 0.8833, 0.9, 0.9167, 0.9333, 0.95, 0.9667, 0.9833, 1.0, 1.0167, 1.0333, 1.05, 1.0667, 1.0833, 1.1, 1.1167, 1.1333, 1.15, 1.1667, 1.1833, 1.2, 1.2167, 1.2333, 1.25, 1.2667, 1.2833, 1.3, 1.3167, 1.3333, 1.35, 1.3667, 1.3833, 1.4, 1.4167, 1.4333, 1.45, 1.4667, 1.4833, 1.5, 1.5167, 1.5333, 1.55, 1.5667, 1.5833, 1.6, 1.6167, 1.6333, 1.65, 1.6667],
            "transform": [
                [1.0, -1.6e-05, -0.000115, 0.0, 1.6e-05, 1.0, 0.000435, 0.374721, 0.000115, -0.000435, 1.0, 0.0, 0.0, 0.0, 0.0, 1.0],
                [1.0, -1.6e-05, -0.000115, 0.0, 1.6e-05, 1.0, 0.000435, 0.374721, 0.000115, -0.000435, 1.0, 0.0, 0.0, 0.0, 0.0, 1.0],
                [0.999997, -0.002301, -0.000188, -0.0, 0.002308, 0.998016, 0.062923, 0.374721, 4.2e-05, -0.062923, 0.998018, -0.0, 0.0, 0.0, 0.0, 1.0],
                [0.99997, -0.00775, -0.000946, 0.0, 0.007775, 0.977253, 0.211934, 0.374721, -0.000718, -0.211934, 0.977284, -0.0, 0.0, 0.0, 0.0, 1.0],
                [0.999931, -0.011554, -0.001988, 0.0, 0.01159, 0.948708, 0.315942, 0.374721, -0.001764, -0.315944, 0.948776, 0.0, 0.0, 0.0, 0.0, 1.0],
                [0.999884, -0.014882, -0.00328, 0.0, 0.014929, 0.913328, 0.406949, 0.374721, -0.00306, -0.406951, 0.913445, -0.0, 0.0, 0.0, 0.0, 1.0],
                [0.999829, -0.017864, -0.004776, 0.0, 0.017921, 0.872374, 0.48851, 0.374721, -0.004561, -0.488512, 0.872545, 0.0, 0.0, 0.0, 0.0, 1.0],
                [0.999769, -0.02051, -0.006409, -0.0, 0.020575, 0.827652, 0.560864, 0.374721, -0.006199, -0.560867, 0.827883, -0.0, 0.0, 0.0, 0.0, 1.0],
                [0.999707, -0.022828, -0.008117, 0.0, 0.0229, 0.780888, 0.624251, 0.374721, -0.007912, -0.624253, 0.781182, 0.0, 0.0, 0.0, 0.0, 1.0],
                [0.999644, -0.024822, -0.009832, -0.0, 0.0249, 0.733916, 0.678784, 0.374721, -0.009633, -0.678786, 0.734273, -0.0, 0.0, 0.0, 0.0, 1.0],
                [0.999583, -0.0265, -0.011487, -0.0, 0.026583, 0.688599, 0.724655, 0.374721, -0.011293, -0.724658, 0.689016, 0.0, 0.0, 0.0, 0.0, 1.0],
                [0.999526, -0.027886, -0.013031, 0.0, 0.027973, 0.646324, 0.762549, 0.374721, -0.012842, -0.762553, 0.646798, 0.0, 0.0, 0.0, 0.0, 1.0],
                [0.999476, -0.028992, -0.014402, -0.0, 0.029083, 0.608792, 0.792797, 0.374721, -0.014217, -0.7928, 0.609315, -0.0, 0.0, 0.0, 0.0, 1.0],
                [0.999433, -0.029846, -0.01556, 0.0, 0.02994, 0.577072, 0.816144, 0.374721, -0.015379, -0.816148, 0.577639, 0.0, 0.0, 0.0, 0.0, 1.0],
                [0.9994, -0.030464, -0.016463, 0.0, 0.03056, 0.552356, 0.833048, 0.374721, -0.016284, -0.833052, 0.552955, 0.0, 0.0, 0.0, 0.0, 1.0],
                [0.999377, -0.030868, -0.017086, 0.0, 0.030965, 0.535299, 0.844095, 0.374721, -0.016909, -0.844098, 0.535922, 0.0, 0.0, 0.0, 0.0, 1.0],
                [0.999365, -0.031073, -0.017414, -0.0, 0.031171, 0.526325, 0.849712, 0.374721, -0.017238, -0.849716, 0.526959, -0.0, 0.0, 0.0, 0.0, 1.0],
                [0.999364, -0.031091, -0.017443, 0.0, 0.031189, 0.525509, 0.850216, 0.374721, -0.017268, -0.850219, 0.526145, -0.0, 0.0, 0.0, 0.0, 1.0],
                [0.999374, -0.03093, -0.017185, 0.0, 0.031028, 0.532581, 0.845811, 0.374721, -0.017009, -0.845814, 0.533207, 0.0, 0.0, 0.0, 0.0, 1.0],
                [0.999393, -0.030593, -0.01666, 0.0, 0.03069, 0.546965, 0.836593, 0.374721, -0.016482, -0.836596, 0.547572, 0.0, 0.0, 0.0, 0.0, 1.0],
                [0.999421, -0.030081, -0.015897, 0.0, 0.030175, 0.567851, 0.822578, 0.374721, -0.015717, -0.822581, 0.56843, 0.0, 0.0, 0.0, 0.0, 1.0],
                [0.999458, -0.029376, -0.014911, 0.0, 0.029468, 0.594852, 0.803296, 0.374721, -0.014727, -0.803299, 0.595394, -0.0, 0.0, 0.0, 0.0, 1.0],
                [0.999501, -0.02846, -0.013726, 0.0, 0.028549, 0.627301, 0.778253, 0.374721, -0.013539, -0.778257, 0.627801, 0.0, 0.0, 0.0, 0.0, 1.0],
                [0.99955, -0.027314, -0.012372, 0.0, 0.0274, 0.664364, 0.746906, 0.374721, -0.012181, -0.74691, 0.664814, -0.0, 0.0, 0.0, 0.0, 1.0],
                [0.999605, -0.025922, -0.010893, -0.0, 0.026003, 0.704883, 0.708847, 0.374721, -0.010696, -0.70885, 0.705278, 0.0, 0.0, 0.0, 0.0, 1.0],
                [0.999662, -0.024282, -0.009342, -0.0, 0.024358, 0.747341, 0.663994, 0.374721, -0.009141, -0.663997, 0.747679, 0.0, 0.0, 0.0, 0.0, 1.0],
                [0.999719, -0.02239, -0.007772, 0.0, 0.022461, 0.790323, 0.612278, 0.374721, -0.007567, -0.612281, 0.790604, -0.0, 0.0, 0.0, 0.0, 1.0],
                [0.999775, -0.020263, -0.006243, 0.0, 0.020326, 0.83221, 0.554089, 0.374721, -0.006032, -0.554091, 0.832434, 0.0, 0.0, 0.0, 0.0, 1.0],
                [0.999828, -0.017918, -0.004806, 0.0, 0.017974, 0.871552, 0.489974, 0.374721, -0.004591, -0.489976, 0.871724, -0.0, 0.0, 0.0, 0.0, 1.0],
                [0.999876, -0.015379, -0.003507, 0.0, 0.015428, 0.907134, 0.42056, 0.374721, -0.003287, -0.420561, 0.907258, 0.0, 0.0, 0.0, 0.0, 1.0],
                [0.999917, -0.012655, -0.002375, 0.0, 0.012695, 0.938124, 0.346069, 0.374721, -0.002152, -0.346071, 0.938206, 0.0, 0.0, 0.0, 0.0, 1.0],
                [0.999952, -0.009722, -0.001431, -0.0, 0.009753, 0.963962, 0.265859, 0.374721, -0.001205, -0.26586, 0.964011, -0.0, 0.0, 0.0, 0.0, 1.0],
                [0.999979, -0.006386, -0.000677, -0.0, 0.006406, 0.984614, 0.174626, 0.374721, -0.000449, -0.174626, 0.984634, -0.0, 0.0, 0.0, 0.0, 1.0],
                [1.0, -1.6e-05, -0.000115, -0.0, 1.6e-05, 1.0, 0.000434, 0.374721, 0.000115, -0.000435, 1.0, -0.0, 0.0, 0.0, 0.0, 1.0],
                [1.0, -1.6e-05, -0.000115, 0.0, 1.6e-05, 1.0, 0.000435, 0.374721, 0.000115, -0.000435, 1.0, 0.0, 0.0, 0.0, 0.0, 1.0],
                [1.0, -1.6e-05, -0.000115, -0.0, 1.6e-05, 1.0, 0.000435, 0.374721, 0.000115, -0.000435, 1.0, 0.0, 0.0, 0.0, 0.0, 1.0],
                [1.0, -1.6e-05, -0.000115, 0.0, 1.6e-05, 1.0, 0.000435, 0.374721, 0.000115, -0.000435, 1.0, -0.0, 0.0, 0.0, 0.0, 1.0],
                [1.0, -1.6e-05, -0.000115, 0.0, 1.6e-05, 1.0, 0.000435, 0.374721, 0.000115, -0.000435, 1.0, -0.0, 0.0, 0.0, 0.0, 1.0],
