{
    "animation": [
        {
            "name": "Root",
            "time": [0.0, 0.0167, 0.0333, 0.05, 0.0667, 0.0833, 0.1, 0.1167, 0.1333, 0.15, 0.1667, 0.1833, 0.2, 0.2167, 0.2333, 0.25, 0.2667, 0.2833, 0.3, 0.3167, 0.3333, 0.35, 0.3667, 0.3833, 0.4, 0.4167, 0.4333, 0.45, 0.4667, 0.4833, 0.5, 0.5167, 0.5333, 0.55, 0.5667, 0.5833, 0.6, 0.6167, 0.6333, 0.65, 0.6667, 0.6833, 0.7, 0.7167, 0.7333, 0.75, 0.7667, 0.7833, 0.8, 0.8167, 0.8333, 0.85, 0.8667, 0.8833, 0.9, 0.9167, 0.9333, 0.95, 0.9667, 0.9833, 1.0, 1.0167, 1.0333, 1.05, 1.0667, 1.0833, 1.1, 1.1167, 1.1333, 1.15, 1.1667, 1.1833, 1.2, 1.2167, 1.2333, 1.25, 1.2667, 1.2833, 1.3, 1.3167, 1.3333, 1.35, 1.3667, 1.3833, 1.4, 1.4167, 1.4333, 1.45, 1.4667, 1.4833, 1.5, 1.5167, 1.5333, 1.55, 1.5667, 1.5833, 1.6, 1.6167, 1.6333, 1.65, 1.6667],
            "transform": [
                [0.726374, 0.0, 0.6873, 0.050059, 0.6873, 0.0, -0.726374, 0.047008, 0.0, 1.0, 0.0, 0.502624, 0.0, 0.0, 0.0, 1.0],
                [0.723607, 0.000742, 0.690212, 0.046641, 0.690212, 0.0, -0.723607, 0.046259, -0.000537, 1.0, -0.000512, 0.502977, 0.0, 0.0, 0.0, 1.0],
                [0.715055, 0.002983, 0.699062, 0.036313, 0.699065, 0.0, -0.715058, 0.044, -0.002133, 0.999996, -0.002085, 0.504037, 0.0, 0.0, 0.0, 1.0],
                [0.700229, 0.006735, 0.713887, 0.019162, 0.713903, 0.0, -0.700245, 0.040218, -0.004716, 0.999977, -0.004808, 0.505796, 0.0, 0.0, 0.0, 1.0],
                [0.678494, 0.011997, 0.734508, -0.004362, 0.734561, 0.0, -0.678543, 0.034914, -0.00814, 0.999928, -0.008812, 0.508248, 0.0, 0.0, 0.0, 1.0],
                [0.649086, 0.018746, 0.760484, -0.033353, 0.760618, 0.0, -0.6492, 0.028109, -0.01217, 0.999824, -0.014258, 0.511381, 0.0, 0.0, 0.0, 1.0],
                [0.611145, 0.02694, 0.79106, -0.066397, 0.791347, 0.0, -0.611367, 0.019847, -0.01647, 0.999637, -0.021319, 0.51518, 0.0, 0.0, 0.0, 1.0],
                [0.563784, 0.03651, 0.825115, -0.101633, 0.825665, 0.0, -0.56416, 0.010195, -0.020598, 0.999333, -0.030145, 0.519627, 0.0, 0.0, 0.0, 1.0],
                [0.506173, 0.047358, 0.86113, -0.136933, 0.862098, 0.0, -0.506742, -0.000751, -0.023998, 0.998878, -0.040827, 0.524697, 0.0, 0.0, 0.0, 1.0],
                [0.437666, 0.059356, 0.897176, -0.170167, 0.898761, 0.0, -0.438439, -0.012862, -0.026024, 0.998237, -0.053347, 0.530364, 0.0, 0.0, 0.0, 1.0],
                [0.357931, 0.072343, 0.930941, -0.199469, 0.933387, 0.0, -0.358871, -0.025983, -0.025962, 0.99738, -0.067524, 0.536592, 0.0, 0.0, 0.0, 1.0],
                [0.267101, 0.086129, 0.959812, -0.22342, 0.963392, 0.0, -0.268097, -0.039924, -0.023091, 0.996284, -0.082976, 0.543342, 0.0, 0.0, 0.0, 1.0],
                [0.165897, 0.100498, 0.981009, -0.241102, 0.986001, 0.0, -0.166741, -0.054473, -0.016757, 0.994937, -0.099091, 0.55057, 0.0, 0.0, 0.0, 1.0],
                [0.055713, 0.115215, 0.991777, -0.252054, 0.998426, 0.0, -0.056086, -0.069395, -0.006462, 0.993341, -0.115033, 0.558223, 0.0, 0.0, 0.0, 1.0],
                [-0.061366, 0.13003, 0.989609, -0.256175, 0.998083, 0.0, 0.061892, -0.084444, 0.008048, 0.99151, -0.12978, 0.566245, 0.0, 0.0, 0.0, 1.0],
                [-0.182629, 0.144692, 0.972477, -0.254117, 0.982819, 0.0, 0.184571, -0.099366, 0.026706, 0.989477, -0.142206, 0.574571, 0.0, 0.0, 0.0, 1.0],
                [-0.304889, 0.158957, 0.939029, -0.24639, 0.951122, 0.0, 0.308815, -0.113915, 0.049088, 0.987285, -0.151188, 0.583134, 0.0, 0.0, 0.0, 1.0],
                [-0.424688, 0.172596, 0.888736, -0.232976, 0.902276, 0.0, 0.431158, -0.127856, 0.074416, 0.984993, -0.155729, 0.59186, 0.0, 0.0, 0.0, 1.0],
                [-0.538562, 0.1854, 0.821935, -0.214013, 0.836436, 0.0, 0.548064, -0.140977, 0.101611, 0.982663, -0.155076, 0.600671, 0.0, 0.0, 0.0, 1.0],
                [-0.643282, 0.197193, 0.7398, -0.189837, 0.754617, 0.0, 0.656166, -0.153088, 0.129391, 0.980365, -0.148805, 0.609487, 0.0, 0.0, 0.0, 1.0],
                [-0.736067, 0.207826, 0.644216, -0.161024, 0.658596, 0.0, 0.752497, -0.164034, 0.156388, 0.978166, -0.136873, 0.618227, 0.0, 0.0, 0.0, 1.0],
                [-0.814748, 0.217182, 0.537604, -0.128405, 0.55075, 0.0, 0.83467, -0.173686, 0.181275, 0.976131, -0.119613, 0.626807, 0.0, 0.0, 0.0, 1.0],
                [-0.877842, 0.225175, 0.422717, -0.093057, 0.433859, 0.0, 0.900981, -0.181948, 0.202879, 0.974318, -0.097694, 0.635144, 0.0, 0.0, 0.0, 1.0],
                [-0.924568, 0.231747, 0.302435, -0.056253, 0.310899, 0.0, 0.950443, -0.188753, 0.220262, 0.972776, -0.07205, 0.643158, 0.0, 0.0, 0.0, 1.0],
                [-0.954802, 0.236862, 0.179583, -0.019376, 0.184843, 0.0, 0.982768, -0.194057, 0.23278, 0.971543, -0.043782, 0.65077, 0.0, 0.0, 0.0, 1.0],
                [-0.968985, 0.240506, 0.05679, 0.01619, 0.058507, 0.0, 0.998287, -0.197839, 0.240094, 0.970648, -0.014071, 0.657905, 0.0, 0.0, 0.0, 1.0],
                [-0.968018, 0.24268, -0.063616, 0.049168, -0.065576, 0.0, 0.997848, -0.200098, 0.242158, 0.970106, 0.015914, 0.664493, 0.0, 0.0, 0.0, 1.0],
                [-0.953141, 0.2434, -0.179662, 0.078477, -0.185233, 0.0, 0.982695, -0.200847, 0.239188, 0.969926, 0.045086, 0.670468, 0.0, 0.0, 0.0, 1.0],
                [-0.928305, 0.243117, -0.281325, 0.103256, -0.290027, 0.0, 0.957018, -0.195267, 0.232667, 0.969997, 0.070511, 0.675775, 0.0, 0.0, 0.0, 1.0],
                [-0.898961, 0.242263, -0.364935, 0.122902, -0.37614, 0.0, 0.926563, -0.176727, 0.224472, 0.970211, 0.091125, 0.680366, 0.0, 0.0, 0.0, 1.0],
                [-0.863198, 0.240834, -0.44372, 0.137069, -0.457177, 0.0, 0.889376, -0.143326, 0.214192, 0.970566, 0.110104, 0.684193, 0.0, 0.0, 0.0, 1.0],
                [-0.810405, 0.238826, -0.534983, 0.14561, -0.550925, 0.0, 0.834555, -0.095556, 0.199313, 0.971062, 0.131575, 0.687212, 0.0, 0.0, 0.0, 1.0],
                [-0.722468, 0.236236, -0.649794, 0.148531, -0.668721, 0.0, 0.743513, -0.036935, 0.175645, 0.971696, 0.157976, 0.689389, 0.0, 0.0, 0.0, 1.0],
                [-0.579167, 0.233067, -0.781182, 0.148689, -0.803304, 0.0, 0.595569, 0.027542, 0.138808, 0.972461, 0.187224, 0.690693, 0.0, 0.0, 0.0, 1.0],
                [-0.366975, 0.229322, -0.901522, 0.148877, -0.926204, 0.0, 0.377022, 0.093597, 0.086459, 0.973351, 0.212399, 0.6911, 0.0, 0.0, 0.0, 1.0],
                [-0.02591, 0.225005, -0.974013, 0.149092, -0.999646, 0.0, 0.026591, 0.177213, 0.005983, 0.974357, 0.224926, 0.66909, 0.0, 0.0, 0.0, 1.0],
                [0.453843, 0.220129, -0.863464, 0.149336, -0.885176, 0.0, -0.465256, 0.291866, -0.102416, 0.975471, 0.194853, 0.605099, 0.0, 0.0, 0.0, 1.0],
                [0.855149, 0.214705, -0.471828, 0.149607, -0.483094, 0.0, -0.875568, 0.420151, -0.187989, 0.976679, 0.103723, 0.513067, 0.0, 0.0, 0.0, 1.0],
                [0.977799, 0.208752, 0.018198, 0.149905, 0.018608, 0.0, -0.999827, 0.533435, -0.208715, 0.977969, -0.003884, 0.420914, 0.0, 0.0, 0.0, 1.0],
                [0.914984, 0.202291, 0.349118, 0.150228, 0.356488, 0.0, -0.9343, 0.606857, -0.189, 0.979326, -0.072114, 0.35659, 0.0, 0.0, 0.0, 1.0],
                [0.866573, 0.195349, 0.459227, 0.150575, 0.468249, 0.0, -0.883597, 0.631068, -0.17261, 0.980734, -0.091472, 0.334096, 0.0, 0.0, 0.0, 1.0],
                [0.862264, 0.187958, 0.47029, 0.150945, 0.478824, 0.0, -0.877911, 0.631047, -0.16501, 0.982177, -0.089999, 0.33352, 0.0, 0.0, 0.0, 1.0],
                [0.858031, 0.180154, 0.480965, 0.151335, 0.488965, 0.0, -0.872303, 0.630982, -0.157149, 0.983638, -0.088089, 0.332959, 0.0, 0.0, 0.0, 1.0],
                [0.853887, 0.171978, 0.491224, 0.151744, 0.498653, 0.0, -0.866802, 0.630873, -0.149071, 0.985101, -0.085758, 0.332418, 0.0, 0.0, 0.0, 1.0],
                [0.849843, 0.163477, 0.501041, 0.152169, 0.507873, 0.0, -0.861432, 0.63072, -0.140824, 0.986547, -0.083026, 0.331897, 0.0, 0.0, 0.0, 1.0],
                [0.845916, 0.154701, 0.510386, 0.152608, 0.516605, 0.0, -0.856224, 0.630523, -0.132458, 0.987961, -0.079919, 0.331399, 0.0, 0.0, 0.0, 1.0],
                [0.842121, 0.145703, 0.519232, 0.153058, 0.524833, 0.0, -0.851205, 0.630284, -0.124023, 0.989328, -0.07647, 0.330926, 0.0, 0.0, 0.0, 1.0],
                [0.838476, 0.136542, 0.527554, 0.153516, 0.532542, 0.0, -0.846404, 0.630003, -0.11557, 0.990634, -0.072714, 0.330479, 0.0, 0.0, 0.0, 1.0],
                [0.834999, 0.127278, 0.535329, 0.153979, 0.539719, 0.0, -0.841845, 0.629683, -0.107148, 0.991867, -0.068694, 0.33006, 0.0, 0.0, 0.0, 1.0],
                [0.831705, 0.117971, 0.54254, 0.154444, 0.546355, 0.0, -0.837554, 0.629327, -0.098807, 0.993017, -0.064454, 0.32967, 0.0, 0.0, 0.0, 1.0],
                [0.828612, 0.108685, 0.549172, 0.154908, 0.552445, 0.0, -0.83355, 0.628937, -0.090594, 0.994076, -0.060042, 0.329311, 0.0, 0.0, 0.0, 1.0],
                [0.825734, 0.099481, 0.555218, 0.155369, 0.557986, 0.0, -0.82985, 0.628518, -0.082555, 0.995039, -0.055509, 0.328983, 0.0, 0.0, 0.0, 1.0],
                [0.823083, 0.090422, 0.560677, 0.155822, 0.562983, 0.0, -0.826468, 0.628075, -0.074731, 0.995904, -0.050906, 0.328686, 0.0, 0.0, 0.0, 1.0],
                [0.820668, 0.081565, 0.565553, 0.156264, 0.567444, 0.0, -0.823412, 0.627613, -0.067162, 0.996668, -0.046284, 0.32842, 0.0, 0.0, 0.0, 1.0],
                [0.818494, 0.072968, 0.569862, 0.156694, 0.571385, 0.0, -0.820682, 0.627138, -0.059883, 0.997334, -0.041693, 0.328185, 0.0, 0.0, 0.0, 1.0],
                [0.816563, 0.064682, 0.573622, 0.157109, 0.574825, 0.0, -0.818276, 0.626657, -0.052928, 0.997906, -0.037181, 0.32798, 0.0, 0.0, 0.0, 1.0],
                [0.814869, 0.056757, 0.57686, 0.157505, 0.577791, 0.0, -0.816185, 0.626176, -0.046324, 0.998388, -0.032794, 0.327804, 0.0, 0.0, 0.0, 1.0],
                [0.813406, 0.049237, 0.579609, 0.157881, 0.580312, 0.0, -0.814394, 0.625701, -0.040098, 0.998787, -0.028573, 0.327654, 0.0, 0.0, 0.0, 1.0],
                [0.812163, 0.042161, 0.581905, 0.158235, 0.582423, 0.0, -0.812886, 0.625239, -0.034272, 0.999111, -0.024556, 0.327529, 0.0, 0.0, 0.0, 1.0],
                [0.811124, 0.035564, 0.583792, 0.158564, 0.584161, 0.0, -0.811638, 0.624796, -0.028865, 0.999367, -0.020775, 0.327426, 0.0, 0.0, 0.0, 1.0],
                [0.810272, 0.029476, 0.585312, 0.158869, 0.585567, 0.0, -0.810624, 0.624377, -0.023894, 0.999565, -0.01726, 0.327343, 0.0, 0.0, 0.0, 1.0],
                [0.809589, 0.023921, 0.58651, 0.159147, 0.586678, 0.0, -0.80982, 0.623987, -0.019372, 0.999714, -0.014034, 0.327278, 0.0, 0.0, 0.0, 1.0],
                [0.809054, 0.01892, 0.58743, 0.159397, 0.587535, 0.0, -0.809199, 0.623631, -0.01531, 0.999821, -0.011116, 0.327228, 0.0, 0.0, 0.0, 1.0],
                [0.808648, 0.014489, 0.588114, 0.159618, 0.588176, 0.0, -0.808733, 0.623311, -0.011718, 0.999895, -0.008522, 0.327191, 0.0, 0.0, 0.0, 1.0],
                [0.808352, 0.010639, 0.588604, 0.159811, 0.588637, 0.0, -0.808397, 0.62303, -0.008601, 0.999943, -0.006263, 0.327165, 0.0, 0.0, 0.0, 1.0],
                [0.808145, 0.007379, 0.588938, 0.159974, 0.588954, 0.0, -0.808167, 0.622791, -0.005963, 0.999973, -0.004346, 0.327147, 0.0, 0.0, 0.0, 1.0],
                [0.808009, 0.004714, 0.589151, 0.160107, 0.589157, 0.0, -0.808018, 0.622594, -0.003809, 0.999989, -0.002777, 0.327136, 0.0, 0.0, 0.0, 1.0],
                [0.80793, 0.002645, 0.589272, 0.16021, 0.589275, 0.0, -0.807933, 0.622441, -0.002137, 0.999996, -0.001559, 0.327129, 0.0, 0.0, 0.0, 1.0],
                [0.807891, 0.001172, 0.589331, 0.160284, 0.589332, 0.0, -0.807891, 0.622332, -0.000947, 0.999999, -0.000691, 0.327126, 0.0, 0.0, 0.0, 1.0],
                [0.807877, 0.000292, 0.589352, 0.160328, 0.589352, 0.0, -0.807877, 0.622267, -0.000236, 1.0, -0.000172, 0.327125, 0.0, 0.0, 0.0, 1.0],
                [0.807874, 0.0, 0.589355, 0.160343, 0.589355, 0.0, -0.807874, 0.622246, 0.0, 1.0, 0.0, 0.327125, 0.0, 0.0, 0.0, 1.0],
                [0.809833, 0.0, 0.58666, 0.159951, 0.58666, 0.0, -0.809833, 0.623263, 0.0, 1.0, 0.0, 0.327938, 0.0, 0.0, 0.0, 1.0],
                [0.815691, 0.0, 0.578488, 0.158768, 0.578488, 0.0, -0.815691, 0.626331, 0.0, 1.0, 0.0, 0.330392, 0.0, 0.0, 0.0, 1.0],
                [0.825315, 0.0, 0.564673, 0.156788, 0.564673, 0.0, -0.825315, 0.631471, 0.0, 1.0, 0.0, 0.334501, 0.0, 0.0, 0.0, 1.0],
                [0.838425, 0.0, 0.545016, 0.154009, 0.545016, 0.0, -0.838425, 0.638682, 0.0, 1.0, 0.0, 0.340267, 0.0, 0.0, 0.0, 1.0],
                [0.854585, 0.0, 0.519312, 0.150438, 0.519312, 0.0, -0.854585, 0.64795, 0.0, 1.0, 0.0, 0.347678, 0.0, 0.0, 0.0, 1.0],
                [0.873194, 0.0, 0.487373, 0.14609, 0.487373, 0.0, -0.873194, 0.659234, 0.0, 1.0, 0.0, 0.3567, 0.0, 0.0, 0.0, 1.0],
                [0.893499, 0.0, 0.449065, 0.14099, 0.449065, 0.0, -0.893499, 0.672468, 0.0, 1.0, 0.0, 0.367282, 0.0, 0.0, 0.0, 1.0],
                [0.914599, 0.0, 0.404363, 0.135175, 0.404363, 0.0, -0.914599, 0.687558, 0.0, 1.0, 0.0, 0.379348, 0.0, 0.0, 0.0, 1.0],
                [0.935479, 0.0, 0.353382, 0.128695, 0.353382, 0.0, -0.935479, 0.704375, 0.0, 1.0, 0.0, 0.392795, 0.0, 0.0, 0.0, 1.0],
                [0.955055, 0.0, 0.296429, 0.12161, 0.296429, 0.0, -0.955055, 0.72276, 0.0, 1.0, 0.0, 0.407495, 0.0, 0.0, 0.0, 1.0],
                [0.972229, 0.0, 0.234032, 0.113997, 0.234032, 0.0, -0.972229, 0.742517, 0.0, 1.0, 0.0, 0.423292, 0.0, 0.0, 0.0, 1.0],
                [0.985964, 0.0, 0.166959, 0.105943, 0.166959, 0.0, -0.985964, 0.763418, 0.0, 1.0, 0.0, 0.440005, 0.0, 0.0, 0.0, 1.0],
                [0.995361, 0.0, 0.096211, 0.097547, 0.096211, 0.0, -0.995361, 0.785206, 0.0, 1.0, 0.0, 0.457427, 0.0, 0.0, 0.0, 1.0],
                [0.999736, 0.0, 0.022988, 0.088917, 0.022988, 0.0, -0.999736, 0.807601, 0.0, 1.0, 0.0, 0.475334, 0.0, 0.0, 0.0, 1.0],
                [0.99868, 0.0, -0.051368, 0.080169, -0.051368, 0.0, -0.99868, 0.830304, 0.0, 1.0, 0.0, 0.493486, 0.0, 0.0, 0.0, 1.0],
                [0.992102, 0.0, -0.125437, 0.071421, -0.125437, 0.0, -0.992102, 0.853006, 0.0, 1.0, 0.0, 0.511639, 0.0, 0.0, 0.0, 1.0],
                [0.980237, 0.0, -0.197825, 0.062791, -0.197825, 0.0, -0.980237, 0.875401, 0.0, 1.0, 0.0, 0.529546, 0.0, 0.0, 0.0, 1.0],
                [0.963631, 0.0, -0.267236, 0.054395, -0.267236, 0.0, -0.963631, 0.897189, 0.0, 1.0, 0.0, 0.546968, 0.0, 0.0, 0.0, 1.0],
                [0.943087, 0.0, -0.332545, 0.046341, -0.332545, 0.0, -0.943087, 0.918091, 0.0, 1.0, 0.0, 0.56368, 0.0, 0.0, 0.0, 1.0],
                [0.919602, 0.0, -0.39285, 0.038728, -0.39285, 0.0, -0.919602, 0.937847, 0.0, 1.0, 0.0, 0.579478, 0.0, 0.0, 0.0, 1.0],
                [0.894286, 0.0, -0.447495, 0.031643, -0.447495, 0.0, -0.894286, 0.956232, 0.0, 1.0, 0.0, 0.594178, 0.0, 0.0, 0.0, 1.0],
                [0.868285, 0.0, -0.496065, 0.025163, -0.496065, 0.0, -0.868285, 0.97305, 0.0, 1.0, 0.0, 0.607625, 0.0, 0.0, 0.0, 1.0],
                [0.84271, 0.0, -0.538367, 0.019348, -0.538367, 0.0, -0.84271, 0.988139, 0.0, 1.0, 0.0, 0.619691, 0.0, 0.0, 0.0, 1.0],
                [0.818583, 0.0, -0.574388, 0.014248, -0.574388, 0.0, -0.818583, 1.001373, 0.0, 1.0, 0.0, 0.630273, 0.0, 0.0, 0.0, 1.0],
                [0.796795, 0.0, -0.60425, 0.0099, -0.60425, 0.0, -0.796795, 1.012657, 0.0, 1.0, 0.0, 0.639295, 0.0, 0.0, 0.0, 1.0],
                [0.778083, 0.0, -0.628161, 0.006329, -0.628161, 0.0, -0.778083, 1.021925, 0.0, 1.0, 0.0, 0.646705, 0.0, 0.0, 0.0, 1.0],
                [0.763025, 0.0, -0.646369, 0.00355, -0.646369, 0.0, -0.763025, 1.029137, 0.0, 1.0, 0.0, 0.652472, 0.0, 0.0, 0.0, 1.0],
                [0.752035, 0.0, -0.659124, 0.00157, -0.659124, 0.0, -0.752035, 1.034276, 0.0, 1.0, 0.0, 0.656581, 0.0, 0.0, 0.0, 1.0],
                [0.745369, 0.0, -0.666652, 0.000387, -0.666652, 0.0, -0.745369, 1.037345, 0.0, 1.0, 0.0, 0.659035, 0.0, 0.0, 0.0, 1.0],
                [0.743145, 0.0, -0.669131, -5e-06, -0.669131, 0.0, -0.743145, 1.038361, 0.0, 1.0, 0.0, 0.659848, 0.0, 0.0, 0.0, 1.0]
            ]
        },
        {
            "name": "Thigh_R",
            "time": [0.0, 0.0167, 0.0333, 0.05, 0.0667, 0.0833, 0.1, 0.1167, 0.1333, 0.15, 0.1667, 0.1833, 0.2, 0.2167, 0.2333, 0.25, 0.2667, 0.2833, 0.3, 0.3167, 0.3333, 0.35, 0.3667, 0.3833, 0.4, 0.4167, 0.4333, 0.45, 0.4667, 0.4833, 0.5, 0.5167, 0.5333, 0.55, 0.5667, 0.5833, 0.6, 0.6167, 0.6333, 0.65, 0.6667, 0.6833, 0.7, 0.7167, 0.7333, 0.75, 0.7667, 0.7833, 0.8, 0.8167, 0.8333, 0.85, 0.8667, 0.8833, 0.9, 0.9167, 0.9333, 0.95, 0.9667, 0.9833, 1.0, 1.0167, 1.0333, 1.05, 1.0667, 1.0833, 1.1, 1.1167, 1.1333, 1.15, 1.1667, 1.1833, 1.2, 1.2167, 1.2333, 1.25, 1.2667, 1.2833, 1.3, 1.3167, 1.3333, 1.35, 1.3667, 1.3833, 1.4, 1.4167, 1.4333, 1.45, 1.4667, 1.4833, 1.5, 1.5167, 1.5333, 1.55, 1.5667, 1.5833, 1.6, 1.6167, 1.6333, 1.65, 1.6667],
            "transform": [
                [0.782835, 0.535012, 0.317697, 0.124994, -0.028409, -0.479313, 0.877184, -0.002831, 0.62158, -0.695716, -0.360024, -1.2e-05, 0.0, 0.0, 0.0, 1.0],
                [0.795181, 0.526757, 0.300358, 0.124994, -0.017408, -0.475301, 0.879651, -0.002831, 0.606123, -0.70471, -0.368781, -1.2e-05, 0.0, 0.0, 0.0, 1.0],
                [0.833368, 0.496196, 0.243491, 0.124994, 0.018009, -0.464676, 0.885297, -0.002831, 0.552425, -0.733394, -0.396183, -1.2e-05, 0.0, 0.0, 0.0, 1.0],
                [0.89476, 0.425834, 0.134421, 0.124994, 0.0831, -0.454552, 0.886835, -0.002831, 0.438746, -0.782335, -0.442102, -1.2e-05, 0.0, 0.0, 0.0, 1.0],
                [0.955467, 0.292507, -0.039003, 0.124994, 0.177364, -0.4636, 0.868111, -0.002831, 0.235847, -0.83637, -0.494835, -1.2e-05, 0.0, 0.0, 0.0, 1.0],
                [0.960626, 0.106545, -0.256605, 0.124994, 0.274072, -0.515047, 0.812164, -0.002831, -0.045632, -0.850514, -0.523969, -1.2e-05, 0.0, 0.0, 0.0, 1.0],
                [0.891081, -0.056189, -0.450352, 0.124994, 0.328414, -0.60505, 0.725299, -0.002831, -0.31324, -0.794202, -0.520695, -1.2e-05, 0.0, 0.0, 0.0, 1.0],
                [0.804048, -0.138703, -0.57816, 0.124994, 0.330227, -0.704452, 0.628249, -0.002831, -0.494426, -0.696067, -0.520609, -1.2e-05, 0.0, 0.0, 0.0, 1.0],
                [0.745793, -0.151481, -0.648727, 0.124994, 0.297504, -0.795569, 0.527788, -0.002831, -0.596057, -0.58662, -0.548264, -1.2e-05, 0.0, 0.0, 0.0, 1.0],
                [0.723544, -0.125524, -0.678769, 0.124994, 0.244944, -0.872647, 0.42248, -0.002831, -0.645357, -0.471943, -0.600653, -1.2e-05, 0.0, 0.0, 0.0, 1.0],
                [0.729486, -0.08666, -0.678483, 0.124994, 0.180297, -0.932498, 0.312954, -0.002831, -0.659805, -0.350624, -0.66462, -1.2e-05, 0.0, 0.0, 0.0, 1.0],
                [0.750654, -0.063451, -0.657642, 0.124994, 0.100985, -0.972663, 0.209113, -0.002831, -0.652932, -0.223383, -0.723726, -1.2e-05, 0.0, 0.0, 0.0, 1.0],
                [0.776793, -0.074585, -0.625324, 0.124994, 0.004056, -0.992348, 0.123399, -0.002831, -0.629743, -0.098392, -0.770547, -1.2e-05, 0.0, 0.0, 0.0, 1.0],
                [0.801151, -0.121039, -0.586094, 0.124994, -0.104983, -0.992571, 0.06148, -0.002831, -0.589182, 0.012275, -0.807907, -1.2e-05, 0.0, 0.0, 0.0, 1.0],
                [0.817044, -0.198596, -0.541294, 0.124994, -0.219528, -0.975248, 0.026448, -0.002831, -0.533148, 0.09722, -0.840418, -1.2e-05, 0.0, 0.0, 0.0, 1.0],
                [0.81901, -0.299427, -0.489454, 0.124994, -0.333664, -0.942515, 0.018266, -0.002831, -0.466787, 0.148353, -0.871838, -1.2e-05, 0.0, 0.0, 0.0, 1.0],
                [0.804186, -0.412847, -0.427601, 0.124994, -0.441576, -0.896535, 0.035131, -0.002831, -0.397863, 0.160566, -0.903285, -1.2e-05, 0.0, 0.0, 0.0, 1.0],
                [0.773546, -0.526541, -0.352678, 0.124994, -0.537495, -0.839919, 0.075067, -0.00283, -0.335746, 0.131495, -0.932729, -1.2e-05, 0.0, 0.0, 0.0, 1.0],
                [0.731274, -0.62875, -0.264405, 0.124994, -0.617538, -0.774909, 0.134772, -0.002831, -0.289628, 0.064725, -0.954948, -1.2e-05, 0.0, 0.0, 0.0, 1.0],
                [0.6836, -0.710632, -0.166412, 0.124994, -0.679269, -0.702869, 0.211113, -0.002831, -0.266989, -0.031279, -0.963192, -1.2e-05, 0.0, 0.0, 0.0, 1.0],
                [0.637545, -0.767537, -0.066497, 0.124994, -0.720679, -0.624673, 0.300676, -0.002831, -0.272319, -0.143772, -0.951405, -1.2e-05, 0.0, 0.0, 0.0, 1.0],
                [0.59995, -0.79965, 0.024871, 0.124994, -0.739362, -0.542307, 0.399057, -0.002831, -0.305618, -0.257803, -0.916588, -1.2e-05, 0.0, 0.0, 0.0, 1.0],
                [0.576509, -0.811313, 0.096993, 0.124994, -0.733207, -0.461277, 0.499629, -0.002831, -0.360615, -0.359157, -0.860792, -1.2e-05, 0.0, 0.0, 0.0, 1.0],
                [0.570644, -0.808797, 0.142169, 0.124994, -0.703034, -0.391687, 0.593569, -0.002831, -0.424391, -0.438666, -0.792126, -1.2e-05, 0.0, 0.0, 0.0, 1.0],
                [0.582473, -0.797373, 0.157865, 0.124994, -0.655292, -0.345716, 0.671619, -0.002831, -0.480954, -0.494647, -0.723883, -1.2e-05, 0.0, 0.0, 0.0, 1.0],
                [0.609106, -0.779056, 0.148529, 0.124994, -0.600888, -0.331098, 0.727535, -0.002831, -0.517613, -0.532396, -0.669799, -1.2e-05, 0.0, 0.0, 0.0, 1.0],
                [0.64587, -0.75334, 0.123818, 0.124994, -0.55061, -0.3473, 0.759086, -0.002831, -0.528847, -0.558447, -0.639107, -1.2e-05, 0.0, 0.0, 0.0, 1.0],
                [0.687934, -0.719446, 0.095624, 0.124994, -0.511236, -0.386838, 0.767459, -0.002831, -0.515155, -0.576848, -0.633925, -1.2e-05, 0.0, 0.0, 0.0, 1.0],
                [0.695674, -0.717234, 0.040153, 0.124994, -0.464397, -0.406385, 0.786883, -0.002831, -0.548062, -0.566062, -0.615793, -1.2e-05, 0.0, 0.0, 0.0, 1.0],
                [0.590688, -0.801726, -0.09123, 0.124994, -0.37006, -0.369635, 0.852306, -0.002831, -0.717037, -0.469687, -0.515025, -1.2e-05, 0.0, 0.0, 0.0, 1.0],
                [0.287432, -0.915793, -0.280545, 0.124994, -0.177319, -0.338721, 0.924027, -0.002831, -0.941244, -0.215849, -0.259747, -1.2e-05, 0.0, 0.0, 0.0, 1.0],
                [-0.034732, -0.902791, -0.428677, 0.124994, 0.030814, -0.429699, 0.902447, -0.002831, -0.998922, 0.018134, 0.042743, -1.2e-05, 0.0, 0.0, 0.0, 1.0],
                [-0.148473, -0.813546, -0.562226, 0.124994, 0.139997, -0.580093, 0.802429, -0.002831, -0.978957, 0.040429, 0.200022, -1.2e-05, 0.0, 0.0, 0.0, 1.0],
                [-0.096528, -0.696096, -0.71143, 0.124994, 0.177476, -0.715351, 0.675852, -0.002831, -0.97938, -0.061023, 0.192591, -1.2e-05, 0.0, 0.0, 0.0, 1.0],
                [0.062377, -0.539455, -0.839701, 0.124994, 0.174914, -0.822409, 0.54134, -0.002831, -0.982606, -0.180643, 0.043059, -1.2e-05, 0.0, 0.0, 0.0, 1.0],
                [0.322841, -0.43499, -0.84057, 0.124994, 0.107649, -0.865486, 0.489229, -0.002831, -0.940311, -0.24843, -0.232588, -1.2e-05, 0.0, 0.0, 0.0, 1.0],
                [0.64532, -0.473299, -0.599625, 0.124994, -0.046255, -0.807709, 0.587765, -0.002831, -0.762511, -0.351561, -0.543123, -1.2e-05, 0.0, 0.0, 0.0, 1.0],
                [0.873347, -0.466374, -0.140571, 0.124994, -0.213617, -0.626066, 0.749939, -0.002831, -0.437758, -0.624929, -0.646398, -1.2e-05, 0.0, 0.0, 0.0, 1.0],
                [0.948506, -0.229406, 0.218425, 0.124994, -0.290473, -0.354896, 0.888636, -0.002831, -0.12634, -0.906323, -0.403257, -1.2e-05, 0.0, 0.0, 0.0, 1.0],
                [0.964145, 0.029844, 0.263692, 0.124994, -0.258893, -0.112498, 0.959332, -0.002831, 0.058295, -0.993204, -0.100738, -1.2e-05, 0.0, 0.0, 0.0, 1.0],
                [0.967167, 0.118758, 0.224688, 0.124994, -0.223951, -0.019694, 0.974401, -0.002831, 0.120143, -0.992728, 0.007548, -1.2e-05, 0.0, 0.0, 0.0, 1.0],
                [0.964121, 0.129619, 0.231667, 0.124994, -0.231124, -0.019427, 0.97273, -0.002831, 0.130585, -0.991374, 0.011228, -1.2e-05, 0.0, 0.0, 0.0, 1.0],
                [0.960896, 0.140071, 0.23887, 0.124994, -0.238592, -0.01903, 0.970933, -0.002831, 0.140546, -0.989959, 0.015134, -1.2e-05, 0.0, 0.0, 0.0, 1.0],
                [0.957513, 0.150072, 0.246266, 0.124994, -0.246324, -0.018495, 0.969011, -0.002831, 0.149976, -0.988502, 0.019256, -1.2e-05, 0.0, 0.0, 0.0, 1.0],
                [0.953996, 0.159625, 0.253795, 0.124994, -0.254263, -0.017832, 0.96697, -0.002831, 0.158878, -0.987016, 0.023575, -1.2e-05, 0.0, 0.0, 0.0, 1.0],
                [0.950369, 0.168689, 0.261422, 0.124994, -0.262372, -0.017037, 0.964816, -0.002831, 0.167207, -0.985522, 0.028068, -1.2e-05, 0.0, 0.0, 0.0, 1.0],
                [0.946662, 0.177262, 0.269091, 0.124994, -0.270592, -0.01612, 0.962559, -0.002831, 0.174963, -0.984032, 0.032705, -1.2e-05, 0.0, 0.0, 0.0, 1.0],
                [0.942901, 0.18531, 0.276764, 0.124994, -0.278879, -0.015086, 0.960208, -0.002831, 0.182111, -0.982564, 0.037454, -1.2e-05, 0.0, 0.0, 0.0, 1.0],
                [0.939117, 0.192822, 0.28439, 0.124994, -0.287177, -0.013946, 0.957776, -0.002831, 0.188646, -0.981134, 0.042277, -1.2e-05, 0.0, 0.0, 0.0, 1.0],
                [0.935341, 0.199784, 0.291929, 0.124994, -0.295437, -0.012711, 0.955277, -0.002831, 0.19456, -0.979757, 0.047134, -1.2e-05, 0.0, 0.0, 0.0, 1.0],
                [0.931603, 0.206188, 0.299337, 0.124994, -0.303603, -0.011397, 0.95273, -0.002831, 0.199854, -0.978446, 0.051981, -1.2e-05, 0.0, 0.0, 0.0, 1.0],
                [0.927931, 0.212031, 0.306574, 0.124994, -0.311626, -0.01002, 0.950152, -0.002831, 0.204534, -0.977211, 0.056777, -1.2e-05, 0.0, 0.0, 0.0, 1.0],
                [0.924353, 0.217304, 0.313608, 0.124994, -0.319462, -0.008593, 0.947561, -0.002831, 0.208603, -0.976066, 0.061477, -1.2e-05, 0.0, 0.0, 0.0, 1.0],
                [0.920896, 0.222015, 0.320406, 0.124994, -0.327063, -0.007137, 0.944976, -0.002831, 0.212085, -0.975017, 0.06604, -1.2e-05, 0.0, 0.0, 0.0, 1.0],
                [0.917581, 0.226182, 0.326935, 0.124994, -0.334386, -0.005672, 0.942419, -0.002831, 0.215013, -0.974068, 0.070428, -1.2e-05, 0.0, 0.0, 0.0, 1.0],
                [0.914429, 0.229816, 0.333172, 0.124994, -0.341397, -0.004213, 0.93991, -0.002831, 0.21741, -0.973225, 0.074606, -1.2e-05, 0.0, 0.0, 0.0, 1.0],
                [0.911456, 0.232941, 0.339095, 0.124994, -0.348061, -0.002779, 0.937468, -0.002831, 0.219318, -0.972487, 0.078545, -1.2e-05, 0.0, 0.0, 0.0, 1.0],
                [0.908677, 0.235592, 0.344679, 0.124994, -0.354348, -0.001387, 0.935113, -0.002831, 0.220783, -0.971851, 0.082221, -1.2e-05, 0.0, 0.0, 0.0, 1.0],
                [0.906099, 0.237793, 0.349912, 0.124994, -0.360234, -5e-05, 0.932862, -0.002831, 0.221845, -0.971316, 0.085615, -1.2e-05, 0.0, 0.0, 0.0, 1.0],
                [0.903732, 0.239593, 0.354772, 0.124994, -0.365694, 0.001214, 0.930735, -0.002831, 0.222567, -0.970873, 0.088715, -1.2e-05, 0.0, 0.0, 0.0, 1.0],
                [0.901579, 0.241033, 0.359246, 0.124994, -0.370711, 0.002395, 0.928745, -0.002831, 0.222998, -0.970514, 0.091513, -1.2e-05, 0.0, 0.0, 0.0, 1.0],
                [0.899644, 0.24215, 0.363324, 0.124994, -0.375272, 0.003484, 0.926908, -0.002831, 0.223185, -0.970232, 0.094006, -1.2e-05, 0.0, 0.0, 0.0, 1.0],
                [0.897925, 0.242994, 0.366992, 0.124994, -0.379364, 0.00447, 0.925237, -0.002831, 0.223187, -0.970018, 0.096197, -1.2e-05, 0.0, 0.0, 0.0, 1.0],
                [0.896424, 0.243604, 0.370244, 0.124994, -0.38298, 0.005349, 0.923741, -0.002831, 0.223047, -0.96986, 0.098091, -1.2e-05, 0.0, 0.0, 0.0, 1.0],
                [0.895136, 0.244023, 0.373072, 0.124994, -0.386114, 0.006115, 0.92243, -0.002831, 0.222813, -0.96975, 0.099694, -1.2e-05, 0.0, 0.0, 0.0, 1.0],
                [0.89406, 0.244292, 0.37547, 0.124994, -0.388763, 0.006764, 0.921313, -0.002831, 0.222529, -0.969678, 0.101019, -1.2e-05, 0.0, 0.0, 0.0, 1.0],
                [0.893191, 0.244445, 0.377434, 0.124994, -0.390926, 0.007296, 0.920393, -0.002831, 0.222232, -0.969636, 0.102077, -1.2e-05, 0.0, 0.0, 0.0, 1.0],
                [0.892524, 0.244515, 0.378962, 0.124994, -0.392602, 0.007709, 0.919676, -0.002831, 0.221953, -0.969615, 0.102877, -1.2e-05, 0.0, 0.0, 0.0, 1.0],
                [0.892056, 0.244534, 0.380052, 0.124994, -0.393795, 0.008003, 0.919163, -0.002831, 0.221725, -0.969608, 0.103435, -1.2e-05, 0.0, 0.0, 0.0, 1.0],
                [0.891779, 0.244528, 0.380705, 0.124994, -0.394507, 0.008178, 0.918857, -0.002831, 0.221572, -0.969608, 0.103761, -1.2e-05, 0.0, 0.0, 0.0, 1.0],
                [0.891688, 0.244521, 0.380922, 0.124994, -0.394744, 0.008236, 0.918754, -0.002831, 0.221517, -0.969609, 0.103867, -1.2e-05, 0.0, 0.0, 0.0, 1.0],
                [0.891945, 0.242119, 0.381855, 0.124994, -0.394668, 0.004831, 0.918811, -0.002831, 0.220617, -0.970235, 0.099866, -1.2e-05, 0.0, 0.0, 0.0, 1.0],
                [0.892759, 0.234833, 0.384493, 0.124994, -0.394338, -0.005456, 0.91895, -0.002831, 0.217898, -0.97202, 0.087733, -1.2e-05, 0.0, 0.0, 0.0, 1.0],
                [0.89425, 0.222528, 0.388326, 0.124994, -0.39345, -0.022714, 0.919065, -0.002831, 0.213339, -0.974661, 0.067242, -1.2e-05, 0.0, 0.0, 0.0, 1.0],
                [0.896605, 0.205089, 0.392476, 0.124994, -0.391519, -0.046982, 0.91897, -0.002831, 0.20691, -0.977615, 0.038172, -1.2e-05, 0.0, 0.0, 0.0, 1.0],
                [0.900055, 0.1825, 0.395721, 0.124994, -0.387914, -0.078215, 0.918371, -0.002831, 0.198554, -0.98009, 0.000396, -1.2e-05, 0.0, 0.0, 0.0, 1.0],
                [0.904843, 0.154944, 0.396548, 0.124994, -0.381909, -0.116241, 0.91686, -0.002831, 0.188157, -0.981061, -0.046006, -1.2e-05, 0.0, 0.0, 0.0, 1.0],
                [0.911179, 0.122907, 0.393252, 0.124994, -0.372752, -0.16071, 0.913908, -0.002831, 0.175525, -0.979319, -0.100622, -1.2e-05, 0.0, 0.0, 0.0, 1.0],
                [0.919169, 0.087278, 0.384072, 0.124994, -0.359732, -0.211043, 0.908875, -0.002831, 0.160381, -0.973572, -0.162588, -1.2e-05, 0.0, 0.0, 0.0, 1.0],
                [0.928758, 0.049378, 0.367383, 0.124994, -0.34226, -0.266392, 0.901051, -0.002831, 0.142361, -0.962599, -0.230514, -1.2e-05, 0.0, 0.0, 0.0, 1.0],
                [0.939671, 0.010936, 0.341903, 0.124994, -0.31994, -0.325625, 0.889723, -0.002831, 0.121063, -0.945436, -0.302482, -1.2e-05, 0.0, 0.0, 0.0, 1.0],
                [0.951384, -0.026047, 0.306903, 0.124994, -0.292629, -0.387345, 0.874261, -0.002831, 0.096105, -0.921566, -0.376137, -1.2e-05, 0.0, 0.0, 0.0, 1.0],
                [0.963133, -0.059508, 0.262359, 0.124994, -0.26049, -0.449968, 0.85421, -0.002831, 0.067221, -0.89106, -0.44888, -1.2e-05, 0.0, 0.0, 0.0, 1.0],
                [0.973982, -0.087581, 0.209016, 0.124994, -0.224006, -0.511832, 0.829367, -0.002831, 0.034344, -0.854609, -0.518135, -1.2e-05, 0.0, 0.0, 0.0, 1.0],
                [0.98293, -0.108854, 0.148324, 0.124994, -0.183967, -0.571355, 0.799819, -0.002831, -0.002318, -0.813452, -0.581627, -1.2e-05, 0.0, 0.0, 0.0, 1.0],
                [0.989049, -0.122524, 0.082274, 0.124994, -0.14141, -0.627195, 0.765917, -0.002831, -0.042242, -0.769165, -0.637653, -1.2e-05, 0.0, 0.0, 0.0, 1.0],
                [0.991629, -0.128446, 0.013152, 0.124994, -0.09753, -0.678393, 0.728197, -0.002831, -0.084612, -0.723384, -0.685241, -1.2e-05, 0.0, 0.0, 0.0, 1.0],
                [0.990277, -0.127044, -0.056662, 0.124994, -0.053552, -0.724101, 0.687612, -0.002831, -0.128385, -0.677892, -0.723864, -1.2e-05, 0.0, 0.0, 0.0, 1.0],
                [0.984967, -0.119218, -0.125012, 0.124994, -0.010641, -0.764175, 0.644921, -0.002831, -0.172417, -0.633895, -0.753956, -1.2e-05, 0.0, 0.0, 0.0, 1.0],
                [0.976023, -0.106085, -0.190064, 0.124994, 0.030198, -0.798754, 0.600899, -0.002831, -0.215561, -0.592231, -0.776399, -1.2e-05, 0.0, 0.0, 0.0, 1.0],
                [0.964064, -0.088904, -0.25035, 0.124994, 0.068177, -0.827994, 0.556577, -0.002831, -0.25677, -0.553644, -0.792178, -1.2e-05, 0.0, 0.0, 0.0, 1.0],
                [0.949902, -0.068887, -0.304863, 0.124994, 0.102732, -0.852398, 0.512701, -0.002831, -0.295183, -0.518335, -0.802618, -1.2e-05, 0.0, 0.0, 0.0, 1.0],
                [0.934442, -0.047183, -0.352976, 0.124994, 0.133511, -0.872471, 0.470072, -0.002831, -0.330141, -0.486382, -0.808975, -1.2e-05, 0.0, 0.0, 0.0, 1.0],
                [0.9186, -0.024821, -0.394408, 0.124994, 0.160344, -0.888774, 0.429384, -0.002831, -0.361197, -0.457673, -0.812448, -1.2e-05, 0.0, 0.0, 0.0, 1.0],
                [0.903231, -0.002867, -0.429144, 0.124994, 0.183206, -0.901703, 0.391622, -0.002831, -0.388083, -0.432347, -0.813922, -1.2e-05, 0.0, 0.0, 0.0, 1.0],
                [0.889083, 0.017794, -0.457399, 0.124994, 0.202159, -0.911778, 0.357482, -0.002831, -0.410685, -0.410298, -0.814244, -1.2e-05, 0.0, 0.0, 0.0, 1.0],
                [0.876774, 0.03621, -0.479537, 0.124994, 0.217335, -0.919356, 0.327948, -0.002831, -0.428991, -0.391757, -0.813937, -1.2e-05, 0.0, 0.0, 0.0, 1.0],
                [0.86678, 0.051558, -0.496017, 0.124994, 0.228888, -0.924817, 0.303847, -0.002831, -0.44306, -0.376901, -0.813415, -1.2e-05, 0.0, 0.0, 0.0, 1.0],
                [0.859446, 0.063143, -0.507312, 0.124994, 0.236976, -0.928496, 0.285898, -0.002831, -0.452985, -0.365935, -0.812955, -1.2e-05, 0.0, 0.0, 0.0, 1.0],
                [0.854983, 0.070277, -0.513873, 0.124994, 0.24175, -0.930566, 0.27496, -0.002831, -0.458869, -0.359315, -0.812608, -1.2e-05, 0.0, 0.0, 0.0, 1.0],
                [0.853491, 0.072693, -0.516012, 0.124994, 0.243322, -0.931239, 0.27127, -0.002831, -0.460811, -0.357084, -0.812492, -1.2e-05, 0.0, 0.0, 0.0, 1.0]
            ]
        },
        {
            "name": "Leg_R",
            "time": [0.0, 0.0167, 0.0333, 0.05, 0.0667, 0.0833, 0.1, 0.1167, 0.1333, 0.15, 0.1667, 0.1833, 0.2, 0.2167, 0.2333, 0.25, 0.2667, 0.2833, 0.3, 0.3167, 0.3333, 0.35, 0.3667, 0.3833, 0.4, 0.4167, 0.4333, 0.45, 0.4667, 0.4833, 0.5, 0.5167, 0.5333, 0.55, 0.5667, 0.5833, 0.6, 0.6167, 0.6333, 0.65, 0.6667, 0.6833, 0.7, 0.7167, 0.7333, 0.75, 0.7667, 0.7833, 0.8, 0.8167, 0.8333, 0.85, 0.8667, 0.8833, 0.9, 0.9167, 0.9333, 0.95, 0.9667, 0.9833, 1.0, 1.0167, 1.0333, 1.05, 1.0667, 1.0833, 1.1, 1.1167, 1.1333, 1.15, 1.1667, 1.1833, 1.2, 1.2167, 1.2333, 1.25, 1.2667, 1.2833, 1.3, 1.3167, 1.3333, 1.35, 1.3667, 1.3833, 1.4, 1.4167, 1.4333, 1.45, 1.4667, 1.4833, 1.5, 1.5167, 1.5333, 1.55, 1.5667, 1.5833, 1.6, 1.6167, 1.6333, 1.65, 1.6667],
            "transform": [
                [0.998527, -0.036363, -0.040267, -0.0, 0.036478, -0.099464, 0.994372, 0.374721, -0.040164, -0.994376, -0.097991, 0.0, 0.0, 0.0, 0.0, 1.0],
                [0.99852, -0.036344, -0.040454, -0.0, 0.036458, -0.104566, 0.99385, 0.374721, -0.040351, -0.993854, -0.103086, 0.0, 0.0, 0.0, 0.0, 1.0],
                [0.998499, -0.036279, -0.041026, -0.0, 0.036393, -0.120247, 0.992077, 0.374721, -0.040925, -0.992081, -0.118747, 0.0, 0.0, 0.0, 0.0, 1.0],
                [0.998465, -0.036152, -0.041975, -0.0, 0.036265, -0.14622, 0.988587, 0.374721, -0.041877, -0.988591, -0.144685, -0.0, 0.0, 0.0, 0.0, 1.0],
                [0.99842, -0.035949, -0.043199, -0.0, 0.036062, -0.179746, 0.983052, 0.374721, -0.043105, -0.983056, -0.178165, 0.0, 0.0, 0.0, 0.0, 1.0],
                [0.99837, -0.035679, -0.044542, -0.0, 0.035791, -0.216491, 0.975628, 0.374721, -0.044452, -0.975633, -0.214861, -0.0, 0.0, 0.0, 0.0, 1.0],
                [0.998325, -0.035383, -0.045771, 0.0, 0.035495, -0.250148, 0.967557, 0.374721, -0.045685, -0.967561, -0.248473, -0.0, 0.0, 0.0, 0.0, 1.0],
                [0.998293, -0.035147, -0.046637, -0.0, 0.035258, -0.273885, 0.961116, 0.374721, -0.046554, -0.96112, -0.272178, 0.0, 0.0, 0.0, 0.0, 1.0],
                [0.998282, -0.035063, -0.046932, 0.0, 0.035173, -0.28193, 0.95879, 0.374721, -0.046849, -0.958794, -0.280213, 0.0, 0.0, 0.0, 0.0, 1.0],
                [0.998297, -0.035179, -0.046527, 0.0, 0.03529, -0.27084, 0.961977, 0.374721, -0.046443, -0.961981, -0.269137, -0.0, 0.0, 0.0, 0.0, 1.0],
                [0.998339, -0.035479, -0.045394, -0.0, 0.03559, -0.239829, 0.970163, 0.374721, -0.045307, -0.970167, -0.238168, -0.0, 0.0, 0.0, 0.0, 1.0],
                [0.998393, -0.03581, -0.043922, -0.0, 0.035922, -0.199542, 0.979231, 0.374721, -0.04383, -0.979235, -0.197935, 0.0, 0.0, 0.0, 0.0, 1.0],
                [0.998442, -0.036056, -0.042592, -0.0, 0.036169, -0.163094, 0.985948, 0.374721, -0.042496, -0.985952, -0.161536, -0.0, 0.0, 0.0, 0.0, 1.0],
                [0.99848, -0.036211, -0.041552, -0.0, 0.036325, -0.134652, 0.990227, 0.374721, -0.041452, -0.990231, -0.133132, 0.0, 0.0, 0.0, 0.0, 1.0],
                [0.998503, -0.036293, -0.04091, -0.0, 0.036407, -0.11707, 0.992456, 0.374721, -0.040809, -0.99246, -0.115573, 0.0, 0.0, 0.0, 0.0, 1.0],
                [0.998511, -0.036316, -0.040704, 0.0, 0.03643, -0.111446, 0.993103, 0.374721, -0.040602, -0.993107, -0.109957, -0.0, 0.0, 0.0, 0.0, 1.0],
                [0.998503, -0.036287, -0.040929, 0.0, 0.036401, -0.117696, 0.992383, 0.374721, -0.040828, -0.992386, -0.116199, -0.0, 0.0, 0.0, 0.0, 1.0],
                [0.998477, -0.036199, -0.04162, 0.0, 0.036313, -0.136612, 0.989959, 0.374721, -0.041521, -0.989963, -0.135089, 0.0, 0.0, 0.0, 0.0, 1.0],
                [0.998437, -0.036023, -0.042741, -0.0, 0.036136, -0.167378, 0.985231, 0.374721, -0.042645, -0.985234, -0.165814, -0.0, 0.0, 0.0, 0.0, 1.0],
                [0.998381, -0.03574, -0.044251, 0.0, 0.035852, -0.208565, 0.977351, 0.374721, -0.044159, -0.977355, -0.206946, 0.0, 0.0, 0.0, 0.0, 1.0],
                [0.998315, -0.035317, -0.046037, -0.0, 0.035428, -0.257329, 0.965674, 0.374721, -0.045952, -0.965678, -0.255645, 0.0, 0.0, 0.0, 0.0, 1.0],
                [0.998245, -0.034749, -0.047956, 0.0, 0.034858, -0.309881, 0.950136, 0.374721, -0.047877, -0.950141, -0.308126, 0.0, 0.0, 0.0, 0.0, 1.0],
                [0.998176, -0.034064, -0.049838, 0.0, 0.034171, -0.361741, 0.931652, 0.374721, -0.049765, -0.931656, -0.359917, -0.0, 0.0, 0.0, 0.0, 1.0],
                [0.998113, -0.033359, -0.051559, 0.0, 0.033464, -0.40852, 0.912136, 0.374721, -0.051491, -0.91214, -0.406633, -0.0, 0.0, 0.0, 0.0, 1.0],
                [0.998064, -0.032707, -0.052908, 0.0, 0.03281, -0.445813, 0.894524, 0.374721, -0.052844, -0.894528, -0.443877, -0.0, 0.0, 0.0, 0.0, 1.0],
                [0.998029, -0.032245, -0.053833, 0.0, 0.032346, -0.470776, 0.88166, 0.374721, -0.053772, -0.881664, -0.468805, -0.0, 0.0, 0.0, 0.0, 1.0],
                [0.998015, -0.032019, -0.054219, -0.0, 0.03212, -0.481737, 0.875728, 0.374721, -0.05416, -0.875731, -0.479752, 0.0, 0.0, 0.0, 0.0, 1.0],
                [0.99802, -0.032087, -0.054096, -0.0, 0.032188, -0.478358, 0.877575, 0.374721, -0.054036, -0.877579, -0.476378, 0.0, 0.0, 0.0, 0.0, 1.0],
                [0.998056, -0.032614, -0.053107, 0.0, 0.032717, -0.451098, 0.891875, 0.374721, -0.053044, -0.891878, -0.449154, -0.0, 0.0, 0.0, 0.0, 1.0],
                [0.99814, -0.033677, -0.050812, -0.0, 0.033783, -0.388245, 0.920937, 0.374721, -0.050742, -0.920941, -0.386385, 0.0, 0.0, 0.0, 0.0, 1.0],
                [0.998277, -0.03501, -0.047081, 0.0, 0.03512, -0.286235, 0.957516, 0.374721, -0.046999, -0.95752, -0.284512, 0.0, 0.0, 0.0, 0.0, 1.0],
                [0.998464, -0.03615, -0.041982, 0.0, 0.036263, -0.146452, 0.988553, 0.374721, -0.041884, -0.988557, -0.144916, 0.0, 0.0, 0.0, 0.0, 1.0],
                [0.99868, -0.036535, -0.036097, 0.0, 0.03665, 0.014562, 0.999222, 0.374721, -0.035981, -0.999226, 0.015882, -0.0, 0.0, 0.0, 0.0, 1.0],
                [0.998888, -0.036008, -0.030432, -0.0, 0.036122, 0.169732, 0.984828, 0.374721, -0.030297, -0.984832, 0.170844, 0.0, 0.0, 0.0, 0.0, 1.0],
                [0.999062, -0.034865, -0.025695, -0.0, 0.034975, 0.299546, 0.953441, 0.374721, -0.025545, -0.953445, 0.300484, 0.0, 0.0, 0.0, 0.0, 1.0],
                [0.999069, -0.034805, -0.025503, 0.0, 0.034914, 0.304819, 0.95177, 0.374721, -0.025352, -0.951774, 0.30575, -0.0, 0.0, 0.0, 0.0, 1.0],
                [0.998834, -0.036235, -0.031902, -0.0, 0.036349, 0.129566, 0.990904, 0.374721, -0.031772, -0.990908, 0.130732, -0.0, 0.0, 0.0, 0.0, 1.0],
                [0.998532, -0.036381, -0.040131, -0.0, 0.036495, -0.095621, 0.994749, 0.374721, -0.040027, -0.994753, -0.094153, -0.0, 0.0, 0.0, 0.0, 1.0],
                [0.99829, -0.035117, -0.046738, -0.0, 0.035227, -0.276674, 0.960318, 0.374721, -0.046654, -0.960322, -0.274964, -0.0, 0.0, 0.0, 0.0, 1.0],
