{
    "animation": [
        {
            "name": "Root",
            "time": [0.0, 0.0167, 0.0333, 0.05, 0.0667, 0.0833, 0.1, 0.1167, 0.1333, 0.15, 0.1667, 0.1833, 0.2, 0.2167, 0.2333, 0.25, 0.2667, 0.2833, 0.3, 0.3167, 0.3333, 0.35, 0.3667, 0.3833, 0.4, 0.4167, 0.4333, 0.45, 0.4667, 0.4833, 0.5, 0.5167, 0.5333, 0.55, 0.5667, 0.5833, 0.6, 0.6167, 0.6333, 0.65, 0.6667, 0.6833, 0.7, 0.7167, 0.7333, 0.75, 0.7667, 0.7833, 0.8, 0.8167, 0.8333, 0.85, 0.8667, 0.8833, 0.9, 0.9167, 0.9333, 0.95, 0.9667, 0.9833, 1.0, 1.0167, 1.0333, 1.05, 1.0667, 1.0833, 1.1, 1.1167, 1.1333, 1.15, 1.1667, 1.1833, 1.2, 1.2167, 1.2333, 1.25, 1.2667, 1.2833, 1.3, 1.3167, 1.3333, 1.35, 1.3667, 1.3833, 1.4, 1.4167, 1.4333, 1.45, 1.4667, 1.4833, 1.5, 1.5167, 1.5333, 1.55, 1.5667, 1.5833, 1.6, 1.6167, 1.6333, 1.65, 1.6667, 1.6833, 1.7, 1.7167, 1.7333, 1.75, 1.7667, 1.7833, 1.8, 1.8167, 1.8333, 1.85, 1.8667, 1.8833, 1.9, 1.9167, 1.9333, 1.95, 1.9667, 1.9833, 2.0, 2.0167, 2.0333, 2.05, 2.0667, 2.0833, 2.1, 2.1167, 2.1333, 2.15, 2.1667, 2.1833, 2.2],
            "transform": [
                [-0.213161, 0.0, -0.977017, -5e-06, -0.977017, 0.0, 0.213161, 0.031777, 0.0, 1.0, 0.0, 0.639874, 0.0, 0.0, 0.0, 1.0],
                [-0.213161, 0.0, -0.977017, -5e-06, -0.977017, 0.0, 0.213161, 0.029914, 0.0, 1.0, 0.0, 0.641032, 0.0, 0.0, 0.0, 1.0],
                [-0.213161, 0.0, -0.977017, -5e-06, -0.977017, 0.0, 0.213161, 0.024289, 0.0, 1.0, 0.0, 0.644526, 0.0, 0.0, 0.0, 1.0],
                [-0.213161, 0.0, -0.977017, -5e-06, -0.977017, 0.0, 0.213161, 0.015014, 0.0, 1.0, 0.0, 0.650287, 0.0, 0.0, 0.0, 1.0],
                [-0.213161, 0.0, -0.977017, -5e-06, -0.977017, 0.0, 0.213161, 0.002495, 0.0, 1.0, 0.0, 0.658063, 0.0, 0.0, 0.0, 1.0],
                [-0.213161, 0.0, -0.977017, -5e-06, -0.977017, 0.0, 0.213161, -0.012496, 0.0, 1.0, 0.0, 0.667375, 0.0, 0.0, 0.0, 1.0],
                [-0.213161, 0.0, -0.977017, -5e-06, -0.977017, 0.0, 0.213161, -0.028835, 0.0, 1.0, 0.0, 0.677524, 0.0, 0.0, 0.0, 1.0],
                [-0.213161, 0.0, -0.977017, -5e-06, -0.977017, 0.0, 0.213161, -0.045174, 0.0, 1.0, 0.0, 0.687673, 0.0, 0.0, 0.0, 1.0],
                [-0.213161, 0.0, -0.977017, -5e-06, -0.977017, 0.0, 0.213161, -0.060165, 0.0, 1.0, 0.0, 0.696985, 0.0, 0.0, 0.0, 1.0],
                [-0.213161, 0.0, -0.977017, -5e-06, -0.977017, 0.0, 0.213161, -0.072684, 0.0, 1.0, 0.0, 0.704761, 0.0, 0.0, 0.0, 1.0],
                [-0.213161, 0.0, -0.977017, -5e-06, -0.977017, 0.0, 0.213161, -0.081959, 0.0, 1.0, 0.0, 0.710522, 0.0, 0.0, 0.0, 1.0],
                [-0.213161, 0.0, -0.977017, -5e-06, -0.977017, 0.0, 0.213161, -0.087584, 0.0, 1.0, 0.0, 0.714016, 0.0, 0.0, 0.0, 1.0],
                [-0.213161, 0.0, -0.977017, -5e-06, -0.977017, 0.0, 0.213161, -0.089447, 0.0, 1.0, 0.0, 0.715174, 0.0, 0.0, 0.0, 1.0],
                [-0.213161, 0.0, -0.977017, -5e-06, -0.977017, 0.0, 0.213161, -0.089447, 0.0, 1.0, 0.0, 0.715174, 0.0, 0.0, 0.0, 1.0],
                [-0.213161, 0.0, -0.977017, -5e-06, -0.977017, 0.0, 0.213161, -0.089447, 0.0, 1.0, 0.0, 0.715174, 0.0, 0.0, 0.0, 1.0],
                [-0.213161, 0.0, -0.977017, -5e-06, -0.977017, 0.0, 0.213161, -0.089447, 0.0, 1.0, 0.0, 0.715174, 0.0, 0.0, 0.0, 1.0],
                [-0.213161, 0.0, -0.977017, -5e-06, -0.977017, 0.0, 0.213161, -0.089447, 0.0, 1.0, 0.0, 0.715174, 0.0, 0.0, 0.0, 1.0],
                [-0.213161, 0.0, -0.977017, -5e-06, -0.977017, 0.0, 0.213161, -0.089447, 0.0, 1.0, 0.0, 0.715174, 0.0, 0.0, 0.0, 1.0],
                [-0.213161, 0.0, -0.977017, -5e-06, -0.977017, 0.0, 0.213161, -0.089447, 0.0, 1.0, 0.0, 0.715174, 0.0, 0.0, 0.0, 1.0],
                [-0.213161, 0.0, -0.977017, -5e-06, -0.977017, 0.0, 0.213161, -0.089447, 0.0, 1.0, 0.0, 0.715174, 0.0, 0.0, 0.0, 1.0],
                [-0.213161, 0.0, -0.977017, -5e-06, -0.977017, 0.0, 0.213161, -0.089447, 0.0, 1.0, 0.0, 0.715174, 0.0, 0.0, 0.0, 1.0],
                [-0.213161, 0.0, -0.977017, -5e-06, -0.977017, 0.0, 0.213161, -0.089447, 0.0, 1.0, 0.0, 0.715174, 0.0, 0.0, 0.0, 1.0],
                [-0.213161, 0.0, -0.977017, -5e-06, -0.977017, 0.0, 0.213161, -0.089447, 0.0, 1.0, 0.0, 0.715174, 0.0, 0.0, 0.0, 1.0],
                [-0.213161, 0.0, -0.977017, -5e-06, -0.977017, 0.0, 0.213161, -0.089447, 0.0, 1.0, 0.0, 0.715174, 0.0, 0.0, 0.0, 1.0],
                [-0.213161, 0.0, -0.977017, -5e-06, -0.977017, 0.0, 0.213161, -0.089447, 0.0, 1.0, 0.0, 0.715174, 0.0, 0.0, 0.0, 1.0],
                [-0.213161, 0.0, -0.977017, -5e-06, -0.977017, 0.0, 0.213161, -0.089447, 0.0, 1.0, 0.0, 0.715174, 0.0, 0.0, 0.0, 1.0],
                [-0.213161, 0.0, -0.977017, -5e-06, -0.977017, 0.0, 0.213161, -0.089447, 0.0, 1.0, 0.0, 0.715174, 0.0, 0.0, 0.0, 1.0],
                [-0.213161, 0.0, -0.977017, -5e-06, -0.977017, 0.0, 0.213161, -0.089447, 0.0, 1.0, 0.0, 0.715174, 0.0, 0.0, 0.0, 1.0],
                [-0.213161, 0.0, -0.977017, -5e-06, -0.977017, 0.0, 0.213161, -0.089447, 0.0, 1.0, 0.0, 0.715174, 0.0, 0.0, 0.0, 1.0],
                [-0.213161, 0.0, -0.977017, -5e-06, -0.977017, 0.0, 0.213161, -0.089447, 0.0, 1.0, 0.0, 0.715174, 0.0, 0.0, 0.0, 1.0],
                [-0.213161, 0.0, -0.977017, -5e-06, -0.977017, 0.0, 0.213161, -0.089447, 0.0, 1.0, 0.0, 0.715174, 0.0, 0.0, 0.0, 1.0],
                [-0.218041, 0.0, -0.97594, -5e-06, -0.97594, 0.0, 0.218041, -0.089447, 0.0, 1.0, 0.0, 0.715174, 0.0, 0.0, 0.0, 1.0],
                [-0.232759, 0.0, -0.972534, -5e-06, -0.972534, 0.0, 0.232759, -0.089447, 0.0, 1.0, 0.0, 0.715174, 0.0, 0.0, 0.0, 1.0],
                [-0.257129, 0.0, -0.966377, -5e-06, -0.966377, 0.0, 0.257129, -0.089447, 0.0, 1.0, 0.0, 0.715174, 0.0, 0.0, 0.0, 1.0],
                [-0.290447, 0.0, -0.956891, -5e-06, -0.956891, 0.0, 0.290447, -0.089447, 0.0, 1.0, 0.0, 0.715174, 0.0, 0.0, 0.0, 1.0],
                [-0.331365, 0.0, -0.943503, -5e-06, -0.943503, 0.0, 0.331365, -0.089447, 0.0, 1.0, 0.0, 0.715174, 0.0, 0.0, 0.0, 1.0],
                [-0.377856, 0.0, -0.925864, -5e-06, -0.925864, 0.0, 0.377856, -0.089447, 0.0, 1.0, 0.0, 0.715174, 0.0, 0.0, 0.0, 1.0],
                [-0.427315, 0.0, -0.904103, -5e-06, -0.904103, 0.0, 0.427315, -0.089447, 0.0, 1.0, 0.0, 0.715174, 0.0, 0.0, 0.0, 1.0],
                [-0.47684, 0.0, -0.87899, -5e-06, -0.87899, 0.0, 0.47684, -0.089447, 0.0, 1.0, 0.0, 0.715174, 0.0, 0.0, 0.0, 1.0],
                [-0.523623, 0.0, -0.85195, -5e-06, -0.85195, 0.0, 0.523623, -0.089447, 0.0, 1.0, 0.0, 0.715174, 0.0, 0.0, 0.0, 1.0],
                [-0.565325, 0.0, -0.824868, -5e-06, -0.824868, 0.0, 0.565325, -0.089447, 0.0, 1.0, 0.0, 0.715174, 0.0, 0.0, 0.0, 1.0],
                [-0.600306, 0.0, -0.79977, -5e-06, -0.79977, 0.0, 0.600306, -0.089447, 0.0, 1.0, 0.0, 0.715174, 0.0, 0.0, 0.0, 1.0],
                [-0.627647, 0.0, -0.778498, -5e-06, -0.778498, 0.0, 0.627647, -0.089447, 0.0, 1.0, 0.0, 0.715174, 0.0, 0.0, 0.0, 1.0],
                [-0.647016, 0.0, -0.762477, -5e-06, -0.762477, 0.0, 0.647016, -0.089447, 0.0, 1.0, 0.0, 0.715174, 0.0, 0.0, 0.0, 1.0],
                [-0.65846, 0.0, -0.752616, -5e-06, -0.752616, 0.0, 0.65846, -0.089447, 0.0, 1.0, 0.0, 0.715174, 0.0, 0.0, 0.0, 1.0],
                [-0.662213, 0.0, -0.749316, -5e-06, -0.749316, 0.0, 0.662213, -0.089447, 0.0, 1.0, 0.0, 0.715174, 0.0, 0.0, 0.0, 1.0],
                [-0.594296, 0.0, -0.804246, -5e-06, -0.804246, 0.0, 0.594296, -0.067444, 0.0, 1.0, 0.0, 0.709856, 0.0, 0.0, 0.0, 1.0],
                [-0.365555, 0.0, -0.93079, -5e-06, -0.93079, 0.0, 0.365555, -0.001211, 0.0, 1.0, 0.0, 0.693902, 0.0, 0.0, 0.0, 1.0],
                [0.046697, 0.0, -0.998909, -5e-06, -0.998909, 0.0, -0.046697, 0.105651, 0.0, 1.0, 0.0, 0.668285, 0.0, 0.0, 0.0, 1.0],
                [0.549871, 0.0, -0.835249, -5e-06, -0.835249, 0.0, -0.549871, 0.242546, 0.0, 1.0, 0.0, 0.635696, 0.0, 0.0, 0.0, 1.0],
                [0.916785, 0.0, -0.399382, -5e-06, -0.399382, 0.0, -0.916785, 0.391808, 0.0, 1.0, 0.0, 0.600536, 0.0, 0.0, 0.0, 1.0],
                [0.992241, 0.0, 0.124331, -5e-06, 0.124331, 0.0, -0.992241, 0.53253, 0.0, 1.0, 0.0, 0.567948, 0.0, 0.0, 0.0, 1.0],
                [0.854817, 0.0, 0.518929, -5e-06, 0.518929, 0.0, -0.854817, 0.646599, 0.0, 1.0, 0.0, 0.542331, 0.0, 0.0, 0.0, 1.0],
                [0.691121, 0.0, 0.722739, -5e-06, 0.722739, 0.0, -0.691121, 0.722724, 0.0, 1.0, 0.0, 0.526376, 0.0, 0.0, 0.0, 1.0],
                [0.625413, 0.0, 0.780294, -5e-06, 0.780294, 0.0, -0.625413, 0.756586, 0.0, 1.0, 0.0, 0.521059, 0.0, 0.0, 0.0, 1.0],
                [0.625413, 0.0, 0.780294, -5e-06, 0.780294, 0.0, -0.625413, 0.768915, 0.0, 1.0, 0.0, 0.521059, 0.0, 0.0, 0.0, 1.0],
                [0.625413, 0.0, 0.780294, -5e-06, 0.780294, 0.0, -0.625413, 0.78061, 0.0, 1.0, 0.0, 0.521059, 0.0, 0.0, 0.0, 1.0],
                [0.625413, 0.0, 0.780294, -5e-06, 0.780294, 0.0, -0.625413, 0.79161, 0.0, 1.0, 0.0, 0.521059, 0.0, 0.0, 0.0, 1.0],
                [0.625413, 0.0, 0.780294, -5e-06, 0.780294, 0.0, -0.625413, 0.801856, 0.0, 1.0, 0.0, 0.521059, 0.0, 0.0, 0.0, 1.0],
                [0.625413, 0.0, 0.780294, -5e-06, 0.780294, 0.0, -0.625413, 0.811293, 0.0, 1.0, 0.0, 0.521059, 0.0, 0.0, 0.0, 1.0],
                [0.625413, 0.0, 0.780294, -5e-06, 0.780294, 0.0, -0.625413, 0.819869, 0.0, 1.0, 0.0, 0.521059, 0.0, 0.0, 0.0, 1.0],
                [0.625413, 0.0, 0.780294, -5e-06, 0.780294, 0.0, -0.625413, 0.827545, 0.0, 1.0, 0.0, 0.521059, 0.0, 0.0, 0.0, 1.0],
                [0.625413, 0.0, 0.780294, -5e-06, 0.780294, 0.0, -0.625413, 0.834299, 0.0, 1.0, 0.0, 0.521059, 0.0, 0.0, 0.0, 1.0],
                [0.625413, 0.0, 0.780294, -5e-06, 0.780294, 0.0, -0.625413, 0.840124, 0.0, 1.0, 0.0, 0.521059, 0.0, 0.0, 0.0, 1.0],
                [0.625413, 0.0, 0.780294, -5e-06, 0.780294, 0.0, -0.625413, 0.84504, 0.0, 1.0, 0.0, 0.521059, 0.0, 0.0, 0.0, 1.0],
                [0.625413, 0.0, 0.780294, -5e-06, 0.780294, 0.0, -0.625413, 0.849086, 0.0, 1.0, 0.0, 0.521059, 0.0, 0.0, 0.0, 1.0],
                [0.625413, 0.0, 0.780294, -5e-06, 0.780294, 0.0, -0.625413, 0.852325, 0.0, 1.0, 0.0, 0.521059, 0.0, 0.0, 0.0, 1.0],
                [0.625413, 0.0, 0.780294, -5e-06, 0.780294, 0.0, -0.625413, 0.854838, 0.0, 1.0, 0.0, 0.521059, 0.0, 0.0, 0.0, 1.0],
                [0.625413, 0.0, 0.780294, -5e-06, 0.780294, 0.0, -0.625413, 0.856718, 0.0, 1.0, 0.0, 0.521059, 0.0, 0.0, 0.0, 1.0],
                [0.625413, 0.0, 0.780294, -5e-06, 0.780294, 0.0, -0.625413, 0.858066, 0.0, 1.0, 0.0, 0.521059, 0.0, 0.0, 0.0, 1.0],
                [0.625413, 0.0, 0.780294, -5e-06, 0.780294, 0.0, -0.625413, 0.858981, 0.0, 1.0, 0.0, 0.521059, 0.0, 0.0, 0.0, 1.0],
                [0.625413, 0.0, 0.780294, -5e-06, 0.780294, 0.0, -0.625413, 0.859559, 0.0, 1.0, 0.0, 0.521059, 0.0, 0.0, 0.0, 1.0],
                [0.625413, 0.0, 0.780294, -5e-06, 0.780294, 0.0, -0.625413, 0.859888, 0.0, 1.0, 0.0, 0.521059, 0.0, 0.0, 0.0, 1.0],
                [0.625413, 0.0, 0.780294, -5e-06, 0.780294, 0.0, -0.625413, 0.860046, 0.0, 1.0, 0.0, 0.521059, 0.0, 0.0, 0.0, 1.0],
                [0.625413, 0.0, 0.780294, -5e-06, 0.780294, 0.0, -0.625413, 0.860101, 0.0, 1.0, 0.0, 0.521059, 0.0, 0.0, 0.0, 1.0],
                [0.625413, 0.0, 0.780294, -5e-06, 0.780294, 0.0, -0.625413, 0.860108, 0.0, 1.0, 0.0, 0.521059, 0.0, 0.0, 0.0, 1.0],
                [0.626746, 0.0, 0.779223, -5e-06, 0.779223, 0.0, -0.626746, 0.858867, 0.0, 1.0, 0.0, 0.521389, 0.0, 0.0, 0.0, 1.0],
                [0.630757, 0.0, 0.77598, -5e-06, 0.77598, 0.0, -0.630757, 0.855126, 0.0, 1.0, 0.0, 0.522384, 0.0, 0.0, 0.0, 1.0],
                [0.637434, 0.0, 0.770505, -5e-06, 0.770505, 0.0, -0.637434, 0.848863, 0.0, 1.0, 0.0, 0.524049, 0.0, 0.0, 0.0, 1.0],
                [0.64673, 0.0, 0.762719, -5e-06, 0.762719, 0.0, -0.64673, 0.840068, 0.0, 1.0, 0.0, 0.526388, 0.0, 0.0, 0.0, 1.0],
                [0.658563, 0.0, 0.752526, -5e-06, 0.752526, 0.0, -0.658563, 0.828739, 0.0, 1.0, 0.0, 0.529401, 0.0, 0.0, 0.0, 1.0],
                [0.672807, 0.0, 0.739818, -5e-06, 0.739818, 0.0, -0.672807, 0.814894, 0.0, 1.0, 0.0, 0.533083, 0.0, 0.0, 0.0, 1.0],
                [0.689293, 0.0, 0.724483, -5e-06, 0.724483, 0.0, -0.689293, 0.798562, 0.0, 1.0, 0.0, 0.537426, 0.0, 0.0, 0.0, 1.0],
                [0.707808, 0.0, 0.706405, -5e-06, 0.706405, 0.0, -0.707808, 0.779792, 0.0, 1.0, 0.0, 0.542418, 0.0, 0.0, 0.0, 1.0],
                [0.728091, 0.0, 0.685481, -5e-06, 0.685481, 0.0, -0.728091, 0.758654, 0.0, 1.0, 0.0, 0.548039, 0.0, 0.0, 0.0, 1.0],
                [0.749838, 0.0, 0.661622, -5e-06, 0.661622, 0.0, -0.749838, 0.735237, 0.0, 1.0, 0.0, 0.554267, 0.0, 0.0, 0.0, 1.0],
                [0.772701, 0.0, 0.634771, -5e-06, 0.634771, 0.0, -0.772701, 0.709656, 0.0, 1.0, 0.0, 0.56107, 0.0, 0.0, 0.0, 1.0],
                [0.796296, 0.0, 0.604907, -5e-06, 0.604907, 0.0, -0.796296, 0.682048, 0.0, 1.0, 0.0, 0.568412, 0.0, 0.0, 0.0, 1.0],
                [0.820212, 0.0, 0.57206, -5e-06, 0.57206, 0.0, -0.820212, 0.652575, 0.0, 1.0, 0.0, 0.57625, 0.0, 0.0, 0.0, 1.0],
                [0.844016, 0.0, 0.536318, -5e-06, 0.536318, 0.0, -0.844016, 0.621424, 0.0, 1.0, 0.0, 0.584534, 0.0, 0.0, 0.0, 1.0],
                [0.867273, 0.0, 0.497833, -5e-06, 0.497833, 0.0, -0.867273, 0.588806, 0.0, 1.0, 0.0, 0.593208, 0.0, 0.0, 0.0, 1.0],
                [0.889554, 0.0, 0.456829, -5e-06, 0.456829, 0.0, -0.889554, 0.554954, 0.0, 1.0, 0.0, 0.602211, 0.0, 0.0, 0.0, 1.0],
                [0.91046, 0.0, 0.413598, -5e-06, 0.413598, 0.0, -0.91046, 0.52012, 0.0, 1.0, 0.0, 0.611475, 0.0, 0.0, 0.0, 1.0],
                [0.929629, 0.0, 0.368498, -5e-06, 0.368498, 0.0, -0.929629, 0.484572, 0.0, 1.0, 0.0, 0.620928, 0.0, 0.0, 0.0, 1.0],
                [0.946757, 0.0, 0.321948, -5e-06, 0.321948, 0.0, -0.946757, 0.448591, 0.0, 1.0, 0.0, 0.630497, 0.0, 0.0, 0.0, 1.0],
                [0.961612, 0.0, 0.274413, -5e-06, 0.274413, 0.0, -0.961612, 0.412464, 0.0, 1.0, 0.0, 0.640105, 0.0, 0.0, 0.0, 1.0],
                [0.974036, 0.0, 0.226393, -5e-06, 0.226393, 0.0, -0.974036, 0.376482, 0.0, 1.0, 0.0, 0.649674, 0.0, 0.0, 0.0, 1.0],
                [0.983957, 0.0, 0.178403, -5e-06, 0.178403, 0.0, -0.983957, 0.340934, 0.0, 1.0, 0.0, 0.659127, 0.0, 0.0, 0.0, 1.0],
                [0.991388, 0.0, 0.130961, -5e-06, 0.130961, 0.0, -0.991388, 0.3061, 0.0, 1.0, 0.0, 0.668391, 0.0, 0.0, 0.0, 1.0],
                [0.996418, 0.0, 0.084566, -5e-06, 0.084566, 0.0, -0.996418, 0.272248, 0.0, 1.0, 0.0, 0.677394, 0.0, 0.0, 0.0, 1.0],
                [0.999212, 0.0, 0.039687, -5e-06, 0.039687, 0.0, -0.999212, 0.23963, 0.0, 1.0, 0.0, 0.686068, 0.0, 0.0, 0.0, 1.0],
                [0.999995, 0.0, -0.003249, -5e-06, -0.003249, 0.0, -0.999995, 0.20848, 0.0, 1.0, 0.0, 0.694352, 0.0, 0.0, 0.0, 1.0],
                [0.999037, 0.0, -0.043869, -5e-06, -0.043869, 0.0, -0.999037, 0.179007, 0.0, 1.0, 0.0, 0.70219, 0.0, 0.0, 0.0, 1.0],
                [0.996644, 0.0, -0.081854, -5e-06, -0.081854, 0.0, -0.996644, 0.151398, 0.0, 1.0, 0.0, 0.709532, 0.0, 0.0, 0.0, 1.0],
                [0.993138, 0.0, -0.116946, -5e-06, -0.116946, 0.0, -0.993138, 0.125817, 0.0, 1.0, 0.0, 0.716335, 0.0, 0.0, 0.0, 1.0],
                [0.988846, 0.0, -0.148942, -5e-06, -0.148942, 0.0, -0.988846, 0.1024, 0.0, 1.0, 0.0, 0.722563, 0.0, 0.0, 0.0, 1.0],
                [0.984086, 0.0, -0.177692, -5e-06, -0.177692, 0.0, -0.984086, 0.081262, 0.0, 1.0, 0.0, 0.728184, 0.0, 0.0, 0.0, 1.0],
                [0.979159, 0.0, -0.203095, -5e-06, -0.203095, 0.0, -0.979159, 0.062493, 0.0, 1.0, 0.0, 0.733176, 0.0, 0.0, 0.0, 1.0],
                [0.974338, 0.0, -0.225089, -5e-06, -0.225089, 0.0, -0.974338, 0.046161, 0.0, 1.0, 0.0, 0.737519, 0.0, 0.0, 0.0, 1.0],
                [0.969864, 0.0, -0.243646, -5e-06, -0.243646, 0.0, -0.969864, 0.032315, 0.0, 1.0, 0.0, 0.741201, 0.0, 0.0, 0.0, 1.0],
                [0.965941, 0.0, -0.258763, -5e-06, -0.258763, 0.0, -0.965941, 0.020987, 0.0, 1.0, 0.0, 0.744214, 0.0, 0.0, 0.0, 1.0],
                [0.962732, 0.0, -0.270457, -5e-06, -0.270457, 0.0, -0.962732, 0.012191, 0.0, 1.0, 0.0, 0.746553, 0.0, 0.0, 0.0, 1.0],
                [0.960361, 0.0, -0.27876, -5e-06, -0.27876, 0.0, -0.960361, 0.005928, 0.0, 1.0, 0.0, 0.748218, 0.0, 0.0, 0.0, 1.0],
                [0.95891, 0.0, -0.283709, -5e-06, -0.283709, 0.0, -0.95891, 0.002187, 0.0, 1.0, 0.0, 0.749213, 0.0, 0.0, 0.0, 1.0],
                [0.958424, 0.0, -0.285349, -5e-06, -0.285349, 0.0, -0.958424, 0.000946, 0.0, 1.0, 0.0, 0.749543, 0.0, 0.0, 0.0, 1.0],
                [0.958424, 0.0, -0.285349, -5e-06, -0.285349, 0.0, -0.958424, 0.000946, 0.0, 1.0, 0.0, 0.749543, 0.0, 0.0, 0.0, 1.0],
                [0.958424, 0.0, -0.285349, -5e-06, -0.285349, 0.0, -0.958424, 0.000946, 0.0, 1.0, 0.0, 0.749543, 0.0, 0.0, 0.0, 1.0],
                [0.958424, 0.0, -0.285349, -5e-06, -0.285349, 0.0, -0.958424, 0.000946, 0.0, 1.0, 0.0, 0.749543, 0.0, 0.0, 0.0, 1.0],
                [0.958424, 0.0, -0.285349, -5e-06, -0.285349, 0.0, -0.958424, 0.000946, 0.0, 1.0, 0.0, 0.749543, 0.0, 0.0, 0.0, 1.0],
                [0.958424, 0.0, -0.285349, -5e-06, -0.285349, 0.0, -0.958424, 0.000946, 0.0, 1.0, 0.0, 0.749543, 0.0, 0.0, 0.0, 1.0],
                [0.958424, 0.0, -0.285349, -5e-06, -0.285349, 0.0, -0.958424, 0.000946, 0.0, 1.0, 0.0, 0.749543, 0.0, 0.0, 0.0, 1.0],
                [0.958424, 0.0, -0.285349, -5e-06, -0.285349, 0.0, -0.958424, 0.000946, 0.0, 1.0, 0.0, 0.749543, 0.0, 0.0, 0.0, 1.0],
                [0.958424, 0.0, -0.285349, -5e-06, -0.285349, 0.0, -0.958424, 0.000946, 0.0, 1.0, 0.0, 0.749543, 0.0, 0.0, 0.0, 1.0],
                [0.958424, 0.0, -0.285349, -5e-06, -0.285349, 0.0, -0.958424, 0.000946, 0.0, 1.0, 0.0, 0.749543, 0.0, 0.0, 0.0, 1.0],
                [0.958424, 0.0, -0.285349, -5e-06, -0.285349, 0.0, -0.958424, 0.000946, 0.0, 1.0, 0.0, 0.749543, 0.0, 0.0, 0.0, 1.0],
                [0.958424, 0.0, -0.285349, -5e-06, -0.285349, 0.0, -0.958424, 0.000946, 0.0, 1.0, 0.0, 0.749543, 0.0, 0.0, 0.0, 1.0],
                [0.958424, 0.0, -0.285349, -5e-06, -0.285349, 0.0, -0.958424, 0.000946, 0.0, 1.0, 0.0, 0.749543, 0.0, 0.0, 0.0, 1.0],
                [0.958424, 0.0, -0.285349, -5e-06, -0.285349, 0.0, -0.958424, 0.000946, 0.0, 1.0, 0.0, 0.749543, 0.0, 0.0, 0.0, 1.0],
                [0.958424, 0.0, -0.285349, -5e-06, -0.285349, 0.0, -0.958424, 0.000946, 0.0, 1.0, 0.0, 0.749543, 0.0, 0.0, 0.0, 1.0],
                [0.958424, 0.0, -0.285349, -5e-06, -0.285349, 0.0, -0.958424, 0.000946, 0.0, 1.0, 0.0, 0.749543, 0.0, 0.0, 0.0, 1.0],
                [0.958424, 0.0, -0.285349, -5e-06, -0.285349, 0.0, -0.958424, 0.000946, 0.0, 1.0, 0.0, 0.749543, 0.0, 0.0, 0.0, 1.0],
                [0.958424, 0.0, -0.285349, -5e-06, -0.285349, 0.0, -0.958424, 0.000946, 0.0, 1.0, 0.0, 0.749543, 0.0, 0.0, 0.0, 1.0],
                [0.958424, 0.0, -0.285349, -5e-06, -0.285349, 0.0, -0.958424, 0.000946, 0.0, 1.0, 0.0, 0.749543, 0.0, 0.0, 0.0, 1.0]
            ]
        },
        {
            "name": "Thigh_R",
            "time": [0.0, 0.0167, 0.0333, 0.05, 0.0667, 0.0833, 0.1, 0.1167, 0.1333, 0.15, 0.1667, 0.1833, 0.2, 0.2167, 0.2333, 0.25, 0.2667, 0.2833, 0.3, 0.3167, 0.3333, 0.35, 0.3667, 0.3833, 0.4, 0.4167, 0.4333, 0.45, 0.4667, 0.4833, 0.5, 0.5167, 0.5333, 0.55, 0.5667, 0.5833, 0.6, 0.6167, 0.6333, 0.65, 0.6667, 0.6833, 0.7, 0.7167, 0.7333, 0.75, 0.7667, 0.7833, 0.8, 0.8167, 0.8333, 0.85, 0.8667, 0.8833, 0.9, 0.9167, 0.9333, 0.95, 0.9667, 0.9833, 1.0, 1.0167, 1.0333, 1.05, 1.0667, 1.0833, 1.1, 1.1167, 1.1333, 1.15, 1.1667, 1.1833, 1.2, 1.2167, 1.2333, 1.25, 1.2667, 1.2833, 1.3, 1.3167, 1.3333, 1.35, 1.3667, 1.3833, 1.4, 1.4167, 1.4333, 1.45, 1.4667, 1.4833, 1.5, 1.5167, 1.5333, 1.55, 1.5667, 1.5833, 1.6, 1.6167, 1.6333, 1.65, 1.6667, 1.6833, 1.7, 1.7167, 1.7333, 1.75, 1.7667, 1.7833, 1.8, 1.8167, 1.8333, 1.85, 1.8667, 1.8833, 1.9, 1.9167, 1.9333, 1.95, 1.9667, 1.9833, 2.0, 2.0167, 2.0333, 2.05, 2.0667, 2.0833, 2.1, 2.1167, 2.1333, 2.15, 2.1667, 2.1833, 2.2],
            "transform": [
                [0.237889, 0.157938, -0.958366, 0.124994, 0.324302, -0.942983, -0.074903, -0.002831, -0.915553, -0.292981, -0.275545, -1.2e-05, 0.0, 0.0, 0.0, 1.0],
                [0.237029, 0.155493, -0.958978, 0.124994, 0.322182, -0.943828, -0.073403, -0.002831, -0.916524, -0.291566, -0.273812, -1.2e-05, 0.0, 0.0, 0.0, 1.0],
                [0.234461, 0.148393, -0.960733, 0.124994, 0.315839, -0.946294, -0.069084, -0.002831, -0.919388, -0.287239, -0.268737, -1.2e-05, 0.0, 0.0, 0.0, 1.0],
                [0.230307, 0.13713, -0.963407, 0.124994, 0.305585, -0.950131, -0.062189, -0.002831, -0.923892, -0.280081, -0.260727, -1.2e-05, 0.0, 0.0, 0.0, 1.0],
                [0.224863, 0.123204, -0.96657, 0.124994, 0.292128, -0.954867, -0.053752, -0.002831, -0.929569, -0.270276, -0.250705, -1.2e-05, 0.0, 0.0, 0.0, 1.0],
                [0.218578, 0.10865, -0.969752, 0.124994, 0.276563, -0.959931, -0.045214, -0.002831, -0.935808, -0.258315, -0.239869, -1.2e-05, 0.0, 0.0, 0.0, 1.0],
                [0.212009, 0.095662, -0.972574, 0.124994, 0.26024, -0.964789, -0.038167, -0.002831, -0.94198, -0.245011, -0.229439, -1.2e-05, 0.0, 0.0, 0.0, 1.0],
                [0.20572, 0.086123, -0.974814, 0.124994, 0.244534, -0.969044, -0.034008, -0.002831, -0.947567, -0.231379, -0.220412, -1.2e-05, 0.0, 0.0, 0.0, 1.0],
                [0.200184, 0.080881, -0.976414, 0.124994, 0.230618, -0.972475, -0.033274, -0.002831, -0.95223, -0.218517, -0.213326, -1.2e-05, 0.0, 0.0, 0.0, 1.0],
                [0.195726, 0.079705, -0.977414, 0.124994, 0.219316, -0.975005, -0.03559, -0.002831, -0.95582, -0.207396, -0.208315, -1.2e-05, 0.0, 0.0, 0.0, 1.0],
                [0.192519, 0.081202, -0.977928, 0.124994, 0.2111, -0.976664, -0.039539, -0.002831, -0.958318, -0.198829, -0.205168, -1.2e-05, 0.0, 0.0, 0.0, 1.0],
                [0.190613, 0.083166, -0.978136, 0.124994, 0.206179, -0.977571, -0.042939, -0.002831, -0.959769, -0.193486, -0.203485, -1.2e-05, 0.0, 0.0, 0.0, 1.0],
                [0.189988, 0.084045, -0.978182, 0.124994, 0.204556, -0.977852, -0.044287, -0.002831, -0.96024, -0.191679, -0.202972, -1.2e-05, 0.0, 0.0, 0.0, 1.0],
                [0.189988, 0.084045, -0.978182, 0.124994, 0.204556, -0.977852, -0.044287, -0.002831, -0.96024, -0.191679, -0.202972, -1.2e-05, 0.0, 0.0, 0.0, 1.0],
                [0.189988, 0.084045, -0.978182, 0.124994, 0.204556, -0.977852, -0.044287, -0.002831, -0.96024, -0.191679, -0.202972, -1.2e-05, 0.0, 0.0, 0.0, 1.0],
                [0.189988, 0.084045, -0.978182, 0.124994, 0.204556, -0.977852, -0.044287, -0.002831, -0.96024, -0.191679, -0.202972, -1.2e-05, 0.0, 0.0, 0.0, 1.0],
                [0.189988, 0.084045, -0.978182, 0.124994, 0.204556, -0.977852, -0.044287, -0.002831, -0.96024, -0.191679, -0.202972, -1.2e-05, 0.0, 0.0, 0.0, 1.0],
                [0.189988, 0.084045, -0.978182, 0.124994, 0.204556, -0.977852, -0.044287, -0.002831, -0.96024, -0.191679, -0.202972, -1.2e-05, 0.0, 0.0, 0.0, 1.0],
                [0.189988, 0.084045, -0.978182, 0.124994, 0.204556, -0.977852, -0.044287, -0.002831, -0.96024, -0.191679, -0.202972, -1.2e-05, 0.0, 0.0, 0.0, 1.0],
                [0.189988, 0.084045, -0.978182, 0.124994, 0.204556, -0.977852, -0.044287, -0.002831, -0.96024, -0.191679, -0.202972, -1.2e-05, 0.0, 0.0, 0.0, 1.0],
                [0.189988, 0.084045, -0.978182, 0.124994, 0.204556, -0.977852, -0.044287, -0.002831, -0.96024, -0.191679, -0.202972, -1.2e-05, 0.0, 0.0, 0.0, 1.0],
                [0.189988, 0.084045, -0.978182, 0.124994, 0.204556, -0.977852, -0.044287, -0.002831, -0.96024, -0.191679, -0.202972, -1.2e-05, 0.0, 0.0, 0.0, 1.0],
                [0.189988, 0.084045, -0.978182, 0.124994, 0.204556, -0.977852, -0.044287, -0.002831, -0.96024, -0.191679, -0.202972, -1.2e-05, 0.0, 0.0, 0.0, 1.0],
                [0.189988, 0.084045, -0.978182, 0.124994, 0.204556, -0.977852, -0.044287, -0.002831, -0.96024, -0.191679, -0.202972, -1.2e-05, 0.0, 0.0, 0.0, 1.0],
                [0.189988, 0.084045, -0.978182, 0.124994, 0.204556, -0.977852, -0.044287, -0.002831, -0.96024, -0.191679, -0.202972, -1.2e-05, 0.0, 0.0, 0.0, 1.0],
                [0.189988, 0.084045, -0.978182, 0.124994, 0.204556, -0.977852, -0.044287, -0.002831, -0.96024, -0.191679, -0.202972, -1.2e-05, 0.0, 0.0, 0.0, 1.0],
                [0.189988, 0.084045, -0.978182, 0.124994, 0.204556, -0.977852, -0.044287, -0.002831, -0.96024, -0.191679, -0.202972, -1.2e-05, 0.0, 0.0, 0.0, 1.0],
                [0.189988, 0.084045, -0.978182, 0.124994, 0.204556, -0.977852, -0.044287, -0.002831, -0.96024, -0.191679, -0.202972, -1.2e-05, 0.0, 0.0, 0.0, 1.0],
                [0.189988, 0.084045, -0.978182, 0.124994, 0.204556, -0.977852, -0.044287, -0.002831, -0.96024, -0.191679, -0.202972, -1.2e-05, 0.0, 0.0, 0.0, 1.0],
                [0.189988, 0.084045, -0.978182, 0.124994, 0.204556, -0.977852, -0.044287, -0.002831, -0.96024, -0.191679, -0.202972, -1.2e-05, 0.0, 0.0, 0.0, 1.0],
                [0.189988, 0.084045, -0.978182, 0.124994, 0.204556, -0.977852, -0.044287, -0.002831, -0.96024, -0.191679, -0.202972, -1.2e-05, 0.0, 0.0, 0.0, 1.0],
                [0.1856, 0.083675, -0.979056, 0.124994, 0.205465, -0.977647, -0.044605, -0.002831, -0.960904, -0.192883, -0.198644, -1.2e-05, 0.0, 0.0, 0.0, 1.0],
                [0.172325, 0.082587, -0.981572, 0.124994, 0.208209, -0.977018, -0.045651, -0.002831, -0.962784, -0.196505, -0.18556, -1.2e-05, 0.0, 0.0, 0.0, 1.0],
                [0.150205, 0.080982, -0.985333, 0.124994, 0.212764, -0.975935, -0.047776, -0.002831, -0.965489, -0.202467, -0.163821, -1.2e-05, 0.0, 0.0, 0.0, 1.0],
                [0.119674, 0.078875, -0.989675, 0.124994, 0.219029, -0.974375, -0.05117, -0.002831, -0.968351, -0.210644, -0.133884, -1.2e-05, 0.0, 0.0, 0.0, 1.0],
                [0.0817, 0.076727, -0.993699, 0.124994, 0.226773, -0.972311, -0.056431, -0.002831, -0.970514, -0.220734, -0.096838, -1.2e-05, 0.0, 0.0, 0.0, 1.0],
                [0.037877, 0.075165, -0.996451, 0.124994, 0.235634, -0.969719, -0.064192, -0.002831, -0.971103, -0.232366, -0.054441, -1.2e-05, 0.0, 0.0, 0.0, 1.0],
                [-0.009602, 0.074635, -0.997165, 0.124994, 0.245139, -0.966605, -0.074708, -0.002831, -0.96944, -0.245162, -0.009015, -1.2e-05, 0.0, 0.0, 0.0, 1.0],
                [-0.058115, 0.076086, -0.995406, 0.124994, 0.254724, -0.962958, -0.088477, -0.002831, -0.965266, -0.258695, 0.036581, -1.2e-05, 0.0, 0.0, 0.0, 1.0],
                [-0.104935, 0.080269, -0.991235, 0.124994, 0.263818, -0.958778, -0.105569, -0.002831, -0.958848, -0.272583, 0.079433, -1.2e-05, 0.0, 0.0, 0.0, 1.0],
                [-0.147578, 0.088278, -0.985103, 0.124994, 0.2719, -0.954011, -0.126225, -0.002831, -0.950942, -0.286478, 0.116788, -1.2e-05, 0.0, 0.0, 0.0, 1.0],
                [-0.184076, 0.1018, -0.977626, 0.124994, 0.278545, -0.948445, -0.151208, -0.002831, -0.942618, -0.300146, 0.14623, -1.2e-05, 0.0, 0.0, 0.0, 1.0],
                [-0.213062, 0.128099, -0.968605, 0.124994, 0.283257, -0.940693, -0.186715, -0.002831, -0.935077, -0.314146, 0.164141, -1.2e-05, 0.0, 0.0, 0.0, 1.0],
                [-0.233889, 0.14734, -0.961034, 0.124994, 0.286615, -0.934077, -0.212961, -0.002831, -0.929057, -0.325256, 0.176241, -1.2e-05, 0.0, 0.0, 0.0, 1.0],
                [-0.246413, 0.142273, -0.958665, 0.124994, 0.289196, -0.933308, -0.212844, -0.002831, -0.925012, -0.329689, 0.188834, -1.2e-05, 0.0, 0.0, 0.0, 1.0],
                [-0.250542, 0.140583, -0.957844, 0.124994, 0.290046, -0.933051, -0.212811, -0.002831, -0.923635, -0.331137, 0.192993, -1.2e-05, 0.0, 0.0, 0.0, 1.0],
                [-0.190273, -0.033371, -0.981164, 0.124994, 0.26993, -0.96268, -0.019604, -0.002831, -0.943893, -0.268575, 0.19218, -1.2e-05, 0.0, 0.0, 0.0, 1.0],
                [-0.003308, -0.219552, -0.975595, 0.124994, 0.194761, -0.95706, 0.21472, -0.002831, -0.980845, -0.189297, 0.045926, -1.2e-05, 0.0, 0.0, 0.0, 1.0],
                [0.287733, -0.403972, -0.868341, 0.124994, 0.073503, -0.894695, 0.440588, -0.002831, -0.954886, -0.190598, -0.22774, -1.2e-05, 0.0, 0.0, 0.0, 1.0],
                [0.594317, -0.522096, -0.611721, 0.124994, -0.041304, -0.77944, 0.625113, -0.002831, -0.803169, -0.346249, -0.4848, -1.2e-05, 0.0, 0.0, 0.0, 1.0],
                [0.827239, -0.465463, -0.314673, 0.124994, -0.072744, -0.644083, 0.761489, -0.002831, -0.557121, -0.607043, -0.56667, -1.2e-05, 0.0, 0.0, 0.0, 1.0],
                [0.960599, -0.234423, -0.149313, 0.124994, 0.003616, -0.526635, 0.850084, -0.002831, -0.277912, -0.81713, -0.505038, -1.2e-05, 0.0, 0.0, 0.0, 1.0],
                [0.991291, 0.042056, -0.124798, 0.124994, 0.130196, -0.455455, 0.880687, -0.002831, -0.019802, -0.889265, -0.456964, -1.2e-05, 0.0, 0.0, 0.0, 1.0],
                [0.962106, 0.237398, -0.134144, 0.124994, 0.227675, -0.428666, 0.874305, -0.002831, 0.150055, -0.871716, -0.466471, -1.2e-05, 0.0, 0.0, 0.0, 1.0],
                [0.945895, 0.295323, -0.134411, 0.124994, 0.256563, -0.427145, 0.867019, -0.002831, 0.198638, -0.854595, -0.479803, -1.2e-05, 0.0, 0.0, 0.0, 1.0],
                [0.950845, 0.280416, -0.13138, 0.124994, 0.247747, -0.434326, 0.866015, -0.002831, 0.185783, -0.855995, -0.482449, -1.2e-05, 0.0, 0.0, 0.0, 1.0],
                [0.955473, 0.265697, -0.128357, 0.124994, 0.238995, -0.441696, 0.864746, -0.002831, 0.173066, -0.856919, -0.485529, -1.2e-05, 0.0, 0.0, 0.0, 1.0],
                [0.959747, 0.251295, -0.125446, 0.124994, 0.230403, -0.448989, 0.863321, -0.002831, 0.160625, -0.857473, -0.488815, -1.2e-05, 0.0, 0.0, 0.0, 1.0],
                [0.963641, 0.23739, -0.122647, 0.124994, 0.222069, -0.45626, 0.861691, -0.002831, 0.148598, -0.857597, -0.492388, -1.2e-05, 0.0, 0.0, 0.0, 1.0],
                [0.967135, 0.224138, -0.120045, 0.124994, 0.214105, -0.463255, 0.859973, -0.002831, 0.137142, -0.857413, -0.49602, -1.2e-05, 0.0, 0.0, 0.0, 1.0],
                [0.970222, 0.211709, -0.117678, 0.124994, 0.206617, -0.469842, 0.85823, -0.002831, 0.126405, -0.856988, -0.499594, -1.2e-05, 0.0, 0.0, 0.0, 1.0],
                [0.972902, 0.200261, -0.115571, 0.124994, 0.199707, -0.475909, 0.85652, -0.002831, 0.116526, -0.856391, -0.503007, -1.2e-05, 0.0, 0.0, 0.0, 1.0],
                [0.975187, 0.189931, -0.113738, 0.124994, 0.193462, -0.48137, 0.854901, -0.002831, 0.107623, -0.855692, -0.50617, -1.2e-05, 0.0, 0.0, 0.0, 1.0],
                [0.977097, 0.180823, -0.112178, 0.124994, 0.187949, -0.486165, 0.853416, -0.002831, 0.09978, -0.854954, -0.509016, -1.2e-05, 0.0, 0.0, 0.0, 1.0],
                [0.978662, 0.17299, -0.110881, 0.124994, 0.183203, -0.490267, 0.8521, -0.002831, 0.093044, -0.854232, -0.511499, -1.2e-05, 0.0, 0.0, 0.0, 1.0],
                [0.979915, 0.166442, -0.10983, 0.124994, 0.179232, -0.49368, 0.850973, -0.002831, 0.087417, -0.853567, -0.513597, -1.2e-05, 0.0, 0.0, 0.0, 1.0],
                [0.980895, 0.161133, -0.109001, 0.124994, 0.17601, -0.496434, 0.850043, -0.002831, 0.082858, -0.852988, -0.515311, -1.2e-05, 0.0, 0.0, 0.0, 1.0],
                [0.98164, 0.156972, -0.108365, 0.124994, 0.173484, -0.498583, 0.849304, -0.002831, 0.079288, -0.852511, -0.516661, -1.2e-05, 0.0, 0.0, 0.0, 1.0],
                [0.982188, 0.153835, -0.107894, 0.124994, 0.171578, -0.500198, 0.848741, -0.002831, 0.076598, -0.852136, -0.517684, -1.2e-05, 0.0, 0.0, 0.0, 1.0],
                [0.982576, 0.151575, -0.107559, 0.124994, 0.170205, -0.501359, 0.848333, -0.002831, 0.07466, -0.851859, -0.518422, -1.2e-05, 0.0, 0.0, 0.0, 1.0],
                [0.982837, 0.150034, -0.107333, 0.124994, 0.169269, -0.502149, 0.848054, -0.002831, 0.07334, -0.851667, -0.518926, -1.2e-05, 0.0, 0.0, 0.0, 1.0],
                [0.983001, 0.149058, -0.107191, 0.124994, 0.168676, -0.502648, 0.847876, -0.002831, 0.072504, -0.851544, -0.519246, -1.2e-05, 0.0, 0.0, 0.0, 1.0],
                [0.983094, 0.148502, -0.10711, 0.124994, 0.168337, -0.502933, 0.847774, -0.002831, 0.072027, -0.851473, -0.519429, -1.2e-05, 0.0, 0.0, 0.0, 1.0],
                [0.983139, 0.148234, -0.107071, 0.124994, 0.168174, -0.50307, 0.847726, -0.002831, 0.071798, -0.851439, -0.519516, -1.2e-05, 0.0, 0.0, 0.0, 1.0],
                [0.983154, 0.148141, -0.107058, 0.124994, 0.168118, -0.503117, 0.847708, -0.002831, 0.071718, -0.851427, -0.519547, -1.2e-05, 0.0, 0.0, 0.0, 1.0],
                [0.983156, 0.148129, -0.107056, 0.124994, 0.168111, -0.503123, 0.847706, -0.002831, 0.071708, -0.851425, -0.519551, -1.2e-05, 0.0, 0.0, 0.0, 1.0],
                [0.983374, 0.147601, -0.10578, 0.124994, 0.166783, -0.503723, 0.847612, -0.002831, 0.071825, -0.851163, -0.519965, -1.2e-05, 0.0, 0.0, 0.0, 1.0],
                [0.984015, 0.146044, -0.101911, 0.124994, 0.162783, -0.505543, 0.847306, -0.002831, 0.072224, -0.850351, -0.521235, -1.2e-05, 0.0, 0.0, 0.0, 1.0],
                [0.985037, 0.143555, -0.095356, 0.124994, 0.156092, -0.50864, 0.846711, -0.002831, 0.073048, -0.848927, -0.523438, -1.2e-05, 0.0, 0.0, 0.0, 1.0],
                [0.986367, 0.14031, -0.085987, 0.124994, 0.146712, -0.513097, 0.845699, -0.002831, 0.074541, -0.846785, -0.526687, -1.2e-05, 0.0, 0.0, 0.0, 1.0],
                [0.987891, 0.13656, -0.073639, 0.124994, 0.134666, -0.519022, 0.844086, -0.002831, 0.077048, -0.843781, -0.531127, -1.2e-05, 0.0, 0.0, 0.0, 1.0],
                [0.98946, 0.132632, -0.058114, 0.124994, 0.120014, -0.526558, 0.841625, -0.002831, 0.081026, -0.839729, -0.536926, -1.2e-05, 0.0, 0.0, 0.0, 1.0],
                [0.99088, 0.128918, -0.039186, 0.124994, 0.10286, -0.535875, 0.838008, -0.002831, 0.087036, -0.834397, -0.544249, -1.2e-05, 0.0, 0.0, 0.0, 1.0],
                [0.99191, 0.125853, -0.016613, 0.124994, 0.083374, -0.547172, 0.832857, -0.002831, 0.095727, -0.827504, -0.553239, -1.2e-05, 0.0, 0.0, 0.0, 1.0],
                [0.992247, 0.123889, 0.009838, 0.124994, 0.061816, -0.560668, 0.82573, -0.002831, 0.107815, -0.81872, -0.563979, -1.2e-05, 0.0, 0.0, 0.0, 1.0],
                [0.991531, 0.123432, 0.040375, 0.124994, 0.03856, -0.576682, 0.816058, -0.002831, 0.124011, -0.80759, -0.576558, -1.2e-05, 0.0, 0.0, 0.0, 1.0],
                [0.989337, 0.124811, 0.075056, 0.124994, 0.014138, -0.595218, 0.803439, -0.002831, 0.144953, -0.793812, -0.590636, -1.2e-05, 0.0, 0.0, 0.0, 1.0],
                [0.985204, 0.128151, 0.113802, 0.124994, -0.010748, -0.616503, 0.787279, -0.002831, 0.17105, -0.776854, -0.606004, -1.2e-05, 0.0, 0.0, 0.0, 1.0],
                [0.978681, 0.133317, 0.156238, 0.124994, -0.035208, -0.640543, 0.767115, -0.002831, 0.202346, -0.756261, -0.622194, -1.2e-05, 0.0, 0.0, 0.0, 1.0],
                [0.96943, 0.139852, 0.201612, 0.124994, -0.0582, -0.667159, 0.742638, -0.002831, 0.238367, -0.731669, -0.638625, -1.2e-05, 0.0, 0.0, 0.0, 1.0],
                [0.95735, 0.14698, 0.248751, 0.124994, -0.07862, -0.695936, 0.713787, -0.002831, 0.278027, -0.702901, -0.654699, -1.2e-05, 0.0, 0.0, 0.0, 1.0],
                [0.942707, 0.1537, 0.296107, 0.124994, -0.095442, -0.726215, 0.68081, -0.002831, 0.319678, -0.670065, -0.669939, -1.2e-05, 0.0, 0.0, 0.0, 1.0],
                [0.926189, 0.158919, 0.341935, 0.124994, -0.107898, -0.757218, 0.644188, -0.002831, 0.361293, -0.633534, -0.68418, -1.2e-05, 0.0, 0.0, 0.0, 1.0],
                [0.908842, 0.161831, 0.384468, 0.124994, -0.115602, -0.787866, 0.6049, -0.002831, 0.400801, -0.594204, -0.697338, -1.2e-05, 0.0, 0.0, 0.0, 1.0],
                [0.891897, 0.161833, 0.42229, 0.124994, -0.118617, -0.817374, 0.563764, -0.002831, 0.436404, -0.55291, -0.709818, -1.2e-05, 0.0, 0.0, 0.0, 1.0],
                [0.876522, 0.158777, 0.454422, 0.124994, -0.11739, -0.845024, 0.521684, -0.002831, 0.466829, -0.510612, -0.722043, -1.2e-05, 0.0, 0.0, 0.0, 1.0],
                [0.863619, 0.152817, 0.480426, 0.124994, -0.112629, -0.870383, 0.479321, -0.002831, 0.491403, -0.46806, -0.734467, -1.2e-05, 0.0, 0.0, 0.0, 1.0],
                [0.853719, 0.144503, 0.500282, 0.124994, -0.105145, -0.893102, 0.437394, -0.002831, 0.510007, -0.426013, -0.747265, -1.2e-05, 0.0, 0.0, 0.0, 1.0],
                [0.846979, 0.134335, 0.514374, 0.124994, -0.095747, -0.913181, 0.396147, -0.002831, 0.522933, -0.384778, -0.760583, -1.2e-05, 0.0, 0.0, 0.0, 1.0],
                [0.843244, 0.122866, 0.5233, 0.124994, -0.085155, -0.930698, 0.355738, -0.002831, 0.530743, -0.344536, -0.774343, -1.2e-05, 0.0, 0.0, 0.0, 1.0],
                [0.842151, 0.110679, 0.527761, 0.124994, -0.073966, -0.945749, 0.316365, -0.002831, 0.534144, -0.305463, -0.788278, -1.2e-05, 0.0, 0.0, 0.0, 1.0],
                [0.843224, 0.098101, 0.528535, 0.124994, -0.062658, -0.958569, 0.277885, -0.002831, 0.533898, -0.267436, -0.802141, -1.2e-05, 0.0, 0.0, 0.0, 1.0],
                [0.845948, 0.085582, 0.526353, 0.124994, -0.051587, -0.969275, 0.240509, -0.002831, 0.530764, -0.230611, -0.815542, -1.2e-05, 0.0, 0.0, 0.0, 1.0],
                [0.84983, 0.073178, 0.521952, 0.124994, -0.041032, -0.978123, 0.203941, -0.002831, 0.525457, -0.194732, -0.828236, -1.2e-05, 0.0, 0.0, 0.0, 1.0],
                [0.854424, 0.061132, 0.515967, 0.124994, -0.031181, -0.985231, 0.168366, -0.002831, 0.51864, -0.159944, -0.839899, -1.2e-05, 0.0, 0.0, 0.0, 1.0],
                [0.859353, 0.0494, 0.508992, 0.124994, -0.02218, -0.990786, 0.133607, -0.002831, 0.510902, -0.126105, -0.850339, -1.2e-05, 0.0, 0.0, 0.0, 1.0],
                [0.864308, 0.038002, 0.501526, 0.124994, -0.01412, -0.994915, 0.099721, -0.002831, 0.502766, -0.093271, -0.859376, -1.2e-05, 0.0, 0.0, 0.0, 1.0],
                [0.869048, 0.026918, 0.493996, 0.124994, -0.007063, -0.997742, 0.066793, -0.002831, 0.494678, -0.061535, -0.866895, -1.2e-05, 0.0, 0.0, 0.0, 1.0],
                [0.873391, 0.016124, 0.486754, 0.124994, -0.001045, -0.999387, 0.034981, -0.002831, 0.487019, -0.031061, -0.872839, -1.2e-05, 0.0, 0.0, 0.0, 1.0],
                [0.877205, 0.005611, 0.480082, 0.124994, 0.00392, -0.999982, 0.004524, -0.002831, 0.480099, -0.002087, -0.877212, -1.2e-05, 0.0, 0.0, 0.0, 1.0],
                [0.880401, -0.004551, 0.474207, 0.124994, 0.007836, -0.999678, -0.024144, -0.002831, 0.474164, 0.024972, -0.880082, -1.2e-05, 0.0, 0.0, 0.0, 1.0],
                [0.882919, -0.014154, 0.469312, 0.124994, 0.010728, -0.998676, -0.050302, -0.002831, 0.469402, 0.049448, -0.881599, -1.2e-05, 0.0, 0.0, 0.0, 1.0],
                [0.884726, -0.022543, 0.465567, 0.124994, 0.012658, -0.997299, -0.072345, -0.002831, 0.46594, 0.069898, -0.882051, -1.2e-05, 0.0, 0.0, 0.0, 1.0],
                [0.885807, -0.028645, 0.463169, 0.124994, 0.013724, -0.996039, -0.087848, -0.002831, 0.463851, 0.084173, -0.881906, -1.2e-05, 0.0, 0.0, 0.0, 1.0],
                [0.886165, -0.030965, 0.462333, 0.124994, 0.014055, -0.995509, -0.093613, -0.002831, 0.463156, 0.089455, -0.881751, -1.2e-05, 0.0, 0.0, 0.0, 1.0],
                [0.886165, -0.030965, 0.462333, 0.124994, 0.014055, -0.995509, -0.093613, -0.002831, 0.463156, 0.089455, -0.881751, -1.2e-05, 0.0, 0.0, 0.0, 1.0],
                [0.886165, -0.030965, 0.462333, 0.124994, 0.014055, -0.995509, -0.093613, -0.002831, 0.463156, 0.089455, -0.881751, -1.2e-05, 0.0, 0.0, 0.0, 1.0],
                [0.886165, -0.030965, 0.462333, 0.124994, 0.014055, -0.995509, -0.093613, -0.002831, 0.463156, 0.089455, -0.881751, -1.2e-05, 0.0, 0.0, 0.0, 1.0],
                [0.886165, -0.030965, 0.462333, 0.124994, 0.014055, -0.995509, -0.093613, -0.002831, 0.463156, 0.089455, -0.881751, -1.2e-05, 0.0, 0.0, 0.0, 1.0],
                [0.886165, -0.030965, 0.462333, 0.124994, 0.014055, -0.995509, -0.093613, -0.002831, 0.463156, 0.089455, -0.881751, -1.2e-05, 0.0, 0.0, 0.0, 1.0],
                [0.886165, -0.030965, 0.462333, 0.124994, 0.014055, -0.995509, -0.093613, -0.002831, 0.463156, 0.089455, -0.881751, -1.2e-05, 0.0, 0.0, 0.0, 1.0],
                [0.886165, -0.030965, 0.462333, 0.124994, 0.014055, -0.995509, -0.093613, -0.002831, 0.463156, 0.089455, -0.881751, -1.2e-05, 0.0, 0.0, 0.0, 1.0],
                [0.886165, -0.030965, 0.462333, 0.124994, 0.014055, -0.995509, -0.093613, -0.002831, 0.463156, 0.089455, -0.881751, -1.2e-05, 0.0, 0.0, 0.0, 1.0],
