{
    "animation": [
        {
            "name": "Root",
            "time": [0.0, 0.2167, 0.4167, 0.5167, 0.6667],
            "transform": [
                [0.810601, 0.0, -0.585599, 1.7e-05, -0.585599, 0.0, -0.810601, 0.000905, 0.0, 1.0, 0.0, 0.719394, 0.0, 0.0, 0.0, 1.0],
                [0.810601, 0.0, -0.585599, 1.7e-05, -0.585599, 0.0, -0.810601, 0.000905, 0.0, 1.0, 0.0, 0.719394, 0.0, 0.0, 0.0, 1.0],
                [0.810601, 0.0, -0.585599, 1.7e-05, -0.585599, 0.0, -0.810601, 0.000905, 0.0, 1.0, 0.0, 0.719394, 0.0, 0.0, 0.0, 1.0],
                [0.810601, 0.0, -0.585599, 1.7e-05, -0.585599, 0.0, -0.810601, 0.000905, 0.0, 1.0, 0.0, 0.719394, 0.0, 0.0, 0.0, 1.0],
                [0.810601, 0.0, -0.585599, 1.7e-05, -0.585599, 0.0, -0.810601, 0.000905, 0.0, 1.0, 0.0, 0.719394, 0.0, 0.0, 0.0, 1.0]
            ]
        },
        {
            "name": "Thigh_R",
            "time": [0.0, 0.2167, 0.4167, 0.5167, 0.6667],
            "transform": [
                [0.739952, 0.244304, 0.626726, 0.124994, 0.228802, -0.967571, 0.107031, -0.002831, 0.63255, 0.064199, -0.771854, -1.2e-05, 0.0, 0.0, 0.0, 1.0],
                [0.739952, 0.244304, 0.626726, 0.124994, 0.228802, -0.967571, 0.107031, -0.002831, 0.63255, 0.064199, -0.771854, -1.2e-05, 0.0, 0.0, 0.0, 1.0],
                [0.739952, 0.244304, 0.626726, 0.124994, 0.228802, -0.967571, 0.107031, -0.002831, 0.63255, 0.064199, -0.771854, -1.2e-05, 0.0, 0.0, 0.0, 1.0],
                [0.739952, 0.244304, 0.626726, 0.124994, 0.228802, -0.967571, 0.107031, -0.002831, 0.63255, 0.064199, -0.771854, -1.2e-05, 0.0, 0.0, 0.0, 1.0],
                [0.739952, 0.244304, 0.626726, 0.124994, 0.228802, -0.967571, 0.107031, -0.002831, 0.63255, 0.064199, -0.771854, -1.2e-05, 0.0, 0.0, 0.0, 1.0]
            ]
        },
        {
            "name": "Leg_R",
            "time": [0.0, 0.2167, 0.4167, 0.5167, 0.6667],
            "transform": [
                [1.0, -0.0, 1e-06, 0.0, -0.0, 0.972154, 0.234356, 0.374726, -1e-06, -0.234358, 0.972147, -0.0, 0.0, 0.0, 0.0, 1.0],
                [1.0, -0.0, 1e-06, 0.0, -0.0, 0.972154, 0.234356, 0.374726, -1e-06, -0.234358, 0.972147, -0.0, 0.0, 0.0, 0.0, 1.0],
                [1.0, -0.0, 1e-06, 0.0, -0.0, 0.972154, 0.234356, 0.374726, -1e-06, -0.234358, 0.972147, -0.0, 0.0, 0.0, 0.0, 1.0],
                [1.0, -0.0, 1e-06, 0.0, -0.0, 0.972154, 0.234356, 0.374726, -1e-06, -0.234358, 0.972147, -0.0, 0.0, 0.0, 0.0, 1.0],
                [1.0, -0.0, 1e-06, 0.0, -0.0, 0.972154, 0.234356, 0.374726, -1e-06, -0.234358, 0.972147, -0.0, 0.0, 0.0, 0.0, 1.0]
            ]
        },
        {
            "name": "Knee_R",
            "time": [0.0, 0.2167, 0.4167, 0.5167, 0.6667],
            "transform": [
                [1.0, -0.0, 0.0, -0.0, -0.0, -0.0, -1.0, 0.37472, 0.0, 1.0, 0.0, 0.0, 0.0, 0.0, 0.0, 1.0],
                [1.0, -0.0, 0.0, -0.0, -0.0, -0.0, -1.0, 0.37472, 0.0, 1.0, 0.0, 0.0, 0.0, 0.0, 0.0, 1.0],
                [1.0, -0.0, 0.0, -0.0, -0.0, -0.0, -1.0, 0.37472, 0.0, 1.0, 0.0, 0.0, 0.0, 0.0, 0.0, 1.0],
                [1.0, -0.0, 0.0, -0.0, -0.0, -0.0, -1.0, 0.37472, 0.0, 1.0, 0.0, 0.0, 0.0, 0.0, 0.0, 1.0],
                [1.0, -0.0, 0.0, -0.0, -0.0, -0.0, -1.0, 0.37472, 0.0, 1.0, 0.0, 0.0, 0.0, 0.0, 0.0, 1.0]
            ]
        },
        {
            "name": "Thigh_L",
            "time": [0.0, 0.2167, 0.4167, 0.5167, 0.6667],
            "transform": [
                [0.853687, -0.201911, -0.480053, -0.125006, -0.032298, -0.940537, 0.338155, -0.002831, -0.519784, -0.273174, -0.809445, -1.2e-05, 0.0, 0.0, 0.0, 1.0],
                [0.853687, -0.201911, -0.480053, -0.125006, -0.032298, -0.940537, 0.338155, -0.002831, -0.519784, -0.273174, -0.809445, -1.2e-05, 0.0, 0.0, 0.0, 1.0],
                [0.853687, -0.201911, -0.480053, -0.125006, -0.032298, -0.940537, 0.338155, -0.002831, -0.519784, -0.273174, -0.809445, -1.2e-05, 0.0, 0.0, 0.0, 1.0],
                [0.853687, -0.201911, -0.480053, -0.125006, -0.032298, -0.940537, 0.338155, -0.002831, -0.519784, -0.273174, -0.809445, -1.2e-05, 0.0, 0.0, 0.0, 1.0],
                [0.853687, -0.201911, -0.480053, -0.125006, -0.032298, -0.940537, 0.338155, -0.002831, -0.519784, -0.273174, -0.809445, -1.2e-05, 0.0, 0.0, 0.0, 1.0]
            ]
        },
        {
            "name": "Leg_L",
            "time": [0.0, 0.2167, 0.4167, 0.5167, 0.6667],
            "transform": [
                [1.0, -0.0, 1e-06, 0.0, -0.0, 0.933777, 0.357858, 0.374726, -1e-06, -0.357859, 0.933774, 0.0, 0.0, 0.0, 0.0, 1.0],
                [1.0, -0.0, 1e-06, 0.0, -0.0, 0.933777, 0.357858, 0.374726, -1e-06, -0.357859, 0.933774, 0.0, 0.0, 0.0, 0.0, 1.0],
                [1.0, -0.0, 1e-06, 0.0, -0.0, 0.933777, 0.357858, 0.374726, -1e-06, -0.357859, 0.933774, 0.0, 0.0, 0.0, 0.0, 1.0],
                [1.0, -0.0, 1e-06, 0.0, -0.0, 0.933777, 0.357858, 0.374726, -1e-06, -0.357859, 0.933774, 0.0, 0.0, 0.0, 0.0, 1.0],
                [1.0, -0.0, 1e-06, 0.0, -0.0, 0.933777, 0.357858, 0.374726, -1e-06, -0.357859, 0.933774, 0.0, 0.0, 0.0, 0.0, 1.0]
            ]
        },
        {
            "name": "Knee_L",
            "time": [0.0, 0.2167, 0.4167, 0.5167, 0.6667],
            "transform": [
                [1.0, 0.0, -0.0, 0.0, 0.0, 0.0, -1.0, 0.37472, 0.0, 1.0, 0.0, 0.0, 0.0, 0.0, 0.0, 1.0],
                [1.0, 0.0, -0.0, 0.0, 0.0, 0.0, -1.0, 0.37472, 0.0, 1.0, 0.0, 0.0, 0.0, 0.0, 0.0, 1.0],
                [1.0, 0.0, -0.0, 0.0, 0.0, 0.0, -1.0, 0.37472, 0.0, 1.0, 0.0, 0.0, 0.0, 0.0, 0.0, 1.0],
                [1.0, 0.0, -0.0, 0.0, 0.0, 0.0, -1.0, 0.37472, 0.0, 1.0, 0.0, 0.0, 0.0, 0.0, 0.0, 1.0],
                [1.0, 0.0, -0.0, 0.0, 0.0, 0.0, -1.0, 0.37472, 0.0, 1.0, 0.0, 0.0, 0.0, 0.0, 0.0, 1.0]
            ]
        },
        {
            "name": "Torso",
            "time": [0.0, 0.2167, 0.4167, 0.4667, 0.5167, 0.6667],
            "transform": [
                [1.0, 0.0, 0.0, 0.0, 0.0, 0.991761, -0.128102, 0.05, 0.0, 0.128102, 0.991761, 0.0, 0.0, 0.0, 0.0, 1.0],
                [0.983751, -0.179405, 0.006855, 0.0, 0.171548, 0.950559, 0.258863, 0.05, -0.052958, -0.253481, 0.96589, 0.0, 0.0, 0.0, 0.0, 1.0],
                [0.982152, -0.188041, 0.004273, 0.0, 0.179866, 0.945616, 0.271033, 0.05, -0.055006, -0.265427, 0.962561, 0.0, 0.0, 0.0, 0.0, 1.0],
                [0.982003, -0.188823, 0.004033, 0.0, 0.18062, 0.945156, 0.272135, 0.05, -0.055197, -0.266509, 0.96225, 0.0, 0.0, 0.0, 0.0, 1.0],
                [0.983893, -0.178665, 0.005728, 0.0, 0.171172, 0.950899, 0.257858, 0.05, -0.051517, -0.252725, 0.966166, 0.0, 0.0, 0.0, 0.0, 1.0],
                [1.0, 0.0, 0.0, 0.0, 0.0, 0.991761, -0.128102, 0.05, 0.0, 0.128102, 0.991761, 0.0, 0.0, 0.0, 0.0, 1.0]
            ]
        },
        {
            "name": "Chest",
            "time": [0.0, 0.2167, 0.4167, 0.4667, 0.5167, 0.6667],
            "transform": [
                [1.0, 0.0, 0.0, 0.0, 0.0, 0.983532, 0.180733, 0.3, -0.0, -0.180733, 0.983532, 0.0, 0.0, 0.0, 0.0, 1.0],
                [0.817161, -0.315921, 0.482121, -0.0, 0.020437, 0.851776, 0.523506, 0.3, -0.576046, -0.417936, 0.702495, -0.0, 0.0, 0.0, 0.0, 1.0],
                [0.817065, -0.333331, 0.47042, -0.0, 0.020055, 0.831867, 0.554613, 0.3, -0.576196, -0.443721, 0.686375, -0.0, 0.0, 0.0, 0.0, 1.0],
                [0.817057, -0.334884, 0.46933, 0.0, 0.02002, 0.83001, 0.557389, 0.3, -0.576209, -0.446023, 0.68487, 0.0, 0.0, 0.0, 0.0, 1.0],
                [0.817896, -0.327173, 0.473291, -0.0, 0.020762, 0.838836, 0.543987, 0.3, -0.574992, -0.435098, 0.692873, 0.0, 0.0, 0.0, 0.0, 1.0],
                [1.0, 0.0, 0.0, 0.0, 0.0, 0.983532, 0.180733, 0.3, -0.0, -0.180733, 0.983532, 0.0, 0.0, 0.0, 0.0, 1.0]
            ]
        },
        {
            "name": "Head",
            "time": [0.0, 0.2167, 0.4167, 0.5167, 0.6667],
            "transform": [
                [0.828743, -0.056531, 0.556767, 0.0, 0.035214, 0.99818, 0.048935, 0.4, -0.55852, -0.020949, 0.829227, -0.0, 0.0, 0.0, 0.0, 1.0],
                [0.999675, 0.025145, -0.004185, 0.0, -0.024121, 0.986214, 0.163702, 0.4, 0.008244, -0.163547, 0.986502, -0.0, 0.0, 0.0, 0.0, 1.0],
                [0.999675, 0.025201, -0.00383, 0.0, -0.024121, 0.983805, 0.177609, 0.4, 0.008244, -0.177458, 0.984094, -0.0, 0.0, 0.0, 0.0, 1.0],
                [0.999675, 0.025206, -0.003798, -0.0, -0.024121, 0.983576, 0.17887, 0.4, 0.008244, -0.17872, 0.983866, 0.0, 0.0, 0.0, 0.0, 1.0],
                [0.828743, -0.056531, 0.556767, 0.0, 0.035214, 0.99818, 0.048935, 0.4, -0.55852, -0.020949, 0.829227, -0.0, 0.0, 0.0, 0.0, 1.0]
            ]
        },
        {
            "name": "Shoulder_R",
            "time": [0.0, 0.2167, 0.4167, 0.5167, 0.6667],
            "transform": [
                [-0.224873, 0.889421, 0.397958, 0.0, 0.027309, -0.402508, 0.915008, 0.4, 0.974006, 0.21663, 0.066223, -0.0, 0.0, 0.0, 0.0, 1.0],
                [-0.210559, 0.765866, 0.607551, 0.0, 0.066843, -0.608755, 0.790538, 0.4, 0.975294, 0.207067, 0.076985, -0.0, 0.0, 0.0, 0.0, 1.0],
                [-0.216563, 0.760154, 0.612593, 0.0, 0.09403, -0.60833, 0.788095, 0.4, 0.971731, 0.228275, 0.060264, -0.0, 0.0, 0.0, 0.0, 1.0],
                [-0.215934, 0.759779, 0.61328, -0.0, 0.14383, -0.5965, 0.789621, 0.4, 0.965758, 0.258715, 0.019526, 0.0, 0.0, 0.0, 0.0, 1.0],
                [-0.224873, 0.889421, 0.397958, 0.0, 0.027309, -0.402508, 0.915008, 0.4, 0.974006, 0.21663, 0.066223, -0.0, 0.0, 0.0, 0.0, 1.0]
            ]
        },
        {
            "name": "Arm_R",
            "time": [0.0, 0.2167, 0.4167, 0.4667, 0.5167, 0.6667],
            "transform": [
                [-0.032922, -0.313193, -0.949128, 0.0, 0.929865, 0.338604, -0.143987, 0.393861, 0.366476, -0.887281, 0.280076, 0.0, 0.0, 0.0, 0.0, 1.0],
                [0.600645, 0.332548, -0.727091, -0.0, 0.400728, 0.661724, 0.633685, 0.393861, 0.691867, -0.671971, 0.264196, -0.0, 0.0, 0.0, 0.0, 1.0],
                [0.618308, 0.319326, -0.718159, -0.0, 0.381167, 0.677272, 0.629312, 0.39386, 0.687347, -0.662831, 0.297041, 0.0, 0.0, 0.0, 0.0, 1.0],
                [0.619071, 0.376328, -0.689313, 0.0, 0.380266, 0.624334, 0.682366, 0.393861, 0.687158, -0.684541, 0.243398, -0.0, 0.0, 0.0, 0.0, 1.0],
                [0.619831, 0.37815, -0.687631, -0.0, 0.379366, 0.622672, 0.684383, 0.39386, 0.686971, -0.68505, 0.242491, 0.0, 0.0, 0.0, 0.0, 1.0],
                [-0.032922, -0.313193, -0.949128, 0.0, 0.929865, 0.338604, -0.143987, 0.393861, 0.366476, -0.887281, 0.280076, 0.0, 0.0, 0.0, 0.0, 1.0]
            ]
        },
        {
            "name": "Hand_R",
            "time": [0.0, 0.2167, 0.4167, 0.4667, 0.5167, 0.6667],
            "transform": [
                [0.996301, 0.036828, 0.077515, -0.0, -0.020188, 0.97847, -0.205404, 0.300003, -0.08341, 0.20308, 0.975607, -0.0, 0.0, 0.0, 0.0, 1.0],
                [0.99999, 0.0, -2e-06, 0.0, -2e-06, 0.802742, -0.596329, 0.300003, 1e-06, 0.596327, 0.802745, -0.0, 0.0, 0.0, 0.0, 1.0],
                [0.99999, 1e-06, -2e-06, 0.0, -2e-06, 0.808565, -0.58841, 0.300003, 1e-06, 0.588408, 0.808567, 0.0, 0.0, 0.0, 0.0, 1.0],
                [0.99999, -0.0, -0.0, -0.0, -0.0, 0.993938, 0.109948, 0.300003, -0.0, -0.109947, 0.993941, -0.0, 0.0, 0.0, 0.0, 1.0],
                [0.99999, 0.0, 0.0, -0.0, -0.0, 0.993938, 0.109948, 0.300003, -0.0, -0.109947, 0.993941, -0.0, 0.0, 0.0, 0.0, 1.0],
                [0.996301, 0.036828, 0.077515, -0.0, -0.020188, 0.97847, -0.205404, 0.300003, -0.08341, 0.20308, 0.975607, -0.0, 0.0, 0.0, 0.0, 1.0]
            ]
        },
        {
            "name": "Tool_R",
            "time": [0.0, 0.0667, 0.1167, 0.1667, 0.2167, 0.2667, 0.3167, 0.3667, 0.3833, 0.4, 0.4167, 0.5167, 0.6667],
            "transform": [
                [1.0, -0.0, -0.0, -0.0, -0.0, -0.999836, 0.01811, 0.272858, -0.0, -0.018134, -0.998501, 0.0, 0.0, 0.0, 0.0, 1.0],
                [1.0, 1e-06, -5e-06, 0.0, -5e-06, 0.300597, -0.953515, 0.272858, 1e-06, 0.952486, 0.300921, 0.0, 0.0, 0.0, 0.0, 1.0],
                [1.0, 7e-06, 8e-06, 0.0, -1.1e-05, 0.73085, 0.681564, 0.272858, -1e-06, -0.681611, 0.7308, 0.0, 0.0, 0.0, 0.0, 1.0],
                [1.0, -1.4e-05, 1e-05, -0.0, -1.7e-05, -0.721996, 0.690935, 0.272858, -3e-06, -0.690992, -0.721937, -0.0, 0.0, 0.0, 0.0, 1.0],
                [1.0, -2e-06, -1e-05, -0.0, -1e-05, -0.240837, -0.970421, 0.272858, -1e-06, 0.969265, -0.241125, 0.0, 0.0, 0.0, 0.0, 1.0],
                [1.0, 1.9e-05, 1.7e-05, 0.0, -2.5e-05, 0.806396, 0.590344, 0.272858, -2e-06, -0.590569, 0.806089, -0.0, 0.0, 0.0, 0.0, 1.0],
                [1.0, -5.2e-05, -2.2e-05, 0.0, -5.5e-05, -0.98377, -0.17895, 0.272858, -1.2e-05, 0.179173, -0.982549, 0.0, 0.0, 0.0, 0.0, 1.0],
                [1.0, 7e-06, -1.4e-05, -0.0, -1e-05, 0.985821, -0.167389, 0.272858, 1.3e-05, 0.167601, 0.984571, -0.0, 0.0, 0.0, 0.0, 1.0],
                [1.0, 1e-06, -6e-06, 0.0, 3e-06, 0.833741, 0.551125, 0.272858, 5e-06, -0.551401, 0.833324, -0.0, 0.0, 0.0, 0.0, 1.0],
                [1.0, 1e-06, 0.0, -0.0, 0.0, -0.398469, 0.916786, 0.272858, 1e-06, -0.915968, -0.398825, 0.0, 0.0, 0.0, 0.0, 1.0],
                [1.0, -0.0, -0.0, 0.0, -0.0, -0.999836, 0.01811, 0.272858, -0.0, -0.018134, -0.998501, -0.0, 0.0, 0.0, 0.0, 1.0],
                [1.0, 0.0, 0.0, -0.0, -0.0, -0.999836, 0.01811, 0.272858, 0.0, -0.018134, -0.998501, 0.0, 0.0, 0.0, 0.0, 1.0],
                [1.0, -0.0, -0.0, -0.0, -0.0, -0.999836, 0.01811, 0.272858, -0.0, -0.018134, -0.998501, 0.0, 0.0, 0.0, 0.0, 1.0]
            ]
        },
        {
            "name": "Elbow_R",
            "time": [0.0, 0.2167, 0.4167, 0.5167, 0.6667],
            "transform": [
                [-1.0, -0.0, 0.0, 0.0, 0.0, -0.0, -0.999999, 0.3, 0.0, -0.999995, -0.0, 0.0, 0.0, 0.0, 0.0, 1.0],
                [-0.999999, -0.0, -0.0, -0.0, 0.0, -0.0, -0.999999, 0.3, 0.0, -0.999995, -0.0, -0.0, 0.0, 0.0, 0.0, 1.0],
                [-1.0, 0.0, 0.0, 0.0, 0.0, -0.0, -0.999999, 0.3, 0.0, -0.999995, -0.0, -0.0, 0.0, 0.0, 0.0, 1.0],
                [-0.999999, -0.0, -0.0, -0.0, -0.0, -0.0, -0.999999, 0.3, -0.0, -0.999995, -0.0, -0.0, 0.0, 0.0, 0.0, 1.0],
                [-1.0, -0.0, 0.0, 0.0, 0.0, -0.0, -0.999999, 0.3, 0.0, -0.999995, -0.0, 0.0, 0.0, 0.0, 0.0, 1.0]
            ]
        },
        {
            "name": "Shoulder_L",
            "time": [0.0, 0.2167, 0.4167, 0.5167, 0.6667],
            "transform": [
                [0.109558, -0.863159, -0.492907, 0.0, -0.124541, -0.503905, 0.854735, 0.4, -0.986152, -0.032256, -0.162704, -0.0, 0.0, 0.0, 0.0, 1.0],
                [-0.049494, -0.83388, -0.549726, 0.0, -0.188195, -0.532756, 0.82508, 0.4, -0.980889, 0.144291, -0.130564, -0.0, 0.0, 0.0, 0.0, 1.0],
                [-0.056159, -0.829141, -0.556214, 0.0, -0.215699, -0.533862, 0.817599, 0.4, -0.974849, 0.165889, -0.148863, -0.0, 0.0, 0.0, 0.0, 1.0],
                [-0.057941, -0.828612, -0.55682, -0.0, -0.265449, -0.524893, 0.80872, 0.4, -0.962387, 0.194664, -0.18954, 0.0, 0.0, 0.0, 0.0, 1.0],
                [0.109558, -0.863159, -0.492907, 0.0, -0.124541, -0.503905, 0.854735, 0.4, -0.986152, -0.032256, -0.162704, -0.0, 0.0, 0.0, 0.0, 1.0]
            ]
        },
        {
            "name": "Arm_L",
            "time": [0.0, 0.2167, 0.4167, 0.4667, 0.5167, 0.6667],
            "transform": [
                [0.761468, -0.030567, 0.647481, 0.0, -0.485979, 0.634081, 0.601468, 0.39386, -0.428941, -0.772662, 0.467977, 0.0, 0.0, 0.0, 0.0, 1.0],
                [0.707869, -0.253223, 0.659392, 0.0, -0.407324, 0.616336, 0.673956, 0.39386, -0.577069, -0.745659, 0.333141, 0.0, 0.0, 0.0, 0.0, 1.0],
                [0.727633, -0.257745, 0.635701, 0.0, -0.382647, 0.616635, 0.687998, 0.39386, -0.569324, -0.74386, 0.350058, -0.0, 0.0, 0.0, 0.0, 1.0],
                [0.728489, -0.287588, 0.621768, 0.0, -0.381513, 0.583529, 0.716896, 0.39386, -0.568991, -0.759465, 0.315375, -0.0, 0.0, 0.0, 0.0, 1.0],
                [0.729341, -0.289021, 0.620103, -0.0, -0.380377, 0.582073, 0.718681, 0.39386, -0.56866, -0.760037, 0.314593, -0.0, 0.0, 0.0, 0.0, 1.0],
                [0.761468, -0.030567, 0.647481, 0.0, -0.485979, 0.634081, 0.601468, 0.39386, -0.428941, -0.772662, 0.467977, 0.0, 0.0, 0.0, 0.0, 1.0]
            ]
        },
        {
            "name": "Hand_L",
            "time": [0.0, 0.2167, 0.4167, 0.4667, 0.5167, 0.6667],
            "transform": [
                [1.000002, -1e-06, -2e-06, -0.0, 0.0, 0.90185, -0.432058, 0.300002, 2e-06, 0.43206, 0.901847, 0.0, 0.0, 0.0, 0.0, 1.0],
                [1.000002, 1e-06, 0.0, 0.0, -0.0, 0.887421, -0.460969, 0.300003, -1e-06, 0.460971, 0.887418, -0.0, 0.0, 0.0, 0.0, 1.0],
                [1.000002, 1e-06, 0.0, -0.0, -0.0, 0.895039, -0.445998, 0.300003, -1e-06, 0.445999, 0.895036, -0.0, 0.0, 0.0, 0.0, 1.0],
                [1.000002, -0.0, 0.0, 0.0, -0.0, 0.993942, 0.109947, 0.300003, -0.0, -0.109948, 0.993939, 0.0, 0.0, 0.0, 0.0, 1.0],
                [1.000002, 0.0, 0.0, -0.0, -0.0, 0.993942, 0.109947, 0.300003, 0.0, -0.109948, 0.993939, -0.0, 0.0, 0.0, 0.0, 1.0],
                [1.000002, -1e-06, -2e-06, -0.0, 0.0, 0.90185, -0.432058, 0.300002, 2e-06, 0.43206, 0.901847, 0.0, 0.0, 0.0, 0.0, 1.0]
            ]
        },
        {
            "name": "Tool_L",
            "time": [0.0, 0.0667, 0.1167, 0.1667, 0.2167, 0.2667, 0.3167, 0.3667, 0.3833, 0.4, 0.4167, 0.5167, 0.6667],
            "transform": [
                [0.999749, 0.0, -0.0, 0.0, -0.0, -0.999448, 0.018122, 0.272858, -0.0, -0.018121, -0.999553, 0.0, 0.0, 0.0, 0.0, 1.0],
                [0.999749, 1e-06, -4e-06, 0.0, -4e-06, 0.300683, -0.953889, 0.272858, 1e-06, 0.952741, 0.301046, -0.0, 0.0, 0.0, 0.0, 1.0],
                [0.999749, 7e-06, 8e-06, -0.0, -1.1e-05, 0.730814, 0.682051, 0.272858, -1e-06, -0.681586, 0.731313, 0.0, 0.0, 0.0, 0.0, 1.0],
                [0.999749, -1.4e-05, 1e-05, -0.0, -1.7e-05, -0.721967, 0.691422, 0.272858, -3e-06, -0.690955, -0.722455, -0.0, 0.0, 0.0, 0.0, 1.0],
                [0.999749, -2e-06, -1e-05, -0.0, -1e-05, -0.240904, -0.970776, 0.272858, -1e-06, 0.969557, -0.241207, -0.0, 0.0, 0.0, 0.0, 1.0],
                [0.999749, 1.9e-05, 1.7e-05, -0.0, -2.5e-05, 0.806289, 0.590818, 0.272858, -2e-06, -0.590499, 0.806725, 0.0, 0.0, 0.0, 0.0, 1.0],
                [0.999749, -5.2e-05, -2.2e-05, 0.0, -5.5e-05, -0.983412, -0.179141, 0.272858, -1.2e-05, 0.179115, -0.983558, -0.0, 0.0, 0.0, 0.0, 1.0],
                [0.999749, 4e-06, -1.5e-05, 0.0, -8e-06, 0.963703, -0.265417, 0.272858, 1.3e-05, 0.265367, 0.963882, 0.0, 0.0, 0.0, 0.0, 1.0],
                [0.999749, 1e-06, -6e-06, -0.0, 3e-06, 0.833603, 0.551585, 0.272858, 5e-06, -0.551317, 0.834008, -0.0, 0.0, 0.0, 0.0, 1.0],
                [0.999749, 1e-06, 0.0, -0.0, 0.0, -0.398562, 0.917192, 0.272858, 1e-06, -0.916165, -0.399009, 0.0, 0.0, 0.0, 0.0, 1.0],
                [0.999749, 0.0, 0.0, 0.0, -0.0, -0.999448, 0.018122, 0.272858, 0.0, -0.018121, -0.999553, -0.0, 0.0, 0.0, 0.0, 1.0],
                [0.999749, -0.0, 0.0, -0.0, 0.0, -0.999448, 0.018122, 0.272858, -0.0, -0.018121, -0.999553, -0.0, 0.0, 0.0, 0.0, 1.0],
                [0.999749, 0.0, -0.0, 0.0, -0.0, -0.999448, 0.018122, 0.272858, -0.0, -0.018121, -0.999553, 0.0, 0.0, 0.0, 0.0, 1.0]
            ]
        },
        {
            "name": "Elbow_L",
            "time": [0.0, 0.2167, 0.4167, 0.5167, 0.6667],
            "transform": [
                [-1.000001, 0.0, 0.0, -0.0, -0.0, 0.0, -1.0, 0.3, 0.0, -1.0, 0.0, 0.0, 0.0, 0.0, 0.0, 1.0],
                [-1.000001, -0.0, 1e-06, 0.0, -1e-06, -0.0, -1.0, 0.3, -0.0, -1.0, -0.0, 0.0, 0.0, 0.0, 0.0, 1.0],
                [-1.000001, -0.0, 1e-06, -0.0, -0.0, 0.0, -1.0, 0.3, -0.0, -1.0, 0.0, -0.0, 0.0, 0.0, 0.0, 1.0],
                [-1.000001, 0.0, 1e-06, 0.0, -1e-06, -0.0, -1.0, 0.3, 0.0, -1.0, -0.0, -0.0, 0.0, 0.0, 0.0, 1.0],
                [-1.000001, 0.0, 0.0, -0.0, -0.0, 0.0, -1.0, 0.3, 0.0, -1.0, 0.0, 0.0, 0.0, 0.0, 0.0, 1.0]
            ]
        }
    ]
}