{
    "animation": [
        {
            "name": "Root",
            "time": [0.0, 1.0],
            "transform": [
                [0.933991, -0.064878, -0.351358, 0.001247, -0.357297, -0.169593, -0.918464, 0.004674, 0.0, 0.983376, -0.181579, 0.744476, 0.0, 0.0, 0.0, 1.0],
                [0.933991, -0.064878, -0.351358, 0.001247, -0.357297, -0.169593, -0.918464, 0.004674, 0.0, 0.983376, -0.181579, 0.744476, 0.0, 0.0, 0.0, 1.0]
            ]
        },
        {
            "name": "Thigh_R",
            "time": [0.0, 1.0],
            "transform": [
                [0.968947, 0.033023, -0.24505, 0.126819, 0.021763, -0.998583, -0.048515, -0.021457, -0.246305, 0.041675, -0.968296, -0.026979, 0.0, 0.0, 0.0, 1.0],
                [0.968947, 0.033023, -0.24505, 0.126819, 0.021763, -0.998583, -0.048515, -0.021457, -0.246305, 0.041675, -0.968296, -0.026979, 0.0, 0.0, 0.0, 1.0]
            ]
        },
        {
            "name": "Leg_R",
            "time": [0.0, 1.0],
            "transform": [
                [1.0, 1e-06, 1e-06, 0.0, -1e-06, 1.000002, 1e-06, 0.374726, -1e-06, -1e-06, 0.999998, -0.0, 0.0, 0.0, 0.0, 1.0],
                [1.0, 1e-06, 1e-06, 0.0, -1e-06, 1.000002, 1e-06, 0.374726, -1e-06, -1e-06, 0.999998, -0.0, 0.0, 0.0, 0.0, 1.0]
            ]
        },
        {
            "name": "Knee_R",
            "time": [0.0, 1.0],
            "transform": [
                [1.0, -0.0, -1e-06, 0.0, -1e-06, -0.0, -1.0, 0.37472, 0.0, 1.0, 0.0, -0.0, 0.0, 0.0, 0.0, 1.0],
                [1.0, -0.0, -1e-06, 0.0, -1e-06, -0.0, -1.0, 0.37472, 0.0, 1.0, 0.0, -0.0, 0.0, 0.0, 0.0, 1.0]
            ]
        },
        {
            "name": "Thigh_L",
            "time": [0.0, 1.0],
            "transform": [
                [0.900608, -0.222768, -0.3732, -0.143199, -0.244655, -0.96954, -0.011673, -0.022465, -0.359231, 0.101819, -0.927678, 0.005552, 0.0, 0.0, 0.0, 1.0],
                [0.900608, -0.222768, -0.3732, -0.143199, -0.244655, -0.96954, -0.011673, -0.022465, -0.359231, 0.101819, -0.927678, 0.005552, 0.0, 0.0, 0.0, 1.0]
            ]
        },
        {
            "name": "Leg_L",
            "time": [0.0, 1.0],
            "transform": [
                [1.0, 1e-06, 1e-06, 0.0, -1e-06, 0.961476, 0.274888, 0.374726, -1e-06, -0.274888, 0.961477, -0.0, 0.0, 0.0, 0.0, 1.0],
                [1.0, 1e-06, 1e-06, 0.0, -1e-06, 0.961476, 0.274888, 0.374726, -1e-06, -0.274888, 0.961477, -0.0, 0.0, 0.0, 0.0, 1.0]
            ]
        },
        {
            "name": "Knee_L",
            "time": [0.0, 1.0],
            "transform": [
                [1.0, -0.0, -1e-06, 0.0, -1e-06, -0.0, -1.0, 0.37472, 0.0, 1.0, 0.0, -0.0, 0.0, 0.0, 0.0, 1.0],
                [1.0, -0.0, -1e-06, 0.0, -1e-06, -0.0, -1.0, 0.37472, 0.0, 1.0, 0.0, -0.0, 0.0, 0.0, 0.0, 1.0]
            ]
        },
        {
            "name": "Torso",
            "time": [0.0, 0.3, 0.4, 0.5, 0.6833, 0.8167, 1.0],
            "transform": [
                [0.948286, -0.118611, 0.294424, -0.0, 0.07127, 0.983439, 0.166637, 0.05, -0.309313, -0.137036, 0.941034, -0.0, 0.0, 0.0, 0.0, 1.0],
                [0.936655, 0.144124, 0.319226, -0.0, -0.112826, 0.986989, -0.114558, 0.05, -0.331583, 0.071284, 0.940729, -0.0, 0.0, 0.0, 0.0, 1.0],
                [0.986978, 0.091514, 0.132285, -0.0, -0.07768, 0.991305, -0.106212, 0.05, -0.140854, 0.094553, 0.985505, -0.0, 0.0, 0.0, 0.0, 1.0],
                [0.943306, 0.029339, 0.330627, -0.0, -0.066917, 0.992444, 0.102851, 0.05, -0.325111, -0.119145, 0.93814, -0.0, 0.0, 0.0, 0.0, 1.0],
                [0.917204, 0.015311, 0.398123, -0.0, -0.072527, 0.988982, 0.129053, 0.05, -0.39176, -0.147243, 0.908209, -0.0, 0.0, 0.0, 0.0, 1.0],
                [0.960775, 0.010296, 0.277139, -0.0, -0.050357, 0.989176, 0.137826, 0.05, -0.27272, -0.146376, 0.950893, -0.0, 0.0, 0.0, 0.0, 1.0],
                [0.948286, -0.118611, 0.294424, -0.0, 0.07127, 0.983439, 0.166637, 0.05, -0.309313, -0.137036, 0.941034, -0.0, 0.0, 0.0, 0.0, 1.0]
            ]
        },
        {
            "name": "Chest",
            "time": [0.0, 0.1, 0.1333, 0.1667, 0.2, 0.2333, 0.2667, 0.2833, 0.3, 0.4, 0.5, 0.6833, 0.8167, 1.0],
            "transform": [
                [0.991979, 0.124885, -0.019551, -0.0, -0.124374, 0.991907, 0.025495, 0.3, 0.022577, -0.022859, 0.999483, 0.0, 0.0, 0.0, 0.0, 1.0],
                [0.890451, -0.021728, -0.454559, 0.0, 0.362792, 0.636911, 0.68024, 0.3, 0.274733, -0.770631, 0.575021, -0.0, 0.0, 0.0, 0.0, 1.0],
                [0.919273, -0.035076, 0.392055, -0.0, -0.299893, 0.582725, 0.755312, 0.3, -0.254954, -0.811912, 0.525164, -0.0, 0.0, 0.0, 0.0, 1.0],
                [0.897463, -0.036476, -0.439579, -0.0, 0.397778, 0.497587, 0.770831, 0.3, 0.190612, -0.866647, 0.461076, 0.0, 0.0, 0.0, 0.0, 1.0],
                [0.977418, -0.032547, 0.208792, -0.0, -0.173489, 0.440509, 0.880825, 0.3, -0.120643, -0.897158, 0.424915, -0.0, 0.0, 0.0, 0.0, 1.0],
                [0.930481, -0.041477, -0.363985, -0.0, 0.350373, 0.390891, 0.851142, 0.3, 0.106975, -0.919502, 0.378249, 0.0, 0.0, 0.0, 0.0, 1.0],
                [0.95661, -0.043301, 0.288136, -0.0, -0.254689, 0.356084, 0.899076, 0.3, -0.141532, -0.93345, 0.329605, -0.0, 0.0, 0.0, 0.0, 1.0],
                [0.971015, -0.04851, -0.234045, -0.0, 0.236228, 0.343973, 0.908779, 0.3, 0.03642, -0.937726, 0.345462, -0.0, 0.0, 0.0, 0.0, 1.0],
                [0.989251, -0.050011, -0.137411, -0.0, 0.146228, 0.341797, 0.928328, 0.3, 0.00054, -0.938442, 0.345436, 0.0, 0.0, 0.0, 0.0, 1.0],
                [0.997838, -0.051877, -0.040346, 0.0, 0.055669, 0.340932, 0.938438, 0.3, -0.034928, -0.938655, 0.343082, -0.0, 0.0, 0.0, 0.0, 1.0],
                [0.999994, -0.003428, 0.000646, 0.0, 0.003414, 0.923554, -0.383453, 0.3, 0.000718, 0.383453, 0.92356, -0.0, 0.0, 0.0, 0.0, 1.0],
                [1.0, -3.2e-05, 9e-06, 0.0, 3.2e-05, 0.824139, -0.566388, 0.3, 1e-05, 0.566388, 0.824139, -0.0, 0.0, 0.0, 0.0, 1.0],
                [0.978274, 0.124514, 0.165761, 0.0, -0.007697, 0.820816, -0.571142, 0.3, -0.207175, 0.557457, 0.803941, 0.0, 0.0, 0.0, 0.0, 1.0],
                [0.991979, 0.124885, -0.019551, -0.0, -0.124374, 0.991907, 0.025495, 0.3, 0.022577, -0.022859, 0.999483, 0.0, 0.0, 0.0, 0.0, 1.0]
            ]
        },
        {
            "name": "Head",
            "time": [0.0, 0.3, 0.4, 0.5, 0.6833, 0.8167, 1.0],
            "transform": [
                [0.93562, -0.077681, 0.344356, 0.0, 0.004981, 0.978296, 0.207154, 0.4, -0.352974, -0.192102, 0.9157, 0.0, 0.0, 0.0, 0.0, 1.0],
                [0.983074, -0.178568, -0.040979, -0.0, 0.113857, 0.420225, 0.900249, 0.4, -0.143535, -0.889677, 0.433443, 0.0, 0.0, 0.0, 0.0, 1.0],
                [0.9832, -0.177588, -0.042187, 0.0, 0.114465, 0.419841, 0.90035, 0.4, -0.14218, -0.890054, 0.433116, 0.0, 0.0, 0.0, 0.0, 1.0],
                [0.9997, -0.02125, 0.01214, 0.0, 0.02435, 0.913463, -0.406193, 0.4, -0.002458, 0.406367, 0.913707, -0.0, 0.0, 0.0, 0.0, 1.0],
                [1.0, -0.000524, 0.000365, -0.0, 0.000639, 0.814732, -0.579837, 0.4, 6e-06, 0.579837, 0.814733, 0.0, 0.0, 0.0, 0.0, 1.0],
                [1.0, 0.0, -0.0, 0.0, 0.0, 0.812179, -0.583408, 0.4, -0.0, 0.583408, 0.812179, -0.0, 0.0, 0.0, 0.0, 1.0],
                [0.93562, -0.077681, 0.344356, 0.0, 0.004981, 0.978296, 0.207154, 0.4, -0.352974, -0.192102, 0.9157, 0.0, 0.0, 0.0, 0.0, 1.0]
            ]
        },
        {
            "name": "Shoulder_R",
            "time": [0.0, 0.3, 0.4, 0.5, 0.6833, 0.8167, 1.0],
            "transform": [
                [-0.409403, 0.824638, 0.390335, 0.0, 0.000994, -0.42743, 0.904048, 0.4, 0.912353, 0.370508, 0.174171, 0.0, 0.0, 0.0, 0.0, 1.0],
                [-0.277944, 0.91633, 0.288251, -0.0, -0.045318, -0.312249, 0.948919, 0.4, 0.959527, 0.250684, 0.128314, 0.0, 0.0, 0.0, 0.0, 1.0],
                [-0.277944, 0.916329, 0.288251, 0.0, -0.045318, -0.312249, 0.948919, 0.4, 0.959527, 0.250684, 0.128314, 0.0, 0.0, 0.0, 0.0, 1.0],
                [-0.277944, 0.91633, 0.288251, 0.0, -0.045318, -0.312249, 0.948919, 0.4, 0.959527, 0.250684, 0.128314, -0.0, 0.0, 0.0, 0.0, 1.0],
                [-0.277944, 0.91633, 0.288251, -0.0, -0.045318, -0.312249, 0.948919, 0.4, 0.959528, 0.250684, 0.128314, 0.0, 0.0, 0.0, 0.0, 1.0],
                [-0.277944, 0.916329, 0.288251, 0.0, -0.045318, -0.312249, 0.948919, 0.4, 0.959528, 0.250684, 0.128314, -0.0, 0.0, 0.0, 0.0, 1.0],
                [-0.409403, 0.824638, 0.390335, 0.0, 0.000994, -0.42743, 0.904048, 0.4, 0.912353, 0.370508, 0.174171, 0.0, 0.0, 0.0, 0.0, 1.0]
            ]
        },
        {
            "name": "Arm_R",
            "time": [0.0, 0.3, 0.4, 0.5, 0.6833, 0.8167, 1.0],
            "transform": [
                [0.147445, -0.210514, -0.966408, -0.0, 0.790545, 0.612271, -0.012758, 0.39386, 0.594389, -0.762109, 0.256696, 0.0, 0.0, 0.0, 0.0, 1.0],
                [0.455553, 0.112438, 0.88308, -0.0, 0.883616, 0.063392, -0.463901, 0.393861, -0.10814, 0.991636, -0.070474, 0.0, 0.0, 0.0, 0.0, 1.0],
                [0.453614, 0.113499, 0.883941, 0.0, 0.884688, 0.062312, -0.461999, 0.39386, -0.107517, 0.991583, -0.072146, -0.0, 0.0, 0.0, 0.0, 1.0],
                [0.814705, 0.431265, 0.387642, 0.0, -0.546287, 0.795028, 0.263635, 0.39386, -0.194489, -0.426549, 0.883307, -0.0, 0.0, 0.0, 0.0, 1.0],
                [0.781472, 0.513058, 0.355068, -0.0, -0.623902, 0.636384, 0.45361, 0.39386, 0.006769, -0.576012, 0.817414, -0.0, 0.0, 0.0, 0.0, 1.0],
                [0.790924, 0.50848, 0.340423, -0.0, -0.611476, 0.635713, 0.471134, 0.39386, 0.023151, -0.580792, 0.813724, -0.0, 0.0, 0.0, 0.0, 1.0],
                [0.147445, -0.210514, -0.966408, -0.0, 0.790545, 0.612271, -0.012758, 0.39386, 0.594389, -0.762109, 0.256696, 0.0, 0.0, 0.0, 0.0, 1.0]
            ]
        },
        {
            "name": "Hand_R",
            "time": [0.0, 0.1, 0.1333, 0.1667, 0.2, 0.2333, 0.2667, 0.2833, 0.3, 0.4, 0.5, 0.6833, 0.8167, 1.0],
            "transform": [
                [1.0, 1e-06, -1e-06, -0.0, -1e-06, 0.98095, -0.194268, 0.300003, 0.0, 0.194268, 0.98095, -0.0, 0.0, 0.0, 0.0, 1.0],
                [0.28987, 0.405801, 0.866777, 0.0, 0.142525, 0.877259, -0.458372, 0.300002, -0.946394, 0.256406, 0.196454, 0.0, 0.0, 0.0, 0.0, 1.0],
                [0.36465, 0.049988, 0.929803, -0.0, 0.784249, 0.521835, -0.335622, 0.300003, -0.50198, 0.851581, 0.151085, -0.0, 0.0, 0.0, 0.0, 1.0],
                [0.16919, 0.166096, 0.971488, -0.0, 0.476212, 0.849224, -0.228127, 0.300003, -0.8629, 0.501231, 0.064584, -0.0, 0.0, 0.0, 0.0, 1.0],
                [0.129831, 0.096931, 0.986788, -0.0, 0.736642, 0.656734, -0.16143, 0.300003, -0.663703, 0.747868, 0.013861, 0.0, 0.0, 0.0, 0.0, 1.0],
                [0.026184, 0.075527, 0.996801, -0.0, 0.494367, 0.865695, -0.078579, 0.300003, -0.868859, 0.494843, -0.01467, -0.0, 0.0, 0.0, 0.0, 1.0],
                [0.010563, 0.035956, 0.999299, -0.0, 0.905614, 0.423376, -0.024806, 0.300003, -0.423971, 0.905241, -0.02809, -0.0, 0.0, 0.0, 0.0, 1.0],
                [-0.022873, 0.003505, 0.999733, 0.0, 0.532811, 0.846185, 0.009224, 0.300002, -0.845925, 0.53288, -0.021222, 0.0, 0.0, 0.0, 0.0, 1.0],
                [-0.025951, 0.008083, 0.999631, 0.0, 0.866486, 0.49886, 0.018461, 0.300003, -0.498526, 0.866646, -0.019949, 0.0, 0.0, 0.0, 0.0, 1.0],
                [-0.026548, 0.013434, 0.999558, -0.0, 0.998532, 0.047572, 0.025881, 0.300003, -0.047203, 0.998778, -0.014677, 0.0, 0.0, 0.0, 0.0, 1.0],
                [0.927441, -0.160381, 0.337832, -0.0, 0.280204, 0.896288, -0.343738, 0.300003, -0.247665, 0.413459, 0.876194, 0.0, 0.0, 0.0, 0.0, 1.0],
                [0.971327, -0.077116, 0.224896, 0.0, 0.136413, 0.955509, -0.261527, 0.300003, -0.194721, 0.284707, 0.938631, -0.0, 0.0, 0.0, 0.0, 1.0],
                [0.972662, -0.076883, 0.219127, 0.0, 0.131171, 0.960553, -0.245223, 0.300003, -0.191629, 0.267262, 0.944378, 0.0, 0.0, 0.0, 0.0, 1.0],
                [1.0, 1e-06, -1e-06, -0.0, -1e-06, 0.98095, -0.194268, 0.300003, 0.0, 0.194268, 0.98095, -0.0, 0.0, 0.0, 0.0, 1.0]
            ]
        },
        {
            "name": "Tool_R",
            "time": [0.0, 1.0],
            "transform": [
                [0.0, 0.0, 0.0, -0.16184, 0.0, 0.0, 0.0, -0.102488, 0.0, 0.0, 0.0, -0.447378, 0.0, 0.0, 0.0, 1.0],
                [0.0, 0.0, 0.0, -0.16184, 0.0, 0.0, 0.0, -0.102488, 0.0, 0.0, 0.0, -0.447378, 0.0, 0.0, 0.0, 1.0]
            ]
        },
        {
            "name": "Elbow_R",
            "time": [0.0, 0.3, 0.4, 0.5, 0.6833, 0.8167, 1.0],
            "transform": [
                [-1.0, 0.0, 0.0, -0.0, -0.0, -0.0, -1.0, 0.299999, -0.0, -0.999999, -0.0, -0.0, 0.0, 0.0, 0.0, 1.0],
                [-1.0, 0.0, 0.0, 0.0, 0.0, 0.0, -1.0, 0.299999, 0.0, -0.999999, -0.0, -0.0, 0.0, 0.0, 0.0, 1.0],
                [-1.0, -0.0, 0.0, 0.0, 0.0, -0.0, -1.0, 0.299999, -0.0, -0.999999, -0.0, 0.0, 0.0, 0.0, 0.0, 1.0],
                [-1.0, -0.0, 0.0, 0.0, 0.0, -0.0, -1.0, 0.299999, 0.0, -0.999999, -0.0, -0.0, 0.0, 0.0, 0.0, 1.0],
                [-1.0, -0.0, -0.0, -0.0, -0.0, -0.0, -1.0, 0.299999, -0.0, -0.999999, -0.0, -0.0, 0.0, 0.0, 0.0, 1.0],
                [-1.0, -0.0, 0.0, -0.0, 0.0, -0.0, -1.0, 0.299999, -0.0, -0.999999, -0.0, 0.0, 0.0, 0.0, 0.0, 1.0],
                [-1.0, 0.0, 0.0, -0.0, -0.0, -0.0, -1.0, 0.299999, -0.0, -0.999999, -0.0, -0.0, 0.0, 0.0, 0.0, 1.0]
            ]
        },
        {
            "name": "Shoulder_L",
            "time": [0.0, 0.3, 0.4, 0.5, 0.6833, 0.8167, 1.0],
            "transform": [
                [-0.677392, -0.727347, -0.110034, 0.0, 0.378031, -0.472507, 0.796134, 0.4, -0.631058, 0.497698, 0.595032, 0.0, 0.0, 0.0, 0.0, 1.0],
                [-0.218744, -0.975645, 0.016394, -0.0, 0.491783, -0.095718, 0.865441, 0.4, -0.842794, 0.197372, 0.500743, 0.0, 0.0, 0.0, 0.0, 1.0],
                [-0.218055, -0.975796, 0.016603, 0.0, 0.491797, -0.095172, 0.865493, 0.4, -0.842964, 0.19689, 0.500646, 0.0, 0.0, 0.0, 0.0, 1.0],
                [-0.461419, -0.873867, -0.153131, 0.0, 0.408565, -0.362515, 0.83765, 0.4, -0.787507, 0.323944, 0.524303, -0.0, 0.0, 0.0, 0.0, 1.0],
                [-0.493292, -0.851826, -0.17623, -0.0, 0.391105, -0.398154, 0.829766, 0.4, -0.776982, 0.340392, 0.529559, 0.0, 0.0, 0.0, 0.0, 1.0],
                [-0.494173, -0.851182, -0.176872, 0.0, 0.390596, -0.399142, 0.829531, 0.4, -0.776678, 0.340846, 0.529713, -0.0, 0.0, 0.0, 0.0, 1.0],
                [-0.677392, -0.727347, -0.110034, 0.0, 0.378031, -0.472507, 0.796134, 0.4, -0.631058, 0.497698, 0.595032, 0.0, 0.0, 0.0, 0.0, 1.0]
            ]
        },
        {
            "name": "Arm_L",
            "time": [0.0, 0.3, 0.4, 0.5, 0.6833, 0.8167, 1.0],
            "transform": [
                [-0.941869, -0.114109, -0.316009, 0.0, 0.181031, 0.619992, -0.763438, 0.39386, 0.283038, -0.776265, -0.563294, 0.0, 0.0, 0.0, 0.0, 1.0],
                [-0.051678, -0.192795, -0.979877, -0.0, -0.739873, 0.666411, -0.092099, 0.39386, 0.670757, 0.720226, -0.177083, 0.0, 0.0, 0.0, 0.0, 1.0],
                [-0.053968, -0.194142, -0.979488, -0.0, -0.739657, 0.666748, -0.091401, 0.39386, 0.670816, 0.719553, -0.179581, 0.0, 0.0, 0.0, 0.0, 1.0],
                [0.79908, -0.444983, -0.404303, -0.0, 0.51432, 0.85419, 0.076385, 0.39386, 0.311361, -0.268978, 0.91143, -0.0, 0.0, 0.0, 0.0, 1.0],
                [0.7997, -0.53446, -0.273552, 0.0, 0.593638, 0.772037, 0.22705, 0.39386, 0.089843, -0.343963, 0.934675, -0.0, 0.0, 0.0, 0.0, 1.0],
                [0.809862, -0.527281, -0.257095, 0.0, 0.582455, 0.774904, 0.245498, 0.39386, 0.069778, -0.348565, 0.934683, 0.0, 0.0, 0.0, 0.0, 1.0],
                [-0.941869, -0.114109, -0.316009, 0.0, 0.181031, 0.619992, -0.763438, 0.39386, 0.283038, -0.776265, -0.563294, 0.0, 0.0, 0.0, 0.0, 1.0]
            ]
        },
        {
            "name": "Hand_L",
            "time": [0.0, 0.1, 0.1333, 0.1667, 0.2, 0.2333, 0.2667, 0.2833, 0.3, 0.4, 0.5, 0.6833, 0.8167, 1.0],
            "transform": [
                [0.08112, -0.057289, 0.995057, 0.0, 0.008135, 0.998353, 0.056816, 0.300003, -0.996672, 0.003486, 0.081452, -0.0, 0.0, 0.0, 0.0, 1.0],
                [0.588357, 0.316332, -0.744158, 0.0, -0.445374, 0.894899, 0.028281, 0.300003, 0.674892, 0.314789, 0.667406, -0.0, 0.0, 0.0, 0.0, 1.0],
                [0.271012, 0.610559, -0.744158, 0.0, -0.900403, 0.434137, 0.028281, 0.300003, 0.340333, 0.662377, 0.667406, -0.0, 0.0, 0.0, 0.0, 1.0],
                [0.433901, 0.507897, -0.744158, -0.0, -0.739174, 0.672921, 0.028281, 0.300003, 0.515123, 0.537791, 0.667405, -0.0, 0.0, 0.0, 0.0, 1.0],
                [0.269675, 0.611151, -0.744158, -0.0, -0.901352, 0.432165, 0.028281, 0.300003, 0.338883, 0.663121, 0.667405, 0.0, 0.0, 0.0, 0.0, 1.0],
                [0.389074, 0.543002, -0.744158, 0.0, -0.793794, 0.607531, 0.028281, 0.300003, 0.467455, 0.579704, 0.667406, 0.0, 0.0, 0.0, 0.0, 1.0],
                [0.165481, 0.647183, -0.744158, 0.0, -0.960158, 0.278026, 0.028281, 0.300003, 0.225198, 0.709829, 0.667405, 0.0, 0.0, 0.0, 0.0, 1.0],
                [0.514531, 0.426014, -0.744158, 0.0, -0.612902, 0.789654, 0.028281, 0.300003, 0.599674, 0.441544, 0.667406, -0.0, 0.0, 0.0, 0.0, 1.0],
                [0.278243, 0.607298, -0.744158, -0.0, -0.895185, 0.444797, 0.028281, 0.300003, 0.348174, 0.65829, 0.667406, -0.0, 0.0, 0.0, 0.0, 1.0],
                [-0.010736, 0.667918, -0.744158, -0.0, -0.999481, 0.015444, 0.028282, 0.300002, 0.030383, 0.744075, 0.667405, 0.0, 0.0, 0.0, 0.0, 1.0],
                [0.899506, 0.263053, -0.348844, -0.0, -0.391569, 0.839557, -0.376589, 0.300003, 0.193811, 0.475341, 0.85819, 0.0, 0.0, 0.0, 0.0, 1.0],
                [0.951733, 0.14334, -0.271402, -0.0, -0.242461, 0.893302, -0.378451, 0.300003, 0.188197, 0.425989, 0.884939, 0.0, 0.0, 0.0, 0.0, 1.0],
                [0.9551, 0.143702, -0.259103, -0.0, -0.23659, 0.896328, -0.374997, 0.300003, 0.178354, 0.419461, 0.89008, -0.0, 0.0, 0.0, 0.0, 1.0],
                [0.08112, -0.057289, 0.995057, 0.0, 0.008135, 0.998353, 0.056816, 0.300003, -0.996672, 0.003486, 0.081452, -0.0, 0.0, 0.0, 0.0, 1.0]
            ]
        },
        {
            "name": "Tool_L",
            "time": [0.0, 1.0],
            "transform": [
                [0.0, 0.0, 0.0, -0.0, 0.0, 0.0, 0.0, 0.272859, 0.0, 0.0, 0.0, -0.0, 0.0, 0.0, 0.0, 1.0],
                [0.0, 0.0, 0.0, -0.0, 0.0, 0.0, 0.0, 0.272859, 0.0, 0.0, 0.0, -0.0, 0.0, 0.0, 0.0, 1.0]
            ]
        },
        {
            "name": "Elbow_L",
            "time": [0.0, 0.3, 0.4, 0.5, 0.6833, 0.8167, 1.0],
            "transform": [
                [-0.943043, -0.33267, 2e-06, 2.9e-05, -2e-06, -0.0, -1.0, 0.303662, 0.332671, -0.943043, -0.0, 1e-05, 0.0, 0.0, 0.0, 1.0],
                [-0.943043, -0.33267, 2e-06, 2.9e-05, -2e-06, -0.0, -1.0, 0.303662, 0.332671, -0.943043, -0.0, 1e-05, 0.0, 0.0, 0.0, 1.0],
                [-0.943043, -0.33267, 2e-06, 2.9e-05, -2e-06, -0.0, -1.0, 0.303662, 0.332671, -0.943043, -0.0, 1e-05, 0.0, 0.0, 0.0, 1.0],
                [-0.943043, -0.33267, 2e-06, 2.9e-05, -2e-06, -0.0, -1.0, 0.303662, 0.332671, -0.943043, -0.0, 1e-05, 0.0, 0.0, 0.0, 1.0],
                [-0.943043, -0.33267, 2e-06, 2.9e-05, -2e-06, -0.0, -1.0, 0.303662, 0.332671, -0.943043, -0.0, 1e-05, 0.0, 0.0, 0.0, 1.0],
                [-0.943043, -0.33267, 2e-06, 2.9e-05, -2e-06, -0.0, -1.0, 0.303663, 0.332671, -0.943043, -0.0, 1e-05, 0.0, 0.0, 0.0, 1.0],
                [-0.943043, -0.33267, 2e-06, 2.9e-05, -2e-06, -0.0, -1.0, 0.303662, 0.332671, -0.943043, -0.0, 1e-05, 0.0, 0.0, 0.0, 1.0]
            ]
        }
    ]
}