{
    "animation": [
        {
            "name": "Root",
            "time": [0.0, 0.3333, 0.5, 0.6667, 0.8333, 1.1833, 1.3333, 1.6667],
            "transform": [
                [0.971552, 0.0, 0.236827, -0.043525, 0.236827, 0.0, -0.971552, -0.059728, 0.0, 1.0, 0.0, 0.719394, 0.0, 0.0, 0.0, 1.0],
                [0.99397, -0.090201, -0.062354, -0.043525, -0.05371, 0.095274, -0.994001, 0.412694, 0.0956, 0.991356, 0.089854, 0.451548, 0.0, 0.0, 0.0, 1.0],
                [0.99397, -0.090201, -0.062354, -0.043525, -0.05371, 0.095274, -0.994001, 0.412694, 0.0956, 0.991356, 0.089854, 0.451548, 0.0, 0.0, 0.0, 1.0],
                [0.99397, -0.090201, -0.062354, -0.043525, -0.05371, 0.095274, -0.994001, 0.412694, 0.0956, 0.991356, 0.089854, 0.451548, 0.0, 0.0, 0.0, 1.0],
                [0.99397, -0.090201, -0.062354, -0.043525, -0.05371, 0.095274, -0.994001, 0.412694, 0.0956, 0.991356, 0.089854, 0.451548, 0.0, 0.0, 0.0, 1.0],
                [0.99397, -0.090201, -0.062354, -0.043525, -0.05371, 0.095274, -0.994001, 0.412694, 0.0956, 0.991356, 0.089854, 0.451548, 0.0, 0.0, 0.0, 1.0],
                [0.99397, -0.090201, -0.062354, -0.043525, -0.05371, 0.095274, -0.994001, 0.412694, 0.0956, 0.991356, 0.089854, 0.451548, 0.0, 0.0, 0.0, 1.0],
                [0.971552, 0.0, 0.236827, -0.043525, 0.236827, 0.0, -0.971552, -0.059728, 0.0, 1.0, 0.0, 0.719394, 0.0, 0.0, 0.0, 1.0]
            ]
        },
        {
            "name": "Thigh_R",
            "time": [0.0, 0.3333, 0.5, 0.6667, 0.8333, 1.1833, 1.3333, 1.6667],
            "transform": [
                [0.989501, 0.132519, 0.057666, 0.124994, 0.12489, -0.984859, 0.120229, -0.002831, 0.072725, -0.111765, -0.99107, -1.1e-05, 0.0, 0.0, 0.0, 1.0],
                [0.810899, 0.534385, 0.238489, 0.119037, 0.050825, -0.470316, 0.881033, 0.022547, 0.582977, -0.702306, -0.408539, -0.043541, 0.0, 0.0, 0.0, 1.0],
                [0.810899, 0.534385, 0.238489, 0.119037, 0.050825, -0.470316, 0.881033, 0.022547, 0.582977, -0.702306, -0.408539, -0.043541, 0.0, 0.0, 0.0, 1.0],
                [0.810899, 0.534385, 0.238489, 0.119037, 0.050825, -0.470316, 0.881033, 0.022547, 0.582977, -0.702306, -0.408539, -0.043541, 0.0, 0.0, 0.0, 1.0],
                [0.810899, 0.534385, 0.238489, 0.119037, 0.050825, -0.470316, 0.881033, 0.022547, 0.582977, -0.702306, -0.408539, -0.043541, 0.0, 0.0, 0.0, 1.0],
                [0.810899, 0.534385, 0.238489, 0.119037, 0.050825, -0.470316, 0.881033, 0.022547, 0.582977, -0.702306, -0.408539, -0.043541, 0.0, 0.0, 0.0, 1.0],
                [0.810899, 0.534385, 0.238489, 0.119037, 0.050825, -0.470316, 0.881033, 0.022547, 0.582977, -0.702306, -0.408539, -0.043541, 0.0, 0.0, 0.0, 1.0],
                [0.989501, 0.132519, 0.057666, 0.124994, 0.12489, -0.984859, 0.120229, -0.002831, 0.072725, -0.111765, -0.99107, -1.1e-05, 0.0, 0.0, 0.0, 1.0]
            ]
        },
        {
            "name": "Leg_R",
            "time": [0.0, 0.3333, 0.5, 0.6667, 0.8333, 1.1833, 1.3333, 1.6667],
            "transform": [
                [1.0, -0.0, 1e-06, 0.0, -0.0, 0.972154, 0.234356, 0.374726, -1e-06, -0.234358, 0.972147, 0.0, 0.0, 0.0, 0.0, 1.0],
                [0.999556, -0.028334, 0.009193, 0.0, -0.01176, -0.091806, 0.995708, 0.374726, -0.027369, -0.995373, -0.092099, 0.0, 0.0, 0.0, 0.0, 1.0],
                [0.999556, -0.028334, 0.009193, 0.0, -0.01176, -0.091806, 0.995708, 0.374726, -0.027369, -0.995373, -0.092099, 0.0, 0.0, 0.0, 0.0, 1.0],
                [0.999556, -0.028334, 0.009193, 0.0, -0.01176, -0.091806, 0.995708, 0.374726, -0.027369, -0.995373, -0.092099, 0.0, 0.0, 0.0, 0.0, 1.0],
                [0.999556, -0.028334, 0.009193, 0.0, -0.01176, -0.091806, 0.995708, 0.374726, -0.027369, -0.995373, -0.092099, 0.0, 0.0, 0.0, 0.0, 1.0],
                [0.999556, -0.028334, 0.009193, 0.0, -0.01176, -0.091806, 0.995708, 0.374726, -0.027369, -0.995373, -0.092099, 0.0, 0.0, 0.0, 0.0, 1.0],
                [0.999556, -0.028334, 0.009193, 0.0, -0.01176, -0.091806, 0.995708, 0.374726, -0.027369, -0.995373, -0.092099, 0.0, 0.0, 0.0, 0.0, 1.0],
                [1.0, -0.0, 1e-06, 0.0, -0.0, 0.972154, 0.234356, 0.374726, -1e-06, -0.234358, 0.972147, 0.0, 0.0, 0.0, 0.0, 1.0]
            ]
        },
        {
            "name": "Knee_R",
            "time": [0.0, 0.3333, 0.5, 0.6667, 0.8333, 1.1833, 1.3333, 1.6667],
            "transform": [
                [1.0, -0.0, 0.0, 0.0, -0.0, -0.0, -1.0, 0.37472, 0.0, 1.0, 0.0, 0.0, 0.0, 0.0, 0.0, 1.0],
                [1.0, 0.0, -1e-06, 0.0, -1e-06, -0.0, -1.0, 0.374719, 0.0, 1.0, 0.0, -0.0, 0.0, 0.0, 0.0, 1.0],
                [1.0, 0.0, -1e-06, 0.0, -1e-06, -0.0, -1.0, 0.374719, 0.0, 1.0, 0.0, -0.0, 0.0, 0.0, 0.0, 1.0],
                [1.0, 0.0, -1e-06, 0.0, -1e-06, -0.0, -1.0, 0.374719, 0.0, 1.0, 0.0, -0.0, 0.0, 0.0, 0.0, 1.0],
                [1.0, 0.0, -1e-06, 0.0, -1e-06, -0.0, -1.0, 0.374719, 0.0, 1.0, 0.0, -0.0, 0.0, 0.0, 0.0, 1.0],
                [1.0, 0.0, -1e-06, 0.0, -1e-06, -0.0, -1.0, 0.374719, 0.0, 1.0, 0.0, -0.0, 0.0, 0.0, 0.0, 1.0],
                [1.0, 0.0, -1e-06, 0.0, -1e-06, -0.0, -1.0, 0.374719, 0.0, 1.0, 0.0, -0.0, 0.0, 0.0, 0.0, 1.0],
                [1.0, -0.0, 0.0, 0.0, -0.0, -0.0, -1.0, 0.37472, 0.0, 1.0, 0.0, 0.0, 0.0, 0.0, 0.0, 1.0]
            ]
        },
        {
            "name": "Thigh_L",
            "time": [0.0, 0.3333, 0.5, 0.6667, 0.8333, 1.1833, 1.3333, 1.6667],
            "transform": [
                [0.994754, -0.063106, -0.08051, -0.125006, -0.032298, -0.940537, 0.338155, -0.002831, -0.097062, -0.333781, -0.937641, -1.2e-05, 0.0, 0.0, 0.0, 1.0],
                [0.881327, -0.367834, -0.29658, -0.117989, -0.216468, -0.87225, 0.438545, -0.002217, -0.420004, -0.322302, -0.848362, 0.004018, 0.0, 0.0, 0.0, 1.0],
                [0.881327, -0.367834, -0.29658, -0.117989, -0.216468, -0.87225, 0.438545, -0.002217, -0.420004, -0.322302, -0.848362, 0.004018, 0.0, 0.0, 0.0, 1.0],
                [0.881327, -0.367834, -0.29658, -0.117989, -0.216468, -0.87225, 0.438545, -0.002217, -0.420004, -0.322302, -0.848362, 0.004018, 0.0, 0.0, 0.0, 1.0],
                [0.881327, -0.367834, -0.29658, -0.117989, -0.216468, -0.87225, 0.438545, -0.002217, -0.420004, -0.322302, -0.848362, 0.004018, 0.0, 0.0, 0.0, 1.0],
                [0.881327, -0.367834, -0.29658, -0.117989, -0.216468, -0.87225, 0.438545, -0.002217, -0.420004, -0.322302, -0.848362, 0.004018, 0.0, 0.0, 0.0, 1.0],
                [0.881327, -0.367834, -0.29658, -0.117989, -0.216468, -0.87225, 0.438545, -0.002217, -0.420004, -0.322302, -0.848362, 0.004018, 0.0, 0.0, 0.0, 1.0],
                [0.994754, -0.063106, -0.08051, -0.125006, -0.032298, -0.940537, 0.338155, -0.002831, -0.097062, -0.333781, -0.937641, -1.2e-05, 0.0, 0.0, 0.0, 1.0]
            ]
        },
        {
            "name": "Leg_L",
            "time": [0.0, 0.3333, 0.5, 0.6667, 0.8333, 1.1833, 1.3333, 1.6667],
            "transform": [
                [1.0, -0.0, 1e-06, 0.0, -0.0, 0.933777, 0.357858, 0.374726, -1e-06, -0.357859, 0.933774, 0.0, 0.0, 0.0, 0.0, 1.0],
                [0.998889, 0.004145, -0.046942, 0.0, 0.047032, -0.025125, 0.998578, 0.374726, 0.00296, -0.999675, -0.025292, 0.0, 0.0, 0.0, 0.0, 1.0],
                [0.998889, 0.004145, -0.046942, 0.0, 0.047032, -0.025125, 0.998578, 0.374726, 0.00296, -0.999675, -0.025292, 0.0, 0.0, 0.0, 0.0, 1.0],
                [0.998889, 0.004145, -0.046942, 0.0, 0.047032, -0.025125, 0.998578, 0.374726, 0.00296, -0.999675, -0.025292, 0.0, 0.0, 0.0, 0.0, 1.0],
                [0.998889, 0.004145, -0.046942, 0.0, 0.047032, -0.025125, 0.998578, 0.374726, 0.00296, -0.999675, -0.025292, 0.0, 0.0, 0.0, 0.0, 1.0],
                [0.998889, 0.004145, -0.046942, 0.0, 0.047032, -0.025125, 0.998578, 0.374726, 0.00296, -0.999675, -0.025292, 0.0, 0.0, 0.0, 0.0, 1.0],
                [0.998889, 0.004145, -0.046942, 0.0, 0.047032, -0.025125, 0.998578, 0.374726, 0.00296, -0.999675, -0.025292, 0.0, 0.0, 0.0, 0.0, 1.0],
                [1.0, -0.0, 1e-06, 0.0, -0.0, 0.933777, 0.357858, 0.374726, -1e-06, -0.357859, 0.933774, 0.0, 0.0, 0.0, 0.0, 1.0]
            ]
        },
        {
            "name": "Knee_L",
            "time": [0.0, 0.3333, 0.5, 0.6667, 0.8333, 1.1833, 1.3333, 1.6667],
            "transform": [
                [1.0, 0.0, -0.0, -0.0, 0.0, -0.0, -1.0, 0.374721, 0.0, 1.0, 0.0, 1e-06, 0.0, 0.0, 0.0, 1.0],
                [1.0, -0.0, -1e-06, 0.0, -1e-06, -0.0, -1.0, 0.374721, 0.0, 1.0, 0.0, -0.0, 0.0, 0.0, 0.0, 1.0],
                [1.0, -0.0, -1e-06, 0.0, -1e-06, -0.0, -1.0, 0.374721, 0.0, 1.0, 0.0, -0.0, 0.0, 0.0, 0.0, 1.0],
                [1.0, -0.0, -1e-06, 0.0, -1e-06, -0.0, -1.0, 0.374721, 0.0, 1.0, 0.0, -0.0, 0.0, 0.0, 0.0, 1.0],
                [1.0, -0.0, -1e-06, 0.0, -1e-06, -0.0, -1.0, 0.374721, 0.0, 1.0, 0.0, -0.0, 0.0, 0.0, 0.0, 1.0],
                [1.0, -0.0, -1e-06, 0.0, -1e-06, -0.0, -1.0, 0.374721, 0.0, 1.0, 0.0, -0.0, 0.0, 0.0, 0.0, 1.0],
                [1.0, -0.0, -1e-06, 0.0, -1e-06, -0.0, -1.0, 0.374721, 0.0, 1.0, 0.0, -0.0, 0.0, 0.0, 0.0, 1.0],
                [1.0, 0.0, -0.0, -0.0, 0.0, -0.0, -1.0, 0.374721, 0.0, 1.0, 0.0, 1e-06, 0.0, 0.0, 0.0, 1.0]
            ]
        },
        {
            "name": "Torso",
            "time": [0.0, 0.3333, 0.5, 0.6667, 0.8333, 1.1833, 1.3333, 1.6667],
            "transform": [
                [1.0, -0.0, 0.0, 0.0, 0.0, 0.991761, -0.128102, 0.05, -0.0, 0.128102, 0.991761, 0.0, 0.0, 0.0, 0.0, 1.0],
                [0.998859, 0.047759, 0.000175, -0.0, -0.047114, 0.984758, 0.167429, 0.05, 0.007824, -0.167246, 0.985884, 0.0, 0.0, 0.0, 0.0, 1.0],
                [0.998859, 0.047759, 0.000175, -0.0, -0.047114, 0.984758, 0.167429, 0.05, 0.007824, -0.167246, 0.985884, 0.0, 0.0, 0.0, 0.0, 1.0],
                [0.998859, 0.047759, 0.000175, -0.0, -0.047114, 0.984758, 0.167429, 0.05, 0.007824, -0.167246, 0.985884, 0.0, 0.0, 0.0, 0.0, 1.0],
                [0.998859, 0.047759, 0.000175, -0.0, -0.047114, 0.984758, 0.167429, 0.05, 0.007824, -0.167246, 0.985884, 0.0, 0.0, 0.0, 0.0, 1.0],
                [0.998859, 0.047759, 0.000175, -0.0, -0.047114, 0.984758, 0.167429, 0.05, 0.007824, -0.167246, 0.985884, 0.0, 0.0, 0.0, 0.0, 1.0],
                [0.998859, 0.047759, 0.000175, -0.0, -0.047114, 0.984758, 0.167429, 0.05, 0.007824, -0.167246, 0.985884, 0.0, 0.0, 0.0, 0.0, 1.0],
                [1.0, -0.0, 0.0, 0.0, 0.0, 0.991761, -0.128102, 0.05, -0.0, 0.128102, 0.991761, 0.0, 0.0, 0.0, 0.0, 1.0]
            ]
        },
        {
            "name": "Chest",
            "time": [0.0, 0.3333, 0.5, 0.6667, 0.8333, 1.1833, 1.3333, 1.6667],
            "transform": [
                [1.0, 0.0, 0.0, 0.0, -0.0, 0.983532, 0.180733, 0.3, -0.0, -0.180733, 0.983532, 0.0, 0.0, 0.0, 0.0, 1.0],
                [0.922963, -0.045283, -0.382217, 0.0, 0.354682, 0.485712, 0.798927, 0.3, 0.14947, -0.872945, 0.464355, 0.0, 0.0, 0.0, 0.0, 1.0],
                [0.922963, -0.045283, -0.382217, 0.0, 0.354682, 0.485712, 0.798927, 0.3, 0.14947, -0.872945, 0.464355, 0.0, 0.0, 0.0, 0.0, 1.0],
                [0.922963, -0.045283, -0.382217, 0.0, 0.354682, 0.485712, 0.798927, 0.3, 0.14947, -0.872945, 0.464355, 0.0, 0.0, 0.0, 0.0, 1.0],
                [0.922963, -0.045283, -0.382217, 0.0, 0.354682, 0.485712, 0.798927, 0.3, 0.14947, -0.872945, 0.464355, 0.0, 0.0, 0.0, 0.0, 1.0],
                [0.922963, -0.045283, -0.382217, 0.0, 0.354682, 0.485712, 0.798927, 0.3, 0.14947, -0.872945, 0.464355, 0.0, 0.0, 0.0, 0.0, 1.0],
                [0.922963, -0.045283, -0.382217, 0.0, 0.354682, 0.485712, 0.798927, 0.3, 0.14947, -0.872945, 0.464355, 0.0, 0.0, 0.0, 0.0, 1.0],
                [1.0, 0.0, 0.0, 0.0, -0.0, 0.983532, 0.180733, 0.3, -0.0, -0.180733, 0.983532, 0.0, 0.0, 0.0, 0.0, 1.0]
            ]
        },
        {
            "name": "Head",
            "time": [0.0, 0.3333, 0.5, 0.6667, 0.8333, 1.1833, 1.3333, 1.6667],
            "transform": [
                [0.956588, 0.021943, -0.290616, 0.0, -0.010103, 0.999058, 0.04218, 0.4, 0.291268, -0.037412, 0.95591, -0.0, 0.0, 0.0, 0.0, 1.0],
                [0.892502, 0.314301, 0.323505, -0.0, 0.055796, 0.634792, -0.770665, 0.4, -0.447579, 0.70587, 0.549016, -0.0, 0.0, 0.0, 0.0, 1.0],
                [0.892502, 0.314301, 0.323505, -0.0, 0.055796, 0.634792, -0.770665, 0.4, -0.447579, 0.70587, 0.549016, -0.0, 0.0, 0.0, 0.0, 1.0],
                [0.892502, 0.314301, 0.323505, -0.0, 0.055796, 0.634792, -0.770665, 0.4, -0.447579, 0.70587, 0.549016, -0.0, 0.0, 0.0, 0.0, 1.0],
                [0.892502, 0.314301, 0.323505, -0.0, 0.055796, 0.634792, -0.770665, 0.4, -0.447579, 0.70587, 0.549016, -0.0, 0.0, 0.0, 0.0, 1.0],
                [0.892502, 0.314301, 0.323505, -0.0, 0.055796, 0.634792, -0.770665, 0.4, -0.447579, 0.70587, 0.549016, -0.0, 0.0, 0.0, 0.0, 1.0],
                [0.892502, 0.314301, 0.323505, -0.0, 0.055796, 0.634792, -0.770665, 0.4, -0.447579, 0.70587, 0.549016, -0.0, 0.0, 0.0, 0.0, 1.0],
                [0.956588, 0.021943, -0.290616, 0.0, -0.010103, 0.999058, 0.04218, 0.4, 0.291268, -0.037412, 0.95591, -0.0, 0.0, 0.0, 0.0, 1.0]
            ]
        },
        {
            "name": "Shoulder_R",
            "time": [0.0, 0.3333, 0.5, 0.6667, 0.8333, 1.1833, 1.3333, 1.6667],
            "transform": [
                [-0.224873, 0.889421, 0.397958, 0.0, 0.027309, -0.402508, 0.915008, 0.4, 0.974006, 0.21663, 0.066223, -0.0, 0.0, 0.0, 0.0, 1.0],
                [0.50731, 0.770143, 0.386675, -0.0, -0.141304, -0.36829, 0.91891, 0.4, 0.8501, -0.520811, -0.078013, -0.0, 0.0, 0.0, 0.0, 1.0],
                [0.50731, 0.770143, 0.386675, -0.0, -0.141304, -0.36829, 0.91891, 0.4, 0.8501, -0.520811, -0.078013, -0.0, 0.0, 0.0, 0.0, 1.0],
                [0.754872, 0.609747, 0.241612, -0.0, -0.12621, -0.226454, 0.96581, 0.4, 0.643614, -0.759558, -0.093987, -0.0, 0.0, 0.0, 0.0, 1.0],
                [0.754872, 0.609747, 0.241612, -0.0, -0.12621, -0.226454, 0.96581, 0.4, 0.643614, -0.759558, -0.093987, -0.0, 0.0, 0.0, 0.0, 1.0],
                [0.754872, 0.609747, 0.241612, -0.0, -0.12621, -0.226454, 0.96581, 0.4, 0.643614, -0.759558, -0.093987, -0.0, 0.0, 0.0, 0.0, 1.0],
                [0.754872, 0.609747, 0.241612, -0.0, -0.12621, -0.226454, 0.96581, 0.4, 0.643614, -0.759558, -0.093987, -0.0, 0.0, 0.0, 0.0, 1.0],
                [-0.224873, 0.889421, 0.397958, 0.0, 0.027309, -0.402508, 0.915008, 0.4, 0.974006, 0.21663, 0.066223, -0.0, 0.0, 0.0, 0.0, 1.0]
            ]
        },
        {
            "name": "Arm_R",
            "time": [0.0, 0.3333, 0.5, 0.6667, 0.8333, 1.1833, 1.3333, 1.6667],
            "transform": [
                [0.314183, -0.069451, -0.946829, 0.0, 0.81204, 0.536348, 0.23011, 0.39386, 0.491851, -0.841141, 0.224905, -0.0, 0.0, 0.0, 0.0, 1.0],
                [0.155731, -0.9878, 0.003407, -0.0, 0.836338, 0.130012, -0.532604, 0.39386, 0.525665, 0.08579, 0.846369, -0.0, 0.0, 0.0, 0.0, 1.0],
                [0.155731, -0.9878, 0.003407, -0.0, 0.836338, 0.130012, -0.532604, 0.39386, 0.525665, 0.08579, 0.846369, -0.0, 0.0, 0.0, 0.0, 1.0],
                [0.42234, -0.840876, -0.338488, -0.0, 0.672019, 0.54106, -0.505639, 0.393861, 0.608324, -0.013919, 0.793583, -0.0, 0.0, 0.0, 0.0, 1.0],
                [0.42234, -0.840876, -0.338488, -0.0, 0.672019, 0.54106, -0.505639, 0.393861, 0.608324, -0.013919, 0.793583, -0.0, 0.0, 0.0, 0.0, 1.0],
                [0.42234, -0.840876, -0.338488, -0.0, 0.672019, 0.54106, -0.505639, 0.393861, 0.608324, -0.013919, 0.793583, -0.0, 0.0, 0.0, 0.0, 1.0],
                [0.42234, -0.840876, -0.338488, -0.0, 0.672019, 0.54106, -0.505639, 0.393861, 0.608324, -0.013919, 0.793583, -0.0, 0.0, 0.0, 0.0, 1.0],
                [0.314183, -0.069451, -0.946829, 0.0, 0.81204, 0.536348, 0.23011, 0.39386, 0.491851, -0.841141, 0.224905, -0.0, 0.0, 0.0, 0.0, 1.0]
            ]
        },
        {
            "name": "Hand_R",
            "time": [0.0, 0.3333, 0.5, 0.6667, 0.8333, 1.1833, 1.3333, 1.6667],
            "transform": [
                [0.998759, -0.043278, 0.024257, 0.0, 0.04811, 0.964271, -0.260515, 0.300002, -0.012115, 0.261361, 0.965169, 0.0, 0.0, 0.0, 0.0, 1.0],
                [0.998759, -0.043278, 0.024257, -0.0, 0.04811, 0.964271, -0.260515, 0.300002, -0.012116, 0.261361, 0.965169, 0.0, 0.0, 0.0, 0.0, 1.0],
                [0.995013, 0.098845, -0.012603, -0.0, -0.055466, 0.444343, -0.894142, 0.300002, -0.08278, 0.890388, 0.447615, 0.0, 0.0, 0.0, 0.0, 1.0],
                [0.995545, 0.089843, -0.028259, -0.0, -0.064868, 0.436568, -0.897333, 0.300003, -0.068282, 0.895174, 0.440457, 0.0, 0.0, 0.0, 0.0, 1.0],
                [0.995545, 0.089843, -0.028259, -0.0, -0.064868, 0.436568, -0.897333, 0.300003, -0.068282, 0.895174, 0.440457, 0.0, 0.0, 0.0, 0.0, 1.0],
                [0.995545, 0.089843, -0.028259, -0.0, -0.064868, 0.436568, -0.897333, 0.300003, -0.068282, 0.895174, 0.440457, 0.0, 0.0, 0.0, 0.0, 1.0],
                [0.995545, 0.089843, -0.028259, -0.0, -0.064868, 0.436568, -0.897333, 0.300003, -0.068282, 0.895174, 0.440457, 0.0, 0.0, 0.0, 0.0, 1.0],
                [0.998759, -0.043278, 0.024257, 0.0, 0.04811, 0.964271, -0.260515, 0.300002, -0.012115, 0.261361, 0.965169, 0.0, 0.0, 0.0, 0.0, 1.0]
            ]
        },
        {
            "name": "Tool_R",
            "time": [0.0, 0.3333, 0.5, 0.6667, 0.8333, 1.1833, 1.3333, 1.6667],
            "transform": [
                [0.998313, -0.048768, 0.03146, 0.0, -0.04342, -0.987347, -0.152315, 0.272858, 0.038541, 0.150894, -0.98648, 0.0, 0.0, 0.0, 0.0, 1.0],
                [0.998427, -0.046241, 0.03165, 0.008575, -0.040254, -0.984832, -0.168551, 0.385717, 0.039016, 0.167236, -0.98383, -0.18943, 0.0, 0.0, 0.0, 1.0],
                [0.994515, -0.049313, -0.092113, -0.017256, -0.062775, -0.986802, -0.149071, 0.318467, -0.083658, 0.154242, -0.983171, -0.181297, 0.0, 0.0, 0.0, 1.0],
                [0.995905, -0.090404, 0.000464, -0.017256, -0.089579, -0.987483, -0.129647, 0.318466, 0.012195, 0.129247, -0.990214, -0.181297, 0.0, 0.0, 0.0, 1.0],
                [0.933931, 0.022984, -0.356238, -0.127086, 0.007308, -0.99895, -0.04517, 0.362194, -0.357379, 0.039635, -0.931873, -0.276368, 0.0, 0.0, 0.0, 1.0],
                [0.933931, 0.022984, -0.356238, -0.127086, 0.007308, -0.99895, -0.04517, 0.362194, -0.357379, 0.039635, -0.931873, -0.276368, 0.0, 0.0, 0.0, 1.0],
                [0.995905, -0.090404, 0.000464, -0.017256, -0.089579, -0.987483, -0.129647, 0.318466, 0.012195, 0.129247, -0.990214, -0.181297, 0.0, 0.0, 0.0, 1.0],
                [0.998313, -0.048768, 0.03146, 0.0, -0.04342, -0.987347, -0.152315, 0.272858, 0.038541, 0.150894, -0.98648, 0.0, 0.0, 0.0, 0.0, 1.0]
            ]
        },
        {
            "name": "Elbow_R",
            "time": [0.0, 0.3333, 0.5, 0.6667, 0.8333, 1.1833, 1.3333, 1.6667],
            "transform": [
                [-1.0, 0.0, 0.0, 1e-06, -0.0, -0.0, -0.999999, 0.3, 0.0, -0.999995, -0.0, 0.0, 0.0, 0.0, 0.0, 1.0],
                [-0.999999, -0.0, 0.0, -1.6e-05, 0.0, 0.0, -1.0, 0.299998, 0.0, -0.999995, -0.0, -1.1e-05, 0.0, 0.0, 0.0, 1.0],
                [-0.999999, -0.0, 0.0, -1.6e-05, 0.0, 0.0, -1.0, 0.299998, 0.0, -0.999995, -0.0, -1.1e-05, 0.0, 0.0, 0.0, 1.0],
                [-0.999999, -0.0, 0.0, -1.6e-05, 0.0, 0.0, -1.0, 0.299998, 0.0, -0.999995, -0.0, -1.1e-05, 0.0, 0.0, 0.0, 1.0],
                [-0.999999, -0.0, 0.0, -1.6e-05, 0.0, 0.0, -1.0, 0.299998, 0.0, -0.999995, -0.0, -1.1e-05, 0.0, 0.0, 0.0, 1.0],
                [-0.999999, -0.0, 0.0, -1.6e-05, 0.0, 0.0, -1.0, 0.299998, 0.0, -0.999995, -0.0, -1.1e-05, 0.0, 0.0, 0.0, 1.0],
                [-0.999999, -0.0, 0.0, -1.6e-05, 0.0, 0.0, -1.0, 0.299998, 0.0, -0.999995, -0.0, -1.1e-05, 0.0, 0.0, 0.0, 1.0],
                [-1.0, 0.0, 0.0, 1e-06, -0.0, -0.0, -0.999999, 0.3, 0.0, -0.999995, -0.0, 0.0, 0.0, 0.0, 0.0, 1.0]
            ]
        },
        {
            "name": "Shoulder_L",
            "time": [0.0, 0.3333, 0.5, 0.6667, 0.8333, 1.1833, 1.3333, 1.6667],
            "transform": [
                [0.109558, -0.863159, -0.492907, 0.0, -0.124541, -0.503905, 0.854735, 0.4, -0.986152, -0.032256, -0.162704, -0.0, 0.0, 0.0, 0.0, 1.0],
                [-0.242617, -0.969471, -0.035575, -0.0, -0.216089, 0.018256, 0.976204, 0.4, -0.945749, 0.244531, -0.213921, -0.0, 0.0, 0.0, 0.0, 1.0],
                [-0.242617, -0.969471, -0.035575, -0.0, -0.216089, 0.018256, 0.976204, 0.4, -0.945749, 0.244531, -0.213921, -0.0, 0.0, 0.0, 0.0, 1.0],
                [-0.242617, -0.969471, -0.035575, -0.0, -0.216089, 0.018256, 0.976204, 0.4, -0.945749, 0.244531, -0.213921, -0.0, 0.0, 0.0, 0.0, 1.0],
                [-0.242617, -0.969471, -0.035575, -0.0, -0.216089, 0.018256, 0.976204, 0.4, -0.945749, 0.244531, -0.213921, -0.0, 0.0, 0.0, 0.0, 1.0],
                [-0.242617, -0.969471, -0.035575, -0.0, -0.216089, 0.018256, 0.976204, 0.4, -0.945749, 0.244531, -0.213921, -0.0, 0.0, 0.0, 0.0, 1.0],
                [-0.242617, -0.969471, -0.035575, -0.0, -0.216089, 0.018256, 0.976204, 0.4, -0.945749, 0.244531, -0.213921, -0.0, 0.0, 0.0, 0.0, 1.0],
                [0.109558, -0.863159, -0.492907, 0.0, -0.124541, -0.503905, 0.854735, 0.4, -0.986152, -0.032256, -0.162704, -0.0, 0.0, 0.0, 0.0, 1.0]
            ]
        },
        {
            "name": "Arm_L",
            "time": [0.0, 0.3333, 0.5, 0.6667, 0.8333, 1.1833, 1.3333, 1.6667],
            "transform": [
                [0.183006, 0.118989, 0.975883, 0.0, -0.685354, 0.727118, 0.039866, 0.39386, -0.70484, -0.676121, 0.214617, -0.0, 0.0, 0.0, 0.0, 1.0],
                [0.107592, 0.984578, -0.137955, -0.0, -0.932934, 0.147941, 0.328245, 0.39386, 0.343592, 0.093386, 0.934463, -0.0, 0.0, 0.0, 0.0, 1.0],
                [0.107592, 0.984578, -0.137955, -0.0, -0.932934, 0.147941, 0.328245, 0.39386, 0.343592, 0.093386, 0.934463, -0.0, 0.0, 0.0, 0.0, 1.0],
                [0.107592, 0.984578, -0.137955, -0.0, -0.932934, 0.147941, 0.328245, 0.39386, 0.343592, 0.093386, 0.934463, -0.0, 0.0, 0.0, 0.0, 1.0],
                [0.107592, 0.984578, -0.137955, -0.0, -0.932934, 0.147941, 0.328245, 0.39386, 0.343592, 0.093386, 0.934463, -0.0, 0.0, 0.0, 0.0, 1.0],
                [0.107592, 0.984578, -0.137955, -0.0, -0.932934, 0.147941, 0.328245, 0.39386, 0.343592, 0.093386, 0.934463, -0.0, 0.0, 0.0, 0.0, 1.0],
                [0.107592, 0.984578, -0.137955, -0.0, -0.932934, 0.147941, 0.328245, 0.39386, 0.343592, 0.093386, 0.934463, -0.0, 0.0, 0.0, 0.0, 1.0],
                [0.183006, 0.118989, 0.975883, 0.0, -0.685354, 0.727118, 0.039866, 0.39386, -0.70484, -0.676121, 0.214617, -0.0, 0.0, 0.0, 0.0, 1.0]
            ]
        },
        {
            "name": "Hand_L",
            "time": [0.0, 0.3333, 0.5, 0.6667, 0.8333, 1.1833, 1.3333, 1.6667],
            "transform": [
                [1.000002, -1e-06, -2e-06, 0.0, 0.0, 0.90185, -0.432058, 0.300003, 2e-06, 0.43206, 0.901847, -0.0, 0.0, 0.0, 0.0, 1.0],
                [0.977376, 0.180376, 0.110452, -0.0, -0.149587, 0.958694, -0.241936, 0.300003, -0.149529, 0.219941, 0.963986, -0.0, 0.0, 0.0, 0.0, 1.0],
                [0.977376, 0.180376, 0.110452, -0.0, -0.149587, 0.958694, -0.241936, 0.300003, -0.149529, 0.219941, 0.963986, -0.0, 0.0, 0.0, 0.0, 1.0],
                [0.977376, 0.180376, 0.110452, -0.0, -0.149587, 0.958694, -0.241936, 0.300003, -0.149529, 0.219941, 0.963986, -0.0, 0.0, 0.0, 0.0, 1.0],
                [0.977376, 0.180376, 0.110452, -0.0, -0.149587, 0.958694, -0.241936, 0.300003, -0.149529, 0.219941, 0.963986, -0.0, 0.0, 0.0, 0.0, 1.0],
                [0.977376, 0.180376, 0.110452, -0.0, -0.149587, 0.958694, -0.241936, 0.300003, -0.149529, 0.219941, 0.963986, -0.0, 0.0, 0.0, 0.0, 1.0],
                [0.977376, 0.180376, 0.110452, -0.0, -0.149587, 0.958694, -0.241936, 0.300003, -0.149529, 0.219941, 0.963986, -0.0, 0.0, 0.0, 0.0, 1.0],
                [1.000002, -1e-06, -2e-06, 0.0, 0.0, 0.90185, -0.432058, 0.300003, 2e-06, 0.43206, 0.901847, -0.0, 0.0, 0.0, 0.0, 1.0]
            ]
        },
        {
            "name": "Tool_L",
            "time": [0.0, 1.6667],
            "transform": [
                [0.997092, 0.029051, -0.066785, 0.0, 0.018069, -0.98664, -0.159514, 0.272858, -0.070557, 0.157866, -0.984647, 1e-06, 0.0, 0.0, 0.0, 1.0],
                [0.997092, 0.029051, -0.066785, 0.0, 0.018069, -0.98664, -0.159514, 0.272858, -0.070557, 0.157866, -0.984647, 1e-06, 0.0, 0.0, 0.0, 1.0]
            ]
        },
        {
            "name": "Elbow_L",
            "time": [0.0, 0.3333, 0.5, 0.6667, 0.8333, 1.1833, 1.3333, 1.6667],
            "transform": [
                [-1.000001, -0.0, 0.0, -0.0, -0.0, -0.0, -1.0, 0.3, 0.0, -1.0, 0.0, -2e-06, 0.0, 0.0, 0.0, 1.0],
                [-1.000001, 0.0, 1e-06, -1e-06, -1e-06, -0.0, -1.0, 0.3, -0.0, -1.0, 0.0, -0.0, 0.0, 0.0, 0.0, 1.0],
                [-1.000001, 0.0, 1e-06, -1e-06, -1e-06, -0.0, -1.0, 0.3, -0.0, -1.0, 0.0, -0.0, 0.0, 0.0, 0.0, 1.0],
                [-1.000001, 0.0, 1e-06, -1e-06, -1e-06, -0.0, -1.0, 0.3, -0.0, -1.0, 0.0, -0.0, 0.0, 0.0, 0.0, 1.0],
                [-1.000001, 0.0, 1e-06, -1e-06, -1e-06, -0.0, -1.0, 0.3, -0.0, -1.0, 0.0, -0.0, 0.0, 0.0, 0.0, 1.0],
                [-1.000001, 0.0, 1e-06, -1e-06, -1e-06, -0.0, -1.0, 0.3, -0.0, -1.0, 0.0, -0.0, 0.0, 0.0, 0.0, 1.0],
                [-1.000001, 0.0, 1e-06, -1e-06, -1e-06, -0.0, -1.0, 0.3, -0.0, -1.0, 0.0, -0.0, 0.0, 0.0, 0.0, 1.0],
                [-1.000001, -0.0, 0.0, -0.0, -0.0, -0.0, -1.0, 0.3, 0.0, -1.0, 0.0, -2e-06, 0.0, 0.0, 0.0, 1.0]
            ]
        }
    ]
}