{
    "animation": [
        {
            "name": "Root",
            "time": [0.0, 0.4167, 4.6667, 5.0],
            "transform": [
                [0.971552, 0.0, 0.236827, -0.043525, 0.236827, 0.0, -0.971552, -0.059728, 0.0, 1.0, 0.0, 0.719394, 0.0, 0.0, 0.0, 1.0],
                [0.99397, -0.090201, -0.062354, -0.043525, -0.05371, 0.095274, -0.994001, 0.412694, 0.0956, 0.991356, 0.089854, 0.451548, 0.0, 0.0, 0.0, 1.0],
                [0.99397, -0.090201, -0.062354, -0.043525, -0.05371, 0.095274, -0.994001, 0.412694, 0.0956, 0.991356, 0.089854, 0.451548, 0.0, 0.0, 0.0, 1.0],
                [0.971552, 0.0, 0.236827, -0.043525, 0.236827, 0.0, -0.971552, -0.059728, 0.0, 1.0, 0.0, 0.719394, 0.0, 0.0, 0.0, 1.0]
            ]
        },
        {
            "name": "Thigh_R",
            "time": [0.0, 0.4167, 4.6667, 5.0],
            "transform": [
                [0.989501, 0.132519, 0.057666, 0.124994, 0.12489, -0.984859, 0.120229, -0.002831, 0.072725, -0.111765, -0.99107, -1.1e-05, 0.0, 0.0, 0.0, 1.0],
                [0.989542, 0.138216, 0.041284, 0.119037, 0.004245, -0.313975, 0.949422, 0.022547, 0.144188, -0.939316, -0.311278, -0.043541, 0.0, 0.0, 0.0, 1.0],
                [0.989542, 0.138216, 0.041284, 0.119037, 0.004245, -0.313975, 0.949422, 0.022547, 0.144188, -0.939316, -0.311278, -0.043541, 0.0, 0.0, 0.0, 1.0],
                [0.989501, 0.132519, 0.057666, 0.124994, 0.12489, -0.984859, 0.120229, -0.002831, 0.072725, -0.111765, -0.99107, -1.1e-05, 0.0, 0.0, 0.0, 1.0]
            ]
        },
        {
            "name": "Leg_R",
            "time": [0.0, 0.4167, 4.6667, 5.0],
            "transform": [
                [1.0, -0.0, 1e-06, 0.0, -0.0, 0.972154, 0.234356, 0.374726, -1e-06, -0.234358, 0.972147, 0.0, 0.0, 0.0, 0.0, 1.0],
                [0.99956, -0.026217, 0.013839, -0.0, -0.00687, 0.249231, 0.96842, 0.374726, -0.028838, -0.968089, 0.248941, -0.0, 0.0, 0.0, 0.0, 1.0],
                [0.99956, -0.026217, 0.013839, -0.0, -0.00687, 0.249231, 0.96842, 0.374726, -0.028838, -0.968089, 0.248941, -0.0, 0.0, 0.0, 0.0, 1.0],
                [1.0, -0.0, 1e-06, 0.0, -0.0, 0.972154, 0.234356, 0.374726, -1e-06, -0.234358, 0.972147, 0.0, 0.0, 0.0, 0.0, 1.0]
            ]
        },
        {
            "name": "Knee_R",
            "time": [0.0, 0.4167, 4.6667, 5.0],
            "transform": [
                [1.0, -0.0, 0.0, 0.0, -0.0, -0.0, -1.0, 0.37472, 0.0, 1.0, 0.0, 0.0, 0.0, 0.0, 0.0, 1.0],
                [1.0, 0.0, -1e-06, -0.0, -1e-06, 0.0, -1.0, 0.374719, -0.0, 1.0, -0.0, -0.0, 0.0, 0.0, 0.0, 1.0],
                [1.0, 0.0, -1e-06, -0.0, -1e-06, 0.0, -1.0, 0.374719, -0.0, 1.0, -0.0, -0.0, 0.0, 0.0, 0.0, 1.0],
                [1.0, -0.0, 0.0, 0.0, -0.0, -0.0, -1.0, 0.37472, 0.0, 1.0, 0.0, 0.0, 0.0, 0.0, 0.0, 1.0]
            ]
        },
        {
            "name": "Thigh_L",
            "time": [0.0, 0.4167, 4.6667, 5.0],
            "transform": [
                [0.994754, -0.063106, -0.08051, -0.125006, -0.032298, -0.940537, 0.338155, -0.002831, -0.097062, -0.333781, -0.937641, -1.2e-05, 0.0, 0.0, 0.0, 1.0],
                [0.4744, -0.298896, -0.828013, -0.117989, -0.576161, -0.816572, -0.035338, -0.002217, -0.66557, 0.493833, -0.559594, 0.004018, 0.0, 0.0, 0.0, 1.0],
                [0.4744, -0.298896, -0.828013, -0.117989, -0.576161, -0.816572, -0.035338, -0.002217, -0.66557, 0.493833, -0.559594, 0.004018, 0.0, 0.0, 0.0, 1.0],
                [0.994754, -0.063106, -0.08051, -0.125006, -0.032298, -0.940537, 0.338155, -0.002831, -0.097062, -0.333781, -0.937641, -1.2e-05, 0.0, 0.0, 0.0, 1.0]
            ]
        },
        {
            "name": "Leg_L",
            "time": [0.0, 0.4167, 4.6667, 5.0],
            "transform": [
                [1.0, -0.0, 1e-06, 0.0, -0.0, 0.933777, 0.357858, 0.374726, -1e-06, -0.357859, 0.933774, 0.0, 0.0, 0.0, 0.0, 1.0],
                [0.998889, -0.009428, -0.046181, 0.0, 0.044239, 0.525639, 0.849557, 0.374726, 0.016265, -0.850655, 0.525472, -0.0, 0.0, 0.0, 0.0, 1.0],
                [0.998889, -0.009428, -0.046181, 0.0, 0.044239, 0.525639, 0.849557, 0.374726, 0.016265, -0.850655, 0.525472, -0.0, 0.0, 0.0, 0.0, 1.0],
                [1.0, -0.0, 1e-06, 0.0, -0.0, 0.933777, 0.357858, 0.374726, -1e-06, -0.357859, 0.933774, 0.0, 0.0, 0.0, 0.0, 1.0]
            ]
        },
        {
            "name": "Knee_L",
            "time": [0.0, 0.4167, 4.6667, 5.0],
            "transform": [
                [1.0, 0.0, -0.0, -0.0, 0.0, -0.0, -1.0, 0.374721, 0.0, 1.0, 0.0, 1e-06, 0.0, 0.0, 0.0, 1.0],
                [1.0, 0.0, -1e-06, 0.0, -1e-06, -0.0, -1.0, 0.374721, 0.0, 1.0, 0.0, -0.0, 0.0, 0.0, 0.0, 1.0],
                [1.0, 0.0, -1e-06, 0.0, -1e-06, -0.0, -1.0, 0.374721, 0.0, 1.0, 0.0, -0.0, 0.0, 0.0, 0.0, 1.0],
                [1.0, 0.0, -0.0, -0.0, 0.0, -0.0, -1.0, 0.374721, 0.0, 1.0, 0.0, 1e-06, 0.0, 0.0, 0.0, 1.0]
            ]
        },
        {
            "name": "Torso",
            "time": [0.0, 0.4167, 4.6667, 5.0],
            "transform": [
                [1.0, -0.0, 0.0, 0.0, 0.0, 0.991761, -0.128102, 0.05, -0.0, 0.128102, 0.991761, 0.0, 0.0, 0.0, 0.0, 1.0],
                [0.998859, 0.047759, 0.000175, -0.0, -0.047114, 0.984758, 0.167429, 0.05, 0.007824, -0.167246, 0.985884, 0.0, 0.0, 0.0, 0.0, 1.0],
                [0.998859, 0.047759, 0.000175, -0.0, -0.047114, 0.984758, 0.167429, 0.05, 0.007824, -0.167246, 0.985884, 0.0, 0.0, 0.0, 0.0, 1.0],
                [1.0, -0.0, 0.0, 0.0, 0.0, 0.991761, -0.128102, 0.05, -0.0, 0.128102, 0.991761, 0.0, 0.0, 0.0, 0.0, 1.0]
            ]
        },
        {
            "name": "Chest",
            "time": [0.0, 0.4167, 4.6667, 5.0],
            "transform": [
                [1.0, 0.0, 0.0, 0.0, -0.0, 0.983532, 0.180733, 0.3, -0.0, -0.180733, 0.983532, 0.0, 0.0, 0.0, 0.0, 1.0],
                [0.922963, -0.045283, -0.382217, 0.0, 0.354682, 0.485712, 0.798927, 0.3, 0.14947, -0.872945, 0.464355, 0.0, 0.0, 0.0, 0.0, 1.0],
                [0.922963, -0.045283, -0.382217, 0.0, 0.354682, 0.485712, 0.798927, 0.3, 0.14947, -0.872945, 0.464355, 0.0, 0.0, 0.0, 0.0, 1.0],
                [1.0, 0.0, 0.0, 0.0, -0.0, 0.983532, 0.180733, 0.3, -0.0, -0.180733, 0.983532, 0.0, 0.0, 0.0, 0.0, 1.0]
            ]
        },
        {
            "name": "Head",
            "time": [0.0, 0.4167, 4.6667, 5.0],
            "transform": [
                [0.956588, 0.021943, -0.290616, 0.0, -0.010103, 0.999058, 0.04218, 0.4, 0.291268, -0.037412, 0.95591, -0.0, 0.0, 0.0, 0.0, 1.0],
                [0.892502, 0.314301, 0.323505, -0.0, 0.055796, 0.634792, -0.770665, 0.4, -0.447579, 0.70587, 0.549016, -0.0, 0.0, 0.0, 0.0, 1.0],
                [0.892502, 0.314301, 0.323505, -0.0, 0.055796, 0.634792, -0.770665, 0.4, -0.447579, 0.70587, 0.549016, -0.0, 0.0, 0.0, 0.0, 1.0],
                [0.956588, 0.021943, -0.290616, 0.0, -0.010103, 0.999058, 0.04218, 0.4, 0.291268, -0.037412, 0.95591, -0.0, 0.0, 0.0, 0.0, 1.0]
            ]
        },
        {
            "name": "Shoulder_R",
            "time": [0.0, 0.4167, 4.6667, 5.0],
            "transform": [
                [-0.224873, 0.889421, 0.397958, 0.0, 0.027309, -0.402508, 0.915008, 0.4, 0.974006, 0.21663, 0.066223, -0.0, 0.0, 0.0, 0.0, 1.0],
                [0.046391, 0.950294, 0.30788, -0.0, 0.490309, -0.290193, 0.821818, 0.4, 0.870313, 0.112832, -0.4794, -0.0, 0.0, 0.0, 0.0, 1.0],
                [0.046391, 0.950294, 0.30788, -0.0, 0.490309, -0.290193, 0.821818, 0.4, 0.870313, 0.112832, -0.4794, -0.0, 0.0, 0.0, 0.0, 1.0],
                [-0.224873, 0.889421, 0.397958, 0.0, 0.027309, -0.402508, 0.915008, 0.4, 0.974006, 0.21663, 0.066223, -0.0, 0.0, 0.0, 0.0, 1.0]
            ]
        },
        {
            "name": "Arm_R",
            "time": [0.0, 0.2167, 0.4167, 4.6667, 5.0],
            "transform": [
                [0.314183, -0.069451, -0.946829, 0.0, 0.81204, 0.536348, 0.23011, 0.39386, 0.491851, -0.841141, 0.224905, -0.0, 0.0, 0.0, 0.0, 1.0],
                [0.431829, -0.803373, 0.410031, 0.0, 0.657368, 0.591591, 0.466796, 0.39386, -0.617583, 0.067964, 0.783572, 0.0, 0.0, 0.0, 0.0, 1.0],
                [-0.568725, 0.053073, 0.820814, 0.0, 0.544287, 0.772469, 0.327178, 0.39386, -0.616688, 0.632833, -0.468208, 0.0, 0.0, 0.0, 0.0, 1.0],
                [-0.568725, 0.053073, 0.820814, 0.0, 0.544287, 0.772469, 0.327178, 0.39386, -0.616688, 0.632833, -0.468208, 0.0, 0.0, 0.0, 0.0, 1.0],
                [0.314183, -0.069451, -0.946829, 0.0, 0.81204, 0.536348, 0.23011, 0.39386, 0.491851, -0.841141, 0.224905, -0.0, 0.0, 0.0, 0.0, 1.0]
            ]
        },
        {
            "name": "Hand_R",
            "time": [0.0, 0.2167, 0.4167, 4.6667, 5.0],
            "transform": [
                [0.998759, -0.043278, 0.024257, 0.0, 0.04811, 0.964271, -0.260515, 0.300002, -0.012115, 0.261361, 0.965169, 0.0, 0.0, 0.0, 0.0, 1.0],
                [0.971902, -0.234095, 0.024378, -0.0, 0.164452, 0.601346, -0.781884, 0.300003, 0.168374, 0.763926, 0.622953, 0.0, 0.0, 0.0, 0.0, 1.0],
                [0.990571, -0.132038, -0.036447, 0.0, -0.021258, 0.114667, -0.993179, 0.300003, 0.135315, 0.984591, 0.110779, -0.0, 0.0, 0.0, 0.0, 1.0],
                [0.990571, -0.132038, -0.036447, 0.0, -0.021258, 0.114667, -0.993179, 0.300003, 0.135315, 0.984591, 0.110779, -0.0, 0.0, 0.0, 0.0, 1.0],
                [0.998759, -0.043278, 0.024257, 0.0, 0.04811, 0.964271, -0.260515, 0.300002, -0.012115, 0.261361, 0.965169, 0.0, 0.0, 0.0, 0.0, 1.0]
            ]
        },
        {
            "name": "Tool_R",
            "time": [0.0, 0.2167, 0.4167, 4.6667, 5.0],
            "transform": [
                [0.998313, -0.048768, 0.03146, 0.0, -0.04342, -0.987347, -0.152315, 0.272858, 0.038541, 0.150894, -0.98648, 0.0, 0.0, 0.0, 0.0, 1.0],
                [0.99784, -0.01033, 0.064558, 0.005672, -0.004251, -0.994878, -0.092872, 0.271418, 0.065535, 0.092752, -0.988979, -0.021251, 0.0, 0.0, 0.0, 1.0],
                [0.997453, -0.018428, 0.068567, 0.005672, -0.009805, -0.991525, -0.123114, 0.271418, 0.070631, 0.122597, -0.9854, -0.021251, 0.0, 0.0, 0.0, 1.0],
                [0.997453, -0.018428, 0.068567, 0.005672, -0.009805, -0.991525, -0.123114, 0.271418, 0.070631, 0.122597, -0.9854, -0.021251, 0.0, 0.0, 0.0, 1.0],
                [0.998313, -0.048768, 0.03146, 0.0, -0.04342, -0.987347, -0.152315, 0.272858, 0.038541, 0.150894, -0.98648, 0.0, 0.0, 0.0, 0.0, 1.0]
            ]
        },
        {
            "name": "Elbow_R",
            "time": [0.0, 0.4167, 4.6667, 5.0],
            "transform": [
                [-1.0, 0.0, 0.0, 1e-06, -0.0, -0.0, -0.999999, 0.3, 0.0, -0.999995, -0.0, 0.0, 0.0, 0.0, 0.0, 1.0],
                [-0.999999, -0.0, 0.0, -1.6e-05, -0.0, -0.0, -1.0, 0.299998, 0.0, -0.999995, -0.0, -1.1e-05, 0.0, 0.0, 0.0, 1.0],
                [-0.999999, -0.0, 0.0, -1.6e-05, -0.0, -0.0, -1.0, 0.299998, 0.0, -0.999995, -0.0, -1.1e-05, 0.0, 0.0, 0.0, 1.0],
                [-1.0, 0.0, 0.0, 1e-06, -0.0, -0.0, -0.999999, 0.3, 0.0, -0.999995, -0.0, 0.0, 0.0, 0.0, 0.0, 1.0]
            ]
        },
        {
            "name": "Shoulder_L",
            "time": [0.0, 0.4167, 4.6667, 5.0],
            "transform": [
                [0.109558, -0.863159, -0.492907, 0.0, -0.124541, -0.503905, 0.854735, 0.4, -0.986152, -0.032256, -0.162704, -0.0, 0.0, 0.0, 0.0, 1.0],
                [0.35167, -0.921273, -0.166091, -0.0, -0.063841, -0.200613, 0.977589, 0.4, -0.933944, -0.333186, -0.129365, -0.0, 0.0, 0.0, 0.0, 1.0],
                [0.35167, -0.921273, -0.166091, -0.0, -0.063841, -0.200613, 0.977589, 0.4, -0.933944, -0.333186, -0.129365, -0.0, 0.0, 0.0, 0.0, 1.0],
                [0.109558, -0.863159, -0.492907, 0.0, -0.124541, -0.503905, 0.854735, 0.4, -0.986152, -0.032256, -0.162704, -0.0, 0.0, 0.0, 0.0, 1.0]
            ]
        },
        {
            "name": "Arm_L",
            "time": [0.0, 0.4167, 4.6667, 5.0],
            "transform": [
                [0.183006, 0.118989, 0.975883, 0.0, -0.685354, 0.727118, 0.039866, 0.39386, -0.70484, -0.676121, 0.214617, -0.0, 0.0, 0.0, 0.0, 1.0],
                [0.342839, 0.633821, 0.693348, -0.0, 0.140306, 0.695254, -0.704937, 0.39386, -0.928856, 0.338962, 0.149431, -0.0, 0.0, 0.0, 0.0, 1.0],
                [0.342839, 0.633821, 0.693348, -0.0, 0.140306, 0.695254, -0.704937, 0.39386, -0.928856, 0.338962, 0.149431, -0.0, 0.0, 0.0, 0.0, 1.0],
                [0.183006, 0.118989, 0.975883, 0.0, -0.685354, 0.727118, 0.039866, 0.39386, -0.70484, -0.676121, 0.214617, -0.0, 0.0, 0.0, 0.0, 1.0]
            ]
        },
        {
            "name": "Hand_L",
            "time": [0.0, 0.4167, 4.6667, 5.0],
            "transform": [
                [1.000002, -1e-06, -2e-06, 0.0, 0.0, 0.90185, -0.432058, 0.300003, 2e-06, 0.43206, 0.901847, -0.0, 0.0, 0.0, 0.0, 1.0],
                [0.957731, -0.00632, 0.287594, -0.0, 0.025476, 0.997695, -0.062915, 0.300003, -0.286532, 0.067583, 0.955685, 0.0, 0.0, 0.0, 0.0, 1.0],
                [0.957731, -0.00632, 0.287594, -0.0, 0.025476, 0.997695, -0.062915, 0.300003, -0.286532, 0.067583, 0.955685, 0.0, 0.0, 0.0, 0.0, 1.0],
                [1.000002, -1e-06, -2e-06, 0.0, 0.0, 0.90185, -0.432058, 0.300003, 2e-06, 0.43206, 0.901847, -0.0, 0.0, 0.0, 0.0, 1.0]
            ]
        },
        {
            "name": "Tool_L",
            "time": [0.0, 0.4167, 4.6667, 5.0],
            "transform": [
                [0.997092, 0.029051, -0.066785, 0.0, 0.018069, -0.98664, -0.159514, 0.272858, -0.070557, 0.157866, -0.984647, 1e-06, 0.0, 0.0, 0.0, 1.0],
                [0.0, 0.0, 0.0, 0.0, 0.0, 0.0, 0.0, 0.272858, 0.0, 0.0, 0.0, 0.0, 0.0, 0.0, 0.0, 1.0],
                [0.0, 0.0, 0.0, 0.0, 0.0, 0.0, 0.0, 0.272858, 0.0, 0.0, 0.0, 0.0, 0.0, 0.0, 0.0, 1.0],
                [0.997092, 0.029051, -0.066785, 0.0, 0.018069, -0.98664, -0.159514, 0.272858, -0.070557, 0.157866, -0.984647, 1e-06, 0.0, 0.0, 0.0, 1.0]
            ]
        },
        {
            "name": "Elbow_L",
            "time": [0.0, 0.4167, 4.6667, 5.0],
            "transform": [
                [-1.000001, -0.0, 0.0, -0.0, -0.0, -0.0, -1.0, 0.3, 0.0, -1.0, 0.0, -2e-06, 0.0, 0.0, 0.0, 1.0],
                [-1.000001, 0.0, 1e-06, -2e-06, -1e-06, 0.0, -1.0, 0.3, -0.0, -1.0, 0.0, -0.0, 0.0, 0.0, 0.0, 1.0],
                [-1.000001, 0.0, 1e-06, -2e-06, -1e-06, 0.0, -1.0, 0.3, -0.0, -1.0, 0.0, -0.0, 0.0, 0.0, 0.0, 1.0],
                [-1.000001, -0.0, 0.0, -0.0, -0.0, -0.0, -1.0, 0.3, 0.0, -1.0, 0.0, -2e-06, 0.0, 0.0, 0.0, 1.0]
            ]
        }
    ]
}