{
    "animation": [
        {
            "name": "Root",
            "time": [0.0, 0.0833, 0.15, 0.2, 0.25, 0.3, 0.35, 0.4, 0.45, 0.5, 0.55, 0.6, 0.65, 0.7, 0.75, 0.8, 0.85, 0.9, 0.95, 1.0, 1.0833, 1.1667, 1.2833, 1.45, 1.6333, 1.7667],
            "transform": [
                [0.970317, -0.003074, -0.241816, 1.7e-05, -0.196263, 0.574217, -0.79483, -0.060747, 0.141298, 0.818697, 0.55657, 0.448317, 0.0, 0.0, 0.0, 1.0],
                [0.970317, -0.003074, -0.241816, 1.7e-05, -0.232693, 0.260473, -0.937021, -0.27422, 0.065867, 0.965476, 0.252026, 0.448317, 0.0, 0.0, 0.0, 1.0],
                [0.970317, -0.003074, -0.241816, 1.7e-05, -0.233499, 0.248368, -0.940102, -0.281969, 0.062949, 0.968661, 0.240278, 0.448317, 0.0, 0.0, 0.0, 1.0],
                [0.970317, -0.003074, -0.241816, -0.069413, -0.181175, 0.653089, -0.735289, 0.000905, 0.160188, 0.757275, 0.633147, 0.448317, 0.0, 0.0, 0.0, 1.0],
                [0.996825, 0.000381, 0.079623, -0.006201, 0.053629, 0.735939, -0.674921, 0.409034, -0.058855, 0.677048, 0.733582, 0.556932, 0.0, 0.0, 0.0, 1.0],
                [0.948182, 0.011217, 0.317529, 0.058599, 0.213799, 0.716747, -0.66375, 0.874941, -0.235033, 0.697243, 0.677208, 0.448317, 0.0, 0.0, 0.0, 1.0],
                [0.999172, 0.010532, 0.039301, -0.005407, 0.021766, 0.677721, -0.734997, 1.359477, -0.034376, 0.735244, 0.676931, 0.556801, 0.0, 0.0, 0.0, 1.0],
                [0.970317, -0.003074, -0.241816, -0.069413, -0.181175, 0.653089, -0.735289, 1.835339, 0.160188, 0.757275, 0.633147, 0.448317, 0.0, 0.0, 0.0, 1.0],
                [0.996825, 0.000381, 0.079623, -0.006201, 0.053629, 0.735939, -0.674921, 2.280328, -0.058855, 0.677048, 0.733582, 0.556932, 0.0, 0.0, 0.0, 1.0],
                [0.948182, 0.011217, 0.317529, 0.058599, 0.213799, 0.716747, -0.66375, 2.707899, -0.235033, 0.697243, 0.677208, 0.448317, 0.0, 0.0, 0.0, 1.0],
                [0.999172, 0.010532, 0.039301, -0.005407, 0.021766, 0.677721, -0.734997, 3.12289, -0.034376, 0.735244, 0.676931, 0.556801, 0.0, 0.0, 0.0, 1.0],
                [0.970317, -0.003074, -0.241816, -0.069413, -0.181175, 0.653089, -0.735289, 3.540647, 0.160188, 0.757275, 0.633147, 0.448317, 0.0, 0.0, 0.0, 1.0],
                [0.996825, 0.000381, 0.079623, -0.006201, 0.053629, 0.735939, -0.674921, 3.968523, -0.058855, 0.677048, 0.733582, 0.556932, 0.0, 0.0, 0.0, 1.0],
                [0.948182, 0.011217, 0.317529, 0.058599, 0.213799, 0.716747, -0.66375, 4.414683, -0.235033, 0.697243, 0.677208, 0.448317, 0.0, 0.0, 0.0, 1.0],
                [0.999172, 0.010532, 0.039301, -0.005407, 0.021766, 0.677721, -0.734997, 4.896329, -0.034376, 0.735244, 0.676931, 0.556801, 0.0, 0.0, 0.0, 1.0],
                [0.970317, -0.003074, -0.241816, -0.069413, -0.181175, 0.653089, -0.735289, 5.375081, 0.160188, 0.757275, 0.633147, 0.448317, 0.0, 0.0, 0.0, 1.0],
                [0.996825, 0.000381, 0.079623, -0.006201, 0.053629, 0.735939, -0.674921, 5.828595, -0.058855, 0.677048, 0.733582, 0.556932, 0.0, 0.0, 0.0, 1.0],
                [0.948182, 0.011217, 0.317529, 0.058599, 0.213799, 0.716747, -0.66375, 6.247641, -0.235033, 0.697243, 0.677208, 0.448317, 0.0, 0.0, 0.0, 1.0],
                [0.999172, 0.010532, 0.039301, -0.005407, 0.021766, 0.677721, -0.734997, 6.572824, -0.034376, 0.735244, 0.676931, 0.556801, 0.0, 0.0, 0.0, 1.0],
                [0.970317, -0.003074, -0.241816, -0.069413, -0.181175, 0.653089, -0.735289, 6.969712, 0.160188, 0.757275, 0.633147, 0.538298, 0.0, 0.0, 0.0, 1.0],
                [0.998124, -0.06093, -0.005996, -0.07087, -0.010207, -0.069028, -0.997563, 8.07626, 0.060368, 0.995752, -0.06952, 0.629012, 0.0, 0.0, 0.0, 1.0],
                [0.999018, -0.042613, 0.012113, -0.069413, 0.007412, -0.108796, -0.994036, 8.185429, 0.043677, 0.99315, -0.108373, 0.744672, 0.0, 0.0, 0.0, 1.0],
                [0.999831, -0.01615, 0.008725, -0.069413, 0.007623, -0.067035, -0.997721, 8.434994, 0.016698, 0.99762, -0.066901, 0.741105, 0.0, 0.0, 0.0, 1.0],
                [0.998369, 0.056987, 0.003561, -0.069413, -0.00807, 0.202568, -0.979235, 8.601735, -0.056525, 0.977609, 0.202698, 0.600268, 0.0, 0.0, 0.0, 1.0],
                [0.998856, -0.038808, 0.027949, -0.069413, 0.041303, 0.405414, -0.9132, 8.813238, 0.024108, 0.913309, 0.406553, 0.479015, 0.0, 0.0, 0.0, 1.0],
                [0.996457, -0.078548, 0.030062, -0.069413, 0.059372, 0.403797, -0.91292, 8.882618, 0.059569, 0.911471, 0.40703, 0.47096, 0.0, 0.0, 0.0, 1.0]
            ]
        },
        {
            "name": "Thigh_R",
            "time": [0.0, 0.0833, 0.15, 0.2, 0.25, 0.3, 0.35, 0.4, 0.45, 0.5, 0.55, 0.6, 0.65, 0.7, 0.75, 0.8, 0.85, 0.9, 0.95, 1.0, 1.0833, 1.1667, 1.2833, 1.45, 1.6333, 1.7667],
            "transform": [
                [0.991048, 0.102124, 0.085988, 0.124994, 0.035849, -0.823999, 0.565454, -0.002831, 0.1286, -0.557309, -0.820285, -1.2e-05, 0.0, 0.0, 0.0, 1.0],
                [0.992736, 0.10799, 0.053041, 0.124994, 0.034006, -0.674732, 0.737278, -0.002831, 0.115407, -0.730117, -0.673504, -1.2e-05, 0.0, 0.0, 0.0, 1.0],
                [0.992723, 0.108, 0.053263, 0.124994, 0.032914, -0.668817, 0.742697, -0.002831, 0.115834, -0.735538, -0.667506, -1.2e-05, 0.0, 0.0, 0.0, 1.0],
                [0.983461, 0.176325, 0.041383, 0.124994, 0.129121, -0.842809, 0.522492, -0.002831, 0.127007, -0.508507, -0.851639, -1.2e-05, 0.0, 0.0, 0.0, 1.0],
                [0.9747, 0.218858, 0.045386, 0.124994, -0.084554, 0.173077, 0.981272, -0.002831, 0.206904, -0.960282, 0.187204, -1.2e-05, 0.0, 0.0, 0.0, 1.0],
                [0.957237, 0.282414, -0.062749, 0.124994, -0.146683, 0.660738, 0.736144, -0.002831, 0.249358, -0.695459, 0.67391, -1.2e-05, 0.0, 0.0, 0.0, 1.0],
                [0.978759, 0.172876, 0.110201, 0.124994, -0.057792, -0.283075, 0.957355, -0.002831, 0.196699, -0.943387, -0.267072, -1.2e-05, 0.0, 0.0, 0.0, 1.0],
                [0.981842, 0.168646, 0.086854, 0.124994, 0.159531, -0.981805, 0.102982, -0.002831, 0.102642, -0.087257, -0.990884, -1.2e-05, 0.0, 0.0, 0.0, 1.0],
                [0.980909, 0.187796, 0.050484, 0.124994, -0.033506, -0.09251, 0.995148, -0.002832, 0.191555, -0.97784, -0.084452, -1.2e-05, 0.0, 0.0, 0.0, 1.0],
                [0.957237, 0.282414, -0.062748, 0.124994, -0.146683, 0.660738, 0.736144, -0.00283, 0.249357, -0.695459, 0.673911, -1.2e-05, 0.0, 0.0, 0.0, 1.0],
                [0.974762, 0.190376, 0.1166, 0.124994, -0.091161, -0.137328, 0.986322, -0.002832, 0.203785, -0.972056, -0.116507, -1.2e-05, 0.0, 0.0, 0.0, 1.0],
                [0.983461, 0.176324, 0.041384, 0.124994, 0.12912, -0.84281, 0.522491, -0.00283, 0.127007, -0.508505, -0.85164, -1.2e-05, 0.0, 0.0, 0.0, 1.0],
                [0.975574, 0.214724, 0.04635, 0.124994, -0.075084, 0.127655, 0.988973, -0.002831, 0.20644, -0.968294, 0.14066, -1.2e-05, 0.0, 0.0, 0.0, 1.0],
                [0.957237, 0.282414, -0.062747, 0.124994, -0.146684, 0.660737, 0.736144, -0.002831, 0.249357, -0.69546, 0.67391, -1.2e-05, 0.0, 0.0, 0.0, 1.0],
                [0.978615, 0.173586, 0.110364, 0.124994, -0.059017, -0.277032, 0.959046, -0.002832, 0.197052, -0.945049, -0.260864, -1.2e-05, 0.0, 0.0, 0.0, 1.0],
                [0.981842, 0.168645, 0.086855, 0.124994, 0.159529, -0.981805, 0.102981, -0.00283, 0.102642, -0.087256, -0.990884, -1.2e-05, 0.0, 0.0, 0.0, 1.0],
                [0.981377, 0.185074, 0.051444, 0.124994, -0.030077, -0.116463, 0.99274, -0.002829, 0.189722, -0.975797, -0.108728, -1.2e-05, 0.0, 0.0, 0.0, 1.0],
                [0.957237, 0.282414, -0.062745, 0.124994, -0.146685, 0.660737, 0.736145, -0.002831, 0.249356, -0.69546, 0.67391, -1.1e-05, 0.0, 0.0, 0.0, 1.0],
                [0.968961, 0.209697, 0.130922, 0.124994, -0.139778, 0.027919, 0.989789, -0.002833, 0.203901, -0.977366, 0.056364, -1.4e-05, 0.0, 0.0, 0.0, 1.0],
                [0.983617, 0.148426, 0.10231, 0.124994, 0.036886, -0.721235, 0.691706, -0.002831, 0.176457, -0.676598, -0.714896, -1e-05, 0.0, 0.0, 0.0, 1.0],
                [0.978622, 0.119979, 0.167042, 0.124994, -0.030177, -0.719645, 0.693685, -0.002831, 0.203439, -0.683895, -0.700642, -1.4e-05, 0.0, 0.0, 0.0, 1.0],
                [0.983888, 0.050884, 0.171389, 0.124994, 0.028872, -0.99128, 0.128556, -0.002831, 0.176436, -0.121536, -0.97678, -1.1e-05, 0.0, 0.0, 0.0, 1.0],
                [0.988563, 0.100502, 0.112431, 0.124994, 0.097503, -0.994723, 0.031873, -0.002831, 0.115041, -0.020546, -0.993148, -1.1e-05, 0.0, 0.0, 0.0, 1.0],
                [0.979813, 0.199846, 0.005203, 0.124994, 0.183162, -0.907829, 0.377219, -0.00283, 0.080109, -0.36865, -0.926109, -1.2e-05, 0.0, 0.0, 0.0, 1.0],
                [0.993423, 0.099073, 0.057394, 0.124994, 0.089949, -0.985453, 0.144181, -0.002829, 0.070844, -0.13807, -0.987886, -1.3e-05, 0.0, 0.0, 0.0, 1.0],
                [0.996151, 0.042418, 0.076696, 0.124994, 0.049587, -0.994323, -0.094121, -0.00283, 0.072268, 0.097562, -0.992602, -1.1e-05, 0.0, 0.0, 0.0, 1.0]
            ]
        },
        {
            "name": "Leg_R",
            "time": [0.0, 0.0833, 0.15, 0.2, 0.25, 0.3, 0.35, 0.4, 0.45, 0.5, 0.55, 0.6, 0.65, 0.7, 0.75, 0.8, 0.85, 0.9, 0.95, 1.0, 1.0833, 1.1667, 1.2833, 1.45, 1.6333, 1.7667],
            "transform": [
                [1.0, -1e-06, 1e-06, 0.0, -0.0, 0.201665, 0.979454, 0.374726, -1e-06, -0.979455, 0.201665, 0.0, 0.0, 0.0, 0.0, 1.0],
                [1.0, -1e-06, -0.0, 0.0, -0.0, -0.238377, 0.971172, 0.374726, -1e-06, -0.971172, -0.238377, 0.0, 0.0, 0.0, 0.0, 1.0],
                [1.0, -1e-06, -0.0, -0.0, -0.0, -0.247891, 0.968787, 0.374726, -1e-06, -0.968788, -0.247891, 0.0, 0.0, 0.0, 0.0, 1.0],
                [1.0, -1e-06, 1e-06, 0.0, -0.0, 0.41078, 0.911734, 0.374726, -1e-06, -0.911736, 0.410779, 0.0, 0.0, 0.0, 0.0, 1.0],
                [1.0, -1e-06, 0.0, -0.0, -1e-06, -0.367747, 0.929926, 0.374726, -1e-06, -0.929926, -0.367747, -0.0, 0.0, 0.0, 0.0, 1.0],
                [1.0, -0.0, 0.0, -0.0, -1e-06, -0.005438, 0.999985, 0.374726, -1e-06, -0.999985, -0.005438, -0.0, 0.0, 0.0, 0.0, 1.0],
                [1.0, -1e-06, 1e-06, 0.0, -0.0, 0.054459, 0.998516, 0.374726, -1e-06, -0.998516, 0.054459, 0.0, 0.0, 0.0, 0.0, 1.0],
                [1.0, -0.0, 1e-06, -0.0, -0.0, 0.874529, 0.484975, 0.374726, -1e-06, -0.484977, 0.874525, 0.0, 0.0, 0.0, 0.0, 1.0],
                [1.0, -1e-06, 0.0, -0.0, -1e-06, -0.312965, 0.949765, 0.374726, -1e-06, -0.949764, -0.312966, -0.0, 0.0, 0.0, 0.0, 1.0],
                [1.0, -1e-06, -0.0, 0.0, -0.0, -0.005437, 0.999985, 0.374726, -1e-06, -0.999985, -0.005437, -0.0, 0.0, 0.0, 0.0, 1.0],
                [1.0, -1e-06, -0.0, -0.0, 0.0, 0.013962, 0.999902, 0.374726, -1e-06, -0.999903, 0.013962, -0.0, 0.0, 0.0, 0.0, 1.0],
                [1.0, -1e-06, 1e-06, -0.0, -1e-06, 0.410782, 0.911734, 0.374726, -1e-06, -0.911735, 0.410781, 0.0, 0.0, 0.0, 0.0, 1.0],
                [1.0, -1e-06, -0.0, 0.0, -0.0, -0.36368, 0.931524, 0.374726, -1e-06, -0.931524, -0.36368, -0.0, 0.0, 0.0, 0.0, 1.0],
                [1.0, -1e-06, -0.0, 0.0, -0.0, -0.00544, 0.999985, 0.374726, -1e-06, -0.999985, -0.00544, 0.0, 0.0, 0.0, 0.0, 1.0],
                [1.0, -1e-06, 0.0, 0.0, 0.0, 0.052128, 0.99864, 0.374726, -1e-06, -0.998641, 0.052128, -0.0, 0.0, 0.0, 0.0, 1.0],
                [1.0, -0.0, 1e-06, -0.0, -0.0, 0.87453, 0.484973, 0.374726, -1e-06, -0.484975, 0.874527, 0.0, 0.0, 0.0, 0.0, 1.0],
                [1.0, -1e-06, 0.0, 0.0, -1e-06, -0.30393, 0.952695, 0.374726, -1e-06, -0.952694, -0.303931, -0.0, 0.0, 0.0, 0.0, 1.0],
                [1.0, -1e-06, -0.0, 0.0, -0.0, -0.005436, 0.999985, 0.374726, -1e-06, -0.999985, -0.005436, 0.0, 0.0, 0.0, 0.0, 1.0],
                [1.0, -1e-06, -0.0, 0.0, 0.0, 0.013965, 0.999903, 0.374726, -1e-06, -0.999903, 0.013965, 0.0, 0.0, 0.0, 0.0, 1.0],
                [1.0, -1e-06, 1e-06, -0.0, -1e-06, 0.421429, 0.906861, 0.374726, -1e-06, -0.906863, 0.421428, 0.0, 0.0, 0.0, 0.0, 1.0],
                [1.0, 0.0, 1e-06, 0.0, -1e-06, 0.687538, 0.726148, 0.374726, -1e-06, -0.726151, 0.687537, -1e-06, 0.0, 0.0, 0.0, 1.0],
                [1.0, 0.0, 1e-06, 0.0, 0.0, 1.000002, 7e-06, 0.374726, -1e-06, -7e-06, 0.999998, 0.0, 0.0, 0.0, 0.0, 1.0],
                [1.0, 0.0, 1e-06, -0.0, -1e-06, 0.926192, 0.377056, 0.374726, -1e-06, -0.377058, 0.926188, 1e-06, 0.0, 0.0, 0.0, 1.0],
                [1.0, -1e-06, 1e-06, -0.0, -1e-06, 0.420301, 0.907384, 0.374726, -1e-06, -0.907386, 0.4203, 0.0, 0.0, 0.0, 0.0, 1.0],
                [1.0, -1e-06, 1e-06, 0.0, -1e-06, 0.545165, 0.838328, 0.374726, -1e-06, -0.838331, 0.545164, 0.0, 0.0, 0.0, 0.0, 1.0],
                [1.0, -0.0, 1e-06, 0.0, -0.0, 0.782026, 0.623247, 0.374726, -1e-06, -0.623249, 0.782022, -0.0, 0.0, 0.0, 0.0, 1.0]
            ]
        },
        {
            "name": "Knee_R",
            "time": [0.0, 0.0833, 0.15, 0.2, 0.25, 0.3, 0.35, 0.4, 0.45, 0.5, 0.55, 0.6, 0.65, 0.7, 0.75, 0.8, 0.85, 0.9, 0.95, 1.0, 1.0833, 1.1667, 1.2833, 1.45, 1.6333, 1.7667],
            "transform": [
                [1.0, -0.0, -1e-06, 0.0, -1e-06, -0.0, -1.0, 0.37472, 0.0, 1.0, 0.0, 0.0, 0.0, 0.0, 0.0, 1.0],
                [1.0, -0.0, 0.0, 0.0, -0.0, -0.0, -1.0, 0.37472, -0.0, 1.0, 0.0, -0.0, 0.0, 0.0, 0.0, 1.0],
                [1.0, 0.0, -0.0, -0.0, -0.0, -0.0, -1.0, 0.37472, -0.0, 1.0, 0.0, 0.0, 0.0, 0.0, 0.0, 1.0],
                [1.0, 0.0, -0.0, 0.0, -0.0, -0.0, -1.0, 0.37472, 0.0, 1.0, 0.0, -0.0, 0.0, 0.0, 0.0, 1.0],
                [1.0, 0.0, 0.0, 0.0, 0.0, -0.0, -1.0, 0.37472, -0.0, 1.0, 0.0, -0.0, 0.0, 0.0, 0.0, 1.0],
                [1.0, -0.0, 0.0, -0.0, -0.0, -0.0, -1.0, 0.37472, -0.0, 1.0, 0.0, 0.0, 0.0, 0.0, 0.0, 1.0],
                [1.0, 0.0, -0.0, 0.0, 0.0, -0.0, -1.0, 0.37472, -0.0, 1.0, 0.0, -0.0, 0.0, 0.0, 0.0, 1.0],
                [1.0, -0.0, -1e-06, -0.0, -1e-06, -0.0, -1.0, 0.37472, 0.0, 1.0, 0.0, -0.0, 0.0, 0.0, 0.0, 1.0],
                [1.0, 0.0, 0.0, -0.0, 0.0, 0.0, -1.0, 0.37472, 0.0, 1.0, 0.0, -0.0, 0.0, 0.0, 0.0, 1.0],
                [1.0, 0.0, -0.0, 0.0, -0.0, -0.0, -1.0, 0.37472, 0.0, 1.0, 0.0, 0.0, 0.0, 0.0, 0.0, 1.0],
                [1.0, -0.0, 0.0, -0.0, 0.0, -0.0, -1.0, 0.37472, 0.0, 1.0, 0.0, 0.0, 0.0, 0.0, 0.0, 1.0],
                [1.0, -0.0, -0.0, -0.0, -0.0, -0.0, -1.0, 0.37472, -0.0, 1.0, 0.0, 0.0, 0.0, 0.0, 0.0, 1.0],
                [1.0, -0.0, 0.0, 0.0, 0.0, 0.0, -1.0, 0.37472, 0.0, 1.0, 0.0, -1e-06, 0.0, 0.0, 0.0, 1.0],
                [1.0, -0.0, 0.0, -0.0, 0.0, -0.0, -1.0, 0.37472, -0.0, 1.0, 0.0, -0.0, 0.0, 0.0, 0.0, 1.0],
                [1.0, 0.0, -0.0, -0.0, 0.0, -0.0, -1.0, 0.37472, -0.0, 1.0, -0.0, 1e-06, 0.0, 0.0, 0.0, 1.0],
                [1.0, -0.0, -0.0, -0.0, -0.0, -0.0, -1.0, 0.37472, -0.0, 1.0, 0.0, -0.0, 0.0, 0.0, 0.0, 1.0],
                [1.0, 0.0, 0.0, 0.0, 0.0, -0.0, -1.0, 0.37472, 0.0, 1.0, 0.0, -0.0, 0.0, 0.0, 0.0, 1.0],
                [1.0, 0.0, 0.0, 0.0, -0.0, -0.0, -1.0, 0.37472, -0.0, 1.0, 0.0, 0.0, 0.0, 0.0, 0.0, 1.0],
                [1.0, 0.0, -0.0, 0.0, 0.0, -0.0, -1.0, 0.37472, -0.0, 1.0, 0.0, -0.0, 0.0, 0.0, 0.0, 1.0],
                [1.0, -0.0, -0.0, -0.0, 0.0, -0.0, -1.0, 0.37472, 0.0, 1.0, 0.0, 0.0, 0.0, 0.0, 0.0, 1.0],
                [1.0, 0.0, 0.0, 0.0, -0.0, 0.0, -1.0, 0.37472, -0.0, 1.0, 0.0, -0.0, 0.0, 0.0, 0.0, 1.0],
                [1.0, 0.0, -0.0, 0.0, 0.0, -0.0, -1.0, 0.37472, 0.0, 1.0, 0.0, -0.0, 0.0, 0.0, 0.0, 1.0],
                [1.0, -0.0, -0.0, -0.0, 0.0, -0.0, -1.0, 0.37472, 0.0, 1.0, 0.0, 0.0, 0.0, 0.0, 0.0, 1.0],
                [1.0, -0.0, 0.0, -0.0, 0.0, -0.0, -1.0, 0.37472, 0.0, 1.0, 0.0, 2e-06, 0.0, 0.0, 0.0, 1.0],
                [1.0, 0.0, -0.0, 0.0, -0.0, -0.0, -1.0, 0.37472, 0.0, 1.0, 0.0, -0.0, 0.0, 0.0, 0.0, 1.0],
                [1.0, 0.0, -0.0, 0.0, -0.0, 0.0, -1.0, 0.37472, 0.0, 1.0, 0.0, -0.0, 0.0, 0.0, 0.0, 1.0]
            ]
        },
        {
            "name": "Thigh_L",
            "time": [0.0, 0.0833, 0.15, 0.2, 0.25, 0.3, 0.35, 0.4, 0.45, 0.5, 0.55, 0.6, 0.65, 0.7, 0.75, 0.8, 0.85, 0.9, 0.95, 1.0, 1.0833, 1.1667, 1.2833, 1.45, 1.6333, 1.7667],
            "transform": [
                [0.885036, -0.450885, -0.115817, -0.125006, 0.338386, 0.452246, 0.825208, -0.002831, -0.319696, -0.76953, 0.552827, -1.2e-05, 0.0, 0.0, 0.0, 1.0],
                [0.881094, -0.370726, -0.293657, -0.125006, 0.312037, -0.010903, 0.950007, -0.002831, -0.355394, -0.928679, 0.106074, -1.2e-05, 0.0, 0.0, 0.0, 1.0],
                [0.880745, -0.363784, -0.303231, -0.125006, 0.310944, -0.038753, 0.949637, -0.002831, -0.357214, -0.930677, 0.078985, -1.2e-05, 0.0, 0.0, 0.0, 1.0],
                [0.951554, -0.285092, -0.115178, -0.125006, 0.257261, 0.533018, 0.806044, -0.002831, -0.168404, -0.796627, 0.580539, -1.2e-05, 0.0, 0.0, 0.0, 1.0],
                [0.952606, -0.158326, -0.259757, -0.125006, 0.226726, -0.19979, 0.953246, -0.002831, -0.202821, -0.966963, -0.154424, -1.2e-05, 0.0, 0.0, 0.0, 1.0],
                [0.993016, -0.114525, -0.028311, -0.125006, -0.101672, -0.95252, 0.286999, -0.002831, -0.059835, -0.282117, -0.957512, -1.2e-05, 0.0, 0.0, 0.0, 1.0],
                [0.947814, -0.22939, -0.221421, -0.125006, 0.169899, -0.224262, 0.959604, -0.002831, -0.26978, -0.947147, -0.173585, -1.2e-05, 0.0, 0.0, 0.0, 1.0],
                [0.951554, -0.285092, -0.115177, -0.125006, 0.25726, 0.533018, 0.806045, -0.002831, -0.168405, -0.796627, 0.580538, -1.2e-05, 0.0, 0.0, 0.0, 1.0],
                [0.942232, -0.179001, -0.283119, -0.125006, 0.226456, -0.282378, 0.932191, -0.00283, -0.246809, -0.942455, -0.22553, -1.2e-05, 0.0, 0.0, 0.0, 1.0],
                [0.993016, -0.114525, -0.028311, -0.125006, -0.101672, -0.95252, 0.286999, -0.00283, -0.059835, -0.282116, -0.957512, -1.2e-05, 0.0, 0.0, 0.0, 1.0],
                [0.947381, -0.230722, -0.221888, -0.125006, 0.174085, -0.210347, 0.962002, -0.002832, -0.268629, -0.950011, -0.159114, -1.2e-05, 0.0, 0.0, 0.0, 1.0],
                [0.951554, -0.285092, -0.115176, -0.125006, 0.257259, 0.533018, 0.806045, -0.002831, -0.168406, -0.796627, 0.580538, -1.2e-05, 0.0, 0.0, 0.0, 1.0],
                [0.940761, -0.182152, -0.285987, -0.125006, 0.237894, -0.246426, 0.939511, -0.00283, -0.241608, -0.951891, -0.188495, -1.2e-05, 0.0, 0.0, 0.0, 1.0],
                [0.993016, -0.114526, -0.028311, -0.125006, -0.101673, -0.952521, 0.286996, -0.002831, -0.059835, -0.282114, -0.957513, -1.2e-05, 0.0, 0.0, 0.0, 1.0],
                [0.947597, -0.230064, -0.221651, -0.125006, 0.172009, -0.217234, 0.960844, -0.002832, -0.269206, -0.94862, -0.166277, -1.2e-05, 0.0, 0.0, 0.0, 1.0],
                [0.951555, -0.285092, -0.115175, -0.125006, 0.257258, 0.533018, 0.806045, -0.002829, -0.168407, -0.796627, 0.580538, -1.2e-05, 0.0, 0.0, 0.0, 1.0],
                [0.942904, -0.177452, -0.281855, -0.125006, 0.22103, -0.299664, 0.928088, -0.002831, -0.249153, -0.937397, -0.243332, -1.2e-05, 0.0, 0.0, 0.0, 1.0],
                [0.993016, -0.114527, -0.028311, -0.125006, -0.101673, -0.952521, 0.286997, -0.002831, -0.059836, -0.282115, -0.957512, -1.2e-05, 0.0, 0.0, 0.0, 1.0],
                [0.936526, -0.255467, -0.240112, -0.125006, 0.284132, 0.151823, 0.946688, -0.002832, -0.205393, -0.954823, 0.214773, -1.3e-05, 0.0, 0.0, 0.0, 1.0],
                [0.97164, -0.193725, -0.135594, -0.125006, 0.176054, 0.209845, 0.961753, -0.002831, -0.157862, -0.95835, 0.238, -1.1e-05, 0.0, 0.0, 0.0, 1.0],
                [0.83001, 0.048725, -0.555616, -0.125006, -0.378644, -0.682217, -0.625466, -0.00283, -0.409527, 0.729524, -0.547797, -1.3e-05, 0.0, 0.0, 0.0, 1.0],
                [0.843218, -0.240767, -0.480638, -0.125006, -0.360718, -0.916336, -0.173813, -0.002831, -0.398577, 0.319937, -0.859521, -1.1e-05, 0.0, 0.0, 0.0, 1.0],
                [0.857202, -0.282055, -0.430871, -0.125006, -0.174885, -0.946389, 0.271594, -0.002831, -0.484375, -0.157458, -0.860573, -1e-05, 0.0, 0.0, 0.0, 1.0],
                [0.973868, 0.026289, -0.225585, -0.125006, 0.227105, -0.120314, 0.966409, -0.00283, -0.001735, -0.992388, -0.12314, -1.3e-05, 0.0, 0.0, 0.0, 1.0],
                [0.991957, 0.123289, -0.028652, -0.125006, 0.015415, 0.107007, 0.994139, -0.002829, 0.125632, -0.986585, 0.104246, -1.3e-05, 0.0, 0.0, 0.0, 1.0],
                [0.994587, 0.082555, -0.063082, -0.125006, 0.051978, 0.13035, 0.990104, -0.00283, 0.089961, -0.988025, 0.125354, -1.2e-05, 0.0, 0.0, 0.0, 1.0]
            ]
        },
        {
            "name": "Leg_L",
            "time": [0.0, 0.0833, 0.15, 0.2, 0.25, 0.3, 0.35, 0.4, 0.45, 0.5, 0.55, 0.6, 0.65, 0.7, 0.75, 0.8, 0.85, 0.9, 0.95, 1.0, 1.0833, 1.1667, 1.2833, 1.45, 1.6333, 1.7667],
            "transform": [
                [1.0, -1e-06, 1e-06, -0.0, -1e-06, 0.022169, 0.999755, 0.374726, -1e-06, -0.999754, 0.022169, -0.0, 0.0, 0.0, 0.0, 1.0],
                [1.0, -0.0, 1e-06, 0.0, -0.0, 0.708733, 0.705477, 0.374726, -1e-06, -0.705477, 0.708733, -0.0, 0.0, 0.0, 0.0, 1.0],
                [1.0, -0.0, 1e-06, 0.0, -0.0, 0.739985, 0.672623, 0.374726, -1e-06, -0.672623, 0.739986, -0.0, 0.0, 0.0, 0.0, 1.0],
                [1.0, -1e-06, 0.0, -0.0, -1e-06, -0.102458, 0.994738, 0.374726, -1e-06, -0.994738, -0.102458, -0.0, 0.0, 0.0, 0.0, 1.0],
                [1.0, -1e-06, 1e-06, 0.0, -0.0, 0.082296, 0.996608, 0.374726, -1e-06, -0.996608, 0.082296, -0.0, 0.0, 0.0, 0.0, 1.0],
                [1.0, 0.0, 1e-06, -0.0, -1e-06, 0.790825, 0.612042, 0.374726, -1e-06, -0.612042, 0.790826, 0.0, 0.0, 0.0, 0.0, 1.0],
                [1.0, -1e-06, -0.0, 0.0, -0.0, -0.273717, 0.96181, 0.374726, -1e-06, -0.961811, -0.273717, 0.0, 0.0, 0.0, 0.0, 1.0],
                [1.0, -1e-06, 0.0, -0.0, -1e-06, -0.102458, 0.994737, 0.374726, -1e-06, -0.994737, -0.102458, -0.0, 0.0, 0.0, 0.0, 1.0],
                [1.0, -1e-06, 1e-06, 0.0, -0.0, 0.112701, 0.993629, 0.374726, -1e-06, -0.993629, 0.112701, -0.0, 0.0, 0.0, 0.0, 1.0],
                [1.0, 0.0, 1e-06, -0.0, -1e-06, 0.790825, 0.612041, 0.374726, -1e-06, -0.612041, 0.790826, 0.0, 0.0, 0.0, 0.0, 1.0],
                [1.0, -1e-06, -0.0, -0.0, -0.0, -0.278853, 0.960334, 0.374726, -1e-06, -0.960334, -0.278853, -0.0, 0.0, 0.0, 0.0, 1.0],
                [1.0, -1e-06, 0.0, 0.0, -1e-06, -0.102459, 0.994738, 0.374726, -1e-06, -0.994737, -0.102459, 0.0, 0.0, 0.0, 0.0, 1.0],
                [1.0, -1e-06, 1e-06, 0.0, -0.0, 0.097435, 0.995242, 0.374726, -1e-06, -0.995242, 0.097435, 0.0, 0.0, 0.0, 0.0, 1.0],
                [1.0, 0.0, 1e-06, -0.0, -1e-06, 0.790829, 0.612037, 0.374726, -1e-06, -0.612037, 0.790829, -0.0, 0.0, 0.0, 0.0, 1.0],
                [1.0, -1e-06, -0.0, 0.0, -0.0, -0.27634, 0.96106, 0.374726, -1e-06, -0.96106, -0.27634, -0.0, 0.0, 0.0, 0.0, 1.0],
                [1.0, -1e-06, 0.0, -0.0, -1e-06, -0.102457, 0.994738, 0.374726, -1e-06, -0.994738, -0.102457, -0.0, 0.0, 0.0, 0.0, 1.0],
                [1.0, -1e-06, 1e-06, -0.0, -0.0, 0.120793, 0.992678, 0.374726, -1e-06, -0.992678, 0.120794, -0.0, 0.0, 0.0, 0.0, 1.0],
                [1.0, -0.0, 1e-06, -0.0, -0.0, 0.790829, 0.612037, 0.374726, -1e-06, -0.612037, 0.790829, 0.0, 0.0, 0.0, 0.0, 1.0],
                [1.0, -1e-06, -0.0, 0.0, -0.0, -0.331845, 0.943334, 0.374727, -1e-06, -0.943334, -0.331845, -0.0, 0.0, 0.0, 0.0, 1.0],
                [1.0, 0.0, 1e-06, -0.0, -1e-06, 0.871784, 0.48989, 0.374727, -1e-06, -0.48989, 0.871785, -0.0, 0.0, 0.0, 0.0, 1.0],
                [1.0, -0.0, 1e-06, -0.0, -0.0, 1.0, 1.1e-05, 0.374725, -1e-06, -1.1e-05, 1.000001, 1e-06, 0.0, 0.0, 0.0, 1.0],
                [1.0, -0.0, 1e-06, -0.0, -1e-06, 0.350767, 0.936463, 0.374726, -1e-06, -0.936462, 0.350768, -0.0, 0.0, 0.0, 0.0, 1.0],
                [1.0, -1e-06, -0.0, 0.0, 0.0, -0.045119, 0.998982, 0.374726, -1e-06, -0.998982, -0.045119, -0.0, 0.0, 0.0, 0.0, 1.0],
                [1.0, -1e-06, 0.0, -0.0, -0.0, -0.017274, 0.999851, 0.374727, -1e-06, -0.999851, -0.017274, -0.0, 0.0, 0.0, 0.0, 1.0],
                [1.0, -1e-06, 1e-06, 0.0, -0.0, 0.373633, 0.927577, 0.374726, -1e-06, -0.927577, 0.373633, 0.0, 0.0, 0.0, 0.0, 1.0],
                [1.0, -1e-06, 1e-06, 0.0, -0.0, 0.165771, 0.986164, 0.374726, -1e-06, -0.986165, 0.165771, 0.0, 0.0, 0.0, 0.0, 1.0]
            ]
        },
        {
            "name": "Knee_L",
            "time": [0.0, 0.0833, 0.15, 0.2, 0.25, 0.3, 0.35, 0.4, 0.45, 0.5, 0.55, 0.6, 0.65, 0.7, 0.75, 0.8, 0.85, 0.9, 0.95, 1.0, 1.0833, 1.1667, 1.2833, 1.45, 1.6333, 1.7667],
            "transform": [
                [1.0, 0.0, -1e-06, -0.0, -1e-06, -0.0, -1.0, 0.37472, 0.0, 1.0, 0.0, -0.0, 0.0, 0.0, 0.0, 1.0],
                [1.0, 0.0, -1e-06, 0.0, -0.0, -0.0, -1.0, 0.37472, -0.0, 1.0, -0.0, 0.0, 0.0, 0.0, 0.0, 1.0],
                [1.0, 0.0, 0.0, -0.0, 0.0, -0.0, -1.0, 0.37472, 0.0, 1.0, 0.0, -0.0, 0.0, 0.0, 0.0, 1.0],
                [1.0, -0.0, -0.0, -0.0, -0.0, -0.0, -1.0, 0.37472, 0.0, 1.0, 0.0, -0.0, 0.0, 0.0, 0.0, 1.0],
                [1.0, -0.0, -0.0, 0.0, -0.0, -0.0, -1.0, 0.37472, 0.0, 1.0, -0.0, 0.0, 0.0, 0.0, 0.0, 1.0],
                [1.0, -0.0, 0.0, -0.0, -0.0, -0.0, -1.0, 0.37472, 0.0, 1.0, 0.0, -0.0, 0.0, 0.0, 0.0, 1.0],
                [1.0, 0.0, -1e-06, 0.0, -1e-06, 0.0, -1.0, 0.37472, -0.0, 1.0, -0.0, 0.0, 0.0, 0.0, 0.0, 1.0],
                [1.0, -0.0, 0.0, -0.0, 0.0, -0.0, -1.0, 0.37472, -0.0, 1.0, 0.0, -0.0, 0.0, 0.0, 0.0, 1.0],
                [1.0, 0.0, -0.0, 0.0, -1e-06, 0.0, -1.0, 0.37472, 0.0, 1.0, 0.0, -0.0, 0.0, 0.0, 0.0, 1.0],
                [1.0, -0.0, -0.0, -0.0, -0.0, -0.0, -1.0, 0.37472, 0.0, 1.0, 0.0, 1e-06, 0.0, 0.0, 0.0, 1.0],
                [1.0, 0.0, -1e-06, -0.0, -1e-06, 0.0, -1.0, 0.37472, 0.0, 1.0, -0.0, -0.0, 0.0, 0.0, 0.0, 1.0],
                [1.0, -0.0, 0.0, -0.0, 0.0, -0.0, -1.0, 0.374721, 0.0, 1.0, 0.0, -0.0, 0.0, 0.0, 0.0, 1.0],
                [1.0, 0.0, -0.0, 0.0, -0.0, 0.0, -1.0, 0.374721, 0.0, 1.0, 0.0, 0.0, 0.0, 0.0, 0.0, 1.0],
                [1.0, -0.0, -1e-06, -0.0, -1e-06, -0.0, -1.0, 0.37472, -0.0, 1.0, -0.0, -0.0, 0.0, 0.0, 0.0, 1.0],
                [1.0, 0.0, 0.0, 0.0, -0.0, -0.0, -1.0, 0.374721, -0.0, 1.0, 0.0, 0.0, 0.0, 0.0, 0.0, 1.0],
                [1.0, -0.0, 0.0, -0.0, 0.0, -0.0, -1.0, 0.374721, -0.0, 1.0, 0.0, -0.0, 0.0, 0.0, 0.0, 1.0],
                [1.0, 0.0, -0.0, 0.0, 0.0, 0.0, -1.0, 0.37472, 0.0, 1.0, 0.0, -1e-06, 0.0, 0.0, 0.0, 1.0],
                [1.0, -0.0, -0.0, -0.0, -0.0, -0.0, -1.0, 0.374721, -0.0, 1.0, -0.0, -0.0, 0.0, 0.0, 0.0, 1.0],
                [1.0, -0.0, -0.0, -0.0, -1e-06, -0.0, -1.0, 0.374721, -0.0, 1.0, 0.0, 0.0, 0.0, 0.0, 0.0, 1.0],
                [1.0, -0.0, -0.0, 0.0, 0.0, 0.0, -1.0, 0.374721, -0.0, 1.0, 0.0, 0.0, 0.0, 0.0, 0.0, 1.0],
                [1.0, -0.0, -1e-06, 0.0, -1e-06, -0.0, -1.0, 0.374719, -0.0, 1.0, 0.0, 1e-06, 0.0, 0.0, 0.0, 1.0],
                [1.0, 0.0, -0.0, 1e-06, -0.0, -0.0, -1.0, 0.37472, -0.0, 1.0, 0.0, 1e-06, 0.0, 0.0, 0.0, 1.0],
                [1.0, 0.0, -0.0, 1e-06, -0.0, 0.0, -1.0, 0.37472, -0.0, 1.0, 0.0, -0.0, 0.0, 0.0, 0.0, 1.0],
                [1.0, -0.0, 0.0, -0.0, -0.0, -0.0, -1.0, 0.374721, 0.0, 1.0, 0.0, -0.0, 0.0, 0.0, 0.0, 1.0],
                [1.0, -0.0, -0.0, -0.0, -0.0, -0.0, -1.0, 0.374719, 0.0, 1.0, 0.0, 0.0, 0.0, 0.0, 0.0, 1.0],
                [1.0, 0.0, 0.0, 0.0, 0.0, -0.0, -1.0, 0.374719, -0.0, 1.0, 0.0, 0.0, 0.0, 0.0, 0.0, 1.0]
            ]
        },
        {
            "name": "Torso",
            "time": [0.0, 0.0833, 0.15, 0.2, 0.25, 0.3, 0.35, 0.4, 0.45, 0.5, 0.55, 0.6, 0.65, 0.7, 0.75, 0.8, 0.85, 0.9, 0.95, 1.0, 1.0833, 1.1667, 1.2833, 1.45, 1.6333, 1.7667],
            "transform": [
                [1.0, -0.0, 0.0, -0.0, 0.0, 1.0, 0.0, 0.05, -0.0, 0.0, 1.0, -0.0, 0.0, 0.0, 0.0, 1.0],
                [1.0, 0.0, 0.0, -0.0, 0.0, 1.0, 0.0, 0.05, 0.0, -0.0, 1.0, 0.0, 0.0, 0.0, 0.0, 1.0],
                [1.0, -0.0, -0.0, 0.0, 0.0, 1.0, 0.0, 0.05, -0.0, 0.0, 1.0, -0.0, 0.0, 0.0, 0.0, 1.0],
                [1.0, 0.0, -0.0, -0.0, -0.0, 1.0, -0.0, 0.05, 0.0, 0.0, 1.0, -0.0, 0.0, 0.0, 0.0, 1.0],
                [1.0, -0.0, 0.0, -0.0, 0.0, 1.0, -0.0, 0.05, 0.0, 0.0, 1.0, 0.0, 0.0, 0.0, 0.0, 1.0],
                [1.0, 0.0, -0.0, 0.0, -0.0, 1.0, -0.0, 0.05, -0.0, 0.0, 1.0, 0.0, 0.0, 0.0, 0.0, 1.0],
                [1.0, -0.0, 0.0, -0.0, -0.0, 1.0, 0.0, 0.05, 0.0, -0.0, 1.0, -0.0, 0.0, 0.0, 0.0, 1.0],
                [1.0, 0.0, -0.0, 0.0, -0.0, 1.0, -0.0, 0.05, 0.0, 0.0, 1.0, -0.0, 0.0, 0.0, 0.0, 1.0],
                [1.0, -0.0, 0.0, 0.0, 0.0, 1.0, -0.0, 0.05, 0.0, 0.0, 1.0, -0.0, 0.0, 0.0, 0.0, 1.0],
                [1.0, 0.0, -0.0, 0.0, -0.0, 1.0, -0.0, 0.05, -0.0, 0.0, 1.0, 0.0, 0.0, 0.0, 0.0, 1.0],
                [1.0, -0.0, 0.0, -0.0, -0.0, 1.0, 0.0, 0.05, 0.0, -0.0, 1.0, -0.0, 0.0, 0.0, 0.0, 1.0],
                [1.0, 0.0, -0.0, -0.0, -0.0, 1.0, -0.0, 0.05, 0.0, 0.0, 1.0, 0.0, 0.0, 0.0, 0.0, 1.0],
                [1.0, -0.0, 0.0, 0.0, 0.0, 1.0, -0.0, 0.05, 0.0, 0.0, 1.0, -0.0, 0.0, 0.0, 0.0, 1.0],
                [1.0, 0.0, -0.0, 0.0, -0.0, 1.0, -0.0, 0.05, -0.0, 0.0, 1.0, 0.0, 0.0, 0.0, 0.0, 1.0],
                [1.0, -0.0, 0.0, -0.0, -0.0, 1.0, 0.0, 0.05, 0.0, -0.0, 1.0, 0.0, 0.0, 0.0, 0.0, 1.0],
                [1.0, 0.0, -0.0, 0.0, -0.0, 1.0, -0.0, 0.050001, 0.0, 0.0, 1.0, 0.0, 0.0, 0.0, 0.0, 1.0],
                [1.0, -0.0, 0.0, -0.0, 0.0, 1.0, -0.0, 0.05, 0.0, 0.0, 1.0, -0.0, 0.0, 0.0, 0.0, 1.0],
                [1.0, 0.0, -0.0, 0.0, -0.0, 1.0, -0.0, 0.05, -0.0, 0.0, 1.0, 0.0, 0.0, 0.0, 0.0, 1.0],
                [1.0, -0.0, 0.0, 0.0, -0.0, 1.0, 0.0, 0.05, 0.0, -0.0, 1.0, -0.0, 0.0, 0.0, 0.0, 1.0],
                [1.0, 0.0, -0.0, -0.0, -0.0, 1.0, -0.0, 0.050001, 0.0, 0.0, 1.0, 0.0, 0.0, 0.0, 0.0, 1.0],
                [1.0, 0.0, -0.0, 0.0, 0.0, 1.0, -0.0, 0.05, 0.0, 0.0, 1.0, -1e-06, 0.0, 0.0, 0.0, 1.0],
                [1.0, 0.0, -0.0, 0.0, -0.0, 1.0, 0.0, 0.05, -0.0, -0.0, 1.0, 1e-06, 0.0, 0.0, 0.0, 1.0],
                [1.0, 0.0, 0.0, -0.0, -0.0, 1.0, -0.0, 0.05, 0.0, 0.0, 1.0, 1e-06, 0.0, 0.0, 0.0, 1.0],
                [1.0, 0.0, 0.0, -0.0, 0.0, 1.0, -0.0, 0.05, -0.0, 0.0, 1.0, 0.0, 0.0, 0.0, 0.0, 1.0],
                [1.0, -0.0, -0.0, -0.0, 0.0, 1.0, -0.0, 0.05, -0.0, 0.0, 1.0, -0.0, 0.0, 0.0, 0.0, 1.0],
                [1.0, -0.0, 0.0, 0.0, -0.0, 1.0, -0.0, 0.05, 0.0, 0.0, 1.0, -0.0, 0.0, 0.0, 0.0, 1.0]
            ]
        },
        {
            "name": "Chest",
            "time": [0.0, 0.0833, 0.15, 0.2, 0.25, 0.3, 0.35, 0.4, 0.45, 0.5, 0.55, 0.6, 0.65, 0.7, 0.75, 0.8, 0.85, 0.9, 0.95, 1.0, 1.0833, 1.1667, 1.2833, 1.45, 1.6333, 1.7667],
            "transform": [
                [0.864512, -0.216433, 0.453626, 0.0, -0.251108, 0.595834, 0.762841, 0.3, -0.43539, -0.773394, 0.460757, -0.0, 0.0, 0.0, 0.0, 1.0],
                [0.888702, -0.255617, 0.380616, -0.0, -0.310249, 0.275947, 0.909725, 0.3, -0.337571, -0.92656, 0.16593, -0.0, 0.0, 0.0, 0.0, 1.0],
                [0.889658, -0.256495, 0.377781, 0.0, -0.311676, 0.263534, 0.912912, 0.3, -0.333716, -0.929925, 0.154512, -0.0, 0.0, 0.0, 0.0, 1.0],
                [0.858681, -0.200346, 0.47173, 0.0, -0.227837, 0.675256, 0.701512, 0.3, -0.459084, -0.709853, 0.534183, 0.0, 0.0, 0.0, 0.0, 1.0],
                [0.961864, -0.017502, 0.272965, 0.0, -0.15868, 0.77715, 0.608981, 0.3, -0.222794, -0.629072, 0.744736, -0.0, 0.0, 0.0, 0.0, 1.0],
                [0.990897, 0.101342, 0.088612, 0.0, -0.134475, 0.77559, 0.616747, 0.3, -0.006224, -0.623049, 0.782158, 0.0, 0.0, 0.0, 0.0, 1.0],
                [0.961864, -0.017502, 0.272965, -0.0, -0.15868, 0.77715, 0.608981, 0.3, -0.222794, -0.629072, 0.744736, 0.0, 0.0, 0.0, 0.0, 1.0],
                [0.858681, -0.200346, 0.47173, 0.0, -0.227837, 0.675256, 0.701512, 0.3, -0.459084, -0.709853, 0.534183, 0.0, 0.0, 0.0, 0.0, 1.0],
                [0.961864, -0.017502, 0.272965, 0.0, -0.15868, 0.77715, 0.608981, 0.3, -0.222794, -0.629072, 0.744736, 0.0, 0.0, 0.0, 0.0, 1.0],
                [0.990897, 0.101342, 0.088612, 0.0, -0.134475, 0.77559, 0.616747, 0.3, -0.006224, -0.623049, 0.782158, -0.0, 0.0, 0.0, 0.0, 1.0],
                [0.961864, -0.017502, 0.272965, -0.0, -0.15868, 0.77715, 0.608981, 0.3, -0.222794, -0.629072, 0.744736, 0.0, 0.0, 0.0, 0.0, 1.0],
                [0.858681, -0.200346, 0.47173, 0.0, -0.227837, 0.675256, 0.701512, 0.3, -0.459084, -0.709853, 0.534183, 0.0, 0.0, 0.0, 0.0, 1.0],
                [0.961864, -0.017502, 0.272965, -0.0, -0.15868, 0.77715, 0.608981, 0.3, -0.222794, -0.629072, 0.744736, 0.0, 0.0, 0.0, 0.0, 1.0],
                [0.990897, 0.101342, 0.088612, 0.0, -0.134475, 0.77559, 0.616747, 0.3, -0.006224, -0.623049, 0.782158, 0.0, 0.0, 0.0, 0.0, 1.0],
                [0.961864, -0.017502, 0.272965, 0.0, -0.15868, 0.77715, 0.608981, 0.3, -0.222794, -0.629072, 0.744736, 0.0, 0.0, 0.0, 0.0, 1.0],
                [0.858681, -0.200346, 0.47173, 0.0, -0.227837, 0.675256, 0.701512, 0.3, -0.459084, -0.709853, 0.534183, 1e-06, 0.0, 0.0, 0.0, 1.0],
                [0.771699, -0.426026, 0.472209, 0.0, -0.242346, 0.489483, 0.83766, 0.3, -0.588004, -0.76086, 0.274488, 0.0, 0.0, 0.0, 0.0, 1.0],
                [0.727456, -0.600628, 0.331743, -0.0, -0.221279, 0.252294, 0.94201, 0.3, -0.649495, -0.758678, 0.050627, 0.0, 0.0, 0.0, 0.0, 1.0],
                [0.672299, -0.71261, 0.2005, -0.0, -0.193066, 0.092687, 0.976798, 0.3, -0.71466, -0.69541, -0.075267, 0.0, 0.0, 0.0, 0.0, 1.0],
                [0.679418, -0.707919, 0.192981, 0.0, -0.080777, 0.189244, 0.978602, 0.300001, -0.729291, -0.680468, 0.071392, 1e-06, 0.0, 0.0, 0.0, 1.0],
                [0.993155, -0.039002, 0.110101, -0.0, 0.076956, 0.927592, -0.365583, 0.3, -0.08787, 0.371554, 0.924244, -0.0, 0.0, 0.0, 0.0, 1.0],
                [0.999652, -0.026062, 0.004123, 0.0, 0.025209, 0.897179, -0.440948, 0.3, 0.007793, 0.440898, 0.897523, 0.0, 0.0, 0.0, 0.0, 1.0],
                [0.995809, -0.032592, -0.085449, 0.0, -0.000101, 0.933951, -0.357401, 0.3, 0.091454, 0.355912, 0.930034, 2e-06, 0.0, 0.0, 0.0, 1.0],
                [0.961677, 0.024045, -0.273127, 0.0, 0.03854, 0.974403, 0.221482, 0.3, 0.271461, -0.22352, 0.936134, 0.0, 0.0, 0.0, 0.0, 1.0],
                [0.989577, -0.133351, 0.054361, -0.0, 0.043825, 0.63846, 0.768406, 0.3, -0.137175, -0.758015, 0.637649, -0.0, 0.0, 0.0, 0.0, 1.0],
                [0.967895, -0.199203, 0.153286, 0.0, 0.009767, 0.639191, 0.768986, 0.3, -0.251164, -0.742801, 0.620615, 1e-06, 0.0, 0.0, 0.0, 1.0]
            ]
        },
        {
            "name": "Head",
            "time": [0.0, 0.0833, 0.15, 0.2, 0.25, 0.3, 0.35, 0.4, 0.45, 0.5, 0.55, 0.6, 0.65, 0.7, 0.75, 0.8, 0.85, 0.9, 0.95, 1.0, 1.0833, 1.1667, 1.2833, 1.45, 1.6333, 1.7667],
            "transform": [
                [0.95678, -0.106206, -0.270726, 0.0, 0.000765, 0.931843, -0.36286, 0.4, 0.290812, 0.34697, 0.89165, 0.0, 0.0, 0.0, 0.0, 1.0],
                [0.95678, -0.106206, -0.270726, 0.0, 0.000765, 0.931843, -0.36286, 0.4, 0.290812, 0.34697, 0.89165, 0.0, 0.0, 0.0, 0.0, 1.0],
                [0.95678, -0.106206, -0.270726, 0.0, 0.000765, 0.931843, -0.36286, 0.4, 0.290812, 0.34697, 0.89165, 0.0, 0.0, 0.0, 0.0, 1.0],
                [0.95678, -0.106206, -0.270726, 0.0, 0.000765, 0.931843, -0.36286, 0.4, 0.290812, 0.34697, 0.89165, 0.0, 0.0, 0.0, 0.0, 1.0],
                [0.95678, -0.106206, -0.270726, 0.0, 0.000765, 0.931843, -0.36286, 0.4, 0.290812, 0.34697, 0.89165, 0.0, 0.0, 0.0, 0.0, 1.0],
                [0.95678, -0.106206, -0.270726, 0.0, 0.000765, 0.931843, -0.36286, 0.4, 0.290812, 0.34697, 0.89165, 0.0, 0.0, 0.0, 0.0, 1.0],
                [0.95678, -0.106206, -0.270726, -0.0, 0.000765, 0.931843, -0.36286, 0.4, 0.290812, 0.34697, 0.89165, -0.0, 0.0, 0.0, 0.0, 1.0],
                [0.95678, -0.106206, -0.270726, 0.0, 0.000765, 0.931843, -0.36286, 0.4, 0.290812, 0.34697, 0.89165, 0.0, 0.0, 0.0, 0.0, 1.0],
                [0.95678, -0.106206, -0.270726, -0.0, 0.000765, 0.931843, -0.36286, 0.4, 0.290812, 0.34697, 0.89165, -0.0, 0.0, 0.0, 0.0, 1.0],
                [0.95678, -0.106206, -0.270726, 0.0, 0.000765, 0.931843, -0.36286, 0.4, 0.290812, 0.34697, 0.89165, -0.0, 0.0, 0.0, 0.0, 1.0],
                [0.95678, -0.106206, -0.270726, -0.0, 0.000765, 0.931843, -0.36286, 0.4, 0.290812, 0.34697, 0.89165, -0.0, 0.0, 0.0, 0.0, 1.0],
                [0.95678, -0.106206, -0.270726, 0.0, 0.000765, 0.931843, -0.36286, 0.4, 0.290812, 0.34697, 0.89165, 0.0, 0.0, 0.0, 0.0, 1.0],
                [0.95678, -0.106206, -0.270726, -0.0, 0.000765, 0.931843, -0.36286, 0.4, 0.290812, 0.34697, 0.89165, -0.0, 0.0, 0.0, 0.0, 1.0],
                [0.95678, -0.106206, -0.270726, 0.0, 0.000765, 0.931843, -0.36286, 0.4, 0.290812, 0.34697, 0.89165, -0.0, 0.0, 0.0, 0.0, 1.0],
                [0.956604, -0.125514, -0.262974, 0.0, 0.001327, 0.904343, -0.426805, 0.4, 0.291389, 0.407934, 0.865264, -0.0, 0.0, 0.0, 0.0, 1.0],
                [0.95678, -0.106206, -0.270726, 0.0, 0.000765, 0.931843, -0.36286, 0.399999, 0.290812, 0.34697, 0.89165, 0.0, 0.0, 0.0, 0.0, 1.0],
                [0.957936, 0.066765, -0.279105, -0.0, -0.005361, 0.976555, 0.215202, 0.4, 0.28693, -0.204654, 0.935836, -0.0, 0.0, 0.0, 0.0, 1.0],
                [0.95765, 0.179173, -0.225397, -0.0, -0.010231, 0.803484, 0.595238, 0.4, 0.287753, -0.567723, 0.77129, 1e-06, 0.0, 0.0, 0.0, 1.0],
                [0.957436, 0.01839, -0.288058, -1e-06, -0.014181, 0.99976, 0.016692, 0.4, 0.288295, -0.011897, 0.957467, 0.0, 0.0, 0.0, 0.0, 1.0],
                [0.958738, -0.197379, -0.204604, 0.0, -0.017672, 0.676931, -0.735834, 0.4, 0.283741, 0.709088, 0.645512, 0.0, 0.0, 0.0, 0.0, 1.0],
                [0.958763, -0.200357, -0.201569, -0.0, -0.017702, 0.665759, -0.745957, 0.4, 0.283654, 0.718764, 0.634758, -1e-06, 0.0, 0.0, 0.0, 1.0],
                [0.958738, -0.197379, -0.204604, 0.0, -0.017672, 0.676931, -0.735834, 0.4, 0.283741, 0.709088, 0.645512, 0.0, 0.0, 0.0, 0.0, 1.0],
                [0.958693, -0.173465, -0.225426, 0.0, -0.017607, 0.754812, -0.655705, 0.4, 0.283896, 0.632589, 0.720579, -0.0, 0.0, 0.0, 0.0, 1.0],
                [0.958712, -0.027584, -0.283039, 0.0, -0.017596, 0.987624, -0.155853, 0.4, 0.283835, 0.154398, 0.946361, -0.0, 0.0, 0.0, 0.0, 1.0],
                [0.958738, 0.090407, -0.269533, 0.0, -0.017672, 0.965207, 0.260889, 0.400001, 0.283741, -0.245361, 0.926978, 0.0, 0.0, 0.0, 0.0, 1.0],
                [0.958738, 0.090407, -0.269533, 0.0, -0.017672, 0.965207, 0.260889, 0.4, 0.283741, -0.245361, 0.926978, 0.0, 0.0, 0.0, 0.0, 1.0]
            ]
        },
        {
            "name": "Shoulder_R",
            "time": [0.0, 0.0833, 0.15, 0.2, 0.25, 0.3, 0.35, 0.4, 0.45, 0.5, 0.55, 0.6, 0.65, 0.7, 0.75, 0.8, 0.85, 0.9, 0.95, 1.0, 1.0833, 1.1667, 1.2833, 1.45, 1.6333, 1.7667],
            "transform": [
                [-0.344989, 0.908717, 0.234986, 0.0, -0.008263, -0.253287, 0.967356, 0.4, 0.93857, 0.331786, 0.09489, 0.0, 0.0, 0.0, 0.0, 1.0],
                [-0.568893, 0.71663, 0.403489, 0.0, -0.007311, -0.495005, 0.868859, 0.4, 0.822379, 0.491339, 0.286844, 0.0, 0.0, 0.0, 0.0, 1.0],
                [-0.576296, 0.708023, 0.408151, 0.0, -0.006046, -0.503106, 0.864204, 0.4, 0.817219, 0.49557, 0.294218, 0.0, 0.0, 0.0, 0.0, 1.0],
                [-0.276743, 0.944944, 0.174629, 0.0, 0.003655, -0.18069, 0.983533, 0.4, 0.960937, 0.272825, 0.046551, 0.0, 0.0, 0.0, 0.0, 1.0],
                [-0.290339, 0.948519, 0.126556, 0.0, 0.019085, -0.126487, 0.991784, 0.4, 0.956733, 0.290369, 0.018622, 0.0, 0.0, 0.0, 0.0, 1.0],
                [-0.378173, 0.91125, 0.163128, 0.0, 0.013822, -0.170637, 0.985237, 0.4, 0.925632, 0.374845, 0.051934, 0.0, 0.0, 0.0, 0.0, 1.0],
                [-0.290339, 0.948519, 0.126556, -0.0, 0.019085, -0.126487, 0.991785, 0.4, 0.956733, 0.290369, 0.018622, -0.0, 0.0, 0.0, 0.0, 1.0],
                [-0.276743, 0.944944, 0.174629, 0.0, 0.003655, -0.18069, 0.983533, 0.4, 0.960937, 0.272825, 0.046551, 0.0, 0.0, 0.0, 0.0, 1.0],
                [-0.290339, 0.948519, 0.126556, -0.0, 0.019085, -0.126487, 0.991784, 0.4, 0.956733, 0.290369, 0.018622, -0.0, 0.0, 0.0, 0.0, 1.0],
                [-0.378173, 0.91125, 0.163128, 0.0, 0.013822, -0.170637, 0.985237, 0.4, 0.925632, 0.374845, 0.051934, -0.0, 0.0, 0.0, 0.0, 1.0],
