{
    "animation": [
        {
            "name": "Root",
            "time": [0.0, 0.1, 0.15, 0.2, 0.2667, 0.3333, 0.4167, 0.4667, 0.5167, 0.5833, 0.65, 0.75, 0.8, 0.85, 0.9167, 0.9833, 1.0833, 1.1333, 1.1833, 1.25, 1.3167, 1.4167, 1.4667, 1.5167, 1.5833, 1.65, 1.8333],
            "transform": [
                [0.958842, -0.034336, -0.281855, 0.044079, -0.283938, -0.11595, -0.951806, 0.536459, 0.0, 0.992661, -0.120927, 0.696611, 0.0, 0.0, 0.0, 1.0],
                [0.753559, -0.039093, -0.656217, 1.7e-05, -0.240568, 0.912588, -0.33062, 0.563024, 0.611781, 0.407006, 0.678285, 0.487456, 0.0, 0.0, 0.0, 1.0],
                [0.753448, -0.038952, -0.656353, 1.7e-05, -0.240891, 0.912481, -0.330679, 0.65076, 0.611791, 0.407259, 0.678124, 0.425248, 0.0, 0.0, 0.0, 1.0],
                [0.753523, -0.038844, -0.656273, 1.7e-05, -0.241919, 0.911825, -0.331737, 0.490088, 0.611293, 0.408736, 0.677684, 0.36304, 0.0, 0.0, 0.0, 1.0],
                [0.776631, -0.058698, -0.627215, 1.7e-05, -0.251739, 0.883777, -0.394418, 0.532209, 0.57747, 0.464212, 0.671592, 0.374663, 0.0, 0.0, 0.0, 1.0],
                [0.996826, -0.042918, -0.067058, 1.7e-05, -0.061722, 0.115451, -0.991394, 0.432261, 0.050291, 0.992386, 0.112435, 0.582051, 0.0, 0.0, 0.0, 1.0],
                [0.753559, -0.039093, -0.656217, 1.7e-05, -0.240568, 0.912588, -0.33062, 0.563024, 0.611781, 0.407006, 0.678285, 0.487456, 0.0, 0.0, 0.0, 1.0],
                [0.753448, -0.038952, -0.656353, 1.7e-05, -0.240891, 0.912481, -0.330679, 0.65076, 0.611791, 0.407259, 0.678124, 0.425248, 0.0, 0.0, 0.0, 1.0],
                [0.753523, -0.038844, -0.656273, 1.7e-05, -0.241919, 0.911825, -0.331737, 0.490088, 0.611293, 0.408736, 0.677684, 0.36304, 0.0, 0.0, 0.0, 1.0],
                [0.776631, -0.058698, -0.627215, 1.7e-05, -0.251739, 0.883777, -0.394418, 0.532209, 0.57747, 0.464212, 0.671592, 0.374663, 0.0, 0.0, 0.0, 1.0],
                [0.996826, -0.042918, -0.067058, 1.7e-05, -0.061722, 0.115451, -0.991394, 0.432261, 0.050291, 0.992386, 0.112435, 0.582051, 0.0, 0.0, 0.0, 1.0],
                [0.753559, -0.039093, -0.656217, 1.7e-05, -0.240568, 0.912588, -0.33062, 0.563024, 0.611781, 0.407006, 0.678285, 0.487456, 0.0, 0.0, 0.0, 1.0],
                [0.753448, -0.038952, -0.656353, 1.7e-05, -0.240891, 0.912481, -0.330679, 0.65076, 0.611791, 0.407259, 0.678124, 0.425248, 0.0, 0.0, 0.0, 1.0],
                [0.753523, -0.038844, -0.656273, 1.7e-05, -0.241919, 0.911825, -0.331737, 0.490088, 0.611293, 0.408736, 0.677684, 0.36304, 0.0, 0.0, 0.0, 1.0],
                [0.776631, -0.058698, -0.627215, 1.7e-05, -0.251739, 0.883777, -0.394418, 0.532209, 0.57747, 0.464212, 0.671592, 0.374663, 0.0, 0.0, 0.0, 1.0],
                [0.996826, -0.042918, -0.067058, 1.7e-05, -0.061722, 0.115451, -0.991394, 0.432261, 0.050291, 0.992386, 0.112435, 0.582051, 0.0, 0.0, 0.0, 1.0],
                [0.753559, -0.039093, -0.656217, 1.7e-05, -0.240568, 0.912588, -0.33062, 0.563024, 0.611781, 0.407006, 0.678285, 0.487456, 0.0, 0.0, 0.0, 1.0],
                [0.753448, -0.038952, -0.656353, 1.7e-05, -0.240891, 0.912481, -0.330679, 0.65076, 0.611791, 0.407259, 0.678124, 0.425248, 0.0, 0.0, 0.0, 1.0],
                [0.753523, -0.038844, -0.656273, 1.7e-05, -0.241919, 0.911825, -0.331737, 0.490088, 0.611293, 0.408736, 0.677684, 0.36304, 0.0, 0.0, 0.0, 1.0],
                [0.776631, -0.058698, -0.627215, 1.7e-05, -0.251739, 0.883777, -0.394418, 0.532209, 0.57747, 0.464212, 0.671592, 0.374663, 0.0, 0.0, 0.0, 1.0],
                [0.996826, -0.042918, -0.067058, 1.7e-05, -0.061722, 0.115451, -0.991394, 0.432261, 0.050291, 0.992386, 0.112435, 0.582051, 0.0, 0.0, 0.0, 1.0],
                [0.753559, -0.039093, -0.656217, 1.7e-05, -0.240568, 0.912588, -0.33062, 0.563024, 0.611781, 0.407006, 0.678285, 0.487456, 0.0, 0.0, 0.0, 1.0],
                [0.753448, -0.038952, -0.656353, 1.7e-05, -0.240891, 0.912481, -0.330679, 0.65076, 0.611791, 0.407259, 0.678124, 0.425248, 0.0, 0.0, 0.0, 1.0],
                [0.753523, -0.038844, -0.656273, 1.7e-05, -0.241919, 0.911825, -0.331737, 0.490088, 0.611293, 0.408736, 0.677684, 0.36304, 0.0, 0.0, 0.0, 1.0],
                [0.776631, -0.058698, -0.627215, 1.7e-05, -0.251739, 0.883777, -0.394418, 0.532209, 0.57747, 0.464212, 0.671592, 0.374663, 0.0, 0.0, 0.0, 1.0],
                [0.996826, -0.042918, -0.067058, 1.7e-05, -0.061722, 0.115451, -0.991394, 0.432261, 0.050291, 0.992386, 0.112435, 0.582051, 0.0, 0.0, 0.0, 1.0],
                [0.958842, -0.034336, -0.281855, 0.044079, -0.283938, -0.11595, -0.951806, 0.536459, 0.0, 0.992661, -0.120927, 0.696611, 0.0, 0.0, 0.0, 1.0]
            ]
        },
        {
            "name": "Thigh_R",
            "time": [0.0, 0.1, 0.2, 0.2667, 0.3333, 0.4167, 0.5167, 0.5833, 0.65, 0.75, 0.85, 0.9167, 0.9833, 1.0833, 1.1833, 1.25, 1.3167, 1.4167, 1.5167, 1.5833, 1.65, 1.8333],
            "transform": [
                [0.892856, -0.091694, -0.44091, 0.129066, 0.061244, -0.945234, 0.320597, -0.005612, -0.44616, -0.31325, -0.838342, -0.000939, 0.0, 0.0, 0.0, 1.0],
                [0.845137, -0.467851, 0.258571, 0.124994, -0.007279, 0.4736, 0.88071, -0.00283, -0.5345, -0.746202, 0.396852, -1.2e-05, 0.0, 0.0, 0.0, 1.0],
                [0.854224, -0.289681, 0.431727, 0.124994, -0.042271, 0.788946, 0.613006, -0.002831, -0.518186, -0.541894, 0.661691, -1.2e-05, 0.0, 0.0, 0.0, 1.0],
                [0.865773, -0.292978, 0.405712, 0.124994, -0.064897, 0.738138, 0.671521, -0.002831, -0.496213, -0.607714, 0.620046, -1.2e-05, 0.0, 0.0, 0.0, 1.0],
                [0.998075, -0.060315, 0.014459, 0.124994, -0.046191, -0.567247, 0.822251, -0.002831, -0.041392, -0.821337, -0.56894, -1.2e-05, 0.0, 0.0, 0.0, 1.0],
                [0.845137, -0.467851, 0.258571, 0.124994, -0.007279, 0.4736, 0.88071, -0.00283, -0.5345, -0.746202, 0.396852, -1.2e-05, 0.0, 0.0, 0.0, 1.0],
                [0.854224, -0.289681, 0.431727, 0.124994, -0.042271, 0.788946, 0.613006, -0.002831, -0.518186, -0.541894, 0.661691, -1.2e-05, 0.0, 0.0, 0.0, 1.0],
                [0.865773, -0.292978, 0.405712, 0.124994, -0.064897, 0.738138, 0.671521, -0.002831, -0.496213, -0.607714, 0.620046, -1.2e-05, 0.0, 0.0, 0.0, 1.0],
                [0.998075, -0.060315, 0.014459, 0.124994, -0.046191, -0.567247, 0.822251, -0.002831, -0.041392, -0.821337, -0.56894, -1.2e-05, 0.0, 0.0, 0.0, 1.0],
                [0.845137, -0.467851, 0.258571, 0.124994, -0.007279, 0.4736, 0.88071, -0.00283, -0.5345, -0.746202, 0.396852, -1.2e-05, 0.0, 0.0, 0.0, 1.0],
                [0.854224, -0.289681, 0.431727, 0.124994, -0.042271, 0.788946, 0.613006, -0.002831, -0.518186, -0.541894, 0.661691, -1.2e-05, 0.0, 0.0, 0.0, 1.0],
                [0.865773, -0.292978, 0.405712, 0.124994, -0.064897, 0.738138, 0.671521, -0.002831, -0.496213, -0.607714, 0.620046, -1.2e-05, 0.0, 0.0, 0.0, 1.0],
                [0.998075, -0.060315, 0.014459, 0.124994, -0.046191, -0.567247, 0.822251, -0.002831, -0.041392, -0.821337, -0.56894, -1.2e-05, 0.0, 0.0, 0.0, 1.0],
                [0.845137, -0.467851, 0.258571, 0.124994, -0.007279, 0.4736, 0.88071, -0.00283, -0.5345, -0.746202, 0.396852, -1.2e-05, 0.0, 0.0, 0.0, 1.0],
                [0.854224, -0.289681, 0.431727, 0.124994, -0.042271, 0.788946, 0.613006, -0.002831, -0.518186, -0.541894, 0.661691, -1.2e-05, 0.0, 0.0, 0.0, 1.0],
                [0.865773, -0.292978, 0.405712, 0.124994, -0.064897, 0.738138, 0.671521, -0.002831, -0.496213, -0.607714, 0.620046, -1.2e-05, 0.0, 0.0, 0.0, 1.0],
                [0.998075, -0.060315, 0.014459, 0.124994, -0.046191, -0.567247, 0.822251, -0.002831, -0.041392, -0.821337, -0.56894, -1.2e-05, 0.0, 0.0, 0.0, 1.0],
                [0.845137, -0.467851, 0.258571, 0.124994, -0.007279, 0.4736, 0.88071, -0.00283, -0.5345, -0.746202, 0.396852, -1.2e-05, 0.0, 0.0, 0.0, 1.0],
                [0.854224, -0.289681, 0.431727, 0.124994, -0.042271, 0.788946, 0.613006, -0.002831, -0.518186, -0.541894, 0.661691, -1.2e-05, 0.0, 0.0, 0.0, 1.0],
                [0.865773, -0.292978, 0.405712, 0.124994, -0.064897, 0.738138, 0.671521, -0.002831, -0.496213, -0.607714, 0.620046, -1.2e-05, 0.0, 0.0, 0.0, 1.0],
                [0.998075, -0.060315, 0.014459, 0.124994, -0.046191, -0.567247, 0.822251, -0.002831, -0.041392, -0.821337, -0.56894, -1.2e-05, 0.0, 0.0, 0.0, 1.0],
                [0.892856, -0.091694, -0.44091, 0.129066, 0.061244, -0.945234, 0.320597, -0.005612, -0.44616, -0.31325, -0.838342, -0.000939, 0.0, 0.0, 0.0, 1.0]
            ]
        },
        {
            "name": "Leg_R",
            "time": [0.0, 0.1, 0.2, 0.2667, 0.3333, 0.4167, 0.5167, 0.5833, 0.65, 0.75, 0.85, 0.9167, 0.9833, 1.0833, 1.1833, 1.25, 1.3167, 1.4167, 1.5167, 1.5833, 1.65, 1.8333],
            "transform": [
                [0.999688, 0.024752, -0.00329, -0.0, -0.020439, 0.88686, 0.461591, 0.374726, 0.014343, -0.461381, 0.887087, -0.0, 0.0, 0.0, 0.0, 1.0],
                [0.979319, -0.200813, -0.024619, -0.0, 0.122589, 0.492182, 0.861818, 0.374726, -0.160947, -0.847013, 0.506622, 0.0, 0.0, 0.0, 0.0, 1.0],
                [0.999999, -5.6e-05, -1.4e-05, -0.0, 2.8e-05, 0.249871, 0.96828, 0.374726, -5.1e-05, -0.96828, 0.249871, 0.0, 0.0, 0.0, 0.0, 1.0],
                [0.999988, -0.003907, 0.002775, 0.0, -0.001573, 0.279275, 0.960211, 0.374726, -0.004526, -0.960204, 0.279266, 0.0, 0.0, 0.0, 0.0, 1.0],
                [0.997411, -0.048314, 0.053248, -0.0, -0.008469, 0.656486, 0.754291, 0.374726, -0.071399, -0.752789, 0.654379, -0.0, 0.0, 0.0, 0.0, 1.0],
                [0.979319, -0.200813, -0.024619, -0.0, 0.122589, 0.492182, 0.861818, 0.374726, -0.160947, -0.847013, 0.506622, 0.0, 0.0, 0.0, 0.0, 1.0],
                [0.999999, -5.6e-05, -1.4e-05, -0.0, 2.8e-05, 0.249871, 0.96828, 0.374726, -5.1e-05, -0.96828, 0.249871, 0.0, 0.0, 0.0, 0.0, 1.0],
                [0.999988, -0.003907, 0.002775, 0.0, -0.001573, 0.279275, 0.960211, 0.374726, -0.004526, -0.960204, 0.279266, 0.0, 0.0, 0.0, 0.0, 1.0],
                [0.997411, -0.048314, 0.053248, -0.0, -0.008469, 0.656486, 0.754291, 0.374726, -0.071399, -0.752789, 0.654379, -0.0, 0.0, 0.0, 0.0, 1.0],
                [0.979319, -0.200813, -0.024619, -0.0, 0.122589, 0.492182, 0.861818, 0.374726, -0.160947, -0.847013, 0.506622, 0.0, 0.0, 0.0, 0.0, 1.0],
                [0.999999, -5.6e-05, -1.4e-05, -0.0, 2.8e-05, 0.249871, 0.96828, 0.374726, -5.1e-05, -0.96828, 0.249871, 0.0, 0.0, 0.0, 0.0, 1.0],
                [0.999988, -0.003907, 0.002775, 0.0, -0.001573, 0.279275, 0.960211, 0.374726, -0.004526, -0.960204, 0.279266, 0.0, 0.0, 0.0, 0.0, 1.0],
                [0.997411, -0.048314, 0.053248, -0.0, -0.008469, 0.656486, 0.754291, 0.374726, -0.071399, -0.752789, 0.654379, -0.0, 0.0, 0.0, 0.0, 1.0],
                [0.979319, -0.200813, -0.024619, -0.0, 0.122589, 0.492182, 0.861818, 0.374726, -0.160947, -0.847013, 0.506622, 0.0, 0.0, 0.0, 0.0, 1.0],
                [0.999999, -5.6e-05, -1.4e-05, -0.0, 2.8e-05, 0.249871, 0.96828, 0.374726, -5.1e-05, -0.96828, 0.249871, 0.0, 0.0, 0.0, 0.0, 1.0],
                [0.999988, -0.003907, 0.002775, 0.0, -0.001573, 0.279275, 0.960211, 0.374726, -0.004526, -0.960204, 0.279266, 0.0, 0.0, 0.0, 0.0, 1.0],
                [0.997411, -0.048314, 0.053248, -0.0, -0.008469, 0.656486, 0.754291, 0.374726, -0.071399, -0.752789, 0.654379, -0.0, 0.0, 0.0, 0.0, 1.0],
                [0.979319, -0.200813, -0.024619, -0.0, 0.122589, 0.492182, 0.861818, 0.374726, -0.160947, -0.847013, 0.506622, 0.0, 0.0, 0.0, 0.0, 1.0],
                [0.999999, -5.6e-05, -1.4e-05, -0.0, 2.8e-05, 0.249871, 0.96828, 0.374726, -5.1e-05, -0.96828, 0.249871, 0.0, 0.0, 0.0, 0.0, 1.0],
                [0.999988, -0.003907, 0.002775, 0.0, -0.001573, 0.279275, 0.960211, 0.374726, -0.004526, -0.960204, 0.279266, 0.0, 0.0, 0.0, 0.0, 1.0],
                [0.997411, -0.048314, 0.053248, -0.0, -0.008469, 0.656486, 0.754291, 0.374726, -0.071399, -0.752789, 0.654379, -0.0, 0.0, 0.0, 0.0, 1.0],
                [0.999688, 0.024752, -0.00329, -0.0, -0.020439, 0.88686, 0.461591, 0.374726, 0.014343, -0.461381, 0.887087, -0.0, 0.0, 0.0, 0.0, 1.0]
            ]
        },
        {
            "name": "Knee_R",
            "time": [0.0, 0.1, 0.2, 0.2667, 1.65, 1.8333],
            "transform": [
                [1.0, 0.0, -1e-06, 0.0, -1e-06, -0.0, -1.0, 0.37472, -0.0, 1.0, 0.0, -0.0, 0.0, 0.0, 0.0, 1.0],
                [1.0, 0.0, -0.0, 0.0, 0.0, 0.0, -1.0, 0.37472, -0.0, 1.0, 0.0, 0.0, 0.0, 0.0, 0.0, 1.0],
                [1.0, 0.0, -0.0, 0.0, -0.0, -0.0, -1.0, 0.374719, -0.0, 1.0, 0.0, -0.0, 0.0, 0.0, 0.0, 1.0],
                [1.0, 0.0, -0.0, 0.0, -0.0, -0.0, -1.0, 0.37472, -0.0, 1.0, 0.0, -0.0, 0.0, 0.0, 0.0, 1.0],
                [1.0, -0.0, -0.0, 0.0, -0.0, -0.0, -1.0, 0.374719, -0.0, 1.0, -0.0, -0.0, 0.0, 0.0, 0.0, 1.0],
                [1.0, 0.0, -1e-06, 0.0, -1e-06, -0.0, -1.0, 0.37472, -0.0, 1.0, 0.0, -0.0, 0.0, 0.0, 0.0, 1.0]
            ]
        },
        {
            "name": "Thigh_L",
            "time": [0.0, 0.1, 0.2, 0.2667, 1.65, 1.8333],
            "transform": [
                [0.925661, -0.215788, -0.310785, -0.12936, -0.238073, -0.970611, -0.035164, 0.001259, -0.294064, 0.10654, -0.949829, -0.00355, 0.0, 0.0, 0.0, 1.0],
                [0.762988, -0.197353, -0.615549, -0.125006, 0.011721, -0.947873, 0.31843, -0.00283, -0.646306, -0.250173, -0.720903, -1.2e-05, 0.0, 0.0, 0.0, 1.0],
                [0.771498, -0.26149, -0.580011, -0.125006, 0.058494, -0.878622, 0.473921, -0.002831, -0.633537, -0.399557, -0.66256, -1.2e-05, 0.0, 0.0, 0.0, 1.0],
                [0.752178, -0.264637, -0.603486, -0.125006, 0.036488, -0.897684, 0.439125, -0.00283, -0.657949, -0.35232, -0.665563, -1.2e-05, 0.0, 0.0, 0.0, 1.0],
                [0.752178, -0.264637, -0.603486, -0.125006, 0.036488, -0.897684, 0.439125, -0.00283, -0.657949, -0.35232, -0.665563, -1.2e-05, 0.0, 0.0, 0.0, 1.0],
                [0.925661, -0.215788, -0.310785, -0.12936, -0.238073, -0.970611, -0.035164, 0.001259, -0.294064, 0.10654, -0.949829, -0.00355, 0.0, 0.0, 0.0, 1.0]
            ]
        },
        {
            "name": "Leg_L",
            "time": [0.0, 0.1, 0.2, 0.2667, 1.65, 1.8333],
            "transform": [
                [0.998122, -0.057396, 0.021408, 0.0, 0.053051, 0.984633, 0.166384, 0.374726, -0.030629, -0.164936, 0.985828, -0.0, 0.0, 0.0, 0.0, 1.0],
                [0.991952, -0.03909, 0.120437, -0.0, 0.013326, 0.9781, 0.207703, 0.374726, -0.125919, -0.204426, 0.97075, 0.0, 0.0, 0.0, 0.0, 1.0],
                [0.990059, -0.124117, 0.066173, -0.0, 0.036898, 0.683164, 0.729332, 0.374726, -0.135729, -0.719639, 0.680954, -0.0, 0.0, 0.0, 0.0, 1.0],
                [0.990231, -0.120202, 0.070673, 0.0, 0.035727, 0.708634, 0.704671, 0.374726, -0.134784, -0.695261, 0.706007, -0.0, 0.0, 0.0, 0.0, 1.0],
                [0.990231, -0.120202, 0.070673, 0.0, 0.035727, 0.708634, 0.704671, 0.374726, -0.134784, -0.695261, 0.706007, 0.0, 0.0, 0.0, 0.0, 1.0],
                [0.998122, -0.057396, 0.021408, 0.0, 0.053051, 0.984633, 0.166384, 0.374726, -0.030629, -0.164936, 0.985828, -0.0, 0.0, 0.0, 0.0, 1.0]
            ]
        },
        {
            "name": "Knee_L",
            "time": [0.0, 0.1, 0.2, 0.2667, 0.3333, 0.4167, 0.5167, 0.5833, 0.65, 0.75, 0.85, 0.9167, 0.9833, 1.0833, 1.1833, 1.25, 1.3167, 1.4167, 1.5167, 1.5833, 1.65, 1.8333],
            "transform": [
                [1.0, 1e-06, -1e-06, 0.0, -1e-06, -0.0, -1.0, 0.374719, -1e-06, 1.0, 0.0, 0.0, 0.0, 0.0, 0.0, 1.0],
                [1.0, 0.0, -0.0, -0.0, 0.0, -0.0, -1.0, 0.37472, 0.0, 1.0, 0.0, 1e-06, 0.0, 0.0, 0.0, 1.0],
                [1.0, 0.0, 0.0, 0.0, 0.0, 0.0, -1.0, 0.374721, 0.0, 1.0, 0.0, 0.0, 0.0, 0.0, 0.0, 1.0],
                [1.0, 0.0, 0.0, 0.0, 0.0, -0.0, -1.0, 0.374721, -0.0, 1.0, 0.0, 0.0, 0.0, 0.0, 0.0, 1.0],
                [1.0, 0.0, -0.0, -0.0, -0.0, 0.0, -1.0, 0.37472, -0.0, 1.0, -0.0, -0.0, 0.0, 0.0, 0.0, 1.0],
                [1.0, -0.0, -0.0, -0.0, -0.0, 0.0, -1.0, 0.37472, -0.0, 1.0, 0.0, 1e-06, 0.0, 0.0, 0.0, 1.0],
                [1.0, 0.0, -0.0, 0.0, -0.0, 0.0, -1.0, 0.374721, -0.0, 1.0, -0.0, 0.0, 0.0, 0.0, 0.0, 1.0],
                [1.0, 0.0, 0.0, 0.0, 0.0, -0.0, -1.0, 0.374721, -0.0, 1.0, 0.0, 0.0, 0.0, 0.0, 0.0, 1.0],
                [1.0, 0.0, -0.0, -0.0, -0.0, 0.0, -1.0, 0.37472, -0.0, 1.0, -0.0, -0.0, 0.0, 0.0, 0.0, 1.0],
                [1.0, -0.0, -0.0, -0.0, -0.0, 0.0, -1.0, 0.37472, -0.0, 1.0, 0.0, 1e-06, 0.0, 0.0, 0.0, 1.0],
                [1.0, 0.0, -0.0, 0.0, -0.0, 0.0, -1.0, 0.374721, -0.0, 1.0, -0.0, 0.0, 0.0, 0.0, 0.0, 1.0],
                [1.0, 0.0, 0.0, 0.0, 0.0, -0.0, -1.0, 0.374721, -0.0, 1.0, 0.0, 0.0, 0.0, 0.0, 0.0, 1.0],
                [1.0, 0.0, -0.0, -0.0, -0.0, 0.0, -1.0, 0.37472, -0.0, 1.0, -0.0, -0.0, 0.0, 0.0, 0.0, 1.0],
                [1.0, -0.0, -0.0, -0.0, -0.0, 0.0, -1.0, 0.37472, -0.0, 1.0, 0.0, 1e-06, 0.0, 0.0, 0.0, 1.0],
                [1.0, 0.0, -0.0, 0.0, -0.0, 0.0, -1.0, 0.374721, -0.0, 1.0, -0.0, 0.0, 0.0, 0.0, 0.0, 1.0],
                [1.0, 0.0, 0.0, 0.0, 0.0, -0.0, -1.0, 0.374721, -0.0, 1.0, 0.0, 0.0, 0.0, 0.0, 0.0, 1.0],
                [1.0, 0.0, -0.0, -0.0, -0.0, 0.0, -1.0, 0.37472, -0.0, 1.0, -0.0, -0.0, 0.0, 0.0, 0.0, 1.0],
                [1.0, -0.0, -0.0, -0.0, -0.0, 0.0, -1.0, 0.37472, -0.0, 1.0, 0.0, 1e-06, 0.0, 0.0, 0.0, 1.0],
                [1.0, 0.0, -0.0, 0.0, -0.0, 0.0, -1.0, 0.374721, -0.0, 1.0, -0.0, 0.0, 0.0, 0.0, 0.0, 1.0],
                [1.0, 0.0, 0.0, 0.0, 0.0, -0.0, -1.0, 0.374721, -0.0, 1.0, 0.0, 0.0, 0.0, 0.0, 0.0, 1.0],
                [1.0, 0.0, -0.0, -0.0, -0.0, 0.0, -1.0, 0.37472, -0.0, 1.0, -0.0, -0.0, 0.0, 0.0, 0.0, 1.0],
                [1.0, 1e-06, -1e-06, 0.0, -1e-06, -0.0, -1.0, 0.374719, -1e-06, 1.0, 0.0, 0.0, 0.0, 0.0, 0.0, 1.0]
            ]
        },
        {
            "name": "Torso",
            "time": [0.0, 0.1, 0.2, 0.2667, 0.3333, 0.4167, 0.5167, 0.5833, 0.65, 0.75, 0.85, 0.9167, 0.9833, 1.0833, 1.1833, 1.25, 1.3167, 1.4167, 1.5167, 1.5833, 1.65, 1.8333],
            "transform": [
                [0.955984, 0.040823, 0.290566, -0.0, -0.066182, 0.994756, 0.077984, 0.05, -0.285859, -0.093782, 0.953671, -0.0, 0.0, 0.0, 0.0, 1.0],
                [0.723143, 0.596614, -0.348016, 0.0, -0.62821, 0.358703, -0.690423, 0.05, -0.287082, 0.717902, 0.634193, 0.0, 0.0, 0.0, 0.0, 1.0],
                [0.821307, 0.522302, -0.229469, 0.0, -0.541429, 0.586902, -0.601997, 0.05, -0.179749, 0.618666, 0.764816, -0.0, 0.0, 0.0, 0.0, 1.0],
                [0.921131, 0.371147, -0.117337, 0.0, -0.382497, 0.807118, -0.44973, 0.05, -0.072211, 0.459141, 0.885423, -0.0, 0.0, 0.0, 0.0, 1.0],
                [0.999993, 0.003833, -4.7e-05, 0.0, -0.003833, 0.999984, -0.004282, 0.05, 3.1e-05, 0.004282, 0.999991, 0.0, 0.0, 0.0, 0.0, 1.0],
                [0.723143, 0.596614, -0.348016, 0.0, -0.62821, 0.358703, -0.690423, 0.05, -0.287082, 0.717902, 0.634193, 0.0, 0.0, 0.0, 0.0, 1.0],
                [0.821307, 0.522302, -0.229469, 0.0, -0.541429, 0.586902, -0.601997, 0.05, -0.179749, 0.618666, 0.764816, -0.0, 0.0, 0.0, 0.0, 1.0],
                [0.921131, 0.371147, -0.117337, 0.0, -0.382497, 0.807118, -0.44973, 0.05, -0.072211, 0.459141, 0.885423, -0.0, 0.0, 0.0, 0.0, 1.0],
                [0.999993, 0.003833, -4.7e-05, 0.0, -0.003833, 0.999984, -0.004282, 0.05, 3.1e-05, 0.004282, 0.999991, 0.0, 0.0, 0.0, 0.0, 1.0],
                [0.723143, 0.596614, -0.348016, 0.0, -0.62821, 0.358703, -0.690423, 0.05, -0.287082, 0.717902, 0.634193, 0.0, 0.0, 0.0, 0.0, 1.0],
                [0.821307, 0.522302, -0.229469, 0.0, -0.541429, 0.586902, -0.601997, 0.05, -0.179749, 0.618666, 0.764816, -0.0, 0.0, 0.0, 0.0, 1.0],
                [0.921131, 0.371147, -0.117337, 0.0, -0.382497, 0.807118, -0.44973, 0.05, -0.072211, 0.459141, 0.885423, -0.0, 0.0, 0.0, 0.0, 1.0],
                [0.999993, 0.003833, -4.7e-05, 0.0, -0.003833, 0.999984, -0.004282, 0.05, 3.1e-05, 0.004282, 0.999991, 0.0, 0.0, 0.0, 0.0, 1.0],
                [0.723143, 0.596614, -0.348016, 0.0, -0.62821, 0.358703, -0.690423, 0.05, -0.287082, 0.717902, 0.634193, 0.0, 0.0, 0.0, 0.0, 1.0],
                [0.821307, 0.522302, -0.229469, 0.0, -0.541429, 0.586902, -0.601997, 0.05, -0.179749, 0.618666, 0.764816, -0.0, 0.0, 0.0, 0.0, 1.0],
                [0.921131, 0.371147, -0.117337, 0.0, -0.382497, 0.807118, -0.44973, 0.05, -0.072211, 0.459141, 0.885423, -0.0, 0.0, 0.0, 0.0, 1.0],
                [0.999993, 0.003833, -4.7e-05, 0.0, -0.003833, 0.999984, -0.004282, 0.05, 3.1e-05, 0.004282, 0.999991, 0.0, 0.0, 0.0, 0.0, 1.0],
                [0.723143, 0.596614, -0.348016, 0.0, -0.62821, 0.358703, -0.690423, 0.05, -0.287082, 0.717902, 0.634193, 0.0, 0.0, 0.0, 0.0, 1.0],
                [0.821307, 0.522302, -0.229469, 0.0, -0.541429, 0.586902, -0.601997, 0.05, -0.179749, 0.618666, 0.764816, -0.0, 0.0, 0.0, 0.0, 1.0],
                [0.921131, 0.371147, -0.117337, 0.0, -0.382497, 0.807118, -0.44973, 0.05, -0.072211, 0.459141, 0.885423, -0.0, 0.0, 0.0, 0.0, 1.0],
                [0.999993, 0.003833, -4.7e-05, 0.0, -0.003833, 0.999984, -0.004282, 0.05, 3.1e-05, 0.004282, 0.999991, 0.0, 0.0, 0.0, 0.0, 1.0],
                [0.955984, 0.040823, 0.290566, -0.0, -0.066182, 0.994756, 0.077984, 0.05, -0.285859, -0.093782, 0.953671, -0.0, 0.0, 0.0, 0.0, 1.0]
            ]
        },
        {
            "name": "Chest",
            "time": [0.0, 0.1, 0.2, 0.2667, 0.3333, 0.4167, 0.5167, 0.5833, 0.65, 0.75, 0.85, 0.9167, 0.9833, 1.0833, 1.1833, 1.25, 1.3167, 1.4167, 1.5167, 1.5833, 1.65, 1.8333],
            "transform": [
                [0.987199, -0.016421, -0.158646, -0.0, 0.028319, 0.996927, 0.07303, 0.3, 0.15696, -0.076588, 0.984631, -0.0, 0.0, 0.0, 0.0, 1.0],
                [0.277289, 0.360431, -0.890618, -0.0, -0.647664, 0.754819, 0.103827, 0.3, 0.709678, 0.548031, 0.442741, 0.0, 0.0, 0.0, 0.0, 1.0],
                [0.447775, -0.535904, 0.715755, 0.0, 0.384461, 0.838109, 0.386994, 0.3, -0.807271, 0.101893, 0.581318, 0.0, 0.0, 0.0, 0.0, 1.0],
                [0.679003, -0.532725, 0.505133, -0.0, 0.483768, 0.842228, 0.23795, 0.3, -0.552199, 0.082798, 0.829591, -0.0, 0.0, 0.0, 0.0, 1.0],
                [0.901879, -0.394979, -0.174942, 0.0, 0.418159, 0.696572, 0.583035, 0.3, -0.108427, -0.598981, 0.793388, 0.0, 0.0, 0.0, 0.0, 1.0],
                [0.277289, 0.360431, -0.890618, -0.0, -0.647664, 0.754819, 0.103827, 0.3, 0.709678, 0.548031, 0.442741, 0.0, 0.0, 0.0, 0.0, 1.0],
                [0.447775, -0.535904, 0.715755, 0.0, 0.384461, 0.838109, 0.386994, 0.3, -0.807271, 0.101893, 0.581318, 0.0, 0.0, 0.0, 0.0, 1.0],
                [0.679003, -0.532725, 0.505133, -0.0, 0.483768, 0.842228, 0.23795, 0.3, -0.552199, 0.082798, 0.829591, -0.0, 0.0, 0.0, 0.0, 1.0],
                [0.901879, -0.394979, -0.174942, 0.0, 0.418159, 0.696572, 0.583035, 0.3, -0.108427, -0.598981, 0.793388, 0.0, 0.0, 0.0, 0.0, 1.0],
                [0.277289, 0.360431, -0.890618, -0.0, -0.647664, 0.754819, 0.103827, 0.3, 0.709678, 0.548031, 0.442741, 0.0, 0.0, 0.0, 0.0, 1.0],
                [0.447775, -0.535904, 0.715755, 0.0, 0.384461, 0.838109, 0.386994, 0.3, -0.807271, 0.101893, 0.581318, 0.0, 0.0, 0.0, 0.0, 1.0],
                [0.679003, -0.532725, 0.505133, -0.0, 0.483768, 0.842228, 0.23795, 0.3, -0.552199, 0.082798, 0.829591, -0.0, 0.0, 0.0, 0.0, 1.0],
                [0.901879, -0.394979, -0.174942, 0.0, 0.418159, 0.696572, 0.583035, 0.3, -0.108427, -0.598981, 0.793388, 0.0, 0.0, 0.0, 0.0, 1.0],
                [0.277289, 0.360431, -0.890618, -0.0, -0.647664, 0.754819, 0.103827, 0.3, 0.709678, 0.548031, 0.442741, 0.0, 0.0, 0.0, 0.0, 1.0],
                [0.447775, -0.535904, 0.715755, 0.0, 0.384461, 0.838109, 0.386994, 0.3, -0.807271, 0.101893, 0.581318, 0.0, 0.0, 0.0, 0.0, 1.0],
                [0.679003, -0.532725, 0.505133, -0.0, 0.483768, 0.842228, 0.23795, 0.3, -0.552199, 0.082798, 0.829591, -0.0, 0.0, 0.0, 0.0, 1.0],
                [0.901879, -0.394979, -0.174942, 0.0, 0.418159, 0.696572, 0.583035, 0.3, -0.108427, -0.598981, 0.793388, 0.0, 0.0, 0.0, 0.0, 1.0],
                [0.277289, 0.360431, -0.890618, -0.0, -0.647664, 0.754819, 0.103827, 0.3, 0.709678, 0.548031, 0.442741, 0.0, 0.0, 0.0, 0.0, 1.0],
                [0.447775, -0.535904, 0.715755, 0.0, 0.384461, 0.838109, 0.386994, 0.3, -0.807271, 0.101893, 0.581318, 0.0, 0.0, 0.0, 0.0, 1.0],
                [0.679003, -0.532725, 0.505133, -0.0, 0.483768, 0.842228, 0.23795, 0.3, -0.552199, 0.082798, 0.829591, -0.0, 0.0, 0.0, 0.0, 1.0],
                [0.901879, -0.394979, -0.174942, 0.0, 0.418159, 0.696572, 0.583035, 0.3, -0.108427, -0.598981, 0.793388, 0.0, 0.0, 0.0, 0.0, 1.0],
                [0.987199, -0.016421, -0.158646, -0.0, 0.028319, 0.996927, 0.07303, 0.3, 0.15696, -0.076588, 0.984631, -0.0, 0.0, 0.0, 0.0, 1.0]
            ]
        },
        {
            "name": "Head",
            "time": [0.0, 0.1, 0.2, 0.2667, 0.3333, 0.4167, 0.5167, 0.5833, 0.65, 0.75, 0.85, 0.9167, 0.9833, 1.0833, 1.1833, 1.25, 1.3167, 1.4167, 1.5167, 1.5833, 1.65, 1.8333],
            "transform": [
                [0.975405, -0.100517, 0.196172, -0.0, 0.026223, 0.936568, 0.349503, 0.4, -0.218859, -0.335763, 0.916169, -0.0, 0.0, 0.0, 0.0, 1.0],
                [0.278083, -0.399547, 0.873517, 0.0, 0.22634, 0.911035, 0.344653, 0.4, -0.93351, 0.10187, 0.343777, -0.0, 0.0, 0.0, 0.0, 1.0],
                [0.887738, 0.167772, 0.428688, -0.0, -0.143831, 0.98569, -0.087912, 0.4, -0.437303, 0.016384, 0.899165, 0.0, 0.0, 0.0, 0.0, 1.0],
                [0.907165, 0.172781, 0.383665, 0.0, -0.137409, 0.983461, -0.117995, 0.4, -0.397707, 0.054322, 0.915903, -0.0, 0.0, 0.0, 0.0, 1.0],
                [0.999952, 0.008611, 0.004636, -0.0, -0.005079, 0.862363, -0.506265, 0.4, -0.008357, 0.506217, 0.862366, 0.0, 0.0, 0.0, 0.0, 1.0],
                [0.278083, -0.399547, 0.873517, 0.0, 0.22634, 0.911035, 0.344653, 0.4, -0.93351, 0.10187, 0.343777, -0.0, 0.0, 0.0, 0.0, 1.0],
                [0.887738, 0.167772, 0.428688, -0.0, -0.143831, 0.98569, -0.087912, 0.4, -0.437303, 0.016384, 0.899165, 0.0, 0.0, 0.0, 0.0, 1.0],
                [0.907165, 0.172781, 0.383665, 0.0, -0.137409, 0.983461, -0.117995, 0.4, -0.397707, 0.054322, 0.915903, -0.0, 0.0, 0.0, 0.0, 1.0],
                [0.999952, 0.008611, 0.004636, -0.0, -0.005079, 0.862363, -0.506265, 0.4, -0.008357, 0.506217, 0.862366, 0.0, 0.0, 0.0, 0.0, 1.0],
                [0.278083, -0.399547, 0.873517, 0.0, 0.22634, 0.911035, 0.344653, 0.4, -0.93351, 0.10187, 0.343777, -0.0, 0.0, 0.0, 0.0, 1.0],
                [0.887738, 0.167772, 0.428688, -0.0, -0.143831, 0.98569, -0.087912, 0.4, -0.437303, 0.016384, 0.899165, 0.0, 0.0, 0.0, 0.0, 1.0],
                [0.907165, 0.172781, 0.383665, 0.0, -0.137409, 0.983461, -0.117995, 0.4, -0.397707, 0.054322, 0.915903, -0.0, 0.0, 0.0, 0.0, 1.0],
                [0.999952, 0.008611, 0.004636, -0.0, -0.005079, 0.862363, -0.506265, 0.4, -0.008357, 0.506217, 0.862366, 0.0, 0.0, 0.0, 0.0, 1.0],
                [0.278083, -0.399547, 0.873517, 0.0, 0.22634, 0.911035, 0.344653, 0.4, -0.93351, 0.10187, 0.343777, -0.0, 0.0, 0.0, 0.0, 1.0],
                [0.887738, 0.167772, 0.428688, -0.0, -0.143831, 0.98569, -0.087912, 0.4, -0.437303, 0.016384, 0.899165, 0.0, 0.0, 0.0, 0.0, 1.0],
                [0.907165, 0.172781, 0.383665, 0.0, -0.137409, 0.983461, -0.117995, 0.4, -0.397707, 0.054322, 0.915903, -0.0, 0.0, 0.0, 0.0, 1.0],
                [0.999952, 0.008611, 0.004636, -0.0, -0.005079, 0.862363, -0.506265, 0.4, -0.008357, 0.506217, 0.862366, 0.0, 0.0, 0.0, 0.0, 1.0],
                [0.278083, -0.399547, 0.873517, 0.0, 0.22634, 0.911035, 0.344653, 0.4, -0.93351, 0.10187, 0.343777, -0.0, 0.0, 0.0, 0.0, 1.0],
                [0.887738, 0.167772, 0.428688, -0.0, -0.143831, 0.98569, -0.087912, 0.4, -0.437303, 0.016384, 0.899165, 0.0, 0.0, 0.0, 0.0, 1.0],
                [0.907165, 0.172781, 0.383665, 0.0, -0.137409, 0.983461, -0.117995, 0.4, -0.397707, 0.054322, 0.915903, -0.0, 0.0, 0.0, 0.0, 1.0],
                [0.999952, 0.008611, 0.004636, -0.0, -0.005079, 0.862363, -0.506265, 0.4, -0.008357, 0.506217, 0.862366, 0.0, 0.0, 0.0, 0.0, 1.0],
                [0.975405, -0.100517, 0.196172, -0.0, 0.026223, 0.936568, 0.349503, 0.4, -0.218859, -0.335763, 0.916169, -0.0, 0.0, 0.0, 0.0, 1.0]
            ]
        },
        {
            "name": "Shoulder_R",
            "time": [0.0, 0.1, 0.15, 0.2, 0.2667, 0.3333, 0.4167, 0.4667, 0.5167, 0.5833, 0.65, 0.75, 0.8, 0.85, 0.9167, 0.9833, 1.0833, 1.1333, 1.1833, 1.25, 1.3167, 1.4167, 1.4667, 1.5167, 1.5833, 1.65, 1.8333],
            "transform": [
                [0.06825, 0.809206, 0.583552, -0.0, -0.032992, -0.582769, 0.811968, 0.4, 0.997123, -0.07467, -0.013077, -0.0, 0.0, 0.0, 0.0, 1.0],
                [-0.021575, 0.873381, 0.486559, 0.0, 0.282007, -0.461594, 0.841072, 0.4, 0.95917, 0.15536, -0.236341, -0.0, 0.0, 0.0, 0.0, 1.0],
                [0.519196, 0.818836, 0.244836, -0.0, 0.00946, -0.291962, 0.956383, 0.4, 0.854603, -0.494234, -0.159331, -0.0, 0.0, 0.0, 0.0, 1.0],
                [0.318398, 0.821463, -0.473099, -0.0, 0.737702, 0.09871, 0.667871, 0.4, 0.59533, -0.561655, -0.574565, 0.0, 0.0, 0.0, 0.0, 1.0],
                [0.424154, 0.852654, 0.305081, 0.0, 0.144191, -0.396177, 0.906781, 0.4, 0.894037, -0.340625, -0.290985, -0.0, 0.0, 0.0, 0.0, 1.0],
                [0.166841, 0.661501, -0.73115, -0.0, 0.960514, 0.058413, 0.272028, 0.4, 0.222655, -0.747667, -0.625635, 0.0, 0.0, 0.0, 0.0, 1.0],
                [-0.021575, 0.873381, 0.486559, 0.0, 0.282007, -0.461594, 0.841072, 0.4, 0.95917, 0.15536, -0.236341, -0.0, 0.0, 0.0, 0.0, 1.0],
                [0.519196, 0.818836, 0.244836, -0.0, 0.00946, -0.291962, 0.956383, 0.4, 0.854603, -0.494234, -0.159331, -0.0, 0.0, 0.0, 0.0, 1.0],
                [0.318398, 0.821463, -0.473099, -0.0, 0.737702, 0.09871, 0.667871, 0.4, 0.59533, -0.561655, -0.574565, 0.0, 0.0, 0.0, 0.0, 1.0],
                [0.424154, 0.852654, 0.305081, 0.0, 0.144191, -0.396177, 0.906781, 0.4, 0.894037, -0.340625, -0.290985, -0.0, 0.0, 0.0, 0.0, 1.0],
                [0.166841, 0.661501, -0.73115, -0.0, 0.960514, 0.058413, 0.272028, 0.4, 0.222655, -0.747667, -0.625635, 0.0, 0.0, 0.0, 0.0, 1.0],
                [-0.021575, 0.873381, 0.486559, 0.0, 0.282007, -0.461594, 0.841072, 0.4, 0.95917, 0.15536, -0.236341, -0.0, 0.0, 0.0, 0.0, 1.0],
                [0.519196, 0.818836, 0.244836, -0.0, 0.00946, -0.291962, 0.956383, 0.4, 0.854603, -0.494234, -0.159331, -0.0, 0.0, 0.0, 0.0, 1.0],
                [0.318398, 0.821463, -0.473099, -0.0, 0.737702, 0.09871, 0.667871, 0.4, 0.59533, -0.561655, -0.574565, 0.0, 0.0, 0.0, 0.0, 1.0],
                [0.424154, 0.852654, 0.305081, 0.0, 0.144191, -0.396177, 0.906781, 0.4, 0.894037, -0.340625, -0.290985, -0.0, 0.0, 0.0, 0.0, 1.0],
                [0.166841, 0.661501, -0.73115, -0.0, 0.960514, 0.058413, 0.272028, 0.4, 0.222655, -0.747667, -0.625635, 0.0, 0.0, 0.0, 0.0, 1.0],
                [-0.021575, 0.873381, 0.486559, 0.0, 0.282007, -0.461594, 0.841072, 0.4, 0.95917, 0.15536, -0.236341, -0.0, 0.0, 0.0, 0.0, 1.0],
                [0.519196, 0.818836, 0.244836, -0.0, 0.00946, -0.291962, 0.956383, 0.4, 0.854603, -0.494234, -0.159331, -0.0, 0.0, 0.0, 0.0, 1.0],
                [0.318398, 0.821463, -0.473099, -0.0, 0.737702, 0.09871, 0.667871, 0.4, 0.59533, -0.561655, -0.574565, 0.0, 0.0, 0.0, 0.0, 1.0],
                [0.424154, 0.852654, 0.305081, 0.0, 0.144191, -0.396177, 0.906781, 0.4, 0.894037, -0.340625, -0.290985, -0.0, 0.0, 0.0, 0.0, 1.0],
                [0.166841, 0.661501, -0.73115, -0.0, 0.960514, 0.058413, 0.272028, 0.4, 0.222655, -0.747667, -0.625635, 0.0, 0.0, 0.0, 0.0, 1.0],
                [-0.021575, 0.873381, 0.486559, 0.0, 0.282007, -0.461594, 0.841072, 0.4, 0.95917, 0.15536, -0.236341, -0.0, 0.0, 0.0, 0.0, 1.0],
                [0.519196, 0.818836, 0.244836, -0.0, 0.00946, -0.291962, 0.956383, 0.4, 0.854603, -0.494234, -0.159331, -0.0, 0.0, 0.0, 0.0, 1.0],
                [0.318398, 0.821463, -0.473099, -0.0, 0.737702, 0.09871, 0.667871, 0.4, 0.59533, -0.561655, -0.574565, 0.0, 0.0, 0.0, 0.0, 1.0],
                [0.424154, 0.852654, 0.305081, 0.0, 0.144191, -0.396177, 0.906781, 0.4, 0.894037, -0.340625, -0.290985, -0.0, 0.0, 0.0, 0.0, 1.0],
                [0.166841, 0.661501, -0.73115, -0.0, 0.960514, 0.058413, 0.272028, 0.4, 0.222655, -0.747667, -0.625635, 0.0, 0.0, 0.0, 0.0, 1.0],
                [0.06825, 0.809206, 0.583552, -0.0, -0.032992, -0.582769, 0.811968, 0.4, 0.997123, -0.07467, -0.013077, -0.0, 0.0, 0.0, 0.0, 1.0]
            ]
        },
        {
            "name": "Arm_R",
            "time": [0.0, 0.1, 0.15, 0.2, 0.2667, 0.3333, 0.4167, 0.4667, 0.5167, 0.5833, 0.65, 0.75, 0.8, 0.85, 0.9167, 0.9833, 1.0833, 1.1333, 1.1833, 1.25, 1.3167, 1.4167, 1.4667, 1.5167, 1.5833, 1.65, 1.8333],
            "transform": [
                [0.068686, 0.066084, -0.995449, -0.0, 0.541237, 0.835731, 0.092827, 0.39386, 0.838061, -0.545149, 0.021635, 0.0, 0.0, 0.0, 0.0, 1.0],
                [-0.152535, -0.454809, 0.87743, -0.0, 0.806505, 0.455854, 0.376494, 0.393861, -0.571212, 0.76508, 0.297272, -0.0, 0.0, 0.0, 0.0, 1.0],
                [-0.18268, -0.655194, 0.733041, 0.0, 0.978495, -0.048518, 0.200483, 0.39386, -0.095789, 0.753901, 0.649968, 0.0, 0.0, 0.0, 0.0, 1.0],
                [0.00324, -0.108151, 0.994131, -0.0, 0.509912, 0.855358, 0.091392, 0.393861, -0.86022, 0.506623, 0.057919, 0.0, 0.0, 0.0, 0.0, 1.0],
                [0.120432, -0.709948, 0.693882, 0.0, 0.970736, 0.230507, 0.06736, 0.39386, -0.207767, 0.665464, 0.716933, 0.0, 0.0, 0.0, 0.0, 1.0],
                [-0.045777, -0.758457, 0.650114, -0.0, 0.715858, 0.429006, 0.550909, 0.393861, -0.696743, 0.490608, 0.523309, -0.0, 0.0, 0.0, 0.0, 1.0],
                [-0.152535, -0.454809, 0.87743, -0.0, 0.806505, 0.455854, 0.376494, 0.393861, -0.571212, 0.76508, 0.297272, -0.0, 0.0, 0.0, 0.0, 1.0],
                [-0.18268, -0.655194, 0.733041, 0.0, 0.978495, -0.048518, 0.200483, 0.39386, -0.095789, 0.753901, 0.649968, 0.0, 0.0, 0.0, 0.0, 1.0],
                [0.00324, -0.108151, 0.994131, -0.0, 0.509912, 0.855358, 0.091392, 0.393861, -0.86022, 0.506623, 0.057919, 0.0, 0.0, 0.0, 0.0, 1.0],
                [0.120432, -0.709948, 0.693882, 0.0, 0.970736, 0.230507, 0.06736, 0.39386, -0.207767, 0.665464, 0.716933, 0.0, 0.0, 0.0, 0.0, 1.0],
                [-0.045777, -0.758457, 0.650114, -0.0, 0.715858, 0.429006, 0.550909, 0.393861, -0.696743, 0.490608, 0.523309, -0.0, 0.0, 0.0, 0.0, 1.0],
                [-0.152535, -0.454809, 0.87743, -0.0, 0.806505, 0.455854, 0.376494, 0.393861, -0.571212, 0.76508, 0.297272, -0.0, 0.0, 0.0, 0.0, 1.0],
                [-0.18268, -0.655194, 0.733041, 0.0, 0.978495, -0.048518, 0.200483, 0.39386, -0.095789, 0.753901, 0.649968, 0.0, 0.0, 0.0, 0.0, 1.0],
                [0.00324, -0.108151, 0.994131, -0.0, 0.509912, 0.855358, 0.091392, 0.393861, -0.86022, 0.506623, 0.057919, 0.0, 0.0, 0.0, 0.0, 1.0],
                [0.120432, -0.709948, 0.693882, 0.0, 0.970736, 0.230507, 0.06736, 0.39386, -0.207767, 0.665464, 0.716933, 0.0, 0.0, 0.0, 0.0, 1.0],
                [-0.045777, -0.758457, 0.650114, -0.0, 0.715858, 0.429006, 0.550909, 0.393861, -0.696743, 0.490608, 0.523309, -0.0, 0.0, 0.0, 0.0, 1.0],
                [-0.152535, -0.454809, 0.87743, -0.0, 0.806505, 0.455854, 0.376494, 0.393861, -0.571212, 0.76508, 0.297272, -0.0, 0.0, 0.0, 0.0, 1.0],
                [-0.18268, -0.655194, 0.733041, 0.0, 0.978495, -0.048518, 0.200483, 0.39386, -0.095789, 0.753901, 0.649968, 0.0, 0.0, 0.0, 0.0, 1.0],
                [0.00324, -0.108151, 0.994131, -0.0, 0.509912, 0.855358, 0.091392, 0.393861, -0.86022, 0.506623, 0.057919, 0.0, 0.0, 0.0, 0.0, 1.0],
                [0.120432, -0.709948, 0.693882, 0.0, 0.970736, 0.230507, 0.06736, 0.39386, -0.207767, 0.665464, 0.716933, 0.0, 0.0, 0.0, 0.0, 1.0],
                [-0.045777, -0.758457, 0.650114, -0.0, 0.715858, 0.429006, 0.550909, 0.393861, -0.696743, 0.490608, 0.523309, -0.0, 0.0, 0.0, 0.0, 1.0],
                [-0.152535, -0.454809, 0.87743, -0.0, 0.806505, 0.455854, 0.376494, 0.393861, -0.571212, 0.76508, 0.297272, -0.0, 0.0, 0.0, 0.0, 1.0],
                [-0.18268, -0.655194, 0.733041, -0.0, 0.978495, -0.048518, 0.200483, 0.39386, -0.095789, 0.753901, 0.649968, -0.0, 0.0, 0.0, 0.0, 1.0],
                [0.00324, -0.108151, 0.994131, -0.0, 0.509912, 0.855358, 0.091392, 0.393861, -0.86022, 0.506623, 0.057919, 0.0, 0.0, 0.0, 0.0, 1.0],
                [0.120432, -0.709948, 0.693882, 0.0, 0.970736, 0.230507, 0.06736, 0.39386, -0.207767, 0.665464, 0.716933, 0.0, 0.0, 0.0, 0.0, 1.0],
                [-0.045777, -0.758457, 0.650114, -0.0, 0.715858, 0.429006, 0.550909, 0.393861, -0.696743, 0.490608, 0.523309, -0.0, 0.0, 0.0, 0.0, 1.0],
                [0.068686, 0.066084, -0.995449, -0.0, 0.541237, 0.835731, 0.092827, 0.39386, 0.838061, -0.545149, 0.021635, 0.0, 0.0, 0.0, 0.0, 1.0]
            ]
        },
        {
            "name": "Hand_R",
            "time": [0.0, 0.1, 0.2, 0.2667, 0.3333, 0.4167, 0.5167, 0.5833, 0.65, 0.75, 0.85, 0.9167, 0.9833, 1.0833, 1.1833, 1.25, 1.3167, 1.4167, 1.5167, 1.5833, 1.65, 1.8333],
            "transform": [
                [0.967587, -0.24319, -0.06807, -0.0, 0.218121, 0.94064, -0.26005, 0.300003, 0.12727, 0.236774, 0.963196, 0.0, 0.0, 0.0, 0.0, 1.0],
                [1.0, 0.0, 0.0, -0.0, 0.0, 0.548058, -0.836441, 0.300002, -0.0, 0.836441, 0.548058, -0.0, 0.0, 0.0, 0.0, 1.0],
                [0.995223, -0.094794, 0.023347, -0.0, 0.096443, 0.991757, -0.084365, 0.300002, -0.015157, 0.086214, 0.996162, -0.0, 0.0, 0.0, 0.0, 1.0],
                [0.995551, -0.09331, 0.013116, 0.0, 0.093201, 0.99561, 0.008731, 0.300003, -0.013873, -0.00747, 0.999876, 0.0, 0.0, 0.0, 0.0, 1.0],
                [0.979295, -0.151597, -0.134164, 0.0, 0.140419, 0.986063, -0.089236, 0.300002, 0.145822, 0.068549, 0.986933, 0.0, 0.0, 0.0, 0.0, 1.0],
                [1.0, 0.0, 0.0, -0.0, 0.0, 0.548058, -0.836441, 0.300002, -0.0, 0.836441, 0.548058, -0.0, 0.0, 0.0, 0.0, 1.0],
                [0.995223, -0.094794, 0.023347, -0.0, 0.096443, 0.991757, -0.084365, 0.300002, -0.015157, 0.086214, 0.996162, -0.0, 0.0, 0.0, 0.0, 1.0],
                [0.995551, -0.09331, 0.013116, 0.0, 0.093201, 0.99561, 0.008731, 0.300003, -0.013873, -0.00747, 0.999876, 0.0, 0.0, 0.0, 0.0, 1.0],
                [0.979295, -0.151597, -0.134164, 0.0, 0.140419, 0.986063, -0.089236, 0.300002, 0.145822, 0.068549, 0.986933, 0.0, 0.0, 0.0, 0.0, 1.0],
                [1.0, 0.0, 0.0, -0.0, 0.0, 0.548058, -0.836441, 0.300002, -0.0, 0.836441, 0.548058, -0.0, 0.0, 0.0, 0.0, 1.0],
                [0.995223, -0.094794, 0.023347, -0.0, 0.096443, 0.991757, -0.084365, 0.300002, -0.015157, 0.086214, 0.996162, -0.0, 0.0, 0.0, 0.0, 1.0],
                [0.995551, -0.09331, 0.013116, 0.0, 0.093201, 0.99561, 0.008731, 0.300003, -0.013873, -0.00747, 0.999876, 0.0, 0.0, 0.0, 0.0, 1.0],
                [0.979295, -0.151597, -0.134164, 0.0, 0.140419, 0.986063, -0.089236, 0.300002, 0.145822, 0.068549, 0.986933, 0.0, 0.0, 0.0, 0.0, 1.0],
                [1.0, 0.0, 0.0, -0.0, 0.0, 0.548058, -0.836441, 0.300002, -0.0, 0.836441, 0.548058, -0.0, 0.0, 0.0, 0.0, 1.0],
                [0.995223, -0.094794, 0.023347, -0.0, 0.096443, 0.991757, -0.084365, 0.300002, -0.015157, 0.086214, 0.996162, -0.0, 0.0, 0.0, 0.0, 1.0],
                [0.995551, -0.09331, 0.013116, 0.0, 0.093201, 0.99561, 0.008731, 0.300003, -0.013873, -0.00747, 0.999876, 0.0, 0.0, 0.0, 0.0, 1.0],
                [0.979295, -0.151597, -0.134164, 0.0, 0.140419, 0.986063, -0.089236, 0.300002, 0.145822, 0.068549, 0.986933, 0.0, 0.0, 0.0, 0.0, 1.0],
                [1.0, 0.0, 0.0, -0.0, 0.0, 0.548058, -0.836441, 0.300002, -0.0, 0.836441, 0.548058, -0.0, 0.0, 0.0, 0.0, 1.0],
                [0.995223, -0.094794, 0.023347, -0.0, 0.096443, 0.991757, -0.084365, 0.300002, -0.015157, 0.086214, 0.996162, -0.0, 0.0, 0.0, 0.0, 1.0],
                [0.995551, -0.09331, 0.013116, 0.0, 0.093201, 0.99561, 0.008731, 0.300003, -0.013873, -0.00747, 0.999876, 0.0, 0.0, 0.0, 0.0, 1.0],
