{
    "animation": [
        {
            "name": "Root",
            "time": [0.0, 0.0833, 0.2167, 0.2833, 0.4333, 0.6167, 0.6833, 0.7833, 0.8667, 1.0, 1.2, 1.3333, 1.4167, 1.5],
            "transform": [
                [0.815788, -0.011759, -0.578232, 1.7e-05, -0.559227, 0.238938, -0.793835, 0.966957, 0.147496, 0.970964, 0.188347, 0.526969, 0.0, 0.0, 0.0, 1.0],
                [0.935372, -0.084376, -0.343453, 1.7e-05, -0.235376, 0.576297, -0.782611, 1.656993, 0.263965, 0.812873, 0.519192, 0.495384, 0.0, 0.0, 0.0, 1.0],
                [0.936085, -0.086828, 0.340891, 1.7e-05, 0.340971, 0.462276, -0.818559, 2.692691, -0.086512, 0.882475, 0.462335, 0.495384, 0.0, 0.0, 0.0, 1.0],
                [0.790373, -0.037265, 0.611491, 1.7e-05, 0.594653, 0.286661, -0.751141, 2.868434, -0.1473, 0.957307, 0.248729, 0.495384, 0.0, 0.0, 0.0, 1.0],
                [0.455306, 0.187726, 0.870319, 1.7e-05, 0.816752, -0.47719, -0.324353, 2.570846, 0.354418, 0.858515, -0.370593, 0.655112, 0.0, 0.0, 0.0, 1.0],
                [0.398246, 0.192159, 0.896925, 1.7e-05, 0.856105, -0.42897, -0.288218, 2.483212, 0.329371, 0.882643, -0.335344, 0.636878, 0.0, 0.0, 0.0, 1.0],
                [0.383211, 0.188453, 0.904232, 1.7e-05, 0.870825, -0.400068, -0.285674, 2.463982, 0.307918, 0.896901, -0.31742, 0.624541, 0.0, 0.0, 0.0, 1.0],
                [0.364985, 0.177227, 0.913989, 1.7e-05, 0.893992, -0.340801, -0.290917, 2.446086, 0.25993, 0.92328, -0.282827, 0.598477, 0.0, 0.0, 0.0, 1.0],
                [0.352453, 0.166194, 0.920954, 1.7e-05, 0.910053, -0.29025, -0.295903, 2.434391, 0.218129, 0.942409, -0.253545, 0.577038, 0.0, 0.0, 0.0, 1.0],
                [0.335554, 0.146366, 0.930581, 1.7e-05, 0.930212, -0.20741, -0.302799, 2.418585, 0.148693, 0.967242, -0.205749, 0.543046, 0.0, 0.0, 0.0, 1.0],
                [0.894913, -0.001248, -0.446238, 1.7e-05, -0.446159, -0.021522, -0.894695, 2.015267, -0.008487, 0.999768, -0.019817, 0.709895, 0.0, 0.0, 0.0, 1.0],
                [0.826357, -0.000985, -0.563146, 1.7e-05, -0.563135, -0.007794, -0.826328, 1.980809, -0.003575, 0.999969, -0.006995, 0.727499, 0.0, 0.0, 0.0, 1.0],
                [0.793203, -0.000326, -0.608957, 1.7e-05, -0.608957, -0.002101, -0.793201, 1.96579, -0.001021, 0.999998, -0.001865, 0.735173, 0.0, 0.0, 0.0, 1.0],
                [0.780252, 0.0, -0.625466, 1.7e-05, -0.625466, 0.0, -0.780252, 1.960107, 0.0, 1.0, 0.0, 0.738076, 0.0, 0.0, 0.0, 1.0]
            ]
        },
        {
            "name": "Thigh_R",
            "time": [0.0, 0.0833, 0.2167, 0.2833, 0.4333, 0.6167, 0.6833, 0.7833, 0.8667, 1.0, 1.2, 1.3333, 1.4167, 1.5],
            "transform": [
                [0.928046, 0.250381, -0.275752, 0.124994, 0.352173, -0.348841, 0.868495, -0.002831, 0.121261, -0.903114, -0.411919, -1.2e-05, 0.0, 0.0, 0.0, 1.0],
                [0.98549, -0.117473, -0.122509, 0.124994, 0.15328, 0.305976, 0.939619, -0.00283, -0.072895, -0.944761, 0.319543, -1.2e-05, 0.0, 0.0, 0.0, 1.0],
                [0.902094, -0.100888, -0.419581, 0.124994, 0.421049, -0.007309, 0.907008, -0.002831, -0.094573, -0.994869, 0.035885, -1e-05, 0.0, 0.0, 0.0, 1.0],
                [0.982118, 0.17204, -0.076452, 0.124994, 0.155248, -0.510387, 0.845814, -0.002831, 0.106494, -0.842557, -0.527971, -1e-05, 0.0, 0.0, 0.0, 1.0],
                [0.94961, 0.060174, 0.307602, 0.124994, 0.088358, -0.992987, -0.078521, -0.00283, 0.30072, 0.101743, -0.94827, -1.2e-05, 0.0, 0.0, 0.0, 1.0],
                [0.954441, 0.169958, 0.245265, 0.124994, 0.187152, -0.981135, -0.04841, -0.002831, 0.23241, 0.092106, -0.968247, -1.2e-05, 0.0, 0.0, 0.0, 1.0],
                [0.950868, 0.22527, 0.212374, 0.124994, 0.227693, -0.97364, 0.013309, -0.00283, 0.209775, 0.035701, -0.977098, -1.2e-05, 0.0, 0.0, 0.0, 1.0],
                [0.938183, 0.318684, 0.135102, 0.124994, 0.298698, -0.942607, 0.149229, -0.002831, 0.174905, -0.099649, -0.97953, -1.2e-05, 0.0, 0.0, 0.0, 1.0],
                [0.921448, 0.383252, 0.063638, 0.124994, 0.358798, -0.90232, 0.238909, -0.002831, 0.148985, -0.197309, -0.968954, -1.2e-05, 0.0, 0.0, 0.0, 1.0],
                [0.881812, 0.467909, -0.058882, 0.124994, 0.457657, -0.818907, 0.346322, -0.002831, 0.113829, -0.332338, -0.936266, -1.2e-05, 0.0, 0.0, 0.0, 1.0],
                [0.948231, 0.209523, 0.238657, 0.124994, 0.079391, -0.884014, 0.460667, -0.002831, 0.307497, -0.417871, -0.854886, -1.2e-05, 0.0, 0.0, 0.0, 1.0],
                [0.940152, 0.230933, 0.250565, 0.124994, 0.114124, -0.906251, 0.40704, -0.002831, 0.321074, -0.354084, -0.878372, -1.2e-05, 0.0, 0.0, 0.0, 1.0],
                [0.936053, 0.240836, 0.256519, 0.124994, 0.130522, -0.914692, 0.382493, -0.002831, 0.326754, -0.324551, -0.887636, -1.2e-05, 0.0, 0.0, 0.0, 1.0],
                [0.934401, 0.244385, 0.259171, 0.124994, 0.136823, -0.917968, 0.372304, -0.002831, 0.328896, -0.31242, -0.891191, -1.2e-05, 0.0, 0.0, 0.0, 1.0]
            ]
        },
        {
            "name": "Leg_R",
            "time": [0.0, 0.0833, 0.2167, 0.2833, 0.4333, 0.6167, 0.6833, 0.7833, 0.8667, 1.0, 1.2, 1.3333, 1.4167, 1.5],
            "transform": [
                [1.0, -1e-06, -0.0, 0.0, -0.0, -0.309566, 0.950878, 0.374726, -1e-06, -0.950878, -0.309566, 0.0, 0.0, 0.0, 0.0, 1.0],
                [1.0, -1e-06, -0.0, 0.0, -1e-06, -0.719257, 0.694744, 0.374726, -1e-06, -0.694745, -0.719256, 0.0, 0.0, 0.0, 0.0, 1.0],
                [1.0, -1e-06, -0.0, 0.0, -0.0, -0.127754, 0.991805, 0.374726, -1e-06, -0.991806, -0.127754, 0.0, 0.0, 0.0, 0.0, 1.0],
                [1.0, -1e-06, -0.0, -0.0, -0.0, -0.233357, 0.972391, 0.374726, -1e-06, -0.972391, -0.233357, 0.0, 0.0, 0.0, 0.0, 1.0],
                [1.0, -0.0, 1e-06, -0.0, -0.0, 0.84808, 0.52987, 0.374726, -1e-06, -0.529872, 0.848077, -0.0, 0.0, 0.0, 0.0, 1.0],
                [1.0, -0.0, 1e-06, -0.0, -0.0, 0.904525, 0.426424, 0.374726, -1e-06, -0.426426, 0.904521, 0.0, 0.0, 0.0, 0.0, 1.0],
                [1.0, 0.0, 1e-06, 0.0, -1e-06, 0.875446, 0.483316, 0.374726, -1e-06, -0.483318, 0.875443, 0.0, 0.0, 0.0, 0.0, 1.0],
                [1.0, -0.0, 1e-06, 0.0, -0.0, 0.770876, 0.636985, 0.374726, -1e-06, -0.636987, 0.770875, -0.0, 0.0, 0.0, 0.0, 1.0],
                [1.0, 0.0, 1e-06, 0.0, -1e-06, 0.683487, 0.729962, 0.374726, -1e-06, -0.729964, 0.683486, 0.0, 0.0, 0.0, 0.0, 1.0],
                [1.0, -0.0, 1e-06, -0.0, -1e-06, 0.549217, 0.83568, 0.374726, -1e-06, -0.83568, 0.549217, -0.0, 0.0, 0.0, 0.0, 1.0],
                [1.0, -0.0, 1e-06, 0.0, -1e-06, 0.585931, 0.810361, 0.374726, -1e-06, -0.810363, 0.58593, -0.0, 0.0, 0.0, 0.0, 1.0],
                [1.0, 0.0, 1e-06, 0.0, -1e-06, 0.675038, 0.737782, 0.374726, -1e-06, -0.737785, 0.675037, 0.0, 0.0, 0.0, 0.0, 1.0],
                [1.0, -0.0, 1e-06, 0.0, -0.0, 0.717256, 0.696811, 0.374726, -1e-06, -0.696813, 0.717253, -0.0, 0.0, 0.0, 0.0, 1.0],
                [1.0, -0.0, 1e-06, -0.0, -0.0, 0.734514, 0.678593, 0.374726, -1e-06, -0.678596, 0.734512, 0.0, 0.0, 0.0, 0.0, 1.0]
            ]
        },
        {
            "name": "Knee_R",
            "time": [0.0, 0.0833, 0.2167, 0.2833, 0.4333, 0.6167, 0.6833, 0.7833, 0.8667, 1.0, 1.2, 1.3333, 1.4167, 1.5],
            "transform": [
                [1.0, -0.0, 0.0, -0.0, 0.0, -0.0, -1.0, 0.37472, -0.0, 1.0, -0.0, 0.0, 0.0, 0.0, 0.0, 1.0],
                [1.0, -0.0, -0.0, 0.0, 0.0, -0.0, -1.0, 0.37472, -0.0, 1.0, -0.0, 0.0, 0.0, 0.0, 0.0, 1.0],
                [1.0, -0.0, -0.0, 0.0, -0.0, -0.0, -1.0, 0.37472, 0.0, 1.0, 0.0, 0.0, 0.0, 0.0, 0.0, 1.0],
                [1.0, -0.0, -0.0, -0.0, -0.0, -0.0, -1.0, 0.37472, -0.0, 1.0, 0.0, -0.0, 0.0, 0.0, 0.0, 1.0],
                [1.0, 0.0, -0.0, 0.0, -0.0, -0.0, -1.0, 0.37472, -0.0, 1.0, 0.0, -0.0, 0.0, 0.0, 0.0, 1.0],
                [1.0, -0.0, -0.0, -0.0, 0.0, 0.0, -1.0, 0.37472, 0.0, 1.0, -0.0, 0.0, 0.0, 0.0, 0.0, 1.0],
                [1.0, 0.0, -0.0, 1e-06, 0.0, 0.0, -1.0, 0.37472, 0.0, 1.0, 0.0, -0.0, 0.0, 0.0, 0.0, 1.0],
                [1.0, -0.0, -0.0, 0.0, -0.0, 0.0, -1.0, 0.37472, -0.0, 1.0, 0.0, -0.0, 0.0, 0.0, 0.0, 1.0],
                [1.0, 0.0, -1e-06, 0.0, -1e-06, 0.0, -1.0, 0.37472, -0.0, 1.0, 0.0, 0.0, 0.0, 0.0, 0.0, 1.0],
                [1.0, 0.0, -0.0, -0.0, -1e-06, -0.0, -1.0, 0.37472, 0.0, 1.0, 0.0, 0.0, 0.0, 0.0, 0.0, 1.0],
                [1.0, -0.0, 0.0, -0.0, 0.0, -0.0, -1.0, 0.37472, -0.0, 1.0, 0.0, -0.0, 0.0, 0.0, 0.0, 1.0],
                [1.0, 0.0, 0.0, 0.0, 0.0, -0.0, -1.0, 0.37472, -0.0, 1.0, 0.0, -0.0, 0.0, 0.0, 0.0, 1.0],
                [1.0, -0.0, 0.0, -0.0, -0.0, -0.0, -1.0, 0.37472, 0.0, 1.0, 0.0, 0.0, 0.0, 0.0, 0.0, 1.0],
                [1.0, -0.0, 0.0, 0.0, -0.0, -0.0, -1.0, 0.37472, -0.0, 1.0, 0.0, -0.0, 0.0, 0.0, 0.0, 1.0]
            ]
        },
        {
            "name": "Thigh_L",
            "time": [0.0, 0.0833, 0.2167, 0.2833, 0.4333, 0.6167, 0.6833, 0.7833, 0.8667, 1.0, 1.2, 1.3333, 1.4167, 1.5],
            "transform": [
                [0.750376, 0.375761, -0.543819, -0.125006, -0.137431, -0.716043, -0.684393, -0.002831, -0.646566, 0.58829, -0.485661, -1.2e-05, 0.0, 0.0, 0.0, 1.0],
                [0.594961, -0.103287, -0.79709, -0.125006, -0.249713, -0.966386, -0.061166, -0.002831, -0.763979, 0.235435, -0.600754, -1.2e-05, 0.0, 0.0, 0.0, 1.0],
                [0.779841, -0.492485, -0.386401, -0.125006, -0.02598, -0.642209, 0.766089, -0.00283, -0.625438, -0.587389, -0.513616, -1.1e-05, 0.0, 0.0, 0.0, 1.0],
                [0.789736, -0.347757, -0.505352, -0.125006, 0.359509, -0.405129, 0.840609, -0.002831, -0.49706, -0.845539, -0.194923, -1e-05, 0.0, 0.0, 0.0, 1.0],
                [0.971746, -0.184221, -0.147553, -0.125006, -0.027435, -0.709073, 0.704602, -0.00283, -0.234428, -0.680647, -0.694092, -1.2e-05, 0.0, 0.0, 0.0, 1.0],
                [0.767207, -0.54355, 0.340508, -0.125006, -0.602776, -0.792455, 0.093141, -0.002831, 0.21921, -0.276709, -0.935617, -1.2e-05, 0.0, 0.0, 0.0, 1.0],
                [0.752717, -0.606549, 0.255961, -0.125006, -0.640545, -0.764542, 0.071953, -0.00283, 0.15205, -0.218115, -0.964005, -1.2e-05, 0.0, 0.0, 0.0, 1.0],
                [0.758587, -0.633924, 0.150617, -0.125006, -0.64633, -0.702843, 0.297103, -0.002831, -0.082481, -0.322727, -0.942891, -1.2e-05, 0.0, 0.0, 0.0, 1.0],
                [0.731142, -0.680741, 0.044983, -0.125006, -0.617376, -0.632146, 0.468229, -0.002831, -0.290307, -0.370113, -0.882461, -1.2e-05, 0.0, 0.0, 0.0, 1.0],
                [0.612497, -0.779862, -0.129086, -0.125006, -0.505279, -0.511845, 0.694772, -0.002831, -0.607898, -0.360321, -0.707551, -1.2e-05, 0.0, 0.0, 0.0, 1.0],
                [0.762305, -0.194495, -0.617302, -0.125006, 0.030963, -0.941727, 0.334949, -0.002831, -0.646476, -0.274447, -0.711862, -1.1e-05, 0.0, 0.0, 0.0, 1.0],
                [0.788733, -0.164976, -0.592183, -0.125006, 0.015533, -0.95766, 0.287482, -0.002831, -0.614538, -0.235946, -0.752776, -1.2e-05, 0.0, 0.0, 0.0, 1.0],
                [0.79841, -0.145965, -0.584153, -0.125006, 0.004753, -0.968613, 0.248528, -0.002831, -0.602095, -0.201204, -0.772657, -1.2e-05, 0.0, 0.0, 0.0, 1.0],
                [0.80177, -0.13515, -0.58215, -0.125006, 0.000119, -0.974058, 0.226299, -0.002831, -0.597631, -0.181509, -0.780954, -1.2e-05, 0.0, 0.0, 0.0, 1.0]
            ]
        },
        {
            "name": "Leg_L",
            "time": [0.0, 0.0833, 0.2167, 0.2833, 0.4333, 0.6167, 0.6833, 0.7833, 0.8667, 1.0, 1.2, 1.3333, 1.4167, 1.5],
            "transform": [
                [1.0, -0.0, 1e-06, 0.0, 0.0, 1.0, 8e-06, 0.374726, -1e-06, -8e-06, 1.0, 0.0, 0.0, 0.0, 0.0, 1.0],
                [1.0, -0.0, 1e-06, -0.0, -0.0, 0.950799, 0.309809, 0.374726, -1e-06, -0.309808, 0.9508, -0.0, 0.0, 0.0, 0.0, 1.0],
                [1.0, -1e-06, 0.0, -0.0, -0.0, 0.031932, 0.99949, 0.374726, -1e-06, -0.99949, 0.031932, -0.0, 0.0, 0.0, 0.0, 1.0],
                [1.0, -1e-06, 0.0, -0.0, -1e-06, -0.30071, 0.953715, 0.374726, -1e-06, -0.953716, -0.30071, -0.0, 0.0, 0.0, 0.0, 1.0],
                [1.0, -1e-06, 0.0, -0.0, -1e-06, -0.514008, 0.857786, 0.374726, -1e-06, -0.857786, -0.514008, -0.0, 0.0, 0.0, 0.0, 1.0],
                [1.0, -1e-06, 1e-06, 0.0, -1e-06, 0.231754, 0.972775, 0.374726, -1e-06, -0.972774, 0.231754, -0.0, 0.0, 0.0, 0.0, 1.0],
                [1.0, -1e-06, 1e-06, -0.0, -1e-06, 0.419318, 0.907839, 0.374726, -1e-06, -0.907839, 0.419319, -0.0, 0.0, 0.0, 0.0, 1.0],
                [1.0, -1e-06, 1e-06, 0.0, -0.0, 0.304368, 0.952555, 0.374726, -1e-06, -0.952555, 0.304368, -0.0, 0.0, 0.0, 0.0, 1.0],
                [1.0, -1e-06, 1e-06, -0.0, -0.0, 0.219682, 0.975571, 0.374726, -1e-06, -0.975572, 0.219682, -0.0, 0.0, 0.0, 0.0, 1.0],
                [1.0, -1e-06, 0.0, 0.0, -0.0, 0.098621, 0.995125, 0.374726, -1e-06, -0.995125, 0.098621, 0.0, 0.0, 0.0, 0.0, 1.0],
                [1.0, -0.0, 1e-06, 0.0, -0.0, 0.812593, 0.582831, 0.374726, -1e-06, -0.58283, 0.812594, 0.0, 0.0, 0.0, 0.0, 1.0],
                [1.0, -0.0, 1e-06, -0.0, -0.0, 0.908238, 0.418453, 0.374726, -1e-06, -0.418453, 0.908239, -0.0, 0.0, 0.0, 0.0, 1.0],
                [1.0, -0.0, 1e-06, 0.0, -0.0, 0.951035, 0.309081, 0.374726, -1e-06, -0.309081, 0.951036, 0.0, 0.0, 0.0, 0.0, 1.0],
                [1.0, -0.0, 1e-06, -0.0, -0.0, 0.967594, 0.252512, 0.374726, -1e-06, -0.252511, 0.967595, 0.0, 0.0, 0.0, 0.0, 1.0]
            ]
        },
        {
            "name": "Knee_L",
            "time": [0.0, 0.0833, 0.2167, 0.2833, 0.4333, 0.6167, 0.6833, 0.7833, 0.8667, 1.0, 1.2, 1.3333, 1.4167, 1.5],
            "transform": [
                [1.0, -0.0, 0.0, 0.0, 0.0, -0.0, -1.0, 0.37472, -0.0, 1.0, 0.0, -0.0, 0.0, 0.0, 0.0, 1.0],
                [1.0, -0.0, -1e-06, 0.0, -0.0, -0.0, -1.0, 0.37472, -0.0, 1.0, -0.0, -0.0, 0.0, 0.0, 0.0, 1.0],
                [1.0, -0.0, -1e-06, -0.0, -0.0, -0.0, -1.0, 0.37472, 0.0, 1.0, 0.0, -0.0, 0.0, 0.0, 0.0, 1.0],
                [1.0, 0.0, 0.0, -0.0, -0.0, -0.0, -1.0, 0.37472, -0.0, 1.0, 0.0, -0.0, 0.0, 0.0, 0.0, 1.0],
                [1.0, 0.0, -0.0, 0.0, 0.0, -0.0, -1.0, 0.37472, -0.0, 1.0, 0.0, -0.0, 0.0, 0.0, 0.0, 1.0],
                [1.0, -0.0, 0.0, 0.0, 0.0, -0.0, -1.0, 0.37472, -0.0, 1.0, 0.0, -0.0, 0.0, 0.0, 0.0, 1.0],
                [1.0, 0.0, 0.0, -0.0, 0.0, -0.0, -1.0, 0.37472, -0.0, 1.0, 0.0, -0.0, 0.0, 0.0, 0.0, 1.0],
                [1.0, 0.0, 0.0, -0.0, -0.0, 0.0, -1.0, 0.37472, 0.0, 1.0, -0.0, -0.0, 0.0, 0.0, 0.0, 1.0],
                [1.0, -0.0, -1e-06, 0.0, -1e-06, -0.0, -1.0, 0.37472, 0.0, 1.0, 0.0, 0.0, 0.0, 0.0, 0.0, 1.0],
                [1.0, 0.0, -0.0, 0.0, -0.0, 0.0, -1.0, 0.37472, 0.0, 1.0, 0.0, 0.0, 0.0, 0.0, 0.0, 1.0],
                [1.0, 0.0, -0.0, -0.0, 0.0, 0.0, -1.0, 0.37472, 0.0, 1.0, 0.0, -0.0, 0.0, 0.0, 0.0, 1.0],
                [1.0, 0.0, -0.0, -0.0, 0.0, -0.0, -1.0, 0.37472, 0.0, 1.0, 0.0, 0.0, 0.0, 0.0, 0.0, 1.0],
                [1.0, -0.0, 0.0, 0.0, 0.0, -0.0, -1.0, 0.37472, 0.0, 1.0, 0.0, -0.0, 0.0, 0.0, 0.0, 1.0],
                [1.0, -0.0, -0.0, -0.0, 0.0, -0.0, -1.0, 0.37472, -0.0, 1.0, 0.0, 0.0, 0.0, 0.0, 0.0, 1.0]
            ]
        },
        {
            "name": "Torso",
            "time": [0.0, 0.0833, 0.2167, 0.2833, 0.4333, 0.6167, 0.6833, 0.7833, 0.8667, 1.0, 1.2, 1.3333, 1.4167, 1.5],
            "transform": [
                [1.0, -0.0, 0.0, 0.0, 0.0, 1.0, 0.0, 0.05, 0.0, -0.0, 1.0, 0.0, 0.0, 0.0, 0.0, 1.0],
                [1.0, 0.0, 0.0, 0.0, 0.0, 1.0, -0.0, 0.05, 0.0, 0.0, 1.0, 0.0, 0.0, 0.0, 0.0, 1.0],
                [1.0, -0.0, -0.0, 0.0, 0.0, 1.0, 0.0, 0.05, 0.0, 0.0, 1.0, 0.0, 0.0, 0.0, 0.0, 1.0],
                [1.0, -0.0, 0.0, -0.0, -0.0, 1.0, 0.0, 0.05, 0.0, -0.0, 1.0, 0.0, 0.0, 0.0, 0.0, 1.0],
                [1.0, -0.0, 0.0, -0.0, 0.0, 1.0, 0.0, 0.05, 0.0, 0.0, 1.0, 0.0, 0.0, 0.0, 0.0, 1.0],
                [1.0, -0.0, -0.0, -0.0, -0.0, 1.0, 0.0, 0.05, 0.0, -0.0, 1.0, -0.0, 0.0, 0.0, 0.0, 1.0],
                [1.0, -0.0, 0.0, 0.0, -0.0, 1.0, 0.0, 0.05, -0.0, -0.0, 1.0, -0.0, 0.0, 0.0, 0.0, 1.0],
                [1.0, -0.0, -0.0, 0.0, 0.0, 1.0, 0.0, 0.05, 0.0, -0.0, 1.0, -0.0, 0.0, 0.0, 0.0, 1.0],
                [1.0, 0.0, 0.0, -0.0, -0.0, 1.0, -0.0, 0.05, -0.0, -0.0, 1.0, -0.0, 0.0, 0.0, 0.0, 1.0],
                [1.0, -0.0, 0.0, -0.0, -0.0, 1.0, 0.0, 0.05, -0.0, -0.0, 1.0, -0.0, 0.0, 0.0, 0.0, 1.0],
                [1.0, 0.0, 0.0, -0.0, 0.0, 0.994706, -0.102767, 0.05, -0.0, 0.102767, 0.994705, 0.0, 0.0, 0.0, 0.0, 1.0],
                [1.0, 0.0, 0.0, -0.0, 0.0, 0.993729, -0.111813, 0.05, -0.0, 0.111813, 0.993729, -0.0, 0.0, 0.0, 0.0, 1.0],
                [1.0, 0.0, 0.0, 0.0, -0.0, 0.993278, -0.115753, 0.05, -0.0, 0.115753, 0.993278, 0.0, 0.0, 0.0, 0.0, 1.0],
                [1.0, -0.0, -0.0, 0.0, -0.0, 0.993104, -0.117243, 0.05, 0.0, 0.117243, 0.993103, -0.0, 0.0, 0.0, 0.0, 1.0]
            ]
        },
        {
            "name": "Chest",
            "time": [0.0, 0.0833, 0.2167, 0.2833, 0.4333, 0.6167, 0.6833, 0.7833, 0.8667, 1.0, 1.2, 1.3333, 1.4167, 1.5],
            "transform": [
                [0.854585, -0.099472, -0.509696, 0.0, 0.490574, 0.476607, 0.729509, 0.3, 0.170359, -0.873471, 0.456099, 0.0, 0.0, 0.0, 0.0, 1.0],
                [0.895582, -0.096201, -0.43437, 0.0, 0.32475, 0.808691, 0.490465, 0.3, 0.304088, -0.580313, 0.755491, 0.0, 0.0, 0.0, 0.0, 1.0],
                [0.97702, 0.165312, -0.134554, 0.0, -0.011498, 0.671222, 0.741167, 0.3, 0.212839, -0.722588, 0.657697, 0.0, 0.0, 0.0, 0.0, 1.0],
                [0.986036, 0.159641, 0.047399, -0.0, -0.13568, 0.605111, 0.784494, 0.3, 0.096556, -0.779971, 0.618321, 0.0, 0.0, 0.0, 0.0, 1.0],
                [0.936349, -0.203087, 0.286368, -0.0, 0.123389, 0.954031, 0.273131, 0.3, -0.328674, -0.220411, 0.918364, 0.0, 0.0, 0.0, 0.0, 1.0],
                [0.884503, -0.118384, 0.451265, -0.0, 0.000328, 0.967427, 0.253149, 0.3, -0.466534, -0.223763, 0.855731, -0.0, 0.0, 0.0, 0.0, 1.0],
                [0.892841, -0.095246, 0.440186, -0.0, -0.023197, 0.966359, 0.25615, 0.3, -0.449775, -0.238912, 0.860595, -0.0, 0.0, 0.0, 0.0, 1.0],
                [0.93595, -0.068945, 0.345318, 0.0, -0.043988, 0.950072, 0.308913, 0.3, -0.349375, -0.304317, 0.886187, 0.0, 0.0, 0.0, 0.0, 1.0],
                [0.967805, -0.04405, 0.247817, -0.0, -0.050333, 0.930809, 0.362023, 0.3, -0.246617, -0.362841, 0.898624, 0.0, 0.0, 0.0, 0.0, 1.0],
                [0.997184, 0.007352, 0.074626, -0.0, -0.040381, 0.891213, 0.451783, 0.3, -0.063186, -0.453525, 0.889001, 0.0, 0.0, 0.0, 0.0, 1.0],
                [0.98378, 0.002158, 0.179364, -0.0, -0.037745, 0.980031, 0.195232, 0.3, -0.175361, -0.198836, 0.964216, -0.0, 0.0, 0.0, 0.0, 1.0],
                [0.978116, 0.000502, 0.208058, -0.0, -0.034695, 0.986389, 0.16073, 0.3, -0.205145, -0.164431, 0.96482, 0.0, 0.0, 0.0, 0.0, 1.0],
                [0.975391, 0.000101, 0.220481, 0.0, -0.03304, 0.988775, 0.145711, 0.3, -0.217991, -0.14941, 0.964446, 0.0, 0.0, 0.0, 0.0, 1.0],
                [0.97432, -0.0, 0.225166, -0.0, -0.032362, 0.989618, 0.140034, 0.3, -0.222828, -0.143725, 0.964205, -0.0, 0.0, 0.0, 0.0, 1.0]
            ]
        },
        {
            "name": "Head",
            "time": [0.0, 0.0833, 0.2167, 0.2833, 0.4333, 0.6167, 0.6833, 0.7833, 0.8667, 1.0, 1.2, 1.3333, 1.4167, 1.5],
            "transform": [
                [0.857474, 0.199258, 0.474378, 0.0, 0.108069, 0.831657, -0.544672, 0.4, -0.50305, 0.518307, 0.691591, -0.0, 0.0, 0.0, 0.0, 1.0],
                [0.951114, 0.047261, 0.305203, 0.0, 0.139402, 0.81613, -0.560802, 0.4, -0.275589, 0.575932, 0.769645, 0.0, 0.0, 0.0, 0.0, 1.0],
                [0.944599, -0.201306, -0.259245, -0.0, 0.053128, 0.873197, -0.484463, 0.4, 0.323897, 0.44385, 0.835516, 0.0, 0.0, 0.0, 0.0, 1.0],
                [0.894889, -0.209692, -0.393957, -0.0, 0.063219, 0.933402, -0.353219, 0.4, 0.441787, 0.291186, 0.848548, 0.0, 0.0, 0.0, 0.0, 1.0],
                [0.906643, 0.095075, -0.411046, -0.0, -0.021436, 0.9834, 0.18018, 0.4, 0.421353, -0.154547, 0.893631, 0.0, 0.0, 0.0, 0.0, 1.0],
                [0.88998, 0.096369, -0.445699, -0.0, -0.014473, 0.98289, 0.183621, 0.4, 0.455769, -0.156969, 0.876148, 0.0, 0.0, 0.0, 0.0, 1.0],
                [0.878453, 0.0966, -0.467963, 0.0, -0.009972, 0.982844, 0.184166, 0.4, 0.477725, -0.157114, 0.864346, -0.0, 0.0, 0.0, 0.0, 1.0],
                [0.85254, 0.096834, -0.513613, 0.0, -0.000738, 0.982909, 0.184088, 0.4, 0.52266, -0.156563, 0.838042, 0.0, 0.0, 0.0, 0.0, 1.0],
                [0.829486, 0.096838, -0.550068, 0.0, 0.006916, 0.982999, 0.183482, 0.4, 0.558484, -0.156, 0.814714, -0.0, 0.0, 0.0, 0.0, 1.0],
                [0.789843, 0.096629, -0.60565, -0.0, 0.019028, 0.983174, 0.181676, 0.4, 0.613015, -0.15502, 0.774714, -0.0, 0.0, 0.0, 0.0, 1.0],
                [0.978374, 0.001931, 0.206834, 0.0, -0.006616, 0.999737, 0.02196, 0.4, -0.206737, -0.022854, 0.97813, 0.0, 0.0, 0.0, 0.0, 1.0],
                [0.958793, 0.000379, 0.284106, 0.0, -0.002784, 0.999964, 0.008061, 0.4, -0.284092, -0.00852, 0.958759, -0.0, 0.0, 0.0, 0.0, 1.0],
                [0.948494, 6.3e-05, 0.316795, -0.0, -0.000798, 0.999997, 0.002189, 0.4, -0.316794, -0.002329, 0.948491, -0.0, 0.0, 0.0, 0.0, 1.0],
                [0.944333, 0.0, 0.328991, -0.0, -0.0, 1.0, -0.0, 0.4, -0.328991, 0.0, 0.944333, 0.0, 0.0, 0.0, 0.0, 1.0]
            ]
        },
        {
            "name": "Shoulder_R",
            "time": [0.0, 0.0833, 0.2167, 0.2833, 0.4333, 0.6167, 0.6833, 0.7833, 0.8667, 1.0, 1.2, 1.3333, 1.4167, 1.5],
            "transform": [
                [-0.238293, 0.821096, 0.51867, 0.0, 0.012861, -0.53134, 0.847061, 0.4, 0.971108, 0.208519, 0.116054, -0.0, 0.0, 0.0, 0.0, 1.0],
                [-0.296636, 0.798729, 0.523489, 0.0, 0.065688, -0.529798, 0.845576, 0.4, 0.952729, 0.285216, 0.10469, 0.0, 0.0, 0.0, 0.0, 1.0],
                [-0.38681, 0.752739, 0.532694, -0.0, 0.150586, -0.518345, 0.841809, 0.4, 0.909781, 0.405836, 0.087149, 0.0, 0.0, 0.0, 0.0, 1.0],
                [-0.429753, 0.725211, 0.537943, -0.0, 0.192617, -0.508421, 0.839289, 0.4, 0.882163, 0.464304, 0.078807, 0.0, 0.0, 0.0, 0.0, 1.0],
                [0.641867, 0.762863, -0.077767, -0.0, 0.036214, 0.071146, 0.996808, 0.4, 0.76596, -0.642635, 0.01804, 0.0, 0.0, 0.0, 0.0, 1.0],
                [0.649045, 0.758007, -0.064552, -0.0, 0.135008, -0.031263, 0.990351, 0.4, 0.748674, -0.651498, -0.122628, 0.0, 0.0, 0.0, 0.0, 1.0],
                [0.650479, 0.758592, -0.037616, 0.0, 0.156537, -0.085436, 0.98397, 0.4, 0.743218, -0.645941, -0.174322, -0.0, 0.0, 0.0, 0.0, 1.0],
                [0.653351, 0.756502, 0.028949, 0.0, 0.177242, -0.190027, 0.965647, 0.4, 0.736014, -0.625777, -0.258238, 0.0, 0.0, 0.0, 0.0, 1.0],
                [0.6554, 0.750357, 0.086119, 0.0, 0.189837, -0.27402, 0.942801, 0.4, 0.731035, -0.601564, -0.322038, -0.0, 0.0, 0.0, 0.0, 1.0],
                [0.658693, 0.731152, 0.177598, -0.0, 0.205284, -0.40172, 0.892457, 0.4, 0.723866, -0.551397, -0.414704, -0.0, 0.0, 0.0, 0.0, 1.0],
                [-0.131828, 0.934996, 0.32925, 0.0, 0.109099, -0.316446, 0.942316, 0.4, 0.985251, 0.160144, -0.060291, 0.0, 0.0, 0.0, 0.0, 1.0],
                [-0.200478, 0.927577, 0.315296, 0.0, 0.089439, -0.303158, 0.948734, 0.4, 0.975607, 0.2184, -0.022185, -0.0, 0.0, 0.0, 0.0, 1.0],
                [-0.229732, 0.923084, 0.308449, -0.0, 0.080645, -0.297781, 0.951222, 0.4, 0.969907, 0.243401, -0.006032, -0.0, 0.0, 0.0, 0.0, 1.0],
                [-0.240682, 0.921192, 0.305743, -0.0, 0.077287, -0.295813, 0.952114, 0.4, 0.967522, 0.252787, 1e-06, 0.0, 0.0, 0.0, 0.0, 1.0]
            ]
        },
        {
            "name": "Arm_R",
            "time": [0.0, 0.0833, 0.2167, 0.2833, 0.4333, 0.6167, 0.6833, 0.7833, 0.8667, 1.0, 1.2, 1.3333, 1.4167, 1.5],
            "transform": [
                [0.98122, 0.146, -0.12606, 0.0, 0.046428, 0.455554, 0.888997, 0.393861, 0.187221, -0.878155, 0.44022, -0.0, 0.0, 0.0, 0.0, 1.0],
                [0.935025, 0.143599, -0.324202, 0.0, 0.173605, 0.611841, 0.771695, 0.393861, 0.309175, -0.777838, 0.547157, 0.0, 0.0, 0.0, 0.0, 1.0],
                [0.949805, -0.309536, -0.045355, 0.0, 0.143168, 0.301169, 0.942762, 0.39386, -0.278158, -0.901935, 0.330367, -0.0, 0.0, 0.0, 0.0, 1.0],
                [0.791378, -0.584707, 0.178435, -0.0, 0.04941, 0.352105, 0.934656, 0.39386, -0.609327, -0.730851, 0.307538, 0.0, 0.0, 0.0, 0.0, 1.0],
                [0.087557, -0.195273, 0.976833, 0.0, 0.863858, 0.503202, 0.023161, 0.39386, -0.496066, 0.841819, 0.212747, -0.0, 0.0, 0.0, 0.0, 1.0],
                [0.222692, -0.309894, 0.924324, -0.0, 0.974845, 0.061884, -0.214117, 0.393861, 0.009153, 0.948756, 0.31588, -0.0, 0.0, 0.0, 0.0, 1.0],
                [0.244861, -0.404655, 0.881078, -0.0, 0.955925, -0.051094, -0.289129, 0.39386, 0.162015, 0.913042, 0.374309, -0.0, 0.0, 0.0, 0.0, 1.0],
                [0.23812, -0.585302, 0.775063, -0.0, 0.904516, -0.157029, -0.396475, 0.393861, 0.353764, 0.795466, 0.492023, -0.0, 0.0, 0.0, 0.0, 1.0],
                [0.203978, -0.715621, 0.668043, -0.0, 0.853185, -0.204684, -0.479771, 0.39386, 0.480071, 0.667827, 0.568806, -0.0, 0.0, 0.0, 0.0, 1.0],
                [0.113692, -0.871448, 0.477131, -0.0, 0.768561, -0.227189, -0.59808, 0.393861, 0.629593, 0.434701, 0.643931, 0.0, 0.0, 0.0, 0.0, 1.0],
                [-0.132467, -0.045842, -0.990127, -0.0, 0.878172, 0.457799, -0.138685, 0.39386, 0.459636, -0.887874, -0.020386, -0.0, 0.0, 0.0, 0.0, 1.0],
                [-0.117414, 0.095004, -0.988529, 0.0, 0.891392, 0.448869, -0.062738, 0.39386, 0.437758, -0.888534, -0.13739, 0.0, 0.0, 0.0, 0.0, 1.0],
                [-0.110121, 0.153107, -0.982055, 0.0, 0.89647, 0.441974, -0.031619, 0.39386, 0.429201, -0.883866, -0.185927, -0.0, 0.0, 0.0, 0.0, 1.0],
                [-0.107272, 0.174503, -0.978796, 0.0, 0.898284, 0.438951, -0.020191, 0.39386, 0.42612, -0.881404, -0.203841, 0.0, 0.0, 0.0, 0.0, 1.0]
            ]
        },
        {
            "name": "Hand_R",
            "time": [0.0, 0.0833, 0.2167, 0.2833, 0.4333, 0.6167, 0.6833, 0.7833, 0.8667, 1.0, 1.2, 1.3333, 1.4167, 1.5],
            "transform": [
                [0.152188, -0.129774, 0.979795, -0.0, 0.488086, 0.871894, 0.03967, 0.300002, -0.859425, 0.472187, 0.196033, 0.0, 0.0, 0.0, 0.0, 1.0],
                [0.007261, -0.006979, 0.99995, 0.0, 0.109484, 0.99397, 0.006142, 0.300003, -0.993962, 0.109434, 0.007982, 0.0, 0.0, 0.0, 0.0, 1.0],
                [0.007261, -0.006979, 0.99995, 0.0, 0.109484, 0.99397, 0.006142, 0.300003, -0.993962, 0.109434, 0.007982, 0.0, 0.0, 0.0, 0.0, 1.0],
                [0.007261, -0.006979, 0.99995, -0.0, 0.109484, 0.993971, 0.006142, 0.300003, -0.993962, 0.109434, 0.007981, 0.0, 0.0, 0.0, 0.0, 1.0],
                [0.007261, -0.006979, 0.99995, -0.0, 0.109484, 0.99397, 0.006142, 0.300003, -0.993962, 0.109434, 0.007982, -0.0, 0.0, 0.0, 0.0, 1.0],
                [0.171616, -0.060417, 0.98331, 0.0, 0.157652, 0.98694, 0.033125, 0.300002, -0.972468, 0.149336, 0.178899, -0.0, 0.0, 0.0, 0.0, 1.0],
                [0.288784, -0.102459, 0.951897, 0.0, 0.194366, 0.979827, 0.046499, 0.300002, -0.937457, 0.171589, 0.302873, 0.0, 0.0, 0.0, 0.0, 1.0],
                [0.522879, -0.202518, 0.828001, -0.0, 0.278577, 0.958629, 0.058547, 0.300003, -0.8056, 0.200049, 0.557664, 0.0, 0.0, 0.0, 0.0, 1.0],
                [0.684007, -0.289744, 0.669465, -0.0, 0.348727, 0.935955, 0.048777, 0.300003, -0.640721, 0.200097, 0.741242, 0.0, 0.0, 0.0, 0.0, 1.0],
                [0.839597, -0.416498, 0.34872, -0.0, 0.444803, 0.895628, -0.001229, 0.300003, -0.311811, 0.156144, 0.937227, 0.0, 0.0, 0.0, 0.0, 1.0],
                [0.997832, -0.065634, 0.004901, -0.0, 0.065748, 0.990625, -0.119757, 0.300003, 0.003005, 0.119819, 0.992792, 0.0, 0.0, 0.0, 0.0, 1.0],
                [0.999696, -0.024597, 0.001876, 0.0, 0.02464, 0.992085, -0.123135, 0.300003, 0.001167, 0.123143, 0.992389, -0.0, 0.0, 0.0, 0.0, 1.0],
                [0.999977, -0.006746, 0.000519, -0.0, 0.006758, 0.992189, -0.124563, 0.300003, 0.000325, 0.124564, 0.992212, 0.0, 0.0, 0.0, 0.0, 1.0],
                [1.0, 0.0, 0.0, -0.0, -0.0, 0.992146, -0.125096, 0.300003, -0.0, 0.125096, 0.992146, -0.0, 0.0, 0.0, 0.0, 1.0]
            ]
        },
        {
            "name": "Tool_R",
            "time": [0.0, 0.0833, 0.2167, 0.2833, 0.4333, 0.6167, 0.6833, 0.7833, 0.8667, 1.0, 1.2, 1.3333, 1.4167, 1.5],
            "transform": [
                [1.0, -0.0, 0.0, 0.0, -0.0, -0.85268, -0.521457, 0.271204, 0.0, 0.52199, -0.851809, 0.0, 0.0, 0.0, 0.0, 1.0],
                [1.0, -0.0, 0.0, -0.0, 0.0, -0.589897, -0.806367, 0.271204, 1e-06, 0.807191, -0.589295, -0.0, 0.0, 0.0, 0.0, 1.0],
                [1.0, -0.0, 0.0, -0.0, 0.0, -0.589897, -0.806367, 0.271204, 0.0, 0.807191, -0.589295, -0.0, 0.0, 0.0, 0.0, 1.0],
                [1.0, -0.0, 0.0, -0.0, 0.0, -0.589897, -0.806367, 0.271205, 0.0, 0.807191, -0.589295, -0.0, 0.0, 0.0, 0.0, 1.0],
                [1.0, -0.0, 1e-06, 0.0, 0.0, -0.589897, -0.806367, 0.271204, 0.0, 0.807191, -0.589295, 0.0, 0.0, 0.0, 0.0, 1.0],
                [1.0, -0.0, 1e-06, 0.0, 0.0, -0.677454, -0.734499, 0.271204, 1e-06, 0.73525, -0.676762, -0.0, 0.0, 0.0, 0.0, 1.0],
                [1.0, -0.0, 1e-06, -0.0, 0.0, -0.734301, -0.67779, 0.271204, 1e-06, 0.678482, -0.733551, -0.0, 0.0, 0.0, 0.0, 1.0],
                [1.0, -0.0, 1e-06, -0.0, 0.0, -0.839797, -0.54192, 0.271204, 1e-06, 0.542474, -0.83894, 0.0, 0.0, 0.0, 0.0, 1.0],
                [1.0, 0.0, 1e-06, 0.0, 1e-06, -0.909074, -0.415653, 0.271204, 1e-06, 0.416078, -0.908146, -1e-06, 0.0, 0.0, 0.0, 1.0],
                [1.0, 0.0, 1e-06, -0.0, 1e-06, -0.9797, -0.199106, 0.271204, 1e-06, 0.199309, -0.9787, 0.0, 0.0, 0.0, 0.0, 1.0],
                [1.0, 0.0, -0.0, 0.0, -0.0, -0.996475, -0.080993, 0.323433, -0.0, 0.081076, -0.995458, 0.067104, 0.0, 0.0, 0.0, 1.0],
                [1.0, 0.0, -0.0, 0.0, 0.0, -0.995782, -0.089101, 0.328051, 0.0, 0.089192, -0.994765, 0.073037, 0.0, 0.0, 0.0, 1.0],
                [1.0, -0.0, -0.0, -0.0, -0.0, -0.995458, -0.092633, 0.330064, -0.0, 0.092728, -0.994442, 0.075624, 0.0, 0.0, 0.0, 1.0],
                [1.0, -0.0, -0.0, -0.0, -0.0, -0.995333, -0.09397, 0.330825, -0.0, 0.094066, -0.994317, 0.076602, 0.0, 0.0, 0.0, 1.0]
            ]
        },
        {
            "name": "Elbow_R",
            "time": [0.0, 0.0833, 0.2167, 0.2833, 0.4333, 0.6167, 0.6833, 0.7833, 0.8667, 1.0, 1.2, 1.3333, 1.4167, 1.5],
            "transform": [
                [-1.0, 0.0, -0.0, 0.0, 0.0, -0.0, -1.0, 0.3, 0.0, -0.999999, -0.0, 0.0, 0.0, 0.0, 0.0, 1.0],
                [-1.0, -0.0, 0.0, 0.0, -0.0, -0.0, -1.0, 0.3, -0.0, -0.999999, -0.0, 0.0, 0.0, 0.0, 0.0, 1.0],
                [-1.0, 0.0, 0.0, 0.0, 0.0, -0.0, -1.0, 0.3, -0.0, -0.999999, -0.0, 0.0, 0.0, 0.0, 0.0, 1.0],
                [-1.0, 0.0, 0.0, -0.0, -0.0, -0.0, -1.0, 0.3, 0.0, -0.999999, -0.0, 0.0, 0.0, 0.0, 0.0, 1.0],
                [-1.0, -0.0, 0.0, -0.0, 0.0, -0.0, -1.0, 0.3, 0.0, -0.999999, -0.0, -0.0, 0.0, 0.0, 0.0, 1.0],
                [-1.0, 0.0, -0.0, 0.0, 0.0, -0.0, -1.0, 0.3, 0.0, -0.999999, -0.0, -0.0, 0.0, 0.0, 0.0, 1.0],
                [-1.0, 0.0, -0.0, -0.0, 0.0, -0.0, -1.0, 0.3, -0.0, -0.999999, -0.0, 0.0, 0.0, 0.0, 0.0, 1.0],
                [-1.0, -0.0, -0.0, 0.0, 0.0, 0.0, -1.0, 0.3, -0.0, -0.999999, -0.0, -0.0, 0.0, 0.0, 0.0, 1.0],
                [-1.0, -0.0, 0.0, -0.0, 0.0, -0.0, -1.0, 0.3, 0.0, -0.999999, 0.0, 0.0, 0.0, 0.0, 0.0, 1.0],
                [-1.0, -0.0, 0.0, -0.0, 0.0, -0.0, -1.0, 0.3, 0.0, -0.999999, -0.0, 0.0, 0.0, 0.0, 0.0, 1.0],
                [-1.0, -0.0, -0.0, -0.0, 0.0, -0.0, -1.0, 0.3, -0.0, -0.999999, -0.0, 0.0, 0.0, 0.0, 0.0, 1.0],
                [-1.0, -0.0, 0.0, 0.0, 0.0, -0.0, -1.0, 0.3, -0.0, -0.999999, -0.0, -0.0, 0.0, 0.0, 0.0, 1.0],
                [-1.0, 0.0, 0.0, -0.0, 0.0, -0.0, -1.0, 0.3, -0.0, -0.999999, -0.0, 0.0, 0.0, 0.0, 0.0, 1.0],
                [-1.0, 0.0, 0.0, -0.0, 0.0, -0.0, -1.0, 0.3, 0.0, -0.999999, -0.0, 0.0, 0.0, 0.0, 0.0, 1.0]
            ]
        },
        {
            "name": "Shoulder_L",
            "time": [0.0, 0.0833, 0.2167, 0.2833, 0.4333, 0.6167, 0.6833, 0.7833, 0.8667, 1.0, 1.2, 1.3333, 1.4167, 1.5],
            "transform": [
                [-0.236301, -0.689297, -0.684859, 0.0, -0.150134, -0.670455, 0.726602, 0.4, -0.960012, 0.274517, 0.054943, -0.0, 0.0, 0.0, 0.0, 1.0],
                [-0.237664, -0.632886, -0.736866, 0.0, -0.266815, -0.686887, 0.676015, 0.4, -0.933985, 0.357271, -0.005616, 0.0, 0.0, 0.0, 0.0, 1.0],
                [-0.22089, -0.538613, -0.813083, -0.0, -0.444884, -0.686245, 0.575453, 0.4, -0.867921, 0.488839, -0.088036, 0.0, 0.0, 0.0, 0.0, 1.0],
                [-0.204207, -0.491241, -0.846748, -0.0, -0.527032, -0.673748, 0.517978, 0.4, -0.824947, 0.552038, -0.121316, 0.0, 0.0, 0.0, 0.0, 1.0],
                [-0.026238, -0.616525, -0.786898, -0.0, -0.62476, -0.604386, 0.494361, 0.4, -0.780377, 0.504593, -0.369323, 0.0, 0.0, 0.0, 0.0, 1.0],
                [0.129095, -0.744933, -0.65453, -0.0, -0.672227, -0.550983, 0.494499, 0.4, -0.729003, 0.376155, -0.571894, 0.0, 0.0, 0.0, 0.0, 1.0],
                [0.129095, -0.744933, -0.65453, 0.0, -0.672227, -0.550983, 0.494499, 0.4, -0.729004, 0.376155, -0.571893, -0.0, 0.0, 0.0, 0.0, 1.0],
                [0.129095, -0.744934, -0.65453, 0.0, -0.672227, -0.550983, 0.494499, 0.4, -0.729004, 0.376155, -0.571894, 0.0, 0.0, 0.0, 0.0, 1.0],
                [0.129095, -0.744933, -0.65453, 0.0, -0.672227, -0.550983, 0.494499, 0.4, -0.729003, 0.376155, -0.571894, -0.0, 0.0, 0.0, 0.0, 1.0],
                [0.129095, -0.744934, -0.65453, -0.0, -0.672227, -0.550983, 0.494499, 0.4, -0.729004, 0.376155, -0.571894, -0.0, 0.0, 0.0, 0.0, 1.0],
                [-0.301383, -0.879401, -0.368541, 0.0, -0.196006, -0.32112, 0.926533, 0.4, -0.933141, 0.351477, -0.075588, 0.0, 0.0, 0.0, 0.0, 1.0],
                [-0.327833, -0.885354, -0.329659, 0.0, -0.142388, -0.298653, 0.94368, 0.4, -0.933945, 0.356309, -0.028155, -0.0, 0.0, 0.0, 0.0, 1.0],
                [-0.33855, -0.887596, -0.312342, -0.0, -0.118878, -0.288938, 0.949939, 0.4, -0.93341, 0.358732, -0.007695, -0.0, 0.0, 0.0, 0.0, 1.0],
                [-0.342474, -0.888389, -0.30574, -0.0, -0.10997, -0.285278, 0.952115, 0.4, -0.93307, 0.359697, 4e-06, 0.0, 0.0, 0.0, 0.0, 1.0]
            ]
        },
        {
            "name": "Arm_L",
            "time": [0.0, 0.0833, 0.2167, 0.2833, 0.4333, 0.6167, 0.6833, 0.7833, 0.8667, 1.0, 1.2, 1.3333, 1.4167, 1.5],
            "transform": [
                [0.871769, 0.353615, 0.339078, -0.0, -0.346776, 0.934287, -0.082779, 0.39386, -0.346069, -0.04542, 0.937108, 0.0, 0.0, 0.0, 0.0, 1.0],
                [0.930295, 0.122209, 0.345854, -0.0, -0.171752, 0.978248, 0.11632, 0.39386, -0.324116, -0.167613, 0.93105, 0.0, 0.0, 0.0, 0.0, 1.0],
                [0.758756, 0.551023, 0.347365, -0.0, -0.618017, 0.77746, 0.116665, 0.39386, -0.205777, -0.303197, 0.930444, 0.0, 0.0, 0.0, 0.0, 1.0],
                [0.664066, 0.662872, 0.345855, -0.0, -0.731365, 0.671993, 0.11632, 0.39386, -0.155307, -0.33019, 0.93105, 0.0, 0.0, 0.0, 0.0, 1.0],
                [0.664066, 0.662872, 0.345855, 0.0, -0.731365, 0.671993, 0.11632, 0.39386, -0.155307, -0.33019, 0.93105, 0.0, 0.0, 0.0, 0.0, 1.0],
                [0.664066, 0.662872, 0.345855, -0.0, -0.731365, 0.671993, 0.11632, 0.39386, -0.155307, -0.33019, 0.93105, 0.0, 0.0, 0.0, 0.0, 1.0],
                [0.664066, 0.662872, 0.345855, 0.0, -0.731365, 0.671993, 0.11632, 0.39386, -0.155307, -0.33019, 0.93105, 0.0, 0.0, 0.0, 0.0, 1.0],
                [0.664067, 0.662872, 0.345855, -0.0, -0.731365, 0.671993, 0.11632, 0.39386, -0.155307, -0.33019, 0.93105, 0.0, 0.0, 0.0, 0.0, 1.0],
                [0.664066, 0.662872, 0.345855, 0.0, -0.731365, 0.671993, 0.11632, 0.39386, -0.155307, -0.33019, 0.93105, -0.0, 0.0, 0.0, 0.0, 1.0],
                [0.664067, 0.662872, 0.345855, -0.0, -0.731365, 0.671993, 0.11632, 0.393861, -0.155307, -0.33019, 0.93105, -0.0, 0.0, 0.0, 0.0, 1.0],
                [0.129607, 0.103189, 0.986181, -0.0, -0.927343, 0.364727, 0.083711, 0.39386, -0.351049, -0.925378, 0.142963, -0.0, 0.0, 0.0, 0.0, 1.0],
                [0.078567, 0.030323, 0.996447, 0.0, -0.937801, 0.341304, 0.063556, 0.39386, -0.338164, -0.939463, 0.055252, 0.0, 0.0, 0.0, 0.0, 1.0],
                [0.057038, -0.001329, 0.998371, -0.0, -0.941822, 0.331704, 0.054249, 0.39386, -0.331236, -0.943382, 0.017668, -0.0, 0.0, 0.0, 0.0, 1.0],
                [0.04902, -0.013263, 0.998709, -0.0, -0.943258, 0.328173, 0.050656, 0.39386, -0.328421, -0.944524, 0.003577, -0.0, 0.0, 0.0, 0.0, 1.0]
            ]
        },
        {
            "name": "Hand_L",
            "time": [0.0, 0.0833, 0.2167, 0.2833, 0.4333, 0.6167, 0.6833, 0.7833, 0.8667, 1.0, 1.2, 1.3333, 1.4167, 1.5],
            "transform": [
                [1.0, -0.0, -0.0, -0.0, 0.0, 0.811934, -0.58375, 0.300002, 0.0, 0.583751, 0.811934, -0.0, 0.0, 0.0, 0.0, 1.0],
                [1.0, 0.0, 0.0, 0.0, -0.0, 0.901161, -0.433487, 0.300002, 0.0, 0.433487, 0.90116, 0.0, 0.0, 0.0, 0.0, 1.0],
                [1.0, 0.0, 0.0, -0.0, -0.0, 0.674889, -0.73792, 0.300002, -0.0, 0.737921, 0.674888, 0.0, 0.0, 0.0, 0.0, 1.0],
                [1.0, 0.0, 0.0, 0.0, -0.0, 0.580982, -0.813917, 0.300002, -0.0, 0.813917, 0.580982, -0.0, 0.0, 0.0, 0.0, 1.0],
                [1.0, -0.0, 0.0, -0.0, 0.0, 0.580982, -0.813917, 0.300003, 0.0, 0.813917, 0.580982, 0.0, 0.0, 0.0, 0.0, 1.0],
                [1.0, 0.0, -0.0, 0.0, 0.0, 0.580982, -0.813917, 0.300003, -0.0, 0.813917, 0.580982, 0.0, 0.0, 0.0, 0.0, 1.0],
                [1.0, -0.0, -0.0, 0.0, 0.0, 0.580982, -0.813917, 0.300003, 0.0, 0.813917, 0.580982, 0.0, 0.0, 0.0, 0.0, 1.0],
                [1.0, 0.0, -0.0, -0.0, 0.0, 0.580982, -0.813917, 0.300002, 0.0, 0.813917, 0.580982, 0.0, 0.0, 0.0, 0.0, 1.0],
                [1.0, 0.0, 0.0, -0.0, 0.0, 0.580982, -0.813917, 0.300003, -0.0, 0.813918, 0.580982, -0.0, 0.0, 0.0, 0.0, 1.0],
                [1.0, -0.0, 0.0, 0.0, 0.0, 0.580982, -0.813917, 0.300003, -0.0, 0.813917, 0.580982, 0.0, 0.0, 0.0, 0.0, 1.0],
                [1.0, 0.0, 0.0, -0.0, 0.0, 0.450995, -0.892527, 0.300003, 0.0, 0.892528, 0.450994, -0.0, 0.0, 0.0, 0.0, 1.0],
                [1.0, -0.0, 0.0, 0.0, 0.0, 0.438964, -0.898505, 0.300003, 0.0, 0.898506, 0.438964, 0.0, 0.0, 0.0, 0.0, 1.0],
                [1.0, -0.0, 0.0, -0.0, -0.0, 0.433697, -0.901059, 0.300003, -0.0, 0.90106, 0.433697, 0.0, 0.0, 0.0, 0.0, 1.0],
                [1.0, -0.0, 0.0, 0.0, 1e-06, 0.431701, -0.902017, 0.300003, 0.0, 0.902018, 0.431701, -0.0, 0.0, 0.0, 0.0, 1.0]
            ]
        },
        {
            "name": "Tool_L",
            "time": [0.0, 0.0833, 0.2167, 0.2833, 0.4333, 0.6167, 0.6833, 0.7833, 0.8667, 1.0, 1.2, 1.3333, 1.4167, 1.5],
            "transform": [
                [1.0, 0.0, 0.0, -0.0, 0.0, -0.679166, -0.733956, 0.271205, -0.0, 0.733984, -0.67914, -0.0, 0.0, 0.0, 0.0, 1.0],
                [1.0, 0.0, 0.0, 0.0, -0.0, -0.679166, -0.733956, 0.271204, -0.0, 0.733984, -0.67914, 0.0, 0.0, 0.0, 0.0, 1.0],
                [1.0, 0.0, 0.0, -0.0, 0.0, -0.679166, -0.733956, 0.271205, 0.0, 0.733984, -0.67914, -0.0, 0.0, 0.0, 0.0, 1.0],
                [1.0, 0.0, 0.0, -0.0, 0.0, -0.679166, -0.733956, 0.271204, 0.0, 0.733984, -0.67914, -0.0, 0.0, 0.0, 0.0, 1.0],
                [1.0, -0.0, -0.0, 0.0, 0.0, -0.679166, -0.733956, 0.271205, -0.0, 0.733984, -0.67914, 0.0, 0.0, 0.0, 0.0, 1.0],
                [1.0, 0.0, 0.0, -0.0, -0.0, -0.679166, -0.733956, 0.271205, 0.0, 0.733984, -0.67914, 0.0, 0.0, 0.0, 0.0, 1.0],
                [1.0, -0.0, 0.0, 0.0, -0.0, -0.679166, -0.733956, 0.271205, -0.0, 0.733984, -0.67914, -0.0, 0.0, 0.0, 0.0, 1.0],
                [1.0, 0.0, -0.0, -0.0, 0.0, -0.679166, -0.733956, 0.271205, -0.0, 0.733984, -0.67914, 0.0, 0.0, 0.0, 0.0, 1.0],
                [1.0, -0.0, -0.0, -0.0, 0.0, -0.679166, -0.733956, 0.271205, 0.0, 0.733984, -0.67914, 0.0, 0.0, 0.0, 0.0, 1.0],
                [1.0, -0.0, 0.0, 0.0, -0.0, -0.679166, -0.733956, 0.271204, 0.0, 0.733984, -0.67914, -0.0, 0.0, 0.0, 0.0, 1.0],
