{
    "animation": [
        {
            "name": "Root",
            "time": [0.0, 0.0167, 0.0333, 0.05, 0.0667, 0.0833, 0.1, 0.1167, 0.1333, 0.15, 0.1667, 0.1833, 0.2, 0.2167, 0.2333, 0.25, 0.2667, 0.2833, 0.3, 0.3167, 0.3333, 0.35, 0.3667, 0.3833, 0.4, 0.4167, 0.4333, 0.45, 0.4667, 0.4833, 0.5, 0.5167, 0.5333, 0.55, 0.5667, 0.5833, 0.6, 0.6167, 0.6333, 0.65, 0.6667, 0.6833, 0.7, 0.7167, 0.7333, 0.75, 0.7667, 0.7833, 0.8, 0.8167, 0.8333],
            "transform": [
                [1.0, 0.0, 0.0, -9.2e-05, 0.0, 0.0, -1.0, 0.001111, 0.0, 1.0, 0.0, 0.73407, 0.0, 0.0, 0.0, 1.0],
                [1.0, 0.0, 0.0, -9.2e-05, 0.0, 0.0, -1.0, 0.001111, 0.0, 1.0, 0.0, 0.72045, 0.0, 0.0, 0.0, 1.0],
                [1.0, 0.0, 0.0, -9.2e-05, 0.0, 0.0, -1.0, 0.001111, 0.0, 1.0, 0.0, 0.706831, 0.0, 0.0, 0.0, 1.0],
                [1.0, 0.0, 0.0, -9.2e-05, 0.0, 0.0, -1.0, 0.001111, 0.0, 1.0, 0.0, 0.693211, 0.0, 0.0, 0.0, 1.0],
                [1.0, 0.0, 0.0, -9.2e-05, 0.0, 0.0, -1.0, 0.001111, 0.0, 1.0, 0.0, 0.679592, 0.0, 0.0, 0.0, 1.0],
                [1.0, 0.0, 0.0, -9.2e-05, 0.0, 0.0, -1.0, 0.001111, 0.0, 1.0, 0.0, 0.665972, 0.0, 0.0, 0.0, 1.0],
                [1.0, 0.0, 0.0, -9.2e-05, 0.0, 0.0, -1.0, 0.001111, 0.0, 1.0, 0.0, 0.652353, 0.0, 0.0, 0.0, 1.0],
                [1.0, 0.0, 0.0, -9.2e-05, 0.0, 0.0, -1.0, 0.001111, 0.0, 1.0, 0.0, 0.638733, 0.0, 0.0, 0.0, 1.0],
                [1.0, 0.0, 0.0, -9.2e-05, 0.0, 0.0, -1.0, 0.001111, 0.0, 1.0, 0.0, 0.625114, 0.0, 0.0, 0.0, 1.0],
                [1.0, 0.0, 0.0, -9.2e-05, 0.0, 0.0, -1.0, 0.001111, 0.0, 1.0, 0.0, 0.611495, 0.0, 0.0, 0.0, 1.0],
                [1.0, 0.0, 0.0, -9.2e-05, 0.0, 0.0, -1.0, 0.001111, 0.0, 1.0, 0.0, 0.597875, 0.0, 0.0, 0.0, 1.0],
                [1.0, 0.0, 0.0, -9.2e-05, 0.0, 0.0, -1.0, 0.001111, 0.0, 1.0, 0.0, 0.603887, 0.0, 0.0, 0.0, 1.0],
                [1.0, 0.0, 0.0, -9.2e-05, 0.0, 0.0, -1.0, 0.001111, 0.0, 1.0, 0.0, 0.6099, 0.0, 0.0, 0.0, 1.0],
                [1.0, 0.0, 0.0, -9.2e-05, 0.0, 0.0, -1.0, 0.001111, 0.0, 1.0, 0.0, 0.615912, 0.0, 0.0, 0.0, 1.0],
                [1.0, 0.0, 0.0, -9.2e-05, 0.0, 0.0, -1.0, 0.001111, 0.0, 1.0, 0.0, 0.621924, 0.0, 0.0, 0.0, 1.0],
                [1.0, 0.0, 0.0, -9.2e-05, 0.0, 0.0, -1.0, 0.001111, 0.0, 1.0, 0.0, 0.627936, 0.0, 0.0, 0.0, 1.0],
                [1.0, 0.0, 0.0, -9.2e-05, 0.0, 0.0, -1.0, 0.001111, 0.0, 1.0, 0.0, 0.636577, 0.0, 0.0, 0.0, 1.0],
                [1.0, 0.0, 0.0, -9.2e-05, 0.0, 0.0, -1.0, 0.001111, 0.0, 1.0, 0.0, 0.645219, 0.0, 0.0, 0.0, 1.0],
                [1.0, 0.0, 0.0, -9.2e-05, 0.0, 0.0, -1.0, 0.001111, 0.0, 1.0, 0.0, 0.65386, 0.0, 0.0, 0.0, 1.0],
                [1.0, 0.0, 0.0, -9.2e-05, 0.0, 0.0, -1.0, 0.001111, 0.0, 1.0, 0.0, 0.662502, 0.0, 0.0, 0.0, 1.0],
                [1.0, 0.0, 0.0, -9.2e-05, 0.0, 0.0, -1.0, 0.001111, 0.0, 1.0, 0.0, 0.671143, 0.0, 0.0, 0.0, 1.0],
                [1.0, 0.0, 0.0, -9.2e-05, 0.0, 0.0, -1.0, 0.001111, 0.0, 1.0, 0.0, 0.683728, 0.0, 0.0, 0.0, 1.0],
                [1.0, 0.0, 0.0, -9.2e-05, 0.0, 0.0, -1.0, 0.001111, 0.0, 1.0, 0.0, 0.696314, 0.0, 0.0, 0.0, 1.0],
                [1.0, 0.0, 0.0, -9.2e-05, 0.0, 0.0, -1.0, 0.001111, 0.0, 1.0, 0.0, 0.708899, 0.0, 0.0, 0.0, 1.0],
                [1.0, 0.0, 0.0, -9.2e-05, 0.0, 0.0, -1.0, 0.001111, 0.0, 1.0, 0.0, 0.721484, 0.0, 0.0, 0.0, 1.0],
                [1.0, 0.0, 0.0, -9.2e-05, 0.0, 0.0, -1.0, 0.001111, 0.0, 1.0, 0.0, 0.73407, 0.0, 0.0, 0.0, 1.0],
                [1.0, 0.0, 0.0, -9.2e-05, 0.0, 0.0, -1.0, 0.001111, 0.0, 1.0, 0.0, 0.72045, 0.0, 0.0, 0.0, 1.0],
                [1.0, 0.0, 0.0, -9.2e-05, 0.0, 0.0, -1.0, 0.001111, 0.0, 1.0, 0.0, 0.706831, 0.0, 0.0, 0.0, 1.0],
                [1.0, 0.0, 0.0, -9.2e-05, 0.0, 0.0, -1.0, 0.001111, 0.0, 1.0, 0.0, 0.693211, 0.0, 0.0, 0.0, 1.0],
                [1.0, 0.0, 0.0, -9.2e-05, 0.0, 0.0, -1.0, 0.001111, 0.0, 1.0, 0.0, 0.679592, 0.0, 0.0, 0.0, 1.0],
                [1.0, 0.0, 0.0, -9.2e-05, 0.0, 0.0, -1.0, 0.001111, 0.0, 1.0, 0.0, 0.665972, 0.0, 0.0, 0.0, 1.0],
                [1.0, 0.0, 0.0, -9.2e-05, 0.0, 0.0, -1.0, 0.001111, 0.0, 1.0, 0.0, 0.652353, 0.0, 0.0, 0.0, 1.0],
                [1.0, 0.0, 0.0, -9.2e-05, 0.0, 0.0, -1.0, 0.001111, 0.0, 1.0, 0.0, 0.638734, 0.0, 0.0, 0.0, 1.0],
                [1.0, 0.0, 0.0, -9.2e-05, 0.0, 0.0, -1.0, 0.001111, 0.0, 1.0, 0.0, 0.625114, 0.0, 0.0, 0.0, 1.0],
                [1.0, 0.0, 0.0, -9.2e-05, 0.0, 0.0, -1.0, 0.001111, 0.0, 1.0, 0.0, 0.611495, 0.0, 0.0, 0.0, 1.0],
                [1.0, 0.0, 0.0, -9.2e-05, 0.0, 0.0, -1.0, 0.001111, 0.0, 1.0, 0.0, 0.597875, 0.0, 0.0, 0.0, 1.0],
                [1.0, 0.0, 0.0, -9.2e-05, 0.0, 0.0, -1.0, 0.001111, 0.0, 1.0, 0.0, 0.603887, 0.0, 0.0, 0.0, 1.0],
                [1.0, 0.0, 0.0, -9.2e-05, 0.0, 0.0, -1.0, 0.001111, 0.0, 1.0, 0.0, 0.6099, 0.0, 0.0, 0.0, 1.0],
                [1.0, 0.0, 0.0, -9.2e-05, 0.0, 0.0, -1.0, 0.001111, 0.0, 1.0, 0.0, 0.615912, 0.0, 0.0, 0.0, 1.0],
                [1.0, 0.0, 0.0, -9.2e-05, 0.0, 0.0, -1.0, 0.001111, 0.0, 1.0, 0.0, 0.621924, 0.0, 0.0, 0.0, 1.0],
                [1.0, 0.0, 0.0, -9.2e-05, 0.0, 0.0, -1.0, 0.001111, 0.0, 1.0, 0.0, 0.627936, 0.0, 0.0, 0.0, 1.0],
                [1.0, 0.0, 0.0, -9.2e-05, 0.0, 0.0, -1.0, 0.001111, 0.0, 1.0, 0.0, 0.636577, 0.0, 0.0, 0.0, 1.0],
                [1.0, 0.0, 0.0, -9.2e-05, 0.0, 0.0, -1.0, 0.001111, 0.0, 1.0, 0.0, 0.645219, 0.0, 0.0, 0.0, 1.0],
                [1.0, 0.0, 0.0, -9.2e-05, 0.0, 0.0, -1.0, 0.001111, 0.0, 1.0, 0.0, 0.65386, 0.0, 0.0, 0.0, 1.0],
                [1.0, 0.0, 0.0, -9.2e-05, 0.0, 0.0, -1.0, 0.001111, 0.0, 1.0, 0.0, 0.662502, 0.0, 0.0, 0.0, 1.0],
                [1.0, 0.0, 0.0, -9.2e-05, 0.0, 0.0, -1.0, 0.001111, 0.0, 1.0, 0.0, 0.671143, 0.0, 0.0, 0.0, 1.0],
                [1.0, 0.0, 0.0, -9.2e-05, 0.0, 0.0, -1.0, 0.001111, 0.0, 1.0, 0.0, 0.683728, 0.0, 0.0, 0.0, 1.0],
                [1.0, 0.0, 0.0, -9.2e-05, 0.0, 0.0, -1.0, 0.001111, 0.0, 1.0, 0.0, 0.696314, 0.0, 0.0, 0.0, 1.0],
                [1.0, 0.0, 0.0, -9.2e-05, 0.0, 0.0, -1.0, 0.001111, 0.0, 1.0, 0.0, 0.708899, 0.0, 0.0, 0.0, 1.0],
                [1.0, 0.0, 0.0, -9.2e-05, 0.0, 0.0, -1.0, 0.001111, 0.0, 1.0, 0.0, 0.721484, 0.0, 0.0, 0.0, 1.0],
                [1.0, 0.0, 0.0, -9.2e-05, 0.0, 0.0, -1.0, 0.001111, 0.0, 1.0, 0.0, 0.73407, 0.0, 0.0, 0.0, 1.0]
            ]
        },
        {
            "name": "Thigh_R",
            "time": [0.0, 0.0167, 0.0333, 0.05, 0.0667, 0.0833, 0.1, 0.1167, 0.1333, 0.15, 0.1667, 0.1833, 0.2, 0.2167, 0.2333, 0.25, 0.2667, 0.2833, 0.3, 0.3167, 0.3333, 0.35, 0.3667, 0.3833, 0.4, 0.4167, 0.4333, 0.45, 0.4667, 0.4833, 0.5, 0.5167, 0.5333, 0.55, 0.5667, 0.5833, 0.6, 0.6167, 0.6333, 0.65, 0.6667, 0.6833, 0.7, 0.7167, 0.7333, 0.75, 0.7667, 0.7833, 0.8, 0.8167, 0.8333],
            "transform": [
                [0.99687, 0.057552, 0.054196, 0.126175, 0.022885, -0.866296, 0.499004, -5.8e-05, 0.075668, -0.496201, -0.864904, -0.010146, 0.0, 0.0, 0.0, 1.0],
                [0.997023, 0.054938, 0.054096, 0.126122, 0.01876, -0.853396, 0.520923, 0.000231, 0.074784, -0.518356, -0.851888, -0.010583, 0.0, 0.0, 0.0, 1.0],
                [0.997165, 0.05232, 0.054063, 0.126068, 0.014657, -0.83992, 0.542511, 0.000519, 0.073793, -0.54018, -0.838307, -0.01102, 0.0, 0.0, 0.0, 1.0],
                [0.997298, 0.049702, 0.054098, 0.126015, 0.010579, -0.825879, 0.563747, 0.000808, 0.072697, -0.56165, -0.824174, -0.011457, 0.0, 0.0, 0.0, 1.0],
                [0.997419, 0.047085, 0.054199, 0.125961, 0.006531, -0.811288, 0.584609, 0.001097, 0.071497, -0.582745, -0.809503, -0.011895, 0.0, 0.0, 0.0, 1.0],
                [0.99753, 0.044472, 0.054366, 0.125908, 0.002517, -0.796162, 0.605077, 0.001385, 0.070193, -0.603445, -0.794309, -0.012332, 0.0, 0.0, 0.0, 1.0],
                [0.997628, 0.041914, 0.054596, 0.125856, -0.001386, -0.780808, 0.624769, 0.001711, 0.068815, -0.623362, -0.778899, -0.012729, 0.0, 0.0, 0.0, 1.0],
                [0.997716, 0.03936, 0.054889, 0.125804, -0.005256, -0.764944, 0.644075, 0.002042, 0.067338, -0.642892, -0.762991, -0.013123, 0.0, 0.0, 0.0, 1.0],
                [0.997794, 0.036814, 0.055246, 0.125752, -0.009088, -0.748585, 0.662976, 0.002378, 0.065763, -0.662015, -0.746599, -0.013512, 0.0, 0.0, 0.0, 1.0],
                [0.997861, 0.034278, 0.055667, 0.1257, -0.012879, -0.731746, 0.681455, 0.002719, 0.064093, -0.680713, -0.72974, -0.013897, 0.0, 0.0, 0.0, 1.0],
                [0.997917, 0.031754, 0.05615, 0.125648, -0.016625, -0.714445, 0.699494, 0.003064, 0.062328, -0.698969, -0.71243, -0.014277, 0.0, 0.0, 0.0, 1.0],
                [0.998401, 0.027569, 0.049348, 0.125563, -0.014283, -0.721641, 0.69212, 0.002918, 0.054693, -0.691717, -0.720094, -0.014127, 0.0, 0.0, 0.0, 1.0],
                [0.998821, 0.023452, 0.042499, 0.12548, -0.01202, -0.728769, 0.684653, 0.002772, 0.047028, -0.684356, -0.727629, -0.013975, 0.0, 0.0, 0.0, 1.0],
                [0.999178, 0.019405, 0.035604, 0.125396, -0.009836, -0.735828, 0.677097, 0.002627, 0.039338, -0.67689, -0.735032, -0.013824, 0.0, 0.0, 0.0, 1.0],
                [0.99947, 0.01543, 0.028665, 0.125313, -0.007732, -0.742814, 0.669452, 0.002483, 0.031622, -0.669319, -0.742302, -0.01367, 0.0, 0.0, 0.0, 1.0],
                [0.999698, 0.011526, 0.021684, 0.125232, -0.005709, -0.749727, 0.661722, 0.002339, 0.023884, -0.661646, -0.749436, -0.013516, 0.0, 0.0, 0.0, 1.0],
                [0.999694, 0.010594, 0.022336, 0.125212, -0.005687, -0.780728, 0.624845, 0.00176, 0.024058, -0.62478, -0.78043, -0.012722, 0.0, 0.0, 0.0, 1.0],
                [0.99969, 0.009631, 0.022942, 0.125192, -0.005656, -0.809933, 0.586495, 0.00118, 0.02423, -0.586443, -0.809628, -0.011929, 0.0, 0.0, 0.0, 1.0],
                [0.999686, 0.008641, 0.023501, 0.125172, -0.005618, -0.837241, 0.546806, 0.0006, 0.024401, -0.546766, -0.83693, -0.011135, 0.0, 0.0, 0.0, 1.0],
                [0.999682, 0.007625, 0.024011, 0.125151, -0.005571, -0.862598, 0.505859, 6.9e-05, 0.024569, -0.505832, -0.862282, -0.010308, 0.0, 0.0, 0.0, 1.0],
                [0.999679, 0.006586, 0.024472, 0.125131, -0.005516, -0.885954, 0.46374, -0.000461, 0.024735, -0.463725, -0.885634, -0.009482, 0.0, 0.0, 0.0, 1.0],
                [0.999278, 0.007933, 0.037144, 0.125112, -0.00631, -0.929679, 0.368317, -0.000987, 0.037454, -0.368285, -0.928958, -0.007418, 0.0, 0.0, 0.0, 1.0],
                [0.99872, 0.00794, 0.049953, 0.125092, -0.005759, -0.963327, 0.268266, -0.001514, 0.050251, -0.26821, -0.962049, -0.005355, 0.0, 0.0, 0.0, 1.0],
                [0.998012, 0.006596, 0.062684, 0.125073, -0.003861, -0.986245, 0.165243, -0.00204, 0.062912, -0.165156, -0.984259, -0.003291, 0.0, 0.0, 0.0, 1.0],
                [0.997166, 0.003933, 0.075124, 0.125054, -0.000658, -0.998137, 0.061001, -0.002566, 0.075224, -0.060878, -0.995307, -0.001227, 0.0, 0.0, 0.0, 1.0],
                [0.996195, -2e-06, 0.087155, 0.125001, 0.003797, -0.999049, -0.043424, -0.002815, 0.087072, 0.04359, -0.995248, 0.000876, 0.0, 0.0, 0.0, 1.0],
                [0.996195, -2e-06, 0.087155, 0.125001, 0.007034, -0.996736, -0.080421, -0.002743, 0.086871, 0.080728, -0.992943, 0.001632, 0.0, 0.0, 0.0, 1.0],
                [0.996195, -2e-06, 0.087155, 0.125001, 0.010265, -0.993037, -0.117351, -0.002649, 0.086548, 0.117799, -0.989259, 0.002387, 0.0, 0.0, 0.0, 1.0],
                [0.996195, -2e-06, 0.087155, 0.125001, 0.013482, -0.98796, -0.154118, -0.002556, 0.086106, 0.154706, -0.984201, 0.003142, 0.0, 0.0, 0.0, 1.0],
                [0.996195, -2e-06, 0.087155, 0.125001, 0.016679, -0.981513, -0.190664, -0.002441, 0.085544, 0.191392, -0.977779, 0.003894, 0.0, 0.0, 0.0, 1.0],
                [0.996195, -2e-06, 0.087155, 0.125001, 0.01985, -0.973713, -0.226909, -0.002313, 0.084864, 0.227776, -0.970008, 0.004642, 0.0, 0.0, 0.0, 1.0],
                [0.996195, -2e-06, 0.087155, 0.125001, 0.022936, -0.964747, -0.262175, -0.002093, 0.084083, 0.263177, -0.961076, 0.005355, 0.0, 0.0, 0.0, 1.0],
                [0.996195, -2e-06, 0.087155, 0.125001, 0.025991, -0.954491, -0.297104, -0.001874, 0.083189, 0.298238, -0.950859, 0.006068, 0.0, 0.0, 0.0, 1.0],
                [0.996195, -1e-06, 0.087155, 0.125001, 0.029012, -0.942965, -0.331624, -0.001655, 0.082184, 0.332891, -0.939377, 0.00678, 0.0, 0.0, 0.0, 1.0],
                [0.996195, -1e-06, 0.087155, 0.125001, 0.031993, -0.930183, -0.365697, -0.001403, 0.08107, 0.367093, -0.926645, 0.007482, 0.0, 0.0, 0.0, 1.0],
                [0.996195, -1e-06, 0.087155, 0.125001, 0.034931, -0.916162, -0.399282, -0.001151, 0.079848, 0.400806, -0.912677, 0.008184, 0.0, 0.0, 0.0, 1.0],
                [0.996195, -1e-06, 0.087155, 0.125001, 0.032312, -0.928727, -0.369351, -0.001375, 0.080944, 0.370761, -0.925194, 0.007558, 0.0, 0.0, 0.0, 1.0],
                [0.996195, -1e-06, 0.087155, 0.125001, 0.029659, -0.940311, -0.339019, -0.001599, 0.081953, 0.340314, -0.936734, 0.006931, 0.0, 0.0, 0.0, 1.0],
                [0.996194, -1e-06, 0.087155, 0.125001, 0.026974, -0.950894, -0.308337, -0.001823, 0.082875, 0.309514, -0.947276, 0.006305, 0.0, 0.0, 0.0, 1.0],
                [0.996194, -2e-06, 0.087155, 0.125001, 0.024262, -0.960467, -0.277331, -0.002021, 0.08371, 0.27839, -0.956813, 0.00567, 0.0, 0.0, 0.0, 1.0],
                [0.996194, -2e-06, 0.087155, 0.125001, 0.021523, -0.969021, -0.246032, -0.002219, 0.084455, 0.246971, -0.965335, 0.005035, 0.0, 0.0, 0.0, 1.0],
                [0.996243, 0.003856, 0.086517, 0.125079, 0.02017, -0.981867, -0.188488, -0.002406, 0.084222, 0.189525, -0.978257, 0.00385, 0.0, 0.0, 0.0, 1.0],
                [0.996295, 0.00768, 0.085651, 0.125156, 0.018829, -0.991316, -0.130134, -0.002523, 0.083907, 0.131264, -0.98779, 0.002652, 0.0, 0.0, 0.0, 1.0],
                [0.996352, 0.011449, 0.084558, 0.125232, 0.017508, -0.997302, -0.07127, -0.00264, 0.083514, 0.072491, -0.993867, 0.001455, 0.0, 0.0, 0.0, 1.0],
                [0.996414, 0.015143, 0.083246, 0.125309, 0.016214, -0.999792, -0.012207, -0.002757, 0.083044, 0.013513, -0.996454, 0.000257, 0.0, 0.0, 0.0, 1.0],
                [0.996479, 0.018744, 0.081723, 0.125384, 0.014954, -0.998793, 0.046747, -0.002803, 0.0825, -0.04536, -0.995558, -0.000942, 0.0, 0.0, 0.0, 1.0],
                [0.996593, 0.027447, 0.07777, 0.125552, 0.016258, -0.989873, 0.141011, -0.002433, 0.080853, -0.139266, -0.986949, -0.002822, 0.0, 0.0, 0.0, 1.0],
                [0.996691, 0.035802, 0.07297, 0.125714, 0.017725, -0.971894, 0.234743, -0.001926, 0.079323, -0.232672, -0.969315, -0.004685, 0.0, 0.0, 0.0, 1.0],
                [0.99677, 0.043661, 0.067395, 0.125875, 0.019332, -0.945057, 0.326329, -0.001419, 0.07794, -0.323972, -0.942851, -0.006548, 0.0, 0.0, 0.0, 1.0],
                [0.99683, 0.050944, 0.061103, 0.126029, 0.02106, -0.909651, 0.414836, -0.000779, 0.076716, -0.412234, -0.907842, -0.008369, 0.0, 0.0, 0.0, 1.0],
                [0.99687, 0.057552, 0.054196, 0.126175, 0.022885, -0.866296, 0.499004, -5.8e-05, 0.075668, -0.496201, -0.864904, -0.010146, 0.0, 0.0, 0.0, 1.0]
            ]
        },
        {
            "name": "Leg_R",
            "time": [0.0, 0.0167, 0.0333, 0.05, 0.0667, 0.0833, 0.1, 0.1167, 0.1333, 0.15, 0.1667, 0.1833, 0.2, 0.2167, 0.2333, 0.25, 0.2667, 0.2833, 0.3, 0.3167, 0.3333, 0.35, 0.3667, 0.3833, 0.4, 0.4167, 0.4333, 0.45, 0.4667, 0.4833, 0.5, 0.5167, 0.5333, 0.55, 0.5667, 0.5833, 0.6, 0.6167, 0.6333, 0.65, 0.6667, 0.6833, 0.7, 0.7167, 0.7333, 0.75, 0.7667, 0.7833, 0.8, 0.8167, 0.8333],
            "transform": [
                [1.0, -0.0, 3e-06, 0.0, -2e-06, 0.375306, 0.9269, 0.374726, -1e-06, -0.926902, 0.375305, -0.0, 0.0, 0.0, 0.0, 1.0],
                [1.0, -0.0, 3e-06, 0.0, -2e-06, 0.429001, 0.903303, 0.374726, -1e-06, -0.903305, 0.429, 0.0, 0.0, 0.0, 0.0, 1.0],
                [1.0, 0.0, 2e-06, 0.0, -2e-06, 0.481355, 0.876526, 0.374726, -1e-06, -0.876527, 0.481354, 0.0, 0.0, 0.0, 0.0, 1.0],
                [1.0, 0.0, 2e-06, 0.0, -2e-06, 0.532087, 0.846689, 0.374726, -1e-06, -0.846691, 0.532085, -0.0, 0.0, 0.0, 0.0, 1.0],
                [1.0, 0.0, 2e-06, -0.0, -2e-06, 0.580934, 0.81395, 0.374726, -1e-06, -0.813952, 0.580933, -0.0, 0.0, 0.0, 0.0, 1.0],
                [1.0, 0.0, 2e-06, 0.0, -2e-06, 0.627654, 0.778492, 0.374726, -1e-06, -0.778494, 0.627653, 0.0, 0.0, 0.0, 0.0, 1.0],
                [1.0, 0.0, 2e-06, -0.0, -2e-06, 0.684946, 0.728594, 0.374726, -1e-06, -0.728595, 0.684945, -0.0, 0.0, 0.0, 0.0, 1.0],
                [1.0, 0.0, 2e-06, 0.0, -2e-06, 0.738508, 0.674244, 0.374726, -1e-06, -0.674245, 0.738507, -0.0, 0.0, 0.0, 0.0, 1.0],
                [1.0, 1e-06, 2e-06, -0.0, -2e-06, 0.787839, 0.615881, 0.374726, -1e-06, -0.615882, 0.787838, 0.0, 0.0, 0.0, 0.0, 1.0],
                [1.0, 1e-06, 2e-06, 0.0, -2e-06, 0.832508, 0.554014, 0.374726, -1e-06, -0.554015, 0.832507, -0.0, 0.0, 0.0, 0.0, 1.0],
                [1.0, 1e-06, 2e-06, -0.0, -2e-06, 0.872166, 0.489211, 0.374726, -1e-06, -0.489212, 0.872165, 0.0, 0.0, 0.0, 0.0, 1.0],
                [1.0, 1e-06, 2e-06, 0.0, -2e-06, 0.85357, 0.52098, 0.374726, -1e-06, -0.52098, 0.853569, 0.0, 0.0, 0.0, 0.0, 1.0],
                [1.0, 1e-06, 2e-06, 0.0, -2e-06, 0.833792, 0.552079, 0.374726, -1e-06, -0.552079, 0.833792, 0.0, 0.0, 0.0, 0.0, 1.0],
                [1.0, 1e-06, 2e-06, 0.0, -2e-06, 0.812883, 0.582428, 0.374726, -1e-06, -0.582428, 0.812882, 0.0, 0.0, 0.0, 0.0, 1.0],
                [1.0, 0.0, 2e-06, 0.0, -2e-06, 0.790873, 0.611981, 0.374726, -1e-06, -0.611981, 0.790872, -0.0, 0.0, 0.0, 0.0, 1.0],
                [1.0, 0.0, 2e-06, -0.0, -2e-06, 0.767813, 0.640674, 0.374726, -2e-06, -0.640674, 0.767813, -0.0, 0.0, 0.0, 0.0, 1.0],
                [1.0, 0.0, 2e-06, 0.0, -2e-06, 0.784391, 0.620267, 0.374726, -2e-06, -0.620267, 0.784391, 0.0, 0.0, 0.0, 0.0, 1.0],
                [1.0, 0.0, 2e-06, 0.0, -2e-06, 0.80043, 0.599427, 0.374726, -2e-06, -0.599427, 0.800429, 0.0, 0.0, 0.0, 0.0, 1.0],
                [1.0, 1e-06, 2e-06, -0.0, -2e-06, 0.815912, 0.578176, 0.374726, -2e-06, -0.578176, 0.815912, -0.0, 0.0, 0.0, 0.0, 1.0],
                [1.0, 1e-06, 2e-06, 0.0, -2e-06, 0.830829, 0.556527, 0.374726, -2e-06, -0.556527, 0.830829, 0.0, 0.0, 0.0, 0.0, 1.0],
                [1.0, 1e-06, 2e-06, -0.0, -2e-06, 0.845172, 0.534494, 0.374726, -2e-06, -0.534494, 0.845172, 0.0, 0.0, 0.0, 0.0, 1.0],
                [1.0, 1e-06, 2e-06, 0.0, -2e-06, 0.892161, 0.451718, 0.374726, -2e-06, -0.451718, 0.892161, 0.0, 0.0, 0.0, 0.0, 1.0],
                [1.0, 1e-06, 2e-06, -0.0, -2e-06, 0.931226, 0.364444, 0.374726, -1e-06, -0.364444, 0.931226, -0.0, 0.0, 0.0, 0.0, 1.0],
                [1.0, 1e-06, 2e-06, -0.0, -2e-06, 0.961776, 0.273837, 0.374726, -1e-06, -0.273837, 0.961776, 0.0, 0.0, 0.0, 0.0, 1.0],
                [1.0, 1e-06, 2e-06, -0.0, -1e-06, 0.983454, 0.181155, 0.374726, -1e-06, -0.181155, 0.983455, 0.0, 0.0, 0.0, 0.0, 1.0],
                [1.0, 1e-06, 1e-06, 0.0, -1e-06, 0.996194, 0.087157, 0.374726, -1e-06, -0.087157, 0.996195, -0.0, 0.0, 0.0, 0.0, 1.0],
                [1.0, 1e-06, 2e-06, -0.0, -1e-06, 0.993567, 0.113245, 0.374726, -1e-06, -0.113245, 0.993567, 0.0, 0.0, 0.0, 0.0, 1.0],
                [1.0, 1e-06, 2e-06, 0.0, -1e-06, 0.990254, 0.139271, 0.374726, -1e-06, -0.139271, 0.990254, -0.0, 0.0, 0.0, 0.0, 1.0],
                [1.0, 1e-06, 2e-06, 0.0, -1e-06, 0.98626, 0.165201, 0.374726, -1e-06, -0.165201, 0.98626, -0.0, 0.0, 0.0, 0.0, 1.0],
                [1.0, 1e-06, 2e-06, -0.0, -1e-06, 0.981587, 0.191015, 0.374726, -1e-06, -0.191015, 0.981587, 0.0, 0.0, 0.0, 0.0, 1.0],
                [1.0, 1e-06, 2e-06, -0.0, -1e-06, 0.976242, 0.216684, 0.374726, -1e-06, -0.216685, 0.976241, -0.0, 0.0, 0.0, 0.0, 1.0],
                [1.0, 1e-06, 2e-06, 0.0, -1e-06, 0.970247, 0.242117, 0.374726, -1e-06, -0.242117, 0.970247, 0.0, 0.0, 0.0, 0.0, 1.0],
                [1.0, 1e-06, 2e-06, 0.0, -1e-06, 0.963589, 0.267388, 0.374726, -1e-06, -0.267388, 0.963589, 0.0, 0.0, 0.0, 0.0, 1.0],
                [1.0, 1e-06, 2e-06, -0.0, -1e-06, 0.956274, 0.292472, 0.374726, -1e-06, -0.292473, 0.956273, 0.0, 0.0, 0.0, 0.0, 1.0],
                [1.0, 1e-06, 2e-06, 0.0, -1e-06, 0.948307, 0.317355, 0.374726, -1e-06, -0.317355, 0.948306, -0.0, 0.0, 0.0, 0.0, 1.0],
                [1.0, 1e-06, 2e-06, -0.0, -1e-06, 0.939693, 0.342021, 0.374726, -1e-06, -0.342021, 0.939692, 0.0, 0.0, 0.0, 0.0, 1.0],
                [1.0, 0.0, 2e-06, 0.0, -1e-06, 0.918692, 0.394976, 0.374726, -2e-06, -0.394977, 0.918691, -0.0, 0.0, 0.0, 0.0, 1.0],
                [1.0, 0.0, 2e-06, -0.0, -1e-06, 0.894689, 0.446691, 0.374726, -2e-06, -0.446692, 0.894687, -0.0, 0.0, 0.0, 0.0, 1.0],
                [1.0, -0.0, 2e-06, 0.0, -1e-06, 0.8678, 0.496914, 0.374726, -2e-06, -0.496915, 0.867799, -0.0, 0.0, 0.0, 0.0, 1.0],
                [1.0, -0.0, 2e-06, 0.0, -1e-06, 0.838108, 0.545505, 0.374726, -2e-06, -0.545506, 0.838107, 0.0, 0.0, 0.0, 0.0, 1.0],
                [1.0, -0.0, 2e-06, 0.0, -1e-06, 0.805698, 0.592327, 0.374726, -2e-06, -0.592328, 0.805697, 0.0, 0.0, 0.0, 0.0, 1.0],
                [1.0, -0.0, 2e-06, 0.0, -1e-06, 0.770439, 0.637514, 0.374726, -2e-06, -0.637515, 0.770438, 0.0, 0.0, 0.0, 0.0, 1.0],
                [1.0, 0.0, 2e-06, 0.0, -2e-06, 0.732553, 0.68071, 0.374726, -2e-06, -0.680712, 0.732552, -0.0, 0.0, 0.0, 0.0, 1.0],
                [1.0, 0.0, 2e-06, -0.0, -2e-06, 0.692214, 0.721693, 0.374726, -2e-06, -0.721694, 0.692212, -0.0, 0.0, 0.0, 0.0, 1.0],
                [1.0, 0.0, 2e-06, -0.0, -2e-06, 0.649621, 0.760258, 0.374726, -1e-06, -0.760259, 0.64962, 0.0, 0.0, 0.0, 0.0, 1.0],
                [1.0, 0.0, 2e-06, 0.0, -2e-06, 0.604998, 0.796227, 0.374726, -1e-06, -0.796229, 0.604996, 0.0, 0.0, 0.0, 0.0, 1.0],
                [1.0, 0.0, 2e-06, -0.0, -2e-06, 0.562023, 0.827121, 0.374726, -1e-06, -0.827123, 0.562022, 0.0, 0.0, 0.0, 0.0, 1.0],
                [1.0, 0.0, 2e-06, -0.0, -2e-06, 0.517363, 0.855765, 0.374726, -1e-06, -0.855767, 0.517362, 0.0, 0.0, 0.0, 0.0, 1.0],
                [1.0, 0.0, 2e-06, -0.0, -2e-06, 0.471247, 0.882001, 0.374726, -1e-06, -0.882003, 0.471246, -0.0, 0.0, 0.0, 0.0, 1.0],
                [1.0, 0.0, 2e-06, 0.0, -2e-06, 0.423821, 0.905746, 0.374726, -1e-06, -0.905747, 0.42382, -0.0, 0.0, 0.0, 0.0, 1.0],
                [1.0, -0.0, 3e-06, 0.0, -2e-06, 0.375306, 0.9269, 0.374726, -1e-06, -0.926902, 0.375305, -0.0, 0.0, 0.0, 0.0, 1.0]
            ]
        },
        {
            "name": "Knee_R",
            "time": [0.0, 0.0167, 0.0333, 0.05, 0.0667, 0.0833, 0.1, 0.1167, 0.1333, 0.15, 0.1667, 0.1833, 0.2, 0.2167, 0.2333, 0.25, 0.2667, 0.2833, 0.3, 0.3167, 0.3333, 0.35, 0.3667, 0.3833, 0.4, 0.4167, 0.4333, 0.45, 0.4667, 0.4833, 0.5, 0.5167, 0.5333, 0.55, 0.5667, 0.5833, 0.6, 0.6167, 0.6333, 0.65, 0.6667, 0.6833, 0.7, 0.7167, 0.7333, 0.75, 0.7667, 0.7833, 0.8, 0.8167, 0.8333],
            "transform": [
                [1.0, 1e-06, -1e-06, 0.0, -1e-06, 0.0, -1.0, 0.37472, -1e-06, 1.0, 0.0, -0.0, 0.0, 0.0, 0.0, 1.0],
                [1.0, 1e-06, -1e-06, 0.0, -1e-06, -0.0, -1.0, 0.37472, -1e-06, 1.0, 0.0, 0.0, 0.0, 0.0, 0.0, 1.0],
                [1.0, 1e-06, -1e-06, -0.0, -1e-06, 0.0, -1.0, 0.37472, -1e-06, 1.0, 0.0, 0.0, 0.0, 0.0, 0.0, 1.0],
                [1.0, 1e-06, -1e-06, -0.0, -1e-06, -0.0, -1.0, 0.37472, -1e-06, 1.0, 0.0, -0.0, 0.0, 0.0, 0.0, 1.0],
                [1.0, 1e-06, -1e-06, -0.0, -1e-06, -0.0, -1.0, 0.37472, -1e-06, 1.0, 0.0, -0.0, 0.0, 0.0, 0.0, 1.0],
                [1.0, 1e-06, -1e-06, -0.0, -1e-06, -0.0, -1.0, 0.37472, -1e-06, 1.0, 0.0, 0.0, 0.0, 0.0, 0.0, 1.0],
                [1.0, 1e-06, -1e-06, -0.0, -1e-06, -0.0, -1.0, 0.37472, -1e-06, 1.0, -0.0, -0.0, 0.0, 0.0, 0.0, 1.0],
                [1.0, 1e-06, -1e-06, 0.0, -1e-06, -0.0, -1.0, 0.37472, -1e-06, 1.0, 0.0, -0.0, 0.0, 0.0, 0.0, 1.0],
                [1.0, 1e-06, -1e-06, 0.0, -1e-06, 0.0, -1.0, 0.37472, -1e-06, 1.0, -0.0, 0.0, 0.0, 0.0, 0.0, 1.0],
                [1.0, 1e-06, -1e-06, -0.0, -1e-06, -0.0, -1.0, 0.37472, -1e-06, 1.0, 0.0, 0.0, 0.0, 0.0, 0.0, 1.0],
                [1.0, 1e-06, -1e-06, -0.0, -1e-06, 0.0, -1.0, 0.37472, -1e-06, 1.0, 0.0, 0.0, 0.0, 0.0, 0.0, 1.0],
                [1.0, 1e-06, -1e-06, 0.0, -1e-06, -0.0, -1.0, 0.37472, -1e-06, 1.0, -0.0, 0.0, 0.0, 0.0, 0.0, 1.0],
                [1.0, 1e-06, -1e-06, 0.0, -1e-06, -0.0, -1.0, 0.37472, -1e-06, 1.0, 0.0, -0.0, 0.0, 0.0, 0.0, 1.0],
                [1.0, 1e-06, -1e-06, -0.0, -1e-06, -0.0, -1.0, 0.37472, -1e-06, 1.0, -0.0, 0.0, 0.0, 0.0, 0.0, 1.0],
                [1.0, 1e-06, -1e-06, -0.0, -1e-06, -0.0, -1.0, 0.37472, -1e-06, 1.0, 0.0, 0.0, 0.0, 0.0, 0.0, 1.0],
                [1.0, 1e-06, -1e-06, -0.0, -1e-06, -0.0, -1.0, 0.37472, -1e-06, 1.0, -0.0, -0.0, 0.0, 0.0, 0.0, 1.0],
                [1.0, 1e-06, -1e-06, 0.0, -1e-06, -0.0, -1.0, 0.37472, -1e-06, 1.0, -0.0, 0.0, 0.0, 0.0, 0.0, 1.0],
                [1.0, 1e-06, -1e-06, 0.0, -1e-06, 0.0, -1.0, 0.37472, -1e-06, 1.0, -0.0, 0.0, 0.0, 0.0, 0.0, 1.0],
                [1.0, 1e-06, -1e-06, -0.0, -1e-06, -0.0, -1.0, 0.37472, -1e-06, 1.0, 0.0, -0.0, 0.0, 0.0, 0.0, 1.0],
                [1.0, 1e-06, -1e-06, 0.0, -1e-06, -0.0, -1.0, 0.37472, -1e-06, 1.0, 0.0, 0.0, 0.0, 0.0, 0.0, 1.0],
                [1.0, 1e-06, -1e-06, -0.0, -1e-06, -0.0, -1.0, 0.37472, -1e-06, 1.0, 0.0, 0.0, 0.0, 0.0, 0.0, 1.0],
                [1.0, 1e-06, -1e-06, 0.0, -1e-06, -0.0, -1.0, 0.37472, -1e-06, 1.0, -0.0, 0.0, 0.0, 0.0, 0.0, 1.0],
                [1.0, 1e-06, -1e-06, -0.0, -1e-06, -0.0, -1.0, 0.37472, -1e-06, 1.0, -0.0, -0.0, 0.0, 0.0, 0.0, 1.0],
                [1.0, 1e-06, -1e-06, 0.0, -1e-06, -0.0, -1.0, 0.37472, -1e-06, 1.0, 0.0, 0.0, 0.0, 0.0, 0.0, 1.0],
                [1.0, 1e-06, -1e-06, -0.0, -1e-06, -0.0, -1.0, 0.37472, -1e-06, 1.0, 0.0, -0.0, 0.0, 0.0, 0.0, 1.0],
                [1.0, 1e-06, -1e-06, 0.0, -1e-06, -0.0, -1.0, 0.37472, -1e-06, 1.0, 0.0, 0.0, 0.0, 0.0, 0.0, 1.0],
                [1.0, 1e-06, -1e-06, -0.0, -1e-06, -0.0, -1.0, 0.37472, -1e-06, 1.0, 0.0, 0.0, 0.0, 0.0, 0.0, 1.0],
                [1.0, 1e-06, -1e-06, 0.0, -1e-06, -0.0, -1.0, 0.37472, -1e-06, 1.0, 0.0, 0.0, 0.0, 0.0, 0.0, 1.0],
                [1.0, 1e-06, -1e-06, 0.0, -1e-06, -0.0, -1.0, 0.37472, -1e-06, 1.0, 0.0, -0.0, 0.0, 0.0, 0.0, 1.0],
                [1.0, 1e-06, -1e-06, -0.0, -1e-06, -0.0, -1.0, 0.37472, -1e-06, 1.0, 0.0, 0.0, 0.0, 0.0, 0.0, 1.0],
                [1.0, 1e-06, -1e-06, -0.0, -1e-06, -0.0, -1.0, 0.37472, -1e-06, 1.0, 0.0, -0.0, 0.0, 0.0, 0.0, 1.0],
                [1.0, 1e-06, -1e-06, 0.0, -1e-06, 0.0, -1.0, 0.37472, -1e-06, 1.0, 0.0, 0.0, 0.0, 0.0, 0.0, 1.0],
                [1.0, 1e-06, -1e-06, 0.0, -1e-06, -0.0, -1.0, 0.37472, -1e-06, 1.0, -0.0, 0.0, 0.0, 0.0, 0.0, 1.0],
                [1.0, 1e-06, -1e-06, 0.0, -1e-06, -0.0, -1.0, 0.37472, -1e-06, 1.0, 0.0, -0.0, 0.0, 0.0, 0.0, 1.0],
                [1.0, 1e-06, -1e-06, 0.0, -1e-06, 0.0, -1.0, 0.37472, -1e-06, 1.0, 0.0, -0.0, 0.0, 0.0, 0.0, 1.0],
                [1.0, 1e-06, -1e-06, -0.0, -1e-06, -0.0, -1.0, 0.37472, -1e-06, 1.0, 0.0, 0.0, 0.0, 0.0, 0.0, 1.0],
                [1.0, 1e-06, -1e-06, 0.0, -1e-06, -0.0, -1.0, 0.37472, -1e-06, 1.0, 0.0, -0.0, 0.0, 0.0, 0.0, 1.0],
                [1.0, 1e-06, -1e-06, -0.0, -1e-06, -0.0, -1.0, 0.37472, -1e-06, 1.0, 0.0, -0.0, 0.0, 0.0, 0.0, 1.0],
                [1.0, 1e-06, -1e-06, 0.0, -1e-06, -0.0, -1.0, 0.37472, -1e-06, 1.0, 0.0, -0.0, 0.0, 0.0, 0.0, 1.0],
                [1.0, 1e-06, -1e-06, 0.0, -1e-06, -0.0, -1.0, 0.37472, -1e-06, 1.0, 0.0, 0.0, 0.0, 0.0, 0.0, 1.0],
                [1.0, 1e-06, -1e-06, -0.0, -1e-06, -0.0, -1.0, 0.37472, -1e-06, 1.0, 0.0, 0.0, 0.0, 0.0, 0.0, 1.0],
                [1.0, 1e-06, -1e-06, -0.0, -1e-06, -0.0, -1.0, 0.37472, -1e-06, 1.0, 0.0, 0.0, 0.0, 0.0, 0.0, 1.0],
                [1.0, 1e-06, -1e-06, 0.0, -1e-06, -0.0, -1.0, 0.37472, -1e-06, 1.0, 0.0, -0.0, 0.0, 0.0, 0.0, 1.0],
                [1.0, 1e-06, -1e-06, 0.0, -1e-06, -0.0, -1.0, 0.37472, -1e-06, 1.0, 0.0, 0.0, 0.0, 0.0, 0.0, 1.0],
                [1.0, 1e-06, -1e-06, -0.0, -1e-06, -0.0, -1.0, 0.37472, -1e-06, 1.0, 0.0, -0.0, 0.0, 0.0, 0.0, 1.0],
                [1.0, 1e-06, -1e-06, 0.0, -1e-06, -0.0, -1.0, 0.37472, -1e-06, 1.0, 0.0, -0.0, 0.0, 0.0, 0.0, 1.0],
                [1.0, 1e-06, -1e-06, 0.0, -1e-06, -0.0, -1.0, 0.37472, -1e-06, 1.0, -0.0, 0.0, 0.0, 0.0, 0.0, 1.0],
                [1.0, 1e-06, -1e-06, -0.0, -1e-06, -0.0, -1.0, 0.37472, -1e-06, 1.0, 0.0, 0.0, 0.0, 0.0, 0.0, 1.0],
                [1.0, 1e-06, -1e-06, -0.0, -1e-06, 0.0, -1.0, 0.37472, -1e-06, 1.0, 0.0, 0.0, 0.0, 0.0, 0.0, 1.0],
                [1.0, 1e-06, -1e-06, 0.0, -1e-06, 0.0, -1.0, 0.37472, -1e-06, 1.0, 0.0, 0.0, 0.0, 0.0, 0.0, 1.0],
                [1.0, 1e-06, -1e-06, 0.0, -1e-06, 0.0, -1.0, 0.37472, -1e-06, 1.0, 0.0, -0.0, 0.0, 0.0, 0.0, 1.0]
            ]
        },
        {
            "name": "Thigh_L",
            "time": [0.0, 0.0167, 0.0333, 0.05, 0.0667, 0.0833, 0.1, 0.1167, 0.1333, 0.15, 0.1667, 0.1833, 0.2, 0.2167, 0.2333, 0.25, 0.2667, 0.2833, 0.3, 0.3167, 0.3333, 0.35, 0.3667, 0.3833, 0.4, 0.4167, 0.4333, 0.45, 0.4667, 0.4833, 0.5, 0.5167, 0.5333, 0.55, 0.5667, 0.5833, 0.6, 0.6167, 0.6333, 0.65, 0.6667, 0.6833, 0.7, 0.7167, 0.7333, 0.75, 0.7667, 0.7833, 0.8, 0.8167, 0.8333],
            "transform": [
                [0.996195, -1e-06, -0.087156, -0.125013, -0.0038, -0.999049, -0.043424, -0.002815, -0.087073, 0.04359, -0.995248, 0.000883, 0.0, 0.0, 0.0, 1.0],
                [0.996195, -1e-06, -0.087156, -0.125013, -0.007036, -0.996736, -0.080421, -0.002714, -0.086871, 0.080728, -0.992943, 0.001637, 0.0, 0.0, 0.0, 1.0],
                [0.996195, -1e-06, -0.087156, -0.125013, -0.010267, -0.993038, -0.117344, -0.002613, -0.086549, 0.117793, -0.989259, 0.00239, 0.0, 0.0, 0.0, 1.0],
                [0.996195, -1e-06, -0.087156, -0.125013, -0.013484, -0.98796, -0.154118, -0.002513, -0.086106, 0.154706, -0.984201, 0.003143, 0.0, 0.0, 0.0, 1.0],
                [0.996195, -1e-06, -0.087156, -0.125013, -0.016682, -0.981513, -0.190665, -0.002412, -0.085544, 0.191393, -0.977779, 0.003897, 0.0, 0.0, 0.0, 1.0],
                [0.996195, -1e-06, -0.087156, -0.125013, -0.019853, -0.973713, -0.226909, -0.002311, -0.084865, 0.227776, -0.970008, 0.00465, 0.0, 0.0, 0.0, 1.0],
                [0.996195, -1e-06, -0.087156, -0.125013, -0.022936, -0.964753, -0.262152, -0.002105, -0.084084, 0.263154, -0.961083, 0.005366, 0.0, 0.0, 0.0, 1.0],
                [0.996194, -1e-06, -0.087156, -0.125013, -0.025992, -0.954498, -0.297081, -0.001885, -0.08319, 0.298216, -0.950866, 0.006079, 0.0, 0.0, 0.0, 1.0],
                [0.996194, -1e-06, -0.087156, -0.125013, -0.029014, -0.942965, -0.331624, -0.001652, -0.082185, 0.332891, -0.939377, 0.006788, 0.0, 0.0, 0.0, 1.0],
                [0.996194, -1e-06, -0.087156, -0.125013, -0.031996, -0.930176, -0.365714, -0.001407, -0.08107, 0.367111, -0.926638, 0.007492, 0.0, 0.0, 0.0, 1.0],
                [0.996194, -1e-06, -0.087156, -0.125013, -0.034933, -0.916162, -0.399282, -0.001148, -0.079849, 0.400807, -0.912676, 0.008191, 0.0, 0.0, 0.0, 1.0],
                [0.996194, -1e-06, -0.087156, -0.125013, -0.032316, -0.928721, -0.369367, -0.001382, -0.080943, 0.370777, -0.925188, 0.007569, 0.0, 0.0, 0.0, 1.0],
                [0.996194, -1e-06, -0.087156, -0.125013, -0.029662, -0.940306, -0.339032, -0.001601, -0.081953, 0.340327, -0.936729, 0.00694, 0.0, 0.0, 0.0, 1.0],
                [0.996194, -1e-06, -0.087156, -0.125013, -0.026977, -0.950894, -0.308337, -0.00182, -0.082876, 0.309514, -0.947276, 0.006312, 0.0, 0.0, 0.0, 1.0],
                [0.996194, -1e-06, -0.087156, -0.125013, -0.024263, -0.96047, -0.277319, -0.002024, -0.08371, 0.278378, -0.956817, 0.005679, 0.0, 0.0, 0.0, 1.0],
                [0.996194, -1e-06, -0.087156, -0.125013, -0.021526, -0.969021, -0.246032, -0.002217, -0.084456, 0.246971, -0.965335, 0.005043, 0.0, 0.0, 0.0, 1.0],
                [0.996243, -0.003865, -0.086517, -0.125091, -0.02017, -0.981886, -0.188387, -0.002369, -0.084222, 0.189424, -0.978277, 0.00385, 0.0, 0.0, 0.0, 1.0],
                [0.996295, -0.007689, -0.08565, -0.125168, -0.018829, -0.99133, -0.130031, -0.002522, -0.083907, 0.131162, -0.987804, 0.002657, 0.0, 0.0, 0.0, 1.0],
                [0.996352, -0.011451, -0.084559, -0.125245, -0.017511, -0.997302, -0.07127, -0.002674, -0.083515, 0.072491, -0.993867, 0.001465, 0.0, 0.0, 0.0, 1.0],
                [0.996414, -0.015141, -0.083249, -0.12532, -0.016218, -0.999791, -0.012284, -0.002738, -0.083046, 0.01359, -0.996453, 0.000265, 0.0, 0.0, 0.0, 1.0],
                [0.996478, -0.018746, -0.081723, -0.125396, -0.014956, -0.998793, 0.046746, -0.002801, -0.082501, -0.045359, -0.995558, -0.000935, 0.0, 0.0, 0.0, 1.0],
                [0.996593, -0.027479, -0.077756, -0.125557, -0.016265, -0.989827, 0.141332, -0.002295, -0.080848, -0.139585, -0.986904, -0.002792, 0.0, 0.0, 0.0, 1.0],
                [0.996691, -0.035832, -0.072953, -0.125718, -0.017733, -0.971818, 0.235058, -0.001789, -0.079319, -0.232986, -0.96924, -0.004649, 0.0, 0.0, 0.0, 1.0],
                [0.99677, -0.043689, -0.067375, -0.125879, -0.019339, -0.944951, 0.326636, -0.001283, -0.077937, -0.324277, -0.942746, -0.006506, 0.0, 0.0, 0.0, 1.0],
                [0.99683, -0.050946, -0.061104, -0.126041, -0.021062, -0.909651, 0.414837, -0.000777, -0.076717, -0.412234, -0.907842, -0.008362, 0.0, 0.0, 0.0, 1.0],
                [0.99687, -0.057554, -0.054196, -0.126187, -0.022887, -0.866296, 0.499004, -5.6e-05, -0.07567, -0.496201, -0.864904, -0.010139, 0.0, 0.0, 0.0, 1.0],
                [0.997023, -0.05494, -0.054097, -0.126133, -0.018762, -0.853396, 0.520923, 0.000221, -0.074786, -0.518356, -0.851888, -0.010584, 0.0, 0.0, 0.0, 1.0],
                [0.997166, -0.052322, -0.054064, -0.12608, -0.014658, -0.839918, 0.542513, 0.000507, -0.073795, -0.540181, -0.838306, -0.011023, 0.0, 0.0, 0.0, 1.0],
                [0.997298, -0.049704, -0.054098, -0.126026, -0.010581, -0.825879, 0.563747, 0.000792, -0.072699, -0.56165, -0.824174, -0.011462, 0.0, 0.0, 0.0, 1.0],
                [0.997419, -0.047087, -0.054199, -0.125973, -0.006533, -0.811288, 0.584609, 0.001086, -0.071499, -0.582745, -0.809503, -0.011896, 0.0, 0.0, 0.0, 1.0],
                [0.99753, -0.044474, -0.054367, -0.12592, -0.002519, -0.796162, 0.605077, 0.001386, -0.070195, -0.603445, -0.794309, -0.012326, 0.0, 0.0, 0.0, 1.0],
                [0.997628, -0.041915, -0.054596, -0.125868, 0.001386, -0.780803, 0.624775, 0.001716, -0.068816, -0.623368, -0.778894, -0.012719, 0.0, 0.0, 0.0, 1.0],
                [0.997716, -0.039362, -0.054889, -0.125815, 0.005256, -0.764939, 0.644081, 0.002047, -0.067339, -0.642897, -0.762986, -0.013113, 0.0, 0.0, 0.0, 1.0],
                [0.997794, -0.036817, -0.055246, -0.125763, 0.009087, -0.748585, 0.662976, 0.002377, -0.065765, -0.662014, -0.746599, -0.013506, 0.0, 0.0, 0.0, 1.0],
                [0.997861, -0.034281, -0.055667, -0.125712, 0.012877, -0.73175, 0.68145, 0.00272, -0.064095, -0.680709, -0.729744, -0.013889, 0.0, 0.0, 0.0, 1.0],
                [0.997917, -0.031757, -0.056151, -0.12566, 0.016623, -0.714445, 0.699493, 0.003063, -0.06233, -0.698969, -0.71243, -0.014272, 0.0, 0.0, 0.0, 1.0],
                [0.998401, -0.027571, -0.049348, -0.125576, 0.014282, -0.721642, 0.692119, 0.002917, -0.054694, -0.691716, -0.720095, -0.014121, 0.0, 0.0, 0.0, 1.0],
                [0.998821, -0.023454, -0.042499, -0.125492, 0.012019, -0.72877, 0.684652, 0.002772, -0.04703, -0.684355, -0.72763, -0.013971, 0.0, 0.0, 0.0, 1.0],
                [0.999177, -0.019408, -0.035604, -0.125408, 0.009835, -0.735828, 0.677097, 0.002626, -0.039339, -0.676889, -0.735032, -0.01382, 0.0, 0.0, 0.0, 1.0],
                [0.99947, -0.015432, -0.028666, -0.125326, 0.007731, -0.742814, 0.669453, 0.002483, -0.031625, -0.669319, -0.742301, -0.013667, 0.0, 0.0, 0.0, 1.0],
                [0.999698, -0.011528, -0.021684, -0.125244, 0.005707, -0.749727, 0.661722, 0.002339, -0.023886, -0.661646, -0.749436, -0.013514, 0.0, 0.0, 0.0, 1.0],
                [0.999694, -0.010598, -0.022335, -0.125224, 0.005685, -0.780693, 0.624888, 0.001741, -0.024059, -0.624824, -0.780395, -0.012735, 0.0, 0.0, 0.0, 1.0],
                [0.99969, -0.009635, -0.022942, -0.125204, 0.005655, -0.8099, 0.58654, 0.00118, -0.024232, -0.586488, -0.809595, -0.011927, 0.0, 0.0, 0.0, 1.0],
                [0.999686, -0.008643, -0.023501, -0.125184, 0.005616, -0.837241, 0.546805, 0.000619, -0.024402, -0.546766, -0.83693, -0.01112, 0.0, 0.0, 0.0, 1.0],
                [0.999682, -0.007626, -0.024012, -0.125163, 0.005569, -0.862619, 0.505823, 5.8e-05, -0.024571, -0.505796, -0.862303, -0.010312, 0.0, 0.0, 0.0, 1.0],
                [0.999679, -0.006588, -0.024473, -0.125143, 0.005514, -0.885954, 0.463739, -0.000462, -0.024737, -0.463725, -0.885634, -0.009479, 0.0, 0.0, 0.0, 1.0],
                [0.99928, -0.007933, -0.037091, -0.125144, 0.006307, -0.929516, 0.368728, -0.001146, -0.037402, -0.368696, -0.928797, -0.007474, 0.0, 0.0, 0.0, 1.0],
                [0.998723, -0.007946, -0.0499, -0.125125, 0.005762, -0.963208, 0.268693, -0.001675, -0.050199, -0.268637, -0.961933, -0.0054, 0.0, 0.0, 0.0, 1.0],
                [0.998015, -0.006607, -0.062632, -0.125106, 0.003869, -0.986172, 0.16568, -0.002204, -0.06286, -0.165593, -0.984189, -0.003327, 0.0, 0.0, 0.0, 1.0],
                [0.997166, -0.003936, -0.075124, -0.125066, 0.000656, -0.998137, 0.061001, -0.002566, -0.075225, -0.060878, -0.995307, -0.001221, 0.0, 0.0, 0.0, 1.0],
                [0.996195, -1e-06, -0.087156, -0.125013, -0.0038, -0.999049, -0.043424, -0.002815, -0.087073, 0.04359, -0.995248, 0.000883, 0.0, 0.0, 0.0, 1.0]
            ]
        },
        {
            "name": "Leg_L",
            "time": [0.0, 0.0167, 0.0333, 0.05, 0.0667, 0.0833, 0.1, 0.1167, 0.1333, 0.15, 0.1667, 0.1833, 0.2, 0.2167, 0.2333, 0.25, 0.2667, 0.2833, 0.3, 0.3167, 0.3333, 0.35, 0.3667, 0.3833, 0.4, 0.4167, 0.4333, 0.45, 0.4667, 0.4833, 0.5, 0.5167, 0.5333, 0.55, 0.5667, 0.5833, 0.6, 0.6167, 0.6333, 0.65, 0.6667, 0.6833, 0.7, 0.7167, 0.7333, 0.75, 0.7667, 0.7833, 0.8, 0.8167, 0.8333],
            "transform": [
                [1.0, -0.0, 1e-06, -0.0, -0.0, 0.996194, 0.087156, 0.374726, -1e-06, -0.087156, 0.996195, -0.0, 0.0, 0.0, 0.0, 1.0],
                [1.0, -0.0, 1e-06, 0.0, -0.0, 0.993567, 0.113244, 0.374726, -1e-06, -0.113244, 0.993567, 0.0, 0.0, 0.0, 0.0, 1.0],
                [1.0, -0.0, 1e-06, 0.0, -0.0, 0.990255, 0.139268, 0.374726, -1e-06, -0.139268, 0.990255, -0.0, 0.0, 0.0, 0.0, 1.0],
                [1.0, -0.0, 1e-06, 0.0, -0.0, 0.98626, 0.1652, 0.374726, -1e-06, -0.1652, 0.98626, 0.0, 0.0, 0.0, 0.0, 1.0],
                [1.0, -0.0, 1e-06, 0.0, -0.0, 0.981587, 0.191015, 0.374726, -1e-06, -0.191015, 0.981587, -0.0, 0.0, 0.0, 0.0, 1.0],
                [1.0, -0.0, 1e-06, 0.0, -0.0, 0.976242, 0.216684, 0.374726, -1e-06, -0.216684, 0.976242, 0.0, 0.0, 0.0, 0.0, 1.0],
                [1.0, -0.0, 1e-06, 0.0, -0.0, 0.97025, 0.242108, 0.374726, -1e-06, -0.242108, 0.970249, 0.0, 0.0, 0.0, 0.0, 1.0],
                [1.0, -0.0, 1e-06, -0.0, -0.0, 0.963592, 0.267379, 0.374726, -1e-06, -0.267379, 0.963591, -0.0, 0.0, 0.0, 0.0, 1.0],
                [1.0, -0.0, 1e-06, 0.0, -0.0, 0.956274, 0.292472, 0.374726, -1e-06, -0.292472, 0.956274, -0.0, 0.0, 0.0, 0.0, 1.0],
                [1.0, -0.0, 1e-06, -0.0, -0.0, 0.948305, 0.317361, 0.374726, -1e-06, -0.317361, 0.948304, 0.0, 0.0, 0.0, 0.0, 1.0],
                [1.0, -0.0, 1e-06, 0.0, -0.0, 0.939693, 0.34202, 0.374726, -1e-06, -0.342021, 0.939692, 0.0, 0.0, 0.0, 0.0, 1.0],
                [1.0, -0.0, 1e-06, 0.0, -0.0, 0.918728, 0.394891, 0.374726, -1e-06, -0.394892, 0.918727, -0.0, 0.0, 0.0, 0.0, 1.0],
                [1.0, -0.0, 1e-06, 0.0, -0.0, 0.89472, 0.446629, 0.374726, -1e-06, -0.446629, 0.894718, -0.0, 0.0, 0.0, 0.0, 1.0],
                [1.0, -0.0, 1e-06, 0.0, -0.0, 0.8678, 0.496914, 0.374726, -1e-06, -0.496914, 0.867799, 0.0, 0.0, 0.0, 0.0, 1.0],
                [1.0, -0.0, 1e-06, -0.0, -0.0, 0.83807, 0.545563, 0.374726, -1e-06, -0.545564, 0.838069, 0.0, 0.0, 0.0, 0.0, 1.0],
