{
    "animation": [
        {
            "name": "Root",
            "time": [0.0, 0.05, 0.1, 0.1667, 0.1833, 0.2167, 0.2667, 0.2833, 0.3, 0.3167, 0.3333, 0.35, 0.3667, 0.3833, 0.4, 0.4167, 0.4333, 0.45, 0.4667, 0.4833, 0.5, 0.5167],
            "transform": [
                [0.966146, 0.102083, -0.236939, -5e-06, -0.208123, -0.234353, -0.949612, 0.000946, -0.152467, 0.966777, -0.205173, 0.726967, 0.0, 0.0, 0.0, 1.0],
                [0.966146, 0.102083, -0.236939, -5e-06, -0.208123, -0.234353, -0.949612, 0.000946, -0.152467, 0.966777, -0.205173, 0.761195, 0.0, 0.0, 0.0, 1.0],
                [0.966146, 0.102083, -0.236939, -5e-06, -0.208123, -0.234353, -0.949612, 0.000946, -0.152467, 0.966777, -0.205173, 0.779772, 0.0, 0.0, 0.0, 1.0],
                [0.966146, 0.102083, -0.236939, -5e-06, -0.208123, -0.234353, -0.949612, 0.000946, -0.152467, 0.966777, -0.205173, 0.758604, 0.0, 0.0, 0.0, 1.0],
                [0.966146, 0.102083, -0.236939, -5e-06, -0.208123, -0.234353, -0.949612, 0.000946, -0.152467, 0.966777, -0.205173, 0.721957, 0.0, 0.0, 0.0, 1.0],
                [0.966146, 0.102083, -0.236939, -5e-06, -0.208123, -0.234353, -0.949612, 0.000946, -0.152467, 0.966777, -0.205173, 0.675263, 0.0, 0.0, 0.0, 1.0],
                [0.966146, 0.102083, -0.236939, -5e-06, -0.208123, -0.234353, -0.949612, 0.000946, -0.152467, 0.966777, -0.205173, 0.685142, 0.0, 0.0, 0.0, 1.0],
                [0.966146, 0.102083, -0.236939, -5e-06, -0.208123, -0.234353, -0.949612, 0.000946, -0.152467, 0.966777, -0.205173, 0.683462, 0.0, 0.0, 0.0, 1.0],
                [0.966146, 0.102083, -0.236939, -5e-06, -0.208123, -0.234353, -0.949612, 0.000946, -0.152467, 0.966777, -0.205173, 0.687842, 0.0, 0.0, 0.0, 1.0],
                [0.966146, 0.102083, -0.236939, -5e-06, -0.208123, -0.234353, -0.949612, 0.000946, -0.152467, 0.966777, -0.205173, 0.718618, 0.0, 0.0, 0.0, 1.0],
                [0.966146, 0.102083, -0.236939, -5e-06, -0.208123, -0.234353, -0.949612, 0.000946, -0.152467, 0.966777, -0.205173, 0.7171, 0.0, 0.0, 0.0, 1.0],
                [0.966146, 0.102083, -0.236939, -5e-06, -0.208123, -0.234353, -0.949612, 0.000946, -0.152467, 0.966777, -0.205173, 0.733327, 0.0, 0.0, 0.0, 1.0],
                [0.966146, 0.102083, -0.236939, -5e-06, -0.208123, -0.234353, -0.949612, 0.000946, -0.152467, 0.966777, -0.205173, 0.769018, 0.0, 0.0, 0.0, 1.0],
                [0.966146, 0.102083, -0.236939, -5e-06, -0.208123, -0.234353, -0.949612, 0.000946, -0.152467, 0.966777, -0.205173, 0.801007, 0.0, 0.0, 0.0, 1.0],
                [0.966146, 0.102083, -0.236939, -5e-06, -0.208123, -0.234353, -0.949612, 0.000946, -0.152467, 0.966777, -0.205173, 0.788438, 0.0, 0.0, 0.0, 1.0],
                [0.966146, 0.102083, -0.236939, -5e-06, -0.208123, -0.234353, -0.949612, 0.000946, -0.152467, 0.966777, -0.205173, 0.763349, 0.0, 0.0, 0.0, 1.0],
                [0.966146, 0.102083, -0.236939, -5e-06, -0.208123, -0.234353, -0.949612, 0.000946, -0.152467, 0.966777, -0.205173, 0.73413, 0.0, 0.0, 0.0, 1.0],
                [0.966146, 0.102083, -0.236939, -5e-06, -0.208123, -0.234353, -0.949612, 0.000946, -0.152467, 0.966777, -0.205173, 0.696523, 0.0, 0.0, 0.0, 1.0],
                [0.966146, 0.102083, -0.236939, -5e-06, -0.208123, -0.234353, -0.949612, 0.000946, -0.152467, 0.966777, -0.205173, 0.692338, 0.0, 0.0, 0.0, 1.0],
                [0.966146, 0.102083, -0.236939, -5e-06, -0.208123, -0.234353, -0.949612, 0.000946, -0.152467, 0.966777, -0.205173, 0.6756, 0.0, 0.0, 0.0, 1.0],
                [0.966146, 0.102083, -0.236939, -5e-06, -0.208123, -0.234353, -0.949612, 0.000946, -0.152467, 0.966777, -0.205173, 0.646333, 0.0, 0.0, 0.0, 1.0],
                [0.966146, 0.102083, -0.236939, -5e-06, -0.208123, -0.234353, -0.949612, 0.000946, -0.152467, 0.966777, -0.205173, 0.646333, 0.0, 0.0, 0.0, 1.0]
            ]
        },
        {
            "name": "Thigh_R",
            "time": [0.0, 0.0333, 0.05, 0.0667, 0.1, 0.1833, 0.2, 0.2667, 0.2833, 0.3, 0.3167, 0.3333, 0.35, 0.3667, 0.3833, 0.45, 0.4667, 0.5, 0.5167],
            "transform": [
                [0.948399, 0.285638, -0.137655, 0.124994, 0.198559, -0.873489, -0.44451, -0.002831, -0.247209, 0.39424, -0.885134, -1.2e-05, 0.0, 0.0, 0.0, 1.0],
                [0.944663, 0.301201, -0.129952, 0.124994, 0.146347, -0.741497, -0.654799, -0.002831, -0.293586, 0.599546, -0.744547, -1.2e-05, 0.0, 0.0, 0.0, 1.0],
                [0.960639, 0.269012, 0.069313, 0.124994, 0.206749, -0.525683, -0.825174, -0.002831, -0.185545, 0.807023, -0.560611, -1.2e-05, 0.0, 0.0, 0.0, 1.0],
                [0.959387, 0.270547, 0.07987, 0.124994, 0.20867, -0.490119, -0.846309, -0.002831, -0.18982, 0.828604, -0.52667, -1.2e-05, 0.0, 0.0, 0.0, 1.0],
                [0.959387, 0.270547, 0.07987, 0.124994, 0.20867, -0.490119, -0.846309, -0.002831, -0.18982, 0.828604, -0.52667, -1.2e-05, 0.0, 0.0, 0.0, 1.0],
                [0.956609, 0.272366, 0.103512, 0.124994, 0.212271, -0.408088, -0.887922, -0.002831, -0.199598, 0.871365, -0.448197, -1.2e-05, 0.0, 0.0, 0.0, 1.0],
                [0.964834, 0.260604, 0.03435, 0.124994, 0.198944, -0.638559, -0.743413, -0.002831, -0.171801, 0.724103, -0.66795, -1.2e-05, 0.0, 0.0, 0.0, 1.0],
                [0.981822, 0.161646, -0.099473, 0.124994, 0.140335, -0.971117, -0.192961, -0.002831, -0.127792, 0.175494, -0.976151, -1.2e-05, 0.0, 0.0, 0.0, 1.0],
                [0.986569, 0.097057, -0.13138, 0.124994, 0.108419, -0.990693, 0.082274, -0.002831, -0.122173, -0.095414, -0.987912, -1.2e-05, 0.0, 0.0, 0.0, 1.0],
                [0.989589, -0.005311, -0.143824, 0.124994, 0.062406, -0.884653, 0.462052, -0.002831, -0.129688, -0.466216, -0.875113, -1.2e-05, 0.0, 0.0, 0.0, 1.0],
                [0.988756, -0.07875, -0.127119, 0.124994, 0.032536, -0.71643, 0.696899, -0.002831, -0.145952, -0.693197, -0.705814, -1.2e-05, 0.0, 0.0, 0.0, 1.0],
                [0.986088, -0.135087, -0.09686, 0.124994, 0.011696, -0.524877, 0.851097, -0.002831, -0.165812, -0.840388, -0.515997, -1.2e-05, 0.0, 0.0, 0.0, 1.0],
                [0.980789, -0.153249, -0.120688, 0.124994, 0.048699, -0.406744, 0.912243, -0.002831, -0.18889, -0.900594, -0.391468, -1.2e-05, 0.0, 0.0, 0.0, 1.0],
                [0.96958, -0.123037, -0.211602, 0.124994, 0.140554, -0.427894, 0.892833, -0.002831, -0.200395, -0.895413, -0.397585, -1.2e-05, 0.0, 0.0, 0.0, 1.0],
                [0.970656, -0.138822, -0.196355, 0.124994, 0.137341, -0.350232, 0.926539, -0.002831, -0.197394, -0.926316, -0.32089, -1.2e-05, 0.0, 0.0, 0.0, 1.0],
                [0.968153, -0.101031, -0.229067, 0.124994, 0.144257, -0.52268, 0.840235, -0.002831, -0.204619, -0.846519, -0.491461, -1.2e-05, 0.0, 0.0, 0.0, 1.0],
                [0.96521, -0.052234, -0.256204, 0.124994, 0.150093, -0.691648, 0.706465, -0.002831, -0.214105, -0.72034, -0.659748, -1.2e-05, 0.0, 0.0, 0.0, 1.0],
                [0.961134, 0.022531, -0.275161, 0.124994, 0.1544, -0.870097, 0.468068, -0.002831, -0.228871, -0.49236, -0.839761, -1.2e-05, 0.0, 0.0, 0.0, 1.0],
                [0.95767, 0.093341, -0.272312, 0.124994, 0.154216, -0.965127, 0.211527, -0.002831, -0.243072, -0.244567, -0.938671, -1.2e-05, 0.0, 0.0, 0.0, 1.0]
            ]
        },
        {
            "name": "Leg_R",
            "time": [0.0, 0.0833, 0.1, 0.1667, 0.1833, 0.2, 0.2167, 0.2333, 0.25, 0.2667, 0.2833, 0.3, 0.35, 0.3667, 0.3833, 0.4, 0.45, 0.4667, 0.4833, 0.5, 0.5167],
            "transform": [
                [1.0, -0.0, 1e-06, -0.0, -0.0, 0.999375, 0.035377, 0.374726, -1e-06, -0.035377, 0.999373, 0.0, 0.0, 0.0, 0.0, 1.0],
                [1.0, -0.0, 1e-06, -0.0, -0.0, 0.978451, 0.206482, 0.374726, -1e-06, -0.206482, 0.97845, 0.0, 0.0, 0.0, 0.0, 1.0],
                [1.0, -0.0, 1e-06, -0.0, -0.0, 0.869817, 0.493376, 0.374726, -1e-06, -0.493376, 0.869816, 0.0, 0.0, 0.0, 0.0, 1.0],
                [1.0, -0.0, 1e-06, -0.0, -0.0, 0.850507, 0.525965, 0.374726, -1e-06, -0.525966, 0.850505, -0.0, 0.0, 0.0, 0.0, 1.0],
                [1.0, -0.0, 1e-06, -0.0, -0.0, 0.781961, 0.623327, 0.374726, -1e-06, -0.623328, 0.78196, 0.0, 0.0, 0.0, 0.0, 1.0],
                [1.0, -1e-06, 0.0, 0.0, 0.0, 0.330611, 0.943766, 0.374726, -1e-06, -0.943768, 0.330611, -0.0, 0.0, 0.0, 0.0, 1.0],
                [1.0, -1e-06, 0.0, -0.0, 0.0, 0.095703, 0.995409, 0.374726, -1e-06, -0.995411, 0.095702, 0.0, 0.0, 0.0, 0.0, 1.0],
                [1.0, -1e-06, -0.0, 0.0, -0.0, -0.295182, 0.955441, 0.374726, -1e-06, -0.955442, -0.295182, -0.0, 0.0, 0.0, 0.0, 1.0],
                [1.0, -1e-06, -0.0, 0.0, -0.0, -0.356072, 0.934458, 0.374726, -1e-06, -0.934459, -0.356071, 0.0, 0.0, 0.0, 0.0, 1.0],
                [1.0, -1e-06, -0.0, 0.0, -0.0, -0.436928, 0.899496, 0.374726, -1e-06, -0.899497, -0.436927, 0.0, 0.0, 0.0, 0.0, 1.0],
                [1.0, -1e-06, -0.0, 0.0, -0.0, -0.469571, 0.882894, 0.374726, -1e-06, -0.882896, -0.46957, 0.0, 0.0, 0.0, 0.0, 1.0],
                [1.0, -1e-06, -0.0, 0.0, -0.0, -0.28879, 0.957392, 0.374726, -1e-06, -0.957393, -0.28879, 0.0, 0.0, 0.0, 0.0, 1.0],
                [1.0, -1e-06, -0.0, 0.0, -0.0, -0.113628, 0.993523, 0.374726, -1e-06, -0.993524, -0.113628, -0.0, 0.0, 0.0, 0.0, 1.0],
                [1.0, -1e-06, -0.0, -0.0, -0.0, -0.054729, 0.9985, 0.374726, -1e-06, -0.998502, -0.054729, 0.0, 0.0, 0.0, 0.0, 1.0],
                [1.0, -1e-06, -0.0, -0.0, -0.0, -0.113146, 0.993578, 0.374726, -1e-06, -0.993579, -0.113146, 0.0, 0.0, 0.0, 0.0, 1.0],
                [1.0, -1e-06, -0.0, -0.0, -0.0, -0.077132, 0.99702, 0.374726, -1e-06, -0.997022, -0.077132, 0.0, 0.0, 0.0, 0.0, 1.0],
                [1.0, -1e-06, 0.0, 0.0, 0.0, 0.144554, 0.989496, 0.374726, -1e-06, -0.989498, 0.144554, 0.0, 0.0, 0.0, 0.0, 1.0],
                [1.0, -1e-06, 0.0, -0.0, 0.0, 0.382583, 0.923921, 0.374726, -1e-06, -0.923922, 0.382582, -0.0, 0.0, 0.0, 0.0, 1.0],
                [1.0, -1e-06, 1e-06, -0.0, -1e-06, 0.536203, 0.844089, 0.374726, -1e-06, -0.84409, 0.536202, -0.0, 0.0, 0.0, 0.0, 1.0],
                [1.0, -1e-06, 1e-06, 0.0, -1e-06, 0.598421, 0.801182, 0.374726, -1e-06, -0.801183, 0.59842, -0.0, 0.0, 0.0, 0.0, 1.0],
                [1.0, -0.0, 1e-06, 0.0, -0.0, 0.845401, 0.534132, 0.374726, -1e-06, -0.534133, 0.8454, 0.0, 0.0, 0.0, 0.0, 1.0]
            ]
        },
        {
            "name": "Knee_R",
            "time": [0.0, 0.4667, 0.5167],
            "transform": [
                [1.0, 0.0, -0.0, -0.0, -0.0, 1e-06, -1.0, 0.399479, -0.0, 1.0, 1e-06, 0.0, 0.0, 0.0, 0.0, 1.0],
                [0.999555, 0.023715, -0.01808, -0.0, -0.002485, -0.537948, -0.842974, 0.46824, -0.029717, 0.842644, -0.53765, -0.0, 0.0, 0.0, 0.0, 1.0],
                [0.999555, 0.023715, -0.01808, -0.0, -0.002485, -0.537948, -0.842974, 0.403668, -0.029717, 0.842644, -0.53765, -0.0, 0.0, 0.0, 0.0, 1.0]
            ]
        },
        {
            "name": "Thigh_L",
            "time": [0.0, 0.0333, 0.05, 0.0667, 0.1, 0.1667, 0.1833, 0.2333, 0.25, 0.2667, 0.2833, 0.3, 0.3167, 0.3333, 0.35, 0.3667, 0.45, 0.4667, 0.5167],
            "transform": [
                [0.950392, 0.019615, -0.310433, -0.125006, -0.011493, -0.995113, -0.098064, -0.002831, -0.310839, 0.096768, -0.945523, -1.2e-05, 0.0, 0.0, 0.0, 1.0],
                [0.929646, -0.156129, -0.333739, -0.125006, 0.064232, -0.82324, 0.564046, -0.002831, -0.362812, -0.545799, -0.755295, -1.2e-05, 0.0, 0.0, 0.0, 1.0],
                [0.923252, -0.25108, -0.2908, -0.125006, 0.118876, -0.533071, 0.837677, -0.002831, -0.365341, -0.807955, -0.462313, -1.2e-05, 0.0, 0.0, 0.0, 1.0],
                [0.934497, -0.227926, -0.27343, -0.125006, 0.134544, -0.48499, 0.864107, -0.002831, -0.329564, -0.844294, -0.422556, -1.2e-05, 0.0, 0.0, 0.0, 1.0],
                [0.934567, -0.258725, -0.244224, -0.125006, 0.149999, -0.335926, 0.929867, -0.002831, -0.322622, -0.905656, -0.275137, -1.2e-05, 0.0, 0.0, 0.0, 1.0],
                [0.934499, -0.227665, -0.27364, -0.125006, 0.134418, -0.486121, 0.863492, -0.002831, -0.329609, -0.843714, -0.423678, -1.2e-05, 0.0, 0.0, 0.0, 1.0],
                [0.935959, -0.167639, -0.30964, -0.125006, 0.10712, -0.702141, 0.703934, -0.002831, -0.335418, -0.692022, -0.639218, -1.2e-05, 0.0, 0.0, 0.0, 1.0],
                [0.944149, -0.030635, -0.328091, -0.125006, 0.053421, -0.968266, 0.244141, -0.002831, -0.325159, -0.248032, -0.912552, -1.2e-05, 0.0, 0.0, 0.0, 1.0],
                [0.952265, 0.054968, -0.300281, -0.125006, 0.025181, -0.994446, -0.102183, -0.002831, -0.30423, 0.089744, -0.948362, -1.2e-05, 0.0, 0.0, 0.0, 1.0],
                [0.957031, 0.094549, -0.274137, -0.125006, 0.013917, -0.959239, -0.282251, -0.002831, -0.289649, 0.266308, -0.919338, -1.2e-05, 0.0, 0.0, 0.0, 1.0],
                [0.961379, 0.12508, -0.245162, -0.125006, 0.006419, -0.900711, -0.434369, -0.002831, -0.275151, 0.41602, -0.866728, -1.2e-05, 0.0, 0.0, 0.0, 1.0],
                [0.963468, 0.13793, -0.229574, -0.125006, 0.00372, -0.863996, -0.503483, -0.002831, -0.267797, 0.484236, -0.832946, -1.2e-05, 0.0, 0.0, 0.0, 1.0],
                [0.970859, 0.173503, -0.165312, -0.125006, -0.000898, -0.687172, -0.726494, -0.002831, -0.239647, 0.705472, -0.666992, -1.2e-05, 0.0, 0.0, 0.0, 1.0],
                [0.972343, 0.178583, -0.15052, -0.125006, -0.000799, -0.641922, -0.766769, -0.002831, -0.233554, 0.745683, -0.624026, -1.2e-05, 0.0, 0.0, 0.0, 1.0],
                [0.972215, 0.178176, -0.151821, -0.125006, -0.000823, -0.645961, -0.763369, -0.002831, -0.234085, 0.742284, -0.627867, -1.2e-05, 0.0, 0.0, 0.0, 1.0],
                [0.976053, 0.187589, -0.110141, -0.125006, 0.001287, -0.51129, -0.859407, -0.002831, -0.217529, 0.838684, -0.499288, -1.2e-05, 0.0, 0.0, 0.0, 1.0],
                [0.971877, 0.177072, -0.15524, -0.125006, -0.000872, -0.656522, -0.754306, -0.002831, -0.235485, 0.733228, -0.637905, -1.2e-05, 0.0, 0.0, 0.0, 1.0],
                [0.968699, 0.164795, -0.185644, -0.125006, -0.000389, -0.746844, -0.664998, -0.002831, -0.248236, 0.644255, -0.723404, -1.2e-05, 0.0, 0.0, 0.0, 1.0],
                [0.962043, 0.129291, -0.240325, -0.125006, 0.005497, -0.889648, -0.456612, -0.002831, -0.272841, 0.43796, -0.856591, -1.2e-05, 0.0, 0.0, 0.0, 1.0]
            ]
        },
        {
            "name": "Leg_L",
            "time": [0.0, 0.0167, 0.0333, 0.0667, 0.1667, 0.1833, 0.2333, 0.25, 0.2667, 0.3333, 0.3667, 0.3833, 0.45, 0.4667, 0.5167],
            "transform": [
                [1.0, -1e-06, -0.0, 0.0, -0.0, -0.287558, 0.957764, 0.374726, -1e-06, -0.957763, -0.287558, 0.0, 0.0, 0.0, 0.0, 1.0],
                [1.0, -1e-06, -0.0, -0.0, -0.0, -0.261448, 0.965218, 0.374726, -1e-06, -0.965217, -0.261448, -0.0, 0.0, 0.0, 0.0, 1.0],
                [1.0, -1e-06, -0.0, -0.0, -0.0, -0.161446, 0.986882, 0.374726, -1e-06, -0.986881, -0.161446, -0.0, 0.0, 0.0, 0.0, 1.0],
                [1.0, -1e-06, 0.0, -0.0, 0.0, 0.078559, 0.99691, 0.374726, -1e-06, -0.996909, 0.078559, 0.0, 0.0, 0.0, 0.0, 1.0],
                [1.0, -1e-06, 0.0, 0.0, 0.0, 0.2505, 0.968117, 0.374726, -1e-06, -0.968116, 0.2505, 0.0, 0.0, 0.0, 0.0, 1.0],
                [1.0, -1e-06, 0.0, 0.0, 0.0, 0.38096, 0.924592, 0.374726, -1e-06, -0.924591, 0.38096, 0.0, 0.0, 0.0, 0.0, 1.0],
                [1.0, -0.0, 1e-06, -0.0, -0.0, 0.796884, 0.604132, 0.374726, -1e-06, -0.604132, 0.796884, -0.0, 0.0, 0.0, 0.0, 1.0],
                [1.0, -0.0, 1e-06, -0.0, -0.0, 0.953173, 0.302426, 0.374726, -1e-06, -0.302426, 0.953173, -0.0, 0.0, 0.0, 0.0, 1.0],
                [1.0, -0.0, 1e-06, -0.0, -0.0, 0.992134, 0.125176, 0.374726, -1e-06, -0.125176, 0.992135, -0.0, 0.0, 0.0, 0.0, 1.0],
                [1.0, -0.0, 1e-06, 0.0, -0.0, 0.978326, 0.207069, 0.374726, -1e-06, -0.207069, 0.978326, 0.0, 0.0, 0.0, 0.0, 1.0],
                [1.0, -0.0, 1e-06, 0.0, -0.0, 0.903408, 0.428781, 0.374726, -1e-06, -0.42878, 0.903409, -0.0, 0.0, 0.0, 0.0, 1.0],
                [1.0, -0.0, 1e-06, 0.0, -0.0, 0.839054, 0.544048, 0.374726, -1e-06, -0.544048, 0.839054, 0.0, 0.0, 0.0, 0.0, 1.0],
                [1.0, -0.0, 1e-06, -0.0, -0.0, 0.648552, 0.761171, 0.374726, -1e-06, -0.76117, 0.648552, 0.0, 0.0, 0.0, 0.0, 1.0],
                [1.0, -1e-06, 1e-06, -0.0, -1e-06, 0.503557, 0.863962, 0.374726, -1e-06, -0.863962, 0.503557, -0.0, 0.0, 0.0, 0.0, 1.0],
                [1.0, -1e-06, 1e-06, -0.0, -0.0, 0.503557, 0.863962, 0.374726, -1e-06, -0.863962, 0.503557, 0.0, 0.0, 0.0, 0.0, 1.0]
            ]
        },
        {
            "name": "Knee_L",
            "time": [0.0, 0.5167],
            "transform": [
                [1.0, 0.0, 0.0, -0.0, -0.0, 1e-06, -1.0, 0.48472, 0.0, 1.0, 1e-06, -0.0, 0.0, 0.0, 0.0, 1.0],
                [1.0, -0.0, 0.0, 0.0, -0.0, 1e-06, -1.0, 0.429288, 0.0, 1.0, 1e-06, 0.0, 0.0, 0.0, 0.0, 1.0]
            ]
        },
        {
            "name": "Torso",
            "time": [0.0, 0.5167],
            "transform": [
                [0.978454, -0.195507, 0.066368, 0.0, 0.129977, 0.833039, 0.537728, 0.05, -0.160416, -0.517516, 0.840502, 0.0, 0.0, 0.0, 0.0, 1.0],
                [0.978454, -0.195507, 0.066368, 0.0, 0.129977, 0.833039, 0.537728, 0.05, -0.160416, -0.517516, 0.840502, 0.0, 0.0, 0.0, 0.0, 1.0]
            ]
        },
        {
            "name": "Chest",
            "time": [0.0, 0.05, 0.2, 0.2167, 0.3167, 0.3333, 0.3667, 0.45, 0.4667, 0.4833, 0.5, 0.5167],
            "transform": [
                [0.991435, -0.097162, 0.087269, 0.0, 0.01268, 0.736675, 0.676128, 0.3, -0.129983, -0.66923, 0.731597, 0.0, 0.0, 0.0, 0.0, 1.0],
                [0.991318, -0.092454, 0.093496, -0.0, 0.017454, 0.79729, 0.603343, 0.3, -0.130325, -0.596473, 0.791982, 0.0, 0.0, 0.0, 0.0, 1.0],
                [0.99133, -0.093057, 0.092763, -0.0, 0.016873, 0.790298, 0.61249, 0.3, -0.130307, -0.605615, 0.785016, 0.0, 0.0, 0.0, 0.0, 1.0],
                [0.991416, -0.096524, 0.088189, -0.0, 0.013363, 0.745788, 0.66605, 0.3, -0.13006, -0.659154, 0.740676, -0.0, 0.0, 0.0, 0.0, 1.0],
                [0.991332, -0.093143, 0.092657, -0.0, 0.016789, 0.789284, 0.613798, 0.3, -0.130304, -0.606922, 0.784007, -0.0, 0.0, 0.0, 0.0, 1.0],
                [0.99131, -0.092042, 0.093985, -0.0, 0.017846, 0.801944, 0.597132, 0.3, -0.130332, -0.590266, 0.796618, 0.0, 0.0, 0.0, 0.0, 1.0],
                [0.991289, -0.090869, 0.095341, -0.0, 0.018945, 0.814727, 0.579535, 0.3, -0.130338, -0.57268, 0.809351, 0.0, 0.0, 0.0, 0.0, 1.0],
                [0.99135, -0.09396, 0.091635, -0.0, 0.015988, 0.779449, 0.626262, 0.3, -0.130268, -0.619379, 0.774209, 0.0, 0.0, 0.0, 0.0, 1.0],
                [0.991429, -0.096946, 0.087584, -0.0, 0.012913, 0.739794, 0.67271, 0.3, -0.130011, -0.665812, 0.734705, -0.0, 0.0, 0.0, 0.0, 1.0],
                [0.991479, -0.098506, 0.085242, -0.0, 0.011203, 0.716416, 0.697583, 0.3, -0.129785, -0.690684, 0.711415, -0.0, 0.0, 0.0, 0.0, 1.0],
                [0.991516, -0.099532, 0.083602, 0.0, 0.010032, 0.699848, 0.714221, 0.3, -0.129596, -0.707323, 0.69491, 0.0, 0.0, 0.0, 0.0, 1.0],
                [0.991516, -0.099532, 0.083602, 0.0, 0.010032, 0.699848, 0.714221, 0.3, -0.129596, -0.707323, 0.69491, 0.0, 0.0, 0.0, 0.0, 1.0]
            ]
        },
        {
            "name": "Head",
            "time": [0.0, 0.5167],
            "transform": [
                [0.998903, -0.040725, -0.023129, -0.0, 0.014521, 0.738808, -0.673759, 0.4, 0.044527, 0.672684, 0.738589, 0.0, 0.0, 0.0, 0.0, 1.0],
                [0.998903, -0.040725, -0.023129, 0.0, 0.014521, 0.738808, -0.673759, 0.4, 0.044527, 0.672684, 0.738589, -0.0, 0.0, 0.0, 0.0, 1.0]
            ]
        },
        {
            "name": "Shoulder_R",
            "time": [0.0, 0.5167],
            "transform": [
                [-0.050863, 0.982101, 0.181355, -0.0, 0.00804, -0.181182, 0.983417, 0.4, 0.998673, 0.051478, 0.00132, 0.0, 0.0, 0.0, 0.0, 1.0],
                [-0.050863, 0.982101, 0.181355, 0.0, 0.00804, -0.181182, 0.983417, 0.4, 0.998673, 0.051478, 0.00132, -0.0, 0.0, 0.0, 0.0, 1.0]
            ]
        },
        {
            "name": "Arm_R",
            "time": [0.0, 0.45, 0.5167],
            "transform": [
                [-0.024982, 0.622793, -0.781988, -0.0, 0.953463, 0.249958, 0.168612, 0.39386, 0.300475, -0.741384, -0.600054, -0.0, 0.0, 0.0, 0.0, 1.0],
                [-0.033806, 0.666678, -0.744579, 0.0, 0.953548, 0.244652, 0.175761, 0.39386, 0.299338, -0.70405, -0.64398, -0.0, 0.0, 0.0, 0.0, 1.0],
                [-0.033806, 0.666678, -0.744579, 0.0, 0.953548, 0.244652, 0.175761, 0.39386, 0.299339, -0.704049, -0.64398, -0.0, 0.0, 0.0, 0.0, 1.0]
            ]
        },
        {
            "name": "Hand_R",
            "time": [0.0, 0.5167],
            "transform": [
                [1.0, -0.0, -0.0, 0.0, 0.0, 0.996726, 0.080851, 0.300003, 0.0, -0.080851, 0.996726, -0.0, 0.0, 0.0, 0.0, 1.0],
                [1.0, 0.0, 0.0, 0.0, -0.0, 0.996726, 0.080851, 0.300003, 0.0, -0.080851, 0.996726, -0.0, 0.0, 0.0, 0.0, 1.0]
            ]
        },
        {
            "name": "Tool_R",
            "time": [0.0, 0.5167],
            "transform": [
                [0.959768, -0.280681, 0.00714, 0.001877, 0.030904, 0.080306, -0.995762, 0.285422, 0.279083, 0.956373, 0.085709, -0.036183, 0.0, 0.0, 0.0, 1.0],
                [0.959768, -0.280681, 0.00714, 0.001877, 0.030904, 0.080306, -0.995762, 0.285422, 0.279083, 0.956373, 0.085709, -0.036183, 0.0, 0.0, 0.0, 1.0]
            ]
        },
        {
            "name": "Elbow_R",
            "time": [0.0, 0.5167],
            "transform": [
                [-1.0, 0.0, 0.0, 0.0, -0.0, -0.0, -1.0, 0.302739, -0.0, -1.0, -0.0, 0.0, 0.0, 0.0, 0.0, 1.0],
                [-1.0, -0.0, -0.0, 0.0, 0.0, -0.0, -1.0, 0.302739, -0.0, -1.0, -0.0, 0.0, 0.0, 0.0, 0.0, 1.0]
            ]
        },
        {
            "name": "Shoulder_L",
            "time": [0.0, 0.5167],
            "transform": [
                [-0.113082, -0.970916, -0.21103, -0.0, -0.004084, -0.211936, 0.977275, 0.4, -0.993577, 0.111374, 0.020001, 0.0, 0.0, 0.0, 0.0, 1.0],
                [-0.113082, -0.970916, -0.21103, 0.0, -0.004084, -0.211936, 0.977275, 0.4, -0.993577, 0.111374, 0.020001, -0.0, 0.0, 0.0, 0.0, 1.0]
            ]
        },
        {
            "name": "Arm_L",
            "time": [0.0, 0.45, 0.5167],
            "transform": [
                [-0.153538, -0.544682, 0.824468, 0.0, -0.844774, 0.505199, 0.176439, 0.39386, -0.512624, -0.669398, -0.537701, -0.0, 0.0, 0.0, 0.0, 1.0],
                [-0.165863, -0.583218, 0.795202, -0.0, -0.885323, 0.443261, 0.140436, 0.39386, -0.434387, -0.680718, -0.589857, 0.0, 0.0, 0.0, 0.0, 1.0],
                [-0.165863, -0.583217, 0.795202, -0.0, -0.885323, 0.443261, 0.140436, 0.39386, -0.434387, -0.680718, -0.589857, -0.0, 0.0, 0.0, 0.0, 1.0]
            ]
        },
        {
            "name": "Hand_L",
            "time": [0.0, 0.5167],
            "transform": [
                [1.0, -0.0, -0.0, -0.0, -0.0, 0.998465, 0.055389, 0.300003, 0.0, -0.055389, 0.998465, -0.0, 0.0, 0.0, 0.0, 1.0],
                [1.0, -0.0, -0.0, -0.0, 0.0, 0.998465, 0.055389, 0.300003, 0.0, -0.055389, 0.998465, -0.0, 0.0, 0.0, 0.0, 1.0]
            ]
        },
        {
            "name": "Tool_L",
            "time": [0.0, 0.5167],
            "transform": [
                [0.896776, 0.437563, -0.065358, -0.006931, -0.13271, 0.125035, -0.982756, 0.286809, -0.422084, 0.890353, 0.170132, -0.054563, 0.0, 0.0, 0.0, 1.0],
                [0.896776, 0.437563, -0.065358, -0.006931, -0.13271, 0.125035, -0.982756, 0.286809, -0.422084, 0.890353, 0.170132, -0.054563, 0.0, 0.0, 0.0, 1.0]
            ]
        },
        {
            "name": "Elbow_L",
            "time": [0.0, 0.5167],
            "transform": [
                [-1.0, 0.0, 0.0, 0.0, 0.0, -0.0, -1.0, 0.305131, 0.0, -1.0, -0.0, -0.0, 0.0, 0.0, 0.0, 1.0],
                [-1.0, 0.0, 0.0, -0.0, 0.0, -0.0, -1.0, 0.305131, 0.0, -1.0, 0.0, -0.0, 0.0, 0.0, 0.0, 1.0]
            ]
        }
    ]
}