{
    "animation": [
        {
            "name": "Root",
            "time": [0.0, 0.1, 0.2, 0.3, 0.4, 0.5, 1.3333],
            "transform": [
                [0.61672, -0.7004, 0.3593, 1.7e-05, 0.503397, -0.0, -0.864055, 0.428108, 0.605184, 0.713751, 0.352579, 0.747805, 0.0, 0.0, 0.0, 1.0],
                [0.693239, -0.681104, 0.235621, 1.7e-05, 0.240053, -0.090048, -0.966574, 0.576116, 0.679555, 0.726629, 0.101076, 1.949053, 0.0, 0.0, 0.0, 1.0],
                [0.413326, -0.801804, -0.431593, 1.7e-05, -0.903144, -0.42144, -0.081978, 0.714576, -0.11616, 0.423674, -0.898336, 2.723358, 0.0, 0.0, 0.0, 1.0],
                [0.413326, -0.801803, -0.431593, 1.7e-05, -0.510643, -0.59653, 0.619189, 0.843486, -0.753926, -0.035537, -0.655997, 3.039523, 0.0, 0.0, 0.0, 1.0],
                [0.413326, -0.801804, -0.431593, 1.7e-05, -0.725358, -0.576447, 0.376251, 0.886456, -0.55047, 0.157545, -0.819855, 3.140698, 0.0, 0.0, 0.0, 1.0],
                [0.413326, -0.801803, -0.431593, 1.7e-05, -0.906338, -0.407964, -0.110073, 0.94375, -0.087818, 0.436665, -0.895328, 2.958357, 0.0, 0.0, 0.0, 1.0],
                [0.999999, 0.0, -0.001628, -0.154711, -0.001628, 0.0, -0.999999, 0.66745, 0.0, 1.0, 0.0, 0.774136, 0.0, 0.0, 0.0, 1.0]
            ]
        },
        {
            "name": "Thigh_R",
            "time": [0.0, 0.1, 0.2, 0.3, 0.5, 0.8333, 1.3333],
            "transform": [
                [0.660343, -0.677773, 0.323373, 0.124994, -0.742011, -0.52259, 0.419903, -0.002831, -0.115607, -0.517227, -0.848004, -1.2e-05, 0.0, 0.0, 0.0, 1.0],
                [0.72452, -0.666101, 0.177143, 0.124994, -0.68583, -0.671123, 0.28148, -0.002831, -0.068609, -0.325428, -0.943074, -1.2e-05, 0.0, 0.0, 0.0, 1.0],
                [0.950959, -0.066145, -0.302161, 0.124994, -0.264598, -0.679894, -0.68391, -0.002831, -0.1602, 0.730322, -0.664053, -1.2e-05, 0.0, 0.0, 0.0, 1.0],
                [0.698323, 0.663626, -0.268225, 0.122185, 0.048943, -0.418122, -0.907071, 0.008521, -0.714107, 0.620301, -0.324464, -0.023792, 0.0, 0.0, 0.0, 1.0],
                [0.591399, 0.499752, 0.632847, 0.124994, 0.784962, -0.536453, -0.309922, -0.00283, 0.184608, 0.680049, -0.709544, -1.2e-05, 0.0, 0.0, 0.0, 1.0],
                [0.72138, 0.447089, 0.528887, 0.135049, 0.453195, -0.882226, 0.12764, 0.001188, 0.523664, 0.147612, -0.839039, 0.01602, 0.0, 0.0, 0.0, 1.0],
                [0.825291, -0.01843, 0.564406, 0.14535, -0.095723, -0.989569, 0.107657, 0.008728, 0.556535, -0.142875, -0.818447, 0.020473, 0.0, 0.0, 0.0, 1.0]
            ]
        },
        {
            "name": "Leg_R",
            "time": [0.0, 0.1, 0.2, 0.3, 0.5, 0.8333, 1.3333],
            "transform": [
                [0.997818, -0.065565, -0.007825, 0.0, 0.065142, 0.958094, 0.278948, 0.374726, -0.010792, -0.278849, 0.960274, -0.0, 0.0, 0.0, 0.0, 1.0],
                [0.997818, -0.065565, -0.007825, -0.0, 0.065142, 0.958094, 0.278948, 0.374726, -0.010792, -0.278849, 0.960274, 0.0, 0.0, 0.0, 0.0, 1.0],
                [0.997818, -0.065565, -0.007825, 0.0, 0.065142, 0.958094, 0.278948, 0.374726, -0.010792, -0.278849, 0.960274, 0.0, 0.0, 0.0, 0.0, 1.0],
                [0.997818, -0.065565, -0.007825, 0.0, 0.065142, 0.958094, 0.278948, 0.374726, -0.010792, -0.278849, 0.960274, 0.0, 0.0, 0.0, 0.0, 1.0],
                [0.997818, -0.065565, -0.007825, 0.0, 0.065142, 0.958094, 0.278948, 0.374726, -0.010792, -0.278849, 0.960274, 0.0, 0.0, 0.0, 0.0, 1.0],
                [0.999846, -0.017003, -0.004414, 0.0, 0.017565, 0.964693, 0.262791, 0.374726, -0.00021, -0.262828, 0.964842, -0.0, 0.0, 0.0, 0.0, 1.0],
                [0.997363, 0.072408, 0.004897, -0.0, -0.069116, 0.927094, 0.368403, 0.374726, 0.022136, -0.36777, 0.929653, -0.0, 0.0, 0.0, 0.0, 1.0]
            ]
        },
        {
            "name": "Knee_R",
            "time": [0.0, 0.1, 0.2, 0.3, 0.4, 0.5, 1.3333],
            "transform": [
                [1.0, 1e-06, -1e-06, 0.0, -1e-06, -0.0, -1.0, 0.374721, -1e-06, 1.0, 0.0, -0.0, 0.0, 0.0, 0.0, 1.0],
                [1.0, 1e-06, -1e-06, -0.0, -1e-06, -0.0, -1.0, 0.374721, -1e-06, 1.0, 0.0, -0.0, 0.0, 0.0, 0.0, 1.0],
                [1.0, 1e-06, -1e-06, 0.0, -1e-06, -0.0, -1.0, 0.374721, -1e-06, 1.0, 0.0, 0.0, 0.0, 0.0, 0.0, 1.0],
                [1.0, 1e-06, -1e-06, -0.0, -1e-06, -0.0, -1.0, 0.374721, -1e-06, 1.0, 0.0, 0.0, 0.0, 0.0, 0.0, 1.0],
                [1.0, 1e-06, -1e-06, 0.0, -1e-06, -0.0, -1.0, 0.374721, -1e-06, 1.0, 0.0, 0.0, 0.0, 0.0, 0.0, 1.0],
                [1.0, 1e-06, -1e-06, -0.0, -1e-06, -0.0, -1.0, 0.374721, -1e-06, 1.0, -0.0, 0.0, 0.0, 0.0, 0.0, 1.0],
                [1.0, 1e-06, -1e-06, 0.0, -1e-06, 0.0, -1.0, 0.374721, -1e-06, 1.0, 0.0, -0.0, 0.0, 0.0, 0.0, 1.0]
            ]
        },
        {
            "name": "Thigh_L",
            "time": [0.0, 0.1, 0.2, 0.3, 0.4, 0.5, 0.8333, 1.3333],
            "transform": [
                [0.475791, -0.731431, 0.488499, -0.125006, -0.294616, 0.390778, 0.872063, -0.002831, -0.828748, -0.55884, -0.029563, -1.2e-05, 0.0, 0.0, 0.0, 1.0],
                [0.476912, -0.720941, 0.502791, -0.125006, -0.416699, 0.318214, 0.851529, -0.002831, -0.773898, -0.615617, -0.148655, -1.2e-05, 0.0, 0.0, 0.0, 1.0],
                [0.446869, -0.683295, 0.577422, -0.125006, -0.853561, -0.132411, 0.503885, -0.002831, -0.267845, -0.718036, -0.642404, -1.2e-05, 0.0, 0.0, 0.0, 1.0],
                [0.481313, -0.783192, 0.393636, -0.122197, -0.832828, -0.268544, 0.484026, -0.014183, -0.273376, -0.560799, -0.781518, 0.02377, 0.0, 0.0, 0.0, 1.0],
                [0.446869, -0.683295, 0.577422, -0.125004, -0.853561, -0.132411, 0.503885, -0.002831, -0.267845, -0.718036, -0.642404, -1.2e-05, 0.0, 0.0, 0.0, 1.0],
                [0.446869, -0.683295, 0.577422, -0.125006, -0.853561, -0.132411, 0.503885, -0.00283, -0.267845, -0.718036, -0.642404, -1.2e-05, 0.0, 0.0, 0.0, 1.0],
                [0.738615, -0.583835, 0.337022, -0.125039, -0.670704, -0.586123, 0.45455, -0.002831, -0.067846, -0.56178, -0.8245, -1.8e-05, 0.0, 0.0, 0.0, 1.0],
                [0.992808, 0.10834, -0.050933, -0.125094, 0.111734, -0.991318, 0.069325, -0.002832, -0.04298, -0.074518, -0.996293, -2.9e-05, 0.0, 0.0, 0.0, 1.0]
            ]
        },
        {
            "name": "Leg_L",
            "time": [0.0, 0.1, 0.2, 0.4, 0.5, 0.8333, 1.3333],
            "transform": [
                [0.994127, 0.048881, 0.096552, -0.0, -0.055273, -0.537698, 0.841324, 0.374726, 0.09304, -0.84172, -0.531838, -0.0, 0.0, 0.0, 0.0, 1.0],
                [0.994127, 0.048881, 0.096552, -0.0, -0.055273, -0.537697, 0.841324, 0.374726, 0.09304, -0.84172, -0.531837, 0.0, 0.0, 0.0, 0.0, 1.0],
                [0.994127, 0.048881, 0.096552, 0.0, -0.055273, -0.537697, 0.841324, 0.374726, 0.09304, -0.84172, -0.531837, -0.0, 0.0, 0.0, 0.0, 1.0],
                [0.994127, 0.108097, -0.00515, 0.0, -0.055273, 0.548082, 0.834596, 0.374726, 0.09304, -0.82941, 0.550838, -0.0, 0.0, 0.0, 0.0, 1.0],
                [0.994127, 0.083137, 0.069281, -0.0, -0.055273, -0.160329, 0.985515, 0.374726, 0.09304, -0.983556, -0.154792, 0.0, 0.0, 0.0, 0.0, 1.0],
                [0.997067, 0.07011, 0.030673, 0.0, -0.057722, 0.425854, 0.902949, 0.374726, 0.050244, -0.902072, 0.428652, 0.0, 0.0, 0.0, 0.0, 1.0],
                [0.999966, 0.000317, -0.008155, 0.0, -0.000261, 0.999977, 0.006944, 0.374726, 0.008157, -0.006941, 0.999943, -0.0, 0.0, 0.0, 0.0, 1.0]
            ]
        },
        {
            "name": "Knee_L",
            "time": [0.0, 0.1, 0.2, 0.3, 0.4, 0.5, 1.3333],
            "transform": [
                [1.0, 1e-06, -1e-06, -0.0, -1e-06, -0.0, -1.0, 0.37472, -1e-06, 1.0, -0.0, -0.0, 0.0, 0.0, 0.0, 1.0],
                [1.0, 1e-06, -1e-06, 0.0, -1e-06, 0.0, -1.0, 0.37472, -1e-06, 1.0, 0.0, 0.0, 0.0, 0.0, 0.0, 1.0],
                [1.0, 1e-06, -1e-06, 0.0, -1e-06, 0.0, -1.0, 0.37472, -1e-06, 1.0, -0.0, -0.0, 0.0, 0.0, 0.0, 1.0],
                [1.0, 1e-06, -1e-06, -0.0, -1e-06, -0.0, -1.0, 0.37472, -1e-06, 1.0, 0.0, -0.0, 0.0, 0.0, 0.0, 1.0],
                [1.0, 1e-06, -1e-06, 0.0, -1e-06, -0.0, -1.0, 0.37472, -1e-06, 1.0, 0.0, 0.0, 0.0, 0.0, 0.0, 1.0],
                [1.0, 1e-06, -1e-06, -0.0, -1e-06, 0.0, -1.0, 0.374721, -1e-06, 1.0, 0.0, 0.0, 0.0, 0.0, 0.0, 1.0],
                [1.0, 1e-06, -1e-06, 0.0, -1e-06, -0.0, -1.0, 0.37472, -1e-06, 1.0, 0.0, 0.0, 0.0, 0.0, 0.0, 1.0]
            ]
        },
        {
            "name": "Torso",
            "time": [0.0, 0.1, 0.2, 0.3, 0.4, 0.5, 0.8333, 1.3333],
            "transform": [
                [0.807691, -0.012294, 0.589478, -0.0, -0.059925, 0.992894, 0.102815, 0.05, -0.586553, -0.118367, 0.801214, -0.0, 0.0, 0.0, 0.0, 1.0],
                [0.807691, -0.012294, 0.589478, -0.0, -0.059925, 0.992894, 0.102815, 0.05, -0.586553, -0.118367, 0.801214, -0.0, 0.0, 0.0, 0.0, 1.0],
                [0.807691, -0.012294, 0.589478, 0.0, -0.059925, 0.992894, 0.102815, 0.05, -0.586553, -0.118367, 0.801214, 0.0, 0.0, 0.0, 0.0, 1.0],
                [0.807691, -0.012294, 0.589478, 0.0, -0.059925, 0.992894, 0.102815, 0.05, -0.586553, -0.118367, 0.801214, 0.0, 0.0, 0.0, 0.0, 1.0],
                [0.807691, -0.012294, 0.589478, 0.0, -0.059925, 0.992894, 0.102815, 0.05, -0.586553, -0.118367, 0.801214, -0.0, 0.0, 0.0, 0.0, 1.0],
                [0.807691, -0.012294, 0.589478, -0.0, -0.059925, 0.992894, 0.102815, 0.05, -0.586553, -0.118367, 0.801214, -0.0, 0.0, 0.0, 0.0, 1.0],
                [0.903844, -0.032323, 0.426639, -0.0, -0.020071, 0.992842, 0.117739, 0.05, -0.427391, -0.11498, 0.896725, 0.0, 0.0, 0.0, 0.0, 1.0],
                [1.0, 0.000109, -7e-06, -0.0, -0.000109, 0.993486, -0.113954, 0.05, -5e-06, 0.113954, 0.993486, -0.0, 0.0, 0.0, 0.0, 1.0]
            ]
        },
        {
            "name": "Chest",
            "time": [0.0, 0.1, 0.2, 0.3, 0.4, 0.5, 0.8333, 1.3333],
            "transform": [
                [0.764081, -0.42152, 0.488366, -0.0, -0.037089, 0.727061, 0.685571, 0.3, -0.644054, -0.541945, 0.539899, -0.0, 0.0, 0.0, 0.0, 1.0],
                [0.890627, -0.327366, 0.31562, -0.0, 0.092798, 0.810311, 0.578606, 0.3, -0.445166, -0.486033, 0.752063, 0.0, 0.0, 0.0, 0.0, 1.0],
                [0.530472, -0.290039, -0.79654, 0.0, -0.006515, 0.938223, -0.345968, 0.3, 0.847678, 0.188716, 0.495812, 0.0, 0.0, 0.0, 0.0, 1.0],
                [0.707902, -0.314497, -0.632429, -0.0, 0.184523, 0.946649, -0.264209, 0.3, 0.681781, 0.070337, 0.728167, 0.0, 0.0, 0.0, 0.0, 1.0],
                [0.710011, -0.31504, -0.629789, 0.0, 0.187017, 0.946587, -0.262673, 0.3, 0.678903, 0.06872, 0.731005, -0.0, 0.0, 0.0, 0.0, 1.0],
                [0.564329, -0.292184, -0.772115, 0.0, 0.027708, 0.94145, -0.336012, 0.3, 0.825085, 0.168227, 0.539383, 0.0, 0.0, 0.0, 0.0, 1.0],
                [0.539613, -0.109206, -0.834801, -0.0, -0.078194, 0.980765, -0.178845, 0.3, 0.838274, 0.161783, 0.520694, 0.0, 0.0, 0.0, 0.0, 1.0],
                [0.55485, 0.044244, -0.830773, -0.0, 0.054293, 0.99453, 0.089226, 0.3, 0.830177, -0.094612, 0.549413, -0.0, 0.0, 0.0, 0.0, 1.0]
            ]
        },
        {
            "name": "Head",
            "time": [0.0, 0.1, 0.2, 0.3, 0.4, 0.5, 0.8333, 1.3333],
            "transform": [
                [0.504255, 0.086972, -0.859164, -0.0, 0.261139, 0.932977, 0.24771, 0.4, 0.823124, -0.349271, 0.447747, -0.0, 0.0, 0.0, 0.0, 1.0],
                [0.651464, 0.152819, -0.743129, -0.0, 0.205349, 0.907424, 0.366625, 0.4, 0.73036, -0.391444, 0.559773, -0.0, 0.0, 0.0, 0.0, 1.0],
                [0.939411, 0.278997, 0.199167, -0.0, -0.338359, 0.661538, 0.66924, 0.4, 0.054959, -0.696081, 0.715857, 0.0, 0.0, 0.0, 0.0, 1.0],
                [0.543287, -0.297701, 0.784993, 0.0, -0.393938, 0.735299, 0.551496, 0.4, -0.741386, -0.608859, 0.282203, 0.0, 0.0, 0.0, 0.0, 1.0],
                [0.53316, -0.304271, 0.789405, 0.0, -0.393752, 0.73662, 0.549864, 0.4, -0.748799, -0.603995, 0.272928, 0.0, 0.0, 0.0, 0.0, 1.0],
                [0.53316, -0.304271, 0.789405, 0.0, -0.393752, 0.73662, 0.549864, 0.4, -0.748799, -0.603995, 0.272928, 0.0, 0.0, 0.0, 0.0, 1.0],
                [0.554488, -0.24198, 0.796234, 0.0, -0.27247, 0.851265, 0.44845, 0.4, -0.786322, -0.46561, 0.406085, 0.0, 0.0, 0.0, 0.0, 1.0],
                [0.566491, -0.288928, 0.771757, 0.0, -0.029999, 0.928669, 0.369693, 0.4, -0.823521, -0.232579, 0.517416, 0.0, 0.0, 0.0, 0.0, 1.0]
            ]
        },
        {
            "name": "Shoulder_R",
            "time": [0.0, 0.1, 0.2, 0.3, 0.4, 0.5, 0.8333, 1.3333],
            "transform": [
                [0.867352, 0.440996, 0.230703, -0.0, -0.162249, -0.187675, 0.968738, 0.4, 0.470507, -0.877668, -0.091229, -0.0, 0.0, 0.0, 0.0, 1.0],
                [0.875328, 0.400625, 0.270741, -0.0, -0.183573, -0.242663, 0.952584, 0.4, 0.447328, -0.883524, -0.138865, -0.0, 0.0, 0.0, 0.0, 1.0],
                [0.887712, 0.16259, 0.430734, -0.0, -0.307322, -0.487359, 0.817334, 0.4, 0.342812, -0.857931, -0.382668, 0.0, 0.0, 0.0, 0.0, 1.0],
                [-0.77633, 0.626289, 0.07123, 0.0, -0.59358, -0.764409, 0.251678, 0.4, 0.212072, 0.153105, 0.965186, 0.0, 0.0, 0.0, 0.0, 1.0],
                [-0.786082, 0.616031, 0.050803, 0.0, -0.587849, -0.77046, 0.246627, 0.4, 0.191071, 0.164005, 0.967778, 0.0, 0.0, 0.0, 0.0, 1.0],
                [-0.786082, 0.511588, 0.346919, 0.0, -0.587849, -0.792227, -0.163739, 0.4, 0.191072, -0.332649, 0.923491, 0.0, 0.0, 0.0, 0.0, 1.0],
                [-0.177507, 0.736082, 0.653204, 0.0, -0.719626, -0.549843, 0.424044, 0.4, 0.67129, -0.394794, 0.627301, 0.0, 0.0, 0.0, 0.0, 1.0],
                [0.267339, 0.903376, 0.335335, 0.0, -0.051205, -0.334194, 0.941111, 0.4, 0.962242, -0.268768, -0.043085, 0.0, 0.0, 0.0, 0.0, 1.0]
            ]
        },
        {
            "name": "Arm_R",
            "time": [0.0, 0.1, 0.2, 0.3, 0.4, 0.5, 0.8333, 1.3333],
            "transform": [
                [-0.311325, -0.843058, 0.438554, -0.0, -0.830573, 0.01715, -0.556647, 0.39386, 0.461765, -0.537548, -0.70556, 0.0, 0.0, 0.0, 0.0, 1.0],
                [-0.344344, -0.82765, 0.443196, 0.0, -0.811728, 0.025269, -0.583489, 0.39386, 0.471725, -0.560675, -0.680528, 0.0, 0.0, 0.0, 0.0, 1.0],
                [-0.505083, -0.738856, 0.446077, 0.0, -0.702613, 0.051844, -0.709682, 0.39386, 0.501226, -0.671867, -0.545315, -0.0, 0.0, 0.0, 0.0, 1.0],
                [-0.295588, -0.305967, -0.904993, 0.0, -0.656545, 0.753215, -0.040212, 0.393861, 0.693958, 0.582282, -0.423522, 0.0, 0.0, 0.0, 0.0, 1.0],
                [-0.269167, -0.171313, -0.947735, -0.0, -0.668246, 0.741853, 0.055691, 0.393861, 0.693539, 0.64831, -0.314161, 0.0, 0.0, 0.0, 0.0, 1.0],
                [0.541275, -0.779537, -0.315187, 0.0, -0.076763, 0.327469, -0.941739, 0.39386, 0.837335, 0.533934, 0.117411, -0.0, 0.0, 0.0, 0.0, 1.0],
                [0.127828, 0.0233, -0.991527, -0.0, 0.308506, 0.949197, 0.062078, 0.39386, 0.942603, -0.313824, 0.114145, 0.0, 0.0, 0.0, 0.0, 1.0],
                [0.005175, 0.212465, -0.977164, 0.0, 0.667456, 0.726921, 0.16159, 0.39386, 0.744657, -0.653036, -0.138047, 0.0, 0.0, 0.0, 0.0, 1.0]
            ]
        },
        {
            "name": "Hand_R",
            "time": [0.0, 0.1, 0.2, 0.3, 0.4, 0.5, 0.8333, 1.3333],
            "transform": [
                [0.9943, 0.038894, -0.099268, 0.0, -0.077878, 0.900848, -0.427092, 0.300003, 0.072814, 0.432388, 0.898743, -0.0, 0.0, 0.0, 0.0, 1.0],
                [0.9943, 0.038894, -0.099268, -0.0, -0.077878, 0.900848, -0.427092, 0.300002, 0.072814, 0.432388, 0.898743, -0.0, 0.0, 0.0, 0.0, 1.0],
                [0.9943, 0.038894, -0.099268, -0.0, -0.077878, 0.900848, -0.427092, 0.300003, 0.072814, 0.432388, 0.898743, -0.0, 0.0, 0.0, 0.0, 1.0],
                [0.994699, 0.08304, -0.060651, 0.0, -0.090576, 0.986771, -0.13446, 0.300003, 0.048683, 0.139241, 0.989061, 0.0, 0.0, 0.0, 0.0, 1.0],
                [0.994573, 0.090895, -0.050612, -0.0, -0.094255, 0.993186, -0.068532, 0.300002, 0.044038, 0.07293, 0.996364, -0.0, 0.0, 0.0, 0.0, 1.0],
                [-0.001413, 0.099832, 0.995003, 0.0, 0.020627, 0.994796, -0.099782, 0.300003, -0.999786, 0.020383, -0.003465, 0.0, 0.0, 0.0, 0.0, 1.0],
                [0.532581, 0.063226, 0.844014, 0.0, 0.116224, 0.982296, -0.146924, 0.300003, -0.838357, 0.176344, 0.515807, -0.0, 0.0, 0.0, 0.0, 1.0],
                [0.996946, 0.075916, -0.017781, -0.0, -0.076812, 0.917123, -0.391135, 0.300003, -0.013386, 0.391309, 0.920166, -0.0, 0.0, 0.0, 0.0, 1.0]
            ]
        },
        {
            "name": "Tool_R",
            "time": [0.0, 0.1, 0.2, 0.3, 0.4, 0.5, 1.3333],
            "transform": [
                [0.978115, 0.04431, -0.203293, 0.001599, -0.0615, -0.871834, -0.485925, 0.256323, -0.198769, 0.487793, -0.850029, -0.008111, 0.0, 0.0, 0.0, 1.0],
                [0.984672, 0.043493, -0.168905, 0.001599, -0.057752, -0.832479, -0.551039, 0.256323, -0.164576, 0.552347, -0.817207, -0.008111, 0.0, 0.0, 0.0, 1.0],
                [1.0, -0.0, -0.0, 0.001599, 0.0, -0.570432, -0.821345, 0.256323, -0.0, 0.821345, -0.570432, -0.008109, 0.0, 0.0, 0.0, 1.0],
                [1.0, -0.0, -0.0, 0.001599, -0.0, -0.570432, -0.821345, 0.256323, 0.0, 0.821345, -0.570432, -0.008111, 0.0, 0.0, 0.0, 1.0],
                [0.99972, 0.007501, -0.022441, 0.001599, -0.018671, -0.332525, -0.94291, 0.256324, -0.014535, 0.943065, -0.332292, -0.008111, 0.0, 0.0, 0.0, 1.0],
                [1.0, -0.0, -0.0, 0.001599, 0.0, -0.570432, -0.821345, 0.256323, 0.0, 0.821345, -0.570432, -0.008111, 0.0, 0.0, 0.0, 1.0],
                [0.999001, -0.00645, -0.044228, 0.001599, -0.032855, -0.776858, -0.628818, 0.256323, -0.030303, 0.629643, -0.776293, -0.008111, 0.0, 0.0, 0.0, 1.0]
            ]
        },
        {
            "name": "Elbow_R",
            "time": [0.0, 0.1, 0.2, 0.3, 0.4, 0.5, 1.3333],
            "transform": [
                [-1.0, 1e-06, 0.0, -1e-06, 0.0, -0.0, -0.999999, 0.299996, -1e-06, -0.999995, -0.0, -1e-06, 0.0, 0.0, 0.0, 1.0],
                [-1.0, 1e-06, 0.0, -1e-06, 0.0, -0.0, -0.999999, 0.299996, -1e-06, -0.999995, -0.0, -1e-06, 0.0, 0.0, 0.0, 1.0],
                [-0.999999, 1e-06, -0.0, -1e-06, -0.0, -0.0, -0.999999, 0.299996, -1e-06, -0.999995, -0.0, -2e-06, 0.0, 0.0, 0.0, 1.0],
                [-1.0, 1e-06, 0.0, -1e-06, -0.0, -0.0, -0.999999, 0.299996, -1e-06, -0.999995, -0.0, -1e-06, 0.0, 0.0, 0.0, 1.0],
                [-0.999999, 1e-06, -0.0, -1e-06, 0.0, -0.0, -0.999999, 0.299996, -1e-06, -0.999995, -0.0, -1e-06, 0.0, 0.0, 0.0, 1.0],
                [-1.0, 1e-06, 0.0, -2e-06, -0.0, -0.0, -0.999999, 0.299996, -1e-06, -0.999995, -0.0, -1e-06, 0.0, 0.0, 0.0, 1.0],
                [-1.0, 1e-06, 0.0, -1e-06, 0.0, -0.0, -0.999999, 0.299996, -1e-06, -0.999995, -0.0, -1e-06, 0.0, 0.0, 0.0, 1.0]
            ]
        },
        {
            "name": "Shoulder_L",
            "time": [0.0, 0.1, 0.2, 0.3, 0.4, 0.5, 0.8333, 1.3333],
            "transform": [
                [-0.163422, -0.893916, -0.417383, -0.0, 0.149168, -0.440596, 0.885226, 0.4, -0.975214, 0.082405, 0.205346, -0.0, 0.0, 0.0, 0.0, 1.0],
                [-0.265189, -0.871976, -0.411502, -0.0, 0.102025, -0.449763, 0.887302, 0.4, -0.958784, 0.193319, 0.208235, -0.0, 0.0, 0.0, 0.0, 1.0],
                [-0.706821, -0.596698, -0.379943, -0.0, -0.135175, -0.413276, 0.900517, 0.4, -0.694358, 0.687862, 0.211454, 0.0, 0.0, 0.0, 0.0, 1.0],
                [-0.706821, -0.596698, -0.379943, 0.0, -0.135175, -0.413276, 0.900517, 0.4, -0.694358, 0.687862, 0.211454, 0.0, 0.0, 0.0, 0.0, 1.0],
                [-0.70682, -0.596698, -0.379943, 0.0, -0.135175, -0.413276, 0.900517, 0.4, -0.694358, 0.687862, 0.211454, 0.0, 0.0, 0.0, 0.0, 1.0],
                [-0.70682, -0.596698, -0.379943, 0.0, -0.135175, -0.413276, 0.900517, 0.4, -0.694358, 0.687862, 0.211453, 0.0, 0.0, 0.0, 0.0, 1.0],
                [-0.719848, -0.638557, -0.272153, 0.0, -0.034521, -0.358657, 0.932831, 0.4, -0.693276, 0.68089, 0.236135, 0.0, 0.0, 0.0, 0.0, 1.0],
                [-0.448788, -0.838758, -0.308348, 0.0, -0.008643, -0.340958, 0.94004, 0.4, -0.893602, 0.424542, 0.145768, 0.0, 0.0, 0.0, 0.0, 1.0]
            ]
        },
        {
            "name": "Arm_L",
            "time": [0.0, 0.1, 0.2, 0.3, 0.4, 0.5, 0.8333, 1.3333],
            "transform": [
                [-0.341384, -0.351002, 0.871925, -0.0, -0.807534, 0.584234, -0.080984, 0.39386, -0.480983, -0.731757, -0.482894, 0.0, 0.0, 0.0, 0.0, 1.0],
                [-0.219693, -0.52292, 0.823582, 0.0, -0.748129, 0.632125, 0.201792, 0.39386, -0.626129, -0.571814, -0.530085, -0.0, 0.0, 0.0, 0.0, 1.0],
                [-0.205039, -0.965227, -0.162163, 0.0, 0.186132, -0.201114, 0.96172, 0.39386, -0.960892, 0.167007, 0.220895, -0.0, 0.0, 0.0, 0.0, 1.0],
                [-0.205039, -0.965227, -0.162164, 0.0, 0.186132, -0.201114, 0.961721, 0.39386, -0.960892, 0.167007, 0.220896, -0.0, 0.0, 0.0, 0.0, 1.0],
                [-0.205039, -0.965227, -0.162163, 0.0, 0.186132, -0.201114, 0.961721, 0.39386, -0.960892, 0.167006, 0.220895, -0.0, 0.0, 0.0, 0.0, 1.0],
                [-0.205039, -0.965227, -0.162163, -0.0, 0.186132, -0.201113, 0.961721, 0.39386, -0.960892, 0.167007, 0.220895, 0.0, 0.0, 0.0, 0.0, 1.0],
                [0.132333, -0.964995, 0.226436, 0.0, -0.21099, 0.195786, 0.957679, 0.39386, -0.968488, -0.174508, -0.177695, -0.0, 0.0, 0.0, 0.0, 1.0],
                [-0.0056, -0.334099, 0.94252, -0.0, -0.930901, 0.345986, 0.117112, 0.39386, -0.365226, -0.876739, -0.31295, 0.0, 0.0, 0.0, 0.0, 1.0]
            ]
        },
        {
            "name": "Hand_L",
            "time": [0.0, 0.1, 0.2, 0.3, 0.4, 0.5, 0.8333, 1.3333],
            "transform": [
                [0.998205, -0.058227, 0.01401, -0.0, 0.037833, 0.431737, -0.901206, 0.300003, 0.046426, 0.900118, 0.433165, -0.0, 0.0, 0.0, 0.0, 1.0],
                [0.998205, -0.058227, 0.01401, 0.0, 0.037833, 0.431737, -0.901206, 0.300003, 0.046426, 0.900118, 0.433165, -0.0, 0.0, 0.0, 0.0, 1.0],
                [0.998205, -0.058227, 0.01401, 0.0, 0.037833, 0.431737, -0.901206, 0.300003, 0.046426, 0.900118, 0.433165, 0.0, 0.0, 0.0, 0.0, 1.0],
                [0.998205, -0.058227, 0.014011, -0.0, 0.037833, 0.431737, -0.901206, 0.300002, 0.046426, 0.900118, 0.433165, -0.0, 0.0, 0.0, 0.0, 1.0],
                [0.998205, -0.058227, 0.01401, 0.0, 0.037833, 0.431737, -0.901206, 0.300002, 0.046426, 0.900118, 0.433165, -0.0, 0.0, 0.0, 0.0, 1.0],
                [0.998205, -0.058227, 0.014011, -0.0, 0.037833, 0.431737, -0.901206, 0.300003, 0.046426, 0.900118, 0.433165, -0.0, 0.0, 0.0, 0.0, 1.0],
                [0.998197, 0.059506, -0.007911, 0.0, -0.039698, 0.555506, -0.830566, 0.300003, -0.045029, 0.829383, 0.556865, 0.0, 0.0, 0.0, 0.0, 1.0],
                [0.985933, -0.14495, -0.083244, -0.0, 0.048791, 0.725887, -0.686086, 0.300002, 0.159873, 0.672374, 0.722744, 0.0, 0.0, 0.0, 0.0, 1.0]
            ]
        },
        {
            "name": "Tool_L",
            "time": [0.0, 0.1, 0.2, 0.3, 0.4, 0.5, 1.3333],
            "transform": [
                [0.554036, 0.832011, -0.010509, -0.009901, 0.827007, -0.551871, -0.104529, 0.259366, -0.092752, 0.049199, -0.994794, 0.031964, 0.0, 0.0, 0.0, 1.0],
                [0.679593, 0.732972, -0.015999, -0.009901, 0.729399, -0.678003, -0.087578, 0.259366, -0.075026, 0.047826, -0.996356, 0.031963, 0.0, 0.0, 0.0, 1.0],
                [0.999749, -0.0, -0.0, -0.009901, 0.0, -0.999612, 0.000318, 0.259366, 0.0, -0.000318, -1.000325, 0.031964, 0.0, 0.0, 0.0, 1.0],
                [0.999749, -0.0, -0.0, -0.009901, 0.0, -0.999612, 0.000318, 0.259366, -0.0, -0.000318, -1.000325, 0.031964, 0.0, 0.0, 0.0, 1.0],
                [0.999749, 0.0, -0.0, -0.009902, -0.0, -0.999612, 0.000318, 0.259366, 0.0, -0.000318, -1.000326, 0.031964, 0.0, 0.0, 0.0, 1.0],
                [0.999749, 0.0, 0.0, -0.009901, -0.0, -0.999612, 0.000318, 0.259366, 0.0, -0.000318, -1.000325, 0.031964, 0.0, 0.0, 0.0, 1.0],
                [0.999749, -0.0, 1e-06, -0.0, 0.0, -0.966008, -0.25719, 0.271204, 1e-06, 0.257006, -0.966698, 0.0, 0.0, 0.0, 0.0, 1.0]
            ]
        },
        {
            "name": "Elbow_L",
            "time": [0.0, 0.1, 0.2, 0.3, 0.4, 0.5, 1.3333],
            "transform": [
                [-1.000001, 1e-06, 2e-06, 0.00016, -2e-06, -0.0, -1.0, 0.303661, -1e-06, -1.0, 0.0, 5.4e-05, 0.0, 0.0, 0.0, 1.0],
                [-1.000001, 1e-06, 2e-06, 0.00016, -2e-06, 0.0, -1.0, 0.303661, -1e-06, -1.0, -0.0, 5.4e-05, 0.0, 0.0, 0.0, 1.0],
                [-1.000001, 1e-06, 2e-06, 0.00016, -2e-06, 0.0, -1.0, 0.30366, -1e-06, -1.0, 0.0, 5.4e-05, 0.0, 0.0, 0.0, 1.0],
                [-1.000001, 1e-06, 2e-06, 0.00016, -2e-06, -0.0, -1.0, 0.303661, -1e-06, -1.0, -0.0, 5.4e-05, 0.0, 0.0, 0.0, 1.0],
                [-1.000001, 1e-06, 2e-06, 0.00016, -2e-06, 0.0, -1.0, 0.30366, -1e-06, -1.0, 0.0, 5.4e-05, 0.0, 0.0, 0.0, 1.0],
                [-1.000001, 1e-06, 2e-06, 0.00016, -2e-06, 0.0, -1.0, 0.303661, -1e-06, -1.0, 0.0, 5.4e-05, 0.0, 0.0, 0.0, 1.0],
                [-1.000001, 1e-06, 2e-06, 0.00016, -2e-06, -0.0, -1.0, 0.303661, -1e-06, -1.0, 0.0, 5.4e-05, 0.0, 0.0, 0.0, 1.0]
            ]
        }
    ]
}