{
    "animation": [
        {
            "name": "Root",
            "time": [0.0, 0.1, 0.2, 0.3, 0.4, 0.5, 0.6, 0.65, 0.7, 0.75, 0.8, 0.9, 1.1, 1.3333],
            "transform": [
                [0.61672, -0.7004, 0.3593, 1.7e-05, 0.503397, -0.0, -0.864055, 0.428108, 0.605184, 0.713751, 0.352579, 0.747805, 0.0, 0.0, 0.0, 1.0],
                [0.693239, -0.681104, 0.235621, 1.7e-05, 0.240053, -0.090048, -0.966574, 0.576116, 0.679555, 0.726629, 0.101076, 1.949053, 0.0, 0.0, 0.0, 1.0],
                [0.413326, -0.801804, -0.431593, 1.7e-05, -0.903144, -0.42144, -0.081978, 0.714576, -0.11616, 0.423674, -0.898336, 2.723358, 0.0, 0.0, 0.0, 1.0],
                [0.413326, -0.801803, -0.431593, 1.7e-05, -0.510643, -0.59653, 0.619189, 0.843486, -0.753926, -0.035537, -0.655997, 3.039523, 0.0, 0.0, 0.0, 1.0],
                [0.413326, -0.801804, -0.431593, 1.7e-05, -0.725358, -0.576447, 0.376251, 0.886456, -0.55047, 0.157545, -0.819855, 3.140698, 0.0, 0.0, 0.0, 1.0],
                [0.413326, -0.801803, -0.431593, 1.7e-05, -0.906338, -0.407964, -0.110073, 0.94375, -0.087818, 0.436665, -0.895328, 2.958357, 0.0, 0.0, 0.0, 1.0],
                [0.588128, -0.801804, 0.105907, 1.7e-05, -0.409215, -0.407964, -0.816155, 0.94375, 0.697602, 0.436665, -0.568045, 2.285563, 0.0, 0.0, 0.0, 1.0],
                [0.236807, -0.801804, 0.548665, 1.7e-05, 0.453981, -0.407964, -0.792128, 0.94375, 0.858966, 0.436665, 0.267395, 1.632985, 0.0, 0.0, 0.0, 1.0],
                [0.236807, -0.801804, 0.548665, 1.7e-05, 0.453981, -0.407964, -0.792128, 0.94375, 0.858966, 0.436665, 0.267395, 0.76526, 0.0, 0.0, 0.0, 1.0],
                [0.024306, -0.726951, 0.686259, 1.7e-05, 0.995482, -0.045428, -0.08338, 0.94375, 0.091789, 0.685185, 0.722562, 0.453322, 0.0, 0.0, 0.0, 1.0],
                [-0.008604, -0.725478, 0.688191, 1.7e-05, 0.999677, 0.010205, 0.023256, 0.94375, -0.023895, 0.688169, 0.725156, 0.450138, 0.0, 0.0, 0.0, 1.0],
                [0.103958, -0.738626, 0.666051, 1.7e-05, 0.921465, -0.180492, -0.343983, 0.94375, 0.374292, 0.649503, 0.661855, 0.550157, 0.0, 0.0, 0.0, 1.0],
                [0.111669, -0.740446, 0.662774, 1.7e-05, 0.908871, -0.1936, -0.369421, 0.94375, 0.40185, 0.643629, 0.651351, 0.557302, 0.0, 0.0, 0.0, 1.0],
                [0.999999, 0.0, -0.001628, -0.154711, -0.001628, 0.0, -0.999999, 0.66745, 0.0, 1.0, 0.0, 0.774136, 0.0, 0.0, 0.0, 1.0]
            ]
        },
        {
            "name": "Thigh_R",
            "time": [0.0, 0.1, 0.2, 0.3, 0.5, 0.6, 0.7, 0.75, 0.8, 0.9, 1.1, 1.3333],
            "transform": [
                [0.660343, -0.677773, 0.323373, 0.124994, -0.742011, -0.52259, 0.419903, -0.002831, -0.115607, -0.517227, -0.848004, -1.2e-05, 0.0, 0.0, 0.0, 1.0],
                [0.72452, -0.666101, 0.177143, 0.124994, -0.68583, -0.671123, 0.28148, -0.002831, -0.068609, -0.325428, -0.943074, -1.2e-05, 0.0, 0.0, 0.0, 1.0],
                [0.950959, -0.066145, -0.302161, 0.124994, -0.264598, -0.679894, -0.68391, -0.002831, -0.1602, 0.730322, -0.664053, -1.2e-05, 0.0, 0.0, 0.0, 1.0],
                [0.698323, 0.663626, -0.268225, 0.122185, 0.048943, -0.418122, -0.907071, 0.008521, -0.714107, 0.620301, -0.324464, -0.023792, 0.0, 0.0, 0.0, 1.0],
                [0.591399, 0.499752, 0.632847, 0.124994, 0.784962, -0.536453, -0.309922, -0.00283, 0.184608, 0.680049, -0.709544, -1.2e-05, 0.0, 0.0, 0.0, 1.0],
                [0.824909, 0.50439, 0.255175, 0.124994, 0.565259, -0.738065, -0.368433, -0.002831, 0.002502, 0.448164, -0.893948, -1.2e-05, 0.0, 0.0, 0.0, 1.0],
                [0.912732, 0.375653, -0.160635, 0.124994, 0.317978, -0.900039, -0.298026, -0.002831, -0.256532, 0.22094, -0.940944, -1.2e-05, 0.0, 0.0, 0.0, 1.0],
                [0.896039, 0.354521, -0.267259, 0.124994, 0.409737, -0.428523, 0.805285, -0.002831, 0.170964, -0.831073, -0.529234, -1.2e-05, 0.0, 0.0, 0.0, 1.0],
                [0.823701, 0.474718, -0.310096, 0.124994, 0.465348, -0.253473, 0.848058, -0.002831, 0.323988, -0.842849, -0.429695, -1.2e-05, 0.0, 0.0, 0.0, 1.0],
                [0.983838, 0.117473, -0.135137, 0.124994, 0.177107, -0.527306, 0.831012, -0.002831, 0.026363, -0.841516, -0.539589, -1.2e-05, 0.0, 0.0, 0.0, 1.0],
                [0.988487, 0.087255, -0.123609, 0.124994, 0.151218, -0.542404, 0.826396, -0.002831, 0.005061, -0.835574, -0.549354, -1.2e-05, 0.0, 0.0, 0.0, 1.0],
                [0.825291, -0.01843, 0.564406, 0.14535, -0.095723, -0.989569, 0.107657, 0.008728, 0.556535, -0.142875, -0.818447, 0.020473, 0.0, 0.0, 0.0, 1.0]
            ]
        },
        {
            "name": "Leg_R",
            "time": [0.0, 0.1, 0.2, 0.3, 0.5, 0.6, 0.7, 0.75, 0.8, 0.9, 1.1, 1.3333],
            "transform": [
                [0.997818, -0.065565, -0.007825, 0.0, 0.065142, 0.958094, 0.278948, 0.374726, -0.010792, -0.278849, 0.960274, -0.0, 0.0, 0.0, 0.0, 1.0],
                [0.997818, -0.065565, -0.007825, -0.0, 0.065142, 0.958094, 0.278948, 0.374726, -0.010792, -0.278849, 0.960274, 0.0, 0.0, 0.0, 0.0, 1.0],
                [0.997818, -0.065565, -0.007825, 0.0, 0.065142, 0.958094, 0.278948, 0.374726, -0.010792, -0.278849, 0.960274, 0.0, 0.0, 0.0, 0.0, 1.0],
                [0.997818, -0.065565, -0.007825, 0.0, 0.065142, 0.958094, 0.278948, 0.374726, -0.010792, -0.278849, 0.960274, 0.0, 0.0, 0.0, 0.0, 1.0],
                [0.997818, -0.065565, -0.007825, 0.0, 0.065142, 0.958094, 0.278948, 0.374726, -0.010792, -0.278849, 0.960274, 0.0, 0.0, 0.0, 0.0, 1.0],
                [0.997818, -0.058741, -0.030158, -0.0, 0.065142, 0.801077, 0.595006, 0.374726, -0.010792, -0.595672, 0.803155, -0.0, 0.0, 0.0, 0.0, 1.0],
                [0.997818, -0.044569, -0.048719, 0.0, 0.065142, 0.543862, 0.836643, 0.374726, -0.010792, -0.83799, 0.545578, -0.0, 0.0, 0.0, 0.0, 1.0],
                [0.997818, -0.021004, -0.0626, 0.0, 0.065142, 0.158188, 0.985258, 0.374726, -0.010792, -0.987185, 0.159211, 0.0, 0.0, 0.0, 0.0, 1.0],
                [0.997818, -0.011578, -0.065007, -0.0, 0.065142, 0.011706, 0.997807, 0.374726, -0.010792, -0.999864, 0.012435, 0.0, 0.0, 0.0, 0.0, 1.0],
                [0.997818, -0.04862, -0.044678, 0.0, 0.065142, 0.614251, 0.786417, 0.374726, -0.010792, -0.787611, 0.616078, 0.0, 0.0, 0.0, 0.0, 1.0],
                [0.997818, -0.050625, -0.042392, -0.0, 0.065142, 0.649805, 0.757304, 0.374726, -0.010792, -0.758413, 0.651685, 0.0, 0.0, 0.0, 0.0, 1.0],
                [0.997363, 0.072408, 0.004897, -0.0, -0.069116, 0.927094, 0.368403, 0.374726, 0.022136, -0.36777, 0.929653, -0.0, 0.0, 0.0, 0.0, 1.0]
            ]
        },
        {
            "name": "Knee_R",
            "time": [0.0, 0.1, 0.2, 0.3, 0.4, 0.5, 0.6, 0.7, 0.75, 0.8, 0.9, 1.1, 1.3333],
            "transform": [
                [1.0, 1e-06, -1e-06, 0.0, -1e-06, -0.0, -1.0, 0.374721, -1e-06, 1.0, 0.0, -0.0, 0.0, 0.0, 0.0, 1.0],
                [1.0, 1e-06, -1e-06, -0.0, -1e-06, -0.0, -1.0, 0.374721, -1e-06, 1.0, 0.0, 0.0, 0.0, 0.0, 0.0, 1.0],
                [1.0, 1e-06, -1e-06, 0.0, -1e-06, -0.0, -1.0, 0.374721, -1e-06, 1.0, 0.0, 0.0, 0.0, 0.0, 0.0, 1.0],
                [1.0, 1e-06, -1e-06, -0.0, -1e-06, -0.0, -1.0, 0.374721, -1e-06, 1.0, 0.0, 0.0, 0.0, 0.0, 0.0, 1.0],
                [1.0, 1e-06, -1e-06, -0.0, -1e-06, 0.0, -1.0, 0.374721, -1e-06, 1.0, 0.0, 0.0, 0.0, 0.0, 0.0, 1.0],
                [1.0, 1e-06, -1e-06, -0.0, -1e-06, -0.0, -1.0, 0.374721, -1e-06, 1.0, -0.0, 0.0, 0.0, 0.0, 0.0, 1.0],
                [1.0, 1e-06, -1e-06, -0.0, -1e-06, -0.0, -1.0, 0.374721, -1e-06, 1.0, -0.0, -0.0, 0.0, 0.0, 0.0, 1.0],
                [1.0, 1e-06, -1e-06, 0.0, -1e-06, -0.0, -1.0, 0.374721, -1e-06, 1.0, 0.0, -0.0, 0.0, 0.0, 0.0, 1.0],
                [1.0, 1e-06, -1e-06, -0.0, -1e-06, -0.0, -1.0, 0.374721, -1e-06, 1.0, 0.0, -0.0, 0.0, 0.0, 0.0, 1.0],
                [1.0, 1e-06, -1e-06, -0.0, -1e-06, -0.0, -1.0, 0.374721, -1e-06, 1.0, 0.0, 0.0, 0.0, 0.0, 0.0, 1.0],
                [1.0, 1e-06, -1e-06, 0.0, -1e-06, -0.0, -1.0, 0.374721, -1e-06, 1.0, 0.0, -0.0, 0.0, 0.0, 0.0, 1.0],
                [1.0, 1e-06, -1e-06, -0.0, -1e-06, -0.0, -1.0, 0.374721, -1e-06, 1.0, 0.0, -0.0, 0.0, 0.0, 0.0, 1.0],
                [1.0, 1e-06, -1e-06, 0.0, -1e-06, 0.0, -1.0, 0.374721, -1e-06, 1.0, 0.0, -0.0, 0.0, 0.0, 0.0, 1.0]
            ]
        },
        {
            "name": "Thigh_L",
            "time": [0.0, 0.1, 0.2, 0.3, 0.4, 0.5, 0.6, 0.7, 0.75, 0.8, 0.9, 1.1, 1.3333],
            "transform": [
                [0.475791, -0.731431, 0.488499, -0.125006, -0.294617, 0.390777, 0.872063, -0.002831, -0.828748, -0.558841, -0.029563, -1.2e-05, 0.0, 0.0, 0.0, 1.0],
                [0.476912, -0.720941, 0.502792, -0.125006, -0.416698, 0.318214, 0.851529, -0.002831, -0.773898, -0.615617, -0.148655, -1.2e-05, 0.0, 0.0, 0.0, 1.0],
                [0.446869, -0.683295, 0.577422, -0.125006, -0.853561, -0.132411, 0.503885, -0.002831, -0.267845, -0.718036, -0.642404, -1.2e-05, 0.0, 0.0, 0.0, 1.0],
                [0.481313, -0.783192, 0.393636, -0.122197, -0.832828, -0.268544, 0.484026, -0.014183, -0.273376, -0.560799, -0.781518, 0.023769, 0.0, 0.0, 0.0, 1.0],
                [0.446869, -0.683295, 0.577422, -0.125005, -0.853561, -0.132411, 0.503885, -0.002831, -0.267845, -0.718036, -0.642404, -1.2e-05, 0.0, 0.0, 0.0, 1.0],
                [0.446869, -0.683295, 0.577422, -0.125006, -0.853561, -0.132411, 0.503885, -0.00283, -0.267845, -0.718036, -0.642404, -1.2e-05, 0.0, 0.0, 0.0, 1.0],
                [0.33472, -0.738147, 0.585749, -0.125006, -0.446857, 0.422932, 0.788319, -0.002831, -0.829627, -0.525613, -0.188282, -1.2e-05, 0.0, 0.0, 0.0, 1.0],
                [0.106946, -0.946814, 0.303489, -0.125006, -0.20121, 0.278314, 0.939178, -0.002831, -0.973693, -0.161506, -0.160744, -1.2e-05, 0.0, 0.0, 0.0, 1.0],
                [0.930116, -0.360114, 0.072131, -0.125006, 0.126803, 0.499203, 0.857157, -0.002831, -0.344682, -0.78811, 0.509979, -1.2e-05, 0.0, 0.0, 0.0, 1.0],
                [0.964853, -0.260349, -0.035743, -0.125006, 0.150394, 0.435513, 0.88753, -0.002831, -0.215501, -0.861712, 0.459361, -1.2e-05, 0.0, 0.0, 0.0, 1.0],
                [0.765133, -0.606838, 0.215221, -0.125006, 0.05749, 0.397314, 0.91588, -0.002831, -0.641301, -0.688398, 0.338885, -1.2e-05, 0.0, 0.0, 0.0, 1.0],
                [0.742311, -0.628876, 0.231281, -0.125006, 0.049807, 0.395999, 0.916899, -0.002831, -0.668202, -0.669105, 0.325276, -1.2e-05, 0.0, 0.0, 0.0, 1.0],
                [0.992808, 0.10834, -0.050933, -0.125094, 0.111734, -0.991318, 0.069325, -0.002832, -0.04298, -0.074518, -0.996293, -2.9e-05, 0.0, 0.0, 0.0, 1.0]
            ]
        },
        {
            "name": "Leg_L",
            "time": [0.0, 0.1, 0.2, 0.4, 0.5, 0.6, 0.7, 0.75, 0.8, 0.9, 1.1, 1.3333],
            "transform": [
                [0.994127, 0.048881, 0.096552, -0.0, -0.055273, -0.537698, 0.841324, 0.374726, 0.09304, -0.84172, -0.531838, 0.0, 0.0, 0.0, 0.0, 1.0],
                [0.994127, 0.048881, 0.096552, 0.0, -0.055273, -0.537697, 0.841324, 0.374726, 0.09304, -0.84172, -0.531837, 0.0, 0.0, 0.0, 0.0, 1.0],
                [0.994127, 0.048881, 0.096552, 0.0, -0.055273, -0.537697, 0.841324, 0.374726, 0.09304, -0.84172, -0.531837, -0.0, 0.0, 0.0, 0.0, 1.0],
                [0.994127, 0.108097, -0.00515, 0.0, -0.055273, 0.548082, 0.834596, 0.374726, 0.09304, -0.82941, 0.550838, -0.0, 0.0, 0.0, 0.0, 1.0],
                [0.994127, 0.083137, 0.069281, -0.0, -0.055273, -0.160329, 0.985515, 0.374726, 0.09304, -0.983556, -0.154792, 0.0, 0.0, 0.0, 0.0, 1.0],
                [0.985448, 0.08853, 0.145104, 0.0, -0.097381, -0.405638, 0.908831, 0.374726, 0.139318, -0.909736, -0.391114, -0.0, 0.0, 0.0, 0.0, 1.0],
                [0.974466, 0.223995, -0.01557, 0.0, -0.155199, 0.722041, 0.674217, 0.374726, 0.162264, -0.654585, 0.738369, 0.0, 0.0, 0.0, 0.0, 1.0],
                [0.999679, 0.023239, 0.010114, 0.0, -0.009521, -0.025487, 0.99963, 0.374726, 0.023488, -0.999405, -0.025257, -0.0, 0.0, 0.0, 0.0, 1.0],
                [1.0, -1e-06, 1e-06, 0.0, -1e-06, -0.015307, 0.999883, 0.374726, -1e-06, -0.999883, -0.015307, 0.0, 0.0, 0.0, 0.0, 1.0],
                [0.996107, 0.08571, 0.020603, 0.0, -0.040422, 0.236406, 0.970813, 0.374726, 0.078338, -0.967867, 0.23895, 0.0, 0.0, 0.0, 0.0, 1.0],
                [0.99552, 0.092134, 0.021235, 0.0, -0.044141, 0.254276, 0.966124, 0.374726, 0.083613, -0.962733, 0.257204, 0.0, 0.0, 0.0, 0.0, 1.0],
                [0.999966, 0.000317, -0.008155, 0.0, -0.000261, 0.999977, 0.006944, 0.374726, 0.008157, -0.006941, 0.999943, -0.0, 0.0, 0.0, 0.0, 1.0]
            ]
        },
        {
            "name": "Knee_L",
            "time": [0.0, 0.1, 0.2, 0.3, 0.4, 0.5, 0.6, 0.7, 0.75, 0.8, 0.9, 1.1, 1.3333],
            "transform": [
                [1.0, 1e-06, -1e-06, -0.0, -1e-06, -0.0, -1.0, 0.37472, -1e-06, 1.0, 0.0, -0.0, 0.0, 0.0, 0.0, 1.0],
                [1.0, 1e-06, -1e-06, 0.0, -1e-06, -0.0, -1.0, 0.37472, -1e-06, 1.0, 0.0, -0.0, 0.0, 0.0, 0.0, 1.0],
                [1.0, 1e-06, -1e-06, 0.0, -1e-06, 0.0, -1.0, 0.37472, -1e-06, 1.0, -0.0, -0.0, 0.0, 0.0, 0.0, 1.0],
                [1.0, 1e-06, -1e-06, -0.0, -1e-06, -0.0, -1.0, 0.37472, -1e-06, 1.0, 0.0, 0.0, 0.0, 0.0, 0.0, 1.0],
                [1.0, 1e-06, -1e-06, 0.0, -1e-06, -0.0, -1.0, 0.37472, -1e-06, 1.0, 0.0, -0.0, 0.0, 0.0, 0.0, 1.0],
                [1.0, 1e-06, -1e-06, -0.0, -1e-06, 0.0, -1.0, 0.374721, -1e-06, 1.0, 0.0, 0.0, 0.0, 0.0, 0.0, 1.0],
                [1.0, 1e-06, -1e-06, 0.0, -1e-06, 0.0, -1.0, 0.37472, -1e-06, 1.0, 0.0, -1e-06, 0.0, 0.0, 0.0, 1.0],
                [1.0, 1e-06, -1e-06, 0.0, -1e-06, -0.0, -1.0, 0.37472, -1e-06, 1.0, 0.0, 0.0, 0.0, 0.0, 0.0, 1.0],
                [1.0, 1e-06, -1e-06, 0.0, -1e-06, 0.0, -1.0, 0.37472, -1e-06, 1.0, 0.0, -0.0, 0.0, 0.0, 0.0, 1.0],
                [1.0, 1e-06, -1e-06, 0.0, -1e-06, -0.0, -1.0, 0.37472, -1e-06, 1.0, 0.0, -0.0, 0.0, 0.0, 0.0, 1.0],
                [1.0, 1e-06, -1e-06, 0.0, -1e-06, -0.0, -1.0, 0.37472, -1e-06, 1.0, -0.0, 0.0, 0.0, 0.0, 0.0, 1.0],
                [1.0, 1e-06, -1e-06, -0.0, -1e-06, -0.0, -1.0, 0.37472, -1e-06, 1.0, 0.0, 0.0, 0.0, 0.0, 0.0, 1.0],
                [1.0, 1e-06, -1e-06, 0.0, -1e-06, -0.0, -1.0, 0.37472, -1e-06, 1.0, 0.0, 0.0, 0.0, 0.0, 0.0, 1.0]
            ]
        },
        {
            "name": "Torso",
            "time": [0.0, 0.1, 0.2, 0.3, 0.4, 0.5, 0.6, 0.7, 0.75, 0.8, 0.9, 1.1, 1.3333],
            "transform": [
                [0.807691, -0.012294, 0.589478, -0.0, -0.059925, 0.992894, 0.102815, 0.05, -0.586553, -0.118367, 0.801214, -0.0, 0.0, 0.0, 0.0, 1.0],
                [0.807691, -0.012294, 0.589478, 0.0, -0.059925, 0.992894, 0.102815, 0.05, -0.586553, -0.118367, 0.801214, 0.0, 0.0, 0.0, 0.0, 1.0],
                [0.807691, -0.012294, 0.589478, 0.0, -0.059925, 0.992894, 0.102815, 0.05, -0.586553, -0.118367, 0.801214, 0.0, 0.0, 0.0, 0.0, 1.0],
                [0.807691, -0.012294, 0.589478, 0.0, -0.059925, 0.992894, 0.102815, 0.05, -0.586553, -0.118367, 0.801214, 0.0, 0.0, 0.0, 0.0, 1.0],
                [0.807691, -0.012294, 0.589478, 0.0, -0.059925, 0.992894, 0.102815, 0.05, -0.586553, -0.118367, 0.801214, -0.0, 0.0, 0.0, 0.0, 1.0],
                [0.807691, -0.012294, 0.589478, -0.0, -0.059925, 0.992894, 0.102815, 0.05, -0.586553, -0.118367, 0.801214, -0.0, 0.0, 0.0, 0.0, 1.0],
                [0.950663, 0.003285, 0.310209, 0.0, -0.021813, 0.998177, 0.056277, 0.05, -0.309459, -0.060267, 0.949001, 0.0, 0.0, 0.0, 0.0, 1.0],
                [1.0, 0.0, -0.0, 0.0, 0.0, 1.0, -0.0, 0.05, -0.0, -0.0, 1.0, -0.0, 0.0, 0.0, 0.0, 1.0],
                [1.0, -0.0, 0.0, 0.0, -0.0, 1.0, -0.0, 0.05, 0.0, -0.0, 1.0, -0.0, 0.0, 0.0, 0.0, 1.0],
                [1.0, -0.0, 0.0, 0.0, 0.0, 1.0, -0.0, 0.05, 0.0, 0.0, 1.0, 0.0, 0.0, 0.0, 0.0, 1.0],
                [1.0, 0.0, 0.0, 0.0, 0.0, 1.0, -0.0, 0.05, 0.0, 0.0, 1.0, -0.0, 0.0, 0.0, 0.0, 1.0],
                [1.0, 0.0, 0.0, 0.0, -0.0, 1.0, -0.0, 0.05, -0.0, -0.0, 1.0, 0.0, 0.0, 0.0, 0.0, 1.0],
                [1.0, 0.000109, -7e-06, -0.0, -0.000109, 0.993486, -0.113954, 0.05, -5e-06, 0.113954, 0.993486, -0.0, 0.0, 0.0, 0.0, 1.0]
            ]
        },
        {
            "name": "Chest",
            "time": [0.0, 0.1, 0.2, 0.3, 0.4, 0.5, 0.6, 0.7, 0.75, 0.8, 0.9, 1.1, 1.3333],
            "transform": [
                [0.764081, -0.42152, 0.488366, -0.0, -0.037089, 0.727061, 0.685571, 0.3, -0.644054, -0.541945, 0.539899, -0.0, 0.0, 0.0, 0.0, 1.0],
                [0.890627, -0.327366, 0.31562, 0.0, 0.092798, 0.810311, 0.578606, 0.3, -0.445166, -0.486033, 0.752063, 0.0, 0.0, 0.0, 0.0, 1.0],
                [0.530472, -0.290039, -0.79654, 0.0, -0.006515, 0.938223, -0.345968, 0.3, 0.847678, 0.188716, 0.495812, 0.0, 0.0, 0.0, 0.0, 1.0],
                [0.707902, -0.314497, -0.632429, -0.0, 0.184523, 0.946649, -0.264209, 0.3, 0.681781, 0.070337, 0.728167, 0.0, 0.0, 0.0, 0.0, 1.0],
                [0.710011, -0.31504, -0.629789, 0.0, 0.187017, 0.946587, -0.262673, 0.3, 0.678903, 0.06872, 0.731005, -0.0, 0.0, 0.0, 0.0, 1.0],
                [0.564329, -0.292184, -0.772115, 0.0, 0.027708, 0.94145, -0.336012, 0.3, 0.825085, 0.168227, 0.539383, 0.0, 0.0, 0.0, 0.0, 1.0],
                [0.997978, -0.052911, 0.035207, 0.0, 0.054228, 0.997822, -0.037572, 0.3, -0.033143, 0.039405, 0.998674, 0.0, 0.0, 0.0, 0.0, 1.0],
                [0.295074, 0.054663, 0.95391, 0.0, -0.302856, 0.952233, 0.039115, 0.3, -0.906206, -0.300439, 0.297535, 0.0, 0.0, 0.0, 0.0, 1.0],
                [0.874388, -0.315932, 0.368284, -0.0, 0.072943, 0.83595, 0.543936, 0.3, -0.479714, -0.448747, 0.75399, 0.0, 0.0, 0.0, 0.0, 1.0],
                [0.90146, -0.344267, 0.262394, 0.0, 0.140801, 0.806428, 0.574325, 0.3, -0.409323, -0.480785, 0.775435, -0.0, 0.0, 0.0, 0.0, 1.0],
                [0.759744, -0.224929, 0.610079, -0.0, -0.08207, 0.897585, 0.433134, 0.3, -0.645022, -0.37914, 0.663475, 0.0, 0.0, 0.0, 0.0, 1.0],
                [0.74445, -0.214184, 0.632391, 0.0, -0.096381, 0.902757, 0.419214, 0.3, -0.660685, -0.373034, 0.651415, -0.0, 0.0, 0.0, 0.0, 1.0],
                [0.55485, 0.044244, -0.830773, -0.0, 0.054293, 0.99453, 0.089226, 0.3, 0.830177, -0.094612, 0.549413, -0.0, 0.0, 0.0, 0.0, 1.0]
            ]
        },
        {
            "name": "Head",
            "time": [0.0, 0.1, 0.2, 0.3, 0.4, 0.5, 0.6, 0.7, 0.75, 0.8, 0.9, 1.1, 1.3333],
            "transform": [
                [0.504255, 0.086972, -0.859164, 0.0, 0.261139, 0.932977, 0.24771, 0.4, 0.823124, -0.349271, 0.447747, -0.0, 0.0, 0.0, 0.0, 1.0],
                [0.651464, 0.152819, -0.743129, 0.0, 0.205349, 0.907424, 0.366625, 0.4, 0.73036, -0.391444, 0.559773, -0.0, 0.0, 0.0, 0.0, 1.0],
                [0.939411, 0.278997, 0.199167, -0.0, -0.338359, 0.661538, 0.66924, 0.4, 0.054959, -0.696081, 0.715857, 0.0, 0.0, 0.0, 0.0, 1.0],
                [0.543287, -0.297701, 0.784993, 0.0, -0.393938, 0.735299, 0.551496, 0.4, -0.741386, -0.608859, 0.282203, 0.0, 0.0, 0.0, 0.0, 1.0],
                [0.53316, -0.304271, 0.789405, 0.0, -0.393752, 0.73662, 0.549864, 0.4, -0.748799, -0.603995, 0.272928, 0.0, 0.0, 0.0, 0.0, 1.0],
                [0.53316, -0.304271, 0.789405, 0.0, -0.393752, 0.73662, 0.549864, 0.4, -0.748799, -0.603995, 0.272928, 0.0, 0.0, 0.0, 0.0, 1.0],
                [0.53316, -0.304271, 0.789405, -0.0, -0.393752, 0.73662, 0.549864, 0.4, -0.748799, -0.603995, 0.272928, 0.0, 0.0, 0.0, 0.0, 1.0],
                [0.53316, -0.304271, 0.789405, -0.0, -0.393752, 0.73662, 0.549864, 0.4, -0.748799, -0.603995, 0.272928, 0.0, 0.0, 0.0, 0.0, 1.0],
                [0.993237, 0.044648, -0.107174, -0.0, 0.026534, 0.811378, 0.58392, 0.4, 0.113029, -0.582815, 0.804706, -0.0, 0.0, 0.0, 0.0, 1.0],
                [0.969142, 0.076198, -0.234429, 0.0, 0.069564, 0.827826, 0.556655, 0.4, 0.236482, -0.555786, 0.796981, 0.0, 0.0, 0.0, 0.0, 1.0],
                [0.974711, -0.051894, 0.217362, 0.0, -0.098074, 0.774652, 0.624737, 0.4, -0.2008, -0.630255, 0.749972, -0.0, 0.0, 0.0, 0.0, 1.0],
                [0.966254, -0.062872, 0.249799, -0.0, -0.111757, 0.771412, 0.626445, 0.4, -0.232084, -0.633222, 0.738354, 0.0, 0.0, 0.0, 0.0, 1.0],
                [0.566491, -0.288928, 0.771757, 0.0, -0.029999, 0.928669, 0.369693, 0.4, -0.823521, -0.232579, 0.517416, -0.0, 0.0, 0.0, 0.0, 1.0]
            ]
        },
        {
            "name": "Shoulder_R",
            "time": [0.0, 0.1, 0.2, 0.3, 0.4, 0.5, 0.6, 0.7, 0.75, 0.8, 0.9, 1.1, 1.3333],
            "transform": [
                [0.867352, 0.440996, 0.230703, 0.0, -0.162249, -0.187675, 0.968738, 0.4, 0.470507, -0.877668, -0.091229, -0.0, 0.0, 0.0, 0.0, 1.0],
                [0.875328, 0.400625, 0.270741, 0.0, -0.183573, -0.242663, 0.952584, 0.4, 0.447328, -0.883524, -0.138865, -0.0, 0.0, 0.0, 0.0, 1.0],
                [0.887712, 0.16259, 0.430734, -0.0, -0.307322, -0.487359, 0.817334, 0.4, 0.342812, -0.857931, -0.382668, 0.0, 0.0, 0.0, 0.0, 1.0],
                [-0.77633, 0.626289, 0.07123, 0.0, -0.59358, -0.764409, 0.251678, 0.4, 0.212072, 0.153105, 0.965186, 0.0, 0.0, 0.0, 0.0, 1.0],
                [-0.786082, 0.616031, 0.050803, 0.0, -0.587849, -0.77046, 0.246627, 0.4, 0.191071, 0.164005, 0.967778, 0.0, 0.0, 0.0, 0.0, 1.0],
                [-0.786082, 0.511588, 0.346919, 0.0, -0.587849, -0.792227, -0.163739, 0.4, 0.191072, -0.332649, 0.923491, 0.0, 0.0, 0.0, 0.0, 1.0],
                [-0.656199, 0.7522, -0.059986, -0.0, -0.745316, -0.658508, -0.104268, 0.4, -0.117932, -0.023712, 0.992739, 0.0, 0.0, 0.0, 0.0, 1.0],
                [-0.643626, 0.763849, -0.047752, -0.0, -0.747337, -0.640716, -0.175983, 0.4, -0.16502, -0.077581, 0.983234, 0.0, 0.0, 0.0, 0.0, 1.0],
                [-0.643627, 0.763849, -0.047752, -0.0, -0.747337, -0.640717, -0.175984, 0.4, -0.16502, -0.077581, 0.983234, -0.0, 0.0, 0.0, 0.0, 1.0],
                [-0.643627, 0.763849, -0.047752, 0.0, -0.747337, -0.640716, -0.175984, 0.4, -0.16502, -0.077581, 0.983234, 0.0, 0.0, 0.0, 0.0, 1.0],
                [-0.643627, 0.76392, 0.04659, 0.0, -0.747337, -0.614196, -0.253476, 0.4, -0.16502, -0.197963, 0.966219, -0.0, 0.0, 0.0, 0.0, 1.0],
                [-0.643627, 0.76348, 0.053315, -0.0, -0.747337, -0.611941, -0.258875, 0.4, -0.16502, -0.206463, 0.964439, 0.0, 0.0, 0.0, 0.0, 1.0],
                [0.267339, 0.903376, 0.335335, 0.0, -0.051205, -0.334194, 0.941111, 0.4, 0.962242, -0.268768, -0.043085, -0.0, 0.0, 0.0, 0.0, 1.0]
            ]
        },
        {
            "name": "Arm_R",
            "time": [0.0, 0.1, 0.2, 0.3, 0.4, 0.5, 0.6, 0.7, 0.75, 0.8, 0.9, 1.1, 1.3333],
            "transform": [
                [-0.311325, -0.843058, 0.438554, 0.0, -0.830572, 0.01715, -0.556647, 0.393861, 0.461765, -0.537548, -0.70556, -0.0, 0.0, 0.0, 0.0, 1.0],
                [-0.344344, -0.82765, 0.443196, 0.0, -0.811728, 0.025269, -0.583489, 0.39386, 0.471725, -0.560675, -0.680528, 0.0, 0.0, 0.0, 0.0, 1.0],
                [-0.505083, -0.738856, 0.446077, 0.0, -0.702613, 0.051845, -0.709682, 0.39386, 0.501226, -0.671867, -0.545315, -0.0, 0.0, 0.0, 0.0, 1.0],
                [-0.295588, -0.305967, -0.904993, -0.0, -0.656545, 0.753215, -0.040212, 0.39386, 0.693958, 0.582282, -0.423522, 0.0, 0.0, 0.0, 0.0, 1.0],
                [-0.269167, -0.171313, -0.947735, -0.0, -0.668246, 0.741853, 0.055691, 0.393861, 0.693539, 0.64831, -0.314161, 0.0, 0.0, 0.0, 0.0, 1.0],
                [0.541275, -0.779537, -0.315187, 0.0, -0.076763, 0.327469, -0.941739, 0.39386, 0.837335, 0.533934, 0.117411, -0.0, 0.0, 0.0, 0.0, 1.0],
                [-0.08585, -0.739871, -0.667249, -0.0, -0.589697, 0.577546, -0.564533, 0.393861, 0.803049, 0.345009, -0.485882, -0.0, 0.0, 0.0, 0.0, 1.0],
                [-0.412501, 0.567413, -0.712661, 0.0, 0.889124, 0.080525, -0.450528, 0.39386, -0.198248, -0.819486, -0.537718, -0.0, 0.0, 0.0, 0.0, 1.0],
                [-0.277096, 0.349123, -0.895171, 0.0, 0.943733, -0.076142, -0.321824, 0.393861, -0.180516, -0.933978, -0.308381, 0.0, 0.0, 0.0, 0.0, 1.0],
                [-0.259391, 0.318149, -0.911865, -0.0, 0.948668, -0.092977, -0.3023, 0.39386, -0.180959, -0.94347, -0.277701, -0.0, 0.0, 0.0, 0.0, 1.0],
                [-0.392445, 0.354731, -0.848618, 0.0, 0.919698, 0.13935, -0.367066, 0.393861, -0.011955, -0.924526, -0.380933, -0.0, 0.0, 0.0, 0.0, 1.0],
                [-0.402018, 0.356, -0.843591, -0.0, 0.915632, 0.155929, -0.370546, 0.39386, -0.000374, -0.921385, -0.388652, -0.0, 0.0, 0.0, 0.0, 1.0],
                [0.005175, 0.212465, -0.977164, 0.0, 0.667456, 0.726921, 0.16159, 0.393861, 0.744657, -0.653036, -0.138047, -0.0, 0.0, 0.0, 0.0, 1.0]
            ]
        },
        {
            "name": "Hand_R",
            "time": [0.0, 0.1, 0.2, 0.3, 0.4, 0.5, 0.6, 0.7, 0.75, 0.8, 0.9, 1.1, 1.3333],
            "transform": [
                [0.9943, 0.038894, -0.099268, -0.0, -0.077878, 0.900848, -0.427092, 0.300003, 0.072814, 0.432388, 0.898743, 0.0, 0.0, 0.0, 0.0, 1.0],
                [0.9943, 0.038894, -0.099268, 0.0, -0.077878, 0.900848, -0.427092, 0.300003, 0.072814, 0.432388, 0.898743, 0.0, 0.0, 0.0, 0.0, 1.0],
                [0.9943, 0.038894, -0.099268, -0.0, -0.077878, 0.900848, -0.427092, 0.300003, 0.072814, 0.432388, 0.898743, 0.0, 0.0, 0.0, 0.0, 1.0],
                [0.994699, 0.08304, -0.060651, -0.0, -0.090576, 0.986771, -0.13446, 0.300003, 0.048683, 0.139241, 0.989061, 0.0, 0.0, 0.0, 0.0, 1.0],
                [0.994573, 0.090895, -0.050612, -0.0, -0.094255, 0.993186, -0.068532, 0.300002, 0.044038, 0.07293, 0.996364, -0.0, 0.0, 0.0, 0.0, 1.0],
                [-0.001413, 0.099832, 0.995003, 0.0, 0.020627, 0.994796, -0.099782, 0.300003, -0.999786, 0.020383, -0.003465, 0.0, 0.0, 0.0, 0.0, 1.0],
                [-0.01819, 0.455958, 0.889816, 0.0, 0.025846, 0.88988, -0.455463, 0.300003, -0.999501, 0.014713, -0.027972, 0.0, 0.0, 0.0, 0.0, 1.0],
                [-0.036594, 0.146405, 0.988548, -0.0, 0.03899, 0.988666, -0.14498, 0.300003, -0.998569, 0.033238, -0.041888, 0.0, 0.0, 0.0, 0.0, 1.0],
                [-0.036594, 0.364072, 0.930652, 0.0, 0.03899, 0.931086, -0.362709, 0.300003, -0.998569, 0.023013, -0.048267, -0.0, 0.0, 0.0, 0.0, 1.0],
                [-0.036594, 0.364072, 0.930652, -0.0, 0.03899, 0.931086, -0.362709, 0.300003, -0.998569, 0.023013, -0.048267, -0.0, 0.0, 0.0, 0.0, 1.0],
                [-0.036594, 0.275191, 0.960693, 0.0, 0.03899, 0.960998, -0.273794, 0.300003, -0.998569, 0.027438, -0.045897, -0.0, 0.0, 0.0, 0.0, 1.0],
                [-0.036594, 0.268743, 0.962517, 0.0, 0.03899, 0.962812, -0.267343, 0.300003, -0.998569, 0.027745, -0.045712, 0.0, 0.0, 0.0, 0.0, 1.0],
                [0.996946, 0.075916, -0.017781, 0.0, -0.076812, 0.917123, -0.391135, 0.300003, -0.013386, 0.391309, 0.920166, 0.0, 0.0, 0.0, 0.0, 1.0]
            ]
        },
        {
            "name": "Tool_R",
            "time": [0.0, 0.1, 0.2, 0.3, 0.4, 0.5, 0.6, 0.7, 0.75, 0.8, 0.9, 1.1, 1.3333],
            "transform": [
                [0.978115, 0.04431, -0.203293, 0.001599, -0.0615, -0.871834, -0.485925, 0.256323, -0.198769, 0.487793, -0.850029, -0.008111, 0.0, 0.0, 0.0, 1.0],
                [0.984672, 0.043493, -0.168905, 0.001599, -0.057752, -0.832479, -0.551039, 0.256323, -0.164576, 0.552347, -0.817207, -0.008111, 0.0, 0.0, 0.0, 1.0],
                [1.0, -0.0, -0.0, 0.001599, -0.0, -0.570432, -0.821345, 0.256323, 0.0, 0.821345, -0.570432, -0.00811, 0.0, 0.0, 0.0, 1.0],
                [1.0, -0.0, -0.0, 0.001599, -0.0, -0.570432, -0.821345, 0.256323, 0.0, 0.821345, -0.570432, -0.008111, 0.0, 0.0, 0.0, 1.0],
                [0.99972, 0.007501, -0.022441, 0.001599, -0.018671, -0.332525, -0.94291, 0.256324, -0.014535, 0.943065, -0.332292, -0.008111, 0.0, 0.0, 0.0, 1.0],
                [1.0, -0.0, -0.0, 0.001599, 0.0, -0.570432, -0.821345, 0.256323, 0.0, 0.821345, -0.570432, -0.008111, 0.0, 0.0, 0.0, 1.0],
                [0.999996, -0.000459, 0.00268, 0.001599, 0.0006, -0.924134, -0.382067, 0.256323, 0.002652, 0.382067, -0.924131, -0.008111, 0.0, 0.0, 0.0, 1.0],
                [0.999994, 0.000147, 0.003584, 0.001599, 4.4e-05, -0.999586, 0.028767, 0.256323, 0.003587, -0.028767, -0.99958, -0.008111, 0.0, 0.0, 0.0, 1.0],
                [0.999994, 0.000147, 0.003584, 0.001599, 4.4e-05, -0.999586, 0.028767, 0.256323, 0.003587, -0.028767, -0.99958, -0.008111, 0.0, 0.0, 0.0, 1.0],
                [0.999994, 0.000147, 0.003584, 0.001599, 4.4e-05, -0.999586, 0.028767, 0.256323, 0.003587, -0.028767, -0.99958, -0.008111, 0.0, 0.0, 0.0, 1.0],
                [0.999984, 3.5e-05, 0.005689, 0.001599, 1.7e-05, -0.999995, 0.003185, 0.256323, 0.005689, -0.003185, -0.999979, -0.008111, 0.0, 0.0, 0.0, 1.0],
                [0.999983, 2.5e-05, 0.005839, 0.001599, 1.7e-05, -0.999999, 0.001358, 0.256323, 0.005839, -0.001358, -0.999982, -0.008111, 0.0, 0.0, 0.0, 1.0],
                [0.999001, -0.00645, -0.044228, 0.001599, -0.032855, -0.776858, -0.628818, 0.256323, -0.030303, 0.629643, -0.776293, -0.008111, 0.0, 0.0, 0.0, 1.0]
            ]
        },
        {
            "name": "Elbow_R",
            "time": [0.0, 0.1, 0.2, 0.3, 0.4, 0.5, 0.6, 0.7, 0.75, 0.8, 0.9, 1.1, 1.3333],
            "transform": [
                [-1.0, 1e-06, 0.0, -1e-06, -0.0, -0.0, -0.999999, 0.299996, -1e-06, -0.999995, -0.0, -1e-06, 0.0, 0.0, 0.0, 1.0],
                [-1.0, 1e-06, 0.0, -1e-06, -0.0, -0.0, -0.999999, 0.299996, -1e-06, -0.999995, -0.0, -1e-06, 0.0, 0.0, 0.0, 1.0],
                [-0.999999, 1e-06, -0.0, -1e-06, -0.0, -0.0, -0.999999, 0.299996, -1e-06, -0.999995, -0.0, -2e-06, 0.0, 0.0, 0.0, 1.0],
                [-1.0, 1e-06, -0.0, -1e-06, -0.0, -0.0, -0.999999, 0.299996, -1e-06, -0.999995, -0.0, -1e-06, 0.0, 0.0, 0.0, 1.0],
                [-0.999999, 1e-06, -0.0, -1e-06, 0.0, -0.0, -0.999999, 0.299996, -1e-06, -0.999995, -0.0, -1e-06, 0.0, 0.0, 0.0, 1.0],
                [-1.0, 1e-06, 0.0, -2e-06, -0.0, -0.0, -0.999999, 0.299996, -1e-06, -0.999995, -0.0, -1e-06, 0.0, 0.0, 0.0, 1.0],
                [-0.999999, 1e-06, 0.0, -1e-06, 0.0, -0.0, -0.999999, 0.299996, -1e-06, -0.999995, -0.0, -1e-06, 0.0, 0.0, 0.0, 1.0],
                [-1.0, 1e-06, -0.0, -1e-06, -0.0, -0.0, -1.0, 0.299996, -1e-06, -0.999995, -0.0, -1e-06, 0.0, 0.0, 0.0, 1.0],
                [-1.0, 1e-06, -0.0, -1e-06, 0.0, -0.0, -0.999999, 0.299996, -1e-06, -0.999995, -0.0, -1e-06, 0.0, 0.0, 0.0, 1.0],
                [-1.0, 1e-06, -0.0, -1e-06, 0.0, -0.0, -1.0, 0.299996, -1e-06, -0.999995, -0.0, -1e-06, 0.0, 0.0, 0.0, 1.0],
                [-1.0, 1e-06, -0.0, -1e-06, -0.0, -0.0, -0.999999, 0.299996, -1e-06, -0.999995, -0.0, -1e-06, 0.0, 0.0, 0.0, 1.0],
                [-1.0, 1e-06, 0.0, -1e-06, -0.0, -0.0, -0.999999, 0.299996, -1e-06, -0.999995, -0.0, -1e-06, 0.0, 0.0, 0.0, 1.0],
                [-1.0, 1e-06, 0.0, -1e-06, 0.0, -0.0, -0.999999, 0.299996, -1e-06, -0.999995, -0.0, -1e-06, 0.0, 0.0, 0.0, 1.0]
            ]
        },
        {
            "name": "Shoulder_L",
            "time": [0.0, 0.1, 0.2, 0.3, 0.4, 0.5, 0.6, 0.7, 0.9, 1.1, 1.3333],
            "transform": [
                [-0.163422, -0.893916, -0.417383, 0.0, 0.149168, -0.440596, 0.885226, 0.4, -0.975214, 0.082405, 0.205346, -0.0, 0.0, 0.0, 0.0, 1.0],
                [-0.265189, -0.871976, -0.411502, 0.0, 0.102025, -0.449763, 0.887302, 0.4, -0.958784, 0.193319, 0.208235, -0.0, 0.0, 0.0, 0.0, 1.0],
                [-0.706821, -0.596698, -0.379943, -0.0, -0.135175, -0.413276, 0.900517, 0.4, -0.694358, 0.687862, 0.211454, 0.0, 0.0, 0.0, 0.0, 1.0],
                [-0.706821, -0.596698, -0.379943, 0.0, -0.135175, -0.413276, 0.900517, 0.4, -0.694358, 0.687862, 0.211454, 0.0, 0.0, 0.0, 0.0, 1.0],
                [-0.70682, -0.596698, -0.379943, 0.0, -0.135175, -0.413276, 0.900517, 0.4, -0.694358, 0.687862, 0.211454, 0.0, 0.0, 0.0, 0.0, 1.0],
                [-0.70682, -0.596698, -0.379943, 0.0, -0.135175, -0.413276, 0.900517, 0.4, -0.694358, 0.687862, 0.211453, 0.0, 0.0, 0.0, 0.0, 1.0],
                [-0.515135, -0.768297, -0.379943, -0.0, -0.016119, -0.434522, 0.900517, 0.4, -0.856958, 0.470012, 0.211454, 0.0, 0.0, 0.0, 0.0, 1.0],
                [-0.283601, -0.880462, -0.379943, -0.0, 0.104184, -0.422155, 0.900517, 0.4, -0.953266, 0.215803, 0.211454, 0.0, 0.0, 0.0, 0.0, 1.0],
                [-0.042861, -0.864987, -0.499961, 0.0, 0.078435, -0.50179, 0.861426, 0.4, -0.995998, -0.002293, 0.089353, -0.0, 0.0, 0.0, 0.0, 1.0],
                [0.202193, -0.788086, -0.581411, -0.0, 0.075048, -0.579459, 0.811539, 0.4, -0.976466, -0.207722, -0.058018, 0.0, 0.0, 0.0, 0.0, 1.0],
                [-0.448788, -0.838758, -0.308348, 0.0, -0.008643, -0.340958, 0.94004, 0.4, -0.893602, 0.424542, 0.145768, -0.0, 0.0, 0.0, 0.0, 1.0]
            ]
        },
        {
            "name": "Arm_L",
            "time": [0.0, 0.1, 0.2, 0.3, 0.4, 0.5, 0.6, 0.7, 0.9, 1.1, 1.3333],
            "transform": [
                [-0.341384, -0.351002, 0.871925, 0.0, -0.807534, 0.584234, -0.080984, 0.39386, -0.480983, -0.731757, -0.482894, 0.0, 0.0, 0.0, 0.0, 1.0],
                [-0.219693, -0.52292, 0.823582, 0.0, -0.748129, 0.632125, 0.201792, 0.39386, -0.626129, -0.571814, -0.530085, -0.0, 0.0, 0.0, 0.0, 1.0],
                [-0.20504, -0.965227, -0.162163, 0.0, 0.186132, -0.201114, 0.96172, 0.39386, -0.960892, 0.167007, 0.220895, -0.0, 0.0, 0.0, 0.0, 1.0],
                [-0.205039, -0.965227, -0.162163, 0.0, 0.186132, -0.201114, 0.961721, 0.39386, -0.960892, 0.167007, 0.220896, -0.0, 0.0, 0.0, 0.0, 1.0],
                [-0.205039, -0.965227, -0.162163, 0.0, 0.186132, -0.201114, 0.961721, 0.39386, -0.960892, 0.167007, 0.220895, -0.0, 0.0, 0.0, 0.0, 1.0],
                [-0.205039, -0.965227, -0.162163, 0.0, 0.186132, -0.201113, 0.961721, 0.39386, -0.960892, 0.167007, 0.220895, -0.0, 0.0, 0.0, 0.0, 1.0],
                [-0.205039, -0.975548, 0.07915, 0.0, 0.186132, 0.040527, 0.981687, 0.393861, -0.960892, 0.216017, 0.173271, 0.0, 0.0, 0.0, 0.0, 1.0],
                [-0.205039, -0.745609, 0.634055, -0.0, 0.186132, 0.606292, 0.773152, 0.39386, -0.960892, 0.276544, 0.014469, -0.0, 0.0, 0.0, 0.0, 1.0],
                [-0.068231, 0.782842, 0.618467, -0.0, -0.138626, 0.60646, -0.782935, 0.39386, -0.987991, -0.139156, 0.067143, -0.0, 0.0, 0.0, 0.0, 1.0],
                [-0.081295, 0.816741, 0.571248, 0.0, -0.185504, 0.550732, -0.813807, 0.39386, -0.979274, -0.172127, 0.106737, 0.0, 0.0, 0.0, 0.0, 1.0],
                [-0.0056, -0.334099, 0.94252, 0.0, -0.930901, 0.345986, 0.117112, 0.39386, -0.365226, -0.876739, -0.31295, 0.0, 0.0, 0.0, 0.0, 1.0]
            ]
        },
        {
            "name": "Hand_L",
            "time": [0.0, 0.1, 0.2, 0.3, 0.4, 0.5, 0.6, 0.7, 0.75, 0.8, 0.9, 1.1, 1.3333],
            "transform": [
                [0.998205, -0.058227, 0.01401, -0.0, 0.037833, 0.431737, -0.901206, 0.300003, 0.046426, 0.900118, 0.433165, -0.0, 0.0, 0.0, 0.0, 1.0],
                [0.998205, -0.058227, 0.01401, -0.0, 0.037833, 0.431737, -0.901206, 0.300003, 0.046426, 0.900118, 0.433165, -0.0, 0.0, 0.0, 0.0, 1.0],
                [0.998205, -0.058227, 0.01401, 0.0, 0.037833, 0.431737, -0.901206, 0.300003, 0.046426, 0.900118, 0.433165, -0.0, 0.0, 0.0, 0.0, 1.0],
                [0.998205, -0.058227, 0.014011, -0.0, 0.037833, 0.431737, -0.901206, 0.300003, 0.046426, 0.900118, 0.433165, 0.0, 0.0, 0.0, 0.0, 1.0],
                [0.998205, -0.058227, 0.01401, 0.0, 0.037833, 0.431737, -0.901206, 0.300002, 0.046426, 0.900118, 0.433165, -0.0, 0.0, 0.0, 0.0, 1.0],
                [0.998205, -0.058227, 0.014011, 0.0, 0.037833, 0.431737, -0.901206, 0.300003, 0.046426, 0.900118, 0.433165, 0.0, 0.0, 0.0, 0.0, 1.0],
                [0.998205, -0.059821, -0.002842, 0.0, 0.037833, 0.666656, -0.744405, 0.300003, 0.046425, 0.742961, 0.667722, 0.0, 0.0, 0.0, 0.0, 1.0],
                [0.998205, -0.059212, 0.008981, 0.0, 0.037833, 0.507204, -0.860995, 0.300002, 0.046426, 0.859789, 0.508534, 0.0, 0.0, 0.0, 0.0, 1.0],
                [0.998205, -0.053562, -0.026792, -0.0, 0.037833, 0.910759, -0.411201, 0.300003, 0.046426, 0.409449, 0.911151, -0.0, 0.0, 0.0, 0.0, 1.0],
                [0.998205, -0.051385, -0.030761, -0.0, 0.037833, 0.939218, -0.34123, 0.300003, 0.046426, 0.339454, 0.939476, 0.0, 0.0, 0.0, 0.0, 1.0],
                [0.998205, -0.058227, 0.01401, 0.0, 0.037833, 0.431737, -0.901206, 0.300003, 0.046426, 0.900118, 0.433165, 0.0, 0.0, 0.0, 0.0, 1.0],
                [0.998205, -0.057892, -0.015335, 0.0, 0.037833, 0.808062, -0.587881, 0.300003, 0.046426, 0.586246, 0.808802, 0.0, 0.0, 0.0, 0.0, 1.0],
                [0.985933, -0.14495, -0.083244, 0.0, 0.048791, 0.725887, -0.686086, 0.300003, 0.159873, 0.672374, 0.722744, 0.0, 0.0, 0.0, 0.0, 1.0]
            ]
        },
        {
            "name": "Tool_L",
            "time": [0.0, 0.1, 0.2, 0.3, 0.4, 0.5, 0.6, 0.7, 0.75, 0.8, 0.9, 1.1, 1.3333],
            "transform": [
                [0.554036, 0.832011, -0.010509, -0.009901, 0.827007, -0.551871, -0.104529, 0.259366, -0.092752, 0.049199, -0.994794, 0.031964, 0.0, 0.0, 0.0, 1.0],
                [0.679593, 0.732972, -0.015999, -0.009901, 0.729399, -0.678003, -0.087578, 0.259366, -0.075026, 0.047826, -0.996356, 0.031963, 0.0, 0.0, 0.0, 1.0],
                [0.999749, -0.0, 0.0, -0.009901, 0.0, -0.999612, 0.000318, 0.259366, 0.0, -0.000318, -1.000325, 0.031964, 0.0, 0.0, 0.0, 1.0],
                [0.999749, -0.0, 0.0, -0.009901, 0.0, -0.999612, 0.000318, 0.259366, -0.0, -0.000318, -1.000325, 0.031964, 0.0, 0.0, 0.0, 1.0],
                [0.999749, -0.0, -0.0, -0.009902, -0.0, -0.999612, 0.000318, 0.259366, 0.0, -0.000318, -1.000326, 0.031964, 0.0, 0.0, 0.0, 1.0],
                [0.999749, -0.0, -0.0, -0.009901, -0.0, -0.999612, 0.000318, 0.259366, 0.0, -0.000318, -1.000325, 0.031964, 0.0, 0.0, 0.0, 1.0],
                [0.999749, -0.0, 0.0, -0.009901, 0.0, -0.965489, 0.259134, 0.259366, -0.0, -0.25895, -0.966178, 0.031964, 0.0, 0.0, 0.0, 1.0],
                [0.999749, 0.0, -0.0, -0.009901, 0.0, -0.997801, 0.060192, 0.259366, 0.0, -0.060149, -0.998513, 0.031964, 0.0, 0.0, 0.0, 1.0],
                [0.999749, -0.0, 0.0, -0.009901, 0.0, -0.9978, 0.060192, 0.259366, 0.0, -0.060149, -0.998513, 0.031964, 0.0, 0.0, 0.0, 1.0],
                [0.999749, 0.0, -0.0, -0.009901, -0.0, -0.9978, 0.060192, 0.259366, -0.0, -0.060149, -0.998513, 0.031964, 0.0, 0.0, 0.0, 1.0],
                [0.999749, -0.0, 0.0, -0.009901, 0.0, -0.9978, 0.060192, 0.259366, -0.0, -0.060149, -0.998513, 0.031964, 0.0, 0.0, 0.0, 1.0],
                [0.999749, 0.0, -0.0, -0.009901, 0.0, -0.9978, 0.060192, 0.259366, 0.0, -0.060149, -0.998513, 0.031964, 0.0, 0.0, 0.0, 1.0],
                [0.999749, -0.0, 1e-06, 0.0, 0.0, -0.966008, -0.25719, 0.271204, 1e-06, 0.257006, -0.966698, 0.0, 0.0, 0.0, 0.0, 1.0]
            ]
        },
        {
            "name": "Elbow_L",
            "time": [0.0, 0.1, 0.2, 0.3, 0.4, 0.5, 0.6, 0.7, 0.75, 0.8, 0.9, 1.1, 1.3333],
            "transform": [
                [-1.000001, 1e-06, 2e-06, 0.00016, -2e-06, -0.0, -1.0, 0.303661, -1e-06, -1.0, 0.0, 5.4e-05, 0.0, 0.0, 0.0, 1.0],
                [-1.000001, 1e-06, 2e-06, 0.00016, -2e-06, -0.0, -1.0, 0.303661, -1e-06, -1.0, -0.0, 5.4e-05, 0.0, 0.0, 0.0, 1.0],
                [-1.000001, 1e-06, 2e-06, 0.00016, -2e-06, 0.0, -1.0, 0.30366, -1e-06, -1.0, 0.0, 5.4e-05, 0.0, 0.0, 0.0, 1.0],
                [-1.000001, 1e-06, 2e-06, 0.00016, -2e-06, -0.0, -1.0, 0.303661, -1e-06, -1.0, -0.0, 5.4e-05, 0.0, 0.0, 0.0, 1.0],
                [-1.000001, 1e-06, 2e-06, 0.00016, -2e-06, 0.0, -1.0, 0.30366, -1e-06, -1.0, 0.0, 5.4e-05, 0.0, 0.0, 0.0, 1.0],
                [-1.000001, 1e-06, 2e-06, 0.00016, -2e-06, 0.0, -1.0, 0.303661, -1e-06, -1.0, 0.0, 5.4e-05, 0.0, 0.0, 0.0, 1.0],
                [-1.000001, 1e-06, 2e-06, 0.00016, -2e-06, 0.0, -1.0, 0.303661, -1e-06, -1.0, 0.0, 5.4e-05, 0.0, 0.0, 0.0, 1.0],
                [-1.000001, 1e-06, 2e-06, 0.00016, -2e-06, 0.0, -1.0, 0.303661, -1e-06, -1.0, -0.0, 5.4e-05, 0.0, 0.0, 0.0, 1.0],
                [-1.000001, 1e-06, 2e-06, 0.00016, -2e-06, 0.0, -1.0, 0.303661, -1e-06, -1.0, 0.0, 5.4e-05, 0.0, 0.0, 0.0, 1.0],
